1.546673930349201913e-08 1.544339765507603014e-08 1.537157935312926166e-08 1.552406245023070544e-08 1.554692384299030926e-08 1.564791699364167992e-08 1.553168458409368914e-08 1.545399778132785011e-08 1.522150996987787213e-08 1.558460405357981330e-08 1.534518863251845180e-08 1.513841912375301329e-08 1.545881166006273487e-08 1.515960520887655255e-08 1.550418697045069757e-08 1.561584161706620657e-08 1.504245637865766142e-08 1.547600869788084950e-08 1.553306277956962258e-08 1.535284153854082893e-08 1.523684844941990970e-08 1.533904668323623453e-08 1.542799178008391112e-08 1.524391914502806938e-08 1.541994181756660281e-08 1.549634472286035148e-08 1.545729034634183985e-08 1.527183667699634069e-08 1.523774586989532799e-08 1.511736022874640694e-08 1.543469599282142020e-08 1.533969853446543501e-08 1.549800711108542275e-08 1.530895222539527161e-08 1.537045004369048137e-08 1.516478750099901305e-08 1.566979642717964480e-08 1.549681684151623885e-08 1.557732190933449779e-08 1.556801084539171244e-08 1.544388983017761054e-08 1.561100413560584681e-08 1.555156502463565502e-08 1.523136391694594403e-08
1.544339765507603014e-08 1.542175600096163290e-08 1.534919412374151096e-08 1.550184456555948043e-08 1.552446123909960533e-08 1.562515419319857902e-08 1.550870355702657247e-08 1.543151205541504154e-08 1.519912414274923751e-08 1.556194942799880748e-08 1.532298602689710753e-08 1.511619001621737107e-08 1.543624835484432268e-08 1.513735664889754081e-08 1.548140744536826483e-08 1.559356120982148893e-08 1.502094944878444211e-08 1.545338872563849217e-08 1.551056701055185670e-08 1.533052603873627703e-08 1.521473208486075503e-08 1.531638140477449521e-08 1.540529466490310805e-08 1.522189549805263852e-08 1.539746806021025424e-08 1.547362853178972801e-08 1.543476159494702728e-08 1.524962617797729974e-08 1.521532974085114352e-08 1.509510862526580371e-08 1.541173116108363998e-08 1.531710674096566658e-08 1.547531206460920636e-08 1.528637019666650605e-08 1.534809044250546843e-08 1.514280310964718955e-08 1.564656395207181964e-08 1.547411027186693609e-08 1.555436704492966100e-08 1.554575378262921042e-08 1.542199186968097160e-08 1.558840991543017453e-08 1.552873381775930054e-08 1.520883472509051150e-08
1.537157935312926166e-08 1.534919412374151096e-08 1.527779328117835369e-08 1.542929627535564477e-08 1.545186176278173356e-08 1.555223863104125862e-08 1.543620063937993928e-08 1.535934965383028816e-08 1.512804233960411083e-08 1.548926332167174177e-08 1.525147498489300651e-08 1.504557733059509520e-08 1.536440347449712741e-08 1.506667157398352834e-08 1.540929566969319341e-08 1.552070711303131875e-08 1.495043329594603978e-08 1.538129090474215595e-08 1.543807731562142051e-08 1.525888755747782283e-08 1.514364366837869875e-08 1.524475972796303220e-08 1.533330278018395500e-08 1.515034224231326277e-08 1.532567123193620149e-08 1.540161482078975947e-08 1.536274705774081201e-08 1.517829428540830718e-08 1.514438122254059450e-08 1.502454465554910654e-08 1.533988721582719525e-08 1.524544462992932154e-08 1.540307827785449482e-08 1.521493736132221658e-08 1.527635356576553306e-08 1.507234128424816719e-08 1.557370043429596846e-08 1.540206926087992077e-08 1.548199526168415304e-08 1.547313382618216091e-08 1.534952739313879163e-08 1.551540240276694515e-08 1.545623622159412437e-08 1.513773835873971715e-08
1.552406245023070544e-08 1.550184456555948043e-08 1.542929627535564477e-08 1.558273500307202592e-08 1.560533704860564035e-08 1.570675855480190051e-08 1.558946055811622857e-08 1.551198321503362859e-08 1.527826805885475651e-08 1.564293836005336710e-08 1.540283277570902272e-08 1.519493054692898438e-08 1.551662428337470227e-08 1.521628711765636797e-08 1.556222421030918439e-08 1.567489816369079489e-08 1.509904702734249502e-08 1.553392767801035346e-08 1.559135648615674196e-08 1.541039833039611142e-08 1.529394750152609130e-08 1.539618412394383320e-08 1.548572151457687725e-08 1.530119251419109999e-08 1.547774337202132281e-08 1.555442226429342418e-08 1.551535964477831977e-08 1.532927179868431144e-08 1.529461346368078218e-08 1.517369676988878610e-08 1.549235425131585108e-08 1.539702128130502068e-08 1.555604069266385612e-08 1.536604583002830543e-08 1.542807964297969894e-08 1.522182364705075349e-08 1.572843649898184204e-08 1.555482762884245847e-08 1.563572527221069060e-08 1.562664927061380716e-08 1.550215624646854738e-08 1.566969701651110080e-08 1.560978948879495473e-08 1.528794597400496282e-08
1.554692384299030926e-08 1.552446123909960533e-08 1.545186176278173356e-08 1.560533704860564035e-08 1.562844768574155839e-08 1.572951921927334615e-08 1.561232999784039727e-08 1.553464602797393752e-08 1.530082239831317240e-08 1.566577654415041382e-08 1.542544081028733662e-08 1.521729496692590578e-08 1.553942051079903919e-08 1.523868552213494854e-08 1.558506073204041230e-08 1.569776090485309270e-08 1.512106129618697686e-08 1.555670367956243315e-08 1.561451881559690073e-08 1.543293636529304951e-08 1.531622489347503408e-08 1.541883928772334337e-08 1.550821750611583975e-08 1.532338254424075464e-08 1.550062934109440919e-08 1.557699770498825516e-08 1.553808568122043162e-08 1.535136961003648841e-08 1.531699528114774413e-08 1.519598863826995992e-08 1.551485364638691889e-08 1.541950829731096374e-08 1.557869848633879281e-08 1.538858788086736439e-08 1.545059710885185773e-08 1.524417881484213297e-08 1.575133562903362359e-08 1.557771375346915198e-08 1.565870771680789572e-08 1.564960121386812281e-08 1.552494250947982888e-08 1.569256274490357056e-08 1.563257420061862358e-08 1.531040724115637159e-08
1.564791699364167992e-08 1.562515419319857902e-08 1.555223863104125862e-08 1.570675855480190051e-08 1.572951921927334615e-08 1.583214250766180991e-08 1.571374124795221715e-08 1.563553824802893554e-08 1.539983792700054355e-08 1.576757110013262674e-08 1.552538388681064484e-08 1.531603679086597864e-08 1.564016975792794063e-08 1.533755972214814640e-08 1.568614180918730432e-08 1.579975799935944273e-08 1.521909908550365876e-08 1.565766010778060923e-08 1.571531362604834049e-08 1.553317241252241554e-08 1.541577441996508414e-08 1.551900188594677096e-08 1.560902255344138642e-08 1.542282662052166892e-08 1.560100645266384064e-08 1.567832584250312510e-08 1.563889742770062998e-08 1.545149274676412363e-08 1.541654166377041842e-08 1.529449326202503268e-08 1.561593771785030682e-08 1.551966688053010799e-08 1.567995612071950091e-08 1.548858753025680745e-08 1.555094963834684770e-08 1.534311040994593624e-08 1.585371543883100404e-08 1.567890233879266433e-08 1.576042711013801724e-08 1.575095813895780614e-08 1.562536060399411943e-08 1.579452183793252419e-08 1.573419752985141858e-08 1.540981232054875302e-08
1.553168458409368914e-08 1.550870355702657247e-08 1.543620063937993928e-08 1.558946055811622857e-08 1.561232999784039727e-08 1.571374124795221715e-08 1.559777094806742887e-08 1.551909196154728607e-08 1.528548257541809723e-08 1.565017402590083524e-08 1.540994182496358130e-08 1.520230407848426338e-08 1.552393214335880306e-08 1.522337996744686494e-08 1.556943848174227874e-08 1.568122449720605887e-08 1.510615048189030298e-08 1.554128909367925271e-08 1.559893841402706394e-08 1.541730458416814639e-08 1.530144362436705170e-08 1.540368779005490666e-08 1.549268425068179329e-08 1.530847219416270104e-08 1.548458289567388551e-08 1.556184526437399538e-08 1.552230179625323103e-08 1.533627102427411421e-08 1.530152069705898718e-08 1.518141241311620380e-08 1.550010247067023457e-08 1.540444528751802472e-08 1.556302000177800311e-08 1.537361789190533114e-08 1.543511854505338994e-08 1.522872277450865717e-08 1.573562216476197828e-08 1.556187101490964522e-08 1.564266930983641691e-08 1.563367064062187749e-08 1.550935385451332696e-08 1.567664329448452426e-08 1.561735026179773310e-08 1.529512099972087403e-08
1.545399778132785011e-08 1.543151205541504154e-08 1.535934965383028816e-08 1.551198321503362859e-08 1.553464602797393752e-08 1.563553824802893554e-08 1.551909196154728607e-08 1.544183260254034096e-08 1.520934536719364467e-08 1.557209191208469177e-08 1.533308024963333630e-08 1.512623140497730810e-08 1.544632043382541474e-08 1.514746393688421898e-08 1.549178017859824031e-08 1.560370802487337216e-08 1.503064691463105719e-08 1.546357265316501699e-08 1.552080796726276106e-08 1.534064618303245230e-08 1.522480716009365777e-08 1.532662219033793905e-08 1.541560694597422791e-08 1.523195485610915566e-08 1.540764469234558060e-08 1.548391627929233375e-08 1.544495869474851689e-08 1.525986668769220879e-08 1.522537604050007612e-08 1.510515045629578190e-08 1.542237239877197790e-08 1.532749645796864357e-08 1.548558673671575758e-08 1.529654733228931703e-08 1.535812446825046478e-08 1.515284813417080759e-08 1.565716758781168194e-08 1.548440047621767247e-08 1.556475599287464210e-08 1.555571242584440932e-08 1.543185292050006004e-08 1.559869184674280904e-08 1.553912541772918837e-08 1.521897806863681854e-08
1.522150996987787213e-08 1.519912414274923751e-08 1.512804233960411083e-08 1.527826805885475651e-08 1.530082239831317240e-08 1.539983792700054355e-08 1.528548257541809723e-08 1.520934536719364467e-08 1.498101703556357403e-08 1.533769426941005520e-08 1.510250352075960479e-08 1.489846783743290622e-08 1.521411110001874106e-08 1.491954727874982954e-08 1.525877094726061286e-08 1.536826868122353974e-08 1.480439649065565867e-08 1.523088109985474313e-08 1.528725129792209802e-08 1.510968382010981230e-08 1.499561344895198279e-08 1.509589616628713742e-08 1.518358026778189985e-08 1.500286295460850169e-08 1.517585217139496175e-08 1.525092020212507969e-08 1.521240049081859409e-08 1.502983255372307540e-08 1.499648243460138755e-08 1.487801384842157021e-08 1.519027619237544060e-08 1.509686671813800452e-08 1.525262271522686132e-08 1.506638099146045510e-08 1.512704212872469934e-08 1.492473076143015608e-08 1.542141485234069644e-08 1.525128716313579697e-08 1.533029168389963510e-08 1.532160774051992422e-08 1.519950116599538614e-08 1.536361726031411411e-08 1.530511701345712806e-08 1.499038870796785734e-08
1.558460405357981330e-08 1.556194942799880748e-08 1.548926332167174177e-08 1.564293836005336710e-08 1.566577654415041382e-08 1.576757110013262674e-08 1.565017402590083524e-08 1.557209191208469177e-08 1.533769426941005520e-08 1.570418785313156090e-08 1.546254896698295951e-08 1.525414634426360003e-08 1.557729992822490707e-08 1.527526868235597689e-08 1.562259681397003253e-08 1.573568723333609566e-08 1.515776748027300580e-08 1.559440239846882228e-08 1.565157316460995073e-08 1.547041065422056493e-08 1.535344645356675923e-08 1.545614979055111024e-08 1.554604486723192672e-08 1.536037505978835361e-08 1.553783060084695238e-08 1.561487520715744606e-08 1.557544441180585742e-08 1.538856803272766328e-08 1.535446495969628875e-08 1.523282908899209376e-08 1.555202539914443126e-08 1.545668119195295042e-08 1.561662698668811328e-08 1.542576848742820724e-08 1.548813270761468763e-08 1.528060990074041536e-08 1.578944821543520072e-08 1.561525495581973068e-08 1.569620212237665531e-08 1.568738419473619001e-08 1.556221189490866068e-08 1.573050450023118995e-08 1.567025047649338928e-08 1.534793384073666814e-08
1.534518863251845180e-08 1.532298602689710753e-08 1.525147498489300651e-08 1.540283277570902272e-08 1.542544081028733662e-08 1.552538388681064484e-08 1.540994182496358130e-08 1.533308024963333630e-08 1.510250352075960479e-08 1.546254896698295951e-08 1.522577144235383119e-08 1.501972521716409358e-08 1.533829159804549637e-08 1.504092010078407275e-08 1.538309083151249959e-08 1.549359429958100756e-08 1.492491387500012728e-08 1.535510976551039610e-08 1.541200853270822725e-08 1.523252701772048471e-08 1.511786415242697338e-08 1.521862861663854567e-08 1.530687709072748554e-08 1.512465405546870727e-08 1.529944884750311415e-08 1.537541111764614877e-08 1.533650118277774241e-08 1.515214984068911729e-08 1.511843180976618941e-08 1.499910988981727213e-08 1.531391943192103364e-08 1.521951164097927842e-08 1.537670372890479335e-08 1.518896247712717312e-08 1.525020895250285713e-08 1.504660816411173665e-08 1.554702413514758873e-08 1.537556614882742650e-08 1.545542552427124941e-08 1.544680220493624242e-08 1.532347738320229534e-08 1.548861020847096681e-08 1.542995771440216864e-08 1.511181018110660484e-08
1.513841912375301329e-08 1.511619001621737107e-08 1.504557733059509520e-08 1.519493054692898438e-08 1.521729496692590578e-08 1.531603679086597864e-08 1.520230407848426338e-08 1.512623140497730810e-08 1.489846783743290622e-08 1.525414634426360003e-08 1.501972521716409358e-08 1.481746281623852643e-08 1.513090221676179956e-08 1.483795936677872315e-08 1.517526032504407474e-08 1.528489493990284414e-08 1.472360479584305986e-08 1.514779962078626796e-08 1.520379941052739260e-08 1.502723243558863601e-08 1.491377547172136497e-08 1.501364513081521314e-08 1.510067854729798140e-08 1.492057243966795028e-08 1.509282250250417967e-08 1.516762245004027392e-08 1.512946004742105062e-08 1.494797151291570240e-08 1.491440519155202479e-08 1.479670505541905163e-08 1.510711351734959950e-08 1.501422656559612970e-08 1.516915472485083797e-08 1.498421351896454882e-08 1.504440649582211037e-08 1.484318630456216822e-08 1.533727667947594913e-08 1.516807321305859849e-08 1.524685946273673501e-08 1.523800681403511695e-08 1.511668503014327330e-08 1.528005127640382598e-08 1.522172504403900708e-08 1.490805370086646421e-08
1.545881166006273487e-08 1.543624835484432268e-08 1.536440347449712741e-08 1.551662428337470227e-08 1.553942051079903919e-08 1.564016975792794063e-08 1.552393214335880306e-08 1.544632043382541474e-08 1.521411110001874106e-08 1.557729992822490707e-08 1.533829159804549637e-08 1.513090221676179956e-08 1.545228153805732306e-08 1.515213679789411021e-08 1.549684350436850077e-08 1.560826514169009147e-08 1.503546692016541288e-08 1.546883970407875276e-08 1.552567679448251910e-08 1.534538925294299804e-08 1.522965337188741662e-08 1.533132967929738416e-08 1.542034966106553078e-08 1.523640326043154682e-08 1.541267385383261220e-08 1.548934109723222237e-08 1.545002626268833713e-08 1.526399864592372736e-08 1.523071416844310670e-08 1.511017977539533604e-08 1.542669968726171138e-08 1.533189490771263781e-08 1.549070054029889779e-08 1.530140708963675528e-08 1.536331725848549934e-08 1.515770538016987133e-08 1.566215726880196046e-08 1.548940623234383170e-08 1.556978108535010311e-08 1.556127690684363258e-08 1.543675167498686208e-08 1.560319165008436237e-08 1.554396387180843419e-08 1.522399422535963639e-08
1.515960520887655255e-08 1.513735664889754081e-08 1.506667157398352834e-08 1.521628711765636797e-08 1.523868552213494854e-08 1.533755972214814640e-08 1.522337996744686494e-08 1.514746393688421898e-08 1.491954727874982954e-08 1.527526868235597689e-08 1.504092010078407275e-08 1.483795936677872315e-08 1.515213679789411021e-08 1.485908237123340524e-08 1.519661679234567821e-08 1.530622765229568642e-08 1.474428231829596480e-08 1.516892004798645730e-08 1.522508690916493810e-08 1.504836157470010486e-08 1.493452983620646971e-08 1.503469640967811024e-08 1.512184914553819976e-08 1.494181523944649943e-08 1.511417949692729354e-08 1.518889907810419549e-08 1.515081697852478231e-08 1.496889563430275620e-08 1.493540848762505436e-08 1.481744173805490047e-08 1.512848938421948705e-08 1.503539268055064097e-08 1.519057636982420390e-08 1.500525470983898035e-08 1.506564309027342249e-08 1.486424832514930787e-08 1.535887371584595475e-08 1.518950303785098355e-08 1.526835528515179755e-08 1.525942759262618297e-08 1.513777980739179075e-08 1.530132182051592133e-08 1.524303747736331906e-08 1.492909325780594296e-08
1.550418697045069757e-08 1.548140744536826483e-08 1.540929566969319341e-08 1.556222421030918439e-08 1.558506073204041230e-08 1.568614180918730432e-08 1.556943848174227874e-08 1.549178017859824031e-08 1.525877094726061286e-08 1.562259681397003253e-08 1.538309083151249959e-08 1.517526032504407474e-08 1.549684350436850077e-08 1.519661679234567821e-08 1.554226767567416214e-08 1.565402326275761061e-08 1.507929312984953505e-08 1.551394242195052861e-08 1.557135451755049267e-08 1.539026043201156657e-08 1.527419447031480635e-08 1.537622993900416357e-08 1.546548340122554592e-08 1.528120237927321758e-08 1.545775225578807370e-08 1.553445910348100211e-08 1.549521072251829822e-08 1.530907689177501031e-08 1.527492000617632315e-08 1.515427245579425749e-08 1.547248233305985580e-08 1.537707414279931233e-08 1.553585270967777029e-08 1.534625919838465901e-08 1.540803528377720254e-08 1.520224386071041254e-08 1.570801817728550452e-08 1.553472678408060677e-08 1.561546369535097210e-08 1.560643794935506785e-08 1.548190337777366181e-08 1.564904463627867361e-08 1.558961549404221922e-08 1.526829575142595576e-08
1.561584161706620657e-08 1.559356120982148893e-08 1.552070711303131875e-08 1.567489816369079489e-08 1.569776090485309270e-08 1.579975799935944273e-08 1.568122449720605887e-08 1.560370802487337216e-08 1.536826868122353974e-08 1.573568723333609566e-08 1.549359429958100756e-08 1.528489493990284414e-08 1.560826514169009147e-08 1.530622765229568642e-08 1.565402326275761061e-08 1.576850645109682771e-08 1.518829287895778830e-08 1.562560577565541333e-08 1.568318064165666365e-08 1.550188008200662330e-08 1.538416896174885725e-08 1.548734029663983942e-08 1.557749808490757298e-08 1.539120922190806298e-08 1.556946283680309247e-08 1.564597789485875272e-08 1.560710868703509398e-08 1.541995613351957461e-08 1.538519355227639090e-08 1.526308523172276671e-08 1.558314373653238125e-08 1.548783469747121427e-08 1.564808610945276019e-08 1.545661798601166251e-08 1.551923937128352018e-08 1.531170465279839937e-08 1.582146311576010371e-08 1.564702206220247807e-08 1.572826171210097671e-08 1.571900506399205367e-08 1.559371884617689802e-08 1.576273044464002633e-08 1.570174622305058461e-08 1.537850211663783478e-08
1.504245637865766142e-08 1.502094944878444211e-08 1.495043329594603978e-08 1.509904702734249502e-08 1.512106129618697686e-08 1.521909908550365876e-08 1.510615048189030298e-08 1.503064691463105719e-08 1.480439649065565867e-08 1.515776748027300580e-08 1.492491387500012728e-08 1.472360479584305986e-08 1.503546692016541288e-08 1.474428231829596480e-08 1.507929312984953505e-08 1.518829287895778830e-08 1.463119050713513916e-08 1.505200412979299528e-08 1.510759006512709643e-08 1.493244698453608793e-08 1.481956896900416233e-08 1.491875206568528398e-08 1.500552555912420480e-08 1.482702008622146640e-08 1.499736875432760000e-08 1.507191435515713948e-08 1.503399946816560902e-08 1.485356845708420880e-08 1.482030186701852886e-08 1.470344051069249973e-08 1.501144995479616016e-08 1.491948535529533680e-08 1.507358057870936216e-08 1.488942904429645117e-08 1.494968504668938286e-08 1.474921709819889525e-08 1.524054310408975190e-08 1.507205628705173554e-08 1.515022667208578551e-08 1.514195505469907138e-08 1.502143765581343595e-08 1.518346739405052112e-08 1.512548559161563186e-08 1.481405299086351702e-08
1.547600869788084950e-08 1.545338872563849217e-08 1.538129090474215595e-08 1.553392767801035346e-08 1.555670367956243315e-08 1.565766010778060923e-08 1.554128909367925271e-08 1.546357265316501699e-08 1.523088109985474313e-08 1.559440239846882228e-08 1.535510976551039610e-08 1.514779962078626796e-08 1.546883970407875276e-08 1.516892004798645730e-08 1.551394242195052861e-08 1.562560577565541333e-08 1.505200412979299528e-08 1.548591743977856043e-08 1.554303503498674570e-08 1.536228786078496160e-08 1.524648673951653971e-08 1.534836307399015379e-08 1.543740344101258827e-08 1.525333545495826243e-08 1.542958062334079871e-08 1.550629392264177242e-08 1.546711265610409245e-08 1.528118384719103644e-08 1.524725408109947299e-08 1.512680572889640293e-08 1.544413706677981272e-08 1.534902534367570259e-08 1.550765453836982788e-08 1.531845570766220041e-08 1.538017529606125118e-08 1.517441696463025795e-08 1.567946957484952231e-08 1.550644290596389008e-08 1.558710702452496241e-08 1.557826968146196650e-08 1.545393865239308818e-08 1.562066129622341521e-08 1.556138185055706277e-08 1.524054014440882033e-08
1.553306277956962258e-08 1.551056701055185670e-08 1.543807731562142051e-08 1.559135648615674196e-08 1.561451881559690073e-08 1.571531362604834049e-08 1.559893841402706394e-08 1.552080796726276106e-08 1.528725129792209802e-08 1.565157316460995073e-08 1.541200853270822725e-08 1.520379941052739260e-08 1.552567679448251910e-08 1.522508690916493810e-08 1.557135451755049267e-08 1.568318064165666365e-08 1.510759006512709643e-08 1.554303503498674570e-08 1.560132588733308371e-08 1.541883269199854155e-08 1.530291325644748353e-08 1.540492298874990021e-08 1.549396229072666926e-08 1.530981168827720692e-08 1.548666104005418574e-08 1.556343034447316875e-08 1.552420394256048505e-08 1.533757476841673366e-08 1.530291272466256044e-08 1.518274705290410603e-08 1.550162517791252576e-08 1.540584620343477126e-08 1.556449929520890532e-08 1.537505270189751489e-08 1.543665439032750929e-08 1.523092791195249619e-08 1.573713068268436440e-08 1.556370759698212322e-08 1.564465732179869440e-08 1.563583429349970403e-08 1.551134640305844437e-08 1.567823732109940315e-08 1.561897924314938937e-08 1.529623191364863190e-08
1.535284153854082893e-08 1.533052603873627703e-08 1.525888755747782283e-08 1.541039833039611142e-08 1.543293636529304951e-08 1.553317241252241554e-08 1.541730458416814639e-08 1.534064618303245230e-08 1.510968382010981230e-08 1.547041065422056493e-08 1.523252701772048471e-08 1.502723243558863601e-08 1.534538925294299804e-08 1.504836157470010486e-08 1.539026043201156657e-08 1.550188008200662330e-08 1.493244698453608793e-08 1.536228786078496160e-08 1.541883269199854155e-08 1.524051066781325605e-08 1.512499424350052803e-08 1.522640358559504645e-08 1.531498336191257440e-08 1.513226595195805630e-08 1.530687136245449837e-08 1.538249526655892327e-08 1.534391877887214506e-08 1.515990439837259566e-08 1.512605291079634604e-08 1.500626069388488623e-08 1.532089587151144665e-08 1.522702837796198984e-08 1.538443275296262226e-08 1.519638016960418098e-08 1.525780500819237437e-08 1.505351612627699682e-08 1.555476322147688428e-08 1.538315073932266042e-08 1.546284822820510739e-08 1.545396687904921410e-08 1.533077492458301650e-08 1.549669990389142986e-08 1.543717637504519293e-08 1.511973094222300521e-08
1.523684844941990970e-08 1.521473208486075503e-08 1.514364366837869875e-08 1.529394750152609130e-08 1.531622489347503408e-08 1.541577441996508414e-08 1.530144362436705170e-08 1.522480716009365777e-08 1.499561344895198279e-08 1.535344645356675923e-08 1.511786415242697338e-08 1.491377547172136497e-08 1.522965337188741662e-08 1.493452983620646971e-08 1.527419447031480635e-08 1.538416896174885725e-08 1.481956896900416233e-08 1.524648673951653971e-08 1.530291325644748353e-08 1.512499424350052803e-08 1.501129382586523521e-08 1.511122556079973994e-08 1.519879640437550479e-08 1.501790424702620559e-08 1.519104788202902860e-08 1.526670374483007917e-08 1.522783100961386845e-08 1.504541104755056888e-08 1.501141974684889700e-08 1.489319946333138006e-08 1.520585241069281149e-08 1.511210827275009614e-08 1.526793627127369089e-08 1.508169831337267205e-08 1.514230207094415226e-08 1.494010999259552792e-08 1.543704838496948645e-08 1.526681310357113587e-08 1.534586156663914030e-08 1.533732054983587320e-08 1.521510009638183398e-08 1.537930296949839212e-08 1.532091599695549727e-08 1.500507387407188450e-08
1.533904668323623453e-08 1.531638140477449521e-08 1.524475972796303220e-08 1.539618412394383320e-08 1.541883928772334337e-08 1.551900188594677096e-08 1.540368779005490666e-08 1.532662219033793905e-08 1.509589616628713742e-08 1.545614979055111024e-08 1.521862861663854567e-08 1.501364513081521314e-08 1.533132967929738416e-08 1.503469640967811024e-08 1.537622993900416357e-08 1.548734029663983942e-08 1.491875206568528398e-08 1.534836307399015379e-08 1.540492298874990021e-08 1.522640358559504645e-08 1.511122556079973994e-08 1.521285263085333521e-08 1.530091140575071914e-08 1.511849048113905050e-08 1.529283406441574065e-08 1.536848573469124684e-08 1.532997341706791282e-08 1.514606619681095407e-08 1.511217349708900979e-08 1.499282210758567488e-08 1.530726003515923536e-08 1.521332649108796782e-08 1.537031929852529466e-08 1.518276590964572750e-08 1.524387051626031361e-08 1.503962389371013705e-08 1.554070243631220096e-08 1.536906708514980850e-08 1.544894632407205365e-08 1.543969715572744144e-08 1.531684053912701069e-08 1.548253778569066741e-08 1.542336444673108784e-08 1.510588295404296566e-08
1.542799178008391112e-08 1.540529466490310805e-08 1.533330278018395500e-08 1.548572151457687725e-08 1.550821750611583975e-08 1.560902255344138642e-08 1.549268425068179329e-08 1.541560694597422791e-08 1.518358026778189985e-08 1.554604486723192672e-08 1.530687709072748554e-08 1.510067854729798140e-08 1.542034966106553078e-08 1.512184914553819976e-08 1.546548340122554592e-08 1.557749808490757298e-08 1.500552555912420480e-08 1.543740344101258827e-08 1.549396229072666926e-08 1.531498336191257440e-08 1.519879640437550479e-08 1.530091140575071914e-08 1.539022822160622639e-08 1.520650176233141429e-08 1.538152162491996216e-08 1.545776838873389681e-08 1.541904900625394835e-08 1.523408756277046419e-08 1.520014361668006718e-08 1.507972968120215008e-08 1.539579906754018025e-08 1.530159981305599888e-08 1.545981492070942586e-08 1.527071344304454300e-08 1.533253930260925796e-08 1.512670147761781896e-08 1.563114673004400213e-08 1.545812905398493015e-08 1.553846768424411691e-08 1.552936246982187148e-08 1.540568830239751420e-08 1.557254671665717685e-08 1.551272248744949022e-08 1.519377680158633911e-08
1.524391914502806938e-08 1.522189549805263852e-08 1.515034224231326277e-08 1.530119251419109999e-08 1.532338254424075464e-08 1.542282662052166892e-08 1.530847219416270104e-08 1.523195485610915566e-08 1.500286295460850169e-08 1.536037505978835361e-08 1.512465405546870727e-08 1.492057243966795028e-08 1.523640326043154682e-08 1.494181523944649943e-08 1.528120237927321758e-08 1.539120922190806298e-08 1.482702008622146640e-08 1.525333545495826243e-08 1.530981168827720692e-08 1.513226595195805630e-08 1.501790424702620559e-08 1.511849048113905050e-08 1.520650176233141429e-08 1.502602735983072358e-08 1.519802048888820465e-08 1.527366309872032360e-08 1.523519205253566884e-08 1.505260842454776599e-08 1.501856330936167790e-08 1.490035139010607343e-08 1.521300926669492586e-08 1.511954552909368727e-08 1.527536682654440512e-08 1.508890073304276529e-08 1.514976927498983113e-08 1.494667153264085893e-08 1.544464476810635040e-08 1.527370255258211241e-08 1.535295028898564771e-08 1.534430321355384964e-08 1.522237719035397892e-08 1.538665469501186418e-08 1.532804360984951485e-08 1.501243591258589118e-08
1.541994181756660281e-08 1.539746806021025424e-08 1.532567123193620149e-08 1.547774337202132281e-08 1.550062934109440919e-08 1.560100645266384064e-08 1.548458289567388551e-08 1.540764469234558060e-08 1.517585217139496175e-08 1.553783060084695238e-08 1.529944884750311415e-08 1.509282250250417967e-08 1.541267385383261220e-08 1.511417949692729354e-08 1.545775225578807370e-08 1.556946283680309247e-08 1.499736875432760000e-08 1.542958062334079871e-08 1.548666104005418574e-08 1.530687136245449837e-08 1.519104788202902860e-08 1.529283406441574065e-08 1.538152162491996216e-08 1.519802048888820465e-08 1.537408525649999925e-08 1.544978496946918413e-08 1.541108334643639418e-08 1.522583296688136565e-08 1.519207081397079009e-08 1.507176959546857580e-08 1.538797745515382703e-08 1.529344419411318985e-08 1.545154376725247722e-08 1.526278327919672639e-08 1.532437800585609810e-08 1.511966557802555826e-08 1.562266201930471975e-08 1.545054859928816366e-08 1.553077464178983905e-08 1.552171305586021098e-08 1.539781648530868606e-08 1.556422609485349453e-08 1.550470583405752826e-08 1.518555421249197702e-08
1.549634472286035148e-08 1.547362853178972801e-08 1.540161482078975947e-08 1.555442226429342418e-08 1.557699770498825516e-08 1.567832584250312510e-08 1.556184526437399538e-08 1.548391627929233375e-08 1.525092020212507969e-08 1.561487520715744606e-08 1.537541111764614877e-08 1.516762245004027392e-08 1.548934109723222237e-08 1.518889907810419549e-08 1.553445910348100211e-08 1.564597789485875272e-08 1.507191435515713948e-08 1.550629392264177242e-08 1.556343034447316875e-08 1.538249526655892327e-08 1.526670374483007917e-08 1.536848573469124684e-08 1.545776838873389681e-08 1.527366309872032360e-08 1.544978496946918413e-08 1.552704616325624892e-08 1.548750131148809706e-08 1.530143707827539612e-08 1.526733097601885609e-08 1.514684497977113943e-08 1.546480808974863475e-08 1.536932748703067192e-08 1.552814393270768395e-08 1.533865868849466013e-08 1.540049112192812953e-08 1.519454649464631579e-08 1.570026092106875384e-08 1.552685391773189567e-08 1.560757619110813972e-08 1.559875740781681544e-08 1.547417551416022514e-08 1.564108648891011560e-08 1.558194640528528007e-08 1.526056935161857177e-08
1.545729034634183985e-08 1.543476159494702728e-08 1.536274705774081201e-08 1.551535964477831977e-08 1.553808568122043162e-08 1.563889742770062998e-08 1.552230179625323103e-08 1.544495869474851689e-08 1.521240049081859409e-08 1.557544441180585742e-08 1.533650118277774241e-08 1.512946004742105062e-08 1.545002626268833713e-08 1.515081697852478231e-08 1.549521072251829822e-08 1.560710868703509398e-08 1.503399946816560902e-08 1.546711265610409245e-08 1.552420394256048505e-08 1.534391877887214506e-08 1.522783100961386845e-08 1.532997341706791282e-08 1.541904900625394835e-08 1.523519205253566884e-08 1.541108334643639418e-08 1.548750131148809706e-08 1.544876863668673461e-08 1.526289713388011124e-08 1.522891871048730928e-08 1.510849911559954834e-08 1.542541607286780038e-08 1.533060101394140987e-08 1.548910202058721521e-08 1.529995920591498154e-08 1.536178965565993252e-08 1.515610057499003122e-08 1.566090177609964741e-08 1.548782810639041947e-08 1.556860039578785436e-08 1.555948679928365189e-08 1.543538856831996229e-08 1.560203832548744669e-08 1.554261983827913960e-08 1.522212425712971420e-08
1.527183667699634069e-08 1.524962617797729974e-08 1.517829428540830718e-08 1.532927179868431144e-08 1.535136961003648841e-08 1.545149274676412363e-08 1.533627102427411421e-08 1.525986668769220879e-08 1.502983255372307540e-08 1.538856803272766328e-08 1.515214984068911729e-08 1.494797151291570240e-08 1.526399864592372736e-08 1.496889563430275620e-08 1.530907689177501031e-08 1.541995613351957461e-08 1.485356845708420880e-08 1.528118384719103644e-08 1.533757476841673366e-08 1.515990439837259566e-08 1.504541104755056888e-08 1.514606619681095407e-08 1.523408756277046419e-08 1.505260842454776599e-08 1.522583296688136565e-08 1.530143707827539612e-08 1.526289713388011124e-08 1.508041489829141042e-08 1.504587190025659976e-08 1.492708968752918262e-08 1.524079461677866521e-08 1.514695599171735031e-08 1.530310048552802393e-08 1.511626555683597835e-08 1.517709356399892681e-08 1.497416329311197412e-08 1.547277428147383914e-08 1.530183572528628188e-08 1.538128697509910348e-08 1.537212135396790772e-08 1.524985984062925141e-08 1.541500672074405844e-08 1.535603748466756450e-08 1.503952756380314811e-08
1.523774586989532799e-08 1.521532974085114352e-08 1.514438122254059450e-08 1.529461346368078218e-08 1.531699528114774413e-08 1.541654166377041842e-08 1.530152069705898718e-08 1.522537604050007612e-08 1.499648243460138755e-08 1.535446495969628875e-08 1.511843180976618941e-08 1.491440519155202479e-08 1.523071416844310670e-08 1.493540848762505436e-08 1.527492000617632315e-08 1.538519355227639090e-08 1.482030186701852886e-08 1.524725408109947299e-08 1.530291272466256044e-08 1.512605291079634604e-08 1.501141974684889700e-08 1.511217349708900979e-08 1.520014361668006718e-08 1.501856330936167790e-08 1.519207081397079009e-08 1.526733097601885609e-08 1.522891871048730928e-08 1.504587190025659976e-08 1.501304643874439715e-08 1.489377913214642066e-08 1.520582310192038797e-08 1.511265168895009874e-08 1.526924763013855934e-08 1.508244299316608318e-08 1.514356493321148862e-08 1.494043958915345983e-08 1.543818171965318503e-08 1.526773483626927546e-08 1.534698654588145770e-08 1.533820978466660474e-08 1.521561698171808000e-08 1.538022465257045951e-08 1.532139576662196439e-08 1.500661236815236736e-08
1.511736022874640694e-08 1.509510862526580371e-08 1.502454465554910654e-08 1.517369676988878610e-08 1.519598863826995992e-08 1.529449326202503268e-08 1.518141241311620380e-08 1.510515045629578190e-08 1.487801384842157021e-08 1.523282908899209376e-08 1.499910988981727213e-08 1.479670505541905163e-08 1.511017977539533604e-08 1.481744173805490047e-08 1.515427245579425749e-08 1.526308523172276671e-08 1.470344051069249973e-08 1.512680572889640293e-08 1.518274705290410603e-08 1.500626069388488623e-08 1.489319946333138006e-08 1.499282210758567488e-08 1.507972968120215008e-08 1.490035139010607343e-08 1.507176959546857580e-08 1.514684497977113943e-08 1.510849911559954834e-08 1.492708968752918262e-08 1.489377913214642066e-08 1.477656990672509827e-08 1.508635148747741009e-08 1.499357239964205361e-08 1.514822804815886978e-08 1.496347193895211001e-08 1.502367700276465499e-08 1.482252149828469653e-08 1.531613109219663294e-08 1.514686236598809251e-08 1.522548113355265440e-08 1.521693182410014336e-08 1.509575516548258323e-08 1.525852316606184957e-08 1.520068319480786656e-08 1.488752123007985746e-08
1.543469599282142020e-08 1.541173116108363998e-08 1.533988721582719525e-08 1.549235425131585108e-08 1.551485364638691889e-08 1.561593771785030682e-08 1.550010247067023457e-08 1.542237239877197790e-08 1.519027619237544060e-08 1.555202539914443126e-08 1.531391943192103364e-08 1.510711351734959950e-08 1.542669968726171138e-08 1.512848938421948705e-08 1.547248233305985580e-08 1.558314373653238125e-08 1.501144995479616016e-08 1.544413706677981272e-08 1.550162517791252576e-08 1.532089587151144665e-08 1.520585241069281149e-08 1.530726003515923536e-08 1.539579906754018025e-08 1.521300926669492586e-08 1.538797745515382703e-08 1.546480808974863475e-08 1.542541607286780038e-08 1.524079461677866521e-08 1.520582310192038797e-08 1.508635148747741009e-08 1.540419651406755786e-08 1.530844321986771645e-08 1.546581027173262299e-08 1.527765101554998716e-08 1.533860569716172588e-08 1.513419025127006336e-08 1.563739065788306030e-08 1.546483546400884746e-08 1.554523669468826193e-08 1.553586190887455438e-08 1.541221057753444650e-08 1.557862558233454208e-08 1.551997724366289938e-08 1.519937506450089693e-08
1.533969853446543501e-08 1.531710674096566658e-08 1.524544462992932154e-08 1.539702128130502068e-08 1.541950829731096374e-08 1.551966688053010799e-08 1.540444528751802472e-08 1.532749645796864357e-08 1.509686671813800452e-08 1.545668119195295042e-08 1.521951164097927842e-08 1.501422656559612970e-08 1.533189490771263781e-08 1.503539268055064097e-08 1.537707414279931233e-08 1.548783469747121427e-08 1.491948535529533680e-08 1.534902534367570259e-08 1.540584620343477126e-08 1.522702837796198984e-08 1.511210827275009614e-08 1.521332649108796782e-08 1.530159981305599888e-08 1.511954552909368727e-08 1.529344419411318985e-08 1.536932748703067192e-08 1.533060101394140987e-08 1.514695599171735031e-08 1.511265168895009874e-08 1.499357239964205361e-08 1.530844321986771645e-08 1.521426280565524940e-08 1.537098947237907691e-08 1.518341530908241606e-08 1.524445922164348664e-08 1.504048452607977877e-08 1.554141775751188521e-08 1.536963712301582387e-08 1.544942883235733284e-08 1.544033278341074541e-08 1.531756051090657402e-08 1.548314743053553882e-08 1.542416098714094935e-08 1.510644974924835091e-08
1.549800711108542275e-08 1.547531206460920636e-08 1.540307827785449482e-08 1.555604069266385612e-08 1.557869848633879281e-08 1.567995612071950091e-08 1.556302000177800311e-08 1.548558673671575758e-08 1.525262271522686132e-08 1.561662698668811328e-08 1.537670372890479335e-08 1.516915472485083797e-08 1.549070054029889779e-08 1.519057636982420390e-08 1.553585270967777029e-08 1.564808610945276019e-08 1.507358057870936216e-08 1.550765453836982788e-08 1.556449929520890532e-08 1.538443275296262226e-08 1.526793627127369089e-08 1.537031929852529466e-08 1.545981492070942586e-08 1.527536682654440512e-08 1.545154376725247722e-08 1.552814393270768395e-08 1.548910202058721521e-08 1.530310048552802393e-08 1.526924763013855934e-08 1.514822804815886978e-08 1.546581027173262299e-08 1.537098947237907691e-08 1.553004281052756853e-08 1.534005420909715151e-08 1.540221067029289741e-08 1.519568064100164557e-08 1.570201688302371043e-08 1.552847641127814258e-08 1.560913608204462177e-08 1.560015868272694352e-08 1.547565056957597633e-08 1.564303392404267194e-08 1.558323120887056136e-08 1.526273287447436267e-08
1.530895222539527161e-08 1.528637019666650605e-08 1.521493736132221658e-08 1.536604583002830543e-08 1.538858788086736439e-08 1.548858753025680745e-08 1.537361789190533114e-08 1.529654733228931703e-08 1.506638099146045510e-08 1.542576848742820724e-08 1.518896247712717312e-08 1.498421351896454882e-08 1.530140708963675528e-08 1.500525470983898035e-08 1.534625919838465901e-08 1.545661798601166251e-08 1.488942904429645117e-08 1.531845570766220041e-08 1.537505270189751489e-08 1.519638016960418098e-08 1.508169831337267205e-08 1.518276590964572750e-08 1.527071344304454300e-08 1.508890073304276529e-08 1.526278327919672639e-08 1.533865868849466013e-08 1.529995920591498154e-08 1.511626555683597835e-08 1.508244299316608318e-08 1.496347193895211001e-08 1.527765101554998716e-08 1.518341530908241606e-08 1.534005420909715151e-08 1.515325659944788589e-08 1.521401019231038978e-08 1.501048765917956820e-08 1.551005138590331481e-08 1.533895017958821319e-08 1.541869637681803483e-08 1.540967459334832224e-08 1.528690360260841700e-08 1.545196425916259793e-08 1.539330769647386941e-08 1.507599846623985744e-08
1.537045004369048137e-08 1.534809044250546843e-08 1.527635356576553306e-08 1.542807964297969894e-08 1.545059710885185773e-08 1.555094963834684770e-08 1.543511854505338994e-08 1.535812446825046478e-08 1.512704212872469934e-08 1.548813270761468763e-08 1.525020895250285713e-08 1.504440649582211037e-08 1.536331725848549934e-08 1.506564309027342249e-08 1.540803528377720254e-08 1.551923937128352018e-08 1.494968504668938286e-08 1.538017529606125118e-08 1.543665439032750929e-08 1.525780500819237437e-08 1.514230207094415226e-08 1.524387051626031361e-08 1.533253930260925796e-08 1.514976927498983113e-08 1.532437800585609810e-08 1.540049112192812953e-08 1.536178965565993252e-08 1.517709356399892681e-08 1.514356493321148862e-08 1.502367700276465499e-08 1.533860569716172588e-08 1.524445922164348664e-08 1.540221067029289741e-08 1.521401019231038978e-08 1.527563237795008387e-08 1.507069526652245236e-08 1.557279472374688197e-08 1.540070754389079338e-08 1.548081710501041599e-08 1.547201431360653950e-08 1.534855071683742155e-08 1.551429483507675980e-08 1.545515904271739303e-08 1.513699113049602561e-08
1.516478750099901305e-08 1.514280310964718955e-08 1.507234128424816719e-08 1.522182364705075349e-08 1.524417881484213297e-08 1.534311040994593624e-08 1.522872277450865717e-08 1.515284813417080759e-08 1.492473076143015608e-08 1.528060990074041536e-08 1.504660816411173665e-08 1.484318630456216822e-08 1.515770538016987133e-08 1.486424832514930787e-08 1.520224386071041254e-08 1.531170465279839937e-08 1.474921709819889525e-08 1.517441696463025795e-08 1.523092791195249619e-08 1.505351612627699682e-08 1.494010999259552792e-08 1.503962389371013705e-08 1.512670147761781896e-08 1.494667153264085893e-08 1.511966557802555826e-08 1.519454649464631579e-08 1.515610057499003122e-08 1.497416329311197412e-08 1.494043958915345983e-08 1.482252149828469653e-08 1.513419025127006336e-08 1.504048452607977877e-08 1.519568064100164557e-08 1.501048765917956820e-08 1.507069526652245236e-08 1.487030648418553777e-08 1.536398331241831110e-08 1.519508494364043480e-08 1.527384911906374854e-08 1.526508252226359219e-08 1.514312800426115122e-08 1.530653069426104107e-08 1.524849054164986846e-08 1.493386046335564090e-08
