1.537143262214770934e-08 1.532786286110409914e-08 1.529066279735534422e-08 1.547227408951103636e-08 1.544238247474297445e-08 1.552133907105693486e-08 1.544276991821266336e-08 1.535166238206126725e-08 1.516930350699498420e-08 1.543367131771186974e-08 1.528605048386128926e-08 1.512708170421385818e-08 1.536336183202070366e-08 1.512754266520832651e-08 1.542277712849543436e-08 1.551080322458582532e-08 1.500767196410673314e-08 1.542502747215240350e-08 1.542380802248988083e-08 1.527375331980413399e-08 1.522553250231745404e-08 1.527743009645085738e-08 1.530328040913770359e-08 1.517200266988391992e-08 1.539096906008867479e-08 1.542222364045704893e-08 1.537476866943801340e-08 1.528643899598294593e-08 1.520253549354019558e-08 1.508080443991865610e-08 1.539661086890673626e-08 1.528876198804362275e-08 1.541300346000594301e-08 1.531736185473494840e-08 1.529522043971440342e-08 1.514238868450463803e-08 1.555941184419332477e-08 1.540876813212307575e-08 1.551591459209184631e-08 1.545291542018192545e-08 1.534459790854687872e-08 1.550149067866943090e-08 1.544184067105805291e-08 1.518804198308038145e-08
1.532786286110409914e-08 1.528517062137157002e-08 1.524765160742842938e-08 1.542870717407281583e-08 1.539901994358352361e-08 1.547742742173690771e-08 1.539974306617221203e-08 1.530834367874132843e-08 1.512693884615354886e-08 1.539036266778997305e-08 1.524311461661867364e-08 1.508492671473870800e-08 1.532016959294931297e-08 1.508532128023515844e-08 1.537971025476103706e-08 1.546727805616544257e-08 1.496589002025292618e-08 1.538191938701980157e-08 1.538021980336930185e-08 1.523119803488727485e-08 1.518306155763089994e-08 1.523506642938976531e-08 1.526089958600473391e-08 1.512963604804019516e-08 1.534762921969616013e-08 1.537868023236172977e-08 1.533156867957212071e-08 1.524366675670184002e-08 1.516011307322193622e-08 1.503866828378749658e-08 1.535338061501667733e-08 1.524603398587611000e-08 1.536982481653578552e-08 1.527458406705457169e-08 1.525224077427573895e-08 1.509976088583302102e-08 1.551556970578709610e-08 1.536555289498509991e-08 1.547244410561356408e-08 1.540949593051394515e-08 1.530201047654435936e-08 1.545806138445804547e-08 1.539849487656226474e-08 1.514544998816960214e-08
1.529066279735534422e-08 1.524765160742842938e-08 1.521155439430797604e-08 1.539108963119073833e-08 1.536195524811446030e-08 1.544012404462856898e-08 1.536266945796150884e-08 1.527172143736878404e-08 1.509100892367920355e-08 1.535300344698082436e-08 1.520665464477520469e-08 1.504913550965965618e-08 1.528375682110174302e-08 1.504938175330339513e-08 1.534276736752059024e-08 1.542928269629161151e-08 1.493103065444245008e-08 1.534529059107535589e-08 1.534329543280623986e-08 1.519429895371063836e-08 1.514685210735278935e-08 1.519831379817589365e-08 1.522437698059885157e-08 1.509377385775109352e-08 1.531102707179586514e-08 1.534180503103863235e-08 1.529494809017100716e-08 1.520696296897232608e-08 1.512380450560218577e-08 1.500292745890011559e-08 1.531656245618732199e-08 1.520977553405505373e-08 1.533289564517725550e-08 1.523819390369171482e-08 1.521551714313088987e-08 1.506421668514970225e-08 1.547750741770623760e-08 1.532860613138338761e-08 1.543467176313646787e-08 1.537261374317065777e-08 1.526491124763823428e-08 1.542047520979321730e-08 1.536127429787490762e-08 1.510946603249364249e-08
1.547227408951103636e-08 1.542870717407281583e-08 1.539108963119073833e-08 1.557622748001065908e-08 1.554447100762536912e-08 1.562420047339704518e-08 1.554511956992922821e-08 1.545235684038056157e-08 1.526818190806090969e-08 1.553593223874481482e-08 1.538643460387599547e-08 1.522580722788692353e-08 1.546411988177163148e-08 1.522619998409360572e-08 1.552406542219253941e-08 1.561319515330092123e-08 1.510479861127024378e-08 1.552668517490218505e-08 1.552550610603616118e-08 1.537362302853868883e-08 1.532496541001729831e-08 1.537762906328795724e-08 1.540325532261752604e-08 1.527126728552653204e-08 1.549242242153674873e-08 1.552414614972910829e-08 1.547558159716416153e-08 1.538667398197596545e-08 1.530207630522365531e-08 1.517819505388519004e-08 1.549771002816256609e-08 1.538911877706314967e-08 1.551438255568032653e-08 1.541773189867150001e-08 1.539592849758875170e-08 1.524034140227195656e-08 1.566192299885331607e-08 1.550978692358887610e-08 1.561889388566420562e-08 1.555436941111647709e-08 1.544488700208886998e-08 1.560458483622647727e-08 1.554315169286318427e-08 1.528749686871616266e-08
1.544238247474297445e-08 1.539901994358352361e-08 1.536195524811446030e-08 1.554447100762536912e-08 1.551476531025407160e-08 1.559382511674592346e-08 1.551545197516258403e-08 1.542313106070138923e-08 1.524021317375793788e-08 1.550553529614312062e-08 1.535723848165979255e-08 1.519793199767058958e-08 1.543534970268026326e-08 1.519806089478142610e-08 1.549513009835383537e-08 1.558270329612059012e-08 1.507789565924637882e-08 1.549736190332799671e-08 1.549551758896901085e-08 1.534484044027405240e-08 1.529657766186411236e-08 1.534889623373387526e-08 1.537492247107794138e-08 1.524283375370777292e-08 1.546306300963575859e-08 1.549425129797423337e-08 1.544682413272024529e-08 1.535786290184572640e-08 1.527386496378530649e-08 1.515115944106104940e-08 1.546813115484764356e-08 1.536033968663089252e-08 1.548481499610559392e-08 1.538918115714995767e-08 1.536644046020814233e-08 1.521277235087416913e-08 1.563147228723503430e-08 1.548050784840725801e-08 1.558838784360164124e-08 1.552509436915106539e-08 1.541637351623638296e-08 1.557407882252115321e-08 1.551384740748751332e-08 1.525905485337255396e-08
1.552133907105693486e-08 1.547742742173690771e-08 1.544012404462856898e-08 1.562420047339704518e-08 1.559382511674592346e-08 1.567437775260648490e-08 1.559458198250737744e-08 1.550187799689949175e-08 1.531720518758134557e-08 1.558473416229991503e-08 1.543554504645347118e-08 1.527468127517367817e-08 1.551380979961942883e-08 1.527490026788435119e-08 1.557402717796780592e-08 1.566238531818758438e-08 1.515367544276754418e-08 1.557633347914083636e-08 1.557514975212522495e-08 1.542288807661935379e-08 1.537382938589048029e-08 1.542674264722372837e-08 1.545252639582769177e-08 1.532001093722601215e-08 1.554222935324222106e-08 1.557353767826466232e-08 1.552508494757960484e-08 1.543580314282872062e-08 1.535136743077084509e-08 1.522755810628267054e-08 1.554689740402980613e-08 1.543810457915302620e-08 1.556386267266887443e-08 1.546716643201222280e-08 1.544489946540535105e-08 1.528982277249558258e-08 1.571177025085986985e-08 1.555936737571672532e-08 1.566825140627670850e-08 1.560414435396389332e-08 1.549467795228824613e-08 1.565359383880115190e-08 1.559320538211529838e-08 1.533661249565599899e-08
1.544276991821266336e-08 1.539974306617221203e-08 1.536266945796150884e-08 1.554511956992922821e-08 1.551545197516258403e-08 1.559458198250737744e-08 1.551748730390965997e-08 1.542357924251468917e-08 1.524058025637671879e-08 1.550673288143158564e-08 1.535822151959692159e-08 1.519836092718003235e-08 1.543577190822824527e-08 1.519874723760465118e-08 1.549577533917721083e-08 1.558355704541675207e-08 1.507806907835107693e-08 1.549830848004127493e-08 1.549628367784617557e-08 1.534583294960850808e-08 1.529733055705763394e-08 1.534989493501928653e-08 1.537600473263501282e-08 1.524317975244023886e-08 1.546359274417676802e-08 1.549460781030852480e-08 1.544741584188597063e-08 1.535837990789362704e-08 1.527474748085268130e-08 1.515154587155893795e-08 1.546885567011701816e-08 1.536108285333910825e-08 1.548523162505850069e-08 1.538948995394540622e-08 1.536714239700175512e-08 1.521330905162321164e-08 1.563222727006316758e-08 1.548101210094523286e-08 1.558965641108728967e-08 1.552613590618881133e-08 1.541737836412617924e-08 1.557502950961573306e-08 1.551458591105731597e-08 1.525954725870645092e-08
1.535166238206126725e-08 1.530834367874132843e-08 1.527172143736878404e-08 1.545235684038056157e-08 1.542313106070138923e-08 1.550187799689949175e-08 1.542357924251468917e-08 1.533341425411172251e-08 1.515072249805827990e-08 1.541395443325716738e-08 1.526719098248526282e-08 1.510911550131083172e-08 1.534449143169090005e-08 1.510906198969739904e-08 1.540409936442937292e-08 1.549099397951663993e-08 1.498968286502750885e-08 1.540627773115394786e-08 1.540493444730769362e-08 1.525494317814136027e-08 1.520693700883990869e-08 1.525873612276307551e-08 1.528482525674417122e-08 1.515309671387499473e-08 1.537202504833186372e-08 1.540316386271221668e-08 1.535643691288829845e-08 1.526736359884561363e-08 1.518399652868314557e-08 1.506292723192051329e-08 1.537773823856621052e-08 1.527042886811349416e-08 1.539394008714846656e-08 1.529891691162290854e-08 1.527604949779534347e-08 1.512446601140604636e-08 1.553953702541297051e-08 1.538938698970520852e-08 1.549641926404649698e-08 1.543374578415616878e-08 1.532587976465296352e-08 1.548224233979791457e-08 1.542316120158141081e-08 1.516905424728959710e-08
1.516930350699498420e-08 1.512693884615354886e-08 1.509100892367920355e-08 1.526818190806090969e-08 1.524021317375793788e-08 1.531720518758134557e-08 1.524058025637671879e-08 1.515072249805827990e-08 1.497296963827008482e-08 1.523093515320536875e-08 1.508627357445085067e-08 1.493110243468405966e-08 1.516332895695308468e-08 1.493063276148704167e-08 1.522190267463200116e-08 1.530650552962752394e-08 1.481486617735953163e-08 1.522374096176374628e-08 1.522100820281970030e-08 1.507474196098687159e-08 1.502755800315335016e-08 1.507877977293951568e-08 1.510475774481356760e-08 1.497530441445922416e-08 1.518974542609887241e-08 1.521984683351074174e-08 1.517418565328293216e-08 1.508719598513198202e-08 1.500500132606414655e-08 1.488583961139643315e-08 1.519535327347141103e-08 1.508982336150696962e-08 1.521171673942383978e-08 1.511794614652518166e-08 1.509504241222140243e-08 1.494590332588537740e-08 1.535423874532523067e-08 1.520734508694082746e-08 1.531151836703110243e-08 1.525094002501169455e-08 1.514486776830585535e-08 1.529758958788268144e-08 1.523959720689211531e-08 1.499051385809803508e-08
1.543367131771186974e-08 1.539036266778997305e-08 1.535300344698082436e-08 1.553593223874481482e-08 1.550553529614312062e-08 1.558473416229991503e-08 1.550673288143158564e-08 1.541395443325716738e-08 1.523093515320536875e-08 1.549738353372360223e-08 1.534858619779644489e-08 1.518858347606259328e-08 1.542584163819244205e-08 1.518903089659443403e-08 1.548573985619942864e-08 1.557426113797178546e-08 1.506853246946642664e-08 1.548842610051447784e-08 1.548680067378918018e-08 1.533633169798674562e-08 1.528748323565796786e-08 1.533997489410866813e-08 1.536603732314922555e-08 1.523382557220587772e-08 1.545364095322770289e-08 1.548513688814742991e-08 1.543742309102883788e-08 1.534865062038053431e-08 1.526473818847906876e-08 1.514175697715703630e-08 1.545970080561709705e-08 1.535147343615750550e-08 1.547588767619413704e-08 1.537969354228782143e-08 1.535755386609648656e-08 1.520369969904864990e-08 1.562289603006773760e-08 1.547149184331414940e-08 1.557975542996362772e-08 1.551601915629619120e-08 1.540720418006179320e-08 1.556521326803424141e-08 1.550474415925784103e-08 1.524998707740522252e-08
1.528605048386128926e-08 1.524311461661867364e-08 1.520665464477520469e-08 1.538643460387599547e-08 1.535723848165979255e-08 1.543554504645347118e-08 1.535822151959692159e-08 1.526719098248526282e-08 1.508627357445085067e-08 1.534858619779644489e-08 1.520247932273394905e-08 1.504469928681841883e-08 1.527888440920061770e-08 1.504485429328649455e-08 1.533812630757150872e-08 1.542483132453894316e-08 1.492631672006535438e-08 1.534032207047099100e-08 1.533854516780096550e-08 1.519016137862772178e-08 1.514215027395834341e-08 1.519392736972771773e-08 1.522013601079396946e-08 1.508920263976552215e-08 1.530627260340560425e-08 1.533716107385311898e-08 1.529016223239931002e-08 1.520234612069750704e-08 1.511926950407945242e-08 1.499868249009355318e-08 1.531197221474596958e-08 1.520545451927668693e-08 1.532815030228092401e-08 1.523350872284177852e-08 1.521092318880276544e-08 1.505970399940369754e-08 1.547296046100164156e-08 1.532375838720291160e-08 1.543016159762247291e-08 1.536810307506887607e-08 1.526080657222380578e-08 1.541576686751252182e-08 1.535686468630682370e-08 1.510504788694927930e-08
1.512708170421385818e-08 1.508492671473870800e-08 1.504913550965965618e-08 1.522580722788692353e-08 1.519793199767058958e-08 1.527468127517367817e-08 1.519836092718003235e-08 1.510911550131083172e-08 1.493110243468405966e-08 1.518858347606259328e-08 1.504469928681841883e-08 1.489032349622404148e-08 1.512105318837078419e-08 1.488987463901137398e-08 1.517975318805680403e-08 1.526421448588686354e-08 1.477368263837999611e-08 1.518169636285262139e-08 1.517899858024859723e-08 1.503299817723926098e-08 1.498609837618958713e-08 1.503707157897367159e-08 1.506325074557941477e-08 1.493377629190081298e-08 1.514760550253253192e-08 1.517799848548743363e-08 1.513215481125367228e-08 1.504525518332454708e-08 1.496322088386904730e-08 1.484476310905080562e-08 1.515328502131707465e-08 1.504832319446865377e-08 1.516957036498137979e-08 1.507651368055855447e-08 1.505303926221288430e-08 1.490472044128604385e-08 1.531163719909640962e-08 1.516494833272115956e-08 1.526929476019145056e-08 1.520868192463338926e-08 1.510313522091974484e-08 1.525532704300488675e-08 1.519756894935722995e-08 1.494903185073773074e-08
1.536336183202070366e-08 1.532016959294931297e-08 1.528375682110174302e-08 1.546411988177163148e-08 1.543534970268026326e-08 1.551380979961942883e-08 1.543577190822824527e-08 1.534449143169090005e-08 1.516332895695308468e-08 1.542584163819244205e-08 1.527888440920061770e-08 1.512105318837078419e-08 1.535713611839765340e-08 1.512077596862309543e-08 1.541627746737487960e-08 1.550237533316134416e-08 1.500249465976076162e-08 1.541836886896159231e-08 1.541601868172951409e-08 1.526679222844477283e-08 1.521893389091145155e-08 1.527083687004815482e-08 1.529687134084537621e-08 1.516567971275099287e-08 1.538423690125530785e-08 1.541493626376944014e-08 1.536820222679246008e-08 1.527966491182016865e-08 1.519642297962360177e-08 1.507482670960670723e-08 1.538915602744765577e-08 1.528220189139620391e-08 1.540592540747671862e-08 1.531088661816506906e-08 1.528804519440700720e-08 1.513604887441118236e-08 1.555104821625360627e-08 1.540155064572365928e-08 1.550789683677083430e-08 1.544587497756082800e-08 1.533778598950923163e-08 1.549384434998140050e-08 1.543449758684595972e-08 1.518174853813003594e-08
1.512754266520832651e-08 1.508532128023515844e-08 1.504938175330339513e-08 1.522619998409360572e-08 1.519806089478142610e-08 1.527490026788435119e-08 1.519874723760465118e-08 1.510906198969739904e-08 1.493063276148704167e-08 1.518903089659443403e-08 1.504485429328649455e-08 1.488987463901137398e-08 1.512077596862309543e-08 1.489019743884581742e-08 1.517959803175693792e-08 1.526491025583304281e-08 1.477287873256166244e-08 1.518176867186262489e-08 1.517937347007920443e-08 1.503285143259181143e-08 1.498618793135498058e-08 1.503693300994735581e-08 1.506310293149011277e-08 1.493359432597136818e-08 1.514752137047953928e-08 1.517816319134017112e-08 1.513201340880678725e-08 1.504521928399926852e-08 1.496284158098772893e-08 1.484420634753310178e-08 1.515339707510258085e-08 1.504803059025315877e-08 1.516958899623614047e-08 1.507639745613478561e-08 1.505317295695892878e-08 1.490444989532536592e-08 1.531224899231799519e-08 1.516524566409071752e-08 1.526996272481005504e-08 1.520875604447061844e-08 1.510312253991390042e-08 1.525575889302899693e-08 1.519776426276681803e-08 1.494874102509787463e-08
1.542277712849543436e-08 1.537971025476103706e-08 1.534276736752059024e-08 1.552406542219253941e-08 1.549513009835383537e-08 1.557402717796780592e-08 1.549577533917721083e-08 1.540409936442937292e-08 1.522190267463200116e-08 1.548573985619942864e-08 1.533812630757150872e-08 1.517975318805680403e-08 1.541627746737487960e-08 1.517959803175693792e-08 1.547676122325439641e-08 1.556276982454269481e-08 1.506040754709802268e-08 1.547838755079783389e-08 1.547608365243497829e-08 1.532602731509477049e-08 1.527787454068292058e-08 1.533045540639488224e-08 1.535614125611893774e-08 1.522459145243573123e-08 1.544387887434473386e-08 1.547455032015159063e-08 1.542781860152268002e-08 1.533905621975678934e-08 1.525522226341272585e-08 1.513332413554498291e-08 1.544929216220370450e-08 1.534115115959884791e-08 1.546596801129504278e-08 1.537000387127391082e-08 1.534711454696287502e-08 1.519468534893250310e-08 1.561140235327734750e-08 1.546125678943014493e-08 1.556838039613119985e-08 1.550550900745695944e-08 1.539772199183830223e-08 1.555391053102269860e-08 1.549475468909645623e-08 1.524013495084830216e-08
1.551080322458582532e-08 1.546727805616544257e-08 1.542928269629161151e-08 1.561319515330092123e-08 1.558270329612059012e-08 1.566238531818758438e-08 1.558355704541675207e-08 1.549099397951663993e-08 1.530650552962752394e-08 1.557426113797178546e-08 1.542483132453894316e-08 1.526421448588686354e-08 1.550237533316134416e-08 1.526491025583304281e-08 1.556276982454269481e-08 1.565259357042468404e-08 1.514292885684789079e-08 1.556525062403778710e-08 1.556419022237630166e-08 1.541259779264979346e-08 1.536375291877912422e-08 1.541641470725715533e-08 1.544249466437153184e-08 1.530930491418858394e-08 1.553041086998743666e-08 1.556235209718371676e-08 1.551444960777406198e-08 1.542513977457759554e-08 1.534041882600860809e-08 1.521722489833558069e-08 1.553664128444210438e-08 1.542766552856249211e-08 1.555291583823000158e-08 1.545651086340430081e-08 1.543407136946507836e-08 1.527943671665722644e-08 1.570117755904259846e-08 1.554866560656138695e-08 1.565765909431228875e-08 1.559305387423202860e-08 1.548410680913784356e-08 1.564295989069517298e-08 1.558243661036436831e-08 1.532530493895059121e-08
1.500767196410673314e-08 1.496589002025292618e-08 1.493103065444245008e-08 1.510479861127024378e-08 1.507789565924637882e-08 1.515367544276754418e-08 1.507806907835107693e-08 1.498968286502750885e-08 1.481486617735953163e-08 1.506853246946642664e-08 1.492631672006535438e-08 1.477368263837999611e-08 1.500249465976076162e-08 1.477287873256166244e-08 1.506040754709802268e-08 1.514292885684789079e-08 1.465994765549227506e-08 1.506213564161168767e-08 1.505868088005471856e-08 1.491490666608816899e-08 1.486853120836572433e-08 1.491904053819433765e-08 1.494509028178599889e-08 1.481770293182637162e-08 1.502835173645365959e-08 1.505773756939733883e-08 1.501268204406610297e-08 1.492718261818055692e-08 1.484585022208533320e-08 1.472898948711991347e-08 1.503418808056293931e-08 1.493012589225710717e-08 1.505037074909419488e-08 1.495789422078681059e-08 1.493447187531717186e-08 1.478822919219067394e-08 1.519008813747744490e-08 1.504592034884949578e-08 1.514772411817927666e-08 1.508890998024093628e-08 1.498434211460239991e-08 1.513382415821845405e-08 1.507717592878238611e-08 1.483225229336223236e-08
1.542502747215240350e-08 1.538191938701980157e-08 1.534529059107535589e-08 1.552668517490218505e-08 1.549736190332799671e-08 1.557633347914083636e-08 1.549830848004127493e-08 1.540627773115394786e-08 1.522374096176374628e-08 1.548842610051447784e-08 1.534032207047099100e-08 1.518169636285262139e-08 1.541836886896159231e-08 1.518176867186262489e-08 1.547838755079783389e-08 1.556525062403778710e-08 1.506213564161168767e-08 1.548166476256733265e-08 1.547873218142731354e-08 1.532834071875210947e-08 1.528003776300637599e-08 1.533239403873892721e-08 1.535841053065139376e-08 1.522634967187726947e-08 1.544604560306212613e-08 1.547700400656539357e-08 1.542997027990270932e-08 1.534084435979356769e-08 1.525735673160454804e-08 1.513478821487413498e-08 1.545187997191519967e-08 1.534354002336380960e-08 1.546833941993466789e-08 1.537244734245713167e-08 1.534923757769451260e-08 1.519687675868632282e-08 1.561411342939439227e-08 1.546352406387181558e-08 1.557106569170382219e-08 1.550794497233732137e-08 1.539927065877908509e-08 1.555654466028757203e-08 1.549676111559955897e-08 1.524231107375104454e-08
1.542380802248988083e-08 1.538021980336930185e-08 1.534329543280623986e-08 1.552550610603616118e-08 1.549551758896901085e-08 1.557514975212522495e-08 1.549628367784617557e-08 1.540493444730769362e-08 1.522100820281970030e-08 1.548680067378918018e-08 1.533854516780096550e-08 1.517899858024859723e-08 1.541601868172951409e-08 1.517937347007920443e-08 1.547608365243497829e-08 1.556419022237630166e-08 1.505868088005471856e-08 1.547873218142731354e-08 1.547780049085071965e-08 1.532613754520451079e-08 1.527763705149688969e-08 1.532985602804132951e-08 1.535584326637213687e-08 1.522358562030948578e-08 1.544412446870652741e-08 1.547560600304859322e-08 1.542804362221905882e-08 1.533864703177329695e-08 1.525480464366841355e-08 1.513224336219806531e-08 1.544992255037002138e-08 1.534154180675582446e-08 1.546619445032526820e-08 1.537021039727417739e-08 1.534767000844192099e-08 1.519449942799907838e-08 1.561304618161345292e-08 1.546166608077686935e-08 1.556978374573115860e-08 1.550597277588830514e-08 1.539720769189305150e-08 1.555531807433901756e-08 1.549544070728735265e-08 1.523976360952978594e-08
1.527375331980413399e-08 1.523119803488727485e-08 1.519429895371063836e-08 1.537362302853868883e-08 1.534484044027405240e-08 1.542288807661935379e-08 1.534583294960850808e-08 1.525494317814136027e-08 1.507474196098687159e-08 1.533633169798674562e-08 1.519016137862772178e-08 1.503299817723926098e-08 1.526679222844477283e-08 1.503285143259181143e-08 1.532602731509477049e-08 1.541259779264979346e-08 1.491490666608816899e-08 1.532834071875210947e-08 1.532613754520451079e-08 1.517878639817683226e-08 1.513029863141672636e-08 1.518220785630238253e-08 1.520844155282852812e-08 1.507719485931050346e-08 1.529374600006015879e-08 1.532456333217876314e-08 1.527804858787880483e-08 1.519032149416514797e-08 1.510773433416994605e-08 1.498732362410145998e-08 1.529997791221183870e-08 1.519346572279361063e-08 1.531604927637277740e-08 1.522141195040962570e-08 1.519872246091760718e-08 1.504805958243523919e-08 1.546076740324870280e-08 1.531157453558555819e-08 1.541768037725794972e-08 1.535574785679637583e-08 1.524897967158102048e-08 1.540331924699786944e-08 1.534471807195000820e-08 1.509299140456946031e-08
1.522553250231745404e-08 1.518306155763089994e-08 1.514685210735278935e-08 1.532496541001729831e-08 1.529657766186411236e-08 1.537382938589048029e-08 1.529733055705763394e-08 1.520693700883990869e-08 1.502755800315335016e-08 1.528748323565796786e-08 1.514215027395834341e-08 1.498609837618958713e-08 1.521893389091145155e-08 1.498618793135498058e-08 1.527787454068292058e-08 1.536375291877912422e-08 1.486853120836572433e-08 1.528003776300637599e-08 1.527763705149688969e-08 1.513029863141672636e-08 1.508332513766467611e-08 1.513438164929781808e-08 1.516056006433217345e-08 1.503010141443058813e-08 1.524556257843628407e-08 1.527622814419354584e-08 1.523026452878683955e-08 1.514270075802182394e-08 1.506000945147687910e-08 1.494029862839620318e-08 1.525157943645776856e-08 1.514543039237164362e-08 1.526773048973341797e-08 1.517378870089364414e-08 1.515082353009677746e-08 1.500093176017340870e-08 1.541143405838046958e-08 1.526349254529822576e-08 1.536878951609984399e-08 1.530723780175225877e-08 1.520078754129424752e-08 1.535476245842471417e-08 1.529617489796169921e-08 1.504532437254994940e-08
1.527743009645085738e-08 1.523506642938976531e-08 1.519831379817589365e-08 1.537762906328795724e-08 1.534889623373387526e-08 1.542674264722372837e-08 1.534989493501928653e-08 1.525873612276307551e-08 1.507877977293951568e-08 1.533997489410866813e-08 1.519392736972771773e-08 1.503707157897367159e-08 1.527083687004815482e-08 1.503693300994735581e-08 1.533045540639488224e-08 1.541641470725715533e-08 1.491904053819433765e-08 1.533239403873892721e-08 1.532985602804132951e-08 1.518220785630238253e-08 1.513438164929781808e-08 1.518656947030864211e-08 1.521232960602330755e-08 1.508144320637560063e-08 1.529795445741512025e-08 1.532840766562579755e-08 1.528220798183893624e-08 1.519454493245489812e-08 1.511156813677029868e-08 1.499118286753459572e-08 1.530385732201823940e-08 1.519709867210908148e-08 1.532011823429618089e-08 1.522534783099802506e-08 1.520265579183153852e-08 1.505182726454078638e-08 1.546421848068516449e-08 1.531552348463224313e-08 1.542156446762915613e-08 1.535961879118025370e-08 1.525295280606715391e-08 1.540716577253488075e-08 1.534861621488404053e-08 1.509673037997789099e-08
1.530328040913770359e-08 1.526089958600473391e-08 1.522437698059885157e-08 1.540325532261752604e-08 1.537492247107794138e-08 1.545252639582769177e-08 1.537600473263501282e-08 1.528482525674417122e-08 1.510475774481356760e-08 1.536603732314922555e-08 1.522013601079396946e-08 1.506325074557941477e-08 1.529687134084537621e-08 1.506310293149011277e-08 1.535614125611893774e-08 1.544249466437153184e-08 1.494509028178599889e-08 1.535841053065139376e-08 1.535584326637213687e-08 1.520844155282852812e-08 1.516056006433217345e-08 1.521232960602330755e-08 1.523916034642377627e-08 1.510727118266776498e-08 1.532370862119131696e-08 1.535469714237223944e-08 1.530838777563102923e-08 1.522028833566886931e-08 1.513754626283215019e-08 1.501731314713616619e-08 1.532979753846301068e-08 1.522386317474024727e-08 1.534603108011316746e-08 1.525196791598778448e-08 1.522850784961779924e-08 1.507802226296482433e-08 1.549036092645219967e-08 1.534159543245277638e-08 1.544762577570110984e-08 1.538602325762915088e-08 1.527915151971215176e-08 1.543341496817914259e-08 1.537470306897532060e-08 1.512293596101563478e-08
1.517200266988391992e-08 1.512963604804019516e-08 1.509377385775109352e-08 1.527126728552653204e-08 1.524283375370777292e-08 1.532001093722601215e-08 1.524317975244023886e-08 1.515309671387499473e-08 1.497530441445922416e-08 1.523382557220587772e-08 1.508920263976552215e-08 1.493377629190081298e-08 1.516567971275099287e-08 1.493359432597136818e-08 1.522459145243573123e-08 1.530930491418858394e-08 1.481770293182637162e-08 1.522634967187726947e-08 1.522358562030948578e-08 1.507719485931050346e-08 1.503010141443058813e-08 1.508144320637560063e-08 1.510727118266776498e-08 1.497869024003197336e-08 1.519245074100837989e-08 1.522256488919186819e-08 1.517611276618482274e-08 1.508990093455564674e-08 1.500713023953438447e-08 1.488809263436518590e-08 1.519818229976521145e-08 1.509233795005990916e-08 1.521457582618430107e-08 1.512053672469978159e-08 1.509762600805305043e-08 1.494823441534712645e-08 1.535687293751777987e-08 1.521011228245137284e-08 1.531426083624401482e-08 1.525345557185329763e-08 1.514753669878632811e-08 1.529996227994328311e-08 1.524194553674071179e-08 1.499348295363057669e-08
1.539096906008867479e-08 1.534762921969616013e-08 1.531102707179586514e-08 1.549242242153674873e-08 1.546306300963575859e-08 1.554222935324222106e-08 1.546359274417676802e-08 1.537202504833186372e-08 1.518974542609887241e-08 1.545364095322770289e-08 1.530627260340560425e-08 1.514760550253253192e-08 1.538423690125530785e-08 1.514752137047953928e-08 1.544387887434473386e-08 1.553041086998743666e-08 1.502835173645365959e-08 1.544604560306212613e-08 1.544412446870652741e-08 1.529374600006015879e-08 1.524556257843628407e-08 1.529795445741512025e-08 1.532370862119131696e-08 1.519245074100837989e-08 1.541221759378298580e-08 1.544285822805870009e-08 1.539541771880484845e-08 1.530687564489470768e-08 1.522313408157624737e-08 1.510113273760165697e-08 1.541676021925869497e-08 1.530930636132576606e-08 1.543359962257655066e-08 1.533816356408704775e-08 1.531535797598145116e-08 1.516253187778553478e-08 1.557925701073347175e-08 1.542909033891956851e-08 1.553619230647522381e-08 1.547366823181768779e-08 1.536516128511692875e-08 1.552179517700033160e-08 1.546234896576235106e-08 1.520875598571821954e-08
1.542222364045704893e-08 1.537868023236172977e-08 1.534180503103863235e-08 1.552414614972910829e-08 1.549425129797423337e-08 1.557353767826466232e-08 1.549460781030852480e-08 1.540316386271221668e-08 1.521984683351074174e-08 1.548513688814742991e-08 1.533716107385311898e-08 1.517799848548743363e-08 1.541493626376944014e-08 1.517816319134017112e-08 1.547455032015159063e-08 1.556235209718371676e-08 1.505773756939733883e-08 1.547700400656539357e-08 1.547560600304859322e-08 1.532456333217876314e-08 1.527622814419354584e-08 1.532840766562579755e-08 1.535469714237223944e-08 1.522256488919186819e-08 1.544285822805870009e-08 1.547455004497967966e-08 1.542655160406821564e-08 1.533737894439285148e-08 1.525351698657812142e-08 1.513100974267495893e-08 1.544779845703492613e-08 1.534041751720787414e-08 1.546464271704276953e-08 1.536923401560221321e-08 1.534629555294914504e-08 1.519285769582146579e-08 1.561111075027482384e-08 1.546007699794322089e-08 1.556795529349743873e-08 1.550462529099686716e-08 1.539575377288986543e-08 1.555374101649740760e-08 1.549362293731389595e-08 1.523913418578900541e-08
1.537476866943801340e-08 1.533156867957212071e-08 1.529494809017100716e-08 1.547558159716416153e-08 1.544682413272024529e-08 1.552508494757960484e-08 1.544741584188597063e-08 1.535643691288829845e-08 1.517418565328293216e-08 1.543742309102883788e-08 1.529016223239931002e-08 1.513215481125367228e-08 1.536820222679246008e-08 1.513201340880678725e-08 1.542781860152268002e-08 1.551444960777406198e-08 1.501268204406610297e-08 1.542997027990270932e-08 1.542804362221905882e-08 1.527804858787880483e-08 1.523026452878683955e-08 1.528220798183893624e-08 1.530838777563102923e-08 1.517611276618482274e-08 1.539541771880484845e-08 1.542655160406821564e-08 1.538054014772961624e-08 1.529088052647770502e-08 1.520761250120590706e-08 1.508596955007145148e-08 1.540099907105912894e-08 1.529376713130011870e-08 1.541728276042769190e-08 1.532233391176898882e-08 1.529928279828102707e-08 1.514749982545965352e-08 1.556285595457843943e-08 1.541284528003082679e-08 1.551998244181703427e-08 1.545732991741417185e-08 1.534913152422782027e-08 1.550599125262236573e-08 1.544652796052806055e-08 1.519211254809903634e-08
1.528643899598294593e-08 1.524366675670184002e-08 1.520696296897232608e-08 1.538667398197596545e-08 1.535786290184572640e-08 1.543580314282872062e-08 1.535837990789362704e-08 1.526736359884561363e-08 1.508719598513198202e-08 1.534865062038053431e-08 1.520234612069750704e-08 1.504525518332454708e-08 1.527966491182016865e-08 1.504521928399926852e-08 1.533905621975678934e-08 1.542513977457759554e-08 1.492718261818055692e-08 1.534084435979356769e-08 1.533864703177329695e-08 1.519032149416514797e-08 1.514270075802182394e-08 1.519454493245489812e-08 1.522028833566886931e-08 1.508990093455564674e-08 1.530687564489470768e-08 1.533737894439285148e-08 1.529088052647770502e-08 1.520327509349511178e-08 1.511996818309353556e-08 1.499935354099808808e-08 1.531226190606948821e-08 1.520545809009988051e-08 1.532871360941146167e-08 1.523403324429603461e-08 1.521126758578843055e-08 1.506000324082868036e-08 1.547320402161542501e-08 1.532443022988621446e-08 1.543035818581835060e-08 1.536836952239433288e-08 1.526130128318563026e-08 1.541605487838332197e-08 1.535716588431249793e-08 1.510542259334689797e-08
1.520253549354019558e-08 1.516011307322193622e-08 1.512380450560218577e-08 1.530207630522365531e-08 1.527386496378530649e-08 1.535136743077084509e-08 1.527474748085268130e-08 1.518399652868314557e-08 1.500500132606414655e-08 1.526473818847906876e-08 1.511926950407945242e-08 1.496322088386904730e-08 1.519642297962360177e-08 1.496284158098772893e-08 1.525522226341272585e-08 1.534041882600860809e-08 1.484585022208533320e-08 1.525735673160454804e-08 1.525480464366841355e-08 1.510773433416994605e-08 1.506000945147687910e-08 1.511156813677029868e-08 1.513754626283215019e-08 1.500713023953438447e-08 1.522313408157624737e-08 1.525351698657812142e-08 1.520761250120590706e-08 1.511996818309353556e-08 1.503793291190892144e-08 1.491763629382605610e-08 1.522848274940996211e-08 1.512270067825479618e-08 1.524487255734869913e-08 1.515085789903599099e-08 1.512811745918862012e-08 1.497806272317148160e-08 1.538849068551807038e-08 1.524046517796765284e-08 1.534587703974058334e-08 1.528450508025879564e-08 1.517791207306301432e-08 1.533184687316710506e-08 1.527327324557871542e-08 1.502302232979291526e-08
1.508080443991865610e-08 1.503866828378749658e-08 1.500292745890011559e-08 1.517819505388519004e-08 1.515115944106104940e-08 1.522755810628267054e-08 1.515154587155893795e-08 1.506292723192051329e-08 1.488583961139643315e-08 1.514175697715703630e-08 1.499868249009355318e-08 1.484476310905080562e-08 1.507482670960670723e-08 1.484420634753310178e-08 1.513332413554498291e-08 1.521722489833558069e-08 1.472898948711991347e-08 1.513478821487413498e-08 1.513224336219806531e-08 1.498732362410145998e-08 1.494029862839620318e-08 1.499118286753459572e-08 1.501731314713616619e-08 1.488809263436518590e-08 1.510113273760165697e-08 1.513100974267495893e-08 1.508596955007145148e-08 1.499935354099808808e-08 1.491763629382605610e-08 1.480032438654237960e-08 1.510695392327428932e-08 1.500235947504653317e-08 1.512288692419297936e-08 1.503025364467015292e-08 1.500685226516900685e-08 1.485966839346936826e-08 1.526461168516001751e-08 1.511857578091286530e-08 1.522204735313698979e-08 1.516231689871234827e-08 1.505740411749248622e-08 1.520802637430515437e-08 1.515128968366103142e-08 1.490326342700413076e-08
1.539661086890673626e-08 1.535338061501667733e-08 1.531656245618732199e-08 1.549771002816256609e-08 1.546813115484764356e-08 1.554689740402980613e-08 1.546885567011701816e-08 1.537773823856621052e-08 1.519535327347141103e-08 1.545970080561709705e-08 1.531197221474596958e-08 1.515328502131707465e-08 1.538915602744765577e-08 1.515339707510258085e-08 1.544929216220370450e-08 1.553664128444210438e-08 1.503418808056293931e-08 1.545187997191519967e-08 1.544992255037002138e-08 1.529997791221183870e-08 1.525157943645776856e-08 1.530385732201823940e-08 1.532979753846301068e-08 1.519818229976521145e-08 1.541676021925869497e-08 1.544779845703492613e-08 1.540099907105912894e-08 1.531226190606948821e-08 1.522848274940996211e-08 1.510695392327428932e-08 1.542359797637550721e-08 1.531513968235410839e-08 1.543938141862456967e-08 1.534341176687149858e-08 1.532065000570096479e-08 1.516876196829220036e-08 1.558506532304819289e-08 1.543474389320068620e-08 1.554180062505179725e-08 1.547881362060813887e-08 1.537072397266899683e-08 1.552725706905039374e-08 1.546798021138092021e-08 1.521358224213427979e-08
1.528876198804362275e-08 1.524603398587611000e-08 1.520977553405505373e-08 1.538911877706314967e-08 1.536033968663089252e-08 1.543810457915302620e-08 1.536108285333910825e-08 1.527042886811349416e-08 1.508982336150696962e-08 1.535147343615750550e-08 1.520545451927668693e-08 1.504832319446865377e-08 1.528220189139620391e-08 1.504803059025315877e-08 1.534115115959884791e-08 1.542766552856249211e-08 1.493012589225710717e-08 1.534354002336380960e-08 1.534154180675582446e-08 1.519346572279361063e-08 1.514543039237164362e-08 1.519709867210908148e-08 1.522386317474024727e-08 1.509233795005990916e-08 1.530930636132576606e-08 1.534041751720787414e-08 1.529376713130011870e-08 1.520545809009988051e-08 1.512270067825479618e-08 1.500235947504653317e-08 1.531513968235410839e-08 1.520941887881814809e-08 1.533124031632907033e-08 1.523729947532433601e-08 1.521389914555624337e-08 1.506318220152358972e-08 1.547570961660152729e-08 1.532683794857923391e-08 1.543295897830091522e-08 1.537133540858349126e-08 1.526391674707266670e-08 1.541891027239984516e-08 1.535990958679528661e-08 1.510840980391642918e-08
1.541300346000594301e-08 1.536982481653578552e-08 1.533289564517725550e-08 1.551438255568032653e-08 1.548481499610559392e-08 1.556386267266887443e-08 1.548523162505850069e-08 1.539394008714846656e-08 1.521171673942383978e-08 1.547588767619413704e-08 1.532815030228092401e-08 1.516957036498137979e-08 1.540592540747671862e-08 1.516958899623614047e-08 1.546596801129504278e-08 1.555291583823000158e-08 1.505037074909419488e-08 1.546833941993466789e-08 1.546619445032526820e-08 1.531604927637277740e-08 1.526773048973341797e-08 1.532011823429618089e-08 1.534603108011316746e-08 1.521457582618430107e-08 1.543359962257655066e-08 1.546464271704276953e-08 1.541728276042769190e-08 1.532871360941146167e-08 1.524487255734869913e-08 1.512288692419297936e-08 1.543938141862456967e-08 1.533124031632907033e-08 1.545602048500385522e-08 1.536000768649265746e-08 1.533717107286142856e-08 1.518460267981465303e-08 1.560157238254288822e-08 1.545126040316566071e-08 1.555826225853317317e-08 1.549528579969446850e-08 1.538710967939674508e-08 1.554379990314431616e-08 1.548434535791721857e-08 1.523025570851644166e-08
1.531736185473494840e-08 1.527458406705457169e-08 1.523819390369171482e-08 1.541773189867150001e-08 1.538918115714995767e-08 1.546716643201222280e-08 1.538948995394540622e-08 1.529891691162290854e-08 1.511794614652518166e-08 1.537969354228782143e-08 1.523350872284177852e-08 1.507651368055855447e-08 1.531088661816506906e-08 1.507639745613478561e-08 1.537000387127391082e-08 1.545651086340430081e-08 1.495789422078681059e-08 1.537244734245713167e-08 1.537021039727417739e-08 1.522141195040962570e-08 1.517378870089364414e-08 1.522534783099802506e-08 1.525196791598778448e-08 1.512053672469978159e-08 1.533816356408704775e-08 1.536923401560221321e-08 1.532233391176898882e-08 1.523403324429603461e-08 1.515085789903599099e-08 1.503025364467015292e-08 1.534341176687149858e-08 1.523729947532433601e-08 1.536000768649265746e-08 1.526613343903094935e-08 1.524221685785263623e-08 1.509116379757492668e-08 1.550476432514949827e-08 1.535568360677446402e-08 1.546185293250335163e-08 1.539991988741220850e-08 1.529243847256174546e-08 1.544773926855113081e-08 1.538866208791898035e-08 1.513659549794339102e-08
1.529522043971440342e-08 1.525224077427573895e-08 1.521551714313088987e-08 1.539592849758875170e-08 1.536644046020814233e-08 1.544489946540535105e-08 1.536714239700175512e-08 1.527604949779534347e-08 1.509504241222140243e-08 1.535755386609648656e-08 1.521092318880276544e-08 1.505303926221288430e-08 1.528804519440700720e-08 1.505317295695892878e-08 1.534711454696287502e-08 1.543407136946507836e-08 1.493447187531717186e-08 1.534923757769451260e-08 1.534767000844192099e-08 1.519872246091760718e-08 1.515082353009677746e-08 1.520265579183153852e-08 1.522850784961779924e-08 1.509762600805305043e-08 1.531535797598145116e-08 1.534629555294914504e-08 1.529928279828102707e-08 1.521126758578843055e-08 1.512811745918862012e-08 1.500685226516900685e-08 1.532065000570096479e-08 1.521389914555624337e-08 1.533717107286142856e-08 1.524221685785263623e-08 1.522007138548449190e-08 1.506800585651848999e-08 1.548230003907562727e-08 1.533284819183570449e-08 1.543936868042490337e-08 1.537690280396591556e-08 1.526929998276918491e-08 1.542518156795318918e-08 1.536582538008838690e-08 1.511353571230278772e-08
1.514238868450463803e-08 1.509976088583302102e-08 1.506421668514970225e-08 1.524034140227195656e-08 1.521277235087416913e-08 1.528982277249558258e-08 1.521330905162321164e-08 1.512446601140604636e-08 1.494590332588537740e-08 1.520369969904864990e-08 1.505970399940369754e-08 1.490472044128604385e-08 1.513604887441118236e-08 1.490444989532536592e-08 1.519468534893250310e-08 1.527943671665722644e-08 1.478822919219067394e-08 1.519687675868632282e-08 1.519449942799907838e-08 1.504805958243523919e-08 1.500093176017340870e-08 1.505182726454078638e-08 1.507802226296482433e-08 1.494823441534712645e-08 1.516253187778553478e-08 1.519285769582146579e-08 1.514749982545965352e-08 1.506000324082868036e-08 1.497806272317148160e-08 1.485966839346936826e-08 1.516876196829220036e-08 1.506318220152358972e-08 1.518460267981465303e-08 1.509116379757492668e-08 1.506800585651848999e-08 1.492017161510599124e-08 1.532712807999975052e-08 1.518011161832295396e-08 1.528438972111499933e-08 1.522384852772822328e-08 1.511789863586739596e-08 1.527026386227990580e-08 1.521291790689591751e-08 1.496347212926347921e-08
