1.603429661275297282e-08 1.594780855461959456e-08 1.588613169197083381e-08 1.611427868514568154e-08 1.608889451299631813e-08 1.614703968073452679e-08 1.609014954084185762e-08 1.602533493989575022e-08 1.584351697788995293e-08 1.609153371329737967e-08 1.587328091334549821e-08 1.578075242327158964e-08 1.598219554340605934e-08 1.577367896875768910e-08 1.599754561853163113e-08 1.615307775521116830e-08 1.568094639869609473e-08 1.603110948744529412e-08 1.605731578424115471e-08 1.594064255771613065e-08 1.590419965454293841e-08 1.592186216049080428e-08 1.594205272916535608e-08 1.579932722495622086e-08 1.599897171382865239e-08 1.606439557482373681e-08 1.600831371323026343e-08 1.590675285853149077e-08 1.584599582316646069e-08 1.575133177578631229e-08 1.597580754191761587e-08 1.592373053401295803e-08 1.607574762769971455e-08 1.586612262786591552e-08 1.593100464703402927e-08 1.579479757113820447e-08 1.616840081948595818e-08 1.601631493994096719e-08 1.615370819080033865e-08 1.605512304453893790e-08 1.599983504789159490e-08 1.616308113982575698e-08 1.610675078462170644e-08 1.582957280187988667e-08
1.594780855461959456e-08 1.586284877512027258e-08 1.580132686398858317e-08 1.602793986663797487e-08 1.600224886288236928e-08 1.606043326579014287e-08 1.600389090781260065e-08 1.593912897380906571e-08 1.575859733781486085e-08 1.600541377859733322e-08 1.578775102136224921e-08 1.569619347526088493e-08 1.589668520517905945e-08 1.568918329954623479e-08 1.591174811135060338e-08 1.606611437508961117e-08 1.559721961557163978e-08 1.594520205862160151e-08 1.597112326124890024e-08 1.585523146982855543e-08 1.581885239756101843e-08 1.583623163427904423e-08 1.585674158129155484e-08 1.571485041105018410e-08 1.591336312658211724e-08 1.597867514528481096e-08 1.592229925990296212e-08 1.582169831049980960e-08 1.576109237760685199e-08 1.566704030351637642e-08 1.588979203585575025e-08 1.583808148263264204e-08 1.598907411978931734e-08 1.578127109900617845e-08 1.584555706071582738e-08 1.570986248490857005e-08 1.608144908836778861e-08 1.593049750539735595e-08 1.606709545963032689e-08 1.596866956036308280e-08 1.591409196182036939e-08 1.607677366561739209e-08 1.602076443127026868e-08 1.574495136047388325e-08
1.588613169197083381e-08 1.580132686398858317e-08 1.574095727967270787e-08 1.596649556304759673e-08 1.594083686032745786e-08 1.599877133994424878e-08 1.594268995624413050e-08 1.587795246905248467e-08 1.569819638659072307e-08 1.594373789666637729e-08 1.572720385943002982e-08 1.563600251359840358e-08 1.583534150456046892e-08 1.562836233600923082e-08 1.585106512724362695e-08 1.600509584491878997e-08 1.553698482558472998e-08 1.588391460167916447e-08 1.590988543422809323e-08 1.579409436153333476e-08 1.575780375676664250e-08 1.577542755903792802e-08 1.579564744581710869e-08 1.565437061949123539e-08 1.585211621723700393e-08 1.591777599577547816e-08 1.586172278311753917e-08 1.576075201566968767e-08 1.570058755879851783e-08 1.560701526847656571e-08 1.582877948494017095e-08 1.577728789478495749e-08 1.592795934151583497e-08 1.572060229140877931e-08 1.578459876770564786e-08 1.564909847831269084e-08 1.602005239128590769e-08 1.586947984727620306e-08 1.600561350558380868e-08 1.590754970609049409e-08 1.585298033954393340e-08 1.601492253066576402e-08 1.595956887615276199e-08 1.568424932031542523e-08
1.611427868514568154e-08 1.602793986663797487e-08 1.596649556304759673e-08 1.619647988979617527e-08 1.617002115338079420e-08 1.622894582364665042e-08 1.617165773395232893e-08 1.610583771718767655e-08 1.592328356079720832e-08 1.617290945326531901e-08 1.595282790446516764e-08 1.586034029359633367e-08 1.606278041125228920e-08 1.585226859498771383e-08 1.607834087839597263e-08 1.623521522034978316e-08 1.575925093430503746e-08 1.611177583420377302e-08 1.613836038772729104e-08 1.602097396619131185e-08 1.598398830553544366e-08 1.600183021758340352e-08 1.602220721035660171e-08 1.587856409390591339e-08 1.607948275917044070e-08 1.614644872396400490e-08 1.608950925044898078e-08 1.598685943599594325e-08 1.592560939255845593e-08 1.583041576733139539e-08 1.605621093479618068e-08 1.600371398590852867e-08 1.615698820940814374e-08 1.594562853507851129e-08 1.601108349534234322e-08 1.587382905093664275e-08 1.625077053240822076e-08 1.609750871568851612e-08 1.623555745490550791e-08 1.613599640008153871e-08 1.608082689983222423e-08 1.624519427779465900e-08 1.618918902551145540e-08 1.590888701700867049e-08
1.608889451299631813e-08 1.600224886288236928e-08 1.594083686032745786e-08 1.617002115338079420e-08 1.614513462326171167e-08 1.620281922418312963e-08 1.614600305441428865e-08 1.608058088977894998e-08 1.589825262286542836e-08 1.614685924984138768e-08 1.592793493401826874e-08 1.583533503739119091e-08 1.603704941510166022e-08 1.582778645726529948e-08 1.605283494578849036e-08 1.620875622547371332e-08 1.573453344574138895e-08 1.608612942606707579e-08 1.611266555750888274e-08 1.599578134083581692e-08 1.595862284286833716e-08 1.597631637131589614e-08 1.599641388573878191e-08 1.585398367600738213e-08 1.605425300980809950e-08 1.612027953014263309e-08 1.606380947932394025e-08 1.596147303932379411e-08 1.590014579116928473e-08 1.580570062219705746e-08 1.603074412566008814e-08 1.597843800181508228e-08 1.613153363924548359e-08 1.592074841239581760e-08 1.598568555592087597e-08 1.584893512164968832e-08 1.622437991461729445e-08 1.607153376902980882e-08 1.620933930826034840e-08 1.611003606310786041e-08 1.605527866778839746e-08 1.621887487795373019e-08 1.616280138724904073e-08 1.588421531606716545e-08
1.614703968073452679e-08 1.606043326579014287e-08 1.599877133994424878e-08 1.622894582364665042e-08 1.620281922418312963e-08 1.626329068065820097e-08 1.620450335687091771e-08 1.613840103575488935e-08 1.595505407702085175e-08 1.620570595604833577e-08 1.598498674595082396e-08 1.589167478908467670e-08 1.609498720779504445e-08 1.588418867093444236e-08 1.611130621141522428e-08 1.626872630857596580e-08 1.579021048265972055e-08 1.614489071088394973e-08 1.617179187033094287e-08 1.605335268094670504e-08 1.601627562140582733e-08 1.603397436424200282e-08 1.605445460909693071e-08 1.591014369480712159e-08 1.611187940775158253e-08 1.617923216192832415e-08 1.612147509016508073e-08 1.601860737589360441e-08 1.595781713131845026e-08 1.586226930695051564e-08 1.608940503193679104e-08 1.603659933827495679e-08 1.619011697885592579e-08 1.597801166368418167e-08 1.604351450859515469e-08 1.590568865737238399e-08 1.628449687556661665e-08 1.613071639282745362e-08 1.626961633177715691e-08 1.616868784920866739e-08 1.611342072572455955e-08 1.627808163607542252e-08 1.622210907822084862e-08 1.594037405237475291e-08
1.609014954084185762e-08 1.600389090781260065e-08 1.594268995624413050e-08 1.617165773395232893e-08 1.614600305441428865e-08 1.620450335687091771e-08 1.614768469581134976e-08 1.608188276889230179e-08 1.589951785047537021e-08 1.614867317670840673e-08 1.592906421287010035e-08 1.583675940367920096e-08 1.603867486441833575e-08 1.582871773089068278e-08 1.605456047714604956e-08 1.621058813230355501e-08 1.573576085811600843e-08 1.608775474852964537e-08 1.611427010037570177e-08 1.599708002828280724e-08 1.596002612231613718e-08 1.597781539276052844e-08 1.599795395340398695e-08 1.585531244186056250e-08 1.605578937009323599e-08 1.612213308491535712e-08 1.606547701397836811e-08 1.596268008511485940e-08 1.590181020204112583e-08 1.580704090608048093e-08 1.603225760201747395e-08 1.597974478012739229e-08 1.613270641343386179e-08 1.592207543892862455e-08 1.598743427794759048e-08 1.585019709902352779e-08 1.622609001872953437e-08 1.607325162384115366e-08 1.621122685330762633e-08 1.611166330568730262e-08 1.605676443713800452e-08 1.622057072592442663e-08 1.616484495251867450e-08 1.588536910097099076e-08
1.602533493989575022e-08 1.593912897380906571e-08 1.587795246905248467e-08 1.610583771718767655e-08 1.608058088977894998e-08 1.613840103575488935e-08 1.608188276889230179e-08 1.601704870058143623e-08 1.583544014357611837e-08 1.608286956409033990e-08 1.586505654599879580e-08 1.577276913078655319e-08 1.597376943140827674e-08 1.576536929918936910e-08 1.598939530675992549e-08 1.614445010578788371e-08 1.567268400247277965e-08 1.602256315733330635e-08 1.604882203928148031e-08 1.593240906243768508e-08 1.589577740822261606e-08 1.591336496552849751e-08 1.593358475424754077e-08 1.579146446503928065e-08 1.599068318247333883e-08 1.605635402456634966e-08 1.600040034760425539e-08 1.589855910622718013e-08 1.583781759809826614e-08 1.574328630912147715e-08 1.596731694614138203e-08 1.591530503561005442e-08 1.606724293746064806e-08 1.585795933563025304e-08 1.592247734985437422e-08 1.578623661831798665e-08 1.616009759449611734e-08 1.600805351120907716e-08 1.614505075714205817e-08 1.604673540089938658e-08 1.599150073737023984e-08 1.615467293750921760e-08 1.609866206360383194e-08 1.582150053430665640e-08
1.584351697788995293e-08 1.575859733781486085e-08 1.569819638659072307e-08 1.592328356079720832e-08 1.589825262286542836e-08 1.595505407702085175e-08 1.589951785047537021e-08 1.583544014357611837e-08 1.565642216314888231e-08 1.590033260876668206e-08 1.568531214234138674e-08 1.559429611347477611e-08 1.579271374406315776e-08 1.558691284486572838e-08 1.580814849810718679e-08 1.596134046367379179e-08 1.549583151513432758e-08 1.584092673355226627e-08 1.586680112139862663e-08 1.575182103157267025e-08 1.571549606585990668e-08 1.573310264586316036e-08 1.575316031302938702e-08 1.561276823668182832e-08 1.580943393058570839e-08 1.587458574696857596e-08 1.581917709721038577e-08 1.571882003675502493e-08 1.565852978545306324e-08 1.556529148300535861e-08 1.578587702859651427e-08 1.573493729889436043e-08 1.588511655975586366e-08 1.567853247310142900e-08 1.574174816734245819e-08 1.560723554117659034e-08 1.597660456848943907e-08 1.582645666168682431e-08 1.596177618699232585e-08 1.586470683106799321e-08 1.581017177192137971e-08 1.597158152950961173e-08 1.591603879007759219e-08 1.564249359678873652e-08
1.609153371329737967e-08 1.600541377859733322e-08 1.594373789666637729e-08 1.617290945326531901e-08 1.614685924984138768e-08 1.620570595604833577e-08 1.614867317670840673e-08 1.608286956409033990e-08 1.590033260876668206e-08 1.615066178895426178e-08 1.592992436393169607e-08 1.583778227731856966e-08 1.603999762123922469e-08 1.582961467342021338e-08 1.605551261628568587e-08 1.621163906082685927e-08 1.573663930226984289e-08 1.608882630311742061e-08 1.611545106564739653e-08 1.599835895458347709e-08 1.596100806413255269e-08 1.597881617314072552e-08 1.599911514795910324e-08 1.585609295313226384e-08 1.605693649235031052e-08 1.612337712960142348e-08 1.606631693085295326e-08 1.596372037056300451e-08 1.590238351388962696e-08 1.580769677688009108e-08 1.603350023742968383e-08 1.598085071114206960e-08 1.613349480108567307e-08 1.592298040024740318e-08 1.598860348199013676e-08 1.585151066288165286e-08 1.622714257984449975e-08 1.607435178092440958e-08 1.621260342087421076e-08 1.611279338838546809e-08 1.605794844504080560e-08 1.622182860430428351e-08 1.616624603827900671e-08 1.588612162606783252e-08
1.587328091334549821e-08 1.578775102136224921e-08 1.572720385943002982e-08 1.595282790446516764e-08 1.592793493401826874e-08 1.598498674595082396e-08 1.592906421287010035e-08 1.586505654599879580e-08 1.568531214234138674e-08 1.592992436393169607e-08 1.571491103160552252e-08 1.562310037137375318e-08 1.582187651478683581e-08 1.561595700703884895e-08 1.583748281764944670e-08 1.599103702292230233e-08 1.552426158208385813e-08 1.587064520701274760e-08 1.589634876770236990e-08 1.578103751576891910e-08 1.574502138181647232e-08 1.576243511405470902e-08 1.578255212882226896e-08 1.564155760842388490e-08 1.583875423486707711e-08 1.590378516559191267e-08 1.584849965025809556e-08 1.574781175851113116e-08 1.568768948196739966e-08 1.559403065976554001e-08 1.581554571478276633e-08 1.576423582177074568e-08 1.591461625863334179e-08 1.570754775396730516e-08 1.577101743542959981e-08 1.563647409784650387e-08 1.600660858917405202e-08 1.585601892597420998e-08 1.599154827385666075e-08 1.589459208571693511e-08 1.583950867505691005e-08 1.600102974302629258e-08 1.594549323930303010e-08 1.567142075666882882e-08
1.578075242327158964e-08 1.569619347526088493e-08 1.563600251359840358e-08 1.586034029359633367e-08 1.583533503739119091e-08 1.589167478908467670e-08 1.583675940367920096e-08 1.577276913078655319e-08 1.559429611347477611e-08 1.583778227731856966e-08 1.562310037137375318e-08 1.553278887876747944e-08 1.573040930111249077e-08 1.552496653765724448e-08 1.574553554323535089e-08 1.589789521322051753e-08 1.543424668707206897e-08 1.577809017925457133e-08 1.580389340978592007e-08 1.568964473838341491e-08 1.565329167693724825e-08 1.567072681282544278e-08 1.569059937568016144e-08 1.555115114166071823e-08 1.574708951660717850e-08 1.581179090217928748e-08 1.575673620945801822e-08 1.565640466220405946e-08 1.559633312673281126e-08 1.550344047055701536e-08 1.572341720456018903e-08 1.567240525138088931e-08 1.582194280184322571e-08 1.561629751841707663e-08 1.567967814376764532e-08 1.554562863955567740e-08 1.591328381225129538e-08 1.576372723922570582e-08 1.589848406306113631e-08 1.580186762939429879e-08 1.574774731957215570e-08 1.590838930471776433e-08 1.585339880020618418e-08 1.558056489757754628e-08
1.598219554340605934e-08 1.589668520517905945e-08 1.583534150456046892e-08 1.606278041125228920e-08 1.603704941510166022e-08 1.609498720779504445e-08 1.603867486441833575e-08 1.597376943140827674e-08 1.579271374406315776e-08 1.603999762123922469e-08 1.582187651478683581e-08 1.573040930111249077e-08 1.593141169289529880e-08 1.572278649412619147e-08 1.594635159204109204e-08 1.610084928589005203e-08 1.563038879548015926e-08 1.597924163496970024e-08 1.600560544775259857e-08 1.588975305256705928e-08 1.585298545234524819e-08 1.587038786785322235e-08 1.589069739202707009e-08 1.574920588597110489e-08 1.594780390696756097e-08 1.601332267003376218e-08 1.595744780071050416e-08 1.585583745896920058e-08 1.579510937491033349e-08 1.570071151458259710e-08 1.592438865048531993e-08 1.587229405442757030e-08 1.602380117276518214e-08 1.581515194121573659e-08 1.587994397632400896e-08 1.574370739056001096e-08 1.611659648562698916e-08 1.596510025295636076e-08 1.610168925971785538e-08 1.600343623638754066e-08 1.594872770884082727e-08 1.611165021349284106e-08 1.605575970598653718e-08 1.577896531999416547e-08
1.577367896875768910e-08 1.568918329954623479e-08 1.562836233600923082e-08 1.585226859498771383e-08 1.582778645726529948e-08 1.588418867093444236e-08 1.582871773089068278e-08 1.576536929918936910e-08 1.558691284486572838e-08 1.582961467342021338e-08 1.561595700703884895e-08 1.552496653765724448e-08 1.572278649412619147e-08 1.551889800297497702e-08 1.573778361763752772e-08 1.588986949871729940e-08 1.542778461266580781e-08 1.577086155728509292e-08 1.579629062406679804e-08 1.568199360112061699e-08 1.564635283775781702e-08 1.566346403000000286e-08 1.568375735412763582e-08 1.554375782584799354e-08 1.573946302893305551e-08 1.580333485747215176e-08 1.574831571988055431e-08 1.564940472517651415e-08 1.558939095982952904e-08 1.549646234734124918e-08 1.571589906984230430e-08 1.566518252450942302e-08 1.581446937200752575e-08 1.560927151387495210e-08 1.567214766647586076e-08 1.553845013886027296e-08 1.590516686644519453e-08 1.575597754157748907e-08 1.589057543686080935e-08 1.579424407395070185e-08 1.573983541948014756e-08 1.590073948649346996e-08 1.584468449373111341e-08 1.557386083838041577e-08
1.599754561853163113e-08 1.591174811135060338e-08 1.585106512724362695e-08 1.607834087839597263e-08 1.605283494578849036e-08 1.611130621141522428e-08 1.605456047714604956e-08 1.598939530675992549e-08 1.580814849810718679e-08 1.605551261628568587e-08 1.583748281764944670e-08 1.574553554323535089e-08 1.594635159204109204e-08 1.573778361763752772e-08 1.596250966537402065e-08 1.611748075730779814e-08 1.564543945955290782e-08 1.599511090257847673e-08 1.602165623765668177e-08 1.590498552248844631e-08 1.586810021751905909e-08 1.588589648820111480e-08 1.590602695019343927e-08 1.576416304715788809e-08 1.596317285009903180e-08 1.602942539795490917e-08 1.597315503061861309e-08 1.587103435052308305e-08 1.581051255089453071e-08 1.571628849471961073e-08 1.594008441720520411e-08 1.588810415618553321e-08 1.603990586939626764e-08 1.583075942710023749e-08 1.589517858572703997e-08 1.575876485937901485e-08 1.613283191124120647e-08 1.598095635778612648e-08 1.611817135520576192e-08 1.601919308082249882e-08 1.596421052686303696e-08 1.612714092890983304e-08 1.607159708331285755e-08 1.579384215604799473e-08
1.615307775521116830e-08 1.606611437508961117e-08 1.600509584491878997e-08 1.623521522034978316e-08 1.620875622547371332e-08 1.626872630857596580e-08 1.621058813230355501e-08 1.614445010578788371e-08 1.596134046367379179e-08 1.621163906082685927e-08 1.599103702292230233e-08 1.589789521322051753e-08 1.610084928589005203e-08 1.588986949871729940e-08 1.611748075730779814e-08 1.627566719096737242e-08 1.579667764754421301e-08 1.615081814531136254e-08 1.617777419899590712e-08 1.605896605615788817e-08 1.602204413575341816e-08 1.604046181909102579e-08 1.606059342366445291e-08 1.591584282845548413e-08 1.611775271179669540e-08 1.618539619956610033e-08 1.612785361878283339e-08 1.602476260413822578e-08 1.596391995294248989e-08 1.586857867792635222e-08 1.609512428165402516e-08 1.604267704573552056e-08 1.619660266853966122e-08 1.598397221512135175e-08 1.604960799356704175e-08 1.591153719124442740e-08 1.629024238322531663e-08 1.613633750678051173e-08 1.627556413195664196e-08 1.617482935797655752e-08 1.611928558777589711e-08 1.628408533351434533e-08 1.622791525634193262e-08 1.594649749240773011e-08
1.568094639869609473e-08 1.559721961557163978e-08 1.553698482558472998e-08 1.575925093430503746e-08 1.573453344574138895e-08 1.579021048265972055e-08 1.573576085811600843e-08 1.567268400247277965e-08 1.549583151513432758e-08 1.573663930226984289e-08 1.552426158208385813e-08 1.543424668707206897e-08 1.563038879548015926e-08 1.542778461266580781e-08 1.564543945955290782e-08 1.579667764754421301e-08 1.533851502541546196e-08 1.567825999300968524e-08 1.570334019168029447e-08 1.558980086267181424e-08 1.555429464541543778e-08 1.557182645013391112e-08 1.559186128695085398e-08 1.545266368237260559e-08 1.564708968275144282e-08 1.571085679972838520e-08 1.565606122680102013e-08 1.555794423761854785e-08 1.549806632138149106e-08 1.540595983899851478e-08 1.562299275747842793e-08 1.557317802107446466e-08 1.572139402503617516e-08 1.551799283097704515e-08 1.557994316133933805e-08 1.544745909101411041e-08 1.581116452844499055e-08 1.566312214354839597e-08 1.579712899582301968e-08 1.570137038304146243e-08 1.564728157786806954e-08 1.580720568943558828e-08 1.575153581684479727e-08 1.548243904029881032e-08
1.603110948744529412e-08 1.594520205862160151e-08 1.588391460167916447e-08 1.611177583420377302e-08 1.608612942606707579e-08 1.614489071088394973e-08 1.608775474852964537e-08 1.602256315733330635e-08 1.584092673355226627e-08 1.608882630311742061e-08 1.587064520701274760e-08 1.577809017925457133e-08 1.597924163496970024e-08 1.577086155728509292e-08 1.599511090257847673e-08 1.615081814531136254e-08 1.567825999300968524e-08 1.602899779351203874e-08 1.605500756169844690e-08 1.593784931552514127e-08 1.590162357656247081e-08 1.591920661082150581e-08 1.593958176270229862e-08 1.579647468471695351e-08 1.599635984291174987e-08 1.606230686714912289e-08 1.600548549887440997e-08 1.590402111949563435e-08 1.584374650074852538e-08 1.574894479919993756e-08 1.597301337822438547e-08 1.592107571883453204e-08 1.607308012630903371e-08 1.586369334606894954e-08 1.592827016409925517e-08 1.579182245936245092e-08 1.616616308668482539e-08 1.601397697478830548e-08 1.615147249002444690e-08 1.605240694375212311e-08 1.599720897943790267e-08 1.616062225541136704e-08 1.610458452340400921e-08 1.582694593186729291e-08
1.605731578424115471e-08 1.597112326124890024e-08 1.590988543422809323e-08 1.613836038772729104e-08 1.611266555750888274e-08 1.617179187033094287e-08 1.611427010037570177e-08 1.604882203928148031e-08 1.586680112139862663e-08 1.611545106564739653e-08 1.589634876770236990e-08 1.580389340978592007e-08 1.600560544775259857e-08 1.579629062406679804e-08 1.602165623765668177e-08 1.617777419899590712e-08 1.570334019168029447e-08 1.605500756169844690e-08 1.608167117269875739e-08 1.596419646324761230e-08 1.592733842857530792e-08 1.594511227023869924e-08 1.596533998468091636e-08 1.582227182800078995e-08 1.602249512183913002e-08 1.608903937540512319e-08 1.603194499988614014e-08 1.592993619979217969e-08 1.586937793474444550e-08 1.577453264999394311e-08 1.599951330270543287e-08 1.594742987432225594e-08 1.609984699644406910e-08 1.588958565378135007e-08 1.595438299172431419e-08 1.581745779094119006e-08 1.619318043318094348e-08 1.604049817461033301e-08 1.617847414263118636e-08 1.607870588892356370e-08 1.602367205780621323e-08 1.618735668552131264e-08 1.613142720545507864e-08 1.585246466922475474e-08
1.594064255771613065e-08 1.585523146982855543e-08 1.579409436153333476e-08 1.602097396619131185e-08 1.599578134083581692e-08 1.605335268094670504e-08 1.599708002828280724e-08 1.593240906243768508e-08 1.575182103157267025e-08 1.599835895458347709e-08 1.578103751576891910e-08 1.568964473838341491e-08 1.588975305256705928e-08 1.568199360112061699e-08 1.590498552248844631e-08 1.605896605615788817e-08 1.558980086267181424e-08 1.593784931552514127e-08 1.596419646324761230e-08 1.584873394803999776e-08 1.581174919332511803e-08 1.582908596986563818e-08 1.584925375143916771e-08 1.570834936372360014e-08 1.590642169603591299e-08 1.597196089896581393e-08 1.591597033825533367e-08 1.581468131319158093e-08 1.575392688680954784e-08 1.565999810229372253e-08 1.588305418017791174e-08 1.583128410835278133e-08 1.598227337225253232e-08 1.577433028928424962e-08 1.583838631894102817e-08 1.570296451564513065e-08 1.607493278151388487e-08 1.592371709999799988e-08 1.606003970756906057e-08 1.596182488568138418e-08 1.590738482090169769e-08 1.606961540947643004e-08 1.601414363807600350e-08 1.573779994416855862e-08
1.590419965454293841e-08 1.581885239756101843e-08 1.575780375676664250e-08 1.598398830553544366e-08 1.595862284286833716e-08 1.601627562140582733e-08 1.596002612231613718e-08 1.589577740822261606e-08 1.571549606585990668e-08 1.596100806413255269e-08 1.574502138181647232e-08 1.565329167693724825e-08 1.585298545234524819e-08 1.564635283775781702e-08 1.586810021751905909e-08 1.602204413575341816e-08 1.555429464541543778e-08 1.590162357656247081e-08 1.592733842857530792e-08 1.581174919332511803e-08 1.577600883409937389e-08 1.579308702871173269e-08 1.581341922203908460e-08 1.567188601823765138e-08 1.586966056433723633e-08 1.593450083563545672e-08 1.587887013302475522e-08 1.577833645026787048e-08 1.571841805831857553e-08 1.562411211335395664e-08 1.584639175954402982e-08 1.579476392388939894e-08 1.594535429990879204e-08 1.573803533331955443e-08 1.580210743144178291e-08 1.566685696764220455e-08 1.603771573658263643e-08 1.588693580060099433e-08 1.602273088572757675e-08 1.592536135774419447e-08 1.587040989427000323e-08 1.603252605454445153e-08 1.597658291968490585e-08 1.570204393889843269e-08
1.592186216049080428e-08 1.583623163427904423e-08 1.577542755903792802e-08 1.600183021758340352e-08 1.597631637131589614e-08 1.603397436424200282e-08 1.597781539276052844e-08 1.591336496552849751e-08 1.573310264586316036e-08 1.597881617314072552e-08 1.576243511405470902e-08 1.567072681282544278e-08 1.587038786785322235e-08 1.566346403000000286e-08 1.588589648820111480e-08 1.604046181909102579e-08 1.557182645013391112e-08 1.591920661082150581e-08 1.594511227023869924e-08 1.582908596986563818e-08 1.579308702871173269e-08 1.581085753325111314e-08 1.583086484674018580e-08 1.568901648883206517e-08 1.588717581530876564e-08 1.595244431300651237e-08 1.589668986630893242e-08 1.579584672803331017e-08 1.573574484931999962e-08 1.564165054629374677e-08 1.586384181061936605e-08 1.581241407520562929e-08 1.596347256247116353e-08 1.575541521214697967e-08 1.581961733358319949e-08 1.568421574104128834e-08 1.605546520472764150e-08 1.590435583701087196e-08 1.604069144172750856e-08 1.594297204957118733e-08 1.588791079437963307e-08 1.605028359843486430e-08 1.599430371675456648e-08 1.571926721164383351e-08
1.594205272916535608e-08 1.585674158129155484e-08 1.579564744581710869e-08 1.602220721035660171e-08 1.599641388573878191e-08 1.605445460909693071e-08 1.599795395340398695e-08 1.593358475424754077e-08 1.575316031302938702e-08 1.599911514795910324e-08 1.578255212882226896e-08 1.569059937568016144e-08 1.589069739202707009e-08 1.568375735412763582e-08 1.590602695019343927e-08 1.606059342366445291e-08 1.559186128695085398e-08 1.593958176270229862e-08 1.596533998468091636e-08 1.584925375143916771e-08 1.581341922203908460e-08 1.583086484674018580e-08 1.585146256784466330e-08 1.570900352291823799e-08 1.590733026179425715e-08 1.597275767961072980e-08 1.591668701753602617e-08 1.581627380088240194e-08 1.575593702249815994e-08 1.566158212838403669e-08 1.588397863304460315e-08 1.583257076761889233e-08 1.598346350764897099e-08 1.577562891133574691e-08 1.583956156991228867e-08 1.570408781859261248e-08 1.607582937036879536e-08 1.592478935221172893e-08 1.606101083815384885e-08 1.596336745742112456e-08 1.590807888723175876e-08 1.607087053781229409e-08 1.601466026188862344e-08 1.573947318039557611e-08
1.579932722495622086e-08 1.571485041105018410e-08 1.565437061949123539e-08 1.587856409390591339e-08 1.585398367600738213e-08 1.591014369480712159e-08 1.585531244186056250e-08 1.579146446503928065e-08 1.561276823668182832e-08 1.585609295313226384e-08 1.564155760842388490e-08 1.555115114166071823e-08 1.574920588597110489e-08 1.554375782584799354e-08 1.576416304715788809e-08 1.591584282845548413e-08 1.545266368237260559e-08 1.579647468471695351e-08 1.582227182800078995e-08 1.570834936372360014e-08 1.567188601823765138e-08 1.568901648883206517e-08 1.570900352291823799e-08 1.557029908546148763e-08 1.576583638271014956e-08 1.583011648410499252e-08 1.577549779301692523e-08 1.567503038876258545e-08 1.561491509330789934e-08 1.552194528398831689e-08 1.574200291121277619e-08 1.569079540466419584e-08 1.584029970349086048e-08 1.563503351004597930e-08 1.569823198780391721e-08 1.556394970208243889e-08 1.593178047753311067e-08 1.578233453910829308e-08 1.591690197855796450e-08 1.582045066874678227e-08 1.576629485240098359e-08 1.592702229025428353e-08 1.587175834318448473e-08 1.559934579519278095e-08
1.599897171382865239e-08 1.591336312658211724e-08 1.585211621723700393e-08 1.607948275917044070e-08 1.605425300980809950e-08 1.611187940775158253e-08 1.605578937009323599e-08 1.599068318247333883e-08 1.580943393058570839e-08 1.605693649235031052e-08 1.583875423486707711e-08 1.574708951660717850e-08 1.594780390696756097e-08 1.573946302893305551e-08 1.596317285009903180e-08 1.611775271179669540e-08 1.564708968275144282e-08 1.599635984291174987e-08 1.602249512183913002e-08 1.590642169603591299e-08 1.586966056433723633e-08 1.588717581530876564e-08 1.590733026179425715e-08 1.576583638271014956e-08 1.596490383594677146e-08 1.603019845886812047e-08 1.597410893805329722e-08 1.587237206095349764e-08 1.581168748449905972e-08 1.571753729367216288e-08 1.594104246480522410e-08 1.588895310852134085e-08 1.604070512242142018e-08 1.583199400197124137e-08 1.589678832472217562e-08 1.576050182621028774e-08 1.613327757817313100e-08 1.598166028551866782e-08 1.611859315431676986e-08 1.602005971377843153e-08 1.596548570354372976e-08 1.612837296534091430e-08 1.607262695158053082e-08 1.579580106641439827e-08
1.606439557482373681e-08 1.597867514528481096e-08 1.591777599577547816e-08 1.614644872396400490e-08 1.612027953014263309e-08 1.617923216192832415e-08 1.612213308491535712e-08 1.605635402456634966e-08 1.587458574696857596e-08 1.612337712960142348e-08 1.590378516559191267e-08 1.581179090217928748e-08 1.601332267003376218e-08 1.580333485747215176e-08 1.602942539795490917e-08 1.618539619956610033e-08 1.571085679972838520e-08 1.606230686714912289e-08 1.608903937540512319e-08 1.597196089896581393e-08 1.593450083563545672e-08 1.595244431300651237e-08 1.597275767961072980e-08 1.583011648410499252e-08 1.603019845886812047e-08 1.609754393127626622e-08 1.604038675010007569e-08 1.593776038959585120e-08 1.587660067426222951e-08 1.578205265678071683e-08 1.600687426612991883e-08 1.595476697531452651e-08 1.610723950580735233e-08 1.589709157211197234e-08 1.596165141776697166e-08 1.582479784671815795e-08 1.620102358461793614e-08 1.604834084773258491e-08 1.618613146470698660e-08 1.608638812048935531e-08 1.603151133296026116e-08 1.619518646343419845e-08 1.613987260232277281e-08 1.585976529686279580e-08
1.600831371323026343e-08 1.592229925990296212e-08 1.586172278311753917e-08 1.608950925044898078e-08 1.606380947932394025e-08 1.612147509016508073e-08 1.606547701397836811e-08 1.600040034760425539e-08 1.581917709721038577e-08 1.606631693085295326e-08 1.584849965025809556e-08 1.575673620945801822e-08 1.595744780071050416e-08 1.574831571988055431e-08 1.597315503061861309e-08 1.612785361878283339e-08 1.565606122680102013e-08 1.600548549887440997e-08 1.603194499988614014e-08 1.591597033825533367e-08 1.587887013302475522e-08 1.589668986630893242e-08 1.591668701753602617e-08 1.577549779301692523e-08 1.597410893805329722e-08 1.604038675010007569e-08 1.598502137940044732e-08 1.588207191496258981e-08 1.582120959353607370e-08 1.572689076401555959e-08 1.595076585650713937e-08 1.589854235918626867e-08 1.605050845904888498e-08 1.584125976733329043e-08 1.590585254798412323e-08 1.576956531767608901e-08 1.614377429666695978e-08 1.599179170529315187e-08 1.612836978381112844e-08 1.603039814456929025e-08 1.597515683162196947e-08 1.613798824204916547e-08 1.608268254686417124e-08 1.580471544332328698e-08
1.590675285853149077e-08 1.582169831049980960e-08 1.576075201566968767e-08 1.598685943599594325e-08 1.596147303932379411e-08 1.601860737589360441e-08 1.596268008511485940e-08 1.589855910622718013e-08 1.571882003675502493e-08 1.596372037056300451e-08 1.574781175851113116e-08 1.565640466220405946e-08 1.585583745896920058e-08 1.564940472517651415e-08 1.587103435052308305e-08 1.602476260413822578e-08 1.555794423761854785e-08 1.590402111949563435e-08 1.592993619979217969e-08 1.581468131319158093e-08 1.577833645026787048e-08 1.579584672803331017e-08 1.581627380088240194e-08 1.567503038876258545e-08 1.587237206095349764e-08 1.593776038959585120e-08 1.588207191496258981e-08 1.578183068683214750e-08 1.572103465530167608e-08 1.562730970871675587e-08 1.584876202456811329e-08 1.579769151739663350e-08 1.594826659788446297e-08 1.574111495115748166e-08 1.580439030580022431e-08 1.566953779778326077e-08 1.604020879272396093e-08 1.588958465323260475e-08 1.602530025977077335e-08 1.592802240402227751e-08 1.587314642746032799e-08 1.603541742575019371e-08 1.597934981831284837e-08 1.570499049371801915e-08
1.584599582316646069e-08 1.576109237760685199e-08 1.570058755879851783e-08 1.592560939255845593e-08 1.590014579116928473e-08 1.595781713131845026e-08 1.590181020204112583e-08 1.583781759809826614e-08 1.565852978545306324e-08 1.590238351388962696e-08 1.568768948196739966e-08 1.559633312673281126e-08 1.579510937491033349e-08 1.558939095982952904e-08 1.581051255089453071e-08 1.596391995294248989e-08 1.549806632138149106e-08 1.584374650074852538e-08 1.586937793474444550e-08 1.575392688680954784e-08 1.571841805831857553e-08 1.573574484931999962e-08 1.575593702249815994e-08 1.561491509330789934e-08 1.581168748449905972e-08 1.587660067426222951e-08 1.582120959353607370e-08 1.572103465530167608e-08 1.566171595438677652e-08 1.556760234444132541e-08 1.578840453395585718e-08 1.573733947172460879e-08 1.588736897430606660e-08 1.568092634321068891e-08 1.574434476321528076e-08 1.560946602333822666e-08 1.597935203878602914e-08 1.582908563658722071e-08 1.596434651988821067e-08 1.586739417099494061e-08 1.581234402752120562e-08 1.597411419815595764e-08 1.591821569612012085e-08 1.564492144903843338e-08
1.575133177578631229e-08 1.566704030351637642e-08 1.560701526847656571e-08 1.583041576733139539e-08 1.580570062219705746e-08 1.586226930695051564e-08 1.580704090608048093e-08 1.574328630912147715e-08 1.556529148300535861e-08 1.580769677688009108e-08 1.559403065976554001e-08 1.550344047055701536e-08 1.570071151458259710e-08 1.549646234734124918e-08 1.571628849471961073e-08 1.586857867792635222e-08 1.540595983899851478e-08 1.574894479919993756e-08 1.577453264999394311e-08 1.565999810229372253e-08 1.562411211335395664e-08 1.564165054629374677e-08 1.566158212838403669e-08 1.552194528398831689e-08 1.571753729367216288e-08 1.578205265678071683e-08 1.572689076401555959e-08 1.562730970871675587e-08 1.556760234444132541e-08 1.547501613635846717e-08 1.569399746345640691e-08 1.564337614261446478e-08 1.579275980593851563e-08 1.558749914756187060e-08 1.565035176082445569e-08 1.551642465039538768e-08 1.588340019453257359e-08 1.573422698902546398e-08 1.586899451968156947e-08 1.577224717205228350e-08 1.571806914489372828e-08 1.587861372974556741e-08 1.582317449147968881e-08 1.555173448261703663e-08
1.597580754191761587e-08 1.588979203585575025e-08 1.582877948494017095e-08 1.605621093479618068e-08 1.603074412566008814e-08 1.608940503193679104e-08 1.603225760201747395e-08 1.596731694614138203e-08 1.578587702859651427e-08 1.603350023742968383e-08 1.581554571478276633e-08 1.572341720456018903e-08 1.592438865048531993e-08 1.571589906984230430e-08 1.594008441720520411e-08 1.609512428165402516e-08 1.562299275747842793e-08 1.597301337822438547e-08 1.599951330270543287e-08 1.588305418017791174e-08 1.584639175954402982e-08 1.586384181061936605e-08 1.588397863304460315e-08 1.574200291121277619e-08 1.594104246480522410e-08 1.600687426612991883e-08 1.595076585650713937e-08 1.584876202456811329e-08 1.578840453395585718e-08 1.569399746345640691e-08 1.591847917582768268e-08 1.586613329245290905e-08 1.601777085778869176e-08 1.580846644492407463e-08 1.587339096916829006e-08 1.573710979669204434e-08 1.611079585551987524e-08 1.595897645642545705e-08 1.609591915869460845e-08 1.599716309280314978e-08 1.594222146850680635e-08 1.610488221087951927e-08 1.604933826268857648e-08 1.577175560421354428e-08
1.592373053401295803e-08 1.583808148263264204e-08 1.577728789478495749e-08 1.600371398590852867e-08 1.597843800181508228e-08 1.603659933827495679e-08 1.597974478012739229e-08 1.591530503561005442e-08 1.573493729889436043e-08 1.598085071114206960e-08 1.576423582177074568e-08 1.567240525138088931e-08 1.587229405442757030e-08 1.566518252450942302e-08 1.588810415618553321e-08 1.604267704573552056e-08 1.557317802107446466e-08 1.592107571883453204e-08 1.594742987432225594e-08 1.583128410835278133e-08 1.579476392388939894e-08 1.581241407520562929e-08 1.583257076761889233e-08 1.569079540466419584e-08 1.588895310852134085e-08 1.595476697531452651e-08 1.589854235918626867e-08 1.579769151739663350e-08 1.573733947172460879e-08 1.564337614261446478e-08 1.586613329245290905e-08 1.581477964921609060e-08 1.596566155785584609e-08 1.575750290131229549e-08 1.582123053819991757e-08 1.568588032564511249e-08 1.605792736005979980e-08 1.590674374849970775e-08 1.604326908830089827e-08 1.594491287403784645e-08 1.589003105786902159e-08 1.605229154859037161e-08 1.599655379765381563e-08 1.572064235685270823e-08
1.607574762769971455e-08 1.598907411978931734e-08 1.592795934151583497e-08 1.615698820940814374e-08 1.613153363924548359e-08 1.619011697885592579e-08 1.613270641343386179e-08 1.606724293746064806e-08 1.588511655975586366e-08 1.613349480108567307e-08 1.591461625863334179e-08 1.582194280184322571e-08 1.602380117276518214e-08 1.581446937200752575e-08 1.603990586939626764e-08 1.619660266853966122e-08 1.572139402503617516e-08 1.607308012630903371e-08 1.609984699644406910e-08 1.598227337225253232e-08 1.594535429990879204e-08 1.596347256247116353e-08 1.598346350764897099e-08 1.584029970349086048e-08 1.604070512242142018e-08 1.610723950580735233e-08 1.605050845904888498e-08 1.594826659788446297e-08 1.588736897430606660e-08 1.579275980593851563e-08 1.601777085778869176e-08 1.596566155785584609e-08 1.611893766010894557e-08 1.590752982984744085e-08 1.597263835120158557e-08 1.583551871318836661e-08 1.621155771807586124e-08 1.605854542595653297e-08 1.619665523348230448e-08 1.609696046851727175e-08 1.604196282644012720e-08 1.620586293868783345e-08 1.614952419102685677e-08 1.587082175589492470e-08
1.586612262786591552e-08 1.578127109900617845e-08 1.572060229140877931e-08 1.594562853507851129e-08 1.592074841239581760e-08 1.597801166368418167e-08 1.592207543892862455e-08 1.585795933563025304e-08 1.567853247310142900e-08 1.592298040024740318e-08 1.570754775396730516e-08 1.561629751841707663e-08 1.581515194121573659e-08 1.560927151387495210e-08 1.583075942710023749e-08 1.598397221512135175e-08 1.551799283097704515e-08 1.586369334606894954e-08 1.588958565378135007e-08 1.577433028928424962e-08 1.573803533331955443e-08 1.575541521214697967e-08 1.577562891133574691e-08 1.563503351004597930e-08 1.583199400197124137e-08 1.589709157211197234e-08 1.584125976733329043e-08 1.574111495115748166e-08 1.568092634321068891e-08 1.558749914756187060e-08 1.580846644492407463e-08 1.575750290131229549e-08 1.590752982984744085e-08 1.570124605973537247e-08 1.576419800619315253e-08 1.562948940038464662e-08 1.599929028348636619e-08 1.584909845481937358e-08 1.598486447959172583e-08 1.588720199801612984e-08 1.583266896723478096e-08 1.599422788923297610e-08 1.593854193998226050e-08 1.566469463190552775e-08
1.593100464703402927e-08 1.584555706071582738e-08 1.578459876770564786e-08 1.601108349534234322e-08 1.598568555592087597e-08 1.604351450859515469e-08 1.598743427794759048e-08 1.592247734985437422e-08 1.574174816734245819e-08 1.598860348199013676e-08 1.577101743542959981e-08 1.567967814376764532e-08 1.587994397632400896e-08 1.567214766647586076e-08 1.589517858572703997e-08 1.604960799356704175e-08 1.557994316133933805e-08 1.592827016409925517e-08 1.595438299172431419e-08 1.583838631894102817e-08 1.580210743144178291e-08 1.581961733358319949e-08 1.583956156991228867e-08 1.569823198780391721e-08 1.589678832472217562e-08 1.596165141776697166e-08 1.590585254798412323e-08 1.580439030580022431e-08 1.574434476321528076e-08 1.565035176082445569e-08 1.587339096916829006e-08 1.582123053819991757e-08 1.597263835120158557e-08 1.576419800619315253e-08 1.582950985392832728e-08 1.569323669581668756e-08 1.606467147162921849e-08 1.591354683328899095e-08 1.605016568487431726e-08 1.595185072778516872e-08 1.589744486252433871e-08 1.605981817635703189e-08 1.600409499155041233e-08 1.572840454886426385e-08
1.579479757113820447e-08 1.570986248490857005e-08 1.564909847831269084e-08 1.587382905093664275e-08 1.584893512164968832e-08 1.590568865737238399e-08 1.585019709902352779e-08 1.578623661831798665e-08 1.560723554117659034e-08 1.585151066288165286e-08 1.563647409784650387e-08 1.554562863955567740e-08 1.574370739056001096e-08 1.553845013886027296e-08 1.575876485937901485e-08 1.591153719124442740e-08 1.544745909101411041e-08 1.579182245936245092e-08 1.581745779094119006e-08 1.570296451564513065e-08 1.566685696764220455e-08 1.568421574104128834e-08 1.570408781859261248e-08 1.556394970208243889e-08 1.576050182621028774e-08 1.582479784671815795e-08 1.576956531767608901e-08 1.566953779778326077e-08 1.560946602333822666e-08 1.551642465039538768e-08 1.573710979669204434e-08 1.568588032564511249e-08 1.583551871318836661e-08 1.562948940038464662e-08 1.569323669581668756e-08 1.555943983854406730e-08 1.592677464919049400e-08 1.577708047911813359e-08 1.591233319487908776e-08 1.581531698820272509e-08 1.576112292900380683e-08 1.592182426802174724e-08 1.586661100365621522e-08 1.559354691057849194e-08
