9.571246992651836448e-09 9.511667543210112901e-09 9.491261719974560029e-09 9.610438973185404212e-09 9.623897669071426886e-09 9.685505629988580522e-09 9.597947015524365889e-09 9.579062769652734628e-09 9.422705791739739588e-09 9.610817553545325628e-09 9.489388006533030528e-09 9.345438870373573037e-09 9.558600152267676464e-09 9.382898248352726259e-09 9.569135188205945940e-09 9.670588059417113369e-09 9.269792891146745246e-09 9.580213458024598041e-09 9.595184426768295958e-09 9.484751981482986854e-09 9.440669563707408136e-09 9.479713828345362945e-09 9.516617098328275084e-09 9.409485179516795389e-09 9.544733648504913133e-09 9.600271958295842112e-09 9.558681962359158775e-09 9.474303431762074643e-09 9.419434428390232595e-09 9.328387316754960465e-09 9.544248893675900704e-09 9.485896953211855412e-09 9.595349388652557452e-09 9.487204270703355264e-09 9.497832292949315508e-09 9.384867478522533438e-09 9.680785822095595925e-09 9.560738589133890548e-09 9.654737134889479007e-09 9.609470083062821354e-09 9.528390098667024546e-09 9.671654427124823464e-09 9.611671486787835976e-09 9.401906655806430313e-09
9.511667543210112901e-09 9.454203101645649401e-09 9.433088426774867851e-09 9.550981236883706828e-09 9.564189554852938472e-09 9.625132090636834192e-09 9.537885198604573348e-09 9.519741201269790502e-09 9.365913384614887099e-09 9.550802649965388860e-09 9.431047995414354496e-09 9.289213213522665735e-09 9.499779286810869656e-09 9.326886251213310881e-09 9.510208109154648337e-09 9.610081267617307528e-09 9.215160961548861770e-09 9.520973809511721352e-09 9.535892510808609222e-09 9.427005027690993239e-09 9.383218310979268012e-09 9.422511867346660835e-09 9.458506259325321022e-09 9.352833443841096175e-09 9.485943767137900966e-09 9.540666349294214317e-09 9.499947575129197453e-09 9.416688719008131618e-09 9.362286123909316396e-09 9.272708743335290350e-09 9.485285010766819516e-09 9.428106909602181663e-09 9.535739475491483664e-09 9.429879277348992645e-09 9.439515009169726964e-09 9.328038086615886602e-09 9.619934892346792832e-09 9.501805198287159183e-09 9.594595592126571688e-09 9.549946985882719381e-09 9.469534815921729960e-09 9.611252335103766949e-09 9.551929444271251426e-09 9.345070846468046869e-09
9.491261719974560029e-09 9.433088426774867851e-09 9.414514225591025194e-09 9.530603166325765470e-09 9.543580471065478180e-09 9.604621687475425900e-09 9.518186824822022175e-09 9.500147213930952002e-09 9.346125493597001754e-09 9.531020570741153715e-09 9.411538433143363861e-09 9.270426708058855085e-09 9.480196152736525236e-09 9.306889445027500253e-09 9.490139118399147720e-09 9.589271187448370779e-09 9.195904729154473179e-09 9.501023665364309392e-09 9.514843337742554816e-09 9.407030127225643145e-09 9.363704460857036303e-09 9.402527432583041163e-09 9.438557794615425458e-09 9.333103475327690320e-09 9.465701847008676953e-09 9.520183526659242817e-09 9.479829976955135181e-09 9.397101662220071388e-09 9.342702940271285746e-09 9.253056983994374615e-09 9.465089154944824670e-09 9.408534056169852120e-09 9.515622173188819120e-09 9.409920663370623428e-09 9.419179764666097610e-09 9.308455724720594738e-09 9.600038925667484647e-09 9.481842719458480549e-09 9.573981402998578618e-09 9.529790299213274436e-09 9.449700122122234708e-09 9.591340857947299812e-09 9.531915320221063749e-09 9.326098860249462134e-09
9.610438973185404212e-09 9.550981236883706828e-09 9.530603166325765470e-09 9.651267185442359731e-09 9.663529803994010531e-09 9.726357198179954747e-09 9.637654262698876575e-09 9.618891157278892450e-09 9.461337408666192112e-09 9.651076134902150717e-09 9.528612748810711445e-09 9.383862761119191694e-09 9.598474205461056267e-09 9.421447958518006651e-09 9.609199299128064834e-09 9.710758163562598810e-09 9.307572000356439325e-09 9.619992027476981397e-09 9.635179888826579306e-09 9.523939426742969554e-09 9.479365732318665338e-09 9.518517036370352952e-09 9.556437950253761955e-09 9.447166103993217878e-09 9.584342560631086531e-09 9.640518533108294919e-09 9.598571375981501804e-09 9.513696964804001995e-09 9.457656005103617276e-09 9.366596872815765625e-09 9.584282412814078885e-09 9.525175795862626921e-09 9.634795761296812400e-09 9.526250633403951178e-09 9.537001548889353821e-09 9.423417530022773598e-09 9.721664442545733575e-09 9.600746899853815477e-09 9.695088926224256192e-09 9.649632220120369943e-09 9.567750982735691833e-09 9.712439238110838533e-09 9.651907280507665453e-09 9.440478881812939637e-09
9.623897669071426886e-09 9.564189554852938472e-09 9.543580471065478180e-09 9.663529803994010531e-09 9.677970150960148526e-09 9.739097163765836279e-09 9.651224983075847066e-09 9.632644648966038477e-09 9.474587289003265331e-09 9.663958798210088505e-09 9.541732356938252235e-09 9.397056880869206322e-09 9.611373452139841731e-09 9.434999607207169738e-09 9.622034495540864016e-09 9.724523290502414421e-09 9.320908960438027851e-09 9.633367422204514379e-09 9.648167601035843796e-09 9.537368683683847236e-09 9.492789656471274792e-09 9.532209488973321322e-09 9.569416031401693243e-09 9.461236848787620942e-09 9.597417554412621217e-09 9.653442753525844291e-09 9.612120124723259418e-09 9.526826013824501493e-09 9.471409319437922855e-09 9.379814408151746498e-09 9.597484936339409717e-09 9.538410249802044124e-09 9.648340266061450198e-09 9.539455202614845073e-09 9.550112516416868938e-09 9.436713018473169747e-09 9.734840378647981454e-09 9.613656894273310244e-09 9.708236103409983385e-09 9.662792386845502462e-09 9.581219102620973314e-09 9.725413092855184837e-09 9.664907130417048448e-09 9.453964766715769380e-09
9.685505629988580522e-09 9.625132090636834192e-09 9.604621687475425900e-09 9.726357198179954747e-09 9.739097163765836279e-09 9.803119855030645626e-09 9.713125466153573573e-09 9.693834726077645598e-09 9.534723851840750990e-09 9.726291934484748742e-09 9.602634272040131540e-09 9.456372386776758586e-09 9.672809895822933728e-09 9.494185491357587266e-09 9.684208817954558655e-09 9.786725751855322752e-09 9.378906894124614768e-09 9.695029456293724873e-09 9.710215692902580106e-09 9.598027300315799113e-09 9.552758471956077848e-09 9.592197632422337640e-09 9.630689515687967329e-09 9.520312735978879809e-09 9.659209398073471123e-09 9.715664691477243592e-09 9.673345668931572000e-09 9.587560132184201311e-09 9.531032139003287829e-09 9.438427851271516999e-09 9.658931922725687641e-09 9.599210026111595077e-09 9.709829177411332718e-09 9.600011553164446744e-09 9.611344029836046997e-09 9.495953229232254575e-09 9.798292670955840891e-09 9.675498781196036454e-09 9.771094123281784656e-09 9.725108265956663080e-09 9.642095782067785110e-09 9.788566669250412747e-09 9.727609105102283901e-09 9.513425970570997332e-09
9.597947015524365889e-09 9.537885198604573348e-09 9.518186824822022175e-09 9.637654262698876575e-09 9.651224983075847066e-09 9.713125466153573573e-09 9.626203147725849591e-09 9.607149067120203425e-09 9.449140212190517167e-09 9.638573060193788280e-09 9.516172880339665007e-09 9.372177568920392324e-09 9.586072949861050072e-09 9.409301758456127924e-09 9.596275899521729764e-09 9.698362896404121895e-09 9.295279510997776139e-09 9.607683698916342937e-09 9.622004929733384287e-09 9.511740736786779339e-09 9.467112291652859955e-09 9.506313374804482074e-09 9.544016073910792435e-09 9.435444765522725899e-09 9.571821638013160149e-09 9.627596057546783671e-09 9.586248846564936986e-09 9.501381677471402917e-09 9.445796749957130115e-09 9.354481219950241569e-09 9.571471236227756116e-09 9.512782057477499051e-09 9.622392384906810324e-09 9.513615711385585212e-09 9.524424759362928844e-09 9.411317639218905297e-09 9.709345191908461654e-09 9.588064810939169493e-09 9.682505230572419267e-09 9.636646759420514747e-09 9.555744573289764936e-09 9.699663961447349603e-09 9.639028936384606738e-09 9.428338284612963685e-09
9.579062769652734628e-09 9.519741201269790502e-09 9.500147213930952002e-09 9.618891157278892450e-09 9.632644648966038477e-09 9.693834726077645598e-09 9.607149067120203425e-09 9.589312859449756322e-09 9.431507218146865058e-09 9.619874357395821789e-09 9.498228220488410156e-09 9.354646815103381582e-09 9.567635262401968962e-09 9.392037142753484333e-09 9.577890427737516218e-09 9.679348983545889281e-09 9.278605383167264815e-09 9.589348773719865832e-09 9.603200852977700020e-09 9.493723529993079370e-09 9.449270600046630826e-09 9.488266884993106724e-09 9.525839448496977763e-09 9.418151501476481673e-09 9.553157065459268644e-09 9.608534179122041373e-09 9.568321546870056900e-09 9.483539502012455524e-09 9.428383269348122486e-09 9.337198361675640147e-09 9.553044379060090384e-09 9.494992334284349251e-09 9.603629398818938773e-09 9.495854546981113617e-09 9.505809217909103425e-09 9.393851245452309230e-09 9.690276879531119617e-09 9.569723213137707765e-09 9.663044492806605314e-09 9.617709884761242667e-09 9.537501948738140937e-09 9.680771781452560101e-09 9.620119458048899456e-09 9.411061894598936343e-09
9.422705791739739588e-09 9.365913384614887099e-09 9.346125493597001754e-09 9.461337408666192112e-09 9.474587289003265331e-09 9.534723851840750990e-09 9.449140212190517167e-09 9.431507218146865058e-09 9.280440369928541161e-09 9.461614805209813706e-09 9.343674637934426453e-09 9.204834556040090772e-09 9.411580822736082077e-09 9.241525552259989227e-09 9.421670278515976151e-09 9.519572682543509230e-09 9.131416884274263958e-09 9.432745059510652811e-09 9.446232786020887969e-09 9.339816221519084343e-09 9.296734719826199371e-09 9.335391777397471446e-09 9.370623322431252931e-09 9.267271076824975004e-09 9.397710054157568807e-09 9.450981784929352117e-09 9.411336522370388716e-09 9.329821400441328131e-09 9.276421728590996838e-09 9.187782700867632558e-09 9.396539610639822570e-09 9.340950899850505267e-09 9.446636263217632338e-09 9.342600951336947902e-09 9.351357819222572714e-09 9.242280071742918932e-09 9.529367739011890994e-09 9.413802844354237526e-09 9.504606119957808416e-09 9.460455050605752941e-09 9.381428378080457241e-09 9.520922241528650337e-09 9.462611587046562077e-09 9.259438105599257781e-09
9.610817553545325628e-09 9.550802649965388860e-09 9.531020570741153715e-09 9.651076134902150717e-09 9.663958798210088505e-09 9.726291934484748742e-09 9.638573060193788280e-09 9.619874357395821789e-09 9.461614805209813706e-09 9.651996395175765058e-09 9.529225306323219584e-09 9.384200327110747808e-09 9.598996060747817458e-09 9.421781813503571156e-09 9.609535281964869062e-09 9.711211759141047786e-09 9.307603741890288137e-09 9.620715096082762892e-09 9.635115440544082671e-09 9.524325171203320855e-09 9.479836314265810241e-09 9.518826290005209702e-09 9.556601068616510516e-09 9.447667830873683837e-09 9.584531852414933904e-09 9.640659972215308537e-09 9.599322112849245527e-09 9.514083621546521570e-09 9.457981126794297430e-09 9.366669296082170763e-09 9.584678154216654361e-09 9.525585243278601367e-09 9.635321888362232141e-09 9.526514028945710311e-09 9.537067066567848974e-09 9.423786717169419431e-09 9.722428902953452057e-09 9.601112264906058965e-09 9.695569854736802426e-09 9.649805943150400808e-09 9.568392311465374477e-09 9.713035035911533702e-09 9.651981290654829422e-09 9.441069476929723228e-09
9.489388006533030528e-09 9.431047995414354496e-09 9.411538433143363861e-09 9.528612748810711445e-09 9.541732356938252235e-09 9.602634272040131540e-09 9.516172880339665007e-09 9.498228220488410156e-09 9.343674637934426453e-09 9.529225306323219584e-09 9.409655485348335682e-09 9.267426764286554737e-09 9.477836411961734460e-09 9.304398523203120716e-09 9.488086422559686661e-09 9.587696394405256786e-09 9.192981911180203783e-09 9.499244242792722877e-09 9.513290463612889497e-09 9.404674476413713428e-09 9.361411758958341195e-09 9.399875973306092479e-09 9.436030166636082545e-09 9.330726434467543878e-09 9.463493521880949080e-09 9.518280248181597705e-09 9.477989588053891238e-09 9.394742703379739006e-09 9.340471982223985750e-09 9.250356766269958252e-09 9.463292858835870491e-09 9.406177011447073070e-09 9.513596650004481328e-09 9.407355395725379009e-09 9.416949263661176092e-09 9.305895989547941674e-09 9.598333021210243915e-09 9.479811719475319723e-09 9.572068045873762348e-09 9.527783271318041418e-09 9.447356497770183757e-09 9.589376894846315788e-09 9.529819677111780501e-09 9.323537031688056063e-09
9.345438870373573037e-09 9.289213213522665735e-09 9.270426708058855085e-09 9.383862761119191694e-09 9.397056880869206322e-09 9.456372386776758586e-09 9.372177568920392324e-09 9.354646815103381582e-09 9.204834556040090772e-09 9.384200327110747808e-09 9.267426764286554737e-09 9.131389496821711614e-09 9.335236034570155524e-09 9.166525852330926006e-09 9.344569947489549551e-09 9.441689871571699757e-09 9.057933856779172312e-09 9.355634147348475403e-09 9.368794671429395175e-09 9.263938790580467325e-09 9.221646860470570197e-09 9.259925844309725525e-09 9.294723049764652303e-09 9.192130465355342401e-09 9.320779538449577082e-09 9.373630853839213938e-09 9.334488412930296669e-09 9.254144441394787383e-09 9.201026378658822201e-09 9.114167570215496165e-09 9.320078923908858615e-09 9.265188296780172385e-09 9.369485174464344085e-09 9.266774671626853501e-09 9.275134526897989694e-09 9.167410016809089547e-09 9.451458199270208528e-09 9.336958833536709086e-09 9.426993946702735191e-09 9.383008174933070421e-09 9.305326419167283003e-09 9.442835085684990292e-09 9.384913951408381727e-09 9.184828781326469682e-09
9.558600152267676464e-09 9.499779286810869656e-09 9.480196152736525236e-09 9.598474205461056267e-09 9.611373452139841731e-09 9.672809895822933728e-09 9.586072949861050072e-09 9.567635262401968962e-09 9.411580822736082077e-09 9.598996060747817458e-09 9.477836411961734460e-09 9.335236034570155524e-09 9.548145202716954624e-09 9.371925686082582582e-09 9.557595085312778170e-09 9.657746749337773128e-09 9.259352922275616942e-09 9.568446607236761777e-09 9.582770757511150085e-09 9.473596039688529048e-09 9.429486483833314924e-09 9.468380737158344173e-09 9.505334687110192314e-09 9.397948344319580427e-09 9.532529731182721244e-09 9.588330852701816704e-09 9.547245614787908097e-09 9.463442246269754209e-09 9.407721521654605249e-09 9.317626779507936659e-09 9.532469723381869472e-09 9.474255369289304790e-09 9.582788182676646769e-09 9.476073191492022353e-09 9.485606669520847913e-09 9.373899266150203737e-09 9.668842502072039304e-09 9.548823522007550473e-09 9.642297070147637330e-09 9.597358510887999704e-09 9.516695105137528328e-09 9.659703068285799160e-09 9.599319946249821887e-09 9.391199245528196431e-09
9.382898248352726259e-09 9.326886251213310881e-09 9.306889445027500253e-09 9.421447958518006651e-09 9.434999607207169738e-09 9.494185491357587266e-09 9.409301758456127924e-09 9.392037142753484333e-09 9.241525552259989227e-09 9.421781813503571156e-09 9.304398523203120716e-09 9.166525852330926006e-09 9.371925686082582582e-09 9.204475961670389750e-09 9.381965904293330374e-09 9.479867594494478080e-09 9.094058680809620642e-09 9.393058311736149893e-09 9.406398937855985011e-09 9.300884137651548708e-09 9.258488271659625291e-09 9.297168642027724706e-09 9.331427325079320292e-09 9.229055760048800045e-09 9.358554867880820027e-09 9.411305225090510898e-09 9.372427791879306733e-09 9.291032935890103688e-09 9.238053191855771748e-09 9.150344011438962916e-09 9.357604844232288712e-09 9.302398410083941257e-09 9.407239129657152585e-09 9.303667796666569779e-09 9.312213730817759762e-09 9.204410931849485552e-09 9.488605479541394628e-09 9.374268161544498618e-09 9.464832870200170309e-09 9.420574139674252661e-09 9.342298515161068600e-09 9.480737576965441655e-09 9.422275737171988085e-09 9.221243608311064329e-09
9.569135188205945940e-09 9.510208109154648337e-09 9.490139118399147720e-09 9.609199299128064834e-09 9.622034495540864016e-09 9.684208817954558655e-09 9.596275899521729764e-09 9.577890427737516218e-09 9.421670278515976151e-09 9.609535281964869062e-09 9.488086422559686661e-09 9.344569947489549551e-09 9.557595085312778170e-09 9.381965904293330374e-09 9.568637377631676097e-09 9.668566499555246038e-09 9.268740167528646255e-09 9.578892972336732696e-09 9.593485604746927702e-09 9.483726546992151699e-09 9.439400159638988792e-09 9.477914003442816319e-09 9.515313217198805554e-09 9.408067509843896576e-09 9.543283957735194385e-09 9.598574501888895530e-09 9.557753715050562356e-09 9.473530234704754809e-09 9.417961365436489349e-09 9.326796452253304712e-09 9.543050331424534536e-09 9.484828365480780396e-09 9.593337462276367276e-09 9.486007614466871576e-09 9.495898435542381101e-09 9.383490622250671696e-09 9.679770913449294437e-09 9.559606846251138535e-09 9.653189940557158233e-09 9.608021791508874620e-09 9.526775433103732792e-09 9.670550228644359604e-09 9.610142076962891225e-09 9.401059449321529123e-09
9.670588059417113369e-09 9.610081267617307528e-09 9.589271187448370779e-09 9.710758163562598810e-09 9.724523290502414421e-09 9.786725751855322752e-09 9.698362896404121895e-09 9.679348983545889281e-09 9.519572682543509230e-09 9.711211759141047786e-09 9.587696394405256786e-09 9.441689871571699757e-09 9.657746749337773128e-09 9.479867594494478080e-09 9.668566499555246038e-09 9.772813876637373292e-09 9.364409227515754534e-09 9.680079635367351388e-09 9.695370639796301964e-09 9.582959855052626098e-09 9.538533990335956855e-09 9.577697689085023648e-09 9.615488136787341178e-09 9.506273643862570922e-09 9.644313587631958334e-09 9.700548471444585715e-09 9.658760605646877942e-09 9.572430207911728884e-09 9.516694725517648800e-09 9.424421541438303557e-09 9.644146978094625260e-09 9.584708818707410143e-09 9.695555846595568914e-09 9.584852299280399554e-09 9.596412037598704962e-09 9.481912639623010533e-09 9.782702169381355432e-09 9.660428903371552987e-09 9.755934152974595576e-09 9.709469737106697221e-09 9.627850749537577739e-09 9.773138097842119291e-09 9.712068686658023339e-09 9.498804369347057274e-09
9.269792891146745246e-09 9.215160961548861770e-09 9.195904729154473179e-09 9.307572000356439325e-09 9.320908960438027851e-09 9.378906894124614768e-09 9.295279510997776139e-09 9.278605383167264815e-09 9.131416884274263958e-09 9.307603741890288137e-09 9.192981911180203783e-09 9.057933856779172312e-09 9.259352922275616942e-09 9.094058680809620642e-09 9.268740167528646255e-09 9.364409227515754534e-09 8.987904628189471728e-09 9.279934709460203354e-09 9.292826056654824402e-09 9.189651163105208104e-09 9.147837106951489824e-09 9.186358303414659868e-09 9.219610331688742360e-09 9.119399878469073195e-09 9.245209500150477401e-09 9.297436245351472995e-09 9.259324427955513016e-09 9.179725872139032100e-09 9.128277021775984278e-09 9.042266339814803229e-09 9.244385360747234612e-09 9.190924701896407703e-09 9.293686088148701694e-09 9.193203683706489527e-09 9.200379768299773715e-09 9.094599861572088397e-09 9.373294389258348535e-09 9.261144977813671879e-09 9.349599486303846890e-09 9.306946700015163652e-09 9.229634994474291280e-09 9.365367300265813932e-09 9.308584182791176359e-09 9.111826211702281276e-09
9.580213458024598041e-09 9.520973809511721352e-09 9.501023665364309392e-09 9.619992027476981397e-09 9.633367422204514379e-09 9.695029456293724873e-09 9.607683698916342937e-09 9.589348773719865832e-09 9.432745059510652811e-09 9.620715096082762892e-09 9.499244242792722877e-09 9.355634147348475403e-09 9.568446607236761777e-09 9.393058311736149893e-09 9.578892972336732696e-09 9.680079635367351388e-09 9.279934709460203354e-09 9.591166182181778223e-09 9.604569325633262434e-09 9.494910959408041821e-09 9.451012285019747865e-09 9.489300939345409741e-09 9.526656644679362985e-09 9.418844172120050966e-09 9.554256597704116991e-09 9.609944510382223656e-09 9.569089247093870342e-09 9.484404681734540883e-09 9.429324926409215686e-09 9.338332919369406027e-09 9.554335010636200961e-09 9.495909180614264950e-09 9.604412023333898343e-09 9.496770082882349328e-09 9.506945069232136400e-09 9.394750096409975426e-09 9.691230459522687240e-09 9.570943853578363089e-09 9.664444956428707205e-09 9.619112633663090573e-09 9.537860479139511773e-09 9.681397914701163637e-09 9.621517077433253909e-09 9.412087915849195849e-09
9.595184426768295958e-09 9.535892510808609222e-09 9.514843337742554816e-09 9.635179888826579306e-09 9.648167601035843796e-09 9.710215692902580106e-09 9.622004929733384287e-09 9.603200852977700020e-09 9.446232786020887969e-09 9.635115440544082671e-09 9.513290463612889497e-09 9.368794671429395175e-09 9.582770757511150085e-09 9.406398937855985011e-09 9.593485604746927702e-09 9.695370639796301964e-09 9.292826056654824402e-09 9.604569325633262434e-09 9.620116571740137259e-09 9.508766828241184658e-09 9.464563036941421657e-09 9.503453232434100560e-09 9.540859542186317863e-09 9.432732792951585748e-09 9.568908945723086912e-09 9.624941028479907450e-09 9.582936418452990041e-09 9.498186605275455206e-09 9.442861764005681863e-09 9.351922757563561833e-09 9.568662883979273031e-09 9.509912966432305175e-09 9.619434188148527833e-09 9.510889868216610245e-09 9.521920845612881769e-09 9.408340140292564687e-09 9.705693087886489971e-09 9.585224666941089852e-09 9.679301339331255532e-09 9.633900906663259408e-09 9.552321186357283608e-09 9.696325912930384032e-09 9.636269862441853769e-09 9.425239333840394161e-09
9.484751981482986854e-09 9.427005027690993239e-09 9.407030127225643145e-09 9.523939426742969554e-09 9.537368683683847236e-09 9.598027300315799113e-09 9.511740736786779339e-09 9.493723529993079370e-09 9.339816221519084343e-09 9.524325171203320855e-09 9.404674476413713428e-09 9.263938790580467325e-09 9.473596039688529048e-09 9.300884137651548708e-09 9.483726546992151699e-09 9.582959855052626098e-09 9.189651163105208104e-09 9.494910959408041821e-09 9.508766828241184658e-09 9.401441612340036970e-09 9.357390801105875475e-09 9.396169720790095855e-09 9.432474431612047509e-09 9.326533311492395654e-09 9.459285758466709528e-09 9.513981377558433532e-09 9.473699986417291991e-09 9.390712956710803647e-09 9.336341746296023129e-09 9.247069276039961425e-09 9.458869034765431816e-09 9.402054469872253610e-09 9.508748048413417196e-09 9.403545106765984979e-09 9.412983359947293678e-09 9.302308751268674533e-09 9.593753961778102218e-09 9.475625919980327479e-09 9.567652903855350112e-09 9.523145013600232522e-09 9.443381157161285206e-09 9.584515303353880367e-09 9.525229123287239748e-09 9.319277047135778345e-09
9.440669563707408136e-09 9.383218310979268012e-09 9.363704460857036303e-09 9.479365732318665338e-09 9.492789656471274792e-09 9.552758471956077848e-09 9.467112291652859955e-09 9.449270600046630826e-09 9.296734719826199371e-09 9.479836314265810241e-09 9.361411758958341195e-09 9.221646860470570197e-09 9.429486483833314924e-09 9.258488271659625291e-09 9.439400159638988792e-09 9.538533990335956855e-09 9.147837106951489824e-09 9.451012285019747865e-09 9.464563036941421657e-09 9.357390801105875475e-09 9.315332584395204171e-09 9.353112537099161880e-09 9.388109526173170423e-09 9.284409284021996046e-09 9.415527706083618665e-09 9.469585748488925545e-09 9.429531327896613433e-09 9.347204351404366444e-09 9.293704558956074407e-09 9.204947679030094902e-09 9.415118309460909614e-09 9.358876211531731409e-09 9.464934986662557846e-09 9.359825669992906383e-09 9.369259205934767075e-09 9.259704488560583445e-09 9.548269880412254446e-09 9.431640564600305342e-09 9.523066330353794521e-09 9.478730005219615547e-09 9.399267178724072044e-09 9.539435644987263311e-09 9.480581217005707933e-09 9.276959381823673427e-09
9.479713828345362945e-09 9.422511867346660835e-09 9.402527432583041163e-09 9.518517036370352952e-09 9.532209488973321322e-09 9.592197632422337640e-09 9.506313374804482074e-09 9.488266884993106724e-09 9.335391777397471446e-09 9.518826290005209702e-09 9.399875973306092479e-09 9.259925844309725525e-09 9.468380737158344173e-09 9.297168642027724706e-09 9.477914003442816319e-09 9.577697689085023648e-09 9.186358303414659868e-09 9.489300939345409741e-09 9.503453232434100560e-09 9.396169720790095855e-09 9.353112537099161880e-09 9.393252586569579184e-09 9.427441863751522034e-09 9.322786263682413398e-09 9.454451521104781917e-09 9.508840364556524782e-09 9.468491638426012307e-09 9.385821799845052439e-09 9.331833316044711748e-09 9.243629124675428791e-09 9.453704659832971362e-09 9.397410420209201760e-09 9.504342519547063955e-09 9.399185661427209765e-09 9.408435255320430214e-09 9.298181930538634740e-09 9.587129060332768671e-09 9.470280975020000810e-09 9.562244367041405405e-09 9.517685399078026373e-09 9.438499333477065018e-09 9.578667765903227298e-09 9.519619796734168303e-09 9.315226130130955745e-09
9.516617098328275084e-09 9.458506259325321022e-09 9.438557794615425458e-09 9.556437950253761955e-09 9.569416031401693243e-09 9.630689515687967329e-09 9.544016073910792435e-09 9.525839448496977763e-09 9.370623322431252931e-09 9.556601068616510516e-09 9.436030166636082545e-09 9.294723049764652303e-09 9.505334687110192314e-09 9.331427325079320292e-09 9.515313217198805554e-09 9.615488136787341178e-09 9.219610331688742360e-09 9.526656644679362985e-09 9.540859542186317863e-09 9.432474431612047509e-09 9.388109526173170423e-09 9.427441863751522034e-09 9.464984300526059416e-09 9.356900958998053863e-09 9.490946244623346524e-09 9.546172632051960331e-09 9.505293846075552373e-09 9.421918669455557309e-09 9.367047904085995104e-09 9.277994500147446927e-09 9.490538492169258699e-09 9.433190286721379088e-09 9.540777464081664899e-09 9.434820951733292235e-09 9.444552630966206878e-09 9.333242356022368113e-09 9.626414206342722655e-09 9.507510751162653855e-09 9.600131522330308577e-09 9.555084469511589047e-09 9.475360221248653113e-09 9.616910811538708683e-09 9.557312513659431487e-09 9.350005617970915189e-09
9.409485179516795389e-09 9.352833443841096175e-09 9.333103475327690320e-09 9.447166103993217878e-09 9.461236848787620942e-09 9.520312735978879809e-09 9.435444765522725899e-09 9.418151501476481673e-09 9.267271076824975004e-09 9.447667830873683837e-09 9.330726434467543878e-09 9.192130465355342401e-09 9.397948344319580427e-09 9.229055760048800045e-09 9.408067509843896576e-09 9.506273643862570922e-09 9.119399878469073195e-09 9.418844172120050966e-09 9.432732792951585748e-09 9.326533311492395654e-09 9.284409284021996046e-09 9.322786263682413398e-09 9.356900958998053863e-09 9.256010315823694074e-09 9.384391385387279306e-09 9.436986895104726465e-09 9.398029931447322840e-09 9.316651604493782520e-09 9.264485720653492625e-09 9.175571518246412810e-09 9.382971394567143441e-09 9.328376211454684655e-09 9.433748600785627595e-09 9.329759867759483589e-09 9.338319990924574745e-09 9.229807544909197614e-09 9.515033249775345369e-09 9.400028293487539758e-09 9.490435006793127118e-09 9.446580182414180219e-09 9.368390379960398507e-09 9.506930007274718860e-09 9.448551108845980259e-09 9.247164226511973505e-09
9.544733648504913133e-09 9.485943767137900966e-09 9.465701847008676953e-09 9.584342560631086531e-09 9.597417554412621217e-09 9.659209398073471123e-09 9.571821638013160149e-09 9.553157065459268644e-09 9.397710054157568807e-09 9.584531852414933904e-09 9.463493521880949080e-09 9.320779538449577082e-09 9.532529731182721244e-09 9.358554867880820027e-09 9.543283957735194385e-09 9.644313587631958334e-09 9.245209500150477401e-09 9.554256597704116991e-09 9.568908945723086912e-09 9.459285758466709528e-09 9.415527706083618665e-09 9.454451521104781917e-09 9.490946244623346524e-09 9.384391385387279306e-09 9.519545898740512680e-09 9.574133592306197715e-09 9.532883826925497635e-09 9.448944252157229502e-09 9.394186319553533347e-09 9.303606300001295727e-09 9.518355208586631397e-09 9.460829147652772886e-09 9.569222103011340282e-09 9.461431825010626203e-09 9.472242898434097522e-09 9.359988326062209860e-09 9.654257048501458101e-09 9.535320684153496202e-09 9.628567663037559299e-09 9.583051122284872963e-09 9.502609721495251504e-09 9.645407512340203515e-09 9.585546894844155217e-09 9.376585794308294785e-09
9.600271958295842112e-09 9.540666349294214317e-09 9.520183526659242817e-09 9.640518533108294919e-09 9.653442753525844291e-09 9.715664691477243592e-09 9.627596057546783671e-09 9.608534179122041373e-09 9.450981784929352117e-09 9.640659972215308537e-09 9.518280248181597705e-09 9.373630853839213938e-09 9.588330852701816704e-09 9.411305225090510898e-09 9.598574501888895530e-09 9.700548471444585715e-09 9.297436245351472995e-09 9.609944510382223656e-09 9.624941028479907450e-09 9.513981377558433532e-09 9.469585748488925545e-09 9.508840364556524782e-09 9.546172632051960331e-09 9.436986895104726465e-09 9.574133592306197715e-09 9.630762031746357037e-09 9.588399449568640538e-09 9.503257403687395930e-09 9.447378439444342438e-09 9.356601329317401109e-09 9.574040238621472894e-09 9.514693652205854405e-09 9.624518693700669502e-09 9.515882447877954557e-09 9.526976566471199053e-09 9.413444689596464197e-09 9.711391052599373537e-09 9.590358198352266356e-09 9.684745063048528650e-09 9.639214068191080476e-09 9.557532495726272259e-09 9.701877483353965037e-09 9.641566886896430575e-09 9.430171387240068154e-09
9.558681962359158775e-09 9.499947575129197453e-09 9.479829976955135181e-09 9.598571375981501804e-09 9.612120124723259418e-09 9.673345668931572000e-09 9.586248846564936986e-09 9.568321546870056900e-09 9.411336522370388716e-09 9.599322112849245527e-09 9.477989588053891238e-09 9.334488412930296669e-09 9.547245614787908097e-09 9.372427791879306733e-09 9.557753715050562356e-09 9.658760605646877942e-09 9.259324427955513016e-09 9.569089247093870342e-09 9.582936418452990041e-09 9.473699986417291991e-09 9.429531327896613433e-09 9.468491638426012307e-09 9.505293846075552373e-09 9.398029931447322840e-09 9.532883826925497635e-09 9.588399449568640538e-09 9.548573995933641190e-09 9.463326932401136167e-09 9.408239449793735898e-09 9.317430599960948737e-09 9.533232089430672858e-09 9.474922307911906977e-09 9.583298077109723315e-09 9.476020043227738874e-09 9.485555906521748794e-09 9.373868250886982746e-09 9.669569084947139121e-09 9.549127075446922775e-09 9.642720373819137314e-09 9.597397031598745087e-09 9.516979876352729723e-09 9.660114053034417054e-09 9.599707908964738101e-09 9.391399646719593955e-09
9.474303431762074643e-09 9.416688719008131618e-09 9.397101662220071388e-09 9.513696964804001995e-09 9.526826013824501493e-09 9.587560132184201311e-09 9.501381677471402917e-09 9.483539502012455524e-09 9.329821400441328131e-09 9.514083621546521570e-09 9.394742703379739006e-09 9.254144441394787383e-09 9.463442246269754209e-09 9.291032935890103688e-09 9.473530234704754809e-09 9.572430207911728884e-09 9.179725872139032100e-09 9.484404681734540883e-09 9.498186605275455206e-09 9.390712956710803647e-09 9.347204351404366444e-09 9.385821799845052439e-09 9.421918669455557309e-09 9.316651604493782520e-09 9.448944252157229502e-09 9.503257403687395930e-09 9.463326932401136167e-09 9.380932834466677061e-09 9.326333568428574769e-09 9.236824207497638331e-09 9.448637673838255269e-09 9.391950997889207054e-09 9.498466030284843857e-09 9.393247060900708839e-09 9.402412027317043557e-09 9.292056385766931041e-09 9.583195664263373928e-09 9.465154663150186059e-09 9.557283716833775883e-09 9.512941448836938645e-09 9.432888195331695297e-09 9.574274164986973259e-09 9.514701006318528443e-09 9.309579534290188581e-09
9.419434428390232595e-09 9.362286123909316396e-09 9.342702940271285746e-09 9.457656005103617276e-09 9.471409319437922855e-09 9.531032139003287829e-09 9.445796749957130115e-09 9.428383269348122486e-09 9.276421728590996838e-09 9.457981126794297430e-09 9.340471982223985750e-09 9.201026378658822201e-09 9.407721521654605249e-09 9.238053191855771748e-09 9.417961365436489349e-09 9.516694725517648800e-09 9.128277021775984278e-09 9.429324926409215686e-09 9.442861764005681863e-09 9.336341746296023129e-09 9.293704558956074407e-09 9.331833316044711748e-09 9.367047904085995104e-09 9.264485720653492625e-09 9.394186319553533347e-09 9.447378439444342438e-09 9.408239449793735898e-09 9.326333568428574769e-09 9.274159317360195376e-09 9.184678182544344211e-09 9.393198758022874189e-09 9.337996566563345833e-09 9.443562706824659890e-09 9.339105608209083363e-09 9.348071552429369115e-09 9.239131075165178925e-09 9.526193891015161875e-09 9.410111955827316692e-09 9.500771078296330863e-09 9.456948594522118888e-09 9.378074927768809235e-09 9.517425098393588752e-09 9.459131472885867639e-09 9.256358574463672670e-09
9.328387316754960465e-09 9.272708743335290350e-09 9.253056983994374615e-09 9.366596872815765625e-09 9.379814408151746498e-09 9.438427851271516999e-09 9.354481219950241569e-09 9.337198361675640147e-09 9.187782700867632558e-09 9.366669296082170763e-09 9.250356766269958252e-09 9.114167570215496165e-09 9.317626779507936659e-09 9.150344011438962916e-09 9.326796452253304712e-09 9.424421541438303557e-09 9.042266339814803229e-09 9.338332919369406027e-09 9.351922757563561833e-09 9.247069276039961425e-09 9.204947679030094902e-09 9.243629124675428791e-09 9.277994500147446927e-09 9.175571518246412810e-09 9.303606300001295727e-09 9.356601329317401109e-09 9.317430599960948737e-09 9.236824207497638331e-09 9.184678182544344211e-09 9.098749335764067427e-09 9.302875569318129739e-09 9.248246062984063173e-09 9.352503797252903497e-09 9.250162486134268148e-09 9.258587944799651708e-09 9.151362546386556734e-09 9.433125627546362942e-09 9.319699958805419893e-09 9.409293281247885927e-09 9.365463422916814175e-09 9.288331182633362776e-09 9.424815199866457325e-09 9.367337081743533629e-09 9.167915331422840400e-09
9.544248893675900704e-09 9.485285010766819516e-09 9.465089154944824670e-09 9.584282412814078885e-09 9.597484936339409717e-09 9.658931922725687641e-09 9.571471236227756116e-09 9.553044379060090384e-09 9.396539610639822570e-09 9.584678154216654361e-09 9.463292858835870491e-09 9.320078923908858615e-09 9.532469723381869472e-09 9.357604844232288712e-09 9.543050331424534536e-09 9.644146978094625260e-09 9.244385360747234612e-09 9.554335010636200961e-09 9.568662883979273031e-09 9.458869034765431816e-09 9.415118309460909614e-09 9.453704659832971362e-09 9.490538492169258699e-09 9.382971394567143441e-09 9.518355208586631397e-09 9.574040238621472894e-09 9.533232089430672858e-09 9.448637673838255269e-09 9.393198758022874189e-09 9.302875569318129739e-09 9.519036176184400485e-09 9.460180830148752794e-09 9.568633533689122631e-09 9.460959047973614788e-09 9.471374428578279005e-09 9.359029883693804364e-09 9.654819041805148625e-09 9.534690711384205218e-09 9.628552975169678654e-09 9.583192761997812987e-09 9.502128347524951567e-09 9.645422137111466681e-09 9.585195110646690093e-09 9.376515937354462067e-09
9.485896953211855412e-09 9.428106909602181663e-09 9.408534056169852120e-09 9.525175795862626921e-09 9.538410249802044124e-09 9.599210026111595077e-09 9.512782057477499051e-09 9.494992334284349251e-09 9.340950899850505267e-09 9.525585243278601367e-09 9.406177011447073070e-09 9.265188296780172385e-09 9.474255369289304790e-09 9.302398410083941257e-09 9.484828365480780396e-09 9.584708818707410143e-09 9.190924701896407703e-09 9.495909180614264950e-09 9.509912966432305175e-09 9.402054469872253610e-09 9.358876211531731409e-09 9.397410420209201760e-09 9.433190286721379088e-09 9.328376211454684655e-09 9.460829147652772886e-09 9.514693652205854405e-09 9.474922307911906977e-09 9.391950997889207054e-09 9.337996566563345833e-09 9.248246062984063173e-09 9.460180830148752794e-09 9.404137022619601297e-09 9.510631234581383834e-09 9.404559474020266062e-09 9.414215735098319008e-09 9.303420959663193407e-09 9.594802028377801358e-09 9.476967561662222427e-09 9.568984165343573624e-09 9.524332213251802137e-09 9.444633101115168549e-09 9.586048722538740638e-09 9.526488808957566027e-09 9.320824630732744115e-09
9.595349388652557452e-09 9.535739475491483664e-09 9.515622173188819120e-09 9.634795761296812400e-09 9.648340266061450198e-09 9.709829177411332718e-09 9.622392384906810324e-09 9.603629398818938773e-09 9.446636263217632338e-09 9.635321888362232141e-09 9.513596650004481328e-09 9.369485174464344085e-09 9.582788182676646769e-09 9.407239129657152585e-09 9.593337462276367276e-09 9.695555846595568914e-09 9.293686088148701694e-09 9.604412023333898343e-09 9.619434188148527833e-09 9.508748048413417196e-09 9.464934986662557846e-09 9.504342519547063955e-09 9.540777464081664899e-09 9.433748600785627595e-09 9.569222103011340282e-09 9.624518693700669502e-09 9.583298077109723315e-09 9.498466030284843857e-09 9.443562706824659890e-09 9.352503797252903497e-09 9.568633533689122631e-09 9.510631234581383834e-09 9.620374610842362274e-09 9.511396129226779668e-09 9.521952136284529479e-09 9.409011108117064102e-09 9.705279827823536515e-09 9.585192815393198952e-09 9.679409610055139752e-09 9.633667528554999682e-09 9.552909596515813233e-09 9.696411886260172895e-09 9.635968934135978087e-09 9.426236465442320130e-09
9.487204270703355264e-09 9.429879277348992645e-09 9.409920663370623428e-09 9.526250633403951178e-09 9.539455202614845073e-09 9.600011553164446744e-09 9.513615711385585212e-09 9.495854546981113617e-09 9.342600951336947902e-09 9.526514028945710311e-09 9.407355395725379009e-09 9.266774671626853501e-09 9.476073191492022353e-09 9.303667796666569779e-09 9.486007614466871576e-09 9.584852299280399554e-09 9.193203683706489527e-09 9.496770082882349328e-09 9.510889868216610245e-09 9.403545106765984979e-09 9.359825669992906383e-09 9.399185661427209765e-09 9.434820951733292235e-09 9.329759867759483589e-09 9.461431825010626203e-09 9.515882447877954557e-09 9.476020043227738874e-09 9.393247060900708839e-09 9.339105608209083363e-09 9.250162486134268148e-09 9.460959047973614788e-09 9.404559474020266062e-09 9.511396129226779668e-09 9.406810574752121974e-09 9.415316469093830983e-09 9.305084618131342532e-09 9.595080519756079077e-09 9.477520461351565708e-09 9.569589176374163701e-09 9.525259626384130966e-09 9.445745126713305366e-09 9.586460019604956414e-09 9.527120504604537515e-09 9.322460905729425527e-09
9.497832292949315508e-09 9.439515009169726964e-09 9.419179764666097610e-09 9.537001548889353821e-09 9.550112516416868938e-09 9.611344029836046997e-09 9.524424759362928844e-09 9.505809217909103425e-09 9.351357819222572714e-09 9.537067066567848974e-09 9.416949263661176092e-09 9.275134526897989694e-09 9.485606669520847913e-09 9.312213730817759762e-09 9.495898435542381101e-09 9.596412037598704962e-09 9.200379768299773715e-09 9.506945069232136400e-09 9.521920845612881769e-09 9.412983359947293678e-09 9.369259205934767075e-09 9.408435255320430214e-09 9.444552630966206878e-09 9.338319990924574745e-09 9.472242898434097522e-09 9.526976566471199053e-09 9.485555906521748794e-09 9.402412027317043557e-09 9.348071552429369115e-09 9.258587944799651708e-09 9.471374428578279005e-09 9.414215735098319008e-09 9.521952136284529479e-09 9.415316469093830983e-09 9.426302692681387224e-09 9.314009984925503299e-09 9.606617057109585056e-09 9.488159995977831004e-09 9.580757533764098477e-09 9.535980716802958811e-09 9.455825075695065487e-09 9.597604399008929041e-09 9.538165607832906366e-09 9.330487158479440481e-09
9.384867478522533438e-09 9.328038086615886602e-09 9.308455724720594738e-09 9.423417530022773598e-09 9.436713018473169747e-09 9.495953229232254575e-09 9.411317639218905297e-09 9.393851245452309230e-09 9.242280071742918932e-09 9.423786717169419431e-09 9.305895989547941674e-09 9.167410016809089547e-09 9.373899266150203737e-09 9.204410931849485552e-09 9.383490622250671696e-09 9.481912639623010533e-09 9.094599861572088397e-09 9.394750096409975426e-09 9.408340140292564687e-09 9.302308751268674533e-09 9.259704488560583445e-09 9.298181930538634740e-09 9.333242356022368113e-09 9.229807544909197614e-09 9.359988326062209860e-09 9.413444689596464197e-09 9.373868250886982746e-09 9.292056385766931041e-09 9.239131075165178925e-09 9.151362546386556734e-09 9.359029883693804364e-09 9.303420959663193407e-09 9.409011108117064102e-09 9.305084618131342532e-09 9.314009984925503299e-09 9.205965317230632440e-09 9.490941892134950108e-09 9.375911582905904669e-09 9.466312280734803543e-09 9.422090788780696985e-09 9.344196410163386768e-09 9.482627282325163592e-09 9.424101817084778531e-09 9.222143195133794838e-09
