2.313985475358136442e-08 2.341072471994172009e-08 2.335467532966000718e-08 2.331936795144447165e-08 2.326560803606180780e-08 2.294826527267473196e-08 2.331195640266672431e-08 2.273104180142654935e-08 2.339761684832461508e-08 2.325580550894041204e-08 2.335346607654903797e-08 2.312564614280881298e-08 2.308774776766492456e-08 2.306119132868693493e-08 2.317352502782116149e-08 2.295657656477072750e-08 2.323531626348115636e-08 2.331661492265077367e-08 2.327529805486419077e-08 2.310176108605947446e-08 2.300339640281023186e-08 2.288634026915300381e-08 2.320888895815461754e-08 2.311455991050522275e-08 2.330270443050031179e-08 2.308687354948154181e-08 2.317372568268521371e-08 2.294063608221090344e-08 2.348840754817061894e-08 2.322281613137906164e-08 2.339053784771755051e-08 2.329388845251755895e-08 2.324669434515497219e-08 2.341678406941644228e-08 2.334256567695198354e-08 2.296377027760504867e-08 2.325443437585799645e-08 2.310705616390518428e-08 2.309538918410557001e-08 2.334407417574924252e-08 2.296550758349139785e-08 2.322161344582409228e-08 2.290889210555795281e-08 2.326921289200214102e-08
2.341072471994172009e-08 2.368961134357775324e-08 2.363257927077129230e-08 2.359540182835831191e-08 2.353980262098556317e-08 2.321574102344125405e-08 2.358731635805133484e-08 2.299313924431750250e-08 2.367453980508303226e-08 2.352970509084184989e-08 2.362955116244971890e-08 2.339734773303095074e-08 2.335800806420967239e-08 2.333136362415884116e-08 2.344601862105553800e-08 2.322358340193076156e-08 2.350900585421854005e-08 2.359218421871663846e-08 2.355010578990189134e-08 2.337247492032686170e-08 2.327173884479084184e-08 2.315267767498372274e-08 2.348111979622159324e-08 2.338586989818360235e-08 2.357733854794940720e-08 2.335636794756639972e-08 2.344553513931712471e-08 2.320695500899816285e-08 2.376805824995968092e-08 2.349644342416194882e-08 2.366795632878989371e-08 2.356851245737041591e-08 2.351999878019983504e-08 2.369374497606898499e-08 2.361769054235524633e-08 2.323169243732108599e-08 2.352768528127652654e-08 2.337895126287970733e-08 2.336656910758199707e-08 2.362020671057201388e-08 2.323353476519207975e-08 2.349533076582792401e-08 2.317570256112501230e-08 2.354298702422105960e-08
2.335467532966000718e-08 2.363257927077129230e-08 2.357815628223332805e-08 2.353941965529946377e-08 2.348433558495816541e-08 2.316017919680783505e-08 2.353243221196411937e-08 2.293859890497351342e-08 2.361844065140350296e-08 2.347370188586338231e-08 2.357293239852965041e-08 2.334145235903397179e-08 2.330329919378137167e-08 2.327503389210140869e-08 2.338998736541995168e-08 2.316831139672051283e-08 2.345321029118423081e-08 2.353781156892374577e-08 2.349393606948997874e-08 2.331731147978567913e-08 2.321573428027557446e-08 2.309770462950821705e-08 2.342538266965629293e-08 2.333018556583477791e-08 2.352121697801298247e-08 2.330092191015655494e-08 2.339009585209666921e-08 2.315226081764301292e-08 2.371140884867672790e-08 2.344038795836690927e-08 2.361164786256458996e-08 2.351255054194817926e-08 2.346427155752373764e-08 2.363778201057513650e-08 2.356188411475928500e-08 2.317628233904525842e-08 2.347202109118961173e-08 2.332381073485794206e-08 2.331095577723723220e-08 2.356364226165511815e-08 2.317846343242054635e-08 2.343982755914708621e-08 2.312094634370194043e-08 2.348701288991533454e-08
2.331936795144447165e-08 2.359540182835831191e-08 2.353941965529946377e-08 2.350348389421460531e-08 2.344826971622787166e-08 2.312572587250562658e-08 2.349504054472192774e-08 2.290502017345428401e-08 2.358176432804111338e-08 2.343775802075916631e-08 2.353737714880309733e-08 2.330589250794195713e-08 2.326736571814052572e-08 2.324011541700432079e-08 2.335427037482834344e-08 2.313412771026538741e-08 2.341731557921269498e-08 2.349996073690719524e-08 2.345764930909227307e-08 2.328125057317805219e-08 2.318160014388147685e-08 2.306335633721527485e-08 2.338948546321388794e-08 2.329453344411005597e-08 2.348481904223731783e-08 2.326595093416660314e-08 2.335410263290116660e-08 2.311718021815736454e-08 2.367397522780421000e-08 2.340435503181176461e-08 2.357514049838769045e-08 2.347574172821150099e-08 2.342844267735034916e-08 2.360019721339449883e-08 2.352557817582506053e-08 2.314131421524558997e-08 2.343548751209110346e-08 2.328749669625507860e-08 2.327544039869398742e-08 2.352724762539182663e-08 2.314357755395605297e-08 2.340345184497375658e-08 2.308592589624964277e-08 2.345097582779347529e-08
2.326560803606180780e-08 2.353980262098556317e-08 2.348433558495816541e-08 2.344826971622787166e-08 2.339409810612820139e-08 2.307257478197622844e-08 2.344061970505829957e-08 2.285319225310957918e-08 2.352671913828181713e-08 2.338325776256368926e-08 2.348216441471778399e-08 2.325198969481517274e-08 2.321373543694966527e-08 2.318634681831224815e-08 2.330024584987479461e-08 2.308122932569995436e-08 2.336274345069151036e-08 2.344547355660426997e-08 2.340312636163487527e-08 2.322767540062445555e-08 2.312833878783680789e-08 2.301087326010668150e-08 2.333551601393317835e-08 2.324082958657976027e-08 2.343044416011283273e-08 2.321247427899161784e-08 2.330018000503537065e-08 2.306470476987451249e-08 2.361801076128543627e-08 2.335011938453621809e-08 2.351982197303943529e-08 2.342149912056174501e-08 2.337396509531210461e-08 2.354544089186315004e-08 2.347085486203907425e-08 2.308816616740849298e-08 2.338167077357484991e-08 2.323350913571003107e-08 2.322162387639350805e-08 2.347237521471270471e-08 2.309068088399247089e-08 2.334894892846699206e-08 2.303345225356828304e-08 2.339650428791694280e-08
2.294826527267473196e-08 2.321574102344125405e-08 2.316017919680783505e-08 2.312572587250562658e-08 2.307257478197622844e-08 2.275952113979266606e-08 2.311783910408653257e-08 2.254522431323645292e-08 2.320321004884436020e-08 2.306336571134039000e-08 2.315940690228226886e-08 2.293442697324834956e-08 2.289716773331762277e-08 2.287092280250019840e-08 2.298166252644031232e-08 2.276799640762057474e-08 2.304305898941262307e-08 2.312314409894606199e-08 2.308209179773190779e-08 2.291088695557939478e-08 2.281340755378227400e-08 2.269806524385388686e-08 2.301677917612124058e-08 2.292295356641234905e-08 2.310955534980668741e-08 2.289659467273472874e-08 2.298220487689176103e-08 2.275189946187028272e-08 2.329240808213611529e-08 2.303034618475753915e-08 2.319558084024388869e-08 2.310083711783562424e-08 2.305439942356901016e-08 2.322195080252581448e-08 2.314890039031595739e-08 2.277441712031966355e-08 2.306122127055538434e-08 2.291586509686377436e-08 2.290458839029893177e-08 2.314980055212711210e-08 2.277618714452204688e-08 2.302934603021737271e-08 2.272011954180551394e-08 2.307668918673149586e-08
2.331195640266672431e-08 2.358731635805133484e-08 2.353243221196411937e-08 2.349504054472192774e-08 2.344061970505829957e-08 2.311783910408653257e-08 2.348881276586568327e-08 2.289731410897131872e-08 2.357391215164392302e-08 2.342985444106082071e-08 2.352944618550171597e-08 2.329823812783829967e-08 2.326046121547927162e-08 2.323190090325898807e-08 2.334645152621919291e-08 2.312635530091404171e-08 2.340939697942282235e-08 2.349320668561817006e-08 2.345023439408805098e-08 2.327424454169699083e-08 2.317405378678313962e-08 2.305608584132262377e-08 2.338229700941378115e-08 2.328732345836945650e-08 2.347718848825766953e-08 2.325841880170559683e-08 2.334670500975717681e-08 2.310998078989026504e-08 2.366637923278486028e-08 2.339656971309386988e-08 2.356734962744826227e-08 2.346844583965958006e-08 2.342085238936809639e-08 2.359328513535336996e-08 2.351769324463469302e-08 2.313384097927357312e-08 2.342864936338818699e-08 2.327993734453720963e-08 2.326743317286394125e-08 2.351942148562259252e-08 2.313625002452090548e-08 2.339563311247983970e-08 2.307863644839488760e-08 2.344310244729385938e-08
2.273104180142654935e-08 2.299313924431750250e-08 2.293859890497351342e-08 2.290502017345428401e-08 2.285319225310957918e-08 2.254522431323645292e-08 2.289731410897131872e-08 2.233690959116752530e-08 2.298215493514740550e-08 2.284426308296027007e-08 2.293805796964323115e-08 2.271703403085295188e-08 2.268112769468074468e-08 2.265496511983280381e-08 2.276381809324894009e-08 2.255421936525210631e-08 2.282410709591421332e-08 2.290286697088351769e-08 2.286223421003459589e-08 2.269462661897887084e-08 2.259866690534284305e-08 2.248493346741412915e-08 2.279841705450298083e-08 2.270537681822667482e-08 2.289047109643653714e-08 2.268101317050780234e-08 2.276493314446197292e-08 2.253969486882519625e-08 2.306806959215341849e-08 2.281131991008579929e-08 2.297316157444482593e-08 2.288136787553388480e-08 2.283526402718330273e-08 2.299983093353528989e-08 2.292887675967110055e-08 2.255996796535081158e-08 2.284283764596754762e-08 2.269912191515561091e-08 2.268860575836013720e-08 2.292850950819647696e-08 2.256258668405312631e-08 2.281103001928469810e-08 2.250728446621243542e-08 2.285818428081543112e-08
2.339761684832461508e-08 2.367453980508303226e-08 2.361844065140350296e-08 2.358176432804111338e-08 2.352671913828181713e-08 2.320321004884436020e-08 2.357391215164392302e-08 2.298215493514740550e-08 2.366142282880087882e-08 2.351616932221920910e-08 2.361589112758435042e-08 2.338428675576444375e-08 2.334548779313921337e-08 2.331808740783399149e-08 2.343264618924120439e-08 2.321143659612428699e-08 2.349545842310172530e-08 2.357903943657296846e-08 2.353640918597682812e-08 2.335941323203586830e-08 2.325949068907818109e-08 2.314071748035809624e-08 2.346796215471610652e-08 2.337268337266557702e-08 2.356388774406130135e-08 2.334385334150972475e-08 2.343264026888748883e-08 2.319513515038127019e-08 2.375347095481719359e-08 2.348298209657658581e-08 2.365380796586457513e-08 2.355469575893322267e-08 2.350674022436215638e-08 2.367958987985438105e-08 2.360489332987842813e-08 2.321867537488240270e-08 2.351479115694977420e-08 2.336541776240979478e-08 2.335375539476649443e-08 2.360638592859785924e-08 2.322115836011144916e-08 2.348222430719016669e-08 2.316353558811721866e-08 2.352980371547418838e-08
2.325580550894041204e-08 2.352970509084184989e-08 2.347370188586338231e-08 2.343775802075916631e-08 2.338325776256368926e-08 2.306336571134039000e-08 2.342985444106082071e-08 2.284426308296027007e-08 2.351616932221920910e-08 2.337378317813610608e-08 2.347197574456301269e-08 2.324238250356085548e-08 2.320417241279439219e-08 2.317728150150726047e-08 2.329036991707472099e-08 2.307200926244037641e-08 2.335302016216591077e-08 2.343526004536976595e-08 2.339313883160185066e-08 2.321806202277998804e-08 2.311836308544538379e-08 2.300127405697090990e-08 2.332562305096499850e-08 2.323088487379240628e-08 2.342018608529885187e-08 2.320309937811386770e-08 2.329031989998833990e-08 2.305536753028765488e-08 2.360752018906848854e-08 2.334004649789771632e-08 2.350914731107608861e-08 2.341145652290310775e-08 2.336423414784433523e-08 2.353535062249328209e-08 2.346043917214359505e-08 2.307882295362031812e-08 2.337161253643953573e-08 2.322388310562096109e-08 2.321197813263636239e-08 2.346199764451145017e-08 2.308120523522518124e-08 2.333911270398007474e-08 2.302379379835319459e-08 2.338679482954950902e-08
2.335346607654903797e-08 2.362955116244971890e-08 2.357293239852965041e-08 2.353737714880309733e-08 2.348216441471778399e-08 2.315940690228226886e-08 2.352944618550171597e-08 2.293805796964323115e-08 2.361589112758435042e-08 2.347197574456301269e-08 2.357254233757854067e-08 2.333996766818237252e-08 2.330142691332491693e-08 2.327406690920963072e-08 2.338818508823333113e-08 2.316807367956078866e-08 2.345155512285922816e-08 2.353392798704112486e-08 2.349206705739900341e-08 2.331525694136353859e-08 2.321571966851327987e-08 2.309710394520003718e-08 2.342387665802220576e-08 2.332880785952162883e-08 2.351871985571306309e-08 2.330019140748771003e-08 2.338798084669021089e-08 2.315062827453978667e-08 2.370854815804209953e-08 2.343843412437146615e-08 2.360938671956243010e-08 2.350980413147769862e-08 2.346259940746091873e-08 2.363463706861256681e-08 2.355962755174463981e-08 2.317498658525369547e-08 2.346993031589767056e-08 2.332089512297951631e-08 2.330907662010948372e-08 2.356136069457030293e-08 2.317752955025850609e-08 2.343745605894558508e-08 2.311939110922725667e-08 2.348492903987336004e-08
2.312564614280881298e-08 2.339734773303095074e-08 2.334145235903397179e-08 2.330589250794195713e-08 2.325198969481517274e-08 2.293442697324834956e-08 2.329823812783829967e-08 2.271703403085295188e-08 2.338428675576444375e-08 2.324238250356085548e-08 2.333996766818237252e-08 2.311281051702549861e-08 2.307420640125849075e-08 2.304692400998545645e-08 2.315983156458983679e-08 2.294304205876332350e-08 2.322202895624178865e-08 2.330331700262344178e-08 2.326213302459681389e-08 2.308789962691129794e-08 2.298945580341226690e-08 2.287274396510213689e-08 2.319506549446743518e-08 2.310058821284469608e-08 2.328941616101969724e-08 2.307306943285163337e-08 2.316035534749803032e-08 2.292656050487827578e-08 2.347523462730367902e-08 2.320906000039129498e-08 2.337695714450426517e-08 2.328009934980107473e-08 2.323300749242133258e-08 2.340319131471759214e-08 2.332912351685847158e-08 2.294960749374230520e-08 2.324065446815755676e-08 2.309356244810329324e-08 2.308218985744776512e-08 2.333013047310111685e-08 2.295172138874938730e-08 2.320792626140540674e-08 2.289518560824622686e-08 2.325538962903771936e-08
2.308774776766492456e-08 2.335800806420967239e-08 2.330329919378137167e-08 2.326736571814052572e-08 2.321373543694966527e-08 2.289716773331762277e-08 2.326046121547927162e-08 2.268112769468074468e-08 2.334548779313921337e-08 2.320417241279439219e-08 2.330142691332491693e-08 2.307420640125849075e-08 2.303768307595642795e-08 2.300925465055997849e-08 2.312173940509453905e-08 2.290570619637632266e-08 2.318383162641062983e-08 2.326550857098825157e-08 2.322345115776853251e-08 2.305071309208713925e-08 2.295171540663951202e-08 2.283567045761346149e-08 2.315742522761532885e-08 2.306268191226597903e-08 2.325088276799317586e-08 2.303605891438332671e-08 2.312262506893657802e-08 2.289002181580940557e-08 2.343577076476292509e-08 2.317083056990723393e-08 2.333790790767335984e-08 2.324176794923459183e-08 2.319504766757036479e-08 2.336426809739480895e-08 2.329044173525146212e-08 2.291258377951570372e-08 2.320264650041349851e-08 2.305581211636390837e-08 2.304402341867990405e-08 2.329127373008758584e-08 2.291516482594637277e-08 2.317032842453313851e-08 2.285810333435148746e-08 2.321756811461708824e-08
2.306119132868693493e-08 2.333136362415884116e-08 2.327503389210140869e-08 2.324011541700432079e-08 2.318634681831224815e-08 2.287092280250019840e-08 2.323190090325898807e-08 2.265496511983280381e-08 2.331808740783399149e-08 2.317728150150726047e-08 2.327406690920963072e-08 2.304692400998545645e-08 2.300925465055997849e-08 2.298458157279368818e-08 2.309494217533469583e-08 2.287906273725212626e-08 2.315667539098865066e-08 2.323749018384631306e-08 2.319588981679855858e-08 2.302350629264788109e-08 2.292519042388581588e-08 2.280885921240767022e-08 2.312969876667624082e-08 2.303606567440334068e-08 2.322322099296313469e-08 2.300899242311188490e-08 2.309465333865427874e-08 2.286327794087642887e-08 2.340762810578004278e-08 2.314429713961683513e-08 2.331056080705303329e-08 2.321494339050973855e-08 2.316779936982230553e-08 2.333693612981406447e-08 2.326289851808851465e-08 2.288596493051672533e-08 2.317509710765977213e-08 2.302878759785296577e-08 2.301731592987247310e-08 2.326441793873904351e-08 2.288826626261061912e-08 2.314358588848292015e-08 2.283146757820351749e-08 2.319060147070385280e-08
2.317352502782116149e-08 2.344601862105553800e-08 2.338998736541995168e-08 2.335427037482834344e-08 2.330024584987479461e-08 2.298166252644031232e-08 2.334645152621919291e-08 2.276381809324894009e-08 2.343264618924120439e-08 2.329036991707472099e-08 2.338818508823333113e-08 2.315983156458983679e-08 2.312173940509453905e-08 2.309494217533469583e-08 2.320818376479194805e-08 2.299014618820583351e-08 2.327000500854840294e-08 2.335145192109378580e-08 2.330981702468196057e-08 2.313594253896748212e-08 2.303679199128665441e-08 2.291977432342628297e-08 2.324313087890142385e-08 2.314865558118915229e-08 2.333760851774548206e-08 2.312081065197648428e-08 2.320780938902923643e-08 2.297428791546562906e-08 2.352355898675166136e-08 2.325753861928411195e-08 2.342527506306814556e-08 2.332864592281980340e-08 2.328091780596418274e-08 2.345143317943452160e-08 2.337728881712183224e-08 2.299738258923295749e-08 2.328897701318740987e-08 2.314137889816488847e-08 2.312993644658899145e-08 2.337886145980875083e-08 2.299945177787550746e-08 2.325633675356753129e-08 2.294239937414165857e-08 2.330378465794033808e-08
2.295657656477072750e-08 2.322358340193076156e-08 2.316831139672051283e-08 2.313412771026538741e-08 2.308122932569995436e-08 2.276799640762057474e-08 2.312635530091404171e-08 2.255421936525210631e-08 2.321143659612428699e-08 2.307200926244037641e-08 2.316807367956078866e-08 2.294304205876332350e-08 2.290570619637632266e-08 2.287906273725212626e-08 2.299014618820583351e-08 2.277739884299209110e-08 2.305178659400349810e-08 2.313169817823636989e-08 2.309061824085770838e-08 2.291955850497572231e-08 2.282210353885950494e-08 2.270727362232632005e-08 2.302525019275263694e-08 2.293156126270334659e-08 2.311792135277754960e-08 2.290536985572248369e-08 2.299055418596109134e-08 2.276080875494168174e-08 2.330020466688258764e-08 2.303862582339979656e-08 2.320374400434467185e-08 2.310934565659471448e-08 2.306303993571677933e-08 2.323026023147763736e-08 2.315732959382138700e-08 2.278298521349876853e-08 2.306987354688314640e-08 2.292438686666626236e-08 2.291340171581045769e-08 2.315792086609387752e-08 2.278513396808079249e-08 2.303742184047738369e-08 2.272905737586229699e-08 2.308508380112120179e-08
2.323531626348115636e-08 2.350900585421854005e-08 2.345321029118423081e-08 2.341731557921269498e-08 2.336274345069151036e-08 2.304305898941262307e-08 2.340939697942282235e-08 2.282410709591421332e-08 2.349545842310172530e-08 2.335302016216591077e-08 2.345155512285922816e-08 2.322202895624178865e-08 2.318383162641062983e-08 2.315667539098865066e-08 2.327000500854840294e-08 2.305178659400349810e-08 2.333310449114308911e-08 2.341448325468515077e-08 2.337251109505849738e-08 2.319780354976525251e-08 2.309827196849277661e-08 2.298092428734366659e-08 2.330541615691234675e-08 2.321067355391571372e-08 2.339995410522674057e-08 2.318267366315036110e-08 2.326995778259728362e-08 2.303506744965581011e-08 2.358718268709606687e-08 2.331976754705531731e-08 2.348855331455267551e-08 2.339094556361513397e-08 2.334363053934030970e-08 2.351468016490059225e-08 2.343989578551051874e-08 2.305862312285876450e-08 2.335084757757687680e-08 2.320330558539804950e-08 2.319170591335709154e-08 2.344106987649843432e-08 2.306085946788470317e-08 2.331881017931231308e-08 2.300341399552494349e-08 2.336586565915595957e-08
2.331661492265077367e-08 2.359218421871663846e-08 2.353781156892374577e-08 2.349996073690719524e-08 2.344547355660426997e-08 2.312314409894606199e-08 2.349320668561817006e-08 2.290286697088351769e-08 2.357903943657296846e-08 2.343526004536976595e-08 2.353392798704112486e-08 2.330331700262344178e-08 2.326550857098825157e-08 2.323749018384631306e-08 2.335145192109378580e-08 2.313169817823636989e-08 2.341448325468515077e-08 2.349906369732210498e-08 2.345501534926037614e-08 2.327926174064722706e-08 2.317837527079074017e-08 2.306122857848496005e-08 2.338685190678520409e-08 2.329191540676490859e-08 2.348198580456143144e-08 2.326366819451517630e-08 2.335167680743825867e-08 2.311540995192639744e-08 2.367070785473063370e-08 2.340158221262271911e-08 2.357176539829346575e-08 2.347358237597058007e-08 2.342610031385549827e-08 2.359817732605329670e-08 2.352278664933987406e-08 2.313871410338977238e-08 2.343344165668739605e-08 2.328533684148974292e-08 2.327285276689976104e-08 2.352411145412278335e-08 2.314139638519709590e-08 2.340106737507030220e-08 2.308381343410039520e-08 2.344852209757210770e-08
2.327529805486419077e-08 2.355010578990189134e-08 2.349393606948997874e-08 2.345764930909227307e-08 2.340312636163487527e-08 2.308209179773190779e-08 2.345023439408805098e-08 2.286223421003459589e-08 2.353640918597682812e-08 2.339313883160185066e-08 2.349206705739900341e-08 2.326213302459681389e-08 2.322345115776853251e-08 2.319588981679855858e-08 2.330981702468196057e-08 2.309061824085770838e-08 2.337251109505849738e-08 2.345501534926037614e-08 2.341353673581208314e-08 2.323734152453790215e-08 2.313774543262782828e-08 2.302002981789437162e-08 2.334525195557660520e-08 2.325031826675571735e-08 2.344032638786774024e-08 2.322208983049010230e-08 2.330998400359311026e-08 2.307381314766359975e-08 2.362850599451205108e-08 2.335957285408439855e-08 2.352952684048220690e-08 2.343114054683320931e-08 2.338375438038747880e-08 2.355566011089622040e-08 2.348041014078018868e-08 2.309760663730032644e-08 2.339148868156499569e-08 2.324329119916613106e-08 2.323127319135988916e-08 2.348198390240861885e-08 2.310006447937086075e-08 2.335852962240127507e-08 2.304261344319393142e-08 2.340617478277381229e-08
2.310176108605947446e-08 2.337247492032686170e-08 2.331731147978567913e-08 2.328125057317805219e-08 2.322767540062445555e-08 2.291088695557939478e-08 2.327424454169699083e-08 2.269462661897887084e-08 2.335941323203586830e-08 2.321806202277998804e-08 2.331525694136353859e-08 2.308789962691129794e-08 2.305071309208713925e-08 2.302350629264788109e-08 2.313594253896748212e-08 2.291955850497572231e-08 2.319780354976525251e-08 2.327926174064722706e-08 2.323734152453790215e-08 2.306516837056372158e-08 2.296580132296919741e-08 2.284951065849544911e-08 2.317114282565516421e-08 2.307699762193955756e-08 2.326509381569940859e-08 2.304960865411685781e-08 2.313597098856687521e-08 2.290372656682242754e-08 2.344964186938827383e-08 2.318514114229030610e-08 2.335172608220154149e-08 2.325630361233787936e-08 2.320879386366988840e-08 2.337856960660438096e-08 2.330444847647495075e-08 2.292665864860111381e-08 2.321667799282747254e-08 2.306976494555977831e-08 2.305825285715116411e-08 2.330566686389589733e-08 2.292882584379064758e-08 2.318422575325629509e-08 2.287177801592674724e-08 2.323157483587775069e-08
2.300339640281023186e-08 2.327173884479084184e-08 2.321573428027557446e-08 2.318160014388147685e-08 2.312833878783680789e-08 2.281340755378227400e-08 2.317405378678313962e-08 2.259866690534284305e-08 2.325949068907818109e-08 2.311836308544538379e-08 2.321571966851327987e-08 2.298945580341226690e-08 2.295171540663951202e-08 2.292519042388581588e-08 2.303679199128665441e-08 2.282210353885950494e-08 2.309827196849277661e-08 2.317837527079074017e-08 2.313774543262782828e-08 2.296580132296919741e-08 2.286908036412974650e-08 2.275238397736620845e-08 2.307185194455235858e-08 2.297818959070320120e-08 2.316543324635398235e-08 2.295101004338702079e-08 2.303722421787537147e-08 2.280600233806892134e-08 2.334884302035304276e-08 2.308557059358826284e-08 2.325194080431680053e-08 2.315615664380837792e-08 2.310940917174633600e-08 2.327766485480018362e-08 2.320498819319721821e-08 2.282864130403302027e-08 2.311706322891008957e-08 2.297048947884808059e-08 2.295965696946882147e-08 2.320576917888487353e-08 2.283067917200312396e-08 2.308442813041942732e-08 2.277429758823253345e-08 2.313188166399130124e-08
2.288634026915300381e-08 2.315267767498372274e-08 2.309770462950821705e-08 2.306335633721527485e-08 2.301087326010668150e-08 2.269806524385388686e-08 2.305608584132262377e-08 2.248493346741412915e-08 2.314071748035809624e-08 2.300127405697090990e-08 2.309710394520003718e-08 2.287274396510213689e-08 2.283567045761346149e-08 2.280885921240767022e-08 2.291977432342628297e-08 2.270727362232632005e-08 2.298092428734366659e-08 2.306122857848496005e-08 2.302002981789437162e-08 2.284951065849544911e-08 2.275238397736620845e-08 2.263789875283989362e-08 2.295468694213066824e-08 2.286139637129230575e-08 2.304738532200230607e-08 2.283508952089244425e-08 2.292019535170339450e-08 2.269102103943432485e-08 2.322891540616799325e-08 2.296817198829144984e-08 2.313291994777563147e-08 2.303872852572168723e-08 2.299240310786753927e-08 2.315931318442862907e-08 2.308652496895972755e-08 2.271308999198042626e-08 2.299953551906410104e-08 2.285417800430318333e-08 2.284317902791186870e-08 2.308735532483382411e-08 2.271550481549729233e-08 2.296689946826757410e-08 2.265942270785126620e-08 2.301454004883197572e-08
2.320888895815461754e-08 2.348111979622159324e-08 2.342538266965629293e-08 2.338948546321388794e-08 2.333551601393317835e-08 2.301677917612124058e-08 2.338229700941378115e-08 2.279841705450298083e-08 2.346796215471610652e-08 2.332562305096499850e-08 2.342387665802220576e-08 2.319506549446743518e-08 2.315742522761532885e-08 2.312969876667624082e-08 2.324313087890142385e-08 2.302525019275263694e-08 2.330541615691234675e-08 2.338685190678520409e-08 2.334525195557660520e-08 2.317114282565516421e-08 2.307185194455235858e-08 2.295468694213066824e-08 2.327905282175062470e-08 2.318404445703606392e-08 2.337279823471528348e-08 2.315611914197844227e-08 2.324336309309662194e-08 2.300911398810405195e-08 2.355958878098307651e-08 2.329274030887938729e-08 2.346085226245331082e-08 2.336384092060430859e-08 2.331637462149291718e-08 2.348736450438658763e-08 2.341268160065116355e-08 2.303247029419446934e-08 2.332433995277713908e-08 2.317614213318486739e-08 2.316453738614061605e-08 2.341418293531613958e-08 2.303431675545873415e-08 2.329153412456641693e-08 2.297731077985543664e-08 2.333883955892348454e-08
2.311455991050522275e-08 2.338586989818360235e-08 2.333018556583477791e-08 2.329453344411005597e-08 2.324082958657976027e-08 2.292295356641234905e-08 2.328732345836945650e-08 2.270537681822667482e-08 2.337268337266557702e-08 2.323088487379240628e-08 2.332880785952162883e-08 2.310058821284469608e-08 2.306268191226597903e-08 2.303606567440334068e-08 2.314865558118915229e-08 2.293156126270334659e-08 2.321067355391571372e-08 2.329191540676490859e-08 2.325031826675571735e-08 2.307699762193955756e-08 2.297818959070320120e-08 2.286139637129230575e-08 2.318404445703606392e-08 2.309011440824510510e-08 2.327763521366399263e-08 2.306172352800558717e-08 2.314831078767637508e-08 2.291536970291953474e-08 2.346357788769023593e-08 2.319820237269366486e-08 2.336569879062239785e-08 2.326902237813554711e-08 2.322152790700317359e-08 2.339215940658433764e-08 2.331754344770930690e-08 2.293862825954242759e-08 2.322970017618741299e-08 2.308187209929751364e-08 2.307047439188924905e-08 2.331928615467469505e-08 2.294067936993714680e-08 2.319687645425667178e-08 2.288383868388205969e-08 2.324400331384819024e-08
2.330270443050031179e-08 2.357733854794940720e-08 2.352121697801298247e-08 2.348481904223731783e-08 2.343044416011283273e-08 2.310955534980668741e-08 2.347718848825766953e-08 2.289047109643653714e-08 2.356388774406130135e-08 2.342018608529885187e-08 2.351871985571306309e-08 2.328941616101969724e-08 2.325088276799317586e-08 2.322322099296313469e-08 2.333760851774548206e-08 2.311792135277754960e-08 2.339995410522674057e-08 2.348198580456143144e-08 2.344032638786774024e-08 2.326509381569940859e-08 2.316543324635398235e-08 2.304738532200230607e-08 2.337279823471528348e-08 2.327763521366399263e-08 2.346851376919237652e-08 2.324945083162353175e-08 2.333771003273636142e-08 2.310207792691998161e-08 2.365555981084876375e-08 2.338728403208178062e-08 2.355634148132933976e-08 2.345882857769893287e-08 2.341066335140393532e-08 2.358262995199929601e-08 2.350810443766921415e-08 2.312538935731240680e-08 2.341903201600642767e-08 2.327061422627813161e-08 2.325914479362442919e-08 2.350935255834209133e-08 2.312757440810043782e-08 2.338618293873764117e-08 2.307021551894402255e-08 2.343370582232723804e-08
2.308687354948154181e-08 2.335636794756639972e-08 2.330092191015655494e-08 2.326595093416660314e-08 2.321247427899161784e-08 2.289659467273472874e-08 2.325841880170559683e-08 2.268101317050780234e-08 2.334385334150972475e-08 2.320309937811386770e-08 2.330019140748771003e-08 2.307306943285163337e-08 2.303605891438332671e-08 2.300899242311188490e-08 2.312081065197648428e-08 2.290536985572248369e-08 2.318267366315036110e-08 2.326366819451517630e-08 2.322208983049010230e-08 2.304960865411685781e-08 2.295101004338702079e-08 2.283508952089244425e-08 2.315611914197844227e-08 2.306172352800558717e-08 2.324945083162353175e-08 2.303549789007827861e-08 2.312102444117373576e-08 2.288948163009782885e-08 2.343352790309960787e-08 2.316981261077726159e-08 2.333624492224382466e-08 2.324050881876115613e-08 2.319387364600357880e-08 2.336252204732453345e-08 2.328886687161723938e-08 2.291186198313692660e-08 2.320132446617724283e-08 2.305471725347089321e-08 2.304322238441370177e-08 2.328978040820029627e-08 2.291459128788576867e-08 2.316913715773020177e-08 2.285747905428157169e-08 2.321634488787880301e-08
2.317372568268521371e-08 2.344553513931712471e-08 2.339009585209666921e-08 2.335410263290116660e-08 2.330018000503537065e-08 2.298220487689176103e-08 2.334670500975717681e-08 2.276493314446197292e-08 2.343264026888748883e-08 2.329031989998833990e-08 2.338798084669021089e-08 2.316035534749803032e-08 2.312262506893657802e-08 2.309465333865427874e-08 2.320780938902923643e-08 2.299055418596109134e-08 2.326995778259728362e-08 2.335167680743825867e-08 2.330998400359311026e-08 2.313597098856687521e-08 2.303722421787537147e-08 2.292019535170339450e-08 2.324336309309662194e-08 2.314831078767637508e-08 2.333771003273636142e-08 2.312102444117373576e-08 2.320889849766232337e-08 2.297474703658879353e-08 2.352364086451558864e-08 2.325700716171205942e-08 2.342516569039949816e-08 2.332843959257427062e-08 2.328111165111579237e-08 2.345139287691732701e-08 2.337758793050487114e-08 2.299761493602680258e-08 2.328885536702110756e-08 2.314155742983951247e-08 2.312987117971199386e-08 2.337837588299321459e-08 2.299948138025321779e-08 2.325616143258904514e-08 2.294296954080918472e-08 2.330383489166468302e-08
2.294063608221090344e-08 2.320695500899816285e-08 2.315226081764301292e-08 2.311718021815736454e-08 2.306470476987451249e-08 2.275189946187028272e-08 2.310998078989026504e-08 2.253969486882519625e-08 2.319513515038127019e-08 2.305536753028765488e-08 2.315062827453978667e-08 2.292656050487827578e-08 2.289002181580940557e-08 2.286327794087642887e-08 2.297428791546562906e-08 2.276080875494168174e-08 2.303506744965581011e-08 2.311540995192639744e-08 2.307381314766359975e-08 2.290372656682242754e-08 2.280600233806892134e-08 2.269102103943432485e-08 2.300911398810405195e-08 2.291536970291953474e-08 2.310207792691998161e-08 2.288948163009782885e-08 2.297474703658879353e-08 2.274645180831335615e-08 2.328305952887186070e-08 2.302251704846316410e-08 2.318672787473233755e-08 2.309323975827419822e-08 2.304607763226297703e-08 2.321357389153522598e-08 2.314106855875503485e-08 2.276736871040034505e-08 2.305460690312265221e-08 2.290863203455905213e-08 2.289767485155087502e-08 2.314150064764684007e-08 2.276983249466298366e-08 2.302183624930135418e-08 2.271389134089800733e-08 2.306914724788767297e-08
2.348840754817061894e-08 2.376805824995968092e-08 2.371140884867672790e-08 2.367397522780421000e-08 2.361801076128543627e-08 2.329240808213611529e-08 2.366637923278486028e-08 2.306806959215341849e-08 2.375347095481719359e-08 2.360752018906848854e-08 2.370854815804209953e-08 2.347523462730367902e-08 2.343577076476292509e-08 2.340762810578004278e-08 2.352355898675166136e-08 2.330020466688258764e-08 2.358718268709606687e-08 2.367070785473063370e-08 2.362850599451205108e-08 2.344964186938827383e-08 2.334884302035304276e-08 2.322891540616799325e-08 2.355958878098307651e-08 2.346357788769023593e-08 2.365555981084876375e-08 2.343352790309960787e-08 2.352364086451558864e-08 2.328305952887186070e-08 2.384858505476177596e-08 2.357441245632955940e-08 2.374715514773663514e-08 2.364647651676508172e-08 2.359825733496746054e-08 2.377277704966311888e-08 2.369663144056624948e-08 2.330825098555649007e-08 2.360568895202148948e-08 2.345596789431047283e-08 2.344354086690833743e-08 2.369883562725044275e-08 2.330950569374923223e-08 2.357314378224473845e-08 2.325187321569579974e-08 2.362068617938022643e-08
2.322281613137906164e-08 2.349644342416194882e-08 2.344038795836690927e-08 2.340435503181176461e-08 2.335011938453621809e-08 2.303034618475753915e-08 2.339656971309386988e-08 2.281131991008579929e-08 2.348298209657658581e-08 2.334004649789771632e-08 2.343843412437146615e-08 2.320906000039129498e-08 2.317083056990723393e-08 2.314429713961683513e-08 2.325753861928411195e-08 2.303862582339979656e-08 2.331976754705531731e-08 2.340158221262271911e-08 2.335957285408439855e-08 2.318514114229030610e-08 2.308557059358826284e-08 2.296817198829144984e-08 2.329274030887938729e-08 2.319820237269366486e-08 2.338728403208178062e-08 2.316981261077726159e-08 2.325700716171205942e-08 2.302251704846316410e-08 2.357441245632955940e-08 2.330751801336534731e-08 2.347566264839362227e-08 2.337852673884068929e-08 2.333055789426674364e-08 2.350192316273155248e-08 2.342721738242682094e-08 2.304594753800690254e-08 2.333849948374017920e-08 2.319038369599655445e-08 2.317890706102198607e-08 2.342902047865808090e-08 2.304804479491629689e-08 2.330624781985766501e-08 2.299081343550610305e-08 2.335332844774605232e-08
2.339053784771755051e-08 2.366795632878989371e-08 2.361164786256458996e-08 2.357514049838769045e-08 2.351982197303943529e-08 2.319558084024388869e-08 2.356734962744826227e-08 2.297316157444482593e-08 2.365380796586457513e-08 2.350914731107608861e-08 2.360938671956243010e-08 2.337695714450426517e-08 2.333790790767335984e-08 2.331056080705303329e-08 2.342527506306814556e-08 2.320374400434467185e-08 2.348855331455267551e-08 2.357176539829346575e-08 2.352952684048220690e-08 2.335172608220154149e-08 2.325194080431680053e-08 2.313291994777563147e-08 2.346085226245331082e-08 2.336569879062239785e-08 2.355634148132933976e-08 2.333624492224382466e-08 2.342516569039949816e-08 2.318672787473233755e-08 2.374715514773663514e-08 2.347566264839362227e-08 2.364795877291510358e-08 2.354728296666236467e-08 2.349979119852092987e-08 2.367301379098002958e-08 2.359725368574523549e-08 2.321136018370944963e-08 2.350717579917134017e-08 2.335828896362874200e-08 2.334578402858455952e-08 2.359939673775474743e-08 2.321341820066201757e-08 2.347449906633353821e-08 2.315571788605081337e-08 2.352203886731971986e-08
2.329388845251755895e-08 2.356851245737041591e-08 2.351255054194817926e-08 2.347574172821150099e-08 2.342149912056174501e-08 2.310083711783562424e-08 2.346844583965958006e-08 2.288136787553388480e-08 2.355469575893322267e-08 2.341145652290310775e-08 2.350980413147769862e-08 2.328009934980107473e-08 2.324176794923459183e-08 2.321494339050973855e-08 2.332864592281980340e-08 2.310934565659471448e-08 2.339094556361513397e-08 2.347358237597058007e-08 2.343114054683320931e-08 2.325630361233787936e-08 2.315615664380837792e-08 2.303872852572168723e-08 2.336384092060430859e-08 2.326902237813554711e-08 2.345882857769893287e-08 2.324050881876115613e-08 2.332843959257427062e-08 2.309323975827419822e-08 2.364647651676508172e-08 2.337852673884068929e-08 2.354728296666236467e-08 2.345072462490640584e-08 2.340219145064908104e-08 2.357393194884751623e-08 2.349885829097604881e-08 2.311664845876551623e-08 2.340985647287907517e-08 2.326181292724275179e-08 2.324993756647209308e-08 2.350070216913741572e-08 2.311833303668062866e-08 2.337711191308223768e-08 2.306143590015850318e-08 2.342507206308807546e-08
2.324669434515497219e-08 2.351999878019983504e-08 2.346427155752373764e-08 2.342844267735034916e-08 2.337396509531210461e-08 2.305439942356901016e-08 2.342085238936809639e-08 2.283526402718330273e-08 2.350674022436215638e-08 2.336423414784433523e-08 2.346259940746091873e-08 2.323300749242133258e-08 2.319504766757036479e-08 2.316779936982230553e-08 2.328091780596418274e-08 2.306303993571677933e-08 2.334363053934030970e-08 2.342610031385549827e-08 2.338375438038747880e-08 2.320879386366988840e-08 2.310940917174633600e-08 2.299240310786753927e-08 2.331637462149291718e-08 2.322152790700317359e-08 2.341066335140393532e-08 2.319387364600357880e-08 2.328111165111579237e-08 2.304607763226297703e-08 2.359825733496746054e-08 2.333055789426674364e-08 2.349979119852092987e-08 2.340219145064908104e-08 2.335546974278203161e-08 2.352578146868477159e-08 2.345103285139025642e-08 2.306971791884600184e-08 2.336177153877818010e-08 2.321462227894339303e-08 2.320247871719163577e-08 2.345255088111071438e-08 2.307166491675691611e-08 2.332952577566260815e-08 2.301440817323564276e-08 2.337742117859372388e-08
2.341678406941644228e-08 2.369374497606898499e-08 2.363778201057513650e-08 2.360019721339449883e-08 2.354544089186315004e-08 2.322195080252581448e-08 2.359328513535336996e-08 2.299983093353528989e-08 2.367958987985438105e-08 2.353535062249328209e-08 2.363463706861256681e-08 2.340319131471759214e-08 2.336426809739480895e-08 2.333693612981406447e-08 2.345143317943452160e-08 2.323026023147763736e-08 2.351468016490059225e-08 2.359817732605329670e-08 2.355566011089622040e-08 2.337856960660438096e-08 2.327766485480018362e-08 2.315931318442862907e-08 2.348736450438658763e-08 2.339215940658433764e-08 2.358262995199929601e-08 2.336252204732453345e-08 2.345139287691732701e-08 2.321357389153522598e-08 2.377277704966311888e-08 2.350192316273155248e-08 2.367301379098002958e-08 2.357393194884751623e-08 2.352578146868477159e-08 2.370017567707195489e-08 2.362332814521605756e-08 2.323781489705467611e-08 2.353405212481273424e-08 2.338428547176582711e-08 2.337202018551335987e-08 2.362544002362732506e-08 2.323979505936956082e-08 2.350069765611256384e-08 2.318228286891936139e-08 2.354828314473171672e-08
2.334256567695198354e-08 2.361769054235524633e-08 2.356188411475928500e-08 2.352557817582506053e-08 2.347085486203907425e-08 2.314890039031595739e-08 2.351769324463469302e-08 2.292887675967110055e-08 2.360489332987842813e-08 2.346043917214359505e-08 2.355962755174463981e-08 2.332912351685847158e-08 2.329044173525146212e-08 2.326289851808851465e-08 2.337728881712183224e-08 2.315732959382138700e-08 2.343989578551051874e-08 2.352278664933987406e-08 2.348041014078018868e-08 2.330444847647495075e-08 2.320498819319721821e-08 2.308652496895972755e-08 2.341268160065116355e-08 2.331754344770930690e-08 2.350810443766921415e-08 2.328886687161723938e-08 2.337758793050487114e-08 2.314106855875503485e-08 2.369663144056624948e-08 2.342721738242682094e-08 2.359725368574523549e-08 2.349885829097604881e-08 2.345103285139025642e-08 2.362332814521605756e-08 2.354927953269483920e-08 2.316442920012195885e-08 2.345931844450995092e-08 2.331007968483890653e-08 2.329871930371863402e-08 2.355030820987352368e-08 2.316636212005179283e-08 2.342634033858251130e-08 2.310932592591310855e-08 2.347413489808959390e-08
2.296377027760504867e-08 2.323169243732108599e-08 2.317628233904525842e-08 2.314131421524558997e-08 2.308816616740849298e-08 2.277441712031966355e-08 2.313384097927357312e-08 2.255996796535081158e-08 2.321867537488240270e-08 2.307882295362031812e-08 2.317498658525369547e-08 2.294960749374230520e-08 2.291258377951570372e-08 2.288596493051672533e-08 2.299738258923295749e-08 2.278298521349876853e-08 2.305862312285876450e-08 2.313871410338977238e-08 2.309760663730032644e-08 2.292665864860111381e-08 2.282864130403302027e-08 2.271308999198042626e-08 2.303247029419446934e-08 2.293862825954242759e-08 2.312538935731240680e-08 2.291186198313692660e-08 2.299761493602680258e-08 2.276736871040034505e-08 2.330825098555649007e-08 2.304594753800690254e-08 2.321136018370944963e-08 2.311664845876551623e-08 2.306971791884600184e-08 2.323781489705467611e-08 2.316442920012195885e-08 2.279006071588087390e-08 2.307722216545654402e-08 2.293153057645918330e-08 2.292006696348674323e-08 2.316568150483601202e-08 2.279163567750008636e-08 2.304479020194764127e-08 2.273537813550622604e-08 2.309221050429543826e-08
