2.867403978736176085e-08 2.912341736241307129e-08 2.897031309102058343e-08 2.884705037981954229e-08 2.882923927589090928e-08 2.842688921966063870e-08 2.895775713924393704e-08 2.812849497961217945e-08 2.901615266129430729e-08 2.874913471101973632e-08 2.887555961712147255e-08 2.862995575119962090e-08 2.851820767847540987e-08 2.862385958556314100e-08 2.869519070811220603e-08 2.844380620182280586e-08 2.873042137009325038e-08 2.883625836063718838e-08 2.874378479626300650e-08 2.853370473779918221e-08 2.839716266020950567e-08 2.830879185198138830e-08 2.870901145978964982e-08 2.856106002135404079e-08 2.885092026953445907e-08 2.858195256291655236e-08 2.866925064998985362e-08 2.830546637234786576e-08 2.906419320305419907e-08 2.882031744380649056e-08 2.893857978676953758e-08 2.882684560285889607e-08 2.873824912050834912e-08 2.903809734955249739e-08 2.885941964579405738e-08 2.835037270121941355e-08 2.876660433327797900e-08 2.853362651346122726e-08 2.860742401870674133e-08 2.882633350041486245e-08 2.829978308778615280e-08 2.877483656563097851e-08 2.828888973016842736e-08 2.885536419750245347e-08
2.912341736241307129e-08 2.958198141442389955e-08 2.942590924581857879e-08 2.930024213568417828e-08 2.928202890574612067e-08 2.887299903464319049e-08 2.941346120311138844e-08 2.857054010732923598e-08 2.947241641595392961e-08 2.920217333994338018e-08 2.932938561025685558e-08 2.907955368277538452e-08 2.896679541801142262e-08 2.907329667315871567e-08 2.914621311884799367e-08 2.889045613886322233e-08 2.918249978072219189e-08 2.929005094988520231e-08 2.919590007265964433e-08 2.898169812571942001e-08 2.884284698460537781e-08 2.875287468375636071e-08 2.916063992962495571e-08 2.900975235715960489e-08 2.930513935246780463e-08 2.903161991126729291e-08 2.911934626714357586e-08 2.875056696647265067e-08 2.952111439070346286e-08 2.927338276856070100e-08 2.939356624458294297e-08 2.927926860719083650e-08 2.919032575454740798e-08 2.949416878429789196e-08 2.931280135181103043e-08 2.879637712008184887e-08 2.921891650075360783e-08 2.898280174131692400e-08 2.905679506929067748e-08 2.927919048644168573e-08 2.874403863368671693e-08 2.922729662053995953e-08 2.873322243654842747e-08 2.930900298068053064e-08
2.897031309102058343e-08 2.942590924581857879e-08 2.927162509422327858e-08 2.914636110565705779e-08 2.912748465592064102e-08 2.872116266218782734e-08 2.925860960560140781e-08 2.842031295690261579e-08 2.931757343255586804e-08 2.904856289573756366e-08 2.917574466502119113e-08 2.892662732630265623e-08 2.881417253721095762e-08 2.892028591176565858e-08 2.899293748832886723e-08 2.873844598415100328e-08 2.902930378094217787e-08 2.913629622482319926e-08 2.904233784863260320e-08 2.882930557812273815e-08 2.869093463779793632e-08 2.860209107903839083e-08 2.900741282143196728e-08 2.885729522617098845e-08 2.915085539429942294e-08 2.887876292410088214e-08 2.896642856508034917e-08 2.859966368582920332e-08 2.936618422319329953e-08 2.911936817781613346e-08 2.923927261948398672e-08 2.912569286180360702e-08 2.903675557956191428e-08 2.933895637399267875e-08 2.915866596711456388e-08 2.864493734659789063e-08 2.906485589023312241e-08 2.883048767029657190e-08 2.890421190366976858e-08 2.912566802229758210e-08 2.859266506857566078e-08 2.907359702616376254e-08 2.858213769130747327e-08 2.915506629553129733e-08
2.884705037981954229e-08 2.930024213568417828e-08 2.914636110565705779e-08 2.902257305432436618e-08 2.900361179832857058e-08 2.859889613908719412e-08 2.913335167731178724e-08 2.829970540858379617e-08 2.919236547137167934e-08 2.892440925276474570e-08 2.905106892212945407e-08 2.880352891884636868e-08 2.869104379241845230e-08 2.879780141369041857e-08 2.886927696574147874e-08 2.861618219844753233e-08 2.890490672115334567e-08 2.901162442187605989e-08 2.891800256137578939e-08 2.870666221420175980e-08 2.856923514123578378e-08 2.848037246174783548e-08 2.888367376965605483e-08 2.873423035283324006e-08 2.902647534979372412e-08 2.875513299712307024e-08 2.884319792527042146e-08 2.847759205855119643e-08 2.924089824877337229e-08 2.899495365088133631e-08 2.911446888436250861e-08 2.900170602679357397e-08 2.891285923992694972e-08 2.921417264043723859e-08 2.903478991778233751e-08 2.852279951379970261e-08 2.894110256379955271e-08 2.870730249369557253e-08 2.878078927628520707e-08 2.900146174975767930e-08 2.847123691850435957e-08 2.894944397990904613e-08 2.846070710577746299e-08 2.903011771798766977e-08
2.882923927589090928e-08 2.928202890574612067e-08 2.912748465592064102e-08 2.900361179832857058e-08 2.898717566900077609e-08 2.858061395651237459e-08 2.911546591768032478e-08 2.828156565536169150e-08 2.917357556305507057e-08 2.890583332587145574e-08 2.903195635893208814e-08 2.878536011172977841e-08 2.867336038804559949e-08 2.877953224949426599e-08 2.885072581285493598e-08 2.859883644043683772e-08 2.888622105554323163e-08 2.899311857484528375e-08 2.890003898082630734e-08 2.868871576597376179e-08 2.855155339816649767e-08 2.846235003897637932e-08 2.886536656453025227e-08 2.871640339672772981e-08 2.900812633709446754e-08 2.873729656471138957e-08 2.882490755236774281e-08 2.845989624754290855e-08 2.922197466119855765e-08 2.897690492048768200e-08 2.909600559565390678e-08 2.898357964540588438e-08 2.889426503459921367e-08 2.919560819786364363e-08 2.901622775374971778e-08 2.850492040737830606e-08 2.892289225737442092e-08 2.868881794621066283e-08 2.876267073486067008e-08 2.898306573492646882e-08 2.845387937996405022e-08 2.893098386019549581e-08 2.844256570685294075e-08 2.901215811125721454e-08
2.842688921966063870e-08 2.887299903464319049e-08 2.872116266218782734e-08 2.859889613908719412e-08 2.858061395651237459e-08 2.818255830470350592e-08 2.870865507170090726e-08 2.788651352825752761e-08 2.876653231832444963e-08 2.850204267621608389e-08 2.862755196592510145e-08 2.838365855146841178e-08 2.827288834451024490e-08 2.837753211888211054e-08 2.844861005715214548e-08 2.819893261713847582e-08 2.848356703102283623e-08 2.858826708680680183e-08 2.849656328013543801e-08 2.828798764566576065e-08 2.815252904861115743e-08 2.806502316300006657e-08 2.846194409792567991e-08 2.831495207070294888e-08 2.860269998274567260e-08 2.833622169787218304e-08 2.842270202940682013e-08 2.806200020403891132e-08 2.881437842544619387e-08 2.857258780960036882e-08 2.868949193871755108e-08 2.857847301153419796e-08 2.849162652335421013e-08 2.878812959046426956e-08 2.861127962340133362e-08 2.810637648232307711e-08 2.851920750932312665e-08 2.828821667095685110e-08 2.836149507031565987e-08 2.857810696561202462e-08 2.805614945643123204e-08 2.852715536894829611e-08 2.804547666195707896e-08 2.860720419123541086e-08
2.895775713924393704e-08 2.941346120311138844e-08 2.925860960560140781e-08 2.913335167731178724e-08 2.911546591768032478e-08 2.870865507170090726e-08 2.924635776183073088e-08 2.840769086017105274e-08 2.930484153718150132e-08 2.903585104717478355e-08 2.916272151761805043e-08 2.891410848218762492e-08 2.880199917759714504e-08 2.890760742995523458e-08 2.898019223003479287e-08 2.872616806413849205e-08 2.901657657518569507e-08 2.912351822233417287e-08 2.902991413218538253e-08 2.881681342052918613e-08 2.867861325468433196e-08 2.858935012099308248e-08 2.899462636472564635e-08 2.884473381433224321e-08 2.913817076741098384e-08 2.886639577465857315e-08 2.895372180462267872e-08 2.858721551004640039e-08 2.935322233780736647e-08 2.910699520315799257e-08 2.922635049321716266e-08 2.911293697627858469e-08 2.902423754812215226e-08 2.932619544888018699e-08 2.914623825309044842e-08 2.863243550658895622e-08 2.905240576084142333e-08 2.881780962107735202e-08 2.889167839365011986e-08 2.911258317112836270e-08 2.858043773868633468e-08 2.906096399009163993e-08 2.856961355222480694e-08 2.914247141678922389e-08
2.812849497961217945e-08 2.857054010732923598e-08 2.842031295690261579e-08 2.829970540858379617e-08 2.828156565536169150e-08 2.788651352825752761e-08 2.840769086017105274e-08 2.759556072449915249e-08 2.846525650736008550e-08 2.820414154512438927e-08 2.832723046449990470e-08 2.808593283982347496e-08 2.797674319346235207e-08 2.808105021883849044e-08 2.815034057516879570e-08 2.790384384832379817e-08 2.818490579670163750e-08 2.828887986527765035e-08 2.819767410960413844e-08 2.799164131439167534e-08 2.785780679702903028e-08 2.777133783277102592e-08 2.816465776771797413e-08 2.801868073376408994e-08 2.830398919895858927e-08 2.803917438551885324e-08 2.812484576212583748e-08 2.776863680119310421e-08 2.851235396553779402e-08 2.827265404580290958e-08 2.838927068720902385e-08 2.827926075009778355e-08 2.819263664997166795e-08 2.848660578477268587e-08 2.831113225564952894e-08 2.781310302787033076e-08 2.822054929429355754e-08 2.799239781235671966e-08 2.806400155874708296e-08 2.827947119761965805e-08 2.776233506151620285e-08 2.822845100906638379e-08 2.775204495497476633e-08 2.830733112136376040e-08
2.901615266129430729e-08 2.947241641595392961e-08 2.931757343255586804e-08 2.919236547137167934e-08 2.917357556305507057e-08 2.876653231832444963e-08 2.930484153718150132e-08 2.846525650736008550e-08 2.936440828628975950e-08 2.909431083177436195e-08 2.922149727201874514e-08 2.897238870229511464e-08 2.885977433049526484e-08 2.896622763992999260e-08 2.903841270299455848e-08 2.878398569487543605e-08 2.907503520224188636e-08 2.918223332265554998e-08 2.908816259186071915e-08 2.887506652598746234e-08 2.873660815857031360e-08 2.864729622709771902e-08 2.905319677538197209e-08 2.890305533351454292e-08 2.919675666929416249e-08 2.892429101361107657e-08 2.901204366974464919e-08 2.864513858853713348e-08 2.941242442857391389e-08 2.916562657184738232e-08 2.928534211029189902e-08 2.917191665190483035e-08 2.908255977814229335e-08 2.938543229474290184e-08 2.920513302723077105e-08 2.869042566639578350e-08 2.911124274844356260e-08 2.887588601004603576e-08 2.894971565790017109e-08 2.917172029848702373e-08 2.863795433355428218e-08 2.911960343340417496e-08 2.862760551153449925e-08 2.920102527101418945e-08
2.874913471101973632e-08 2.920217333994338018e-08 2.904856289573756366e-08 2.892440925276474570e-08 2.890583332587145574e-08 2.850204267621608389e-08 2.903585104717478355e-08 2.820414154512438927e-08 2.909431083177436195e-08 2.882800108337968873e-08 2.895322924404702172e-08 2.870612727884786840e-08 2.859486774955994222e-08 2.870025401671896840e-08 2.877208823958843677e-08 2.851962735965026236e-08 2.880816956372757104e-08 2.891441869168865745e-08 2.882104631915823124e-08 2.860961251506815032e-08 2.847232707982163222e-08 2.838387854682799206e-08 2.878689551762075665e-08 2.863747845691347440e-08 2.892933149503727892e-08 2.865891348490187855e-08 2.874554626282497208e-08 2.838196139513713744e-08 2.914239903348741643e-08 2.889744575598475059e-08 2.901657541611544504e-08 2.890350428194019654e-08 2.881555637989585394e-08 2.911555590656480627e-08 2.893634981622640917e-08 2.842722768375346321e-08 2.884375482172829893e-08 2.861109498018393658e-08 2.868376533815910584e-08 2.890373627177724494e-08 2.837487726458695859e-08 2.885220732996928376e-08 2.836460958703113563e-08 2.893282256785506137e-08
2.887555961712147255e-08 2.932938561025685558e-08 2.917574466502119113e-08 2.905106892212945407e-08 2.903195635893208814e-08 2.862755196592510145e-08 2.916272151761805043e-08 2.832723046449990470e-08 2.922149727201874514e-08 2.895322924404702172e-08 2.908114974197636268e-08 2.883232494693506411e-08 2.871969604126470304e-08 2.882569944575985943e-08 2.889848530765420258e-08 2.864463285369502804e-08 2.893454471981490260e-08 2.904097855535498934e-08 2.894739957585545097e-08 2.873520856024141418e-08 2.859713819522452647e-08 2.850881198559477570e-08 2.891228036874041564e-08 2.876246268689086149e-08 2.905498795981200624e-08 2.878397203808283875e-08 2.887217863204945305e-08 2.850632020534527101e-08 2.927067579369449855e-08 2.902452146758391163e-08 2.914369676254404631e-08 2.903068846614356568e-08 2.894228103418872030e-08 2.924299348590341509e-08 2.906378497121670112e-08 2.855084791523379311e-08 2.896969414811628967e-08 2.873571054694819943e-08 2.880992111131277110e-08 2.903049287887647978e-08 2.849935227582121367e-08 2.897818128865680579e-08 2.848862478452219413e-08 2.905990310934602989e-08
2.862995575119962090e-08 2.907955368277538452e-08 2.892662732630265623e-08 2.880352891884636868e-08 2.878536011172977841e-08 2.838365855146841178e-08 2.891410848218762492e-08 2.808593283982347496e-08 2.897238870229511464e-08 2.870612727884786840e-08 2.883232494693506411e-08 2.858672367400058781e-08 2.847497411791453695e-08 2.858048487475089005e-08 2.865180183405239580e-08 2.840071921382122238e-08 2.868724287020067986e-08 2.879305487231582441e-08 2.870045185897785591e-08 2.849053928937645375e-08 2.835407886856658482e-08 2.826577084784635954e-08 2.866566008086660361e-08 2.851765404304494040e-08 2.880735089035046384e-08 2.853856906332392166e-08 2.862603865281997876e-08 2.826314057766840137e-08 2.902067333987886605e-08 2.877698068246231088e-08 2.889500765793416584e-08 2.878332845929763585e-08 2.869528975458849865e-08 2.899402164598062605e-08 2.881641513001289829e-08 2.830746613503761843e-08 2.872308494286217077e-08 2.849069013561574586e-08 2.856411934558481532e-08 2.878271573865422687e-08 2.825690547473669392e-08 2.873122853002061719e-08 2.824609515772112883e-08 2.881170430816491145e-08
2.851820767847540987e-08 2.896679541801142262e-08 2.881417253721095762e-08 2.869104379241845230e-08 2.867336038804559949e-08 2.827288834451024490e-08 2.880199917759714504e-08 2.797674319346235207e-08 2.885977433049526484e-08 2.859486774955994222e-08 2.871969604126470304e-08 2.847497411791453695e-08 2.836476361507005646e-08 2.846898548514095963e-08 2.854032385327861403e-08 2.829003572092361665e-08 2.857584373887680924e-08 2.868097279991685690e-08 2.858886888286928638e-08 2.837917290893281879e-08 2.824321783733455885e-08 2.815539930269637674e-08 2.855446602170242185e-08 2.840675815210860815e-08 2.869581802179153314e-08 2.842825016214739977e-08 2.851399993458269895e-08 2.815296318423594150e-08 2.890728176936711885e-08 2.866482445858477161e-08 2.878239289265194328e-08 2.867061035173119950e-08 2.858336395268897024e-08 2.888099007041636267e-08 2.870309129709853164e-08 2.819794120518175042e-08 2.861146232730505735e-08 2.838014695446867423e-08 2.845291861270585546e-08 2.867070050414564188e-08 2.814653078544689185e-08 2.861964490126400657e-08 2.813593771989564218e-08 2.869993698923678080e-08
2.862385958556314100e-08 2.907329667315871567e-08 2.892028591176565858e-08 2.879780141369041857e-08 2.877953224949426599e-08 2.837753211888211054e-08 2.890760742995523458e-08 2.808105021883849044e-08 2.896622763992999260e-08 2.870025401671896840e-08 2.882569944575985943e-08 2.858048487475089005e-08 2.846898548514095963e-08 2.857549245222799618e-08 2.864565295397873702e-08 2.839512627995539482e-08 2.868076443506791332e-08 2.878664093335625802e-08 2.869397257637693593e-08 2.848454469209710526e-08 2.834843016904906037e-08 2.826010395823213337e-08 2.866008671364720233e-08 2.851182088090984106e-08 2.880191090483943190e-08 2.853237939265353650e-08 2.862003288083264339e-08 2.825736239206774744e-08 2.901417061788759783e-08 2.877045700298303395e-08 2.888884710850509492e-08 2.877717712737950166e-08 2.868890859503942796e-08 2.898813326333876204e-08 2.880997923205973173e-08 2.830230222973197278e-08 2.871731258634571181e-08 2.848478913770795854e-08 2.855796796014356917e-08 2.877685421832125321e-08 2.825124799362107326e-08 2.872524925970572207e-08 2.824065965563641144e-08 2.880539232553537968e-08
2.869519070811220603e-08 2.914621311884799367e-08 2.899293748832886723e-08 2.886927696574147874e-08 2.885072581285493598e-08 2.844861005715214548e-08 2.898019223003479287e-08 2.815034057516879570e-08 2.903841270299455848e-08 2.877208823958843677e-08 2.889848530765420258e-08 2.865180183405239580e-08 2.854032385327861403e-08 2.864565295397873702e-08 2.871794908647988984e-08 2.846553902369935673e-08 2.875325903489724718e-08 2.885885630764598383e-08 2.876623885284223411e-08 2.855529300098497758e-08 2.841837193033908354e-08 2.833030321792152006e-08 2.873157933285331307e-08 2.858253078627350475e-08 2.887371553409880483e-08 2.860417039429358267e-08 2.869132622366288451e-08 2.832726800461237121e-08 2.908703301822267798e-08 2.884264899347778629e-08 2.896105688810042819e-08 2.884856713731108508e-08 2.876102188858529198e-08 2.906033393483426541e-08 2.888130585706607265e-08 2.837250869449543653e-08 2.878885046727513113e-08 2.855592999037434266e-08 2.862960917419569061e-08 2.884862144751023107e-08 2.832114543541344430e-08 2.879716262171804911e-08 2.831050231177161692e-08 2.887801146567502968e-08
2.844380620182280586e-08 2.889045613886322233e-08 2.873844598415100328e-08 2.861618219844753233e-08 2.859883644043683772e-08 2.819893261713847582e-08 2.872616806413849205e-08 2.790384384832379817e-08 2.878398569487543605e-08 2.851962735965026236e-08 2.864463285369502804e-08 2.840071921382122238e-08 2.829003572092361665e-08 2.839512627995539482e-08 2.846553902369935673e-08 2.821677628431458132e-08 2.850067494144361035e-08 2.860580831499478765e-08 2.851397817423711515e-08 2.830541455402527921e-08 2.816988779249504399e-08 2.808235118472939130e-08 2.847979864786319107e-08 2.833235075026272612e-08 2.862058043283320452e-08 2.835296129655347430e-08 2.844009237340387839e-08 2.807980850891807653e-08 2.883182561759335443e-08 2.858989409246812437e-08 2.870720898378631769e-08 2.859640850129696919e-08 2.850860269005154323e-08 2.880565820755133866e-08 2.862889418222595707e-08 2.812414258323818747e-08 2.853654794424591331e-08 2.830537037978487708e-08 2.837859263547020086e-08 2.859581217346804268e-08 2.807348691601266885e-08 2.854460983450656042e-08 2.806274696876214618e-08 2.862477741255114073e-08
2.873042137009325038e-08 2.918249978072219189e-08 2.902930378094217787e-08 2.890490672115334567e-08 2.888622105554323163e-08 2.848356703102283623e-08 2.901657657518569507e-08 2.818490579670163750e-08 2.907503520224188636e-08 2.880816956372757104e-08 2.893454471981490260e-08 2.868724287020067986e-08 2.857584373887680924e-08 2.868076443506791332e-08 2.875325903489724718e-08 2.850067494144361035e-08 2.878946577457318943e-08 2.889525343388974823e-08 2.880233395783257504e-08 2.859070547344482043e-08 2.845333555324741877e-08 2.836528390084118219e-08 2.876735256855433065e-08 2.861824674906834016e-08 2.890961995826919149e-08 2.863980413389998152e-08 2.872670872151589206e-08 2.836298331522400464e-08 2.912329637137772172e-08 2.887880545079017759e-08 2.899728000396724567e-08 2.888455734955437192e-08 2.879675512764081198e-08 2.909616087679457084e-08 2.891733554766699041e-08 2.840789936211850254e-08 2.882455758621590161e-08 2.859170506438146302e-08 2.866516592158807779e-08 2.888457636977650873e-08 2.835594130668611619e-08 2.883316462937114574e-08 2.834558662632762870e-08 2.891422988112212264e-08
2.883625836063718838e-08 2.929005094988520231e-08 2.913629622482319926e-08 2.901162442187605989e-08 2.899311857484528375e-08 2.858826708680680183e-08 2.912351822233417287e-08 2.828887986527765035e-08 2.918223332265554998e-08 2.891441869168865745e-08 2.904097855535498934e-08 2.879305487231582441e-08 2.868097279991685690e-08 2.878664093335625802e-08 2.885885630764598383e-08 2.860580831499478765e-08 2.889525343388974823e-08 2.900194276896471168e-08 2.890843355369476921e-08 2.869626196557264544e-08 2.855849696550980402e-08 2.846988859606926128e-08 2.887342233063690756e-08 2.872397029417503229e-08 2.901623146175765281e-08 2.874511117145322549e-08 2.883266537576914359e-08 2.846784688089252461e-08 2.923069149361985809e-08 2.898515498671816365e-08 2.910441980786030551e-08 2.899144853758632970e-08 2.890275386665275634e-08 2.920337164943724954e-08 2.902438414990487578e-08 2.851262205352673557e-08 2.893071668997113997e-08 2.869727285413410371e-08 2.877066384989991071e-08 2.899119610454447997e-08 2.846064843543529873e-08 2.893935721968915510e-08 2.845010914182580536e-08 2.902050916131458055e-08
2.874378479626300650e-08 2.919590007265964433e-08 2.904233784863260320e-08 2.891800256137578939e-08 2.890003898082630734e-08 2.849656328013543801e-08 2.902991413218538253e-08 2.819767410960413844e-08 2.908816259186071915e-08 2.882104631915823124e-08 2.894739957585545097e-08 2.870045185897785591e-08 2.858886888286928638e-08 2.869397257637693593e-08 2.876623885284223411e-08 2.851397817423711515e-08 2.880233395783257504e-08 2.890843355369476921e-08 2.881576608330473375e-08 2.860394002344118018e-08 2.846666770770136354e-08 2.837822521406196790e-08 2.878038068353672110e-08 2.863135739838708204e-08 2.892296667169709018e-08 2.865263020887809291e-08 2.873996580052435669e-08 2.837582413811367414e-08 2.913651099128387984e-08 2.889215714385710320e-08 2.901061149143675606e-08 2.889809550096269671e-08 2.880993959910913823e-08 2.910955379673004980e-08 2.893098344518760379e-08 2.842075740758160558e-08 2.883784354590822418e-08 2.860466567770868490e-08 2.867838301014400712e-08 2.889758341646939890e-08 2.836918116336580416e-08 2.884649734183428929e-08 2.835849934359058548e-08 2.892748262169019424e-08
2.853370473779918221e-08 2.898169812571942001e-08 2.882930557812273815e-08 2.870666221420175980e-08 2.868871576597376179e-08 2.828798764566576065e-08 2.881681342052918613e-08 2.799164131439167534e-08 2.887506652598746234e-08 2.860961251506815032e-08 2.873520856024141418e-08 2.849053928937645375e-08 2.837917290893281879e-08 2.848454469209710526e-08 2.855529300098497758e-08 2.830541455402527921e-08 2.859070547344482043e-08 2.869626196557264544e-08 2.860394002344118018e-08 2.839499395945968484e-08 2.825899633501767109e-08 2.817098198206675954e-08 2.856940513235698385e-08 2.842191061456222612e-08 2.871055486519230950e-08 2.844235320854653359e-08 2.852986939070733332e-08 2.816843930023585624e-08 2.892301604980665444e-08 2.868011561249970476e-08 2.879790195539810312e-08 2.868683093175794005e-08 2.859855790315806628e-08 2.889667671769448696e-08 2.871973450367641233e-08 2.821247153983418060e-08 2.862656345934119133e-08 2.839487238831141468e-08 2.846787453170776376e-08 2.868609335315581188e-08 2.816203633929162270e-08 2.863472966645693232e-08 2.815126045356517116e-08 2.871481949418518473e-08
2.839716266020950567e-08 2.884284698460537781e-08 2.869093463779793632e-08 2.856923514123578378e-08 2.855155339816649767e-08 2.815252904861115743e-08 2.867861325468433196e-08 2.785780679702903028e-08 2.873660815857031360e-08 2.847232707982163222e-08 2.859713819522452647e-08 2.835407886856658482e-08 2.824321783733455885e-08 2.834843016904906037e-08 2.841837193033908354e-08 2.816988779249504399e-08 2.845333555324741877e-08 2.855849696550980402e-08 2.846666770770136354e-08 2.825899633501767109e-08 2.812394216740062579e-08 2.803607327812211067e-08 2.843241482644483775e-08 2.828583340110340845e-08 2.857302900995171050e-08 2.830603786972270737e-08 2.839321053096228102e-08 2.803337250967932830e-08 2.878420661828778995e-08 2.854254284766015444e-08 2.865975709838964499e-08 2.854936859789391357e-08 2.846145203179821675e-08 2.875832226435060704e-08 2.858221641775273551e-08 2.807732373879276515e-08 2.848952466214370674e-08 2.825881446953390296e-08 2.833138581362518466e-08 2.854857646758722754e-08 2.802734192510704411e-08 2.849746429254993274e-08 2.801648492407480214e-08 2.857696297543821821e-08
2.830879185198138830e-08 2.875287468375636071e-08 2.860209107903839083e-08 2.848037246174783548e-08 2.846235003897637932e-08 2.806502316300006657e-08 2.858935012099308248e-08 2.777133783277102592e-08 2.864729622709771902e-08 2.838387854682799206e-08 2.850881198559477570e-08 2.826577084784635954e-08 2.815539930269637674e-08 2.826010395823213337e-08 2.833030321792152006e-08 2.808235118472939130e-08 2.836528390084118219e-08 2.846988859606926128e-08 2.837822521406196790e-08 2.817098198206675954e-08 2.803607327812211067e-08 2.794931864471282447e-08 2.834430007853756512e-08 2.819783430393456455e-08 2.848420634708347457e-08 2.821822312469874449e-08 2.830503697013006758e-08 2.794650096235172985e-08 2.869493706697273087e-08 2.845380335873228821e-08 2.857085009421182193e-08 2.846065087414688233e-08 2.837297318137178350e-08 2.866873723407036085e-08 2.849273403384204039e-08 2.799032500343075694e-08 2.840073707125797304e-08 2.817096975049545212e-08 2.824358800243744221e-08 2.846038255325484661e-08 2.793996015781336650e-08 2.840880111284658237e-08 2.792929407596753216e-08 2.848864225657911383e-08
2.870901145978964982e-08 2.916063992962495571e-08 2.900741282143196728e-08 2.888367376965605483e-08 2.886536656453025227e-08 2.846194409792567991e-08 2.899462636472564635e-08 2.816465776771797413e-08 2.905319677538197209e-08 2.878689551762075665e-08 2.891228036874041564e-08 2.866566008086660361e-08 2.855446602170242185e-08 2.866008671364720233e-08 2.873157933285331307e-08 2.847979864786319107e-08 2.876735256855433065e-08 2.887342233063690756e-08 2.878038068353672110e-08 2.856940513235698385e-08 2.843241482644483775e-08 2.834430007853756512e-08 2.874646044173944038e-08 2.859714995900382646e-08 2.888858516768414286e-08 2.861822147808327531e-08 2.870515932250618234e-08 2.834181982297639279e-08 2.910120432721968262e-08 2.885665416700717719e-08 2.897570842153841058e-08 2.886312411420023932e-08 2.877467914671777450e-08 2.907466010851936454e-08 2.889537969649602514e-08 2.838740054537699921e-08 2.880316813656369807e-08 2.857045143916721909e-08 2.864350950049888495e-08 2.886332565685098828e-08 2.833503753645012959e-08 2.881165178872920592e-08 2.832479686037657657e-08 2.889220933903095440e-08
2.856106002135404079e-08 2.900975235715960489e-08 2.885729522617098845e-08 2.873423035283324006e-08 2.871640339672772981e-08 2.831495207070294888e-08 2.884473381433224321e-08 2.801868073376408994e-08 2.890305533351454292e-08 2.863747845691347440e-08 2.876246268689086149e-08 2.851765404304494040e-08 2.840675815210860815e-08 2.851182088090984106e-08 2.858253078627350475e-08 2.833235075026272612e-08 2.861824674906834016e-08 2.872397029417503229e-08 2.863135739838708204e-08 2.842191061456222612e-08 2.828583340110340845e-08 2.819783430393456455e-08 2.859714995900382646e-08 2.844969396315221230e-08 2.873852051559635592e-08 2.847035909996141681e-08 2.855674285183930935e-08 2.819548331254629062e-08 2.895050575166113690e-08 2.870749342661787341e-08 2.882568308933740309e-08 2.871404405052943518e-08 2.862567854549939331e-08 2.892420863345087803e-08 2.874634602851799384e-08 2.824007329225194673e-08 2.865407466470402990e-08 2.842265295055380753e-08 2.849519922468369353e-08 2.871396116411211311e-08 2.818879212463178765e-08 2.866235348226920558e-08 2.817825232242494775e-08 2.874250957760684823e-08
2.885092026953445907e-08 2.930513935246780463e-08 2.915085539429942294e-08 2.902647534979372412e-08 2.900812633709446754e-08 2.860269998274567260e-08 2.913817076741098384e-08 2.830398919895858927e-08 2.919675666929416249e-08 2.892933149503727892e-08 2.905498795981200624e-08 2.880735089035046384e-08 2.869581802179153314e-08 2.880191090483943190e-08 2.887371553409880483e-08 2.862058043283320452e-08 2.890961995826919149e-08 2.901623146175765281e-08 2.892296667169709018e-08 2.871055486519230950e-08 2.857302900995171050e-08 2.848420634708347457e-08 2.888858516768414286e-08 2.873852051559635592e-08 2.903200063545082530e-08 2.875978246722826476e-08 2.884707237775941297e-08 2.848159901452949472e-08 2.924498559039339588e-08 2.899939076328783114e-08 2.911901365727350444e-08 2.900562962640892840e-08 2.891714875106154113e-08 2.921850464907455385e-08 2.903829540819648295e-08 2.852780296022862922e-08 2.894573618357855757e-08 2.871198252988734776e-08 2.878528652644169816e-08 2.900567101135960135e-08 2.847511731640665551e-08 2.895447174365153411e-08 2.846478788744882858e-08 2.903515881536100794e-08
2.858195256291655236e-08 2.903161991126729291e-08 2.887876292410088214e-08 2.875513299712307024e-08 2.873729656471138957e-08 2.833622169787218304e-08 2.886639577465857315e-08 2.803917438551885324e-08 2.892429101361107657e-08 2.865891348490187855e-08 2.878397203808283875e-08 2.853856906332392166e-08 2.842825016214739977e-08 2.853237939265353650e-08 2.860417039429358267e-08 2.835296129655347430e-08 2.863980413389998152e-08 2.874511117145322549e-08 2.865263020887809291e-08 2.844235320854653359e-08 2.830603786972270737e-08 2.821822312469874449e-08 2.861822147808327531e-08 2.847035909996141681e-08 2.875978246722826476e-08 2.849235845716462545e-08 2.857751899902831597e-08 2.821589831503579932e-08 2.897184993295952081e-08 2.872884402217951332e-08 2.884670400346590507e-08 2.873431961359338364e-08 2.864723821702377556e-08 2.894530394982348518e-08 2.876660450718468907e-08 2.826092187663929850e-08 2.867532375049160351e-08 2.844373159720247543e-08 2.851651605407410136e-08 2.873494372338915962e-08 2.820927284071742860e-08 2.868332943639961825e-08 2.819865833584324987e-08 2.876409808685004033e-08
2.866925064998985362e-08 2.911934626714357586e-08 2.896642856508034917e-08 2.884319792527042146e-08 2.882490755236774281e-08 2.842270202940682013e-08 2.895372180462267872e-08 2.812484576212583748e-08 2.901204366974464919e-08 2.874554626282497208e-08 2.887217863204945305e-08 2.862603865281997876e-08 2.851399993458269895e-08 2.862003288083264339e-08 2.869132622366288451e-08 2.844009237340387839e-08 2.872670872151589206e-08 2.883266537576914359e-08 2.873996580052435669e-08 2.852986939070733332e-08 2.839321053096228102e-08 2.830503697013006758e-08 2.870515932250618234e-08 2.855674285183930935e-08 2.884707237775941297e-08 2.857751899902831597e-08 2.866585863200813562e-08 2.830235164692901059e-08 2.906069791591379952e-08 2.881651814501934732e-08 2.893476605833152499e-08 2.882315880889691354e-08 2.873493262499359365e-08 2.903398589531063461e-08 2.885640020161729589e-08 2.834645799480268021e-08 2.876249734858785243e-08 2.852981745745449568e-08 2.860354375351295191e-08 2.882236158812770272e-08 2.829597439139753257e-08 2.877072988486722529e-08 2.828502501736899906e-08 2.885148146620599370e-08
2.830546637234786576e-08 2.875056696647265067e-08 2.859966368582920332e-08 2.847759205855119643e-08 2.845989624754290855e-08 2.806200020403891132e-08 2.858721551004640039e-08 2.776863680119310421e-08 2.864513858853713348e-08 2.838196139513713744e-08 2.850632020534527101e-08 2.826314057766840137e-08 2.815296318423594150e-08 2.825736239206774744e-08 2.832726800461237121e-08 2.807980850891807653e-08 2.836298331522400464e-08 2.846784688089252461e-08 2.837582413811367414e-08 2.816843930023585624e-08 2.803337250967932830e-08 2.794650096235172985e-08 2.834181982297639279e-08 2.819548331254629062e-08 2.848159901452949472e-08 2.821589831503579932e-08 2.830235164692901059e-08 2.794510262484501097e-08 2.869249636021751194e-08 2.845159492834298023e-08 2.856844165083411647e-08 2.845813369405707165e-08 2.837062783299178792e-08 2.866577256775604680e-08 2.849058296409110649e-08 2.798801338233323846e-08 2.839819402192359782e-08 2.816874327604422564e-08 2.824085395512659097e-08 2.845786869603719469e-08 2.793742217182266770e-08 2.840601207914335085e-08 2.792677302800872561e-08 2.848618821124792079e-08
2.906419320305419907e-08 2.952111439070346286e-08 2.936618422319329953e-08 2.924089824877337229e-08 2.922197466119855765e-08 2.881437842544619387e-08 2.935322233780736647e-08 2.851235396553779402e-08 2.941242442857391389e-08 2.914239903348741643e-08 2.927067579369449855e-08 2.902067333987886605e-08 2.890728176936711885e-08 2.901417061788759783e-08 2.908703301822267798e-08 2.883182561759335443e-08 2.912329637137772172e-08 2.923069149361985809e-08 2.913651099128387984e-08 2.892301604980665444e-08 2.878420661828778995e-08 2.869493706697273087e-08 2.910120432721968262e-08 2.895050575166113690e-08 2.924498559039339588e-08 2.897184993295952081e-08 2.906069791591379952e-08 2.869249636021751194e-08 2.946174727207580847e-08 2.921407411492452023e-08 2.933412947426921338e-08 2.922047610814243259e-08 2.913121301900023907e-08 2.943411381976604051e-08 2.925386996923958495e-08 2.873744463029468653e-08 2.915911196822624489e-08 2.892351615128784932e-08 2.899795052442354497e-08 2.922007752874368205e-08 2.868563394710219559e-08 2.916761395546801330e-08 2.867482012435680718e-08 2.924952507024309367e-08
2.882031744380649056e-08 2.927338276856070100e-08 2.911936817781613346e-08 2.899495365088133631e-08 2.897690492048768200e-08 2.857258780960036882e-08 2.910699520315799257e-08 2.827265404580290958e-08 2.916562657184738232e-08 2.889744575598475059e-08 2.902452146758391163e-08 2.877698068246231088e-08 2.866482445858477161e-08 2.877045700298303395e-08 2.884264899347778629e-08 2.858989409246812437e-08 2.887880545079017759e-08 2.898515498671816365e-08 2.889215714385710320e-08 2.868011561249970476e-08 2.854254284766015444e-08 2.845380335873228821e-08 2.885665416700717719e-08 2.870749342661787341e-08 2.899939076328783114e-08 2.872884402217951332e-08 2.881651814501934732e-08 2.845159492834298023e-08 2.921407411492452023e-08 2.896921875100503664e-08 2.908761066725184224e-08 2.897500511997853899e-08 2.888671498698688824e-08 2.918689975077752880e-08 2.900818460803377336e-08 2.849619096113922410e-08 2.891460592145567504e-08 2.868046256831130427e-08 2.875465301730415218e-08 2.897445860941337081e-08 2.844482966856407408e-08 2.892282769195193629e-08 2.843406357913238593e-08 2.900428429949175623e-08
2.893857978676953758e-08 2.939356624458294297e-08 2.923927261948398672e-08 2.911446888436250861e-08 2.909600559565390678e-08 2.868949193871755108e-08 2.922635049321716266e-08 2.838927068720902385e-08 2.928534211029189902e-08 2.901657541611544504e-08 2.914369676254404631e-08 2.889500765793416584e-08 2.878239289265194328e-08 2.888884710850509492e-08 2.896105688810042819e-08 2.870720898378631769e-08 2.899728000396724567e-08 2.910441980786030551e-08 2.901061149143675606e-08 2.879790195539810312e-08 2.865975709838964499e-08 2.857085009421182193e-08 2.897570842153841058e-08 2.882568308933740309e-08 2.911901365727350444e-08 2.884670400346590507e-08 2.893476605833152499e-08 2.856844165083411647e-08 2.933412947426921338e-08 2.908761066725184224e-08 2.920756428972166643e-08 2.909419317444569530e-08 2.900483734342262464e-08 2.930683119736473635e-08 2.912684343034593445e-08 2.861365769081670940e-08 2.903312476082024557e-08 2.879871461381402245e-08 2.887251552807933338e-08 2.909404970836505250e-08 2.856156165531284011e-08 2.904174590989649438e-08 2.855088992230933740e-08 2.912315949345717838e-08
2.882684560285889607e-08 2.927926860719083650e-08 2.912569286180360702e-08 2.900170602679357397e-08 2.898357964540588438e-08 2.857847301153419796e-08 2.911293697627858469e-08 2.827926075009778355e-08 2.917191665190483035e-08 2.890350428194019654e-08 2.903068846614356568e-08 2.878332845929763585e-08 2.867061035173119950e-08 2.877717712737950166e-08 2.884856713731108508e-08 2.859640850129696919e-08 2.888455734955437192e-08 2.899144853758632970e-08 2.889809550096269671e-08 2.868683093175794005e-08 2.854936859789391357e-08 2.846065087414688233e-08 2.886312411420023932e-08 2.871404405052943518e-08 2.900562962640892840e-08 2.873431961359338364e-08 2.882315880889691354e-08 2.845813369405707165e-08 2.922047610814243259e-08 2.897500511997853899e-08 2.909419317444569530e-08 2.898220780225103418e-08 2.889247593957478822e-08 2.919350400825239445e-08 2.901515830454414110e-08 2.850248317848502687e-08 2.892062267102696858e-08 2.868672708009419444e-08 2.876063717972512696e-08 2.898125680532389891e-08 2.845136850195414584e-08 2.892910387066999746e-08 2.844049773498376111e-08 2.901012103942107075e-08
2.873824912050834912e-08 2.919032575454740798e-08 2.903675557956191428e-08 2.891285923992694972e-08 2.889426503459921367e-08 2.849162652335421013e-08 2.902423754812215226e-08 2.819263664997166795e-08 2.908255977814229335e-08 2.881555637989585394e-08 2.894228103418872030e-08 2.869528975458849865e-08 2.858336395268897024e-08 2.868890859503942796e-08 2.876102188858529198e-08 2.850860269005154323e-08 2.879675512764081198e-08 2.890275386665275634e-08 2.880993959910913823e-08 2.859855790315806628e-08 2.846145203179821675e-08 2.837297318137178350e-08 2.877467914671777450e-08 2.862567854549939331e-08 2.891714875106154113e-08 2.864723821702377556e-08 2.873493262499359365e-08 2.837062783299178792e-08 2.913121301900023907e-08 2.888671498698688824e-08 2.900483734342262464e-08 2.889247593957478822e-08 2.880505605677387238e-08 2.910409263907104590e-08 2.892606955771759701e-08 2.841511060739633688e-08 2.883242183648744817e-08 2.859918177557767629e-08 2.867303467237749214e-08 2.889191335736710503e-08 2.836406903484067922e-08 2.884058437328776699e-08 2.835328644552998413e-08 2.892164567292857924e-08
2.903809734955249739e-08 2.949416878429789196e-08 2.933895637399267875e-08 2.921417264043723859e-08 2.919560819786364363e-08 2.878812959046426956e-08 2.932619544888018699e-08 2.848660578477268587e-08 2.938543229474290184e-08 2.911555590656480627e-08 2.924299348590341509e-08 2.899402164598062605e-08 2.888099007041636267e-08 2.898813326333876204e-08 2.906033393483426541e-08 2.880565820755133866e-08 2.909616087679457084e-08 2.920337164943724954e-08 2.910955379673004980e-08 2.889667671769448696e-08 2.875832226435060704e-08 2.866873723407036085e-08 2.907466010851936454e-08 2.892420863345087803e-08 2.921850464907455385e-08 2.894530394982348518e-08 2.903398589531063461e-08 2.866577256775604680e-08 2.943411381976604051e-08 2.918689975077752880e-08 2.930683119736473635e-08 2.919350400825239445e-08 2.910409263907104590e-08 2.940766068570004276e-08 2.922692395161300120e-08 2.871137548391300838e-08 2.913276394321563360e-08 2.889692751731836847e-08 2.897116615526437032e-08 2.919296396744953352e-08 2.865963081050954936e-08 2.914119004379254011e-08 2.864891539135101289e-08 2.922238352075113265e-08
2.885941964579405738e-08 2.931280135181103043e-08 2.915866596711456388e-08 2.903478991778233751e-08 2.901622775374971778e-08 2.861127962340133362e-08 2.914623825309044842e-08 2.831113225564952894e-08 2.920513302723077105e-08 2.893634981622640917e-08 2.906378497121670112e-08 2.881641513001289829e-08 2.870309129709853164e-08 2.880997923205973173e-08 2.888130585706607265e-08 2.862889418222595707e-08 2.891733554766699041e-08 2.902438414990487578e-08 2.893098344518760379e-08 2.871973450367641233e-08 2.858221641775273551e-08 2.849273403384204039e-08 2.889537969649602514e-08 2.874634602851799384e-08 2.903829540819648295e-08 2.876660450718468907e-08 2.885640020161729589e-08 2.849058296409110649e-08 2.925386996923958495e-08 2.900818460803377336e-08 2.912684343034593445e-08 2.901515830454414110e-08 2.892606955771759701e-08 2.922692395161300120e-08 2.904989859917984662e-08 2.853416283339675041e-08 2.895359201762586033e-08 2.871929551480190126e-08 2.879325163589348364e-08 2.901316223328464792e-08 2.848397775673721487e-08 2.896194119154228270e-08 2.847297873984644593e-08 2.904257939261152251e-08
2.835037270121941355e-08 2.879637712008184887e-08 2.864493734659789063e-08 2.852279951379970261e-08 2.850492040737830606e-08 2.810637648232307711e-08 2.863243550658895622e-08 2.781310302787033076e-08 2.869042566639578350e-08 2.842722768375346321e-08 2.855084791523379311e-08 2.830746613503761843e-08 2.819794120518175042e-08 2.830230222973197278e-08 2.837250869449543653e-08 2.812414258323818747e-08 2.840789936211850254e-08 2.851262205352673557e-08 2.842075740758160558e-08 2.821247153983418060e-08 2.807732373879276515e-08 2.799032500343075694e-08 2.838740054537699921e-08 2.824007329225194673e-08 2.852780296022862922e-08 2.826092187663929850e-08 2.834645799480268021e-08 2.798801338233323846e-08 2.873744463029468653e-08 2.849619096113922410e-08 2.861365769081670940e-08 2.850248317848502687e-08 2.841511060739633688e-08 2.871137548391300838e-08 2.853416283339675041e-08 2.803314797760542609e-08 2.844353385761560798e-08 2.821357756439048483e-08 2.828569168147403151e-08 2.850292150495264828e-08 2.798114996020771138e-08 2.845168674808356232e-08 2.797108255720022852e-08 2.853137226657099480e-08
