2.674931168053224003e-08 2.703834477492427554e-08 2.694295825854294853e-08 2.687159755032089043e-08 2.673373885522222282e-08 2.653753570116073461e-08 2.685318872064898035e-08 2.629532490696483185e-08 2.704063882840057904e-08 2.679874821089926569e-08 2.686528183081593197e-08 2.664001485994390997e-08 2.657239529871562997e-08 2.670158748711381217e-08 2.671125101848360295e-08 2.651184011424394071e-08 2.679762045665732999e-08 2.687421186370315857e-08 2.680628318851976499e-08 2.668827180864480612e-08 2.652750459369468206e-08 2.645404667226000169e-08 2.676920140463160365e-08 2.666007876051515597e-08 2.683736802574094303e-08 2.664581392481696131e-08 2.672238259491593838e-08 2.648002685394106133e-08 2.702672064395995251e-08 2.686201628833557826e-08 2.695695188371437281e-08 2.686381198926936427e-08 2.684484056606369642e-08 2.699504003888129783e-08 2.687397899282506470e-08 2.653497274023538379e-08 2.682155167173060089e-08 2.666322959899316800e-08 2.666096563056227745e-08 2.687314580453806701e-08 2.647555577758740133e-08 2.679777938274272474e-08 2.642308199400116122e-08 2.678496715852092968e-08
2.703834477492427554e-08 2.733604691310242920e-08 2.723880130792687292e-08 2.716633936037550643e-08 2.702564655070956770e-08 2.682535160595291437e-08 2.714736114650938382e-08 2.658000396828955979e-08 2.733750019995071907e-08 2.709125554138732805e-08 2.716014699524540907e-08 2.693099969477348873e-08 2.685937918751020565e-08 2.699223056818058379e-08 2.700128099788791503e-08 2.679895893283305416e-08 2.709120282647807389e-08 2.716816408834292398e-08 2.709934314829097474e-08 2.697938275118127843e-08 2.681487519602420485e-08 2.674080333514471339e-08 2.706337995330994342e-08 2.694929978472127752e-08 2.713165408380597904e-08 2.693446875189822850e-08 2.701440118687607986e-08 2.676672562651393379e-08 2.732274157954867030e-08 2.715643938843177281e-08 2.725176574570503876e-08 2.715752798685908700e-08 2.713896030172413683e-08 2.729156073324530639e-08 2.716872937779761182e-08 2.682253517068326865e-08 2.711387337991765927e-08 2.695502258252179881e-08 2.695057439189147362e-08 2.716681043531038171e-08 2.676225759381172394e-08 2.709020097873822325e-08 2.670868691250842894e-08 2.707711410790415396e-08
2.694295825854294853e-08 2.723880130792687292e-08 2.714271403965637041e-08 2.707021158966877701e-08 2.693039391777846562e-08 2.673062214166437600e-08 2.705183750672728699e-08 2.648608710447026539e-08 2.724093053059370994e-08 2.699547244190163752e-08 2.706372973906812898e-08 2.683582162125298534e-08 2.676464327590779777e-08 2.689643880242005818e-08 2.690617567640746984e-08 2.670426170407935482e-08 2.699520192090686196e-08 2.707229233305110452e-08 2.700344107852925697e-08 2.688335271888313861e-08 2.672058788361940603e-08 2.664633350799802054e-08 2.696737020852067972e-08 2.685444662456865737e-08 2.703540724930995783e-08 2.683953651688562855e-08 2.691859243975960757e-08 2.667220410557886613e-08 2.722608626670815860e-08 2.706022118841371075e-08 2.715532357191578012e-08 2.706159559391877777e-08 2.704277383330910417e-08 2.719514911138644475e-08 2.707219785815703004e-08 2.672791050323329262e-08 2.701807941615353336e-08 2.685981882856664154e-08 2.685507842897016439e-08 2.707049621382983405e-08 2.666763731084144882e-08 2.699472800377857808e-08 2.661450325068726970e-08 2.698173692903994906e-08
2.687159755032089043e-08 2.716633936037550643e-08 2.707021158966877701e-08 2.699902074437287385e-08 2.685877580267186005e-08 2.666002113588219197e-08 2.698004354514090670e-08 2.641685262844091815e-08 2.716804840266887280e-08 2.692381977871984788e-08 2.699205061023691000e-08 2.676449146634444632e-08 2.669387407414908574e-08 2.682553617923024840e-08 2.683482869424095192e-08 2.663424539869945795e-08 2.692349664898498580e-08 2.700048805544104961e-08 2.693185567486989024e-08 2.681248822018508192e-08 2.665017076713099758e-08 2.657633061922350080e-08 2.689612077309519972e-08 2.678357348847583040e-08 2.696414997805435302e-08 2.676867675714169713e-08 2.684707615352729243e-08 2.660195323353443859e-08 2.715341520276779764e-08 2.698829115478934848e-08 2.708315692747280932e-08 2.699032478742209653e-08 2.697093161397421239e-08 2.712282558611498403e-08 2.700086442580577972e-08 2.665762134196571096e-08 2.694644713250192189e-08 2.678852161591418958e-08 2.678456238507387402e-08 2.699919107238254581e-08 2.659766156525799307e-08 2.692308351192590370e-08 2.654412666072861608e-08 2.691020894251352943e-08
2.673373885522222282e-08 2.702564655070956770e-08 2.693039391777846562e-08 2.685877580267186005e-08 2.672064271846805633e-08 2.652278262423963997e-08 2.684064990607382296e-08 2.628032154863173756e-08 2.702777334562209228e-08 2.678516225316640527e-08 2.685237641811965143e-08 2.662642516826701198e-08 2.655709153770426732e-08 2.668731675999490298e-08 2.669701022443817840e-08 2.649691696725667978e-08 2.678443910113656883e-08 2.686118284973081988e-08 2.679280733193402245e-08 2.667405285785234843e-08 2.651287218175365254e-08 2.643958656115151986e-08 2.675667834129782687e-08 2.664558866442899573e-08 2.682439663727700668e-08 2.663117612047189655e-08 2.670852384083601579e-08 2.646499771307451272e-08 2.701350868984366480e-08 2.684897503509554926e-08 2.694312869200165130e-08 2.685032498114834200e-08 2.683161007709044027e-08 2.698257112456384107e-08 2.686102972667591564e-08 2.652034352734965878e-08 2.680764733432567201e-08 2.665044005824756235e-08 2.664592979400812529e-08 2.685947950638664313e-08 2.646057561982571095e-08 2.678445322284981459e-08 2.640790746883828579e-08 2.677149770455721275e-08
2.653753570116073461e-08 2.682535160595291437e-08 2.673062214166437600e-08 2.666002113588219197e-08 2.652278262423963997e-08 2.632877363919749288e-08 2.664143806298092051e-08 2.608830664267347707e-08 2.682707062801933898e-08 2.658753058898022263e-08 2.665353128365118163e-08 2.643016361581860661e-08 2.636211394952301838e-08 2.649040047510481949e-08 2.650062769796598171e-08 2.630277671595603672e-08 2.658670334576851027e-08 2.666212061468444394e-08 2.659492182561782903e-08 2.647805414867472810e-08 2.631824967980254868e-08 2.624502529332603969e-08 2.655877402989696478e-08 2.644997240820841075e-08 2.662602483722785006e-08 2.643540796124434747e-08 2.651169973204239414e-08 2.627070306247347626e-08 2.681377393092340288e-08 2.665012750286258063e-08 2.674446079273650630e-08 2.665175964531142085e-08 2.663306856273581419e-08 2.678277881891948803e-08 2.666191616871865690e-08 2.632507139088564300e-08 2.660969618588810071e-08 2.645295037801410124e-08 2.645105295923431936e-08 2.666143285854243926e-08 2.626698408318181287e-08 2.658605425330934339e-08 2.621442963982855489e-08 2.657330792318660677e-08
2.685318872064898035e-08 2.714736114650938382e-08 2.705183750672728699e-08 2.698004354514090670e-08 2.684064990607382296e-08 2.664143806298092051e-08 2.696306293535653148e-08 2.639810930719118661e-08 2.715036179477750697e-08 2.690542109536975588e-08 2.697366456721950680e-08 2.674637287062790651e-08 2.667593086946442876e-08 2.680700744249534068e-08 2.681746875146013017e-08 2.661554308199070296e-08 2.690473270235758803e-08 2.698209255919593419e-08 2.691339477177932154e-08 2.679331430708225394e-08 2.663207498923342436e-08 2.655754956813399915e-08 2.687738106493372647e-08 2.676536423653224853e-08 2.694602794608761440e-08 2.675137813951441344e-08 2.682856584611807742e-08 2.658324409752761068e-08 2.713535224975185747e-08 2.697026800793270710e-08 2.706446336319155346e-08 2.697176892104001952e-08 2.695254490450621402e-08 2.710561542591377309e-08 2.698172516371731203e-08 2.663966451515873282e-08 2.692837951797274364e-08 2.677092798100447769e-08 2.676532788302775475e-08 2.698045785857983686e-08 2.657909958890130872e-08 2.690542743332440594e-08 2.652591892723552821e-08 2.689238558370146551e-08
2.629532490696483185e-08 2.658000396828955979e-08 2.648608710447026539e-08 2.641685262844091815e-08 2.628032154863173756e-08 2.608830664267347707e-08 2.639810930719118661e-08 2.585154441059931287e-08 2.658164124588113523e-08 2.634460669976744382e-08 2.640976058784665153e-08 2.618831960533302394e-08 2.612170538249567634e-08 2.624892217955936519e-08 2.625847461368162857e-08 2.606318850028220297e-08 2.634355062156484659e-08 2.641777704095486731e-08 2.635219109496780343e-08 2.623590378084030986e-08 2.607870328792039483e-08 2.600589895667099470e-08 2.631623149536743938e-08 2.620864065234201175e-08 2.638256728457756964e-08 2.619435932431212187e-08 2.626954123873590423e-08 2.603167234792304052e-08 2.656807878732997733e-08 2.640643327719615831e-08 2.650012825738844117e-08 2.640878540258948843e-08 2.638955233547911448e-08 2.653756234502952572e-08 2.641859115789658482e-08 2.608555025710094440e-08 2.636638361603802541e-08 2.621158108721706236e-08 2.621028220354622427e-08 2.641810434561627170e-08 2.602745329045060941e-08 2.634308196435868930e-08 2.597546487710719450e-08 2.633044979106739168e-08
2.704063882840057904e-08 2.733750019995071907e-08 2.724093053059370994e-08 2.716804840266887280e-08 2.702777334562209228e-08 2.682707062801933898e-08 2.715036179477750697e-08 2.658164124588113523e-08 2.734058687152797558e-08 2.709316872466176361e-08 2.716208855688544437e-08 2.693302253610039458e-08 2.686201135182831274e-08 2.699416982858885213e-08 2.700396801315185529e-08 2.680098549311738738e-08 2.709285985990888818e-08 2.717050957838740652e-08 2.710126369444470659e-08 2.698047891215539546e-08 2.681738229357614411e-08 2.674238653479665077e-08 2.706495141257214166e-08 2.695169697337376226e-08 2.713388957749984480e-08 2.693711098900809703e-08 2.701628132770259025e-08 2.676889897206064197e-08 2.732501268211315620e-08 2.715884794574245395e-08 2.725383308269682597e-08 2.715990410561451542e-08 2.714111689863310109e-08 2.729445082770201487e-08 2.717045781309190480e-08 2.682539202777521574e-08 2.711626715876177602e-08 2.695743844842872684e-08 2.695206879630177557e-08 2.716839335814425584e-08 2.676410682633636358e-08 2.709278340442833482e-08 2.671070815650951656e-08 2.707979720982740843e-08
2.679874821089926569e-08 2.709125554138732805e-08 2.699547244190163752e-08 2.692381977871984788e-08 2.678516225316640527e-08 2.658753058898022263e-08 2.690542109536975588e-08 2.634460669976744382e-08 2.709316872466176361e-08 2.685047966298174317e-08 2.691781728692935474e-08 2.669140959389363240e-08 2.662188442779620471e-08 2.675229193081779395e-08 2.676180411876705102e-08 2.656175908149071960e-08 2.684946951153100380e-08 2.692611591342176769e-08 2.685792866303627971e-08 2.673927212086498356e-08 2.657734591723621035e-08 2.650375107370709348e-08 2.682176978630254713e-08 2.671026566523821381e-08 2.688972415924573370e-08 2.669599646678198187e-08 2.677388507643249955e-08 2.652941595284815318e-08 2.707905984922215297e-08 2.691416563770814509e-08 2.700867330781722465e-08 2.691547516870337576e-08 2.689672369024348293e-08 2.704805213779311139e-08 2.692633305329755567e-08 2.658480496605769925e-08 2.687246563927570698e-08 2.671502795566558780e-08 2.671110034477207442e-08 2.692490590428002705e-08 2.652506919963201697e-08 2.684910172600213344e-08 2.647221096170600921e-08 2.683614918393009834e-08
2.686528183081593197e-08 2.716014699524540907e-08 2.706372973906812898e-08 2.699205061023691000e-08 2.685237641811965143e-08 2.665353128365118163e-08 2.697366456721950680e-08 2.640976058784665153e-08 2.716208855688544437e-08 2.691781728692935474e-08 2.698650321899654936e-08 2.675876494742559749e-08 2.668790650453863956e-08 2.681943985871758258e-08 2.682872981467318958e-08 2.662790455573425469e-08 2.691726984767062258e-08 2.699449046946663532e-08 2.692549555583682086e-08 2.680645598768918515e-08 2.664327470479479110e-08 2.656963998903241895e-08 2.688987302071437647e-08 2.677674315296787987e-08 2.695831700064632656e-08 2.676252877218274799e-08 2.684135677133563399e-08 2.659532818328118062e-08 2.714770877543871710e-08 2.698264144481090726e-08 2.707681575862160247e-08 2.698368404756828222e-08 2.696494377067878874e-08 2.711701816845873610e-08 2.699477709674412242e-08 2.665124555215238309e-08 2.694012587727423221e-08 2.678235987489004092e-08 2.677757222106617849e-08 2.699279495373823653e-08 2.659095872154243815e-08 2.691683862672173245e-08 2.653758184248689288e-08 2.690398152617893260e-08
2.664001485994390997e-08 2.693099969477348873e-08 2.683582162125298534e-08 2.676449146634444632e-08 2.662642516826701198e-08 2.643016361581860661e-08 2.674637287062790651e-08 2.618831960533302394e-08 2.693302253610039458e-08 2.669140959389363240e-08 2.675876494742559749e-08 2.653404651213474405e-08 2.646396949084687244e-08 2.659353113258772407e-08 2.660351934300916512e-08 2.640435590517892357e-08 2.669083492165782437e-08 2.676707378952919817e-08 2.669889187748878256e-08 2.658102843185815393e-08 2.641972228341573694e-08 2.634638228644707670e-08 2.666301940457481650e-08 2.655210065970764769e-08 2.673111567059959403e-08 2.653784713773740729e-08 2.661573068150669997e-08 2.637204030972366769e-08 2.691919438072700950e-08 2.675503788836067297e-08 2.684914783615226802e-08 2.675625031601961671e-08 2.673758315104869254e-08 2.688844070149005221e-08 2.676680795679141577e-08 2.642702511641164259e-08 2.671342916774186876e-08 2.655677474090226495e-08 2.655285082616679825e-08 2.676537842983704987e-08 2.636777999849395982e-08 2.669035567907638568e-08 2.631512001626220500e-08 2.667763288546936106e-08
2.657239529871562997e-08 2.685937918751020565e-08 2.676464327590779777e-08 2.669387407414908574e-08 2.655709153770426732e-08 2.636211394952301838e-08 2.667593086946442876e-08 2.612170538249567634e-08 2.686201135182831274e-08 2.662188442779620471e-08 2.668790650453863956e-08 2.646396949084687244e-08 2.639789266005015401e-08 2.652591807770674543e-08 2.653499987013082639e-08 2.633744953640932962e-08 2.662036575495657816e-08 2.669670040263663941e-08 2.662932967286533987e-08 2.651182448473967384e-08 2.635281276974774615e-08 2.627953236186639233e-08 2.659244175574883100e-08 2.648448309463630044e-08 2.666064877524919124e-08 2.647051848961015123e-08 2.654608821752616048e-08 2.630541184097377147e-08 2.684788562496410561e-08 2.668472421026786755e-08 2.677835324586249973e-08 2.668677445249546932e-08 2.666733365657349297e-08 2.681701482873286232e-08 2.669688469041403755e-08 2.636044258970502054e-08 2.664409195503285032e-08 2.648759271395109872e-08 2.648453377579361374e-08 2.669566063020307463e-08 2.630099963820454586e-08 2.662096022119150157e-08 2.624854161516984569e-08 2.660827639798488003e-08
2.670158748711381217e-08 2.699223056818058379e-08 2.689643880242005818e-08 2.682553617923024840e-08 2.668731675999490298e-08 2.649040047510481949e-08 2.680700744249534068e-08 2.624892217955936519e-08 2.699416982858885213e-08 2.675229193081779395e-08 2.681943985871758258e-08 2.659353113258772407e-08 2.652591807770674543e-08 2.665613499133896962e-08 2.666420231474965904e-08 2.646566162344064904e-08 2.675129323198856316e-08 2.682795369763567351e-08 2.676018795605682052e-08 2.664185546207680619e-08 2.648108632884529019e-08 2.640792880424607137e-08 2.672364652769408277e-08 2.661336759699857137e-08 2.679171111416735547e-08 2.659924363485359960e-08 2.667630650196662211e-08 2.643360787148545581e-08 2.697960862720993257e-08 2.681597258713159877e-08 2.690977760794818263e-08 2.681809510918575918e-08 2.679856507838732830e-08 2.694854493345712064e-08 2.682860184975244257e-08 2.648893607996019074e-08 2.677448800697702572e-08 2.661752324397161184e-08 2.661386373723937390e-08 2.682695758177323633e-08 2.642895202026292982e-08 2.675149491212012799e-08 2.637612479122563945e-08 2.673872611987631214e-08
2.671125101848360295e-08 2.700128099788791503e-08 2.690617567640746984e-08 2.683482869424095192e-08 2.669701022443817840e-08 2.650062769796598171e-08 2.681746875146013017e-08 2.625847461368162857e-08 2.700396801315185529e-08 2.676180411876705102e-08 2.682872981467318958e-08 2.660351934300916512e-08 2.653499987013082639e-08 2.666420231474965904e-08 2.667497319162344670e-08 2.647473539904600485e-08 2.676093598177108004e-08 2.683743650660805396e-08 2.676936323165677411e-08 2.665100233282764923e-08 2.649067010245008366e-08 2.641668710154240275e-08 2.673293740256739504e-08 2.662329755184322074e-08 2.680128651999540708e-08 2.660929094391260203e-08 2.668539099090495325e-08 2.644250113836055920e-08 2.699005736263743021e-08 2.682559519806231433e-08 2.691962656668339064e-08 2.682682178498278617e-08 2.680806469657434400e-08 2.695959816657478835e-08 2.683685323491443030e-08 2.649804985555388613e-08 2.678462341031719914e-08 2.662715968270611219e-08 2.662342351829409905e-08 2.683610017392262006e-08 2.643868405133626602e-08 2.676123418821157356e-08 2.638584446156395159e-08 2.674828532043313360e-08
2.651184011424394071e-08 2.679895893283305416e-08 2.670426170407935482e-08 2.663424539869945795e-08 2.649691696725667978e-08 2.630277671595603672e-08 2.661554308199070296e-08 2.606318850028220297e-08 2.680098549311738738e-08 2.656175908149071960e-08 2.662790455573425469e-08 2.640435590517892357e-08 2.633744953640932962e-08 2.646566162344064904e-08 2.647473539904600485e-08 2.627815581653113389e-08 2.656057614004792051e-08 2.663654727593833690e-08 2.656918488159519722e-08 2.645218829004575784e-08 2.629319624944256939e-08 2.622009790178478674e-08 2.653299708758100889e-08 2.642456446059386523e-08 2.660069458723549442e-08 2.641015550287392110e-08 2.648619011887188326e-08 2.624588552450723450e-08 2.678722429663815000e-08 2.662444877448708788e-08 2.671808582919528577e-08 2.662669340275029183e-08 2.660717058964069713e-08 2.675648230913100662e-08 2.663691898263198602e-08 2.630061619167968649e-08 2.658368939976261101e-08 2.642754445821301808e-08 2.642513196302679259e-08 2.663563793177468719e-08 2.624166166403329760e-08 2.656045221144012243e-08 2.618891869758937005e-08 2.654799029405874128e-08
2.679762045665732999e-08 2.709120282647807389e-08 2.699520192090686196e-08 2.692349664898498580e-08 2.678443910113656883e-08 2.658670334576851027e-08 2.690473270235758803e-08 2.634355062156484659e-08 2.709285985990888818e-08 2.684946951153100380e-08 2.691726984767062258e-08 2.669083492165782437e-08 2.662036575495657816e-08 2.675129323198856316e-08 2.676093598177108004e-08 2.656057614004792051e-08 2.684979090476940105e-08 2.692587103304944644e-08 2.685747645455319985e-08 2.673896802163960248e-08 2.657617737449211847e-08 2.650282003633118666e-08 2.682154999859309387e-08 2.670976016737572395e-08 2.688969894153059736e-08 2.669461162708747549e-08 2.677314604325387093e-08 2.652841938386446480e-08 2.707887697170266507e-08 2.691373933016978158e-08 2.700829201844307353e-08 2.691499298219894837e-08 2.689650638425415454e-08 2.704795582412469696e-08 2.692592348043816068e-08 2.658369802106028445e-08 2.687218910523207925e-08 2.671443417385364434e-08 2.671040426197680064e-08 2.692396576461249451e-08 2.652417435115017972e-08 2.684884281805183772e-08 2.647096271575127145e-08 2.683587600761099112e-08
2.687421186370315857e-08 2.716816408834292398e-08 2.707229233305110452e-08 2.700048805544104961e-08 2.686118284973081988e-08 2.666212061468444394e-08 2.698209255919593419e-08 2.641777704095486731e-08 2.717050957838740652e-08 2.692611591342176769e-08 2.699449046946663532e-08 2.676707378952919817e-08 2.669670040263663941e-08 2.682795369763567351e-08 2.683743650660805396e-08 2.663654727593833690e-08 2.692587103304944644e-08 2.700390574550514062e-08 2.693387311268577993e-08 2.681481747015648680e-08 2.665203423584702032e-08 2.657858076451527655e-08 2.689786065077084279e-08 2.678581137225350538e-08 2.696674788725890054e-08 2.677095511432656229e-08 2.684936974664450113e-08 2.660405468512430193e-08 2.715610261217240085e-08 2.699089969366039125e-08 2.708505518342655802e-08 2.699236657694272638e-08 2.697335874929023314e-08 2.712516037085849770e-08 2.700313928141418476e-08 2.665997295590261757e-08 2.694899311315636531e-08 2.679060348755548043e-08 2.678564272127326492e-08 2.700090329068861842e-08 2.659960734649262155e-08 2.692586233794301605e-08 2.654612596181613068e-08 2.691316617751980933e-08
2.680628318851976499e-08 2.709934314829097474e-08 2.700344107852925697e-08 2.693185567486989024e-08 2.679280733193402245e-08 2.659492182561782903e-08 2.691339477177932154e-08 2.635219109496780343e-08 2.710126369444470659e-08 2.685792866303627971e-08 2.692549555583682086e-08 2.669889187748878256e-08 2.662932967286533987e-08 2.676018795605682052e-08 2.676936323165677411e-08 2.656918488159519722e-08 2.685747645455319985e-08 2.693387311268577993e-08 2.686596599332713689e-08 2.674693546606799133e-08 2.658511395739092354e-08 2.651137241810142286e-08 2.682965010211999972e-08 2.671818285346271137e-08 2.689767206923149518e-08 2.670358036398268738e-08 2.678148758743529522e-08 2.653708204810745560e-08 2.708676601569653742e-08 2.692195253337697020e-08 2.701653196308647227e-08 2.692378402551632231e-08 2.690461737061570792e-08 2.705593905717144627e-08 2.693419511268274260e-08 2.659246518071928040e-08 2.688032317463707105e-08 2.672279244454780904e-08 2.671891001098536584e-08 2.693274042103177216e-08 2.653265635375081630e-08 2.685716475668759870e-08 2.647966810878490092e-08 2.684415859052898676e-08
2.668827180864480612e-08 2.697938275118127843e-08 2.688335271888313861e-08 2.681248822018508192e-08 2.667405285785234843e-08 2.647805414867472810e-08 2.679331430708225394e-08 2.623590378084030986e-08 2.698047891215539546e-08 2.673927212086498356e-08 2.680645598768918515e-08 2.658102843185815393e-08 2.651182448473967384e-08 2.664185546207680619e-08 2.665100233282764923e-08 2.645218829004575784e-08 2.673896802163960248e-08 2.681481747015648680e-08 2.674693546606799133e-08 2.663006429593134329e-08 2.646714808926747110e-08 2.639464214209384412e-08 2.671090327769460895e-08 2.660023193552858465e-08 2.677903575700503370e-08 2.658550254600656065e-08 2.666303380276311026e-08 2.641974099241685597e-08 2.696713282745679982e-08 2.680255694546266494e-08 2.689691325182014365e-08 2.680405452309824983e-08 2.678556676311833258e-08 2.693606273039313920e-08 2.681515156185663492e-08 2.647468782211253317e-08 2.676183088133845371e-08 2.660414907081653603e-08 2.660133777187996158e-08 2.681370348712894149e-08 2.641613159548429732e-08 2.673807801759895176e-08 2.636297391364354598e-08 2.672507786554187859e-08
2.652750459369468206e-08 2.681487519602420485e-08 2.672058788361940603e-08 2.665017076713099758e-08 2.651287218175365254e-08 2.631824967980254868e-08 2.663207498923342436e-08 2.607870328792039483e-08 2.681738229357614411e-08 2.657734591723621035e-08 2.664327470479479110e-08 2.641972228341573694e-08 2.635281276974774615e-08 2.648108632884529019e-08 2.649067010245008366e-08 2.629319624944256939e-08 2.657617737449211847e-08 2.665203423584702032e-08 2.658511395739092354e-08 2.646714808926747110e-08 2.630923365983808923e-08 2.623537269998036044e-08 2.654858777944746948e-08 2.644043800338788811e-08 2.661592147508729661e-08 2.642600046434180851e-08 2.650153721777153810e-08 2.626134448035653006e-08 2.680302900607183442e-08 2.664015522846744940e-08 2.673403028123911467e-08 2.664271362427693416e-08 2.662292534309167349e-08 2.677254922620671911e-08 2.665208903531993845e-08 2.631612846730651195e-08 2.659955240754914099e-08 2.644335970494424162e-08 2.644082241296532616e-08 2.665144499035332156e-08 2.625708597304561407e-08 2.657642329298775518e-08 2.620463690603480580e-08 2.656378804754253402e-08
2.645404667226000169e-08 2.674080333514471339e-08 2.664633350799802054e-08 2.657633061922350080e-08 2.643958656115151986e-08 2.624502529332603969e-08 2.655754956813399915e-08 2.600589895667099470e-08 2.674238653479665077e-08 2.650375107370709348e-08 2.656963998903241895e-08 2.634638228644707670e-08 2.627953236186639233e-08 2.640792880424607137e-08 2.641668710154240275e-08 2.622009790178478674e-08 2.650282003633118666e-08 2.657858076451527655e-08 2.651137241810142286e-08 2.639464214209384412e-08 2.623537269998036044e-08 2.616346093541709824e-08 2.647508181855082897e-08 2.636658328570518244e-08 2.654238759914685073e-08 2.635215549653354241e-08 2.642784474590349666e-08 2.618843348873247676e-08 2.672874138263018415e-08 2.656617154104809462e-08 2.665966774237104652e-08 2.656845324505856178e-08 2.654927256399196692e-08 2.669772628669293606e-08 2.657888616322008847e-08 2.624282182423172822e-08 2.652603818448653634e-08 2.637011512328663890e-08 2.636716256364005460e-08 2.657749307925498228e-08 2.618399329970100490e-08 2.650300429034593755e-08 2.613165929564532182e-08 2.649026335935781953e-08
2.676920140463160365e-08 2.706337995330994342e-08 2.696737020852067972e-08 2.689612077309519972e-08 2.675667834129782687e-08 2.655877402989696478e-08 2.687738106493372647e-08 2.631623149536743938e-08 2.706495141257214166e-08 2.682176978630254713e-08 2.688987302071437647e-08 2.666301940457481650e-08 2.659244175574883100e-08 2.672364652769408277e-08 2.673293740256739504e-08 2.653299708758100889e-08 2.682154999859309387e-08 2.689786065077084279e-08 2.682965010211999972e-08 2.671090327769460895e-08 2.654858777944746948e-08 2.647508181855082897e-08 2.679434430539370445e-08 2.668169397336455137e-08 2.686196213198815500e-08 2.666695152039387588e-08 2.674540408869814233e-08 2.650060542457526152e-08 2.705069549961231604e-08 2.688608086771566445e-08 2.698028332597628037e-08 2.688748731936718597e-08 2.686866128895240088e-08 2.702025806934797633e-08 2.689844716625630577e-08 2.655613467946481575e-08 2.684396366753747094e-08 2.668693039713316768e-08 2.668263249312432429e-08 2.689664050975265674e-08 2.649649629489839885e-08 2.682075411784806131e-08 2.644313293745048804e-08 2.680782755864711255e-08
2.666007876051515597e-08 2.694929978472127752e-08 2.685444662456865737e-08 2.678357348847583040e-08 2.664558866442899573e-08 2.644997240820841075e-08 2.676536423653224853e-08 2.620864065234201175e-08 2.695169697337376226e-08 2.671026566523821381e-08 2.677674315296787987e-08 2.655210065970764769e-08 2.648448309463630044e-08 2.661336759699857137e-08 2.662329755184322074e-08 2.642456446059386523e-08 2.670976016737572395e-08 2.678581137225350538e-08 2.671818285346271137e-08 2.660023193552858465e-08 2.644043800338788811e-08 2.636658328570518244e-08 2.668169397336455137e-08 2.657326305264916942e-08 2.674988993499571641e-08 2.655819327631168045e-08 2.663398038552467264e-08 2.639221403168982304e-08 2.693775027429274615e-08 2.677349266620543762e-08 2.686771654203018850e-08 2.677592657037268748e-08 2.675634201352067210e-08 2.690742383930796360e-08 2.678563961396889351e-08 2.644756310119175982e-08 2.673325324743882455e-08 2.657590323506252663e-08 2.657299430798650388e-08 2.678464287461558223e-08 2.638868033417023016e-08 2.670984172266410337e-08 2.633555456216624308e-08 2.669705426137643568e-08
2.683736802574094303e-08 2.713165408380597904e-08 2.703540724930995783e-08 2.696414997805435302e-08 2.682439663727700668e-08 2.662602483722785006e-08 2.694602794608761440e-08 2.638256728457756964e-08 2.713388957749984480e-08 2.688972415924573370e-08 2.695831700064632656e-08 2.673111567059959403e-08 2.666064877524919124e-08 2.679171111416735547e-08 2.680128651999540708e-08 2.660069458723549442e-08 2.688969894153059736e-08 2.696674788725890054e-08 2.689767206923149518e-08 2.677903575700503370e-08 2.661592147508729661e-08 2.654238759914685073e-08 2.686196213198815500e-08 2.674988993499571641e-08 2.693155818876453876e-08 2.673530136905338423e-08 2.681334889765583003e-08 2.656783221443332845e-08 2.711953621308490049e-08 2.695452981893475764e-08 2.704848040058598733e-08 2.695599944038640167e-08 2.693694059096646892e-08 2.708976809757239389e-08 2.696688324990401649e-08 2.662409743105849654e-08 2.691265460270061890e-08 2.675514374755106465e-08 2.674986775496852124e-08 2.696448206946410716e-08 2.656389273217858252e-08 2.688962028225242402e-08 2.650993218792167947e-08 2.687671920969883451e-08
2.664581392481696131e-08 2.693446875189822850e-08 2.683953651688562855e-08 2.676867675714169713e-08 2.663117612047189655e-08 2.643540796124434747e-08 2.675137813951441344e-08 2.619435932431212187e-08 2.693711098900809703e-08 2.669599646678198187e-08 2.676252877218274799e-08 2.653784713773740729e-08 2.647051848961015123e-08 2.659924363485359960e-08 2.660929094391260203e-08 2.641015550287392110e-08 2.669461162708747549e-08 2.677095511432656229e-08 2.670358036398268738e-08 2.658550254600656065e-08 2.642600046434180851e-08 2.635215549653354241e-08 2.666695152039387588e-08 2.655819327631168045e-08 2.673530136905338423e-08 2.654454129665016484e-08 2.661977017047417086e-08 2.637778355338091482e-08 2.692311889292421312e-08 2.675921623091459263e-08 2.685298603024226366e-08 2.676108930159259488e-08 2.674168605861187548e-08 2.689288692538453851e-08 2.677090315671992930e-08 2.643338638411316910e-08 2.671856316158703165e-08 2.656173869682007053e-08 2.655818764591677485e-08 2.677033329392217087e-08 2.637408426465183333e-08 2.669536508488859877e-08 2.632138430670748813e-08 2.668243875387640364e-08
2.672238259491593838e-08 2.701440118687607986e-08 2.691859243975960757e-08 2.684707615352729243e-08 2.670852384083601579e-08 2.651169973204239414e-08 2.682856584611807742e-08 2.626954123873590423e-08 2.701628132770259025e-08 2.677388507643249955e-08 2.684135677133563399e-08 2.661573068150669997e-08 2.654608821752616048e-08 2.667630650196662211e-08 2.668539099090495325e-08 2.648619011887188326e-08 2.677314604325387093e-08 2.684936974664450113e-08 2.678148758743529522e-08 2.666303380276311026e-08 2.650153721777153810e-08 2.642784474590349666e-08 2.674540408869814233e-08 2.663398038552467264e-08 2.681334889765583003e-08 2.661977017047417086e-08 2.669834809137463574e-08 2.645400095461341059e-08 2.700198517180577491e-08 2.683771976249361455e-08 2.693214701601766742e-08 2.683903778766766198e-08 2.682016053998240802e-08 2.697084407325354044e-08 2.684980229017893130e-08 2.650903324906414524e-08 2.679555316019964272e-08 2.663875519397273778e-08 2.663512038334585849e-08 2.684816407752023292e-08 2.644926742177348484e-08 2.677246366605892694e-08 2.639657265920240912e-08 2.675977115187205704e-08
2.648002685394106133e-08 2.676672562651393379e-08 2.667220410557886613e-08 2.660195323353443859e-08 2.646499771307451272e-08 2.627070306247347626e-08 2.658324409752761068e-08 2.603167234792304052e-08 2.676889897206064197e-08 2.652941595284815318e-08 2.659532818328118062e-08 2.637204030972366769e-08 2.630541184097377147e-08 2.643360787148545581e-08 2.644250113836055920e-08 2.624588552450723450e-08 2.652841938386446480e-08 2.660405468512430193e-08 2.653708204810745560e-08 2.641974099241685597e-08 2.626134448035653006e-08 2.618843348873247676e-08 2.650060542457526152e-08 2.639221403168982304e-08 2.656783221443332845e-08 2.637778355338091482e-08 2.645400095461341059e-08 2.621455325220002003e-08 2.675464364068601256e-08 2.659226027879457922e-08 2.668609821930967418e-08 2.659437967688442790e-08 2.657515851898999624e-08 2.672351141063251809e-08 2.660451823483041263e-08 2.626880543775082844e-08 2.655160006784779568e-08 2.639557142073617316e-08 2.639320536165104599e-08 2.660312309441852396e-08 2.620951724972956843e-08 2.652833457024683796e-08 2.615725287535360451e-08 2.651584776720758776e-08
2.702672064395995251e-08 2.732274157954867030e-08 2.722608626670815860e-08 2.715341520276779764e-08 2.701350868984366480e-08 2.681377393092340288e-08 2.713535224975185747e-08 2.656807878732997733e-08 2.732501268211315620e-08 2.707905984922215297e-08 2.714770877543871710e-08 2.691919438072700950e-08 2.684788562496410561e-08 2.697960862720993257e-08 2.699005736263743021e-08 2.678722429663815000e-08 2.707887697170266507e-08 2.715610261217240085e-08 2.708676601569653742e-08 2.696713282745679982e-08 2.680302900607183442e-08 2.672874138263018415e-08 2.705069549961231604e-08 2.693775027429274615e-08 2.711953621308490049e-08 2.692311889292421312e-08 2.700198517180577491e-08 2.675464364068601256e-08 2.731094023055244165e-08 2.714413646283796492e-08 2.723926454258316185e-08 2.714473049934060900e-08 2.712648164595714452e-08 2.727994062806136214e-08 2.715583300199832424e-08 2.681085467611222101e-08 2.710208539992080657e-08 2.694292256306772595e-08 2.693823774607015252e-08 2.715411619971520847e-08 2.675060368148511066e-08 2.707831969084705496e-08 2.669715562080803344e-08 2.706526072962026559e-08
2.686201628833557826e-08 2.715643938843177281e-08 2.706022118841371075e-08 2.698829115478934848e-08 2.684897503509554926e-08 2.665012750286258063e-08 2.697026800793270710e-08 2.640643327719615831e-08 2.715884794574245395e-08 2.691416563770814509e-08 2.698264144481090726e-08 2.675503788836067297e-08 2.668472421026786755e-08 2.681597258713159877e-08 2.682559519806231433e-08 2.662444877448708788e-08 2.691373933016978158e-08 2.699089969366039125e-08 2.692195253337697020e-08 2.680255694546266494e-08 2.664015522846744940e-08 2.656617154104809462e-08 2.688608086771566445e-08 2.677349266620543762e-08 2.695452981893475764e-08 2.675921623091459263e-08 2.683771976249361455e-08 2.659226027879457922e-08 2.714413646283796492e-08 2.697929067213526096e-08 2.707330160174522253e-08 2.698008830928540090e-08 2.696154645418633329e-08 2.711350994390781372e-08 2.699097261142717705e-08 2.664819180053395804e-08 2.693683215758936577e-08 2.677899717956633952e-08 2.677403028190105340e-08 2.698896240482495007e-08 2.658765446549843922e-08 2.691343550919622583e-08 2.653434879810383725e-08 2.690059822678114174e-08
2.695695188371437281e-08 2.725176574570503876e-08 2.715532357191578012e-08 2.708315692747280932e-08 2.694312869200165130e-08 2.674446079273650630e-08 2.706446336319155346e-08 2.650012825738844117e-08 2.725383308269682597e-08 2.700867330781722465e-08 2.707681575862160247e-08 2.684914783615226802e-08 2.677835324586249973e-08 2.690977760794818263e-08 2.691962656668339064e-08 2.671808582919528577e-08 2.700829201844307353e-08 2.708505518342655802e-08 2.701653196308647227e-08 2.689691325182014365e-08 2.673403028123911467e-08 2.665966774237104652e-08 2.698028332597628037e-08 2.686771654203018850e-08 2.704848040058598733e-08 2.685298603024226366e-08 2.693214701601766742e-08 2.668609821930967418e-08 2.723926454258316185e-08 2.707330160174522253e-08 2.716908926228639103e-08 2.707463065436136086e-08 2.705588624650984558e-08 2.720794060728801584e-08 2.708519675572796073e-08 2.674139029175748074e-08 2.703123793543207347e-08 2.687253503817754096e-08 2.686924565530796205e-08 2.708382327642793445e-08 2.668137448249243556e-08 2.700755403910817571e-08 2.662817401135744573e-08 2.699468548230018631e-08
2.686381198926936427e-08 2.715752798685908700e-08 2.706159559391877777e-08 2.699032478742209653e-08 2.685032498114834200e-08 2.665175964531142085e-08 2.697176892104001952e-08 2.640878540258948843e-08 2.715990410561451542e-08 2.691547516870337576e-08 2.698368404756828222e-08 2.675625031601961671e-08 2.668677445249546932e-08 2.681809510918575918e-08 2.682682178498278617e-08 2.662669340275029183e-08 2.691499298219894837e-08 2.699236657694272638e-08 2.692378402551632231e-08 2.680405452309824983e-08 2.664271362427693416e-08 2.656845324505856178e-08 2.688748731936718597e-08 2.677592657037268748e-08 2.695599944038640167e-08 2.676108930159259488e-08 2.683903778766766198e-08 2.659437967688442790e-08 2.714473049934060900e-08 2.698008830928540090e-08 2.707463065436136086e-08 2.698285774440845523e-08 2.696261663930102661e-08 2.711424317065470094e-08 2.699258559152269821e-08 2.665017551197552893e-08 2.693808804647414448e-08 2.678017983943396296e-08 2.677626879767087844e-08 2.699094167940029395e-08 2.658979349722981238e-08 2.691521995586235434e-08 2.653629162546100356e-08 2.690247447558434710e-08
2.684484056606369642e-08 2.713896030172413683e-08 2.704277383330910417e-08 2.697093161397421239e-08 2.683161007709044027e-08 2.663306856273581419e-08 2.695254490450621402e-08 2.638955233547911448e-08 2.714111689863310109e-08 2.689672369024348293e-08 2.696494377067878874e-08 2.673758315104869254e-08 2.666733365657349297e-08 2.679856507838732830e-08 2.680806469657434400e-08 2.660717058964069713e-08 2.689650638425415454e-08 2.697335874929023314e-08 2.690461737061570792e-08 2.678556676311833258e-08 2.662292534309167349e-08 2.654927256399196692e-08 2.686866128895240088e-08 2.675634201352067210e-08 2.693694059096646892e-08 2.674168605861187548e-08 2.682016053998240802e-08 2.657515851898999624e-08 2.712648164595714452e-08 2.696154645418633329e-08 2.705588624650984558e-08 2.696261663930102661e-08 2.694415518129073240e-08 2.709571713550161984e-08 2.697344111881961564e-08 2.663083506644160424e-08 2.691960412854608901e-08 2.676154339653941221e-08 2.675710304509946101e-08 2.697151052817535924e-08 2.657064079026598156e-08 2.689603814648993800e-08 2.651737333123770824e-08 2.688311707624465578e-08
2.699504003888129783e-08 2.729156073324530639e-08 2.719514911138644475e-08 2.712282558611498403e-08 2.698257112456384107e-08 2.678277881891948803e-08 2.710561542591377309e-08 2.653756234502952572e-08 2.729445082770201487e-08 2.704805213779311139e-08 2.711701816845873610e-08 2.688844070149005221e-08 2.681701482873286232e-08 2.694854493345712064e-08 2.695959816657478835e-08 2.675648230913100662e-08 2.704795582412469696e-08 2.712516037085849770e-08 2.705593905717144627e-08 2.693606273039313920e-08 2.677254922620671911e-08 2.669772628669293606e-08 2.702025806934797633e-08 2.690742383930796360e-08 2.708976809757239389e-08 2.689288692538453851e-08 2.697084407325354044e-08 2.672351141063251809e-08 2.727994062806136214e-08 2.711350994390781372e-08 2.720794060728801584e-08 2.711424317065470094e-08 2.709571713550161984e-08 2.725055978804083671e-08 2.712492869227117025e-08 2.678052352503814043e-08 2.707147311724758425e-08 2.691301354686857978e-08 2.690718518154272539e-08 2.712314391643817183e-08 2.672009511171187419e-08 2.704788948721743034e-08 2.666605653554719860e-08 2.703470966183834536e-08
2.687397899282506470e-08 2.716872937779761182e-08 2.707219785815703004e-08 2.700086442580577972e-08 2.686102972667591564e-08 2.666191616871865690e-08 2.698172516371731203e-08 2.641859115789658482e-08 2.717045781309190480e-08 2.692633305329755567e-08 2.699477709674412242e-08 2.676680795679141577e-08 2.669688469041403755e-08 2.682860184975244257e-08 2.683685323491443030e-08 2.663691898263198602e-08 2.692592348043816068e-08 2.700313928141418476e-08 2.693419511268274260e-08 2.681515156185663492e-08 2.665208903531993845e-08 2.657888616322008847e-08 2.689844716625630577e-08 2.678563961396889351e-08 2.696688324990401649e-08 2.677090315671992930e-08 2.684980229017893130e-08 2.660451823483041263e-08 2.715583300199832424e-08 2.699097261142717705e-08 2.708519675572796073e-08 2.699258559152269821e-08 2.697344111881961564e-08 2.712492869227117025e-08 2.700406614293824848e-08 2.666040005992769711e-08 2.694868817762910400e-08 2.679104423960762690e-08 2.678629422597909962e-08 2.700127370559099741e-08 2.659972747139795139e-08 2.692548596205267975e-08 2.654619148415958203e-08 2.691270450038895120e-08
2.653497274023538379e-08 2.682253517068326865e-08 2.672791050323329262e-08 2.665762134196571096e-08 2.652034352734965878e-08 2.632507139088564300e-08 2.663966451515873282e-08 2.608555025710094440e-08 2.682539202777521574e-08 2.658480496605769925e-08 2.665124555215238309e-08 2.642702511641164259e-08 2.636044258970502054e-08 2.648893607996019074e-08 2.649804985555388613e-08 2.630061619167968649e-08 2.658369802106028445e-08 2.665997295590261757e-08 2.659246518071928040e-08 2.647468782211253317e-08 2.631612846730651195e-08 2.624282182423172822e-08 2.655613467946481575e-08 2.644756310119175982e-08 2.662409743105849654e-08 2.643338638411316910e-08 2.650903324906414524e-08 2.626880543775082844e-08 2.681085467611222101e-08 2.664819180053395804e-08 2.674139029175748074e-08 2.665017551197552893e-08 2.663083506644160424e-08 2.678052352503814043e-08 2.666040005992769711e-08 2.632428270851440542e-08 2.660744387058160492e-08 2.645133134289097357e-08 2.644770157718516806e-08 2.665863447326772123e-08 2.626414528004865290e-08 2.658420614900791966e-08 2.621158193210369761e-08 2.657164657938699777e-08
