1.232116885105728903e-08 1.251994520220687950e-08 1.244100654522475247e-08 1.238950859796427803e-08 1.237448328829933903e-08 1.223140422185666805e-08 1.242676787395582947e-08 1.204652726025532663e-08 1.249330073491898586e-08 1.236276664366089028e-08 1.240539481003008211e-08 1.228151076534231185e-08 1.223028470202618628e-08 1.226710807606860573e-08 1.232721940680735458e-08 1.219356901605981561e-08 1.235601300099118979e-08 1.240152585269549479e-08 1.238235233653982950e-08 1.231046188454597889e-08 1.218957148234228071e-08 1.213867843762435525e-08 1.234253996923165626e-08 1.228858445118377729e-08 1.240407881717629465e-08 1.228507764653597564e-08 1.230129129859169753e-08 1.216698938191018101e-08 1.250545300191077625e-08 1.238951803649721435e-08 1.243603079834896028e-08 1.241728922192337574e-08 1.233133348985638520e-08 1.249073101901168040e-08 1.241747565662131101e-08 1.220638121208587075e-08 1.239128177026091351e-08 1.226756799498451014e-08 1.227224673599542266e-08 1.243727079020282759e-08 1.215506565088706243e-08 1.235639019603795731e-08 1.217797800335345756e-08 1.238375498714657437e-08
1.251994520220687950e-08 1.272829113281853642e-08 1.264583978234982996e-08 1.259418911282321777e-08 1.257583098646607644e-08 1.242701486607374551e-08 1.263131080470833741e-08 1.223587583978446549e-08 1.269951593157413822e-08 1.256475002723598052e-08 1.261014556062428893e-08 1.248122236507123073e-08 1.242627772519277395e-08 1.246461767355931069e-08 1.252688498140576401e-08 1.238768374077955412e-08 1.255782253284589325e-08 1.260605358171596606e-08 1.258405421773266730e-08 1.250905343233110221e-08 1.238584159351313714e-08 1.233130617089418905e-08 1.254444702239750980e-08 1.248711783163622306e-08 1.260764463350933014e-08 1.248323787314318233e-08 1.250082580362747448e-08 1.236108025212939839e-08 1.271284380031714362e-08 1.259189280716174142e-08 1.264166856018770634e-08 1.262071887142995990e-08 1.253260384901090117e-08 1.269781619616436012e-08 1.262090346509118317e-08 1.240109289547807938e-08 1.259319340691408621e-08 1.246487227040861127e-08 1.247012691928436858e-08 1.264139204309759195e-08 1.234877303453480947e-08 1.255822400612579451e-08 1.237159336665028392e-08 1.258556237400424665e-08
1.244100654522475247e-08 1.264583978234982996e-08 1.256711669534652848e-08 1.251349784294061731e-08 1.249604404477573389e-08 1.234946287736003744e-08 1.255130434987037709e-08 1.216068723188940582e-08 1.261858352715443529e-08 1.248526323950532730e-08 1.252977410230305395e-08 1.240295838242644061e-08 1.234829182162963101e-08 1.238706184140453899e-08 1.244817184291269605e-08 1.231055965112606043e-08 1.247789378715279671e-08 1.252598122707631286e-08 1.250401571304763501e-08 1.243094385982088222e-08 1.230784058809050723e-08 1.225422710057272299e-08 1.246521239998992592e-08 1.240834224045398012e-08 1.252795820401980131e-08 1.240453158981175584e-08 1.242236745565985347e-08 1.228409902574247722e-08 1.263167927395450175e-08 1.251239600608472766e-08 1.256135700358066677e-08 1.254108908999992560e-08 1.245381245483313110e-08 1.261640570474369443e-08 1.254133174048224015e-08 1.232397588342475369e-08 1.251324700695447660e-08 1.238720374648334745e-08 1.239198957403607878e-08 1.256124589911045137e-08 1.227231197894588685e-08 1.247932312609325447e-08 1.229458977642202084e-08 1.250597070683461145e-08
1.238950859796427803e-08 1.259418911282321777e-08 1.251349784294061731e-08 1.246254648984835796e-08 1.244469271187508221e-08 1.229794460794405157e-08 1.249896548742698758e-08 1.211016612933970152e-08 1.256639522823711061e-08 1.243338574137380913e-08 1.247789827038624583e-08 1.235130956545150832e-08 1.229758143206505351e-08 1.233533633828389797e-08 1.239643700877878608e-08 1.225968751713764695e-08 1.242684020520598168e-08 1.247377580001230619e-08 1.245242169468334296e-08 1.237895285219047210e-08 1.225732122755680576e-08 1.220401596002953407e-08 1.241330281149668947e-08 1.235736069592681070e-08 1.247562744703852784e-08 1.235317915751181727e-08 1.237066529032169856e-08 1.223338081928381351e-08 1.257940674186295099e-08 1.246010575888018774e-08 1.250934205323405490e-08 1.248887868236563389e-08 1.240213446107641476e-08 1.256440270100578896e-08 1.248887116794078448e-08 1.227260264382030902e-08 1.246169755759510925e-08 1.233555226257871468e-08 1.234062993171363876e-08 1.250894152732470477e-08 1.222109529249087391e-08 1.242746382644917452e-08 1.224388547334623248e-08 1.245421039837949142e-08
1.237448328829933903e-08 1.257583098646607644e-08 1.249604404477573389e-08 1.244469271187508221e-08 1.243016958521347878e-08 1.228388966285607226e-08 1.248200870813913297e-08 1.209769706583511923e-08 1.254930598680503027e-08 1.241717820148714022e-08 1.246056413761671985e-08 1.233594056931662821e-08 1.228371578709344275e-08 1.232004048113050490e-08 1.238125538154075211e-08 1.224616859602061614e-08 1.241080323897764834e-08 1.245648109407331907e-08 1.243652755099196813e-08 1.236391389070678274e-08 1.224220159850989313e-08 1.219026196195941229e-08 1.239681326215805876e-08 1.234236978764270022e-08 1.245872211459912406e-08 1.233878103421848516e-08 1.235532299337919759e-08 1.221999375361875973e-08 1.256138694717539746e-08 1.244435316618459406e-08 1.249147350139316360e-08 1.247238784439134437e-08 1.238576182139320943e-08 1.254673198485805230e-08 1.247242751409197107e-08 1.225897536565388227e-08 1.244575077908106326e-08 1.232075527027591290e-08 1.232565835916524236e-08 1.249217096944761610e-08 1.220721480611777689e-08 1.241128154668280458e-08 1.223095027329689046e-08 1.243827044788115994e-08
1.223140422185666805e-08 1.242701486607374551e-08 1.234946287736003744e-08 1.229794460794405157e-08 1.228388966285607226e-08 1.214644542100478563e-08 1.233542974422917259e-08 1.196290544658509051e-08 1.239988542649996844e-08 1.227253950555035600e-08 1.231341801920345623e-08 1.219264635915331032e-08 1.214406151885610402e-08 1.217960336209389076e-08 1.223804919148784424e-08 1.210712055122268051e-08 1.226591321178151948e-08 1.231007395258888536e-08 1.229144847170016738e-08 1.222183884781339530e-08 1.210273145970438584e-08 1.205380485238731085e-08 1.225153615421938180e-08 1.219946264716205581e-08 1.231299526983203581e-08 1.219715874424172621e-08 1.221257207366684168e-08 1.208105331911669608e-08 1.241188593679422177e-08 1.229900298197049090e-08 1.234343726552041101e-08 1.232577008546392382e-08 1.224149474087694391e-08 1.239763778871831351e-08 1.232589933337222792e-08 1.211967718684849497e-08 1.230114699128783532e-08 1.217901089852444336e-08 1.218310835350728676e-08 1.234562485605300716e-08 1.206854098495209871e-08 1.226639208823954446e-08 1.209302177656820150e-08 1.229350145226738296e-08
1.242676787395582947e-08 1.263131080470833741e-08 1.255130434987037709e-08 1.249896548742698758e-08 1.248200870813913297e-08 1.233542974422917259e-08 1.253793869240770272e-08 1.214763694472532721e-08 1.260425105061565368e-08 1.247099219052443479e-08 1.251528018611216514e-08 1.238860947337981305e-08 1.233492497583931016e-08 1.237323932976068908e-08 1.243422500467007111e-08 1.229693562830814899e-08 1.246388154349848390e-08 1.251152026607882433e-08 1.249008442621065877e-08 1.241708688764201680e-08 1.229452653542853096e-08 1.224095546387956137e-08 1.245067292438144642e-08 1.239471785813127116e-08 1.251404837998921650e-08 1.239077605177056736e-08 1.240839154276044835e-08 1.227073178769184700e-08 1.261676963683056991e-08 1.249819998504534020e-08 1.254669944050833484e-08 1.252618853170295561e-08 1.243958173224138920e-08 1.260161681735189300e-08 1.252645447161381341e-08 1.231078437658296117e-08 1.249938252485153916e-08 1.237330938697201492e-08 1.237800639686729211e-08 1.254594597156386945e-08 1.225879521128935606e-08 1.246484856785941008e-08 1.228153595953742939e-08 1.249187534660157752e-08
1.204652726025532663e-08 1.223587583978446549e-08 1.216068723188940582e-08 1.211016612933970152e-08 1.209769706583511923e-08 1.196290544658509051e-08 1.214763694472532721e-08 1.178650705419041836e-08 1.221096103343229126e-08 1.208584475064708269e-08 1.212536934937220184e-08 1.200779548736940539e-08 1.196190474563762159e-08 1.199631890035509318e-08 1.205342334813559504e-08 1.192638205889074128e-08 1.207948769828416283e-08 1.212167882084389874e-08 1.210529340339913901e-08 1.203774859783345277e-08 1.192090762721327435e-08 1.187368719939893139e-08 1.206555665109586089e-08 1.201567609596157605e-08 1.212606928770639486e-08 1.201268177171020889e-08 1.202788893350437787e-08 1.190075545250446380e-08 1.222169665651280186e-08 1.211215540544984913e-08 1.215507879124258984e-08 1.213832896527371866e-08 1.205648244014294987e-08 1.220774586213452625e-08 1.213821578748967264e-08 1.193848309293506287e-08 1.211467225537044551e-08 1.199694329315127701e-08 1.200019990547446570e-08 1.215708349250833380e-08 1.188801688847047446e-08 1.208064898178684087e-08 1.191273597464463857e-08 1.210670019337604109e-08
1.249330073491898586e-08 1.269951593157413822e-08 1.261858352715443529e-08 1.256639522823711061e-08 1.254930598680503027e-08 1.239988542649996844e-08 1.260425105061565368e-08 1.221096103343229126e-08 1.267300160391291592e-08 1.253751773522499963e-08 1.258274933480919822e-08 1.245436003031609913e-08 1.239987698429398656e-08 1.243806054190455098e-08 1.250052002274952132e-08 1.236185256591190461e-08 1.253044558224562377e-08 1.257824530082154484e-08 1.255701597313848389e-08 1.248293280361877796e-08 1.235918385417029548e-08 1.230503652992744094e-08 1.251757490170255622e-08 1.246019073640711056e-08 1.258065888717946226e-08 1.245650645816854352e-08 1.247403086225020785e-08 1.233496033575226464e-08 1.268518472128080622e-08 1.256530094086949222e-08 1.261448066558518109e-08 1.259364451714014941e-08 1.250570947826380909e-08 1.266997543271029391e-08 1.259406488520747218e-08 1.237542130845532964e-08 1.256582745857381001e-08 1.243920663635547575e-08 1.244402202932851169e-08 1.261374172494687727e-08 1.232324584382012076e-08 1.253153056912139595e-08 1.234586604212740910e-08 1.255869521207729085e-08
1.236276664366089028e-08 1.256475002723598052e-08 1.248526323950532730e-08 1.243338574137380913e-08 1.241717820148714022e-08 1.227253950555035600e-08 1.247099219052443479e-08 1.208584475064708269e-08 1.253751773522499963e-08 1.240667679998333006e-08 1.244906565759901687e-08 1.232433795406532577e-08 1.227163479005943477e-08 1.230877951031972873e-08 1.236940046918009086e-08 1.223384255259651415e-08 1.239864645082978426e-08 1.244553261689226323e-08 1.242514700588341901e-08 1.235234274249776923e-08 1.223135005215059388e-08 1.217888683167862828e-08 1.238586979770386976e-08 1.233050214563443089e-08 1.244780388834038838e-08 1.232642634070208137e-08 1.234381310267957834e-08 1.220746157350015201e-08 1.255017654018535884e-08 1.243288884546148633e-08 1.248022306710869312e-08 1.246047966556196255e-08 1.237441353953574088e-08 1.253506710323684637e-08 1.246100213959285498e-08 1.224740256181544012e-08 1.243402422929032501e-08 1.230913409829803550e-08 1.231363297923264713e-08 1.248079411723791616e-08 1.219582748323689877e-08 1.239947975321654702e-08 1.221876361226148600e-08 1.242655335560916477e-08
1.240539481003008211e-08 1.261014556062428893e-08 1.252977410230305395e-08 1.247789827038624583e-08 1.246056413761671985e-08 1.231341801920345623e-08 1.251528018611216514e-08 1.212536934937220184e-08 1.258274933480919822e-08 1.244906565759901687e-08 1.249507006238288091e-08 1.236725598170915536e-08 1.231276105883189830e-08 1.235088062675143216e-08 1.241237390739218290e-08 1.227488581547802898e-08 1.244251739340681730e-08 1.249001153477451251e-08 1.246859318786319747e-08 1.239475758702731650e-08 1.227249416902108452e-08 1.221905077067605164e-08 1.242940372047100257e-08 1.237271753165719992e-08 1.249198754803177051e-08 1.236927496816514491e-08 1.238674771330836096e-08 1.224890662969133975e-08 1.259559489945090494e-08 1.247643782950277887e-08 1.252549545131741211e-08 1.250487898398944075e-08 1.241771012019531455e-08 1.258087920323778328e-08 1.250525795422601329e-08 1.228812888625623561e-08 1.247759136602671923e-08 1.235150347095990148e-08 1.235622221215970518e-08 1.252507734359991698e-08 1.223658273742054578e-08 1.244325903037652302e-08 1.225884240778007059e-08 1.246997023828532236e-08
1.228151076534231185e-08 1.248122236507123073e-08 1.240295838242644061e-08 1.235130956545150832e-08 1.233594056931662821e-08 1.219264635915331032e-08 1.238860947337981305e-08 1.200779548736940539e-08 1.245436003031609913e-08 1.232433795406532577e-08 1.236725598170915536e-08 1.224442272426968537e-08 1.219189846773489872e-08 1.222842438253801048e-08 1.228829229867111561e-08 1.215444062333507511e-08 1.231764230151967139e-08 1.236342063232357434e-08 1.234295865445814050e-08 1.227166015740240191e-08 1.215141288447068821e-08 1.209972618601427461e-08 1.230416420799378899e-08 1.224968649531049953e-08 1.236588476601768272e-08 1.224625390486175485e-08 1.226337253816901685e-08 1.212876879861262426e-08 1.246670646018027885e-08 1.235076955331662472e-08 1.239787043441685244e-08 1.237879958824480911e-08 1.229329744980305093e-08 1.245231733250679004e-08 1.237868925203717602e-08 1.216733090292312092e-08 1.235221852309230408e-08 1.222873472544138034e-08 1.223314479498622927e-08 1.239834539843627841e-08 1.211632335013446526e-08 1.231858208713106330e-08 1.213952589956558883e-08 1.234471304972003018e-08
1.223028470202618628e-08 1.242627772519277395e-08 1.234829182162963101e-08 1.229758143206505351e-08 1.228371578709344275e-08 1.214406151885610402e-08 1.233492497583931016e-08 1.196190474563762159e-08 1.239987698429398656e-08 1.227163479005943477e-08 1.231276105883189830e-08 1.219189846773489872e-08 1.214437342070300327e-08 1.217803098613762410e-08 1.223737159283810316e-08 1.210637139637017128e-08 1.226538063399535619e-08 1.230942216290114821e-08 1.229031585481807409e-08 1.222066176632383326e-08 1.210169869727460004e-08 1.205252009962717946e-08 1.225085765837299523e-08 1.219872271690434062e-08 1.231250491537153386e-08 1.219591312439618761e-08 1.221178232391356869e-08 1.208050948724107482e-08 1.241101738101458699e-08 1.229822690862489135e-08 1.234344924595297933e-08 1.232553660754244807e-08 1.224103647030793860e-08 1.239681665452379656e-08 1.232468105536907840e-08 1.211868832715334587e-08 1.230010795582225116e-08 1.217842011624397749e-08 1.218260908702360590e-08 1.234447570004407614e-08 1.206760588435828696e-08 1.226603106258640626e-08 1.209178366134447906e-08 1.229271549684595198e-08
1.226710807606860573e-08 1.246461767355931069e-08 1.238706184140453899e-08 1.233533633828389797e-08 1.232004048113050490e-08 1.217960336209389076e-08 1.237323932976068908e-08 1.199631890035509318e-08 1.243806054190455098e-08 1.230877951031972873e-08 1.235088062675143216e-08 1.222842438253801048e-08 1.217803098613762410e-08 1.221651218494049981e-08 1.227427897014835287e-08 1.214216524892982453e-08 1.230230167014005884e-08 1.234776890557489284e-08 1.232794777678421444e-08 1.225808749948032982e-08 1.213735680946373303e-08 1.208772959383990188e-08 1.228885764792804178e-08 1.223553277790086522e-08 1.235057421675554665e-08 1.223198541467672542e-08 1.224869768876350969e-08 1.211588568941829770e-08 1.245051249753436838e-08 1.233595198935427155e-08 1.238114873762722638e-08 1.236300797887213343e-08 1.227826312362122632e-08 1.243568335868328427e-08 1.236325442619549937e-08 1.215443107261123361e-08 1.233795109423608009e-08 1.221494518716331123e-08 1.221941191402493732e-08 1.238242933433404459e-08 1.210349274226879445e-08 1.230333021874421585e-08 1.212718092093156363e-08 1.232988609807696421e-08
1.232721940680735458e-08 1.252688498140576401e-08 1.244817184291269605e-08 1.239643700877878608e-08 1.238125538154075211e-08 1.223804919148784424e-08 1.243422500467007111e-08 1.205342334813559504e-08 1.250052002274952132e-08 1.236940046918009086e-08 1.241237390739218290e-08 1.228829229867111561e-08 1.223737159283810316e-08 1.227427897014835287e-08 1.233502237583432849e-08 1.220019445210229607e-08 1.236237415455511599e-08 1.240846278341377434e-08 1.238887930281751335e-08 1.231742212711643890e-08 1.219617952050103766e-08 1.214538932166471447e-08 1.234910987851951137e-08 1.229489670096146717e-08 1.241156616144779462e-08 1.229146600568303554e-08 1.230821613566660973e-08 1.217417093561019840e-08 1.251230219865192409e-08 1.239684346402101479e-08 1.244311566633347260e-08 1.242421941315730331e-08 1.233859941921171329e-08 1.249785207245326894e-08 1.242423518103939559e-08 1.221282499741619254e-08 1.239837009113703777e-08 1.227466474628733935e-08 1.227895694320826548e-08 1.244391829458496723e-08 1.216173733476672932e-08 1.236398733388292923e-08 1.218492786961184741e-08 1.239023272203267874e-08
1.219356901605981561e-08 1.238768374077955412e-08 1.231055965112606043e-08 1.225968751713764695e-08 1.224616859602061614e-08 1.210712055122268051e-08 1.229693562830814899e-08 1.192638205889074128e-08 1.236185256591190461e-08 1.223384255259651415e-08 1.227488581547802898e-08 1.215444062333507511e-08 1.210637139637017128e-08 1.214216524892982453e-08 1.220019445210229607e-08 1.207189438743942776e-08 1.222788751025327352e-08 1.227161413338328903e-08 1.225329597839373038e-08 1.218418713045371324e-08 1.206516536365340822e-08 1.201658552660491566e-08 1.221408757485234206e-08 1.216247100208297105e-08 1.227506370536805098e-08 1.215883562688639781e-08 1.217479975097127848e-08 1.204443997287765082e-08 1.237362419190241281e-08 1.226118077359004157e-08 1.230506846809976347e-08 1.228858936113497669e-08 1.220425124951082472e-08 1.235922604482093793e-08 1.228756985958982408e-08 1.208254939100286735e-08 1.226303120140263896e-08 1.214222857355415624e-08 1.214641695209768183e-08 1.230738972870386451e-08 1.203116657792572301e-08 1.222848843691685126e-08 1.205628085537670699e-08 1.225521590747865958e-08
1.235601300099118979e-08 1.255782253284589325e-08 1.247789378715279671e-08 1.242684020520598168e-08 1.241080323897764834e-08 1.226591321178151948e-08 1.246388154349848390e-08 1.207948769828416283e-08 1.253044558224562377e-08 1.239864645082978426e-08 1.244251739340681730e-08 1.231764230151967139e-08 1.226538063399535619e-08 1.230230167014005884e-08 1.236237415455511599e-08 1.222788751025327352e-08 1.239396541819416569e-08 1.243872977140461237e-08 1.241818726054678448e-08 1.234559975113827411e-08 1.222490686092232065e-08 1.217259738798616105e-08 1.237885423441321426e-08 1.232417306384952118e-08 1.244111069360440089e-08 1.232048732976854144e-08 1.233737839771104210e-08 1.220228076235693519e-08 1.254330688597068307e-08 1.242567114214684665e-08 1.247331359934755894e-08 1.245453035784074216e-08 1.236757009134362826e-08 1.252872764623461191e-08 1.245390454556443461e-08 1.224072862106705248e-08 1.242737930103633937e-08 1.230238032466633764e-08 1.230765338256630878e-08 1.247413129102312520e-08 1.218922534798371982e-08 1.239273361620949578e-08 1.221245107991746785e-08 1.242057654572354310e-08
1.240152585269549479e-08 1.260605358171596606e-08 1.252598122707631286e-08 1.247377580001230619e-08 1.245648109407331907e-08 1.231007395258888536e-08 1.251152026607882433e-08 1.212167882084389874e-08 1.257824530082154484e-08 1.244553261689226323e-08 1.249001153477451251e-08 1.236342063232357434e-08 1.230942216290114821e-08 1.234776890557489284e-08 1.240846278341377434e-08 1.227161413338328903e-08 1.243872977140461237e-08 1.248689203763320390e-08 1.246424632481118725e-08 1.239131607784385456e-08 1.226899207660022978e-08 1.221603840253954606e-08 1.242578474931182041e-08 1.236924484228224697e-08 1.248843058943707630e-08 1.236522784889627890e-08 1.238330516865342204e-08 1.224508873817295916e-08 1.259160364979870203e-08 1.247284392594492039e-08 1.252112815678367387e-08 1.250112999499368686e-08 1.241383758296330608e-08 1.257630624950260845e-08 1.250089516413114271e-08 1.228454103267735957e-08 1.247374276339188003e-08 1.234743937323414178e-08 1.235256361206325764e-08 1.252096533281681646e-08 1.223333181504030510e-08 1.243938449735368533e-08 1.225541920837408619e-08 1.246634356328764746e-08
1.238235233653982950e-08 1.258405421773266730e-08 1.250401571304763501e-08 1.245242169468334296e-08 1.243652755099196813e-08 1.229144847170016738e-08 1.249008442621065877e-08 1.210529340339913901e-08 1.255701597313848389e-08 1.242514700588341901e-08 1.246859318786319747e-08 1.234295865445814050e-08 1.229031585481807409e-08 1.232794777678421444e-08 1.238887930281751335e-08 1.225329597839373038e-08 1.241818726054678448e-08 1.246424632481118725e-08 1.244532634753528358e-08 1.237158955632494778e-08 1.225047396656615644e-08 1.219774722002643960e-08 1.240479673145382630e-08 1.234992494174060470e-08 1.246706854782166080e-08 1.234603984328137153e-08 1.236275128564160675e-08 1.222713879946189632e-08 1.256944788073029204e-08 1.245198677461048058e-08 1.249944826880600722e-08 1.247976463954694689e-08 1.239356892311206976e-08 1.255492366327463772e-08 1.248040018187629917e-08 1.226665689771440872e-08 1.245350401399156411e-08 1.232887564699790512e-08 1.233343130316246252e-08 1.250027607655726115e-08 1.221483332042536274e-08 1.241849595088653002e-08 1.223781592130360589e-08 1.244587869329018098e-08
1.231046188454597889e-08 1.250905343233110221e-08 1.243094385982088222e-08 1.237895285219047210e-08 1.236391389070678274e-08 1.222183884781339530e-08 1.241708688764201680e-08 1.203774859783345277e-08 1.248293280361877796e-08 1.235234274249776923e-08 1.239475758702731650e-08 1.227166015740240191e-08 1.222066176632383326e-08 1.225808749948032982e-08 1.231742212711643890e-08 1.218418713045371324e-08 1.234559975113827411e-08 1.239131607784385456e-08 1.237158955632494778e-08 1.230161417876591734e-08 1.217997410906876708e-08 1.212927980007718138e-08 1.233248560100070338e-08 1.227836468615746625e-08 1.239454847064299394e-08 1.227522570127431463e-08 1.229156660673836147e-08 1.215758308495107651e-08 1.249472436238333816e-08 1.237970908230176663e-08 1.242554889568777018e-08 1.240686902732515826e-08 1.232153934107522808e-08 1.248013428178546277e-08 1.240717883168512088e-08 1.219708168942626392e-08 1.238103040515746111e-08 1.225825113443168776e-08 1.226244694127402399e-08 1.242643717243407569e-08 1.214550672530620278e-08 1.234689426415099053e-08 1.216951069976781072e-08 1.237360000465240989e-08
1.218957148234228071e-08 1.238584159351313714e-08 1.230784058809050723e-08 1.225732122755680576e-08 1.224220159850989313e-08 1.210273145970438584e-08 1.229452653542853096e-08 1.192090762721327435e-08 1.235918385417029548e-08 1.223135005215059388e-08 1.227249416902108452e-08 1.215141288447068821e-08 1.210169869727460004e-08 1.213735680946373303e-08 1.219617952050103766e-08 1.206516536365340822e-08 1.222490686092232065e-08 1.226899207660022978e-08 1.225047396656615644e-08 1.217997410906876708e-08 1.206246215626516852e-08 1.201157655695347724e-08 1.221104789900747558e-08 1.215830327594924341e-08 1.227275098587993114e-08 1.215443012041273861e-08 1.217134028469821205e-08 1.203923563170617381e-08 1.237126551945087648e-08 1.225744081286560335e-08 1.230300924625355163e-08 1.228467724208198995e-08 1.220074442498771260e-08 1.235730229472130208e-08 1.228468163256414848e-08 1.207753784211054300e-08 1.225920063315795031e-08 1.213814529581229647e-08 1.214208534814438941e-08 1.230443416716327388e-08 1.202684404418619896e-08 1.222517549718865792e-08 1.205063151273185299e-08 1.225181852072410648e-08
1.213867843762435525e-08 1.233130617089418905e-08 1.225422710057272299e-08 1.220401596002953407e-08 1.219026196195941229e-08 1.205380485238731085e-08 1.224095546387956137e-08 1.187368719939893139e-08 1.230503652992744094e-08 1.217888683167862828e-08 1.221905077067605164e-08 1.209972618601427461e-08 1.205252009962717946e-08 1.208772959383990188e-08 1.214538932166471447e-08 1.201658552660491566e-08 1.217259738798616105e-08 1.221603840253954606e-08 1.219774722002643960e-08 1.212927980007718138e-08 1.201157655695347724e-08 1.196462058832176792e-08 1.215854179081079208e-08 1.210726454431450106e-08 1.221918363894731679e-08 1.210378644106386790e-08 1.212010548097827297e-08 1.199044748657966346e-08 1.231695653375910005e-08 1.220552680050544866e-08 1.224876184586189371e-08 1.223208709851789872e-08 1.214845839857278376e-08 1.230240615715925268e-08 1.223134836661135818e-08 1.202818426483458621e-08 1.220763280432873667e-08 1.208712703497090841e-08 1.209114344972460422e-08 1.225113127234101144e-08 1.197798107960074544e-08 1.217291835181790194e-08 1.200204915627586777e-08 1.219973192903934400e-08
1.234253996923165626e-08 1.254444702239750980e-08 1.246521239998992592e-08 1.241330281149668947e-08 1.239681326215805876e-08 1.225153615421938180e-08 1.245067292438144642e-08 1.206555665109586089e-08 1.251757490170255622e-08 1.238586979770386976e-08 1.242940372047100257e-08 1.230416420799378899e-08 1.225085765837299523e-08 1.228885764792804178e-08 1.234910987851951137e-08 1.221408757485234206e-08 1.237885423441321426e-08 1.242578474931182041e-08 1.240479673145382630e-08 1.233248560100070338e-08 1.221104789900747558e-08 1.215854179081079208e-08 1.236669710135456803e-08 1.231013674573921794e-08 1.242824492955613522e-08 1.230617459572925712e-08 1.232382535016401647e-08 1.218760206058349243e-08 1.253041989019051496e-08 1.241305035239047129e-08 1.246033224833875458e-08 1.244097025632194949e-08 1.235436587587007297e-08 1.251535792971294948e-08 1.244110892327116846e-08 1.222696938990466866e-08 1.241363311063411983e-08 1.228954018163444821e-08 1.229393535382563342e-08 1.246095231142336217e-08 1.217562005325954966e-08 1.237946757527819998e-08 1.219828626821922427e-08 1.240636642167794685e-08
1.228858445118377729e-08 1.248711783163622306e-08 1.240834224045398012e-08 1.235736069592681070e-08 1.234236978764270022e-08 1.219946264716205581e-08 1.239471785813127116e-08 1.201567609596157605e-08 1.246019073640711056e-08 1.233050214563443089e-08 1.237271753165719992e-08 1.224968649531049953e-08 1.219872271690434062e-08 1.223553277790086522e-08 1.229489670096146717e-08 1.216247100208297105e-08 1.232417306384952118e-08 1.236924484228224697e-08 1.234992494174060470e-08 1.227836468615746625e-08 1.215830327594924341e-08 1.210726454431450106e-08 1.231013674573921794e-08 1.225789881519942934e-08 1.237165852340784338e-08 1.225287655406077368e-08 1.226952343963232117e-08 1.213607029887723585e-08 1.247300536808824744e-08 1.235690694545525169e-08 1.240332029751205726e-08 1.238488965841060054e-08 1.229986471700228143e-08 1.245814452103802154e-08 1.238479020143128453e-08 1.217488795125453654e-08 1.235918957734576559e-08 1.223561670995394880e-08 1.224043104250309999e-08 1.240466517090761785e-08 1.212332157629489164e-08 1.232432114806435172e-08 1.214722079314045960e-08 1.235137376940636862e-08
1.240407881717629465e-08 1.260764463350933014e-08 1.252795820401980131e-08 1.247562744703852784e-08 1.245872211459912406e-08 1.231299526983203581e-08 1.251404837998921650e-08 1.212606928770639486e-08 1.258065888717946226e-08 1.244780388834038838e-08 1.249198754803177051e-08 1.236588476601768272e-08 1.231250491537153386e-08 1.235057421675554665e-08 1.241156616144779462e-08 1.227506370536805098e-08 1.244111069360440089e-08 1.248843058943707630e-08 1.246706854782166080e-08 1.239454847064299394e-08 1.227275098587993114e-08 1.221918363894731679e-08 1.242824492955613522e-08 1.237165852340784338e-08 1.249184992126010719e-08 1.236786780130878123e-08 1.238587897709009011e-08 1.224867070798527931e-08 1.259317920849081531e-08 1.247547332611208804e-08 1.252328035533995203e-08 1.250353391525249513e-08 1.241665428652949799e-08 1.257857429311585351e-08 1.250329985885513057e-08 1.228806393224640974e-08 1.247617887117244245e-08 1.235142447129241449e-08 1.235581256324286769e-08 1.252311877717994030e-08 1.223671041531872584e-08 1.244208385260103562e-08 1.225935179547500815e-08 1.246863178040723203e-08
1.228507764653597564e-08 1.248323787314318233e-08 1.240453158981175584e-08 1.235317915751181727e-08 1.233878103421848516e-08 1.219715874424172621e-08 1.239077605177056736e-08 1.201268177171020889e-08 1.245650645816854352e-08 1.232642634070208137e-08 1.236927496816514491e-08 1.224625390486175485e-08 1.219591312439618761e-08 1.223198541467672542e-08 1.229146600568303554e-08 1.215883562688639781e-08 1.232048732976854144e-08 1.236522784889627890e-08 1.234603984328137153e-08 1.227522570127431463e-08 1.215443012041273861e-08 1.210378644106386790e-08 1.230617459572925712e-08 1.225287655406077368e-08 1.236786780130878123e-08 1.225093818253458277e-08 1.226604335501375200e-08 1.213279522142214260e-08 1.246819587005026572e-08 1.235323835764017817e-08 1.239943851957026764e-08 1.238092767468720315e-08 1.229543678342050352e-08 1.245400435210565520e-08 1.238114295688714075e-08 1.217170412364996858e-08 1.235534374434717179e-08 1.223214998029425307e-08 1.223670722910256145e-08 1.240068903191854052e-08 1.212017140148726285e-08 1.232086218834491005e-08 1.214407790716872217e-08 1.234811060342416342e-08
1.230129129859169753e-08 1.250082580362747448e-08 1.242236745565985347e-08 1.237066529032169856e-08 1.235532299337919759e-08 1.221257207366684168e-08 1.240839154276044835e-08 1.202788893350437787e-08 1.247403086225020785e-08 1.234381310267957834e-08 1.238674771330836096e-08 1.226337253816901685e-08 1.221178232391356869e-08 1.224869768876350969e-08 1.230821613566660973e-08 1.217479975097127848e-08 1.233737839771104210e-08 1.238330516865342204e-08 1.236275128564160675e-08 1.229156660673836147e-08 1.217134028469821205e-08 1.212010548097827297e-08 1.232382535016401647e-08 1.226952343963232117e-08 1.238587897709009011e-08 1.226604335501375200e-08 1.228347626023791715e-08 1.214853929869142725e-08 1.248657274764955293e-08 1.237072157193886816e-08 1.241715941659455414e-08 1.239859112947994054e-08 1.231276603297526957e-08 1.247193138646613114e-08 1.239826032429226122e-08 1.218713517660199229e-08 1.237223158478776894e-08 1.224861464615151717e-08 1.225310184947267978e-08 1.241806711642687454e-08 1.213630865156345100e-08 1.233807813196848203e-08 1.215935346695990998e-08 1.236461160347333187e-08
1.216698938191018101e-08 1.236108025212939839e-08 1.228409902574247722e-08 1.223338081928381351e-08 1.221999375361875973e-08 1.208105331911669608e-08 1.227073178769184700e-08 1.190075545250446380e-08 1.233496033575226464e-08 1.220746157350015201e-08 1.224890662969133975e-08 1.212876879861262426e-08 1.208050948724107482e-08 1.211588568941829770e-08 1.217417093561019840e-08 1.204443997287765082e-08 1.220228076235693519e-08 1.224508873817295916e-08 1.222713879946189632e-08 1.215758308495107651e-08 1.203923563170617381e-08 1.199044748657966346e-08 1.218760206058349243e-08 1.213607029887723585e-08 1.224867070798527931e-08 1.213279522142214260e-08 1.214853929869142725e-08 1.201988631897234812e-08 1.234669649575570867e-08 1.223441164999599836e-08 1.227863611450189899e-08 1.226190505870564537e-08 1.217799718588792224e-08 1.233292091482864342e-08 1.226120021789371729e-08 1.205636620921442128e-08 1.223659942575444407e-08 1.211603283146625950e-08 1.212014479436023643e-08 1.228104666968925446e-08 1.200544549118593764e-08 1.220228471825210626e-08 1.203013104718433554e-08 1.222874520734613281e-08
1.250545300191077625e-08 1.271284380031714362e-08 1.263167927395450175e-08 1.257940674186295099e-08 1.256138694717539746e-08 1.241188593679422177e-08 1.261676963683056991e-08 1.222169665651280186e-08 1.268518472128080622e-08 1.255017654018535884e-08 1.259559489945090494e-08 1.246670646018027885e-08 1.241101738101458699e-08 1.245051249753436838e-08 1.251230219865192409e-08 1.237362419190241281e-08 1.254330688597068307e-08 1.259160364979870203e-08 1.256944788073029204e-08 1.249472436238333816e-08 1.237126551945087648e-08 1.231695653375910005e-08 1.253041989019051496e-08 1.247300536808824744e-08 1.259317920849081531e-08 1.246819587005026572e-08 1.248657274764955293e-08 1.234669649575570867e-08 1.269922957906240648e-08 1.257789507491796131e-08 1.262714412446005409e-08 1.260670690127883036e-08 1.251832924935744600e-08 1.268313560736272176e-08 1.260673988697582930e-08 1.238676943570742791e-08 1.257860425835125856e-08 1.245062407310099082e-08 1.245595407426588780e-08 1.262702541566779772e-08 1.233473734627686247e-08 1.254362708421903829e-08 1.235720573473400756e-08 1.257099296723592018e-08
1.238951803649721435e-08 1.259189280716174142e-08 1.251239600608472766e-08 1.246010575888018774e-08 1.244435316618459406e-08 1.229900298197049090e-08 1.249819998504534020e-08 1.211215540544984913e-08 1.256530094086949222e-08 1.243288884546148633e-08 1.247643782950277887e-08 1.235076955331662472e-08 1.229822690862489135e-08 1.233595198935427155e-08 1.239684346402101479e-08 1.226118077359004157e-08 1.242567114214684665e-08 1.247284392594492039e-08 1.245198677461048058e-08 1.237970908230176663e-08 1.225744081286560335e-08 1.220552680050544866e-08 1.241305035239047129e-08 1.235690694545525169e-08 1.247547332611208804e-08 1.235323835764017817e-08 1.237072157193886816e-08 1.223441164999599836e-08 1.257789507491796131e-08 1.246126990099737457e-08 1.250739475505778431e-08 1.248824502823735479e-08 1.240130429054835876e-08 1.256269578657322287e-08 1.248821123496864536e-08 1.227407925792993325e-08 1.246116699924103880e-08 1.233634304160273349e-08 1.234085002380819988e-08 1.250799085997568384e-08 1.222217759790552630e-08 1.242658065332047887e-08 1.224566048359758110e-08 1.245352814493672442e-08
1.243603079834896028e-08 1.264166856018770634e-08 1.256135700358066677e-08 1.250934205323405490e-08 1.249147350139316360e-08 1.234343726552041101e-08 1.254669944050833484e-08 1.215507879124258984e-08 1.261448066558518109e-08 1.248022306710869312e-08 1.252549545131741211e-08 1.239787043441685244e-08 1.234344924595297933e-08 1.238114873762722638e-08 1.244311566633347260e-08 1.230506846809976347e-08 1.247331359934755894e-08 1.252112815678367387e-08 1.249944826880600722e-08 1.242554889568777018e-08 1.230300924625355163e-08 1.224876184586189371e-08 1.246033224833875458e-08 1.240332029751205726e-08 1.252328035533995203e-08 1.239943851957026764e-08 1.241715941659455414e-08 1.227863611450189899e-08 1.262714412446005409e-08 1.250739475505778431e-08 1.255788044421811816e-08 1.253610548860204286e-08 1.244901727081402733e-08 1.261199420794956684e-08 1.253632780590410005e-08 1.231852681150995587e-08 1.250838398222742092e-08 1.238227783371048244e-08 1.238707148786874778e-08 1.255592003695383830e-08 1.226683900433168172e-08 1.247450131968371134e-08 1.228887800569070405e-08 1.250137063950466996e-08
1.241728922192337574e-08 1.262071887142995990e-08 1.254108908999992560e-08 1.248887868236563389e-08 1.247238784439134437e-08 1.232577008546392382e-08 1.252618853170295561e-08 1.213832896527371866e-08 1.259364451714014941e-08 1.246047966556196255e-08 1.250487898398944075e-08 1.237879958824480911e-08 1.232553660754244807e-08 1.236300797887213343e-08 1.242421941315730331e-08 1.228858936113497669e-08 1.245453035784074216e-08 1.250112999499368686e-08 1.247976463954694689e-08 1.240686902732515826e-08 1.228467724208198995e-08 1.223208709851789872e-08 1.244097025632194949e-08 1.238488965841060054e-08 1.250353391525249513e-08 1.238092767468720315e-08 1.239859112947994054e-08 1.226190505870564537e-08 1.260670690127883036e-08 1.248824502823735479e-08 1.253610548860204286e-08 1.251791190302944646e-08 1.242962173003998672e-08 1.259143849078526178e-08 1.251599179254588349e-08 1.230099798278232633e-08 1.248944564784094030e-08 1.236361887082457053e-08 1.236870009454392013e-08 1.253693541606621749e-08 1.224910947582848667e-08 1.245471050578007348e-08 1.227208687826381295e-08 1.248167281806475980e-08
1.233133348985638520e-08 1.253260384901090117e-08 1.245381245483313110e-08 1.240213446107641476e-08 1.238576182139320943e-08 1.224149474087694391e-08 1.243958173224138920e-08 1.205648244014294987e-08 1.250570947826380909e-08 1.237441353953574088e-08 1.241771012019531455e-08 1.229329744980305093e-08 1.224103647030793860e-08 1.227826312362122632e-08 1.233859941921171329e-08 1.220425124951082472e-08 1.236757009134362826e-08 1.241383758296330608e-08 1.239356892311206976e-08 1.232153934107522808e-08 1.220074442498771260e-08 1.214845839857278376e-08 1.235436587587007297e-08 1.229986471700228143e-08 1.241665428652949799e-08 1.229543678342050352e-08 1.231276603297526957e-08 1.217799718588792224e-08 1.251832924935744600e-08 1.240130429054835876e-08 1.244901727081402733e-08 1.242962173003998672e-08 1.234434115449932647e-08 1.250339992441756232e-08 1.242927567663372615e-08 1.221668739088005491e-08 1.240287284605274900e-08 1.227895386837182664e-08 1.228335687253610927e-08 1.244924340641482139e-08 1.216501011994826613e-08 1.236880398095477703e-08 1.218879881352335866e-08 1.239502193040419621e-08
1.249073101901168040e-08 1.269781619616436012e-08 1.261640570474369443e-08 1.256440270100578896e-08 1.254673198485805230e-08 1.239763778871831351e-08 1.260161681735189300e-08 1.220774586213452625e-08 1.266997543271029391e-08 1.253506710323684637e-08 1.258087920323778328e-08 1.245231733250679004e-08 1.239681665452379656e-08 1.243568335868328427e-08 1.249785207245326894e-08 1.235922604482093793e-08 1.252872764623461191e-08 1.257630624950260845e-08 1.255492366327463772e-08 1.248013428178546277e-08 1.235730229472130208e-08 1.230240615715925268e-08 1.251535792971294948e-08 1.245814452103802154e-08 1.257857429311585351e-08 1.245400435210565520e-08 1.247193138646613114e-08 1.233292091482864342e-08 1.268313560736272176e-08 1.256269578657322287e-08 1.261199420794956684e-08 1.259143849078526178e-08 1.250339992441756232e-08 1.266899007209659825e-08 1.259199583141391076e-08 1.237224104814212070e-08 1.256359552887113552e-08 1.243654616233985478e-08 1.244156433037977460e-08 1.261228200737410466e-08 1.232020256831840239e-08 1.252919733543609741e-08 1.234316839541863949e-08 1.255616060201243942e-08
1.241747565662131101e-08 1.262090346509118317e-08 1.254133174048224015e-08 1.248887116794078448e-08 1.247242751409197107e-08 1.232589933337222792e-08 1.252645447161381341e-08 1.213821578748967264e-08 1.259406488520747218e-08 1.246100213959285498e-08 1.250525795422601329e-08 1.237868925203717602e-08 1.232468105536907840e-08 1.236325442619549937e-08 1.242423518103939559e-08 1.228756985958982408e-08 1.245390454556443461e-08 1.250089516413114271e-08 1.248040018187629917e-08 1.240717883168512088e-08 1.228468163256414848e-08 1.223134836661135818e-08 1.244110892327116846e-08 1.238479020143128453e-08 1.250329985885513057e-08 1.238114295688714075e-08 1.239826032429226122e-08 1.226120021789371729e-08 1.260673988697582930e-08 1.248821123496864536e-08 1.253632780590410005e-08 1.251599179254588349e-08 1.242927567663372615e-08 1.259199583141391076e-08 1.251747085170966575e-08 1.230080378617415327e-08 1.248907029041545438e-08 1.236380840416872976e-08 1.236838266854097784e-08 1.253677398239758576e-08 1.224916463334900621e-08 1.245481188087650666e-08 1.227213310888802430e-08 1.248191367024946276e-08
1.220638121208587075e-08 1.240109289547807938e-08 1.232397588342475369e-08 1.227260264382030902e-08 1.225897536565388227e-08 1.211967718684849497e-08 1.231078437658296117e-08 1.193848309293506287e-08 1.237542130845532964e-08 1.224740256181544012e-08 1.228812888625623561e-08 1.216733090292312092e-08 1.211868832715334587e-08 1.215443107261123361e-08 1.221282499741619254e-08 1.208254939100286735e-08 1.224072862106705248e-08 1.228454103267735957e-08 1.226665689771440872e-08 1.219708168942626392e-08 1.207753784211054300e-08 1.202818426483458621e-08 1.222696938990466866e-08 1.217488795125453654e-08 1.228806393224640974e-08 1.217170412364996858e-08 1.218713517660199229e-08 1.205636620921442128e-08 1.238676943570742791e-08 1.227407925792993325e-08 1.231852681150995587e-08 1.230099798278232633e-08 1.221668739088005491e-08 1.237224104814212070e-08 1.230080378617415327e-08 1.209587923229665734e-08 1.227590308187252292e-08 1.215481535970213559e-08 1.215887701973016547e-08 1.232014963041776892e-08 1.204388895561204527e-08 1.224116140543399468e-08 1.206833658947847340e-08 1.226854106708609946e-08
