2.696523966703267589e-08 2.719106786325791955e-08 2.730348047269141195e-08 2.712706695053319333e-08 2.706781346655144285e-08 2.676620704432567360e-08 2.714418794621221847e-08 2.696231248183877867e-08 2.673066728380700423e-08 2.702084827686935382e-08 2.667707918022923195e-08 2.709459258205530055e-08 2.720795638275395971e-08 2.647594894623271616e-08 2.706121996176750420e-08 2.715025411768978831e-08 2.693840183864417268e-08 2.683809595542591951e-08 2.689292675113250321e-08 2.697673552848559627e-08 2.679935038338893595e-08 2.704810363539440825e-08 2.712355958366253154e-08 2.710252890230970824e-08 2.691633420457226890e-08 2.678991618085854441e-08 2.668338352448244801e-08 2.699745662289279928e-08 2.692216065854184111e-08 2.714738977251004863e-08 2.692380198997177825e-08 2.702839188361859100e-08 2.668883598133208434e-08 2.726469294779529254e-08 2.708804056678966171e-08 2.726835452430200249e-08 2.714538513175767515e-08 2.700229209712820890e-08 2.728403949139399870e-08 2.718117183012987399e-08 2.678594462377021742e-08 2.708758184893547875e-08 2.693635489354385476e-08 2.715583436110967197e-08
2.719106786325791955e-08 2.742475975631557468e-08 2.753701117897754944e-08 2.735769538355262993e-08 2.729714849371893194e-08 2.698894920906115615e-08 2.737534129975817529e-08 2.718969582245451215e-08 2.695231478319046556e-08 2.725068929854622563e-08 2.689912310867737548e-08 2.732379340778604995e-08 2.744039942397999686e-08 2.669354988689920722e-08 2.729025245316453834e-08 2.738159447669833676e-08 2.716443844689808185e-08 2.706135034233864152e-08 2.711744517284495109e-08 2.720336086374615576e-08 2.702358842769803244e-08 2.727785100827288473e-08 2.735438732385963170e-08 2.733267690724297729e-08 2.714189675507433132e-08 2.701296997587536556e-08 2.690460739371269840e-08 2.722557654554176939e-08 2.714839426222645745e-08 2.737718382271058445e-08 2.714917682612091177e-08 2.725721889568248360e-08 2.690986060701296229e-08 2.749897774472086612e-08 2.731827904693290755e-08 2.750220598830546925e-08 2.737535962236583625e-08 2.723120648785052876e-08 2.751678189890140071e-08 2.741207753803624026e-08 2.700916676201625745e-08 2.731535461747277492e-08 2.716371652639683703e-08 2.738676249235848670e-08
2.730348047269141195e-08 2.753701117897754944e-08 2.765236773379489883e-08 2.747037701459534867e-08 2.741056424964583829e-08 2.710041907484076969e-08 2.748879314750506934e-08 2.730170069546406324e-08 2.706418947196132599e-08 2.736339300252604196e-08 2.701034345085497334e-08 2.743701080273507890e-08 2.755375516739834159e-08 2.680405501803681288e-08 2.740322967801317143e-08 2.749531883851957576e-08 2.727671381451754725e-08 2.717292426671663961e-08 2.722933378735797274e-08 2.731595202974089095e-08 2.713547248768588583e-08 2.739040766629547213e-08 2.746725472904687123e-08 2.744587082825589571e-08 2.725367064219187042e-08 2.712448942555567791e-08 2.701523150525474761e-08 2.733839942673997446e-08 2.726086319461724239e-08 2.749019253484405039e-08 2.726155155103982031e-08 2.736975587467149755e-08 2.702103637066619612e-08 2.761244326950419344e-08 2.743184491821113120e-08 2.761591727992674425e-08 2.748877521862745556e-08 2.734433988020956226e-08 2.763087991989447210e-08 2.752514728648611436e-08 2.712074888802437637e-08 2.742856387969894158e-08 2.727566877667242063e-08 2.750013418884451108e-08
2.712706695053319333e-08 2.735769538355262993e-08 2.747037701459534867e-08 2.729313821869759982e-08 2.723226413615134807e-08 2.692556358051707644e-08 2.730954623289749107e-08 2.712507744034183130e-08 2.688944548249478185e-08 2.718487877686322488e-08 2.683554867333482011e-08 2.725823304679873225e-08 2.737378516552770639e-08 2.663198037184738122e-08 2.722485666636970785e-08 2.731583595766917630e-08 2.710040928597637454e-08 2.699809021137064333e-08 2.705361306040137781e-08 2.713899269032554207e-08 2.695955982937198564e-08 2.721284907999586121e-08 2.728876705258564060e-08 2.726734707211351979e-08 2.707742925891353306e-08 2.695017560350013487e-08 2.684162257485412483e-08 2.716124216466096349e-08 2.708363001531047856e-08 2.731173306998172073e-08 2.708504913094245910e-08 2.719241425309244129e-08 2.684690834743300232e-08 2.743236083645973211e-08 2.725276947721424485e-08 2.743629355151249817e-08 2.730993789886611017e-08 2.716634381098097511e-08 2.745050152948401948e-08 2.734666870874299325e-08 2.694598259433021254e-08 2.725093386944416728e-08 2.709929984135344181e-08 2.732086099568021365e-08
2.706781346655144285e-08 2.729714849371893194e-08 2.741056424964583829e-08 2.723226413615134807e-08 2.717403276222216466e-08 2.686764327017622459e-08 2.725002810634040542e-08 2.706668831904028654e-08 2.683232341476352504e-08 2.712587023612904802e-08 2.677922955520966356e-08 2.719990790687057619e-08 2.731413016511104452e-08 2.657613678487461519e-08 2.716535671937621776e-08 2.725603052957333228e-08 2.704156678917248282e-08 2.694018967434319761e-08 2.699488156828602088e-08 2.708094387482098917e-08 2.690235412027515668e-08 2.715342948787905906e-08 2.722864310787503295e-08 2.720797258876497058e-08 2.701886012842245062e-08 2.689208865187789471e-08 2.678438168294089647e-08 2.710194131423311440e-08 2.702521143172727342e-08 2.725210217900125345e-08 2.702673079047448052e-08 2.713263684349397935e-08 2.679049271173542996e-08 2.737184171386797019e-08 2.719386291094857201e-08 2.737515988707083116e-08 2.725094445520269801e-08 2.710730909545060927e-08 2.739022103056416818e-08 2.728674973057190330e-08 2.688775348494875538e-08 2.719159233666985984e-08 2.704010351498492687e-08 2.726079848503063688e-08
2.676620704432567360e-08 2.698894920906115615e-08 2.710041907484076969e-08 2.692556358051707644e-08 2.686764327017622459e-08 2.657172641409329825e-08 2.694300439176644257e-08 2.676380508935378488e-08 2.653531896051310887e-08 2.682133175571830764e-08 2.648230407881593544e-08 2.689481392743263986e-08 2.700531297003271197e-08 2.628429097405155174e-08 2.686159318362824473e-08 2.694900360811354311e-08 2.673994631712427416e-08 2.664182645488364096e-08 2.669576591453219631e-08 2.677873812706110323e-08 2.660285183786671954e-08 2.684770433684179396e-08 2.692225516819422692e-08 2.690229152784602639e-08 2.671861634792181975e-08 2.659303809056448892e-08 2.648885315788813511e-08 2.679762765993908864e-08 2.672435649639546231e-08 2.694669129046027048e-08 2.672655584084337522e-08 2.682883871462494838e-08 2.649468278485676960e-08 2.706137046349084237e-08 2.688703392645303452e-08 2.706464818473269254e-08 2.694453302622962667e-08 2.680224170255200770e-08 2.708176851617484643e-08 2.697985584996406919e-08 2.658970297222166351e-08 2.688752744074634839e-08 2.673775695356898529e-08 2.695434494575356671e-08
2.714418794621221847e-08 2.737534129975817529e-08 2.748879314750506934e-08 2.730954623289749107e-08 2.725002810634040542e-08 2.694300439176644257e-08 2.732867219751624542e-08 2.714271002888116375e-08 2.690700673934040336e-08 2.720306433194103121e-08 2.685420358443671473e-08 2.727597501778122086e-08 2.739183915328580844e-08 2.665012657509473102e-08 2.724292118725921084e-08 2.733384227657916460e-08 2.711729538913379690e-08 2.701512085931026556e-08 2.707130836191609213e-08 2.715700546883753183e-08 2.697742909953377132e-08 2.723034067018340535e-08 2.730634884727126946e-08 2.728490183435604108e-08 2.709553234627497299e-08 2.696691452291818377e-08 2.685941735166052110e-08 2.717836702390297341e-08 2.710163804167825667e-08 2.732934376668596901e-08 2.710284392291576445e-08 2.720994669246175221e-08 2.686481531310431276e-08 2.744974103702468474e-08 2.727088930523910981e-08 2.745373047503476993e-08 2.732745064747073911e-08 2.718440525873672273e-08 2.746833770227472184e-08 2.736391454070849635e-08 2.696346462288583812e-08 2.726788098340026669e-08 2.711702324819231475e-08 2.733890674061853775e-08
2.696231248183877867e-08 2.718969582245451215e-08 2.730170069546406324e-08 2.712507744034183130e-08 2.706668831904028654e-08 2.676380508935378488e-08 2.714271002888116375e-08 2.696209909843456762e-08 2.672813602582283489e-08 2.701944647088924810e-08 2.667564121434488501e-08 2.709321860072424296e-08 2.720624368338147049e-08 2.647341209815111457e-08 2.705882718021762705e-08 2.714863163184020553e-08 2.693545474202368051e-08 2.683573582865593330e-08 2.688975728438159420e-08 2.697569570948697094e-08 2.679779321000799841e-08 2.704701087521838594e-08 2.712153992816088106e-08 2.710114451966928991e-08 2.691336673869640931e-08 2.678730672981659909e-08 2.668177864253469833e-08 2.699537563675147098e-08 2.691972122778378179e-08 2.714546766371720250e-08 2.692149561256193451e-08 2.702668361030268290e-08 2.668706163007527374e-08 2.726362696281647324e-08 2.708640453684201572e-08 2.726653484395513286e-08 2.714351412102627640e-08 2.700075144434396303e-08 2.728193009654656885e-08 2.717931250538494917e-08 2.678370867931603936e-08 2.708531506243175964e-08 2.693476954168791462e-08 2.715355697764403829e-08
2.673066728380700423e-08 2.695231478319046556e-08 2.706418947196132599e-08 2.688944548249478185e-08 2.683232341476352504e-08 2.653531896051310887e-08 2.690700673934040336e-08 2.672813602582283489e-08 2.650118688574249184e-08 2.678536176329790439e-08 2.644752712147859110e-08 2.685861213188246201e-08 2.696941127060064304e-08 2.625023613075287213e-08 2.682517832954817783e-08 2.691272293310271613e-08 2.670443695179796467e-08 2.660657556556463157e-08 2.666044499295130423e-08 2.674341006187960648e-08 2.656778939032377596e-08 2.681177908003382162e-08 2.688581444567211287e-08 2.686616529672706328e-08 2.668359550770935410e-08 2.655843026962505623e-08 2.645404598774803034e-08 2.676220815478257735e-08 2.668883792510200129e-08 2.691091325703096064e-08 2.669113488582783738e-08 2.679259657844466342e-08 2.646033138831327777e-08 2.702539040194282640e-08 2.685180753699849279e-08 2.702850715696186066e-08 2.690823716973658613e-08 2.676727186909486113e-08 2.704568118460492843e-08 2.694385866689058312e-08 2.655413150658250609e-08 2.685209401945088875e-08 2.670223133087836020e-08 2.691873893996083618e-08
2.702084827686935382e-08 2.725068929854622563e-08 2.736339300252604196e-08 2.718487877686322488e-08 2.712587023612904802e-08 2.682133175571830764e-08 2.720306433194103121e-08 2.701944647088924810e-08 2.678536176329790439e-08 2.708000974850383600e-08 2.673234134535882478e-08 2.715255095096474072e-08 2.726695858127040610e-08 2.652928398458230304e-08 2.711895207101144133e-08 2.720905008591165510e-08 2.699439282234164826e-08 2.689298834287694270e-08 2.694823719314289805e-08 2.703375776347701924e-08 2.685568252376119532e-08 2.710601683846967888e-08 2.718190777414879784e-08 2.716095284943749056e-08 2.697292951603620155e-08 2.684439765281268596e-08 2.673778298245111308e-08 2.705469725055791679e-08 2.697894700159934633e-08 2.720519241408978712e-08 2.698024073799113137e-08 2.708597843292939335e-08 2.674348282749083649e-08 2.732511572400276007e-08 2.714692792988774946e-08 2.732734631412706695e-08 2.720320547889268652e-08 2.706025033535521229e-08 2.734361058553270190e-08 2.723958580739211415e-08 2.684085223378541570e-08 2.714444971457340450e-08 2.699358869059389066e-08 2.721460431402104930e-08
2.667707918022923195e-08 2.689912310867737548e-08 2.701034345085497334e-08 2.683554867333482011e-08 2.677922955520966356e-08 2.648230407881593544e-08 2.685420358443671473e-08 2.667564121434488501e-08 2.644752712147859110e-08 2.673234134535882478e-08 2.639630107858636052e-08 2.680568806396478663e-08 2.691628546962416532e-08 2.619762377015804319e-08 2.677197596970861494e-08 2.685935916572373763e-08 2.665135563656445928e-08 2.655340631624073684e-08 2.660681572482257227e-08 2.669070801670086935e-08 2.651522173825294333e-08 2.675893186642771486e-08 2.683235313959879695e-08 2.681281703935025346e-08 2.663033201682973487e-08 2.650505483650341661e-08 2.640149281397473426e-08 2.670827006445003224e-08 2.663560842521527946e-08 2.685711381244793011e-08 2.663758480966524815e-08 2.673916088352221685e-08 2.640742794232136782e-08 2.697189543195895146e-08 2.679849052611902392e-08 2.697472900275129997e-08 2.685519813676255659e-08 2.671351379379065695e-08 2.699116698535439693e-08 2.689016606530589403e-08 2.650139574232748933e-08 2.679799559376407204e-08 2.664858270465279525e-08 2.686471926206078635e-08
2.709459258205530055e-08 2.732379340778604995e-08 2.743701080273507890e-08 2.725823304679873225e-08 2.719990790687057619e-08 2.689481392743263986e-08 2.727597501778122086e-08 2.709321860072424296e-08 2.685861213188246201e-08 2.715255095096474072e-08 2.680568806396478663e-08 2.722720945679028361e-08 2.734081691521624807e-08 2.660206366494874535e-08 2.719226613646585036e-08 2.728221261546229263e-08 2.706818295978563185e-08 2.696694724930020497e-08 2.702159450439751066e-08 2.710724145108096046e-08 2.692881715764845563e-08 2.717951434676047524e-08 2.725532103330280890e-08 2.723451601587204740e-08 2.704550274478406600e-08 2.691813367796127590e-08 2.681116847471795261e-08 2.712801081800609728e-08 2.705210740086507951e-08 2.727872353360325136e-08 2.705353849724844859e-08 2.715897991417990436e-08 2.681694662885581586e-08 2.739821307029438083e-08 2.722021932379919091e-08 2.740064941919204512e-08 2.727766631903695529e-08 2.713310983812233321e-08 2.741678210104596488e-08 2.731297448238104760e-08 2.691411284155228803e-08 2.721815824637978872e-08 2.706637930849071032e-08 2.728725290343753860e-08
2.720795638275395971e-08 2.744039942397999686e-08 2.755375516739834159e-08 2.737378516552770639e-08 2.731413016511104452e-08 2.700531297003271197e-08 2.739183915328580844e-08 2.720624368338147049e-08 2.696941127060064304e-08 2.726695858127040610e-08 2.691628546962416532e-08 2.734081691521624807e-08 2.745792580946166203e-08 2.671069850857249449e-08 2.730677248546812033e-08 2.739791511741728964e-08 2.718119439521395557e-08 2.707837968002708514e-08 2.713375857461833261e-08 2.722029249122645638e-08 2.704059634086853809e-08 2.729463306842124959e-08 2.737080229917979308e-08 2.734917663908979194e-08 2.715834394390458252e-08 2.702965875082749569e-08 2.692142720889916357e-08 2.724219389067271203e-08 2.716515519750312412e-08 2.739345366611542290e-08 2.716547324114666096e-08 2.727318870750187405e-08 2.692626606764937271e-08 2.751518384530895461e-08 2.733554328226937272e-08 2.751858855438874586e-08 2.739254809626166878e-08 2.724808646856916793e-08 2.753325660574853618e-08 2.742859595308853992e-08 2.702598350553208101e-08 2.733210992879624472e-08 2.717981716957374653e-08 2.740306373178583388e-08
2.647594894623271616e-08 2.669354988689920722e-08 2.680405501803681288e-08 2.663198037184738122e-08 2.657613678487461519e-08 2.628429097405155174e-08 2.665012657509473102e-08 2.647341209815111457e-08 2.625023613075287213e-08 2.652928398458230304e-08 2.619762377015804319e-08 2.660206366494874535e-08 2.671069850857249449e-08 2.600467823456599869e-08 2.656887684468066866e-08 2.665508380039041572e-08 2.645000852832337853e-08 2.635502917461783002e-08 2.640803314874816846e-08 2.648936066450800660e-08 2.631567687090509004e-08 2.655570130011565187e-08 2.662840718731412259e-08 2.660941745097285553e-08 2.643024890684045679e-08 2.630627773735546484e-08 2.620426604358022201e-08 2.650660248839364129e-08 2.643504329761395488e-08 2.665334500308755550e-08 2.643751481530449809e-08 2.653729220473124993e-08 2.621070595415765823e-08 2.676460278937850220e-08 2.659467440949417693e-08 2.676874601673931800e-08 2.665115423383625085e-08 2.651162160461614882e-08 2.678631983129900409e-08 2.668594423768063483e-08 2.630259399971729312e-08 2.659547973960928883e-08 2.644787566875982488e-08 2.666077849722755215e-08
2.706121996176750420e-08 2.729025245316453834e-08 2.740322967801317143e-08 2.722485666636970785e-08 2.716535671937621776e-08 2.686159318362824473e-08 2.724292118725921084e-08 2.705882718021762705e-08 2.682517832954817783e-08 2.711895207101144133e-08 2.677197596970861494e-08 2.719226613646585036e-08 2.730677248546812033e-08 2.656887684468066866e-08 2.715946827733849435e-08 2.724896004212270544e-08 2.703455799482828643e-08 2.693291320819133054e-08 2.698828682193161725e-08 2.707327642103637002e-08 2.689471921240053599e-08 2.714559669648268163e-08 2.722169242192691531e-08 2.720035074879547334e-08 2.701242109977474963e-08 2.688438766458183072e-08 2.677757607499706524e-08 2.709437055781219392e-08 2.701851742914562976e-08 2.724525692632203285e-08 2.702010709857174609e-08 2.712559383127790627e-08 2.678283093771233843e-08 2.736452572554377725e-08 2.718625773505374431e-08 2.736776498513317730e-08 2.724322819924083459e-08 2.709969620689531165e-08 2.738326606012161759e-08 2.727943607513290335e-08 2.688091974062896119e-08 2.718429395161529580e-08 2.703330759004101017e-08 2.725414525614827918e-08
2.715025411768978831e-08 2.738159447669833676e-08 2.749531883851957576e-08 2.731583595766917630e-08 2.725603052957333228e-08 2.694900360811354311e-08 2.733384227657916460e-08 2.714863163184020553e-08 2.691272293310271613e-08 2.720905008591165510e-08 2.685935916572373763e-08 2.728221261546229263e-08 2.739791511741728964e-08 2.665508380039041572e-08 2.724896004212270544e-08 2.734069349886750009e-08 2.712345128478583641e-08 2.702132480478208187e-08 2.707702228442999954e-08 2.716265027949749717e-08 2.698366120928811975e-08 2.723659279824750227e-08 2.731241920506541711e-08 2.729092850926874541e-08 2.710107536262958118e-08 2.697254505055145894e-08 2.686466526047916010e-08 2.718485460164687181e-08 2.710747430820916849e-08 2.733554361012520437e-08 2.710882103021708704e-08 2.721646224996458304e-08 2.687017623227645679e-08 2.745617393499541635e-08 2.727682003927666848e-08 2.745999398442041758e-08 2.733406716651458402e-08 2.719024856991708601e-08 2.747458371179520593e-08 2.737027558018478395e-08 2.696962640605749920e-08 2.727433778960207671e-08 2.712286522473145702e-08 2.734469915889063010e-08
2.693840183864417268e-08 2.716443844689808185e-08 2.727671381451754725e-08 2.710040928597637454e-08 2.704156678917248282e-08 2.673994631712427416e-08 2.711729538913379690e-08 2.693545474202368051e-08 2.670443695179796467e-08 2.699439282234164826e-08 2.665135563656445928e-08 2.706818295978563185e-08 2.718119439521395557e-08 2.645000852832337853e-08 2.703455799482828643e-08 2.712345128478583641e-08 2.691301308072016698e-08 2.681187149765070701e-08 2.686657338206911451e-08 2.695040260377553264e-08 2.677293048656636543e-08 2.702142872742831673e-08 2.709649023073483268e-08 2.707591901531234171e-08 2.689031826738371436e-08 2.676386177547244669e-08 2.665672411338186140e-08 2.697057093242219211e-08 2.689581938721625130e-08 2.712069228092640752e-08 2.689736594123278806e-08 2.700133696733728750e-08 2.666272287531899974e-08 2.723838097235940362e-08 2.706167621817790979e-08 2.724147182872422435e-08 2.711898825290250719e-08 2.697533173099510924e-08 2.725738781742369771e-08 2.715473107699915709e-08 2.675941249397249939e-08 2.706092249618529120e-08 2.690906719374580107e-08 2.712892961491327400e-08
2.683809595542591951e-08 2.706135034233864152e-08 2.717292426671663961e-08 2.699809021137064333e-08 2.694018967434319761e-08 2.664182645488364096e-08 2.701512085931026556e-08 2.683573582865593330e-08 2.660657556556463157e-08 2.689298834287694270e-08 2.655340631624073684e-08 2.696694724930020497e-08 2.707837968002708514e-08 2.635502917461783002e-08 2.693291320819133054e-08 2.702132480478208187e-08 2.681187149765070701e-08 2.671384005493386070e-08 2.676765818437195305e-08 2.685066056337481585e-08 2.667444199987773586e-08 2.692044741517188791e-08 2.699448309672901041e-08 2.697444356435546689e-08 2.679048815806078203e-08 2.666474831369904240e-08 2.655994823875826324e-08 2.687000287592066086e-08 2.679596087055735939e-08 2.701887393837168748e-08 2.679792052548525165e-08 2.690089488135638964e-08 2.656580295035636960e-08 2.713411627942665066e-08 2.695964720068610785e-08 2.713765036275838224e-08 2.701710414928652258e-08 2.687461510804169987e-08 2.715430108053272236e-08 2.705234918630819725e-08 2.666109671470396492e-08 2.695980261163031606e-08 2.680938977523507328e-08 2.702649966854182044e-08
2.689292675113250321e-08 2.711744517284495109e-08 2.722933378735797274e-08 2.705361306040137781e-08 2.699488156828602088e-08 2.669576591453219631e-08 2.707130836191609213e-08 2.688975728438159420e-08 2.666044499295130423e-08 2.694823719314289805e-08 2.660681572482257227e-08 2.702159450439751066e-08 2.713375857461833261e-08 2.640803314874816846e-08 2.698828682193161725e-08 2.707702228442999954e-08 2.686657338206911451e-08 2.676765818437195305e-08 2.682376429141099177e-08 2.690488742576011378e-08 2.672794222551407261e-08 2.697566410541538929e-08 2.705033735704733549e-08 2.703006199195859784e-08 2.684619953915328078e-08 2.671906823346661036e-08 2.661358513396060253e-08 2.692529166187406095e-08 2.685121952218687548e-08 2.707448746833349095e-08 2.685304968322299702e-08 2.695622137944811972e-08 2.661995951869712218e-08 2.719018665406669920e-08 2.701494695494957367e-08 2.719398153304651489e-08 2.707168121160021227e-08 2.693016336955510412e-08 2.721057588368639697e-08 2.710746216370915551e-08 2.671512363312124580e-08 2.701487308945445796e-08 2.686437131209912693e-08 2.708289778370848153e-08
2.697673552848559627e-08 2.720336086374615576e-08 2.731595202974089095e-08 2.713899269032554207e-08 2.708094387482098917e-08 2.677873812706110323e-08 2.715700546883753183e-08 2.697569570948697094e-08 2.674341006187960648e-08 2.703375776347701924e-08 2.669070801670086935e-08 2.710724145108096046e-08 2.722029249122645638e-08 2.648936066450800660e-08 2.707327642103637002e-08 2.716265027949749717e-08 2.695040260377553264e-08 2.685066056337481585e-08 2.690488742576011378e-08 2.699053100845958209e-08 2.681241480541854456e-08 2.706083545073768090e-08 2.713533792795865636e-08 2.711543010452294557e-08 2.692867101856050372e-08 2.680217097185261437e-08 2.669655758021948975e-08 2.700945447956175819e-08 2.693459210791892425e-08 2.715974569095743990e-08 2.693635967363297374e-08 2.704080722463940277e-08 2.670217877572737149e-08 2.727741382945723459e-08 2.710076072949318473e-08 2.728041300912940653e-08 2.715762595894747018e-08 2.701492674505259273e-08 2.729648308719472979e-08 2.719368705789005782e-08 2.679847470399895199e-08 2.709967649765794621e-08 2.694881125547169605e-08 2.716793030019913027e-08
2.679935038338893595e-08 2.702358842769803244e-08 2.713547248768588583e-08 2.695955982937198564e-08 2.690235412027515668e-08 2.660285183786671954e-08 2.697742909953377132e-08 2.679779321000799841e-08 2.656778939032377596e-08 2.685568252376119532e-08 2.651522173825294333e-08 2.692881715764845563e-08 2.704059634086853809e-08 2.631567687090509004e-08 2.689471921240053599e-08 2.698366120928811975e-08 2.677293048656636543e-08 2.667444199987773586e-08 2.672794222551407261e-08 2.681241480541854456e-08 2.663701635145749553e-08 2.688220850737892494e-08 2.695649439693491077e-08 2.693633135592461434e-08 2.675186797205945807e-08 2.662573454898740544e-08 2.652087876230907281e-08 2.683173136853467358e-08 2.675745021651976353e-08 2.698051756967951625e-08 2.675928982858193368e-08 2.686281847605377353e-08 2.652693331794591846e-08 2.709678150412243908e-08 2.692195259230880443e-08 2.709952982762502349e-08 2.697914277383788735e-08 2.683657045604654494e-08 2.711615864939494173e-08 2.701431052913380504e-08 2.662245314303708125e-08 2.692144119286253147e-08 2.677121139341690281e-08 2.698867318596060034e-08
2.704810363539440825e-08 2.727785100827288473e-08 2.739040766629547213e-08 2.721284907999586121e-08 2.715342948787905906e-08 2.684770433684179396e-08 2.723034067018340535e-08 2.704701087521838594e-08 2.681177908003382162e-08 2.710601683846967888e-08 2.675893186642771486e-08 2.717951434676047524e-08 2.729463306842124959e-08 2.655570130011565187e-08 2.714559669648268163e-08 2.723659279824750227e-08 2.702142872742831673e-08 2.692044741517188791e-08 2.697566410541538929e-08 2.706083545073768090e-08 2.688220850737892494e-08 2.713493393744779137e-08 2.720940804260042360e-08 2.718822660806256692e-08 2.699932332343979179e-08 2.687185144340768532e-08 2.676476304169595685e-08 2.708265157496761529e-08 2.700542895561710515e-08 2.723240726922599375e-08 2.700671980555269628e-08 2.711336243920894241e-08 2.676987223164647749e-08 2.735232862858039500e-08 2.717377863322203963e-08 2.735626268941173374e-08 2.723080520507627000e-08 2.708786328115324084e-08 2.737033382602265881e-08 2.726697690035745733e-08 2.686852687007479282e-08 2.717164046927833629e-08 2.702061837995295196e-08 2.724107718767431107e-08
2.712355958366253154e-08 2.735438732385963170e-08 2.746725472904687123e-08 2.728876705258564060e-08 2.722864310787503295e-08 2.692225516819422692e-08 2.730634884727126946e-08 2.712153992816088106e-08 2.688581444567211287e-08 2.718190777414879784e-08 2.683235313959879695e-08 2.725532103330280890e-08 2.737080229917979308e-08 2.662840718731412259e-08 2.722169242192691531e-08 2.731241920506541711e-08 2.709649023073483268e-08 2.699448309672901041e-08 2.705033735704733549e-08 2.713533792795865636e-08 2.695649439693491077e-08 2.720940804260042360e-08 2.728573224070034434e-08 2.726399452320502847e-08 2.707433168552986778e-08 2.694609607881171012e-08 2.683826894963819522e-08 2.715775398499480644e-08 2.708060737168315258e-08 2.730816272939583771e-08 2.708176300756960701e-08 2.718896537177621868e-08 2.684356625961411866e-08 2.742877334088426784e-08 2.724957461915201303e-08 2.743225148225314717e-08 2.730666242585669900e-08 2.716293283381605816e-08 2.744708490953021565e-08 2.734281918621597212e-08 2.694242328707770664e-08 2.724726598581505471e-08 2.709591067756097844e-08 2.731761227531226588e-08
2.710252890230970824e-08 2.733267690724297729e-08 2.744587082825589571e-08 2.726734707211351979e-08 2.720797258876497058e-08 2.690229152784602639e-08 2.728490183435604108e-08 2.710114451966928991e-08 2.686616529672706328e-08 2.716095284943749056e-08 2.681281703935025346e-08 2.723451601587204740e-08 2.734917663908979194e-08 2.660941745097285553e-08 2.720035074879547334e-08 2.729092850926874541e-08 2.707591901531234171e-08 2.697444356435546689e-08 2.703006199195859784e-08 2.711543010452294557e-08 2.693633135592461434e-08 2.718822660806256692e-08 2.726399452320502847e-08 2.724354560998998901e-08 2.705371884566101331e-08 2.692608340357984494e-08 2.681868884595364855e-08 2.713656222321964418e-08 2.706029994148658858e-08 2.728687931723784608e-08 2.706137100085345756e-08 2.716791234990716039e-08 2.682450314146598086e-08 2.740715697859677007e-08 2.722844507248161541e-08 2.741019569213811128e-08 2.728533189226803913e-08 2.714200016477048278e-08 2.742558091537096854e-08 2.732138404765661827e-08 2.692208462835520708e-08 2.722644105750337937e-08 2.707478855160043617e-08 2.729631079375146262e-08
2.691633420457226890e-08 2.714189675507433132e-08 2.725367064219187042e-08 2.707742925891353306e-08 2.701886012842245062e-08 2.671861634792181975e-08 2.709553234627497299e-08 2.691336673869640931e-08 2.668359550770935410e-08 2.697292951603620155e-08 2.663033201682973487e-08 2.704550274478406600e-08 2.715834394390458252e-08 2.643024890684045679e-08 2.701242109977474963e-08 2.710107536262958118e-08 2.689031826738371436e-08 2.679048815806078203e-08 2.684619953915328078e-08 2.692867101856050372e-08 2.675186797205945807e-08 2.699932332343979179e-08 2.707433168552986778e-08 2.705371884566101331e-08 2.687042351635533542e-08 2.674195027302453632e-08 2.663632758690784150e-08 2.694887193602748018e-08 2.687474900436392384e-08 2.709889600319061092e-08 2.687663428257831629e-08 2.697958221781961764e-08 2.664247907398379344e-08 2.721569697903719486e-08 2.703967350136882120e-08 2.721818035499767937e-08 2.709573585354246308e-08 2.695377832321040492e-08 2.723536613883769934e-08 2.713226166412860474e-08 2.673813910708478932e-08 2.703875755776264942e-08 2.688795851107089992e-08 2.710739679082835692e-08
2.678991618085854441e-08 2.701296997587536556e-08 2.712448942555567791e-08 2.695017560350013487e-08 2.689208865187789471e-08 2.659303809056448892e-08 2.696691452291818377e-08 2.678730672981659909e-08 2.655843026962505623e-08 2.684439765281268596e-08 2.650505483650341661e-08 2.691813367796127590e-08 2.702965875082749569e-08 2.630627773735546484e-08 2.688438766458183072e-08 2.697254505055145894e-08 2.676386177547244669e-08 2.666474831369904240e-08 2.671906823346661036e-08 2.680217097185261437e-08 2.662573454898740544e-08 2.687185144340768532e-08 2.694609607881171012e-08 2.692608340357984494e-08 2.674195027302453632e-08 2.661748699202432696e-08 2.651146566466310514e-08 2.682165695079406284e-08 2.674717913217770673e-08 2.697057774574911288e-08 2.674941633637549792e-08 2.685226152810353756e-08 2.651773220703692171e-08 2.708621566879607988e-08 2.691112879620936536e-08 2.708979394671067928e-08 2.696830993626750056e-08 2.682628185479094026e-08 2.710556490913557452e-08 2.700395147569582315e-08 2.661259671032312500e-08 2.691159558873154335e-08 2.676106722936350434e-08 2.697834644150598722e-08
2.668338352448244801e-08 2.690460739371269840e-08 2.701523150525474761e-08 2.684162257485412483e-08 2.678438168294089647e-08 2.648885315788813511e-08 2.685941735166052110e-08 2.668177864253469833e-08 2.645404598774803034e-08 2.673778298245111308e-08 2.640149281397473426e-08 2.681116847471795261e-08 2.692142720889916357e-08 2.620426604358022201e-08 2.677757607499706524e-08 2.686466526047916010e-08 2.665672411338186140e-08 2.655994823875826324e-08 2.661358513396060253e-08 2.669655758021948975e-08 2.652087876230907281e-08 2.676476304169595685e-08 2.683826894963819522e-08 2.681868884595364855e-08 2.663632758690784150e-08 2.651146566466310514e-08 2.640864750439021832e-08 2.671451807178257131e-08 2.664147339127098351e-08 2.686318444099691043e-08 2.664398421566082705e-08 2.674560600842880522e-08 2.641408818259543084e-08 2.697707285641991237e-08 2.680363274997698211e-08 2.698015629493115227e-08 2.686028246796619268e-08 2.671949648115445033e-08 2.699694261440170254e-08 2.689576682184593911e-08 2.650783551301645493e-08 2.680414375198076173e-08 2.665540503622752258e-08 2.687051650424280054e-08
2.699745662289279928e-08 2.722557654554176939e-08 2.733839942673997446e-08 2.716124216466096349e-08 2.710194131423311440e-08 2.679762765993908864e-08 2.717836702390297341e-08 2.699537563675147098e-08 2.676220815478257735e-08 2.705469725055791679e-08 2.670827006445003224e-08 2.712801081800609728e-08 2.724219389067271203e-08 2.650660248839364129e-08 2.709437055781219392e-08 2.718485460164687181e-08 2.697057093242219211e-08 2.687000287592066086e-08 2.692529166187406095e-08 2.700945447956175819e-08 2.683173136853467358e-08 2.708265157496761529e-08 2.715775398499480644e-08 2.713656222321964418e-08 2.694887193602748018e-08 2.682165695079406284e-08 2.671451807178257131e-08 2.703176287277754459e-08 2.695466708628612656e-08 2.718106755810856156e-08 2.695653033127286531e-08 2.706213410896512158e-08 2.672028619804572521e-08 2.729996819041576205e-08 2.712229361008212454e-08 2.730368779741902502e-08 2.717907351086716469e-08 2.703661375921670873e-08 2.731869442924355757e-08 2.721525982067003841e-08 2.681782545725792136e-08 2.712071158013440643e-08 2.696994789881806899e-08 2.718978515865555915e-08
2.692216065854184111e-08 2.714839426222645745e-08 2.726086319461724239e-08 2.708363001531047856e-08 2.702521143172727342e-08 2.672435649639546231e-08 2.710163804167825667e-08 2.691972122778378179e-08 2.668883792510200129e-08 2.697894700159934633e-08 2.663560842521527946e-08 2.705210740086507951e-08 2.716515519750312412e-08 2.643504329761395488e-08 2.701851742914562976e-08 2.710747430820916849e-08 2.689581938721625130e-08 2.679596087055735939e-08 2.685121952218687548e-08 2.693459210791892425e-08 2.675745021651976353e-08 2.700542895561710515e-08 2.708060737168315258e-08 2.706029994148658858e-08 2.687474900436392384e-08 2.674717913217770673e-08 2.664147339127098351e-08 2.695466708628612656e-08 2.688086523116767017e-08 2.710458251913983220e-08 2.688165539588489699e-08 2.698542985642149439e-08 2.664734970815833113e-08 2.722160035524548445e-08 2.704578029620987223e-08 2.722476946428825209e-08 2.710223201412558590e-08 2.696015064260675275e-08 2.724166485378191928e-08 2.713815464025007014e-08 2.674344074323896054e-08 2.704469145216235605e-08 2.689343856220217930e-08 2.711353709865674816e-08
2.714738977251004863e-08 2.737718382271058445e-08 2.749019253484405039e-08 2.731173306998172073e-08 2.725210217900125345e-08 2.694669129046027048e-08 2.732934376668596901e-08 2.714546766371720250e-08 2.691091325703096064e-08 2.720519241408978712e-08 2.685711381244793011e-08 2.727872353360325136e-08 2.739345366611542290e-08 2.665334500308755550e-08 2.724525692632203285e-08 2.733554361012520437e-08 2.712069228092640752e-08 2.701887393837168748e-08 2.707448746833349095e-08 2.715974569095743990e-08 2.698051756967951625e-08 2.723240726922599375e-08 2.730816272939583771e-08 2.728687931723784608e-08 2.709889600319061092e-08 2.697057774574911288e-08 2.686318444099691043e-08 2.718106755810856156e-08 2.710458251913983220e-08 2.733306675102573828e-08 2.710647199780059912e-08 2.721173774661182920e-08 2.686847591217005088e-08 2.745205666016538031e-08 2.727286739328511936e-08 2.745513230497679915e-08 2.732955507854920428e-08 2.718617426401856022e-08 2.747095908747219095e-08 2.736688799820720531e-08 2.696669087993249736e-08 2.727121040326230509e-08 2.711936176158923864e-08 2.734109271451006602e-08
2.692380198997177825e-08 2.714917682612091177e-08 2.726155155103982031e-08 2.708504913094245910e-08 2.702673079047448052e-08 2.672655584084337522e-08 2.710284392291576445e-08 2.692149561256193451e-08 2.669113488582783738e-08 2.698024073799113137e-08 2.663758480966524815e-08 2.705353849724844859e-08 2.716547324114666096e-08 2.643751481530449809e-08 2.702010709857174609e-08 2.710882103021708704e-08 2.689736594123278806e-08 2.679792052548525165e-08 2.685304968322299702e-08 2.693635967363297374e-08 2.675928982858193368e-08 2.700671980555269628e-08 2.708176300756960701e-08 2.706137100085345756e-08 2.687663428257831629e-08 2.674941633637549792e-08 2.664398421566082705e-08 2.695653033127286531e-08 2.688165539588489699e-08 2.710647199780059912e-08 2.688440224904597726e-08 2.698733911473072611e-08 2.665023587480804355e-08 2.722310500888387217e-08 2.704692049670686500e-08 2.722565705504888127e-08 2.710349223678489981e-08 2.696126782331661510e-08 2.724264922852184447e-08 2.713959891116832762e-08 2.674550184576021060e-08 2.704628561306587149e-08 2.689602473164644233e-08 2.711439746429423910e-08
2.702839188361859100e-08 2.725721889568248360e-08 2.736975587467149755e-08 2.719241425309244129e-08 2.713263684349397935e-08 2.682883871462494838e-08 2.720994669246175221e-08 2.702668361030268290e-08 2.679259657844466342e-08 2.708597843292939335e-08 2.673916088352221685e-08 2.715897991417990436e-08 2.727318870750187405e-08 2.653729220473124993e-08 2.712559383127790627e-08 2.721646224996458304e-08 2.700133696733728750e-08 2.690089488135638964e-08 2.695622137944811972e-08 2.704080722463940277e-08 2.686281847605377353e-08 2.711336243920894241e-08 2.718896537177621868e-08 2.716791234990716039e-08 2.697958221781961764e-08 2.685226152810353756e-08 2.674560600842880522e-08 2.706213410896512158e-08 2.698542985642149439e-08 2.721173774661182920e-08 2.698733911473072611e-08 2.709474089377016586e-08 2.675115804389354167e-08 2.733086960651387839e-08 2.715282337498992118e-08 2.733462017404486665e-08 2.721042452508920668e-08 2.706703773030220718e-08 2.734961274718308096e-08 2.724616660155201062e-08 2.684940346886271382e-08 2.715156636527263314e-08 2.700127469936885914e-08 2.722072621905866956e-08
2.668883598133208434e-08 2.690986060701296229e-08 2.702103637066619612e-08 2.684690834743300232e-08 2.679049271173542996e-08 2.649468278485676960e-08 2.686481531310431276e-08 2.668706163007527374e-08 2.646033138831327777e-08 2.674348282749083649e-08 2.640742794232136782e-08 2.681694662885581586e-08 2.692626606764937271e-08 2.621070595415765823e-08 2.678283093771233843e-08 2.687017623227645679e-08 2.666272287531899974e-08 2.656580295035636960e-08 2.661995951869712218e-08 2.670217877572737149e-08 2.652693331794591846e-08 2.676987223164647749e-08 2.684356625961411866e-08 2.682450314146598086e-08 2.664247907398379344e-08 2.651773220703692171e-08 2.641408818259543084e-08 2.672028619804572521e-08 2.664734970815833113e-08 2.686847591217005088e-08 2.665023587480804355e-08 2.675115804389354167e-08 2.642124810222140692e-08 2.698235030799412540e-08 2.680921295533625423e-08 2.698494372831764817e-08 2.686592608091727920e-08 2.672511752057051490e-08 2.700234838794150106e-08 2.690094319366333881e-08 2.651318744229124739e-08 2.681004300084762554e-08 2.666089814333357221e-08 2.687614302795713092e-08
2.726469294779529254e-08 2.749897774472086612e-08 2.761244326950419344e-08 2.743236083645973211e-08 2.737184171386797019e-08 2.706137046349084237e-08 2.744974103702468474e-08 2.726362696281647324e-08 2.702539040194282640e-08 2.732511572400276007e-08 2.697189543195895146e-08 2.739821307029438083e-08 2.751518384530895461e-08 2.676460278937850220e-08 2.736452572554377725e-08 2.745617393499541635e-08 2.723838097235940362e-08 2.713411627942665066e-08 2.719018665406669920e-08 2.727741382945723459e-08 2.709678150412243908e-08 2.735232862858039500e-08 2.742877334088426784e-08 2.740715697859677007e-08 2.721569697903719486e-08 2.708621566879607988e-08 2.697707285641991237e-08 2.729996819041576205e-08 2.722160035524548445e-08 2.745205666016538031e-08 2.722310500888387217e-08 2.733086960651387839e-08 2.698235030799412540e-08 2.757578991340585390e-08 2.739364205478610296e-08 2.757740497232072627e-08 2.744971239308652562e-08 2.730543199992680185e-08 2.759212961799184152e-08 2.748711066334755802e-08 2.708202221925291434e-08 2.739007715872581879e-08 2.723757489204691378e-08 2.746139376491176272e-08
2.708804056678966171e-08 2.731827904693290755e-08 2.743184491821113120e-08 2.725276947721424485e-08 2.719386291094857201e-08 2.688703392645303452e-08 2.727088930523910981e-08 2.708640453684201572e-08 2.685180753699849279e-08 2.714692792988774946e-08 2.679849052611902392e-08 2.722021932379919091e-08 2.733554328226937272e-08 2.659467440949417693e-08 2.718625773505374431e-08 2.727682003927666848e-08 2.706167621817790979e-08 2.695964720068610785e-08 2.701494695494957367e-08 2.710076072949318473e-08 2.692195259230880443e-08 2.717377863322203963e-08 2.724957461915201303e-08 2.722844507248161541e-08 2.703967350136882120e-08 2.691112879620936536e-08 2.680363274997698211e-08 2.712229361008212454e-08 2.704578029620987223e-08 2.727286739328511936e-08 2.704692049670686500e-08 2.715282337498992118e-08 2.680921295533625423e-08 2.739364205478610296e-08 2.721531956291651887e-08 2.739602093866474884e-08 2.727119307348111912e-08 2.712804777266149064e-08 2.741190561437845433e-08 2.730743107090880667e-08 2.690715601983812119e-08 2.721201406015194904e-08 2.706039524077126159e-08 2.728217040422733673e-08
2.726835452430200249e-08 2.750220598830546925e-08 2.761591727992674425e-08 2.743629355151249817e-08 2.737515988707083116e-08 2.706464818473269254e-08 2.745373047503476993e-08 2.726653484395513286e-08 2.702850715696186066e-08 2.732734631412706695e-08 2.697472900275129997e-08 2.740064941919204512e-08 2.751858855438874586e-08 2.676874601673931800e-08 2.736776498513317730e-08 2.745999398442041758e-08 2.724147182872422435e-08 2.713765036275838224e-08 2.719398153304651489e-08 2.728041300912940653e-08 2.709952982762502349e-08 2.735626268941173374e-08 2.743225148225314717e-08 2.741019569213811128e-08 2.721818035499767937e-08 2.708979394671067928e-08 2.698015629493115227e-08 2.730368779741902502e-08 2.722476946428825209e-08 2.745513230497679915e-08 2.722565705504888127e-08 2.733462017404486665e-08 2.698494372831764817e-08 2.757740497232072627e-08 2.739602093866474884e-08 2.758252008659124059e-08 2.745318650293471037e-08 2.730934982971944026e-08 2.759512134330867934e-08 2.749047581870808198e-08 2.708598239054166565e-08 2.739294428979484742e-08 2.724087061766709623e-08 2.746458260161209632e-08
