3.563354600098979723e-07 3.604110630501407248e-07 3.621153372613660335e-07 3.591619608569340849e-07 3.578946294459392295e-07 3.531776137513354959e-07 3.599552269020268215e-07 3.557892090193392189e-07 3.521135477283252470e-07 3.579481559674001175e-07 3.514842997138992189e-07 3.584548584889199940e-07 3.613537149150483851e-07 3.492968416194694064e-07 3.581159117050323968e-07 3.595854551308362920e-07 3.556982417791478761e-07 3.541340904923464987e-07 3.552672890531712660e-07 3.566313117384123824e-07 3.531458858453672678e-07 3.577740283417479433e-07 3.594758668849970956e-07 3.582059188752689942e-07 3.557421471844422587e-07 3.531987269993234861e-07 3.513892801996546198e-07 3.573168556461299665e-07 3.556852881854782298e-07 3.589446344206137296e-07 3.552790814751679510e-07 3.571094349251550717e-07 3.519135572022150523e-07 3.620262233980891040e-07 3.584890911848440436e-07 3.615371938801986037e-07 3.592351007993426026e-07 3.575498909335483566e-07 3.615244526631370920e-07 3.598810077390692449e-07 3.530547998908581071e-07 3.582484942145080877e-07 3.556858021312262576e-07 3.595224857036189342e-07 0.000000000000000000e+00
3.604110630501407248e-07 3.645573986797790005e-07 3.662777524175713806e-07 3.632826233852622888e-07 3.620005669262126085e-07 3.572158879362656722e-07 3.640922438103690833e-07 3.598688915504042388e-07 3.561360954057610557e-07 3.620568622803439237e-07 3.555002675323626321e-07 3.625650379067168934e-07 3.655051446535794721e-07 3.532850604085902535e-07 3.622227348627681608e-07 3.637172973617262861e-07 3.597713251864532205e-07 3.581836355761682741e-07 3.593331176364386990e-07 3.607179748850311359e-07 3.571871091330224803e-07 3.618784388532134359e-07 3.636075925839615189e-07 3.623159670228707492e-07 3.598188530148956272e-07 3.572349469861317168e-07 3.554046742442697242e-07 3.614116192616727782e-07 3.597595203228103369e-07 3.630643472247639670e-07 3.593430690965343888e-07 3.612075652033774260e-07 3.559312149692461379e-07 3.661903017066398357e-07 3.626012443049650977e-07 3.656931774532776888e-07 3.633564635726277566e-07 3.616527034437670434e-07 3.656778318907495316e-07 3.640146286494962295e-07 3.570926351134783336e-07 3.623536890829617422e-07 3.597661738420655085e-07 3.636486846918950989e-07 0.000000000000000000e+00
3.621153372613660335e-07 3.662777524175713806e-07 3.680141002249999769e-07 3.650000709156517102e-07 3.637118482368928799e-07 3.589036683879909943e-07 3.658146018969583188e-07 3.615702511670531994e-07 3.578211617322797162e-07 3.637710240619196335e-07 3.571791448096606803e-07 3.642791490661606453e-07 3.672371233732172660e-07 3.549522421030743991e-07 3.639344653001726485e-07 3.654391375118126322e-07 3.614711384820744741e-07 3.598757306269820851e-07 3.610341859248094562e-07 3.624242329677262859e-07 3.588740335400653503e-07 3.635886299847797662e-07 3.653250356104166676e-07 3.640286866139612531e-07 3.615191734256392855e-07 3.589212587267618370e-07 3.570845648640336968e-07 3.631224687336277204e-07 3.614597709089076667e-07 3.647808616555090714e-07 3.610428104974196596e-07 3.629143963722231993e-07 3.576137235494255287e-07 3.679243063904584498e-07 3.643175744404703246e-07 3.674238578129702642e-07 3.650741594519938520e-07 3.633644492436339243e-07 3.674100224698898925e-07 3.657348861583631020e-07 3.587789628112174103e-07 3.640691888702734894e-07 3.614655864816040833e-07 3.653696041138656745e-07 0.000000000000000000e+00
3.591619608569340849e-07 3.632826233852622888e-07 3.650000709156517102e-07 3.620222119113137832e-07 3.607407150368847768e-07 3.559761695413299835e-07 3.628218509143154244e-07 3.586162088172451543e-07 3.549031891347503513e-07 3.607965166739723264e-07 3.542663982313528801e-07 3.613038411302278178e-07 3.642321958363307336e-07 3.520603532214490355e-07 3.609606450499565024e-07 3.624488236444909964e-07 3.585236770864341084e-07 3.569415925601122591e-07 3.580845903813550000e-07 3.594647418883194605e-07 3.559448578335495983e-07 3.606190325293783254e-07 3.623381916877379755e-07 3.610540843733443947e-07 3.585661796294929399e-07 3.559980039287197130e-07 3.541718792789054910e-07 3.601577341949173716e-07 3.585084686040054835e-07 3.617997782320926516e-07 3.580969299430856241e-07 3.599493597236892217e-07 3.546992399254140530e-07 3.649126799199404945e-07 3.613393347834697398e-07 3.644215406567822051e-07 3.620920604413974880e-07 3.603931708085809050e-07 3.644032375139301437e-07 3.627452764398516152e-07 3.558544194382354604e-07 3.610970629526374754e-07 3.585135083701339348e-07 3.623802914424266859e-07 0.000000000000000000e+00
3.578946294459392295e-07 3.620005669262126085e-07 3.637118482368928799e-07 3.607407150368847768e-07 3.594733126659846567e-07 3.547248016708351002e-07 3.615428863114255137e-07 3.573572502562034273e-07 3.536556728170101045e-07 3.595248997651283710e-07 3.530223378674693917e-07 3.600302988732818606e-07 3.629479634579178962e-07 3.508259811099212703e-07 3.596875520296050462e-07 3.611704872055564904e-07 3.572584658927723571e-07 3.556862728544228930e-07 3.568248952802286847e-07 3.581994766288716407e-07 3.546945924736939011e-07 3.593476743899776000e-07 3.610597081227977856e-07 3.597834692463487267e-07 3.573026380227597658e-07 3.547428853911296348e-07 3.529276590329647780e-07 3.588868988886277476e-07 3.572466447902992645e-07 3.605233216230579325e-07 3.568349610798221048e-07 3.586808348801240769e-07 3.534535926386469458e-07 3.636236454698421979e-07 3.600640954882131028e-07 3.631321285992339216e-07 3.608154981657698520e-07 3.591235259459804553e-07 3.631186947556598097e-07 3.614654773616887042e-07 3.546020043501320032e-07 3.598230638579968315e-07 3.572517223463601886e-07 3.611041508561645351e-07 0.000000000000000000e+00
3.531776137513354959e-07 3.572158879362656722e-07 3.589036683879909943e-07 3.559761695413299835e-07 3.547248016708351002e-07 3.500609308790645946e-07 3.567604597553809619e-07 3.526415808730682790e-07 3.490015487406584391e-07 3.547755468269000271e-07 3.483811760247116877e-07 3.552800305667116735e-07 3.581475339792150446e-07 3.462160071019069643e-07 3.549424668478655004e-07 3.563984681352112769e-07 3.525474425749187447e-07 3.510028749306591893e-07 3.521271295806087710e-07 3.534747182243291221e-07 3.500247336973881892e-07 3.546040215424144224e-07 3.562905617224971271e-07 3.550344380165191297e-07 3.525955175170049405e-07 3.500742491624485498e-07 3.482853476820504767e-07 3.541481569094842225e-07 3.525357659237910156e-07 3.557637282406764458e-07 3.521367662509181020e-07 3.539444984915719341e-07 3.488061551145900448e-07 3.588156048127767325e-07 3.553076618854693524e-07 3.583235537998027271e-07 3.560488310915510365e-07 3.543832173538818395e-07 3.583195040380332045e-07 3.566883711154442577e-07 3.499332749784830131e-07 3.550742779520705047e-07 3.525352679398927878e-07 3.563381515542021590e-07 0.000000000000000000e+00
3.599552269020268215e-07 3.640922438103690833e-07 3.658146018969583188e-07 3.628218509143154244e-07 3.615428863114255137e-07 3.567604597553809619e-07 3.636367052168333978e-07 3.594118722381880750e-07 3.556852569443481661e-07 3.615996234812827087e-07 3.550488285724344775e-07 3.621055485671428757e-07 3.650452473022648918e-07 3.528363477797144332e-07 3.617634470803361931e-07 3.632568726582707224e-07 3.593142151109642770e-07 3.577279666683035902e-07 3.588778884887380204e-07 3.602606493900922323e-07 3.567335967269077011e-07 3.614197664130356730e-07 3.631468638912081724e-07 3.618581937729908281e-07 3.593622457558819856e-07 3.567795632085476102e-07 3.549530041162513314e-07 3.609561628751939589e-07 3.593038577064225762e-07 3.626040631295148838e-07 3.588865284768242386e-07 3.607490244135594467e-07 3.554783317004106291e-07 3.657253171328334399e-07 3.621439809221309648e-07 3.652336820637976327e-07 3.628977784178512395e-07 3.611966017368690434e-07 3.652178011578928717e-07 3.635527817285149585e-07 3.566403391624525100e-07 3.618965514946107154e-07 3.593122671983749813e-07 3.631878629908339806e-07 0.000000000000000000e+00
3.557892090193392189e-07 3.598688915504042388e-07 3.615702511670531994e-07 3.586162088172451543e-07 3.573572502562034273e-07 3.526415808730682790e-07 3.594118722381880750e-07 3.552614924687746404e-07 3.515793365313310647e-07 3.574100468078282692e-07 3.509508458016256259e-07 3.579142435835423247e-07 3.608128162360971038e-07 3.487669627835693842e-07 3.575709756772070051e-07 3.590455131538377050e-07 3.551582372580120284e-07 3.535957915271627816e-07 3.547280354728431392e-07 3.560944926491735122e-07 3.526124070275771977e-07 3.572341457120690776e-07 3.589340048405807444e-07 3.576657019351508124e-07 3.552036500204543731e-07 3.526579857250358297e-07 3.508571635308365394e-07 3.567748689558094091e-07 3.551462648084721966e-07 3.584029964591681916e-07 3.547396887215677192e-07 3.565706329072200766e-07 3.513793877575659528e-07 3.614854048470486641e-07 3.579464180329171053e-07 3.609903291350983479e-07 3.586945988724033255e-07 3.570095859926950545e-07 3.609806344277930543e-07 3.593373021284346468e-07 3.525189788825842249e-07 3.577063508573431773e-07 3.551500647436102453e-07 3.589804170562192506e-07 0.000000000000000000e+00
3.521135477283252470e-07 3.561360954057610557e-07 3.578211617322797162e-07 3.549031891347503513e-07 3.536556728170101045e-07 3.490015487406584391e-07 3.556852569443481661e-07 3.515793365313310647e-07 3.479540189171598167e-07 3.537054760516504902e-07 3.473296364832287267e-07 3.542063725093120851e-07 3.570682927587074802e-07 3.451727279510038648e-07 3.538704093950480466e-07 3.553225735382887475e-07 3.514858723025127222e-07 3.499449717155581891e-07 3.510650839501528929e-07 3.524087159542661151e-07 3.489699855664957204e-07 3.535348895102996213e-07 3.552134978474820819e-07 3.539612828638646759e-07 3.515312796110587326e-07 3.490205717768163954e-07 3.472364677802275909e-07 3.530832518834926035e-07 3.514742497357240477e-07 3.546903730007253628e-07 3.510748052373409011e-07 3.528771997161603461e-07 3.477559670628324474e-07 3.577320704295566185e-07 3.542370288997537534e-07 3.572451895836496581e-07 3.549758915848686169e-07 3.533159488303116785e-07 3.572383511037197553e-07 3.556128383719783477e-07 3.488791907822311791e-07 3.540049424026147186e-07 3.514719590802320948e-07 3.552623560959886748e-07 0.000000000000000000e+00
3.579481559674001175e-07 3.620568622803439237e-07 3.637710240619196335e-07 3.607965166739723264e-07 3.595248997651283710e-07 3.547755468269000271e-07 3.615996234812827087e-07 3.574100468078282692e-07 3.537054760516504902e-07 3.595836246260501097e-07 3.530729605587775917e-07 3.600859034817151062e-07 3.630061952682011052e-07 3.508725833836469148e-07 3.597426892485020272e-07 3.612277013442558795e-07 3.573114269344208063e-07 3.557367438832137728e-07 3.568786407556552910e-07 3.582532345604705843e-07 3.547464340424639372e-07 3.594034069626416909e-07 3.611171126061817223e-07 3.598367310902049044e-07 3.573588053781639718e-07 3.547925869263346861e-07 3.529786595160467044e-07 3.589417679781601731e-07 3.572999045170609120e-07 3.605807097774987366e-07 3.568892228437107236e-07 3.587350089706645975e-07 3.535022564273052653e-07 3.636836696446367602e-07 3.601232556332303170e-07 3.631896155399596725e-07 3.608717068721853484e-07 3.591787467639302485e-07 3.631777435979622925e-07 3.615224449742634854e-07 3.546536353673410567e-07 3.598779386308950753e-07 3.573054806996191214e-07 3.611602440538671375e-07 0.000000000000000000e+00
3.514842997138992189e-07 3.555002675323626321e-07 3.571791448096606803e-07 3.542663982313528801e-07 3.530223378674693917e-07 3.483811760247116877e-07 3.550488285724344775e-07 3.509508458016256259e-07 3.473296364832287267e-07 3.530729605587775917e-07 3.467171167464804395e-07 3.535736372269803919e-07 3.564272353854816748e-07 3.445593453194677034e-07 3.532395249946476280e-07 3.546874258880505555e-07 3.508580797012325568e-07 3.493208790479501310e-07 3.504389992932699927e-07 3.517800609610557018e-07 3.483507887190752985e-07 3.529046969617675089e-07 3.545794687006367673e-07 3.533300401697597899e-07 3.509082980528111579e-07 3.483997500589467857e-07 3.466190113021277868e-07 3.524480185483284390e-07 3.508463321005985335e-07 3.540571570340739573e-07 3.504490505703102609e-07 3.522451203384566050e-07 3.471369106049191519e-07 3.570918553749136527e-07 3.536045896522176063e-07 3.566011223119260211e-07 3.543415714629566203e-07 3.526833886356274602e-07 3.565978825336113777e-07 3.549764186827109338e-07 3.482582584917437105e-07 3.533681600992331816e-07 3.508450914861578177e-07 3.546275703682357346e-07 0.000000000000000000e+00
3.584548584889199940e-07 3.625650379067168934e-07 3.642791490661606453e-07 3.613038411302278178e-07 3.600302988732818606e-07 3.552800305667116735e-07 3.621055485671428757e-07 3.579142435835423247e-07 3.542063725093120851e-07 3.600859034817151062e-07 3.535736372269803919e-07 3.605975143716471088e-07 3.635150982571274600e-07 3.513722468374469666e-07 3.602504639697099452e-07 3.617328667498214815e-07 3.578163175864616752e-07 3.562397803450126809e-07 3.573821970298532165e-07 3.587586107406391022e-07 3.552479231065960700e-07 3.599067901042674800e-07 3.616250371711160996e-07 3.603446189499680760e-07 3.578623398138319729e-07 3.552964467635093946e-07 3.534779493230861965e-07 3.594464533429533206e-07 3.578040008113695703e-07 3.610869739566365661e-07 3.573939885333103269e-07 3.592412233074566765e-07 3.540042101475442907e-07 3.641916640288303364e-07 3.606279994547383873e-07 3.636970879588842059e-07 3.613810225411856808e-07 3.596815274026692813e-07 3.636850361627779631e-07 3.620299459637941946e-07 3.551544724002643836e-07 3.603863037093790248e-07 3.578075267998243845e-07 3.616690207361733022e-07 0.000000000000000000e+00
3.613537149150483851e-07 3.655051446535794721e-07 3.672371233732172660e-07 3.642321958363307336e-07 3.629479634579178962e-07 3.581475339792150446e-07 3.650452473022648918e-07 3.608128162360971038e-07 3.570682927587074802e-07 3.630061952682011052e-07 3.564272353854816748e-07 3.635150982571274600e-07 3.664676358162967379e-07 3.542052831528937171e-07 3.631679213337325342e-07 3.646679370086635885e-07 3.607114836274442464e-07 3.591185405032130097e-07 3.602723314907065892e-07 3.616631074933613993e-07 3.581186836107547150e-07 3.628240587404098880e-07 3.645555517189403745e-07 3.632635085343528572e-07 3.607563365925224752e-07 3.581650298670395518e-07 3.563325885428637662e-07 3.623590292496276456e-07 3.607000331568014764e-07 3.640137423585021522e-07 3.602831823612248726e-07 3.621510646556217574e-07 3.568612919563174609e-07 3.671492135162230181e-07 3.635528228218727493e-07 3.666527621957061464e-07 3.643105274467673332e-07 3.625971327301508742e-07 3.666372387723061050e-07 3.649653389878801215e-07 3.580242876988413691e-07 3.633051669244580350e-07 3.607060953377737384e-07 3.645994762477339768e-07 0.000000000000000000e+00
3.492968416194694064e-07 3.532850604085902535e-07 3.549522421030743991e-07 3.520603532214490355e-07 3.508259811099212703e-07 3.462160071019069643e-07 3.528363477797144332e-07 3.487669627835693842e-07 3.451727279510038648e-07 3.508725833836469148e-07 3.445593453194677034e-07 3.513722468374469666e-07 3.542052831528937171e-07 3.424217325576242368e-07 3.510385403180055464e-07 3.524771770440654271e-07 3.486737529228651762e-07 3.471496377906144005e-07 3.482596416264659295e-07 3.495898061816445017e-07 3.461832749156351101e-07 3.507056760796347884e-07 3.523705276708511835e-07 3.511308201024953855e-07 3.487212787674113661e-07 3.462327734903949637e-07 3.444640484951251373e-07 3.502550461485982094e-07 3.486630457121538902e-07 3.518495948639591805e-07 3.482677682805399965e-07 3.500535207158903283e-07 3.449801183817270583e-07 3.548639461166935154e-07 3.513985394787282822e-07 3.543783826698324714e-07 3.521328475510361406e-07 3.504876509327062626e-07 3.543747280643099321e-07 3.527639595160187762e-07 3.460926510316199306e-07 3.511699017287678237e-07 3.486611343025386066e-07 3.524181048885573938e-07 0.000000000000000000e+00
3.581159117050323968e-07 3.622227348627681608e-07 3.639344653001726485e-07 3.609606450499565024e-07 3.596875520296050462e-07 3.549424668478655004e-07 3.617634470803361931e-07 3.575709756772070051e-07 3.538704093950480466e-07 3.597426892485020272e-07 3.532395249946476280e-07 3.602504639697099452e-07 3.631679213337325342e-07 3.510385403180055464e-07 3.599143805881827008e-07 3.613907095431160565e-07 3.574769051633031264e-07 3.559026480875169539e-07 3.570432087630335532e-07 3.584158297943728691e-07 3.549121820440377926e-07 3.595679215119259200e-07 3.612814727772172716e-07 3.600022942318741089e-07 3.575240403177649713e-07 3.549611671944221143e-07 3.531441912582251477e-07 3.591047749360816659e-07 3.574658662311661669e-07 3.607463573178484958e-07 3.570554216841360263e-07 3.588993837132546310e-07 3.536672491608992450e-07 3.638458718558779528e-07 3.602866585843388662e-07 3.633525515157138629e-07 3.610364856257963226e-07 3.593422035776076332e-07 3.633401965676623628e-07 3.616879220158992162e-07 3.548181066335747768e-07 3.600410880473018826e-07 3.574690633023838534e-07 3.613262520214511391e-07 0.000000000000000000e+00
3.595854551308362920e-07 3.637172973617262861e-07 3.654391375118126322e-07 3.624488236444909964e-07 3.611704872055564904e-07 3.563984681352112769e-07 3.632568726582707224e-07 3.590455131538377050e-07 3.553225735382887475e-07 3.612277013442558795e-07 3.546874258880505555e-07 3.617328667498214815e-07 3.646679370086635885e-07 3.524771770440654271e-07 3.613907095431160565e-07 3.628868759779166193e-07 3.589462598851696032e-07 3.573640517191726317e-07 3.585124426922439922e-07 3.598915831875148836e-07 3.563684238808601653e-07 3.610487989179761928e-07 3.627712419738542278e-07 3.614847764535892059e-07 3.589941916586994824e-07 3.564162650392320401e-07 3.545933545141651898e-07 3.605854935480074313e-07 3.589333172596279999e-07 3.622299927391012091e-07 3.585215732591101831e-07 3.603786396209672532e-07 3.551178014998927827e-07 3.653512962654375357e-07 3.617694543288987849e-07 3.648533210430862015e-07 3.625212785769046874e-07 3.608250434187677957e-07 3.648383957699672737e-07 3.631764753992887091e-07 3.562751244207469990e-07 3.615227632084865601e-07 3.589416466290624106e-07 3.628141726132753035e-07 0.000000000000000000e+00
3.556982417791478761e-07 3.597713251864532205e-07 3.614711384820744741e-07 3.585236770864341084e-07 3.572584658927723571e-07 3.525474425749187447e-07 3.593142151109642770e-07 3.551582372580120284e-07 3.514858723025127222e-07 3.573114269344208063e-07 3.508580797012325568e-07 3.578163175864616752e-07 3.607114836274442464e-07 3.486737529228651762e-07 3.574769051633031264e-07 3.589462598851696032e-07 3.550666286697729458e-07 3.535032515872632117e-07 3.546331879345463399e-07 3.559973296457248309e-07 3.525167314727006424e-07 3.571387414566019704e-07 3.588371375499344930e-07 3.575681799472691886e-07 3.551097820746424605e-07 3.525701740778860385e-07 3.507628419632191675e-07 3.566804127148238103e-07 3.550508929982491330e-07 3.583065943600930982e-07 3.546458243380013060e-07 3.564736740637384897e-07 3.512862983999858806e-07 3.613840082777350669e-07 3.578500499002193741e-07 3.608950818820318781e-07 3.585962728230510335e-07 3.569137635403401340e-07 3.608811878102206347e-07 3.592405609107359122e-07 3.524260647491497166e-07 3.576099724325975552e-07 3.550528815748303481e-07 3.588815691087917689e-07 0.000000000000000000e+00
3.541340904923464987e-07 3.581836355761682741e-07 3.598757306269820851e-07 3.569415925601122591e-07 3.556862728544228930e-07 3.510028749306591893e-07 3.577279666683035902e-07 3.535957915271627816e-07 3.499449717155581891e-07 3.557367438832137728e-07 3.493208790479501310e-07 3.562397803450126809e-07 3.591185405032130097e-07 3.471496377906144005e-07 3.559026480875169539e-07 3.573640517191726317e-07 3.535032515872632117e-07 3.519550228222942162e-07 3.530773867884498488e-07 3.544304691945569948e-07 3.509705843274191296e-07 3.555673177897576468e-07 3.572546119743900123e-07 3.559944794600978101e-07 3.535477968968830447e-07 3.510227620177185425e-07 3.492262811212255754e-07 3.551094599942948705e-07 3.534904897465490031e-07 3.567272963688856315e-07 3.530892720847079006e-07 3.549046098499621709e-07 3.497473714957754887e-07 3.597864124741576904e-07 3.562712115678851915e-07 3.592986558289894375e-07 3.570142185944829734e-07 3.553416166177130075e-07 3.592882760110306218e-07 3.576557855946504784e-07 3.508791742491446274e-07 3.560338487702590736e-07 3.534900539940566426e-07 3.572998676404096331e-07 0.000000000000000000e+00
3.552672890531712660e-07 3.593331176364386990e-07 3.610341859248094562e-07 3.580845903813550000e-07 3.568248952802286847e-07 3.521271295806087710e-07 3.588778884887380204e-07 3.547280354728431392e-07 3.510650839501528929e-07 3.568786407556552910e-07 3.504389992932699927e-07 3.573821970298532165e-07 3.602723314907065892e-07 3.482596416264659295e-07 3.570432087630335532e-07 3.585124426922439922e-07 3.546331879345463399e-07 3.530773867884498488e-07 3.542147582131393188e-07 3.555669892029697770e-07 3.520931383795123437e-07 3.567052854188911626e-07 3.584028301478183950e-07 3.571370754804378928e-07 3.546822120086883087e-07 3.521430438855700372e-07 3.503440821537237579e-07 3.562470994278331542e-07 3.546230705112190071e-07 3.578698855468463972e-07 3.542181153416818639e-07 3.560424828417996147e-07 3.508667312163524556e-07 3.609438550258839068e-07 3.574143575262159344e-07 3.604496967006117986e-07 3.581571549127788754e-07 3.564856627388524650e-07 3.604445351049812138e-07 3.588009684222065646e-07 3.520007518311292154e-07 3.571768860186604066e-07 3.546229767096099819e-07 3.584497301298879598e-07 0.000000000000000000e+00
3.566313117384123824e-07 3.607179748850311359e-07 3.624242329677262859e-07 3.594647418883194605e-07 3.581994766288716407e-07 3.534747182243291221e-07 3.602606493900922323e-07 3.560944926491735122e-07 3.524087159542661151e-07 3.582532345604705843e-07 3.517800609610557018e-07 3.587586107406391022e-07 3.616631074933613993e-07 3.495898061816445017e-07 3.584158297943728691e-07 3.598915831875148836e-07 3.559973296457248309e-07 3.544304691945569948e-07 3.555669892029697770e-07 3.569360347239252101e-07 3.534441521411819632e-07 3.580770716467542869e-07 3.597812988553600816e-07 3.585105829043367832e-07 3.560435517091318220e-07 3.534932932708528189e-07 3.516846967470512672e-07 3.576166852660087259e-07 3.559848187999809512e-07 3.592485954418137911e-07 3.555770909086433086e-07 3.574117645189187627e-07 3.522097791994030910e-07 3.623375638675922382e-07 3.587919804124570634e-07 3.618428410057903687e-07 3.595398191658771428e-07 3.578533452256738788e-07 3.618332202641836326e-07 3.601862824307571865e-07 3.533509773378673290e-07 3.585518805270444750e-07 3.559875180101517921e-07 3.598283181901974366e-07 0.000000000000000000e+00
3.531458858453672678e-07 3.571871091330224803e-07 3.588740335400653503e-07 3.559448578335495983e-07 3.546945924736939011e-07 3.500247336973881892e-07 3.567335967269077011e-07 3.526124070275771977e-07 3.489699855664957204e-07 3.547464340424639372e-07 3.483507887190752985e-07 3.552479231065960700e-07 3.581186836107547150e-07 3.461832749156351101e-07 3.549121820440377926e-07 3.563684238808601653e-07 3.525167314727006424e-07 3.509705843274191296e-07 3.520931383795123437e-07 3.534441521411819632e-07 3.499985127708774718e-07 3.545755510666743016e-07 3.562604685122649252e-07 3.550024934925144339e-07 3.525673746185872514e-07 3.500438536435309825e-07 3.482547332023567814e-07 3.541166975596469831e-07 3.525075923594447026e-07 3.557357659176565670e-07 3.521050149257287268e-07 3.539145407000246373e-07 3.487734882032754326e-07 3.587867975814077826e-07 3.552808594562392968e-07 3.582948871057393648e-07 3.560220588688370926e-07 3.543527275081921727e-07 3.582895840923847592e-07 3.566619004185671300e-07 3.499030845798736671e-07 3.550420631510069699e-07 3.525066792584107418e-07 3.563083288557200265e-07 0.000000000000000000e+00
3.577740283417479433e-07 3.618784388532134359e-07 3.635886299847797662e-07 3.606190325293783254e-07 3.593476743899776000e-07 3.546040215424144224e-07 3.614197664130356730e-07 3.572341457120690776e-07 3.535348895102996213e-07 3.594034069626416909e-07 3.529046969617675089e-07 3.599067901042674800e-07 3.628240587404098880e-07 3.507056760796347884e-07 3.595679215119259200e-07 3.610487989179761928e-07 3.571387414566019704e-07 3.555673177897576468e-07 3.567052854188911626e-07 3.580770716467542869e-07 3.545755510666743016e-07 3.592319481133979588e-07 3.609390443358780255e-07 3.596604292090433906e-07 3.571864025438741467e-07 3.546253324863013622e-07 3.528099348905161971e-07 3.587648978288407909e-07 3.571268835930842025e-07 3.604049005625735134e-07 3.567172520564361822e-07 3.585593577393240254e-07 3.533324589484099507e-07 3.635012337649732077e-07 3.599447699638221881e-07 3.630092511208847328e-07 3.606945226349906646e-07 3.590014138571597711e-07 3.629959809629876122e-07 3.613439057898056633e-07 3.544829763723711726e-07 3.596982986768378677e-07 3.571311444331070999e-07 3.609807702119769113e-07 0.000000000000000000e+00
3.594758668849970956e-07 3.636075925839615189e-07 3.653250356104166676e-07 3.623381916877379755e-07 3.610597081227977856e-07 3.562905617224971271e-07 3.631468638912081724e-07 3.589340048405807444e-07 3.552134978474820819e-07 3.611171126061817223e-07 3.545794687006367673e-07 3.616250371711160996e-07 3.645555517189403745e-07 3.523705276708511835e-07 3.612814727772172716e-07 3.627712419738542278e-07 3.588371375499344930e-07 3.572546119743900123e-07 3.584028301478183950e-07 3.597812988553600816e-07 3.562604685122649252e-07 3.609390443358780255e-07 3.626651730219582878e-07 3.613757676812649149e-07 3.588868180885131474e-07 3.563078640999345085e-07 3.544838669203910595e-07 3.604743059495363188e-07 3.588256669692053723e-07 3.621219436781905049e-07 3.584117316528065691e-07 3.602693455551994870e-07 3.550080210344404341e-07 3.652367952531041658e-07 3.616594709030595779e-07 3.647423761536428418e-07 3.624128803866786325e-07 3.607140650982947134e-07 3.647293818118243706e-07 3.630672816572946204e-07 3.561670828838154542e-07 3.614138664668070569e-07 3.588330544472916348e-07 3.627036407926434869e-07 0.000000000000000000e+00
3.582059188752689942e-07 3.623159670228707492e-07 3.640286866139612531e-07 3.610540843733443947e-07 3.597834692463487267e-07 3.550344380165191297e-07 3.618581937729908281e-07 3.576657019351508124e-07 3.539612828638646759e-07 3.598367310902049044e-07 3.533300401697597899e-07 3.603446189499680760e-07 3.632635085343528572e-07 3.511308201024953855e-07 3.600022942318741089e-07 3.614847764535892059e-07 3.575681799472691886e-07 3.559944794600978101e-07 3.571370754804378928e-07 3.585105829043367832e-07 3.550024934925144339e-07 3.596604292090433906e-07 3.613757676812649149e-07 3.600984622955679990e-07 3.576145312240319121e-07 3.550507610932035886e-07 3.532341478593059805e-07 3.591974911650179972e-07 3.575570509778048018e-07 3.608367531794005404e-07 3.571453969526572345e-07 3.589932836467299954e-07 3.537594388289987014e-07 3.639402221574910856e-07 3.603771064570578523e-07 3.634467008805786107e-07 3.611293804554591244e-07 3.594355422763528333e-07 3.634348525695276333e-07 3.617791281840405272e-07 3.549095018036594434e-07 3.601360125962532063e-07 3.575621741657648557e-07 3.614189361381894231e-07 0.000000000000000000e+00
3.557421471844422587e-07 3.598188530148956272e-07 3.615191734256392855e-07 3.585661796294929399e-07 3.573026380227597658e-07 3.525955175170049405e-07 3.593622457558819856e-07 3.552036500204543731e-07 3.515312796110587326e-07 3.573588053781639718e-07 3.509082980528111579e-07 3.578623398138319729e-07 3.607563365925224752e-07 3.487212787674113661e-07 3.575240403177649713e-07 3.589941916586994824e-07 3.551097820746424605e-07 3.535477968968830447e-07 3.546822120086883087e-07 3.560435517091318220e-07 3.525673746185872514e-07 3.571864025438741467e-07 3.588868180885131474e-07 3.576145312240319121e-07 3.551657704498070842e-07 3.526155485211155677e-07 3.508117444873030601e-07 3.567240256347223622e-07 3.550979327405180372e-07 3.583565407981259362e-07 3.546938623339104880e-07 3.565190503350266906e-07 3.513315692514599786e-07 3.614322089416446119e-07 3.578967411402322655e-07 3.609367130098655408e-07 3.586412625455182944e-07 3.569638968659057803e-07 3.609303429132802541e-07 3.592883802073224142e-07 3.524730024962229923e-07 3.576528992091259867e-07 3.551013446497588696e-07 3.589323642313525948e-07 0.000000000000000000e+00
3.531987269993234861e-07 3.572349469861317168e-07 3.589212587267618370e-07 3.559980039287197130e-07 3.547428853911296348e-07 3.500742491624485498e-07 3.567795632085476102e-07 3.526579857250358297e-07 3.490205717768163954e-07 3.547925869263346861e-07 3.483997500589467857e-07 3.552964467635093946e-07 3.581650298670395518e-07 3.462327734903949637e-07 3.549611671944221143e-07 3.564162650392320401e-07 3.525701740778860385e-07 3.510227620177185425e-07 3.521430438855700372e-07 3.534932932708528189e-07 3.500438536435309825e-07 3.546253324863013622e-07 3.563078640999345085e-07 3.550507610932035886e-07 3.526155485211155677e-07 3.500997860221658029e-07 3.483041984343708801e-07 3.541688499305022818e-07 3.525550807276330341e-07 3.557825249668341878e-07 3.521553131198941153e-07 3.539643842490152943e-07 3.488249166969562467e-07 3.588330843509225817e-07 3.553279420974782905e-07 3.583457975591449538e-07 3.560688122466193766e-07 3.544012807396437095e-07 3.583344381801015567e-07 3.567093106791228609e-07 3.499524658283074594e-07 3.550911372157760652e-07 3.525537187597886639e-07 3.563544166661281133e-07 0.000000000000000000e+00
3.513892801996546198e-07 3.554046742442697242e-07 3.570845648640336968e-07 3.541718792789054910e-07 3.529276590329647780e-07 3.482853476820504767e-07 3.549530041162513314e-07 3.508571635308365394e-07 3.472364677802275909e-07 3.529786595160467044e-07 3.466190113021277868e-07 3.534779493230861965e-07 3.563325885428637662e-07 3.444640484951251373e-07 3.531441912582251477e-07 3.545933545141651898e-07 3.507628419632191675e-07 3.492262811212255754e-07 3.503440821537237579e-07 3.516846967470512672e-07 3.482547332023567814e-07 3.528099348905161971e-07 3.544838669203910595e-07 3.532341478593059805e-07 3.508117444873030601e-07 3.483041984343708801e-07 3.465258377918101113e-07 3.523554770211217897e-07 3.507515234089935709e-07 3.539612710707665646e-07 3.503539661590461035e-07 3.521525869555768815e-07 3.470415358217283928e-07 3.569976029816074413e-07 3.535091816688313375e-07 3.565071635858710238e-07 3.542455604459852135e-07 3.525885513855909381e-07 3.565019653351191925e-07 3.548819048663514231e-07 3.481625804957653704e-07 3.532738532290953471e-07 3.507512574007201646e-07 3.545321996621009008e-07 0.000000000000000000e+00
3.573168556461299665e-07 3.614116192616727782e-07 3.631224687336277204e-07 3.601577341949173716e-07 3.588868988886277476e-07 3.541481569094842225e-07 3.609561628751939589e-07 3.567748689558094091e-07 3.530832518834926035e-07 3.589417679781601731e-07 3.524480185483284390e-07 3.594464533429533206e-07 3.623590292496276456e-07 3.502550461485982094e-07 3.591047749360816659e-07 3.605854935480074313e-07 3.566804127148238103e-07 3.551094599942948705e-07 3.562470994278331542e-07 3.576166852660087259e-07 3.541166975596469831e-07 3.587648978288407909e-07 3.604743059495363188e-07 3.591974911650179972e-07 3.567240256347223622e-07 3.541688499305022818e-07 3.523554770211217897e-07 3.583090679815278966e-07 3.566660281450309082e-07 3.599389146678060268e-07 3.562583284529171046e-07 3.580994179814912881e-07 3.528784043139089824e-07 3.630334566363877966e-07 3.594811265610086038e-07 3.625453494453981308e-07 3.602293280816120889e-07 3.585419140987882229e-07 3.625283111138798925e-07 3.608782348785902573e-07 3.540264154137369685e-07 3.592397936933769053e-07 3.566713770098154136e-07 3.605171036317421343e-07 0.000000000000000000e+00
3.556852881854782298e-07 3.597595203228103369e-07 3.614597709089076667e-07 3.585084686040054835e-07 3.572466447902992645e-07 3.525357659237910156e-07 3.593038577064225762e-07 3.551462648084721966e-07 3.514742497357240477e-07 3.572999045170609120e-07 3.508463321005985335e-07 3.578040008113695703e-07 3.607000331568014764e-07 3.486630457121538902e-07 3.574658662311661669e-07 3.589333172596279999e-07 3.550508929982491330e-07 3.534904897465490031e-07 3.546230705112190071e-07 3.559848187999809512e-07 3.525075923594447026e-07 3.571268835930842025e-07 3.588256669692053723e-07 3.575570509778048018e-07 3.550979327405180372e-07 3.525550807276330341e-07 3.507515234089935709e-07 3.566660281450309082e-07 3.550431824174752593e-07 3.582961992859294196e-07 3.546331233459536065e-07 3.564625441081671337e-07 3.512743149691765014e-07 3.613714772649643172e-07 3.578395173539872729e-07 3.608811818255289335e-07 3.585855448247711934e-07 3.569020642332805987e-07 3.608718807365449821e-07 3.592301314369889761e-07 3.524136425808193263e-07 3.575985047107422215e-07 3.550426750466636776e-07 3.588723356206895276e-07 0.000000000000000000e+00
3.589446344206137296e-07 3.630643472247639670e-07 3.647808616555090714e-07 3.617997782320926516e-07 3.605233216230579325e-07 3.557637282406764458e-07 3.626040631295148838e-07 3.584029964591681916e-07 3.546903730007253628e-07 3.605807097774987366e-07 3.540571570340739573e-07 3.610869739566365661e-07 3.640137423585021522e-07 3.518495948639591805e-07 3.607463573178484958e-07 3.622299927391012091e-07 3.583065943600930982e-07 3.567272963688856315e-07 3.578698855468463972e-07 3.592485954418137911e-07 3.557357659176565670e-07 3.604049005625735134e-07 3.621219436781905049e-07 3.608367531794005404e-07 3.583565407981259362e-07 3.557825249668341878e-07 3.539612710707665646e-07 3.599389146678060268e-07 3.582961992859294196e-07 3.615885953563741665e-07 3.578846499754600848e-07 3.597316100950680361e-07 3.544855962456687829e-07 3.646936286305565751e-07 3.611248240194175119e-07 3.641994148702925090e-07 3.618772015151513761e-07 3.601770634203770784e-07 3.641877303041484135e-07 3.625292745616063670e-07 3.556410237130051030e-07 3.608774275443447408e-07 3.582999360778780141e-07 3.621656806959302294e-07 0.000000000000000000e+00
3.552790814751679510e-07 3.593430690965343888e-07 3.610428104974196596e-07 3.580969299430856241e-07 3.568349610798221048e-07 3.521367662509181020e-07 3.588865284768242386e-07 3.547396887215677192e-07 3.510748052373409011e-07 3.568892228437107236e-07 3.504490505703102609e-07 3.573939885333103269e-07 3.602831823612248726e-07 3.482677682805399965e-07 3.570554216841360263e-07 3.585215732591101831e-07 3.546458243380013060e-07 3.530892720847079006e-07 3.542181153416818639e-07 3.555770909086433086e-07 3.521050149257287268e-07 3.567172520564361822e-07 3.584117316528065691e-07 3.571453969526572345e-07 3.546938623339104880e-07 3.521553131198941153e-07 3.503539661590461035e-07 3.562583284529171046e-07 3.546331233459536065e-07 3.578846499754600848e-07 3.542323853825798863e-07 3.560515636466139609e-07 3.508750807315374333e-07 3.609547059960118355e-07 3.574264430525191193e-07 3.604627326916648672e-07 3.581711646787598178e-07 3.564918189700582510e-07 3.604536245378074155e-07 3.588145955452249575e-07 3.520120856626981761e-07 3.571865139934647617e-07 3.546331515787439847e-07 3.584583150368564390e-07 0.000000000000000000e+00
3.571094349251550717e-07 3.612075652033774260e-07 3.629143963722231993e-07 3.599493597236892217e-07 3.586808348801240769e-07 3.539444984915719341e-07 3.607490244135594467e-07 3.565706329072200766e-07 3.528771997161603461e-07 3.587350089706645975e-07 3.522451203384566050e-07 3.592412233074566765e-07 3.621510646556217574e-07 3.500535207158903283e-07 3.588993837132546310e-07 3.603786396209672532e-07 3.564736740637384897e-07 3.549046098499621709e-07 3.560424828417996147e-07 3.574117645189187627e-07 3.539145407000246373e-07 3.585593577393240254e-07 3.602693455551994870e-07 3.589932836467299954e-07 3.565190503350266906e-07 3.539643842490152943e-07 3.521525869555768815e-07 3.580994179814912881e-07 3.564625441081671337e-07 3.597316100950680361e-07 3.560515636466139609e-07 3.578967581113078460e-07 3.526746954092256830e-07 3.628263247951427890e-07 3.592743757943486117e-07 3.623348048715985955e-07 3.600234042781411918e-07 3.583342495441008394e-07 3.623196022197751026e-07 3.606729019545590166e-07 3.538210572902584419e-07 3.590322013326460343e-07 3.564671975423868655e-07 3.603118077563717472e-07 0.000000000000000000e+00
3.519135572022150523e-07 3.559312149692461379e-07 3.576137235494255287e-07 3.546992399254140530e-07 3.534535926386469458e-07 3.488061551145900448e-07 3.554783317004106291e-07 3.513793877575659528e-07 3.477559670628324474e-07 3.535022564273052653e-07 3.471369106049191519e-07 3.540042101475442907e-07 3.568612919563174609e-07 3.449801183817270583e-07 3.536672491608992450e-07 3.551178014998927827e-07 3.512862983999858806e-07 3.497473714957754887e-07 3.508667312163524556e-07 3.522097791994030910e-07 3.487734882032754326e-07 3.533324589484099507e-07 3.550080210344404341e-07 3.537594388289987014e-07 3.513315692514599786e-07 3.488249166969562467e-07 3.470415358217283928e-07 3.528784043139089824e-07 3.512743149691765014e-07 3.544855962456687829e-07 3.508750807315374333e-07 3.526746954092256830e-07 3.475638687597967317e-07 3.575259560256606454e-07 3.540339672290396065e-07 3.570356244128520981e-07 3.547722366285174037e-07 3.531122580511301399e-07 3.570315451248061831e-07 3.554078129293800427e-07 3.486825692299039303e-07 3.538019703725101655e-07 3.512710433766696421e-07 3.550591423036611152e-07 0.000000000000000000e+00
3.620262233980891040e-07 3.661903017066398357e-07 3.679243063904584498e-07 3.649126799199404945e-07 3.636236454698421979e-07 3.588156048127767325e-07 3.657253171328334399e-07 3.614854048470486641e-07 3.577320704295566185e-07 3.636836696446367602e-07 3.570918553749136527e-07 3.641916640288303364e-07 3.671492135162230181e-07 3.548639461166935154e-07 3.638458718558779528e-07 3.653512962654375357e-07 3.613840082777350669e-07 3.597864124741576904e-07 3.609438550258839068e-07 3.623375638675922382e-07 3.587867975814077826e-07 3.635012337649732077e-07 3.652367952531041658e-07 3.639402221574910856e-07 3.614322089416446119e-07 3.588330843509225817e-07 3.569976029816074413e-07 3.630334566363877966e-07 3.613714772649643172e-07 3.646936286305565751e-07 3.609547059960118355e-07 3.628263247951427890e-07 3.575259560256606454e-07 3.678392334038333477e-07 3.642302165387142407e-07 3.673353094643601204e-07 3.649876453666428384e-07 3.632751058556607049e-07 3.673215534548302808e-07 3.656473826805148207e-07 3.586922400582856776e-07 3.639811435492002526e-07 3.613794081109790977e-07 3.652815431555901964e-07 0.000000000000000000e+00
3.584890911848440436e-07 3.626012443049650977e-07 3.643175744404703246e-07 3.613393347834697398e-07 3.600640954882131028e-07 3.553076618854693524e-07 3.621439809221309648e-07 3.579464180329171053e-07 3.542370288997537534e-07 3.601232556332303170e-07 3.536045896522176063e-07 3.606279994547383873e-07 3.635528228218727493e-07 3.513985394787282822e-07 3.602866585843388662e-07 3.617694543288987849e-07 3.578500499002193741e-07 3.562712115678851915e-07 3.574143575262159344e-07 3.587919804124570634e-07 3.552808594562392968e-07 3.599447699638221881e-07 3.616594709030595779e-07 3.603771064570578523e-07 3.578967411402322655e-07 3.553279420974782905e-07 3.535091816688313375e-07 3.594811265610086038e-07 3.578395173539872729e-07 3.611248240194175119e-07 3.574264430525191193e-07 3.592743757943486117e-07 3.540339672290396065e-07 3.642302165387142407e-07 3.606686912337907575e-07 3.637369887727074797e-07 3.614176850300569472e-07 3.597178066203103148e-07 3.637243562209140833e-07 3.620681416049353587e-07 3.551868251498698439e-07 3.604195480316157121e-07 3.578428876978094826e-07 3.617045256387802285e-07 0.000000000000000000e+00
