1.292708593686415083e-08 1.303796714593158260e-08 1.309456897615314797e-08 1.299501371860971020e-08 1.295489567489817931e-08 1.281331814488693855e-08 1.302341677737015235e-08 1.290022778798084851e-08 1.275801100139243054e-08 1.295104778370833371e-08 1.276602068686782281e-08 1.298339155976778817e-08 1.306775674251919791e-08 1.266441612333967728e-08 1.296002158895729617e-08 1.301554497981654764e-08 1.285898032226819497e-08 1.280208590461826550e-08 1.287851509658962532e-08 1.289449136140955677e-08 1.281928113014931797e-08 1.297216996107707572e-08 1.300648693956506496e-08 1.297505382809148141e-08 1.290908365195177337e-08 1.280060855990206337e-08 1.274594592904280901e-08 1.292744403330263372e-08 1.288762903038843544e-08 1.302118903357785539e-08 1.289500390607818129e-08 1.291979229691280398e-08 1.279170358619403080e-08 1.309291380905309393e-08 1.296910431266697607e-08 1.306569986226110510e-08 1.299592546516812795e-08 1.293571832147295394e-08 1.309426045140188830e-08 1.302405168118110303e-08 1.280864791069062717e-08 1.297369484782848586e-08 1.285655344026481179e-08 1.302896364712542617e-08
1.303796714593158260e-08 1.315738587094374132e-08 1.321565087442822942e-08 1.311250297820188512e-08 1.307027104861965240e-08 1.292343988157469306e-08 1.314095440059868061e-08 1.301400210544883451e-08 1.286811412013924540e-08 1.306606576978124973e-08 1.287452484558036676e-08 1.309813058588186113e-08 1.318629594067808871e-08 1.277076386903754923e-08 1.307594368820397864e-08 1.313242230527398316e-08 1.297273609720973287e-08 1.291244123063174061e-08 1.299029846093146397e-08 1.300769528121486748e-08 1.292837278590910044e-08 1.308734508103162606e-08 1.312424384816617341e-08 1.309056708609156899e-08 1.302248724691592463e-08 1.291144750972403847e-08 1.285368699526861290e-08 1.304272677072568140e-08 1.300017669746092512e-08 1.313761693750553552e-08 1.300777771464964495e-08 1.303347678989278077e-08 1.290054034341265197e-08 1.321297857722213962e-08 1.308489656445944830e-08 1.318527435419261048e-08 1.311255081585022688e-08 1.305104527445021076e-08 1.321319717954402753e-08 1.314196163937719239e-08 1.291738231838522754e-08 1.308925274018201392e-08 1.296925552943989624e-08 1.314557896997087598e-08
1.309456897615314797e-08 1.321565087442822942e-08 1.327701577148044247e-08 1.317172791486598546e-08 1.312803811183664758e-08 1.297959231412466002e-08 1.320057576192584982e-08 1.307091283108435261e-08 1.292469473082925160e-08 1.312441370158333300e-08 1.293013089449438776e-08 1.315678119077151287e-08 1.324576376971870525e-08 1.282545135374310789e-08 1.313433390537942278e-08 1.319170861475118766e-08 1.303034965066683794e-08 1.296896845469175113e-08 1.304731070044004924e-08 1.306605012854430268e-08 1.298398441870918498e-08 1.314556287559532182e-08 1.318306428364991027e-08 1.314831292765961124e-08 1.308014479827695482e-08 1.296849232899430057e-08 1.290929980506003546e-08 1.310105358236232545e-08 1.305740721653111999e-08 1.319619156554226068e-08 1.306513585893248122e-08 1.309151117377670076e-08 1.295636739420850817e-08 1.327360359228155088e-08 1.314352629652669969e-08 1.324546332382465876e-08 1.317108891797942194e-08 1.310937893029421456e-08 1.327302720108826979e-08 1.320106177895382537e-08 1.297270714619192173e-08 1.314788153087168405e-08 1.302703365228044076e-08 1.320457846987967823e-08
1.299501371860971020e-08 1.311250297820188512e-08 1.317172791486598546e-08 1.307029574779425313e-08 1.302725727343114972e-08 1.288238560921379409e-08 1.309737629879718403e-08 1.297133177786903652e-08 1.282670549922509065e-08 1.302328012926458152e-08 1.283328660389840813e-08 1.305498900266200112e-08 1.314210635798766245e-08 1.273080129498034495e-08 1.303280663337069552e-08 1.308940399516005574e-08 1.293046923634643820e-08 1.287053348964093108e-08 1.294850947072363280e-08 1.296596993357539715e-08 1.288678573401760519e-08 1.304422118393985851e-08 1.308052287788032511e-08 1.304691282158098299e-08 1.298039816453714815e-08 1.287021779674039757e-08 1.281324447009478762e-08 1.299966238037480796e-08 1.295774552808965325e-08 1.309458355317149275e-08 1.296572831070031528e-08 1.299123988430895689e-08 1.285951534403268022e-08 1.316945874150928233e-08 1.304166200623394912e-08 1.314143776207503841e-08 1.306910018377611450e-08 1.300847630170905875e-08 1.316906546328333663e-08 1.309824386305462567e-08 1.287555385797277853e-08 1.304618074621218152e-08 1.292759715169265289e-08 1.310205507248431155e-08
1.295489567489817931e-08 1.307027104861965240e-08 1.312803811183664758e-08 1.302725727343114972e-08 1.298715993544195668e-08 1.284336647749911631e-08 1.305512677691366951e-08 1.293124211278806788e-08 1.278822280261105349e-08 1.298208647972916600e-08 1.279465454352290580e-08 1.301352416394968597e-08 1.309969688327905760e-08 1.269317504872792554e-08 1.299159341091982391e-08 1.304677606861351415e-08 1.289021628687315264e-08 1.283142132435189069e-08 1.290830594829621599e-08 1.292532273261935152e-08 1.284808940445846282e-08 1.300319832468950764e-08 1.303853423382311307e-08 1.300612513967956709e-08 1.293987236220341567e-08 1.283080864679352230e-08 1.277512813328733906e-08 1.295856269173726474e-08 1.291773929124383484e-08 1.305296315524550479e-08 1.292521720503278656e-08 1.295038605629233807e-08 1.282064386402960614e-08 1.312536753852577135e-08 1.299992023384025497e-08 1.309813318340827760e-08 1.302707999806316369e-08 1.296715633657954608e-08 1.312665024119824162e-08 1.305623550921536629e-08 1.283712279580107620e-08 1.300446855240741965e-08 1.288722648368331574e-08 1.305992517376424150e-08
1.281331814488693855e-08 1.292343988157469306e-08 1.297959231412466002e-08 1.288238560921379409e-08 1.284336647749911631e-08 1.270593510503897807e-08 1.290913562754213344e-08 1.278961056419139495e-08 1.264993010349191980e-08 1.283836125285416426e-08 1.265762708273066431e-08 1.286984453150537277e-08 1.295243008906945231e-08 1.255960410377266903e-08 1.284724373856409893e-08 1.290165323778440331e-08 1.274903193791509305e-08 1.269207149092192114e-08 1.276819123101182204e-08 1.278398541050207614e-08 1.271021059056088185e-08 1.285897043948846593e-08 1.289282557371974472e-08 1.286250617562132193e-08 1.279834440244420335e-08 1.269145279728207446e-08 1.263864753343676788e-08 1.281483960344740533e-08 1.277596212730169587e-08 1.290857941788053621e-08 1.278446866823744838e-08 1.280836917158176984e-08 1.268316727422217737e-08 1.297786799951381277e-08 1.285521785216926868e-08 1.294961923631314240e-08 1.288206629259576615e-08 1.282372386181181658e-08 1.297916599871812806e-08 1.291008227642481245e-08 1.269918953229743174e-08 1.286003833922963742e-08 1.274639145888632224e-08 1.291438760580569469e-08
1.302341677737015235e-08 1.314095440059868061e-08 1.320057576192584982e-08 1.309737629879718403e-08 1.305512677691366951e-08 1.290913562754213344e-08 1.312743338253237228e-08 1.299898013896838741e-08 1.285462282212623485e-08 1.305146650942395988e-08 1.286054330138479976e-08 1.308394060005427379e-08 1.317143992538365396e-08 1.275771621707873989e-08 1.306081404671266984e-08 1.311771830767544855e-08 1.295814426358913796e-08 1.289822365199123557e-08 1.297626346428711512e-08 1.299405147486460695e-08 1.291457041641237728e-08 1.307293434928195305e-08 1.310890929373813953e-08 1.307576143786334465e-08 1.300839936840303866e-08 1.289730224695627231e-08 1.284040256474245255e-08 1.302840635285690044e-08 1.298592002781595708e-08 1.312277933433429050e-08 1.299346191744283958e-08 1.301928716992161475e-08 1.288621179644664226e-08 1.319770118358839502e-08 1.307018897716953842e-08 1.317032476149900986e-08 1.309784541709287299e-08 1.303661922195482160e-08 1.319856602234321894e-08 1.312654998264005098e-08 1.290418808040329522e-08 1.307502704380654221e-08 1.295521877081959863e-08 1.313055079714096370e-08
1.290022778798084851e-08 1.301400210544883451e-08 1.307091283108435261e-08 1.297133177786903652e-08 1.293124211278806788e-08 1.278961056419139495e-08 1.299898013896838741e-08 1.287823020479248115e-08 1.273532608543464902e-08 1.292695115398958212e-08 1.274202582913509036e-08 1.295814458742970919e-08 1.304321551344996397e-08 1.264157291726949251e-08 1.293561975082020041e-08 1.299139017917178140e-08 1.283603957888908946e-08 1.277756284960715120e-08 1.285440975947495480e-08 1.287072431129169667e-08 1.279512122543193132e-08 1.294779596781168328e-08 1.298304275801576635e-08 1.295032291547143615e-08 1.288551148939864995e-08 1.277663378646419175e-08 1.272246880674802388e-08 1.290306525718590815e-08 1.286355525712822885e-08 1.299773542526985488e-08 1.287095641827306583e-08 1.289588888738385896e-08 1.276799375057513809e-08 1.306880540711065657e-08 1.294477349715261441e-08 1.304084970991681112e-08 1.297205314225228710e-08 1.291198269508537209e-08 1.307013183239561174e-08 1.299938478249847591e-08 1.278453261007854054e-08 1.294902961826631036e-08 1.283276175843268695e-08 1.300387343037457454e-08
1.275801100139243054e-08 1.286811412013924540e-08 1.292469473082925160e-08 1.282670549922509065e-08 1.278822280261105349e-08 1.264993010349191980e-08 1.285462282212623485e-08 1.273532608543464902e-08 1.259786763131889486e-08 1.278390415007083370e-08 1.260328927763545822e-08 1.281451923003907208e-08 1.289702170252555769e-08 1.250554786970203788e-08 1.279177659977168451e-08 1.284628771415327410e-08 1.269490887985216455e-08 1.263793626602055693e-08 1.271378532216058545e-08 1.272892774954072980e-08 1.265608269825769544e-08 1.280454355324413000e-08 1.283797852257194273e-08 1.280711103973133352e-08 1.274349228108291056e-08 1.263765279127822804e-08 1.258500019603830937e-08 1.276029105772158286e-08 1.272242337386998881e-08 1.285351863533788623e-08 1.272966672574438866e-08 1.275404785721747588e-08 1.262871661301029284e-08 1.292133608139612896e-08 1.280037907355289065e-08 1.289437539926525359e-08 1.282713377548834976e-08 1.276914395683141878e-08 1.292391864351713258e-08 1.285444176621484256e-08 1.264540679264876389e-08 1.280482211976249036e-08 1.269127471595008618e-08 1.285878551454961628e-08
1.295104778370833371e-08 1.306606576978124973e-08 1.312441370158333300e-08 1.302328012926458152e-08 1.298208647972916600e-08 1.283836125285416426e-08 1.305146650942395988e-08 1.292695115398958212e-08 1.278390415007083370e-08 1.297919318368749903e-08 1.279033320097916286e-08 1.300985300871874818e-08 1.309561646767708587e-08 1.268829984114583191e-08 1.298680043827083452e-08 1.304320778363541425e-08 1.288573114332604696e-08 1.282761406253333246e-08 1.290439277361458166e-08 1.292112385066666387e-08 1.284394036671874698e-08 1.299918365916666594e-08 1.303480191943749896e-08 1.300155282803124773e-08 1.293586248829166706e-08 1.282632705289583297e-08 1.277089267617708541e-08 1.295497179882187161e-08 1.291367022422291696e-08 1.304894114025728495e-08 1.292141052679166919e-08 1.294642621690625067e-08 1.281622487289583505e-08 1.312167591144792083e-08 1.299683838995833039e-08 1.309427825220416652e-08 1.302337584139583444e-08 1.296322335790624778e-08 1.312251040948958197e-08 1.305198926853125188e-08 1.283278193146875113e-08 1.300107768159271016e-08 1.288301166152083081e-08 1.305548007092708561e-08
1.276602068686782281e-08 1.287452484558036676e-08 1.293013089449438776e-08 1.283328660389840813e-08 1.279465454352290580e-08 1.265762708273066431e-08 1.286054330138479976e-08 1.274202582913509036e-08 1.260328927763545822e-08 1.279033320097916286e-08 1.261194703564552574e-08 1.282151675034075663e-08 1.290380200697727246e-08 1.251316574154697185e-08 1.279833803747221156e-08 1.285289721108434892e-08 1.270183402387821302e-08 1.264515924690962714e-08 1.272057256879919526e-08 1.273640879320506892e-08 1.266358683072333661e-08 1.281090367900141344e-08 1.284381801014870602e-08 1.281413886231230901e-08 1.275050223534806426e-08 1.264432048968756761e-08 1.259205005653376708e-08 1.276643567630303723e-08 1.272881726278431113e-08 1.286001784250591959e-08 1.273673268765124331e-08 1.276047771645960199e-08 1.263633494502841773e-08 1.292825393345077028e-08 1.280728408304918795e-08 1.290059299891899420e-08 1.283412276822804602e-08 1.277576489452001866e-08 1.293010037310121596e-08 1.286107490414274306e-08 1.265320908762429413e-08 1.281173756955355117e-08 1.269839586401188395e-08 1.286570522296067383e-08
1.298339155976778817e-08 1.309813058588186113e-08 1.315678119077151287e-08 1.305498900266200112e-08 1.301352416394968597e-08 1.286984453150537277e-08 1.308394060005427379e-08 1.295814458742970919e-08 1.281451923003907208e-08 1.300985300871874818e-08 1.282151675034075663e-08 1.304308937398925280e-08 1.312842663859025578e-08 1.271919415541298998e-08 1.301905470795513314e-08 1.307536055551452321e-08 1.291749276261460347e-08 1.285860207242490535e-08 1.293606485127844154e-08 1.295326552742293206e-08 1.287497532715948433e-08 1.303092563774181163e-08 1.306698829283134019e-08 1.303410024468443065e-08 1.296758108022618247e-08 1.285739792275876947e-08 1.280135890225146672e-08 1.298662660591872793e-08 1.294508948357993034e-08 1.308071298268997113e-08 1.295278042326468607e-08 1.297847373723229365e-08 1.284696499040981481e-08 1.315430440096196402e-08 1.302829391531770938e-08 1.312689795282578835e-08 1.305560708852722335e-08 1.299481362250135914e-08 1.315535754854291142e-08 1.308401550518162467e-08 1.286436313225930623e-08 1.303307655467719059e-08 1.291465897495651370e-08 1.308849778480527217e-08
1.306775674251919791e-08 1.318629594067808871e-08 1.324576376971870525e-08 1.314210635798766245e-08 1.309969688327905760e-08 1.295243008906945231e-08 1.317143992538365396e-08 1.304321551344996397e-08 1.289702170252555769e-08 1.309561646767708587e-08 1.290380200697727246e-08 1.312842663859025578e-08 1.321783173402326433e-08 1.279948435078981260e-08 1.310571108490540693e-08 1.316252557386940196e-08 1.300201916207714949e-08 1.294223791432721729e-08 1.301941230330616618e-08 1.303826537387213310e-08 1.295732351219511091e-08 1.311755076703710023e-08 1.315393254383319718e-08 1.312068014101412387e-08 1.305232159663521120e-08 1.294013270566130155e-08 1.288269167739521811e-08 1.307230665047285002e-08 1.302957534144812806e-08 1.316718250705407879e-08 1.303721968283905468e-08 1.306318237718521834e-08 1.292916973067777211e-08 1.324309377513922730e-08 1.311471835980813598e-08 1.321625555179070401e-08 1.314264820027082322e-08 1.308069033370824723e-08 1.324396090124705265e-08 1.317144971076820449e-08 1.294677555080957538e-08 1.311945251111490053e-08 1.299930307284620669e-08 1.317576476839498171e-08
1.266441612333967728e-08 1.277076386903754923e-08 1.282545135374310789e-08 1.273080129498034495e-08 1.269317504872792554e-08 1.255960410377266903e-08 1.275771621707873989e-08 1.264157291726949251e-08 1.250554786970203788e-08 1.268829984114583191e-08 1.251316574154697185e-08 1.271919415541298998e-08 1.279948435078981260e-08 1.241867541957469417e-08 1.269608002196778859e-08 1.274998859361440359e-08 1.260151813642491435e-08 1.254548519048870673e-08 1.262093138228622393e-08 1.263557237676493249e-08 1.256515271267040625e-08 1.270879765582275498e-08 1.274077775241545758e-08 1.271219605616310973e-08 1.265001159409193643e-08 1.254513057852659920e-08 1.249469436271331410e-08 1.266495356800841892e-08 1.262829655124277109e-08 1.275768140820845419e-08 1.263639479671875806e-08 1.266003313288081432e-08 1.253785942350741523e-08 1.282377729684630744e-08 1.270402740783498323e-08 1.279530607732350167e-08 1.273128530956112090e-08 1.267415896090289072e-08 1.282587597210669750e-08 1.275769928509517077e-08 1.255527917031778864e-08 1.270886280810374366e-08 1.259788546500227906e-08 1.276242707784141053e-08
1.296002158895729617e-08 1.307594368820397864e-08 1.313433390537942278e-08 1.303280663337069552e-08 1.299159341091982391e-08 1.284724373856409893e-08 1.306081404671266984e-08 1.293561975082020041e-08 1.279177659977168451e-08 1.298680043827083452e-08 1.279833803747221156e-08 1.301905470795513314e-08 1.310571108490540693e-08 1.269608002196778859e-08 1.299859503712088414e-08 1.305253173625273627e-08 1.289432716130169964e-08 1.283514036188584725e-08 1.291279930870050912e-08 1.292989045896052957e-08 1.285153607160433472e-08 1.300762499022073098e-08 1.304387673402248084e-08 1.301121065871025320e-08 1.294407507901288840e-08 1.283474810523302701e-08 1.277844451691367110e-08 1.296379585475663239e-08 1.292208298576539277e-08 1.305767700222178542e-08 1.292957505985899698e-08 1.295513801782450823e-08 1.282419123248253326e-08 1.313214707916214442e-08 1.300565952887450592e-08 1.310431026587909824e-08 1.303245099063421641e-08 1.297157217457134258e-08 1.313256288271015057e-08 1.306191811920243226e-08 1.284040737704588226e-08 1.301017667967100457e-08 1.289184885806525535e-08 1.306612869352593594e-08
1.301554497981654764e-08 1.313242230527398316e-08 1.319170861475118766e-08 1.308940399516005574e-08 1.304677606861351415e-08 1.290165323778440331e-08 1.311771830767544855e-08 1.299139017917178140e-08 1.284628771415327410e-08 1.304320778363541425e-08 1.285289721108434892e-08 1.307536055551452321e-08 1.316252557386940196e-08 1.274998859361440359e-08 1.305253173625273627e-08 1.311009209578166592e-08 1.294982877071383768e-08 1.289045116480243743e-08 1.296828717297946497e-08 1.298559243515315478e-08 1.290673978250565362e-08 1.306445729251327487e-08 1.310058906502464049e-08 1.306695733036493846e-08 1.300009964147446460e-08 1.288942076086898923e-08 1.283271985726714303e-08 1.301990095202782581e-08 1.297759261242321351e-08 1.311440992436187605e-08 1.298528457176684491e-08 1.301099878902214144e-08 1.287900550600154522e-08 1.318942225567458104e-08 1.306197022036172430e-08 1.316142976114982063e-08 1.308948599453148748e-08 1.302804616825238037e-08 1.318924273756154646e-08 1.311788476795899030e-08 1.289585419839440436e-08 1.306632150785253234e-08 1.294738395657702310e-08 1.312207874169047387e-08
1.285898032226819497e-08 1.297273609720973287e-08 1.303034965066683794e-08 1.293046923634643820e-08 1.289021628687315264e-08 1.274903193791509305e-08 1.295814426358913796e-08 1.283603957888908946e-08 1.269490887985216455e-08 1.288573114332604696e-08 1.270183402387821302e-08 1.291749276261460347e-08 1.300201916207714949e-08 1.260151813642491435e-08 1.289432716130169964e-08 1.294982877071383768e-08 1.279673765745516077e-08 1.273715134616633345e-08 1.281352807473158931e-08 1.283042614706583727e-08 1.275412859103830793e-08 1.290642818287680619e-08 1.294139349642095947e-08 1.290980584037933653e-08 1.284487617492936046e-08 1.273690681581167180e-08 1.268175789887974227e-08 1.286239064479046373e-08 1.282273126183310613e-08 1.295603119428535858e-08 1.283008656866065037e-08 1.285535122152973895e-08 1.272671347227265944e-08 1.302755095835267714e-08 1.290323697678182362e-08 1.300003119915404963e-08 1.293055266828815829e-08 1.287147766737638044e-08 1.302846030568322587e-08 1.295845328512134172e-08 1.274374020238190767e-08 1.290728229152747522e-08 1.279201041726892028e-08 1.296284664479611074e-08
1.280208590461826550e-08 1.291244123063174061e-08 1.296896845469175113e-08 1.287053348964093108e-08 1.283142132435189069e-08 1.269207149092192114e-08 1.289822365199123557e-08 1.277756284960715120e-08 1.263793626602055693e-08 1.282761406253333246e-08 1.264515924690962714e-08 1.285860207242490535e-08 1.294223791432721729e-08 1.254548519048870673e-08 1.283514036188584725e-08 1.289045116480243743e-08 1.273715134616633345e-08 1.268147426436222712e-08 1.275578844596891869e-08 1.277189345337072801e-08 1.269804640360769416e-08 1.284793474413246564e-08 1.288183503710777176e-08 1.285093111692883682e-08 1.278646026442623977e-08 1.267918284500573175e-08 1.262595055888497359e-08 1.280384497311825328e-08 1.276478256645415745e-08 1.289689693688538790e-08 1.277257733075772231e-08 1.279662142759997016e-08 1.267032231195362224e-08 1.296649093632196334e-08 1.284446654193955810e-08 1.293965919899275470e-08 1.287108472346167984e-08 1.281221651648141856e-08 1.296818290398630029e-08 1.289878942336650658e-08 1.268687703226709665e-08 1.284915490894665268e-08 1.273426113690674977e-08 1.290286016184961776e-08
1.287851509658962532e-08 1.299029846093146397e-08 1.304731070044004924e-08 1.294850947072363280e-08 1.290830594829621599e-08 1.276819123101182204e-08 1.297626346428711512e-08 1.285440975947495480e-08 1.271378532216058545e-08 1.290439277361458166e-08 1.272057256879919526e-08 1.293606485127844154e-08 1.301941230330616618e-08 1.262093138228622393e-08 1.291279930870050912e-08 1.296828717297946497e-08 1.281352807473158931e-08 1.275578844596891869e-08 1.283382292088010241e-08 1.284851432519485651e-08 1.277381882804336589e-08 1.292530553348439498e-08 1.295970280967066397e-08 1.292818531505255256e-08 1.286330472431849818e-08 1.275523947195318664e-08 1.270197628495548477e-08 1.288067260334549181e-08 1.284125828413099515e-08 1.297444808075744281e-08 1.284880760672121271e-08 1.287379937171798571e-08 1.274636521775450646e-08 1.304492227345059473e-08 1.292174378409298353e-08 1.301750307646390405e-08 1.294864969331926075e-08 1.288947992684885125e-08 1.304671023282861267e-08 1.297640019914098787e-08 1.276314726614842637e-08 1.292656928508295296e-08 1.281065114330671770e-08 1.298093137887393805e-08
1.289449136140955677e-08 1.300769528121486748e-08 1.306605012854430268e-08 1.296596993357539715e-08 1.292532273261935152e-08 1.278398541050207614e-08 1.299405147486460695e-08 1.287072431129169667e-08 1.272892774954072980e-08 1.292112385066666387e-08 1.273640879320506892e-08 1.295326552742293206e-08 1.303826537387213310e-08 1.263557237676493249e-08 1.292989045896052957e-08 1.298559243515315478e-08 1.283042614706583727e-08 1.277189345337072801e-08 1.284851432519485651e-08 1.286677586961100395e-08 1.278880463397606331e-08 1.294217498573728093e-08 1.297691221566259985e-08 1.294511822200138541e-08 1.287999388694181904e-08 1.277092521061183389e-08 1.271623248544004214e-08 1.289755664007374584e-08 1.285716158243473613e-08 1.299193573794824483e-08 1.286552341355768659e-08 1.289044272136420955e-08 1.276143222234479670e-08 1.306391981143672617e-08 1.293897473421212508e-08 1.303617135879290436e-08 1.296634904865469300e-08 1.290678728859902030e-08 1.306510724865949605e-08 1.299449008339416009e-08 1.277826864403761013e-08 1.294377861749585483e-08 1.282753283100180201e-08 1.299874785908397108e-08
1.281928113014931797e-08 1.292837278590910044e-08 1.298398441870918498e-08 1.288678573401760519e-08 1.284808940445846282e-08 1.271021059056088185e-08 1.291457041641237728e-08 1.279512122543193132e-08 1.265608269825769544e-08 1.284394036671874698e-08 1.266358683072333661e-08 1.287497532715948433e-08 1.295732351219511091e-08 1.256515271267040625e-08 1.285153607160433472e-08 1.290673978250565362e-08 1.275412859103830793e-08 1.269804640360769416e-08 1.277381882804336589e-08 1.278880463397606331e-08 1.271703504397279089e-08 1.286451880380174544e-08 1.289781876349855367e-08 1.286748499788835126e-08 1.280370037462283218e-08 1.269697622203023028e-08 1.264472805461849205e-08 1.282024888515127578e-08 1.278195201628116388e-08 1.291386219119970300e-08 1.278994280749179533e-08 1.281367829562682496e-08 1.268878786811538913e-08 1.298194908679047523e-08 1.286057889566849677e-08 1.295422975165880088e-08 1.288750728492308760e-08 1.282890445265794844e-08 1.298401994948175934e-08 1.291450498972338555e-08 1.270596369086475439e-08 1.286529418073737315e-08 1.275088024690501791e-08 1.291896958715242427e-08
1.297216996107707572e-08 1.308734508103162606e-08 1.314556287559532182e-08 1.304422118393985851e-08 1.300319832468950764e-08 1.285897043948846593e-08 1.307293434928195305e-08 1.294779596781168328e-08 1.280454355324413000e-08 1.299918365916666594e-08 1.281090367900141344e-08 1.303092563774181163e-08 1.311755076703710023e-08 1.270879765582275498e-08 1.300762499022073098e-08 1.306445729251327487e-08 1.290642818287680619e-08 1.284793474413246564e-08 1.292530553348439498e-08 1.294217498573728093e-08 1.286451880380174544e-08 1.302158491077937183e-08 1.305589780153420010e-08 1.302320188630240692e-08 1.295651142018671708e-08 1.284672937636311441e-08 1.279093537848723698e-08 1.297522244883361014e-08 1.293491907046713457e-08 1.307016567752205386e-08 1.294212727508617549e-08 1.296733157943223454e-08 1.283689349066409735e-08 1.314239366478196577e-08 1.301749390828015434e-08 1.311600322592930391e-08 1.304490385689406267e-08 1.298413936088856180e-08 1.314456270006510985e-08 1.307298762590138742e-08 1.285402618450614834e-08 1.302189773290070476e-08 1.290401875211532363e-08 1.307705509497937890e-08
1.300648693956506496e-08 1.312424384816617341e-08 1.318306428364991027e-08 1.308052287788032511e-08 1.303853423382311307e-08 1.289282557371974472e-08 1.310890929373813953e-08 1.298304275801576635e-08 1.283797852257194273e-08 1.303480191943749896e-08 1.284381801014870602e-08 1.306698829283134019e-08 1.315393254383319718e-08 1.274077775241545758e-08 1.304387673402248084e-08 1.310058906502464049e-08 1.294139349642095947e-08 1.288183503710777176e-08 1.295970280967066397e-08 1.297691221566259985e-08 1.289781876349855367e-08 1.305589780153420010e-08 1.309336848894639559e-08 1.305846353146074990e-08 1.299178800906542476e-08 1.288095471430260142e-08 1.282388757275877368e-08 1.301136306867070448e-08 1.296893377592959237e-08 1.310605254815648679e-08 1.297666538792144273e-08 1.300248876310210648e-08 1.286981942064637591e-08 1.318031155314678740e-08 1.305325625676044221e-08 1.315287004046308018e-08 1.308066509437164863e-08 1.301969686800816061e-08 1.318101672867411443e-08 1.310937539615224267e-08 1.288671783157664966e-08 1.305795522976313880e-08 1.293874210134325009e-08 1.311343771803996569e-08
1.297505382809148141e-08 1.309056708609156899e-08 1.314831292765961124e-08 1.304691282158098299e-08 1.300612513967956709e-08 1.286250617562132193e-08 1.307576143786334465e-08 1.295032291547143615e-08 1.280711103973133352e-08 1.300155282803124773e-08 1.281413886231230901e-08 1.303410024468443065e-08 1.312068014101412387e-08 1.271219605616310973e-08 1.301121065871025320e-08 1.306695733036493846e-08 1.290980584037933653e-08 1.285093111692883682e-08 1.292818531505255256e-08 1.294511822200138541e-08 1.286748499788835126e-08 1.302320188630240692e-08 1.305846353146074990e-08 1.302721871888210976e-08 1.295973852465987295e-08 1.284946419129055298e-08 1.279384822029211672e-08 1.297829571436858097e-08 1.293700817727487326e-08 1.307249707993726115e-08 1.294488158786456865e-08 1.297003402122795153e-08 1.283934915413100250e-08 1.314570207941154740e-08 1.301959469584044946e-08 1.311871526136340948e-08 1.304718239359650326e-08 1.298677103260046565e-08 1.314724331877618100e-08 1.307589290016382613e-08 1.285688496752066919e-08 1.302455419454251974e-08 1.290668475947460677e-08 1.308012559801508979e-08
1.290908365195177337e-08 1.302248724691592463e-08 1.308014479827695482e-08 1.298039816453714815e-08 1.293987236220341567e-08 1.279834440244420335e-08 1.300839936840303866e-08 1.288551148939864995e-08 1.274349228108291056e-08 1.293586248829166706e-08 1.275050223534806426e-08 1.296758108022618247e-08 1.305232159663521120e-08 1.265001159409193643e-08 1.294407507901288840e-08 1.300009964147446460e-08 1.284487617492936046e-08 1.278646026442623977e-08 1.286330472431849818e-08 1.287999388694181904e-08 1.280370037462283218e-08 1.295651142018671708e-08 1.299178800906542476e-08 1.295973852465987295e-08 1.289506319169188987e-08 1.278561035452681887e-08 1.273104528277358112e-08 1.291234782928522458e-08 1.287191828045480389e-08 1.300634196441598272e-08 1.287988683522591537e-08 1.290493877160108046e-08 1.277570786575081760e-08 1.307774645694934528e-08 1.295319693822399475e-08 1.305048311950919822e-08 1.298052960048456026e-08 1.292107298002266223e-08 1.307899263881325670e-08 1.300851873269711917e-08 1.279320012507330854e-08 1.295808343633012430e-08 1.284144695662945392e-08 1.301279262771619903e-08
1.280060855990206337e-08 1.291144750972403847e-08 1.296849232899430057e-08 1.287021779674039757e-08 1.283080864679352230e-08 1.269145279728207446e-08 1.289730224695627231e-08 1.277663378646419175e-08 1.263765279127822804e-08 1.282632705289583297e-08 1.264432048968756761e-08 1.285739792275876947e-08 1.294013270566130155e-08 1.254513057852659920e-08 1.283474810523302701e-08 1.288942076086898923e-08 1.273690681581167180e-08 1.267918284500573175e-08 1.275523947195318664e-08 1.277092521061183389e-08 1.269697622203023028e-08 1.284672937636311441e-08 1.288095471430260142e-08 1.284946419129055298e-08 1.278561035452681887e-08 1.267983328608100025e-08 1.262517406463254275e-08 1.280283576823207845e-08 1.276411958108056729e-08 1.289617108915157763e-08 1.277149990563768376e-08 1.279608262262587536e-08 1.266957339025062758e-08 1.296577279372505963e-08 1.284333945806545874e-08 1.293836983410457414e-08 1.286976991706969238e-08 1.281160686664485296e-08 1.296703492891616373e-08 1.289820030389999123e-08 1.268595499167260812e-08 1.284762237876668797e-08 1.273320324262930131e-08 1.290224571166730402e-08
1.274594592904280901e-08 1.285368699526861290e-08 1.290929980506003546e-08 1.281324447009478762e-08 1.277512813328733906e-08 1.263864753343676788e-08 1.284040256474245255e-08 1.272246880674802388e-08 1.258500019603830937e-08 1.277089267617708541e-08 1.259205005653376708e-08 1.280135890225146672e-08 1.288269167739521811e-08 1.249469436271331410e-08 1.277844451691367110e-08 1.283271985726714303e-08 1.268175789887974227e-08 1.262595055888497359e-08 1.270197628495548477e-08 1.271623248544004214e-08 1.264472805461849205e-08 1.279093537848723698e-08 1.282388757275877368e-08 1.279384822029211672e-08 1.273104528277358112e-08 1.262517406463254275e-08 1.257471818878949043e-08 1.274696500230776147e-08 1.270928756577482698e-08 1.283989119259378170e-08 1.271705857906316978e-08 1.274104558802199067e-08 1.261752931183578136e-08 1.290679313345220100e-08 1.278704383747407234e-08 1.287990718965885141e-08 1.281369901594325760e-08 1.275576569634923337e-08 1.290943888434601977e-08 1.284059832552885170e-08 1.263411196212617425e-08 1.279188411651536977e-08 1.267902407293003302e-08 1.284483219578401228e-08
1.292744403330263372e-08 1.304272677072568140e-08 1.310105358236232545e-08 1.299966238037480796e-08 1.295856269173726474e-08 1.281483960344740533e-08 1.302840635285690044e-08 1.290306525718590815e-08 1.276029105772158286e-08 1.295497179882187161e-08 1.276643567630303723e-08 1.298662660591872793e-08 1.307230665047285002e-08 1.266495356800841892e-08 1.296379585475663239e-08 1.301990095202782581e-08 1.286239064479046373e-08 1.280384497311825328e-08 1.288067260334549181e-08 1.289755664007374584e-08 1.282024888515127578e-08 1.297522244883361014e-08 1.301136306867070448e-08 1.297829571436858097e-08 1.291234782928522458e-08 1.280283576823207845e-08 1.274696500230776147e-08 1.293238068340057806e-08 1.288975618674439097e-08 1.302510062960651943e-08 1.289747391160393130e-08 1.292297692554525660e-08 1.279171277928983675e-08 1.309871082096190236e-08 1.297297777945775958e-08 1.307095814726219672e-08 1.299977214032225643e-08 1.293972626262361820e-08 1.309870147975427260e-08 1.302859903815157324e-08 1.280932209491392369e-08 1.297740504274065161e-08 1.285923426260191194e-08 1.303239473637472539e-08
1.288762903038843544e-08 1.300017669746092512e-08 1.305740721653111999e-08 1.295774552808965325e-08 1.291773929124383484e-08 1.277596212730169587e-08 1.298592002781595708e-08 1.286355525712822885e-08 1.272242337386998881e-08 1.291367022422291696e-08 1.272881726278431113e-08 1.294508948357993034e-08 1.302957534144812806e-08 1.262829655124277109e-08 1.292208298576539277e-08 1.297759261242321351e-08 1.282273126183310613e-08 1.276478256645415745e-08 1.284125828413099515e-08 1.285716158243473613e-08 1.278195201628116388e-08 1.293491907046713457e-08 1.296893377592959237e-08 1.293700817727487326e-08 1.287191828045480389e-08 1.276411958108056729e-08 1.270928756577482698e-08 1.288975618674439097e-08 1.285160000499105537e-08 1.298415725109223277e-08 1.285775939953549950e-08 1.288296137898316165e-08 1.275436125291998373e-08 1.305427236941101292e-08 1.293122313376024687e-08 1.302776794719461752e-08 1.295844094339247306e-08 1.289857524744557825e-08 1.305632334792950663e-08 1.298608359427044891e-08 1.277152669117789029e-08 1.293573383873720426e-08 1.281933466350195546e-08 1.299052989606828252e-08
1.302118903357785539e-08 1.313761693750553552e-08 1.319619156554226068e-08 1.309458355317149275e-08 1.305296315524550479e-08 1.290857941788053621e-08 1.312277933433429050e-08 1.299773542526985488e-08 1.285351863533788623e-08 1.304894114025728495e-08 1.286001784250591959e-08 1.308071298268997113e-08 1.316718250705407879e-08 1.275768140820845419e-08 1.305767700222178542e-08 1.311440992436187605e-08 1.295603119428535858e-08 1.289689693688538790e-08 1.297444808075744281e-08 1.299193573794824483e-08 1.291386219119970300e-08 1.307016567752205386e-08 1.310605254815648679e-08 1.307249707993726115e-08 1.300634196441598272e-08 1.289617108915157763e-08 1.283989119259378170e-08 1.302510062960651943e-08 1.298415725109223277e-08 1.312088395233708539e-08 1.299195065134467286e-08 1.301715213402794777e-08 1.288597000491077351e-08 1.319356157639541499e-08 1.306708129614669815e-08 1.316574701263824342e-08 1.309475034814116283e-08 1.303399962306264680e-08 1.319449924896556603e-08 1.312330952828845414e-08 1.290268145276241101e-08 1.307201604681261884e-08 1.295329562261601148e-08 1.312718140499003051e-08
1.289500390607818129e-08 1.300777771464964495e-08 1.306513585893248122e-08 1.296572831070031528e-08 1.292521720503278656e-08 1.278446866823744838e-08 1.299346191744283958e-08 1.287095641827306583e-08 1.272966672574438866e-08 1.292141052679166919e-08 1.273673268765124331e-08 1.295278042326468607e-08 1.303721968283905468e-08 1.263639479671875806e-08 1.292957505985899698e-08 1.298528457176684491e-08 1.283008656866065037e-08 1.277257733075772231e-08 1.284880760672121271e-08 1.286552341355768659e-08 1.278994280749179533e-08 1.294212727508617549e-08 1.297666538792144273e-08 1.294488158786456865e-08 1.287988683522591537e-08 1.277149990563768376e-08 1.271705857906316978e-08 1.289747391160393130e-08 1.285775939953549950e-08 1.299195065134467286e-08 1.286628238992528744e-08 1.289032034503316952e-08 1.276226517876877397e-08 1.306291755885577108e-08 1.293875855436025352e-08 1.303502898136578130e-08 1.296577043695733097e-08 1.290618105954204837e-08 1.306408493555907276e-08 1.299399850499203328e-08 1.277878103033191349e-08 1.294353788790741675e-08 1.282715712139414818e-08 1.299784484257674155e-08
1.291979229691280398e-08 1.303347678989278077e-08 1.309151117377670076e-08 1.299123988430895689e-08 1.295038605629233807e-08 1.280836917158176984e-08 1.301928716992161475e-08 1.289588888738385896e-08 1.275404785721747588e-08 1.294642621690625067e-08 1.276047771645960199e-08 1.297847373723229365e-08 1.306318237718521834e-08 1.266003313288081432e-08 1.295513801782450823e-08 1.301099878902214144e-08 1.285535122152973895e-08 1.279662142759997016e-08 1.287379937171798571e-08 1.289044272136420955e-08 1.281367829562682496e-08 1.296733157943223454e-08 1.300248876310210648e-08 1.297003402122795153e-08 1.290493877160108046e-08 1.279608262262587536e-08 1.274104558802199067e-08 1.292297692554525660e-08 1.288296137898316165e-08 1.301715213402794777e-08 1.289032034503316952e-08 1.291618783214782026e-08 1.278594922342578125e-08 1.308884074840136789e-08 1.296420618682073714e-08 1.306144695306801752e-08 1.299184188417825573e-08 1.293172120807423410e-08 1.309013534161435336e-08 1.301973870414385181e-08 1.280310635254950685e-08 1.296882029470286686e-08 1.285192268339003633e-08 1.302417605336734844e-08
1.279170358619403080e-08 1.290054034341265197e-08 1.295636739420850817e-08 1.285951534403268022e-08 1.282064386402960614e-08 1.268316727422217737e-08 1.288621179644664226e-08 1.276799375057513809e-08 1.262871661301029284e-08 1.281622487289583505e-08 1.263633494502841773e-08 1.284696499040981481e-08 1.292916973067777211e-08 1.253785942350741523e-08 1.282419123248253326e-08 1.287900550600154522e-08 1.272671347227265944e-08 1.267032231195362224e-08 1.274636521775450646e-08 1.276143222234479670e-08 1.268878786811538913e-08 1.283689349066409735e-08 1.286981942064637591e-08 1.283934915413100250e-08 1.277570786575081760e-08 1.266957339025062758e-08 1.261752931183578136e-08 1.279171277928983675e-08 1.275436125291998373e-08 1.288597000491077351e-08 1.276226517876877397e-08 1.278594922342578125e-08 1.266294996958057648e-08 1.295453010625559636e-08 1.283309887101745077e-08 1.292655165570801017e-08 1.285977041495836886e-08 1.280127852277117323e-08 1.295652054761593479e-08 1.288727245546884491e-08 1.267803085592836888e-08 1.283741139909664087e-08 1.272394455753183518e-08 1.289161876937840220e-08
1.309291380905309393e-08 1.321297857722213962e-08 1.327360359228155088e-08 1.316945874150928233e-08 1.312536753852577135e-08 1.297786799951381277e-08 1.319770118358839502e-08 1.306880540711065657e-08 1.292133608139612896e-08 1.312167591144792083e-08 1.292825393345077028e-08 1.315430440096196402e-08 1.324309377513922730e-08 1.282377729684630744e-08 1.313214707916214442e-08 1.318942225567458104e-08 1.302755095835267714e-08 1.296649093632196334e-08 1.304492227345059473e-08 1.306391981143672617e-08 1.298194908679047523e-08 1.314239366478196577e-08 1.318031155314678740e-08 1.314570207941154740e-08 1.307774645694934528e-08 1.296577279372505963e-08 1.290679313345220100e-08 1.309871082096190236e-08 1.305427236941101292e-08 1.319356157639541499e-08 1.306291755885577108e-08 1.308884074840136789e-08 1.295453010625559636e-08 1.327302569622333227e-08 1.314121850648886813e-08 1.324261528255255859e-08 1.316865972379172551e-08 1.310690515021934336e-08 1.327038363051017695e-08 1.319873602252880974e-08 1.297047789261422655e-08 1.314587610932172590e-08 1.302451412249321613e-08 1.320276571137053448e-08
1.296910431266697607e-08 1.308489656445944830e-08 1.314352629652669969e-08 1.304166200623394912e-08 1.299992023384025497e-08 1.285521785216926868e-08 1.307018897716953842e-08 1.294477349715261441e-08 1.280037907355289065e-08 1.299683838995833039e-08 1.280728408304918795e-08 1.302829391531770938e-08 1.311471835980813598e-08 1.270402740783498323e-08 1.300565952887450592e-08 1.306197022036172430e-08 1.290323697678182362e-08 1.284446654193955810e-08 1.292174378409298353e-08 1.293897473421212508e-08 1.286057889566849677e-08 1.301749390828015434e-08 1.305325625676044221e-08 1.301959469584044946e-08 1.295319693822399475e-08 1.284333945806545874e-08 1.278704383747407234e-08 1.297297777945775958e-08 1.293122313376024687e-08 1.306708129614669815e-08 1.293875855436025352e-08 1.296420618682073714e-08 1.283309887101745077e-08 1.314121850648886813e-08 1.301611578920199031e-08 1.311373866959926978e-08 1.304233227359700726e-08 1.298121491670965015e-08 1.314198318642893483e-08 1.307090623681885289e-08 1.284946627858909112e-08 1.301963381570911855e-08 1.290068585400670155e-08 1.307464138073193055e-08
1.306569986226110510e-08 1.318527435419261048e-08 1.324546332382465876e-08 1.314143776207503841e-08 1.309813318340827760e-08 1.294961923631314240e-08 1.317032476149900986e-08 1.304084970991681112e-08 1.289437539926525359e-08 1.309427825220416652e-08 1.290059299891899420e-08 1.312689795282578835e-08 1.321625555179070401e-08 1.279530607732350167e-08 1.310431026587909824e-08 1.316142976114982063e-08 1.300003119915404963e-08 1.293965919899275470e-08 1.301750307646390405e-08 1.303617135879290436e-08 1.295422975165880088e-08 1.311600322592930391e-08 1.315287004046308018e-08 1.311871526136340948e-08 1.305048311950919822e-08 1.293836983410457414e-08 1.287990718965885141e-08 1.307095814726219672e-08 1.302776794719461752e-08 1.316574701263824342e-08 1.303502898136578130e-08 1.306144695306801752e-08 1.292655165570801017e-08 1.324261528255255859e-08 1.311373866959926978e-08 1.321664023583147852e-08 1.314121344106826527e-08 1.307941743158890087e-08 1.324304936522604577e-08 1.317069828052523096e-08 1.294331564218118381e-08 1.311852072106942604e-08 1.299743900975049222e-08 1.317472971582861260e-08
