3.245443623479387418e-08 3.267520538510071930e-08 3.280927590713349288e-08 3.255403881165341377e-08 3.255766236849896813e-08 3.224435297342311451e-08 3.265118714022359365e-08 3.240758601800373340e-08 3.216616304493173684e-08 3.252491347409114047e-08 3.208984516440374655e-08 3.254320152032350209e-08 3.276642825339625346e-08 3.200425816375715375e-08 3.254975353768225530e-08 3.261484178231384991e-08 3.239018202402268088e-08 3.231221969446627815e-08 3.239917318573349034e-08 3.247507593052913272e-08 3.223261122769512193e-08 3.250599794132030967e-08 3.259732138688825808e-08 3.256964897196191616e-08 3.243693125489619121e-08 3.220400775964226907e-08 3.211534865113504352e-08 3.244507823634794944e-08 3.238431162871111554e-08 3.258101915911127636e-08 3.239211096538672864e-08 3.250799270137499750e-08 3.211483550660982711e-08 3.275715890732758224e-08 3.257225447101571591e-08 3.273621823216838849e-08 3.258985080358882706e-08 3.253202920082837749e-08 3.276646304034440004e-08 3.263655695922260051e-08 3.223843892360660625e-08 3.250334658422142849e-08 3.237151995918922417e-08 3.258335674942202416e-08
3.267520538510071930e-08 3.290030435921476261e-08 3.303482943492699286e-08 3.277637520643720784e-08 3.277960859928281193e-08 3.246337563830813528e-08 3.287558917171635637e-08 3.262904421027974876e-08 3.238478200100833827e-08 3.274800425111764544e-08 3.230824493027692221e-08 3.276537203893845072e-08 3.299092785000301598e-08 3.222058088934617994e-08 3.277258203272804694e-08 3.283880636946604210e-08 3.261020624441216922e-08 3.253246504177061824e-08 3.262040189242513424e-08 3.269668190819918073e-08 3.245255408422602766e-08 3.272846170998736242e-08 3.282225605072436612e-08 3.279282367077979154e-08 3.265934112330912516e-08 3.242332872597199136e-08 3.233371360709018681e-08 3.266606159052386780e-08 3.260573618047158217e-08 3.280455779498874423e-08 3.261227386109826564e-08 3.273011343874396431e-08 3.233304333558473885e-08 3.298233912079797853e-08 3.279538820586989020e-08 3.296103363402830186e-08 3.281252723943903084e-08 3.275428533254118931e-08 3.299163381102167968e-08 3.286039988968115796e-08 3.245866942167216862e-08 3.272573079920249688e-08 3.259343774097188527e-08 3.280703944031905933e-08
3.280927590713349288e-08 3.303482943492699286e-08 3.317217166933669691e-08 3.291176675905755302e-08 3.291384333433646323e-08 3.259635075545371228e-08 3.301154202332048231e-08 3.276339087750816587e-08 3.251734343409947475e-08 3.288294668710416021e-08 3.244065910187701308e-08 3.290049076495259674e-08 3.312686172326116589e-08 3.235223568332760712e-08 3.290720103154698708e-08 3.297413079093814705e-08 3.274386372784193640e-08 3.266519989460668732e-08 3.275406011011261152e-08 3.283095478616942447e-08 3.258539618110253036e-08 3.286327499423546385e-08 3.295742988307474478e-08 3.292748193906855500e-08 3.279261879505097721e-08 3.255500219123418843e-08 3.246599460439839984e-08 3.280082128711265971e-08 3.273975977859965324e-08 3.293906115879964346e-08 3.274674843808646048e-08 3.286469048379596764e-08 3.246572948484600400e-08 3.311798243811887831e-08 3.292967784828260937e-08 3.309702513442743732e-08 3.294713634112196654e-08 3.288929957179503414e-08 3.312806218727209306e-08 3.299531087587200858e-08 3.259186743633433096e-08 3.286052235851777789e-08 3.272705215746768904e-08 3.294222195326401355e-08
3.255403881165341377e-08 3.277637520643720784e-08 3.291176675905755302e-08 3.265532163538456996e-08 3.265753079485233229e-08 3.234310601025201816e-08 3.275260724241157103e-08 3.250718216749600039e-08 3.226461069035855289e-08 3.262588997742977658e-08 3.218874801774625708e-08 3.264381284482325400e-08 3.286750386326357815e-08 3.210198365304803891e-08 3.265011142413941691e-08 3.271585451219217392e-08 3.248954884402597030e-08 3.241103332453528593e-08 3.249886485955504067e-08 3.257520261778415876e-08 3.233231344958700801e-08 3.260674524415732334e-08 3.269895811677060589e-08 3.267033844093469630e-08 3.253703932908324987e-08 3.230284555620408724e-08 3.221389374293258028e-08 3.254530439423862981e-08 3.248428220258181155e-08 3.268187221993855013e-08 3.249208374865755546e-08 3.260801514236941495e-08 3.221390254434600314e-08 3.285879535338456175e-08 3.267301998442937440e-08 3.283781292886724106e-08 3.269017434502547019e-08 3.263265442006059310e-08 3.286846382972851306e-08 3.273762000699959873e-08 3.233840161089900166e-08 3.260369346171281895e-08 3.247142418179842626e-08 3.268418657253435447e-08
3.255766236849896813e-08 3.277960859928281193e-08 3.291384333433646323e-08 3.265753079485233229e-08 3.266234613159317524e-08 3.234729418901423038e-08 3.275565326992959182e-08 3.251128232318439828e-08 3.226877195382200314e-08 3.262911120842350734e-08 3.219151065912088885e-08 3.264750866945204410e-08 3.287122386684710454e-08 3.210615374503971382e-08 3.265362298215722917e-08 3.271852879077672313e-08 3.249281788350143108e-08 3.241529877296599591e-08 3.250236118235076967e-08 3.257879428702048637e-08 3.233534427365137946e-08 3.260970724638888248e-08 3.270156620141156846e-08 3.267348358450691320e-08 3.253983056232786670e-08 3.230663427970256299e-08 3.221695742872618890e-08 3.254876488569059133e-08 3.248774888068416191e-08 3.268520912547350012e-08 3.249480898756121145e-08 3.261210926285088647e-08 3.221697758853734404e-08 3.286164028222219080e-08 3.267616843572319267e-08 3.284084632075458861e-08 3.269383513585970910e-08 3.263507097386016640e-08 3.287097352450686693e-08 3.274098281500548278e-08 3.234117889906078340e-08 3.260792410796815195e-08 3.247435392426680784e-08 3.268788651340140440e-08
3.224435297342311451e-08 3.246337563830813528e-08 3.259635075545371228e-08 3.234310601025201816e-08 3.234729418901423038e-08 3.203745497312741030e-08 3.243906127896313424e-08 3.219808564039915273e-08 3.195883537271312376e-08 3.231406225599907928e-08 3.188320524161120913e-08 3.233292092562559084e-08 3.255366685951994099e-08 3.179901081741605208e-08 3.233826519416440617e-08 3.240351199374019504e-08 3.218112988979100520e-08 3.210384107317507019e-08 3.219060970262604353e-08 3.226556741007910009e-08 3.202451578562260013e-08 3.229562877003552882e-08 3.238585007105858139e-08 3.235892899566598319e-08 3.222696118386512303e-08 3.199641728511680372e-08 3.190778107932959520e-08 3.223505517787797585e-08 3.217454963495972048e-08 3.236973472695115684e-08 3.218308231429484151e-08 3.229794184042770507e-08 3.190773036610864708e-08 3.254432182743696231e-08 3.236103309752762004e-08 3.252355128454363875e-08 3.237947147410473179e-08 3.232147721342126546e-08 3.255385921768131943e-08 3.242457328490571288e-08 3.203124407369724882e-08 3.229325004047042392e-08 3.216112062662714375e-08 3.237198598447573479e-08
3.265118714022359365e-08 3.287558917171635637e-08 3.301154202332048231e-08 3.275260724241157103e-08 3.275565326992959182e-08 3.243906127896313424e-08 3.285271293110918344e-08 3.260577833225996588e-08 3.236066969878911676e-08 3.272452698417515640e-08 3.228378796594589899e-08 3.274204069923385311e-08 3.296729055094070864e-08 3.219628802170639559e-08 3.274860593887868265e-08 3.281502332862838567e-08 3.258589606506465522e-08 3.250796395452369848e-08 3.259578831110898255e-08 3.267256457774323753e-08 3.242818224782486932e-08 3.270448571949262086e-08 3.279814429611521403e-08 3.276862898128906668e-08 3.263468172994137079e-08 3.239816246535254463e-08 3.230920789229743320e-08 3.264272414093536487e-08 3.258188988316771809e-08 3.278045583543805468e-08 3.258825017613656466e-08 3.270634583969677105e-08 3.230900336708954011e-08 3.295852011054306384e-08 3.277093672548454208e-08 3.293756882048710820e-08 3.278830465886314185e-08 3.273020591515183824e-08 3.296813494671813476e-08 3.283627780820700436e-08 3.243432474275962647e-08 3.270252153584577564e-08 3.256941573512861411e-08 3.278366078623355932e-08
3.240758601800373340e-08 3.262904421027974876e-08 3.276339087750816587e-08 3.250718216749600039e-08 3.251128232318439828e-08 3.219808564039915273e-08 3.260577833225996588e-08 3.236275881536898192e-08 3.212022804221195209e-08 3.247903501168764228e-08 3.204317022163772377e-08 3.249735642894554859e-08 3.272032914752224272e-08 3.195796540055339665e-08 3.250287348444382400e-08 3.256895335553319263e-08 3.234320944141309292e-08 3.226613669745748646e-08 3.235294910717973639e-08 3.242898257233328657e-08 3.218633511319865310e-08 3.245980327218994229e-08 3.255122864728537757e-08 3.252336196091513608e-08 3.239071475906689831e-08 3.215697955733524308e-08 3.206865545175646610e-08 3.239858969778845757e-08 3.233842942866862024e-08 3.253476731998643733e-08 3.234540948305690513e-08 3.246197764734069384e-08 3.206838538520399551e-08 3.271093409280926076e-08 3.252538315850722896e-08 3.268993699848562420e-08 3.254385066295598070e-08 3.248552321076742731e-08 3.272024131101980963e-08 3.259009557261844902e-08 3.219257475034580294e-08 3.245752019189122236e-08 3.232551250966085366e-08 3.253794861463626950e-08
3.216616304493173684e-08 3.238478200100833827e-08 3.251734343409947475e-08 3.226461069035855289e-08 3.226877195382200314e-08 3.195883537271312376e-08 3.236066969878911676e-08 3.212022804221195209e-08 3.188143482483316540e-08 3.223617331908165607e-08 3.180522577495215224e-08 3.225460356061405256e-08 3.247503912386853697e-08 3.172161737788374300e-08 3.225990328351137504e-08 3.232486381088983892e-08 3.210275730609915013e-08 3.202586697739957179e-08 3.211197966983860441e-08 3.218723232449591678e-08 3.194693497062849455e-08 3.221747577943105494e-08 3.230711628774987374e-08 3.228045583487180206e-08 3.214909120270538502e-08 3.191867473264133115e-08 3.183046769773796510e-08 3.215695903515545879e-08 3.209672372079316902e-08 3.229161558603770622e-08 3.210476416243328434e-08 3.221952743635113847e-08 3.183024184315556977e-08 3.246575106341341711e-08 3.228269569786655817e-08 3.244506802236146354e-08 3.230109202118100058e-08 3.224292782957749029e-08 3.247488628535525673e-08 3.234643801201048176e-08 3.195313170239843892e-08 3.221464027622425875e-08 3.208366330554889117e-08 3.229403658193229054e-08
3.252491347409114047e-08 3.274800425111764544e-08 3.288294668710416021e-08 3.262588997742977658e-08 3.262911120842350734e-08 3.231406225599907928e-08 3.272452698417515640e-08 3.247903501168764228e-08 3.223617331908165607e-08 3.259847032757706458e-08 3.215917706024957644e-08 3.261561499719402343e-08 3.283912330494535062e-08 3.207331511167453427e-08 3.262147423797962099e-08 3.268746543543466342e-08 3.245999778962115652e-08 3.238252014105965121e-08 3.247001768579879079e-08 3.254639490102832535e-08 3.230373519204991841e-08 3.257839801427816649e-08 3.267075424957789017e-08 3.264195604633697173e-08 3.250869404704452607e-08 3.227426335771553585e-08 3.218469187282507149e-08 3.251675160371593304e-08 3.245553035472786785e-08 3.265371692258376435e-08 3.246248896039460896e-08 3.257999090192565991e-08 3.218495340482097574e-08 3.283078667285764428e-08 3.264434918970757345e-08 3.280989648310751183e-08 3.266172560928149268e-08 3.260311291085245291e-08 3.283964167819037881e-08 3.270928952764590792e-08 3.230959041183878554e-08 3.257551588175699104e-08 3.244284507046176082e-08 3.265655352135832038e-08
3.208984516440374655e-08 3.230824493027692221e-08 3.244065910187701308e-08 3.218874801774625708e-08 3.219151065912088885e-08 3.188320524161120913e-08 3.228378796594589899e-08 3.204317022163772377e-08 3.180522577495215224e-08 3.215917706024957644e-08 3.173156919027842834e-08 3.217761127014320913e-08 3.239741704090779312e-08 3.164604498560005152e-08 3.218350833515854361e-08 3.224841163632710319e-08 3.202694995010067047e-08 3.194978218167390446e-08 3.203628004645484012e-08 3.211082545686884188e-08 3.187161065796134696e-08 3.214106745281030865e-08 3.223126195234309746e-08 3.220388887622562585e-08 3.207316988827571236e-08 3.184323710144176635e-08 3.175527960732781959e-08 3.208035943040560966e-08 3.202059205216995860e-08 3.221467237324323082e-08 3.202895879422411731e-08 3.214232672838247344e-08 3.175518506346789903e-08 3.238863623801711463e-08 3.220646906881836767e-08 3.236777307565454713e-08 3.222406999428747121e-08 3.216737337697103634e-08 3.239858441144724431e-08 3.226929737928002048e-08 3.187823336668789579e-08 3.213829728255459226e-08 3.200794811037611007e-08 3.221661821456081131e-08
3.254320152032350209e-08 3.276537203893845072e-08 3.290049076495259674e-08 3.264381284482325400e-08 3.264750866945204410e-08 3.233292092562559084e-08 3.274204069923385311e-08 3.249735642894554859e-08 3.225460356061405256e-08 3.261561499719402343e-08 3.217761127014320913e-08 3.263390399283417614e-08 3.285704835114825808e-08 3.209211875432177492e-08 3.263908567714754854e-08 3.270486768676070286e-08 3.247846817163086986e-08 3.240069303285555256e-08 3.248815258860579731e-08 3.256474262583215713e-08 3.232144136901568744e-08 3.259575936389704927e-08 3.268757121502828047e-08 3.265948699466767072e-08 3.252608922389929752e-08 3.229224714268517975e-08 3.220281868937939204e-08 3.253487526935387296e-08 3.247353886450285136e-08 3.267103173165886924e-08 3.248089811753288760e-08 3.259780774109550251e-08 3.220319986166646164e-08 3.284774638089805306e-08 3.266204629234309160e-08 3.282707080811608058e-08 3.267976168490527461e-08 3.262124454282586497e-08 3.285702395685087315e-08 3.272690104711288974e-08 3.232772595784816841e-08 3.259375479495787275e-08 3.246013326383500713e-08 3.267406995837634546e-08
3.276642825339625346e-08 3.299092785000301598e-08 3.312686172326116589e-08 3.286750386326357815e-08 3.287122386684710454e-08 3.255366685951994099e-08 3.296729055094070864e-08 3.272032914752224272e-08 3.247503912386853697e-08 3.283912330494535062e-08 3.239741704090779312e-08 3.285704835114825808e-08 3.308364666560525295e-08 3.231008515379448193e-08 3.286419851541691392e-08 3.292974416304174121e-08 3.270080101684072450e-08 3.262243542449081521e-08 3.271059011778463224e-08 3.278745984937197426e-08 3.254216741812033588e-08 3.281895711120608259e-08 3.291254348754007590e-08 3.288352761931541521e-08 3.274932149418333794e-08 3.251267274326111715e-08 3.242358069686021765e-08 3.275753123148482083e-08 3.269638598284032452e-08 3.289535864850894450e-08 3.270318347156431881e-08 3.282130496324712246e-08 3.242298939431003482e-08 3.307357440258655296e-08 3.288646183871810674e-08 3.305261949615333326e-08 3.290354599615608067e-08 3.284541124054552101e-08 3.308289790419528608e-08 3.295207314296019223e-08 3.254791288624236022e-08 3.281717764413475662e-08 3.268360927754322385e-08 3.289874754365704381e-08
3.200425816375715375e-08 3.222058088934617994e-08 3.235223568332760712e-08 3.210198365304803891e-08 3.210615374503971382e-08 3.179901081741605208e-08 3.219628802170639559e-08 3.195796540055339665e-08 3.172161737788374300e-08 3.207331511167453427e-08 3.164604498560005152e-08 3.209211875432177492e-08 3.231008515379448193e-08 3.156424313123055509e-08 3.209624859379573001e-08 3.216130982020016291e-08 3.194184734202835379e-08 3.186503260589367006e-08 3.195068325582975238e-08 3.202545641401816082e-08 3.178682714485442606e-08 3.205528343704790343e-08 3.214312354773462449e-08 3.211780255014070597e-08 3.198728886919312875e-08 3.175909395114875472e-08 3.167079798090765367e-08 3.199504305724298299e-08 3.193466229851092697e-08 3.212848605384606740e-08 3.194369643338853715e-08 3.205710893343862779e-08 3.167094237511218778e-08 3.230140331412170389e-08 3.211964648996573063e-08 3.228062079104587697e-08 3.213875729505550260e-08 3.208021444720696818e-08 3.231030797136404122e-08 3.218250008962759073e-08 3.179324254335710037e-08 3.205180637958158845e-08 3.192127555272127475e-08 3.213016775930912061e-08
3.254975353768225530e-08 3.277258203272804694e-08 3.290720103154698708e-08 3.265011142413941691e-08 3.265362298215722917e-08 3.233826519416440617e-08 3.274860593887868265e-08 3.250287348444382400e-08 3.225990328351137504e-08 3.262147423797962099e-08 3.218350833515854361e-08 3.263908567714754854e-08 3.286419851541691392e-08 3.209624859379573001e-08 3.264740371232995331e-08 3.271144659407626282e-08 3.248451513537969138e-08 3.240640588560651586e-08 3.249391981586596992e-08 3.257022402386345104e-08 3.232660982559552273e-08 3.260143885157538235e-08 3.269508381992540405e-08 3.266595508215782013e-08 3.253241419555215663e-08 3.229800081069268189e-08 3.220934055804872805e-08 3.254076257423935286e-08 3.247983054132023014e-08 3.267790376067761605e-08 3.248668448913484238e-08 3.260389815694142023e-08 3.220837287888164986e-08 3.285437706908523999e-08 3.266907226318845878e-08 3.283390578901099273e-08 3.268555560161459331e-08 3.262794832246564423e-08 3.286421753541074558e-08 3.273394050315554487e-08 3.233229097635525864e-08 3.259982344947085411e-08 3.246728326840746585e-08 3.268049780607498846e-08
3.261484178231384991e-08 3.283880636946604210e-08 3.297413079093814705e-08 3.271585451219217392e-08 3.271852879077672313e-08 3.240351199374019504e-08 3.281502332862838567e-08 3.256895335553319263e-08 3.232486381088983892e-08 3.268746543543466342e-08 3.224841163632710319e-08 3.270486768676070286e-08 3.292974416304174121e-08 3.216130982020016291e-08 3.271144659407626282e-08 3.277902084612082346e-08 3.255035127430817859e-08 3.247231894809736163e-08 3.256027234019295826e-08 3.263600393010170613e-08 3.239205953140265522e-08 3.266811020364001539e-08 3.276124290934968633e-08 3.273229092289485054e-08 3.259879946105380912e-08 3.236282687608521200e-08 3.227380213898396989e-08 3.260572584120011555e-08 3.254502139596455782e-08 3.274310705587951309e-08 3.255239488185359734e-08 3.266981506758876040e-08 3.227300515285581594e-08 3.292163560995957708e-08 3.273414775096338130e-08 3.290032467117909457e-08 3.275171827369812707e-08 3.269390637451789199e-08 3.293073848372744150e-08 3.279880613077484522e-08 3.239851307508101839e-08 3.266502481834144263e-08 3.253286974004051536e-08 3.274596348534353164e-08
3.239018202402268088e-08 3.261020624441216922e-08 3.274386372784193640e-08 3.248954884402597030e-08 3.249281788350143108e-08 3.218112988979100520e-08 3.258589606506465522e-08 3.234320944141309292e-08 3.210275730609915013e-08 3.245999778962115652e-08 3.202694995010067047e-08 3.247846817163086986e-08 3.270080101684072450e-08 3.194184734202835379e-08 3.248451513537969138e-08 3.255035127430817859e-08 3.232707032770718535e-08 3.224864336559263025e-08 3.233543013515105782e-08 3.241105478172253359e-08 3.216906169655833627e-08 3.244183295233623510e-08 3.253210064555996204e-08 3.250517731135651235e-08 3.237310816855619761e-08 3.214061171115527176e-08 3.205214780230753501e-08 3.238047637029951342e-08 3.232003230799296976e-08 3.251603430785318737e-08 3.232848809564803913e-08 3.244357221045175311e-08 3.205150291906977231e-08 3.269192327297340498e-08 3.250742188806838454e-08 3.267096383466196486e-08 3.252532653808306611e-08 3.246780221015187825e-08 3.270121719485010508e-08 3.257129502356044546e-08 3.217537925801847169e-08 3.243857118628596000e-08 3.230727693045130095e-08 3.251788868440439265e-08
3.231221969446627815e-08 3.253246504177061824e-08 3.266519989460668732e-08 3.241103332453528593e-08 3.241529877296599591e-08 3.210384107317507019e-08 3.250796395452369848e-08 3.226613669745748646e-08 3.202586697739957179e-08 3.238252014105965121e-08 3.194978218167390446e-08 3.240069303285555256e-08 3.262243542449081521e-08 3.186503260589367006e-08 3.240640588560651586e-08 3.247231894809736163e-08 3.224864336559263025e-08 3.217195490801930991e-08 3.225823390064006923e-08 3.233333850506544839e-08 3.209216572862695611e-08 3.236430073382921814e-08 3.245470593678945894e-08 3.242726658041097218e-08 3.229537507650984189e-08 3.206366350576804826e-08 3.197463609981780015e-08 3.230258370051855236e-08 3.224268867350515149e-08 3.243832454895765226e-08 3.225027636928763389e-08 3.236596391749900604e-08 3.197444465985869185e-08 3.261398193100408190e-08 3.242926083683470588e-08 3.259257880392619374e-08 3.244772480667937631e-08 3.238940408325994674e-08 3.262291912695907948e-08 3.249306826267408246e-08 3.209827288676814423e-08 3.236104135543682011e-08 3.223002729583670917e-08 3.244055914793920859e-08
3.239917318573349034e-08 3.262040189242513424e-08 3.275406011011261152e-08 3.249886485955504067e-08 3.250236118235076967e-08 3.219060970262604353e-08 3.259578831110898255e-08 3.235294910717973639e-08 3.211197966983860441e-08 3.247001768579879079e-08 3.203628004645484012e-08 3.248815258860579731e-08 3.271059011778463224e-08 3.195068325582975238e-08 3.249391981586596992e-08 3.256027234019295826e-08 3.233543013515105782e-08 3.225823390064006923e-08 3.234566767992701872e-08 3.242047714208605623e-08 3.217871047337576446e-08 3.245150319079950709e-08 3.254275802380088260e-08 3.251489821989356895e-08 3.238258478488839574e-08 3.214988166540350543e-08 3.206101534260463057e-08 3.238971977101584367e-08 3.232939163108633112e-08 3.252572259688726357e-08 3.233768075273582520e-08 3.245319122495909061e-08 3.206086405853334627e-08 3.270196555714887408e-08 3.251688844451392074e-08 3.268054730381402681e-08 3.253523008342724657e-08 3.247732021285780768e-08 3.271123100112276706e-08 3.258074893958558194e-08 3.218526412948928645e-08 3.244830540467699353e-08 3.231671721260371127e-08 3.252826426558370971e-08
3.247507593052913272e-08 3.269668190819918073e-08 3.283095478616942447e-08 3.257520261778415876e-08 3.257879428702048637e-08 3.226556741007910009e-08 3.267256457774323753e-08 3.242898257233328657e-08 3.218723232449591678e-08 3.254639490102832535e-08 3.211082545686884188e-08 3.256474262583215713e-08 3.278745984937197426e-08 3.202545641401816082e-08 3.257022402386345104e-08 3.263600393010170613e-08 3.241105478172253359e-08 3.233333850506544839e-08 3.242047714208605623e-08 3.249676702976061999e-08 3.225412316467568710e-08 3.252772598400678431e-08 3.261883646245759225e-08 3.259105799359357460e-08 3.245820301194916036e-08 3.222499853226058012e-08 3.213589128148868137e-08 3.246612859832879636e-08 3.240565794817654167e-08 3.260254822270282135e-08 3.241312888310123298e-08 3.252933794514824558e-08 3.213590426762096615e-08 3.277854165241036679e-08 3.259329478346706906e-08 3.275757617595390771e-08 3.261151539742633887e-08 3.255305031127811288e-08 3.278793928244196424e-08 3.265783276274311021e-08 3.226041769940554317e-08 3.252470885225998225e-08 3.239242427174538077e-08 3.260476918777491808e-08
3.223261122769512193e-08 3.245255408422602766e-08 3.258539618110253036e-08 3.233231344958700801e-08 3.233534427365137946e-08 3.202451578562260013e-08 3.242818224782486932e-08 3.218633511319865310e-08 3.194693497062849455e-08 3.230373519204991841e-08 3.187161065796134696e-08 3.232144136901568744e-08 3.254216741812033588e-08 3.178682714485442606e-08 3.232660982559552273e-08 3.239205953140265522e-08 3.216906169655833627e-08 3.209216572862695611e-08 3.217871047337576446e-08 3.225412316467568710e-08 3.201507846068057774e-08 3.228553891716489998e-08 3.237535601211641395e-08 3.234769283755376247e-08 3.221663162961388476e-08 3.198551177506130448e-08 3.189625218099976806e-08 3.222359500611105601e-08 3.216368340075842306e-08 3.235936965416052160e-08 3.217127240312571519e-08 3.228599446551989793e-08 3.189710335611742749e-08 3.253436965921102164e-08 3.235023535022169424e-08 3.251244822565592073e-08 3.236809861521287458e-08 3.231013783015362223e-08 3.254287598632482097e-08 3.241399869307607429e-08 3.202048424045587879e-08 3.228133848314387896e-08 3.215100488729783213e-08 3.236109832473427953e-08
3.250599794132030967e-08 3.272846170998736242e-08 3.286327499423546385e-08 3.260674524415732334e-08 3.260970724638888248e-08 3.229562877003552882e-08 3.270448571949262086e-08 3.245980327218994229e-08 3.221747577943105494e-08 3.257839801427816649e-08 3.214106745281030865e-08 3.259575936389704927e-08 3.281895711120608259e-08 3.205528343704790343e-08 3.260143885157538235e-08 3.266811020364001539e-08 3.244183295233623510e-08 3.236430073382921814e-08 3.245150319079950709e-08 3.252772598400678431e-08 3.228553891716489998e-08 3.256031622685330679e-08 3.265148028465374650e-08 3.262281607236186051e-08 3.248955022213060912e-08 3.225568371577581779e-08 3.216606977396642654e-08 3.249723357007998201e-08 3.243690343285315905e-08 3.263429433132242385e-08 3.244391088154842843e-08 3.256090815899371564e-08 3.216636431225440314e-08 3.281144053014615894e-08 3.262458293403626242e-08 3.278990192617441454e-08 3.264275130695947251e-08 3.258414051305529492e-08 3.282023017047574283e-08 3.268933831003896441e-08 3.229118325085963665e-08 3.255573628065598844e-08 3.242413699728447229e-08 3.263620757492866043e-08
3.259732138688825808e-08 3.282225605072436612e-08 3.295742988307474478e-08 3.269895811677060589e-08 3.270156620141156846e-08 3.238585007105858139e-08 3.279814429611521403e-08 3.255122864728537757e-08 3.230711628774987374e-08 3.267075424957789017e-08 3.223126195234309746e-08 3.268757121502828047e-08 3.291254348754007590e-08 3.214312354773462449e-08 3.269508381992540405e-08 3.276124290934968633e-08 3.253210064555996204e-08 3.245470593678945894e-08 3.254275802380088260e-08 3.261883646245759225e-08 3.237535601211641395e-08 3.265148028465374650e-08 3.274587898794877788e-08 3.271529759787121532e-08 3.258116488603042195e-08 3.234575760285822608e-08 3.225612640783681670e-08 3.258878050462491837e-08 3.252838572811979055e-08 3.272709145818277770e-08 3.253455638163356362e-08 3.265273159275728111e-08 3.225581089937665197e-08 3.290476597254685554e-08 3.271742552019512767e-08 3.288361913695682291e-08 3.273447261028117567e-08 3.267633736814202471e-08 3.291441009888094985e-08 3.278239358706595420e-08 3.238137963079615174e-08 3.264828776798820096e-08 3.251602380913911073e-08 3.272932167840230735e-08
3.256964897196191616e-08 3.279282367077979154e-08 3.292748193906855500e-08 3.267033844093469630e-08 3.267348358450691320e-08 3.235892899566598319e-08 3.276862898128906668e-08 3.252336196091513608e-08 3.228045583487180206e-08 3.264195604633697173e-08 3.220388887622562585e-08 3.265948699466767072e-08 3.288352761931541521e-08 3.211780255014070597e-08 3.266595508215782013e-08 3.273229092289485054e-08 3.250517731135651235e-08 3.242726658041097218e-08 3.251489821989356895e-08 3.259105799359357460e-08 3.234769283755376247e-08 3.262281607236186051e-08 3.271529759787121532e-08 3.268684592557043805e-08 3.255345555412957268e-08 3.231868855458360520e-08 3.222945618180399202e-08 3.256075080408492509e-08 3.249998958973275946e-08 3.269822112330069388e-08 3.250728135391239625e-08 3.262450446281613227e-08 3.222885457970745987e-08 3.287532553535107666e-08 3.268881168781261561e-08 3.285417329137639882e-08 3.270668734817656479e-08 3.264805453475096406e-08 3.288445014440344379e-08 3.275345438586426564e-08 3.235381641971930497e-08 3.261943949528871202e-08 3.248740220827259112e-08 3.270030448379819312e-08
3.243693125489619121e-08 3.265934112330912516e-08 3.279261879505097721e-08 3.253703932908324987e-08 3.253983056232786670e-08 3.222696118386512303e-08 3.263468172994137079e-08 3.239071475906689831e-08 3.214909120270538502e-08 3.250869404704452607e-08 3.207316988827571236e-08 3.252608922389929752e-08 3.274932149418333794e-08 3.198728886919312875e-08 3.253241419555215663e-08 3.259879946105380912e-08 3.237310816855619761e-08 3.229537507650984189e-08 3.238258478488839574e-08 3.245820301194916036e-08 3.221663162961388476e-08 3.248955022213060912e-08 3.258116488603042195e-08 3.255345555412957268e-08 3.242204745712501631e-08 3.218763145855627610e-08 3.209878890161061559e-08 3.242750627386367747e-08 3.236736952503184679e-08 3.256483695872395057e-08 3.237493186096671689e-08 3.249084660084508441e-08 3.209815631932932741e-08 3.274131692809946298e-08 3.255584947379657304e-08 3.271954725068257945e-08 3.257348044707066397e-08 3.251540107451038720e-08 3.274976008181885806e-08 3.261990881835972465e-08 3.222252499137480333e-08 3.248581192607262880e-08 3.235549792050320584e-08 3.256676789993150963e-08
3.220400775964226907e-08 3.242332872597199136e-08 3.255500219123418843e-08 3.230284555620408724e-08 3.230663427970256299e-08 3.199641728511680372e-08 3.239816246535254463e-08 3.215697955733524308e-08 3.191867473264133115e-08 3.227426335771553585e-08 3.184323710144176635e-08 3.229224714268517975e-08 3.251267274326111715e-08 3.175909395114875472e-08 3.229800081069268189e-08 3.236282687608521200e-08 3.214061171115527176e-08 3.206366350576804826e-08 3.214988166540350543e-08 3.222499853226058012e-08 3.198551177506130448e-08 3.225568371577581779e-08 3.234575760285822608e-08 3.231868855458360520e-08 3.218763145855627610e-08 3.195780662864748998e-08 3.186814093355457308e-08 3.219471152538321876e-08 3.213436714092459336e-08 3.232990324802172684e-08 3.214225712750360825e-08 3.225712212341373416e-08 3.186815606075326078e-08 3.250444667946492320e-08 3.232153227845198274e-08 3.248312819814232268e-08 3.233880802327344877e-08 3.228069318508693724e-08 3.251273148703151544e-08 3.238481146335699697e-08 3.199116129448106273e-08 3.225216259111572827e-08 3.212145929019122222e-08 3.233132643390196261e-08
3.211534865113504352e-08 3.233371360709018681e-08 3.246599460439839984e-08 3.221389374293258028e-08 3.221695742872618890e-08 3.190778107932959520e-08 3.230920789229743320e-08 3.206865545175646610e-08 3.183046769773796510e-08 3.218469187282507149e-08 3.175527960732781959e-08 3.220281868937939204e-08 3.242358069686021765e-08 3.167079798090765367e-08 3.220934055804872805e-08 3.227380213898396989e-08 3.205214780230753501e-08 3.197463609981780015e-08 3.206101534260463057e-08 3.213589128148868137e-08 3.189625218099976806e-08 3.216606977396642654e-08 3.225612640783681670e-08 3.222945618180399202e-08 3.209878890161061559e-08 3.186814093355457308e-08 3.178090402934799193e-08 3.210577381011992659e-08 3.204571186346668849e-08 3.224056369733811181e-08 3.205422174268000156e-08 3.216795368661017668e-08 3.177989307131959149e-08 3.241437758678409188e-08 3.223205787036001824e-08 3.239354374229769589e-08 3.224969226044459413e-08 3.219256209167233952e-08 3.242355507902945789e-08 3.229537574084377121e-08 3.190217274128149785e-08 3.216277412645355760e-08 3.203334350299168895e-08 3.224249006954635067e-08
3.244507823634794944e-08 3.266606159052386780e-08 3.280082128711265971e-08 3.254530439423862981e-08 3.254876488569059133e-08 3.223505517787797585e-08 3.264272414093536487e-08 3.239858969778845757e-08 3.215695903515545879e-08 3.251675160371593304e-08 3.208035943040560966e-08 3.253487526935387296e-08 3.275753123148482083e-08 3.199504305724298299e-08 3.254076257423935286e-08 3.260572584120011555e-08 3.238047637029951342e-08 3.230258370051855236e-08 3.238971977101584367e-08 3.246612859832879636e-08 3.222359500611105601e-08 3.249723357007998201e-08 3.258878050462491837e-08 3.256075080408492509e-08 3.242750627386367747e-08 3.219471152538321876e-08 3.210577381011992659e-08 3.243671061587855071e-08 3.237532357609418348e-08 3.257239157686012647e-08 3.238284184979454446e-08 3.249928779775143305e-08 3.210586053112104262e-08 3.274838654075876446e-08 3.256335091053110059e-08 3.272788117660874393e-08 3.258080225844369066e-08 3.252260187411167207e-08 3.275767393252330059e-08 3.262796808522005344e-08 3.222949079499221670e-08 3.249485137065091363e-08 3.236204337588023338e-08 3.257494754060542972e-08
3.238431162871111554e-08 3.260573618047158217e-08 3.273975977859965324e-08 3.248428220258181155e-08 3.248774888068416191e-08 3.217454963495972048e-08 3.258188988316771809e-08 3.233842942866862024e-08 3.209672372079316902e-08 3.245553035472786785e-08 3.202059205216995860e-08 3.247353886450285136e-08 3.269638598284032452e-08 3.193466229851092697e-08 3.247983054132023014e-08 3.254502139596455782e-08 3.232003230799296976e-08 3.224268867350515149e-08 3.232939163108633112e-08 3.240565794817654167e-08 3.216368340075842306e-08 3.243690343285315905e-08 3.252838572811979055e-08 3.249998958973275946e-08 3.236736952503184679e-08 3.213436714092459336e-08 3.204571186346668849e-08 3.237532357609418348e-08 3.231544783834871093e-08 3.251174791096986838e-08 3.232210361748102935e-08 3.243830929577252145e-08 3.204552808767379590e-08 3.268745505448908315e-08 3.250247311038819643e-08 3.266642247732087167e-08 3.252014368455035447e-08 3.246213588363511013e-08 3.269692242433695723e-08 3.256702984651444633e-08 3.216948611326953163e-08 3.243398023928772547e-08 3.230251050589027301e-08 3.251400468017587119e-08
3.258101915911127636e-08 3.280455779498874423e-08 3.293906115879964346e-08 3.268187221993855013e-08 3.268520912547350012e-08 3.236973472695115684e-08 3.278045583543805468e-08 3.253476731998643733e-08 3.229161558603770622e-08 3.265371692258376435e-08 3.221467237324323082e-08 3.267103173165886924e-08 3.289535864850894450e-08 3.212848605384606740e-08 3.267790376067761605e-08 3.274310705587951309e-08 3.251603430785318737e-08 3.243832454895765226e-08 3.252572259688726357e-08 3.260254822270282135e-08 3.235936965416052160e-08 3.263429433132242385e-08 3.272709145818277770e-08 3.269822112330069388e-08 3.256483695872395057e-08 3.232990324802172684e-08 3.224056369733811181e-08 3.257239157686012647e-08 3.251174791096986838e-08 3.271069418939420718e-08 3.251829968919325421e-08 3.263589881702783324e-08 3.224030044408552312e-08 3.288705421523809891e-08 3.270048932822572568e-08 3.286588654936796190e-08 3.271836138766350935e-08 3.265923398818606418e-08 3.289630073525954683e-08 3.276563996868447869e-08 3.236499257666647231e-08 3.263103010722407352e-08 3.249913224760814639e-08 3.271248349368842892e-08
3.239211096538672864e-08 3.261227386109826564e-08 3.274674843808646048e-08 3.249208374865755546e-08 3.249480898756121145e-08 3.218308231429484151e-08 3.258825017613656466e-08 3.234540948305690513e-08 3.210476416243328434e-08 3.246248896039460896e-08 3.202895879422411731e-08 3.248089811753288760e-08 3.270318347156431881e-08 3.194369643338853715e-08 3.248668448913484238e-08 3.255239488185359734e-08 3.232848809564803913e-08 3.225027636928763389e-08 3.233768075273582520e-08 3.241312888310123298e-08 3.217127240312571519e-08 3.244391088154842843e-08 3.253455638163356362e-08 3.250728135391239625e-08 3.237493186096671689e-08 3.214225712750360825e-08 3.205422174268000156e-08 3.238284184979454446e-08 3.232210361748102935e-08 3.251829968919325421e-08 3.233097059164437138e-08 3.244555028046508965e-08 3.205395189460866168e-08 3.269402645505696616e-08 3.250951201467086994e-08 3.267305159009377172e-08 3.252768494716702865e-08 3.247019084526706878e-08 3.270369784855948484e-08 3.257354280865257810e-08 3.217769037561444349e-08 3.244059707422552334e-08 3.230922692850878265e-08 3.252067896560142697e-08
3.250799270137499750e-08 3.273011343874396431e-08 3.286469048379596764e-08 3.260801514236941495e-08 3.261210926285088647e-08 3.229794184042770507e-08 3.270634583969677105e-08 3.246197764734069384e-08 3.221952743635113847e-08 3.257999090192565991e-08 3.214232672838247344e-08 3.259780774109550251e-08 3.282130496324712246e-08 3.205710893343862779e-08 3.260389815694142023e-08 3.266981506758876040e-08 3.244357221045175311e-08 3.236596391749900604e-08 3.245319122495909061e-08 3.252933794514824558e-08 3.228599446551989793e-08 3.256090815899371564e-08 3.265273159275728111e-08 3.262450446281613227e-08 3.249084660084508441e-08 3.225712212341373416e-08 3.216795368661017668e-08 3.249928779775143305e-08 3.243830929577252145e-08 3.263589881702783324e-08 3.244555028046508965e-08 3.256315012985537859e-08 3.216758426735023369e-08 3.281256029798584287e-08 3.262634897049614759e-08 3.279187649534826257e-08 3.264447912582351650e-08 3.258568069861483037e-08 3.282164426676636962e-08 3.269119748890927465e-08 3.229208452234213284e-08 3.255800526477587298e-08 3.242525869847394665e-08 3.263837939177480981e-08
3.211483550660982711e-08 3.233304333558473885e-08 3.246572948484600400e-08 3.221390254434600314e-08 3.221697758853734404e-08 3.190773036610864708e-08 3.230900336708954011e-08 3.206838538520399551e-08 3.183024184315556977e-08 3.218495340482097574e-08 3.175518506346789903e-08 3.220319986166646164e-08 3.242298939431003482e-08 3.167094237511218778e-08 3.220837287888164986e-08 3.227300515285581594e-08 3.205150291906977231e-08 3.197444465985869185e-08 3.206086405853334627e-08 3.213590426762096615e-08 3.189710335611742749e-08 3.216636431225440314e-08 3.225581089937665197e-08 3.222885457970745987e-08 3.209815631932932741e-08 3.186815606075326078e-08 3.177989307131959149e-08 3.210586053112104262e-08 3.204552808767379590e-08 3.224030044408552312e-08 3.205395189460866168e-08 3.216758426735023369e-08 3.178051444673451600e-08 3.241423469531935746e-08 3.223155785216051556e-08 3.239294263436574383e-08 3.224945217399526962e-08 3.219196179028892516e-08 3.242322355849710317e-08 3.229495950930180910e-08 3.190292741624880960e-08 3.216307627976338139e-08 3.203263741355835043e-08 3.224242862621366407e-08
3.275715890732758224e-08 3.298233912079797853e-08 3.311798243811887831e-08 3.285879535338456175e-08 3.286164028222219080e-08 3.254432182743696231e-08 3.295852011054306384e-08 3.271093409280926076e-08 3.246575106341341711e-08 3.283078667285764428e-08 3.238863623801711463e-08 3.284774638089805306e-08 3.307357440258655296e-08 3.230140331412170389e-08 3.285437706908523999e-08 3.292163560995957708e-08 3.269192327297340498e-08 3.261398193100408190e-08 3.270196555714887408e-08 3.277854165241036679e-08 3.253436965921102164e-08 3.281144053014615894e-08 3.290476597254685554e-08 3.287532553535107666e-08 3.274131692809946298e-08 3.250444667946492320e-08 3.241437758678409188e-08 3.274838654075876446e-08 3.268745505448908315e-08 3.288705421523809891e-08 3.269402645505696616e-08 3.281256029798584287e-08 3.241423469531935746e-08 3.306621336268909033e-08 3.287737217059102274e-08 3.304420712060261346e-08 3.289494327368031186e-08 3.283614519539117824e-08 3.307458365378837520e-08 3.294261548610391572e-08 3.253982775589909750e-08 3.280762140993754285e-08 3.267529441580035504e-08 3.288939282330690932e-08
3.257225447101571591e-08 3.279538820586989020e-08 3.292967784828260937e-08 3.267301998442937440e-08 3.267616843572319267e-08 3.236103309752762004e-08 3.277093672548454208e-08 3.252538315850722896e-08 3.228269569786655817e-08 3.264434918970757345e-08 3.220646906881836767e-08 3.266204629234309160e-08 3.288646183871810674e-08 3.211964648996573063e-08 3.266907226318845878e-08 3.273414775096338130e-08 3.250742188806838454e-08 3.242926083683470588e-08 3.251688844451392074e-08 3.259329478346706906e-08 3.235023535022169424e-08 3.262458293403626242e-08 3.271742552019512767e-08 3.268881168781261561e-08 3.255584947379657304e-08 3.232153227845198274e-08 3.223205787036001824e-08 3.256335091053110059e-08 3.250247311038819643e-08 3.270048932822572568e-08 3.250951201467086994e-08 3.262634897049614759e-08 3.223155785216051556e-08 3.287737217059102274e-08 3.269209946531446681e-08 3.285634811225238451e-08 3.270847991972344333e-08 3.265063861391683036e-08 3.288634388703969734e-08 3.275667392773965442e-08 3.235588695434674632e-08 3.262211964165258475e-08 3.248977994332628722e-08 3.270276651295978121e-08
3.273621823216838849e-08 3.296103363402830186e-08 3.309702513442743732e-08 3.283781292886724106e-08 3.284084632075458861e-08 3.252355128454363875e-08 3.293756882048710820e-08 3.268993699848562420e-08 3.244506802236146354e-08 3.280989648310751183e-08 3.236777307565454713e-08 3.282707080811608058e-08 3.305261949615333326e-08 3.228062079104587697e-08 3.283390578901099273e-08 3.290032467117909457e-08 3.267096383466196486e-08 3.259257880392619374e-08 3.268054730381402681e-08 3.275757617595390771e-08 3.251244822565592073e-08 3.278990192617441454e-08 3.288361913695682291e-08 3.285417329137639882e-08 3.271954725068257945e-08 3.248312819814232268e-08 3.239354374229769589e-08 3.272788117660874393e-08 3.266642247732087167e-08 3.286588654936796190e-08 3.267305159009377172e-08 3.279187649534826257e-08 3.239294263436574383e-08 3.304420712060261346e-08 3.285634811225238451e-08 3.302383709285362716e-08 3.287352934844645070e-08 3.281494957542535422e-08 3.305363676117094040e-08 3.292182405893340131e-08 3.251860057290535158e-08 3.278722370020016568e-08 3.265385410067731923e-08 3.286855105380211719e-08
