3.666328909369495142e-08 3.700589925791451616e-08 3.707564666675719818e-08 3.693649435165140514e-08 3.678348267113862212e-08 3.636285643029057977e-08 3.702591337815910888e-08 3.655678075939317829e-08 3.622395380798238801e-08 3.684353650428890672e-08 3.617609431972000013e-08 3.686507387540181410e-08 3.713096532580604387e-08 3.611543983964814388e-08 3.672384926282205479e-08 3.695413685871566728e-08 3.661543798806322919e-08 3.646388307717062467e-08 3.660089217932217216e-08 3.672566510355426760e-08 3.634430628104568675e-08 3.673656833436002356e-08 3.692463357237772332e-08 3.677038318576213131e-08 3.655581108623602322e-08 3.633771323347566730e-08 3.623471581954065828e-08 3.674107732478647142e-08 3.661010440691255163e-08 3.690605970783595530e-08 3.648052767014207295e-08 3.674154624499398317e-08 3.631104158682505107e-08 3.719626539450757325e-08 3.680340652238190028e-08 3.709108110388450181e-08 3.693467097138449126e-08 3.673719699052753123e-08 3.709305415578169130e-08 3.699296192557809731e-08 3.638482287567296496e-08 3.679912682355953807e-08 3.658563022661221225e-08 3.688754113427221380e-08
3.700589925791451616e-08 3.735236798623903068e-08 3.742205645998197043e-08 3.728201599184343773e-08 3.712777761490370542e-08 3.670275939004592083e-08 3.737229768479657520e-08 3.689877013929688879e-08 3.656277192403350736e-08 3.718773290074025826e-08 3.651453841625833238e-08 3.720997709626830833e-08 3.747818515384219616e-08 3.645329314693379257e-08 3.706756637820316771e-08 3.729945721837358938e-08 3.695821542138256422e-08 3.680507944487832003e-08 3.694279140102755520e-08 3.706873943896714085e-08 3.668400793623198685e-08 3.708019092275827460e-08 3.727012934206232480e-08 3.711454309729286624e-08 3.689753392091356035e-08 3.667739242730847207e-08 3.657348716021890816e-08 3.708444644226237780e-08 3.695252696207503105e-08 3.725108092236764684e-08 3.682169484881110649e-08 3.708519452511524323e-08 3.665047520837247721e-08 3.754390671929755816e-08 3.714751438889632474e-08 3.743792060175939857e-08 3.727992494067273990e-08 3.708082594477066963e-08 3.743970363747887980e-08 3.733924247827415473e-08 3.672477580922639005e-08 3.714332378271004365e-08 3.692795468248364517e-08 3.723248102612891165e-08
3.707564666675719818e-08 3.742205645998197043e-08 3.749424981171794808e-08 3.735209660954047313e-08 3.719723980598666261e-08 3.677248336658034673e-08 3.744240230602880951e-08 3.696772816967434107e-08 3.663179724715932855e-08 3.725886445646492301e-08 3.658357452127604844e-08 3.728001205473269899e-08 3.754938661791799112e-08 3.652165717976895321e-08 3.713764656790228329e-08 3.737074832067645319e-08 3.702757966396552349e-08 3.687453113982416597e-08 3.701297188233126125e-08 3.713893647200454913e-08 3.675335438477380731e-08 3.715038079431865961e-08 3.734057072334480751e-08 3.718406361237336901e-08 3.696720184253531212e-08 3.674716058113187094e-08 3.664245691059722908e-08 3.715515385226083789e-08 3.702241805399936267e-08 3.732111845325636789e-08 3.689092245080806466e-08 3.715476788798201991e-08 3.671934319021625627e-08 3.761570589539238034e-08 3.721785102780857966e-08 3.750838976352374633e-08 3.735010367160541933e-08 3.715077994360930659e-08 3.751089453672072318e-08 3.740931415121568523e-08 3.679448231576857546e-08 3.721356128864403345e-08 3.699692684970948526e-08 3.730383968702978607e-08
3.693649435165140514e-08 3.728201599184343773e-08 3.735209660954047313e-08 3.721300033940843505e-08 3.705768392253053065e-08 3.663415822130905583e-08 3.730229908346905336e-08 3.682963986364382614e-08 3.649463966172519783e-08 3.711792095096850511e-08 3.644586665801145492e-08 3.714002115064492592e-08 3.740808268391495493e-08 3.638453919658488550e-08 3.699865781944831263e-08 3.722941516477880375e-08 3.688898216699171956e-08 3.673604532352044570e-08 3.687320048149065068e-08 3.699984090940077302e-08 3.661448373552717884e-08 3.701054955933539250e-08 3.720015154522840541e-08 3.704474454227778821e-08 3.682768728101437046e-08 3.660855980386517256e-08 3.650455120179954550e-08 3.701504699793784801e-08 3.688343516910861566e-08 3.718116937366542633e-08 3.675301613079271659e-08 3.701546998745377629e-08 3.658190659074240927e-08 3.747340375495406040e-08 3.707802590401865802e-08 3.736815587588326062e-08 3.721065235971233025e-08 3.701105912403168492e-08 3.736966722831892820e-08 3.726860951813479077e-08 3.665619263493040062e-08 3.707427820070793193e-08 3.685912980519019874e-08 3.716245146511968831e-08
3.678348267113862212e-08 3.712777761490370542e-08 3.719723980598666261e-08 3.705768392253053065e-08 3.690540667641445447e-08 3.648247192773788578e-08 3.714729190220528381e-08 3.667700956970131505e-08 3.634333946062864860e-08 3.696470318801617636e-08 3.629550334466517067e-08 3.698608018763832197e-08 3.725313704970324827e-08 3.623444273256548454e-08 3.684467361966884476e-08 3.707553784779046130e-08 3.673640191139467062e-08 3.658419044950233892e-08 3.672106739873318286e-08 3.684609472601334128e-08 3.646346762526655987e-08 3.685733097803020872e-08 3.704624028493730094e-08 3.689167223900818512e-08 3.667601220353551311e-08 3.645721642190534700e-08 3.635386789103490243e-08 3.686182759169212295e-08 3.673048013331734071e-08 3.702695124592278686e-08 3.660042563455032190e-08 3.686231429303920441e-08 3.643074194243239266e-08 3.731856354985223298e-08 3.692440234697474110e-08 3.721275865595041350e-08 3.705572699427516247e-08 3.685794377504033805e-08 3.721494982640123604e-08 3.711464754752755165e-08 3.650455862082536039e-08 3.692031446154656210e-08 3.670607617797738067e-08 3.700860823074572921e-08
3.636285643029057977e-08 3.670275939004592083e-08 3.677248336658034673e-08 3.663415822130905583e-08 3.648247192773788578e-08 3.606584307265782421e-08 3.672252740995348639e-08 3.625775696251713585e-08 3.592786005200121632e-08 3.654242336250757871e-08 3.588046314969025618e-08 3.656332584042036843e-08 3.682745399383773137e-08 3.581979931310221302e-08 3.642372735375639993e-08 3.665195153183205303e-08 3.631622350857534421e-08 3.616598645126681805e-08 3.630141844031664042e-08 3.642512632296829345e-08 3.604650246678891713e-08 3.643608373660092698e-08 3.662242999712528273e-08 3.646920572608839135e-08 3.625669608090091160e-08 3.604066637120663478e-08 3.593800024722093934e-08 3.644066357035061142e-08 3.631079059007807719e-08 3.660414246005141373e-08 3.618210893633546613e-08 3.644083370753259465e-08 3.601358804448505380e-08 3.689207213126560924e-08 3.650249724641747621e-08 3.678730879855484562e-08 3.663237198913507483e-08 3.643632969456668437e-08 3.678949701453508771e-08 3.669003928744439152e-08 3.608721856835596513e-08 3.649814395199929129e-08 3.628611144419933451e-08 3.658578357086665715e-08
3.702591337815910888e-08 3.737229768479657520e-08 3.744240230602880951e-08 3.730229908346905336e-08 3.714729190220528381e-08 3.672252740995348639e-08 3.739332241249363631e-08 3.691845761851603474e-08 3.658245552380352591e-08 3.720793326544578554e-08 3.653349735784228021e-08 3.723012232153454293e-08 3.749852707567786941e-08 3.647230471400745678e-08 3.708754678233072937e-08 3.731960311008447338e-08 3.697775697519823402e-08 3.682424445626455185e-08 3.696272762268500879e-08 3.708905725247263939e-08 3.670381565433830484e-08 3.710048513346644592e-08 3.729032815459195382e-08 3.713456342292320413e-08 3.691767536428249255e-08 3.669691577403937714e-08 3.659287003839022028e-08 3.710449365399246526e-08 3.697243816078596039e-08 3.727195357132472819e-08 3.684154875267405410e-08 3.710529485152896652e-08 3.666956648972294851e-08 3.756458609630675896e-08 3.716801927202062924e-08 3.745946064348908295e-08 3.730082392203783794e-08 3.710087482381356596e-08 3.746065198887343011e-08 3.735948817705875187e-08 3.674474281526181967e-08 3.716334738421427863e-08 3.694813763276020880e-08 3.725256200518422757e-08
3.655678075939317829e-08 3.689877013929688879e-08 3.696772816967434107e-08 3.682963986364382614e-08 3.667700956970131505e-08 3.625775696251713585e-08 3.691845761851603474e-08 3.645171532999113181e-08 3.611912932079993020e-08 3.673667014034578969e-08 3.607140942150734511e-08 3.675816367426337198e-08 3.702379621137254799e-08 3.601054022341109697e-08 3.661792174519499197e-08 3.684671276505527867e-08 3.651013262848132398e-08 3.635860740795449844e-08 3.649448136999773601e-08 3.661916790947395512e-08 3.623846062259254706e-08 3.662983308969155858e-08 3.681743944687106693e-08 3.666389702673920907e-08 3.644969710916400301e-08 3.623222233565620877e-08 3.612938823006433609e-08 3.663449706335714326e-08 3.650441062975507865e-08 3.679944907422011556e-08 3.637533147205115986e-08 3.663528109104721124e-08 3.620530699278230077e-08 3.708829001232876384e-08 3.669726326091257992e-08 3.698357440344472301e-08 3.682796165485641954e-08 3.663010628758254687e-08 3.698548232945842603e-08 3.688583951781677259e-08 3.627899826303484154e-08 3.669278343140406103e-08 3.648014081658642544e-08 3.678007073958583680e-08
3.622395380798238801e-08 3.656277192403350736e-08 3.663179724715932855e-08 3.649463966172519783e-08 3.634333946062864860e-08 3.592786005200121632e-08 3.658245552380352591e-08 3.611912932079993020e-08 3.579110759408937156e-08 3.640250076674534568e-08 3.574327278817736438e-08 3.642380375525828650e-08 3.668670644021968059e-08 3.568310214801538983e-08 3.628467534476438867e-08 3.651182700996080050e-08 3.617752880765584454e-08 3.602774177578036060e-08 3.616262519812930517e-08 3.628602875103141800e-08 3.590848928301588939e-08 3.629693309368260417e-08 3.648275649914459597e-08 3.633012066812817397e-08 3.611794920217322506e-08 3.590270468269717900e-08 3.580056013952790867e-08 3.630121304052562996e-08 3.617198687341299769e-08 3.646408143449524236e-08 3.604370534489910098e-08 3.630148179638700082e-08 3.587643240041208348e-08 3.675090224063183424e-08 3.636285209717449026e-08 3.664718326420597358e-08 3.649266220418836232e-08 3.629732192670477077e-08 3.664906317953805944e-08 3.654956223596436625e-08 3.594964166606426115e-08 3.635904152402639381e-08 3.614777917590093617e-08 3.644579372831815405e-08
3.684353650428890672e-08 3.718773290074025826e-08 3.725886445646492301e-08 3.711792095096850511e-08 3.696470318801617636e-08 3.654242336250757871e-08 3.720793326544578554e-08 3.673667014034578969e-08 3.640250076674534568e-08 3.702628785624388692e-08 3.635459664216920846e-08 3.704619085412359308e-08 3.731431999115993593e-08 3.629314796806099516e-08 3.690459649528791999e-08 3.713681540647998171e-08 3.679597357191580762e-08 3.664384563868434296e-08 3.678164708417045944e-08 3.690677428474561166e-08 3.652322221685873852e-08 3.691766228579023152e-08 3.710628688276989601e-08 3.695130771259911708e-08 3.673607701334679767e-08 3.651699867799477880e-08 3.641296638962043090e-08 3.692282895348148083e-08 3.679056935406882457e-08 3.708803476760955818e-08 3.666005883365075049e-08 3.692241618271038499e-08 3.648973878452978426e-08 3.738027521016370343e-08 3.698524314999962667e-08 3.727380081491185239e-08 3.711655577216424886e-08 3.691798617301713582e-08 3.727645002591810994e-08 3.717533936550313336e-08 3.656478009371332269e-08 3.698032854298668857e-08 3.676564804647618175e-08 3.706952207227867820e-08
3.617609431972000013e-08 3.651453841625833238e-08 3.658357452127604844e-08 3.644586665801145492e-08 3.629550334466517067e-08 3.588046314969025618e-08 3.653349735784228021e-08 3.607140942150734511e-08 3.574327278817736438e-08 3.635459664216920846e-08 3.569687689577633714e-08 3.637558141975178579e-08 3.663788066602954539e-08 3.563650644862716052e-08 3.623664619235587693e-08 3.646360049503307309e-08 3.612981562410596943e-08 3.598083654869167463e-08 3.611483033817733662e-08 3.623778499981510620e-08 3.586157502644511701e-08 3.624903728110793217e-08 3.643441867871623918e-08 3.628188968587248287e-08 3.607050516476349586e-08 3.585600935906329465e-08 3.575383318561352607e-08 3.625351506700457024e-08 3.612416991233351371e-08 3.641556145314707148e-08 3.599623511958393182e-08 3.625358820511299461e-08 3.582924084661049601e-08 3.670221790547483220e-08 3.631449146204436062e-08 3.659740564585372196e-08 3.644349257384532891e-08 3.624951147787199065e-08 3.659977199459316068e-08 3.650181861072556459e-08 3.590175252238029294e-08 3.631042294268204616e-08 3.609929307524803330e-08 3.639817509459248937e-08
3.686507387540181410e-08 3.720997709626830833e-08 3.728001205473269899e-08 3.714002115064492592e-08 3.698608018763832197e-08 3.656332584042036843e-08 3.723012232153454293e-08 3.675816367426337198e-08 3.642380375525828650e-08 3.704619085412359308e-08 3.637558141975178579e-08 3.706910767339168636e-08 3.733562725415900662e-08 3.631451204062110070e-08 3.692663799811682156e-08 3.715784650066730312e-08 3.681723684906757385e-08 3.666492809174168321e-08 3.680257035393520912e-08 3.692762570977447532e-08 3.654482133111158463e-08 3.693959699020649173e-08 3.712856324580298985e-08 3.697288471645998519e-08 3.675770618525550523e-08 3.653816840646827455e-08 3.643439738508458177e-08 3.694327025093191123e-08 3.681204423308636742e-08 3.710978988386795672e-08 3.668123197857066585e-08 3.694408867739163512e-08 3.651058953049226132e-08 3.740112621306164085e-08 3.700604305677798606e-08 3.729541007232705391e-08 3.713808564951961628e-08 3.694004092576349313e-08 3.729713826586211961e-08 3.719686144176604748e-08 3.658489186274270986e-08 3.700173098934856699e-08 3.678692042508135188e-08 3.709141933514609100e-08
3.713096532580604387e-08 3.747818515384219616e-08 3.754938661791799112e-08 3.740808268391495493e-08 3.725313704970324827e-08 3.682745399383773137e-08 3.749852707567786941e-08 3.702379621137254799e-08 3.668670644021968059e-08 3.731431999115993593e-08 3.663788066602954539e-08 3.733562725415900662e-08 3.760606022767718078e-08 3.657581016397380126e-08 3.719306660387091308e-08 3.742629135743485137e-08 3.708337840876945464e-08 3.692933926772035190e-08 3.706826182748547024e-08 3.719455539490509394e-08 3.680773600718880469e-08 3.720520227678342705e-08 3.739621031946989141e-08 3.724004141817916462e-08 3.702209608348693200e-08 3.680114817814998181e-08 3.669676970004816377e-08 3.721019538780880013e-08 3.707785447886247593e-08 3.737724032014338311e-08 3.694625171291320382e-08 3.721034780271644330e-08 3.677404870815129873e-08 3.767175822632878877e-08 3.727380552583007384e-08 3.756498871411750533e-08 3.740638123206122275e-08 3.720576706011364796e-08 3.756733825552120985e-08 3.746518775017968127e-08 3.684926245612763129e-08 3.726966185273577195e-08 3.705317570461343021e-08 3.735840661091329490e-08
3.611543983964814388e-08 3.645329314693379257e-08 3.652165717976895321e-08 3.638453919658488550e-08 3.623444273256548454e-08 3.581979931310221302e-08 3.647230471400745678e-08 3.601054022341109697e-08 3.568310214801538983e-08 3.629314796806099516e-08 3.563650644862716052e-08 3.631451204062110070e-08 3.657581016397380126e-08 3.557699807271836837e-08 3.617531465612513997e-08 3.640215935737794912e-08 3.606869883685424490e-08 3.592004881033044927e-08 3.605424254844533406e-08 3.617666472294941566e-08 3.580152924465031020e-08 3.618812883965688571e-08 3.637298742102135612e-08 3.622096217096792100e-08 3.600994673452897788e-08 3.579548254576855233e-08 3.569379117137621708e-08 3.619224171421966160e-08 3.606318431926012723e-08 3.635430464596899120e-08 3.593534917945173110e-08 3.619275803878999378e-08 3.576930058313912171e-08 3.664018585432689878e-08 3.625309503864690487e-08 3.653591896261211895e-08 3.638224317572394895e-08 3.618881281821631758e-08 3.653812645682904841e-08 3.644035389969239408e-08 3.584156356671945093e-08 3.624899531563516547e-08 3.603851485134417942e-08 3.633678322088893770e-08
3.672384926282205479e-08 3.706756637820316771e-08 3.713764656790228329e-08 3.699865781944831263e-08 3.684467361966884476e-08 3.642372735375639993e-08 3.708754678233072937e-08 3.661792174519499197e-08 3.628467534476438867e-08 3.690459649528791999e-08 3.623664619235587693e-08 3.692663799811682156e-08 3.719306660387091308e-08 3.617531465612513997e-08 3.678655886625084288e-08 3.701537743699158527e-08 3.667726816980351458e-08 3.652533576093347960e-08 3.666085611915129117e-08 3.678664168328416583e-08 3.640419348129213924e-08 3.679824093679261849e-08 3.698631940351558083e-08 3.683162336383836776e-08 3.661638087629607987e-08 3.639864084117879645e-08 3.629479935635100323e-08 3.680235225818490738e-08 3.667182782712018886e-08 3.696751595455540699e-08 3.654179542083728335e-08 3.680295369860024715e-08 3.637081005298338081e-08 3.725817192840206893e-08 3.686524200673760838e-08 3.715287633561832488e-08 3.699665084528879189e-08 3.679804242352469565e-08 3.715467157226277990e-08 3.705451873558372214e-08 3.644506886988229788e-08 3.686089149705206576e-08 3.664687146933253117e-08 3.694944683446076685e-08
3.695413685871566728e-08 3.729945721837358938e-08 3.737074832067645319e-08 3.722941516477880375e-08 3.707553784779046130e-08 3.665195153183205303e-08 3.731960311008447338e-08 3.684671276505527867e-08 3.651182700996080050e-08 3.713681540647998171e-08 3.646360049503307309e-08 3.715784650066730312e-08 3.742629135743485137e-08 3.640215935737794912e-08 3.701537743699158527e-08 3.724837687069561120e-08 3.690609078964681776e-08 3.675355563597451833e-08 3.689212942072248433e-08 3.701722753930388841e-08 3.663294348950884982e-08 3.702839852077826289e-08 3.721794976373350022e-08 3.706222337748882856e-08 3.684610029437300965e-08 3.662634809305381367e-08 3.652231662224107952e-08 3.703310192249110955e-08 3.690090479253448002e-08 3.719896647182171393e-08 3.676969977270618105e-08 3.703300614109429488e-08 3.659929721956521482e-08 3.749225016214199428e-08 3.709564763895841711e-08 3.738542795871686257e-08 3.722759710945223572e-08 3.702908651517291742e-08 3.738804735986320705e-08 3.728662767168612751e-08 3.667417568628952052e-08 3.709147452236027199e-08 3.687580048006146288e-08 3.718095124927930968e-08
3.661543798806322919e-08 3.695821542138256422e-08 3.702757966396552349e-08 3.688898216699171956e-08 3.673640191139467062e-08 3.631622350857534421e-08 3.697775697519823402e-08 3.651013262848132398e-08 3.617752880765584454e-08 3.679597357191580762e-08 3.612981562410596943e-08 3.681723684906757385e-08 3.708337840876945464e-08 3.606869883685424490e-08 3.667726816980351458e-08 3.690609078964681776e-08 3.656929957897161065e-08 3.641756614280102936e-08 3.655295626490359427e-08 3.667802603839724191e-08 3.629662835637627264e-08 3.668913907780672581e-08 3.687693710891312065e-08 3.672306008602525833e-08 3.650843312627513655e-08 3.629096086699211829e-08 3.618766349132016532e-08 3.669389603896803941e-08 3.656331883965800015e-08 3.685841488735508169e-08 3.643399694610986758e-08 3.669433796711334969e-08 3.626373514960918408e-08 3.714819516510891845e-08 3.675653173154177398e-08 3.704305669052863585e-08 3.688719602096386789e-08 3.668911958786928076e-08 3.704505313766324116e-08 3.694524447310436579e-08 3.633766798343559334e-08 3.675198859440187006e-08 3.653881901936179578e-08 3.683977527265374694e-08
3.646388307717062467e-08 3.680507944487832003e-08 3.687453113982416597e-08 3.673604532352044570e-08 3.658419044950233892e-08 3.616598645126681805e-08 3.682424445626455185e-08 3.635860740795449844e-08 3.602774177578036060e-08 3.664384563868434296e-08 3.598083654869167463e-08 3.666492809174168321e-08 3.692933926772035190e-08 3.592004881033044927e-08 3.652533576093347960e-08 3.675355563597451833e-08 3.641756614280102936e-08 3.626737265496718345e-08 3.640189167509601130e-08 3.652611583733670227e-08 3.614676866887139037e-08 3.653764165520760663e-08 3.672410565838024942e-08 3.657055084888404432e-08 3.635751951892354099e-08 3.614140146488043221e-08 3.603820305441288371e-08 3.654208701739891223e-08 3.641186712463880314e-08 3.670555901603906480e-08 3.628290050399376474e-08 3.654234302990063103e-08 3.611407479834060853e-08 3.699418268084584273e-08 3.660381197062039193e-08 3.688878523956203501e-08 3.673389774121172504e-08 3.653768654980962059e-08 3.689106282851676319e-08 3.679226149593058090e-08 3.618749642460618581e-08 3.659932316186899819e-08 3.638672458659083490e-08 3.668774168507281389e-08
3.660089217932217216e-08 3.694279140102755520e-08 3.701297188233126125e-08 3.687320048149065068e-08 3.672106739873318286e-08 3.630141844031664042e-08 3.696272762268500879e-08 3.649448136999773601e-08 3.616262519812930517e-08 3.678164708417045944e-08 3.611483033817733662e-08 3.680257035393520912e-08 3.706826182748547024e-08 3.605424254844533406e-08 3.666085611915129117e-08 3.689212942072248433e-08 3.655295626490359427e-08 3.640189167509601130e-08 3.653971649433569770e-08 3.666327650916457813e-08 3.628279624081980740e-08 3.667411766007853732e-08 3.686190994951035843e-08 3.670775260524951061e-08 3.649396783215622486e-08 3.627592247576289022e-08 3.617309933739736748e-08 3.667875306485420035e-08 3.654777122216960902e-08 3.684341058369534000e-08 3.641791590417828805e-08 3.667884727233658525e-08 3.624954774677173669e-08 3.713349532243084835e-08 3.674067128002730127e-08 3.702783289156009797e-08 3.687147087961864621e-08 3.667508452822995839e-08 3.703036829550263025e-08 3.693000659455689276e-08 3.632350000164192802e-08 3.673650824378215902e-08 3.652307887053341374e-08 3.682497918506371931e-08
3.672566510355426760e-08 3.706873943896714085e-08 3.713893647200454913e-08 3.699984090940077302e-08 3.684609472601334128e-08 3.642512632296829345e-08 3.708905725247263939e-08 3.661916790947395512e-08 3.628602875103141800e-08 3.690677428474561166e-08 3.623778499981510620e-08 3.692762570977447532e-08 3.719455539490509394e-08 3.617666472294941566e-08 3.678664168328416583e-08 3.701722753930388841e-08 3.667802603839724191e-08 3.652611583733670227e-08 3.666327650916457813e-08 3.678889905100341094e-08 3.640572519219342702e-08 3.679907677279503104e-08 3.698748004945839250e-08 3.683298965935482760e-08 3.661780775720976726e-08 3.639961885938612773e-08 3.629621482674184779e-08 3.680409267344136596e-08 3.667259884247081900e-08 3.696911372261268592e-08 3.654294515045466804e-08 3.680402873114259974e-08 3.637317337934960463e-08 3.725985316429141067e-08 3.686644370385149011e-08 3.715471744266038104e-08 3.699801294013409920e-08 3.679967457294957019e-08 3.715666587220071368e-08 3.705585250030663127e-08 3.644733261032867893e-08 3.686223837547074578e-08 3.664838283998773187e-08 3.695017491613330535e-08
3.634430628104568675e-08 3.668400793623198685e-08 3.675335438477380731e-08 3.661448373552717884e-08 3.646346762526655987e-08 3.604650246678891713e-08 3.670381565433830484e-08 3.623846062259254706e-08 3.590848928301588939e-08 3.652322221685873852e-08 3.586157502644511701e-08 3.654482133111158463e-08 3.680773600718880469e-08 3.580152924465031020e-08 3.640419348129213924e-08 3.663294348950884982e-08 3.629662835637627264e-08 3.614676866887139037e-08 3.628279624081980740e-08 3.640572519219342702e-08 3.602898913696179744e-08 3.641758415539053874e-08 3.660353438143745019e-08 3.645034095599514781e-08 3.623863028965011506e-08 3.602209024991427071e-08 3.591983027945531897e-08 3.642152377596951373e-08 3.629163165706574787e-08 3.658532066145111469e-08 3.616274923481336226e-08 3.642213411046853800e-08 3.599473820742732583e-08 3.687290075928042979e-08 3.648314937241316376e-08 3.676802847190320865e-08 3.661296874810265032e-08 3.641802854771720379e-08 3.677020339346758234e-08 3.667158992189349788e-08 3.606811311168799961e-08 3.647827433083131493e-08 3.626666618321911189e-08 3.656742829838708551e-08
3.673656833436002356e-08 3.708019092275827460e-08 3.715038079431865961e-08 3.701054955933539250e-08 3.685733097803020872e-08 3.643608373660092698e-08 3.710048513346644592e-08 3.662983308969155858e-08 3.629693309368260417e-08 3.691766228579023152e-08 3.624903728110793217e-08 3.693959699020649173e-08 3.720520227678342705e-08 3.618812883965688571e-08 3.679824093679261849e-08 3.702839852077826289e-08 3.668913907780672581e-08 3.653764165520760663e-08 3.667411766007853732e-08 3.679907677279503104e-08 3.641758415539053874e-08 3.681166674272880564e-08 3.699907583270357845e-08 3.684396228107170724e-08 3.663013492270204745e-08 3.641162631457979985e-08 3.630754571749471019e-08 3.681521881900346149e-08 3.668393320510013560e-08 3.698080033849648901e-08 3.655374566785531567e-08 3.681576610057615129e-08 3.638318364897800719e-08 3.727112897123133472e-08 3.687766459286012440e-08 3.716583586215726358e-08 3.700909316151599175e-08 3.681132912895620038e-08 3.716747690375827795e-08 3.706748977021248262e-08 3.645802612988719160e-08 3.687255282173283892e-08 3.665862891073360157e-08 3.696255296554160580e-08
3.692463357237772332e-08 3.727012934206232480e-08 3.734057072334480751e-08 3.720015154522840541e-08 3.704624028493730094e-08 3.662242999712528273e-08 3.729032815459195382e-08 3.681743944687106693e-08 3.648275649914459597e-08 3.710628688276989601e-08 3.643441867871623918e-08 3.712856324580298985e-08 3.739621031946989141e-08 3.637298742102135612e-08 3.698631940351558083e-08 3.721794976373350022e-08 3.687693710891312065e-08 3.672410565838024942e-08 3.686190994951035843e-08 3.698748004945839250e-08 3.660353438143745019e-08 3.699907583270357845e-08 3.718882939342149701e-08 3.703297767946160764e-08 3.681678649877825870e-08 3.659710390205787824e-08 3.649323748876978163e-08 3.700324280531928933e-08 3.687143045582572269e-08 3.716935934772537383e-08 3.674075019917841214e-08 3.700360147089325666e-08 3.656983614134939391e-08 3.746195128023905311e-08 3.706602424822625126e-08 3.735604883321547998e-08 3.719806666261677631e-08 3.699963544693995207e-08 3.735779821493994853e-08 3.725705648257457402e-08 3.664421784765629745e-08 3.706203360686392030e-08 3.684668623373455774e-08 3.715129095822016909e-08
3.677038318576213131e-08 3.711454309729286624e-08 3.718406361237336901e-08 3.704474454227778821e-08 3.689167223900818512e-08 3.646920572608839135e-08 3.713456342292320413e-08 3.666389702673920907e-08 3.633012066812817397e-08 3.695130771259911708e-08 3.628188968587248287e-08 3.697288471645998519e-08 3.724004141817916462e-08 3.622096217096792100e-08 3.683162336383836776e-08 3.706222337748882856e-08 3.672306008602525833e-08 3.657055084888404432e-08 3.670775260524951061e-08 3.683298965935482760e-08 3.645034095599514781e-08 3.684396228107170724e-08 3.703297767946160764e-08 3.687864209708227817e-08 3.666251185520375307e-08 3.644364401918895997e-08 3.634056515747479824e-08 3.684850977964614953e-08 3.671740650085769634e-08 3.701391292897707336e-08 3.658735137771470693e-08 3.684911188885167219e-08 3.641724475296707259e-08 3.730538956381691042e-08 3.691140652627490676e-08 3.720012012361508913e-08 3.704289232978207545e-08 3.684465847055789117e-08 3.720205770088816506e-08 3.710155621844012343e-08 3.649126168441369846e-08 3.690730640834128196e-08 3.669332186595296619e-08 3.699537275564349956e-08
3.655581108623602322e-08 3.689753392091356035e-08 3.696720184253531212e-08 3.682768728101437046e-08 3.667601220353551311e-08 3.625669608090091160e-08 3.691767536428249255e-08 3.644969710916400301e-08 3.611794920217322506e-08 3.673607701334679767e-08 3.607050516476349586e-08 3.675770618525550523e-08 3.702209608348693200e-08 3.600994673452897788e-08 3.661638087629607987e-08 3.684610029437300965e-08 3.650843312627513655e-08 3.635751951892354099e-08 3.649396783215622486e-08 3.661780775720976726e-08 3.623863028965011506e-08 3.663013492270204745e-08 3.681678649877825870e-08 3.666251185520375307e-08 3.645035164627751775e-08 3.623224832947542426e-08 3.612889361909729544e-08 3.663393951620341065e-08 3.650311871467490122e-08 3.679907781808817599e-08 3.637367054834104498e-08 3.663457420883405410e-08 3.620391681139486730e-08 3.708769181230851236e-08 3.669618587813288282e-08 3.698270970057430435e-08 3.682671411961748092e-08 3.662990098407257376e-08 3.698446618822266387e-08 3.688504520885428381e-08 3.627834556778412092e-08 3.669060124703091484e-08 3.647794965035211305e-08 3.678029480721561275e-08
3.633771323347566730e-08 3.667739242730847207e-08 3.674716058113187094e-08 3.660855980386517256e-08 3.645721642190534700e-08 3.604066637120663478e-08 3.669691577403937714e-08 3.623222233565620877e-08 3.590270468269717900e-08 3.651699867799477880e-08 3.585600935906329465e-08 3.653816840646827455e-08 3.680114817814998181e-08 3.579548254576855233e-08 3.639864084117879645e-08 3.662634809305381367e-08 3.629096086699211829e-08 3.614140146488043221e-08 3.627592247576289022e-08 3.639961885938612773e-08 3.602209024991427071e-08 3.641162631457979985e-08 3.659710390205787824e-08 3.644364401918895997e-08 3.623224832947542426e-08 3.601669003681373069e-08 3.591359266653718327e-08 3.641577809424480524e-08 3.628558953313187039e-08 3.657877326324583260e-08 3.615708737380393331e-08 3.641587298185147458e-08 3.598864299539717090e-08 3.686626258832219667e-08 3.647705312441019753e-08 3.676125636788880537e-08 3.660673818067484811e-08 3.641142449108338236e-08 3.676334392772200381e-08 3.666482492573753602e-08 3.606212711027336622e-08 3.647212112834736826e-08 3.626025398939904187e-08 3.656125358334330924e-08
3.623471581954065828e-08 3.657348716021890816e-08 3.664245691059722908e-08 3.650455120179954550e-08 3.635386789103490243e-08 3.593800024722093934e-08 3.659287003839022028e-08 3.612938823006433609e-08 3.580056013952790867e-08 3.641296638962043090e-08 3.575383318561352607e-08 3.643439738508458177e-08 3.669676970004816377e-08 3.569379117137621708e-08 3.629479935635100323e-08 3.652231662224107952e-08 3.618766349132016532e-08 3.603820305441288371e-08 3.617309933739736748e-08 3.629621482674184779e-08 3.591983027945531897e-08 3.630754571749471019e-08 3.649323748876978163e-08 3.634056515747479824e-08 3.612889361909729544e-08 3.591359266653718327e-08 3.581167191335685887e-08 3.631189725599790549e-08 3.618229850528579350e-08 3.647456868119553823e-08 3.605417367856483590e-08 3.631229484368151805e-08 3.588687262343327709e-08 3.676150457842024696e-08 3.637309621049212937e-08 3.665689989504605648e-08 3.650252239468038095e-08 3.630809187773905212e-08 3.665907075315504168e-08 3.656079397740947856e-08 3.595952499515130202e-08 3.636878316612436980e-08 3.615765872027196737e-08 3.645696051247945797e-08
3.674107732478647142e-08 3.708444644226237780e-08 3.715515385226083789e-08 3.701504699793784801e-08 3.686182759169212295e-08 3.644066357035061142e-08 3.710449365399246526e-08 3.663449706335714326e-08 3.630121304052562996e-08 3.692282895348148083e-08 3.625351506700457024e-08 3.694327025093191123e-08 3.721019538780880013e-08 3.619224171421966160e-08 3.680235225818490738e-08 3.703310192249110955e-08 3.669389603896803941e-08 3.654208701739891223e-08 3.667875306485420035e-08 3.680409267344136596e-08 3.642152377596951373e-08 3.681521881900346149e-08 3.700324280531928933e-08 3.684850977964614953e-08 3.663393951620341065e-08 3.641577809424480524e-08 3.631189725599790549e-08 3.682044904343184170e-08 3.668831408409068960e-08 3.698494655428644859e-08 3.655855434969434954e-08 3.682000720238531473e-08 3.638821837338489945e-08 3.727600852769349750e-08 3.688245939075329520e-08 3.717010238405569751e-08 3.701345197996841240e-08 3.681526109681344679e-08 3.717232912846826876e-08 3.707195206715776222e-08 3.646279433754129360e-08 3.687744033432197984e-08 3.666347884738079554e-08 3.696674331250764119e-08
3.661010440691255163e-08 3.695252696207503105e-08 3.702241805399936267e-08 3.688343516910861566e-08 3.673048013331734071e-08 3.631079059007807719e-08 3.697243816078596039e-08 3.650441062975507865e-08 3.617198687341299769e-08 3.679056935406882457e-08 3.612416991233351371e-08 3.681204423308636742e-08 3.707785447886247593e-08 3.606318431926012723e-08 3.667182782712018886e-08 3.690090479253448002e-08 3.656331883965800015e-08 3.641186712463880314e-08 3.654777122216960902e-08 3.667259884247081900e-08 3.629163165706574787e-08 3.668393320510013560e-08 3.687143045582572269e-08 3.671740650085769634e-08 3.650311871467490122e-08 3.628558953313187039e-08 3.618229850528579350e-08 3.668831408409068960e-08 3.655798343236146966e-08 3.685310937569544604e-08 3.642824168430698052e-08 3.668887554650100719e-08 3.625809353361043395e-08 3.714287721179442858e-08 3.675098303949791449e-08 3.703766172929153442e-08 3.688180870371971463e-08 3.668392195912861658e-08 3.703977913236523499e-08 3.693971246042085814e-08 3.633227780806507374e-08 3.674636323421931076e-08 3.653314423437206424e-08 3.683469786138947873e-08
3.690605970783595530e-08 3.725108092236764684e-08 3.732111845325636789e-08 3.718116937366542633e-08 3.702695124592278686e-08 3.660414246005141373e-08 3.727195357132472819e-08 3.679944907422011556e-08 3.646408143449524236e-08 3.708803476760955818e-08 3.641556145314707148e-08 3.710978988386795672e-08 3.737724032014338311e-08 3.635430464596899120e-08 3.696751595455540699e-08 3.719896647182171393e-08 3.685841488735508169e-08 3.670555901603906480e-08 3.684341058369534000e-08 3.696911372261268592e-08 3.658532066145111469e-08 3.698080033849648901e-08 3.716935934772537383e-08 3.701391292897707336e-08 3.679907781808817599e-08 3.657877326324583260e-08 3.647456868119553823e-08 3.698494655428644859e-08 3.685310937569544604e-08 3.715230135406626441e-08 3.672263183939634521e-08 3.698572056100870247e-08 3.655037404270796351e-08 3.744312046339189797e-08 3.704832879205293261e-08 3.733805329803613295e-08 3.718039347946915628e-08 3.698049247092835101e-08 3.733938921589105214e-08 3.723859795185438692e-08 3.662592167410307579e-08 3.704263631312307924e-08 3.682835577288097119e-08 3.713210910283366065e-08
3.648052767014207295e-08 3.682169484881110649e-08 3.689092245080806466e-08 3.675301613079271659e-08 3.660042563455032190e-08 3.618210893633546613e-08 3.684154875267405410e-08 3.637533147205115986e-08 3.604370534489910098e-08 3.666005883365075049e-08 3.599623511958393182e-08 3.668123197857066585e-08 3.694625171291320382e-08 3.593534917945173110e-08 3.654179542083728335e-08 3.676969977270618105e-08 3.643399694610986758e-08 3.628290050399376474e-08 3.641791590417828805e-08 3.654294515045466804e-08 3.616274923481336226e-08 3.655374566785531567e-08 3.674075019917841214e-08 3.658735137771470693e-08 3.637367054834104498e-08 3.615708737380393331e-08 3.605417367856483590e-08 3.655855434969434954e-08 3.642824168430698052e-08 3.672263183939634521e-08 3.629986599972011295e-08 3.655898077731155795e-08 3.612977689138062246e-08 3.701103877659754389e-08 3.662087982140260242e-08 3.690666244449569202e-08 3.675122900585926393e-08 3.655371735565032454e-08 3.690827330449375276e-08 3.680899774480246757e-08 3.620343878639972557e-08 3.661625771185220070e-08 3.640398060345429635e-08 3.670372918537407896e-08
3.674154624499398317e-08 3.708519452511524323e-08 3.715476788798201991e-08 3.701546998745377629e-08 3.686231429303920441e-08 3.644083370753259465e-08 3.710529485152896652e-08 3.663528109104721124e-08 3.630148179638700082e-08 3.692241618271038499e-08 3.625358820511299461e-08 3.694408867739163512e-08 3.721034780271644330e-08 3.619275803878999378e-08 3.680295369860024715e-08 3.703300614109429488e-08 3.669433796711334969e-08 3.654234302990063103e-08 3.667884727233658525e-08 3.680402873114259974e-08 3.642213411046853800e-08 3.681576610057615129e-08 3.700360147089325666e-08 3.684911188885167219e-08 3.663457420883405410e-08 3.641587298185147458e-08 3.631229484368151805e-08 3.682000720238531473e-08 3.668887554650100719e-08 3.698572056100870247e-08 3.655898077731155795e-08 3.682083864470759089e-08 3.638808391263581245e-08 3.727594424033848280e-08 3.688283022884772758e-08 3.717072045303762907e-08 3.701415665764062852e-08 3.681561538980547879e-08 3.717249431973512718e-08 3.707247978553261120e-08 3.646262300939245315e-08 3.687764629453171989e-08 3.666410357355952564e-08 3.696671280810978843e-08
3.631104158682505107e-08 3.665047520837247721e-08 3.671934319021625627e-08 3.658190659074240927e-08 3.643074194243239266e-08 3.601358804448505380e-08 3.666956648972294851e-08 3.620530699278230077e-08 3.587643240041208348e-08 3.648973878452978426e-08 3.582924084661049601e-08 3.651058953049226132e-08 3.677404870815129873e-08 3.576930058313912171e-08 3.637081005298338081e-08 3.659929721956521482e-08 3.626373514960918408e-08 3.611407479834060853e-08 3.624954774677173669e-08 3.637317337934960463e-08 3.599473820742732583e-08 3.638318364897800719e-08 3.656983614134939391e-08 3.641724475296707259e-08 3.620391681139486730e-08 3.598864299539717090e-08 3.588687262343327709e-08 3.638821837338489945e-08 3.625809353361043395e-08 3.655037404270796351e-08 3.612977689138062246e-08 3.638808391263581245e-08 3.596407057305773117e-08 3.683853645864790711e-08 3.644899053254283010e-08 3.673372776046035561e-08 3.657905986477303503e-08 3.638470266635853877e-08 3.673621243407785641e-08 3.663718937010977886e-08 3.603601208230604895e-08 3.644585501505218345e-08 3.623411598759585363e-08 3.653292414165586035e-08
3.719626539450757325e-08 3.754390671929755816e-08 3.761570589539238034e-08 3.747340375495406040e-08 3.731856354985223298e-08 3.689207213126560924e-08 3.756458609630675896e-08 3.708829001232876384e-08 3.675090224063183424e-08 3.738027521016370343e-08 3.670221790547483220e-08 3.740112621306164085e-08 3.767175822632878877e-08 3.664018585432689878e-08 3.725817192840206893e-08 3.749225016214199428e-08 3.714819516510891845e-08 3.699418268084584273e-08 3.713349532243084835e-08 3.725985316429141067e-08 3.687290075928042979e-08 3.727112897123133472e-08 3.746195128023905311e-08 3.730538956381691042e-08 3.708769181230851236e-08 3.686626258832219667e-08 3.676150457842024696e-08 3.727600852769349750e-08 3.714287721179442858e-08 3.744312046339189797e-08 3.701103877659754389e-08 3.727594424033848280e-08 3.683853645864790711e-08 3.773834200617514812e-08 3.733943018509120355e-08 3.763121394176031411e-08 3.747206873827358742e-08 3.727142775483755064e-08 3.763357963908936914e-08 3.753133320207577405e-08 3.691434920102840488e-08 3.733467397944946376e-08 3.711789342925937443e-08 3.742460953329886913e-08
3.680340652238190028e-08 3.714751438889632474e-08 3.721785102780857966e-08 3.707802590401865802e-08 3.692440234697474110e-08 3.650249724641747621e-08 3.716801927202062924e-08 3.669726326091257992e-08 3.636285209717449026e-08 3.698524314999962667e-08 3.631449146204436062e-08 3.700604305677798606e-08 3.727380552583007384e-08 3.625309503864690487e-08 3.686524200673760838e-08 3.709564763895841711e-08 3.675653173154177398e-08 3.660381197062039193e-08 3.674067128002730127e-08 3.686644370385149011e-08 3.648314937241316376e-08 3.687766459286012440e-08 3.706602424822625126e-08 3.691140652627490676e-08 3.669618587813288282e-08 3.647705312441019753e-08 3.637309621049212937e-08 3.688245939075329520e-08 3.675098303949791449e-08 3.704832879205293261e-08 3.662087982140260242e-08 3.688283022884772758e-08 3.644899053254283010e-08 3.733943018509120355e-08 3.694580674184120580e-08 3.723418692479922163e-08 3.707717740318220555e-08 3.687721456940205861e-08 3.723605642334745882e-08 3.713498632588139141e-08 3.652432434271327666e-08 3.694036007113221971e-08 3.672641605314039307e-08 3.702894835959254174e-08
3.709108110388450181e-08 3.743792060175939857e-08 3.750838976352374633e-08 3.736815587588326062e-08 3.721275865595041350e-08 3.678730879855484562e-08 3.745946064348908295e-08 3.698357440344472301e-08 3.664718326420597358e-08 3.727380081491185239e-08 3.659740564585372196e-08 3.729541007232705391e-08 3.756498871411750533e-08 3.653591896261211895e-08 3.715287633561832488e-08 3.738542795871686257e-08 3.704305669052863585e-08 3.688878523956203501e-08 3.702783289156009797e-08 3.715471744266038104e-08 3.676802847190320865e-08 3.716583586215726358e-08 3.735604883321547998e-08 3.720012012361508913e-08 3.698270970057430435e-08 3.676125636788880537e-08 3.665689989504605648e-08 3.717010238405569751e-08 3.703766172929153442e-08 3.733805329803613295e-08 3.690666244449569202e-08 3.717072045303762907e-08 3.673372776046035561e-08 3.763121394176031411e-08 3.723418692479922163e-08 3.752664057336591293e-08 3.736731845840055460e-08 3.716582024290845473e-08 3.752759007481253594e-08 3.742507473116085480e-08 3.680989689451530148e-08 3.722929862564017827e-08 3.701381359501050932e-08 3.731777113872421739e-08
