2.858161869940980331e-08 2.884048206134924008e-08 2.897428193428146893e-08 2.875275607043915510e-08 2.871358126844526533e-08 2.841137718358234410e-08 2.878724677611578934e-08 2.859249707615671092e-08 2.832136385385517811e-08 2.871542630157301755e-08 2.833310741772928383e-08 2.871274863376891366e-08 2.887903788282196063e-08 2.811308294300974230e-08 2.870539163250710657e-08 2.878242412631955411e-08 2.856357840489612322e-08 2.847499670128038210e-08 2.850642444710007791e-08 2.861913702380907081e-08 2.841606254339405661e-08 2.869286538901972762e-08 2.875413690018123152e-08 2.872712761474786011e-08 2.852969221256306614e-08 2.841273695635847689e-08 2.825242500085488483e-08 2.860547656172137684e-08 2.858209174316330863e-08 2.875581720198706403e-08 2.858124371657897213e-08 2.865637189759903191e-08 2.833953885920869444e-08 2.895127732700647724e-08 2.872862852439044050e-08 2.890609037019022383e-08 2.876754936430154022e-08 2.865694879628351060e-08 2.895716357777213992e-08 2.879467631528049271e-08 2.838479148909434536e-08 2.873585732926076230e-08 2.859567021807155135e-08 2.878683734624132626e-08
2.884048206134924008e-08 2.910780203251920758e-08 2.924303907948859104e-08 2.901756353640953289e-08 2.897506289187262118e-08 2.866709291988094791e-08 2.905317813359955802e-08 2.885170526966608544e-08 2.857666815070416660e-08 2.897882071162328889e-08 2.858798671577862737e-08 2.897456014395807855e-08 2.914465429659782722e-08 2.836451984292612960e-08 2.896946365917876592e-08 2.904767436701143354e-08 2.882346451971450350e-08 2.873211994997454912e-08 2.876410029688001955e-08 2.887945254883585369e-08 2.867234398077246862e-08 2.895544106356148322e-08 2.901954283947239804e-08 2.899005126897154036e-08 2.878945771555830703e-08 2.866905231624753978e-08 2.850671473458114757e-08 2.886761771244492872e-08 2.884198574154773851e-08 2.901959586759808109e-08 2.884097083288877785e-08 2.891902166572665579e-08 2.859376596109838665e-08 2.922029299262910310e-08 2.899321826941685508e-08 2.917419749804966244e-08 2.903079802244713294e-08 2.891864640695339490e-08 2.922414678971093658e-08 2.905900277672303490e-08 2.864030031798777544e-08 2.899909156913438068e-08 2.885725935538280244e-08 2.905315897213281444e-08
2.897428193428146893e-08 2.924303907948859104e-08 2.938125280048098041e-08 2.915291884223652399e-08 2.911062506950719078e-08 2.880071819144156631e-08 2.918938934416330281e-08 2.898557338784322626e-08 2.870899141146754539e-08 2.911432883046895709e-08 2.872005534432223098e-08 2.910993475177989960e-08 2.928046327537694273e-08 2.849506545183572545e-08 2.910398140652333601e-08 2.918382990917081796e-08 2.895773057326006697e-08 2.886516175070540491e-08 2.889776888576060113e-08 2.901417653513896589e-08 2.880482288709541365e-08 2.909025250283496353e-08 2.915601471340283679e-08 2.912535965719655809e-08 2.892321877515626946e-08 2.880164724035703908e-08 2.863949370967519688e-08 2.900325532198071875e-08 2.897498703670178429e-08 2.915452582849194807e-08 2.897557385654340050e-08 2.905397013972491749e-08 2.872556958351690797e-08 2.935734389789702717e-08 2.912840515003239283e-08 2.931172499929251875e-08 2.916655642612970573e-08 2.905390432357373514e-08 2.936131313294065427e-08 2.919536050241656694e-08 2.877339419690630039e-08 2.913512216803885459e-08 2.899152378336039795e-08 2.919022246709497868e-08
2.875275607043915510e-08 2.901756353640953289e-08 2.915291884223652399e-08 2.893008604238222585e-08 2.888679725619405904e-08 2.857961773919780361e-08 2.896355004065336216e-08 2.876383246486094065e-08 2.848910617268037038e-08 2.889022030354333572e-08 2.850048781021380825e-08 2.888631698750822595e-08 2.905556661396825794e-08 2.827749456835156471e-08 2.887996802647058784e-08 2.895820225820981994e-08 2.873515412526931889e-08 2.864445251394898349e-08 2.867611676900918436e-08 2.879046095468458743e-08 2.858395025716729956e-08 2.886706434534441196e-08 2.893021794562194558e-08 2.890101915107613931e-08 2.870083253964726431e-08 2.858141159552191728e-08 2.841940334119145947e-08 2.877932992396948071e-08 2.875333446653674105e-08 2.893017587266784140e-08 2.875291486927846618e-08 2.883034064768529815e-08 2.850582106826849293e-08 2.913009403136048858e-08 2.890402472460385358e-08 2.908472629480914633e-08 2.894240283213799641e-08 2.882996574771626575e-08 2.913406641148684145e-08 2.896953496529905995e-08 2.855288784023452320e-08 2.890969240780218593e-08 2.876796475744605597e-08 2.896351414450645892e-08
2.871358126844526533e-08 2.897506289187262118e-08 2.911062506950719078e-08 2.888679725619405904e-08 2.884827011990892019e-08 2.854263783178996036e-08 2.892198547526608490e-08 2.872514988846823928e-08 2.845194680773561956e-08 2.884958879447903747e-08 2.846284222421440631e-08 2.884608706545571868e-08 2.901466306457350431e-08 2.824152901769565427e-08 2.883912595164203356e-08 2.891714385746587462e-08 2.869595187785829130e-08 2.860557307758795433e-08 2.863778208856727183e-08 2.875244689017491428e-08 2.854639949528986777e-08 2.882671822353055227e-08 2.888915029513958077e-08 2.886112827827941405e-08 2.866200244391378417e-08 2.854361978985784117e-08 2.838215808193709990e-08 2.873866573699637198e-08 2.871433073386265613e-08 2.888977534416029973e-08 2.871366595565474244e-08 2.878997739512042960e-08 2.846992677937591173e-08 2.908707651109808101e-08 2.886331037273609537e-08 2.904201253260837488e-08 2.890222789223591520e-08 2.879039243134364133e-08 2.909255312567354481e-08 2.892900726873641545e-08 2.851511982153003834e-08 2.886953515178248123e-08 2.872832144207605802e-08 2.892210591957918793e-08
2.841137718358234410e-08 2.866709291988094791e-08 2.880071819144156631e-08 2.857961773919780361e-08 2.854263783178996036e-08 2.824611108671516598e-08 2.861505560851379251e-08 2.842316365599782296e-08 2.815563406871228206e-08 2.854388692834340924e-08 2.816698637394836582e-08 2.854228284511758968e-08 2.870560837448600113e-08 2.795024059256607761e-08 2.853458496268910574e-08 2.860978700665983727e-08 2.839468754713289867e-08 2.830728546937379993e-08 2.833856768598851269e-08 2.845042052288263149e-08 2.824972577639131584e-08 2.852169087007202109e-08 2.858208610735706357e-08 2.855619264805252942e-08 2.836074479372961331e-08 2.824521899215909819e-08 2.808754459253063206e-08 2.843549584150950345e-08 2.841224738638910634e-08 2.858438948487114103e-08 2.841315754982931374e-08 2.848590078748188793e-08 2.817478290736778816e-08 2.877660536743161972e-08 2.855649298737130395e-08 2.873160030496255306e-08 2.859596550954673698e-08 2.848677988379092927e-08 2.878433340993772664e-08 2.862328937717496401e-08 2.821854084055587329e-08 2.856625309602227582e-08 2.842631068151293750e-08 2.861509331834814325e-08
2.878724677611578934e-08 2.905317813359955802e-08 2.918938934416330281e-08 2.896355004065336216e-08 2.892198547526608490e-08 2.861505560851379251e-08 2.900080447766615486e-08 2.879848079586424774e-08 2.852360898680489324e-08 2.892541631326533133e-08 2.853461173549255725e-08 2.892106383258658024e-08 2.909030192283076695e-08 2.831150091142599177e-08 2.891532796757509224e-08 2.899443720282094247e-08 2.877061812510347810e-08 2.867844020081492359e-08 2.871119852624311579e-08 2.882658310824008716e-08 2.861922686559491886e-08 2.890183778399165391e-08 2.896603422635880878e-08 2.893632145404538227e-08 2.873658292199750079e-08 2.861566406622603368e-08 2.845495619220245453e-08 2.881450943022273383e-08 2.878823584431653731e-08 2.896560868392543434e-08 2.878800432113143301e-08 2.886605883293083517e-08 2.854078151909163172e-08 2.916599336641495086e-08 2.893991270179012145e-08 2.912052230824432860e-08 2.897762490459079716e-08 2.886574283765111671e-08 2.917063096766901887e-08 2.900572878483108057e-08 2.858730322000048327e-08 2.894617970481998735e-08 2.880377760012495684e-08 2.899959807168829519e-08
2.859249707615671092e-08 2.885170526966608544e-08 2.898557338784322626e-08 2.876383246486094065e-08 2.872514988846823928e-08 2.842316365599782296e-08 2.879848079586424774e-08 2.860552426582486136e-08 2.833387344310669466e-08 2.872692666003976277e-08 2.834583811839865496e-08 2.872486957845554717e-08 2.889107023645737303e-08 2.812598787424989828e-08 2.871724308420763457e-08 2.879300511663321091e-08 2.857508321043070070e-08 2.848669678693111034e-08 2.851816541389239328e-08 2.863092054672856063e-08 2.842863934827124150e-08 2.870513142633937638e-08 2.876564684676459393e-08 2.873903763118469142e-08 2.854155313075468757e-08 2.842477356902603540e-08 2.826444068480597001e-08 2.861669429939897809e-08 2.859401184805809669e-08 2.876762496139386565e-08 2.859334875539599477e-08 2.866827691761599197e-08 2.835208991233639487e-08 2.896233258667033682e-08 2.874091839053962752e-08 2.891636912863170135e-08 2.877844665872436552e-08 2.866892864178262045e-08 2.896895094870203743e-08 2.880612357753343676e-08 2.839709885263486342e-08 2.874717991346774647e-08 2.860819573884598147e-08 2.879856982295451728e-08
2.832136385385517811e-08 2.857666815070416660e-08 2.870899141146754539e-08 2.848910617268037038e-08 2.845194680773561956e-08 2.815563406871228206e-08 2.852360898680489324e-08 2.833387344310669466e-08 2.806799202292022951e-08 2.845313558711209952e-08 2.807944255336586818e-08 2.845207696837601201e-08 2.861511362666350691e-08 2.786348566056729144e-08 2.844447699616010813e-08 2.851815495602176229e-08 2.830463142264163666e-08 2.821855158454406947e-08 2.824934681465215632e-08 2.835998066554769188e-08 2.816120537815272318e-08 2.843199437434245977e-08 2.849194651524615211e-08 2.846581911899584394e-08 2.827118250548179452e-08 2.815658758213850987e-08 2.799892795866151157e-08 2.834560263782862069e-08 2.832302792205745150e-08 2.849435467080995671e-08 2.832320153080659287e-08 2.839542778185495404e-08 2.808613852002863367e-08 2.868535178087625731e-08 2.846668886745504979e-08 2.863986164422120384e-08 2.850459516359617446e-08 2.839677628736028908e-08 2.869280435463735707e-08 2.853264362152748497e-08 2.813074550851123737e-08 2.847525089623712639e-08 2.833673191308109687e-08 2.852474420297483614e-08
2.871542630157301755e-08 2.897882071162328889e-08 2.911432883046895709e-08 2.889022030354333572e-08 2.884958879447903747e-08 2.854388692834340924e-08 2.892541631326533133e-08 2.872692666003976277e-08 2.845313558711209952e-08 2.885276252401484229e-08 2.846462352599014509e-08 2.884866219075627052e-08 2.901717332044630830e-08 2.824268736132868412e-08 2.884214991749965860e-08 2.892013908450991134e-08 2.869814632862360102e-08 2.860752971359199139e-08 2.863987765502090549e-08 2.875391797353912178e-08 2.854798714571213755e-08 2.882899479180054035e-08 2.889199169194897556e-08 2.886366189574951191e-08 2.866431942535492908e-08 2.854500587317180509e-08 2.838396492712391567e-08 2.874143788819618365e-08 2.871605297718553901e-08 2.889225202743916828e-08 2.871567998952406302e-08 2.879299054975058977e-08 2.847057821746230403e-08 2.909087475304092886e-08 2.886605906020883316e-08 2.904563770672530212e-08 2.890409897054547522e-08 2.879255143026897160e-08 2.909581082345143446e-08 2.893151085551611448e-08 2.851637246971531305e-08 2.887229734374420844e-08 2.873113098661496010e-08 2.892531497267309627e-08
2.833310741772928383e-08 2.858798671577862737e-08 2.872005534432223098e-08 2.850048781021380825e-08 2.846284222421440631e-08 2.816698637394836582e-08 2.853461173549255725e-08 2.834583811839865496e-08 2.807944255336586818e-08 2.846462352599014509e-08 2.809290887354833027e-08 2.846392895520383525e-08 2.862593334091167939e-08 2.787624288631955493e-08 2.845632399641993341e-08 2.852898636495860351e-08 2.831625671446020337e-08 2.823075427541423598e-08 2.826148324235970667e-08 2.837067799834694208e-08 2.817388510690514771e-08 2.844323968765252673e-08 2.850252275271282792e-08 2.847717409531081409e-08 2.828337260558718040e-08 2.816797670795064368e-08 2.801068153615211516e-08 2.835675706723307380e-08 2.833471581424250896e-08 2.850607714025297803e-08 2.833466226582497525e-08 2.840686835880638756e-08 2.809718815291208239e-08 2.869627221524232984e-08 2.847754255845187762e-08 2.865133900312427619e-08 2.851492227656778737e-08 2.840840957110246536e-08 2.870426764193651130e-08 2.854363661927566143e-08 2.814269475710223271e-08 2.848691436208213147e-08 2.834840452714461508e-08 2.853526693680857554e-08
2.871274863376891366e-08 2.897456014395807855e-08 2.910993475177989960e-08 2.888631698750822595e-08 2.884608706545571868e-08 2.854228284511758968e-08 2.892106383258658024e-08 2.872486957845554717e-08 2.845207696837601201e-08 2.884866219075627052e-08 2.846392895520383525e-08 2.884707288718611394e-08 2.901283595085240924e-08 2.824210605984990520e-08 2.883862030338840716e-08 2.891562919283533864e-08 2.869576755534260955e-08 2.860663614327991686e-08 2.863770261724447832e-08 2.875117123682288347e-08 2.854720878103792788e-08 2.882571315672645727e-08 2.888826276102248661e-08 2.886047176690887107e-08 2.866115912314571505e-08 2.854419471128918057e-08 2.838311112766463947e-08 2.873876642954227095e-08 2.871339658838814886e-08 2.888876368230279564e-08 2.871392839826900734e-08 2.878925595055401110e-08 2.846960514641652970e-08 2.908699976871694006e-08 2.886202766826245751e-08 2.904077072701392529e-08 2.890065329930437966e-08 2.878990103414842436e-08 2.909203617636941693e-08 2.892853122337175986e-08 2.851632355146929622e-08 2.886974209278204045e-08 2.872901817413401051e-08 2.892126305712590291e-08
2.887903788282196063e-08 2.914465429659782722e-08 2.928046327537694273e-08 2.905556661396825794e-08 2.901466306457350431e-08 2.870560837448600113e-08 2.909030192283076695e-08 2.889107023645737303e-08 2.861511362666350691e-08 2.901717332044630830e-08 2.862593334091167939e-08 2.901283595085240924e-08 2.918437555160416947e-08 2.840280266491565504e-08 2.900684308430151244e-08 2.908541409640535433e-08 2.886115153213229062e-08 2.876990076752681517e-08 2.880217570786675581e-08 2.891818866139618908e-08 2.871017550812256126e-08 2.899419909007850823e-08 2.905769237243258721e-08 2.902857667660482142e-08 2.882760528997324752e-08 2.870778504166184391e-08 2.854421768430205645e-08 2.890515986907964073e-08 2.888047231828854102e-08 2.905740926344598198e-08 2.887888830583877596e-08 2.895685639016360462e-08 2.863281638253937208e-08 2.925735946856244063e-08 2.903198041960832821e-08 2.921153582517467091e-08 2.906948273564181014e-08 2.895685299101002767e-08 2.926167171006015123e-08 2.909682918386642869e-08 2.867845960281463890e-08 2.903615642081514941e-08 2.889505591588580641e-08 2.909110974561642580e-08
2.811308294300974230e-08 2.836451984292612960e-08 2.849506545183572545e-08 2.827749456835156471e-08 2.824152901769565427e-08 2.795024059256607761e-08 2.831150091142599177e-08 2.812598787424989828e-08 2.786348566056729144e-08 2.824268736132868412e-08 2.787624288631955493e-08 2.824210605984990520e-08 2.840280266491565504e-08 2.766397500387142106e-08 2.823496390360837470e-08 2.830572904191204235e-08 2.809594761512502936e-08 2.801247418495703425e-08 2.804319430508107183e-08 2.815074912375507823e-08 2.795692365974950783e-08 2.822179464844840215e-08 2.827993063741833573e-08 2.825524790273704321e-08 2.806424238049933969e-08 2.795036500250069208e-08 2.779521812849977027e-08 2.813564274810902779e-08 2.811520931562964005e-08 2.828408689098489261e-08 2.811522917142380586e-08 2.818549299669289775e-08 2.788235684419928997e-08 2.847076338346775452e-08 2.825579207685659813e-08 2.842586746526703186e-08 2.829283067660450457e-08 2.818746829559865296e-08 2.847956594009727895e-08 2.832113031302024583e-08 2.792585669333078719e-08 2.826521996486480795e-08 2.812852474870205750e-08 2.831285127586998089e-08
2.870539163250710657e-08 2.896946365917876592e-08 2.910398140652333601e-08 2.887996802647058784e-08 2.883912595164203356e-08 2.853458496268910574e-08 2.891532796757509224e-08 2.871724308420763457e-08 2.844447699616010813e-08 2.884214991749965860e-08 2.845632399641993341e-08 2.883862030338840716e-08 2.900684308430151244e-08 2.823496390360837470e-08 2.883431033682990903e-08 2.890936592686946682e-08 2.868865281735984910e-08 2.859832430432717521e-08 2.863006937973626328e-08 2.874450830470845836e-08 2.854017457848196396e-08 2.881957695232876750e-08 2.888191765947869361e-08 2.885358724872358068e-08 2.865505798815644730e-08 2.853541097525647924e-08 2.837423082800442193e-08 2.873155701545912870e-08 2.870745048014532263e-08 2.888320648673935107e-08 2.870661734111084898e-08 2.878279824230874208e-08 2.846258052258752497e-08 2.908079424718318753e-08 2.885647475182404450e-08 2.903526877215357472e-08 2.889425021794420195e-08 2.878300663273742224e-08 2.908546988929848445e-08 2.892259936379578524e-08 2.850764734361764528e-08 2.886363434087375732e-08 2.872222960903192334e-08 2.891562926557087838e-08
2.878242412631955411e-08 2.904767436701143354e-08 2.918382990917081796e-08 2.895820225820981994e-08 2.891714385746587462e-08 2.860978700665983727e-08 2.899443720282094247e-08 2.879300511663321091e-08 2.851815495602176229e-08 2.892013908450991134e-08 2.852898636495860351e-08 2.891562919283533864e-08 2.908541409640535433e-08 2.830572904191204235e-08 2.890936592686946682e-08 2.899000220162406745e-08 2.876538670798306286e-08 2.867360114354177441e-08 2.870597389568895538e-08 2.882184035659904129e-08 2.861361898282261683e-08 2.889673364241644048e-08 2.896088780685547210e-08 2.893162472004474856e-08 2.873105203135230020e-08 2.861078877424894381e-08 2.844935363596703302e-08 2.880952692154440970e-08 2.878289145206008309e-08 2.896038985084231995e-08 2.878237893441602986e-08 2.886062797151895723e-08 2.853550514813872299e-08 2.916044435566077041e-08 2.893376566807637308e-08 2.911530274075954160e-08 2.897239139284121368e-08 2.886019025336382288e-08 2.916518903327713273e-08 2.900008152763357917e-08 2.858175038817089764e-08 2.894010145413937042e-08 2.879790846687433126e-08 2.899431782071870397e-08
2.856357840489612322e-08 2.882346451971450350e-08 2.895773057326006697e-08 2.873515412526931889e-08 2.869595187785829130e-08 2.839468754713289867e-08 2.877061812510347810e-08 2.857508321043070070e-08 2.830463142264163666e-08 2.869814632862360102e-08 2.831625671446020337e-08 2.869576755534260955e-08 2.886115153213229062e-08 2.809594761512502936e-08 2.868865281735984910e-08 2.876538670798306286e-08 2.854747642523750593e-08 2.845783670158431724e-08 2.848941487230091696e-08 2.860249051802702450e-08 2.839900137401901681e-08 2.867579933436955500e-08 2.873761420330092553e-08 2.871049670449691265e-08 2.851272433866803516e-08 2.839505709966392693e-08 2.823564345267871706e-08 2.858918207457818768e-08 2.856443379756583198e-08 2.873892010940285928e-08 2.856464076867044761e-08 2.863969909534651884e-08 2.832223444864708313e-08 2.893451769093369100e-08 2.871134875652541871e-08 2.888936125466591572e-08 2.875012951469015455e-08 2.863999116860357324e-08 2.894088076472848525e-08 2.877793458335476068e-08 2.836786722461610457e-08 2.871980342419119012e-08 2.857854682736413569e-08 2.877026540718038508e-08
2.847499670128038210e-08 2.873211994997454912e-08 2.886516175070540491e-08 2.864445251394898349e-08 2.860557307758795433e-08 2.830728546937379993e-08 2.867844020081492359e-08 2.848669678693111034e-08 2.821855158454406947e-08 2.860752971359199139e-08 2.823075427541423598e-08 2.860663614327991686e-08 2.876990076752681517e-08 2.801247418495703425e-08 2.859832430432717521e-08 2.867360114354177441e-08 2.845783670158431724e-08 2.837173247473906874e-08 2.840191089650624539e-08 2.851296227164362475e-08 2.831313028712054011e-08 2.858580467502998252e-08 2.864646639395837901e-08 2.862001881944141806e-08 2.842378538928104756e-08 2.830873010635059700e-08 2.815008757502641021e-08 2.849959505205628619e-08 2.847584785906800550e-08 2.864880873694522884e-08 2.847618911522956512e-08 2.854952809023291371e-08 2.823655519215246522e-08 2.884175967622014453e-08 2.862012927647053385e-08 2.879612003124808149e-08 2.865905246463788382e-08 2.855050095547049042e-08 2.884870019267442514e-08 2.868716027139587657e-08 2.828241709775610750e-08 2.862944739998374571e-08 2.849005932372224267e-08 2.867907661316203456e-08
2.850642444710007791e-08 2.876410029688001955e-08 2.889776888576060113e-08 2.867611676900918436e-08 2.863778208856727183e-08 2.833856768598851269e-08 2.871119852624311579e-08 2.851816541389239328e-08 2.824934681465215632e-08 2.863987765502090549e-08 2.826148324235970667e-08 2.863770261724447832e-08 2.880217570786675581e-08 2.804319430508107183e-08 2.863006937973626328e-08 2.870597389568895538e-08 2.848941487230091696e-08 2.840191089650624539e-08 2.843385898707117671e-08 2.854449347159514469e-08 2.834368817982923593e-08 2.861751673628921917e-08 2.867824030036587781e-08 2.865187520195774526e-08 2.845598458567820337e-08 2.833897178251838557e-08 2.818111945093833240e-08 2.853086649300676494e-08 2.850724513785288545e-08 2.868056290826939588e-08 2.850734077970488664e-08 2.858172341547691515e-08 2.826710364710077336e-08 2.887378112085608765e-08 2.865270380601065176e-08 2.882878618619423740e-08 2.869070093376135775e-08 2.858229656631214578e-08 2.888120623433070052e-08 2.871879465648559446e-08 2.831262769626974524e-08 2.866116890885892264e-08 2.852124977724603943e-08 2.871137948087791524e-08
2.861913702380907081e-08 2.887945254883585369e-08 2.901417653513896589e-08 2.879046095468458743e-08 2.875244689017491428e-08 2.845042052288263149e-08 2.882658310824008716e-08 2.863092054672856063e-08 2.835998066554769188e-08 2.875391797353912178e-08 2.837067799834694208e-08 2.875117123682288347e-08 2.891818866139618908e-08 2.815074912375507823e-08 2.874450830470845836e-08 2.882184035659904129e-08 2.860249051802702450e-08 2.851296227164362475e-08 2.854449347159514469e-08 2.865937584797692825e-08 2.845469831795369097e-08 2.873211198237923788e-08 2.879408741147395233e-08 2.876651290152715807e-08 2.856822567153132415e-08 2.845078010239756862e-08 2.829051401191150234e-08 2.864479397237173071e-08 2.862047205533091760e-08 2.879500253790103506e-08 2.862027570286760462e-08 2.869541830558419956e-08 2.837858813042392951e-08 2.899036655015844850e-08 2.876776703896324270e-08 2.894500985803802117e-08 2.880655923823701897e-08 2.869591550620394280e-08 2.899706531250044026e-08 2.883447875775200076e-08 2.842305064576655537e-08 2.877558571017142740e-08 2.863457152190378766e-08 2.882729105298691440e-08
2.841606254339405661e-08 2.867234398077246862e-08 2.880482288709541365e-08 2.858395025716729956e-08 2.854639949528986777e-08 2.824972577639131584e-08 2.861922686559491886e-08 2.842863934827124150e-08 2.816120537815272318e-08 2.854798714571213755e-08 2.817388510690514771e-08 2.854720878103792788e-08 2.871017550812256126e-08 2.795692365974950783e-08 2.854017457848196396e-08 2.861361898282261683e-08 2.839900137401901681e-08 2.831313028712054011e-08 2.834368817982923593e-08 2.845469831795369097e-08 2.825688984094568595e-08 2.852715366514138705e-08 2.858664434330438465e-08 2.856063139593033598e-08 2.836611042837263860e-08 2.825067498600159432e-08 2.809265001505390936e-08 2.844007276073180926e-08 2.841800778679657211e-08 2.858973983650354629e-08 2.841783451878801657e-08 2.849028249829975811e-08 2.818007082104106698e-08 2.878095275660425510e-08 2.856176312764258954e-08 2.873535645567051255e-08 2.859931730369339494e-08 2.849195917824355329e-08 2.878865624459497127e-08 2.862824953676945385e-08 2.822470388536469957e-08 2.857087901987398634e-08 2.843211150443599780e-08 2.861992771806266588e-08
2.869286538901972762e-08 2.895544106356148322e-08 2.909025250283496353e-08 2.886706434534441196e-08 2.882671822353055227e-08 2.852169087007202109e-08 2.890183778399165391e-08 2.870513142633937638e-08 2.843199437434245977e-08 2.882899479180054035e-08 2.844323968765252673e-08 2.882571315672645727e-08 2.899419909007850823e-08 2.822179464844840215e-08 2.881957695232876750e-08 2.889673364241644048e-08 2.867579933436955500e-08 2.858580467502998252e-08 2.861751673628921917e-08 2.873211198237923788e-08 2.852715366514138705e-08 2.880763761740552707e-08 2.886918922656195669e-08 2.884093176524194154e-08 2.864184828089931664e-08 2.852316204130927611e-08 2.836207433881915765e-08 2.871892089722831981e-08 2.869441130177076784e-08 2.886993013615483273e-08 2.869369546002997694e-08 2.877012089155236773e-08 2.844970784123404643e-08 2.906678405788614107e-08 2.884352097192381207e-08 2.902121957209118367e-08 2.888111556346793167e-08 2.877020239065075195e-08 2.907259670018973586e-08 2.890921134671055552e-08 2.849528594294260657e-08 2.884928475226804956e-08 2.870848842297186595e-08 2.890271893833165765e-08
2.875413690018123152e-08 2.901954283947239804e-08 2.915601471340283679e-08 2.893021794562194558e-08 2.888915029513958077e-08 2.858208610735706357e-08 2.896603422635880878e-08 2.876564684676459393e-08 2.849194651524615211e-08 2.889199169194897556e-08 2.850252275271282792e-08 2.888826276102248661e-08 2.905769237243258721e-08 2.827993063741833573e-08 2.888191765947869361e-08 2.896088780685547210e-08 2.873761420330092553e-08 2.864646639395837901e-08 2.867824030036587781e-08 2.879408741147395233e-08 2.858664434330438465e-08 2.886918922656195669e-08 2.893423319736140744e-08 2.890380322159979220e-08 2.870334078365829107e-08 2.858357765877029321e-08 2.842209886190335789e-08 2.878240011952982962e-08 2.875522221175663509e-08 2.893258420276278809e-08 2.875511046171506590e-08 2.883234904483706878e-08 2.850876531692681890e-08 2.913253846863115091e-08 2.890666793034732477e-08 2.908706047342831051e-08 2.894439174582349820e-08 2.883276126305816266e-08 2.913697065301784557e-08 2.897290491898958058e-08 2.855589227116010126e-08 2.891275080308627260e-08 2.877070790763481869e-08 2.896739586487210377e-08
2.872712761474786011e-08 2.899005126897154036e-08 2.912535965719655809e-08 2.890101915107613931e-08 2.886112827827941405e-08 2.855619264805252942e-08 2.893632145404538227e-08 2.873903763118469142e-08 2.846581911899584394e-08 2.886366189574951191e-08 2.847717409531081409e-08 2.886047176690887107e-08 2.902857667660482142e-08 2.825524790273704321e-08 2.885358724872358068e-08 2.893162472004474856e-08 2.871049670449691265e-08 2.862001881944141806e-08 2.865187520195774526e-08 2.876651290152715807e-08 2.856063139593033598e-08 2.884093176524194154e-08 2.890380322159979220e-08 2.887591887706600616e-08 2.867611323790329950e-08 2.855742480590735862e-08 2.839611359059372702e-08 2.875340781824632425e-08 2.872817901038067832e-08 2.890422378653740109e-08 2.872788070029401398e-08 2.880433673875914655e-08 2.848348779365678301e-08 2.910214474944942241e-08 2.887735640505680875e-08 2.905641962337431788e-08 2.891558909701222233e-08 2.880446855422594400e-08 2.910763600428645135e-08 2.894340249174837122e-08 2.852917114204037616e-08 2.888401190732043386e-08 2.874300810677685481e-08 2.893685691922601871e-08
2.852969221256306614e-08 2.878945771555830703e-08 2.892321877515626946e-08 2.870083253964726431e-08 2.866200244391378417e-08 2.836074479372961331e-08 2.873658292199750079e-08 2.854155313075468757e-08 2.827118250548179452e-08 2.866431942535492908e-08 2.828337260558718040e-08 2.866115912314571505e-08 2.882760528997324752e-08 2.806424238049933969e-08 2.865505798815644730e-08 2.873105203135230020e-08 2.851272433866803516e-08 2.842378538928104756e-08 2.845598458567820337e-08 2.856822567153132415e-08 2.836611042837263860e-08 2.864184828089931664e-08 2.870334078365829107e-08 2.867611323790329950e-08 2.847999020714867462e-08 2.836117599052598430e-08 2.820232795901312986e-08 2.855459609324052675e-08 2.853115977187440383e-08 2.870512918176122611e-08 2.853026070914053115e-08 2.860570023740850726e-08 2.828905909500485485e-08 2.889945255867286703e-08 2.867810076341225251e-08 2.885480936210138493e-08 2.871540498347614026e-08 2.860629401047285360e-08 2.890595762830824868e-08 2.874344919074753051e-08 2.833420866826088418e-08 2.868535212198316173e-08 2.854521039569708528e-08 2.873637775103979631e-08
2.841273695635847689e-08 2.866905231624753978e-08 2.880164724035703908e-08 2.858141159552191728e-08 2.854361978985784117e-08 2.824521899215909819e-08 2.861566406622603368e-08 2.842477356902603540e-08 2.815658758213850987e-08 2.854500587317180509e-08 2.816797670795064368e-08 2.854419471128918057e-08 2.870778504166184391e-08 2.795036500250069208e-08 2.853541097525647924e-08 2.861078877424894381e-08 2.839505709966392693e-08 2.830873010635059700e-08 2.833897178251838557e-08 2.845078010239756862e-08 2.825067498600159432e-08 2.852316204130927611e-08 2.858357765877029321e-08 2.855742480590735862e-08 2.836117599052598430e-08 2.824773071727719017e-08 2.808777077938228452e-08 2.843654593496727465e-08 2.841373803476972448e-08 2.858526855730671096e-08 2.841361497340893774e-08 2.848628563994695341e-08 2.817521205661904775e-08 2.877895975243489089e-08 2.855845202057401853e-08 2.873258379148472115e-08 2.859689330887209637e-08 2.848774003850950581e-08 2.878501063987307948e-08 2.862431990536034857e-08 2.821992632663364597e-08 2.856621214756137870e-08 2.842812735560186720e-08 2.861617190562727975e-08
2.825242500085488483e-08 2.850671473458114757e-08 2.863949370967519688e-08 2.841940334119145947e-08 2.838215808193709990e-08 2.808754459253063206e-08 2.845495619220245453e-08 2.826444068480597001e-08 2.799892795866151157e-08 2.838396492712391567e-08 2.801068153615211516e-08 2.838311112766463947e-08 2.854421768430205645e-08 2.779521812849977027e-08 2.837423082800442193e-08 2.844935363596703302e-08 2.823564345267871706e-08 2.815008757502641021e-08 2.818111945093833240e-08 2.829051401191150234e-08 2.809265001505390936e-08 2.836207433881915765e-08 2.842209886190335789e-08 2.839611359059372702e-08 2.820232795901312986e-08 2.808777077938228452e-08 2.793265882035778488e-08 2.827677391381314008e-08 2.825314584863056207e-08 2.842459936239834080e-08 2.825434152965926306e-08 2.832696733026823000e-08 2.801715939786029538e-08 2.861550180076173371e-08 2.839639607605193062e-08 2.857004511176883116e-08 2.843479787707373272e-08 2.832786864908628895e-08 2.862332345426971341e-08 2.846296230615314617e-08 2.806217988190576112e-08 2.840596239180948023e-08 2.826806686213840669e-08 2.845502275883507857e-08
2.860547656172137684e-08 2.886761771244492872e-08 2.900325532198071875e-08 2.877932992396948071e-08 2.873866573699637198e-08 2.843549584150950345e-08 2.881450943022273383e-08 2.861669429939897809e-08 2.834560263782862069e-08 2.874143788819618365e-08 2.835675706723307380e-08 2.873876642954227095e-08 2.890515986907964073e-08 2.813564274810902779e-08 2.873155701545912870e-08 2.880952692154440970e-08 2.858918207457818768e-08 2.849959505205628619e-08 2.853086649300676494e-08 2.864479397237173071e-08 2.844007276073180926e-08 2.871892089722831981e-08 2.878240011952982962e-08 2.875340781824632425e-08 2.855459609324052675e-08 2.843654593496727465e-08 2.827677391381314008e-08 2.863324338184918958e-08 2.860606697879761030e-08 2.878192768751908304e-08 2.860690929298025270e-08 2.868242404955942907e-08 2.836237961178044294e-08 2.897955782133541669e-08 2.875489830676487900e-08 2.893453867321428791e-08 2.879340233656539259e-08 2.868299262231765762e-08 2.898488643976551151e-08 2.882206514319325484e-08 2.840958555906103605e-08 2.876314505900327693e-08 2.862132565099105906e-08 2.881574080366439507e-08
2.858209174316330863e-08 2.884198574154773851e-08 2.897498703670178429e-08 2.875333446653674105e-08 2.871433073386265613e-08 2.841224738638910634e-08 2.878823584431653731e-08 2.859401184805809669e-08 2.832302792205745150e-08 2.871605297718553901e-08 2.833471581424250896e-08 2.871339658838814886e-08 2.888047231828854102e-08 2.811520931562964005e-08 2.870745048014532263e-08 2.878289145206008309e-08 2.856443379756583198e-08 2.847584785906800550e-08 2.850724513785288545e-08 2.862047205533091760e-08 2.841800778679657211e-08 2.869441130177076784e-08 2.875522221175663509e-08 2.872817901038067832e-08 2.853115977187440383e-08 2.841373803476972448e-08 2.825314584863056207e-08 2.860606697879761030e-08 2.858402224682916297e-08 2.875747200041487965e-08 2.858238685478463684e-08 2.865738514438011768e-08 2.834157351666541093e-08 2.895211228686321168e-08 2.873049013806082882e-08 2.890643392695538614e-08 2.876822009742091928e-08 2.865816605397526633e-08 2.895813101182717302e-08 2.879598466131785354e-08 2.838608130414011968e-08 2.873695064166779264e-08 2.859739836748452193e-08 2.878819330208264872e-08
2.875581720198706403e-08 2.901959586759808109e-08 2.915452582849194807e-08 2.893017587266784140e-08 2.888977534416029973e-08 2.858438948487114103e-08 2.896560868392543434e-08 2.876762496139386565e-08 2.849435467080995671e-08 2.889225202743916828e-08 2.850607714025297803e-08 2.888876368230279564e-08 2.905740926344598198e-08 2.828408689098489261e-08 2.888320648673935107e-08 2.896038985084231995e-08 2.873892010940285928e-08 2.864880873694522884e-08 2.868056290826939588e-08 2.879500253790103506e-08 2.858973983650354629e-08 2.886993013615483273e-08 2.893258420276278809e-08 2.890422378653740109e-08 2.870512918176122611e-08 2.858526855730671096e-08 2.842459936239834080e-08 2.878192768751908304e-08 2.875747200041487965e-08 2.893413225607222652e-08 2.875658157159742653e-08 2.883359994875967180e-08 2.851192902212206008e-08 2.913100576972442836e-08 2.890609696134449543e-08 2.908562152872727788e-08 2.894438875797508484e-08 2.883358157618438915e-08 2.913679398253621744e-08 2.897250803705197010e-08 2.855782977581057077e-08 2.891304741492219344e-08 2.877178673029459425e-08 2.896572476536980347e-08
2.858124371657897213e-08 2.884097083288877785e-08 2.897557385654340050e-08 2.875291486927846618e-08 2.871366595565474244e-08 2.841315754982931374e-08 2.878800432113143301e-08 2.859334875539599477e-08 2.832320153080659287e-08 2.871567998952406302e-08 2.833466226582497525e-08 2.871392839826900734e-08 2.887888830583877596e-08 2.811522917142380586e-08 2.870661734111084898e-08 2.878237893441602986e-08 2.856464076867044761e-08 2.847618911522956512e-08 2.850734077970488664e-08 2.862027570286760462e-08 2.841783451878801657e-08 2.869369546002997694e-08 2.875511046171506590e-08 2.872788070029401398e-08 2.853026070914053115e-08 2.841361497340893774e-08 2.825434152965926306e-08 2.860690929298025270e-08 2.858238685478463684e-08 2.875658157159742653e-08 2.858337127006034611e-08 2.865713047206870478e-08 2.834131955560240885e-08 2.895189067001945413e-08 2.872910385575764646e-08 2.890605837470812524e-08 2.876795754556516589e-08 2.865801067347624458e-08 2.895835948411335519e-08 2.879604752815161198e-08 2.838676502872470957e-08 2.873772825448817203e-08 2.859720459516676411e-08 2.878853585675781317e-08
2.865637189759903191e-08 2.891902166572665579e-08 2.905397013972491749e-08 2.883034064768529815e-08 2.878997739512042960e-08 2.848590078748188793e-08 2.886605883293083517e-08 2.866827691761599197e-08 2.839542778185495404e-08 2.879299054975058977e-08 2.840686835880638756e-08 2.878925595055401110e-08 2.895685639016360462e-08 2.818549299669289775e-08 2.878279824230874208e-08 2.886062797151895723e-08 2.863969909534651884e-08 2.854952809023291371e-08 2.858172341547691515e-08 2.869541830558419956e-08 2.849028249829975811e-08 2.877012089155236773e-08 2.883234904483706878e-08 2.880433673875914655e-08 2.860570023740850726e-08 2.848628563994695341e-08 2.832696733026823000e-08 2.868242404955942907e-08 2.865738514438011768e-08 2.883359994875967180e-08 2.865713047206870478e-08 2.873486994197633114e-08 2.841287533432044426e-08 2.903022404679184815e-08 2.880608078929279476e-08 2.898501238895986037e-08 2.884429428420119399e-08 2.873373356818591121e-08 2.903644237736214929e-08 2.887195790808105848e-08 2.845846185001377581e-08 2.881300780447428991e-08 2.867217167507322696e-08 2.886557149814573496e-08
2.833953885920869444e-08 2.859376596109838665e-08 2.872556958351690797e-08 2.850582106826849293e-08 2.846992677937591173e-08 2.817478290736778816e-08 2.854078151909163172e-08 2.835208991233639487e-08 2.808613852002863367e-08 2.847057821746230403e-08 2.809718815291208239e-08 2.846960514641652970e-08 2.863281638253937208e-08 2.788235684419928997e-08 2.846258052258752497e-08 2.853550514813872299e-08 2.832223444864708313e-08 2.823655519215246522e-08 2.826710364710077336e-08 2.837858813042392951e-08 2.818007082104106698e-08 2.844970784123404643e-08 2.850876531692681890e-08 2.848348779365678301e-08 2.828905909500485485e-08 2.817521205661904775e-08 2.801715939786029538e-08 2.836237961178044294e-08 2.834157351666541093e-08 2.851192902212206008e-08 2.834131955560240885e-08 2.841287533432044426e-08 2.810651242705124611e-08 2.870212655387684101e-08 2.848430561728145434e-08 2.865588344275285100e-08 2.852296550328205146e-08 2.841441883667928611e-08 2.870956259650517832e-08 2.855045188775009471e-08 2.814865432983210678e-08 2.849279874964913345e-08 2.835532189496488196e-08 2.854157827612175210e-08
2.895127732700647724e-08 2.922029299262910310e-08 2.935734389789702717e-08 2.913009403136048858e-08 2.908707651109808101e-08 2.877660536743161972e-08 2.916599336641495086e-08 2.896233258667033682e-08 2.868535178087625731e-08 2.909087475304092886e-08 2.869627221524232984e-08 2.908699976871694006e-08 2.925735946856244063e-08 2.847076338346775452e-08 2.908079424718318753e-08 2.916044435566077041e-08 2.893451769093369100e-08 2.884175967622014453e-08 2.887378112085608765e-08 2.899036655015844850e-08 2.878095275660425510e-08 2.906678405788614107e-08 2.913253846863115091e-08 2.910214474944942241e-08 2.889945255867286703e-08 2.877895975243489089e-08 2.861550180076173371e-08 2.897955782133541669e-08 2.895211228686321168e-08 2.913100576972442836e-08 2.895189067001945413e-08 2.903022404679184815e-08 2.870212655387684101e-08 2.933519440450246325e-08 2.910551759966865571e-08 2.928843296697543244e-08 2.914368056176541273e-08 2.903032789494245844e-08 2.933757244990612286e-08 2.917194622813536813e-08 2.874981152479211884e-08 2.911119831902710997e-08 2.896863378711986341e-08 2.916599837466194647e-08
2.872862852439044050e-08 2.899321826941685508e-08 2.912840515003239283e-08 2.890402472460385358e-08 2.886331037273609537e-08 2.855649298737130395e-08 2.893991270179012145e-08 2.874091839053962752e-08 2.846668886745504979e-08 2.886605906020883316e-08 2.847754255845187762e-08 2.886202766826245751e-08 2.903198041960832821e-08 2.825579207685659813e-08 2.885647475182404450e-08 2.893376566807637308e-08 2.871134875652541871e-08 2.862012927647053385e-08 2.865270380601065176e-08 2.876776703896324270e-08 2.856176312764258954e-08 2.884352097192381207e-08 2.890666793034732477e-08 2.887735640505680875e-08 2.867810076341225251e-08 2.855845202057401853e-08 2.839639607605193062e-08 2.875489830676487900e-08 2.873049013806082882e-08 2.890609696134449543e-08 2.872910385575764646e-08 2.880608078929279476e-08 2.848430561728145434e-08 2.910551759966865571e-08 2.888208304622290901e-08 2.905940188882336361e-08 2.891812541134678210e-08 2.880670708732202649e-08 2.910976844186178395e-08 2.894626137300026286e-08 2.853001337641321185e-08 2.888603180176616123e-08 2.874536717979401406e-08 2.894025243795589457e-08
2.890609037019022383e-08 2.917419749804966244e-08 2.931172499929251875e-08 2.908472629480914633e-08 2.904201253260837488e-08 2.873160030496255306e-08 2.912052230824432860e-08 2.891636912863170135e-08 2.863986164422120384e-08 2.904563770672530212e-08 2.865133900312427619e-08 2.904077072701392529e-08 2.921153582517467091e-08 2.842586746526703186e-08 2.903526877215357472e-08 2.911530274075954160e-08 2.888936125466591572e-08 2.879612003124808149e-08 2.882878618619423740e-08 2.894500985803802117e-08 2.873535645567051255e-08 2.902121957209118367e-08 2.908706047342831051e-08 2.905641962337431788e-08 2.885480936210138493e-08 2.873258379148472115e-08 2.857004511176883116e-08 2.893453867321428791e-08 2.890643392695538614e-08 2.908562152872727788e-08 2.890605837470812524e-08 2.898501238895986037e-08 2.865588344275285100e-08 2.928843296697543244e-08 2.905940188882336361e-08 2.924407496055688289e-08 2.909790452659153850e-08 2.898480760801039325e-08 2.929176946505567511e-08 2.912613660311525425e-08 2.870409447280476529e-08 2.906618209629596842e-08 2.892179729231341663e-08 2.912056378993279480e-08
