3.510915634075188878e-08 3.541172067128115770e-08 3.557145922447866536e-08 3.529010722216459050e-08 3.526730751207543851e-08 3.492767433923780260e-08 3.537559512917486558e-08 3.515165738402092464e-08 3.486056368213746994e-08 3.527954100558622020e-08 3.482919838010788530e-08 3.531635136012988743e-08 3.549834028819759404e-08 3.469649141877667857e-08 3.523457538302057391e-08 3.539921038865403911e-08 3.509597148960568937e-08 3.497042269179468816e-08 3.507105509168816449e-08 3.519057186439643395e-08 3.492798492676844835e-08 3.520405231627196340e-08 3.535203776530971269e-08 3.533651981115855711e-08 3.509428177316687332e-08 3.488677467220600280e-08 3.481434350416928004e-08 3.528854638210632993e-08 3.512229331449113657e-08 3.537359187383522199e-08 3.507405842030435154e-08 3.520555701880487139e-08 3.488204004997458038e-08 3.555442114941145737e-08 3.527123338551084989e-08 3.551221623390880681e-08 3.538878028154396724e-08 3.522439701045362647e-08 3.546872107660427528e-08 3.538086759283342145e-08 3.485682465581442150e-08 3.522018566449110336e-08 3.509634942433495311e-08 3.532897216268230846e-08
3.541172067128115770e-08 3.572053759546499640e-08 3.588189829640718631e-08 3.559557488807546527e-08 3.557305299034709738e-08 3.522850765169420822e-08 3.568267789390231324e-08 3.545530903372229878e-08 3.516095407111511101e-08 3.558609625957727273e-08 3.512995221117826624e-08 3.562253444898254344e-08 3.580680735661728765e-08 3.499351562226393675e-08 3.553936055015384212e-08 3.570604601993302486e-08 3.539933619621606841e-08 3.527121064446362768e-08 3.537293740942999636e-08 3.549484219004731045e-08 3.523019742540933261e-08 3.550824553362726746e-08 3.566045000331309745e-08 3.564259827560303536e-08 3.539767690687063658e-08 3.518647940165172633e-08 3.511249666636616283e-08 3.559475650422351033e-08 3.542490924438655675e-08 3.568083299980965256e-08 3.537618254405214429e-08 3.550988897253498252e-08 3.518156659828528218e-08 3.586387503594731654e-08 3.557686070850985065e-08 3.582230159165862958e-08 3.569635797048139722e-08 3.552887393950254406e-08 3.577821284044379117e-08 3.568764348973549479e-08 3.515620441692467079e-08 3.552508867385135404e-08 3.539998549709850157e-08 3.563499961580484832e-08
3.557145922447866536e-08 3.588189829640718631e-08 3.604720353690002632e-08 3.575669561776900033e-08 3.573451190053358141e-08 3.538642462920514318e-08 3.584473370520467717e-08 3.561640828145280630e-08 3.532004980750070235e-08 3.574790879824328768e-08 3.528872101878157879e-08 3.578434871671264329e-08 3.596987912695384900e-08 3.514999041423293020e-08 3.570020776741779784e-08 3.586857607231850732e-08 3.555925875928343469e-08 3.543054481031926532e-08 3.553253028497109982e-08 3.565531136184833306e-08 3.538910915236733566e-08 3.566993975149568244e-08 3.582208566051281022e-08 3.580408901781262587e-08 3.555698211151979494e-08 3.534544853748420120e-08 3.527013656155231893e-08 3.575590015806901432e-08 3.558519326915245743e-08 3.584400171796383712e-08 3.553621497765106919e-08 3.567134237592005658e-08 3.533918649074738057e-08 3.602753551384838575e-08 3.573824073605571211e-08 3.598533471757430587e-08 3.585942673344453912e-08 3.568964122964431556e-08 3.594180515787179987e-08 3.584937793082891418e-08 3.531388671259033384e-08 3.568643836732455280e-08 3.556035339496387192e-08 3.579640102898050817e-08
3.529010722216459050e-08 3.559557488807546527e-08 3.575669561776900033e-08 3.547396354416452004e-08 3.545044457558625647e-08 3.510790184384406407e-08 3.555973628572655096e-08 3.533352835545934736e-08 3.504074259876784160e-08 3.546278101739019950e-08 3.500925299516963971e-08 3.549984650129656189e-08 3.568313815586435270e-08 3.487430453557822061e-08 3.541618080077303240e-08 3.558331305879059041e-08 3.527806238289031168e-08 3.515053713921698149e-08 3.525199584878217485e-08 3.537311693724075086e-08 3.510854041423594311e-08 3.538681883845335653e-08 3.553516938637031803e-08 3.551981219701063490e-08 3.527549778826292890e-08 3.506645537105748709e-08 3.499343974682329703e-08 3.547209236156148399e-08 3.530378034859059174e-08 3.555679130846744427e-08 3.525536047546986412e-08 3.538814687850556734e-08 3.506143882206052280e-08 3.573881250707825206e-08 3.545404735573530185e-08 3.569686194206619654e-08 3.557279761827452273e-08 3.540681772757146883e-08 3.565339422723009585e-08 3.556402930285566349e-08 3.503539165797057242e-08 3.540239814483738911e-08 3.527789797618310829e-08 3.551146537634244152e-08
3.526730751207543851e-08 3.557305299034709738e-08 3.573451190053358141e-08 3.545044457558625647e-08 3.542883342210504758e-08 3.508485745648435607e-08 3.553692131923409883e-08 3.531127763378705916e-08 3.501770730067784867e-08 3.544068303535119903e-08 3.498725963527785445e-08 3.547790725126894419e-08 3.566078677187581520e-08 3.485152175063440675e-08 3.539448182536388930e-08 3.556069227279661322e-08 3.525553478672202943e-08 3.512815651767496427e-08 3.522924292613760075e-08 3.535042595014412284e-08 3.508642360854835909e-08 3.536395661182603011e-08 3.551353076046006417e-08 3.549703660737107782e-08 3.525283632414936313e-08 3.504391161380325316e-08 3.497022800593584280e-08 3.544975963097038917e-08 3.528099687711890452e-08 3.553474800773590489e-08 3.523263224803829615e-08 3.536530676706075271e-08 3.503972771400009373e-08 3.571722394231792325e-08 3.543168908345210070e-08 3.567509834633991198e-08 3.555050132362629002e-08 3.538424384652385640e-08 3.563119964605352611e-08 3.554189355463623140e-08 3.501299900194591950e-08 3.538037165682469668e-08 3.525499314216635542e-08 3.548862320628338967e-08
3.492767433923780260e-08 3.522850765169420822e-08 3.538642462920514318e-08 3.510790184384406407e-08 3.508485745648435607e-08 3.475040447324150960e-08 3.519310913149943767e-08 3.497134814544265859e-08 3.468127372825876039e-08 3.509733215599917608e-08 3.464977291297240685e-08 3.513321097169567816e-08 3.531435997110077444e-08 3.451989370100613777e-08 3.505301185080812990e-08 3.521632863889108567e-08 3.491510255545944241e-08 3.478990883844974366e-08 3.489080892978613016e-08 3.500885369442615333e-08 3.474797067819307403e-08 3.502337365589339668e-08 3.516982409089888421e-08 3.515454862843134033e-08 3.491426804538374430e-08 3.470684763770324181e-08 3.463772059091358225e-08 3.510610707675193955e-08 3.494093796808297973e-08 3.519051616223739374e-08 3.489321845734396871e-08 3.502455419155059270e-08 3.470357773175685038e-08 3.537017049457593336e-08 3.508918638278039981e-08 3.532825240855070974e-08 3.520638694865395330e-08 3.504198255501285078e-08 3.528489519983463765e-08 3.519909938093202276e-08 3.467846893794590490e-08 3.503780559591621929e-08 3.491607398276940784e-08 3.514713358568382622e-08
3.537559512917486558e-08 3.568267789390231324e-08 3.584473370520467717e-08 3.555973628572655096e-08 3.553692131923409883e-08 3.519310913149943767e-08 3.564747950867034224e-08 3.542017070058747890e-08 3.512587535474612295e-08 3.554913047154922851e-08 3.509444324023184032e-08 3.558640745475881987e-08 3.577010593110935065e-08 3.495877499026108647e-08 3.550282737111174769e-08 3.567029760568531494e-08 3.536396035787429090e-08 3.523605175613654967e-08 3.533778319340020273e-08 3.545897753532183425e-08 3.519461050965388108e-08 3.547349892135885356e-08 3.562269761336154470e-08 3.560680075694674980e-08 3.536159279709812319e-08 3.515100012423020126e-08 3.507858288547547643e-08 3.555853667563695399e-08 3.538972011013365042e-08 3.564405080512732309e-08 3.534059165811984806e-08 3.547394055933795322e-08 3.514654212471090074e-08 3.582604467736841654e-08 3.554017549133997548e-08 3.578508528326664067e-08 3.566011442357556705e-08 3.549247103624603440e-08 3.574057815572755663e-08 3.565139621358932344e-08 3.512029007773559437e-08 3.548896849893380313e-08 3.536403406956116712e-08 3.559834428247565042e-08
3.515165738402092464e-08 3.545530903372229878e-08 3.561640828145280630e-08 3.533352835545934736e-08 3.531127763378705916e-08 3.497134814544265859e-08 3.542017070058747890e-08 3.519676279475957716e-08 3.490379477667885379e-08 3.532375554119272664e-08 3.487250907809589144e-08 3.536025881641453578e-08 3.554257210550394758e-08 3.473920210343065299e-08 3.527864635978550368e-08 3.544398678756990933e-08 3.513972167826665787e-08 3.501376746393869267e-08 3.511465637570665511e-08 3.523378472427789548e-08 3.497164864653024046e-08 3.524914012541752663e-08 3.539645496085939256e-08 3.538067945273468114e-08 3.513781333803083478e-08 3.492938163908159446e-08 3.485815487257090754e-08 3.533225278729398584e-08 3.516537679412614934e-08 3.541797958463452458e-08 3.511718708947764832e-08 3.524974844019542626e-08 3.492527187777520117e-08 3.559873288225245869e-08 3.531486902287158051e-08 3.555676557078262758e-08 3.543405620807984024e-08 3.526775809669066134e-08 3.551342583794056630e-08 3.542567607717802737e-08 3.489980712499283659e-08 3.526405892889633501e-08 3.514031108248985093e-08 3.537288438108391932e-08
3.486056368213746994e-08 3.516095407111511101e-08 3.532004980750070235e-08 3.504074259876784160e-08 3.501770730067784867e-08 3.468127372825876039e-08 3.512587535474612295e-08 3.490379477667885379e-08 3.461488995166397944e-08 3.502994366910194564e-08 3.458321752386035653e-08 3.506632165640231037e-08 3.524712893565905571e-08 3.445159791147959163e-08 3.498534684062312110e-08 3.514951118545410514e-08 3.484801232368362789e-08 3.472323809652724178e-08 3.482348252796119633e-08 3.494142813654164405e-08 3.468122487112539316e-08 3.495619097140309251e-08 3.510195019524011781e-08 3.508684050571371921e-08 3.484649519909061634e-08 3.464008762533260408e-08 3.456921424327508087e-08 3.503863235589350773e-08 3.487384898061972071e-08 3.512357997860068123e-08 3.482629952751136359e-08 3.495731645894141784e-08 3.463524939228144093e-08 3.530262948424577073e-08 3.502148606357130083e-08 3.526088887331021009e-08 3.513948275859530527e-08 3.497523810065454336e-08 3.521791860774981740e-08 3.513080261331284859e-08 3.461049144529372832e-08 3.497114158483303607e-08 3.484856946067616123e-08 3.507946026066276304e-08
3.527954100558622020e-08 3.558609625957727273e-08 3.574790879824328768e-08 3.546278101739019950e-08 3.544068303535119903e-08 3.509733215599917608e-08 3.554913047154922851e-08 3.532375554119272664e-08 3.502994366910194564e-08 3.545392739420296049e-08 3.499942669913963617e-08 3.549006848559959203e-08 3.567363392752481848e-08 3.486321584061286594e-08 3.540702448243359898e-08 3.557311411495714133e-08 3.526770774699963778e-08 3.514002298636867203e-08 3.524160796696572131e-08 3.536239425478671889e-08 3.509843393570728802e-08 3.537656682935168409e-08 3.552676644762597866e-08 3.550968551988249272e-08 3.526524113376062320e-08 3.505586459920798405e-08 3.498226310024353322e-08 3.546193663676420096e-08 3.529304182940088471e-08 3.554758134826305948e-08 3.524459552325586930e-08 3.537815239836695008e-08 3.505096018261629440e-08 3.572992300878395824e-08 3.544442637233998017e-08 3.568806829645403746e-08 3.556372188171059565e-08 3.539641707367941108e-08 3.564491958698416755e-08 3.555486802489166526e-08 3.502550202483010134e-08 3.539280076725466649e-08 3.526790556783425295e-08 3.550159502362412193e-08
3.482919838010788530e-08 3.512995221117826624e-08 3.528872101878157879e-08 3.500925299516963971e-08 3.498725963527785445e-08 3.464977291297240685e-08 3.509444324023184032e-08 3.487250907809589144e-08 3.458321752386035653e-08 3.499942669913963617e-08 3.455302288907875501e-08 3.503615885135323973e-08 3.521629424677173028e-08 3.442010569662300747e-08 3.495474454710866772e-08 3.511828461451300157e-08 3.481746720974665267e-08 3.469221631251324257e-08 3.479252401799711391e-08 3.491023516940594596e-08 3.465055293711488119e-08 3.492470445006853620e-08 3.507113718032522548e-08 3.505542191159163833e-08 3.481516033453229667e-08 3.460891456825674380e-08 3.453729479238377240e-08 3.500805632523728839e-08 3.484229856876611780e-08 3.509192195157709422e-08 3.479505729484664654e-08 3.492608509348907300e-08 3.460479391279450876e-08 3.527187644498233989e-08 3.499055045112303194e-08 3.523016988042680703e-08 3.510823804455646970e-08 3.494449577686710767e-08 3.518717596419094684e-08 3.510000981347704506e-08 3.457914050961722028e-08 3.494040577646061113e-08 3.481714561027969784e-08 3.504736828299708351e-08
3.531635136012988743e-08 3.562253444898254344e-08 3.578434871671264329e-08 3.549984650129656189e-08 3.547790725126894419e-08 3.513321097169567816e-08 3.558640745475881987e-08 3.536025881641453578e-08 3.506632165640231037e-08 3.549006848559959203e-08 3.503615885135323973e-08 3.552784601443568088e-08 3.571052444193370465e-08 3.489958893115758863e-08 3.544352024270375386e-08 3.561031399663258089e-08 3.530492123098529125e-08 3.517727862562706527e-08 3.527857833291007950e-08 3.539929006025345511e-08 3.513533164861598188e-08 3.541316573775568207e-08 3.556262494396514595e-08 3.554650354595487208e-08 3.530184327255126082e-08 3.509254425356992271e-08 3.501862175463485358e-08 3.549933010293651776e-08 3.532999467780484762e-08 3.558373159128093071e-08 3.528170384016625547e-08 3.541448366339496066e-08 3.508808162521461157e-08 3.576655691811635850e-08 3.548092911033083811e-08 3.572463612763674161e-08 3.560007242899603988e-08 3.543379043923850106e-08 3.568090507791901064e-08 3.559148549436390741e-08 3.506129977076989060e-08 3.542977988942039431e-08 3.530411752606941666e-08 3.553750241370343520e-08
3.549834028819759404e-08 3.580680735661728765e-08 3.596987912695384900e-08 3.568313815586435270e-08 3.566078677187581520e-08 3.531435997110077444e-08 3.577010593110935065e-08 3.554257210550394758e-08 3.524712893565905571e-08 3.567363392752481848e-08 3.521629424677173028e-08 3.571052444193370465e-08 3.589542512735706613e-08 3.507877446578564785e-08 3.562610549348217716e-08 3.579417519270926882e-08 3.548661249340164241e-08 3.535798294969165856e-08 3.545991234907457241e-08 3.558198817351435851e-08 3.531588874540004546e-08 3.559592888343586912e-08 3.574665187219273117e-08 3.573002887430446205e-08 3.548350173366771035e-08 3.527328735487451485e-08 3.519889381295841854e-08 3.568243334860648504e-08 3.551223223484926994e-08 3.576787358944473116e-08 3.546329939447910952e-08 3.559753728414146397e-08 3.526797916497442187e-08 3.595153468241705069e-08 3.566419700681054941e-08 3.590933412117220701e-08 3.578432901233504997e-08 3.561605801422322312e-08 3.586573959033078280e-08 3.577493332273594717e-08 3.524196195475741594e-08 3.561233065885488429e-08 3.548659585888379051e-08 3.572151234218097905e-08
3.469649141877667857e-08 3.499351562226393675e-08 3.514999041423293020e-08 3.487430453557822061e-08 3.485152175063440675e-08 3.451989370100613777e-08 3.495877499026108647e-08 3.473920210343065299e-08 3.445159791147959163e-08 3.486321584061286594e-08 3.442010569662300747e-08 3.489958893115758863e-08 3.507877446578564785e-08 3.429258322613746565e-08 3.482059831844500328e-08 3.498202779069020208e-08 3.468329036376755046e-08 3.456022128676009335e-08 3.465996216740875815e-08 3.477629846781044915e-08 3.451772396117823984e-08 3.479063086322868522e-08 3.493525414697744459e-08 3.492061784713710500e-08 3.468270842065791594e-08 3.447760597039306139e-08 3.440889951550649981e-08 3.487252288045285436e-08 3.470937814288520507e-08 3.495609423316927988e-08 3.466235947808219207e-08 3.479184788773642632e-08 3.447445786484608814e-08 3.513465572659444669e-08 3.485572990957577645e-08 3.509228508781807544e-08 3.497166099767530307e-08 3.480974282904370371e-08 3.504896825855071391e-08 3.496465962522266894e-08 3.444959138383161629e-08 3.480522631258545110e-08 3.468404062665116157e-08 3.491358961051803728e-08
3.523457538302057391e-08 3.553936055015384212e-08 3.570020776741779784e-08 3.541618080077303240e-08 3.539448182536388930e-08 3.505301185080812990e-08 3.550282737111174769e-08 3.527864635978550368e-08 3.498534684062312110e-08 3.540702448243359898e-08 3.495474454710866772e-08 3.544352024270375386e-08 3.562610549348217716e-08 3.482059831844500328e-08 3.536238215345230561e-08 3.552669661302575570e-08 3.522206092766716380e-08 3.509585160407760114e-08 3.519695202853035801e-08 3.531669444316248923e-08 3.505408570530206224e-08 3.533098430906704481e-08 3.548032422713449352e-08 3.546329254091391506e-08 3.522023345087166592e-08 3.501149331705342853e-08 3.493869845655755707e-08 3.541523405415580418e-08 3.524761639267137418e-08 3.550130983360360115e-08 3.519955860827156703e-08 3.533242758876183055e-08 3.500757900509830422e-08 3.568336240122970557e-08 3.539801705222129431e-08 3.564098425219706823e-08 3.551664631964341973e-08 3.535094551315600079e-08 3.559732476517084102e-08 3.550887170426701218e-08 3.498197816027769329e-08 3.534713382382011341e-08 3.522258366584679624e-08 3.545589632168984862e-08
3.539921038865403911e-08 3.570604601993302486e-08 3.586857607231850732e-08 3.558331305879059041e-08 3.556069227279661322e-08 3.521632863889108567e-08 3.567029760568531494e-08 3.544398678756990933e-08 3.514951118545410514e-08 3.557311411495714133e-08 3.511828461451300157e-08 3.561031399663258089e-08 3.579417519270926882e-08 3.498202779069020208e-08 3.552669661302575570e-08 3.569475897018168966e-08 3.538787667143469170e-08 3.526006057606839652e-08 3.536160290309744406e-08 3.548239585006458723e-08 3.521782856000805381e-08 3.549730873844869255e-08 3.564597992573009376e-08 3.563016754096611409e-08 3.538462339704916677e-08 3.517502148304641807e-08 3.510195362978955718e-08 3.558213823933599332e-08 3.541304590033148165e-08 3.566757236705907547e-08 3.536454166408434109e-08 3.549835911068202344e-08 3.517012096170302537e-08 3.585022548092995729e-08 3.556374919244491558e-08 3.580809594698610994e-08 3.568415274820857362e-08 3.551699856570921039e-08 3.576442934560672354e-08 3.567479815210188695e-08 3.514392218655507109e-08 3.551281820961774153e-08 3.538791329494904936e-08 3.562178692195511336e-08
3.509597148960568937e-08 3.539933619621606841e-08 3.555925875928343469e-08 3.527806238289031168e-08 3.525553478672202943e-08 3.491510255545944241e-08 3.536396035787429090e-08 3.513972167826665787e-08 3.484801232368362789e-08 3.526770774699963778e-08 3.481746720974665267e-08 3.530492123098529125e-08 3.548661249340164241e-08 3.468329036376755046e-08 3.522206092766716380e-08 3.538787667143469170e-08 3.508484945486866464e-08 3.495805923335863249e-08 3.505900673738165205e-08 3.517826434418515833e-08 3.491602224500764183e-08 3.519249840074613193e-08 3.533977084496049283e-08 3.532453517575944343e-08 3.508143345411771333e-08 3.487378651165894355e-08 3.480177915413712841e-08 3.527703809137425924e-08 3.510961778148386175e-08 3.536049922424482982e-08 3.506142954412567352e-08 3.519358925876065956e-08 3.486973451733916509e-08 3.554179397472529992e-08 3.525861484921747929e-08 3.550034774440308861e-08 3.537712330285350279e-08 3.521234362203743644e-08 3.545674913995152215e-08 3.536888424638120485e-08 3.484333597467517498e-08 3.520808108242756472e-08 3.508417339320742182e-08 3.531585874799648967e-08
3.497042269179468816e-08 3.527121064446362768e-08 3.543054481031926532e-08 3.515053713921698149e-08 3.512815651767496427e-08 3.478990883844974366e-08 3.523605175613654967e-08 3.501376746393869267e-08 3.472323809652724178e-08 3.514002298636867203e-08 3.469221631251324257e-08 3.517727862562706527e-08 3.535798294969165856e-08 3.456022128676009335e-08 3.509585160407760114e-08 3.526006057606839652e-08 3.495805923335863249e-08 3.483351066434256053e-08 3.493333493548213249e-08 3.505146787195296822e-08 3.479084128372070275e-08 3.506580939154643906e-08 3.521204495996469893e-08 3.519699656118897983e-08 3.495571730285887816e-08 3.474942812185087071e-08 3.467782090916147400e-08 3.514937401519539989e-08 3.498366728520447742e-08 3.523339072810775508e-08 3.493599042283905183e-08 3.506690736996272198e-08 3.474525249928476061e-08 3.541372539570836578e-08 3.513158517451226244e-08 3.537142734207929164e-08 3.524925461241574139e-08 3.508584000697717178e-08 3.532815185897530672e-08 3.524130148091348188e-08 3.471968325332425193e-08 3.508146687395941452e-08 3.495809650287212370e-08 3.518916497163642145e-08
3.507105509168816449e-08 3.537293740942999636e-08 3.553253028497109982e-08 3.525199584878217485e-08 3.522924292613760075e-08 3.489080892978613016e-08 3.533778319340020273e-08 3.511465637570665511e-08 3.482348252796119633e-08 3.524160796696572131e-08 3.479252401799711391e-08 3.527857833291007950e-08 3.545991234907457241e-08 3.465996216740875815e-08 3.519695202853035801e-08 3.536160290309744406e-08 3.505900673738165205e-08 3.493333493548213249e-08 3.503462418558260426e-08 3.515222362481915841e-08 3.489061910475595821e-08 3.516719399748533336e-08 3.531362550363043533e-08 3.529879875094191570e-08 3.505700311160478831e-08 3.484921416710798552e-08 3.477817630084420441e-08 3.525033076515282721e-08 3.508441958346474536e-08 3.533486147637726253e-08 3.503656759943236796e-08 3.516821803850198618e-08 3.484499932276398410e-08 3.551514985774758505e-08 3.523307898519746789e-08 3.547375380423756834e-08 3.535140226047513078e-08 3.518636098329098552e-08 3.543028891855049277e-08 3.534355096211745184e-08 3.481987634776985447e-08 3.518263214549056780e-08 3.505849760845960438e-08 3.529041601867955864e-08
3.519057186439643395e-08 3.549484219004731045e-08 3.565531136184833306e-08 3.537311693724075086e-08 3.535042595014412284e-08 3.500885369442615333e-08 3.545897753532183425e-08 3.523378472427789548e-08 3.494142813654164405e-08 3.536239425478671889e-08 3.491023516940594596e-08 3.539929006025345511e-08 3.558198817351435851e-08 3.477629846781044915e-08 3.531669444316248923e-08 3.548239585006458723e-08 3.517826434418515833e-08 3.505146787195296822e-08 3.515222362481915841e-08 3.527362249036289175e-08 3.500949501687946907e-08 3.528649188252693329e-08 3.543484977466109649e-08 3.541923631698205960e-08 3.517539620693521416e-08 3.496766573936381159e-08 3.489459716019850391e-08 3.537173032363068969e-08 3.520421129069730015e-08 3.545647485620926103e-08 3.515541572623030880e-08 3.528784708082607314e-08 3.496333071372979991e-08 3.563816095510534095e-08 3.535373752242130705e-08 3.559600697773901015e-08 3.547137058234156944e-08 3.530665243502239185e-08 3.555221695399969800e-08 3.546358635210503779e-08 3.493676056498421735e-08 3.530235420762831038e-08 3.517836697040508599e-08 3.541133535697675771e-08
3.492798492676844835e-08 3.523019742540933261e-08 3.538910915236733566e-08 3.510854041423594311e-08 3.508642360854835909e-08 3.474797067819307403e-08 3.519461050965388108e-08 3.497164864653024046e-08 3.468122487112539316e-08 3.509843393570728802e-08 3.465055293711488119e-08 3.513533164861598188e-08 3.531588874540004546e-08 3.451772396117823984e-08 3.505408570530206224e-08 3.521782856000805381e-08 3.491602224500764183e-08 3.479084128372070275e-08 3.489061910475595821e-08 3.500949501687946907e-08 3.475026845859068147e-08 3.502383899282556620e-08 3.517153397825464847e-08 3.515500607899677559e-08 3.491396992299313237e-08 3.470671066173508787e-08 3.463502323120036553e-08 3.510770385756473032e-08 3.494115871811306270e-08 3.519181317174011726e-08 3.489351188370791309e-08 3.502464190035107626e-08 3.470332126496192095e-08 3.537222384073115015e-08 3.508941943541313273e-08 3.533071718691096170e-08 3.520746251157980304e-08 3.504383477912572628e-08 3.528716312881306413e-08 3.519940516151921366e-08 3.467722818116680149e-08 3.503935275792210997e-08 3.491657691213664546e-08 3.514757085423407731e-08
3.520405231627196340e-08 3.550824553362726746e-08 3.566993975149568244e-08 3.538681883845335653e-08 3.536395661182603011e-08 3.502337365589339668e-08 3.547349892135885356e-08 3.524914012541752663e-08 3.495619097140309251e-08 3.537656682935168409e-08 3.492470445006853620e-08 3.541316573775568207e-08 3.559592888343586912e-08 3.479063086322868522e-08 3.533098430906704481e-08 3.549730873844869255e-08 3.519249840074613193e-08 3.506580939154643906e-08 3.516719399748533336e-08 3.528649188252693329e-08 3.502383899282556620e-08 3.530224578322665951e-08 3.544900898416053174e-08 3.543369029803466889e-08 3.519000480246229268e-08 3.498145439727764930e-08 3.491009926000699510e-08 3.538513870608124501e-08 3.521798537067347944e-08 3.547073186998541334e-08 3.516965297130321378e-08 3.530280469889359380e-08 3.497689836699598673e-08 3.565163900402524081e-08 3.536742096026214429e-08 3.560993424306684239e-08 3.548727149989803601e-08 3.532055540487967375e-08 3.556670704481255537e-08 3.547839398586778631e-08 3.495129231664226376e-08 3.531671773525791405e-08 3.519303555857068646e-08 3.542565681284020437e-08
3.535203776530971269e-08 3.566045000331309745e-08 3.582208566051281022e-08 3.553516938637031803e-08 3.551353076046006417e-08 3.516982409089888421e-08 3.562269761336154470e-08 3.539645496085939256e-08 3.510195019524011781e-08 3.552676644762597866e-08 3.507113718032522548e-08 3.556262494396514595e-08 3.574665187219273117e-08 3.493525414697744459e-08 3.548032422713449352e-08 3.564597992573009376e-08 3.533977084496049283e-08 3.521204495996469893e-08 3.531362550363043533e-08 3.543484977466109649e-08 3.517153397825464847e-08 3.544900898416053174e-08 3.560189612052700147e-08 3.558299753459097195e-08 3.533864907881624396e-08 3.512724515291229983e-08 3.505399191269786412e-08 3.553498610340532798e-08 3.536531526397364623e-08 3.562147078011017383e-08 3.531686930890745561e-08 3.545040481107807902e-08 3.512303012761342719e-08 3.580425062710261711e-08 3.551736380614439669e-08 3.576285582608524422e-08 3.563723159778003695e-08 3.546889726949578942e-08 3.571860796579263848e-08 3.562814876868649649e-08 3.509801741072857550e-08 3.546555044393014324e-08 3.534064093450299206e-08 3.557573249029309126e-08
3.533651981115855711e-08 3.564259827560303536e-08 3.580408901781262587e-08 3.551981219701063490e-08 3.549703660737107782e-08 3.515454862843134033e-08 3.560680075694674980e-08 3.538067945273468114e-08 3.508684050571371921e-08 3.550968551988249272e-08 3.505542191159163833e-08 3.554650354595487208e-08 3.573002887430446205e-08 3.492061784713710500e-08 3.546329254091391506e-08 3.563016754096611409e-08 3.532453517575944343e-08 3.519699656118897983e-08 3.529879875094191570e-08 3.541923631698205960e-08 3.515500607899677559e-08 3.543369029803466889e-08 3.558299753459097195e-08 3.556726604383355355e-08 3.532242859132145714e-08 3.511228776426308383e-08 3.504024507041447436e-08 3.551863141701258420e-08 3.535053754906215985e-08 3.560415646610878007e-08 3.530141720350685560e-08 3.543446161873631561e-08 3.510785719277904404e-08 3.578562969350562936e-08 3.550079552040626187e-08 3.574468208849317623e-08 3.562026929779417944e-08 3.545280135579707555e-08 3.570047641174300840e-08 3.561180148435030143e-08 3.508223586026963853e-08 3.544933812842568346e-08 3.532468394374161899e-08 3.555878954020856637e-08
3.509428177316687332e-08 3.539767690687063658e-08 3.555698211151979494e-08 3.527549778826292890e-08 3.525283632414936313e-08 3.491426804538374430e-08 3.536159279709812319e-08 3.513781333803083478e-08 3.484649519909061634e-08 3.526524113376062320e-08 3.481516033453229667e-08 3.530184327255126082e-08 3.548350173366771035e-08 3.468270842065791594e-08 3.522023345087166592e-08 3.538462339704916677e-08 3.508143345411771333e-08 3.495571730285887816e-08 3.505700311160478831e-08 3.517539620693521416e-08 3.491396992299313237e-08 3.519000480246229268e-08 3.533864907881624396e-08 3.532242859132145714e-08 3.508152074561875319e-08 3.487170123142374466e-08 3.480077231539145582e-08 3.527381435939896043e-08 3.510737543547999516e-08 3.535952681772208160e-08 3.505976464613833332e-08 3.519098625068874732e-08 3.486756274979376769e-08 3.553973376698021764e-08 3.525708385506249466e-08 3.549844839859312655e-08 3.537549233730020811e-08 3.520930542189543366e-08 3.545467907036249332e-08 3.536735730085853876e-08 3.484302249639354409e-08 3.520584636622145937e-08 3.508150183724312491e-08 3.531470573538208432e-08
3.488677467220600280e-08 3.518647940165172633e-08 3.534544853748420120e-08 3.506645537105748709e-08 3.504391161380325316e-08 3.470684763770324181e-08 3.515100012423020126e-08 3.492938163908159446e-08 3.464008762533260408e-08 3.505586459920798405e-08 3.460891456825674380e-08 3.509254425356992271e-08 3.527328735487451485e-08 3.447760597039306139e-08 3.501149331705342853e-08 3.517502148304641807e-08 3.487378651165894355e-08 3.474942812185087071e-08 3.484921416710798552e-08 3.496766573936381159e-08 3.470671066173508787e-08 3.498145439727764930e-08 3.512724515291229983e-08 3.511228776426308383e-08 3.487170123142374466e-08 3.466680865195406668e-08 3.459484867567800759e-08 3.506492211622140222e-08 3.489994611743454453e-08 3.514902383560032850e-08 3.485238358737608882e-08 3.498321379711104356e-08 3.466194055060270004e-08 3.532910169546560688e-08 3.504759899937705868e-08 3.528603165849545933e-08 3.516461840496223169e-08 3.500156932622173928e-08 3.524351875573053102e-08 3.515641935059676891e-08 3.463667437489753986e-08 3.499704902601523861e-08 3.487444251879181859e-08 3.510499428575616047e-08
3.481434350416928004e-08 3.511249666636616283e-08 3.527013656155231893e-08 3.499343974682329703e-08 3.497022800593584280e-08 3.463772059091358225e-08 3.507858288547547643e-08 3.485815487257090754e-08 3.456921424327508087e-08 3.498226310024353322e-08 3.453729479238377240e-08 3.501862175463485358e-08 3.519889381295841854e-08 3.440889951550649981e-08 3.493869845655755707e-08 3.510195362978955718e-08 3.480177915413712841e-08 3.467782090916147400e-08 3.477817630084420441e-08 3.489459716019850391e-08 3.463502323120036553e-08 3.491009926000699510e-08 3.505399191269786412e-08 3.504024507041447436e-08 3.480077231539145582e-08 3.459484867567800759e-08 3.452703930747873483e-08 3.499149848052366244e-08 3.482799839071267953e-08 3.507527328242455357e-08 3.478028601531742247e-08 3.491076319259987484e-08 3.459140051407695185e-08 3.525368738102704647e-08 3.497441130528680887e-08 3.521175606545705136e-08 3.509184993983757181e-08 3.492799847421086564e-08 3.516860097948442261e-08 3.508426471490042296e-08 3.456656047579705423e-08 3.492385455713847741e-08 3.480285361532686631e-08 3.503263501032704510e-08
3.528854638210632993e-08 3.559475650422351033e-08 3.575590015806901432e-08 3.547209236156148399e-08 3.544975963097038917e-08 3.510610707675193955e-08 3.555853667563695399e-08 3.533225278729398584e-08 3.503863235589350773e-08 3.546193663676420096e-08 3.500805632523728839e-08 3.549933010293651776e-08 3.568243334860648504e-08 3.487252288045285436e-08 3.541523405415580418e-08 3.558213823933599332e-08 3.527703809137425924e-08 3.514937401519539989e-08 3.525033076515282721e-08 3.537173032363068969e-08 3.510770385756473032e-08 3.538513870608124501e-08 3.553498610340532798e-08 3.551863141701258420e-08 3.527381435939896043e-08 3.506492211622140222e-08 3.499149848052366244e-08 3.547197247681750342e-08 3.530230303454243508e-08 3.555525866243292196e-08 3.525387532147613741e-08 3.538660188837089440e-08 3.506057790337163602e-08 3.573852805370857415e-08 3.545296186401588906e-08 3.569630370396809460e-08 3.557175155416240448e-08 3.540583901494345236e-08 3.565237346685838556e-08 3.556277871189529344e-08 3.503383767747413562e-08 3.540129382542353990e-08 3.527691003621276609e-08 3.551007975192583176e-08
3.512229331449113657e-08 3.542490924438655675e-08 3.558519326915245743e-08 3.530378034859059174e-08 3.528099687711890452e-08 3.494093796808297973e-08 3.538972011013365042e-08 3.516537679412614934e-08 3.487384898061972071e-08 3.529304182940088471e-08 3.484229856876611780e-08 3.532999467780484762e-08 3.551223223484926994e-08 3.470937814288520507e-08 3.524761639267137418e-08 3.541304590033148165e-08 3.510961778148386175e-08 3.498366728520447742e-08 3.508441958346474536e-08 3.520421129069730015e-08 3.494115871811306270e-08 3.521798537067347944e-08 3.536531526397364623e-08 3.535053754906215985e-08 3.510737543547999516e-08 3.489994611743454453e-08 3.482799839071267953e-08 3.530230303454243508e-08 3.513622037358961383e-08 3.538715982717053308e-08 3.508725294957912606e-08 3.521895260908223205e-08 3.489532718026258471e-08 3.556748272703912153e-08 3.528464469105241928e-08 3.552594776054049024e-08 3.540263653323649524e-08 3.523740144310877443e-08 3.548220226169860246e-08 3.539458265992480459e-08 3.486968960961236237e-08 3.523364639525898735e-08 3.510988919864925954e-08 3.534245246213032167e-08
3.537359187383522199e-08 3.568083299980965256e-08 3.584400171796383712e-08 3.555679130846744427e-08 3.553474800773590489e-08 3.519051616223739374e-08 3.564405080512732309e-08 3.541797958463452458e-08 3.512357997860068123e-08 3.554758134826305948e-08 3.509192195157709422e-08 3.558373159128093071e-08 3.576787358944473116e-08 3.495609423316927988e-08 3.550130983360360115e-08 3.566757236705907547e-08 3.536049922424482982e-08 3.523339072810775508e-08 3.533486147637726253e-08 3.545647485620926103e-08 3.519181317174011726e-08 3.547073186998541334e-08 3.562147078011017383e-08 3.560415646610878007e-08 3.535952681772208160e-08 3.514902383560032850e-08 3.507527328242455357e-08 3.555525866243292196e-08 3.538715982717053308e-08 3.564392302645291506e-08 3.533828634017815301e-08 3.547186548504924982e-08 3.514372762246766747e-08 3.582534369527661033e-08 3.553859241651405269e-08 3.578342211350547126e-08 3.565829234873079769e-08 3.548998016710902820e-08 3.573980454034779898e-08 3.564954717476898576e-08 3.511867284184901927e-08 3.548703329651083084e-08 3.536163453986988737e-08 3.559693519489749693e-08
3.507405842030435154e-08 3.537618254405214429e-08 3.553621497765106919e-08 3.525536047546986412e-08 3.523263224803829615e-08 3.489321845734396871e-08 3.534059165811984806e-08 3.511718708947764832e-08 3.482629952751136359e-08 3.524459552325586930e-08 3.479505729484664654e-08 3.528170384016625547e-08 3.546329939447910952e-08 3.466235947808219207e-08 3.519955860827156703e-08 3.536454166408434109e-08 3.506142954412567352e-08 3.493599042283905183e-08 3.503656759943236796e-08 3.515541572623030880e-08 3.489351188370791309e-08 3.516965297130321378e-08 3.531686930890745561e-08 3.530141720350685560e-08 3.505976464613833332e-08 3.485238358737608882e-08 3.478028601531742247e-08 3.525387532147613741e-08 3.508725294957912606e-08 3.533828634017815301e-08 3.504002572099182366e-08 3.517125322294560545e-08 3.484769921932069464e-08 3.551942142979860646e-08 3.523637766794262359e-08 3.547666379331728328e-08 3.535445695045733762e-08 3.518973717322360942e-08 3.543358900305812927e-08 3.534564714043715040e-08 3.482236193876937326e-08 3.518533404144714290e-08 3.506142002861673711e-08 3.529358590589690137e-08
3.520555701880487139e-08 3.550988897253498252e-08 3.567134237592005658e-08 3.538814687850556734e-08 3.536530676706075271e-08 3.502455419155059270e-08 3.547394055933795322e-08 3.524974844019542626e-08 3.495731645894141784e-08 3.537815239836695008e-08 3.492608509348907300e-08 3.541448366339496066e-08 3.559753728414146397e-08 3.479184788773642632e-08 3.533242758876183055e-08 3.549835911068202344e-08 3.519358925876065956e-08 3.506690736996272198e-08 3.516821803850198618e-08 3.528784708082607314e-08 3.502464190035107626e-08 3.530280469889359380e-08 3.545040481107807902e-08 3.543446161873631561e-08 3.519098625068874732e-08 3.498321379711104356e-08 3.491076319259987484e-08 3.538660188837089440e-08 3.521895260908223205e-08 3.547186548504924982e-08 3.517125322294560545e-08 3.530468817524216070e-08 3.497809306230172550e-08 3.565383474377973970e-08 3.536901607067032360e-08 3.561093466049898023e-08 3.548838529706981387e-08 3.532216956293863393e-08 3.556828447076829506e-08 3.547922939655887564e-08 3.495277991627834836e-08 3.531794832545392975e-08 3.519437972243826107e-08 3.542678909188257965e-08
3.488204004997458038e-08 3.518156659828528218e-08 3.533918649074738057e-08 3.506143882206052280e-08 3.503972771400009373e-08 3.470357773175685038e-08 3.514654212471090074e-08 3.492527187777520117e-08 3.463524939228144093e-08 3.505096018261629440e-08 3.460479391279450876e-08 3.508808162521461157e-08 3.526797916497442187e-08 3.447445786484608814e-08 3.500757900509830422e-08 3.517012096170302537e-08 3.486973451733916509e-08 3.474525249928476061e-08 3.484499932276398410e-08 3.496333071372979991e-08 3.470332126496192095e-08 3.497689836699598673e-08 3.512303012761342719e-08 3.510785719277904404e-08 3.486756274979376769e-08 3.466194055060270004e-08 3.459140051407695185e-08 3.506057790337163602e-08 3.489532718026258471e-08 3.514372762246766747e-08 3.484769921932069464e-08 3.497809306230172550e-08 3.465971571438227967e-08 3.532407299097827124e-08 3.504272616188637637e-08 3.528156629417521608e-08 3.515907483986716876e-08 3.499691685679611900e-08 3.523787451253262899e-08 3.515239264767382548e-08 3.463279369117535788e-08 3.499221447739084816e-08 3.486982938644811055e-08 3.510009331034854060e-08
3.555442114941145737e-08 3.586387503594731654e-08 3.602753551384838575e-08 3.573881250707825206e-08 3.571722394231792325e-08 3.537017049457593336e-08 3.582604467736841654e-08 3.559873288225245869e-08 3.530262948424577073e-08 3.572992300878395824e-08 3.527187644498233989e-08 3.576655691811635850e-08 3.595153468241705069e-08 3.513465572659444669e-08 3.568336240122970557e-08 3.585022548092995729e-08 3.554179397472529992e-08 3.541372539570836578e-08 3.551514985774758505e-08 3.563816095510534095e-08 3.537222384073115015e-08 3.565163900402524081e-08 3.580425062710261711e-08 3.578562969350562936e-08 3.553973376698021764e-08 3.532910169546560688e-08 3.525368738102704647e-08 3.573852805370857415e-08 3.556748272703912153e-08 3.582534369527661033e-08 3.551942142979860646e-08 3.565383474377973970e-08 3.532407299097827124e-08 3.601044370208410505e-08 3.572070908052465216e-08 3.596645601267120164e-08 3.584048153803931158e-08 3.567279171927713248e-08 3.592285711056655990e-08 3.583110645595086642e-08 3.529790031584682423e-08 3.566847744720988637e-08 3.554281548120165399e-08 3.577857715081889458e-08
3.527123338551084989e-08 3.557686070850985065e-08 3.573824073605571211e-08 3.545404735573530185e-08 3.543168908345210070e-08 3.508918638278039981e-08 3.554017549133997548e-08 3.531486902287158051e-08 3.502148606357130083e-08 3.544442637233998017e-08 3.499055045112303194e-08 3.548092911033083811e-08 3.566419700681054941e-08 3.485572990957577645e-08 3.539801705222129431e-08 3.556374919244491558e-08 3.525861484921747929e-08 3.513158517451226244e-08 3.523307898519746789e-08 3.535373752242130705e-08 3.508941943541313273e-08 3.536742096026214429e-08 3.551736380614439669e-08 3.550079552040626187e-08 3.525708385506249466e-08 3.504759899937705868e-08 3.497441130528680887e-08 3.545296186401588906e-08 3.528464469105241928e-08 3.553859241651405269e-08 3.523637766794262359e-08 3.536901607067032360e-08 3.504272616188637637e-08 3.572070908052465216e-08 3.543587096654931470e-08 3.567853628911572670e-08 3.555426177978903553e-08 3.538738803992847380e-08 3.563502095228624154e-08 3.554575080394964790e-08 3.501745434517844054e-08 3.538376431143809176e-08 3.525866370029059048e-08 3.549271235153842595e-08
3.551221623390880681e-08 3.582230159165862958e-08 3.598533471757430587e-08 3.569686194206619654e-08 3.567509834633991198e-08 3.532825240855070974e-08 3.578508528326664067e-08 3.555676557078262758e-08 3.526088887331021009e-08 3.568806829645403746e-08 3.523016988042680703e-08 3.572463612763674161e-08 3.590933412117220701e-08 3.509228508781807544e-08 3.564098425219706823e-08 3.580809594698610994e-08 3.550034774440308861e-08 3.537142734207929164e-08 3.547375380423756834e-08 3.559600697773901015e-08 3.533071718691096170e-08 3.560993424306684239e-08 3.576285582608524422e-08 3.574468208849317623e-08 3.549844839859312655e-08 3.528603165849545933e-08 3.521175606545705136e-08 3.569630370396809460e-08 3.552594776054049024e-08 3.578342211350547126e-08 3.547666379331728328e-08 3.561093466049898023e-08 3.528156629417521608e-08 3.596645601267120164e-08 3.567853628911572670e-08 3.592589412822391987e-08 3.579884376055062002e-08 3.562961288510618238e-08 3.588105669102986024e-08 3.579009075221710527e-08 3.525573214442849652e-08 3.562678886502574412e-08 3.550026457900582044e-08 3.573645959429943264e-08
