1.286226561418877456e-08 1.296763790810501617e-08 1.304724416520833284e-08 1.292846269547831507e-08 1.291477595521981313e-08 1.277709255650212410e-08 1.297346529876658026e-08 1.283399970601658343e-08 1.270867228867346843e-08 1.288050000633588330e-08 1.272919093060331428e-08 1.294498457965263526e-08 1.299225632472873525e-08 1.261617518216879663e-08 1.289341766400594952e-08 1.294562241466156558e-08 1.282401365718069346e-08 1.275376884034311090e-08 1.281895180110586772e-08 1.285470010078401534e-08 1.276876912343537430e-08 1.290727695032440284e-08 1.293981438256249912e-08 1.291785099871258346e-08 1.286047898475807341e-08 1.275190737170790601e-08 1.270145913397704070e-08 1.287094055193367032e-08 1.281967078668154603e-08 1.295834773418154735e-08 1.283683683151870344e-08 1.288077784679421769e-08 1.271689072117772344e-08 1.302596669855229623e-08 1.290721686977508415e-08 1.298441114877933473e-08 1.294621368212244408e-08 1.286835732228571434e-08 1.303446340031292236e-08 1.296190152904166005e-08 1.273658322278444312e-08 1.291898573780611965e-08 1.283571119582653021e-08 1.298352445180229299e-08
1.296763790810501617e-08 1.308016601180612254e-08 1.316011645404166729e-08 1.303736800921470704e-08 1.302260430134098862e-08 1.288003871022363899e-08 1.308338739544855432e-08 1.293978523026105416e-08 1.281036330024064858e-08 1.298824880048086669e-08 1.283080412394387736e-08 1.305247470836564890e-08 1.310373564168027400e-08 1.271473356380697152e-08 1.300131446149702327e-08 1.305472135524660458e-08 1.292913273038435274e-08 1.285561013070790819e-08 1.292393284598724400e-08 1.296021129305739811e-08 1.287084744083885900e-08 1.301520537161904974e-08 1.304889533804166377e-08 1.302601085950978080e-08 1.296631857269983107e-08 1.285375573820110357e-08 1.280165770023469214e-08 1.297800931255994860e-08 1.292547594714880797e-08 1.306684346258630678e-08 1.294190453071385673e-08 1.298660649585586588e-08 1.281763347585459461e-08 1.313848909568069808e-08 1.301601967975977736e-08 1.309733139806122547e-08 1.305516297999830042e-08 1.297606156344047607e-08 1.314623771863223211e-08 1.307219360266666654e-08 1.283847746171045685e-08 1.302780682049574445e-08 1.294142668863434837e-08 1.309245885070152912e-08
1.304724416520833284e-08 1.316011645404166729e-08 1.324306698833333352e-08 1.311803345252082992e-08 1.310296794247916516e-08 1.295895761427083441e-08 1.316447927933333597e-08 1.301955557216666849e-08 1.288958745593749909e-08 1.306884454391666761e-08 1.290943527991666662e-08 1.313263360529166616e-08 1.318550500016666444e-08 1.279227230116666921e-08 1.308213619887499931e-08 1.313547912210416883e-08 1.300843064245833020e-08 1.293484327535416791e-08 1.300330202641667396e-08 1.304019603077083514e-08 1.294999291824999937e-08 1.309573061847916567e-08 1.313020141279166372e-08 1.310649331472916688e-08 1.304643754266666949e-08 1.293320052789583248e-08 1.288059111904166298e-08 1.305812227333333435e-08 1.300500332660416573e-08 1.314779410937500224e-08 1.302146070206250129e-08 1.306655873270833319e-08 1.289653183610417148e-08 1.322085049035416422e-08 1.309644925854166425e-08 1.317801801500000362e-08 1.313581949493750377e-08 1.305618239681249573e-08 1.322807849993750281e-08 1.315336907814583090e-08 1.291725255304166659e-08 1.310796922247916660e-08 1.302145565002083677e-08 1.317391257058333783e-08
1.292846269547831507e-08 1.303736800921470704e-08 1.311803345252082992e-08 1.299888324934778741e-08 1.298279503726317835e-08 1.284277830283885911e-08 1.304290684521811088e-08 1.290062181236394411e-08 1.277346642005101959e-08 1.294873718712330053e-08 1.279435450305612048e-08 1.301236773900935369e-08 1.306253362671555759e-08 1.267953908123469184e-08 1.296176792519047629e-08 1.301467729485756945e-08 1.289070681967814396e-08 1.281907742577125571e-08 1.288596457024191509e-08 1.292178896877593737e-08 1.283396265501530671e-08 1.297563025819345089e-08 1.300928601581249815e-08 1.298625814855272180e-08 1.292833773759184346e-08 1.281753268736139423e-08 1.276613132945280180e-08 1.293862140654421394e-08 1.288684690285118968e-08 1.302713538201785277e-08 1.290367345445280612e-08 1.294787786614413644e-08 1.278160326708290753e-08 1.309706406192346722e-08 1.297611621665688356e-08 1.305502037120960985e-08 1.301469598629336590e-08 1.293726078399701883e-08 1.310497456724276835e-08 1.303146968600000141e-08 1.280208788768537277e-08 1.298840472056675260e-08 1.290273113617814710e-08 1.305204304804846885e-08
1.291477595521981313e-08 1.302260430134098862e-08 1.310296794247916516e-08 1.298279503726317835e-08 1.296977932637414805e-08 1.283035763901913313e-08 1.302813345958673341e-08 1.288698801596173304e-08 1.276143576081122416e-08 1.293502764733545709e-08 1.278169727370067853e-08 1.299873052891538995e-08 1.304746834545450741e-08 1.266777546820663081e-08 1.294730814605357244e-08 1.299991199880824683e-08 1.287732928458460835e-08 1.280626973496301099e-08 1.287226386578613810e-08 1.290789216086862059e-08 1.282112888137669441e-08 1.296129599391964292e-08 1.299413985987499911e-08 1.297213893505909725e-08 1.291447565834353852e-08 1.280477349805868000e-08 1.275358616043920215e-08 1.292466374177806074e-08 1.287313707313392931e-08 1.301303076605059391e-08 1.289069073771003429e-08 1.293430777206462251e-08 1.276934722270365925e-08 1.308174668132483390e-08 1.296190557845492972e-08 1.303989141218069585e-08 1.300048339749787379e-08 1.292231049248809283e-08 1.309019200369132499e-08 1.301664232349999291e-08 1.278927317658078207e-08 1.297334333952593223e-08 1.288937752868877435e-08 1.303797662303316825e-08
1.277709255650212410e-08 1.288003871022363899e-08 1.295895761427083441e-08 1.284277830283885911e-08 1.283035763901913313e-08 1.269770363041326599e-08 1.288701782498596870e-08 1.275042016894430127e-08 1.262801041272661444e-08 1.279621370100425139e-08 1.264955092994302651e-08 1.285958467447661326e-08 1.290423591390901391e-08 1.253884907235076724e-08 1.280844832035714342e-08 1.285989901097065980e-08 1.274120114660671173e-08 1.267261578638435434e-08 1.273721930444728421e-08 1.277158086050807870e-08 1.268845657392006813e-08 1.282216306073511902e-08 1.285345056397916859e-08 1.283359457338903303e-08 1.277770768564540524e-08 1.267083276438818163e-08 1.262143489977423163e-08 1.278519861163945737e-08 1.273722866903868785e-08 1.287299039199702007e-08 1.275529270185756615e-08 1.279640782496258227e-08 1.263753520461564579e-08 1.293741258077465776e-08 1.282164273707653050e-08 1.289615912113222587e-08 1.286035974212074770e-08 1.278369659055952309e-08 1.294707650600765195e-08 1.287488457358333276e-08 1.265639569411990030e-08 1.283317014121853347e-08 1.275299814485671869e-08 1.289793619981632977e-08
1.297346529876658026e-08 1.308338739544855432e-08 1.316447927933333597e-08 1.304290684521811088e-08 1.302813345958673341e-08 1.288701782498596870e-08 1.308990371711139481e-08 1.294556235748639238e-08 1.281707652800510238e-08 1.299386179959566357e-08 1.283782357340561116e-08 1.305811782010926828e-08 1.310884981836947140e-08 1.272241254486096643e-08 1.300702766180655235e-08 1.306027420043367148e-08 1.293497126605739346e-08 1.286276323064795628e-08 1.293019014602210750e-08 1.296620389373384605e-08 1.287795696211819424e-08 1.302092644067560007e-08 1.305414179839582994e-08 1.303190468776360477e-08 1.297276713598001735e-08 1.286147534461947497e-08 1.280941791309736602e-08 1.298340098363775864e-08 1.293146290767261843e-08 1.307284353475594930e-08 1.294823155132653439e-08 1.299291520988733160e-08 1.282508078376870796e-08 1.314291006199234797e-08 1.302115471761777339e-08 1.310109330319388094e-08 1.306069214444600225e-08 1.298162279915178145e-08 1.315132919288052478e-08 1.307716651487499907e-08 1.284592941148936865e-08 1.303279634437542370e-08 1.294701271851573075e-08 1.309792847574234249e-08
1.283399970601658343e-08 1.293978523026105416e-08 1.301955557216666849e-08 1.290062181236394411e-08 1.288698801596173304e-08 1.275042016894430127e-08 1.294556235748639238e-08 1.280807096240305867e-08 1.268167032992176622e-08 1.285373862197066306e-08 1.270327122438477500e-08 1.291678583617176811e-08 1.296415830578614028e-08 1.258982040309013292e-08 1.286614074126488032e-08 1.291797451287117393e-08 1.279676474559906396e-08 1.272638433441878777e-08 1.279211822427210394e-08 1.282742726744217791e-08 1.274253326743069526e-08 1.288039425698809557e-08 1.291207011777083322e-08 1.289077963428443640e-08 1.283390111364668269e-08 1.272446148122363887e-08 1.267486102386820198e-08 1.284246922424192161e-08 1.279271862252678542e-08 1.293109155648511951e-08 1.280972415482653185e-08 1.285280860874149703e-08 1.269017386297704252e-08 1.299856137947151325e-08 1.287960578065943724e-08 1.295697219425637800e-08 1.291872670348766839e-08 1.284101735796428391e-08 1.300609416542219707e-08 1.293439978056249499e-08 1.270922740530187159e-08 1.289114649497959086e-08 1.280848351893239890e-08 1.295583991309651466e-08
1.270867228867346843e-08 1.281036330024064858e-08 1.288958745593749909e-08 1.277346642005101959e-08 1.276143576081122416e-08 1.262801041272661444e-08 1.281707652800510238e-08 1.268167032992176622e-08 1.256177356800850283e-08 1.272732152403443778e-08 1.258137190742602030e-08 1.278999731792517081e-08 1.283466677715050716e-08 1.247144437312244420e-08 1.273922871993452922e-08 1.279034781107695995e-08 1.267265578188732524e-08 1.260484525676742980e-08 1.266798144483545604e-08 1.270266089860501359e-08 1.261993785004421517e-08 1.275342470074405045e-08 1.278467826897916203e-08 1.276364759189072776e-08 1.270884869049447179e-08 1.260286291540050959e-08 1.255445269035671502e-08 1.271685556866709417e-08 1.266750213500297624e-08 1.280369122683630916e-08 1.268591341152338273e-08 1.272782065443026996e-08 1.256977687019089665e-08 1.286840925734141198e-08 1.275286838055739716e-08 1.282652823063562806e-08 1.279076315204889160e-08 1.271473057871130606e-08 1.287722103859948768e-08 1.280586031287499754e-08 1.258801469660034030e-08 1.276445132252848991e-08 1.268449827269983163e-08 1.282862874834141209e-08
1.288050000633588330e-08 1.298824880048086669e-08 1.306884454391666761e-08 1.294873718712330053e-08 1.293502764733545709e-08 1.279621370100425139e-08 1.299386179959566357e-08 1.285373862197066306e-08 1.272732152403443778e-08 1.290240688396343391e-08 1.274788288795663091e-08 1.296471099630527320e-08 1.301428172476998505e-08 1.263383314979592107e-08 1.291358250544940296e-08 1.296610913623979524e-08 1.284325329121555789e-08 1.277203761241539094e-08 1.283855525794090214e-08 1.287432951710969246e-08 1.278751474970407954e-08 1.292729961531547909e-08 1.296036377560416741e-08 1.293858223042517209e-08 1.288059265330782382e-08 1.277087962049915388e-08 1.272029970968324458e-08 1.289012608613818053e-08 1.283956261832143253e-08 1.297856502019643216e-08 1.285679401695408352e-08 1.289957377710926829e-08 1.273519987850127520e-08 1.304777454841708952e-08 1.292771753067517011e-08 1.300601703718366899e-08 1.296628688795323164e-08 1.288830980236309502e-08 1.305569547927167950e-08 1.298242782687500291e-08 1.275495006358970944e-08 1.293911623748724624e-08 1.285567223294473189e-08 1.300377431529209066e-08
1.272919093060331428e-08 1.283080412394387736e-08 1.290943527991666662e-08 1.279435450305612048e-08 1.278169727370067853e-08 1.264955092994302651e-08 1.283782357340561116e-08 1.270327122438477500e-08 1.258137190742602030e-08 1.274788288795663091e-08 1.260365902468112268e-08 1.281076846480102015e-08 1.285456776529889600e-08 1.249281011754718957e-08 1.276014298050297812e-08 1.281114571085756428e-08 1.269341255286564636e-08 1.262554589179209113e-08 1.268938862765858716e-08 1.272348542671343563e-08 1.264153820907780927e-08 1.277443313765178400e-08 1.280521736331249934e-08 1.278455893555271905e-08 1.273016073796683617e-08 1.262335794296556084e-08 1.257545011926530578e-08 1.273693445427338705e-08 1.268864245824702513e-08 1.282467058937202110e-08 1.270673625157780271e-08 1.274813012310246747e-08 1.259095337814540688e-08 1.288844775354846648e-08 1.277349129182355033e-08 1.284699217339711048e-08 1.281149348562669777e-08 1.273551489828869722e-08 1.289737478034693805e-08 1.282635260785416767e-08 1.260931568291454011e-08 1.278501820542092071e-08 1.270491460728231069e-08 1.284920141625680503e-08
1.294498457965263526e-08 1.305247470836564890e-08 1.313263360529166616e-08 1.301236773900935369e-08 1.299873052891538995e-08 1.285958467447661326e-08 1.305811782010926828e-08 1.291678583617176811e-08 1.278999731792517081e-08 1.296471099630527320e-08 1.281076846480102015e-08 1.302996787792516953e-08 1.307752485708801599e-08 1.269689212705994963e-08 1.297739827112202689e-08 1.302970417872279033e-08 1.290671216351232726e-08 1.283540945322577057e-08 1.290229209935629049e-08 1.293768807745918400e-08 1.285089156229421644e-08 1.299081520451488180e-08 1.302422762070833539e-08 1.300243418018239927e-08 1.294384796016113658e-08 1.283423555017134463e-08 1.278305688564838592e-08 1.295470898527125915e-08 1.290286916116964177e-08 1.304252691241964487e-08 1.292029351227338843e-08 1.296405142672193667e-08 1.279895992558672934e-08 1.311145164419558095e-08 1.299129179220323282e-08 1.306943360178145952e-08 1.303059236015306393e-08 1.295189136681547348e-08 1.312015564147449279e-08 1.304631274345833089e-08 1.281900174599617310e-08 1.300323319002848223e-08 1.291911261574149776e-08 1.306844882194557885e-08
1.299225632472873525e-08 1.310373564168027400e-08 1.318550500016666444e-08 1.306253362671555759e-08 1.304746834545450741e-08 1.290423591390901391e-08 1.310884981836947140e-08 1.296415830578614028e-08 1.283466677715050716e-08 1.301428172476998505e-08 1.285456776529889600e-08 1.307752485708801599e-08 1.313264570361819761e-08 1.273804479353401422e-08 1.302658033736607099e-08 1.308005362079336767e-08 1.295316991014115471e-08 1.288097282142729413e-08 1.294809597263137653e-08 1.298561661391921614e-08 1.289505796884098574e-08 1.304009744491964372e-08 1.307413362756249980e-08 1.305160554594302899e-08 1.299120131023341860e-08 1.287943568978486435e-08 1.282681908657015354e-08 1.300291498941794301e-08 1.295090837359226412e-08 1.309202923442559454e-08 1.296692254498681949e-08 1.301133245651998394e-08 1.284138136921853628e-08 1.316428318154506674e-08 1.304089933129719418e-08 1.312233695986522136e-08 1.308050306514668391e-08 1.300099516123809502e-08 1.317234823144430211e-08 1.309773723908333252e-08 1.286269745655102009e-08 1.305278543196045949e-08 1.296605927353699085e-08 1.311704979308673406e-08
1.261617518216879663e-08 1.271473356380697152e-08 1.279227230116666921e-08 1.267953908123469184e-08 1.266777546820663081e-08 1.253884907235076724e-08 1.272241254486096643e-08 1.258982040309013292e-08 1.247144437312244420e-08 1.263383314979592107e-08 1.249281011754718957e-08 1.269689212705994963e-08 1.273804479353401422e-08 1.238663189832993273e-08 1.264612933381547703e-08 1.269641581047066415e-08 1.258114259839838255e-08 1.251511138667601855e-08 1.257787854432227730e-08 1.261045140959141072e-08 1.253076573046173630e-08 1.265997811902678546e-08 1.268967059895833214e-08 1.267126933099319818e-08 1.261728525485374085e-08 1.251288515976317958e-08 1.246543398842006748e-08 1.262336624641028766e-08 1.257593095378868895e-08 1.270998975551785571e-08 1.259527757621173358e-08 1.263540742652508273e-08 1.248116410044897917e-08 1.277122556262882344e-08 1.265837005105569713e-08 1.272991765150722885e-08 1.269642619722491347e-08 1.262218792149702533e-08 1.278094892221598579e-08 1.271021666497916529e-08 1.250006296584906391e-08 1.267050226438520265e-08 1.259335956864838189e-08 1.273386595381632798e-08
1.289341766400594952e-08 1.300131446149702327e-08 1.308213619887499931e-08 1.296176792519047629e-08 1.294730814605357244e-08 1.280844832035714342e-08 1.300702766180655235e-08 1.286614074126488032e-08 1.273922871993452922e-08 1.291358250544940296e-08 1.276014298050297812e-08 1.297739827112202689e-08 1.302658033736607099e-08 1.264612933381547703e-08 1.292768700024999996e-08 1.297897881093452349e-08 1.285542428639880772e-08 1.278450750212202450e-08 1.285114757876488017e-08 1.288662584227678389e-08 1.280016331012202180e-08 1.294011947479166631e-08 1.297342488802083444e-08 1.295111235108928590e-08 1.289270508039880925e-08 1.278306793690773801e-08 1.273207291737202325e-08 1.290287269816964179e-08 1.285220555641666505e-08 1.299167453952083209e-08 1.286838315797619033e-08 1.291218439657440451e-08 1.274786855960714168e-08 1.306073965424404784e-08 1.294010717708928392e-08 1.301850135515773715e-08 1.297933981852976132e-08 1.290134210958333312e-08 1.306882991084226141e-08 1.299571051245833403e-08 1.276758602630654804e-08 1.295179349144940369e-08 1.286759811289881037e-08 1.301717452959821744e-08
1.294562241466156558e-08 1.305472135524660458e-08 1.313547912210416883e-08 1.301467729485756945e-08 1.299991199880824683e-08 1.285989901097065980e-08 1.306027420043367148e-08 1.291797451287117393e-08 1.279034781107695995e-08 1.296610913623979524e-08 1.281114571085756428e-08 1.302970417872279033e-08 1.308005362079336767e-08 1.269641581047066415e-08 1.297897881093452349e-08 1.303248878931207786e-08 1.290743225040221229e-08 1.283554944300254939e-08 1.290297591653486272e-08 1.293839132603061000e-08 1.285124915750850163e-08 1.299261903620238033e-08 1.302584624972916628e-08 1.300339327662882773e-08 1.294492604525935333e-08 1.283385474450170085e-08 1.278273666632100204e-08 1.295528310220280525e-08 1.290387007269047745e-08 1.304396424925297672e-08 1.292069365336266900e-08 1.296446467684396422e-08 1.279813878253911667e-08 1.311383107264497991e-08 1.299256445104549201e-08 1.307221026079932055e-08 1.303208379936436868e-08 1.295341330966964175e-08 1.312210204074829942e-08 1.304826609981250055e-08 1.281863479659141358e-08 1.300441257540050986e-08 1.291966107819387665e-08 1.306927146083248510e-08
1.282401365718069346e-08 1.292913273038435274e-08 1.300843064245833020e-08 1.289070681967814396e-08 1.287732928458460835e-08 1.274120114660671173e-08 1.293497126605739346e-08 1.279676474559906396e-08 1.267265578188732524e-08 1.284325329121555789e-08 1.269341255286564636e-08 1.290671216351232726e-08 1.295316991014115471e-08 1.258114259839838255e-08 1.285542428639880772e-08 1.290743225040221229e-08 1.278798919580016576e-08 1.271745244698256767e-08 1.278242313753953816e-08 1.281740265620748264e-08 1.273290896012244625e-08 1.286993935890178535e-08 1.290149890162499406e-08 1.288061595117176801e-08 1.282406342092219348e-08 1.271551367532865664e-08 1.266572315028911384e-08 1.283296131387457412e-08 1.278251711272618958e-08 1.292028133905952268e-08 1.280065912533078049e-08 1.284310121240306085e-08 1.268103289230909810e-08 1.298701942253358638e-08 1.286987782681760031e-08 1.294569284588520273e-08 1.290821516303443790e-08 1.283081889745535526e-08 1.299590107123384222e-08 1.292365400874999693e-08 1.270064984377465766e-08 1.288109965142984538e-08 1.279898953523766840e-08 1.294532030870025488e-08
1.275376884034311090e-08 1.285561013070790819e-08 1.293484327535416791e-08 1.281907742577125571e-08 1.280626973496301099e-08 1.267261578638435434e-08 1.286276323064795628e-08 1.272638433441878777e-08 1.260484525676742980e-08 1.277203761241539094e-08 1.262554589179209113e-08 1.283540945322577057e-08 1.288097282142729413e-08 1.251511138667601855e-08 1.278450750212202450e-08 1.283554944300254939e-08 1.271745244698256767e-08 1.265062145706802791e-08 1.271280004616581541e-08 1.274800287581632791e-08 1.266419657253231128e-08 1.279875829884821556e-08 1.283008772691666516e-08 1.280945018820620805e-08 1.275412013429804304e-08 1.264755368317729387e-08 1.259846062657397719e-08 1.276218609288732884e-08 1.271272920473214390e-08 1.284903587850297677e-08 1.273057989226147563e-08 1.277312879506122484e-08 1.261368508076530637e-08 1.291375844219260016e-08 1.279800891510203931e-08 1.287226760487074748e-08 1.283599858943877580e-08 1.276061887206547564e-08 1.292330674932270318e-08 1.285162859735416745e-08 1.263294688961819441e-08 1.280971041932610446e-08 1.272939039314923366e-08 1.287354126800510161e-08
1.281895180110586772e-08 1.292393284598724400e-08 1.300330202641667396e-08 1.288596457024191509e-08 1.287226386578613810e-08 1.273721930444728421e-08 1.293019014602210750e-08 1.279211822427210394e-08 1.266798144483545604e-08 1.283855525794090214e-08 1.268938862765858716e-08 1.290229209935629049e-08 1.294809597263137653e-08 1.257787854432227730e-08 1.285114757876488017e-08 1.290297591653486272e-08 1.278242313753953816e-08 1.271280004616581541e-08 1.277923025347448904e-08 1.281275841051062941e-08 1.272882820057355300e-08 1.286473479055059430e-08 1.289664959556250068e-08 1.287626440447788983e-08 1.281970683467049368e-08 1.271118517358971117e-08 1.266164830342772053e-08 1.282767138447406501e-08 1.277861029988095183e-08 1.291580695011011940e-08 1.279637839824022197e-08 1.283843072542006973e-08 1.267728182510501642e-08 1.298203782806972609e-08 1.286414199116538930e-08 1.294052772351828158e-08 1.290313518378826408e-08 1.282635595044345349e-08 1.299086064772278806e-08 1.291831349495833180e-08 1.269672772692091930e-08 1.287641425109566143e-08 1.279497775693537188e-08 1.294070262650722709e-08
1.285470010078401534e-08 1.296021129305739811e-08 1.304019603077083514e-08 1.292178896877593737e-08 1.290789216086862059e-08 1.277158086050807870e-08 1.296620389373384605e-08 1.282742726744217791e-08 1.270266089860501359e-08 1.287432951710969246e-08 1.272348542671343563e-08 1.293768807745918400e-08 1.298561661391921614e-08 1.261045140959141072e-08 1.288662584227678389e-08 1.293839132603061000e-08 1.281740265620748264e-08 1.274800287581632791e-08 1.281275841051062941e-08 1.284963245929591732e-08 1.276260684672108693e-08 1.290064862911607232e-08 1.293321840022916629e-08 1.291154628709948907e-08 1.285443040009736450e-08 1.274593349208588076e-08 1.269550370597108658e-08 1.286324608856462323e-08 1.281393534507737856e-08 1.295174816843154519e-08 1.283093142728358687e-08 1.287376177608886226e-08 1.271122129135033930e-08 1.301866676383205576e-08 1.290038097003699239e-08 1.297683875251147755e-08 1.293890033886947067e-08 1.286223458357737943e-08 1.302752907616411537e-08 1.295475055835416677e-08 1.273058756493919953e-08 1.291207824768409881e-08 1.282973706829081735e-08 1.297672924960289198e-08
1.276876912343537430e-08 1.287084744083885900e-08 1.294999291824999937e-08 1.283396265501530671e-08 1.282112888137669441e-08 1.268845657392006813e-08 1.287795696211819424e-08 1.274253326743069526e-08 1.261993785004421517e-08 1.278751474970407954e-08 1.264153820907780927e-08 1.285089156229421644e-08 1.289505796884098574e-08 1.253076573046173630e-08 1.280016331012202180e-08 1.285124915750850163e-08 1.273290896012244625e-08 1.266419657253231128e-08 1.272882820057355300e-08 1.276260684672108693e-08 1.268144465303826565e-08 1.281406466343154676e-08 1.284490956991666486e-08 1.282472574148596739e-08 1.276961455979208956e-08 1.266261518071598344e-08 1.261416286035076524e-08 1.277653266167304371e-08 1.272818421556547684e-08 1.286447722560714123e-08 1.274609228907993057e-08 1.278749814099574837e-08 1.262931095200934991e-08 1.292870775718367135e-08 1.281272974988180188e-08 1.288692699320110616e-08 1.285190157108758246e-08 1.277484702641964198e-08 1.293755885832567770e-08 1.286652707716666533e-08 1.264779678296343268e-08 1.282431118517729680e-08 1.274401752658078272e-08 1.288920285743367343e-08
1.290727695032440284e-08 1.301520537161904974e-08 1.309573061847916567e-08 1.297563025819345089e-08 1.296129599391964292e-08 1.282216306073511902e-08 1.302092644067560007e-08 1.288039425698809557e-08 1.275342470074405045e-08 1.292729961531547909e-08 1.277443313765178400e-08 1.299081520451488180e-08 1.304009744491964372e-08 1.265997811902678546e-08 1.294011947479166631e-08 1.299261903620238033e-08 1.286993935890178535e-08 1.279875829884821556e-08 1.286473479055059430e-08 1.290064862911607232e-08 1.281406466343154676e-08 1.295519246004166840e-08 1.298660636939583209e-08 1.296500605928273836e-08 1.290738063567262045e-08 1.279659462216964001e-08 1.274618670345238097e-08 1.291682979048511790e-08 1.286542106477083262e-08 1.300573091681249827e-08 1.288277332247321427e-08 1.292654513839880876e-08 1.276134348115178603e-08 1.307463106834226220e-08 1.295431846215773636e-08 1.303251972744047677e-08 1.299303197360119205e-08 1.291545246454166607e-08 1.308223080962202469e-08 1.300963527952083105e-08 1.278152916759226174e-08 1.296593730739880794e-08 1.288139985502678377e-08 1.303013051275892854e-08
1.293981438256249912e-08 1.304889533804166377e-08 1.313020141279166372e-08 1.300928601581249815e-08 1.299413985987499911e-08 1.285345056397916859e-08 1.305414179839582994e-08 1.291207011777083322e-08 1.278467826897916203e-08 1.296036377560416741e-08 1.280521736331249934e-08 1.302422762070833539e-08 1.307413362756249980e-08 1.268967059895833214e-08 1.297342488802083444e-08 1.302584624972916628e-08 1.290149890162499406e-08 1.283008772691666516e-08 1.289664959556250068e-08 1.293321840022916629e-08 1.284490956991666486e-08 1.298660636939583209e-08 1.302233682841666554e-08 1.299758824077083349e-08 1.293948053437499771e-08 1.282825733918749797e-08 1.277716866431250019e-08 1.295004896708333275e-08 1.289760819533332981e-08 1.303818017968749832e-08 1.291419108556249752e-08 1.295883183239583031e-08 1.279336841502083308e-08 1.310847968045833253e-08 1.298778870550000070e-08 1.306637619439583165e-08 1.302582273166666591e-08 1.294802056633333001e-08 1.311681961108333314e-08 1.304310075818749781e-08 1.281295828858333451e-08 1.299907979687499776e-08 1.291405717208333334e-08 1.306448426960416404e-08
1.291785099871258346e-08 1.302601085950978080e-08 1.310649331472916688e-08 1.298625814855272180e-08 1.297213893505909725e-08 1.283359457338903303e-08 1.303190468776360477e-08 1.289077963428443640e-08 1.276364759189072776e-08 1.293858223042517209e-08 1.278455893555271905e-08 1.300243418018239927e-08 1.305160554594302899e-08 1.267126933099319818e-08 1.295111235108928590e-08 1.300339327662882773e-08 1.288061595117176801e-08 1.280945018820620805e-08 1.287626440447788983e-08 1.291154628709948907e-08 1.282472574148596739e-08 1.296500605928273836e-08 1.299758824077083349e-08 1.297737492177806053e-08 1.291819260645748351e-08 1.280794709867219243e-08 1.275647854884013534e-08 1.292741288290391198e-08 1.287692520326488129e-08 1.301634558932738143e-08 1.289454749969430086e-08 1.293757381621683909e-08 1.277220809827295969e-08 1.308507413092431909e-08 1.296495948917389583e-08 1.304343205349361979e-08 1.300382848188732880e-08 1.292630708378571121e-08 1.309349897601530630e-08 1.302017661595833250e-08 1.279286374107312925e-08 1.297677967729124215e-08 1.289316148004676770e-08 1.304118911761181990e-08
1.286047898475807341e-08 1.296631857269983107e-08 1.304643754266666949e-08 1.292833773759184346e-08 1.291447565834353852e-08 1.277770768564540524e-08 1.297276713598001735e-08 1.283390111364668269e-08 1.270884869049447179e-08 1.288059265330782382e-08 1.273016073796683617e-08 1.294384796016113658e-08 1.299120131023341860e-08 1.261728525485374085e-08 1.289270508039880925e-08 1.294492604525935333e-08 1.282406342092219348e-08 1.275412013429804304e-08 1.281970683467049368e-08 1.285443040009736450e-08 1.276961455979208956e-08 1.290738063567262045e-08 1.293948053437499771e-08 1.291819260645748351e-08 1.286230148971088709e-08 1.275225560881675045e-08 1.270252304825042267e-08 1.286983002749659778e-08 1.281945105849702377e-08 1.295835393076785766e-08 1.283751779339625721e-08 1.288024198066199089e-08 1.271774421966028783e-08 1.302553981235204078e-08 1.290696132133248203e-08 1.298365769966496446e-08 1.294524827696301251e-08 1.286837870483035735e-08 1.303385942205824768e-08 1.296130931199999721e-08 1.273714555398894392e-08 1.291851827206377646e-08 1.283603217158886085e-08 1.298306468678954045e-08
1.275190737170790601e-08 1.285375573820110357e-08 1.293320052789583248e-08 1.281753268736139423e-08 1.280477349805868000e-08 1.267083276438818163e-08 1.286147534461947497e-08 1.272446148122363887e-08 1.260286291540050959e-08 1.277087962049915388e-08 1.262335794296556084e-08 1.283423555017134463e-08 1.287943568978486435e-08 1.251288515976317958e-08 1.278306793690773801e-08 1.283385474450170085e-08 1.271551367532865664e-08 1.264755368317729387e-08 1.271118517358971117e-08 1.274593349208588076e-08 1.266261518071598344e-08 1.279659462216964001e-08 1.282825733918749797e-08 1.280794709867219243e-08 1.275225560881675045e-08 1.264683136782652871e-08 1.259680013242431968e-08 1.276046477258460973e-08 1.271132166394642851e-08 1.284796055755059410e-08 1.272920424750765266e-08 1.277140950695748116e-08 1.261189079128103556e-08 1.291267353989923357e-08 1.279653089981802661e-08 1.287065200646938601e-08 1.283454625918834928e-08 1.275865121632142984e-08 1.292174966731930445e-08 1.284967726602083388e-08 1.263077393817601793e-08 1.280805495298129269e-08 1.272716587047448984e-08 1.287220214375340181e-08
1.270145913397704070e-08 1.280165770023469214e-08 1.288059111904166298e-08 1.276613132945280180e-08 1.275358616043920215e-08 1.262143489977423163e-08 1.280941791309736602e-08 1.267486102386820198e-08 1.255445269035671502e-08 1.272029970968324458e-08 1.257545011926530578e-08 1.278305688564838592e-08 1.282681908657015354e-08 1.246543398842006748e-08 1.273207291737202325e-08 1.278273666632100204e-08 1.266572315028911384e-08 1.259846062657397719e-08 1.266164830342772053e-08 1.269550370597108658e-08 1.261416286035076524e-08 1.274618670345238097e-08 1.277716866431250019e-08 1.275647854884013534e-08 1.270252304825042267e-08 1.259680013242431968e-08 1.254974289257992916e-08 1.270952330806887348e-08 1.266050549987797386e-08 1.279623706912797382e-08 1.267904767522576618e-08 1.272025941147491487e-08 1.256378910478018724e-08 1.285990509295450588e-08 1.274518040046513746e-08 1.281825136722193766e-08 1.278325485302508757e-08 1.270732528102380709e-08 1.286908814932567916e-08 1.279802425818749836e-08 1.258171159260926744e-08 1.275690593880229588e-08 1.267718668810161561e-08 1.282085704920450476e-08
1.287094055193367032e-08 1.297800931255994860e-08 1.305812227333333435e-08 1.293862140654421394e-08 1.292466374177806074e-08 1.278519861163945737e-08 1.298340098363775864e-08 1.284246922424192161e-08 1.271685556866709417e-08 1.289012608613818053e-08 1.273693445427338705e-08 1.295470898527125915e-08 1.300291498941794301e-08 1.262336624641028766e-08 1.290287269816964179e-08 1.295528310220280525e-08 1.283296131387457412e-08 1.276218609288732884e-08 1.282767138447406501e-08 1.286324608856462323e-08 1.277653266167304371e-08 1.291682979048511790e-08 1.295004896708333275e-08 1.292741288290391198e-08 1.286983002749659778e-08 1.276046477258460973e-08 1.270952330806887348e-08 1.288164137244898018e-08 1.282824316214285559e-08 1.296789999830952268e-08 1.284575549538137865e-08 1.289014782397151291e-08 1.272499298957100366e-08 1.303708721828060969e-08 1.291736406004974503e-08 1.299529242228699075e-08 1.295602909911182113e-08 1.287819569647618983e-08 1.304561642031122469e-08 1.297220028793749937e-08 1.274520909462585202e-08 1.292904031935246361e-08 1.284498343858290815e-08 1.299343820219727957e-08
1.281967078668154603e-08 1.292547594714880797e-08 1.300500332660416573e-08 1.288684690285118968e-08 1.287313707313392931e-08 1.273722866903868785e-08 1.293146290767261843e-08 1.279271862252678542e-08 1.266750213500297624e-08 1.283956261832143253e-08 1.268864245824702513e-08 1.290286916116964177e-08 1.295090837359226412e-08 1.257593095378868895e-08 1.285220555641666505e-08 1.290387007269047745e-08 1.278251711272618958e-08 1.271272920473214390e-08 1.277861029988095183e-08 1.281393534507737856e-08 1.272818421556547684e-08 1.286542106477083262e-08 1.289760819533332981e-08 1.287692520326488129e-08 1.281945105849702377e-08 1.271132166394642851e-08 1.266050549987797386e-08 1.282824316214285559e-08 1.278015783779166696e-08 1.291687376360416581e-08 1.279657753906547521e-08 1.283891713117559528e-08 1.267633231560118937e-08 1.298395019050595313e-08 1.286535803341071303e-08 1.294231201894642590e-08 1.290431845719940522e-08 1.282709525091666442e-08 1.299239136417857184e-08 1.291980943202083286e-08 1.269569545740178387e-08 1.287715258019642671e-08 1.279469618772619202e-08 1.294160008248511650e-08
1.295834773418154735e-08 1.306684346258630678e-08 1.314779410937500224e-08 1.302713538201785277e-08 1.301303076605059391e-08 1.287299039199702007e-08 1.307284353475594930e-08 1.293109155648511951e-08 1.280369122683630916e-08 1.297856502019643216e-08 1.282467058937202110e-08 1.304252691241964487e-08 1.309202923442559454e-08 1.270998975551785571e-08 1.299167453952083209e-08 1.304396424925297672e-08 1.292028133905952268e-08 1.284903587850297677e-08 1.291580695011011940e-08 1.295174816843154519e-08 1.286447722560714123e-08 1.300573091681249827e-08 1.303818017968749832e-08 1.301634558932738143e-08 1.295835393076785766e-08 1.284796055755059410e-08 1.279623706912797382e-08 1.296789999830952268e-08 1.291687376360416581e-08 1.305851188345833287e-08 1.293356356814881005e-08 1.297806038861309608e-08 1.281171386903868820e-08 1.312700042692261713e-08 1.300551358018154787e-08 1.308426619275893078e-08 1.304509827315773625e-08 1.296689446368749972e-08 1.313453443815773939e-08 1.306103767514583059e-08 1.283204108088095121e-08 1.301737820348809638e-08 1.293254065799702406e-08 1.308216663756845342e-08
1.283683683151870344e-08 1.294190453071385673e-08 1.302146070206250129e-08 1.290367345445280612e-08 1.289069073771003429e-08 1.275529270185756615e-08 1.294823155132653439e-08 1.280972415482653185e-08 1.268591341152338273e-08 1.285679401695408352e-08 1.270673625157780271e-08 1.292029351227338843e-08 1.296692254498681949e-08 1.259527757621173358e-08 1.286838315797619033e-08 1.292069365336266900e-08 1.280065912533078049e-08 1.273057989226147563e-08 1.279637839824022197e-08 1.283093142728358687e-08 1.274609228907993057e-08 1.288277332247321427e-08 1.291419108556249752e-08 1.289454749969430086e-08 1.283751779339625721e-08 1.272920424750765266e-08 1.267904767522576618e-08 1.284575549538137865e-08 1.279657753906547521e-08 1.293356356814881005e-08 1.281539985149659655e-08 1.285645981687074607e-08 1.269477955155102045e-08 1.300015492930867209e-08 1.288264792425680234e-08 1.295856900259693885e-08 1.292079980650425291e-08 1.284393860183630723e-08 1.300916091507568023e-08 1.293629858474999902e-08 1.271449180665093430e-08 1.289441304090646240e-08 1.281284281764328088e-08 1.295830228185034020e-08
1.288077784679421769e-08 1.298660649585586588e-08 1.306655873270833319e-08 1.294787786614413644e-08 1.293430777206462251e-08 1.279640782496258227e-08 1.299291520988733160e-08 1.285280860874149703e-08 1.272782065443026996e-08 1.289957377710926829e-08 1.274813012310246747e-08 1.296405142672193667e-08 1.301133245651998394e-08 1.263540742652508273e-08 1.291218439657440451e-08 1.296446467684396422e-08 1.284310121240306085e-08 1.277312879506122484e-08 1.283843072542006973e-08 1.287376177608886226e-08 1.278749814099574837e-08 1.292654513839880876e-08 1.295883183239583031e-08 1.293757381621683909e-08 1.288024198066199089e-08 1.277140950695748116e-08 1.272025941147491487e-08 1.289014782397151291e-08 1.283891713117559528e-08 1.297806038861309608e-08 1.285645981687074607e-08 1.290094026067176892e-08 1.273623312489710963e-08 1.304568500591708795e-08 1.292648899025850546e-08 1.300381869999617375e-08 1.296513943557823133e-08 1.288808300965476210e-08 1.305394857256334796e-08 1.298124742368749973e-08 1.275607699144387694e-08 1.293850771404974657e-08 1.285521881186139467e-08 1.300267936139625612e-08
1.271689072117772344e-08 1.281763347585459461e-08 1.289653183610417148e-08 1.278160326708290753e-08 1.276934722270365925e-08 1.263753520461564579e-08 1.282508078376870796e-08 1.269017386297704252e-08 1.256977687019089665e-08 1.273519987850127520e-08 1.259095337814540688e-08 1.279895992558672934e-08 1.284138136921853628e-08 1.248116410044897917e-08 1.274786855960714168e-08 1.279813878253911667e-08 1.268103289230909810e-08 1.261368508076530637e-08 1.267728182510501642e-08 1.271122129135033930e-08 1.262931095200934991e-08 1.276134348115178603e-08 1.279336841502083308e-08 1.277220809827295969e-08 1.271774421966028783e-08 1.261189079128103556e-08 1.256378910478018724e-08 1.272499298957100366e-08 1.267633231560118937e-08 1.281171386903868820e-08 1.269477955155102045e-08 1.273623312489710963e-08 1.258052972769302679e-08 1.287520598366156391e-08 1.276083574416879259e-08 1.283334264702508533e-08 1.279823687368622593e-08 1.272297467772618940e-08 1.288464508201062850e-08 1.281362169314583087e-08 1.259809504379847085e-08 1.277250343865306160e-08 1.269288160135076465e-08 1.283691771347406541e-08
1.302596669855229623e-08 1.313848909568069808e-08 1.322085049035416422e-08 1.309706406192346722e-08 1.308174668132483390e-08 1.293741258077465776e-08 1.314291006199234797e-08 1.299856137947151325e-08 1.286840925734141198e-08 1.304777454841708952e-08 1.288844775354846648e-08 1.311145164419558095e-08 1.316428318154506674e-08 1.277122556262882344e-08 1.306073965424404784e-08 1.311383107264497991e-08 1.298701942253358638e-08 1.291375844219260016e-08 1.298203782806972609e-08 1.301866676383205576e-08 1.292870775718367135e-08 1.307463106834226220e-08 1.310847968045833253e-08 1.308507413092431909e-08 1.302553981235204078e-08 1.291267353989923357e-08 1.285990509295450588e-08 1.303708721828060969e-08 1.298395019050595313e-08 1.312700042692261713e-08 1.300015492930867209e-08 1.304568500591708795e-08 1.287520598366156391e-08 1.320078883966496380e-08 1.307535869390348514e-08 1.315729006728613815e-08 1.311456333499957350e-08 1.303527107615178338e-08 1.320643352526743302e-08 1.313192747033333255e-08 1.289577272880782262e-08 1.308738825130101995e-08 1.299969921013775420e-08 1.315233260074829841e-08
1.290721686977508415e-08 1.301601967975977736e-08 1.309644925854166425e-08 1.297611621665688356e-08 1.296190557845492972e-08 1.282164273707653050e-08 1.302115471761777339e-08 1.287960578065943724e-08 1.275286838055739716e-08 1.292771753067517011e-08 1.277349129182355033e-08 1.299129179220323282e-08 1.304089933129719418e-08 1.265837005105569713e-08 1.294010717708928392e-08 1.299256445104549201e-08 1.286987782681760031e-08 1.279800891510203931e-08 1.286414199116538930e-08 1.290038097003699239e-08 1.281272974988180188e-08 1.295431846215773636e-08 1.298778870550000070e-08 1.296495948917389583e-08 1.290696132133248203e-08 1.279653089981802661e-08 1.274518040046513746e-08 1.291736406004974503e-08 1.286535803341071303e-08 1.300551358018154787e-08 1.288264792425680234e-08 1.292648899025850546e-08 1.276083574416879259e-08 1.307535869390348514e-08 1.295576594377806259e-08 1.303345724999362341e-08 1.299307434788733008e-08 1.291518821211904692e-08 1.308347427682780510e-08 1.300996580564582967e-08 1.278088894271896329e-08 1.296651397891623838e-08 1.288133877373426945e-08 1.303105960767431718e-08
1.298441114877933473e-08 1.309733139806122547e-08 1.317801801500000362e-08 1.305502037120960985e-08 1.303989141218069585e-08 1.289615912113222587e-08 1.310109330319388094e-08 1.295697219425637800e-08 1.282652823063562806e-08 1.300601703718366899e-08 1.284699217339711048e-08 1.306943360178145952e-08 1.312233695986522136e-08 1.272991765150722885e-08 1.301850135515773715e-08 1.307221026079932055e-08 1.294569284588520273e-08 1.287226760487074748e-08 1.294052772351828158e-08 1.297683875251147755e-08 1.288692699320110616e-08 1.303251972744047677e-08 1.306637619439583165e-08 1.304343205349361979e-08 1.298365769966496446e-08 1.287065200646938601e-08 1.281825136722193766e-08 1.299529242228699075e-08 1.294231201894642590e-08 1.308426619275893078e-08 1.295856900259693885e-08 1.300381869999617375e-08 1.283334264702508533e-08 1.315729006728613815e-08 1.303345724999362341e-08 1.311628347365390789e-08 1.307255254792049388e-08 1.299346713290476098e-08 1.316430215800977763e-08 1.309019842470833369e-08 1.285414189754209011e-08 1.304527906547831691e-08 1.295817135040603830e-08 1.310965663772363733e-08
