1.246872060672448798e-08 1.257272453243962581e-08 1.265182040844812999e-08 1.253839806367177004e-08 1.254687395375935404e-08 1.240152653471641173e-08 1.255491382668409837e-08 1.247395180020322926e-08 1.234047266461479509e-08 1.249493488322491397e-08 1.235951145330101820e-08 1.255545930642729404e-08 1.262592618089795749e-08 1.224670209508248380e-08 1.252186768331972799e-08 1.257036327448979398e-08 1.243961153357866024e-08 1.238684480270280488e-08 1.245478151726615570e-08 1.249117375186181724e-08 1.237357138970195658e-08 1.251972058795535615e-08 1.254572490582227813e-08 1.252493964204634022e-08 1.247090793988137675e-08 1.236547012813179838e-08 1.231009318301148268e-08 1.247841871012414849e-08 1.243105882150085222e-08 1.257075361812542286e-08 1.246451378963860658e-08 1.249153912635714137e-08 1.236094670843749887e-08 1.263852927455102287e-08 1.253793694942729167e-08 1.260180927799617485e-08 1.254042351066114161e-08 1.249060692310416490e-08 1.263572137529294095e-08 1.257089119848766793e-08 1.239188880380484256e-08 1.253056951248384447e-08 1.243820784153359089e-08 1.256444438500170201e-08
1.257272453243962581e-08 1.268607616109183576e-08 1.276491648958418177e-08 1.264677206341624086e-08 1.265558172534991599e-08 1.250327274305314658e-08 1.266588842761139462e-08 1.258013438339625732e-08 1.244167421595918454e-08 1.260299081735799056e-08 1.246030007874574813e-08 1.266384507904251762e-08 1.273701513000850460e-08 1.234381215768409767e-08 1.263046020765391451e-08 1.268088439589667866e-08 1.254500309975212722e-08 1.248975457872788674e-08 1.255868015016879442e-08 1.259669277107227629e-08 1.247529269747448842e-08 1.262833818763392704e-08 1.265569877770578602e-08 1.263335930589370661e-08 1.257590167767134100e-08 1.246871386519387480e-08 1.240965170115008191e-08 1.258533287753826626e-08 1.253623842100340329e-08 1.267983496150169947e-08 1.256868582361692203e-08 1.259762719297024030e-08 1.246239290843750086e-08 1.275174723072491524e-08 1.264767933514668636e-08 1.271433549131802972e-08 1.265011827926955396e-08 1.259871886324999716e-08 1.274839774956759924e-08 1.268125956803401342e-08 1.249249634434439462e-08 1.263886977768537500e-08 1.254475683307185820e-08 1.267435291500680649e-08
1.265182040844812999e-08 1.276491648958418177e-08 1.284753042133758662e-08 1.272611567718537578e-08 1.273553191602040930e-08 1.258168724639072991e-08 1.274584132134863940e-08 1.265943846585629236e-08 1.251903622492091642e-08 1.268315898301913135e-08 1.253787540104124287e-08 1.274440206952508694e-08 1.281783435837584593e-08 1.242100237402465929e-08 1.271060068489455761e-08 1.276111131258758292e-08 1.262351413067729338e-08 1.256772394882695627e-08 1.263749696232313297e-08 1.267523232021556189e-08 1.255281580339328098e-08 1.270763499906547764e-08 1.273503780925808006e-08 1.271334781719770477e-08 1.265505525654422129e-08 1.254712190034439228e-08 1.248744610393792682e-08 1.266468694004549333e-08 1.261459793393367015e-08 1.276016707927933586e-08 1.264775363975127379e-08 1.267675993589285854e-08 1.254059671589583396e-08 1.283289665556207574e-08 1.272732968556675011e-08 1.279438159281930416e-08 1.272994533043112235e-08 1.267835101333333305e-08 1.282870566717134463e-08 1.276158540181590521e-08 1.257047457532611071e-08 1.271871606842686684e-08 1.262349891958843612e-08 1.275476982826317679e-08
1.253839806367177004e-08 1.264677206341624086e-08 1.272611567718537578e-08 1.261224901165731642e-08 1.261911819467729624e-08 1.246988452527338335e-08 1.262837509978401267e-08 1.254518976236352213e-08 1.240872276493537356e-08 1.256655191814668536e-08 1.242858447917729299e-08 1.262722462747704071e-08 1.269882749177040460e-08 1.231360653098767029e-08 1.259430718888605469e-08 1.264346130166453812e-08 1.251037963750510294e-08 1.245656594222193807e-08 1.252489789804676869e-08 1.256143335344430309e-08 1.244220051025127669e-08 1.259202582963392856e-08 1.261903347140221337e-08 1.259660767339073054e-08 1.254190240581121948e-08 1.243544589191114145e-08 1.237839091728103774e-08 1.254992286482100294e-08 1.250163604853316294e-08 1.264301667105824720e-08 1.253460471123894844e-08 1.256241318722023452e-08 1.242988239887499800e-08 1.271350510967729514e-08 1.261112132981037185e-08 1.267576903980909894e-08 1.261274620134694155e-08 1.256252305939583446e-08 1.271023077696641149e-08 1.264387269406079825e-08 1.246045213707653189e-08 1.260273134345322774e-08 1.250923787878911654e-08 1.263683301125382430e-08
1.254687395375935404e-08 1.265558172534991599e-08 1.273553191602040930e-08 1.261911819467729624e-08 1.262913649568962863e-08 1.247969453385884188e-08 1.263681238123596931e-08 1.255438651798936869e-08 1.241756574914540543e-08 1.257598458690433922e-08 1.243669087956462691e-08 1.263670907560374135e-08 1.270859131120407894e-08 1.232237705979336815e-08 1.260328796152721222e-08 1.265248841468707807e-08 1.251881995257185092e-08 1.246511790738605349e-08 1.253377197848851475e-08 1.257086855746385662e-08 1.245099567940858644e-08 1.260037306577678370e-08 1.262693997395960844e-08 1.260585562409481252e-08 1.255037136157057922e-08 1.244424116071556606e-08 1.238632883758120888e-08 1.255857503433503838e-08 1.251047173533162921e-08 1.265255449101998116e-08 1.254341935859778714e-08 1.257126826216071059e-08 1.243925441235416557e-08 1.272143882127296063e-08 1.261991763812457416e-08 1.268437525844515436e-08 1.262227379582355191e-08 1.257173964437499869e-08 1.271866998724744943e-08 1.265288627858715866e-08 1.246896618722364271e-08 1.261160622086564509e-08 1.251815831959949123e-08 1.264655890378826622e-08
1.240152653471641173e-08 1.250327274305314658e-08 1.258168724639072991e-08 1.246988452527338335e-08 1.247969453385884188e-08 1.233871198009778931e-08 1.248541578053996810e-08 1.240796464689328050e-08 1.227692562305739732e-08 1.242705591747704156e-08 1.229598409229634415e-08 1.248778598226572941e-08 1.255670590690730728e-08 1.218549190783290994e-08 1.245455690213903023e-08 1.250197273597405964e-08 1.237333258407057713e-08 1.232245512846598206e-08 1.239014835167474849e-08 1.242586061010799170e-08 1.230978456331972613e-08 1.245139446169642250e-08 1.247686999853613656e-08 1.245669028265858613e-08 1.240454420922194005e-08 1.230150944906589955e-08 1.224632683193282039e-08 1.241184545824957161e-08 1.236495436060458918e-08 1.250332932598979509e-08 1.239897690294430469e-08 1.242497040432440520e-08 1.229812460475000230e-08 1.256691891942134044e-08 1.247021182876573173e-08 1.253147194809183717e-08 1.247252233832015121e-08 1.242384046129166441e-08 1.256606172119855094e-08 1.250221311531675300e-08 1.232795239264200775e-08 1.246277696905442440e-08 1.237149940536054308e-08 1.249610419625085184e-08
1.255491382668409837e-08 1.266588842761139462e-08 1.274584132134863940e-08 1.262837509978401267e-08 1.263681238123596931e-08 1.248541578053996810e-08 1.264811664979676681e-08 1.256119345609098289e-08 1.242418748028613648e-08 1.258476214492304431e-08 1.244251475829846879e-08 1.264522143730697010e-08 1.271790174606973014e-08 1.232708391493877309e-08 1.261147737135374232e-08 1.266189339459864320e-08 1.252611369614243393e-08 1.247136979541454253e-08 1.254065206366326549e-08 1.257803522340518446e-08 1.245702814810331309e-08 1.260970677395238122e-08 1.263694655618324582e-08 1.261481901754506758e-08 1.255769641608418607e-08 1.245059183753145983e-08 1.239229195832652642e-08 1.256737372202210983e-08 1.251797307733205799e-08 1.266104064625977439e-08 1.255090708325042757e-08 1.257891637602678168e-08 1.244421815529166762e-08 1.273291936575680354e-08 1.262811307322364275e-08 1.269479033416199170e-08 1.263121292399787520e-08 1.258033797764583540e-08 1.272950005973766359e-08 1.266216917244558197e-08 1.247491842930314584e-08 1.262009274487839755e-08 1.252589566608503303e-08 1.265566933933078354e-08
1.247395180020322926e-08 1.258013438339625732e-08 1.265943846585629236e-08 1.254518976236352213e-08 1.255438651798936869e-08 1.240796464689328050e-08 1.256119345609098289e-08 1.248285764340731109e-08 1.234625329648128933e-08 1.250165790879081582e-08 1.236613847901020179e-08 1.256298439664795617e-08 1.263318902643792196e-08 1.225330793492899622e-08 1.252974028386394490e-08 1.257787608900212462e-08 1.244649931059906530e-08 1.239359038681972741e-08 1.246182545947406762e-08 1.249838831190986079e-08 1.238027448618622323e-08 1.252623457190773653e-08 1.255239320238945193e-08 1.253171416100510537e-08 1.247742475508460517e-08 1.237251871944302567e-08 1.231611385567729454e-08 1.248464378728316141e-08 1.243781174367516923e-08 1.257807523329591987e-08 1.247108645536522074e-08 1.249797443719642511e-08 1.236849668618750138e-08 1.264571858861437090e-08 1.254613355275212820e-08 1.260885391900340125e-08 1.254786295740305911e-08 1.249816229849999988e-08 1.264269764399191410e-08 1.257860698346003409e-08 1.239804176496513871e-08 1.253782051950509936e-08 1.244552172248171602e-08 1.257110057022533889e-08
1.234047266461479509e-08 1.244167421595918454e-08 1.251903622492091642e-08 1.240872276493537356e-08 1.241756574914540543e-08 1.227692562305739732e-08 1.242418748028613648e-08 1.234625329648128933e-08 1.221844347408758599e-08 1.236585646243579801e-08 1.223601823947874026e-08 1.242645326531675082e-08 1.249382438858418577e-08 1.212608951606632335e-08 1.239272380301955516e-08 1.244019292671258143e-08 1.231275656242729364e-08 1.226263763528528887e-08 1.232901440498979371e-08 1.236439089425722376e-08 1.224956090597661269e-08 1.238983614283630519e-08 1.241618112623724917e-08 1.239575752965604069e-08 1.234352782898171660e-08 1.224054263976105334e-08 1.218652490775042356e-08 1.235068081806632773e-08 1.230411085072534008e-08 1.244156855961267296e-08 1.233836202781377501e-08 1.236415998218452356e-08 1.223774421372916461e-08 1.250484762547874397e-08 1.240849287452508802e-08 1.246966409319430264e-08 1.241012748636862357e-08 1.236220873652083350e-08 1.250434287254634278e-08 1.244004149769090634e-08 1.226802591028444017e-08 1.240149764138520375e-08 1.231095485644260194e-08 1.243440789870068127e-08
1.249493488322491397e-08 1.260299081735799056e-08 1.268315898301913135e-08 1.256655191814668536e-08 1.257598458690433922e-08 1.242705591747704156e-08 1.258476214492304431e-08 1.250165790879081582e-08 1.236585646243579801e-08 1.252603478649234604e-08 1.238420042525850390e-08 1.258458416808162935e-08 1.265658247956632578e-08 1.227090367250680300e-08 1.255126498387967538e-08 1.260018525662329372e-08 1.246727438868324594e-08 1.241280409252337960e-08 1.248173010939157924e-08 1.251828396143877332e-08 1.239937323913435210e-08 1.254848285377380491e-08 1.257510070052593213e-08 1.255381770435841555e-08 1.249814754851147892e-08 1.239232641023724438e-08 1.233500221153316420e-08 1.250674298813180106e-08 1.245894635320152765e-08 1.260054410107992571e-08 1.249149075174532057e-08 1.251919710366369156e-08 1.238701416772916958e-08 1.266952609917516670e-08 1.256732717341496540e-08 1.263234996698893993e-08 1.257002078341921366e-08 1.252013501495832951e-08 1.266620639971896242e-08 1.260082707028613809e-08 1.241688178845706181e-08 1.255887338921258494e-08 1.246659930721045536e-08 1.259407211109056134e-08
1.235951145330101820e-08 1.246030007874574813e-08 1.253787540104124287e-08 1.242858447917729299e-08 1.243669087956462691e-08 1.229598409229634415e-08 1.244251475829846879e-08 1.236613847901020179e-08 1.223601823947874026e-08 1.238420042525850390e-08 1.225687776477295944e-08 1.244494491095790864e-08 1.251239436045407959e-08 1.214620445166836856e-08 1.241256423683971124e-08 1.245876790110374321e-08 1.233208891357185446e-08 1.228216700519855291e-08 1.234846140194685126e-08 1.238357673427636212e-08 1.226924481005442087e-08 1.240896315786011616e-08 1.243432553718877333e-08 1.241416801999064440e-08 1.236309707744557803e-08 1.226040171727806023e-08 1.220656207778953956e-08 1.236928389579336898e-08 1.232359216476913272e-08 1.246036981295748237e-08 1.235742017022278605e-08 1.238268412382738355e-08 1.225807042541666677e-08 1.252397668727295876e-08 1.242720511516623931e-08 1.248814914921598444e-08 1.242893344859438302e-08 1.238117429383333492e-08 1.252271940497661528e-08 1.245855220148299467e-08 1.228790064120280797e-08 1.242061989111564226e-08 1.233005324155782262e-08 1.245281492301742680e-08
1.255545930642729404e-08 1.266384507904251762e-08 1.274440206952508694e-08 1.262722462747704071e-08 1.263670907560374135e-08 1.248778598226572941e-08 1.264522143730697010e-08 1.256298439664795617e-08 1.242645326531675082e-08 1.258458416808162935e-08 1.244494491095790864e-08 1.264683434317091928e-08 1.271685930800085200e-08 1.233033816025382979e-08 1.261212201183205424e-08 1.266124873698342043e-08 1.252711986853146417e-08 1.247361114953528730e-08 1.254277219265645635e-08 1.257958939961139282e-08 1.245951872074744918e-08 1.260874884860714113e-08 1.263563573852890773e-08 1.261466657778103744e-08 1.255882673756505376e-08 1.245249427367772490e-08 1.239463126747958885e-08 1.256720420662882513e-08 1.251871728435034369e-08 1.266134596392517230e-08 1.255257742012627137e-08 1.257971921887202043e-08 1.244781877150000005e-08 1.273060105558290933e-08 1.262836621527508273e-08 1.269289517342346405e-08 1.263048031503528696e-08 1.258039684668749809e-08 1.272741530590050475e-08 1.266202132477423272e-08 1.247783062399277392e-08 1.262030041288520381e-08 1.252681298560926779e-08 1.265489940532568080e-08
1.262592618089795749e-08 1.273701513000850460e-08 1.281783435837584593e-08 1.269882749177040460e-08 1.270859131120407894e-08 1.255670590690730728e-08 1.271790174606973014e-08 1.263318902643792196e-08 1.249382438858418577e-08 1.265658247956632578e-08 1.251239436045407959e-08 1.271685930800085200e-08 1.279174670259183478e-08 1.239646485816326753e-08 1.268366914652891113e-08 1.273315991958418453e-08 1.259747605156462432e-08 1.254175142668622389e-08 1.261163796456462592e-08 1.264981311498894690e-08 1.252782961909948787e-08 1.268020534977976167e-08 1.270809910212245003e-08 1.268595527518537163e-08 1.262857099244217551e-08 1.252122482461054454e-08 1.246283526946258383e-08 1.263828990757993424e-08 1.258916434179506783e-08 1.273281211750169941e-08 1.262206198172108727e-08 1.265078979651190617e-08 1.251525479358333340e-08 1.280459768295407933e-08 1.270042302995918518e-08 1.276673493390135979e-08 1.270310650572789043e-08 1.265165457474999960e-08 1.280066864708843611e-08 1.273438209370067994e-08 1.254532967813605474e-08 1.269114234401870414e-08 1.259747469684268570e-08 1.272691573829846898e-08
1.224670209508248380e-08 1.234381215768409767e-08 1.242100237402465929e-08 1.231360653098767029e-08 1.232237705979336815e-08 1.218549190783290994e-08 1.232708391493877309e-08 1.225330793492899622e-08 1.212608951606632335e-08 1.227090367250680300e-08 1.214620445166836856e-08 1.233033816025382979e-08 1.239646485816326753e-08 1.204014737335969508e-08 1.229783583258843553e-08 1.234362403327465914e-08 1.221953361745748449e-08 1.217078808412967691e-08 1.223706945364498010e-08 1.227069654367942150e-08 1.215955872009353823e-08 1.229425831523809664e-08 1.231892086544685157e-08 1.230005047912585125e-08 1.225093046509396183e-08 1.214953608205994703e-08 1.209741705199829845e-08 1.225578251081802771e-08 1.221112392922363831e-08 1.234579353309098704e-08 1.224515823586989873e-08 1.226957802088690223e-08 1.214788286324999796e-08 1.240623265233503418e-08 1.231206965548299104e-08 1.237139537268112186e-08 1.231458239419217532e-08 1.226768716031250017e-08 1.240603023341879000e-08 1.234290196365306046e-08 1.217786561159141271e-08 1.230648742608418539e-08 1.221727501429209061e-08 1.233800008065561150e-08
1.252186768331972799e-08 1.263046020765391451e-08 1.271060068489455761e-08 1.259430718888605469e-08 1.260328796152721222e-08 1.245455690213903023e-08 1.261147737135374232e-08 1.252974028386394490e-08 1.239272380301955516e-08 1.255126498387967538e-08 1.241256423683971124e-08 1.261212201183205424e-08 1.268366914652891113e-08 1.229783583258843553e-08 1.258042049037329935e-08 1.262742406993622391e-08 1.249433956334056125e-08 1.244061776309566218e-08 1.250883915440306310e-08 1.254584772897491402e-08 1.242647765822576438e-08 1.257535641547619148e-08 1.260204745096215864e-08 1.258099147815943833e-08 1.252567325704506753e-08 1.241981271841751670e-08 1.236206111759778751e-08 1.253414556194260291e-08 1.248615188395323102e-08 1.262770939122661371e-08 1.251883756652253549e-08 1.254679803398214285e-08 1.241511314956249872e-08 1.269711979977721175e-08 1.259533831979038708e-08 1.265965402679379064e-08 1.259693064749149419e-08 1.254750776545833343e-08 1.269298263917984579e-08 1.262812693230314636e-08 1.244427798898341809e-08 1.258684371993027194e-08 1.249410669117346853e-08 1.262048858484396015e-08
1.257036327448979398e-08 1.268088439589667866e-08 1.276111131258758292e-08 1.264346130166453812e-08 1.265248841468707807e-08 1.250197273597405964e-08 1.266189339459864320e-08 1.257787608900212462e-08 1.244019292671258143e-08 1.260018525662329372e-08 1.245876790110374321e-08 1.266124873698342043e-08 1.273315991958418453e-08 1.234362403327465914e-08 1.262742406993622391e-08 1.267814824429591921e-08 1.254244730782312621e-08 1.248793252236862049e-08 1.255681817338562872e-08 1.259405577002806150e-08 1.247375136187244794e-08 1.262527762848214265e-08 1.265202092675807664e-08 1.263016531492687056e-08 1.257372006631505056e-08 1.246726850061522017e-08 1.240839658114625762e-08 1.258241991094132603e-08 1.253374944930867418e-08 1.267660529930016868e-08 1.256674496939711064e-08 1.259479350630952358e-08 1.246147876320833346e-08 1.274729014018707428e-08 1.264440334425425056e-08 1.270940147563180224e-08 1.264666952447278814e-08 1.259595106185416741e-08 1.274398002792134268e-08 1.267748229558673155e-08 1.249157091082610262e-08 1.263579392696853669e-08 1.254191695694260123e-08 1.267097690970068025e-08
1.243961153357866024e-08 1.254500309975212722e-08 1.262351413067729338e-08 1.251037963750510294e-08 1.251881995257185092e-08 1.237333258407057713e-08 1.252611369614243393e-08 1.244649931059906530e-08 1.231275656242729364e-08 1.246727438868324594e-08 1.233208891357185446e-08 1.252711986853146417e-08 1.259747605156462432e-08 1.221953361745748449e-08 1.249433956334056125e-08 1.254244730782312621e-08 1.241295820230782394e-08 1.235987534341113780e-08 1.242708916809948820e-08 1.246338140711182062e-08 1.234599242561862174e-08 1.249169420147618859e-08 1.251795098359311169e-08 1.249666486560884112e-08 1.244330947477721043e-08 1.233858011252763449e-08 1.228274161194897986e-08 1.245039034131164905e-08 1.240332313766751617e-08 1.254321642195875481e-08 1.243643012972193889e-08 1.246348862700297434e-08 1.233384400470833326e-08 1.261016287559268680e-08 1.251072579092729505e-08 1.257328788066284028e-08 1.251227487643197305e-08 1.246301637018749993e-08 1.260776073808460734e-08 1.254277404242516980e-08 1.236409492413818200e-08 1.250261317290051126e-08 1.241103193588775498e-08 1.253629087616836802e-08
1.238684480270280488e-08 1.248975457872788674e-08 1.256772394882695627e-08 1.245656594222193807e-08 1.246511790738605349e-08 1.232245512846598206e-08 1.247136979541454253e-08 1.239359038681972741e-08 1.226263763528528887e-08 1.241280409252337960e-08 1.228216700519855291e-08 1.247361114953528730e-08 1.254175142668622389e-08 1.217078808412967691e-08 1.244061776309566218e-08 1.248793252236862049e-08 1.235987534341113780e-08 1.230965816145748390e-08 1.237513828597364002e-08 1.241120200374957262e-08 1.229554729654549128e-08 1.243741763215178405e-08 1.246369246503996701e-08 1.244288721498469419e-08 1.239078917514200553e-08 1.228748687200425164e-08 1.223248058338477802e-08 1.239733492896301213e-08 1.235067903401615442e-08 1.248917048821641177e-08 1.238470935590433635e-08 1.241055786659821272e-08 1.228415964235416755e-08 1.255419303257355503e-08 1.245610448463945395e-08 1.251773060484396319e-08 1.245733247866581632e-08 1.240919803066666480e-08 1.255274583177423411e-08 1.248790122886989609e-08 1.231407666556292254e-08 1.244867840248469130e-08 1.235827985586734719e-08 1.248196737811564656e-08
1.245478151726615570e-08 1.255868015016879442e-08 1.263749696232313297e-08 1.252489789804676869e-08 1.253377197848851475e-08 1.239014835167474849e-08 1.254065206366326549e-08 1.246182545947406762e-08 1.232901440498979371e-08 1.248173010939157924e-08 1.234846140194685126e-08 1.254277219265645635e-08 1.261163796456462592e-08 1.223706945364498010e-08 1.250883915440306310e-08 1.255681817338562872e-08 1.242708916809948820e-08 1.237513828597364002e-08 1.244489357559949121e-08 1.247872278227848562e-08 1.236232539207695600e-08 1.250579793312202536e-08 1.253168635953061397e-08 1.251134180562967719e-08 1.245860365944387752e-08 1.235431003036096843e-08 1.229879399159481298e-08 1.246552211356164975e-08 1.241859084941751563e-08 1.255785654200042443e-08 1.245278408743027069e-08 1.247878762977380753e-08 1.235049482754166702e-08 1.262333781378018720e-08 1.252495407378146319e-08 1.258684976482950681e-08 1.252747476505697206e-08 1.247814334464583311e-08 1.262236275345960793e-08 1.255716504819600350e-08 1.238106430874234862e-08 1.251763617998384035e-08 1.242549964876275457e-08 1.255111773618920192e-08
1.249117375186181724e-08 1.259669277107227629e-08 1.267523232021556189e-08 1.256143335344430309e-08 1.257086855746385662e-08 1.242586061010799170e-08 1.257803522340518446e-08 1.249838831190986079e-08 1.236439089425722376e-08 1.251828396143877332e-08 1.238357673427636212e-08 1.257958939961139282e-08 1.264981311498894690e-08 1.227069654367942150e-08 1.254584772897491402e-08 1.259405577002806150e-08 1.246338140711182062e-08 1.241120200374957262e-08 1.247872278227848562e-08 1.251701154809353569e-08 1.239799702857483046e-08 1.254306181735714114e-08 1.256954885201998036e-08 1.254804479509651500e-08 1.249462524048766866e-08 1.238968360731462464e-08 1.233401720359863799e-08 1.250243502817942271e-08 1.245482889511224575e-08 1.259539937405612319e-08 1.248852630423341747e-08 1.251504539320535761e-08 1.238586213797916725e-08 1.266191779260969355e-08 1.256183556961139348e-08 1.262498451128656405e-08 1.256373199460373985e-08 1.251456231629166727e-08 1.265988234268919933e-08 1.259532055380995095e-08 1.241579560601062967e-08 1.255444468645067959e-08 1.246209697053784209e-08 1.258814823253698814e-08
1.237357138970195658e-08 1.247529269747448842e-08 1.255281580339328098e-08 1.244220051025127669e-08 1.245099567940858644e-08 1.230978456331972613e-08 1.245702814810331309e-08 1.238027448618622323e-08 1.224956090597661269e-08 1.239937323913435210e-08 1.226924481005442087e-08 1.245951872074744918e-08 1.252782961909948787e-08 1.215955872009353823e-08 1.242647765822576438e-08 1.247375136187244794e-08 1.234599242561862174e-08 1.229554729654549128e-08 1.236232539207695600e-08 1.239799702857483046e-08 1.228388380774319672e-08 1.242344613982737972e-08 1.244904558902848561e-08 1.242862459108970749e-08 1.237727169544430229e-08 1.227394142462670120e-08 1.222007611948724267e-08 1.238324772642686910e-08 1.233761070644812865e-08 1.247489243641156377e-08 1.237126419352423484e-08 1.239713390452678207e-08 1.227151335885416628e-08 1.253861706447108658e-08 1.244170815674744654e-08 1.250323665767091700e-08 1.244383993710799465e-08 1.239567890504166667e-08 1.253751259171386014e-08 1.247351783500212599e-08 1.230148728061267176e-08 1.243481371794387717e-08 1.234438825340943673e-08 1.246747809045875645e-08
1.251972058795535615e-08 1.262833818763392704e-08 1.270763499906547764e-08 1.259202582963392856e-08 1.260037306577678370e-08 1.245139446169642250e-08 1.260970677395238122e-08 1.252623457190773653e-08 1.238983614283630519e-08 1.254848285377380491e-08 1.240896315786011616e-08 1.260874884860714113e-08 1.268020534977976167e-08 1.229425831523809664e-08 1.257535641547619148e-08 1.262527762848214265e-08 1.249169420147618859e-08 1.243741763215178405e-08 1.250579793312202536e-08 1.254306181735714114e-08 1.242344613982737972e-08 1.257453434699999929e-08 1.259967830282440690e-08 1.257818011162797371e-08 1.252305553727678366e-08 1.241657068953273750e-08 1.235900873457738159e-08 1.253075264859226060e-08 1.248299759211606969e-08 1.262483679179761730e-08 1.251554482806547538e-08 1.254346642947916689e-08 1.241063530793749841e-08 1.269470242850595080e-08 1.259206215012797508e-08 1.265680336848809695e-08 1.259431962711011942e-08 1.254407226558333205e-08 1.269130921378868912e-08 1.262540520888987781e-08 1.244141899808035526e-08 1.258396263319047654e-08 1.249053341503273639e-08 1.261833015975297666e-08
1.254572490582227813e-08 1.265569877770578602e-08 1.273503780925808006e-08 1.261903347140221337e-08 1.262693997395960844e-08 1.247686999853613656e-08 1.263694655618324582e-08 1.255239320238945193e-08 1.241618112623724917e-08 1.257510070052593213e-08 1.243432553718877333e-08 1.263563573852890773e-08 1.270809910212245003e-08 1.231892086544685157e-08 1.260204745096215864e-08 1.265202092675807664e-08 1.251795098359311169e-08 1.246369246503996701e-08 1.253168635953061397e-08 1.256954885201998036e-08 1.244904558902848561e-08 1.259967830282440690e-08 1.262862145453826462e-08 1.260466291044855453e-08 1.254864006457568073e-08 1.244235516250850253e-08 1.238500370208205752e-08 1.255830263880101879e-08 1.250886070884481066e-08 1.265123133307865611e-08 1.254226717595450468e-08 1.257016579432142922e-08 1.243641164108333315e-08 1.272248933158460807e-08 1.261957634971641234e-08 1.268482522925042627e-08 1.262087629093580077e-08 1.257089226947916550e-08 1.271977774544430133e-08 1.265265776609396362e-08 1.246686100912585068e-08 1.261044461509438970e-08 1.251738559265136319e-08 1.264554569741879149e-08
1.252493964204634022e-08 1.263335930589370661e-08 1.271334781719770477e-08 1.259660767339073054e-08 1.260585562409481252e-08 1.245669028265858613e-08 1.261481901754506758e-08 1.253171416100510537e-08 1.239575752965604069e-08 1.255381770435841555e-08 1.241416801999064440e-08 1.261466657778103744e-08 1.268595527518537163e-08 1.230005047912585125e-08 1.258099147815943833e-08 1.263016531492687056e-08 1.249666486560884112e-08 1.244288721498469419e-08 1.251134180562967719e-08 1.254804479509651500e-08 1.242862459108970749e-08 1.257818011162797371e-08 1.260466291044855453e-08 1.258454701589115474e-08 1.252821540401445368e-08 1.242170342345152997e-08 1.236430694636352061e-08 1.253617941870918251e-08 1.248788727099914652e-08 1.262988697691623955e-08 1.252110629404889133e-08 1.254899594683035633e-08 1.241625080537500044e-08 1.269994858174064614e-08 1.259696357336436759e-08 1.266237269692049179e-08 1.259978836563052714e-08 1.254905111914583327e-08 1.269628647460288870e-08 1.263055583549149751e-08 1.244668438029931814e-08 1.258934345701615479e-08 1.249610864836224253e-08 1.262412619976913218e-08
1.247090793988137675e-08 1.257590167767134100e-08 1.265505525654422129e-08 1.254190240581121948e-08 1.255037136157057922e-08 1.240454420922194005e-08 1.255769641608418607e-08 1.247742475508460517e-08 1.234352782898171660e-08 1.249814754851147892e-08 1.236309707744557803e-08 1.255882673756505376e-08 1.262857099244217551e-08 1.225093046509396183e-08 1.252567325704506753e-08 1.257372006631505056e-08 1.244330947477721043e-08 1.239078917514200553e-08 1.245860365944387752e-08 1.249462524048766866e-08 1.237727169544430229e-08 1.252305553727678366e-08 1.254864006457568073e-08 1.252821540401445368e-08 1.247595937711819801e-08 1.236982125722746514e-08 1.231411553340858653e-08 1.248159444819812878e-08 1.243432673390603632e-08 1.257455361448426844e-08 1.246761503216326631e-08 1.249463085793154638e-08 1.236514948614583140e-08 1.264167847475808075e-08 1.254140835444004901e-08 1.260439525630824743e-08 1.254348975982950798e-08 1.249416058199999813e-08 1.263906204474447388e-08 1.257395682006037402e-08 1.239578246532482772e-08 1.253441468230612175e-08 1.244181099865306125e-08 1.256761916685374275e-08
1.236547012813179838e-08 1.246871386519387480e-08 1.254712190034439228e-08 1.243544589191114145e-08 1.244424116071556606e-08 1.230150944906589955e-08 1.245059183753145983e-08 1.237251871944302567e-08 1.224054263976105334e-08 1.239232641023724438e-08 1.226040171727806023e-08 1.245249427367772490e-08 1.252122482461054454e-08 1.214953608205994703e-08 1.241981271841751670e-08 1.246726850061522017e-08 1.233858011252763449e-08 1.228748687200425164e-08 1.235431003036096843e-08 1.238968360731462464e-08 1.227394142462670120e-08 1.241657068953273750e-08 1.244235516250850253e-08 1.242170342345152997e-08 1.236982125722746514e-08 1.226730240118707403e-08 1.221112224753443868e-08 1.237660551508078029e-08 1.232983344508588467e-08 1.246811865277210572e-08 1.236349114443665103e-08 1.238914262219642899e-08 1.226260221752083444e-08 1.253346704309056162e-08 1.243525797407355368e-08 1.249654600296768601e-08 1.243705498767091611e-08 1.238898687574999936e-08 1.253177433646215962e-08 1.246720913985884318e-08 1.229241209631037494e-08 1.242788347990986222e-08 1.233702328989243099e-08 1.246096315963010341e-08
1.231009318301148268e-08 1.240965170115008191e-08 1.248744610393792682e-08 1.237839091728103774e-08 1.238632883758120888e-08 1.224632683193282039e-08 1.239229195832652642e-08 1.231611385567729454e-08 1.218652490775042356e-08 1.233500221153316420e-08 1.220656207778953956e-08 1.239463126747958885e-08 1.246283526946258383e-08 1.209741705199829845e-08 1.236206111759778751e-08 1.240839658114625762e-08 1.228274161194897986e-08 1.223248058338477802e-08 1.229879399159481298e-08 1.233401720359863799e-08 1.222007611948724267e-08 1.235900873457738159e-08 1.238500370208205752e-08 1.236430694636352061e-08 1.231411553340858653e-08 1.221112224753443868e-08 1.215910172602295736e-08 1.231962315185246465e-08 1.227396143664753611e-08 1.241005421887584867e-08 1.230755698498554311e-08 1.233305199161011916e-08 1.220805036993749910e-08 1.247422019097703987e-08 1.237723867966709379e-08 1.243799962886734786e-08 1.237883502271811340e-08 1.233138408379166528e-08 1.247268443394004993e-08 1.240889299791283913e-08 1.223831735279719516e-08 1.237076887463435384e-08 1.228080205304634392e-08 1.240277653656590131e-08
1.247841871012414849e-08 1.258533287753826626e-08 1.266468694004549333e-08 1.254992286482100294e-08 1.255857503433503838e-08 1.241184545824957161e-08 1.256737372202210983e-08 1.248464378728316141e-08 1.235068081806632773e-08 1.250674298813180106e-08 1.236928389579336898e-08 1.256720420662882513e-08 1.263828990757993424e-08 1.225578251081802771e-08 1.253414556194260291e-08 1.258241991094132603e-08 1.245039034131164905e-08 1.239733492896301213e-08 1.246552211356164975e-08 1.250243502817942271e-08 1.238324772642686910e-08 1.253075264859226060e-08 1.255830263880101879e-08 1.253617941870918251e-08 1.248159444819812878e-08 1.237660551508078029e-08 1.231962315185246465e-08 1.249125145844302497e-08 1.244188802836947321e-08 1.258300784109098614e-08 1.247566567699489749e-08 1.250270885363690324e-08 1.237114148437500078e-08 1.265124259787670165e-08 1.255001673171215940e-08 1.261423325118112497e-08 1.255204774019217573e-08 1.250286787170833237e-08 1.264913042116879084e-08 1.258316395852805946e-08 1.240144378729974237e-08 1.254228464287585038e-08 1.244959677339625965e-08 1.257657176638477772e-08
1.243105882150085222e-08 1.253623842100340329e-08 1.261459793393367015e-08 1.250163604853316294e-08 1.251047173533162921e-08 1.236495436060458918e-08 1.251797307733205799e-08 1.243781174367516923e-08 1.230411085072534008e-08 1.245894635320152765e-08 1.232359216476913272e-08 1.251871728435034369e-08 1.258916434179506783e-08 1.221112392922363831e-08 1.248615188395323102e-08 1.253374944930867418e-08 1.240332313766751617e-08 1.235067903401615442e-08 1.241859084941751563e-08 1.245482889511224575e-08 1.233761070644812865e-08 1.248299759211606969e-08 1.250886070884481066e-08 1.248788727099914652e-08 1.243432673390603632e-08 1.232983344508588467e-08 1.227396143664753611e-08 1.244188802836947321e-08 1.239556066823469073e-08 1.253448962957567952e-08 1.242804047077593579e-08 1.245514190948809441e-08 1.232566542091666456e-08 1.260151039058163425e-08 1.250176067805867347e-08 1.256475902061054296e-08 1.250375019728698865e-08 1.245486435077083336e-08 1.259864582756037301e-08 1.253424836955527150e-08 1.235553227701275639e-08 1.249393270508248154e-08 1.240236946483290708e-08 1.252729183957355365e-08
1.257075361812542286e-08 1.267983496150169947e-08 1.276016707927933586e-08 1.264301667105824720e-08 1.265255449101998116e-08 1.250332932598979509e-08 1.266104064625977439e-08 1.257807523329591987e-08 1.244156855961267296e-08 1.260054410107992571e-08 1.246036981295748237e-08 1.266134596392517230e-08 1.273281211750169941e-08 1.234579353309098704e-08 1.262770939122661371e-08 1.267660529930016868e-08 1.254321642195875481e-08 1.248917048821641177e-08 1.255785654200042443e-08 1.259539937405612319e-08 1.247489243641156377e-08 1.262483679179761730e-08 1.265123133307865611e-08 1.262988697691623955e-08 1.257455361448426844e-08 1.246811865277210572e-08 1.241005421887584867e-08 1.258300784109098614e-08 1.253448962957567952e-08 1.267803811939200539e-08 1.256770521831504842e-08 1.259558324809821360e-08 1.246275190718750054e-08 1.274634616274914861e-08 1.264390861105016807e-08 1.270857568476360468e-08 1.264592041594557786e-08 1.259601773929166618e-08 1.274343655473851875e-08 1.267767858327763523e-08 1.249282145067304370e-08 1.263564388243707502e-08 1.254247146661437224e-08 1.267046682929719564e-08
1.246451378963860658e-08 1.256868582361692203e-08 1.264775363975127379e-08 1.253460471123894844e-08 1.254341935859778714e-08 1.239897690294430469e-08 1.255090708325042757e-08 1.247108645536522074e-08 1.233836202781377501e-08 1.249149075174532057e-08 1.235742017022278605e-08 1.255257742012627137e-08 1.262206198172108727e-08 1.224515823586989873e-08 1.251883756652253549e-08 1.256674496939711064e-08 1.243643012972193889e-08 1.238470935590433635e-08 1.245278408743027069e-08 1.248852630423341747e-08 1.237126419352423484e-08 1.251554482806547538e-08 1.254226717595450468e-08 1.252110629404889133e-08 1.246761503216326631e-08 1.236349114443665103e-08 1.230755698498554311e-08 1.247566567699489749e-08 1.242804047077593579e-08 1.256770521831504842e-08 1.246347936583163335e-08 1.248867052380952312e-08 1.235961754472916627e-08 1.263420120413945377e-08 1.253451942293877394e-08 1.259766101145620582e-08 1.253636791557100042e-08 1.248782645383333114e-08 1.263287830282015545e-08 1.256731309336351987e-08 1.239010943330824773e-08 1.252696296765305919e-08 1.243517233495153129e-08 1.256057896844770234e-08
1.249153912635714137e-08 1.259762719297024030e-08 1.267675993589285854e-08 1.256241318722023452e-08 1.257126826216071059e-08 1.242497040432440520e-08 1.257891637602678168e-08 1.249797443719642511e-08 1.236415998218452356e-08 1.251919710366369156e-08 1.238268412382738355e-08 1.257971921887202043e-08 1.265078979651190617e-08 1.226957802088690223e-08 1.254679803398214285e-08 1.259479350630952358e-08 1.246348862700297434e-08 1.241055786659821272e-08 1.247878762977380753e-08 1.251504539320535761e-08 1.239713390452678207e-08 1.254346642947916689e-08 1.257016579432142922e-08 1.254899594683035633e-08 1.249463085793154638e-08 1.238914262219642899e-08 1.233305199161011916e-08 1.250270885363690324e-08 1.245514190948809441e-08 1.259558324809821360e-08 1.248867052380952312e-08 1.251703721849999776e-08 1.238476872160416637e-08 1.266304862245238132e-08 1.256298159878869043e-08 1.262696375340773964e-08 1.256454554638987964e-08 1.251528149789583315e-08 1.266081367150297296e-08 1.259559623194345151e-08 1.241514499891964478e-08 1.255470818701785711e-08 1.246279503484225989e-08 1.258851737564285733e-08
1.236094670843749887e-08 1.246239290843750086e-08 1.254059671589583396e-08 1.242988239887499800e-08 1.243925441235416557e-08 1.229812460475000230e-08 1.244421815529166762e-08 1.236849668618750138e-08 1.223774421372916461e-08 1.238701416772916958e-08 1.225807042541666677e-08 1.244781877150000005e-08 1.251525479358333340e-08 1.214788286324999796e-08 1.241511314956249872e-08 1.246147876320833346e-08 1.233384400470833326e-08 1.228415964235416755e-08 1.235049482754166702e-08 1.238586213797916725e-08 1.227151335885416628e-08 1.241063530793749841e-08 1.243641164108333315e-08 1.241625080537500044e-08 1.236514948614583140e-08 1.226260221752083444e-08 1.220805036993749910e-08 1.237114148437500078e-08 1.232566542091666456e-08 1.246275190718750054e-08 1.235961754472916627e-08 1.238476872160416637e-08 1.226111570529166651e-08 1.252595398383333332e-08 1.242963579443750073e-08 1.249029917797916575e-08 1.243128287568749730e-08 1.238372853112499796e-08 1.252481359831250006e-08 1.246099845987500148e-08 1.228985387160416437e-08 1.242252577474999832e-08 1.233226279702083482e-08 1.245523999172916674e-08
1.263852927455102287e-08 1.275174723072491524e-08 1.283289665556207574e-08 1.271350510967729514e-08 1.272143882127296063e-08 1.256691891942134044e-08 1.273291936575680354e-08 1.264571858861437090e-08 1.250484762547874397e-08 1.266952609917516670e-08 1.252397668727295876e-08 1.273060105558290933e-08 1.280459768295407933e-08 1.240623265233503418e-08 1.269711979977721175e-08 1.274729014018707428e-08 1.261016287559268680e-08 1.255419303257355503e-08 1.262333781378018720e-08 1.266191779260969355e-08 1.253861706447108658e-08 1.269470242850595080e-08 1.272248933158460807e-08 1.269994858174064614e-08 1.264167847475808075e-08 1.253346704309056162e-08 1.247422019097703987e-08 1.265124259787670165e-08 1.260151039058163425e-08 1.274634616274914861e-08 1.263420120413945377e-08 1.266304862245238132e-08 1.252595398383333332e-08 1.282198442343962735e-08 1.271372817852040576e-08 1.278150588400765191e-08 1.271602876909438703e-08 1.266456517835416728e-08 1.281593492851828032e-08 1.274906071185799311e-08 1.255671107799447290e-08 1.270490024665731260e-08 1.261059642732865773e-08 1.274065906999660103e-08
1.253793694942729167e-08 1.264767933514668636e-08 1.272732968556675011e-08 1.261112132981037185e-08 1.261991763812457416e-08 1.247021182876573173e-08 1.262811307322364275e-08 1.254613355275212820e-08 1.240849287452508802e-08 1.256732717341496540e-08 1.242720511516623931e-08 1.262836621527508273e-08 1.270042302995918518e-08 1.231206965548299104e-08 1.259533831979038708e-08 1.264440334425425056e-08 1.251072579092729505e-08 1.245610448463945395e-08 1.252495407378146319e-08 1.256183556961139348e-08 1.244170815674744654e-08 1.259206215012797508e-08 1.261957634971641234e-08 1.259696357336436759e-08 1.254140835444004901e-08 1.243525797407355368e-08 1.237723867966709379e-08 1.255001673171215940e-08 1.250176067805867347e-08 1.264390861105016807e-08 1.253451942293877394e-08 1.256298159878869043e-08 1.242963579443750073e-08 1.271372817852040576e-08 1.261322794525425064e-08 1.267661395088180115e-08 1.261390645357695772e-08 1.256377541120833080e-08 1.271061637873384053e-08 1.264517424039923412e-08 1.245956514713860351e-08 1.260345722726020089e-08 1.251015059777593390e-08 1.263741523778401154e-08
1.260180927799617485e-08 1.271433549131802972e-08 1.279438159281930416e-08 1.267576903980909894e-08 1.268437525844515436e-08 1.253147194809183717e-08 1.269479033416199170e-08 1.260885391900340125e-08 1.246966409319430264e-08 1.263234996698893993e-08 1.248814914921598444e-08 1.269289517342346405e-08 1.276673493390135979e-08 1.237139537268112186e-08 1.265965402679379064e-08 1.270940147563180224e-08 1.257328788066284028e-08 1.251773060484396319e-08 1.258684976482950681e-08 1.262498451128656405e-08 1.250323665767091700e-08 1.265680336848809695e-08 1.268482522925042627e-08 1.266237269692049179e-08 1.260439525630824743e-08 1.249654600296768601e-08 1.243799962886734786e-08 1.261423325118112497e-08 1.256475902061054296e-08 1.270857568476360468e-08 1.259766101145620582e-08 1.262696375340773964e-08 1.249029917797916575e-08 1.278150588400765191e-08 1.267661395088180115e-08 1.274438061116921506e-08 1.267880616044812906e-08 1.262756271549999839e-08 1.277739172914498095e-08 1.271066091308460918e-08 1.252051663048427060e-08 1.266740349689965902e-08 1.257348406888733002e-08 1.270289780499192102e-08
