3.686115709153850195e-08 3.714727746814914167e-08 3.727656341655460383e-08 3.701184187793216630e-08 3.705872416519046894e-08 3.666458009319889246e-08 3.706541305682249455e-08 3.681000473178054043e-08 3.662172547341116477e-08 3.700431981683766277e-08 3.662612691064182644e-08 3.698135448345908196e-08 3.718400346013080447e-08 3.643185332887246745e-08 3.695427963139635916e-08 3.712618418306695794e-08 3.683528356820094357e-08 3.665915542531681967e-08 3.675020845488981463e-08 3.690153635083376044e-08 3.664062330666501543e-08 3.693525565287515983e-08 3.712179432270551101e-08 3.698787524625483473e-08 3.688324074080590728e-08 3.660928423980762532e-08 3.646530744991635767e-08 3.688826025607440107e-08 3.685957794401388662e-08 3.712059192827162972e-08 3.679057080437884653e-08 3.694813363852901144e-08 3.653559234476396854e-08 3.724300008424613322e-08 3.698057095366256397e-08 3.726327078063009806e-08 3.705194277766810355e-08 3.693481926492533494e-08 3.724783364907385003e-08 3.708813225840983704e-08 3.665822239864395437e-08 3.698696938693523720e-08 3.675460059524522916e-08 3.709754844248040369e-08
3.714727746814914167e-08 3.743973314070956385e-08 3.756876562479597815e-08 3.730104004939727120e-08 3.734861559901510154e-08 3.694923020593335937e-08 3.735669386433909398e-08 3.709702321501896490e-08 3.690710192292945181e-08 3.729356876061976852e-08 3.691098878795392277e-08 3.727058806458070792e-08 3.747479306985164394e-08 3.671393462868685135e-08 3.724386137744486059e-08 3.741714022034179252e-08 3.712229168555390122e-08 3.694431090087780868e-08 3.703585729336022527e-08 3.718947046938055548e-08 3.692618692549549742e-08 3.722289993110182696e-08 3.741240409951325636e-08 3.727626066082987237e-08 3.717122714665158403e-08 3.689355571266965910e-08 3.674782182795481234e-08 3.717692095423375829e-08 3.714649255291509490e-08 3.741105819651804473e-08 3.707679893835554328e-08 3.723770940929998733e-08 3.681873112608807776e-08 3.753524662822832667e-08 3.726892998733803395e-08 3.755590543025019539e-08 3.734176385456893820e-08 3.722251679658263897e-08 3.754123987313188380e-08 3.737898378643309135e-08 3.694245040943527089e-08 3.727523082867959795e-08 3.704174551104215148e-08 3.738759251639992219e-08
3.727656341655460383e-08 3.756876562479597815e-08 3.770033130611819325e-08 3.742997783796593694e-08 3.747808283927882996e-08 3.707669903319638760e-08 3.748563178533502151e-08 3.722555037868988940e-08 3.703535303372659918e-08 3.742279633218064439e-08 3.703863859070718063e-08 3.740006517639131074e-08 3.760452525806161286e-08 3.684102693095951988e-08 3.737290097523064376e-08 3.754610487143076936e-08 3.725065924702728683e-08 3.707257860546116404e-08 3.716375468849733958e-08 3.731825287758120834e-08 3.705394380636169464e-08 3.735173631283303507e-08 3.754240561246734877e-08 3.740586427443952251e-08 3.730008258608701368e-08 3.702175318732533612e-08 3.687479031371038826e-08 3.730494759509129058e-08 3.727570610952552376e-08 3.754029037134321830e-08 3.720543041379942354e-08 3.736605467490686180e-08 3.694562803152084151e-08 3.766486218379772137e-08 3.739907675485229778e-08 3.768617492687300891e-08 3.747127092095516547e-08 3.735136555979252273e-08 3.767143167589413113e-08 3.750802788375047500e-08 3.707019988581796485e-08 3.740523788039088734e-08 3.717051882563551295e-08 3.751796167949128248e-08
3.701184187793216630e-08 3.730104004939727120e-08 3.742997783796593694e-08 3.716603038779295143e-08 3.721143465713241635e-08 3.681454650309622154e-08 3.721919399817468330e-08 3.696127822932557954e-08 3.677144791302828757e-08 3.715683621419133280e-08 3.677550533139330488e-08 3.713306667619652011e-08 3.733722626562998026e-08 3.657920574759832221e-08 3.710730265361378074e-08 3.727984029833785734e-08 3.698589900585934580e-08 3.680866603808735428e-08 3.690001780079687463e-08 3.705278202782166170e-08 3.679087712746510343e-08 3.708646932131435764e-08 3.727511863069234077e-08 3.714024630557960237e-08 3.703506164175452905e-08 3.675861584161620282e-08 3.661360939052067303e-08 3.704097034474479610e-08 3.701031443277860623e-08 3.727444280661478037e-08 3.694205275093902234e-08 3.710082722764908802e-08 3.668491960304959798e-08 3.739745384917598307e-08 3.713216153939605967e-08 3.741765592009880717e-08 3.720466417677851577e-08 3.708675116689431938e-08 3.740192019699088638e-08 3.724146008946919523e-08 3.680755827605476663e-08 3.713906807830147371e-08 3.690615184391541426e-08 3.725050581317198285e-08
3.705872416519046894e-08 3.734861559901510154e-08 3.747808283927882996e-08 3.721143465713241635e-08 3.726073117534355807e-08 3.686337777098705222e-08 3.726620387071956139e-08 3.700848625517881890e-08 3.681981027201420900e-08 3.720373903665755407e-08 3.682391997254541261e-08 3.718166883815529592e-08 3.738553218087906617e-08 3.662833038315884254e-08 3.715412772981122437e-08 3.732678892668343824e-08 3.703291726006458021e-08 3.685723693011393521e-08 3.694796857232634269e-08 3.710112768028149502e-08 3.683873776863968608e-08 3.713441043235811970e-08 3.732318650154870477e-08 3.718730921438307608e-08 3.708246892880553883e-08 3.680692863191252914e-08 3.666189954086293440e-08 3.708774704470343076e-08 3.705866002743873102e-08 3.732184719239347130e-08 3.698923751016141337e-08 3.714858688583277805e-08 3.673214383984135651e-08 3.744415901719726564e-08 3.718102065776131129e-08 3.746591337650448558e-08 3.725240752885405577e-08 3.713447899396573465e-08 3.745025071143043832e-08 3.728917495408961993e-08 3.685513748296974478e-08 3.718636604707529580e-08 3.695358903986465200e-08 3.729852617053978367e-08
3.666458009319889246e-08 3.694923020593335937e-08 3.707669903319638760e-08 3.681454650309622154e-08 3.686337777098705222e-08 3.647434740108207910e-08 3.686802276276413747e-08 3.661467232508960599e-08 3.642922717416955272e-08 3.680660009231702062e-08 3.643382849429276525e-08 3.678484672882318515e-08 3.698635652764877728e-08 3.624257652500877484e-08 3.675770906747862220e-08 3.692873396937263916e-08 3.663942745387450687e-08 3.646670829616438622e-08 3.655681324117414027e-08 3.670661007242130424e-08 3.644833603256395445e-08 3.673879503245797146e-08 3.692422527468482654e-08 3.679131906421090832e-08 3.668751556379159984e-08 3.641733842782974704e-08 3.627522967276764028e-08 3.669206602653642700e-08 3.666501647564315539e-08 3.692310917160488230e-08 3.659671759371044558e-08 3.675299894195716122e-08 3.634476898033022871e-08 3.704295740409107572e-08 3.678466167453170570e-08 3.706495168003912020e-08 3.685528748122648630e-08 3.673921286757529323e-08 3.704896089688598812e-08 3.689098227786539648e-08 3.646502769672576752e-08 3.679028810271642944e-08 3.655910098675176854e-08 3.689971578740436690e-08
3.706541305682249455e-08 3.735669386433909398e-08 3.748563178533502151e-08 3.721919399817468330e-08 3.726620387071956139e-08 3.686802276276413747e-08 3.727529144880474621e-08 3.701528806051031660e-08 3.682552187931480011e-08 3.721148859266749557e-08 3.682926115271964889e-08 3.718825339415223004e-08 3.739184371049577026e-08 3.663295540610076494e-08 3.716186718878840343e-08 3.733495113320526559e-08 3.704077527419178303e-08 3.686243002260210232e-08 3.695294331107507842e-08 3.710724098779447037e-08 3.684490149620596415e-08 3.714048132183004739e-08 3.732985598142623292e-08 3.719465591541234453e-08 3.708940705067589292e-08 3.681209178221793145e-08 3.666713502798183935e-08 3.709485459534298534e-08 3.706401857165378057e-08 3.732862959305376470e-08 3.699518512018623692e-08 3.715504643976162484e-08 3.673832200894411658e-08 3.745243058812294876e-08 3.718677981693927592e-08 3.747323425626551281e-08 3.725967352386221938e-08 3.714028177902393138e-08 3.745831798065413055e-08 3.729619401270753326e-08 3.686092427287491040e-08 3.719303272587693901e-08 3.695951664088081056e-08 3.730530422604244806e-08
3.681000473178054043e-08 3.709702321501896490e-08 3.722555037868988940e-08 3.696127822932557954e-08 3.700848625517881890e-08 3.661467232508960599e-08 3.701528806051031660e-08 3.675996487176504014e-08 3.657157772386566703e-08 3.695344527713429076e-08 3.657611071222064392e-08 3.693088125724785015e-08 3.713297469981521042e-08 3.638208011013188571e-08 3.690399573494078180e-08 3.707562453043318077e-08 3.678460874333171826e-08 3.660921499170055231e-08 3.669991152338039996e-08 3.685149896866437394e-08 3.659081965547883357e-08 3.688460512278459130e-08 3.707096852606453367e-08 3.693726047660328948e-08 3.683299475562005416e-08 3.655906759595045298e-08 3.641561930573639106e-08 3.683793907173666866e-08 3.680912168809533872e-08 3.706997577601394200e-08 3.674033203072038620e-08 3.689834820548400141e-08 3.648567460366122591e-08 3.719223570049983924e-08 3.692988563538954318e-08 3.721267931272933267e-08 3.700162226514103381e-08 3.688414908803169658e-08 3.719743365285409299e-08 3.703777932991036918e-08 3.660809540816353806e-08 3.693629710571123983e-08 3.670451326812999045e-08 3.704670956080408063e-08
3.662172547341116477e-08 3.690710192292945181e-08 3.703535303372659918e-08 3.677144791302828757e-08 3.681981027201420900e-08 3.642922717416955272e-08 3.682552187931480011e-08 3.657157772386566703e-08 3.638709645241986261e-08 3.676403393804136808e-08 3.639002557105640625e-08 3.674244501926545200e-08 3.694307793204446608e-08 3.619812877923131360e-08 3.671494911813552153e-08 3.688571917742182067e-08 3.659733797520987544e-08 3.642364083467641756e-08 3.651329466825867488e-08 3.666319001098496829e-08 3.640499800057365317e-08 3.669546499611952173e-08 3.688174968904200782e-08 3.674816753269300150e-08 3.664461137820537254e-08 3.637358356360111319e-08 3.623077524619570435e-08 3.664896817512032551e-08 3.662205460567890874e-08 3.688009046299213206e-08 3.655327537002014391e-08 3.670987796957395117e-08 3.629992656882801681e-08 3.700024995291430607e-08 3.674194047192749670e-08 3.702244367833474652e-08 3.681236521999257454e-08 3.669534906086940301e-08 3.700718312498529372e-08 3.684812792859148419e-08 3.642125718879168446e-08 3.674785094528492215e-08 3.651692464234598396e-08 3.685735918980814135e-08
3.700431981683766277e-08 3.729356876061976852e-08 3.742279633218064439e-08 3.715683621419133280e-08 3.720373903665755407e-08 3.680660009231702062e-08 3.721148859266749557e-08 3.695344527713429076e-08 3.676403393804136808e-08 3.714966278710891642e-08 3.676854239899620270e-08 3.712608383128700284e-08 3.732992582120061620e-08 3.657205907961644544e-08 3.709944011395885469e-08 3.727207388778571863e-08 3.697887089957280753e-08 3.680134703947828121e-08 3.689237252954814717e-08 3.704530181127937406e-08 3.678297022671357916e-08 3.707919339644868480e-08 3.726753154808966806e-08 3.713233077385108456e-08 3.702730887376841416e-08 3.675144091485490575e-08 3.660601961125259777e-08 3.703312978293607443e-08 3.700247847857388940e-08 3.726610306264497593e-08 3.693359607990446461e-08 3.709291698276153290e-08 3.667704479624148240e-08 3.738975125066759787e-08 3.712497568657881963e-08 3.741028934402882228e-08 3.719708518734665740e-08 3.707892332618532979e-08 3.739475101190906656e-08 3.723380656116485854e-08 3.679991672193581429e-08 3.713119044302106601e-08 3.689815361482230887e-08 3.724271400559291837e-08
3.662612691064182644e-08 3.691098878795392277e-08 3.703863859070718063e-08 3.677550533139330488e-08 3.682391997254541261e-08 3.643382849429276525e-08 3.682926115271964889e-08 3.657611071222064392e-08 3.639002557105640625e-08 3.676854239899620270e-08 3.639544548432826661e-08 3.674620767390829354e-08 3.694776059893205110e-08 3.620273559781996061e-08 3.671927315562449365e-08 3.688995953227607807e-08 3.660097961325464098e-08 3.642788874463729590e-08 3.651809513415439870e-08 3.666799074412027518e-08 3.640870815668579393e-08 3.670070158187472880e-08 3.688563888631504049e-08 3.675246198786312183e-08 3.664884819904732689e-08 3.637838288606368870e-08 3.623544102021542547e-08 3.665370929856149338e-08 3.662564388799229270e-08 3.688394260664088339e-08 3.655734716734005652e-08 3.671445190218015414e-08 3.630496551341074221e-08 3.700498490843790033e-08 3.674604730306669650e-08 3.702674124724100097e-08 3.681667518825058141e-08 3.670026382106178438e-08 3.701067386871417630e-08 3.685250428612368622e-08 3.642604422042595692e-08 3.675166984336190068e-08 3.652075351095662836e-08 3.686084104545923317e-08
3.698135448345908196e-08 3.727058806458070792e-08 3.740006517639131074e-08 3.713306667619652011e-08 3.718166883815529592e-08 3.678484672882318515e-08 3.718825339415223004e-08 3.693088125724785015e-08 3.674244501926545200e-08 3.712608383128700284e-08 3.674620767390829354e-08 3.710431407743831970e-08 3.730684466861320037e-08 3.655104700847799839e-08 3.707596481330153008e-08 3.724848884386104756e-08 3.695621967057323738e-08 3.677968485596864951e-08 3.687018550794470236e-08 3.702297512727678070e-08 3.676132194586307783e-08 3.705656375237681875e-08 3.724459560285725103e-08 3.710911151081636500e-08 3.700460759157103632e-08 3.672928105142546575e-08 3.658438726794205745e-08 3.700983936916803079e-08 3.698101401352218939e-08 3.724300729081394296e-08 3.691114480252599645e-08 3.706998816968823111e-08 3.665476399590522821e-08 3.736591281796647263e-08 3.710272705430191949e-08 3.738688095371671123e-08 3.717405573161383594e-08 3.705603221182234135e-08 3.737193048210518301e-08 3.721071044747015015e-08 3.677794162733738760e-08 3.710844333059637309e-08 3.687608580714834565e-08 3.722036424068432130e-08
3.718400346013080447e-08 3.747479306985164394e-08 3.760452525806161286e-08 3.733722626562998026e-08 3.738553218087906617e-08 3.698635652764877728e-08 3.739184371049577026e-08 3.713297469981521042e-08 3.694307793204446608e-08 3.732992582120061620e-08 3.694776059893205110e-08 3.730684466861320037e-08 3.751236641352540523e-08 3.675027931575851814e-08 3.727979084122026922e-08 3.745296910521449332e-08 3.715794521377264654e-08 3.698062455860385363e-08 3.707214568633751522e-08 3.722559753221431836e-08 3.696201380035425644e-08 3.726023556206912987e-08 3.744927589765054266e-08 3.731259179084509941e-08 3.720743869093095336e-08 3.693048437552548860e-08 3.678415139664521251e-08 3.721334301754897146e-08 3.718287722446447217e-08 3.744783651252012771e-08 3.711348550650159043e-08 3.727347707751290036e-08 3.685512632389828058e-08 3.757133129531249399e-08 3.730599343150927943e-08 3.759263235521018796e-08 3.737796715607123194e-08 3.725991907626660978e-08 3.757664374987791907e-08 3.741520219207580441e-08 3.697893028251276566e-08 3.731163866429022832e-08 3.707803189040341925e-08 3.742426992770305608e-08
3.643185332887246745e-08 3.671393462868685135e-08 3.684102693095951988e-08 3.657920574759832221e-08 3.662833038315884254e-08 3.624257652500877484e-08 3.663295540610076494e-08 3.638208011013188571e-08 3.619812877923131360e-08 3.657205907961644544e-08 3.620273559781996061e-08 3.655104700847799839e-08 3.675027931575851814e-08 3.601396960268872509e-08 3.652323766907173034e-08 3.669340806848115871e-08 3.640714741803597217e-08 3.623575829656843302e-08 3.632532244776147431e-08 3.647369462078285150e-08 3.621706196468258330e-08 3.650525631506683243e-08 3.668851320558200222e-08 3.655701742114217064e-08 3.645399550438720081e-08 3.618612012596611013e-08 3.604566633204479344e-08 3.645784322316105477e-08 3.643251634897571870e-08 3.668715172170408101e-08 3.636379275095741509e-08 3.651904682997893056e-08 3.611431238686160774e-08 3.680662266897165167e-08 3.655061334756573570e-08 3.682817065438414287e-08 3.662066991111726755e-08 3.650512472984118913e-08 3.681290473540833422e-08 3.665559453263225424e-08 3.623416916217568393e-08 3.655611069065729984e-08 3.632623822961840984e-08 3.666458134761659071e-08
3.695427963139635916e-08 3.724386137744486059e-08 3.737290097523064376e-08 3.710730265361378074e-08 3.715412772981122437e-08 3.675770906747862220e-08 3.716186718878840343e-08 3.690399573494078180e-08 3.671494911813552153e-08 3.709944011395885469e-08 3.671927315562449365e-08 3.707596481330153008e-08 3.727979084122026922e-08 3.652323766907173034e-08 3.705072550369971639e-08 3.722203833150200037e-08 3.692875259169360107e-08 3.675210639720688700e-08 3.684297101441222105e-08 3.699591951546441455e-08 3.673431371562775687e-08 3.702921056052971177e-08 3.721774125019946026e-08 3.708315642901564845e-08 3.697803848898200322e-08 3.670232365226802481e-08 3.655692507792977107e-08 3.698300565658242572e-08 3.695330795709500090e-08 3.721614509199490218e-08 3.688464356896780444e-08 3.704360956683341116e-08 3.662809856037705322e-08 3.733928997172605429e-08 3.707530622390369440e-08 3.736054326549316929e-08 3.714759893120838867e-08 3.702906967736811109e-08 3.734517813062143889e-08 3.718424607231782310e-08 3.675044748950140736e-08 3.708194599270575934e-08 3.684873136033592038e-08 3.719311378704883394e-08
3.712618418306695794e-08 3.741714022034179252e-08 3.754610487143076936e-08 3.727984029833785734e-08 3.732678892668343824e-08 3.692873396937263916e-08 3.733495113320526559e-08 3.707562453043318077e-08 3.688571917742182067e-08 3.727207388778571863e-08 3.688995953227607807e-08 3.724848884386104756e-08 3.745296910521449332e-08 3.669340806848115871e-08 3.722203833150200037e-08 3.739578261198665408e-08 3.710109363779548945e-08 3.692305769271925486e-08 3.701445623969028931e-08 3.716790113087759242e-08 3.690490923192585905e-08 3.720122804099128262e-08 3.739043708320044285e-08 3.725498469574193742e-08 3.714963855113643521e-08 3.687267156819558364e-08 3.672752726833105897e-08 3.715566536842258645e-08 3.712466280476112748e-08 3.738946984888043077e-08 3.705578105305483253e-08 3.721612966040134588e-08 3.679849951494100782e-08 3.751340225682706222e-08 3.724710426325410380e-08 3.753371642498367954e-08 3.732009672048866362e-08 3.720133868790682177e-08 3.751849084141002115e-08 3.735687201359943210e-08 3.692147748988469470e-08 3.725341526965778875e-08 3.701992616233352638e-08 3.736537928801922276e-08
3.683528356820094357e-08 3.712229168555390122e-08 3.725065924702728683e-08 3.698589900585934580e-08 3.703291726006458021e-08 3.663942745387450687e-08 3.704077527419178303e-08 3.678460874333171826e-08 3.659733797520987544e-08 3.697887089957280753e-08 3.660097961325464098e-08 3.695621967057323738e-08 3.715794521377264654e-08 3.640714741803597217e-08 3.692875259169360107e-08 3.710109363779548945e-08 3.681176477671306265e-08 3.663425326697415762e-08 3.672485629063757128e-08 3.687608687508016003e-08 3.661607029465722986e-08 3.690912741192111596e-08 3.709603837670885293e-08 3.696239324852725537e-08 3.685808828973548758e-08 3.658395259893947505e-08 3.644057606036667400e-08 3.686303875147464355e-08 3.683419469722435741e-08 3.709491351966904424e-08 3.676511261644426934e-08 3.692308237054157610e-08 3.651081484632230193e-08 3.721699894952310109e-08 3.695447018588712306e-08 3.723768024525599062e-08 3.702637343155179868e-08 3.690850398283083129e-08 3.722271686306480336e-08 3.706273892471550511e-08 3.663307351308545778e-08 3.696145847812360543e-08 3.672894213943240185e-08 3.707126565497595894e-08
3.665915542531681967e-08 3.694431090087780868e-08 3.707257860546116404e-08 3.680866603808735428e-08 3.685723693011393521e-08 3.646670829616438622e-08 3.686243002260210232e-08 3.660921499170055231e-08 3.642364083467641756e-08 3.680134703947828121e-08 3.642788874463729590e-08 3.677968485596864951e-08 3.698062455860385363e-08 3.623575829656843302e-08 3.675210639720688700e-08 3.692305769271925486e-08 3.663425326697415762e-08 3.646150387755439936e-08 3.655131690497926760e-08 3.670098774279433782e-08 3.644207305409549758e-08 3.673320269789436761e-08 3.691882318952691850e-08 3.678537778677815931e-08 3.668195662488071923e-08 3.641113406595287442e-08 3.626844015193955797e-08 3.668638632544364962e-08 3.665934474461042609e-08 3.691721307765714928e-08 3.659072676066650191e-08 3.674766703623428506e-08 3.633748545407256730e-08 3.703779951872961020e-08 3.677926026483847444e-08 3.705985052294611193e-08 3.684985559705635145e-08 3.673301329139468263e-08 3.704409130805018296e-08 3.688546976342496839e-08 3.645903078482670077e-08 3.678507181295135336e-08 3.655409992074035085e-08 3.689425173743481485e-08
3.675020845488981463e-08 3.703585729336022527e-08 3.716375468849733958e-08 3.690001780079687463e-08 3.694796857232634269e-08 3.655681324117414027e-08 3.695294331107507842e-08 3.669991152338039996e-08 3.651329466825867488e-08 3.689237252954814717e-08 3.651809513415439870e-08 3.687018550794470236e-08 3.707214568633751522e-08 3.632532244776147431e-08 3.684297101441222105e-08 3.701445623969028931e-08 3.672485629063757128e-08 3.655131690497926760e-08 3.664305170801165871e-08 3.679188871744089684e-08 3.653196050950386995e-08 3.682425435079023235e-08 3.700976018182945404e-08 3.687641318781823502e-08 3.677272446658174542e-08 3.650113055792429581e-08 3.635819337662394785e-08 3.677759064373768976e-08 3.675018414378926971e-08 3.700872084598236912e-08 3.668102984750466058e-08 3.683880173235501863e-08 3.642726569717003600e-08 3.712990032678312416e-08 3.686935650834050210e-08 3.715050752254375520e-08 3.694056420986313926e-08 3.682414375308859122e-08 3.713533140648707239e-08 3.697711268179752868e-08 3.654956686882743620e-08 3.687596026795498771e-08 3.664464251937533118e-08 3.698481641724590614e-08
3.690153635083376044e-08 3.718947046938055548e-08 3.731825287758120834e-08 3.705278202782166170e-08 3.710112768028149502e-08 3.670661007242130424e-08 3.710724098779447037e-08 3.685149896866437394e-08 3.666319001098496829e-08 3.704530181127937406e-08 3.666799074412027518e-08 3.702297512727678070e-08 3.722559753221431836e-08 3.647369462078285150e-08 3.699591951546441455e-08 3.716790113087759242e-08 3.687608687508016003e-08 3.670098774279433782e-08 3.679188871744089684e-08 3.694389296381772913e-08 3.668229370894912130e-08 3.697661304947965450e-08 3.716343111805210192e-08 3.702924507339488434e-08 3.692463535167029951e-08 3.665069793861018016e-08 3.650681084129151599e-08 3.692955275895859700e-08 3.690114217535120527e-08 3.716212724695370279e-08 3.683195146241544542e-08 3.699074030811319103e-08 3.657693327940966549e-08 3.728464517973576119e-08 3.702230834894266509e-08 3.730557478116958420e-08 3.709385691274055694e-08 3.697615287917355471e-08 3.729024191865339372e-08 3.713008703654535585e-08 3.669941741550413141e-08 3.702817741299880524e-08 3.679597207109670147e-08 3.713899070346175210e-08
3.664062330666501543e-08 3.692618692549549742e-08 3.705394380636169464e-08 3.679087712746510343e-08 3.683873776863968608e-08 3.644833603256395445e-08 3.684490149620596415e-08 3.659081965547883357e-08 3.640499800057365317e-08 3.678297022671357916e-08 3.640870815668579393e-08 3.676132194586307783e-08 3.696201380035425644e-08 3.621706196468258330e-08 3.673431371562775687e-08 3.690490923192585905e-08 3.661607029465722986e-08 3.644207305409549758e-08 3.653196050950386995e-08 3.668229370894912130e-08 3.642421610746999036e-08 3.671451991336996412e-08 3.690039120662550347e-08 3.676750604818463729e-08 3.666376905528231247e-08 3.639213456209740555e-08 3.624971159424023326e-08 3.666801492700803030e-08 3.664106537591883479e-08 3.689910902003587953e-08 3.657226787747967287e-08 3.672878606962067085e-08 3.631953919721674469e-08 3.701973920393225736e-08 3.676031861941100929e-08 3.704118207323489782e-08 3.683133473329029391e-08 3.671445752739776275e-08 3.702612012666210609e-08 3.686719821025249556e-08 3.644045265145252280e-08 3.676667003039052468e-08 3.653555818702993225e-08 3.687631782292324357e-08
3.693525565287515983e-08 3.722289993110182696e-08 3.735173631283303507e-08 3.708646932131435764e-08 3.713441043235811970e-08 3.673879503245797146e-08 3.714048132183004739e-08 3.688460512278459130e-08 3.669546499611952173e-08 3.707919339644868480e-08 3.670070158187472880e-08 3.705656375237681875e-08 3.726023556206912987e-08 3.650525631506683243e-08 3.702921056052971177e-08 3.720122804099128262e-08 3.690912741192111596e-08 3.673320269789436761e-08 3.682425435079023235e-08 3.697661304947965450e-08 3.671451991336996412e-08 3.701172217921575860e-08 3.719740038304004532e-08 3.706218833423373330e-08 3.695787688470733094e-08 3.668305034903285744e-08 3.653867628722020664e-08 3.696322055194065324e-08 3.693396898972456897e-08 3.719624858137649257e-08 3.686487480401817808e-08 3.702317945253620046e-08 3.660924960825177573e-08 3.731896261206644376e-08 3.705600546526272010e-08 3.733984454696517170e-08 3.712739329113662755e-08 3.701025036411364159e-08 3.732371593172625200e-08 3.716372562438619072e-08 3.673269585189866266e-08 3.706144943559106493e-08 3.682931123668473725e-08 3.717339434238297736e-08
3.712179432270551101e-08 3.741240409951325636e-08 3.754240561246734877e-08 3.727511863069234077e-08 3.732318650154870477e-08 3.692422527468482654e-08 3.732985598142623292e-08 3.707096852606453367e-08 3.688174968904200782e-08 3.726753154808966806e-08 3.688563888631504049e-08 3.724459560285725103e-08 3.744927589765054266e-08 3.668851320558200222e-08 3.721774125019946026e-08 3.739043708320044285e-08 3.709603837670885293e-08 3.691882318952691850e-08 3.700976018182945404e-08 3.716343111805210192e-08 3.690039120662550347e-08 3.719740038304004532e-08 3.738704139786278285e-08 3.725066251550074309e-08 3.714541102262919465e-08 3.686866970205783980e-08 3.672239692296657574e-08 3.715086906419277659e-08 3.712085333587128934e-08 3.738532757141036043e-08 3.705164640956861320e-08 3.721129811410813334e-08 3.679329094529134707e-08 3.750842400421008157e-08 3.724405568077790288e-08 3.753020294012087299e-08 3.731573594823679418e-08 3.719721725608871710e-08 3.751437363158303388e-08 3.735270393650142268e-08 3.691672331256226468e-08 3.724985820526257980e-08 3.701630203957608819e-08 3.736217053735748525e-08
3.698787524625483473e-08 3.727626066082987237e-08 3.740586427443952251e-08 3.714024630557960237e-08 3.718730921438307608e-08 3.679131906421090832e-08 3.719465591541234453e-08 3.693726047660328948e-08 3.674816753269300150e-08 3.713233077385108456e-08 3.675246198786312183e-08 3.710911151081636500e-08 3.731259179084509941e-08 3.655701742114217064e-08 3.708315642901564845e-08 3.725498469574193742e-08 3.696239324852725537e-08 3.678537778677815931e-08 3.687641318781823502e-08 3.702924507339488434e-08 3.676750604818463729e-08 3.706218833423373330e-08 3.725066251550074309e-08 3.711699674784281443e-08 3.701139895261923131e-08 3.673591180108090722e-08 3.659094642243721060e-08 3.701578643840177073e-08 3.698668253517086464e-08 3.724895691602811268e-08 3.691804268721970764e-08 3.707644216226308668e-08 3.666168303151708601e-08 3.737197867187694797e-08 3.710847753881604796e-08 3.739277771246751733e-08 3.718071774404550635e-08 3.706204162978403883e-08 3.737765364551221946e-08 3.721703250970282241e-08 3.678411753664113960e-08 3.711557332234010778e-08 3.688181786865854233e-08 3.722586993847566613e-08
3.688324074080590728e-08 3.717122714665158403e-08 3.730008258608701368e-08 3.703506164175452905e-08 3.708246892880553883e-08 3.668751556379159984e-08 3.708940705067589292e-08 3.683299475562005416e-08 3.664461137820537254e-08 3.702730887376841416e-08 3.664884819904732689e-08 3.700460759157103632e-08 3.720743869093095336e-08 3.645399550438720081e-08 3.697803848898200322e-08 3.714963855113643521e-08 3.685808828973548758e-08 3.668195662488071923e-08 3.677272446658174542e-08 3.692463535167029951e-08 3.666376905528231247e-08 3.695787688470733094e-08 3.714541102262919465e-08 3.701139895261923131e-08 3.690687218380540817e-08 3.663211095998454796e-08 3.648781202730439344e-08 3.691146603295404356e-08 3.688241050954966697e-08 3.714394465856021555e-08 3.681367321828712007e-08 3.697186030410697351e-08 3.655791750393685763e-08 3.726624386035476945e-08 3.700359977527578308e-08 3.728727782495722445e-08 3.707557898852136889e-08 3.695753369226307306e-08 3.727208676623481070e-08 3.711205194069089043e-08 3.668054489033802575e-08 3.701044980850674493e-08 3.677777208454873135e-08 3.712063963948672015e-08
3.660928423980762532e-08 3.689355571266965910e-08 3.702175318732533612e-08 3.675861584161620282e-08 3.680692863191252914e-08 3.641733842782974704e-08 3.681209178221793145e-08 3.655906759595045298e-08 3.637358356360111319e-08 3.675144091485490575e-08 3.637838288606368870e-08 3.672928105142546575e-08 3.693048437552548860e-08 3.618612012596611013e-08 3.670232365226802481e-08 3.687267156819558364e-08 3.658395259893947505e-08 3.641113406595287442e-08 3.650113055792429581e-08 3.665069793861018016e-08 3.639213456209740555e-08 3.668305034903285744e-08 3.686866970205783980e-08 3.673591180108090722e-08 3.663211095998454796e-08 3.636219571750403128e-08 3.621897983020592128e-08 3.663639903657867059e-08 3.660896675544391279e-08 3.686657264283296185e-08 3.654084589062138481e-08 3.669712615786520449e-08 3.628829467000823100e-08 3.698718282596282803e-08 3.672927549054624973e-08 3.700921245110244957e-08 3.679967906402819876e-08 3.668309047374584559e-08 3.699334685988840954e-08 3.683532180644711051e-08 3.640903289204919046e-08 3.673532388279929540e-08 3.650401573178765151e-08 3.684382206641626210e-08
3.646530744991635767e-08 3.674782182795481234e-08 3.687479031371038826e-08 3.661360939052067303e-08 3.666189954086293440e-08 3.627522967276764028e-08 3.666713502798183935e-08 3.641561930573639106e-08 3.623077524619570435e-08 3.660601961125259777e-08 3.623544102021542547e-08 3.658438726794205745e-08 3.678415139664521251e-08 3.604566633204479344e-08 3.655692507792977107e-08 3.672752726833105897e-08 3.644057606036667400e-08 3.626844015193955797e-08 3.635819337662394785e-08 3.650681084129151599e-08 3.624971159424023326e-08 3.653867628722020664e-08 3.672239692296657574e-08 3.659094642243721060e-08 3.648781202730439344e-08 3.621897983020592128e-08 3.607842284668338343e-08 3.649190074474645426e-08 3.646517400434726276e-08 3.672135095932339118e-08 3.639721293319532871e-08 3.655268279063620424e-08 3.614691250644797172e-08 3.684096931820098834e-08 3.658389920012345458e-08 3.686216457046150506e-08 3.665461855244499667e-08 3.653863382922792357e-08 3.684672957594691673e-08 3.668962970389484516e-08 3.626712264499555397e-08 3.658995159682290171e-08 3.635978022708825469e-08 3.669803604780892217e-08
3.688826025607440107e-08 3.717692095423375829e-08 3.730494759509129058e-08 3.704097034474479610e-08 3.708774704470343076e-08 3.669206602653642700e-08 3.709485459534298534e-08 3.683793907173666866e-08 3.664896817512032551e-08 3.703312978293607443e-08 3.665370929856149338e-08 3.700983936916803079e-08 3.721334301754897146e-08 3.645784322316105477e-08 3.698300565658242572e-08 3.715566536842258645e-08 3.686303875147464355e-08 3.668638632544364962e-08 3.677759064373768976e-08 3.692955275895859700e-08 3.666801492700803030e-08 3.696322055194065324e-08 3.715086906419277659e-08 3.701578643840177073e-08 3.691146603295404356e-08 3.663639903657867059e-08 3.649190074474645426e-08 3.691807304145539408e-08 3.688682299263550961e-08 3.715018224920195384e-08 3.681823635807985814e-08 3.697752029514584568e-08 3.656234904084191255e-08 3.727298123873312222e-08 3.700831920594050553e-08 3.729304637677355262e-08 3.708039721757626392e-08 3.696332469652358566e-08 3.727745386104040954e-08 3.711756770113127677e-08 3.668494026377805853e-08 3.701454746808934787e-08 3.678304263955658048e-08 3.712570675996777722e-08
3.685957794401388662e-08 3.714649255291509490e-08 3.727570610952552376e-08 3.701031443277860623e-08 3.705866002743873102e-08 3.666501647564315539e-08 3.706401857165378057e-08 3.680912168809533872e-08 3.662205460567890874e-08 3.700247847857388940e-08 3.662564388799229270e-08 3.698101401352218939e-08 3.718287722446447217e-08 3.643251634897571870e-08 3.695330795709500090e-08 3.712466280476112748e-08 3.683419469722435741e-08 3.665934474461042609e-08 3.675018414378926971e-08 3.690114217535120527e-08 3.664106537591883479e-08 3.693396898972456897e-08 3.712085333587128934e-08 3.698668253517086464e-08 3.688241050954966697e-08 3.660896675544391279e-08 3.646517400434726276e-08 3.688682299263550961e-08 3.686020152902812704e-08 3.711954228465797897e-08 3.679026001763233154e-08 3.694774022723199770e-08 3.653519198611527471e-08 3.724098406643210314e-08 3.697996612676388702e-08 3.726214496799027715e-08 3.705084123666739558e-08 3.693374102889884365e-08 3.724719530454829594e-08 3.708728715464913344e-08 3.665772857512273426e-08 3.698627375712177182e-08 3.675425267971846336e-08 3.709686793889583946e-08
3.712059192827162972e-08 3.741105819651804473e-08 3.754029037134321830e-08 3.727444280661478037e-08 3.732184719239347130e-08 3.692310917160488230e-08 3.732862959305376470e-08 3.706997577601394200e-08 3.688009046299213206e-08 3.726610306264497593e-08 3.688394260664088339e-08 3.724300729081394296e-08 3.744783651252012771e-08 3.668715172170408101e-08 3.721614509199490218e-08 3.738946984888043077e-08 3.709491351966904424e-08 3.691721307765714928e-08 3.700872084598236912e-08 3.716212724695370279e-08 3.689910902003587953e-08 3.719624858137649257e-08 3.738532757141036043e-08 3.724895691602811268e-08 3.714394465856021555e-08 3.686657264283296185e-08 3.672135095932339118e-08 3.715018224920195384e-08 3.711954228465797897e-08 3.738512164681591397e-08 3.705027513977390532e-08 3.721016456130567864e-08 3.679221529043857329e-08 3.750777494222221359e-08 3.724192574619985837e-08 3.752845711751165385e-08 3.731408228925720412e-08 3.719632144725454958e-08 3.751269771949964910e-08 3.735146131099740385e-08 3.691585835466753684e-08 3.724787655924465980e-08 3.701496466703364767e-08 3.736067555807501437e-08
3.679057080437884653e-08 3.707679893835554328e-08 3.720543041379942354e-08 3.694205275093902234e-08 3.698923751016141337e-08 3.659671759371044558e-08 3.699518512018623692e-08 3.674033203072038620e-08 3.655327537002014391e-08 3.693359607990446461e-08 3.655734716734005652e-08 3.691114480252599645e-08 3.711348550650159043e-08 3.636379275095741509e-08 3.688464356896780444e-08 3.705578105305483253e-08 3.676511261644426934e-08 3.659072676066650191e-08 3.668102984750466058e-08 3.683195146241544542e-08 3.657226787747967287e-08 3.686487480401817808e-08 3.705164640956861320e-08 3.691804268721970764e-08 3.681367321828712007e-08 3.654084589062138481e-08 3.639721293319532871e-08 3.681823635807985814e-08 3.679026001763233154e-08 3.705027513977390532e-08 3.672216093532444651e-08 3.687908134508021511e-08 3.646733765370863864e-08 3.717141646019487568e-08 3.691086708186437056e-08 3.719304323080670886e-08 3.698217494155867006e-08 3.686485056817997806e-08 3.717707295571510855e-08 3.701801907674997012e-08 3.658902147705101493e-08 3.691737434987278129e-08 3.668538611619608350e-08 3.702714654009789783e-08
3.694813363852901144e-08 3.723770940929998733e-08 3.736605467490686180e-08 3.710082722764908802e-08 3.714858688583277805e-08 3.675299894195716122e-08 3.715504643976162484e-08 3.689834820548400141e-08 3.670987796957395117e-08 3.709291698276153290e-08 3.671445190218015414e-08 3.706998816968823111e-08 3.727347707751290036e-08 3.651904682997893056e-08 3.704360956683341116e-08 3.721612966040134588e-08 3.692308237054157610e-08 3.674766703623428506e-08 3.683880173235501863e-08 3.699074030811319103e-08 3.672878606962067085e-08 3.702317945253620046e-08 3.721129811410813334e-08 3.707644216226308668e-08 3.697186030410697351e-08 3.669712615786520449e-08 3.655268279063620424e-08 3.697752029514584568e-08 3.694774022723199770e-08 3.721016456130567864e-08 3.687908134508021511e-08 3.703907409378710313e-08 3.662269441218383934e-08 3.733287006140088144e-08 3.706914888783122235e-08 3.735391085480534402e-08 3.714143936070268657e-08 3.702332894033951465e-08 3.733840364518703342e-08 3.717809081855053732e-08 3.674535432168012717e-08 3.707540583315688612e-08 3.684327316003890014e-08 3.718594423499183599e-08
3.653559234476396854e-08 3.681873112608807776e-08 3.694562803152084151e-08 3.668491960304959798e-08 3.673214383984135651e-08 3.634476898033022871e-08 3.673832200894411658e-08 3.648567460366122591e-08 3.629992656882801681e-08 3.667704479624148240e-08 3.630496551341074221e-08 3.665476399590522821e-08 3.685512632389828058e-08 3.611431238686160774e-08 3.662809856037705322e-08 3.679849951494100782e-08 3.651081484632230193e-08 3.633748545407256730e-08 3.642726569717003600e-08 3.657693327940966549e-08 3.631953919721674469e-08 3.660924960825177573e-08 3.679329094529134707e-08 3.666168303151708601e-08 3.655791750393685763e-08 3.628829467000823100e-08 3.614691250644797172e-08 3.656234904084191255e-08 3.653519198611527471e-08 3.679221529043857329e-08 3.646733765370863864e-08 3.662269441218383934e-08 3.621722558806575420e-08 3.691253161707242283e-08 3.665438488065130295e-08 3.693376578441688986e-08 3.672515115900661118e-08 3.660910251100923301e-08 3.691781162083859830e-08 3.676032974535913098e-08 3.633671101450949597e-08 3.666045441398232819e-08 3.642952539090495748e-08 3.676935160121182900e-08
3.724300008424613322e-08 3.753524662822832667e-08 3.766486218379772137e-08 3.739745384917598307e-08 3.744415901719726564e-08 3.704295740409107572e-08 3.745243058812294876e-08 3.719223570049983924e-08 3.700024995291430607e-08 3.738975125066759787e-08 3.700498490843790033e-08 3.736591281796647263e-08 3.757133129531249399e-08 3.680662266897165167e-08 3.733928997172605429e-08 3.751340225682706222e-08 3.721699894952310109e-08 3.703779951872961020e-08 3.712990032678312416e-08 3.728464517973576119e-08 3.701973920393225736e-08 3.731896261206644376e-08 3.750842400421008157e-08 3.737197867187694797e-08 3.726624386035476945e-08 3.698718282596282803e-08 3.684096931820098834e-08 3.727298123873312222e-08 3.724098406643210314e-08 3.750777494222221359e-08 3.717141646019487568e-08 3.733287006140088144e-08 3.691253161707242283e-08 3.763310864433088056e-08 3.736416467798299401e-08 3.765224232549118001e-08 3.743733950585332889e-08 3.731864950267581410e-08 3.763718993420057067e-08 3.747475334020848080e-08 3.703683138240381554e-08 3.737030408345062638e-08 3.713685012676839558e-08 3.748372275593836946e-08
3.698057095366256397e-08 3.726892998733803395e-08 3.739907675485229778e-08 3.713216153939605967e-08 3.718102065776131129e-08 3.678466167453170570e-08 3.718677981693927592e-08 3.692988563538954318e-08 3.674194047192749670e-08 3.712497568657881963e-08 3.674604730306669650e-08 3.710272705430191949e-08 3.730599343150927943e-08 3.655061334756573570e-08 3.707530622390369440e-08 3.724710426325410380e-08 3.695447018588712306e-08 3.677926026483847444e-08 3.686935650834050210e-08 3.702230834894266509e-08 3.676031861941100929e-08 3.705600546526272010e-08 3.724405568077790288e-08 3.710847753881604796e-08 3.700359977527578308e-08 3.672927549054624973e-08 3.658389920012345458e-08 3.700831920594050553e-08 3.697996612676388702e-08 3.724192574619985837e-08 3.691086708186437056e-08 3.706914888783122235e-08 3.665438488065130295e-08 3.736416467798299401e-08 3.710304926712010230e-08 3.738671352478815007e-08 3.717361629921094347e-08 3.705544260094930101e-08 3.737051330706886346e-08 3.720957023795952244e-08 3.677710151463149820e-08 3.710806364557529354e-08 3.687509191218471337e-08 3.721985773826720261e-08
3.726327078063009806e-08 3.755590543025019539e-08 3.768617492687300891e-08 3.741765592009880717e-08 3.746591337650448558e-08 3.706495168003912020e-08 3.747323425626551281e-08 3.721267931272933267e-08 3.702244367833474652e-08 3.741028934402882228e-08 3.702674124724100097e-08 3.738688095371671123e-08 3.759263235521018796e-08 3.682817065438414287e-08 3.736054326549316929e-08 3.753371642498367954e-08 3.723768024525599062e-08 3.705985052294611193e-08 3.715050752254375520e-08 3.730557478116958420e-08 3.704118207323489782e-08 3.733984454696517170e-08 3.753020294012087299e-08 3.739277771246751733e-08 3.728727782495722445e-08 3.700921245110244957e-08 3.686216457046150506e-08 3.729304637677355262e-08 3.726214496799027715e-08 3.752845711751165385e-08 3.719304323080670886e-08 3.735391085480534402e-08 3.693376578441688986e-08 3.765224232549118001e-08 3.738671352478815007e-08 3.767498817130128405e-08 3.745878213962853220e-08 3.733941722778828732e-08 3.765843074732588352e-08 3.749569360896544867e-08 3.705743936179165732e-08 3.739197225566000667e-08 3.715747920228874955e-08 3.750527408123009435e-08
