4.367050170595854201e-08 4.408263605918089651e-08 4.430994525040057145e-08 4.408990461627057558e-08 4.386767404371080580e-08 4.342616989137120335e-08 4.406506464945572122e-08 4.375388207316060935e-08 4.323027789496287197e-08 4.399143657132362366e-08 4.334118112489194973e-08 4.389386742867452357e-08 4.417418067053989505e-08 4.310473252096739761e-08 4.397698982513093555e-08 4.398403324605005392e-08 4.365895035639016274e-08 4.350250311528772173e-08 4.371821295425482087e-08 4.379999770624890224e-08 4.342755104511075393e-08 4.379186339707998506e-08 4.409927001134551339e-08 4.392136391870496426e-08 4.362284635630430021e-08 4.340172707727444797e-08 4.330900241084625192e-08 4.387309082336891871e-08 4.361379193764190676e-08 4.408719088271102452e-08 4.368677960575278499e-08 4.382887596858036013e-08 4.329694563189023763e-08 4.433031948131436866e-08 4.394051910423022821e-08 4.419697909899014508e-08 4.401913218062371544e-08 4.385816023103357608e-08 4.422115533133106143e-08 4.400923190161853439e-08 4.348928446892204970e-08 4.389860341992484620e-08 4.366311537426513962e-08 4.404549885789631182e-08
4.408263605918089651e-08 4.450014900933745889e-08 4.472882123602476681e-08 4.450667915394073697e-08 4.428220442204877522e-08 4.383683115707564903e-08 4.448206465877476086e-08 4.416771410432152771e-08 4.363876690544260161e-08 4.440723593295761121e-08 4.375135877759034151e-08 4.430862021966542955e-08 4.459137317005905150e-08 4.351229319762319274e-08 4.439269727312332396e-08 4.440032216284059248e-08 4.407137461931732917e-08 4.391451709172679403e-08 4.413193334461585375e-08 4.421458628529089701e-08 4.383830093788512037e-08 4.420575014953074161e-08 4.451635590568656794e-08 4.433629253825927024e-08 4.403461049600436707e-08 4.381208750239781322e-08 4.371952936446339041e-08 4.428794528958113412e-08 4.402647987943262299e-08 4.450446244699184059e-08 4.409960981587944166e-08 4.424365178700260418e-08 4.370681916730922413e-08 4.474933480718152921e-08 4.435615720065182569e-08 4.461512780345138515e-08 4.443503564990573728e-08 4.427297040318256015e-08 4.463929650128852615e-08 4.442491529816467504e-08 4.390074880430898547e-08 4.431406368429768114e-08 4.407648690687862398e-08 4.446208984158474856e-08
4.430994525040057145e-08 4.472882123602476681e-08 4.495978923594411366e-08 4.473597064170616682e-08 4.451070102772257572e-08 4.406236441799233450e-08 4.471084436533310455e-08 4.439550388072425814e-08 4.386331469864673234e-08 4.463589830409147599e-08 4.397628002943247529e-08 4.453711662702778686e-08 4.482096046942259081e-08 4.373657197729632645e-08 4.462134455805857499e-08 4.462848465783948594e-08 4.429886800442226912e-08 4.414022707038555247e-08 4.435910607903336312e-08 4.444208229909581874e-08 4.406395684813484703e-08 4.443337741773051330e-08 4.474542583902126740e-08 4.456490758249933914e-08 4.426180043502685596e-08 4.403736869488909842e-08 4.394391498007869398e-08 4.451601312986110986e-08 4.425346522685140964e-08 4.473360523096345015e-08 4.432713367716266999e-08 4.447121772704834932e-08 4.393199221354801413e-08 4.498004406724962885e-08 4.458465289547531087e-08 4.484478046551745421e-08 4.466399706691449556e-08 4.450105326417422007e-08 4.486916293642752237e-08 4.465440821790160305e-08 4.412687920096385389e-08 4.454217087068553896e-08 4.430331522180590133e-08 4.469104305636520870e-08
4.408990461627057558e-08 4.450667915394073697e-08 4.473597064170616682e-08 4.451593801149448836e-08 4.429078454422240084e-08 4.384490805255236289e-08 4.448863532594396413e-08 4.417462799958284690e-08 4.364584387464009237e-08 4.441468362654405651e-08 4.375852270812130558e-08 4.431664763821971399e-08 4.459913536922971635e-08 4.352040709450927866e-08 4.440096167312345041e-08 4.440722305448799183e-08 4.407934964759234554e-08 4.392092753520188368e-08 4.413924259188158323e-08 4.422199401345042190e-08 4.384617267306215012e-08 4.421300512530512275e-08 4.452426243603483939e-08 4.434436055230235286e-08 4.404228164404209551e-08 4.382028648152161724e-08 4.372718771293987783e-08 4.429578906217264579e-08 4.403355800075450170e-08 4.451200806815799276e-08 4.410806084813691531e-08 4.425121440290806182e-08 4.371409116413618115e-08 4.475646849966085529e-08 4.436382574744983786e-08 4.462321221662901047e-08 4.444182993479790570e-08 4.428013525691839080e-08 4.464619419644513565e-08 4.443329969296000757e-08 4.390932355166261256e-08 4.432141072632562569e-08 4.408335686039874937e-08 4.447019772897020001e-08
4.386767404371080580e-08 4.428220442204877522e-08 4.451070102772257572e-08 4.429078454422240084e-08 4.406750956497611121e-08 4.362331525491186961e-08 4.426431631948258340e-08 4.395201956534803604e-08 4.342586669688625733e-08 4.419037057244696749e-08 4.353760686271450095e-08 4.409317705195991598e-08 4.437418904044057712e-08 4.330080840065198729e-08 4.417657828373496434e-08 4.418293757344568182e-08 4.385695914957465342e-08 4.369946990635306704e-08 4.391648646190616115e-08 4.399851898828191921e-08 4.362486423343086339e-08 4.398973547400156005e-08 4.429922224429113429e-08 4.412022723896553420e-08 4.382040188601027021e-08 4.359887764704041763e-08 4.350625744997782109e-08 4.407218863050034923e-08 4.381163364814392120e-08 4.428761573512656635e-08 4.388513123473797362e-08 4.402778740113433988e-08 4.349368917360471868e-08 4.453085995137932801e-08 4.413979051216712991e-08 4.439802610885855673e-08 4.421778800093183340e-08 4.405667792932188869e-08 4.442121460690071466e-08 4.420924859151481322e-08 4.368739491223498844e-08 4.409786747127364984e-08 4.386120880085249750e-08 4.424570615568569815e-08
4.342616989137120335e-08 4.383683115707564903e-08 4.406236441799233450e-08 4.384490805255236289e-08 4.362331525491186961e-08 4.318525911381533314e-08 4.381883196553560866e-08 4.350948951339147003e-08 4.298856718603587077e-08 4.374613811991046179e-08 4.309993655390355226e-08 4.364938378212520521e-08 4.392741580919613453e-08 4.286491570397360521e-08 4.373231316126544606e-08 4.373876718615438357e-08 4.341531788912149207e-08 4.326006243784950673e-08 4.347497434387676387e-08 4.355642697771195276e-08 4.318573957292026743e-08 4.354729486478601058e-08 4.385380614938471698e-08 4.367714990621806994e-08 4.337855363715317207e-08 4.316020932319314471e-08 4.306896181294605599e-08 4.362878794840381358e-08 4.337102104342973680e-08 4.384118690488507424e-08 4.344404772322220773e-08 4.358506077029374295e-08 4.305605978358586575e-08 4.408281370568024289e-08 4.369587571015115194e-08 4.395143457205630749e-08 4.377315627687985137e-08 4.361355490987291152e-08 4.397420560911335975e-08 4.376423042062252719e-08 4.324788497276354733e-08 4.365412708858026292e-08 4.341933559918628688e-08 4.380035308180581189e-08
4.406506464945572122e-08 4.448206465877476086e-08 4.471084436533310455e-08 4.448863532594396413e-08 4.426431631948258340e-08 4.381883196553560866e-08 4.446459495800117633e-08 4.415016601520435548e-08 4.362119792141074879e-08 4.438950397688772979e-08 4.373373153045132927e-08 4.429038760730116528e-08 4.457364409923587041e-08 4.349431751254167194e-08 4.437480789415602385e-08 4.438214919639954870e-08 4.405378947695664338e-08 4.389636615680636125e-08 4.411399194639307603e-08 4.419666426002092418e-08 4.382053052450117246e-08 4.418818194773585376e-08 4.449829619150145137e-08 4.431843074494567602e-08 4.401718269899876075e-08 4.379415535477903003e-08 4.370141550383334071e-08 4.426998291280398317e-08 4.400844529839698757e-08 4.448650567106522500e-08 4.408174255960460627e-08 4.422560508903369599e-08 4.368876999394227294e-08 4.473147975377424503e-08 4.433833688901177864e-08 4.459694747915307033e-08 4.441709368398205611e-08 4.425494667169700563e-08 4.462167236022023146e-08 4.440697106966887273e-08 4.388292930560230460e-08 4.429594240078274768e-08 4.405846168169975370e-08 4.444410325607126891e-08
4.375388207316060935e-08 4.416771410432152771e-08 4.439550388072425814e-08 4.417462799958284690e-08 4.395201956534803604e-08 4.350948951339147003e-08 4.415016601520435548e-08 4.383932154329738736e-08 4.331285036803659375e-08 4.407627405773572287e-08 4.342470052079662314e-08 4.397797920408774638e-08 4.425839123847168452e-08 4.318771178447514351e-08 4.406164915889273843e-08 4.406843789986222503e-08 4.374329438073942159e-08 4.358631808468011327e-08 4.380238676873964851e-08 4.388488248850006809e-08 4.351118930590591814e-08 4.387592226464822827e-08 4.418401521246069375e-08 4.400559792356563415e-08 4.370625225838091745e-08 4.348478541124920935e-08 4.339242926811459141e-08 4.395738189050899793e-08 4.369781739450313002e-08 4.417261129606255218e-08 4.377087106996030634e-08 4.391335575420623091e-08 4.338073822661461138e-08 4.441573372521370415e-08 4.402544586168934865e-08 4.428189065296079518e-08 4.410345786554065489e-08 4.394287659614590300e-08 4.430661089927803445e-08 4.409380030653896052e-08 4.357344145695552197e-08 4.398317747379089430e-08 4.374728903438797997e-08 4.413060704830548533e-08
4.323027789496287197e-08 4.363876690544260161e-08 4.386331469864673234e-08 4.364584387464009237e-08 4.342586669688625733e-08 4.298856718603587077e-08 4.362119792141074879e-08 4.331285036803659375e-08 4.279579559607792236e-08 4.354761887378477351e-08 4.290460075299053618e-08 4.345115724448928085e-08 4.372875637656853663e-08 4.267078403894286521e-08 4.353311937490574082e-08 4.354059967222181823e-08 4.321817292263258218e-08 4.306471495852471473e-08 4.327786086804541983e-08 4.335830227263712238e-08 4.299043812468837552e-08 4.334992734839511433e-08 4.365447705756561461e-08 4.347785883563019801e-08 4.318377998855844516e-08 4.296470959864728970e-08 4.287326332356514717e-08 4.343117306908951867e-08 4.317367580202427563e-08 4.364308357697864633e-08 4.324556361598697474e-08 4.338728738418982461e-08 4.286128143909679372e-08 4.388288504664422804e-08 4.349697826992025236e-08 4.375143113942057183e-08 4.357504020406947153e-08 4.341603669315001138e-08 4.377509414463956784e-08 4.356494803666177299e-08 4.305077154273928185e-08 4.345576593987407464e-08 4.322389119385633324e-08 4.360136717779003418e-08
4.399143657132362366e-08 4.440723593295761121e-08 4.463589830409147599e-08 4.441468362654405651e-08 4.419037057244696749e-08 4.374613811991046179e-08 4.438950397688772979e-08 4.407627405773572287e-08 4.354761887378477351e-08 4.431633191944380955e-08 4.366052716052400749e-08 4.421713128158406309e-08 4.449926589271072300e-08 4.342201659632511313e-08 4.430171105963386484e-08 4.430841532547136315e-08 4.398115797484259137e-08 4.382286072747163594e-08 4.404011588136874751e-08 4.412306869187320641e-08 4.374744614396646886e-08 4.411477071096416619e-08 4.442473139295688746e-08 4.424546450856162471e-08 4.394312090247228301e-08 4.372101507830079737e-08 4.362844087658038792e-08 4.419595427800137429e-08 4.393540296728441990e-08 4.441216853329970075e-08 4.400894099876239711e-08 4.415203798971567281e-08 4.361583510792509533e-08 4.465692648240901713e-08 4.426461515895658451e-08 4.452296848063352399e-08 4.434337558447103003e-08 4.418148191999857704e-08 4.454731337928127544e-08 4.433318632227396434e-08 4.381070698331844406e-08 4.422232000916045615e-08 4.398438256385164295e-08 4.437038615423170657e-08
4.334118112489194973e-08 4.375135877759034151e-08 4.397628002943247529e-08 4.375852270812130558e-08 4.353760686271450095e-08 4.309993655390355226e-08 4.373373153045132927e-08 4.342470052079662314e-08 4.290460075299053618e-08 4.366052716052400749e-08 4.301573977846310135e-08 4.356338012853469517e-08 4.384148747098407594e-08 4.278062106104496903e-08 4.364650177716294322e-08 4.365335090591411131e-08 4.333038395371025314e-08 4.317557701506444436e-08 4.338975703971606337e-08 4.347102894194935658e-08 4.310104774986615336e-08 4.346235942974730850e-08 4.376798772721966477e-08 4.359113957777431326e-08 4.329387149712597832e-08 4.307536492900716516e-08 4.298445322437209110e-08 4.354319122606286922e-08 4.328612282295114590e-08 4.375570388500570508e-08 4.335840494955339468e-08 4.349963211515760423e-08 4.297164169335208427e-08 4.399659016197195810e-08 4.361032924922317945e-08 4.386506418625340965e-08 4.368768484470560416e-08 4.352823765232941825e-08 4.388845406846235261e-08 4.367797446559470214e-08 4.316284161167663033e-08 4.356882339334895621e-08 4.333482933320507866e-08 4.371444656813654981e-08
4.389386742867452357e-08 4.430862021966542955e-08 4.453711662702778686e-08 4.431664763821971399e-08 4.409317705195991598e-08 4.364938378212520521e-08 4.429038760730116528e-08 4.397797920408774638e-08 4.345115724448928085e-08 4.421713128158406309e-08 4.356338012853469517e-08 4.411999905185573789e-08 4.440062382150526411e-08 4.332641008754094640e-08 4.420319966334774084e-08 4.420990808004828019e-08 4.388328825624559414e-08 4.372579863758569331e-08 4.394256471166308486e-08 4.402488699755622312e-08 4.365053883067162233e-08 4.401628459408269725e-08 4.432603805511972427e-08 4.414699748727828880e-08 4.384594436531559212e-08 4.362464759186679828e-08 4.353187799355454560e-08 4.409823964418600887e-08 4.383831670589332296e-08 4.431390604558305037e-08 4.391152394538331245e-08 4.405414033616343840e-08 4.351954567565576789e-08 4.455764527999749111e-08 4.416623959913260865e-08 4.442467254175757841e-08 4.424487798097286494e-08 4.408330947771097267e-08 4.444796907615906369e-08 4.423575483691347857e-08 4.371320380008033365e-08 4.412454752105148792e-08 4.388703390493657127e-08 4.427202397359302857e-08
4.417418067053989505e-08 4.459137317005905150e-08 4.482096046942259081e-08 4.459913536922971635e-08 4.437418904044057712e-08 4.392741580919613453e-08 4.457364409923587041e-08 4.425839123847168452e-08 4.372875637656853663e-08 4.449926589271072300e-08 4.384148747098407594e-08 4.440062382150526411e-08 4.468458417768243802e-08 4.360201428941505793e-08 4.448506301399291269e-08 4.449192443607285155e-08 4.416318751039547821e-08 4.400419998046778326e-08 4.422257881053763555e-08 4.430544358674327376e-08 4.392882078690721811e-08 4.429748593596014577e-08 4.460858847100873779e-08 4.442835272774450210e-08 4.412584576851501906e-08 4.390287313791223224e-08 4.380945496752283264e-08 4.437949870166771030e-08 4.411728291209293365e-08 4.459640052228349269e-08 4.419115387360813043e-08 4.433488256415703842e-08 4.379618077787205366e-08 4.484215427961179785e-08 4.444801455167319369e-08 4.470776862671976821e-08 4.452699039729342784e-08 4.436400128457315585e-08 4.473174738820612700e-08 4.451741693073103998e-08 4.399186375480377187e-08 4.440582169800567925e-08 4.416700460423166329e-08 4.455447489308908198e-08
4.310473252096739761e-08 4.351229319762319274e-08 4.373657197729632645e-08 4.352040709450927866e-08 4.330080840065198729e-08 4.286491570397360521e-08 4.349431751254167194e-08 4.318771178447514351e-08 4.267078403894286521e-08 4.342201659632511313e-08 4.278062106104496903e-08 4.332641008754094640e-08 4.360201428941505793e-08 4.254823132054374603e-08 4.340832069448206538e-08 4.341487830846105304e-08 4.309400881943368679e-08 4.294019556297670820e-08 4.315299457940122177e-08 4.323360518671230474e-08 4.286634228168997640e-08 4.322463166473426134e-08 4.352906548795963667e-08 4.335309176773094048e-08 4.305820681235077988e-08 4.284074783421188766e-08 4.274992632646655391e-08 4.330570899655311921e-08 4.304992725158658452e-08 4.351725576223224744e-08 4.312190035694726938e-08 4.326240971031596176e-08 4.273788237088563548e-08 4.375615776465127582e-08 4.337201213243601341e-08 4.362569981714652429e-08 4.344902398090339259e-08 4.329094616082168189e-08 4.364846067617578332e-08 4.344006725909036716e-08 4.292770493676773409e-08 4.333096460906192043e-08 4.309856015743739157e-08 4.347598813137189296e-08
4.397698982513093555e-08 4.439269727312332396e-08 4.462134455805857499e-08 4.440096167312345041e-08 4.417657828373496434e-08 4.373231316126544606e-08 4.437480789415602385e-08 4.406164915889273843e-08 4.353311937490574082e-08 4.430171105963386484e-08 4.364650177716294322e-08 4.420319966334774084e-08 4.448506301399291269e-08 4.340832069448206538e-08 4.428788246653667618e-08 4.429408140767846178e-08 4.396708029727393366e-08 4.380845753801284965e-08 4.402602460940760901e-08 4.410892540147271979e-08 4.373334176961447147e-08 4.410051697506991506e-08 4.441072991915339821e-08 4.423139788248731614e-08 4.392880633771361782e-08 4.370736854102520259e-08 4.361480051093841280e-08 4.418184856498357149e-08 4.392153295760650509e-08 4.439792976438914576e-08 4.399540716996821060e-08 4.413793612405812697e-08 4.360163176634766624e-08 4.464238599427923968e-08 4.425077770108401748e-08 4.450904028862580633e-08 4.432879528569526327e-08 4.416699884353644196e-08 4.453258714536986220e-08 4.431941795399353343e-08 4.379707757806544320e-08 4.420850945912286808e-08 4.397002794826710373e-08 4.435632196628396638e-08
4.398403324605005392e-08 4.440032216284059248e-08 4.462848465783948594e-08 4.440722305448799183e-08 4.418293757344568182e-08 4.373876718615438357e-08 4.438214919639954870e-08 4.406843789986222503e-08 4.354059967222181823e-08 4.430841532547136315e-08 4.365335090591411131e-08 4.420990808004828019e-08 4.449192443607285155e-08 4.341487830846105304e-08 4.429408140767846178e-08 4.430168814415197297e-08 4.397340212244502005e-08 4.381614894243050370e-08 4.403298021150930991e-08 4.411567699788667501e-08 4.373997842786775419e-08 4.410756828906187312e-08 4.441753610533213903e-08 4.423771615220912494e-08 4.393585015189900306e-08 4.371415927805309480e-08 4.362166042707764756e-08 4.418877816216421443e-08 4.392840159695565471e-08 4.440498783886745575e-08 4.400147311751094539e-08 4.414471572689194572e-08 4.360866931447898837e-08 4.464925680769449439e-08 4.425723288421650086e-08 4.451558267226948204e-08 4.433614432041464424e-08 4.417414204994683427e-08 4.453943136882938725e-08 4.432558979026454834e-08 4.380293021250865116e-08 4.421542384795430904e-08 4.397779444659158900e-08 4.436283658062819350e-08
4.365895035639016274e-08 4.407137461931732917e-08 4.429886800442226912e-08 4.407934964759234554e-08 4.385695914957465342e-08 4.341531788912149207e-08 4.405378947695664338e-08 4.374329438073942159e-08 4.321817292263258218e-08 4.398115797484259137e-08 4.333038395371025314e-08 4.388328825624559414e-08 4.416318751039547821e-08 4.309400881943368679e-08 4.396708029727393366e-08 4.397340212244502005e-08 4.364965856291823178e-08 4.349119524796121387e-08 4.370699555637055130e-08 4.378942086667072861e-08 4.341654877060632821e-08 4.378157955907253883e-08 4.408897668592586213e-08 4.391095017699893539e-08 4.361116645389939244e-08 4.339070874452375683e-08 4.329851623089026334e-08 4.386205020848441014e-08 4.360370025365604149e-08 4.407700780241449130e-08 4.367683820435030760e-08 4.381807873971284125e-08 4.328606115061185235e-08 4.431949994079947955e-08 4.393030527839638167e-08 4.418664858906183444e-08 4.400823444444665234e-08 4.384750860002223675e-08 4.421044502106568597e-08 4.399865811946100646e-08 4.347988543524627453e-08 4.388860428804403206e-08 4.365229115794968418e-08 4.403548328845961329e-08
4.350250311528772173e-08 4.391451709172679403e-08 4.414022707038555247e-08 4.392092753520188368e-08 4.369946990635306704e-08 4.326006243784950673e-08 4.389636615680636125e-08 4.358631808468011327e-08 4.306471495852471473e-08 4.382286072747163594e-08 4.317557701506444436e-08 4.372579863758569331e-08 4.400419998046778326e-08 4.294019556297670820e-08 4.380845753801284965e-08 4.381614894243050370e-08 4.349119524796121387e-08 4.333725409516881803e-08 4.355140800044495207e-08 4.363266588601732773e-08 4.326159528811502817e-08 4.362386818593354395e-08 4.393072033529526729e-08 4.375284928926661823e-08 4.345546996119548702e-08 4.323562062247536313e-08 4.314429637618927611e-08 4.370503791078825211e-08 4.344737324309804061e-08 4.391876687527367679e-08 4.351919099606051474e-08 4.366158884131330947e-08 4.313229300412089085e-08 4.415995536942783673e-08 4.377210462406266423e-08 4.402792268867627040e-08 4.385045011711423299e-08 4.369067176101439726e-08 4.405163696327841827e-08 4.384004085941430610e-08 4.332300219227069293e-08 4.373083175616884974e-08 4.349662192545778623e-08 4.387654537479791151e-08
4.371821295425482087e-08 4.413193334461585375e-08 4.435910607903336312e-08 4.413924259188158323e-08 4.391648646190616115e-08 4.347497434387676387e-08 4.411399194639307603e-08 4.380238676873964851e-08 4.327786086804541983e-08 4.404011588136874751e-08 4.338975703971606337e-08 4.394256471166308486e-08 4.422257881053763555e-08 4.315299457940122177e-08 4.402602460940760901e-08 4.403298021150930991e-08 4.370699555637055130e-08 4.355140800044495207e-08 4.376754524473852584e-08 4.384924003054613377e-08 4.347607218130561709e-08 4.384023028271897255e-08 4.414861399935494786e-08 4.397044923961661131e-08 4.367073906816708138e-08 4.345005344373220100e-08 4.335824616850886939e-08 4.392200869785917282e-08 4.366280959194112751e-08 4.413615394556401986e-08 4.373573094355742251e-08 4.387802576939715210e-08 4.334582088260756873e-08 4.437918178185029244e-08 4.398960061880750689e-08 4.424657841352516769e-08 4.406761089189299272e-08 4.390703146467059240e-08 4.427001155302476614e-08 4.405814148690968843e-08 4.353814467821071333e-08 4.394761797473227415e-08 4.371178634026526390e-08 4.409431532468729197e-08
4.379999770624890224e-08 4.421458628529089701e-08 4.444208229909581874e-08 4.422199401345042190e-08 4.399851898828191921e-08 4.355642697771195276e-08 4.419666426002092418e-08 4.388488248850006809e-08 4.335830227263712238e-08 4.412306869187320641e-08 4.347102894194935658e-08 4.402488699755622312e-08 4.430544358674327376e-08 4.323360518671230474e-08 4.410892540147271979e-08 4.411567699788667501e-08 4.378942086667072861e-08 4.363266588601732773e-08 4.384924003054613377e-08 4.393186425448659768e-08 4.355737648866213985e-08 4.392270003004599171e-08 4.423151120824586407e-08 4.405303952726061240e-08 4.375208224945296316e-08 4.353143764851777097e-08 4.343926222509137602e-08 4.400416871118750596e-08 4.374453401913837458e-08 4.421906344547578029e-08 4.381809267701524858e-08 4.396029236416147200e-08 4.342663898302835463e-08 4.446268165169484785e-08 4.407254088758167102e-08 4.432937899882416389e-08 4.415018942276812562e-08 4.398943138753763029e-08 4.435325326310611334e-08 4.414078473247871788e-08 4.362013337137670101e-08 4.403013718209255412e-08 4.379329802317874839e-08 4.417743904588035033e-08
4.342755104511075393e-08 4.383830093788512037e-08 4.406395684813484703e-08 4.384617267306215012e-08 4.362486423343086339e-08 4.318573957292026743e-08 4.382053052450117246e-08 4.351118930590591814e-08 4.299043812468837552e-08 4.374744614396646886e-08 4.310104774986615336e-08 4.365053883067162233e-08 4.392882078690721811e-08 4.286634228168997640e-08 4.373334176961447147e-08 4.373997842786775419e-08 4.341654877060632821e-08 4.326159528811502817e-08 4.347607218130561709e-08 4.355737648866213985e-08 4.318754117558864479e-08 4.354833749471792964e-08 4.385491427564493288e-08 4.367765560869090726e-08 4.338056417771321967e-08 4.316136001198738309e-08 4.307000231117852569e-08 4.362993127203339459e-08 4.337189146722856296e-08 4.384312251218992105e-08 4.344439461845082456e-08 4.358643166447490644e-08 4.305761926679304630e-08 4.408415211401191355e-08 4.369682474283364832e-08 4.395246361852070392e-08 4.377428909049118490e-08 4.361496135632704218e-08 4.397586341138593167e-08 4.376521383646094396e-08 4.324907601028582888e-08 4.365522402604801154e-08 4.342108565097684125e-08 4.380163478901528644e-08
4.379186339707998506e-08 4.420575014953074161e-08 4.443337741773051330e-08 4.421300512530512275e-08 4.398973547400156005e-08 4.354729486478601058e-08 4.418818194773585376e-08 4.387592226464822827e-08 4.334992734839511433e-08 4.411477071096416619e-08 4.346235942974730850e-08 4.401628459408269725e-08 4.429748593596014577e-08 4.322463166473426134e-08 4.410051697506991506e-08 4.410756828906187312e-08 4.378157955907253883e-08 4.362386818593354395e-08 4.384023028271897255e-08 4.392270003004599171e-08 4.354833749471792964e-08 4.391509712170882844e-08 4.422319140977087889e-08 4.404447004989350775e-08 4.374406480787565142e-08 4.352275754296781666e-08 4.343019034831005288e-08 4.399537833015294789e-08 4.373614064507310847e-08 4.421061437754691098e-08 4.380946668369600571e-08 4.395125814702740043e-08 4.341742146003489241e-08 4.445399971066512795e-08 4.406386674338476177e-08 4.432060340734721632e-08 4.414220084638254841e-08 4.398078854632657674e-08 4.434472508383699118e-08 4.413178627378416891e-08 4.361137593734836761e-08 4.402182156316421607e-08 4.378508965766815381e-08 4.416868394421009073e-08
4.409927001134551339e-08 4.451635590568656794e-08 4.474542583902126740e-08 4.452426243603483939e-08 4.429922224429113429e-08 4.385380614938471698e-08 4.449829619150145137e-08 4.418401521246069375e-08 4.365447705756561461e-08 4.442473139295688746e-08 4.376798772721966477e-08 4.432603805511972427e-08 4.460858847100873779e-08 4.352906548795963667e-08 4.441072991915339821e-08 4.441753610533213903e-08 4.408897668592586213e-08 4.393072033529526729e-08 4.414861399935494786e-08 4.423151120824586407e-08 4.385491427564493288e-08 4.422319140977087889e-08 4.453460588013926100e-08 4.435430400855415160e-08 4.405097474287999614e-08 4.382894612483255022e-08 4.373617130330655063e-08 4.430492087988977845e-08 4.404386579460285902e-08 4.452137366881799126e-08 4.411740882215738452e-08 4.426069503682250130e-08 4.372326908365054879e-08 4.476624520157260009e-08 4.437356471704677898e-08 4.463291124597550397e-08 4.445253093802731795e-08 4.429000725030725595e-08 4.465630092437133284e-08 4.444244089864637363e-08 4.391806193088374915e-08 4.433155091439531862e-08 4.409282283467674760e-08 4.447940457609918270e-08
4.392136391870496426e-08 4.433629253825927024e-08 4.456490758249933914e-08 4.434436055230235286e-08 4.412022723896553420e-08 4.367714990621806994e-08 4.431843074494567602e-08 4.400559792356563415e-08 4.347785883563019801e-08 4.424546450856162471e-08 4.359113957777431326e-08 4.414699748727828880e-08 4.442835272774450210e-08 4.335309176773094048e-08 4.423139788248731614e-08 4.423771615220912494e-08 4.391095017699893539e-08 4.375284928926661823e-08 4.397044923961661131e-08 4.405303952726061240e-08 4.367765560869090726e-08 4.404447004989350775e-08 4.435430400855415160e-08 4.417592199318755845e-08 4.387271804849483450e-08 4.365154741475447092e-08 4.355930981801972860e-08 4.412597759083881623e-08 4.386604493682903881e-08 4.434081177742665404e-08 4.393976007364881793e-08 4.408181336213363761e-08 4.354648739687848985e-08 4.458593298501487692e-08 4.419446048468357447e-08 4.445259020885353195e-08 4.427286685696070851e-08 4.411103920861444715e-08 4.447594474210109230e-08 4.426349703020433494e-08 4.374099587699976470e-08 4.415212281803827799e-08 4.391403109071788243e-08 4.429971879351731539e-08
4.362284635630430021e-08 4.403461049600436707e-08 4.426180043502685596e-08 4.404228164404209551e-08 4.382040188601027021e-08 4.337855363715317207e-08 4.401718269899876075e-08 4.370625225838091745e-08 4.318377998855844516e-08 4.394312090247228301e-08 4.329387149712597832e-08 4.384594436531559212e-08 4.412584576851501906e-08 4.305820681235077988e-08 4.392880633771361782e-08 4.393585015189900306e-08 4.361116645389939244e-08 4.345546996119548702e-08 4.367073906816708138e-08 4.375208224945296316e-08 4.338056417771321967e-08 4.374406480787565142e-08 4.405097474287999614e-08 4.387271804849483450e-08 4.357675010560777017e-08 4.335484635849281548e-08 4.326173064590768757e-08 4.382510141966128865e-08 4.356586743920850188e-08 4.403964198843428886e-08 4.363898521631045298e-08 4.378100955754313179e-08 4.325015248933781806e-08 4.428113433079793207e-08 4.389229814350302747e-08 4.414825470409907644e-08 4.397052110559001545e-08 4.381032438813763847e-08 4.417261474576360442e-08 4.396065996343034828e-08 4.344199887008922926e-08 4.385030417301583972e-08 4.361591212248972236e-08 4.399693473112070271e-08
4.340172707727444797e-08 4.381208750239781322e-08 4.403736869488909842e-08 4.382028648152161724e-08 4.359887764704041763e-08 4.316020932319314471e-08 4.379415535477903003e-08 4.348478541124920935e-08 4.296470959864728970e-08 4.372101507830079737e-08 4.307536492900716516e-08 4.362464759186679828e-08 4.390287313791223224e-08 4.284074783421188766e-08 4.370736854102520259e-08 4.371415927805309480e-08 4.339070874452375683e-08 4.323562062247536313e-08 4.345005344373220100e-08 4.353143764851777097e-08 4.316136001198738309e-08 4.352275754296781666e-08 4.382894612483255022e-08 4.365154741475447092e-08 4.335484635849281548e-08 4.313626623131347010e-08 4.304433278851706389e-08 4.360402644993173829e-08 4.334598218068218357e-08 4.381695123036009493e-08 4.341900355458550239e-08 4.356022864903906285e-08 4.303144762673732991e-08 4.405750325863626305e-08 4.367096594600763526e-08 4.392612805874839882e-08 4.374815563817319316e-08 4.358874244154409875e-08 4.394910588089149027e-08 4.373905625833109612e-08 4.322309388231021103e-08 4.362942528724902875e-08 4.339523600046659762e-08 4.377549450011890923e-08
4.330900241084625192e-08 4.371952936446339041e-08 4.394391498007869398e-08 4.372718771293987783e-08 4.350625744997782109e-08 4.306896181294605599e-08 4.370141550383334071e-08 4.339242926811459141e-08 4.287326332356514717e-08 4.362844087658038792e-08 4.298445322437209110e-08 4.353187799355454560e-08 4.380945496752283264e-08 4.274992632646655391e-08 4.361480051093841280e-08 4.362166042707764756e-08 4.329851623089026334e-08 4.314429637618927611e-08 4.335824616850886939e-08 4.343926222509137602e-08 4.307000231117852569e-08 4.343019034831005288e-08 4.373617130330655063e-08 4.355930981801972860e-08 4.326173064590768757e-08 4.304433278851706389e-08 4.295442049999463199e-08 4.351167443272651575e-08 4.325472673764736180e-08 4.372402343796340705e-08 4.332672534297463504e-08 4.346827338200479198e-08 4.294066826721799752e-08 4.396430985008240321e-08 4.357843290001533481e-08 4.383372686087471562e-08 4.365531157938041513e-08 4.349628542377857345e-08 4.385604459081307081e-08 4.364625071199667789e-08 4.313220598912708624e-08 4.353736712446369216e-08 4.330356189975481654e-08 4.368305232105266965e-08
4.387309082336891871e-08 4.428794528958113412e-08 4.451601312986110986e-08 4.429578906217264579e-08 4.407218863050034923e-08 4.362878794840381358e-08 4.426998291280398317e-08 4.395738189050899793e-08 4.343117306908951867e-08 4.419595427800137429e-08 4.354319122606286922e-08 4.409823964418600887e-08 4.437949870166771030e-08 4.330570899655311921e-08 4.418184856498357149e-08 4.418877816216421443e-08 4.386205020848441014e-08 4.370503791078825211e-08 4.392200869785917282e-08 4.400416871118750596e-08 4.362993127203339459e-08 4.399537833015294789e-08 4.430492087988977845e-08 4.412597759083881623e-08 4.382510141966128865e-08 4.360402644993173829e-08 4.351167443272651575e-08 4.407776991797317603e-08 4.381710708191787211e-08 4.429260198787137211e-08 4.389038481631324064e-08 4.403319741468759235e-08 4.349896932765556923e-08 4.453648254874808202e-08 4.414522672119731089e-08 4.440348270353771646e-08 4.422371474190587595e-08 4.406226072066133369e-08 4.442669485572102353e-08 4.421443082833477384e-08 4.369213306779495319e-08 4.410334669193322640e-08 4.386671091329405686e-08 4.425101488251009655e-08
4.361379193764190676e-08 4.402647987943262299e-08 4.425346522685140964e-08 4.403355800075450170e-08 4.381163364814392120e-08 4.337102104342973680e-08 4.400844529839698757e-08 4.369781739450313002e-08 4.317367580202427563e-08 4.393540296728441990e-08 4.328612282295114590e-08 4.383831670589332296e-08 4.411728291209293365e-08 4.304992725158658452e-08 4.392153295760650509e-08 4.392840159695565471e-08 4.360370025365604149e-08 4.344737324309804061e-08 4.366280959194112751e-08 4.374453401913837458e-08 4.337189146722856296e-08 4.373614064507310847e-08 4.404386579460285902e-08 4.386604493682903881e-08 4.356586743920850188e-08 4.334598218068218357e-08 4.325472673764736180e-08 4.381710708191787211e-08 4.355978042293815888e-08 4.403124546839726312e-08 4.363187177509079791e-08 4.377336644130428644e-08 4.324229975958687089e-08 4.427380497588586929e-08 4.388505324066988592e-08 4.414163329016698283e-08 4.396331164248323664e-08 4.380251214156227572e-08 4.416478178469472213e-08 4.395363600945458257e-08 4.343456098983082735e-08 4.384377748752669764e-08 4.360757808320911564e-08 4.398965382948655791e-08
4.408719088271102452e-08 4.450446244699184059e-08 4.473360523096345015e-08 4.451200806815799276e-08 4.428761573512656635e-08 4.384118690488507424e-08 4.448650567106522500e-08 4.417261129606255218e-08 4.364308357697864633e-08 4.441216853329970075e-08 4.375570388500570508e-08 4.431390604558305037e-08 4.459640052228349269e-08 4.351725576223224744e-08 4.439792976438914576e-08 4.440498783886745575e-08 4.407700780241449130e-08 4.391876687527367679e-08 4.413615394556401986e-08 4.421906344547578029e-08 4.384312251218992105e-08 4.421061437754691098e-08 4.452137366881799126e-08 4.434081177742665404e-08 4.403964198843428886e-08 4.381695123036009493e-08 4.372402343796340705e-08 4.429260198787137211e-08 4.403124546839726312e-08 4.451018228706862898e-08 4.410452083721789613e-08 4.424836150507071111e-08 4.371142421426473597e-08 4.475403169506284027e-08 4.436099497772369958e-08 4.462020769614856788e-08 4.443965803366072179e-08 4.427772089197156352e-08 4.464427153462360144e-08 4.443003244880659284e-08 4.390611479975353963e-08 4.431915535020410555e-08 4.408129558950529261e-08 4.446748443143470885e-08
4.368677960575278499e-08 4.409960981587944166e-08 4.432713367716266999e-08 4.410806084813691531e-08 4.388513123473797362e-08 4.344404772322220773e-08 4.408174255960460627e-08 4.377087106996030634e-08 4.324556361598697474e-08 4.400894099876239711e-08 4.335840494955339468e-08 4.391152394538331245e-08 4.419115387360813043e-08 4.312190035694726938e-08 4.399540716996821060e-08 4.400147311751094539e-08 4.367683820435030760e-08 4.351919099606051474e-08 4.373573094355742251e-08 4.381809267701524858e-08 4.344439461845082456e-08 4.380946668369600571e-08 4.411740882215738452e-08 4.393976007364881793e-08 4.363898521631045298e-08 4.341900355458550239e-08 4.332672534297463504e-08 4.389038481631324064e-08 4.363187177509079791e-08 4.410452083721789613e-08 4.370580441888817125e-08 4.384639827199752809e-08 4.331393305215917229e-08 4.434765921093799290e-08 4.395891621845550443e-08 4.421505589794896149e-08 4.403609915067697692e-08 4.387547370503624740e-08 4.423821667342779234e-08 4.402730154014436844e-08 4.350781533569434285e-08 4.391658271940123649e-08 4.367964132563346478e-08 4.406331430078939649e-08
4.382887596858036013e-08 4.424365178700260418e-08 4.447121772704834932e-08 4.425121440290806182e-08 4.402778740113433988e-08 4.358506077029374295e-08 4.422560508903369599e-08 4.391335575420623091e-08 4.338728738418982461e-08 4.415203798971567281e-08 4.349963211515760423e-08 4.405414033616343840e-08 4.433488256415703842e-08 4.326240971031596176e-08 4.413793612405812697e-08 4.414471572689194572e-08 4.381807873971284125e-08 4.366158884131330947e-08 4.387802576939715210e-08 4.396029236416147200e-08 4.358643166447490644e-08 4.395125814702740043e-08 4.426069503682250130e-08 4.408181336213363761e-08 4.378100955754313179e-08 4.356022864903906285e-08 4.346827338200479198e-08 4.403319741468759235e-08 4.377336644130428644e-08 4.424836150507071111e-08 4.384639827199752809e-08 4.398945986051474229e-08 4.345548052178491679e-08 4.449186823170194179e-08 4.410117441912019547e-08 4.435896796783921456e-08 4.417933466349990164e-08 4.401826867922008691e-08 4.438250154696592488e-08 4.416989139319455308e-08 4.364895089374778035e-08 4.405925943618240627e-08 4.382234290519584440e-08 4.420664385339024923e-08
4.329694563189023763e-08 4.370681916730922413e-08 4.393199221354801413e-08 4.371409116413618115e-08 4.349368917360471868e-08 4.305605978358586575e-08 4.368876999394227294e-08 4.338073822661461138e-08 4.286128143909679372e-08 4.361583510792509533e-08 4.297164169335208427e-08 4.351954567565576789e-08 4.379618077787205366e-08 4.273788237088563548e-08 4.360163176634766624e-08 4.360866931447898837e-08 4.328606115061185235e-08 4.313229300412089085e-08 4.334582088260756873e-08 4.342663898302835463e-08 4.305761926679304630e-08 4.341742146003489241e-08 4.372326908365054879e-08 4.354648739687848985e-08 4.325015248933781806e-08 4.303144762673732991e-08 4.294066826721799752e-08 4.349896932765556923e-08 4.324229975958687089e-08 4.371142421426473597e-08 4.331393305215917229e-08 4.345548052178491679e-08 4.292913782054722702e-08 4.395143065398733489e-08 4.356533466083557134e-08 4.382044896880883112e-08 4.364321771527791410e-08 4.348438988307639853e-08 4.384354696398769602e-08 4.363370434358432733e-08 4.311868941452034909e-08 4.352426226345160935e-08 4.329120376930867018e-08 4.366969985268924132e-08
4.433031948131436866e-08 4.474933480718152921e-08 4.498004406724962885e-08 4.475646849966085529e-08 4.453085995137932801e-08 4.408281370568024289e-08 4.473147975377424503e-08 4.441573372521370415e-08 4.388288504664422804e-08 4.465692648240901713e-08 4.399659016197195810e-08 4.455764527999749111e-08 4.484215427961179785e-08 4.375615776465127582e-08 4.464238599427923968e-08 4.464925680769449439e-08 4.431949994079947955e-08 4.415995536942783673e-08 4.437918178185029244e-08 4.446268165169484785e-08 4.408415211401191355e-08 4.445399971066512795e-08 4.476624520157260009e-08 4.458593298501487692e-08 4.428113433079793207e-08 4.405750325863626305e-08 4.396430985008240321e-08 4.453648254874808202e-08 4.427380497588586929e-08 4.475403169506284027e-08 4.434765921093799290e-08 4.449186823170194179e-08 4.395143065398733489e-08 4.500155736331513153e-08 4.460560832340706239e-08 4.486592246864698578e-08 4.468471960800499345e-08 4.452130884609164649e-08 4.489037574072075419e-08 4.467539301458701004e-08 4.414756364064283037e-08 4.456300702604591802e-08 4.432304971793288214e-08 4.471232399532506734e-08
4.394051910423022821e-08 4.435615720065182569e-08 4.458465289547531087e-08 4.436382574744983786e-08 4.413979051216712991e-08 4.369587571015115194e-08 4.433833688901177864e-08 4.402544586168934865e-08 4.349697826992025236e-08 4.426461515895658451e-08 4.361032924922317945e-08 4.416623959913260865e-08 4.444801455167319369e-08 4.337201213243601341e-08 4.425077770108401748e-08 4.425723288421650086e-08 4.393030527839638167e-08 4.377210462406266423e-08 4.398960061880750689e-08 4.407254088758167102e-08 4.369682474283364832e-08 4.406386674338476177e-08 4.437356471704677898e-08 4.419446048468357447e-08 4.389229814350302747e-08 4.367096594600763526e-08 4.357843290001533481e-08 4.414522672119731089e-08 4.388505324066988592e-08 4.436099497772369958e-08 4.395891621845550443e-08 4.410117441912019547e-08 4.356533466083557134e-08 4.460560832340706239e-08 4.421441125383959800e-08 4.447184121292797779e-08 4.429195244759871393e-08 4.413018829031483096e-08 4.449565645069848855e-08 4.428271713294106602e-08 4.376028730206183373e-08 4.417181626902523539e-08 4.393357902673065549e-08 4.431942913594197449e-08
4.419697909899014508e-08 4.461512780345138515e-08 4.484478046551745421e-08 4.462321221662901047e-08 4.439802610885855673e-08 4.395143457205630749e-08 4.459694747915307033e-08 4.428189065296079518e-08 4.375143113942057183e-08 4.452296848063352399e-08 4.386506418625340965e-08 4.442467254175757841e-08 4.470776862671976821e-08 4.362569981714652429e-08 4.450904028862580633e-08 4.451558267226948204e-08 4.418664858906183444e-08 4.402792268867627040e-08 4.424657841352516769e-08 4.432937899882416389e-08 4.395246361852070392e-08 4.432060340734721632e-08 4.463291124597550397e-08 4.445259020885353195e-08 4.414825470409907644e-08 4.392612805874839882e-08 4.383372686087471562e-08 4.440348270353771646e-08 4.414163329016698283e-08 4.462020769614856788e-08 4.421505589794896149e-08 4.435896796783921456e-08 4.382044896880883112e-08 4.486592246864698578e-08 4.447184121292797779e-08 4.473269866657588387e-08 4.455086386169167201e-08 4.438786470771029777e-08 4.475556441175716869e-08 4.454173392984123771e-08 4.401564622072979954e-08 4.442999627762936218e-08 4.419062800114699741e-08 4.457856911720436244e-08
