2.947149593175916675e-08 2.967441540870401623e-08 2.979693187924970304e-08 2.961894316247964707e-08 2.953139586746571630e-08 2.923191883900330683e-08 2.966158854997687688e-08 2.945201325227262220e-08 2.912998341631699268e-08 2.955653588355149088e-08 2.916091674040556314e-08 2.960156506628243870e-08 2.974381927617982068e-08 2.899106463446463779e-08 2.951371884536394316e-08 2.965244376584436481e-08 2.942044515712604205e-08 2.927190276077417002e-08 2.936238655794392012e-08 2.950263790199828466e-08 2.922197493553116816e-08 2.955000270562561806e-08 2.959584640591256770e-08 2.957614033989201886e-08 2.941913967625495346e-08 2.923700990790277160e-08 2.914000084441954443e-08 2.952442253710422950e-08 2.940053055662071865e-08 2.959272235776351260e-08 2.944722075257538942e-08 2.946900767284508474e-08 2.919349213467310356e-08 2.979004562003172574e-08 2.954408959908574224e-08 2.976379266240532222e-08 2.964063088998326662e-08 2.950515893787565845e-08 2.980233094974529775e-08 2.963087624998734764e-08 2.921710840326371818e-08 2.959332608405946073e-08 2.940335324092249970e-08 2.965934502454654684e-08
2.967441540870401623e-08 2.988560461013045789e-08 3.000877579625704635e-08 2.982681681067781066e-08 2.973837262650720224e-08 2.943119913993637219e-08 2.987025335460675014e-08 2.965608599726565054e-08 2.932804597234479224e-08 2.976234725786953936e-08 2.935826266541194555e-08 2.980910982199432654e-08 2.995472061229792528e-08 2.918542579199864192e-08 2.972050061781084124e-08 2.986340194984053848e-08 2.962381388595345379e-08 2.947188284707747231e-08 2.956457109492170095e-08 2.970809540235397176e-08 2.942189934846117658e-08 2.975570468417876994e-08 2.980410755411688165e-08 2.978255024879558116e-08 2.962093220779801948e-08 2.943626918691120961e-08 2.933822769651104732e-08 2.973117482977772398e-08 2.960454338315584600e-08 2.980013879870983654e-08 2.965028509722817140e-08 2.967370419721502836e-08 2.939099620446251075e-08 3.000137455931680446e-08 2.975078815115569439e-08 2.997642193029133124e-08 2.984859945867428938e-08 2.971054938296513423e-08 3.001364315128706775e-08 2.983957676325672184e-08 2.941477330370422187e-08 2.980063603935804738e-08 2.960667215265411709e-08 2.986720073703588844e-08
2.979693187924970304e-08 3.000877579625704635e-08 3.013563238167510520e-08 2.995145183999362319e-08 2.986220049093464878e-08 2.955243717709031569e-08 2.999548601919788362e-08 2.977916163829751944e-08 2.945046852077891707e-08 2.988688020372423817e-08 2.948064009722443566e-08 2.993255660861962072e-08 3.008067117943768384e-08 2.930560188368903560e-08 2.984479639890666726e-08 2.998783613347127383e-08 2.974662981355856167e-08 2.959382394818158517e-08 2.968776245810867496e-08 2.983139087992173724e-08 2.954405419189692925e-08 2.988038364012005642e-08 2.992905717099053229e-08 2.990669550242502714e-08 2.974359082410407294e-08 2.955815672702916317e-08 2.945991782766903005e-08 2.985564297530156629e-08 2.972785609614024824e-08 2.992406971570034582e-08 2.977371447204700196e-08 2.979815353338841834e-08 2.951251685218861731e-08 3.012743846109889176e-08 2.987444977453013069e-08 3.010215366693034301e-08 2.997375387415621768e-08 2.983393234253564965e-08 3.013957304946144681e-08 2.996507416754418345e-08 2.953710588792332922e-08 2.992444543053423099e-08 2.973018344600676767e-08 2.999190210906765154e-08
2.961894316247964707e-08 2.982681681067781066e-08 2.995145183999362319e-08 2.977270488940016175e-08 2.968233797487207865e-08 2.937843579400634528e-08 2.981496380572321402e-08 2.960185500164139045e-08 2.927592869703553590e-08 2.970727148118040835e-08 2.930558847891355883e-08 2.975276503212135846e-08 2.989803771441609169e-08 2.913344397150870956e-08 2.966486171651416647e-08 2.980628595380825022e-08 2.956961362661843918e-08 2.941854991736434156e-08 2.951077769344793112e-08 2.965228051485789576e-08 2.936752750226670178e-08 2.970175337123671427e-08 2.974805412881818685e-08 2.972735929644406551e-08 2.956738084121714429e-08 2.938282952572334113e-08 2.928554168791997624e-08 2.967594830523444746e-08 2.954984603634343136e-08 2.974332383073481320e-08 2.959587671534958153e-08 2.962023423732470046e-08 2.933945342164018085e-08 2.994473432599352951e-08 2.969486016380709014e-08 2.991878063809542358e-08 2.979299279956300232e-08 2.965496935566413828e-08 2.995749273087923930e-08 2.978383447755911183e-08 2.936253945057189535e-08 2.974448980753251063e-08 2.955242844181786087e-08 2.981137333664474595e-08
2.953139586746571630e-08 2.973837262650720224e-08 2.986220049093464878e-08 2.968233797487207865e-08 2.959546377876058293e-08 2.929131103581870450e-08 2.972528823993773817e-08 2.951342034337974116e-08 2.918986335732854621e-08 2.961851463490653498e-08 2.921951128272546878e-08 2.966521287069175474e-08 2.980842473552680448e-08 2.904827866781125671e-08 2.957686145023936994e-08 2.971739439284643354e-08 2.948212160803871121e-08 2.933197260187548520e-08 2.942313880487512400e-08 2.956497889544019857e-08 2.928225185229054464e-08 2.961223053632514998e-08 2.965956646017434850e-08 2.963868382287799598e-08 2.947984408692478406e-08 2.929650321690467462e-08 2.919965477345705054e-08 2.958762566785705654e-08 2.946241525225956981e-08 2.965604120676638793e-08 2.950835542584407973e-08 2.953199622630076158e-08 2.925293371786976575e-08 2.985509615140391248e-08 2.960664286969192237e-08 2.982964519770878497e-08 2.970406984951514222e-08 2.956729672054930677e-08 2.986767762266213123e-08 2.969486201077007147e-08 2.927590472492862098e-08 2.965634937965140974e-08 2.946456615279281915e-08 2.972252431090133034e-08
2.923191883900330683e-08 2.943119913993637219e-08 2.955243717709031569e-08 2.937843579400634528e-08 2.929131103581870450e-08 2.899839401852079810e-08 2.942039181457526705e-08 2.921445238918736770e-08 2.889636205688310875e-08 2.931578559414821704e-08 2.892709557111376999e-08 2.936107361750341073e-08 2.949981516472089587e-08 2.876011605745677403e-08 2.927459428359500053e-08 2.941003051228743194e-08 2.918302592133534445e-08 2.903653848805116165e-08 2.912568994266469647e-08 2.926322110413815106e-08 2.898629111831938781e-08 2.931066978480676755e-08 2.935512474188483512e-08 2.933597202088966199e-08 2.918169108929364118e-08 2.900192539663277928e-08 2.890643116726981581e-08 2.928423653567149588e-08 2.916292590584460246e-08 2.935184384118323181e-08 2.920921453657698130e-08 2.923096760382926895e-08 2.896116480484210022e-08 2.954602410536164055e-08 2.930372989720503660e-08 2.951960352912775242e-08 2.939960706036707764e-08 2.926579494768999437e-08 2.955940633510493209e-08 2.938903124018562795e-08 2.898278595512436664e-08 2.935242208759619935e-08 2.916491627499857672e-08 2.941835030849144238e-08
2.966158854997687688e-08 2.987025335460675014e-08 2.999548601919788362e-08 2.981496380572321402e-08 2.972528823993773817e-08 2.942039181457526705e-08 2.985947289408000378e-08 2.964470082743892990e-08 2.931814060904038599e-08 2.975039495828327520e-08 2.934807321255136332e-08 2.979587119484303799e-08 2.994102375100764829e-08 2.917595154050364192e-08 2.970788684876666533e-08 2.984902562349687894e-08 2.961216281207166178e-08 2.946059575786895353e-08 2.955375767054589998e-08 2.969514419535713963e-08 2.941023400219163666e-08 2.974441134172583753e-08 2.979105583124010353e-08 2.977029060426699916e-08 2.960972917601760360e-08 2.942525571600155837e-08 2.932836856239671810e-08 2.971848189681195484e-08 2.959243064155690497e-08 2.978685633590235785e-08 2.963811059872276294e-08 2.966375313755149098e-08 2.938152023368568694e-08 2.998794686033698232e-08 2.973807163847538736e-08 2.996244581012183235e-08 2.983616067012970065e-08 2.969797860624285990e-08 3.000068208801002167e-08 2.982702206741841622e-08 2.940518060085526399e-08 2.978763805595691774e-08 2.959506132164750456e-08 2.985492114125254732e-08
2.945201325227262220e-08 2.965608599726565054e-08 2.977916163829751944e-08 2.960185500164139045e-08 2.951342034337974116e-08 2.921445238918736770e-08 2.964470082743892990e-08 2.943641582971035217e-08 2.911338947162008247e-08 2.953803930538551868e-08 2.914313315064250450e-08 2.958405385175018203e-08 2.972506782524333703e-08 2.897407282670160387e-08 2.949612406831916757e-08 2.963439319606668883e-08 2.940306904515690548e-08 2.925462542699494924e-08 2.934542838228696609e-08 2.948444619720214543e-08 2.920372358425454348e-08 2.953320263289444399e-08 2.957837344225454477e-08 2.955835584194206720e-08 2.940161303432714166e-08 2.921867949958254232e-08 2.912334843533296098e-08 2.950698510279204658e-08 2.938298764010388181e-08 2.957360361595551994e-08 2.942954893502864680e-08 2.945318695957704912e-08 2.917733053560025705e-08 2.977230152101375782e-08 2.952601482547734211e-08 2.974562847439943453e-08 2.962270857925407173e-08 2.948700417757940776e-08 2.978539878698195040e-08 2.961248008307050129e-08 2.920000999968369933e-08 2.957512729191015476e-08 2.938495663034611750e-08 2.964192943745025051e-08
2.912998341631699268e-08 2.932804597234479224e-08 2.945046852077891707e-08 2.927592869703553590e-08 2.918986335732854621e-08 2.889636205688310875e-08 2.931814060904038599e-08 2.911338947162008247e-08 2.879841689558314644e-08 2.921441143331186180e-08 2.882714918846315837e-08 2.925896628369250314e-08 2.939704189585072995e-08 2.866121237979449812e-08 2.917213033697375406e-08 2.930680691353378520e-08 2.908151178491148630e-08 2.893663125827640398e-08 2.902506080081939158e-08 2.916185871600933592e-08 2.888655675566782436e-08 2.920937566256568265e-08 2.925307644450763589e-08 2.923376954500125235e-08 2.908107661357446274e-08 2.890132272219544338e-08 2.880696736895704386e-08 2.918267590447347704e-08 2.906196644706101984e-08 2.924916125847106269e-08 2.910782095590209247e-08 2.913076330409273110e-08 2.886137065893870166e-08 2.944367462519600184e-08 2.920211792770312101e-08 2.941667922289560657e-08 2.929748375670223628e-08 2.916381235353346861e-08 2.945620537862720657e-08 2.928673432885504338e-08 2.888337778012881149e-08 2.925017631278353587e-08 2.906352059245217619e-08 2.931644418116989700e-08
2.955653588355149088e-08 2.976234725786953936e-08 2.988688020372423817e-08 2.970727148118040835e-08 2.961851463490653498e-08 2.931578559414821704e-08 2.975039495828327520e-08 2.953803930538551868e-08 2.921441143331186180e-08 2.964463820215443383e-08 2.924503806663342541e-08 2.968896132146420326e-08 2.983349017218487461e-08 2.907350382359811635e-08 2.960128770615166502e-08 2.974113669682693550e-08 2.950648310119963998e-08 2.935667433170236517e-08 2.944813482512390712e-08 2.958943672984399461e-08 2.930637235917203663e-08 2.963776169372866292e-08 2.968431039798004744e-08 2.966374684122524127e-08 2.950469025248606141e-08 2.932130266815668029e-08 2.922398163634607285e-08 2.961232403328712902e-08 2.948703869695418404e-08 2.967995002617704603e-08 2.953286196225433202e-08 2.955668974915825846e-08 2.927732105140169922e-08 2.987953500215198734e-08 2.963132520851011376e-08 2.985371100972554730e-08 2.972869568640219794e-08 2.959194655830243817e-08 2.989190331653550377e-08 2.971956986661195735e-08 2.930107318548901433e-08 2.968086024730527933e-08 2.948938911152476024e-08 2.974732306339359551e-08
2.916091674040556314e-08 2.935826266541194555e-08 2.948064009722443566e-08 2.930558847891355883e-08 2.921951128272546878e-08 2.892709557111376999e-08 2.934807321255136332e-08 2.914313315064250450e-08 2.882714918846315837e-08 2.924503806663342541e-08 2.885966235490897523e-08 2.928852915043721099e-08 2.942762179024921388e-08 2.869127826892981538e-08 2.920300302580854248e-08 2.933738800631091280e-08 2.911146536712633819e-08 2.896663774064793578e-08 2.905525514178740235e-08 2.919234270184992922e-08 2.891666845834467857e-08 2.923979869455933810e-08 2.928383729858865000e-08 2.926488422122221245e-08 2.911055466009143098e-08 2.893162552812245536e-08 2.883608787242119039e-08 2.921298196251116133e-08 2.909164895099101512e-08 2.928027439645303920e-08 2.913899810978239819e-08 2.915971602847951070e-08 2.889087318560659714e-08 2.947347183236414304e-08 2.923249564692598176e-08 2.944648084016744603e-08 2.932784492794098136e-08 2.919472555267032305e-08 2.948639718907019557e-08 2.931742384993775038e-08 2.891353020107799418e-08 2.928054212938087689e-08 2.909380990331380757e-08 2.934614558765844239e-08
2.960156506628243870e-08 2.980910982199432654e-08 2.993255660861962072e-08 2.975276503212135846e-08 2.966521287069175474e-08 2.936107361750341073e-08 2.979587119484303799e-08 2.958405385175018203e-08 2.925896628369250314e-08 2.968896132146420326e-08 2.928852915043721099e-08 2.973625112932587348e-08 2.987877978754163264e-08 2.911812409615260886e-08 2.964689570984188316e-08 2.978726303448320604e-08 2.955235123469800817e-08 2.940199121844148024e-08 2.949307807495330014e-08 2.963509608748937916e-08 2.935182551453902872e-08 2.968216629643247501e-08 2.972972766006999312e-08 2.970913370888796252e-08 2.955047173825302009e-08 2.936632384683566809e-08 2.926947290018457619e-08 2.965782762130976531e-08 2.953247424603227845e-08 2.972581585880204808e-08 2.957807483901432357e-08 2.960256914109454830e-08 2.932277574684520039e-08 2.992545699958130935e-08 2.967657042980116715e-08 2.990010396434346298e-08 2.977387230358527518e-08 2.963751614666215505e-08 2.993857491369960592e-08 2.976447358967867503e-08 2.934558257304076720e-08 2.972681029938174488e-08 2.953421091065652253e-08 2.979301946252618254e-08
2.974381927617982068e-08 2.995472061229792528e-08 3.008067117943768384e-08 2.989803771441609169e-08 2.980842473552680448e-08 2.949981516472089587e-08 2.994102375100764829e-08 2.972506782524333703e-08 2.939704189585072995e-08 2.983349017218487461e-08 2.942762179024921388e-08 2.987877978754163264e-08 3.002762534541323202e-08 2.925270982785379911e-08 2.979140425317958222e-08 2.993422762934589486e-08 2.969323936934922621e-08 2.954093028450404400e-08 2.963402948022470924e-08 2.977771981019542163e-08 2.949072606676235722e-08 2.982671699757115829e-08 2.987497973195865533e-08 2.985318171129518044e-08 2.969008957303599184e-08 2.950535278072445351e-08 2.940634016441854603e-08 2.980200660692552656e-08 2.967431304016907051e-08 2.987003833867533190e-08 2.972014987092012534e-08 2.974414057441585291e-08 2.945939920103750368e-08 3.007358164441496086e-08 2.982069879534295603e-08 3.004814648137524849e-08 2.991994082616505973e-08 2.978047161607559422e-08 3.008560819905456537e-08 2.991148952704534295e-08 2.948418834003315604e-08 2.987095422149433311e-08 2.967668261132872459e-08 2.993747502602700756e-08
2.899106463446463779e-08 2.918542579199864192e-08 2.930560188368903560e-08 2.913344397150870956e-08 2.904827866781125671e-08 2.876011605745677403e-08 2.917595154050364192e-08 2.897407282670160387e-08 2.866121237979449812e-08 2.907350382359811635e-08 2.869127826892981538e-08 2.911812409615260886e-08 2.925270982785379911e-08 2.852959377010349328e-08 2.903077506386208688e-08 2.916310550497115699e-08 2.894314444953637558e-08 2.879975720660059209e-08 2.888664560342313349e-08 2.902184646307164564e-08 2.875015374649630568e-08 2.906742984879836501e-08 2.911055599357590939e-08 2.909307355352697965e-08 2.894317546187316887e-08 2.876521008088230322e-08 2.867170147854976682e-08 2.904097149473986349e-08 2.892271162793446603e-08 2.910779000643958871e-08 2.896795146390772212e-08 2.899123117143158269e-08 2.872604409530935432e-08 2.929824642051018267e-08 2.906080470455812276e-08 2.927124767383416203e-08 2.915455537147633017e-08 2.902368415211704645e-08 2.931191631183943890e-08 2.914364675457159745e-08 2.874754530606087085e-08 2.910899001678000351e-08 2.892413265298015131e-08 2.917426299824640176e-08
2.951371884536394316e-08 2.972050061781084124e-08 2.984479639890666726e-08 2.966486171651416647e-08 2.957686145023936994e-08 2.927459428359500053e-08 2.970788684876666533e-08 2.949612406831916757e-08 2.917213033697375406e-08 2.960128770615166502e-08 2.920300302580854248e-08 2.964689570984188316e-08 2.979140425317958222e-08 2.903077506386208688e-08 2.956090217944292171e-08 2.969974199908062356e-08 2.946418615303208739e-08 2.931408137033395790e-08 2.940605120738833275e-08 2.954714358051021452e-08 2.926405619653499789e-08 2.959553952572604123e-08 2.964308536472229559e-08 2.962133447973770807e-08 2.946127966088395867e-08 2.927891752333125006e-08 2.918160104442915917e-08 2.957020195786875090e-08 2.944514144439229734e-08 2.963816070679312520e-08 2.949106730034187618e-08 2.951388854803312546e-08 2.923537154639729612e-08 2.983764891954645107e-08 2.958908475976749840e-08 2.981213834201457982e-08 2.968730905367083217e-08 2.954985236785479112e-08 2.985048787472041514e-08 2.967740565566437675e-08 2.925857146359354276e-08 2.963861204779645486e-08 2.944684243668603750e-08 2.970534393608708341e-08
2.965244376584436481e-08 2.986340194984053848e-08 2.998783613347127383e-08 2.980628595380825022e-08 2.971739439284643354e-08 2.941003051228743194e-08 2.984902562349687894e-08 2.963439319606668883e-08 2.930680691353378520e-08 2.974113669682693550e-08 2.933738800631091280e-08 2.978726303448320604e-08 2.993422762934589486e-08 2.916310550497115699e-08 2.969974199908062356e-08 2.984379545233708391e-08 2.960258168450020807e-08 2.945023110182562224e-08 2.954321809584306698e-08 2.968671276247473066e-08 2.940061689384481837e-08 2.973539293878770239e-08 2.978314646957011782e-08 2.976154143573383997e-08 2.959891815288363311e-08 2.941437521460719736e-08 2.931667737078202214e-08 2.971037782295678723e-08 2.958362368707413452e-08 2.977888735707868858e-08 2.962938346084514595e-08 2.965255988289643071e-08 2.936971911379931061e-08 2.998093923179053227e-08 2.972895254904919723e-08 2.995546540640252884e-08 2.982775085575279463e-08 2.968904886831089211e-08 2.999271049972934452e-08 2.981941283393386348e-08 2.939329534704223166e-08 2.977937438498809305e-08 2.958572576562312777e-08 2.984562390161705101e-08
2.942044515712604205e-08 2.962381388595345379e-08 2.974662981355856167e-08 2.956961362661843918e-08 2.948212160803871121e-08 2.918302592133534445e-08 2.961216281207166178e-08 2.940306904515690548e-08 2.908151178491148630e-08 2.950648310119963998e-08 2.911146536712633819e-08 2.955235123469800817e-08 2.969323936934922621e-08 2.894314444953637558e-08 2.946418615303208739e-08 2.960258168450020807e-08 2.937232562368957375e-08 2.922309542472937537e-08 2.931328587812535691e-08 2.945301435830264958e-08 2.917255207583940797e-08 2.950041500836229578e-08 2.954635200294116148e-08 2.952625939848884273e-08 2.937022850628175449e-08 2.918787576766720044e-08 2.909216179521785911e-08 2.947497320151970180e-08 2.935139959656330699e-08 2.954266124459890165e-08 2.939718674968265143e-08 2.942129156438246592e-08 2.914577770236306840e-08 2.973939322278450014e-08 2.949379789638190144e-08 2.971343465301148654e-08 2.959054907639321188e-08 2.945540005028152002e-08 2.975277633677017501e-08 2.958086602336741121e-08 2.916787155113264330e-08 2.954348670291663872e-08 2.935388793614729150e-08 2.960945826992851337e-08
2.927190276077417002e-08 2.947188284707747231e-08 2.959382394818158517e-08 2.941854991736434156e-08 2.933197260187548520e-08 2.903653848805116165e-08 2.946059575786895353e-08 2.925462542699494924e-08 2.893663125827640398e-08 2.935667433170236517e-08 2.896663774064793578e-08 2.940199121844148024e-08 2.954093028450404400e-08 2.879975720660059209e-08 2.931408137033395790e-08 2.945023110182562224e-08 2.922309542472937537e-08 2.907721511968916206e-08 2.916550856784969992e-08 2.930383753466449418e-08 2.902669839104430966e-08 2.935081614508228821e-08 2.939539764483725945e-08 2.937651591312606772e-08 2.922242353062565367e-08 2.904156068839038462e-08 2.894606094700907902e-08 2.932478649044767128e-08 2.920298955285505953e-08 2.939177593157802929e-08 2.924908134960782508e-08 2.927204256787442856e-08 2.900051977197636679e-08 2.958701456485850904e-08 2.934410167511889247e-08 2.956031425209598278e-08 2.943963130949898565e-08 2.930600516333613207e-08 2.960017214845006021e-08 2.942937683904245774e-08 2.902275971464115215e-08 2.939302937748838882e-08 2.920462496318333446e-08 2.945854903535089138e-08
2.936238655794392012e-08 2.956457109492170095e-08 2.968776245810867496e-08 2.951077769344793112e-08 2.942313880487512400e-08 2.912568994266469647e-08 2.955375767054589998e-08 2.934542838228696609e-08 2.902506080081939158e-08 2.944813482512390712e-08 2.905525514178740235e-08 2.949307807495330014e-08 2.963402948022470924e-08 2.888664560342313349e-08 2.940605120738833275e-08 2.954321809584306698e-08 2.931328587812535691e-08 2.916550856784969992e-08 2.925604572392610366e-08 2.939461983364517511e-08 2.911538210096338155e-08 2.944274705192384073e-08 2.948790542794536595e-08 2.946792049300600168e-08 2.931182680183144644e-08 2.913026965737622848e-08 2.903480515820684418e-08 2.941649813722620315e-08 2.929347346042956882e-08 2.948374293773213509e-08 2.933964816228360184e-08 2.936288968994840480e-08 2.908873426113704936e-08 2.968060018645218231e-08 2.943590923599694863e-08 2.965413597562403196e-08 2.953236397614779001e-08 2.939702319808922196e-08 2.969337482250322717e-08 2.952219017627012284e-08 2.911143244493222979e-08 2.948458832186638229e-08 2.929566353022149037e-08 2.955114064952890779e-08
2.950263790199828466e-08 2.970809540235397176e-08 2.983139087992173724e-08 2.965228051485789576e-08 2.956497889544019857e-08 2.926322110413815106e-08 2.969514419535713963e-08 2.948444619720214543e-08 2.916185871600933592e-08 2.958943672984399461e-08 2.919234270184992922e-08 2.963509608748937916e-08 2.977771981019542163e-08 2.902184646307164564e-08 2.954714358051021452e-08 2.968671276247473066e-08 2.945301435830264958e-08 2.930383753466449418e-08 2.939461983364517511e-08 2.953612892665133282e-08 2.925401452296227714e-08 2.958298772535154588e-08 2.962968735758596096e-08 2.960924077392061785e-08 2.945112814272168789e-08 2.926850403829619551e-08 2.917140854527633613e-08 2.955772442157179227e-08 2.943356762263900547e-08 2.962601115446746631e-08 2.947925751988100792e-08 2.950244207137138030e-08 2.922523891041467080e-08 2.982405571221402564e-08 2.957708569583876861e-08 2.979821746571397380e-08 2.967414168366094164e-08 2.953789483326536190e-08 2.983662284699724254e-08 2.966443524902863924e-08 2.924802907449755114e-08 2.962646783746144189e-08 2.943530513548982173e-08 2.969288475041042262e-08
2.922197493553116816e-08 2.942189934846117658e-08 2.954405419189692925e-08 2.936752750226670178e-08 2.928225185229054464e-08 2.898629111831938781e-08 2.941023400219163666e-08 2.920372358425454348e-08 2.888655675566782436e-08 2.930637235917203663e-08 2.891666845834467857e-08 2.935182551453902872e-08 2.949072606676235722e-08 2.875015374649630568e-08 2.926405619653499789e-08 2.940061689384481837e-08 2.917255207583940797e-08 2.902669839104430966e-08 2.911538210096338155e-08 2.925401452296227714e-08 2.897832208279791054e-08 2.929976068668881020e-08 2.934504697879508022e-08 2.932612514289423072e-08 2.917186774789889983e-08 2.899167985825767506e-08 2.889662571956914652e-08 2.927451003210758299e-08 2.915349738745697015e-08 2.934216224221317176e-08 2.919875872128150406e-08 2.922151111978890968e-08 2.895000909478893990e-08 2.953678958799198530e-08 2.929372184178028869e-08 2.951040952613154285e-08 2.938933110161270836e-08 2.925571981084426908e-08 2.954908176898462308e-08 2.937944517444874577e-08 2.897263023757947235e-08 2.934278062763346355e-08 2.915478012066591950e-08 2.940828703533167308e-08
2.955000270562561806e-08 2.975570468417876994e-08 2.988038364012005642e-08 2.970175337123671427e-08 2.961223053632514998e-08 2.931066978480676755e-08 2.974441134172583753e-08 2.953320263289444399e-08 2.920937566256568265e-08 2.963776169372866292e-08 2.923979869455933810e-08 2.968216629643247501e-08 2.982671699757115829e-08 2.906742984879836501e-08 2.959553952572604123e-08 2.973539293878770239e-08 2.950041500836229578e-08 2.935081614508228821e-08 2.944274705192384073e-08 2.958298772535154588e-08 2.929976068668881020e-08 2.963319259706791926e-08 2.967842614996898286e-08 2.965756048336038894e-08 2.949820413646413415e-08 2.931475674157648812e-08 2.921819315236946400e-08 2.960622909372232032e-08 2.948086219259348121e-08 2.967333886083612896e-08 2.952771249694842561e-08 2.955076665879473344e-08 2.927258472976404469e-08 2.987370752738960884e-08 2.962537150077298363e-08 2.984707166233818270e-08 2.972310589146933916e-08 2.958565341957824317e-08 2.988589244310660437e-08 2.971344121302065776e-08 2.929586942206675458e-08 2.967444765566390367e-08 2.948329769748499769e-08 2.974140924310347795e-08
2.959584640591256770e-08 2.980410755411688165e-08 2.992905717099053229e-08 2.974805412881818685e-08 2.965956646017434850e-08 2.935512474188483512e-08 2.979105583124010353e-08 2.957837344225454477e-08 2.925307644450763589e-08 2.968431039798004744e-08 2.928383729858865000e-08 2.972972766006999312e-08 2.987497973195865533e-08 2.911055599357590939e-08 2.964308536472229559e-08 2.978314646957011782e-08 2.954635200294116148e-08 2.939539764483725945e-08 2.948790542794536595e-08 2.962968735758596096e-08 2.934504697879508022e-08 2.967842614996898286e-08 2.972662940317456344e-08 2.970421370132436194e-08 2.954351881187075831e-08 2.935980025183034510e-08 2.926237152130720830e-08 2.965336234772831034e-08 2.952713322306777408e-08 2.972112078734223813e-08 2.957336691231973589e-08 2.959628061599759619e-08 2.931589191998596032e-08 2.992149661034739075e-08 2.967216201812876953e-08 2.989608799249252208e-08 2.977034023473746022e-08 2.963249741491418554e-08 2.993427923500939859e-08 2.976063957859816265e-08 2.933912813575872507e-08 2.972142435649518498e-08 2.952926950439326952e-08 2.978839147085366165e-08
2.957614033989201886e-08 2.978255024879558116e-08 2.990669550242502714e-08 2.972735929644406551e-08 2.963868382287799598e-08 2.933597202088966199e-08 2.977029060426699916e-08 2.955835584194206720e-08 2.923376954500125235e-08 2.966374684122524127e-08 2.926488422122221245e-08 2.970913370888796252e-08 2.985318171129518044e-08 2.909307355352697965e-08 2.962133447973770807e-08 2.976154143573383997e-08 2.952625939848884273e-08 2.937651591312606772e-08 2.946792049300600168e-08 2.960924077392061785e-08 2.932612514289423072e-08 2.965756048336038894e-08 2.970421370132436194e-08 2.968407479757712215e-08 2.952436988931718473e-08 2.934089543282171696e-08 2.924342817293770105e-08 2.963210186795102081e-08 2.950677275382061851e-08 2.970004377233100570e-08 2.955318847060204292e-08 2.957645769986434065e-08 2.929737988256582316e-08 2.989951279616548840e-08 2.965127095965053899e-08 2.987358749232844830e-08 2.974854425387611711e-08 2.961200082778089825e-08 2.991246507195085911e-08 2.973934473137242765e-08 2.932090949586430629e-08 2.970085850158341424e-08 2.950895987514714196e-08 2.976697696818180993e-08
2.941913967625495346e-08 2.962093220779801948e-08 2.974359082410407294e-08 2.956738084121714429e-08 2.947984408692478406e-08 2.918169108929364118e-08 2.960972917601760360e-08 2.940161303432714166e-08 2.908107661357446274e-08 2.950469025248606141e-08 2.911055466009143098e-08 2.955047173825302009e-08 2.969008957303599184e-08 2.894317546187316887e-08 2.946127966088395867e-08 2.959891815288363311e-08 2.937022850628175449e-08 2.922242353062565367e-08 2.931182680183144644e-08 2.945112814272168789e-08 2.917186774789889983e-08 2.949820413646413415e-08 2.954351881187075831e-08 2.952436988931718473e-08 2.936974248476473925e-08 2.918701302701957288e-08 2.909141128488043474e-08 2.947279192034012984e-08 2.934965216740969903e-08 2.953997592186207496e-08 2.939566452245457335e-08 2.941969675637425034e-08 2.914523822057668725e-08 2.973653263972460455e-08 2.949184819408021402e-08 2.971018822918604531e-08 2.958780684765992139e-08 2.945342313955608127e-08 2.974980674579305749e-08 2.957786499094069994e-08 2.916747645308225650e-08 2.954116044718770038e-08 2.935198814310630895e-08 2.960723437282005636e-08
2.923700990790277160e-08 2.943626918691120961e-08 2.955815672702916317e-08 2.938282952572334113e-08 2.929650321690467462e-08 2.900192539663277928e-08 2.942525571600155837e-08 2.921867949958254232e-08 2.890132272219544338e-08 2.932130266815668029e-08 2.893162552812245536e-08 2.936632384683566809e-08 2.950535278072445351e-08 2.876521008088230322e-08 2.927891752333125006e-08 2.941437521460719736e-08 2.918787576766720044e-08 2.904156068839038462e-08 2.913026965737622848e-08 2.926850403829619551e-08 2.899167985825767506e-08 2.931475674157648812e-08 2.935980025183034510e-08 2.934089543282171696e-08 2.918701302701957288e-08 2.900735274356486444e-08 2.891116202629036277e-08 2.928919094320408814e-08 2.916783884957622803e-08 2.935698799106872801e-08 2.921361124506477120e-08 2.923626090694667270e-08 2.896522290702473693e-08 2.955106079419712012e-08 2.930868683077366056e-08 2.952483989474386106e-08 2.940427371743501783e-08 2.927077762585457537e-08 2.956438628988307318e-08 2.939415153678018428e-08 2.898764995007958601e-08 2.935752168391717232e-08 2.916987683712160893e-08 2.942317089170086850e-08
2.914000084441954443e-08 2.933822769651104732e-08 2.945991782766903005e-08 2.928554168791997624e-08 2.919965477345705054e-08 2.890643116726981581e-08 2.932836856239671810e-08 2.912334843533296098e-08 2.880696736895704386e-08 2.922398163634607285e-08 2.883608787242119039e-08 2.926947290018457619e-08 2.940634016441854603e-08 2.867170147854976682e-08 2.918160104442915917e-08 2.931667737078202214e-08 2.909216179521785911e-08 2.894606094700907902e-08 2.903480515820684418e-08 2.917140854527633613e-08 2.889662571956914652e-08 2.921819315236946400e-08 2.926237152130720830e-08 2.924342817293770105e-08 2.909141128488043474e-08 2.891116202629036277e-08 2.881805966410675176e-08 2.919240957066262260e-08 2.907157438292587763e-08 2.925907058050683720e-08 2.911702608307496681e-08 2.914120843246054546e-08 2.887122750512071019e-08 2.945275084390298728e-08 2.921124408013752013e-08 2.942623672284148016e-08 2.930645809683969687e-08 2.917356612522806507e-08 2.946572952671724433e-08 2.929629969543926458e-08 2.889289732887526192e-08 2.926014383571955952e-08 2.907371463894606983e-08 2.932605225939897037e-08
2.952442253710422950e-08 2.973117482977772398e-08 2.985564297530156629e-08 2.967594830523444746e-08 2.958762566785705654e-08 2.928423653567149588e-08 2.971848189681195484e-08 2.950698510279204658e-08 2.918267590447347704e-08 2.961232403328712902e-08 2.921298196251116133e-08 2.965782762130976531e-08 2.980200660692552656e-08 2.904097149473986349e-08 2.957020195786875090e-08 2.971037782295678723e-08 2.947497320151970180e-08 2.932478649044767128e-08 2.941649813722620315e-08 2.955772442157179227e-08 2.927451003210758299e-08 2.960622909372232032e-08 2.965336234772831034e-08 2.963210186795102081e-08 2.947279192034012984e-08 2.928919094320408814e-08 2.919240957066262260e-08 2.958168974959914761e-08 2.945544162174527453e-08 2.964850454728536832e-08 2.950188493410536450e-08 2.952510095193051342e-08 2.924554613158429543e-08 2.984861305284759378e-08 2.959987748915419245e-08 2.982286441999710278e-08 2.969723946206786921e-08 2.956039482562731413e-08 2.986125653377252963e-08 2.968828891702962586e-08 2.926898171614809885e-08 2.964933837474538678e-08 2.945783349132869178e-08 2.971578265049199436e-08
2.940053055662071865e-08 2.960454338315584600e-08 2.972785609614024824e-08 2.954984603634343136e-08 2.946241525225956981e-08 2.916292590584460246e-08 2.959243064155690497e-08 2.938298764010388181e-08 2.906196644706101984e-08 2.948703869695418404e-08 2.909164895099101512e-08 2.953247424603227845e-08 2.967431304016907051e-08 2.892271162793446603e-08 2.944514144439229734e-08 2.958362368707413452e-08 2.935139959656330699e-08 2.920298955285505953e-08 2.929347346042956882e-08 2.943356762263900547e-08 2.915349738745697015e-08 2.948086219259348121e-08 2.952713322306777408e-08 2.950677275382061851e-08 2.934965216740969903e-08 2.916783884957622803e-08 2.907157438292587763e-08 2.945544162174527453e-08 2.933256855524189909e-08 2.952303011693811162e-08 2.937757018667060851e-08 2.940083196441787874e-08 2.912524484597441689e-08 2.972064669781711681e-08 2.947437399287855381e-08 2.969465939155917391e-08 2.957138060757068068e-08 2.943560730555674316e-08 2.973323436433217140e-08 2.956154014506286177e-08 2.914786636580388143e-08 2.952378968568207700e-08 2.933371833603782840e-08 2.959015647304219131e-08
2.959272235776351260e-08 2.980013879870983654e-08 2.992406971570034582e-08 2.974332383073481320e-08 2.965604120676638793e-08 2.935184384118323181e-08 2.978685633590235785e-08 2.957360361595551994e-08 2.924916125847106269e-08 2.967995002617704603e-08 2.928027439645303920e-08 2.972581585880204808e-08 2.987003833867533190e-08 2.910779000643958871e-08 2.963816070679312520e-08 2.977888735707868858e-08 2.954266124459890165e-08 2.939177593157802929e-08 2.948374293773213509e-08 2.962601115446746631e-08 2.934216224221317176e-08 2.967333886083612896e-08 2.972112078734223813e-08 2.970004377233100570e-08 2.953997592186207496e-08 2.935698799106872801e-08 2.925907058050683720e-08 2.964850454728536832e-08 2.952303011693811162e-08 2.971820975199109820e-08 2.956938166424068022e-08 2.959197331088882127e-08 2.931239602098704637e-08 2.991640093086967744e-08 2.966808537039236911e-08 2.989143703804757827e-08 2.976557860832153754e-08 2.962865986578380889e-08 2.992910602605510096e-08 2.975650118413200193e-08 2.933579532754431174e-08 2.971766997375804828e-08 2.952562626694169785e-08 2.978392208617891099e-08
2.944722075257538942e-08 2.965028509722817140e-08 2.977371447204700196e-08 2.959587671534958153e-08 2.950835542584407973e-08 2.920921453657698130e-08 2.963811059872276294e-08 2.942954893502864680e-08 2.910782095590209247e-08 2.953286196225433202e-08 2.913899810978239819e-08 2.957807483901432357e-08 2.972014987092012534e-08 2.896795146390772212e-08 2.949106730034187618e-08 2.962938346084514595e-08 2.939718674968265143e-08 2.924908134960782508e-08 2.933964816228360184e-08 2.947925751988100792e-08 2.919875872128150406e-08 2.952771249694842561e-08 2.957336691231973589e-08 2.955318847060204292e-08 2.939566452245457335e-08 2.921361124506477120e-08 2.911702608307496681e-08 2.950188493410536450e-08 2.937757018667060851e-08 2.956938166424068022e-08 2.942522061292609794e-08 2.944627554938965528e-08 2.917128897837100684e-08 2.976699484616864199e-08 2.952086803158799047e-08 2.974050332619049721e-08 2.961754206080654033e-08 2.948210424266401957e-08 2.977963698402031258e-08 2.960775217288387131e-08 2.919454955206306344e-08 2.956984126241450458e-08 2.937994190992127909e-08 2.963593885970599438e-08
2.946900767284508474e-08 2.967370419721502836e-08 2.979815353338841834e-08 2.962023423732470046e-08 2.953199622630076158e-08 2.923096760382926895e-08 2.966375313755149098e-08 2.945318695957704912e-08 2.913076330409273110e-08 2.955668974915825846e-08 2.915971602847951070e-08 2.960256914109454830e-08 2.974414057441585291e-08 2.899123117143158269e-08 2.951388854803312546e-08 2.965255988289643071e-08 2.942129156438246592e-08 2.927204256787442856e-08 2.936288968994840480e-08 2.950244207137138030e-08 2.922151111978890968e-08 2.955076665879473344e-08 2.959628061599759619e-08 2.957645769986434065e-08 2.941969675637425034e-08 2.923626090694667270e-08 2.914120843246054546e-08 2.952510095193051342e-08 2.940083196441787874e-08 2.959197331088882127e-08 2.944627554938965528e-08 2.947275429980094531e-08 2.919465125634909084e-08 2.979078091138026800e-08 2.954379410722360808e-08 2.976471420762173520e-08 2.964075701636418932e-08 2.950487083050893927e-08 2.980402335253460719e-08 2.963133726741538939e-08 2.921735176961792988e-08 2.959351132185242919e-08 2.940294869534178582e-08 2.965999080434275706e-08
2.919349213467310356e-08 2.939099620446251075e-08 2.951251685218861731e-08 2.933945342164018085e-08 2.925293371786976575e-08 2.896116480484210022e-08 2.938152023368568694e-08 2.917733053560025705e-08 2.886137065893870166e-08 2.927732105140169922e-08 2.889087318560659714e-08 2.932277574684520039e-08 2.945939920103750368e-08 2.872604409530935432e-08 2.923537154639729612e-08 2.936971911379931061e-08 2.914577770236306840e-08 2.900051977197636679e-08 2.908873426113704936e-08 2.922523891041467080e-08 2.895000909478893990e-08 2.927258472976404469e-08 2.931589191998596032e-08 2.929737988256582316e-08 2.914523822057668725e-08 2.896522290702473693e-08 2.887122750512071019e-08 2.924554613158429543e-08 2.912524484597441689e-08 2.931239602098704637e-08 2.917128897837100684e-08 2.919465125634909084e-08 2.892647155146882893e-08 2.950594667141944162e-08 2.926501794137292900e-08 2.947886165164397369e-08 2.936033684591052348e-08 2.922734199304244565e-08 2.951936082072120227e-08 2.934933263263967721e-08 2.894745556788839272e-08 2.931359082302810828e-08 2.912686307465919725e-08 2.937958890763667900e-08
2.979004562003172574e-08 3.000137455931680446e-08 3.012743846109889176e-08 2.994473432599352951e-08 2.985509615140391248e-08 2.954602410536164055e-08 2.998794686033698232e-08 2.977230152101375782e-08 2.944367462519600184e-08 2.987953500215198734e-08 2.947347183236414304e-08 2.992545699958130935e-08 3.007358164441496086e-08 2.929824642051018267e-08 2.983764891954645107e-08 2.998093923179053227e-08 2.973939322278450014e-08 2.958701456485850904e-08 2.968060018645218231e-08 2.982405571221402564e-08 2.953678958799198530e-08 2.987370752738960884e-08 2.992149661034739075e-08 2.989951279616548840e-08 2.973653263972460455e-08 2.955106079419712012e-08 2.945275084390298728e-08 2.984861305284759378e-08 2.972064669781711681e-08 2.991640093086967744e-08 2.976699484616864199e-08 2.979078091138026800e-08 2.950594667141944162e-08 3.012084975714646307e-08 2.986731955207400367e-08 3.009504214430671290e-08 2.996648665430817061e-08 2.982676605846945800e-08 3.013248152017437370e-08 2.995772196089702843e-08 2.953052688352971361e-08 2.991738661572806839e-08 2.972291382089181603e-08 2.998453945752738304e-08
2.954408959908574224e-08 2.975078815115569439e-08 2.987444977453013069e-08 2.969486016380709014e-08 2.960664286969192237e-08 2.930372989720503660e-08 2.973807163847538736e-08 2.952601482547734211e-08 2.920211792770312101e-08 2.963132520851011376e-08 2.923249564692598176e-08 2.967657042980116715e-08 2.982069879534295603e-08 2.906080470455812276e-08 2.958908475976749840e-08 2.972895254904919723e-08 2.949379789638190144e-08 2.934410167511889247e-08 2.943590923599694863e-08 2.957708569583876861e-08 2.929372184178028869e-08 2.962537150077298363e-08 2.967216201812876953e-08 2.965127095965053899e-08 2.949184819408021402e-08 2.930868683077366056e-08 2.921124408013752013e-08 2.959987748915419245e-08 2.947437399287855381e-08 2.966808537039236911e-08 2.952086803158799047e-08 2.954379410722360808e-08 2.926501794137292900e-08 2.986731955207400367e-08 2.962004832781432898e-08 2.984161998265495704e-08 2.971680477890110543e-08 2.957972156845486327e-08 2.987985844335849300e-08 2.970720148829409629e-08 2.928867753263888254e-08 2.966850345639565847e-08 2.947689898621321603e-08 2.973520080541783356e-08
2.976379266240532222e-08 2.997642193029133124e-08 3.010215366693034301e-08 2.991878063809542358e-08 2.982964519770878497e-08 2.951960352912775242e-08 2.996244581012183235e-08 2.974562847439943453e-08 2.941667922289560657e-08 2.985371100972554730e-08 2.944648084016744603e-08 2.990010396434346298e-08 3.004814648137524849e-08 2.927124767383416203e-08 2.981213834201457982e-08 2.995546540640252884e-08 2.971343465301148654e-08 2.956031425209598278e-08 2.965413597562403196e-08 2.979821746571397380e-08 2.951040952613154285e-08 2.984707166233818270e-08 2.989608799249252208e-08 2.987358749232844830e-08 2.971018822918604531e-08 2.952483989474386106e-08 2.942623672284148016e-08 2.982286441999710278e-08 2.969465939155917391e-08 2.989143703804757827e-08 2.974050332619049721e-08 2.976471420762173520e-08 2.947886165164397369e-08 3.009504214430671290e-08 2.984161998265495704e-08 3.007045252373849961e-08 2.994066563989360656e-08 2.980116845935132470e-08 3.010706669584515710e-08 2.993208580323410134e-08 2.950324314684430279e-08 2.989179916684920446e-08 2.969689411830488706e-08 2.995881181249970493e-08
