2.964518891669500029e-08 2.990145489939327158e-08 3.004277286373494130e-08 2.984198976645951711e-08 2.982004723362255611e-08 2.947642445017639380e-08 2.989730368319943121e-08 2.966451909170520339e-08 2.938025354299270120e-08 2.982471001605020655e-08 2.939015238886624763e-08 2.980462746256457810e-08 3.000537544485973862e-08 2.920381650933863160e-08 2.978534596220161412e-08 2.991596288663562443e-08 2.962328439080219955e-08 2.953997450956511819e-08 2.957604399964874973e-08 2.968227057050741220e-08 2.944959570540235049e-08 2.976654665178728555e-08 2.984431738024142558e-08 2.984542140343180583e-08 2.965939560660107811e-08 2.943440266160936495e-08 2.934896026002841848e-08 2.974347821707743884e-08 2.963553044000597557e-08 2.981140096111639024e-08 2.960042200872084199e-08 2.969803475103008401e-08 2.936686373687275909e-08 2.999464882588079273e-08 2.982414697203050236e-08 2.999530118746821536e-08 2.982990717657284874e-08 2.972527876655398361e-08 3.002442194360368634e-08 2.986389719640520103e-08 2.944334998599598781e-08 2.981665847945005450e-08 2.963073251161204899e-08 2.986116981744615535e-08
2.990145489939327158e-08 3.016772450370461348e-08 3.031004083641990660e-08 3.010487714231817908e-08 3.008151299196414341e-08 2.972860807735523279e-08 3.016173867268393203e-08 2.992093742035235243e-08 2.963130493051711348e-08 3.008676955961955318e-08 2.964045640338333013e-08 3.006526156127190224e-08 3.027235191390915386e-08 2.945033018131969259e-08 3.004716959030032673e-08 3.017995026452902490e-08 2.988070058089643767e-08 2.979366983383132898e-08 2.983105245764446433e-08 2.994067796766302814e-08 2.970259245338684599e-08 3.002711883765300965e-08 3.010731578315325346e-08 3.010665434156105478e-08 2.991507212452078824e-08 2.968759892369639561e-08 2.959911670026544063e-08 3.000490418095097240e-08 2.989260259564898774e-08 3.007334770559041151e-08 2.985573560228918055e-08 2.995555243378092128e-08 2.961756661888578250e-08 3.026246189791824110e-08 3.008519987566256985e-08 3.026322287804492353e-08 3.009224185968377123e-08 2.998541945918358650e-08 3.029069156451829675e-08 3.012740380498088002e-08 2.969657297761648671e-08 3.007727636890550722e-08 2.988919729371281410e-08 3.012494414394850015e-08
3.004277286373494130e-08 3.031004083641990660e-08 3.045659649183353510e-08 3.024769562222139604e-08 3.022424241607550515e-08 2.986806737289032488e-08 3.030432731570300288e-08 3.006269023732672344e-08 2.977102353132648942e-08 3.022976624529642519e-08 2.978076256340291669e-08 3.020804070470065531e-08 3.041635048943924623e-08 2.958814079953068935e-08 3.019089662020479201e-08 3.032380628014630563e-08 3.002170186748626150e-08 2.993460559203406183e-08 2.997316802330987727e-08 3.008227024744887433e-08 2.984333496426550194e-08 3.017005174838946011e-08 3.025075295451944076e-08 3.024954150218073990e-08 3.005611607312042873e-08 2.982845982239992374e-08 2.973900204976373469e-08 3.014740317773627636e-08 3.003372501924365996e-08 3.021672034504465663e-08 2.999737352482000309e-08 3.009737130423838314e-08 2.975778762801985582e-08 3.040676337285129330e-08 3.022760941047796529e-08 3.040846102739969084e-08 3.023524946055031155e-08 3.012730957184197965e-08 3.043568939938151932e-08 3.027075477211023729e-08 2.983658795951531131e-08 3.022027987484522268e-08 3.002960514523628068e-08 3.026835701823309368e-08
2.984198976645951711e-08 3.010487714231817908e-08 3.024769562222139604e-08 3.004501307388924780e-08 3.002079728373098312e-08 2.967043889474317748e-08 3.009979828693181531e-08 2.986194655107881060e-08 2.957247367807857110e-08 3.002639448969809614e-08 2.958307668796416531e-08 3.000442655450273915e-08 3.021035420680877602e-08 2.939353323023350610e-08 2.998647067584472218e-08 3.011820878028547275e-08 2.982063358043303118e-08 2.973475848667375838e-08 2.977209645619987617e-08 2.988109775512899485e-08 2.964425355932598615e-08 2.996740934866905008e-08 3.004688643593212479e-08 3.004624536559984663e-08 2.985641053616024643e-08 2.962900539409369738e-08 2.954196779559529013e-08 2.994443611780580554e-08 2.983342385469566956e-08 3.001213743879460377e-08 2.979708799998666617e-08 2.989613944344993800e-08 2.955918526740824480e-08 3.019976753323522641e-08 3.002496309701159399e-08 3.020129059699540563e-08 3.003118695044984588e-08 2.992502986739262584e-08 3.022924342440687096e-08 3.006619353183940584e-08 2.963789079661234999e-08 3.001665081828109974e-08 2.982925431548270543e-08 3.006383023297530288e-08
2.982004723362255611e-08 3.008151299196414341e-08 3.022424241607550515e-08 3.002079728373098312e-08 2.999878650839335131e-08 2.964905459426267911e-08 3.007713838995669366e-08 2.983986953181910131e-08 2.955225020720892788e-08 3.000342322349023861e-08 2.956206732040708195e-08 2.998239754793684635e-08 3.018631164308938313e-08 2.937323026193571247e-08 2.996438918995217870e-08 3.009570384697785860e-08 2.979866910102605444e-08 2.971356441903160017e-08 2.975086377918637136e-08 2.985891629367593391e-08 2.962214783171794574e-08 2.994478734230761604e-08 3.002336822316382836e-08 3.002370246371080320e-08 2.983402924728857596e-08 2.960779640491255033e-08 2.952068041373644660e-08 2.992151948875693354e-08 2.981072612528538445e-08 2.998985022701979625e-08 2.977519232006126103e-08 2.987403596911470871e-08 2.953876914784442262e-08 3.017679652363531865e-08 3.000225365814969297e-08 3.017761970996006869e-08 3.000819757385455120e-08 2.990237665491140852e-08 3.020583641161961791e-08 3.004301667499600772e-08 2.961641887815580263e-08 2.999443224063239472e-08 2.980675202274823167e-08 3.004090141757629345e-08
2.947642445017639380e-08 2.972860807735523279e-08 2.986806737289032488e-08 2.967043889474317748e-08 2.964905459426267911e-08 2.931214570573794328e-08 2.972504892267080757e-08 2.949677982944922658e-08 2.921575999490627931e-08 2.965320886813288310e-08 2.922566607985457954e-08 2.963452705900627894e-08 2.983136688952872433e-08 2.904192129357677312e-08 2.961429451908012447e-08 2.974338559350069722e-08 2.945509936296684271e-08 2.937359436306715188e-08 2.940889067635759527e-08 2.951348505861467670e-08 2.928321013766975616e-08 2.959647776850071005e-08 2.967215722344409165e-08 2.967433937515108136e-08 2.949138042289496771e-08 2.926853024449117784e-08 2.918469036198459572e-08 2.957273519550181612e-08 2.946771788507232541e-08 2.963970527069395679e-08 2.943352412281416364e-08 2.952939990004299950e-08 2.920248006810348036e-08 2.982081357963072998e-08 2.965355370524904370e-08 2.982010092235033983e-08 2.965864593195836686e-08 2.955541644075921153e-08 2.985093359394665168e-08 2.969187692896210879e-08 2.927752811754357035e-08 2.964581143241717744e-08 2.946193389308572281e-08 2.968863761543743915e-08
2.989730368319943121e-08 3.016173867268393203e-08 3.030432731570300288e-08 3.009979828693181531e-08 3.007713838995669366e-08 2.972504892267080757e-08 3.015688582855252441e-08 2.991668446959556326e-08 2.962777772739538738e-08 3.008206308181690542e-08 2.963759861113436872e-08 3.006063617470205093e-08 3.026640542921478974e-08 2.944768225258968297e-08 3.004272512597363317e-08 3.017509178733452481e-08 2.987629800298689428e-08 2.979000542848638552e-08 2.982741785982845551e-08 2.993660956489219159e-08 2.969850172781418145e-08 3.002276780218242572e-08 3.010261158487486707e-08 3.010202153529727149e-08 2.991105465808649849e-08 2.968410741336610130e-08 2.959612267856061361e-08 3.000002118369901383e-08 2.988812750504581031e-08 3.006869973827625556e-08 2.985192035337748943e-08 2.995149378409511998e-08 2.961437538019755776e-08 3.025678137226406233e-08 3.008062031180616977e-08 3.025778729009256536e-08 3.008725831410164733e-08 2.998056780279868963e-08 3.028528913608794530e-08 3.012219120177434020e-08 2.969295483676371683e-08 3.007269882398720276e-08 2.988473786489657909e-08 3.012001655410568006e-08
2.966451909170520339e-08 2.992093742035235243e-08 3.006269023732672344e-08 2.986194655107881060e-08 2.983986953181910131e-08 2.949677982944922658e-08 2.991668446959556326e-08 2.968558100891708381e-08 2.940004355052291219e-08 2.984435607969146042e-08 2.941022896244354530e-08 2.982488531768395241e-08 3.002502401535568186e-08 2.922364302518616687e-08 2.980569114908318510e-08 2.993584064569436660e-08 2.964299578899696075e-08 2.955991623798382709e-08 2.959619053228832549e-08 2.970242867635967396e-08 2.946957801062805624e-08 2.978701511938333371e-08 2.986406946098628706e-08 2.986571963125047410e-08 2.967909529434100882e-08 2.945424908340666947e-08 2.936890587647657612e-08 2.976313012639215367e-08 2.965554058963692921e-08 2.983099657900172218e-08 2.962063088310376146e-08 2.971823645912949838e-08 2.938637466856785262e-08 3.001480529128127836e-08 2.984399481479678291e-08 3.001494930120178075e-08 2.984981747558171997e-08 2.974547396468830308e-08 3.004491605369713925e-08 2.988399812791062153e-08 2.946309035426194756e-08 2.983659283265056611e-08 2.965039069694460454e-08 2.988094364800319999e-08
2.938025354299270120e-08 2.963130493051711348e-08 2.977102353132648942e-08 2.957247367807857110e-08 2.955225020720892788e-08 2.921575999490627931e-08 2.962777772739538738e-08 2.940004355052291219e-08 2.912270040518332472e-08 2.955561358266979789e-08 2.913097163711353818e-08 2.953768254241562406e-08 2.973340768101503520e-08 2.894783569003734185e-08 2.951768801514003547e-08 2.964633759129685689e-08 2.935854805031368748e-08 2.927830824242305439e-08 2.931337949781874396e-08 2.941727571160224191e-08 2.918824497128497930e-08 2.949943662345375520e-08 2.957454560212991650e-08 2.957703272907024313e-08 2.939495732383468074e-08 2.917304806912083788e-08 2.908964079322485054e-08 2.947586193232857682e-08 2.937131681282337125e-08 2.954371086056605544e-08 2.933777150488334282e-08 2.943286979448733531e-08 2.910788458942142332e-08 2.972329279961322513e-08 2.955619585713005252e-08 2.972217456228631045e-08 2.956139958664732378e-08 2.945875994310551712e-08 2.975306962040232460e-08 2.959511072634269342e-08 2.918246614251712405e-08 2.954965414153914142e-08 2.936504627311116253e-08 2.959165647293869617e-08
2.982471001605020655e-08 3.008676955961955318e-08 3.022976624529642519e-08 3.002639448969809614e-08 3.000342322349023861e-08 2.965320886813288310e-08 3.008206308181690542e-08 2.984435607969146042e-08 2.955561358266979789e-08 3.000932555935917272e-08 2.956566556304812560e-08 2.998703236185854266e-08 3.019269436771350582e-08 2.937736005080930895e-08 2.996959770289372478e-08 3.010032682799415748e-08 2.980339213143631081e-08 2.971799360687611066e-08 2.975523556518374278e-08 2.986373389816172822e-08 2.962653289895566416e-08 2.994969621182479099e-08 3.002826711807426041e-08 3.002843476263454005e-08 2.983891103442387703e-08 2.961209817271020873e-08 2.952508013426118775e-08 2.992654617657184772e-08 2.981562841760350964e-08 2.999473353433205622e-08 2.977946120723458081e-08 2.987842878233743304e-08 2.954302614087751750e-08 3.018222670813278983e-08 3.000738050297764092e-08 3.018322260827118525e-08 3.001393615124433635e-08 2.990770737474740830e-08 3.021112394583308823e-08 3.004798631046916120e-08 2.962057768974350674e-08 2.999924973699835746e-08 2.981199848976572811e-08 3.004600885642819609e-08
2.939015238886624763e-08 2.964045640338333013e-08 2.978076256340291669e-08 2.958307668796416531e-08 2.956206732040708195e-08 2.922566607985457954e-08 2.963759861113436872e-08 2.941022896244354530e-08 2.913097163711353818e-08 2.956566556304812560e-08 2.914178767113791876e-08 2.954726548324500347e-08 2.974292681336853592e-08 2.895711941337539884e-08 2.952754086110958966e-08 2.965626878729770597e-08 2.936842894880083850e-08 2.928792247854458337e-08 2.932317001171457007e-08 2.942726228335228406e-08 2.919811793238729470e-08 2.950959730908269779e-08 2.958573316636708645e-08 2.958721611002021438e-08 2.940520459928062415e-08 2.918299388190602665e-08 2.909991940219020217e-08 2.948553819682373414e-08 2.938115637997604889e-08 2.955350845576812971e-08 2.934781395875124190e-08 2.944334190259478201e-08 2.911747909001145409e-08 2.973271996017105072e-08 2.956617805722437332e-08 2.973241840305166666e-08 2.957132194727249083e-08 2.946846174187457542e-08 2.976304522406875328e-08 2.960493928154937073e-08 2.919237207519811970e-08 2.955918387717124868e-08 2.937522093783520079e-08 2.960163464626185449e-08
2.980462746256457810e-08 3.006526156127190224e-08 3.020804070470065531e-08 3.000442655450273915e-08 2.998239754793684635e-08 2.963452705900627894e-08 3.006063617470205093e-08 2.982488531768395241e-08 2.953768254241562406e-08 2.998703236185854266e-08 2.954726548324500347e-08 2.996790300098582683e-08 3.016963677714043515e-08 2.935904873216963539e-08 2.994832322450774857e-08 3.008006832679727922e-08 2.978383068877743004e-08 2.969909930317494452e-08 2.973591195331373841e-08 2.984292947465015046e-08 2.960780004877580854e-08 2.992898679738019852e-08 3.000704283096803976e-08 3.000797117569876092e-08 2.981892156894529593e-08 2.959345711143396291e-08 2.950610203546152641e-08 2.990583201391647600e-08 2.979515953430502892e-08 2.997387625982669593e-08 2.975987690841500294e-08 2.985885564076901579e-08 2.952409878488078807e-08 3.015993209198449407e-08 2.998650977756734654e-08 3.016044067348631359e-08 2.999295138712272721e-08 2.988703674819903178e-08 3.018933843399690005e-08 3.002733635325187065e-08 2.960182235852168888e-08 2.997884267109391653e-08 2.979097911971075463e-08 3.002461464243681926e-08
3.000537544485973862e-08 3.027235191390915386e-08 3.041635048943924623e-08 3.021035420680877602e-08 3.018631164308938313e-08 2.983136688952872433e-08 3.026640542921478974e-08 3.002502401535568186e-08 2.973340768101503520e-08 3.019269436771350582e-08 2.974292681336853592e-08 3.016963677714043515e-08 3.038007248098329938e-08 2.955293523654192698e-08 3.015262279757237473e-08 3.028458894283589132e-08 2.998458980374316277e-08 2.989709665207990744e-08 2.993533869499820773e-08 3.004576734135827966e-08 2.980605612782062712e-08 3.013205761867508456e-08 3.021212131238584525e-08 3.021171587587249802e-08 3.001911822006507261e-08 2.979051119149348128e-08 2.970192279610974849e-08 3.010941206943240982e-08 2.999687158850187116e-08 3.017795534640851294e-08 2.995925146037541117e-08 3.005963217718230657e-08 2.972039862472476479e-08 3.036880206885998209e-08 3.019048927220085494e-08 3.036987610577195565e-08 3.019811509022812379e-08 3.009036109840432996e-08 3.039683226961139794e-08 3.023226382271065106e-08 2.979962091827936681e-08 3.018234768236428289e-08 2.999372420864040298e-08 3.023058738974187383e-08
2.920381650933863160e-08 2.945033018131969259e-08 2.958814079953068935e-08 2.939353323023350610e-08 2.937323026193571247e-08 2.904192129357677312e-08 2.944768225258968297e-08 2.922364302518616687e-08 2.894783569003734185e-08 2.937736005080930895e-08 2.895711941337539884e-08 2.935904873216963539e-08 2.955293523654192698e-08 2.877790028732825574e-08 2.933897936633903864e-08 2.946524544500782517e-08 2.918218237842275691e-08 2.910304956730543006e-08 2.913729385049184157e-08 2.924084006567528740e-08 2.901349469428676310e-08 2.932138343678580191e-08 2.939472843025549968e-08 2.939802241792156624e-08 2.921893361918613051e-08 2.899836728711175739e-08 2.891698734695328724e-08 2.929704947327450756e-08 2.919508653758407327e-08 2.936397908611234795e-08 2.916119952015207974e-08 2.925584311177715470e-08 2.893392948335711474e-08 2.954154550349814993e-08 2.937790517860256766e-08 2.953999908299414916e-08 2.938308546148636307e-08 2.928115799998402551e-08 2.957117229420499520e-08 2.941479236216651474e-08 2.900798099659614978e-08 2.937079394096179293e-08 2.918932293144398013e-08 2.941116154385082089e-08
2.978534596220161412e-08 3.004716959030032673e-08 3.019089662020479201e-08 2.998647067584472218e-08 2.996438918995217870e-08 2.961429451908012447e-08 3.004272512597363317e-08 2.980569114908318510e-08 2.951768801514003547e-08 2.996959770289372478e-08 2.952754086110958966e-08 2.994832322450774857e-08 3.015262279757237473e-08 2.933897936633903864e-08 2.993172004386103661e-08 3.006139221529401657e-08 2.976432774354084318e-08 2.967975574819197092e-08 2.971676378407488541e-08 2.982488462832074875e-08 2.958782684374613593e-08 2.991087356409466549e-08 2.998916604427902919e-08 2.998920476235136130e-08 2.979921398703126689e-08 2.957396361623973154e-08 2.948633922334853505e-08 2.988709935980168589e-08 2.977619891016219866e-08 2.995596478547945553e-08 2.974065530489166397e-08 2.983984073073817221e-08 2.950451534296672680e-08 3.014317112736775424e-08 2.996776174402234628e-08 3.014404449507886208e-08 2.997460463278032570e-08 2.986862017979573206e-08 3.017176421458484332e-08 3.000892314131086345e-08 2.958213026383386696e-08 2.996055976204854458e-08 2.977256653866983380e-08 3.000675518887622734e-08
2.991596288663562443e-08 3.017995026452902490e-08 3.032380628014630563e-08 3.011820878028547275e-08 3.009570384697785860e-08 2.974338559350069722e-08 3.017509178733452481e-08 2.993584064569436660e-08 2.964633759129685689e-08 3.010032682799415748e-08 2.965626878729770597e-08 3.008006832679727922e-08 3.028458894283589132e-08 2.946524544500782517e-08 3.006139221529401657e-08 3.019502004576416425e-08 2.989493070682903780e-08 2.980900777130092062e-08 2.984659605154374762e-08 2.995472220732779454e-08 2.971764965871326925e-08 3.004132670391853395e-08 3.012164679399502931e-08 3.012149238869234208e-08 2.992988170732017885e-08 2.970291299592145703e-08 2.961453629332594972e-08 3.001890865142338973e-08 2.990629388028422551e-08 3.008775552413401773e-08 2.987052197736708420e-08 2.997042843999969555e-08 2.963282303559805305e-08 3.027515907991647911e-08 3.009932405769949504e-08 3.027678806298845268e-08 3.010597118095422179e-08 2.999916047430913605e-08 3.030460329185714139e-08 3.014140481333832877e-08 2.971149547629505302e-08 3.009177964716139652e-08 2.990224553725523129e-08 3.013942858899799863e-08
2.962328439080219955e-08 2.988070058089643767e-08 3.002170186748626150e-08 2.982063358043303118e-08 2.979866910102605444e-08 2.945509936296684271e-08 2.987629800298689428e-08 2.964299578899696075e-08 2.935854805031368748e-08 2.980339213143631081e-08 2.936842894880083850e-08 2.978383068877743004e-08 2.998458980374316277e-08 2.918218237842275691e-08 2.976432774354084318e-08 2.989493070682903780e-08 2.960269797556414516e-08 2.951848081377771658e-08 2.955478232846732553e-08 2.966114116212974130e-08 2.942817666766398018e-08 2.974518824865315536e-08 2.982290037661693067e-08 2.982421681661351153e-08 2.963754829493455144e-08 2.941316807900469928e-08 2.932759598832751861e-08 2.972260765473661721e-08 2.961404081694102236e-08 2.979018768046107346e-08 2.957870057824500121e-08 2.967680446738073857e-08 2.934536005697904411e-08 2.997447235187408202e-08 2.980296355484114705e-08 2.997429607197894343e-08 2.980919870351018519e-08 2.970427257396978752e-08 3.000368669356280065e-08 2.984274419211201805e-08 2.942222986782935036e-08 2.979502798551540121e-08 2.960978839445074685e-08 2.984013664003003764e-08
2.953997450956511819e-08 2.979366983383132898e-08 2.993460559203406183e-08 2.973475848667375838e-08 2.971356441903160017e-08 2.937359436306715188e-08 2.979000542848638552e-08 2.955991623798382709e-08 2.927830824242305439e-08 2.971799360687611066e-08 2.928792247854458337e-08 2.969909930317494452e-08 2.989709665207990744e-08 2.910304956730543006e-08 2.967975574819197092e-08 2.980900777130092062e-08 2.951848081377771658e-08 2.943757474383253927e-08 2.947218894836439988e-08 2.957713436030394047e-08 2.934616327012472209e-08 2.966059546673419230e-08 2.973710423926354423e-08 2.973887540964194392e-08 2.955519484985481560e-08 2.933124513871241012e-08 2.924666115310165345e-08 2.963710036097857338e-08 2.953080814158694361e-08 2.970518404747491231e-08 2.949637995656958033e-08 2.959335420869611614e-08 2.926501498843811193e-08 2.988653774404048026e-08 2.971800764217112108e-08 2.988613814829953894e-08 2.972358572870423329e-08 2.961973860410400955e-08 2.991642258654476952e-08 2.975719815439139517e-08 2.934036088721985530e-08 2.971098729926260628e-08 2.952533143913464049e-08 2.975398986067215243e-08
2.957604399964874973e-08 2.983105245764446433e-08 2.997316802330987727e-08 2.977209645619987617e-08 2.975086377918637136e-08 2.940889067635759527e-08 2.982741785982845551e-08 2.959619053228832549e-08 2.931337949781874396e-08 2.975523556518374278e-08 2.932317001171457007e-08 2.973591195331373841e-08 2.993533869499820773e-08 2.913729385049184157e-08 2.971676378407488541e-08 2.984659605154374762e-08 2.955478232846732553e-08 2.947218894836439988e-08 2.950901386242124684e-08 2.961405107305106884e-08 2.938186786562386654e-08 2.969769642325791816e-08 2.977445779914618696e-08 2.977624073119404999e-08 2.959049663569693475e-08 2.936713851175083547e-08 2.928206564202892267e-08 2.967434996652737944e-08 2.956686950072696181e-08 2.974234857229196860e-08 2.953255128218875138e-08 2.962948142216351514e-08 2.930023920431844641e-08 2.992495189631285351e-08 2.975499581600100765e-08 2.992513182507391955e-08 2.976095000301487635e-08 2.965632617152797588e-08 2.995489357939696752e-08 2.979442173233583587e-08 2.937592130532654438e-08 2.974760886591136963e-08 2.956161916202910248e-08 2.979189251156190725e-08
2.968227057050741220e-08 2.994067796766302814e-08 3.008227024744887433e-08 2.988109775512899485e-08 2.985891629367593391e-08 2.951348505861467670e-08 2.993660956489219159e-08 2.970242867635967396e-08 2.941727571160224191e-08 2.986373389816172822e-08 2.942726228335228406e-08 2.984292947465015046e-08 3.004576734135827966e-08 2.924084006567528740e-08 2.982488462832074875e-08 2.995472220732779454e-08 2.966114116212974130e-08 2.957713436030394047e-08 2.961405107305106884e-08 2.972198124622200595e-08 2.948706102344802020e-08 2.980558675200836687e-08 2.988320553111595514e-08 2.988421767310051301e-08 2.969649460327782447e-08 2.947168515006532959e-08 2.938617575968983672e-08 2.978188054754965188e-08 2.967364493288113661e-08 2.985031245674140664e-08 2.963805719439791811e-08 2.973608396086430118e-08 2.940352225766995996e-08 3.003524227992789343e-08 2.986287425872659788e-08 3.003552903862834579e-08 2.986933607636071723e-08 2.976410800845076737e-08 3.006425944966375561e-08 2.990296124292827235e-08 2.948123380696947593e-08 2.985549831609507854e-08 2.966943010761330316e-08 2.990045680332376036e-08
2.944959570540235049e-08 2.970259245338684599e-08 2.984333496426550194e-08 2.964425355932598615e-08 2.962214783171794574e-08 2.928321013766975616e-08 2.969850172781418145e-08 2.946957801062805624e-08 2.918824497128497930e-08 2.962653289895566416e-08 2.919811793238729470e-08 2.960780004877580854e-08 2.980605612782062712e-08 2.901349469428676310e-08 2.958782684374613593e-08 2.971764965871326925e-08 2.942817666766398018e-08 2.934616327012472209e-08 2.938186786562386654e-08 2.948706102344802020e-08 2.925830998151210226e-08 2.956924189068782661e-08 2.964657828314986468e-08 2.964831285836642880e-08 2.946388652349670410e-08 2.924111033961943407e-08 2.915692116778393464e-08 2.954657808792569025e-08 2.944057399622622528e-08 2.961434878785833694e-08 2.940569014462208366e-08 2.950250288845054520e-08 2.917437035207672145e-08 2.979470113438573143e-08 2.962694172310158698e-08 2.979495734287673275e-08 2.963294641231414597e-08 2.952897859946453857e-08 2.982515139859919545e-08 2.966641164705517626e-08 2.925120151449789009e-08 2.961971930352261289e-08 2.943491835953114045e-08 2.966287694918984473e-08
2.976654665178728555e-08 3.002711883765300965e-08 3.017005174838946011e-08 2.996740934866905008e-08 2.994478734230761604e-08 2.959647776850071005e-08 3.002276780218242572e-08 2.978701511938333371e-08 2.949943662345375520e-08 2.994969621182479099e-08 2.950959730908269779e-08 2.992898679738019852e-08 3.013205761867508456e-08 2.932138343678580191e-08 2.991087356409466549e-08 3.004132670391853395e-08 2.974518824865315536e-08 2.966059546673419230e-08 2.969769642325791816e-08 2.980558675200836687e-08 2.956924189068782661e-08 2.989211440753624800e-08 2.996961177389306320e-08 2.996979423674237708e-08 2.978095813325839001e-08 2.955517686381041221e-08 2.946836334529788395e-08 2.986779429315321310e-08 2.975776527932050170e-08 2.993560147268821130e-08 2.972248881538957621e-08 2.982068749816996294e-08 2.948569806697886542e-08 3.012254039613139229e-08 2.994845281973600992e-08 3.012337628884142319e-08 2.995456996761028840e-08 2.984909918900359659e-08 3.015162757291404166e-08 2.998929253884062334e-08 2.956333285498884123e-08 2.994088640941448674e-08 2.975354223763555908e-08 2.998664248563314593e-08
2.984431738024142558e-08 3.010731578315325346e-08 3.025075295451944076e-08 3.004688643593212479e-08 3.002336822316382836e-08 2.967215722344409165e-08 3.010261158487486707e-08 2.986406946098628706e-08 2.957454560212991650e-08 3.002826711807426041e-08 2.958573316636708645e-08 3.000704283096803976e-08 3.021212131238584525e-08 2.939472843025549968e-08 2.998916604427902919e-08 3.012164679399502931e-08 2.982290037661693067e-08 2.973710423926354423e-08 2.977445779914618696e-08 2.988320553111595514e-08 2.964657828314986468e-08 2.996961177389306320e-08 3.005043030535022829e-08 3.004893440614845885e-08 2.985814674426532693e-08 2.963147324196247318e-08 2.954364804844619170e-08 2.994665465959372679e-08 2.983508395435679827e-08 3.001494530557917296e-08 2.979908297522458177e-08 2.989870705553684461e-08 2.956111503000515887e-08 3.020211715486864100e-08 3.002701956417350513e-08 3.020450700088603269e-08 3.003334499778783693e-08 2.992690591268423436e-08 3.023161637174801590e-08 3.006883869313740787e-08 2.964025737003637696e-08 3.001937836340387586e-08 2.983088993676948241e-08 3.006679256484453005e-08
2.984542140343180583e-08 3.010665434156105478e-08 3.024954150218073990e-08 3.004624536559984663e-08 3.002370246371080320e-08 2.967433937515108136e-08 3.010202153529727149e-08 2.986571963125047410e-08 2.957703272907024313e-08 3.002843476263454005e-08 2.958721611002021438e-08 3.000797117569876092e-08 3.021171587587249802e-08 2.939802241792156624e-08 2.998920476235136130e-08 3.012149238869234208e-08 2.982421681661351153e-08 2.973887540964194392e-08 2.977624073119404999e-08 2.988421767310051301e-08 2.964831285836642880e-08 2.996979423674237708e-08 3.004893440614845885e-08 3.005008412090710555e-08 2.985984153096849546e-08 2.963294799746327002e-08 2.954595890059002178e-08 2.994694380909556093e-08 2.983591844371440136e-08 3.001517407852728334e-08 2.980010148147332787e-08 2.989973015186049685e-08 2.956338745741389742e-08 3.020179229201905674e-08 3.002771365627778617e-08 3.020312539247742708e-08 3.003393014413168911e-08 2.992782649486545932e-08 3.023172137162871367e-08 3.006881493750544597e-08 2.964202847365065044e-08 3.002015684480905257e-08 2.983184375829531232e-08 3.006656513013536018e-08
2.965939560660107811e-08 2.991507212452078824e-08 3.005611607312042873e-08 2.985641053616024643e-08 2.983402924728857596e-08 2.949138042289496771e-08 2.991105465808649849e-08 2.967909529434100882e-08 2.939495732383468074e-08 2.983891103442387703e-08 2.940520459928062415e-08 2.981892156894529593e-08 3.001911822006507261e-08 2.921893361918613051e-08 2.979921398703126689e-08 2.992988170732017885e-08 2.963754829493455144e-08 2.955519484985481560e-08 2.959049663569693475e-08 2.969649460327782447e-08 2.946388652349670410e-08 2.978095813325839001e-08 2.985814674426532693e-08 2.985984153096849546e-08 2.967541525861618149e-08 2.944872884916481719e-08 2.936433627397545244e-08 2.975777367771864266e-08 2.965023505632704540e-08 2.982538751651256998e-08 2.961514058760125015e-08 2.971283136717688298e-08 2.938180974885599207e-08 3.000825221416149497e-08 2.983881012408812882e-08 3.000828721686414011e-08 2.984410419120287055e-08 2.973956497120748790e-08 3.003856726617727749e-08 2.987829225809238002e-08 2.945795269414912781e-08 2.983110422713102220e-08 2.964517134873815843e-08 2.987497973872549566e-08
2.943440266160936495e-08 2.968759892369639561e-08 2.982845982239992374e-08 2.962900539409369738e-08 2.960779640491255033e-08 2.926853024449117784e-08 2.968410741336610130e-08 2.945424908340666947e-08 2.917304806912083788e-08 2.961209817271020873e-08 2.918299388190602665e-08 2.959345711143396291e-08 2.979051119149348128e-08 2.899836728711175739e-08 2.957396361623973154e-08 2.970291299592145703e-08 2.941316807900469928e-08 2.933124513871241012e-08 2.936713851175083547e-08 2.947168515006532959e-08 2.924111033961943407e-08 2.955517686381041221e-08 2.963147324196247318e-08 2.963294799746327002e-08 2.944872884916481719e-08 2.922721732852124944e-08 2.914206879038341914e-08 2.953162894706118877e-08 2.942489842058306720e-08 2.959936408473952138e-08 2.939108180727040924e-08 2.948756714700300477e-08 2.915995712739672707e-08 2.978027729462204889e-08 2.961195836767029497e-08 2.978075314137738031e-08 2.961791318826744196e-08 2.951398087158294887e-08 2.981019293390368207e-08 2.965113968477520661e-08 2.923554309780806019e-08 2.960486001101068164e-08 2.941994956926454780e-08 2.964806563815470127e-08
2.934896026002841848e-08 2.959911670026544063e-08 2.973900204976373469e-08 2.954196779559529013e-08 2.952068041373644660e-08 2.918469036198459572e-08 2.959612267856061361e-08 2.936890587647657612e-08 2.908964079322485054e-08 2.952508013426118775e-08 2.909991940219020217e-08 2.950610203546152641e-08 2.970192279610974849e-08 2.891698734695328724e-08 2.948633922334853505e-08 2.961453629332594972e-08 2.932759598832751861e-08 2.924666115310165345e-08 2.928206564202892267e-08 2.938617575968983672e-08 2.915692116778393464e-08 2.946836334529788395e-08 2.954364804844619170e-08 2.954595890059002178e-08 2.936433627397545244e-08 2.914206879038341914e-08 2.906015615304831554e-08 2.944505092894963198e-08 2.934009543215022804e-08 2.951204107244662507e-08 2.930595723002625002e-08 2.940164139517801912e-08 2.907607245604283482e-08 2.969148553408466392e-08 2.952515762748572477e-08 2.969081381856272159e-08 2.953043121650189476e-08 2.942729124054125299e-08 2.972191912997136293e-08 2.956333305720130459e-08 2.915117679651689552e-08 2.951758591548313233e-08 2.933431201033008628e-08 2.955983318390474720e-08
2.974347821707743884e-08 3.000490418095097240e-08 3.014740317773627636e-08 2.994443611780580554e-08 2.992151948875693354e-08 2.957273519550181612e-08 3.000002118369901383e-08 2.976313012639215367e-08 2.947586193232857682e-08 2.992654617657184772e-08 2.948553819682373414e-08 2.990583201391647600e-08 3.010941206943240982e-08 2.929704947327450756e-08 2.988709935980168589e-08 3.001890865142338973e-08 2.972260765473661721e-08 2.963710036097857338e-08 2.967434996652737944e-08 2.978188054754965188e-08 2.954657808792569025e-08 2.986779429315321310e-08 2.994665465959372679e-08 2.994694380909556093e-08 2.975777367771864266e-08 2.953162894706118877e-08 2.944505092894963198e-08 2.984577606344400796e-08 2.973442507602180912e-08 2.991292975880865414e-08 2.969838935623999892e-08 2.979735164100760623e-08 2.946231169955586471e-08 3.009952520302515738e-08 2.992561953916885711e-08 3.010044976390767398e-08 2.993155377653555913e-08 2.982555392444019628e-08 3.012910627247924819e-08 2.996641327185648944e-08 2.954034879103681365e-08 2.991724651976414730e-08 2.973006511169099501e-08 2.996394436839054192e-08
2.963553044000597557e-08 2.989260259564898774e-08 3.003372501924365996e-08 2.983342385469566956e-08 2.981072612528538445e-08 2.946771788507232541e-08 2.988812750504581031e-08 2.965554058963692921e-08 2.937131681282337125e-08 2.981562841760350964e-08 2.938115637997604889e-08 2.979515953430502892e-08 2.999687158850187116e-08 2.919508653758407327e-08 2.977619891016219866e-08 2.990629388028422551e-08 2.961404081694102236e-08 2.953080814158694361e-08 2.956686950072696181e-08 2.967364493288113661e-08 2.944057399622622528e-08 2.975776527932050170e-08 2.983508395435679827e-08 2.983591844371440136e-08 2.965023505632704540e-08 2.942489842058306720e-08 2.934009543215022804e-08 2.973442507602180912e-08 2.962726930636710632e-08 2.980189238484666318e-08 2.959167146911292114e-08 2.968872549107611966e-08 2.935770297570244817e-08 2.998600825812426833e-08 2.981506942874341282e-08 2.998580297614409926e-08 2.982083891940835982e-08 2.971626553422212934e-08 3.001550582322830383e-08 2.985486082472732062e-08 2.943423813513710597e-08 2.980727622549654754e-08 2.962185184027552120e-08 2.985168656141098971e-08
2.981140096111639024e-08 3.007334770559041151e-08 3.021672034504465663e-08 3.001213743879460377e-08 2.998985022701979625e-08 2.963970527069395679e-08 3.006869973827625556e-08 2.983099657900172218e-08 2.954371086056605544e-08 2.999473353433205622e-08 2.955350845576812971e-08 2.997387625982669593e-08 3.017795534640851294e-08 2.936397908611234795e-08 2.995596478547945553e-08 3.008775552413401773e-08 2.979018768046107346e-08 2.970518404747491231e-08 2.974234857229196860e-08 2.985031245674140664e-08 2.961434878785833694e-08 2.993560147268821130e-08 3.001494530557917296e-08 3.001517407852728334e-08 2.982538751651256998e-08 2.959936408473952138e-08 2.951204107244662507e-08 2.991292975880865414e-08 2.980189238484666318e-08 2.998254150932371745e-08 2.976649109422207993e-08 2.986545520883752745e-08 2.953043662799455200e-08 3.016838038541185401e-08 2.999346354865147789e-08 3.016916825512862424e-08 3.000041191755979494e-08 2.989424973561725044e-08 3.019743005371972992e-08 3.003513166511753010e-08 2.960831615234582816e-08 2.998616791203470390e-08 2.979821541359269080e-08 3.003252594961125680e-08
2.960042200872084199e-08 2.985573560228918055e-08 2.999737352482000309e-08 2.979708799998666617e-08 2.977519232006126103e-08 2.943352412281416364e-08 2.985192035337748943e-08 2.962063088310376146e-08 2.933777150488334282e-08 2.977946120723458081e-08 2.934781395875124190e-08 2.975987690841500294e-08 2.995925146037541117e-08 2.916119952015207974e-08 2.974065530489166397e-08 2.987052197736708420e-08 2.957870057824500121e-08 2.949637995656958033e-08 2.953255128218875138e-08 2.963805719439791811e-08 2.940569014462208366e-08 2.972248881538957621e-08 2.979908297522458177e-08 2.980010148147332787e-08 2.961514058760125015e-08 2.939108180727040924e-08 2.930595723002625002e-08 2.969838935623999892e-08 2.959167146911292114e-08 2.976649109422207993e-08 2.955793171490666031e-08 2.965385259483791789e-08 2.932447749562707999e-08 2.994926247907958157e-08 2.977911031486541359e-08 2.994927361779999396e-08 2.978465750927333328e-08 2.968083306277166215e-08 2.997923937559749714e-08 2.981892971532374216e-08 2.939981979862124942e-08 2.977175545329541392e-08 2.958619455516625182e-08 2.981595599726374574e-08
2.969803475103008401e-08 2.995555243378092128e-08 3.009737130423838314e-08 2.989613944344993800e-08 2.987403596911470871e-08 2.952939990004299950e-08 2.995149378409511998e-08 2.971823645912949838e-08 2.943286979448733531e-08 2.987842878233743304e-08 2.944334190259478201e-08 2.985885564076901579e-08 3.005963217718230657e-08 2.925584311177715470e-08 2.983984073073817221e-08 2.997042843999969555e-08 2.967680446738073857e-08 2.959335420869611614e-08 2.962948142216351514e-08 2.973608396086430118e-08 2.950250288845054520e-08 2.982068749816996294e-08 2.989870705553684461e-08 2.989973015186049685e-08 2.971283136717688298e-08 2.948756714700300477e-08 2.940164139517801912e-08 2.979735164100760623e-08 2.968872549107611966e-08 2.986545520883752745e-08 2.965385259483791789e-08 2.975242031514605484e-08 2.941962491674193304e-08 3.004942816249781557e-08 2.987820605416709267e-08 3.005008196751117855e-08 2.988403053900570468e-08 2.977908277797268132e-08 3.007946509389183555e-08 2.991834887658506193e-08 2.949674710578778587e-08 2.987069275440057482e-08 2.968422651414907068e-08 2.991566597329087477e-08
2.936686373687275909e-08 2.961756661888578250e-08 2.975778762801985582e-08 2.955918526740824480e-08 2.953876914784442262e-08 2.920248006810348036e-08 2.961437538019755776e-08 2.938637466856785262e-08 2.910788458942142332e-08 2.954302614087751750e-08 2.911747909001145409e-08 2.952409878488078807e-08 2.972039862472476479e-08 2.893392948335711474e-08 2.950451534296672680e-08 2.963282303559805305e-08 2.934536005697904411e-08 2.926501498843811193e-08 2.930023920431844641e-08 2.940352225766995996e-08 2.917437035207672145e-08 2.948569806697886542e-08 2.956111503000515887e-08 2.956338745741389742e-08 2.938180974885599207e-08 2.915995712739672707e-08 2.907607245604283482e-08 2.946231169955586471e-08 2.935770297570244817e-08 2.953043662799455200e-08 2.932447749562707999e-08 2.941962491674193304e-08 2.909602970149383109e-08 2.970961148375665390e-08 2.954316183503881211e-08 2.970873486329625723e-08 2.954863943938889449e-08 2.944545864374215177e-08 2.973962973951896044e-08 2.958134993407038758e-08 2.916903919897327754e-08 2.953572857501451669e-08 2.935213573668997885e-08 2.957833688226177856e-08
2.999464882588079273e-08 3.026246189791824110e-08 3.040676337285129330e-08 3.019976753323522641e-08 3.017679652363531865e-08 2.982081357963072998e-08 3.025678137226406233e-08 3.001480529128127836e-08 2.972329279961322513e-08 3.018222670813278983e-08 2.973271996017105072e-08 3.015993209198449407e-08 3.036880206885998209e-08 2.954154550349814993e-08 3.014317112736775424e-08 3.027515907991647911e-08 2.997447235187408202e-08 2.988653774404048026e-08 2.992495189631285351e-08 3.003524227992789343e-08 2.979470113438573143e-08 3.012254039613139229e-08 3.020211715486864100e-08 3.020179229201905674e-08 3.000825221416149497e-08 2.978027729462204889e-08 2.969148553408466392e-08 3.009952520302515738e-08 2.998600825812426833e-08 3.016838038541185401e-08 2.994926247907958157e-08 3.004942816249781557e-08 2.970961148375665390e-08 3.036050192637707058e-08 3.017996619111802780e-08 3.036048073549888737e-08 3.018722860664301570e-08 3.008010158599664086e-08 3.038769494543653231e-08 3.022237859159220123e-08 2.978871905727843520e-08 3.017197869748390710e-08 2.998328959812831945e-08 3.022059538170458778e-08
2.982414697203050236e-08 3.008519987566256985e-08 3.022760941047796529e-08 3.002496309701159399e-08 3.000225365814969297e-08 2.965355370524904370e-08 3.008062031180616977e-08 2.984399481479678291e-08 2.955619585713005252e-08 3.000738050297764092e-08 2.956617805722437332e-08 2.998650977756734654e-08 3.019048927220085494e-08 2.937790517860256766e-08 2.996776174402234628e-08 3.009932405769949504e-08 2.980296355484114705e-08 2.971800764217112108e-08 2.975499581600100765e-08 2.986287425872659788e-08 2.962694172310158698e-08 2.994845281973600992e-08 3.002701956417350513e-08 3.002771365627778617e-08 2.983881012408812882e-08 2.961195836767029497e-08 2.952515762748572477e-08 2.992561953916885711e-08 2.981506942874341282e-08 2.999346354865147789e-08 2.977911031486541359e-08 2.987820605416709267e-08 2.954316183503881211e-08 3.017996619111802780e-08 3.000664877171063399e-08 3.018064677525450549e-08 3.001257248609237069e-08 2.990646238652851512e-08 3.020941528773684005e-08 3.004695553645776881e-08 2.962095750439757903e-08 2.999830956950181883e-08 2.981100384735386589e-08 3.004449422285066881e-08
2.999530118746821536e-08 3.026322287804492353e-08 3.040846102739969084e-08 3.020129059699540563e-08 3.017761970996006869e-08 2.982010092235033983e-08 3.025778729009256536e-08 3.001494930120178075e-08 2.972217456228631045e-08 3.018322260827118525e-08 2.973241840305166666e-08 3.016044067348631359e-08 3.036987610577195565e-08 2.953999908299414916e-08 3.014404449507886208e-08 3.027678806298845268e-08 2.997429607197894343e-08 2.988613814829953894e-08 2.992513182507391955e-08 3.003552903862834579e-08 2.979495734287673275e-08 3.012337628884142319e-08 3.020450700088603269e-08 3.020312539247742708e-08 3.000828721686414011e-08 2.978075314137738031e-08 2.969081381856272159e-08 3.010044976390767398e-08 2.998580297614409926e-08 3.016916825512862424e-08 2.994927361779999396e-08 3.005008196751117855e-08 2.970873486329625723e-08 3.036048073549888737e-08 3.018064677525450549e-08 3.036362392733628504e-08 3.018795393360743070e-08 3.008027207908931524e-08 3.038910744724981341e-08 3.022354616445713843e-08 2.978885635898826295e-08 3.017324383285363851e-08 2.998286685235722581e-08 3.022271912402513680e-08
