4.583847139963709068e-08 4.625146914151827019e-08 4.638419822180174856e-08 4.614223693455351291e-08 4.593708487968499201e-08 4.551505155672579893e-08 4.602058756643635241e-08 4.582726024020433040e-08 4.537201949878142614e-08 4.598044442780484399e-08 4.540507395070909381e-08 4.600933614722396106e-08 4.629147018469389137e-08 4.519672493400927709e-08 4.604921116549712414e-08 4.606818642489010866e-08 4.584202898426578112e-08 4.561666366025043565e-08 4.585677569253424622e-08 4.590587092409340994e-08 4.546712887668131778e-08 4.590015214262712291e-08 4.610592343436277816e-08 4.600539272121448788e-08 4.584451082757269009e-08 4.542479600057101860e-08 4.538486242426971895e-08 4.581454190164140578e-08 4.574186049083375068e-08 4.618203655786625646e-08 4.573747117704359976e-08 4.588743519884624747e-08 4.543131152468824102e-08 4.637771457872982988e-08 4.607094490220574663e-08 4.617786405064639746e-08 4.609879806716577851e-08 4.598894822113924486e-08 4.633569309964784464e-08 4.614824483990838346e-08 4.555074829399560799e-08 4.590898982115919842e-08 4.573725321581015038e-08 4.607667385588227227e-08
4.625146914151827019e-08 4.667033604015331389e-08 4.680294852844215942e-08 4.655934905850137172e-08 4.635231682407767136e-08 4.592706821767121508e-08 4.643697884354779755e-08 4.624181812118522840e-08 4.578234309575671677e-08 4.639634685594170077e-08 4.581627289909403945e-08 4.642539429018203326e-08 4.671036985901928522e-08 4.560640428521803071e-08 4.646502240946193376e-08 4.648495496244227248e-08 4.625699912894114374e-08 4.602943025898011801e-08 4.627272631447352719e-08 4.632130656945858940e-08 4.587838938553675757e-08 4.631607647155334693e-08 4.652341408202995158e-08 4.642090944543475809e-08 4.625903401801950935e-08 4.583642195127217628e-08 4.579621725009743115e-08 4.622980232972153170e-08 4.615531725119799385e-08 4.659924621627894255e-08 4.615072634160559454e-08 4.630188084654884287e-08 4.584264957392687311e-08 4.679675583685806001e-08 4.648697174323963952e-08 4.659552696901077742e-08 4.651560164460637278e-08 4.640551900994619269e-08 4.675525990021151926e-08 4.656489766050107611e-08 4.596306933004172742e-08 4.632385830150580414e-08 4.615106915843814107e-08 4.649328410706214817e-08
4.638419822180174856e-08 4.680294852844215942e-08 4.693804408735766500e-08 4.669246452644591344e-08 4.648555595079687607e-08 4.605801007021867839e-08 4.656935351774663411e-08 4.637382980023408968e-08 4.591340058956242417e-08 4.652929428894818422e-08 4.594621588964233648e-08 4.655813196188493496e-08 4.684408741295232211e-08 4.573583892337119079e-08 4.659812570817080419e-08 4.661777221055937522e-08 4.638871912634927673e-08 4.616062739530471363e-08 4.640412302670927749e-08 4.645359162143880337e-08 4.600983095407165224e-08 4.644727567375845191e-08 4.665611459562702481e-08 4.655425477055944060e-08 4.639111036678833817e-08 4.596689492322734925e-08 4.592602463842993280e-08 4.636150067293030252e-08 4.628782864404365416e-08 4.673351387108747236e-08 4.628227973093990526e-08 4.643408767254266659e-08 4.597337570381322300e-08 4.693111591160863358e-08 4.661995637246908918e-08 4.672853232929275766e-08 4.664882942689831035e-08 4.653776049482505979e-08 4.688881911221359712e-08 4.669894669279546335e-08 4.609441360389991357e-08 4.645671274003110441e-08 4.628304053961569084e-08 4.662657271376015512e-08
4.614223693455351291e-08 4.655934905850137172e-08 4.669246452644591344e-08 4.644963390498230384e-08 4.624280704484755625e-08 4.581799616875451878e-08 4.632693722005429417e-08 4.613241257193778681e-08 4.567377501481719397e-08 4.628633187086544145e-08 4.570697280665890140e-08 4.631553564046026926e-08 4.659938318690882353e-08 4.549744027217531189e-08 4.635514194286122808e-08 4.637469566727973991e-08 4.614749297959354483e-08 4.592029131295142374e-08 4.616273780663637109e-08 4.621108886710096196e-08 4.576931091160466166e-08 4.620621122324865040e-08 4.641284887497430560e-08 4.631063964411018818e-08 4.614974813872389832e-08 4.572700916110185756e-08 4.568712323811110626e-08 4.611974290603529287e-08 4.604614854446071659e-08 4.648946387183563923e-08 4.604150590698995669e-08 4.619239482649660780e-08 4.573429676379821525e-08 4.668606107710828931e-08 4.637722973409442053e-08 4.648516389658170588e-08 4.640579312444046467e-08 4.629566740388399973e-08 4.664489266029348664e-08 4.645500220573801173e-08 4.585384904478521573e-08 4.621388876662521812e-08 4.604183091891767055e-08 4.638311283258647786e-08
4.593708487968499201e-08 4.635231682407767136e-08 4.648555595079687607e-08 4.624280704484755625e-08 4.603855685091957474e-08 4.561493844692041276e-08 4.612130428212869264e-08 4.592740399232252776e-08 4.547110640632458144e-08 4.608118659030458701e-08 4.550392161217583046e-08 4.610995859707307500e-08 4.639271513106814686e-08 4.529501388430101103e-08 4.614941791656022639e-08 4.616899606858797020e-08 4.594204692338289916e-08 4.571614908100512412e-08 4.595698617972435206e-08 4.600640218281645534e-08 4.556673407684811126e-08 4.600014559387163231e-08 4.620684586835918380e-08 4.610572321548125476e-08 4.594447706420734156e-08 4.552418105404856290e-08 4.548401840367774899e-08 4.591514551743464088e-08 4.584204387612376273e-08 4.628334138253415868e-08 4.583650293012438014e-08 4.598730353944798128e-08 4.553051115464959352e-08 4.647941228514623128e-08 4.617068361714017693e-08 4.627868481961730866e-08 4.619974810061626035e-08 4.608991280517518911e-08 4.643807383384733303e-08 4.624922151534626720e-08 4.565055085922627615e-08 4.600899956541333374e-08 4.583754156080229573e-08 4.617736767214435232e-08
4.551505155672579893e-08 4.592706821767121508e-08 4.605801007021867839e-08 4.581799616875451878e-08 4.561493844692041276e-08 4.519664239505317818e-08 4.569747205142703670e-08 4.550588707982962367e-08 4.505361211998879111e-08 4.565799697721011532e-08 4.508693718236572546e-08 4.568630573796779801e-08 4.596687881622922904e-08 4.488029840577260699e-08 4.572536934657281728e-08 4.574529007236057891e-08 4.552059307382960893e-08 4.529685881917711698e-08 4.553601966008001176e-08 4.558417321650558382e-08 4.514853945748851481e-08 4.557859792908084129e-08 4.578268897379295004e-08 4.568212507862909756e-08 4.552248869414591462e-08 4.510697050079635031e-08 4.506745825440357588e-08 4.549394715557204326e-08 4.542087747946960140e-08 4.585760566443934115e-08 4.541575817979517404e-08 4.556460486015265798e-08 4.511307383042359910e-08 4.605193007355584340e-08 4.574702694831676068e-08 4.585337252528656226e-08 4.577511232279516440e-08 4.566703942114328956e-08 4.601119093297031792e-08 4.582399020107741344e-08 4.523127635537406116e-08 4.558666064552300904e-08 4.541681154789224218e-08 4.575312916341370320e-08
4.602058756643635241e-08 4.643697884354779755e-08 4.656935351774663411e-08 4.632693722005429417e-08 4.612130428212869264e-08 4.569747205142703670e-08 4.620580098025861641e-08 4.601070493417920326e-08 4.555359716484521717e-08 4.616450157500322069e-08 4.558654797048337475e-08 4.619377492925819813e-08 4.647657832963778485e-08 4.537773725694077744e-08 4.623308538613500890e-08 4.625292248372105322e-08 4.602544216147148435e-08 4.579941949184922536e-08 4.604106111582717434e-08 4.608960717930088213e-08 4.564904030694910986e-08 4.608472218007861179e-08 4.629074211929192934e-08 4.618883360616995088e-08 4.602786532074925527e-08 4.560666255878175651e-08 4.556683121668293539e-08 4.599839077291608001e-08 4.592486003131593733e-08 4.636688342972247886e-08 4.592020847266018409e-08 4.607133280487516723e-08 4.561346042191791130e-08 4.656328228484245834e-08 4.625440498897961020e-08 4.636360772466494410e-08 4.628323713210931113e-08 4.617338326023615478e-08 4.652216618606390719e-08 4.633287418983964621e-08 4.573364862952246807e-08 4.609242862187048438e-08 4.592033590102944591e-08 4.626087016748036179e-08
4.582726024020433040e-08 4.624181812118522840e-08 4.637382980023408968e-08 4.613241257193778681e-08 4.592740399232252776e-08 4.550588707982962367e-08 4.601070493417920326e-08 4.581836054862390433e-08 4.536203667424912267e-08 4.597057600129501313e-08 4.539550693386034221e-08 4.599955951634013096e-08 4.628168266257970588e-08 4.518705753846286256e-08 4.603890014858813500e-08 4.605831725406630138e-08 4.583261236400331631e-08 4.560644509344972828e-08 4.584792766623295193e-08 4.589583748785545566e-08 4.545705994873056538e-08 4.589086576167429761e-08 4.609599015649316330e-08 4.599469696870991003e-08 4.583442966105845269e-08 4.541509262964660952e-08 4.537548458901002540e-08 4.580496401178298333e-08 4.573213295339031291e-08 4.617269274730612066e-08 4.572693838907335107e-08 4.587739842261048812e-08 4.542192751221570707e-08 4.636760527614853516e-08 4.606110676381005968e-08 4.616777258863086953e-08 4.608914207757712274e-08 4.597997485558227291e-08 4.632678081812071956e-08 4.613798704814150644e-08 4.554110748294956110e-08 4.589897639170588516e-08 4.572769023932475007e-08 4.606670922096806713e-08
4.537201949878142614e-08 4.578234309575671677e-08 4.591340058956242417e-08 4.567377501481719397e-08 4.547110640632458144e-08 4.505361211998879111e-08 4.555359716484521717e-08 4.536203667424912267e-08 4.491209455670567690e-08 4.551430624338596206e-08 4.494453019353115205e-08 4.554248223637871839e-08 4.582219941750565540e-08 4.473942303626113005e-08 4.558137286486550124e-08 4.560109320961070955e-08 4.537707157814290998e-08 4.515459830825727985e-08 4.539255393651105406e-08 4.544073735777368909e-08 4.500660013016244672e-08 4.543473489380581952e-08 4.563874513594879203e-08 4.553865822067578497e-08 4.537925132000999659e-08 4.496510477114002539e-08 4.492537380140638272e-08 4.535071274691448777e-08 4.527798173296441066e-08 4.571328549447478800e-08 4.527288938289411566e-08 4.542098042108303445e-08 4.497115779765609456e-08 4.590689115903834077e-08 4.560256976919235950e-08 4.570913355571594502e-08 4.563089485861809421e-08 4.552268743666566045e-08 4.586584601217442351e-08 4.567985390369678348e-08 4.508918466298874840e-08 4.544334328277798443e-08 4.527344646657829297e-08 4.560921567934304942e-08
4.598044442780484399e-08 4.639634685594170077e-08 4.652929428894818422e-08 4.628633187086544145e-08 4.608118659030458701e-08 4.565799697721011532e-08 4.616450157500322069e-08 4.597057600129501313e-08 4.551430624338596206e-08 4.612561284706801406e-08 4.554790323696107761e-08 4.615332946966117960e-08 4.643667230965432993e-08 4.533940675118280177e-08 4.619272449434618938e-08 4.621238823112754610e-08 4.598605961801093614e-08 4.575976290202861710e-08 4.600104026327926957e-08 4.605021762382144702e-08 4.560991640657077465e-08 4.604376019799244412e-08 4.625075605195589919e-08 4.614971252412188599e-08 4.598763610813453325e-08 4.556840739201383156e-08 4.552764071749553705e-08 4.595890445792729693e-08 4.588500884410564722e-08 4.632697424325253662e-08 4.588012130693142795e-08 4.603027166241267291e-08 4.557405548747145410e-08 4.652322499604388102e-08 4.621441807644216949e-08 4.632175074848962637e-08 4.624285032909260007e-08 4.613331615496822636e-08 4.648114637141699045e-08 4.629251264864424502e-08 4.569397694941637164e-08 4.605239156995728336e-08 4.588089111571368777e-08 4.622114811637762356e-08
4.540507395070909381e-08 4.581627289909403945e-08 4.594621588964233648e-08 4.570697280665890140e-08 4.550392161217583046e-08 4.508693718236572546e-08 4.558654797048337475e-08 4.539550693386034221e-08 4.494453019353115205e-08 4.554790323696107761e-08 4.497915544999022542e-08 4.557558501680805925e-08 4.585583855202549181e-08 4.477273948198812361e-08 4.561471022211563860e-08 4.563402529004662171e-08 4.541098321096986089e-08 4.518732835570605153e-08 4.542586588818898039e-08 4.547411763388782799e-08 4.503917597297262161e-08 4.546793893542832029e-08 4.567222880661716739e-08 4.557203662982217831e-08 4.541235211159770548e-08 4.499863671692693417e-08 4.495868337926071007e-08 4.538406811767022710e-08 4.531054138856379520e-08 4.574616103115326946e-08 4.530622352887368453e-08 4.545413291572140358e-08 4.500364393187487004e-08 4.594054574235145877e-08 4.563635078428307716e-08 4.574172339166125982e-08 4.566418991803493663e-08 4.555639134394945765e-08 4.589925108680591194e-08 4.571238743260131252e-08 4.512189098289188030e-08 4.547583238976063813e-08 4.530683568307076166e-08 4.564251852897218709e-08
4.600933614722396106e-08 4.642539429018203326e-08 4.655813196188493496e-08 4.631553564046026926e-08 4.610995859707307500e-08 4.568630573796779801e-08 4.619377492925819813e-08 4.599955951634013096e-08 4.554248223637871839e-08 4.615332946966117960e-08 4.557558501680805925e-08 4.618246211160000333e-08 4.646547315220423842e-08 4.536681858114500385e-08 4.622180255822624931e-08 4.624150806187035043e-08 4.601427619466918788e-08 4.578830273340813253e-08 4.602969235149153860e-08 4.607848198486985300e-08 4.563809560844730620e-08 4.607292838925038630e-08 4.627948109146231141e-08 4.617783873591832444e-08 4.601662898892040398e-08 4.559584794761716443e-08 4.555576577717743431e-08 4.598720354714103350e-08 4.591372459065369117e-08 4.635555014420705202e-08 4.590876009828746049e-08 4.605947726003976883e-08 4.560217618208147483e-08 4.655189264980820518e-08 4.624320879228393975e-08 4.635142047438894569e-08 4.627206595883043365e-08 4.616216207118390647e-08 4.651070588980238102e-08 4.632147008114991138e-08 4.572222199779841118e-08 4.608133776088661847e-08 4.590904162751076758e-08 4.624973441335579243e-08
4.629147018469389137e-08 4.671036985901928522e-08 4.684408741295232211e-08 4.659938318690882353e-08 4.639271513106814686e-08 4.596687881622922904e-08 4.647657832963778485e-08 4.628168266257970588e-08 4.582219941750565540e-08 4.643667230965432993e-08 4.585583855202549181e-08 4.646547315220423842e-08 4.675179243551164523e-08 4.564596113452773944e-08 4.650540418851988949e-08 4.652538793799567218e-08 4.629676566808631384e-08 4.606942354870377388e-08 4.631260248760187275e-08 4.636197208918821458e-08 4.591878209845290835e-08 4.635586606515194651e-08 4.656398345482519079e-08 4.646179648119592057e-08 4.629889277137897056e-08 4.587665224967637745e-08 4.583567852883669344e-08 4.627020677105944827e-08 4.619602628801321224e-08 4.663963686098459486e-08 4.619044479761465748e-08 4.634122766939742684e-08 4.588186945860345170e-08 4.683775284604485614e-08 4.652702469555880435e-08 4.663542705103593950e-08 4.655630171843341754e-08 4.644578983588268498e-08 4.679573889293723623e-08 4.660576313910912202e-08 4.600259711202673694e-08 4.636452197086232313e-08 4.619123728648250993e-08 4.653421125327718072e-08
4.519672493400927709e-08 4.560640428521803071e-08 4.573583892337119079e-08 4.549744027217531189e-08 4.529501388430101103e-08 4.488029840577260699e-08 4.537773725694077744e-08 4.518705753846286256e-08 4.473942303626113005e-08 4.533940675118280177e-08 4.477273948198812361e-08 4.536681858114500385e-08 4.564596113452773944e-08 4.456962163264450409e-08 4.540526463700250550e-08 4.542542693523600502e-08 4.520280949081855494e-08 4.498168538121586089e-08 4.521891090039021998e-08 4.526627696387795118e-08 4.483397619914751296e-08 4.525989789712194269e-08 4.546350268066356921e-08 4.536351082440482378e-08 4.520425139501442005e-08 4.479368728014333604e-08 4.475386924239792606e-08 4.517677895870096363e-08 4.510332289565982532e-08 4.553642701685185817e-08 4.509843217822630344e-08 4.524528348585185834e-08 4.479884923429287125e-08 4.572925031194610678e-08 4.542642633989533238e-08 4.553224896176166736e-08 4.545448471607650525e-08 4.534732475999288688e-08 4.568834545942933322e-08 4.550312142112029955e-08 4.491608998204990829e-08 4.526833524973555095e-08 4.509894740065621775e-08 4.543323157414648481e-08
4.604921116549712414e-08 4.646502240946193376e-08 4.659812570817080419e-08 4.635514194286122808e-08 4.614941791656022639e-08 4.572536934657281728e-08 4.623308538613500890e-08 4.603890014858813500e-08 4.558137286486550124e-08 4.619272449434618938e-08 4.561471022211563860e-08 4.622180255822624931e-08 4.650540418851988949e-08 4.540526463700250550e-08 4.626193863402740912e-08 4.628106869261632417e-08 4.605354404245293750e-08 4.582718056777907713e-08 4.606852627358945977e-08 4.611813636049784450e-08 4.567683677690174926e-08 4.611231035274419327e-08 4.631891706819480396e-08 4.621769133318826614e-08 4.605638048336188018e-08 4.563461557405125938e-08 4.559450789771649111e-08 4.602635667109554088e-08 4.595305125302229486e-08 4.639523093110505029e-08 4.594851598632487271e-08 4.609914631084771939e-08 4.564045036050151863e-08 4.659217140749023588e-08 4.628296159585505677e-08 4.639094203616544448e-08 4.631188912107062692e-08 4.620180158395084523e-08 4.655043103572976051e-08 4.636132194083346892e-08 4.576135531973566688e-08 4.612088641989722418e-08 4.594830412035059676e-08 4.628979896288276317e-08
4.606818642489010866e-08 4.648495496244227248e-08 4.661777221055937522e-08 4.637469566727973991e-08 4.616899606858797020e-08 4.574529007236057891e-08 4.625292248372105322e-08 4.605831725406630138e-08 4.560109320961070955e-08 4.621238823112754610e-08 4.563402529004662171e-08 4.624150806187035043e-08 4.652538793799567218e-08 4.542542693523600502e-08 4.628106869261632417e-08 4.630143883555513414e-08 4.607303567095273702e-08 4.584743266938884221e-08 4.608903042473365296e-08 4.613804390358059195e-08 4.569708331142699451e-08 4.613259799223411521e-08 4.633907211747346952e-08 4.623713559771939945e-08 4.607575376914589785e-08 4.565481054488395328e-08 4.561466857798984099e-08 4.604669972214017124e-08 4.597272777216344014e-08 4.641439991825735313e-08 4.596773723316271038e-08 4.611818508284242870e-08 4.566076467018748145e-08 4.661144205456815365e-08 4.630221802347169653e-08 4.641103714536843600e-08 4.633135039669810571e-08 4.622156468058344434e-08 4.657012444218863262e-08 4.638106397342778641e-08 4.578091593103971041e-08 4.614086666883856271e-08 4.596797142365802650e-08 4.630923058389485172e-08
4.584202898426578112e-08 4.625699912894114374e-08 4.638871912634927673e-08 4.614749297959354483e-08 4.594204692338289916e-08 4.552059307382960893e-08 4.602544216147148435e-08 4.583261236400331631e-08 4.537707157814290998e-08 4.598605961801093614e-08 4.541098321096986089e-08 4.601427619466918788e-08 4.629676566808631384e-08 4.520280949081855494e-08 4.605354404245293750e-08 4.607303567095273702e-08 4.584826999697813853e-08 4.562203935423785965e-08 4.586323241641681516e-08 4.591114373206352012e-08 4.547215992910800416e-08 4.590581855035468362e-08 4.611144551024829448e-08 4.600995856430485677e-08 4.584961282443381607e-08 4.543080026457511594e-08 4.539093469542725621e-08 4.582044179356343094e-08 4.574684365012694897e-08 4.618723688222067885e-08 4.574221880944871590e-08 4.589177809198785116e-08 4.543758637371390757e-08 4.638259656786999513e-08 4.607606079584069234e-08 4.618234800120329100e-08 4.610389724797844828e-08 4.599496497662186553e-08 4.634140914828703310e-08 4.615258819438408636e-08 4.555590937222919963e-08 4.591330789854662990e-08 4.574316689667226892e-08 4.608164246556100571e-08
4.561666366025043565e-08 4.602943025898011801e-08 4.616062739530471363e-08 4.592029131295142374e-08 4.571614908100512412e-08 4.529685881917711698e-08 4.579941949184922536e-08 4.560644509344972828e-08 4.515459830825727985e-08 4.575976290202861710e-08 4.518732835570605153e-08 4.578830273340813253e-08 4.606942354870377388e-08 4.498168538121586089e-08 4.582718056777907713e-08 4.584743266938884221e-08 4.562203935423785965e-08 4.539953363559703584e-08 4.563798471246460749e-08 4.568622343703602396e-08 4.525008223816702131e-08 4.568027854709311333e-08 4.588536960020442838e-08 4.578433125630296284e-08 4.562432705199761932e-08 4.520836680745543314e-08 4.516871589905337395e-08 4.559582963610390462e-08 4.552227261749379111e-08 4.595896039204587300e-08 4.551742264003516670e-08 4.566566093013422895e-08 4.521447675078236001e-08 4.615405648845065683e-08 4.584819030965058463e-08 4.595559750018187430e-08 4.587696147082843057e-08 4.576843339800047860e-08 4.611338107426082414e-08 4.592614441252250545e-08 4.533240816000499646e-08 4.568840264956443517e-08 4.551785768220856295e-08 4.585491710009058062e-08
4.585677569253424622e-08 4.627272631447352719e-08 4.640412302670927749e-08 4.616273780663637109e-08 4.595698617972435206e-08 4.553601966008001176e-08 4.604106111582717434e-08 4.584792766623295193e-08 4.539255393651105406e-08 4.600104026327926957e-08 4.542586588818898039e-08 4.602969235149153860e-08 4.631260248760187275e-08 4.521891090039021998e-08 4.606852627358945977e-08 4.608903042473365296e-08 4.586323241641681516e-08 4.563798471246460749e-08 4.587985439540046994e-08 4.592657959091419181e-08 4.548810809646545043e-08 4.592183076757022347e-08 4.612721354722640828e-08 4.602502746234168017e-08 4.586470684247854341e-08 4.544645688623450080e-08 4.540684335882640070e-08 4.583632346632419002e-08 4.576235049579446552e-08 4.620219166975719382e-08 4.575709508089241861e-08 4.590664315953410025e-08 4.545354094628435398e-08 4.639718046870668022e-08 4.609094973260427454e-08 4.619829747016919535e-08 4.611904644692465166e-08 4.601041981539974509e-08 4.635671645408769752e-08 4.616796391205675991e-08 4.557157338880458591e-08 4.592927672395121421e-08 4.575826357336151179e-08 4.609672883543893076e-08
4.590587092409340994e-08 4.632130656945858940e-08 4.645359162143880337e-08 4.621108886710096196e-08 4.600640218281645534e-08 4.558417321650558382e-08 4.608960717930088213e-08 4.589583748785545566e-08 4.544073735777368909e-08 4.605021762382144702e-08 4.547411763388782799e-08 4.607848198486985300e-08 4.636197208918821458e-08 4.526627696387795118e-08 4.611813636049784450e-08 4.613804390358059195e-08 4.591114373206352012e-08 4.568622343703602396e-08 4.592657959091419181e-08 4.597633907150832773e-08 4.553650251903144194e-08 4.596979539426361990e-08 4.617620791797110873e-08 4.607507719852206525e-08 4.591351984523599888e-08 4.549495117587245418e-08 4.545448024520799015e-08 4.588494782152226363e-08 4.581097942696484632e-08 4.625092496591433635e-08 4.580608808610377928e-08 4.595546397709791580e-08 4.549975797628833114e-08 4.644776927599778056e-08 4.613894898678374563e-08 4.624690559369969629e-08 4.616817355900709536e-08 4.605879048762761151e-08 4.640591930815618068e-08 4.621757671259688844e-08 4.561997105587566150e-08 4.597835071978169427e-08 4.580638533241035130e-08 4.614660784879518609e-08
4.546712887668131778e-08 4.587838938553675757e-08 4.600983095407165224e-08 4.576931091160466166e-08 4.556673407684811126e-08 4.514853945748851481e-08 4.564904030694910986e-08 4.545705994873056538e-08 4.500660013016244672e-08 4.560991640657077465e-08 4.503917597297262161e-08 4.563809560844730620e-08 4.591878209845290835e-08 4.483397619914751296e-08 4.567683677690174926e-08 4.569708331142699451e-08 4.547215992910800416e-08 4.525008223816702131e-08 4.548810809646545043e-08 4.553650251903144194e-08 4.510219175281963691e-08 4.552974143549981754e-08 4.573492072500329933e-08 4.563467337241537594e-08 4.547423356303083254e-08 4.506021864294692758e-08 4.502027275272435464e-08 4.544643227811763762e-08 4.537331087506530902e-08 4.580869056809971425e-08 4.536754389619738276e-08 4.551575138521386091e-08 4.506590393730766756e-08 4.600291079866335860e-08 4.569799540819086667e-08 4.580480353624956322e-08 4.572655384253078472e-08 4.561818286079895686e-08 4.596191946816010832e-08 4.577576487375723044e-08 4.518380272723865170e-08 4.553898705647786812e-08 4.536877453077707786e-08 4.570467003865595526e-08
4.590015214262712291e-08 4.631607647155334693e-08 4.644727567375845191e-08 4.620621122324865040e-08 4.600014559387163231e-08 4.557859792908084129e-08 4.608472218007861179e-08 4.589086576167429761e-08 4.543473489380581952e-08 4.604376019799244412e-08 4.546793893542832029e-08 4.607292838925038630e-08 4.635586606515194651e-08 4.525989789712194269e-08 4.611231035274419327e-08 4.613259799223411521e-08 4.590581855035468362e-08 4.568027854709311333e-08 4.592183076757022347e-08 4.596979539426361990e-08 4.552974143549981754e-08 4.596623561101930816e-08 4.617018156240941977e-08 4.606776908319195151e-08 4.590798332762073145e-08 4.548825167267043489e-08 4.544864030448857484e-08 4.587895951839490408e-08 4.580521562946320871e-08 4.624524984778849218e-08 4.580095973585531795e-08 4.595051692935625499e-08 4.549483346425263174e-08 4.644166752436431852e-08 4.613410816754524388e-08 4.624255753471417176e-08 4.616279162448634037e-08 4.605369634316533248e-08 4.640078843179577564e-08 4.621182210488391424e-08 4.561376063158858546e-08 4.597233937385400732e-08 4.580083847659494850e-08 4.614066172485984367e-08
4.610592343436277816e-08 4.652341408202995158e-08 4.665611459562702481e-08 4.641284887497430560e-08 4.620684586835918380e-08 4.578268897379295004e-08 4.629074211929192934e-08 4.609599015649316330e-08 4.563874513594879203e-08 4.625075605195589919e-08 4.567222880661716739e-08 4.627948109146231141e-08 4.656398345482519079e-08 4.546350268066356921e-08 4.631891706819480396e-08 4.633907211747346952e-08 4.611144551024829448e-08 4.588536960020442838e-08 4.612721354722640828e-08 4.617620791797110873e-08 4.573492072500329933e-08 4.617018156240941977e-08 4.637771331522129096e-08 4.627555520329965729e-08 4.611371284240728647e-08 4.569311438818581706e-08 4.565252282570901695e-08 4.608510763918773442e-08 4.601053126132853081e-08 4.645240979832489929e-08 4.600548207755995037e-08 4.615560740487832456e-08 4.569862622347055612e-08 4.664975942417505839e-08 4.634031023727430654e-08 4.644874622683278257e-08 4.636958166554876622e-08 4.625959900775858344e-08 4.660821348657764766e-08 4.641881126858985575e-08 4.581856563105401657e-08 4.617846270900966966e-08 4.600605585583266285e-08 4.634737168272386876e-08
4.600539272121448788e-08 4.642090944543475809e-08 4.655425477055944060e-08 4.631063964411018818e-08 4.610572321548125476e-08 4.568212507862909756e-08 4.618883360616995088e-08 4.599469696870991003e-08 4.553865822067578497e-08 4.614971252412188599e-08 4.557203662982217831e-08 4.617783873591832444e-08 4.646179648119592057e-08 4.536351082440482378e-08 4.621769133318826614e-08 4.623713559771939945e-08 4.600995856430485677e-08 4.578433125630296284e-08 4.602502746234168017e-08 4.607507719852206525e-08 4.563467337241537594e-08 4.606776908319195151e-08 4.627555520329965729e-08 4.617490915322333247e-08 4.601231867204252220e-08 4.559274746781501839e-08 4.555191009428951165e-08 4.598346205444004225e-08 4.590963989066862334e-08 4.635101858710453739e-08 4.590455657744567061e-08 4.605456566497966102e-08 4.559756154412103956e-08 4.654793917194443720e-08 4.623867948892312191e-08 4.634625946474427708e-08 4.626755987349814378e-08 4.615759345734294755e-08 4.650556552882688548e-08 4.631728861240874129e-08 4.571824190129363985e-08 4.607745512027231159e-08 4.590499526716118770e-08 4.624596556067621578e-08
4.584451082757269009e-08 4.625903401801950935e-08 4.639111036678833817e-08 4.614974813872389832e-08 4.594447706420734156e-08 4.552248869414591462e-08 4.602786532074925527e-08 4.583442966105845269e-08 4.537925132000999659e-08 4.598763610813453325e-08 4.541235211159770548e-08 4.601662898892040398e-08 4.629889277137897056e-08 4.520425139501442005e-08 4.605638048336188018e-08 4.607575376914589785e-08 4.584961282443381607e-08 4.562432705199761932e-08 4.586470684247854341e-08 4.591351984523599888e-08 4.547423356303083254e-08 4.590798332762073145e-08 4.611371284240728647e-08 4.601231867204252220e-08 4.585265394030720189e-08 4.543242175059430682e-08 4.539289503727565470e-08 4.582265669317804382e-08 4.574886947669417763e-08 4.618890611411005587e-08 4.574472048390830191e-08 4.589412593385176370e-08 4.543878176536893292e-08 4.638486523929915716e-08 4.607752067660804215e-08 4.618496651373201597e-08 4.610643018052403666e-08 4.599716687509013759e-08 4.634387349980206459e-08 4.615518515856497944e-08 4.555835791506533791e-08 4.591595177712188514e-08 4.574459343558879380e-08 4.608419167733871957e-08
4.542479600057101860e-08 4.583642195127217628e-08 4.596689492322734925e-08 4.572700916110185756e-08 4.552418105404856290e-08 4.510697050079635031e-08 4.560666255878175651e-08 4.541509262964660952e-08 4.496510477114002539e-08 4.556840739201383156e-08 4.499863671692693417e-08 4.559584794761716443e-08 4.587665224967637745e-08 4.479368728014333604e-08 4.563461557405125938e-08 4.565481054488395328e-08 4.543080026457511594e-08 4.520836680745543314e-08 4.544645688623450080e-08 4.549495117587245418e-08 4.506021864294692758e-08 4.548825167267043489e-08 4.569311438818581706e-08 4.559274746781501839e-08 4.543242175059430682e-08 4.501981168159066202e-08 4.497929733756980138e-08 4.540508521212860121e-08 4.533108240589438038e-08 4.576615930928668442e-08 4.532600211682691238e-08 4.547337736722986111e-08 4.502421996065435082e-08 4.596069773950698151e-08 4.565570273843229839e-08 4.576198016663250030e-08 4.568439740732687960e-08 4.557641280984658250e-08 4.591934949647413239e-08 4.573310520265736445e-08 4.514224637709943257e-08 4.549676502424628658e-08 4.532673472650046400e-08 4.566298002793190760e-08
4.538486242426971895e-08 4.579621725009743115e-08 4.592602463842993280e-08 4.568712323811110626e-08 4.548401840367774899e-08 4.506745825440357588e-08 4.556683121668293539e-08 4.537548458901002540e-08 4.492537380140638272e-08 4.552764071749553705e-08 4.495868337926071007e-08 4.555576577717743431e-08 4.583567852883669344e-08 4.475386924239792606e-08 4.559450789771649111e-08 4.561466857798984099e-08 4.539093469542725621e-08 4.516871589905337395e-08 4.540684335882640070e-08 4.545448024520799015e-08 4.502027275272435464e-08 4.544864030448857484e-08 4.565252282570901695e-08 4.555191009428951165e-08 4.539289503727565470e-08 4.497929733756980138e-08 4.494015686229331866e-08 4.536473948026641295e-08 4.529099853797109692e-08 4.572583378635225303e-08 4.528627739040895172e-08 4.543388564029596953e-08 4.498516689670361652e-08 4.591961322227574165e-08 4.561586308557977098e-08 4.572201992475750460e-08 4.564405856490450383e-08 4.553660636729736782e-08 4.587930253553660776e-08 4.569259369613908696e-08 4.510261213353682103e-08 4.545658324236647125e-08 4.528700088287226830e-08 4.562222647451575405e-08
4.581454190164140578e-08 4.622980232972153170e-08 4.636150067293030252e-08 4.611974290603529287e-08 4.591514551743464088e-08 4.549394715557204326e-08 4.599839077291608001e-08 4.580496401178298333e-08 4.535071274691448777e-08 4.595890445792729693e-08 4.538406811767022710e-08 4.598720354714103350e-08 4.627020677105944827e-08 4.517677895870096363e-08 4.602635667109554088e-08 4.604669972214017124e-08 4.582044179356343094e-08 4.559582963610390462e-08 4.583632346632419002e-08 4.588494782152226363e-08 4.544643227811763762e-08 4.587895951839490408e-08 4.608510763918773442e-08 4.598346205444004225e-08 4.582265669317804382e-08 4.540508521212860121e-08 4.536473948026641295e-08 4.579465206796598559e-08 4.572003709383273858e-08 4.615893022304336343e-08 4.571500506260979787e-08 4.586384677230148371e-08 4.541035835536836766e-08 4.635513540326019738e-08 4.604770500488800056e-08 4.615539046215279356e-08 4.607684743459955279e-08 4.596784797484908670e-08 4.631394547556786519e-08 4.612569461491526833e-08 4.552935858869485184e-08 4.588699523295511152e-08 4.571583705829984991e-08 4.605484478379267435e-08
4.574186049083375068e-08 4.615531725119799385e-08 4.628782864404365416e-08 4.604614854446071659e-08 4.584204387612376273e-08 4.542087747946960140e-08 4.592486003131593733e-08 4.573213295339031291e-08 4.527798173296441066e-08 4.588500884410564722e-08 4.531054138856379520e-08 4.591372459065369117e-08 4.619602628801321224e-08 4.510332289565982532e-08 4.595305125302229486e-08 4.597272777216344014e-08 4.574684365012694897e-08 4.552227261749379111e-08 4.576235049579446552e-08 4.581097942696484632e-08 4.537331087506530902e-08 4.580521562946320871e-08 4.601053126132853081e-08 4.590963989066862334e-08 4.574886947669417763e-08 4.533108240589438038e-08 4.529099853797109692e-08 4.572003709383273858e-08 4.564764736207755041e-08 4.608634415317858666e-08 4.564175584104457387e-08 4.579141015630116455e-08 4.533739808691187232e-08 4.628148002166966717e-08 4.597457493991914565e-08 4.608187780611330750e-08 4.600327627645417694e-08 4.589391704286827515e-08 4.624020141186624054e-08 4.605258792676503825e-08 4.545627374082272287e-08 4.581381096371769290e-08 4.564275952297253433e-08 4.598117276034311724e-08
4.618203655786625646e-08 4.659924621627894255e-08 4.673351387108747236e-08 4.648946387183563923e-08 4.628334138253415868e-08 4.585760566443934115e-08 4.636688342972247886e-08 4.617269274730612066e-08 4.571328549447478800e-08 4.632697424325253662e-08 4.574616103115326946e-08 4.635555014420705202e-08 4.663963686098459486e-08 4.553642701685185817e-08 4.639523093110505029e-08 4.641439991825735313e-08 4.618723688222067885e-08 4.595896039204587300e-08 4.620219166975719382e-08 4.625092496591433635e-08 4.580869056809971425e-08 4.624524984778849218e-08 4.645240979832489929e-08 4.635101858710453739e-08 4.618890611411005587e-08 4.576615930928668442e-08 4.572583378635225303e-08 4.615893022304336343e-08 4.608634415317858666e-08 4.653137474917560309e-08 4.608069944569266390e-08 4.623282660303957983e-08 4.577346397559691263e-08 4.672713358547267196e-08 4.641746368034684567e-08 4.652516450022160751e-08 4.644568520720464060e-08 4.633531360839481619e-08 4.668526652760198280e-08 4.649563383586709463e-08 4.589407141421441737e-08 4.625418614694071295e-08 4.608165467231259342e-08 4.642350204773485217e-08
4.573747117704359976e-08 4.615072634160559454e-08 4.628227973093990526e-08 4.604150590698995669e-08 4.583650293012438014e-08 4.541575817979517404e-08 4.592020847266018409e-08 4.572693838907335107e-08 4.527288938289411566e-08 4.588012130693142795e-08 4.530622352887368453e-08 4.590876009828746049e-08 4.619044479761465748e-08 4.509843217822630344e-08 4.594851598632487271e-08 4.596773723316271038e-08 4.574221880944871590e-08 4.551742264003516670e-08 4.575709508089241861e-08 4.580608808610377928e-08 4.536754389619738276e-08 4.580095973585531795e-08 4.600548207755995037e-08 4.590455657744567061e-08 4.574472048390830191e-08 4.532600211682691238e-08 4.528627739040895172e-08 4.571500506260979787e-08 4.564175584104457387e-08 4.608069944569266390e-08 4.563809349460194816e-08 4.578703442165756973e-08 4.533209308033433029e-08 4.627662321594802606e-08 4.596976047700605860e-08 4.607711492709745235e-08 4.599815946597973784e-08 4.588909657817453764e-08 4.623503555651720782e-08 4.604718321475581107e-08 4.545147551880739269e-08 4.580832453813764010e-08 4.563754615630212516e-08 4.597636919963595396e-08
4.588743519884624747e-08 4.630188084654884287e-08 4.643408767254266659e-08 4.619239482649660780e-08 4.598730353944798128e-08 4.556460486015265798e-08 4.607133280487516723e-08 4.587739842261048812e-08 4.542098042108303445e-08 4.603027166241267291e-08 4.545413291572140358e-08 4.605947726003976883e-08 4.634122766939742684e-08 4.524528348585185834e-08 4.609914631084771939e-08 4.611818508284242870e-08 4.589177809198785116e-08 4.566566093013422895e-08 4.590664315953410025e-08 4.595546397709791580e-08 4.551575138521386091e-08 4.595051692935625499e-08 4.615560740487832456e-08 4.605456566497966102e-08 4.589412593385176370e-08 4.547337736722986111e-08 4.543388564029596953e-08 4.586384677230148371e-08 4.579141015630116455e-08 4.623282660303957983e-08 4.578703442165756973e-08 4.593821139328644535e-08 4.548039406882541147e-08 4.642839673870718517e-08 4.612056488362946219e-08 4.622869754357338428e-08 4.614875043575824863e-08 4.603910763249927188e-08 4.638697931160889632e-08 4.619831253070648936e-08 4.560074353746075518e-08 4.595846566580609209e-08 4.578682950586240293e-08 4.612658731687591636e-08
4.543131152468824102e-08 4.584264957392687311e-08 4.597337570381322300e-08 4.573429676379821525e-08 4.553051115464959352e-08 4.511307383042359910e-08 4.561346042191791130e-08 4.542192751221570707e-08 4.497115779765609456e-08 4.557405548747145410e-08 4.500364393187487004e-08 4.560217618208147483e-08 4.588186945860345170e-08 4.479884923429287125e-08 4.564045036050151863e-08 4.566076467018748145e-08 4.543758637371390757e-08 4.521447675078236001e-08 4.545354094628435398e-08 4.549975797628833114e-08 4.506590393730766756e-08 4.549483346425263174e-08 4.569862622347055612e-08 4.559756154412103956e-08 4.543878176536893292e-08 4.502421996065435082e-08 4.498516689670361652e-08 4.541035835536836766e-08 4.533739808691187232e-08 4.577346397559691263e-08 4.533209308033433029e-08 4.548039406882541147e-08 4.503251280428832319e-08 4.596605977770658781e-08 4.566325255992145930e-08 4.576913867985863578e-08 4.569052939386769407e-08 4.558277779277912080e-08 4.592588893174757217e-08 4.573935399870520145e-08 4.514822485149760526e-08 4.550238479171809862e-08 4.533372601234422093e-08 4.566803799896606517e-08
4.637771457872982988e-08 4.679675583685806001e-08 4.693111591160863358e-08 4.668606107710828931e-08 4.647941228514623128e-08 4.605193007355584340e-08 4.656328228484245834e-08 4.636760527614853516e-08 4.590689115903834077e-08 4.652322499604388102e-08 4.594054574235145877e-08 4.655189264980820518e-08 4.683775284604485614e-08 4.572925031194610678e-08 4.659217140749023588e-08 4.661144205456815365e-08 4.638259656786999513e-08 4.615405648845065683e-08 4.639718046870668022e-08 4.644776927599778056e-08 4.600291079866335860e-08 4.644166752436431852e-08 4.664975942417505839e-08 4.654793917194443720e-08 4.638486523929915716e-08 4.596069773950698151e-08 4.591961322227574165e-08 4.635513540326019738e-08 4.628148002166966717e-08 4.672713358547267196e-08 4.627662321594802606e-08 4.642839673870718517e-08 4.596605977770658781e-08 4.692583155037764553e-08 4.661342843972962327e-08 4.672231191705042738e-08 4.664274810930321790e-08 4.653172324726505435e-08 4.688318283341400290e-08 4.669268970980328997e-08 4.608803897388991627e-08 4.645007880747318740e-08 4.627680162873808191e-08 4.662087338295463360e-08
4.607094490220574663e-08 4.648697174323963952e-08 4.661995637246908918e-08 4.637722973409442053e-08 4.617068361714017693e-08 4.574702694831676068e-08 4.625440498897961020e-08 4.606110676381005968e-08 4.560256976919235950e-08 4.621441807644216949e-08 4.563635078428307716e-08 4.624320879228393975e-08 4.652702469555880435e-08 4.542642633989533238e-08 4.628296159585505677e-08 4.630221802347169653e-08 4.607606079584069234e-08 4.584819030965058463e-08 4.609094973260427454e-08 4.613894898678374563e-08 4.569799540819086667e-08 4.613410816754524388e-08 4.634031023727430654e-08 4.623867948892312191e-08 4.607752067660804215e-08 4.565570273843229839e-08 4.561586308557977098e-08 4.604770500488800056e-08 4.597457493991914565e-08 4.641746368034684567e-08 4.596976047700605860e-08 4.612056488362946219e-08 4.566325255992145930e-08 4.661342843972962327e-08 4.630626416788467901e-08 4.641248983185182653e-08 4.633343489415218714e-08 4.622363790138584474e-08 4.657180641360703461e-08 4.638253407764739398e-08 4.578198312418808345e-08 4.614201094640312740e-08 4.597075651624027385e-08 4.631087989322487794e-08
4.617786405064639746e-08 4.659552696901077742e-08 4.672853232929275766e-08 4.648516389658170588e-08 4.627868481961730866e-08 4.585337252528656226e-08 4.636360772466494410e-08 4.616777258863086953e-08 4.570913355571594502e-08 4.632175074848962637e-08 4.574172339166125982e-08 4.635142047438894569e-08 4.663542705103593950e-08 4.553224896176166736e-08 4.639094203616544448e-08 4.641103714536843600e-08 4.618234800120329100e-08 4.595559750018187430e-08 4.619829747016919535e-08 4.624690559369969629e-08 4.580480353624956322e-08 4.624255753471417176e-08 4.644874622683278257e-08 4.634625946474427708e-08 4.618496651373201597e-08 4.576198016663250030e-08 4.572201992475750460e-08 4.615539046215279356e-08 4.608187780611330750e-08 4.652516450022160751e-08 4.607711492709745235e-08 4.622869754357338428e-08 4.576913867985863578e-08 4.672231191705042738e-08 4.641248983185182653e-08 4.652249666915230658e-08 4.644142146386222516e-08 4.633100300567180281e-08 4.668089157523829354e-08 4.649130026577254736e-08 4.588958046327682330e-08 4.625002290737227326e-08 4.607712677483596502e-08 4.641898555893280762e-08
