3.782282045697332491e-08 3.801835275329878220e-08 3.822545289486977318e-08 3.797861175865324885e-08 3.791840320135696526e-08 3.760827105689817300e-08 3.803832766732598178e-08 3.780531504467982118e-08 3.757346553087283835e-08 3.791418412842693394e-08 3.759307965726037693e-08 3.789444334748886156e-08 3.815619426100686647e-08 3.734687579342531070e-08 3.790375668550163483e-08 3.805817509352809616e-08 3.773131586362740795e-08 3.755648603882192707e-08 3.772104146443130885e-08 3.782156399188134747e-08 3.759249448394597662e-08 3.788144244183052583e-08 3.798684888380995891e-08 3.794510551434790319e-08 3.781569085957591674e-08 3.761284003756856745e-08 3.745269942797726472e-08 3.790155161913864345e-08 3.784681943936870836e-08 3.805277971400694140e-08 3.778243020770453419e-08 3.787480860578620304e-08 3.746046834263911710e-08 3.814962019300899589e-08 3.799910677574385097e-08 3.818759638037152812e-08 3.802591118473298285e-08 3.796304363168490971e-08 3.818261249688411229e-08 3.806735674255648927e-08 3.747017294092815014e-08 3.795476733495266071e-08 3.787386086081224820e-08 3.803417492386425941e-08
3.801835275329878220e-08 3.821862299433485363e-08 3.842624086889381530e-08 3.817659120353531738e-08 3.811614750165481222e-08 3.780324172989958512e-08 3.823787588436815237e-08 3.800261866016902552e-08 3.776896529713031468e-08 3.811232663522912495e-08 3.778758605197868073e-08 3.809166330052682283e-08 3.835637839916357250e-08 3.753910685727059464e-08 3.810088768465653793e-08 3.825716061670199215e-08 3.792751185162990773e-08 3.775111189495753937e-08 3.791714416473658668e-08 3.801893811679814528e-08 3.778846787099752824e-08 3.807958311965116302e-08 3.818484222261116084e-08 3.814244827592917055e-08 3.801329166511196988e-08 3.780737489370701278e-08 3.764643449456177678e-08 3.809959493611850588e-08 3.804305947847876161e-08 3.825092652998262468e-08 3.797883238484563261e-08 3.807231203769561834e-08 3.765347055961099501e-08 3.834884651901772983e-08 3.819812097262541502e-08 3.838771083265306039e-08 3.822410656466638085e-08 3.816161217886658751e-08 3.838266451744975974e-08 3.826596358178590806e-08 3.766396681380422330e-08 3.815172311862821908e-08 3.807136589929270739e-08 3.823304354792171743e-08
3.822545289486977318e-08 3.842624086889381530e-08 3.863720979853496505e-08 3.838512912032379695e-08 3.832390139806832607e-08 3.800892728920926817e-08 3.844579686361300850e-08 3.820953934077319129e-08 3.797488002006567024e-08 3.832038263155407623e-08 3.799378999749534525e-08 3.829965488426502266e-08 3.856554034466746860e-08 3.774466116311210164e-08 3.830910786829579710e-08 3.846657973414785167e-08 3.813413444013589424e-08 3.795741729398612169e-08 3.812396240572993209e-08 3.822650580497479663e-08 3.799420405562112800e-08 3.828713326123316329e-08 3.839339878967098228e-08 3.835078966785270205e-08 3.822050963473787775e-08 3.801367920074232092e-08 3.785162662842951985e-08 3.830763651145708634e-08 3.825102344501258851e-08 3.846004101458244456e-08 3.818523521975821776e-08 3.828093704431990732e-08 3.785883359778221128e-08 3.855768162214842726e-08 3.840596265996810419e-08 3.859795177866511324e-08 3.843222674000870205e-08 3.836928619274754466e-08 3.859232131557468986e-08 3.847459332307546362e-08 3.786891983967173180e-08 3.835931635749712534e-08 3.827903977318155149e-08 3.844076958968641360e-08
3.797861175865324885e-08 3.817659120353531738e-08 3.838512912032379695e-08 3.813661761346225511e-08 3.807585316928936712e-08 3.776389610683924330e-08 3.819674604594110129e-08 3.796235978177303378e-08 3.772946955842162493e-08 3.807180315328473851e-08 3.774842464619613928e-08 3.805145438161015403e-08 3.831452321054032201e-08 3.750132561861375151e-08 3.806083420172693730e-08 3.821613210742190813e-08 3.788735187002023338e-08 3.771247741210414428e-08 3.787736119688356556e-08 3.797866580158972350e-08 3.774842036702277391e-08 3.803841239772273073e-08 3.814458896418920040e-08 3.810225930401028833e-08 3.797270622507691426e-08 3.776825229496578918e-08 3.760756047873981269e-08 3.805881323422432343e-08 3.800350367806457602e-08 3.821078020265850878e-08 3.793883475700333711e-08 3.803245026750202816e-08 3.761499039487682701e-08 3.830770930402872986e-08 3.815707663826346609e-08 3.834670269606258262e-08 3.818361352255371521e-08 3.812038129255579536e-08 3.834124938097028229e-08 3.822520314253892442e-08 3.762492466084732665e-08 3.811183423112385590e-08 3.803097730001519953e-08 3.819170824493088759e-08
3.791840320135696526e-08 3.811614750165481222e-08 3.832390139806832607e-08 3.807585316928936712e-08 3.801629590313397006e-08 3.770435688543086881e-08 3.813625395016964702e-08 3.790274005571147634e-08 3.767018719540477275e-08 3.801147191706368907e-08 3.768904453548184304e-08 3.799187286776524254e-08 3.825408063922719644e-08 3.744280007089039985e-08 3.800014685637247450e-08 3.815574371482523423e-08 3.782774484799910490e-08 3.765324499434346939e-08 3.781747508039295214e-08 3.791887945371214081e-08 3.768946127904108690e-08 3.797890776864659159e-08 3.808381273223792535e-08 3.804224046698202343e-08 3.791290290896352820e-08 3.770861599117877428e-08 3.754821084618167970e-08 3.799854777009481997e-08 3.794295741439052796e-08 3.815002355619303264e-08 3.787905440689136283e-08 3.797206127903685322e-08 3.755620424141135924e-08 3.824699283092409689e-08 3.809666731648569151e-08 3.828515880466583404e-08 3.812341288360322645e-08 3.805977830956978996e-08 3.828046880602439599e-08 3.816473790687766810e-08 3.756632324372716681e-08 3.805187473842130229e-08 3.797083507491279825e-08 3.813114527118871108e-08
3.760827105689817300e-08 3.780324172989958512e-08 3.800892728920926817e-08 3.776389610683924330e-08 3.770435688543086881e-08 3.739813144759345183e-08 3.782302706730494610e-08 3.759260650132979523e-08 3.736295844165798207e-08 3.769957497599985111e-08 3.738181851036249540e-08 3.767991675642326890e-08 3.793841761926214406e-08 3.713880507458955584e-08 3.768833735909677706e-08 3.784231180014496748e-08 3.751802245804134391e-08 3.734561772543598376e-08 3.750812192177291399e-08 3.760847669246584683e-08 3.738134894297453031e-08 3.766639853050321573e-08 3.777200209893748123e-08 3.772971725244586163e-08 3.760223852518181942e-08 3.740079602513678104e-08 3.724304356649975963e-08 3.768578522426326717e-08 3.763328026528430030e-08 3.783768763513810708e-08 3.756981899029596386e-08 3.766188866400989361e-08 3.725064924638919652e-08 3.793171429494640130e-08 3.778376385641168973e-08 3.797061207642774154e-08 3.781100822820978995e-08 3.774798908622339600e-08 3.796504838242509042e-08 3.785177298407836553e-08 3.725971512954790822e-08 3.774103525001359463e-08 3.765838456358511951e-08 3.781865920192797926e-08
3.803832766732598178e-08 3.823787588436815237e-08 3.844579686361300850e-08 3.819674604594110129e-08 3.813625395016964702e-08 3.782302706730494610e-08 3.825864629593333865e-08 3.802237148785961465e-08 3.778874661782859801e-08 3.813236309907416837e-08 3.780750010076018355e-08 3.811182060763143247e-08 3.837598474791474709e-08 3.755837830567388100e-08 3.812126740021093460e-08 3.827678054490646127e-08 3.794708407134064446e-08 3.777134607377613195e-08 3.793699154626151151e-08 3.803855644580112111e-08 3.780789575560792307e-08 3.809922321454067802e-08 3.820488609254458349e-08 3.816238597661434527e-08 3.803302578614431325e-08 3.782737407971574498e-08 3.766617695275353594e-08 3.811995265962934071e-08 3.806293838089065380e-08 3.827053247998738805e-08 3.799860492778689907e-08 3.809181927698360503e-08 3.767351038372974099e-08 3.836920930467363651e-08 3.821763557363821856e-08 3.840812388775836254e-08 3.824426800297050577e-08 3.818064349104109141e-08 3.840281714920342535e-08 3.828605584387334612e-08 3.768408695942067619e-08 3.817221246948613689e-08 3.809193165904356244e-08 3.825277134106461392e-08
3.780531504467982118e-08 3.800261866016902552e-08 3.820953934077319129e-08 3.796235978177303378e-08 3.790274005571147634e-08 3.759260650132979523e-08 3.802237148785961465e-08 3.779031592419318932e-08 3.755837791140427714e-08 3.789810303583788726e-08 3.757693837267971971e-08 3.787831341533141620e-08 3.813971144407294409e-08 3.733167134038538857e-08 3.788650830498006484e-08 3.804164691839907007e-08 3.771533694639971088e-08 3.754125026676399930e-08 3.770484587780994832e-08 3.780619556753624866e-08 3.757742576259689745e-08 3.786555496760035133e-08 3.797012769450739289e-08 3.792869443248189726e-08 3.779989226410507774e-08 3.759630450670160630e-08 3.743686299473116290e-08 3.788475872252244620e-08 3.783008733986044237e-08 3.803650928630408190e-08 3.776633044622687100e-08 3.785915500417560923e-08 3.744478804506264981e-08 3.813250129811107972e-08 3.798332964265232013e-08 3.817068080590306092e-08 3.800974491573511993e-08 3.794661857193406930e-08 3.816602584924643340e-08 3.805075029952070429e-08 3.745427634721274907e-08 3.793862425216530733e-08 3.785726761288271473e-08 3.801755931527003552e-08
3.757346553087283835e-08 3.776896529713031468e-08 3.797488002006567024e-08 3.772946955842162493e-08 3.767018719540477275e-08 3.736295844165798207e-08 3.778874661782859801e-08 3.755837791140427714e-08 3.732935268305433947e-08 3.766567916434264417e-08 3.734714264795759527e-08 3.764624938666369306e-08 3.790474386704053556e-08 3.710432378507312870e-08 3.765405536978151264e-08 3.780861725145691572e-08 3.748399083153023606e-08 3.731146166126455366e-08 3.747381276757209979e-08 3.757450841423764389e-08 3.734737154028963282e-08 3.763272804611001481e-08 3.773733939816334275e-08 3.769585510065422111e-08 3.756846266882877352e-08 3.736674353962785640e-08 3.720847606244107610e-08 3.765180809589661371e-08 3.759804090214999962e-08 3.780348035402100554e-08 3.753512955793271076e-08 3.762738031461785356e-08 3.721600123884849205e-08 3.789748258983267653e-08 3.775025685289012657e-08 3.793625217289508533e-08 3.777650056468015316e-08 3.771328541487578115e-08 3.793087660565903475e-08 3.781732972905309903e-08 3.722549445395254733e-08 3.770617333520511551e-08 3.762416669182395341e-08 3.778429500705984835e-08
3.791418412842693394e-08 3.811232663522912495e-08 3.832038263155407623e-08 3.807180315328473851e-08 3.801147191706368907e-08 3.769957497599985111e-08 3.813236309907416837e-08 3.789810303583788726e-08 3.766567916434264417e-08 3.800788692838082882e-08 3.768429991571294735e-08 3.798751796321294316e-08 3.825048081884213819e-08 3.743705636024588945e-08 3.799654403715469617e-08 3.815243212927770395e-08 3.782350855800330636e-08 3.764827259579865527e-08 3.781290082336244320e-08 3.791474438382240222e-08 3.768448933616792365e-08 3.797491625006518333e-08 3.807998959069790818e-08 3.803799369147127077e-08 3.790874754238962762e-08 3.770418891132299118e-08 3.754343658751438127e-08 3.799516166613461429e-08 3.793898519321977426e-08 3.814616184644365514e-08 3.787404344193768264e-08 3.796795429105785654e-08 3.755088107631401076e-08 3.824339887132096342e-08 3.809291735114866436e-08 3.828217547333724873e-08 3.811912421376054186e-08 3.805613223601014915e-08 3.827697953353199388e-08 3.816095005883375443e-08 3.756085399110141043e-08 3.804735957810489841e-08 3.796688046438808963e-08 3.812738519816830937e-08
3.759307965726037693e-08 3.778758605197868073e-08 3.799378999749534525e-08 3.774842464619613928e-08 3.768904453548184304e-08 3.738181851036249540e-08 3.780750010076018355e-08 3.757693837267971971e-08 3.734714264795759527e-08 3.768429991571294735e-08 3.736685679155318929e-08 3.766501995517983380e-08 3.792387109496225128e-08 3.712318283793648117e-08 3.767322008136347019e-08 3.782746756808446228e-08 3.750293624937839899e-08 3.733048819504619816e-08 3.749295183133964811e-08 3.759281875909165675e-08 3.736595980228413913e-08 3.765161959303590994e-08 3.775620952933594356e-08 3.771477712413123808e-08 3.758725513906928676e-08 3.738564407791320109e-08 3.722679613190341914e-08 3.767113813420984721e-08 3.761781450629706976e-08 3.782240399217820912e-08 3.755445984183893862e-08 3.764618717624854619e-08 3.723501040370570188e-08 3.791671397111516020e-08 3.776809345929374670e-08 3.795557152891130568e-08 3.779528082013237054e-08 3.773261911437800093e-08 3.795017579819562673e-08 3.783617209298449500e-08 3.724451649157662135e-08 3.772497295422094960e-08 3.764388821862791240e-08 3.780277919190953190e-08
3.789444334748886156e-08 3.809166330052682283e-08 3.829965488426502266e-08 3.805145438161015403e-08 3.799187286776524254e-08 3.767991675642326890e-08 3.811182060763143247e-08 3.787831341533141620e-08 3.764624938666369306e-08 3.798751796321294316e-08 3.766501995517983380e-08 3.796830136118146573e-08 3.823009277039804676e-08 3.741862481746788924e-08 3.797632367539711510e-08 3.813211546407946586e-08 3.780388145157093675e-08 3.762912050937171747e-08 3.779355953978449334e-08 3.789496138845946110e-08 3.766522120272704688e-08 3.795499067952737918e-08 3.805936764193987181e-08 3.801846263901494165e-08 3.788888052967402513e-08 3.768508996148913605e-08 3.752435144622571986e-08 3.797473900259520349e-08 3.791861232735376843e-08 3.812582936186516914e-08 3.785446587856166622e-08 3.794787198781361353e-08 3.753244466724333936e-08 3.822290897178566835e-08 3.807258439276361826e-08 3.826123828765777951e-08 3.809901499055827334e-08 3.803528560557535731e-08 3.825646069290304332e-08 3.814051577345323805e-08 3.754230038557104131e-08 3.802746776175498066e-08 3.794646810916625946e-08 3.810686674523997071e-08
3.815619426100686647e-08 3.835637839916357250e-08 3.856554034466746860e-08 3.831452321054032201e-08 3.825408063922719644e-08 3.793841761926214406e-08 3.837598474791474709e-08 3.813971144407294409e-08 3.790474386704053556e-08 3.825048081884213819e-08 3.792387109496225128e-08 3.823009277039804676e-08 3.849694106175498340e-08 3.767365978431948568e-08 3.823943944297686382e-08 3.839641246492309111e-08 3.806475403809928857e-08 3.788685543408858018e-08 3.805383772945672287e-08 3.815649961641385221e-08 3.792455678351327276e-08 3.821858833031512300e-08 3.832316449854996523e-08 3.828138690729895211e-08 3.815059404430882774e-08 3.794382262471501704e-08 3.778108404905476131e-08 3.823867351971323863e-08 3.818081594589244570e-08 3.838972883977486186e-08 3.811532888508493577e-08 3.820943454598327739e-08 3.778892236979142045e-08 3.848877252562212132e-08 3.833672249793551633e-08 3.852693712140631222e-08 3.836225003428153098e-08 3.829970262686220732e-08 3.852276289795661816e-08 3.840481512519419868e-08 3.779937512424149266e-08 3.828952531315179121e-08 3.821022712729722553e-08 3.837133955209989211e-08
3.734687579342531070e-08 3.753910685727059464e-08 3.774466116311210164e-08 3.750132561861375151e-08 3.744280007089039985e-08 3.713880507458955584e-08 3.755837830567388100e-08 3.733167134038538857e-08 3.710432378507312870e-08 3.743705636024588945e-08 3.712318283793648117e-08 3.741862481746788924e-08 3.767365978431948568e-08 3.688512219283772596e-08 3.742542852182001066e-08 3.757914698587163511e-08 3.725800176822131476e-08 3.708798183013299043e-08 3.724812613696057307e-08 3.734773363704638134e-08 3.712255821864411077e-08 3.740417096580756314e-08 3.750896208684205593e-08 3.746792244764213920e-08 3.734133294988040565e-08 3.714211161112310944e-08 3.698561041027247082e-08 3.742263967815829886e-08 3.737163273231446488e-08 3.757513615951865205e-08 3.730908681571655205e-08 3.740087879507795071e-08 3.699364436744007276e-08 3.766641486708840529e-08 3.752029373225616983e-08 3.770469331278313237e-08 3.754783774454551828e-08 3.748461990375167180e-08 3.769982471812622925e-08 3.758751591870086126e-08 3.700242717386887468e-08 3.747851471774537014e-08 3.739564211342966723e-08 3.755448321585670342e-08
3.790375668550163483e-08 3.810088768465653793e-08 3.830910786829579710e-08 3.806083420172693730e-08 3.800014685637247450e-08 3.768833735909677706e-08 3.812126740021093460e-08 3.788650830498006484e-08 3.765405536978151264e-08 3.799654403715469617e-08 3.767322008136347019e-08 3.797632367539711510e-08 3.823943944297686382e-08 3.742542852182001066e-08 3.798684423050704427e-08 3.814112964059951884e-08 3.781182825460420678e-08 3.763659003914508813e-08 3.780235347244617222e-08 3.790310720216269986e-08 3.767294839188113561e-08 3.796353171598878544e-08 3.806940575697056939e-08 3.802692340072540336e-08 3.789712951966120145e-08 3.769344626659419889e-08 3.753256327840035287e-08 3.798438012772293996e-08 3.792849879097551319e-08 3.813517934666848090e-08 3.786325784760134491e-08 3.795670120118927832e-08 3.753998659897241968e-08 3.823279723892091628e-08 3.808132527328749397e-08 3.827163172986263318e-08 3.810815709133014956e-08 3.804518777813650916e-08 3.826669644695428243e-08 3.815027668712026980e-08 3.755000834265986453e-08 3.803661882909776151e-08 3.795604977846947320e-08 3.811648548268893245e-08
3.805817509352809616e-08 3.825716061670199215e-08 3.846657973414785167e-08 3.821613210742190813e-08 3.815574371482523423e-08 3.784231180014496748e-08 3.827678054490646127e-08 3.804164691839907007e-08 3.780861725145691572e-08 3.815243212927770395e-08 3.782746756808446228e-08 3.813211546407946586e-08 3.839641246492309111e-08 3.757914698587163511e-08 3.814112964059951884e-08 3.829890835396874386e-08 3.796722183921178192e-08 3.779057907958139785e-08 3.795610755823439398e-08 3.805871851279785534e-08 3.782774868297520416e-08 3.811961231823282793e-08 3.822467214498665721e-08 3.818239325093862616e-08 3.805304627328038857e-08 3.784733895712630925e-08 3.768557950322479412e-08 3.814008092241737914e-08 3.808330698950594954e-08 3.829135903111993805e-08 3.801756881388865189e-08 3.811224350046085932e-08 3.769304057760225367e-08 3.838845757469723293e-08 3.823745899089264644e-08 3.842791888643407320e-08 3.826368636599826811e-08 3.820120200786752387e-08 3.842261177597764734e-08 3.830622169673166239e-08 3.770320700844606992e-08 3.819161336067744302e-08 3.811105578663157432e-08 3.827219510394366084e-08
3.773131586362740795e-08 3.792751185162990773e-08 3.813413444013589424e-08 3.788735187002023338e-08 3.782774484799910490e-08 3.751802245804134391e-08 3.794708407134064446e-08 3.771533694639971088e-08 3.748399083153023606e-08 3.782350855800330636e-08 3.750293624937839899e-08 3.780388145157093675e-08 3.806475403809928857e-08 3.725800176822131476e-08 3.781182825460420678e-08 3.796722183921178192e-08 3.764169875814956828e-08 3.746723518476542038e-08 3.763049717259400395e-08 3.773151089832247234e-08 3.750298159884919570e-08 3.779110319703789653e-08 3.789497522791553404e-08 3.785414665530412423e-08 3.772569366382142926e-08 3.752254893214746265e-08 3.736290798981428214e-08 3.781042109851407192e-08 3.775527872954235598e-08 3.796136745391926488e-08 3.769154160674652850e-08 3.778408487876115010e-08 3.737072522797691195e-08 3.805761800651271693e-08 3.790820486074851159e-08 3.809541729484917975e-08 3.793465191290946546e-08 3.787191131815273308e-08 3.809083332121661515e-08 3.797545565867425074e-08 3.738038839302558955e-08 3.786330079140881901e-08 3.778283084449569346e-08 3.794267514436176740e-08
3.755648603882192707e-08 3.775111189495753937e-08 3.795741729398612169e-08 3.771247741210414428e-08 3.765324499434346939e-08 3.734561772543598376e-08 3.777134607377613195e-08 3.754125026676399930e-08 3.731146166126455366e-08 3.764827259579865527e-08 3.733048819504619816e-08 3.762912050937171747e-08 3.788685543408858018e-08 3.708798183013299043e-08 3.763659003914508813e-08 3.779057907958139785e-08 3.746723518476542038e-08 3.729678602408645157e-08 3.745695385616257019e-08 3.755694728546490948e-08 3.732958126366654617e-08 3.761539021610479456e-08 3.771952987942784972e-08 3.767906180985919148e-08 3.755113465716875809e-08 3.734993093170449590e-08 3.719128105697097831e-08 3.763493356623443232e-08 3.758119675904298645e-08 3.778588506093505200e-08 3.751766882690985209e-08 3.761037291630296096e-08 3.719947056334373160e-08 3.788050802563270808e-08 3.773206590233740345e-08 3.791859861977155360e-08 3.775954066429650857e-08 3.769550275090228034e-08 3.791291440498898693e-08 3.779909702863110428e-08 3.720916251852439190e-08 3.768864893724412780e-08 3.760778717112047783e-08 3.776577077927202701e-08
3.772104146443130885e-08 3.791714416473658668e-08 3.812396240572993209e-08 3.787736119688356556e-08 3.781747508039295214e-08 3.750812192177291399e-08 3.793699154626151151e-08 3.770484587780994832e-08 3.747381276757209979e-08 3.781290082336244320e-08 3.749295183133964811e-08 3.779355953978449334e-08 3.805383772945672287e-08 3.724812613696057307e-08 3.780235347244617222e-08 3.795610755823439398e-08 3.763049717259400395e-08 3.745695385616257019e-08 3.762145498082444393e-08 3.772096389259688985e-08 3.749290291610443306e-08 3.777992844982192390e-08 3.788494439062502634e-08 3.784371201883689980e-08 3.771511290309247939e-08 3.751284642539090164e-08 3.735341445061731592e-08 3.779961596071199571e-08 3.774506783612147844e-08 3.795109605238150775e-08 3.768215242277168849e-08 3.777435079623311606e-08 3.736109214912654518e-08 3.804711631965548442e-08 3.789742490524397098e-08 3.808578138288865813e-08 3.792430456875629354e-08 3.786118279237292761e-08 3.808100071333849969e-08 3.796529147233705018e-08 3.737087934790760827e-08 3.785312231073686306e-08 3.777203699818876982e-08 3.793221037311008480e-08
3.782156399188134747e-08 3.801893811679814528e-08 3.822650580497479663e-08 3.797866580158972350e-08 3.791887945371214081e-08 3.760847669246584683e-08 3.803855644580112111e-08 3.780619556753624866e-08 3.757450841423764389e-08 3.791474438382240222e-08 3.759281875909165675e-08 3.789496138845946110e-08 3.815649961641385221e-08 3.734773363704638134e-08 3.790310720216269986e-08 3.805871851279785534e-08 3.773151089832247234e-08 3.755694728546490948e-08 3.772096389259688985e-08 3.782304794809002524e-08 3.759315364424217910e-08 3.788212232105893209e-08 3.798689687652952089e-08 3.794538873356234030e-08 3.781614412514673454e-08 3.761263238678834007e-08 3.745305664757577545e-08 3.790152255599654661e-08 3.784646243977941547e-08 3.805313302828330632e-08 3.778172007527316163e-08 3.787582765731082405e-08 3.746074533672378868e-08 3.814917936709635727e-08 3.799987364096669113e-08 3.818757982127777795e-08 3.802603876049121189e-08 3.796274283006596181e-08 3.818291780585785698e-08 3.806734201871610204e-08 3.746987516957308490e-08 3.795488382866426073e-08 3.787325077855003371e-08 3.803409299439971082e-08
3.759249448394597662e-08 3.778846787099752824e-08 3.799420405562112800e-08 3.774842036702277391e-08 3.768946127904108690e-08 3.738134894297453031e-08 3.780789575560792307e-08 3.757742576259689745e-08 3.734737154028963282e-08 3.768448933616792365e-08 3.736595980228413913e-08 3.766522120272704688e-08 3.792455678351327276e-08 3.712255821864411077e-08 3.767294839188113561e-08 3.782774868297520416e-08 3.750298159884919570e-08 3.732958126366654617e-08 3.749290291610443306e-08 3.759315364424217910e-08 3.736692267699958119e-08 3.765208910820815842e-08 3.775598292418896496e-08 3.771475471889996869e-08 3.758736326543994006e-08 3.738503244894824466e-08 3.722661429509207362e-08 3.767078849226809206e-08 3.761675918726836816e-08 3.782235802232072215e-08 3.755455945068149142e-08 3.764589614522213618e-08 3.723450957836827216e-08 3.791704087509467317e-08 3.776914140135009209e-08 3.795546901605649420e-08 3.779537940765279755e-08 3.773296141091089152e-08 3.795084097293967872e-08 3.783658436018541794e-08 3.724423078104526211e-08 3.772490269637342421e-08 3.764346172778461123e-08 3.780334753362711638e-08
3.788144244183052583e-08 3.807958311965116302e-08 3.828713326123316329e-08 3.803841239772273073e-08 3.797890776864659159e-08 3.766639853050321573e-08 3.809922321454067802e-08 3.786555496760035133e-08 3.763272804611001481e-08 3.797491625006518333e-08 3.765161959303590994e-08 3.795499067952737918e-08 3.821858833031512300e-08 3.740417096580756314e-08 3.796353171598878544e-08 3.811961231823282793e-08 3.779110319703789653e-08 3.761539021610479456e-08 3.777992844982192390e-08 3.788212232105893209e-08 3.765208910820815842e-08 3.794353510100456241e-08 3.804685945223949442e-08 3.800572050821703509e-08 3.787600699853934469e-08 3.767126242806371485e-08 3.751038387598469490e-08 3.796276730213176435e-08 3.790607889378715470e-08 3.811328137727843277e-08 3.784109814124819604e-08 3.793460753987469886e-08 3.751836802198085938e-08 3.821089819580604985e-08 3.806031455833476932e-08 3.824856611008042287e-08 3.808635448529634503e-08 3.802348809818793926e-08 3.824441656270640855e-08 3.812802417800237582e-08 3.752847459183558775e-08 3.801437867293882472e-08 3.793459848481423577e-08 3.809464055505864129e-08
3.798684888380995891e-08 3.818484222261116084e-08 3.839339878967098228e-08 3.814458896418920040e-08 3.808381273223792535e-08 3.777200209893748123e-08 3.820488609254458349e-08 3.797012769450739289e-08 3.773733939816334275e-08 3.807998959069790818e-08 3.775620952933594356e-08 3.805936764193987181e-08 3.832316449854996523e-08 3.750896208684205593e-08 3.806940575697056939e-08 3.822467214498665721e-08 3.789497522791553404e-08 3.771952987942784972e-08 3.788494439062502634e-08 3.798689687652952089e-08 3.775598292418896496e-08 3.804685945223949442e-08 3.815370772974291329e-08 3.811036223675113974e-08 3.798057025634663648e-08 3.777606024980194030e-08 3.761544032341041842e-08 3.806748973679092067e-08 3.801222151550929169e-08 3.821919389397931652e-08 3.794646717193616178e-08 3.804065662455857154e-08 3.762256566730434393e-08 3.831600441191910869e-08 3.816528722543785874e-08 3.835495409435053700e-08 3.819188397245451987e-08 3.812873049889544119e-08 3.834969700938535864e-08 3.823389596532416856e-08 3.763242859963607036e-08 3.812036534632869092e-08 3.803922598375220070e-08 3.820046385059657695e-08
3.794510551434790319e-08 3.814244827592917055e-08 3.835078966785270205e-08 3.810225930401028833e-08 3.804224046698202343e-08 3.772971725244586163e-08 3.816238597661434527e-08 3.792869443248189726e-08 3.769585510065422111e-08 3.803799369147127077e-08 3.771477712413123808e-08 3.801846263901494165e-08 3.828138690729895211e-08 3.746792244764213920e-08 3.802692340072540336e-08 3.818239325093862616e-08 3.785414665530412423e-08 3.767906180985919148e-08 3.784371201883689980e-08 3.794538873356234030e-08 3.771475471889996869e-08 3.800572050821703509e-08 3.811036223675113974e-08 3.806949221219510030e-08 3.793895732286743557e-08 3.773495116390521072e-08 3.757396438993363353e-08 3.802538770249329197e-08 3.796937654121341041e-08 3.817686910388305178e-08 3.790454078120090459e-08 3.799842672665559998e-08 3.758197882881570864e-08 3.827427410411002108e-08 3.812367247931359025e-08 3.831216876950764117e-08 3.814982889948201375e-08 3.808608952110172959e-08 3.830746101935904212e-08 3.819115345697907943e-08 3.759167333007532768e-08 3.807787004329788589e-08 3.799728233378799375e-08 3.815780464730462343e-08
3.781569085957591674e-08 3.801329166511196988e-08 3.822050963473787775e-08 3.797270622507691426e-08 3.791290290896352820e-08 3.760223852518181942e-08 3.803302578614431325e-08 3.779989226410507774e-08 3.756846266882877352e-08 3.790874754238962762e-08 3.758725513906928676e-08 3.788888052967402513e-08 3.815059404430882774e-08 3.734133294988040565e-08 3.789712951966120145e-08 3.805304627328038857e-08 3.772569366382142926e-08 3.755113465716875809e-08 3.771511290309247939e-08 3.781614412514673454e-08 3.758736326543994006e-08 3.787600699853934469e-08 3.798057025634663648e-08 3.793895732286743557e-08 3.781100270014975883e-08 3.760679909912400349e-08 3.744650642082955188e-08 3.789579040081109693e-08 3.784011929356417088e-08 3.804688840176941939e-08 3.777663169235916537e-08 3.786922787893360703e-08 3.745399811453317968e-08 3.814295885078835319e-08 3.799338169182236579e-08 3.818181860407032662e-08 3.801984368290503923e-08 3.795707420511649674e-08 3.817669265274575702e-08 3.806108353867169714e-08 3.746440719069202899e-08 3.794824725231947429e-08 3.786796593398312006e-08 3.802812152983682041e-08
3.761284003756856745e-08 3.780737489370701278e-08 3.801367920074232092e-08 3.776825229496578918e-08 3.770861599117877428e-08 3.740079602513678104e-08 3.782737407971574498e-08 3.759630450670160630e-08 3.736674353962785640e-08 3.770418891132299118e-08 3.738564407791320109e-08 3.768508996148913605e-08 3.794382262471501704e-08 3.714211161112310944e-08 3.769344626659419889e-08 3.784733895712630925e-08 3.752254893214746265e-08 3.734993093170449590e-08 3.751284642539090164e-08 3.761263238678834007e-08 3.738503244894824466e-08 3.767126242806371485e-08 3.777606024980194030e-08 3.773495116390521072e-08 3.760679909912400349e-08 3.740572247196704438e-08 3.724670051227964319e-08 3.769096274782998135e-08 3.763692747622240528e-08 3.784229599092986271e-08 3.757357628726781607e-08 3.766574382749905928e-08 3.725439083850486984e-08 3.793707729360991461e-08 3.778844213442000199e-08 3.797548534890508677e-08 3.781532141011214867e-08 3.775191280826807206e-08 3.797023924618029453e-08 3.785595253389243326e-08 3.726402436468013217e-08 3.774468091832390083e-08 3.766310782940635261e-08 3.782292351465772751e-08
3.745269942797726472e-08 3.764643449456177678e-08 3.785162662842951985e-08 3.760756047873981269e-08 3.754821084618167970e-08 3.724304356649975963e-08 3.766617695275353594e-08 3.743686299473116290e-08 3.720847606244107610e-08 3.754343658751438127e-08 3.722679613190341914e-08 3.752435144622571986e-08 3.778108404905476131e-08 3.698561041027247082e-08 3.753256327840035287e-08 3.768557950322479412e-08 3.736290798981428214e-08 3.719128105697097831e-08 3.735341445061731592e-08 3.745305664757577545e-08 3.722661429509207362e-08 3.751038387598469490e-08 3.761544032341041842e-08 3.757396438993363353e-08 3.744650642082955188e-08 3.724670051227964319e-08 3.708989584190541962e-08 3.752946052754009272e-08 3.747696150748011949e-08 3.768113550598515489e-08 3.741400507799845156e-08 3.750602100921773866e-08 3.709714460199372467e-08 3.777477022400223562e-08 3.762742906566473152e-08 3.781322684930220321e-08 3.765461068722057107e-08 3.759108375459960891e-08 3.780799359190702511e-08 3.769475931459541538e-08 3.710602727023543955e-08 3.758472069100826619e-08 3.750176229073115924e-08 3.766211709863282856e-08
3.790155161913864345e-08 3.809959493611850588e-08 3.830763651145708634e-08 3.805881323422432343e-08 3.799854777009481997e-08 3.768578522426326717e-08 3.811995265962934071e-08 3.788475872252244620e-08 3.765180809589661371e-08 3.799516166613461429e-08 3.767113813420984721e-08 3.797473900259520349e-08 3.823867351971323863e-08 3.742263967815829886e-08 3.798438012772293996e-08 3.814008092241737914e-08 3.781042109851407192e-08 3.763493356623443232e-08 3.779961596071199571e-08 3.790152255599654661e-08 3.767078849226809206e-08 3.796276730213176435e-08 3.806748973679092067e-08 3.802538770249329197e-08 3.789579040081109693e-08 3.769096274782998135e-08 3.752946052754009272e-08 3.798376862695313784e-08 3.792653166750521948e-08 3.813317832865849652e-08 3.786052442756356179e-08 3.795462974325652420e-08 3.753714938683020455e-08 3.823143227143150819e-08 3.807983325689153762e-08 3.826982935661945224e-08 3.810638418463579239e-08 3.804345526518056646e-08 3.826482859574052325e-08 3.814829033236323973e-08 3.754750328381354642e-08 3.803444438054081864e-08 3.795519459163689685e-08 3.811466291231332548e-08
3.784681943936870836e-08 3.804305947847876161e-08 3.825102344501258851e-08 3.800350367806457602e-08 3.794295741439052796e-08 3.763328026528430030e-08 3.806293838089065380e-08 3.783008733986044237e-08 3.759804090214999962e-08 3.793898519321977426e-08 3.761781450629706976e-08 3.791861232735376843e-08 3.818081594589244570e-08 3.737163273231446488e-08 3.792849879097551319e-08 3.808330698950594954e-08 3.775527872954235598e-08 3.758119675904298645e-08 3.774506783612147844e-08 3.784646243977941547e-08 3.761675918726836816e-08 3.790607889378715470e-08 3.801222151550929169e-08 3.796937654121341041e-08 3.784011929356417088e-08 3.763692747622240528e-08 3.747696150748011949e-08 3.792653166750521948e-08 3.787273330342099442e-08 3.807823750821849583e-08 3.780666292397120023e-08 3.790043794926132610e-08 3.748476321968193395e-08 3.817374705936006595e-08 3.802354724691899275e-08 3.821274468868343713e-08 3.805069072304703202e-08 3.798813501559166214e-08 3.820723461836168040e-08 3.809230157539946801e-08 3.749401952097555601e-08 3.797980683349721946e-08 3.789855361088265687e-08 3.805848210888769723e-08
3.805277971400694140e-08 3.825092652998262468e-08 3.846004101458244456e-08 3.821078020265850878e-08 3.815002355619303264e-08 3.783768763513810708e-08 3.827053247998738805e-08 3.803650928630408190e-08 3.780348035402100554e-08 3.814616184644365514e-08 3.782240399217820912e-08 3.812582936186516914e-08 3.838972883977486186e-08 3.757513615951865205e-08 3.813517934666848090e-08 3.829135903111993805e-08 3.796136745391926488e-08 3.778588506093505200e-08 3.795109605238150775e-08 3.805313302828330632e-08 3.782235802232072215e-08 3.811328137727843277e-08 3.821919389397931652e-08 3.817686910388305178e-08 3.804688840176941939e-08 3.784229599092986271e-08 3.768113550598515489e-08 3.813317832865849652e-08 3.807823750821849583e-08 3.828633367859949257e-08 3.801282871476723954e-08 3.810694076654876907e-08 3.768868725630897065e-08 3.838214915925192540e-08 3.823197461808454683e-08 3.842109196199789985e-08 3.825813183058344460e-08 3.819525459970975621e-08 3.841592409568550068e-08 3.829999091270527344e-08 3.769841054391853057e-08 3.818634509166169296e-08 3.810489001739932142e-08 3.826626190018190937e-08
3.778243020770453419e-08 3.797883238484563261e-08 3.818523521975821776e-08 3.793883475700333711e-08 3.787905440689136283e-08 3.756981899029596386e-08 3.799860492778689907e-08 3.776633044622687100e-08 3.753512955793271076e-08 3.787404344193768264e-08 3.755445984183893862e-08 3.785446587856166622e-08 3.811532888508493577e-08 3.730908681571655205e-08 3.786325784760134491e-08 3.801756881388865189e-08 3.769154160674652850e-08 3.751766882690985209e-08 3.768215242277168849e-08 3.778172007527316163e-08 3.755455945068149142e-08 3.784109814124819604e-08 3.794646717193616178e-08 3.790454078120090459e-08 3.777663169235916537e-08 3.757357628726781607e-08 3.741400507799845156e-08 3.786052442756356179e-08 3.780666292397120023e-08 3.801282871476723954e-08 3.774450765583183265e-08 3.783530170220237123e-08 3.742178119373318596e-08 3.810817624334653331e-08 3.795895592026149807e-08 3.814699755087113941e-08 3.798578963012473263e-08 3.792320812330020548e-08 3.814187067404480134e-08 3.802707520635862121e-08 3.743205713333785091e-08 3.791485941536846377e-08 3.783356717127953558e-08 3.799391877668270154e-08
3.787480860578620304e-08 3.807231203769561834e-08 3.828093704431990732e-08 3.803245026750202816e-08 3.797206127903685322e-08 3.766188866400989361e-08 3.809181927698360503e-08 3.785915500417560923e-08 3.762738031461785356e-08 3.796795429105785654e-08 3.764618717624854619e-08 3.794787198781361353e-08 3.820943454598327739e-08 3.740087879507795071e-08 3.795670120118927832e-08 3.811224350046085932e-08 3.778408487876115010e-08 3.761037291630296096e-08 3.777435079623311606e-08 3.787582765731082405e-08 3.764589614522213618e-08 3.793460753987469886e-08 3.804065662455857154e-08 3.799842672665559998e-08 3.786922787893360703e-08 3.766574382749905928e-08 3.750602100921773866e-08 3.795462974325652420e-08 3.790043794926132610e-08 3.810694076654876907e-08 3.783530170220237123e-08 3.793012943060303012e-08 3.751353367119268032e-08 3.820226628654421070e-08 3.805279809273581915e-08 3.824199344431517607e-08 3.807949071936876720e-08 3.801630852093784231e-08 3.823613700197054909e-08 3.812090425362788623e-08 3.752275225875792942e-08 3.800810833994329286e-08 3.792639538081903345e-08 3.808717347327306937e-08
3.746046834263911710e-08 3.765347055961099501e-08 3.785883359778221128e-08 3.761499039487682701e-08 3.755620424141135924e-08 3.725064924638919652e-08 3.767351038372974099e-08 3.744478804506264981e-08 3.721600123884849205e-08 3.755088107631401076e-08 3.723501040370570188e-08 3.753244466724333936e-08 3.778892236979142045e-08 3.699364436744007276e-08 3.753998659897241968e-08 3.769304057760225367e-08 3.737072522797691195e-08 3.719947056334373160e-08 3.736109214912654518e-08 3.746074533672378868e-08 3.723450957836827216e-08 3.751836802198085938e-08 3.762256566730434393e-08 3.758197882881570864e-08 3.745399811453317968e-08 3.725439083850486984e-08 3.709714460199372467e-08 3.753714938683020455e-08 3.748476321968193395e-08 3.768868725630897065e-08 3.742178119373318596e-08 3.751353367119268032e-08 3.710554848707159538e-08 3.778249266066893532e-08 3.763484464656920235e-08 3.782050681136539537e-08 3.766217596978583172e-08 3.759844560857536157e-08 3.781562551526572144e-08 3.770233563916357101e-08 3.711408716132756466e-08 3.759260070049006940e-08 3.750978340979963865e-08 3.766910751300729357e-08
3.814962019300899589e-08 3.834884651901772983e-08 3.855768162214842726e-08 3.830770930402872986e-08 3.824699283092409689e-08 3.793171429494640130e-08 3.836920930467363651e-08 3.813250129811107972e-08 3.789748258983267653e-08 3.824339887132096342e-08 3.791671397111516020e-08 3.822290897178566835e-08 3.848877252562212132e-08 3.766641486708840529e-08 3.823279723892091628e-08 3.838845757469723293e-08 3.805761800651271693e-08 3.788050802563270808e-08 3.804711631965548442e-08 3.814917936709635727e-08 3.791704087509467317e-08 3.821089819580604985e-08 3.831600441191910869e-08 3.827427410411002108e-08 3.814295885078835319e-08 3.793707729360991461e-08 3.777477022400223562e-08 3.823143227143150819e-08 3.817374705936006595e-08 3.838214915925192540e-08 3.810817624334653331e-08 3.820226628654421070e-08 3.778249266066893532e-08 3.848248441834436689e-08 3.832937806710073912e-08 3.852011764369926480e-08 3.835562247864526368e-08 3.829225429815061245e-08 3.851566634336981745e-08 3.839787067743921882e-08 3.779281523815084734e-08 3.828298306769288523e-08 3.820314545040339505e-08 3.836415934509849392e-08
3.799910677574385097e-08 3.819812097262541502e-08 3.840596265996810419e-08 3.815707663826346609e-08 3.809666731648569151e-08 3.778376385641168973e-08 3.821763557363821856e-08 3.798332964265232013e-08 3.775025685289012657e-08 3.809291735114866436e-08 3.776809345929374670e-08 3.807258439276361826e-08 3.833672249793551633e-08 3.752029373225616983e-08 3.808132527328749397e-08 3.823745899089264644e-08 3.790820486074851159e-08 3.773206590233740345e-08 3.789742490524397098e-08 3.799987364096669113e-08 3.776914140135009209e-08 3.806031455833476932e-08 3.816528722543785874e-08 3.812367247931359025e-08 3.799338169182236579e-08 3.778844213442000199e-08 3.762742906566473152e-08 3.807983325689153762e-08 3.802354724691899275e-08 3.823197461808454683e-08 3.795895592026149807e-08 3.805279809273581915e-08 3.763484464656920235e-08 3.832937806710073912e-08 3.817976673351210930e-08 3.836741440320214366e-08 3.820463218517996301e-08 3.814153099251325882e-08 3.836237776345868200e-08 3.824655015919568051e-08 3.764470593487474310e-08 3.813256830474717077e-08 3.805153182996440776e-08 3.821335450180367226e-08
3.818759638037152812e-08 3.838771083265306039e-08 3.859795177866511324e-08 3.834670269606258262e-08 3.828515880466583404e-08 3.797061207642774154e-08 3.840812388775836254e-08 3.817068080590306092e-08 3.793625217289508533e-08 3.828217547333724873e-08 3.795557152891130568e-08 3.826123828765777951e-08 3.852693712140631222e-08 3.770469331278313237e-08 3.827163172986263318e-08 3.842791888643407320e-08 3.809541729484917975e-08 3.791859861977155360e-08 3.808578138288865813e-08 3.818757982127777795e-08 3.795546901605649420e-08 3.824856611008042287e-08 3.835495409435053700e-08 3.831216876950764117e-08 3.818181860407032662e-08 3.797548534890508677e-08 3.781322684930220321e-08 3.826982935661945224e-08 3.821274468868343713e-08 3.842109196199789985e-08 3.814699755087113941e-08 3.824199344431517607e-08 3.782050681136539537e-08 3.852011764369926480e-08 3.836741440320214366e-08 3.856068460043837830e-08 3.839378692162205730e-08 3.833088685082591875e-08 3.855442768210899790e-08 3.843674280188508448e-08 3.783063948451814914e-08 3.832115271120974341e-08 3.824123377032114660e-08 3.840255816309575846e-08
