4.719298577839294050e-08 4.752924332887244292e-08 4.772871572938951587e-08 4.744163107659935373e-08 4.732678530047452069e-08 4.686295437416607696e-08 4.747683668840678061e-08 4.721596079655636586e-08 4.678710141396362589e-08 4.746418051951665191e-08 4.677226576458645135e-08 4.735830361667739427e-08 4.768048934759803669e-08 4.657978328469456755e-08 4.740411737631341833e-08 4.750390480051280814e-08 4.713432887305520468e-08 4.703491203550789483e-08 4.715732980204172586e-08 4.723922521559033226e-08 4.689194482031559842e-08 4.736099524904326870e-08 4.746918763059899243e-08 4.741800490938680397e-08 4.719932535599270017e-08 4.689340092057025353e-08 4.683722798626837601e-08 4.722041857947629217e-08 4.713714254913839422e-08 4.756607908447460834e-08 4.705536093450990672e-08 4.726081565943676142e-08 4.680457055499222937e-08 4.765071639818303153e-08 4.742453821699184937e-08 4.760002028015323149e-08 4.756371013477218828e-08 4.721282603002683302e-08 4.769414487875623334e-08 4.757491997441122250e-08 4.692927612175466471e-08 4.737608292999951327e-08 4.712551331374233529e-08 4.746823882482786113e-08
4.752924332887244292e-08 4.786955536739091077e-08 4.806899465917085644e-08 4.778026721101440038e-08 4.766480180394877827e-08 4.719730870365627050e-08 4.781641470373634935e-08 4.755339917883652174e-08 4.712146353473800178e-08 4.780279723441966309e-08 4.710597375381041327e-08 4.769691756750068957e-08 4.802074803384590404e-08 4.691167059341173242e-08 4.774202871138335436e-08 4.784250724619838337e-08 4.747003708441506805e-08 4.737062861853591831e-08 4.749316728528553809e-08 4.757591679448950335e-08 4.722657929576092091e-08 4.769873974934154248e-08 4.780833981058748780e-08 4.775683047324743976e-08 4.753634931108305236e-08 4.722803044519536945e-08 4.717083935096737804e-08 4.755760027856960129e-08 4.747324108395105507e-08 4.790515248879362354e-08 4.739109285594232454e-08 4.759825892368661323e-08 4.713878555933336645e-08 4.799100726890980795e-08 4.776261405937995269e-08 4.794014686558826079e-08 4.790348119183520795e-08 4.754867183794226755e-08 4.803419203392089700e-08 4.791462665193557965e-08 4.726429298433420803e-08 4.771355100772471427e-08 4.746168744618242802e-08 4.780724981841660336e-08
4.772871572938951587e-08 4.806899465917085644e-08 4.827163852612277003e-08 4.798064024996309114e-08 4.786413678925692388e-08 4.739512260595710125e-08 4.801609105139845275e-08 4.775202133315314572e-08 4.731858197869437596e-08 4.800324717797036958e-08 4.730339294302145650e-08 4.789632011846605809e-08 4.822207412251554401e-08 4.710910243761703897e-08 4.794292789878837536e-08 4.804346892304083245e-08 4.766995876499576405e-08 4.756919470093950663e-08 4.769314378555457289e-08 4.777554080445176991e-08 4.742428232716640200e-08 4.789902516574858734e-08 4.800841072469022860e-08 4.795648072626957091e-08 4.773576154928118404e-08 4.742589813419661887e-08 4.736968773678466364e-08 4.775672398115564786e-08 4.767253796817052456e-08 4.810550045741548014e-08 4.758964823728221639e-08 4.779747044710610171e-08 4.733598105004629158e-08 4.819201312724275826e-08 4.796340295130529694e-08 4.814081441697061064e-08 4.810383662931370861e-08 4.774921465576374426e-08 4.823601694244537325e-08 4.811542560080167142e-08 4.746232997016042992e-08 4.791381996007655486e-08 4.766057800591890434e-08 4.800782084035978116e-08
4.744163107659935373e-08 4.778026721101440038e-08 4.798064024996309114e-08 4.769256148277125041e-08 4.757669463030372374e-08 4.711015576108005668e-08 4.772745311947555558e-08 4.746524054362956275e-08 4.703434386274641724e-08 4.771423424314271477e-08 4.701913627092896349e-08 4.760848195423538558e-08 4.793212166535187517e-08 4.682599830376319832e-08 4.765445516247072026e-08 4.775427715455553857e-08 4.738312422509546672e-08 4.728353761884108978e-08 4.740626465239814907e-08 4.748832251692505504e-08 4.713925680469923150e-08 4.761095840302230151e-08 4.771968039270876406e-08 4.766846710549195856e-08 4.744838727766386209e-08 4.714092782673877067e-08 4.708478893162140252e-08 4.746996384790755412e-08 4.738579241604362287e-08 4.781678787471634530e-08 4.730371112044140987e-08 4.751034919938085075e-08 4.705183817419454711e-08 4.790225557795970291e-08 4.767506540667121768e-08 4.785159489244806155e-08 4.781496245622801533e-08 4.746185709996194724e-08 4.794577674601753775e-08 4.782607453436781904e-08 4.717704028214909576e-08 4.762593238360819597e-08 4.737403493489330796e-08 4.771905506745780286e-08
4.732678530047452069e-08 4.766480180394877827e-08 4.786413678925692388e-08 4.757669463030372374e-08 4.746219087058025749e-08 4.699693484449522268e-08 4.761205601311894002e-08 4.735090289344147230e-08 4.692031873591228447e-08 4.759876435569710564e-08 4.690572464817000750e-08 4.749356445293461110e-08 4.781651299891533881e-08 4.671301236073744221e-08 4.753888241352793205e-08 4.763910135787581723e-08 4.726864584384433865e-08 4.716907131679267463e-08 4.729150884442227216e-08 4.737333555883798844e-08 4.702534767278620043e-08 4.749616204577254473e-08 4.760451965835982313e-08 4.755343311091102162e-08 4.733381904398825141e-08 4.702725069655620261e-08 4.697060579427194062e-08 4.735569366741187044e-08 4.727145151432280128e-08 4.770177498164257621e-08 4.718936404962456023e-08 4.739550963611923076e-08 4.693813874432088916e-08 4.778631798904920469e-08 4.755959584717991109e-08 4.773576520995177954e-08 4.769948930871642030e-08 4.734673215691964396e-08 4.782968962579267516e-08 4.771061172797020566e-08 4.706284999424668864e-08 4.751075860430968399e-08 4.725985097720074816e-08 4.760356766955626290e-08
4.686295437416607696e-08 4.719730870365627050e-08 4.739512260595710125e-08 4.711015576108005668e-08 4.699693484449522268e-08 4.653781516269600416e-08 4.714548309661353228e-08 4.688744152353151663e-08 4.646130546874159047e-08 4.713282129727174678e-08 4.644722555804354451e-08 4.702774477209006655e-08 4.734737183675394720e-08 4.625719676777945407e-08 4.707307596958823341e-08 4.717230521293302032e-08 4.680632988284278516e-08 4.670719320126732473e-08 4.682923892053305839e-08 4.690895272169683151e-08 4.656480057066299372e-08 4.703148368147878063e-08 4.713798943745889545e-08 4.708763551629980486e-08 4.687061841550567999e-08 4.656652150263413418e-08 4.651151040873383873e-08 4.689170839561224390e-08 4.680837044872039903e-08 4.723456361407992325e-08 4.672693281028412865e-08 4.693106996333586883e-08 4.647869299763440926e-08 4.731746825157172654e-08 4.709393162750673594e-08 4.726729540156631665e-08 4.723156632760434192e-08 4.688274097400429133e-08 4.736061094400005265e-08 4.724265359854734214e-08 4.660246978532822820e-08 4.704479158082038992e-08 4.679673724775668474e-08 4.713666840839045096e-08
4.747683668840678061e-08 4.781641470373634935e-08 4.801609105139845275e-08 4.772745311947555558e-08 4.761205601311894002e-08 4.714548309661353228e-08 4.776405988120850887e-08 4.750090344268609497e-08 4.706951109587386953e-08 4.775066446332669855e-08 4.705422973319400470e-08 4.764423193322765906e-08 4.796779709717456573e-08 4.686009331069691012e-08 4.768968515164136483e-08 4.778961393242593078e-08 4.741783447294557908e-08 4.731845921048301349e-08 4.744071705222065344e-08 4.752333358107836450e-08 4.717429323536991568e-08 4.764615970649315761e-08 4.775544885931889910e-08 4.770407071680130473e-08 4.748429717267979833e-08 4.717550258414107026e-08 4.711865617262149916e-08 4.750492578860761238e-08 4.742084821624170407e-08 4.785204482500241248e-08 4.733874478311025167e-08 4.754596738693042778e-08 4.708646667898248258e-08 4.793829550937791411e-08 4.771031618545877358e-08 4.788694775916890631e-08 4.785084474319514454e-08 4.749609373961679869e-08 4.798102683495187481e-08 4.786176970384817299e-08 4.721234522061082329e-08 4.766077410433117216e-08 4.740918141032660165e-08 4.775478287296678971e-08
4.721596079655636586e-08 4.755339917883652174e-08 4.775202133315314572e-08 4.746524054362956275e-08 4.735090289344147230e-08 4.688744152353151663e-08 4.750090344268609497e-08 4.724101824831062520e-08 4.681127525614851354e-08 4.748791247675848302e-08 4.679656420683583594e-08 4.738223377080583036e-08 4.770422629400511030e-08 4.660454839903311957e-08 4.742742600270805226e-08 4.752749524872579367e-08 4.715822896744356210e-08 4.705877955357522988e-08 4.718117333652999793e-08 4.726214866348826368e-08 4.691556245841666697e-08 4.738519126675921130e-08 4.749323249631316684e-08 4.744206233209072391e-08 4.722329274223523764e-08 4.691737047480286407e-08 4.686156928500728161e-08 4.724488134879463731e-08 4.716031556200148139e-08 4.759044078436450587e-08 4.707891756800279550e-08 4.728467157445409257e-08 4.682877432528522503e-08 4.767424473781766282e-08 4.744838354558905089e-08 4.762382997128950944e-08 4.758796553921399541e-08 4.723569255657353222e-08 4.771705485564250817e-08 4.759872708150075969e-08 4.695336015917241899e-08 4.739892914149309545e-08 4.714924391970283093e-08 4.749184812710780609e-08
4.678710141396362589e-08 4.712146353473800178e-08 4.731858197869437596e-08 4.703434386274641724e-08 4.692031873591228447e-08 4.646130546874159047e-08 4.706951109587386953e-08 4.681127525614851354e-08 4.638671474624514393e-08 4.705661338891734973e-08 4.637157063012958268e-08 4.695154981282078457e-08 4.727054715925513591e-08 4.618137488291318532e-08 4.699680425657672631e-08 4.709549483670005635e-08 4.672991740187588585e-08 4.663126275702131022e-08 4.675264398147482117e-08 4.683293472832833921e-08 4.648950642494587754e-08 4.695466640535572194e-08 4.706170925896771544e-08 4.701113799613747769e-08 4.679456967472451696e-08 4.649081700898460463e-08 4.643611132623663092e-08 4.681536127894617257e-08 4.673193782908051501e-08 4.715734467853443716e-08 4.665122957464645667e-08 4.685489371916517182e-08 4.640339993472335675e-08 4.724109587311172170e-08 4.701756026297838192e-08 4.719115239641641316e-08 4.715506694546952026e-08 4.680639575193390390e-08 4.728375565157859887e-08 4.716616666343111157e-08 4.652718045078566188e-08 4.696830513669646208e-08 4.672054987196363865e-08 4.706034728726517635e-08
4.746418051951665191e-08 4.780279723441966309e-08 4.800324717797036958e-08 4.771423424314271477e-08 4.759876435569710564e-08 4.713282129727174678e-08 4.775066446332669855e-08 4.748791247675848302e-08 4.705661338891734973e-08 4.773824545469033249e-08 4.704165803251003985e-08 4.763092076738234877e-08 4.795456187178226128e-08 4.684772412779898283e-08 4.767665851632737006e-08 4.777710521590135486e-08 4.740525315261517827e-08 4.730571344155842567e-08 4.742856560622095529e-08 4.751038273102516365e-08 4.716144991854097291e-08 4.763342344775102554e-08 4.774233356114881431e-08 4.769060445713689827e-08 4.747144279898434553e-08 4.716270574747270667e-08 4.710646994207038046e-08 4.749167443615082501e-08 4.740789183751058142e-08 4.783913826276721610e-08 4.732595736242631268e-08 4.753294879528729704e-08 4.707363004479315005e-08 4.792510591650345728e-08 4.769756964169644402e-08 4.787360958461650892e-08 4.783742387295188345e-08 4.748377781270569491e-08 4.796790031515730000e-08 4.784843604139872146e-08 4.719963469045147052e-08 4.764789905592816454e-08 4.739631134729770237e-08 4.774154492102465523e-08
4.677226576458645135e-08 4.710597375381041327e-08 4.730339294302145650e-08 4.701913627092896349e-08 4.690572464817000750e-08 4.644722555804354451e-08 4.705422973319400470e-08 4.679656420683583594e-08 4.637157063012958268e-08 4.704165803251003985e-08 4.635740315493040815e-08 4.693652111261769715e-08 4.725578849207642716e-08 4.616740822686644927e-08 4.698181989091812987e-08 4.708084907708728867e-08 4.671551703955146343e-08 4.661650014385687216e-08 4.673824496743935872e-08 4.681804475710125254e-08 4.647459413414521058e-08 4.694027032283768305e-08 4.704674010167792186e-08 4.699622859159584117e-08 4.677991649801186894e-08 4.647624022029418071e-08 4.642145480393040687e-08 4.680091440974396511e-08 4.671727400219790031e-08 4.714285454403107112e-08 4.663650396444393587e-08 4.684020521866812353e-08 4.638892109908145134e-08 4.722598838722895845e-08 4.700293143388668006e-08 4.717604769795310058e-08 4.713993121988416642e-08 4.679191824087711862e-08 4.726868987278167822e-08 4.715113800827832511e-08 4.651222379097501124e-08 4.695368257229752890e-08 4.670594152431917058e-08 4.704536975517540437e-08
4.735830361667739427e-08 4.769691756750068957e-08 4.789632011846605809e-08 4.760848195423538558e-08 4.749356445293461110e-08 4.702774477209006655e-08 4.764423193322765906e-08 4.738223377080583036e-08 4.695154981282078457e-08 4.763092076738234877e-08 4.693652111261769715e-08 4.752595213331019714e-08 4.784806345124595958e-08 4.674329546217272980e-08 4.757079152846161164e-08 4.767109992687239910e-08 4.729974161447541956e-08 4.720111472757809122e-08 4.732310190971498221e-08 4.740497109533847563e-08 4.705665619989456626e-08 4.752721143062986006e-08 4.763640343302960979e-08 4.758495143075280831e-08 4.736555728460795709e-08 4.705868718832912769e-08 4.700136283849688146e-08 4.738639315448860000e-08 4.730311336695646044e-08 4.773291868298369727e-08 4.722100113190153899e-08 4.742747027017324467e-08 4.696932252944978757e-08 4.781852458634430381e-08 4.759110086321571477e-08 4.776797746105878432e-08 4.773140760021670473e-08 4.737828856006366558e-08 4.786212984009125430e-08 4.774258177718430246e-08 4.709430654342053492e-08 4.754235730386642041e-08 4.729123741879949524e-08 4.763577918420654754e-08
4.768048934759803669e-08 4.802074803384590404e-08 4.822207412251554401e-08 4.793212166535187517e-08 4.781651299891533881e-08 4.734737183675394720e-08 4.796779709717456573e-08 4.770422629400511030e-08 4.727054715925513591e-08 4.795456187178226128e-08 4.725578849207642716e-08 4.784806345124595958e-08 4.817439755607041575e-08 4.706121445475392614e-08 4.789418701350389751e-08 4.799490153218806660e-08 4.762151686859059000e-08 4.752075795485767167e-08 4.764403287700154528e-08 4.772718493468101182e-08 4.737633573844725858e-08 4.785092402047987202e-08 4.796004103436125187e-08 4.790830977950756390e-08 4.768739656797201616e-08 4.737807228187092473e-08 4.732123361233420166e-08 4.770951806050122773e-08 4.762432210178443563e-08 4.805766122755838615e-08 4.754177738493565965e-08 4.774932642422183135e-08 4.728822950779552713e-08 4.814377311737681108e-08 4.791508513946969873e-08 4.809246100836507519e-08 4.805592694865672422e-08 4.770042203455670672e-08 4.818675341309830320e-08 4.806724888325919896e-08 4.741405508322827081e-08 4.786569289443808684e-08 4.761271901914136702e-08 4.795947204804318376e-08
4.657978328469456755e-08 4.691167059341173242e-08 4.710910243761703897e-08 4.682599830376319832e-08 4.671301236073744221e-08 4.625719676777945407e-08 4.686009331069691012e-08 4.660454839903311957e-08 4.618137488291318532e-08 4.684772412779898283e-08 4.616740822686644927e-08 4.674329546217272980e-08 4.706121445475392614e-08 4.598017656498331932e-08 4.678910583867201077e-08 4.688748380907056508e-08 4.652501723947540163e-08 4.642544911182477486e-08 4.654749662753082335e-08 4.662575504129322153e-08 4.628390660835622428e-08 4.674805584300403879e-08 4.685320196025181521e-08 4.680325051216917120e-08 4.658769360467886601e-08 4.628621868960421599e-08 4.623243964027850230e-08 4.660914321479318887e-08 4.652590352323205889e-08 4.694935480123217453e-08 4.644485838080087776e-08 4.664740936541016110e-08 4.619875283700078431e-08 4.703108777304384243e-08 4.681022374614462164e-08 4.698183552285502904e-08 4.694626368469033806e-08 4.660031257886197262e-08 4.707457884160082651e-08 4.695734485367742310e-08 4.632157776907056932e-08 4.676036607128198558e-08 4.651416572262186478e-08 4.685183514132249601e-08
4.740411737631341833e-08 4.774202871138335436e-08 4.794292789878837536e-08 4.765445516247072026e-08 4.753888241352793205e-08 4.707307596958823341e-08 4.768968515164136483e-08 4.742742600270805226e-08 4.699680425657672631e-08 4.767665851632737006e-08 4.698181989091812987e-08 4.757079152846161164e-08 4.789418701350389751e-08 4.678910583867201077e-08 4.761737060740605028e-08 4.771666947517752272e-08 4.734590868765972416e-08 4.724621689491097609e-08 4.736880343511881885e-08 4.745088387204954087e-08 4.710186023212284336e-08 4.757321500337295561e-08 4.768174482877111629e-08 4.763061621867818646e-08 4.741093524834599963e-08 4.710361599971935364e-08 4.704747361413119933e-08 4.743199223795698730e-08 4.734863255802064481e-08 4.777867191222816486e-08 4.726605242250199738e-08 4.747257433495133155e-08 4.701413845063314582e-08 4.786417543111074324e-08 4.763740474860351811e-08 4.781337286120274192e-08 4.777711726819052894e-08 4.742445466997053734e-08 4.790800762179326804e-08 4.778838303936550268e-08 4.713968834471190681e-08 4.758826154032392792e-08 4.733649491633694457e-08 4.768140113615132226e-08
4.750390480051280814e-08 4.784250724619838337e-08 4.804346892304083245e-08 4.775427715455553857e-08 4.763910135787581723e-08 4.717230521293302032e-08 4.778961393242593078e-08 4.752749524872579367e-08 4.709549483670005635e-08 4.777710521590135486e-08 4.708084907708728867e-08 4.767109992687239910e-08 4.799490153218806660e-08 4.688748380907056508e-08 4.771666947517752272e-08 4.781804566218272658e-08 4.744550365022597077e-08 4.734569632238723966e-08 4.746901833834505973e-08 4.755050676062704495e-08 4.720120834992140098e-08 4.767356311863191107e-08 4.778243099287425499e-08 4.773051697339068556e-08 4.751076203187704401e-08 4.720328077068997275e-08 4.714659901752015502e-08 4.753182362933553202e-08 4.744841985994708321e-08 4.787983108600149017e-08 4.736599581375804257e-08 4.757249870425006977e-08 4.711343710571938991e-08 4.796477048179470200e-08 4.773723746459436080e-08 4.791417138984334686e-08 4.787723561436364872e-08 4.752429467469264298e-08 4.800898930857327196e-08 4.788883130568404804e-08 4.723882122960210042e-08 4.768850553715601073e-08 4.743652426011820353e-08 4.778132144045923287e-08
4.713432887305520468e-08 4.747003708441506805e-08 4.766995876499576405e-08 4.738312422509546672e-08 4.726864584384433865e-08 4.680632988284278516e-08 4.741783447294557908e-08 4.715822896744356210e-08 4.672991740187588585e-08 4.740525315261517827e-08 4.671551703955146343e-08 4.729974161447541956e-08 4.762151686859059000e-08 4.652501723947540163e-08 4.734590868765972416e-08 4.744550365022597077e-08 4.707777888119497233e-08 4.697739468321310679e-08 4.710034498777499088e-08 4.718078468795488704e-08 4.683431233268913852e-08 4.730350796662529377e-08 4.741069905537139758e-08 4.735977840712041446e-08 4.714169408439177315e-08 4.683647702812421345e-08 4.678108359052099391e-08 4.716300873384964480e-08 4.707948789743871390e-08 4.750755962537633571e-08 4.699738755132213325e-08 4.720251501801660599e-08 4.674751063185806285e-08 4.759131891471925204e-08 4.736673105337295570e-08 4.754111267683776812e-08 4.750515510926699938e-08 4.715496235230172415e-08 4.763525550723206965e-08 4.751633530057617046e-08 4.687202444397472025e-08 4.731712892202863615e-08 4.706757044793914358e-08 4.740973033824937158e-08
4.703491203550789483e-08 4.737062861853591831e-08 4.756919470093950663e-08 4.728353761884108978e-08 4.716907131679267463e-08 4.670719320126732473e-08 4.731845921048301349e-08 4.705877955357522988e-08 4.663126275702131022e-08 4.730571344155842567e-08 4.661650014385687216e-08 4.720111472757809122e-08 4.752075795485767167e-08 4.642544911182477486e-08 4.724621689491097609e-08 4.734569632238723966e-08 4.697739468321310679e-08 4.687962152951996876e-08 4.700117153747332509e-08 4.708136181899050784e-08 4.673540659357872447e-08 4.720299419756089983e-08 4.731077913419951772e-08 4.725999807774957149e-08 4.704204763572781721e-08 4.673754024988296177e-08 4.668149872551183636e-08 4.706253466174820207e-08 4.698035088893914814e-08 4.740719642582071943e-08 4.689860971461775540e-08 4.710364920636806994e-08 4.664895477451745236e-08 4.749146767390300431e-08 4.726649310196003875e-08 4.744136095421432262e-08 4.740522308904095865e-08 4.705534743691601365e-08 4.753525111732539136e-08 4.741613391742659170e-08 4.677315246289825820e-08 4.721781625075718940e-08 4.696824479791351901e-08 4.731021289612813447e-08
4.715732980204172586e-08 4.749316728528553809e-08 4.769314378555457289e-08 4.740626465239814907e-08 4.729150884442227216e-08 4.682923892053305839e-08 4.744071705222065344e-08 4.718117333652999793e-08 4.675264398147482117e-08 4.742856560622095529e-08 4.673824496743935872e-08 4.732310190971498221e-08 4.764403287700154528e-08 4.654749662753082335e-08 4.736880343511881885e-08 4.746901833834505973e-08 4.710034498777499088e-08 4.700117153747332509e-08 4.712451732292477477e-08 4.720383350180504233e-08 4.685711785561853429e-08 4.732645468043972036e-08 4.743367181785288468e-08 4.738271614186717629e-08 4.716433825291160375e-08 4.685937618955022772e-08 4.680408283656976739e-08 4.718526640513618367e-08 4.710262210641707061e-08 4.753074612868483433e-08 4.702060511375596015e-08 4.722561900966069843e-08 4.677048328556996470e-08 4.761434836442212536e-08 4.738948544135198396e-08 4.756434931065916397e-08 4.752762269806954341e-08 4.717835507871402203e-08 4.765890784672978583e-08 4.753899746928547749e-08 4.689486460520860136e-08 4.734046298019755198e-08 4.709044941504280995e-08 4.743255617920239583e-08
4.723922521559033226e-08 4.757591679448950335e-08 4.777554080445176991e-08 4.748832251692505504e-08 4.737333555883798844e-08 4.690895272169683151e-08 4.752333358107836450e-08 4.726214866348826368e-08 4.683293472832833921e-08 4.751038273102516365e-08 4.681804475710125254e-08 4.740497109533847563e-08 4.772718493468101182e-08 4.662575504129322153e-08 4.745088387204954087e-08 4.755050676062704495e-08 4.718078468795488704e-08 4.708136181899050784e-08 4.720383350180504233e-08 4.728587521902312646e-08 4.693803720299570914e-08 4.740742158861158676e-08 4.751572057241721949e-08 4.746475314891872778e-08 4.724551993183055434e-08 4.693977842637427427e-08 4.688310597830754350e-08 4.726675466240664150e-08 4.718381693524910774e-08 4.761266642202485224e-08 4.710157901922845719e-08 4.730720936247089364e-08 4.685060244916322106e-08 4.769735365615510846e-08 4.747104782318497993e-08 4.764686850492352048e-08 4.761046009814842262e-08 4.725938989045384280e-08 4.774140095640009996e-08 4.762174064215689056e-08 4.697527096417933975e-08 4.742268575854251136e-08 4.717178849120325270e-08 4.751492858604496614e-08
4.689194482031559842e-08 4.722657929576092091e-08 4.742428232716640200e-08 4.713925680469923150e-08 4.702534767278620043e-08 4.656480057066299372e-08 4.717429323536991568e-08 4.691556245841666697e-08 4.648950642494587754e-08 4.716144991854097291e-08 4.647459413414521058e-08 4.705665619989456626e-08 4.737633573844725858e-08 4.628390660835622428e-08 4.710186023212284336e-08 4.720120834992140098e-08 4.683431233268913852e-08 4.673540659357872447e-08 4.685711785561853429e-08 4.693803720299570914e-08 4.659348564682038971e-08 4.705936641397423944e-08 4.716686737171285382e-08 4.711607344988708084e-08 4.689868965787176813e-08 4.659512383849837977e-08 4.653930860390183061e-08 4.691980471189922626e-08 4.683687296481914861e-08 4.726314518381572599e-08 4.675560917781670979e-08 4.695955059402682686e-08 4.650679463530389468e-08 4.734666288177445871e-08 4.712221880782587004e-08 4.729672222367490577e-08 4.726055991677096034e-08 4.691156891744083854e-08 4.739015347733499029e-08 4.727178341170137816e-08 4.663064576363952128e-08 4.707379899992509778e-08 4.682529641101622523e-08 4.716549264455937985e-08
4.736099524904326870e-08 4.769873974934154248e-08 4.789902516574858734e-08 4.761095840302230151e-08 4.749616204577254473e-08 4.703148368147878063e-08 4.764615970649315761e-08 4.738519126675921130e-08 4.695466640535572194e-08 4.763342344775102554e-08 4.694027032283768305e-08 4.752721143062986006e-08 4.785092402047987202e-08 4.674805584300403879e-08 4.757321500337295561e-08 4.767356311863191107e-08 4.730350796662529377e-08 4.720299419756089983e-08 4.732645468043972036e-08 4.740742158861158676e-08 4.705936641397423944e-08 4.753118598074674621e-08 4.763876335167287398e-08 4.758765761383742047e-08 4.736829921494929156e-08 4.706114096034870918e-08 4.700565252457717803e-08 4.739008794636542820e-08 4.730559345102355709e-08 4.773613184745715542e-08 4.722342844641378211e-08 4.742942164793829564e-08 4.697215639252212404e-08 4.782052644678813771e-08 4.759436329186267447e-08 4.776982384717649627e-08 4.773341598906895538e-08 4.738120335186758559e-08 4.786392426392757828e-08 4.774473394646309360e-08 4.709719098219796096e-08 4.754475874809202348e-08 4.729385858383389091e-08 4.763765212605345902e-08
4.746918763059899243e-08 4.780833981058748780e-08 4.800841072469022860e-08 4.771968039270876406e-08 4.760451965835982313e-08 4.713798943745889545e-08 4.775544885931889910e-08 4.749323249631316684e-08 4.706170925896771544e-08 4.774233356114881431e-08 4.704674010167792186e-08 4.763640343302960979e-08 4.796004103436125187e-08 4.685320196025181521e-08 4.768174482877111629e-08 4.778243099287425499e-08 4.741069905537139758e-08 4.731077913419951772e-08 4.743367181785288468e-08 4.751572057241721949e-08 4.716686737171285382e-08 4.763876335167287398e-08 4.774789168509959066e-08 4.769619394044303034e-08 4.747651977788092375e-08 4.716864829947496772e-08 4.711188930606694434e-08 4.749766382544994027e-08 4.741335117792053302e-08 4.784481755344616002e-08 4.733127335056610494e-08 4.753810269059265015e-08 4.707938604376857288e-08 4.793009727000196351e-08 4.770253902163544065e-08 4.787938906102061388e-08 4.784274266200137013e-08 4.748905218354129225e-08 4.797353468269576429e-08 4.785405198044588336e-08 4.720462857483196005e-08 4.765333526949431946e-08 4.740186460969836486e-08 4.774673531239656606e-08
4.741800490938680397e-08 4.775683047324743976e-08 4.795648072626957091e-08 4.766846710549195856e-08 4.755343311091102162e-08 4.708763551629980486e-08 4.770407071680130473e-08 4.744206233209072391e-08 4.701113799613747769e-08 4.769060445713689827e-08 4.699622859159584117e-08 4.758495143075280831e-08 4.790830977950756390e-08 4.680325051216917120e-08 4.763061621867818646e-08 4.773051697339068556e-08 4.735977840712041446e-08 4.725999807774957149e-08 4.738271614186717629e-08 4.746475314891872778e-08 4.711607344988708084e-08 4.758765761383742047e-08 4.769619394044303034e-08 4.764532937459796822e-08 4.742516047098533244e-08 4.711766062952873962e-08 4.706105384323698964e-08 4.744670327389336692e-08 4.736257820140864214e-08 4.779336684166924421e-08 4.728015426079241824e-08 4.748680932260360433e-08 4.702860772821959032e-08 4.787831155058977600e-08 4.765124859451107182e-08 4.782755299976679758e-08 4.779123644115626898e-08 4.743784009589888616e-08 4.792190068307604053e-08 4.780237234918870347e-08 4.715379086938819067e-08 4.760211789925142922e-08 4.735071039212701929e-08 4.769525366574274612e-08
4.719932535599270017e-08 4.753634931108305236e-08 4.773576154928118404e-08 4.744838727766386209e-08 4.733381904398825141e-08 4.687061841550567999e-08 4.748429717267979833e-08 4.722329274223523764e-08 4.679456967472451696e-08 4.747144279898434553e-08 4.677991649801186894e-08 4.736555728460795709e-08 4.768739656797201616e-08 4.658769360467886601e-08 4.741093524834599963e-08 4.751076203187704401e-08 4.714169408439177315e-08 4.704204763572781721e-08 4.716433825291160375e-08 4.724551993183055434e-08 4.689868965787176813e-08 4.736829921494929156e-08 4.747651977788092375e-08 4.742516047098533244e-08 4.720747677466384851e-08 4.690032975464256921e-08 4.684435844105955242e-08 4.722767760403425340e-08 4.714398615902153273e-08 4.757253263067175632e-08 4.706227451930348181e-08 4.726824511355150859e-08 4.681200166545866951e-08 4.765778785662691615e-08 4.743195798919115550e-08 4.760701089789599918e-08 4.757081033170954562e-08 4.721901527071948789e-08 4.770067574053303020e-08 4.758204517249470610e-08 4.693672218857453749e-08 4.738225884220973310e-08 4.713235889356685594e-08 4.747568281496345166e-08
4.689340092057025353e-08 4.722803044519536945e-08 4.742589813419661887e-08 4.714092782673877067e-08 4.702725069655620261e-08 4.656652150263413418e-08 4.717550258414107026e-08 4.691737047480286407e-08 4.649081700898460463e-08 4.716270574747270667e-08 4.647624022029418071e-08 4.705868718832912769e-08 4.737807228187092473e-08 4.628621868960421599e-08 4.710361599971935364e-08 4.720328077068997275e-08 4.683647702812421345e-08 4.673754024988296177e-08 4.685937618955022772e-08 4.693977842637427427e-08 4.659512383849837977e-08 4.706114096034870918e-08 4.716864829947496772e-08 4.711766062952873962e-08 4.690032975464256921e-08 4.659779936112360012e-08 4.654134562931908988e-08 4.692178244698582914e-08 4.683882612624965615e-08 4.726497655516637656e-08 4.675747394144360513e-08 4.696140266274576425e-08 4.650889600662952474e-08 4.734817822921744406e-08 4.712403235167092985e-08 4.729877927309152650e-08 4.726249113927464070e-08 4.691388653939413683e-08 4.739215480196754654e-08 4.727374498663626038e-08 4.663220117319122347e-08 4.707547253503949291e-08 4.682718924802590829e-08 4.716738938920748651e-08
4.683722798626837601e-08 4.717083935096737804e-08 4.736968773678466364e-08 4.708478893162140252e-08 4.697060579427194062e-08 4.651151040873383873e-08 4.711865617262149916e-08 4.686156928500728161e-08 4.643611132623663092e-08 4.710646994207038046e-08 4.642145480393040687e-08 4.700136283849688146e-08 4.732123361233420166e-08 4.623243964027850230e-08 4.704747361413119933e-08 4.714659901752015502e-08 4.678108359052099391e-08 4.668149872551183636e-08 4.680408283656976739e-08 4.688310597830754350e-08 4.653930860390183061e-08 4.700565252457717803e-08 4.711188930606694434e-08 4.706105384323698964e-08 4.684435844105955242e-08 4.654134562931908988e-08 4.648796527234300740e-08 4.686603462993236297e-08 4.678224678379680323e-08 4.720855116217856801e-08 4.670130192027459159e-08 4.690470734301873524e-08 4.645334006178069222e-08 4.729104190546833374e-08 4.706829627832060381e-08 4.724150946762106834e-08 4.720543436074041764e-08 4.685776520464738494e-08 4.733443203312537169e-08 4.721663312823805258e-08 4.657705182987681155e-08 4.701885850218192569e-08 4.677092573428630571e-08 4.711041377169302500e-08
4.722041857947629217e-08 4.755760027856960129e-08 4.775672398115564786e-08 4.746996384790755412e-08 4.735569366741187044e-08 4.689170839561224390e-08 4.750492578860761238e-08 4.724488134879463731e-08 4.681536127894617257e-08 4.749167443615082501e-08 4.680091440974396511e-08 4.738639315448860000e-08 4.770951806050122773e-08 4.660914321479318887e-08 4.743199223795698730e-08 4.753182362933553202e-08 4.716300873384964480e-08 4.706253466174820207e-08 4.718526640513618367e-08 4.726675466240664150e-08 4.691980471189922626e-08 4.739008794636542820e-08 4.749766382544994027e-08 4.744670327389336692e-08 4.722767760403425340e-08 4.692178244698582914e-08 4.686603462993236297e-08 4.725043177985223435e-08 4.716493402185124440e-08 4.759481890723261634e-08 4.708334971507704032e-08 4.728879424703108555e-08 4.683302087640667308e-08 4.767892105692754677e-08 4.745325012526759844e-08 4.762856942374911068e-08 4.759236396483868678e-08 4.724036568570649497e-08 4.772173155224922160e-08 4.760353172455066623e-08 4.695732838502073220e-08 4.740375488249789895e-08 4.715373024201941517e-08 4.749649365221231767e-08
4.713714254913839422e-08 4.747324108395105507e-08 4.767253796817052456e-08 4.738579241604362287e-08 4.727145151432280128e-08 4.680837044872039903e-08 4.742084821624170407e-08 4.716031556200148139e-08 4.673193782908051501e-08 4.740789183751058142e-08 4.671727400219790031e-08 4.730311336695646044e-08 4.762432210178443563e-08 4.652590352323205889e-08 4.734863255802064481e-08 4.744841985994708321e-08 4.707948789743871390e-08 4.698035088893914814e-08 4.710262210641707061e-08 4.718381693524910774e-08 4.683687296481914861e-08 4.730559345102355709e-08 4.741335117792053302e-08 4.736257820140864214e-08 4.714398615902153273e-08 4.683882612624965615e-08 4.678224678379680323e-08 4.716493402185124440e-08 4.708283817017934169e-08 4.750995696034264809e-08 4.700028582448100491e-08 4.720528352695482596e-08 4.674958542161928704e-08 4.759450662898595904e-08 4.736874941877203852e-08 4.754411482027355059e-08 4.750787441611487194e-08 4.715737093180746769e-08 4.763879954250372409e-08 4.751923984550415565e-08 4.687410788172229926e-08 4.732034743014681359e-08 4.707027380475611172e-08 4.741276293468782028e-08
4.756607908447460834e-08 4.790515248879362354e-08 4.810550045741548014e-08 4.781678787471634530e-08 4.770177498164257621e-08 4.723456361407992325e-08 4.785204482500241248e-08 4.759044078436450587e-08 4.715734467853443716e-08 4.783913826276721610e-08 4.714285454403107112e-08 4.773291868298369727e-08 4.805766122755838615e-08 4.694935480123217453e-08 4.777867191222816486e-08 4.787983108600149017e-08 4.750755962537633571e-08 4.740719642582071943e-08 4.753074612868483433e-08 4.761266642202485224e-08 4.726314518381572599e-08 4.773613184745715542e-08 4.784481755344616002e-08 4.779336684166924421e-08 4.757253263067175632e-08 4.726497655516637656e-08 4.720855116217856801e-08 4.759481890723261634e-08 4.750995696034264809e-08 4.794372220265969321e-08 4.742776385082693370e-08 4.763483302927618414e-08 4.717550858487923492e-08 4.802717328821390828e-08 4.779960316051365047e-08 4.797644781601949017e-08 4.794029855131755927e-08 4.758615458918710800e-08 4.807093893805905263e-08 4.795121311017613187e-08 4.730074628240816267e-08 4.775088101090214818e-08 4.749875843346126542e-08 4.784322806666591362e-08
4.705536093450990672e-08 4.739109285594232454e-08 4.758964823728221639e-08 4.730371112044140987e-08 4.718936404962456023e-08 4.672693281028412865e-08 4.733874478311025167e-08 4.707891756800279550e-08 4.665122957464645667e-08 4.732595736242631268e-08 4.663650396444393587e-08 4.722100113190153899e-08 4.754177738493565965e-08 4.644485838080087776e-08 4.726605242250199738e-08 4.736599581375804257e-08 4.699738755132213325e-08 4.689860971461775540e-08 4.702060511375596015e-08 4.710157901922845719e-08 4.675560917781670979e-08 4.722342844641378211e-08 4.733127335056610494e-08 4.728015426079241824e-08 4.706227451930348181e-08 4.675747394144360513e-08 4.670130192027459159e-08 4.708334971507704032e-08 4.700028582448100491e-08 4.742776385082693370e-08 4.691894439450159177e-08 4.712355678905174510e-08 4.666889089781910109e-08 4.751216615605767663e-08 4.728663153142963910e-08 4.746192552964777393e-08 4.742536661423962032e-08 4.707524053744824831e-08 4.755555391356005206e-08 4.743670440136774804e-08 4.679293676450428419e-08 4.723814294528784416e-08 4.698854039390261066e-08 4.733031224463993125e-08
4.726081565943676142e-08 4.759825892368661323e-08 4.779747044710610171e-08 4.751034919938085075e-08 4.739550963611923076e-08 4.693106996333586883e-08 4.754596738693042778e-08 4.728467157445409257e-08 4.685489371916517182e-08 4.753294879528729704e-08 4.684020521866812353e-08 4.742747027017324467e-08 4.774932642422183135e-08 4.664740936541016110e-08 4.747257433495133155e-08 4.757249870425006977e-08 4.720251501801660599e-08 4.710364920636806994e-08 4.722561900966069843e-08 4.730720936247089364e-08 4.695955059402682686e-08 4.742942164793829564e-08 4.753810269059265015e-08 4.748680932260360433e-08 4.726824511355150859e-08 4.696140266274576425e-08 4.690470734301873524e-08 4.728879424703108555e-08 4.720528352695482596e-08 4.763483302927618414e-08 4.712355678905174510e-08 4.733012290128825317e-08 4.687284061863110284e-08 4.771992618968252935e-08 4.749339546480911542e-08 4.766915264599484913e-08 4.763318324686560433e-08 4.728082564437079754e-08 4.776295273652578660e-08 4.764387075752163337e-08 4.699742625252383222e-08 4.744431526834715378e-08 4.719373996463676036e-08 4.753752394291505399e-08
4.680457055499222937e-08 4.713878555933336645e-08 4.733598105004629158e-08 4.705183817419454711e-08 4.693813874432088916e-08 4.647869299763440926e-08 4.708646667898248258e-08 4.682877432528522503e-08 4.640339993472335675e-08 4.707363004479315005e-08 4.638892109908145134e-08 4.696932252944978757e-08 4.728822950779552713e-08 4.619875283700078431e-08 4.701413845063314582e-08 4.711343710571938991e-08 4.674751063185806285e-08 4.664895477451745236e-08 4.677048328556996470e-08 4.685060244916322106e-08 4.650679463530389468e-08 4.697215639252212404e-08 4.707938604376857288e-08 4.702860772821959032e-08 4.681200166545866951e-08 4.650889600662952474e-08 4.645334006178069222e-08 4.683302087640667308e-08 4.674958542161928704e-08 4.717550858487923492e-08 4.666889089781910109e-08 4.687284061863110284e-08 4.642145771281943128e-08 4.725859194412233712e-08 4.703505988008740176e-08 4.720912303250990429e-08 4.717267151950495305e-08 4.682453248374443415e-08 4.730174128922641017e-08 4.718387349447019691e-08 4.654418304541439129e-08 4.698633242313572036e-08 4.673835710287118795e-08 4.707796906887813827e-08
4.765071639818303153e-08 4.799100726890980795e-08 4.819201312724275826e-08 4.790225557795970291e-08 4.778631798904920469e-08 4.731746825157172654e-08 4.793829550937791411e-08 4.767424473781766282e-08 4.724109587311172170e-08 4.792510591650345728e-08 4.722598838722895845e-08 4.781852458634430381e-08 4.814377311737681108e-08 4.703108777304384243e-08 4.786417543111074324e-08 4.796477048179470200e-08 4.759131891471925204e-08 4.749146767390300431e-08 4.761434836442212536e-08 4.769735365615510846e-08 4.734666288177445871e-08 4.782052644678813771e-08 4.793009727000196351e-08 4.787831155058977600e-08 4.765778785662691615e-08 4.734817822921744406e-08 4.729104190546833374e-08 4.767892105692754677e-08 4.759450662898595904e-08 4.802717328821390828e-08 4.751216615605767663e-08 4.771992618968252935e-08 4.725859194412233712e-08 4.811400725166998806e-08 4.788498428536938016e-08 4.806246515537921745e-08 4.802594610405417140e-08 4.767050277089453594e-08 4.815691331367383106e-08 4.803704187480327823e-08 4.738457981721906695e-08 4.783562790850676959e-08 4.758277622140718422e-08 4.792976841444519268e-08
4.742453821699184937e-08 4.776261405937995269e-08 4.796340295130529694e-08 4.767506540667121768e-08 4.755959584717991109e-08 4.709393162750673594e-08 4.771031618545877358e-08 4.744838354558905089e-08 4.701756026297838192e-08 4.769756964169644402e-08 4.700293143388668006e-08 4.759110086321571477e-08 4.791508513946969873e-08 4.681022374614462164e-08 4.763740474860351811e-08 4.773723746459436080e-08 4.736673105337295570e-08 4.726649310196003875e-08 4.738948544135198396e-08 4.747104782318497993e-08 4.712221880782587004e-08 4.759436329186267447e-08 4.770253902163544065e-08 4.765124859451107182e-08 4.743195798919115550e-08 4.712403235167092985e-08 4.706829627832060381e-08 4.745325012526759844e-08 4.736874941877203852e-08 4.779960316051365047e-08 4.728663153142963910e-08 4.749339546480911542e-08 4.703505988008740176e-08 4.788498428536938016e-08 4.765856619701121859e-08 4.783403841783800669e-08 4.779783341437373098e-08 4.744484118053139241e-08 4.792806284243024699e-08 4.780889515196781998e-08 4.716037366480457181e-08 4.760855874797371900e-08 4.735704322543395659e-08 4.770200995014795113e-08
4.760002028015323149e-08 4.794014686558826079e-08 4.814081441697061064e-08 4.785159489244806155e-08 4.773576520995177954e-08 4.726729540156631665e-08 4.788694775916890631e-08 4.762382997128950944e-08 4.719115239641641316e-08 4.787360958461650892e-08 4.717604769795310058e-08 4.776797746105878432e-08 4.809246100836507519e-08 4.698183552285502904e-08 4.781337286120274192e-08 4.791417138984334686e-08 4.754111267683776812e-08 4.744136095421432262e-08 4.756434931065916397e-08 4.764686850492352048e-08 4.729672222367490577e-08 4.776982384717649627e-08 4.787938906102061388e-08 4.782755299976679758e-08 4.760701089789599918e-08 4.729877927309152650e-08 4.724150946762106834e-08 4.762856942374911068e-08 4.754411482027355059e-08 4.797644781601949017e-08 4.746192552964777393e-08 4.766915264599484913e-08 4.720912303250990429e-08 4.806246515537921745e-08 4.783403841783800669e-08 4.801191289522240372e-08 4.797463900245980868e-08 4.762023320480787859e-08 4.810617303174543795e-08 4.798612071385444224e-08 4.733437033187241659e-08 4.778500481906590658e-08 4.753243540488114139e-08 4.787860269565775726e-08
