3.821154684920053022e-08 3.855447982823255418e-08 3.870213063020257771e-08 3.844206610806963387e-08 3.841623200675202969e-08 3.801793044598589617e-08 3.852785511413047934e-08 3.824407673224574806e-08 3.796682133346064300e-08 3.836631230856909437e-08 3.796887486873933807e-08 3.842833998164700717e-08 3.857718698882058652e-08 3.781849201239795464e-08 3.839605906247223752e-08 3.843845380927357368e-08 3.823597897964508590e-08 3.812342320322217873e-08 3.822567859586002829e-08 3.828508925250105787e-08 3.808609703130592963e-08 3.832033259661091381e-08 3.849573026744996756e-08 3.835158414164942364e-08 3.819281208619095878e-08 3.798347656551664660e-08 3.792130286759449623e-08 3.833422188382343817e-08 3.822829734882980868e-08 3.848352349417030336e-08 3.821722681647190912e-08 3.831972547660494854e-08 3.791464022858658126e-08 3.862574897052805172e-08 3.843561631700495005e-08 3.854198161161590813e-08 3.845397872556355982e-08 3.841500929572852025e-08 3.865711261237765886e-08 3.849813516307131741e-08 3.800608872332153993e-08 3.840220470456820032e-08 3.826759035419301813e-08 3.842629634660270349e-08
3.855447982823255418e-08 3.890455026680289668e-08 3.905338281782919184e-08 3.879045208566686460e-08 3.876428051746358331e-08 3.836018252105466587e-08 3.887674317063032585e-08 3.858900784847598821e-08 3.830755918000988985e-08 3.871288338229275293e-08 3.831035997871798539e-08 3.877587212272628757e-08 3.892738651102788678e-08 3.815720460801918966e-08 3.874341107561148814e-08 3.878619515617349296e-08 3.858168012267391386e-08 3.846581350614296111e-08 3.857061428059005097e-08 3.862887863075887554e-08 3.842758076260907101e-08 3.866682573401529843e-08 3.884499304139699078e-08 3.869862586329333043e-08 3.853654114425177441e-08 3.832470296556669657e-08 3.826123137216565555e-08 3.868113884659956258e-08 3.857296330496536066e-08 3.883186073063139823e-08 3.856129546983408979e-08 3.866502772387713718e-08 3.825442896328462971e-08 3.897679897292042715e-08 3.878438284445266760e-08 3.889191605482649199e-08 3.880092514247427402e-08 3.876234389051711747e-08 3.900741942055231926e-08 3.884656096378631673e-08 3.834722333341918787e-08 3.874959413989650008e-08 3.861289557206349306e-08 3.877456522304291110e-08
3.870213063020257771e-08 3.905338281782919184e-08 3.920639215431671705e-08 3.894014454015585145e-08 3.891345631442531253e-08 3.850595832375226541e-08 3.902721404030884681e-08 3.873627682742525176e-08 3.845390980184099547e-08 3.886215149306998786e-08 3.845553215566481007e-08 3.892560560647123970e-08 3.907835807337622345e-08 3.830221774890274514e-08 3.889416399402801081e-08 3.893573746912677345e-08 3.873061154822493223e-08 3.861324807114310726e-08 3.871802249681015853e-08 3.877740210000840535e-08 3.857381925690230403e-08 3.881601939945715563e-08 3.899598622938473048e-08 3.884805004315565458e-08 3.868421359740574266e-08 3.847169603903999772e-08 3.840703400308862490e-08 3.883083506500066229e-08 3.872072864819760666e-08 3.898322831642616324e-08 3.870958819421686762e-08 3.881450552744332488e-08 3.839982399817779048e-08 3.912752022561902827e-08 3.893394463925256090e-08 3.904294145939162634e-08 3.895065078293663083e-08 3.891175885876460528e-08 3.915890802381300509e-08 3.899677686791194855e-08 3.849358141304025357e-08 3.889845108330641511e-08 3.876143434863034189e-08 3.892359696559874839e-08
3.844206610806963387e-08 3.879045208566686460e-08 3.894014454015585145e-08 3.867928331595165974e-08 3.865191773912773692e-08 3.824896922614155171e-08 3.876471015551574897e-08 3.847680314567265457e-08 3.819626331053385353e-08 3.860095655841962784e-08 3.819895468371944500e-08 3.866407679562546458e-08 3.881564827454892345e-08 3.804584544465608225e-08 3.863154908988127655e-08 3.867407343610745248e-08 3.846979159624932433e-08 3.835477248531610511e-08 3.845884584611839721e-08 3.851623831247449289e-08 3.831569956127886884e-08 3.855435781855341686e-08 3.873282284778239570e-08 3.858652221999289908e-08 3.842398865541802409e-08 3.821275611997691749e-08 3.815004281696271611e-08 3.856915388164373780e-08 3.846063699421870518e-08 3.871920214594495044e-08 3.844999027079616224e-08 3.855380947945129783e-08 3.814318725421213979e-08 3.886412404970230147e-08 3.867167017974746991e-08 3.877961051645107101e-08 3.868911531345322106e-08 3.865046138303878413e-08 3.889414574359794304e-08 3.873497736507338903e-08 3.823600629289563631e-08 3.863722143956545648e-08 3.850123620416371053e-08 3.866200776675708510e-08
3.841623200675202969e-08 3.876428051746358331e-08 3.891345631442531253e-08 3.865191773912773692e-08 3.862613314616394975e-08 3.822299048092411277e-08 3.873808751228518616e-08 3.845040631614256102e-08 3.817054508652261101e-08 3.857476718832538283e-08 3.817316460579065136e-08 3.863750052632372552e-08 3.878815941156369793e-08 3.802037896837839796e-08 3.860473036169581422e-08 3.864745332555687907e-08 3.844403862829815885e-08 3.832878073511450509e-08 3.843222651714091345e-08 3.849022790728764061e-08 3.828987680612645152e-08 3.852812896309954969e-08 3.870600911222964423e-08 3.856033201686607618e-08 3.839858358368169012e-08 3.818757904777897692e-08 3.812507858485012835e-08 3.854293620730694885e-08 3.843494940289959244e-08 3.869311274831920853e-08 3.842344933566975382e-08 3.852739614521726606e-08 3.811700233671494968e-08 3.883757058985720946e-08 3.864539907264594393e-08 3.875281611862862250e-08 3.866268109727761239e-08 3.862429255111250043e-08 3.886751798306542206e-08 3.870789607287553661e-08 3.821012145259885841e-08 3.861072681353909346e-08 3.847477191734482981e-08 3.863561139549207862e-08
3.801793044598589617e-08 3.836018252105466587e-08 3.850595832375226541e-08 3.824896922614155171e-08 3.822299048092411277e-08 3.782850604165147088e-08 3.833402942968984529e-08 3.805221480735497685e-08 3.777578895592887822e-08 3.817350817642072725e-08 3.777867997984811432e-08 3.823477764748407129e-08 3.838313428283222550e-08 3.762753211290093639e-08 3.820196254140245084e-08 3.824528438620358758e-08 3.804347019385056687e-08 3.793142800856460963e-08 3.803377206626262158e-08 3.809125457027723522e-08 3.789363118473302847e-08 3.812709688983649865e-08 3.830212038400668764e-08 3.815865003099196149e-08 3.799953759247681315e-08 3.779178599766478621e-08 3.773040583857486776e-08 3.814068123604663999e-08 3.803577334139713995e-08 3.828887917119702263e-08 3.802473348219936185e-08 3.812680017281803151e-08 3.772330124482589323e-08 3.843198367245694303e-08 3.824199840355215052e-08 3.834766544266806997e-08 3.826068138541533869e-08 3.822208467251145344e-08 3.846189420488952408e-08 3.830426018227059156e-08 3.781432046832517142e-08 3.820901390859648214e-08 3.807439362402410472e-08 3.823293941847207417e-08
3.852785511413047934e-08 3.887674317063032585e-08 3.902721404030884681e-08 3.876471015551574897e-08 3.873808751228518616e-08 3.833402942968984529e-08 3.885190992467891917e-08 3.856208864952478220e-08 3.828133543090929254e-08 3.868741288605533815e-08 3.828377146693301050e-08 3.875023337464179681e-08 3.890228690612649700e-08 3.812999150506329189e-08 3.871774498622476054e-08 3.876076521582813086e-08 3.855655321708181130e-08 3.843981010772458259e-08 3.854419341559445527e-08 3.860258185571649783e-08 3.840122361123378044e-08 3.864047950071053448e-08 3.881942198297209062e-08 3.867326629418325481e-08 3.850993440999072483e-08 3.829867635357276802e-08 3.823545541470752358e-08 3.865616955803317028e-08 3.854699472910709374e-08 3.880648771407845040e-08 3.853570908367488918e-08 3.863932754250117145e-08 3.822795000818338436e-08 3.895082513715502547e-08 3.875839029059766202e-08 3.886624557504084836e-08 3.877544697051993314e-08 3.873637891796109567e-08 3.898153223885060644e-08 3.882132129568347264e-08 3.832106416843591290e-08 3.872285855662020020e-08 3.858701149751535662e-08 3.874826784946103969e-08
3.824407673224574806e-08 3.858900784847598821e-08 3.873627682742525176e-08 3.847680314567265457e-08 3.845040631614256102e-08 3.805221480735497685e-08 3.856208864952478220e-08 3.827864369829016681e-08 3.799979044696379022e-08 3.840020296415915900e-08 3.800275088557112584e-08 3.846245038608082856e-08 3.861165030374303987e-08 3.785075804976864657e-08 3.842992561939591310e-08 3.847278441000492874e-08 3.826965430844694198e-08 3.815663605980733403e-08 3.826002728029802382e-08 3.831813318432400973e-08 3.811863194905860531e-08 3.835433570787215547e-08 3.853054802482759868e-08 3.838560887315724779e-08 3.822552384838911760e-08 3.801599865307888682e-08 3.795417532464685374e-08 3.836791381656988897e-08 3.826192751972034031e-08 3.851726651986256592e-08 3.825085082128179043e-08 3.835354255932207350e-08 3.794707910920802833e-08 3.866095971216685400e-08 3.847010469778711153e-08 3.857637942484413078e-08 3.848796520847816694e-08 3.844933993516640902e-08 3.869144682621485808e-08 3.853236274019539133e-08 3.803875702874711964e-08 3.843672919678649105e-08 3.830133044446800493e-08 3.846050707171208019e-08
3.796682133346064300e-08 3.830755918000988985e-08 3.845390980184099547e-08 3.819626331053385353e-08 3.817054508652261101e-08 3.777578895592887822e-08 3.828133543090929254e-08 3.799979044696379022e-08 3.772463510567502460e-08 3.812100257616735676e-08 3.772666943226344668e-08 3.818251447408610324e-08 3.833028578674785345e-08 3.757685875255983619e-08 3.815018794560907088e-08 3.819279646406174822e-08 3.799126547653893713e-08 3.787979543214329563e-08 3.798131579751860955e-08 3.804002048084003871e-08 3.784219653667038604e-08 3.807501453476163804e-08 3.824940050569450079e-08 3.810622498560531644e-08 3.794836976639108144e-08 3.774057009010078273e-08 3.767910178685234016e-08 3.808859053381685203e-08 3.798382591827488170e-08 3.823697819265686280e-08 3.797290564860279185e-08 3.807480142886568644e-08 3.767224083497437299e-08 3.837878038302360543e-08 3.818949822903656276e-08 3.829525698539281657e-08 3.820841101570147860e-08 3.816962533076369898e-08 3.840942784640574300e-08 3.825182538318136469e-08 3.776318656332994722e-08 3.815685299546557946e-08 3.802262104476331960e-08 3.818062097145416698e-08
3.836631230856909437e-08 3.871288338229275293e-08 3.886215149306998786e-08 3.860095655841962784e-08 3.857476718832538283e-08 3.817350817642072725e-08 3.868741288605533815e-08 3.840020296415915900e-08 3.812100257616735676e-08 3.852534572394234104e-08 3.812336493100811810e-08 3.858632148074025795e-08 3.873755324681567879e-08 3.797050380281098503e-08 3.855433662731850704e-08 3.859732552745754011e-08 3.839396213598026128e-08 3.827878087266042293e-08 3.838171262898099097e-08 3.844089185025113139e-08 3.824078223812485187e-08 3.847733296848730186e-08 3.865511604530543154e-08 3.851012868660317973e-08 3.834854163505121029e-08 3.813812991161593240e-08 3.807517406521397752e-08 3.849259361602698383e-08 3.838488986449606369e-08 3.864188932203257333e-08 3.837366722878625242e-08 3.847703672179609448e-08 3.806779450627181855e-08 3.878628217923919068e-08 3.859412644999221074e-08 3.870169867184922360e-08 3.861242326013379830e-08 3.857318672351738240e-08 3.881677242419872844e-08 3.865749670412196458e-08 3.816042273736624271e-08 3.855953840513167726e-08 3.842429631200861173e-08 3.858499064710020478e-08
3.796887486873933807e-08 3.831035997871798539e-08 3.845553215566481007e-08 3.819895468371944500e-08 3.817316460579065136e-08 3.777867997984811432e-08 3.828377146693301050e-08 3.800275088557112584e-08 3.772666943226344668e-08 3.812336493100811810e-08 3.773026103486263353e-08 3.818528193057103670e-08 3.833250280386504132e-08 3.757937548612491951e-08 3.815181682125544902e-08 3.819507003409557227e-08 3.799354643735755131e-08 3.788245656267470369e-08 3.798406370842901013e-08 3.804206503571501351e-08 3.784515429717492041e-08 3.807721609356773287e-08 3.825147399153672646e-08 3.810844592268008244e-08 3.795046679366579722e-08 3.774231709195424074e-08 3.768216151526279560e-08 3.809108134609952450e-08 3.798663508364871296e-08 3.823876341139524327e-08 3.797539774774733686e-08 3.807712896920708552e-08 3.767487347895389403e-08 3.838134467637382290e-08 3.819201977452855311e-08 3.829707489058538874e-08 3.821047694369219365e-08 3.817216577957527206e-08 3.841160602351982218e-08 3.825419576636132976e-08 3.776578881818106028e-08 3.815940368391304017e-08 3.802546466037378596e-08 3.818304554978312216e-08
3.842833998164700717e-08 3.877587212272628757e-08 3.892560560647123970e-08 3.866407679562546458e-08 3.863750052632372552e-08 3.823477764748407129e-08 3.875023337464179681e-08 3.846245038608082856e-08 3.818251447408610324e-08 3.858632148074025795e-08 3.818528193057103670e-08 3.865027633263942769e-08 3.880000824753443946e-08 3.803280852664869612e-08 3.861665006503435116e-08 3.865945825318627022e-08 3.845562222814319151e-08 3.834099508620959135e-08 3.844427926142702753e-08 3.850239344783903047e-08 3.830183476855588184e-08 3.854031593026190586e-08 3.871796149596375134e-08 3.857201319679171097e-08 3.841026626671914412e-08 3.819920306162698586e-08 3.813716703276190721e-08 3.855491688794820193e-08 3.844680511639732289e-08 3.870540044358506307e-08 3.843558310800311667e-08 3.853944348560109432e-08 3.812966612750826093e-08 3.884926885708941083e-08 3.865722693726743254e-08 3.876444527289382095e-08 3.867442736262444621e-08 3.863600096258675952e-08 3.887963527167703071e-08 3.871995729587320908e-08 3.822252585275457706e-08 3.862283253142833929e-08 3.848714660194132296e-08 3.864726107984166547e-08
3.857718698882058652e-08 3.892738651102788678e-08 3.907835807337622345e-08 3.881564827454892345e-08 3.878815941156369793e-08 3.838313428283222550e-08 3.890228690612649700e-08 3.861165030374303987e-08 3.833028578674785345e-08 3.873755324681567879e-08 3.833250280386504132e-08 3.880000824753443946e-08 3.895499138698124355e-08 3.817798254862104330e-08 3.876873091470222534e-08 3.881114607426276940e-08 3.860657390769461045e-08 3.848900681290404760e-08 3.859394916221678352e-08 3.865235869731651473e-08 3.845025524372949748e-08 3.869049929603957143e-08 3.887022421491455479e-08 3.872363221015934138e-08 3.855916912927374388e-08 3.834709230747336558e-08 3.828281040635014499e-08 3.870633291319201989e-08 3.859630001693026293e-08 3.885662318301231828e-08 3.858576355700243341e-08 3.868954171793860158e-08 3.827714746578080027e-08 3.900159955429889868e-08 3.880869718488698973e-08 3.891753348920696722e-08 3.882587578219869255e-08 3.878639384830107161e-08 3.903233033074035374e-08 3.887224468622853718e-08 3.836999762130955367e-08 3.877308509365800443e-08 3.863677298504461514e-08 3.879861666531291302e-08
3.781849201239795464e-08 3.815720460801918966e-08 3.830221774890274514e-08 3.804584544465608225e-08 3.802037896837839796e-08 3.762753211290093639e-08 3.812999150506329189e-08 3.785075804976864657e-08 3.757685875255983619e-08 3.797050380281098503e-08 3.757937548612491951e-08 3.803280852664869612e-08 3.817798254862104330e-08 3.743240216543750196e-08 3.799925509115421846e-08 3.804148573170639597e-08 3.784066424530412959e-08 3.773253195845491412e-08 3.783267532764071274e-08 3.788997905491827489e-08 3.769508075921050010e-08 3.792545640814207478e-08 3.809833718109169315e-08 3.795500149111482642e-08 3.779923025708563041e-08 3.759253722274830320e-08 3.753177325314964522e-08 3.793756466013443124e-08 3.783433375891931601e-08 3.808626375912267545e-08 3.782350164093422543e-08 3.792540697602639787e-08 3.752622519685502653e-08 3.822689527862880634e-08 3.803863536012487210e-08 3.814348786820053144e-08 3.805782790340026698e-08 3.801980260028246456e-08 3.825744308866901231e-08 3.810108892982728757e-08 3.761613201501377797e-08 3.800676565193657510e-08 3.787371912009142992e-08 3.803038067526478274e-08
3.839605906247223752e-08 3.874341107561148814e-08 3.889416399402801081e-08 3.863154908988127655e-08 3.860473036169581422e-08 3.820196254140245084e-08 3.871774498622476054e-08 3.842992561939591310e-08 3.815018794560907088e-08 3.855433662731850704e-08 3.815181682125544902e-08 3.861665006503435116e-08 3.876873091470222534e-08 3.799925509115421846e-08 3.858670349246852364e-08 3.862725327532728888e-08 3.842325853335066237e-08 3.830728605601285151e-08 3.841139917951176244e-08 3.847054545619201834e-08 3.826864374640125630e-08 3.850780839862642515e-08 3.868617104897902310e-08 3.853989944639545283e-08 3.837789680816898572e-08 3.816712724259459470e-08 3.810335260612534890e-08 3.852317990634841568e-08 3.841449898292895686e-08 3.867316718303150011e-08 3.840361368469600252e-08 3.850716197718455280e-08 3.809634327323744913e-08 3.881674554353743331e-08 3.862526883746095499e-08 3.873285410350799518e-08 3.864225218537949054e-08 3.860332812588480939e-08 3.884820421277895489e-08 3.868835966350657073e-08 3.818929470560989095e-08 3.859049484109514250e-08 3.845432706421503989e-08 3.861526201436083100e-08
3.843845380927357368e-08 3.878619515617349296e-08 3.893573746912677345e-08 3.867407343610745248e-08 3.864745332555687907e-08 3.824528438620358758e-08 3.876076521582813086e-08 3.847278441000492874e-08 3.819279646406174822e-08 3.859732552745754011e-08 3.819507003409557227e-08 3.865945825318627022e-08 3.881114607426276940e-08 3.804148573170639597e-08 3.862725327532728888e-08 3.867073250993436479e-08 3.846650935147828215e-08 3.835040359558339707e-08 3.845447540411238873e-08 3.851363858900233985e-08 3.831216359569082419e-08 3.855030146149585381e-08 3.872846463458366732e-08 3.858309458770099145e-08 3.842069994117517719e-08 3.820972363002143567e-08 3.814667271210964354e-08 3.856555446047657047e-08 3.845723395429728516e-08 3.871526468867599296e-08 3.844614224468169732e-08 3.854915920512314089e-08 3.813935121646608330e-08 3.885963540239401766e-08 3.866754896502673527e-08 3.877548674792928927e-08 3.868515635638134574e-08 3.864583697388351759e-08 3.889038038134771411e-08 3.873042730032967013e-08 3.823214749357301859e-08 3.863291595156339924e-08 3.849696513284307157e-08 3.865786827011478885e-08
3.823597897964508590e-08 3.858168012267391386e-08 3.873061154822493223e-08 3.846979159624932433e-08 3.844403862829815885e-08 3.804347019385056687e-08 3.855655321708181130e-08 3.826965430844694198e-08 3.799126547653893713e-08 3.839396213598026128e-08 3.799354643735755131e-08 3.845562222814319151e-08 3.860657390769461045e-08 3.784066424530412959e-08 3.842325853335066237e-08 3.846650935147828215e-08 3.826483978650678243e-08 3.814831737645720608e-08 3.825177135131537905e-08 3.831066539596393494e-08 3.811071398119615751e-08 3.834730550207011111e-08 3.852461563519857895e-08 3.838021851633932054e-08 3.821841265511133944e-08 3.800865214003668285e-08 3.794596137808799754e-08 3.836262986683343593e-08 3.825496506999245616e-08 3.851185206753823838e-08 3.824338868097788023e-08 3.834627948760569724e-08 3.793815834467218129e-08 3.865496148135154100e-08 3.846390932538526514e-08 3.857089902484098751e-08 3.848122079288664694e-08 3.844214378633689260e-08 3.868548659076358704e-08 3.852596958468097959e-08 3.803001179888283388e-08 3.842864235538824179e-08 3.829400396555969986e-08 3.845359029925811977e-08
3.812342320322217873e-08 3.846581350614296111e-08 3.861324807114310726e-08 3.835477248531610511e-08 3.832878073511450509e-08 3.793142800856460963e-08 3.843981010772458259e-08 3.815663605980733403e-08 3.787979543214329563e-08 3.827878087266042293e-08 3.788245656267470369e-08 3.834099508620959135e-08 3.848900681290404760e-08 3.773253195845491412e-08 3.830728605601285151e-08 3.835040359558339707e-08 3.814831737645720608e-08 3.803797496555391116e-08 3.813848303646802306e-08 3.819663792194433061e-08 3.799936245949159533e-08 3.823276287416785207e-08 3.840785145806157190e-08 3.826348373215588555e-08 3.810455281810964296e-08 3.789574014143797893e-08 3.783469880185314025e-08 3.824575742471469019e-08 3.814023074497673000e-08 3.839532046791949264e-08 3.812979888902091947e-08 3.823297448900375453e-08 3.782828412652133534e-08 3.853789948394126459e-08 3.834711139895558023e-08 3.845373375642920681e-08 3.836668326088496678e-08 3.832805247338798770e-08 3.856780771220097184e-08 3.841051778874919963e-08 3.791975230181787518e-08 3.831419752365016236e-08 3.818048412759345373e-08 3.833823747302561725e-08
3.822567859586002829e-08 3.857061428059005097e-08 3.871802249681015853e-08 3.845884584611839721e-08 3.843222651714091345e-08 3.803377206626262158e-08 3.854419341559445527e-08 3.826002728029802382e-08 3.798131579751860955e-08 3.838171262898099097e-08 3.798406370842901013e-08 3.844427926142702753e-08 3.859394916221678352e-08 3.783267532764071274e-08 3.841139917951176244e-08 3.845447540411238873e-08 3.825177135131537905e-08 3.813848303646802306e-08 3.824254586057337535e-08 3.829919141368356166e-08 3.810063179160146643e-08 3.833630313676484532e-08 3.851302113765895970e-08 3.836752411271256696e-08 3.820675805870494344e-08 3.799773891180252234e-08 3.793525951833438901e-08 3.834958105701262109e-08 3.824339056192052460e-08 3.849945107176892395e-08 3.823253228074494638e-08 3.833520240990807905e-08 3.792920536892585947e-08 3.864267992049396832e-08 3.845212014161748094e-08 3.855865353913772157e-08 3.846980799420673607e-08 3.843110159099626587e-08 3.867302823636760178e-08 3.851431946357496697e-08 3.802012223039098121e-08 3.841813200007614300e-08 3.828322958322433363e-08 3.844229531552854010e-08
3.828508925250105787e-08 3.862887863075887554e-08 3.877740210000840535e-08 3.851623831247449289e-08 3.849022790728764061e-08 3.809125457027723522e-08 3.860258185571649783e-08 3.831813318432400973e-08 3.804002048084003871e-08 3.844089185025113139e-08 3.804206503571501351e-08 3.850239344783903047e-08 3.865235869731651473e-08 3.788997905491827489e-08 3.847054545619201834e-08 3.851363858900233985e-08 3.831066539596393494e-08 3.819663792194433061e-08 3.829919141368356166e-08 3.836047065706240126e-08 3.815963364345323480e-08 3.839447584954190725e-08 3.857048146527469343e-08 3.842654634725117367e-08 3.826676378122372334e-08 3.805660851421313727e-08 3.799435894730166774e-08 3.840894206875339109e-08 3.830246687933068157e-08 3.855811890564144465e-08 3.829150925236039257e-08 3.839369447804278490e-08 3.798730736456293736e-08 3.870064957209603916e-08 3.851000322753519461e-08 3.861706224911459427e-08 3.852859021054649210e-08 3.848893667576688973e-08 3.873252547936765327e-08 3.857260354875362995e-08 3.807903312260340706e-08 3.847657599887765309e-08 3.834158741053519494e-08 3.850046897790521300e-08
3.808609703130592963e-08 3.842758076260907101e-08 3.857381925690230403e-08 3.831569956127886884e-08 3.828987680612645152e-08 3.789363118473302847e-08 3.840122361123378044e-08 3.811863194905860531e-08 3.784219653667038604e-08 3.824078223812485187e-08 3.784515429717492041e-08 3.830183476855588184e-08 3.845025524372949748e-08 3.769508075921050010e-08 3.826864374640125630e-08 3.831216359569082419e-08 3.811071398119615751e-08 3.799936245949159533e-08 3.810063179160146643e-08 3.815963364345323480e-08 3.796369650346248462e-08 3.819396590046421886e-08 3.836897197300778173e-08 3.822557561385345349e-08 3.806720253049286122e-08 3.785868940312475614e-08 3.779724914841533379e-08 3.820798950210399878e-08 3.810311019598769677e-08 3.835634105401136921e-08 3.809223722194486085e-08 3.819405618191046573e-08 3.779159054296842832e-08 3.849822456358283800e-08 3.830852641094620383e-08 3.841481648657920594e-08 3.832814865393414980e-08 3.828881194676371381e-08 3.852952296547731114e-08 3.837200673650121883e-08 3.788165416456480045e-08 3.827516881766326192e-08 3.814246590969345130e-08 3.830009989121645620e-08
3.832033259661091381e-08 3.866682573401529843e-08 3.881601939945715563e-08 3.855435781855341686e-08 3.852812896309954969e-08 3.812709688983649865e-08 3.864047950071053448e-08 3.835433570787215547e-08 3.807501453476163804e-08 3.847733296848730186e-08 3.807721609356773287e-08 3.854031593026190586e-08 3.869049929603957143e-08 3.792545640814207478e-08 3.850780839862642515e-08 3.855030146149585381e-08 3.834730550207011111e-08 3.823276287416785207e-08 3.833630313676484532e-08 3.839447584954190725e-08 3.819396590046421886e-08 3.843224230936540419e-08 3.860911823925425280e-08 3.846342161545070857e-08 3.830193667210146024e-08 3.809205414407490969e-08 3.802893113472538503e-08 3.844580572300205142e-08 3.833812473984939355e-08 3.859653254709865457e-08 3.832711059259975955e-08 3.843055483569668703e-08 3.802223683533758323e-08 3.873957575184893171e-08 3.854821438979338302e-08 3.865526018154806018e-08 3.856535810307746747e-08 3.852667828867969567e-08 3.877015057495038440e-08 3.861017420119021256e-08 3.811442153513341793e-08 3.851364578059452768e-08 3.837817234559094780e-08 3.853793559267895200e-08
3.849573026744996756e-08 3.884499304139699078e-08 3.899598622938473048e-08 3.873282284778239570e-08 3.870600911222964423e-08 3.830212038400668764e-08 3.881942198297209062e-08 3.853054802482759868e-08 3.824940050569450079e-08 3.865511604530543154e-08 3.825147399153672646e-08 3.871796149596375134e-08 3.887022421491455479e-08 3.809833718109169315e-08 3.868617104897902310e-08 3.872846463458366732e-08 3.852461563519857895e-08 3.840785145806157190e-08 3.851302113765895970e-08 3.857048146527469343e-08 3.836897197300778173e-08 3.860911823925425280e-08 3.878869449976189872e-08 3.864120060690948876e-08 3.847740429399282501e-08 3.826663748215595699e-08 3.820239995436670415e-08 3.862350520755584166e-08 3.851484238787513414e-08 3.877509649415921230e-08 3.850367520457057745e-08 3.860770322608793520e-08 3.819596374395100112e-08 3.891903632290712192e-08 3.872668975201053807e-08 3.883454867199487730e-08 3.874349741164887484e-08 3.870453694907991571e-08 3.894969355285944306e-08 3.878921764107319076e-08 3.828814308986326829e-08 3.869111051750407084e-08 3.855500734720649692e-08 3.871621340848249822e-08
3.835158414164942364e-08 3.869862586329333043e-08 3.884805004315565458e-08 3.858652221999289908e-08 3.856033201686607618e-08 3.815865003099196149e-08 3.867326629418325481e-08 3.838560887315724779e-08 3.810622498560531644e-08 3.851012868660317973e-08 3.810844592268008244e-08 3.857201319679171097e-08 3.872363221015934138e-08 3.795500149111482642e-08 3.853989944639545283e-08 3.858309458770099145e-08 3.838021851633932054e-08 3.826348373215588555e-08 3.836752411271256696e-08 3.842654634725117367e-08 3.822557561385345349e-08 3.846342161545070857e-08 3.864120060690948876e-08 3.849637819741624597e-08 3.833399392181782243e-08 3.812363241195545289e-08 3.806044727625042368e-08 3.847874551988060435e-08 3.837041148029141866e-08 3.862830986071578126e-08 3.835912074483554832e-08 3.846213746651713143e-08 3.805275710489546365e-08 3.877204205486792717e-08 3.858037518691163948e-08 3.868794232875731967e-08 3.859764739622239455e-08 3.855845708366399555e-08 3.880274994616817082e-08 3.864258468219339773e-08 3.814522415346855981e-08 3.854522554061400176e-08 3.840975962500807268e-08 3.857020804548770156e-08
3.819281208619095878e-08 3.853654114425177441e-08 3.868421359740574266e-08 3.842398865541802409e-08 3.839858358368169012e-08 3.799953759247681315e-08 3.850993440999072483e-08 3.822552384838911760e-08 3.794836976639108144e-08 3.834854163505121029e-08 3.795046679366579722e-08 3.841026626671914412e-08 3.855916912927374388e-08 3.779923025708563041e-08 3.837789680816898572e-08 3.842069994117517719e-08 3.821841265511133944e-08 3.810455281810964296e-08 3.820675805870494344e-08 3.826676378122372334e-08 3.806720253049286122e-08 3.830193667210146024e-08 3.847740429399282501e-08 3.833399392181782243e-08 3.817514554753916940e-08 3.796536117840467546e-08 3.790346941738690575e-08 3.831664738678023936e-08 3.821024615749434990e-08 3.846529339967238177e-08 3.819875033370794905e-08 3.830131900753413879e-08 3.789532399675115904e-08 3.860817098061253644e-08 3.841762395511681556e-08 3.852429420525984882e-08 3.843569697059190965e-08 3.839688708383321655e-08 3.863915452436857281e-08 3.847981274371125037e-08 3.798757782167762139e-08 3.838406913548943838e-08 3.824916057369592336e-08 3.840837692558562767e-08
3.798347656551664660e-08 3.832470296556669657e-08 3.847169603903999772e-08 3.821275611997691749e-08 3.818757904777897692e-08 3.779178599766478621e-08 3.829867635357276802e-08 3.801599865307888682e-08 3.774057009010078273e-08 3.813812991161593240e-08 3.774231709195424074e-08 3.819920306162698586e-08 3.834709230747336558e-08 3.759253722274830320e-08 3.816712724259459470e-08 3.820972363002143567e-08 3.800865214003668285e-08 3.789574014143797893e-08 3.799773891180252234e-08 3.805660851421313727e-08 3.785868940312475614e-08 3.809205414407490969e-08 3.826663748215595699e-08 3.812363241195545289e-08 3.796536117840467546e-08 3.775803264198909756e-08 3.769559905520650731e-08 3.810610230605778285e-08 3.800053968077686300e-08 3.825467040190439634e-08 3.798918831056826038e-08 3.809114279945135355e-08 3.768782225596498151e-08 3.839606566041129927e-08 3.820668135612969564e-08 3.831262242728863457e-08 3.822494324820849796e-08 3.818623892472389283e-08 3.842711265237293725e-08 3.826835435102869364e-08 3.777916552551395767e-08 3.817295190423693488e-08 3.803897521318626421e-08 3.819746456804874632e-08
3.792130286759449623e-08 3.826123137216565555e-08 3.840703400308862490e-08 3.815004281696271611e-08 3.812507858485012835e-08 3.773040583857486776e-08 3.823545541470752358e-08 3.795417532464685374e-08 3.767910178685234016e-08 3.807517406521397752e-08 3.768216151526279560e-08 3.813716703276190721e-08 3.828281040635014499e-08 3.753177325314964522e-08 3.810335260612534890e-08 3.814667271210964354e-08 3.794596137808799754e-08 3.783469880185314025e-08 3.793525951833438901e-08 3.799435894730166774e-08 3.779724914841533379e-08 3.802893113472538503e-08 3.820239995436670415e-08 3.806044727625042368e-08 3.790346941738690575e-08 3.769559905520650731e-08 3.763641244725758883e-08 3.804343304283960548e-08 3.793872774928089370e-08 3.819066649952424101e-08 3.792716555291657439e-08 3.802910982610128175e-08 3.762643137961595767e-08 3.833266628635570977e-08 3.814337882129816152e-08 3.824849757672934397e-08 3.816201443922318327e-08 3.812396388244546504e-08 3.836292286919889199e-08 3.820523673034345119e-08 3.771837947778361705e-08 3.811069210668126922e-08 3.797730245054362094e-08 3.813407014265978874e-08
3.833422188382343817e-08 3.868113884659956258e-08 3.883083506500066229e-08 3.856915388164373780e-08 3.854293620730694885e-08 3.814068123604663999e-08 3.865616955803317028e-08 3.836791381656988897e-08 3.808859053381685203e-08 3.849259361602698383e-08 3.809108134609952450e-08 3.855491688794820193e-08 3.870633291319201989e-08 3.793756466013443124e-08 3.852317990634841568e-08 3.856555446047657047e-08 3.836262986683343593e-08 3.824575742471469019e-08 3.834958105701262109e-08 3.840894206875339109e-08 3.820798950210399878e-08 3.844580572300205142e-08 3.862350520755584166e-08 3.847874551988060435e-08 3.831664738678023936e-08 3.810610230605778285e-08 3.804343304283960548e-08 3.846222228206246298e-08 3.835343387524907894e-08 3.861116401938989453e-08 3.834183159917838407e-08 3.844459632411779394e-08 3.803523050097906269e-08 3.875448292725981075e-08 3.856337990135390237e-08 3.867026952538901161e-08 3.857992836273395404e-08 3.854101066803632095e-08 3.878565771595674987e-08 3.862562749835053233e-08 3.812810089230629031e-08 3.852785141061114725e-08 3.839270250071385476e-08 3.855304116316103604e-08
3.822829734882980868e-08 3.857296330496536066e-08 3.872072864819760666e-08 3.846063699421870518e-08 3.843494940289959244e-08 3.803577334139713995e-08 3.854699472910709374e-08 3.826192751972034031e-08 3.798382591827488170e-08 3.838488986449606369e-08 3.798663508364871296e-08 3.844680511639732289e-08 3.859630001693026293e-08 3.783433375891931601e-08 3.841449898292895686e-08 3.845723395429728516e-08 3.825496506999245616e-08 3.814023074497673000e-08 3.824339056192052460e-08 3.830246687933068157e-08 3.810311019598769677e-08 3.833812473984939355e-08 3.851484238787513414e-08 3.837041148029141866e-08 3.821024615749434990e-08 3.800053968077686300e-08 3.793872774928089370e-08 3.835343387524907894e-08 3.824728315004604259e-08 3.850229953262432508e-08 3.823518243045503305e-08 3.833753862905418705e-08 3.793104470735546537e-08 3.864511701964985464e-08 3.845492131323048817e-08 3.856049101013075578e-08 3.847223549605696497e-08 3.843344817259789988e-08 3.867620720747541805e-08 3.851700367923571812e-08 3.802250795084635157e-08 3.842048637935319352e-08 3.828570294638099213e-08 3.844512749034728906e-08
3.848352349417030336e-08 3.883186073063139823e-08 3.898322831642616324e-08 3.871920214594495044e-08 3.869311274831920853e-08 3.828887917119702263e-08 3.880648771407845040e-08 3.851726651986256592e-08 3.823697819265686280e-08 3.864188932203257333e-08 3.823876341139524327e-08 3.870540044358506307e-08 3.885662318301231828e-08 3.808626375912267545e-08 3.867316718303150011e-08 3.871526468867599296e-08 3.851185206753823838e-08 3.839532046791949264e-08 3.849945107176892395e-08 3.855811890564144465e-08 3.835634105401136921e-08 3.859653254709865457e-08 3.877509649415921230e-08 3.862830986071578126e-08 3.846529339967238177e-08 3.825467040190439634e-08 3.819066649952424101e-08 3.861116401938989453e-08 3.850229953262432508e-08 3.876311133359677288e-08 3.849076761391828895e-08 3.859472230286840262e-08 3.818357410471404727e-08 3.890564030439757727e-08 3.871377141622150980e-08 3.882105984668661959e-08 3.873031855922165251e-08 3.869151395499585298e-08 3.893684928356025496e-08 3.877569897923244217e-08 3.827619386736346190e-08 3.867798117807220093e-08 3.854216353868677350e-08 3.870302290985333069e-08
3.821722681647190912e-08 3.856129546983408979e-08 3.870958819421686762e-08 3.844999027079616224e-08 3.842344933566975382e-08 3.802473348219936185e-08 3.853570908367488918e-08 3.825085082128179043e-08 3.797290564860279185e-08 3.837366722878625242e-08 3.797539774774733686e-08 3.843558310800311667e-08 3.858576355700243341e-08 3.782350164093422543e-08 3.840361368469600252e-08 3.844614224468169732e-08 3.824338868097788023e-08 3.812979888902091947e-08 3.823253228074494638e-08 3.829150925236039257e-08 3.809223722194486085e-08 3.832711059259975955e-08 3.850367520457057745e-08 3.835912074483554832e-08 3.819875033370794905e-08 3.798918831056826038e-08 3.792716555291657439e-08 3.834183159917838407e-08 3.823518243045503305e-08 3.849076761391828895e-08 3.822447250313764042e-08 3.832692044242187578e-08 3.792042722866462256e-08 3.863363004607345213e-08 3.844307964981518662e-08 3.854991463693668518e-08 3.846145059393216447e-08 3.842236119224992733e-08 3.866470253025642907e-08 3.850615920294323960e-08 3.801200834208310236e-08 3.840934123284466828e-08 3.827469326095516277e-08 3.843365661055624568e-08
3.831972547660494854e-08 3.866502772387713718e-08 3.881450552744332488e-08 3.855380947945129783e-08 3.852739614521726606e-08 3.812680017281803151e-08 3.863932754250117145e-08 3.835354255932207350e-08 3.807480142886568644e-08 3.847703672179609448e-08 3.807712896920708552e-08 3.853944348560109432e-08 3.868954171793860158e-08 3.792540697602639787e-08 3.850716197718455280e-08 3.854915920512314089e-08 3.834627948760569724e-08 3.823297448900375453e-08 3.833520240990807905e-08 3.839369447804278490e-08 3.819405618191046573e-08 3.843055483569668703e-08 3.860770322608793520e-08 3.846213746651713143e-08 3.830131900753413879e-08 3.809114279945135355e-08 3.802910982610128175e-08 3.844459632411779394e-08 3.833753862905418705e-08 3.859472230286840262e-08 3.832692044242187578e-08 3.843101215419359880e-08 3.802183708769388244e-08 3.873833945592169571e-08 3.854639782969471621e-08 3.865386598329278486e-08 3.856514101086922953e-08 3.852644252987280804e-08 3.876865247361372396e-08 3.860993860164883889e-08 3.811416694123602056e-08 3.851265537438917285e-08 3.837766830644028242e-08 3.853684530623583164e-08
3.791464022858658126e-08 3.825442896328462971e-08 3.839982399817779048e-08 3.814318725421213979e-08 3.811700233671494968e-08 3.772330124482589323e-08 3.822795000818338436e-08 3.794707910920802833e-08 3.767224083497437299e-08 3.806779450627181855e-08 3.767487347895389403e-08 3.812966612750826093e-08 3.827714746578080027e-08 3.752622519685502653e-08 3.809634327323744913e-08 3.813935121646608330e-08 3.793815834467218129e-08 3.782828412652133534e-08 3.792920536892585947e-08 3.798730736456293736e-08 3.779159054296842832e-08 3.802223683533758323e-08 3.819596374395100112e-08 3.805275710489546365e-08 3.789532399675115904e-08 3.768782225596498151e-08 3.762643137961595767e-08 3.803523050097906269e-08 3.793104470735546537e-08 3.818357410471404727e-08 3.792042722866462256e-08 3.802183708769388244e-08 3.762222440044719672e-08 3.832456365487076182e-08 3.813602618708015012e-08 3.824133587436130297e-08 3.815522219388793058e-08 3.811616510569767962e-08 3.835558353141016616e-08 3.819891823340568956e-08 3.771164345490507529e-08 3.810337448455757928e-08 3.797048472734967728e-08 3.812751699737708695e-08
3.862574897052805172e-08 3.897679897292042715e-08 3.912752022561902827e-08 3.886412404970230147e-08 3.883757058985720946e-08 3.843198367245694303e-08 3.895082513715502547e-08 3.866095971216685400e-08 3.837878038302360543e-08 3.878628217923919068e-08 3.838134467637382290e-08 3.884926885708941083e-08 3.900159955429889868e-08 3.822689527862880634e-08 3.881674554353743331e-08 3.885963540239401766e-08 3.865496148135154100e-08 3.853789948394126459e-08 3.864267992049396832e-08 3.870064957209603916e-08 3.849822456358283800e-08 3.873957575184893171e-08 3.891903632290712192e-08 3.877204205486792717e-08 3.860817098061253644e-08 3.839606566041129927e-08 3.833266628635570977e-08 3.875448292725981075e-08 3.864511701964985464e-08 3.890564030439757727e-08 3.863363004607345213e-08 3.873833945592169571e-08 3.832456365487076182e-08 3.905141614910883157e-08 3.885768097413898943e-08 3.896579139327975573e-08 3.887445025788776269e-08 3.883577044811692161e-08 3.908116758098472395e-08 3.892030684253116438e-08 3.841838501332528471e-08 3.882221221995064343e-08 3.868531064830590688e-08 3.884735512473916167e-08
3.843561631700495005e-08 3.878438284445266760e-08 3.893394463925256090e-08 3.867167017974746991e-08 3.864539907264594393e-08 3.824199840355215052e-08 3.875839029059766202e-08 3.847010469778711153e-08 3.818949822903656276e-08 3.859412644999221074e-08 3.819201977452855311e-08 3.865722693726743254e-08 3.880869718488698973e-08 3.803863536012487210e-08 3.862526883746095499e-08 3.866754896502673527e-08 3.846390932538526514e-08 3.834711139895558023e-08 3.845212014161748094e-08 3.851000322753519461e-08 3.830852641094620383e-08 3.854821438979338302e-08 3.872668975201053807e-08 3.858037518691163948e-08 3.841762395511681556e-08 3.820668135612969564e-08 3.814337882129816152e-08 3.856337990135390237e-08 3.845492131323048817e-08 3.871377141622150980e-08 3.844307964981518662e-08 3.854639782969471621e-08 3.813602618708015012e-08 3.885768097413898943e-08 3.866630754043241036e-08 3.877291016630299152e-08 3.868208901726092389e-08 3.864349360704802469e-08 3.888834027942762591e-08 3.872799447109767512e-08 3.822862941696256472e-08 3.863068116842349308e-08 3.849445775806775717e-08 3.865557725344937021e-08
3.854198161161590813e-08 3.889191605482649199e-08 3.904294145939162634e-08 3.877961051645107101e-08 3.875281611862862250e-08 3.834766544266806997e-08 3.886624557504084836e-08 3.857637942484413078e-08 3.829525698539281657e-08 3.870169867184922360e-08 3.829707489058538874e-08 3.876444527289382095e-08 3.891753348920696722e-08 3.814348786820053144e-08 3.873285410350799518e-08 3.877548674792928927e-08 3.857089902484098751e-08 3.845373375642920681e-08 3.855865353913772157e-08 3.861706224911459427e-08 3.841481648657920594e-08 3.865526018154806018e-08 3.883454867199487730e-08 3.868794232875731967e-08 3.852429420525984882e-08 3.831262242728863457e-08 3.824849757672934397e-08 3.867026952538901161e-08 3.856049101013075578e-08 3.882105984668661959e-08 3.854991463693668518e-08 3.865386598329278486e-08 3.824133587436130297e-08 3.896579139327975573e-08 3.877291016630299152e-08 3.888229134700659525e-08 3.879007716590365160e-08 3.875099018220842456e-08 3.899643077636383572e-08 3.883591758602524480e-08 3.833477146940473032e-08 3.873776981869545505e-08 3.860125486346807072e-08 3.876287417479166159e-08
