2.960091311747639596e-08 2.985856808616428511e-08 3.003059511461794341e-08 2.983070620714320079e-08 2.975569333847041177e-08 2.951890830263826614e-08 2.988204319297504924e-08 2.963702769303228036e-08 2.935819326169293925e-08 2.980112069493744991e-08 2.940331794881642689e-08 2.978176032364371005e-08 2.994844528051226259e-08 2.917959105089580028e-08 2.981243049725054672e-08 2.986831191351337009e-08 2.960917048424940619e-08 2.946380335458337569e-08 2.956246493547124629e-08 2.970509156426998941e-08 2.941673715793980500e-08 2.968050504418696320e-08 2.982495912055262176e-08 2.979804142021676054e-08 2.962510321580724819e-08 2.940800228838919009e-08 2.933841419078512600e-08 2.966846507872065870e-08 2.959976705190459631e-08 2.980767557526078857e-08 2.960585222012322948e-08 2.971537477775667204e-08 2.934782091747227797e-08 2.995708052579183133e-08 2.977057198563222175e-08 2.996828815641955595e-08 2.983793832635305855e-08 2.971545904747533887e-08 2.995546409629693402e-08 2.989463252780710665e-08 2.943093158052661857e-08 2.974131559127740636e-08 2.963170485995733515e-08 2.983207106640967752e-08
2.985856808616428511e-08 3.012568759420833372e-08 3.030003114123511400e-08 3.009362409329463470e-08 3.001830663305356784e-08 2.977563069342856733e-08 3.014856597381190001e-08 2.989645245333868753e-08 2.961219795954761655e-08 3.006531935627142527e-08 2.965743994972500141e-08 3.004358931914286255e-08 3.021704120837082800e-08 2.942942228580595024e-08 3.007608062896010279e-08 3.013429516538571920e-08 2.986842946089583339e-08 2.971971619344403411e-08 2.981978898903273047e-08 2.996554844831547409e-08 2.967192819922321409e-08 2.994191584059641709e-08 3.008989567455951262e-08 3.006107997429047152e-08 2.988451494228631843e-08 2.966382563918155125e-08 2.959224293762915832e-08 2.993081767096726572e-08 2.985791639032142591e-08 3.007113293422141759e-08 2.986360232540952519e-08 2.997769547440834149e-08 2.959919635212202410e-08 3.022572655607441091e-08 3.003412237252676639e-08 3.023772729234822524e-08 3.010302909479761229e-08 2.997834583275297725e-08 3.022184702022322108e-08 3.016050453936845399e-08 2.968519192659226594e-08 3.000264626504820995e-08 2.989341834418511741e-08 3.009634195084523890e-08
3.003059511461794341e-08 3.030003114123511400e-08 3.047830550764115680e-08 3.026852357403188718e-08 3.019204225000850113e-08 2.994676736413052908e-08 3.032440581041564096e-08 3.006900375020858500e-08 2.978158136195365286e-08 3.023977781727185224e-08 2.982797636246309295e-08 3.021729954645918115e-08 3.039334609869225299e-08 2.959653765314651493e-08 3.025070131101377397e-08 3.031030368539931321e-08 3.004094983347024024e-08 2.989108545912432598e-08 2.999185274978141591e-08 3.013846892945449924e-08 2.984233896055824401e-08 3.011560531086471763e-08 3.026465641134311088e-08 3.023548269497712020e-08 3.005696043834261034e-08 2.983477494898682522e-08 2.976096628653928174e-08 3.010402929546173694e-08 3.003005241513730767e-08 3.024583907559685338e-08 3.003614120380621246e-08 3.015143838194997663e-08 2.976769993124191780e-08 3.040285628095492395e-08 3.020951084170958986e-08 3.041539998227551116e-08 3.027775290631376756e-08 3.015232838722235883e-08 3.039814691010289363e-08 3.033584690589948551e-08 2.985575102407183876e-08 3.017616742832670291e-08 3.006681618512388938e-08 3.027083908611862574e-08
2.983070620714320079e-08 3.009362409329463470e-08 3.026852357403188718e-08 3.006626174345493266e-08 2.998831868055186969e-08 2.974841824293579609e-08 3.011757880324711089e-08 2.986813694286530549e-08 2.958508867176104985e-08 3.003539338892997449e-08 2.963022287667321676e-08 3.001521285934268105e-08 3.018530607992319687e-08 2.940399801492206278e-08 3.004631261265569155e-08 3.010457585383627363e-08 2.984036564269345024e-08 2.969179222701543629e-08 2.979214327037270396e-08 2.993701412974956217e-08 2.964415109168240196e-08 2.991299570095349261e-08 3.005929375992006428e-08 3.003142962660879625e-08 2.985552059667279057e-08 2.963720506735500626e-08 2.956519959635714735e-08 2.990103680232907196e-08 2.983029610857313134e-08 3.004080996702787581e-08 2.983614852082245144e-08 2.994903021492084145e-08 2.957317674561946864e-08 3.019398248056674970e-08 3.000461472001402298e-08 3.020699038936393700e-08 3.007253474915986287e-08 2.994817452882101297e-08 3.019109830738180484e-08 3.012943711892354656e-08 2.965831963541538315e-08 2.997422711330412700e-08 2.986391634353159740e-08 3.006624404961732828e-08
2.975569333847041177e-08 3.001830663305356784e-08 3.019204225000850113e-08 2.998831868055186969e-08 2.991572314926105137e-08 2.967520333115093331e-08 3.004186204042116758e-08 2.979372053310824536e-08 2.951203677580017107e-08 2.995980734596424095e-08 2.955640337872202247e-08 2.993961336695110500e-08 3.010877593722202395e-08 2.933085348533379427e-08 2.997106861349539498e-08 3.002805342321203441e-08 2.976532816489881330e-08 2.961829041620785717e-08 2.971790961167772838e-08 2.986162925185545025e-08 2.957112429109864208e-08 2.983769877733537249e-08 2.998458981705228707e-08 2.995624356676942702e-08 2.978215890336497830e-08 2.956273585455993976e-08 2.949146503657856710e-08 2.982563398747109991e-08 2.975494798861393899e-08 2.996635227336214716e-08 2.976138032125348741e-08 2.987350719095000396e-08 2.949968228845408307e-08 3.011828642227890285e-08 2.992864460995789673e-08 3.013022170476232893e-08 2.999634768916624286e-08 2.987267034482864765e-08 3.011558186516709407e-08 3.005339520785016050e-08 2.958431457669132728e-08 2.989834716202929864e-08 2.978839768811771048e-08 2.998999028798129178e-08
2.951890830263826614e-08 2.977563069342856733e-08 2.994676736413052908e-08 2.974841824293579609e-08 2.967520333115093331e-08 2.944189491887414841e-08 2.979914426780688398e-08 2.955682353022014326e-08 2.928000239254719093e-08 2.971873918224518941e-08 2.932409407910952083e-08 2.970078561437967820e-08 2.986468996106784800e-08 2.910398802963915510e-08 2.973062230781743619e-08 2.978630150810250673e-08 2.952881586479463574e-08 2.938405942577751150e-08 2.948290518744260049e-08 2.962344247069770954e-08 2.933859639443493655e-08 2.959897672430799608e-08 2.974303146248085973e-08 2.971648000945751363e-08 2.954546118552388166e-08 2.932956797433377328e-08 2.926012741796189236e-08 2.958646279870621639e-08 2.951893058274490212e-08 2.972564873485560742e-08 2.952557371081956932e-08 2.963491333741250643e-08 2.926962703659098978e-08 2.987383321368962718e-08 2.968851532412158064e-08 2.988421500874446093e-08 2.975552236453826605e-08 2.963324598317090164e-08 2.987274267360756634e-08 2.981076086600970564e-08 2.935245393765560520e-08 2.966030330178644010e-08 2.955031994163974030e-08 2.974935160485034572e-08
2.988204319297504924e-08 3.014856597381190001e-08 3.032440581041564096e-08 3.011757880324711089e-08 3.004186204042116758e-08 2.979914426780688398e-08 3.017267163162961592e-08 2.992009049016550740e-08 2.963531343265314426e-08 3.008887173262453219e-08 2.968097987953535454e-08 3.006727112373086472e-08 3.024058005819367585e-08 2.945224320210385387e-08 3.009978450329672899e-08 3.015870083734946403e-08 2.989208783566131010e-08 2.974328133147946900e-08 2.984357636336615894e-08 2.998897326953399620e-08 2.969540603327066927e-08 2.996553148895358493e-08 3.011346715416122032e-08 3.008476160663842006e-08 2.990811020251520239e-08 2.968742182050280492e-08 2.961475356050356673e-08 2.995432898829846523e-08 2.988120444695382916e-08 3.009484947065955542e-08 2.988726084590074053e-08 3.000131426885165149e-08 2.962244186908383913e-08 3.024969499979318659e-08 3.005821576146089047e-08 3.026175126727602531e-08 3.012641443232337381e-08 3.000180920600721554e-08 3.024589194221411231e-08 3.018403599232647613e-08 2.970909814161454147e-08 3.002623892553839281e-08 2.991705405869945586e-08 3.012006663822891212e-08
2.963702769303228036e-08 2.989645245333868753e-08 3.006900375020858500e-08 2.986813694286530549e-08 2.979372053310824536e-08 2.955682353022014326e-08 2.992009049016550740e-08 2.967494971756278964e-08 2.939488627067524754e-08 2.983860162964073886e-08 2.943946628498594845e-08 2.981927731302039980e-08 2.998621921349845439e-08 2.921648584510423416e-08 2.985008494178727349e-08 2.990628620892825517e-08 2.964636283419404121e-08 2.950052077827073959e-08 2.959978866630324678e-08 2.974186197726232193e-08 2.945372971421879643e-08 2.971755865683973571e-08 2.986317190552218597e-08 2.983573521697060114e-08 2.966263190480245425e-08 2.944542308154617708e-08 2.937500332917201262e-08 2.970547853926912801e-08 2.963631425785006965e-08 2.984526470406948070e-08 2.964304188531647336e-08 2.975339326400584092e-08 2.938370824484362812e-08 2.999520803305170045e-08 2.980787058003060906e-08 3.000670250354556552e-08 2.987554656595560184e-08 2.975258125164923750e-08 2.999356613410271718e-08 2.993189239450691034e-08 2.946802682875782885e-08 2.977899262603206784e-08 2.966900656106470912e-08 2.986945835615111754e-08
2.935819326169293925e-08 2.961219795954761655e-08 2.978158136195365286e-08 2.958508867176104985e-08 2.951203677580017107e-08 2.928000239254719093e-08 2.963531343265314426e-08 2.939488627067524754e-08 2.912094278876615420e-08 2.955593501576351729e-08 2.916452038920892209e-08 2.953789228583418123e-08 2.970077191683392699e-08 2.894580951088401313e-08 2.956741184409710590e-08 2.962194885437432288e-08 2.936751113442857065e-08 2.922398342407431302e-08 2.932149887307099969e-08 2.946164449222533625e-08 2.917878866374574899e-08 2.943703861886887970e-08 2.957969165150977930e-08 2.955338582495212211e-08 2.938394583205093217e-08 2.916919035832014487e-08 2.910103643584761092e-08 2.942498006346174065e-08 2.935757496082483282e-08 2.956301108193435556e-08 2.936462128586454406e-08 2.947210470217082907e-08 2.911074900857525350e-08 2.970951792972576055e-08 2.952568801566794128e-08 2.971910392550466960e-08 2.959226884693878163e-08 2.947141147230569214e-08 2.970868569926955876e-08 2.964744365305365372e-08 2.919246415528018088e-08 2.949769278148502628e-08 2.938819765519889548e-08 2.958652267484778401e-08
2.980112069493744991e-08 3.006531935627142527e-08 3.023977781727185224e-08 3.003539338892997449e-08 2.995980734596424095e-08 2.971873918224518941e-08 3.008887173262453219e-08 2.983860162964073886e-08 2.955593501576351729e-08 3.000734870345461952e-08 2.960069004733756315e-08 2.998550772482121348e-08 3.015691213160629667e-08 2.937436667050446811e-08 3.001726150133245466e-08 3.007515783042969534e-08 2.981130545846369911e-08 2.966277442459969286e-08 2.976248826294319255e-08 2.990723044646598919e-08 2.961569943198975644e-08 2.988426098605890171e-08 3.003083302700543769e-08 3.000257046581784426e-08 2.982692625409728712e-08 2.960718785813261762e-08 2.953571359072558672e-08 2.987236912944110627e-08 2.980052134259825760e-08 3.001282204534253558e-08 2.980655535786800950e-08 2.991958402790458623e-08 2.954384453068699265e-08 3.016570880165471865e-08 2.997549866152869053e-08 3.017778810823439201e-08 3.004341564489535998e-08 2.991984177105525475e-08 3.016265983799422293e-08 3.010112356906310664e-08 2.962849674736462676e-08 2.994435708474909205e-08 2.983491775037971716e-08 3.003777158425024360e-08
2.940331794881642689e-08 2.965743994972500141e-08 2.982797636246309295e-08 2.963022287667321676e-08 2.955640337872202247e-08 2.932409407910952083e-08 2.968097987953535454e-08 2.943946628498594845e-08 2.916452038920892209e-08 2.960069004733756315e-08 2.921003351805999703e-08 2.958244731725595218e-08 2.974636162037667781e-08 2.898935533724935728e-08 2.961267959095142395e-08 2.966747475227816313e-08 2.941211646583750490e-08 2.926881365306316551e-08 2.936661398640577324e-08 2.950682033547321845e-08 2.922307328494524161e-08 2.948203300452630865e-08 2.962453698370593844e-08 2.959842825819363402e-08 2.942837014175404351e-08 2.921331072896606813e-08 2.914465412454999051e-08 2.946968547689881337e-08 2.940272869850713737e-08 2.960802605965547285e-08 2.940928117369511634e-08 2.951660658135748895e-08 2.915506832212261356e-08 2.975512104453452698e-08 2.957127097380058695e-08 2.976400994487856755e-08 2.963787855085891847e-08 2.951676704949404495e-08 2.975418243540357657e-08 2.969318304783891741e-08 2.923727461625713367e-08 2.954266671878816010e-08 2.943372305823100225e-08 2.963172811731368887e-08
2.978176032364371005e-08 3.004358931914286255e-08 3.021729954645918115e-08 3.001521285934268105e-08 2.993961336695110500e-08 2.970078561437967820e-08 3.006727112373086472e-08 2.981927731302039980e-08 2.953789228583418123e-08 2.998550772482121348e-08 2.958244731725595218e-08 2.996631911656802990e-08 3.013482056042262103e-08 2.935746338956483028e-08 2.999676955165204085e-08 3.005420290599766740e-08 2.979132762255653743e-08 2.964415893441433652e-08 2.974386761576984997e-08 2.988760605515220397e-08 2.959690012213901911e-08 2.986355823301020743e-08 3.000965316709480554e-08 2.998194497336798289e-08 2.980702726715399519e-08 2.958887840665390908e-08 2.951803552929285745e-08 2.985172853548043275e-08 2.978147287402806467e-08 2.999169312135246440e-08 2.978749820847575972e-08 2.989931063812499101e-08 2.952613341016623700e-08 3.014341643576955389e-08 2.995490167524786689e-08 3.015586612335331461e-08 3.002267120470622555e-08 2.989888984547660654e-08 3.014095697639796416e-08 3.007914829602168494e-08 2.961075549922746566e-08 2.992489267733396296e-08 2.981457232910946541e-08 3.001643279542730709e-08
2.994844528051226259e-08 3.021704120837082800e-08 3.039334609869225299e-08 3.018530607992319687e-08 3.010877593722202395e-08 2.986468996106784800e-08 3.024058005819367585e-08 2.998621921349845439e-08 2.970077191683392699e-08 3.015691213160629667e-08 2.974636162037667781e-08 3.013482056042262103e-08 3.031063968840166242e-08 2.951619026145976318e-08 3.016768187730142157e-08 3.022664458883441084e-08 2.995887790544166019e-08 2.980917314566523334e-08 2.990924405925369190e-08 3.005593010205655016e-08 2.976075180582023923e-08 3.003324135414713783e-08 3.018121132641428596e-08 3.015214291072904059e-08 2.997427074355821224e-08 2.975306847136189758e-08 2.968030848391666329e-08 3.002185565500297387e-08 2.994802630190297004e-08 3.016237334335964030e-08 2.995376593890761925e-08 3.006860957251166071e-08 2.968703945478928963e-08 3.031913265707618452e-08 3.012622659771725680e-08 3.033120746827440120e-08 3.019454305002560370e-08 3.006986235113987033e-08 3.031420898904940564e-08 3.025253431218475598e-08 2.977377370190297015e-08 3.009366309182774157e-08 2.998439642645809285e-08 3.018812766523035108e-08
2.917959105089580028e-08 2.942942228580595024e-08 2.959653765314651493e-08 2.940399801492206278e-08 2.933085348533379427e-08 2.910398802963915510e-08 2.945224320210385387e-08 2.921648584510423416e-08 2.894580951088401313e-08 2.937436667050446811e-08 2.898935533724935728e-08 2.935746338956483028e-08 2.951619026145976318e-08 2.877594830614186646e-08 2.938559531526746208e-08 2.943892340855729445e-08 2.918895618454524210e-08 2.904746759881646217e-08 2.914477481297567284e-08 2.928193608060926342e-08 2.900385201032997573e-08 2.925705658774065727e-08 2.939742735066334412e-08 2.937270138911813313e-08 2.920566926209402730e-08 2.899347926277937966e-08 2.892684573853095008e-08 2.924432499360309937e-08 2.917977126018703160e-08 2.938174005062071833e-08 2.918679770842935948e-08 2.929237896362041821e-08 2.893740241568715825e-08 2.952448072221772673e-08 2.934426163080037973e-08 2.953279608065973973e-08 2.941079092241288119e-08 2.929068060996045709e-08 2.952552101567669586e-08 2.946444313239276233e-08 2.901764381623613709e-08 2.931775583511050807e-08 2.920883275890591532e-08 2.940474868943766977e-08
2.981243049725054672e-08 3.007608062896010279e-08 3.025070131101377397e-08 3.004631261265569155e-08 2.997106861349539498e-08 2.973062230781743619e-08 3.009978450329672899e-08 2.985008494178727349e-08 2.956741184409710590e-08 3.001726150133245466e-08 2.961267959095142395e-08 2.999676955165204085e-08 3.016768187730142157e-08 2.938559531526746208e-08 3.002923339909638993e-08 3.008630649390253636e-08 2.982233930389106878e-08 2.967456674901169724e-08 2.977379151233249250e-08 2.991846097299914564e-08 2.962677898673562309e-08 2.989481534198529870e-08 3.004190391719429841e-08 3.001367336369760228e-08 2.983811108548223868e-08 2.961876338229753360e-08 2.954712721973261916e-08 2.988323786723733309e-08 2.981155255868375995e-08 3.002357720590077125e-08 2.981812554334573452e-08 2.993044739377665473e-08 2.955484696531394107e-08 3.017657268527516661e-08 2.998672476009472349e-08 3.018847243027372890e-08 3.005445116377805600e-08 2.993063603481700632e-08 3.017325841792610029e-08 3.011163444796211021e-08 2.964059859875161401e-08 2.995570153035991358e-08 2.984617208950651742e-08 3.004818276175968927e-08
2.986831191351337009e-08 3.013429516538571920e-08 3.031030368539931321e-08 3.010457585383627363e-08 3.002805342321203441e-08 2.978630150810250673e-08 3.015870083734946403e-08 2.990628620892825517e-08 2.962194885437432288e-08 3.007515783042969534e-08 2.966747475227816313e-08 3.005420290599766740e-08 3.022664458883441084e-08 2.943892340855729445e-08 3.008630649390253636e-08 3.014634467287853421e-08 2.987860184242975425e-08 2.972965717250520013e-08 2.983003532608223831e-08 2.997541483020322484e-08 2.968185947965336259e-08 2.995226806473183463e-08 3.009951041338664863e-08 3.007100100044685825e-08 2.989440535487096774e-08 2.967440238724562020e-08 2.960114706798987425e-08 2.994090228981355881e-08 2.986776146951713207e-08 3.008085910813926821e-08 2.987371441732313566e-08 2.998794828694707536e-08 2.960902495980033447e-08 3.023580981982810408e-08 3.004493792917878330e-08 3.024830778716109425e-08 3.011243260765378392e-08 2.998795548022703589e-08 3.023179577447329902e-08 3.016980880072723413e-08 2.969567819711386098e-08 3.001287192459031541e-08 2.990373867582824267e-08 3.010628322641232298e-08
2.960917048424940619e-08 2.986842946089583339e-08 3.004094983347024024e-08 2.984036564269345024e-08 2.976532816489881330e-08 2.952881586479463574e-08 2.989208783566131010e-08 2.964636283419404121e-08 2.936751113442857065e-08 2.981130545846369911e-08 2.941211646583750490e-08 2.979132762255653743e-08 2.995887790544166019e-08 2.918895618454524210e-08 2.982233930389106878e-08 2.987860184242975425e-08 2.961976840649999732e-08 2.947256206549643018e-08 2.957162672808630243e-08 2.971429362496428264e-08 2.942640380373809662e-08 2.969003837768035974e-08 2.983522990770237596e-08 2.980749873242677899e-08 2.963448271541011926e-08 2.941785035215475940e-08 2.934732648803749715e-08 2.967819040612202056e-08 2.960867816862202574e-08 2.981718728884702129e-08 2.961482220816488184e-08 2.972524830819583246e-08 2.935635797347321434e-08 2.996769557016964000e-08 2.978014344155356567e-08 2.997835049169642325e-08 2.984757686663690360e-08 2.972500963542261633e-08 2.996547182177975040e-08 2.990381555096189614e-08 2.944013169816368704e-08 2.975092152345475852e-08 2.964143763618690292e-08 2.984187637177380869e-08
2.946380335458337569e-08 2.971971619344403411e-08 2.989108545912432598e-08 2.969179222701543629e-08 2.961829041620785717e-08 2.938405942577751150e-08 2.974328133147946900e-08 2.950052077827073959e-08 2.922398342407431302e-08 2.966277442459969286e-08 2.926881365306316551e-08 2.964415893441433652e-08 2.980917314566523334e-08 2.904746759881646217e-08 2.967456674901169724e-08 2.972965717250520013e-08 2.947256206549643018e-08 2.932985468747520531e-08 2.942655490349932616e-08 2.956747763601573110e-08 2.928265713371169601e-08 2.954380935684266401e-08 2.968690374514914951e-08 2.966011868602769061e-08 2.948931851311013525e-08 2.927307381197062084e-08 2.920402538230654993e-08 2.953083341268856483e-08 2.946319398427129911e-08 2.967028090217094432e-08 2.947027287234147036e-08 2.957784333548374862e-08 2.921336868016700644e-08 2.981762077226143877e-08 2.963330662801211726e-08 2.982786960565275935e-08 2.969993283769127839e-08 2.957822882014370282e-08 2.981687622609413223e-08 2.975588857498223947e-08 2.929686193163886256e-08 2.960381707803532513e-08 2.949503555694823872e-08 2.969412454979149778e-08
2.956246493547124629e-08 2.981978898903273047e-08 2.999185274978141591e-08 2.979214327037270396e-08 2.971790961167772838e-08 2.948290518744260049e-08 2.984357636336615894e-08 2.959978866630324678e-08 2.932149887307099969e-08 2.976248826294319255e-08 2.936661398640577324e-08 2.974386761576984997e-08 2.990924405925369190e-08 2.914477481297567284e-08 2.977379151233249250e-08 2.983003532608223831e-08 2.957162672808630243e-08 2.942655490349932616e-08 2.952630071955729995e-08 2.966715501314710940e-08 2.938066979757780421e-08 2.964232694864328731e-08 2.978659687265229675e-08 2.976011313517921832e-08 2.958777602012038229e-08 2.937173075727452998e-08 2.930178082797148584e-08 2.963001693126483483e-08 2.956223064468061177e-08 2.976944673990340636e-08 2.956825720912056596e-08 2.967779453049041187e-08 2.931122569218324681e-08 2.991829413352891222e-08 2.973238028511207737e-08 2.992879097064149302e-08 2.979965647135165515e-08 2.967722119910573771e-08 2.991705353485458985e-08 2.985519953108683780e-08 2.939476073569132571e-08 2.970380604074575250e-08 2.959412292407585072e-08 2.979297834614796188e-08
2.970509156426998941e-08 2.996554844831547409e-08 3.013846892945449924e-08 2.993701412974956217e-08 2.986162925185545025e-08 2.962344247069770954e-08 2.998897326953399620e-08 2.974186197726232193e-08 2.946164449222533625e-08 2.990723044646598919e-08 2.950682033547321845e-08 2.988760605515220397e-08 3.005593010205655016e-08 2.928193608060926342e-08 2.991846097299914564e-08 2.997541483020322484e-08 2.971429362496428264e-08 2.956747763601573110e-08 2.966715501314710940e-08 2.981158793254421206e-08 2.952039766680144859e-08 2.978584050082907977e-08 2.993153804337542358e-08 2.990400333583885440e-08 2.972988652566326270e-08 2.951204417097406425e-08 2.944148063531547675e-08 2.977452982792134188e-08 2.970410435001955638e-08 2.991376214502848753e-08 2.970987285926530564e-08 2.982095716533332283e-08 2.945049378892899905e-08 3.006485033589115682e-08 2.987696254422830816e-08 3.007632185044132565e-08 2.994431627412414922e-08 2.982126017680314880e-08 3.006277899102167737e-08 3.000099751414200515e-08 2.953479908488264888e-08 2.984706246538774984e-08 2.973720151418962157e-08 2.993809001600424620e-08
2.941673715793980500e-08 2.967192819922321409e-08 2.984233896055824401e-08 2.964415109168240196e-08 2.957112429109864208e-08 2.933859639443493655e-08 2.969540603327066927e-08 2.945372971421879643e-08 2.917878866374574899e-08 2.961569943198975644e-08 2.922307328494524161e-08 2.959690012213901911e-08 2.976075180582023923e-08 2.900385201032997573e-08 2.962677898673562309e-08 2.968185947965336259e-08 2.942640380373809662e-08 2.928265713371169601e-08 2.938066979757780421e-08 2.952039766680144859e-08 2.923823837053401676e-08 2.949649710182814809e-08 2.963902869923426811e-08 2.961335569226007872e-08 2.944328361861752155e-08 2.922763200510544201e-08 2.915907693516488013e-08 2.948396562397278947e-08 2.941660589440136012e-08 2.962318361045016535e-08 2.942339364463784014e-08 2.953153002009583524e-08 2.916881223035629534e-08 2.976980736015221780e-08 2.958551764638563130e-08 2.977870648473342450e-08 2.965243209913562623e-08 2.953106140013775659e-08 2.976904512313520236e-08 2.970765552789991344e-08 2.925110338032100419e-08 2.955682356042598006e-08 2.944798232775675951e-08 2.964614969784268912e-08
2.968050504418696320e-08 2.994191584059641709e-08 3.011560531086471763e-08 2.991299570095349261e-08 2.983769877733537249e-08 2.959897672430799608e-08 2.996553148895358493e-08 2.971755865683973571e-08 2.943703861886887970e-08 2.988426098605890171e-08 2.948203300452630865e-08 2.986355823301020743e-08 3.003324135414713783e-08 2.925705658774065727e-08 2.989481534198529870e-08 2.995226806473183463e-08 2.969003837768035974e-08 2.954380935684266401e-08 2.964232694864328731e-08 2.978584050082907977e-08 2.949649710182814809e-08 2.976330258430319611e-08 2.990779309893818209e-08 2.988029246156550529e-08 2.970647429783455904e-08 2.948764626055434119e-08 2.941688311557142896e-08 2.975037819956164705e-08 2.968014355187296224e-08 2.989038018668890741e-08 2.968661780478531959e-08 2.979755972718416601e-08 2.942530506293222697e-08 3.004178039221334664e-08 2.985373852755697438e-08 3.005316664541862265e-08 2.992092174174862963e-08 2.979801313079336904e-08 3.003944126155135993e-08 2.997813983332220375e-08 2.950955688004558153e-08 2.982278529306707618e-08 2.971380294208340489e-08 2.991520751839846734e-08
2.982495912055262176e-08 3.008989567455951262e-08 3.026465641134311088e-08 3.005929375992006428e-08 2.998458981705228707e-08 2.974303146248085973e-08 3.011346715416122032e-08 2.986317190552218597e-08 2.957969165150977930e-08 3.003083302700543769e-08 2.962453698370593844e-08 3.000965316709480554e-08 3.018121132641428596e-08 2.939742735066334412e-08 3.004190391719429841e-08 3.009951041338664863e-08 2.983522990770237596e-08 2.968690374514914951e-08 2.978659687265229675e-08 2.993153804337542358e-08 2.963902869923426811e-08 2.990779309893818209e-08 3.005585555574659317e-08 3.002669864463494513e-08 2.985092656542304325e-08 2.963108466987415287e-08 2.955942342094702502e-08 2.989626445837924787e-08 2.982407655380186767e-08 3.003693650775960349e-08 2.983056646011921394e-08 2.994339585683749494e-08 2.956687137131802646e-08 3.019045688249574923e-08 2.999967805648596759e-08 3.020275659103188749e-08 3.006777825692346659e-08 2.994374085217899319e-08 3.018714702315986084e-08 3.012510197338061272e-08 2.965278254695960525e-08 2.996875809331878861e-08 2.985893570065382729e-08 3.006177277688265289e-08
2.979804142021676054e-08 3.006107997429047152e-08 3.023548269497712020e-08 3.003142962660879625e-08 2.995624356676942702e-08 2.971648000945751363e-08 3.008476160663842006e-08 2.983573521697060114e-08 2.955338582495212211e-08 3.000257046581784426e-08 2.959842825819363402e-08 2.998194497336798289e-08 3.015214291072904059e-08 2.937270138911813313e-08 3.001367336369760228e-08 3.007100100044685825e-08 2.980749873242677899e-08 2.966011868602769061e-08 2.976011313517921832e-08 2.990400333583885440e-08 2.961335569226007872e-08 2.988029246156550529e-08 3.002669864463494513e-08 3.000005246180599648e-08 2.982442647709290207e-08 2.960439343422436418e-08 2.953374917120297198e-08 2.986856591300318650e-08 2.979730207941806958e-08 3.000923508838365922e-08 2.980380420819524942e-08 2.991604939268874301e-08 2.954147755387601829e-08 3.016135693380514200e-08 2.997226015857800988e-08 3.017312881452078139e-08 3.003985525109468487e-08 2.991599374053528545e-08 3.015885167032406137e-08 3.009692895014670656e-08 2.962658704027074076e-08 2.994112750139554883e-08 2.983160829925932719e-08 3.003314476795781712e-08
2.962510321580724819e-08 2.988451494228631843e-08 3.005696043834261034e-08 2.985552059667279057e-08 2.978215890336497830e-08 2.954546118552388166e-08 2.990811020251520239e-08 2.966263190480245425e-08 2.938394583205093217e-08 2.982692625409728712e-08 2.942837014175404351e-08 2.980702726715399519e-08 2.997427074355821224e-08 2.920566926209402730e-08 2.983811108548223868e-08 2.989440535487096774e-08 2.963448271541011926e-08 2.948931851311013525e-08 2.958777602012038229e-08 2.972988652566326270e-08 2.944328361861752155e-08 2.970647429783455904e-08 2.985092656542304325e-08 2.982442647709290207e-08 2.965261160078064625e-08 2.943336915018179838e-08 2.936376655369797541e-08 2.969438468087431662e-08 2.962422439788919704e-08 2.983406848131729670e-08 2.963173158132708991e-08 2.974151420432416265e-08 2.937240415370994693e-08 2.998357159469234740e-08 2.979672771720391045e-08 2.999371692091989519e-08 2.986352224559140793e-08 2.974112142448052645e-08 2.998201452152524766e-08 2.992036206807260567e-08 2.945640271743562746e-08 2.976614394648215840e-08 2.965719974983105874e-08 2.985769793113460485e-08
2.940800228838919009e-08 2.966382563918155125e-08 2.983477494898682522e-08 2.963720506735500626e-08 2.956273585455993976e-08 2.932956797433377328e-08 2.968742182050280492e-08 2.944542308154617708e-08 2.916919035832014487e-08 2.960718785813261762e-08 2.921331072896606813e-08 2.958887840665390908e-08 2.975306847136189758e-08 2.899347926277937966e-08 2.961876338229753360e-08 2.967440238724562020e-08 2.941785035215475940e-08 2.927307381197062084e-08 2.937173075727452998e-08 2.951204417097406425e-08 2.922763200510544201e-08 2.948764626055434119e-08 2.963108466987415287e-08 2.960439343422436418e-08 2.943336915018179838e-08 2.921956943559353343e-08 2.914930852827321124e-08 2.947534771536564508e-08 2.940795302344004790e-08 2.961396075996802558e-08 2.941446571804855399e-08 2.952365394124166765e-08 2.915827890335033956e-08 2.976196982961352159e-08 2.957696161706419845e-08 2.977248571370067966e-08 2.964399247354336583e-08 2.952219646074787386e-08 2.976026394481080194e-08 2.969877415264098926e-08 2.924152236579719474e-08 2.954895856001824376e-08 2.943949983541450074e-08 2.963730264438732873e-08
2.933841419078512600e-08 2.959224293762915832e-08 2.976096628653928174e-08 2.956519959635714735e-08 2.949146503657856710e-08 2.926012741796189236e-08 2.961475356050356673e-08 2.937500332917201262e-08 2.910103643584761092e-08 2.953571359072558672e-08 2.914465412454999051e-08 2.951803552929285745e-08 2.968030848391666329e-08 2.892684573853095008e-08 2.954712721973261916e-08 2.960114706798987425e-08 2.934732648803749715e-08 2.920402538230654993e-08 2.930178082797148584e-08 2.944148063531547675e-08 2.915907693516488013e-08 2.941688311557142896e-08 2.955942342094702502e-08 2.953374917120297198e-08 2.936376655369797541e-08 2.914930852827321124e-08 2.908263175071333475e-08 2.940453392530892715e-08 2.933824045887559084e-08 2.954288482841725881e-08 2.934490622650535062e-08 2.945204612184582783e-08 2.909128422569285865e-08 2.968878922034940506e-08 2.950554861326844489e-08 2.969896116699820769e-08 2.957293605198094518e-08 2.945142944163214056e-08 2.968831956472738105e-08 2.962744130228928315e-08 2.917252360996308897e-08 2.947797416546904692e-08 2.936829579006428069e-08 2.956646454923689598e-08
2.966846507872065870e-08 2.993081767096726572e-08 3.010402929546173694e-08 2.990103680232907196e-08 2.982563398747109991e-08 2.958646279870621639e-08 2.995432898829846523e-08 2.970547853926912801e-08 2.942498006346174065e-08 2.987236912944110627e-08 2.946968547689881337e-08 2.985172853548043275e-08 3.002185565500297387e-08 2.924432499360309937e-08 2.988323786723733309e-08 2.994090228981355881e-08 2.967819040612202056e-08 2.953083341268856483e-08 2.963001693126483483e-08 2.977452982792134188e-08 2.948396562397278947e-08 2.975037819956164705e-08 2.989626445837924787e-08 2.986856591300318650e-08 2.969438468087431662e-08 2.947534771536564508e-08 2.940453392530892715e-08 2.974036166038009819e-08 2.966720446479974352e-08 2.987855654613902778e-08 2.967372297156972883e-08 2.978564671174999907e-08 2.941249981143580449e-08 3.003073996332823386e-08 2.984196393238732735e-08 3.004204869480909681e-08 2.990877574017899758e-08 2.978607948773979038e-08 3.002757121684183890e-08 2.996616689948256914e-08 2.949761772413903219e-08 2.981020152338797261e-08 2.970179184332333975e-08 2.990326638523001390e-08
2.959976705190459631e-08 2.985791639032142591e-08 3.003005241513730767e-08 2.983029610857313134e-08 2.975494798861393899e-08 2.951893058274490212e-08 2.988120444695382916e-08 2.963631425785006965e-08 2.935757496082483282e-08 2.980052134259825760e-08 2.940272869850713737e-08 2.978147287402806467e-08 2.994802630190297004e-08 2.917977126018703160e-08 2.981155255868375995e-08 2.986776146951713207e-08 2.960867816862202574e-08 2.946319398427129911e-08 2.956223064468061177e-08 2.970410435001955638e-08 2.941660589440136012e-08 2.968014355187296224e-08 2.982407655380186767e-08 2.979730207941806958e-08 2.962422439788919704e-08 2.940795302344004790e-08 2.933824045887559084e-08 2.966720446479974352e-08 2.959995026767772175e-08 2.980686711634616670e-08 2.960530372368401258e-08 2.971528899334166379e-08 2.934727511644174796e-08 2.995644444890858541e-08 2.976994578218792330e-08 2.996762745417516628e-08 2.983789627789625563e-08 2.971483650419217208e-08 2.995477169735373763e-08 2.989377835850399989e-08 2.943020396985033705e-08 2.974113692159570426e-08 2.963136334359060587e-08 2.983130541949787687e-08
2.980767557526078857e-08 3.007113293422141759e-08 3.024583907559685338e-08 3.004080996702787581e-08 2.996635227336214716e-08 2.972564873485560742e-08 3.009484947065955542e-08 2.984526470406948070e-08 2.956301108193435556e-08 3.001282204534253558e-08 2.960802605965547285e-08 2.999169312135246440e-08 3.016237334335964030e-08 2.938174005062071833e-08 3.002357720590077125e-08 3.008085910813926821e-08 2.981718728884702129e-08 2.967028090217094432e-08 2.976944673990340636e-08 2.991376214502848753e-08 2.962318361045016535e-08 2.989038018668890741e-08 3.003693650775960349e-08 3.000923508838365922e-08 2.983406848131729670e-08 2.961396075996802558e-08 2.954288482841725881e-08 2.987855654613902778e-08 2.980686711634616670e-08 3.002000254140794938e-08 2.981362522723591209e-08 2.992577980242165930e-08 2.955067748981615512e-08 3.017180800240680322e-08 2.998226084208078259e-08 3.018339004274897026e-08 3.004989322010578296e-08 2.992635886382610441e-08 3.016904858850671181e-08 3.010722889065018038e-08 2.963609622191462406e-08 2.995059197010367795e-08 2.984126074854262215e-08 3.004353356121692009e-08
2.960585222012322948e-08 2.986360232540952519e-08 3.003614120380621246e-08 2.983614852082245144e-08 2.976138032125348741e-08 2.952557371081956932e-08 2.988726084590074053e-08 2.964304188531647336e-08 2.936462128586454406e-08 2.980655535786800950e-08 2.940928117369511634e-08 2.978749820847575972e-08 2.995376593890761925e-08 2.918679770842935948e-08 2.981812554334573452e-08 2.987371441732313566e-08 2.961482220816488184e-08 2.947027287234147036e-08 2.956825720912056596e-08 2.970987285926530564e-08 2.942339364463784014e-08 2.968661780478531959e-08 2.983056646011921394e-08 2.980380420819524942e-08 2.963173158132708991e-08 2.941446571804855399e-08 2.934490622650535062e-08 2.967372297156972883e-08 2.960530372368401258e-08 2.981362522723591209e-08 2.961295074307683764e-08 2.972150163280332917e-08 2.935347799448231327e-08 2.996242861417610374e-08 2.977654100332822917e-08 2.997352136120212294e-08 2.984356901780322702e-08 2.972131484044387407e-08 2.996117086216760689e-08 2.989980898144453732e-08 2.943717964077925163e-08 2.974700923081944722e-08 2.963712559345150520e-08 2.983758094486300673e-08
2.971537477775667204e-08 2.997769547440834149e-08 3.015143838194997663e-08 2.994903021492084145e-08 2.987350719095000396e-08 2.963491333741250643e-08 3.000131426885165149e-08 2.975339326400584092e-08 2.947210470217082907e-08 2.991958402790458623e-08 2.951660658135748895e-08 2.989931063812499101e-08 3.006860957251166071e-08 2.929237896362041821e-08 2.993044739377665473e-08 2.998794828694707536e-08 2.972524830819583246e-08 2.957784333548374862e-08 2.967779453049041187e-08 2.982095716533332283e-08 2.953153002009583524e-08 2.979755972718416601e-08 2.994339585683749494e-08 2.991604939268874301e-08 2.974151420432416265e-08 2.952365394124166765e-08 2.945204612184582783e-08 2.978564671174999907e-08 2.971528899334166379e-08 2.992577980242165930e-08 2.972150163280332917e-08 2.983449702893999629e-08 2.946011946227500257e-08 3.007775914986666334e-08 2.988869272527083439e-08 3.008942902414999466e-08 2.995660220828333083e-08 2.983296571260416509e-08 3.007469225672082757e-08 3.001297376362248965e-08 2.954461663796666473e-08 2.985853616295458122e-08 2.974875832155458434e-08 2.994986173152917102e-08
2.934782091747227797e-08 2.959919635212202410e-08 2.976769993124191780e-08 2.957317674561946864e-08 2.949968228845408307e-08 2.926962703659098978e-08 2.962244186908383913e-08 2.938370824484362812e-08 2.911074900857525350e-08 2.954384453068699265e-08 2.915506832212261356e-08 2.952613341016623700e-08 2.968703945478928963e-08 2.893740241568715825e-08 2.955484696531394107e-08 2.960902495980033447e-08 2.935635797347321434e-08 2.921336868016700644e-08 2.931122569218324681e-08 2.945049378892899905e-08 2.916881223035629534e-08 2.942530506293222697e-08 2.956687137131802646e-08 2.954147755387601829e-08 2.937240415370994693e-08 2.915827890335033956e-08 2.909128422569285865e-08 2.941249981143580449e-08 2.934727511644174796e-08 2.955067748981615512e-08 2.935347799448231327e-08 2.946011946227500257e-08 2.910349208876445435e-08 2.969550297727253479e-08 2.951311218298895163e-08 2.970466266652891107e-08 2.958015484144727812e-08 2.945945651812840185e-08 2.969616230303188543e-08 2.963528065461276074e-08 2.918280950382865624e-08 2.948657883516998191e-08 2.937638870109430135e-08 2.957500773388860628e-08
2.995708052579183133e-08 3.022572655607441091e-08 3.040285628095492395e-08 3.019398248056674970e-08 3.011828642227890285e-08 2.987383321368962718e-08 3.024969499979318659e-08 2.999520803305170045e-08 2.970951792972576055e-08 3.016570880165471865e-08 2.975512104453452698e-08 3.014341643576955389e-08 3.031913265707618452e-08 2.952448072221772673e-08 3.017657268527516661e-08 3.023580981982810408e-08 2.996769557016964000e-08 2.981762077226143877e-08 2.991829413352891222e-08 3.006485033589115682e-08 2.976980736015221780e-08 3.004178039221334664e-08 3.019045688249574923e-08 3.016135693380514200e-08 2.998357159469234740e-08 2.976196982961352159e-08 2.968878922034940506e-08 3.003073996332823386e-08 2.995644444890858541e-08 3.017180800240680322e-08 2.996242861417610374e-08 3.007775914986666334e-08 2.969550297727253479e-08 3.032897353954676687e-08 3.013530424548767357e-08 3.034067810571173355e-08 3.020327425342516775e-08 3.007860357861437709e-08 3.032352422228315841e-08 3.026119505506742648e-08 2.978255883819430482e-08 3.010242503962453245e-08 2.999298387279332403e-08 3.019655397537415069e-08
2.977057198563222175e-08 3.003412237252676639e-08 3.020951084170958986e-08 3.000461472001402298e-08 2.992864460995789673e-08 2.968851532412158064e-08 3.005821576146089047e-08 2.980787058003060906e-08 2.952568801566794128e-08 2.997549866152869053e-08 2.957127097380058695e-08 2.995490167524786689e-08 3.012622659771725680e-08 2.934426163080037973e-08 2.998672476009472349e-08 3.004493792917878330e-08 2.978014344155356567e-08 2.963330662801211726e-08 2.973238028511207737e-08 2.987696254422830816e-08 2.958551764638563130e-08 2.985373852755697438e-08 2.999967805648596759e-08 2.997226015857800988e-08 2.979672771720391045e-08 2.957696161706419845e-08 2.950554861326844489e-08 2.984196393238732735e-08 2.976994578218792330e-08 2.998226084208078259e-08 2.977654100332822917e-08 2.988869272527083439e-08 2.951311218298895163e-08 3.013530424548767357e-08 2.994632814969472419e-08 3.014700654389455326e-08 3.001321588106972666e-08 2.988960419643366823e-08 3.013206249151359989e-08 3.007023254979293794e-08 2.959902136453911729e-08 2.991380786292283576e-08 2.980491615991942429e-08 3.000665754085969177e-08
2.996828815641955595e-08 3.023772729234822524e-08 3.041539998227551116e-08 3.020699038936393700e-08 3.013022170476232893e-08 2.988421500874446093e-08 3.026175126727602531e-08 3.000670250354556552e-08 2.971910392550466960e-08 3.017778810823439201e-08 2.976400994487856755e-08 3.015586612335331461e-08 3.033120746827440120e-08 2.953279608065973973e-08 3.018847243027372890e-08 3.024830778716109425e-08 2.997835049169642325e-08 2.982786960565275935e-08 2.992879097064149302e-08 3.007632185044132565e-08 2.977870648473342450e-08 3.005316664541862265e-08 3.020275659103188749e-08 3.017312881452078139e-08 2.999371692091989519e-08 2.977248571370067966e-08 2.969896116699820769e-08 3.004204869480909681e-08 2.996762745417516628e-08 3.018339004274897026e-08 2.997352136120212294e-08 3.008942902414999466e-08 2.970466266652891107e-08 3.034067810571173355e-08 3.014700654389455326e-08 3.035602293284949246e-08 3.021516634487372897e-08 3.008965250752763161e-08 3.033567345533459738e-08 3.027335292987551131e-08 2.979218068951147496e-08 3.011425019613788500e-08 3.000392158396568288e-08 3.020863202404804412e-08
