1.142198032239115381e-08 1.151847526947704229e-08 1.160510907136479760e-08 1.150025683942262021e-08 1.149971397658163200e-08 1.136494995498979594e-08 1.151319195656462883e-08 1.143472721009778769e-08 1.130681148544217814e-08 1.147331817668282252e-08 1.133758135928656324e-08 1.149614216893537421e-08 1.156613277096938680e-08 1.125174835847704167e-08 1.147101095157312874e-08 1.152571888729592011e-08 1.143666788084864309e-08 1.137402886101530604e-08 1.141523005741241314e-08 1.142983628705612181e-08 1.134723432499320021e-08 1.148308255690135810e-08 1.150586716473214339e-08 1.149303844641666576e-08 1.142560184819643079e-08 1.135750467297618885e-08 1.128824222996598685e-08 1.143557527693366917e-08 1.139229233032568127e-08 1.151180976231122570e-08 1.144776464243027129e-08 1.146906780431377512e-08 1.132977512816071278e-08 1.157203446264795839e-08 1.150508761934098910e-08 1.156164109177720860e-08 1.150320276019047946e-08 1.146356506572534246e-08 1.157130033655017275e-08 1.151299823197109119e-08 1.136798257435033923e-08 1.149544141399235211e-08 1.141307911823469509e-08 1.153674107547023475e-08
1.151847526947704229e-08 1.162350039892516974e-08 1.170892049820748171e-08 1.160060617287202549e-08 1.159862870702763311e-08 1.145770955899914933e-08 1.161570971986649573e-08 1.153234600073384130e-08 1.139928256541879214e-08 1.157357512076870539e-08 1.143012791783290709e-08 1.159672975434183490e-08 1.166979599545578149e-08 1.134062643746683694e-08 1.157195535872831468e-08 1.162744914860799290e-08 1.153369355041794459e-08 1.146830618175127289e-08 1.151144773576700357e-08 1.152713742252550819e-08 1.144046844319387170e-08 1.158413315876955706e-08 1.160720140602976350e-08 1.159333265345833558e-08 1.152132094052678680e-08 1.145215422034523683e-08 1.137951321974022228e-08 1.153503079072363624e-08 1.148869827309310768e-08 1.161235558758843206e-08 1.154453456052891220e-08 1.156742993293239450e-08 1.142161562887797486e-08 1.167730488174149562e-08 1.160520210780271887e-08 1.166580014599531924e-08 1.160448434686309348e-08 1.156306759618196996e-08 1.167463290807015348e-08 1.161434604734481403e-08 1.146096899882780656e-08 1.159573207655144700e-08 1.151124036162372328e-08 1.163828285999404882e-08
1.160510907136479760e-08 1.170892049820748171e-08 1.179834836125424904e-08 1.168806999480654585e-08 1.168569171838265202e-08 1.154410638815008336e-08 1.170186217066751563e-08 1.161888875662244748e-08 1.148537831703103977e-08 1.166028914748979491e-08 1.151683426327295907e-08 1.168316128981164908e-08 1.175757383240858561e-08 1.142723272268665261e-08 1.165871174752508418e-08 1.171440167341836627e-08 1.162087714751445297e-08 1.155582030949361972e-08 1.159828869935246324e-08 1.161397418539328312e-08 1.152623867411394035e-08 1.167041417256887535e-08 1.169422256897619095e-08 1.168034910083333465e-08 1.160854485722024079e-08 1.153831714581547344e-08 1.146476743294472682e-08 1.162135085315263725e-08 1.157500961318027520e-08 1.169986894472448951e-08 1.163182735958460951e-08 1.165473569692134056e-08 1.150816374388095256e-08 1.176469976850084984e-08 1.169255606754889393e-08 1.175344306050255098e-08 1.169158717670535699e-08 1.165029077898597134e-08 1.176181366050340114e-08 1.170127689473426644e-08 1.154736867913179900e-08 1.168296181686777162e-08 1.159787323498554608e-08 1.172649809623809362e-08
1.150025683942262021e-08 1.160060617287202549e-08 1.168806999480654585e-08 1.158372240654166743e-08 1.158016772073511904e-08 1.144268297370238000e-08 1.159509853869047374e-08 1.151463301694940359e-08 1.138515515105654592e-08 1.155445385206844984e-08 1.141586373389285443e-08 1.157734312797618987e-08 1.164940756285713693e-08 1.132792430737202018e-08 1.155259709563987961e-08 1.160742091942261716e-08 1.151656556392559336e-08 1.145269882380059349e-08 1.149455932934821412e-08 1.150912230417857231e-08 1.142490987510714507e-08 1.156426749963690188e-08 1.158810230877083141e-08 1.157459018737500153e-08 1.150514239179166528e-08 1.143557148654166359e-08 1.136544646334821725e-08 1.151599681423214139e-08 1.147156483492262115e-08 1.159288623661904594e-08 1.152716360099404656e-08 1.154961409888094897e-08 1.140732748412499719e-08 1.165594885210714304e-08 1.158616286722321238e-08 1.164513827484226166e-08 1.158453004866666667e-08 1.154428265946131065e-08 1.165427634397023474e-08 1.159469776270535627e-08 1.144607581012797599e-08 1.157733708925594951e-08 1.149313839457440344e-08 1.161951679493749813e-08
1.149971397658163200e-08 1.159862870702763311e-08 1.168569171838265202e-08 1.158016772073511904e-08 1.158019214564710695e-08 1.144172177709098625e-08 1.159317222601402818e-08 1.151318193172873950e-08 1.138400566912669932e-08 1.155221570801912966e-08 1.141437703931632455e-08 1.157500335954846808e-08 1.164677097131462354e-08 1.132758006586096646e-08 1.155047633442431943e-08 1.160529415773639592e-08 1.151472008344685134e-08 1.145086133636351971e-08 1.149320898193027380e-08 1.150796996539540688e-08 1.142433385294260401e-08 1.156236733238647930e-08 1.158600183752381192e-08 1.157258218700000100e-08 1.150368883655059337e-08 1.143490352708035817e-08 1.136414428796300973e-08 1.151419577500808042e-08 1.147049699999532221e-08 1.159136167434991223e-08 1.152569457771896247e-08 1.154759859598341741e-08 1.140621362534821695e-08 1.165288587159736422e-08 1.158482177096301105e-08 1.164262253906293031e-08 1.158281868925297699e-08 1.154255717342474395e-08 1.165171142507695108e-08 1.159257490754251916e-08 1.144515804957057663e-08 1.157494461241198898e-08 1.149130003459481391e-08 1.161713344734523604e-08
1.136494995498979594e-08 1.145770955899914933e-08 1.154410638815008336e-08 1.144268297370238000e-08 1.144172177709098625e-08 1.131295577783758238e-08 1.145383927210501757e-08 1.137885692805994787e-08 1.125479354234353856e-08 1.141579420640646093e-08 1.128550328616879050e-08 1.143812689845748220e-08 1.150565900997108434e-08 1.120149478520748386e-08 1.141334722337925005e-08 1.146642595758503366e-08 1.138047731653528910e-08 1.132023606270195529e-08 1.136031554122746768e-08 1.137351551374744818e-08 1.129373080300977637e-08 1.142527722633970752e-08 1.144693966741369176e-08 1.143429502308333170e-08 1.137009150751190470e-08 1.130369982021130637e-08 1.123637102775722465e-08 1.137809308786096663e-08 1.133670967538860669e-08 1.145321073707865490e-08 1.139222342525127517e-08 1.141276062210884451e-08 1.127822557092261881e-08 1.151025122627168391e-08 1.144715236640306231e-08 1.150075578562754971e-08 1.144423878578869111e-08 1.140594140775680435e-08 1.151084642592006877e-08 1.145423025371343145e-08 1.131511112192347063e-08 1.143748959876360719e-08 1.135680309079804299e-08 1.147789195509225925e-08
1.151319195656462883e-08 1.161570971986649573e-08 1.170186217066751563e-08 1.159509853869047374e-08 1.159317222601402818e-08 1.145383927210501757e-08 1.161031453480017036e-08 1.152711665384948967e-08 1.139630284535204040e-08 1.156794832160629326e-08 1.142697487383375825e-08 1.159081116726233084e-08 1.166296687752338119e-08 1.133819719101233392e-08 1.156606610283418253e-08 1.162104205193367329e-08 1.152893718804039113e-08 1.146412278689455773e-08 1.150655939387882566e-08 1.152199930653699032e-08 1.143660958793112689e-08 1.157797746864710916e-08 1.160089756551190500e-08 1.158809068354166682e-08 1.151700804693155027e-08 1.144770560198809531e-08 1.137645363196811143e-08 1.152907935558886055e-08 1.148380561274021895e-08 1.160666584811989738e-08 1.153992791736691962e-08 1.156251846200510407e-08 1.141789420637201984e-08 1.166996261096683262e-08 1.159945784734311047e-08 1.165904619233801480e-08 1.159836820394940421e-08 1.155730910579719585e-08 1.166860349751318188e-08 1.160816422505101912e-08 1.145718925325552769e-08 1.159072385051105519e-08 1.150561999175127244e-08 1.163211248992261973e-08
1.143472721009778769e-08 1.153234600073384130e-08 1.161888875662244748e-08 1.151463301694940359e-08 1.151318193172873950e-08 1.137885692805994787e-08 1.152711665384948967e-08 1.145044841620153067e-08 1.132102294700637956e-08 1.148726888018112169e-08 1.135207781976955509e-08 1.150999692437967535e-08 1.157969282413817895e-08 1.126538947687967525e-08 1.148549596197661744e-08 1.153952140269897857e-08 1.145107484456632266e-08 1.138866930562882749e-08 1.142931388369685753e-08 1.144328274018069803e-08 1.136090551366497039e-08 1.149741623547534024e-08 1.151997221008928339e-08 1.150687357466666678e-08 1.143919944235118887e-08 1.137142093249404655e-08 1.130233453857482835e-08 1.144890623494174890e-08 1.140550704250850202e-08 1.152580018418197332e-08 1.146120691898257146e-08 1.148308250921386143e-08 1.134413388190475925e-08 1.158680960151616116e-08 1.151893704142899874e-08 1.157629884750680554e-08 1.151717774936012062e-08 1.147755760031674883e-08 1.158462510131462370e-08 1.152715742328443789e-08 1.138187419754592077e-08 1.150966685986266868e-08 1.142672052151700649e-08 1.155099152831547856e-08
1.130681148544217814e-08 1.139928256541879214e-08 1.148537831703103977e-08 1.138515515105654592e-08 1.138400566912669932e-08 1.125479354234353856e-08 1.139630284535204040e-08 1.132102294700637956e-08 1.119916281930782372e-08 1.135799024967134383e-08 1.122857957573426712e-08 1.138016695693962292e-08 1.144678675973894549e-08 1.114505575458545780e-08 1.135563989684353530e-08 1.140834891162075506e-08 1.132326154427635655e-08 1.126295162952635834e-08 1.130277072648341822e-08 1.131561242615221081e-08 1.123738290696513499e-08 1.136730620680697197e-08 1.138907840503869009e-08 1.137721981933333560e-08 1.131273287332440398e-08 1.124685772002380662e-08 1.118002486007567893e-08 1.132079226339965430e-08 1.127958474861181713e-08 1.139577123806377613e-08 1.133442864036139465e-08 1.135524664274872446e-08 1.122106751631844876e-08 1.145207539331037511e-08 1.138956457880484503e-08 1.144301058534778621e-08 1.138606679668452276e-08 1.134825628758715972e-08 1.145284641151233156e-08 1.139643874936224541e-08 1.125815448223299283e-08 1.138001977819515147e-08 1.129905957184863660e-08 1.142012615888392841e-08
1.147331817668282252e-08 1.157357512076870539e-08 1.166028914748979491e-08 1.155445385206844984e-08 1.155221570801912966e-08 1.141579420640646093e-08 1.156794832160629326e-08 1.148726888018112169e-08 1.135799024967134383e-08 1.152834566339115834e-08 1.138911941864072880e-08 1.155045774356037448e-08 1.162097878734438990e-08 1.130160941493537341e-08 1.152537155663563042e-08 1.157996698900425291e-08 1.148934065357780405e-08 1.142573083228613756e-08 1.146714887774575005e-08 1.148272468776445778e-08 1.139827308940986462e-08 1.153728907210969703e-08 1.156018615223214314e-08 1.154682569745833516e-08 1.147733383838392798e-08 1.140888808614285417e-08 1.133891506023681838e-08 1.148912128985034016e-08 1.144448008142984549e-08 1.156576233206122554e-08 1.150025711222193896e-08 1.152235626608461216e-08 1.138049569472321388e-08 1.162810470273128777e-08 1.155895354125765257e-08 1.161718472538137871e-08 1.155733143227381011e-08 1.151718884580867217e-08 1.162622040552933691e-08 1.156737060674192165e-08 1.141898981782950713e-08 1.154988489209650984e-08 1.146597114621386014e-08 1.159108485430357004e-08
1.133758135928656324e-08 1.143012791783290709e-08 1.151683426327295907e-08 1.141586373389285443e-08 1.141437703931632455e-08 1.128550328616879050e-08 1.142697487383375825e-08 1.135207781976955509e-08 1.122857957573426712e-08 1.138911941864072880e-08 1.126110470286564416e-08 1.141079437220790705e-08 1.147826628575637251e-08 1.117600031743707523e-08 1.138677849933545817e-08 1.143945483137584914e-08 1.135479744134055774e-08 1.129486548169472601e-08 1.133386721960331343e-08 1.134717308799872556e-08 1.126785764499447253e-08 1.139829572453443391e-08 1.141993633848809209e-08 1.140806757408332996e-08 1.134343389698511566e-08 1.127750172769940189e-08 1.121079124488902874e-08 1.135103450479506636e-08 1.131003855069430057e-08 1.142707506038307573e-08 1.136560577817772051e-08 1.138598595259608799e-08 1.125242725208630681e-08 1.148275215066708863e-08 1.142061780232652894e-08 1.147386859543877573e-08 1.141722840411309003e-08 1.137943316854506884e-08 1.148312230635586749e-08 1.142770996402338402e-08 1.128894893121173106e-08 1.141153832250679694e-08 1.132950139436776965e-08 1.145057246320237958e-08
1.149614216893537421e-08 1.159672975434183490e-08 1.168316128981164908e-08 1.157734312797618987e-08 1.157500335954846808e-08 1.143812689845748220e-08 1.159081116726233084e-08 1.150999692437967535e-08 1.138016695693962292e-08 1.155045774356037448e-08 1.141079437220790705e-08 1.157492770205017165e-08 1.164424664741411259e-08 1.132288761850849918e-08 1.154792308933248580e-08 1.160340284389965873e-08 1.151223411045960881e-08 1.144777068433460610e-08 1.149024461128784151e-08 1.150505638827550980e-08 1.142060425796471424e-08 1.156031455833205875e-08 1.158323815450893095e-08 1.156963680491666270e-08 1.150022526350595051e-08 1.143161520515773332e-08 1.136043542611521886e-08 1.151217307595280713e-08 1.146683473536394281e-08 1.158828745881760049e-08 1.152277670417474578e-08 1.154498282374489409e-08 1.140265365785714301e-08 1.165136851426232711e-08 1.158176416705272290e-08 1.164060400280782254e-08 1.158051460680059466e-08 1.154009402443197016e-08 1.164986824942432228e-08 1.159069193694898213e-08 1.144081129093197372e-08 1.157219910603061313e-08 1.148854234495705704e-08 1.161454838288988161e-08
1.156613277096938680e-08 1.166979599545578149e-08 1.175757383240858561e-08 1.164940756285713693e-08 1.164677097131462354e-08 1.150565900997108434e-08 1.166296687752338119e-08 1.157969282413817895e-08 1.144678675973894549e-08 1.162097878734438990e-08 1.147826628575637251e-08 1.164424664741411259e-08 1.171891759170492938e-08 1.138877439712244990e-08 1.161956149517942135e-08 1.167527724229676824e-08 1.158166164764753267e-08 1.151610984889753182e-08 1.155909277118239490e-08 1.157476167503401281e-08 1.148773534536266754e-08 1.163136639093579891e-08 1.165503425819940397e-08 1.164114349666666486e-08 1.156958815895238116e-08 1.149927521013392631e-08 1.142677431498001709e-08 1.158207996195790716e-08 1.153649645433248432e-08 1.166000422323597113e-08 1.159272445146216315e-08 1.161511476565986188e-08 1.146957554060118907e-08 1.172505010202338158e-08 1.165293685537584919e-08 1.171362699850765211e-08 1.165240722324107015e-08 1.161079292331207621e-08 1.172295730526020342e-08 1.166209029243197185e-08 1.150883966031207195e-08 1.164408869299914867e-08 1.155868493901913349e-08 1.168704217902678519e-08
1.125174835847704167e-08 1.134062643746683694e-08 1.142723272268665261e-08 1.132792430737202018e-08 1.132758006586096646e-08 1.120149478520748386e-08 1.133819719101233392e-08 1.126538947687967525e-08 1.114505575458545780e-08 1.130160941493537341e-08 1.117600031743707523e-08 1.132288761850849918e-08 1.138877439712244990e-08 1.109515667130017099e-08 1.129879158247831669e-08 1.135103036989965848e-08 1.126849465381377419e-08 1.120952975318877525e-08 1.124836523945450664e-08 1.126069116373384253e-08 1.118353414021471208e-08 1.131010849295705823e-08 1.133202895017559584e-08 1.132018444170833147e-08 1.125772438748512009e-08 1.119249597265773628e-08 1.112739544151105447e-08 1.126370868445280845e-08 1.122444230242644217e-08 1.133901125515093732e-08 1.127954542371641109e-08 1.129904144684906550e-08 1.116858870871130889e-08 1.139286287197066150e-08 1.133277763288605737e-08 1.138398757420365518e-08 1.132877290788392837e-08 1.129179889364030281e-08 1.139376250011181965e-08 1.133908144855314545e-08 1.120458735978613731e-08 1.132279576384311086e-08 1.124347320181122325e-08 1.136198230693154730e-08
1.147101095157312874e-08 1.157195535872831468e-08 1.165871174752508418e-08 1.155259709563987961e-08 1.155047633442431943e-08 1.141334722337925005e-08 1.156606610283418253e-08 1.148549596197661744e-08 1.135563989684353530e-08 1.152537155663563042e-08 1.138677849933545817e-08 1.154792308933248580e-08 1.161956149517942135e-08 1.129879158247831669e-08 1.152444767737925054e-08 1.157800729700170042e-08 1.148729043030612134e-08 1.142384064330612022e-08 1.146547309439413481e-08 1.148036188341411430e-08 1.139603263319727963e-08 1.153528978986054260e-08 1.155803940033035706e-08 1.154487931408333199e-08 1.147536034299107044e-08 1.140692999239880907e-08 1.133611168323639470e-08 1.148668463821513477e-08 1.144256254890943910e-08 1.156393524072448983e-08 1.149828853135544325e-08 1.152003880671300979e-08 1.137803817456845116e-08 1.162599445879251638e-08 1.155727256492389224e-08 1.161525536416921805e-08 1.155563343214285720e-08 1.151510548669430330e-08 1.162441790594090341e-08 1.156539861567176984e-08 1.141643953592346528e-08 1.154777480332610607e-08 1.146401693340221128e-08 1.158958521467559359e-08
1.152571888729592011e-08 1.162744914860799290e-08 1.171440167341836627e-08 1.160742091942261716e-08 1.160529415773639592e-08 1.146642595758503366e-08 1.162104205193367329e-08 1.153952140269897857e-08 1.140834891162075506e-08 1.157996698900425291e-08 1.143945483137584914e-08 1.160340284389965873e-08 1.167527724229676824e-08 1.135103036989965848e-08 1.157800729700170042e-08 1.163426999203401597e-08 1.154147450241411467e-08 1.147710045183078452e-08 1.151958595734098586e-08 1.153433402474064606e-08 1.144950726215391120e-08 1.158993057375255424e-08 1.161343309423214263e-08 1.160044946575000010e-08 1.152976103519643044e-08 1.146044783526785807e-08 1.138874377710289089e-08 1.154139620246938673e-08 1.149650405523044355e-08 1.161895589228146407e-08 1.155249258152550965e-08 1.157443937263520540e-08 1.143130375874404847e-08 1.168236709814200796e-08 1.161179536614455895e-08 1.167156235180101920e-08 1.161053919594047472e-08 1.157003744034439009e-08 1.168029451560969451e-08 1.162037552051870784e-08 1.146979569263605325e-08 1.160263194668877686e-08 1.151798911616921621e-08 1.164491110997023540e-08
1.143666788084864309e-08 1.153369355041794459e-08 1.162087714751445297e-08 1.151656556392559336e-08 1.151472008344685134e-08 1.138047731653528910e-08 1.152893718804039113e-08 1.145107484456632266e-08 1.132326154427635655e-08 1.148934065357780405e-08 1.135479744134055774e-08 1.151223411045960881e-08 1.158166164764753267e-08 1.126849465381377419e-08 1.148729043030612134e-08 1.154147450241411467e-08 1.145520846416581552e-08 1.139103900543664962e-08 1.143179334194005025e-08 1.144552897292049147e-08 1.136330162651658224e-08 1.149924736635501792e-08 1.152187643441071267e-08 1.150914580162499881e-08 1.144139379756547624e-08 1.137362349790178414e-08 1.130436882439540744e-08 1.145128230065646055e-08 1.140798153910459226e-08 1.152799777076743056e-08 1.146320837355016875e-08 1.148526491169090095e-08 1.134658414280357127e-08 1.158819626616539033e-08 1.152148000943707552e-08 1.157739460016283887e-08 1.151927549870237920e-08 1.147934387294812863e-08 1.158676120357823090e-08 1.152944943953401164e-08 1.138446340255229395e-08 1.151245899854208906e-08 1.142858415066751648e-08 1.155301273801785626e-08
1.137402886101530604e-08 1.146830618175127289e-08 1.155582030949361972e-08 1.145269882380059349e-08 1.145086133636351971e-08 1.132023606270195529e-08 1.146412278689455773e-08 1.138866930562882749e-08 1.126295162952635834e-08 1.142573083228613756e-08 1.129486548169472601e-08 1.144777068433460610e-08 1.151610984889753182e-08 1.120952975318877525e-08 1.142384064330612022e-08 1.147710045183078452e-08 1.139103900543664962e-08 1.133160535699914996e-08 1.137007236329421781e-08 1.138324598337882708e-08 1.130234695024574855e-08 1.143517760366751686e-08 1.145745651026488083e-08 1.144531659420833207e-08 1.137968896064880815e-08 1.131280679558928412e-08 1.124509213795790914e-08 1.138733159859396119e-08 1.134559272039625924e-08 1.146450398137159926e-08 1.140188512469600317e-08 1.142236948473256858e-08 1.128642651917857086e-08 1.152164246631122236e-08 1.145740881389540600e-08 1.151208884653784231e-08 1.145414150843154625e-08 1.141626922403146050e-08 1.152078932891156555e-08 1.146458698665901548e-08 1.132317589676063138e-08 1.144794065245875743e-08 1.136619484706334743e-08 1.148835870487202455e-08
1.141523005741241314e-08 1.151144773576700357e-08 1.159828869935246324e-08 1.149455932934821412e-08 1.149320898193027380e-08 1.136031554122746768e-08 1.150655939387882566e-08 1.142931388369685753e-08 1.130277072648341822e-08 1.146714887774575005e-08 1.133386721960331343e-08 1.149024461128784151e-08 1.155909277118239490e-08 1.124836523945450664e-08 1.146547309439413481e-08 1.151958595734098586e-08 1.143179334194005025e-08 1.137007236329421781e-08 1.141194254190901450e-08 1.142405054044685205e-08 1.134325068611692145e-08 1.147683099239328335e-08 1.150004231628869073e-08 1.148729868741666695e-08 1.142037320072024158e-08 1.135327250491964180e-08 1.128366496612627504e-08 1.142949758519727614e-08 1.138672633168622383e-08 1.150603442094770544e-08 1.144271997426615509e-08 1.146413043459396492e-08 1.132620344575595248e-08 1.156463839004549364e-08 1.149914746804294076e-08 1.155485362311564450e-08 1.149646382118452045e-08 1.145777883525977937e-08 1.156426275218197381e-08 1.150675819175212661e-08 1.136348586419727881e-08 1.148933069383205568e-08 1.140775506222661369e-08 1.153098745142559545e-08
1.142983628705612181e-08 1.152713742252550819e-08 1.161397418539328312e-08 1.150912230417857231e-08 1.150796996539540688e-08 1.137351551374744818e-08 1.152199930653699032e-08 1.144328274018069803e-08 1.131561242615221081e-08 1.148272468776445778e-08 1.134717308799872556e-08 1.150505638827550980e-08 1.157476167503401281e-08 1.126069116373384253e-08 1.148036188341411430e-08 1.153433402474064606e-08 1.144552897292049147e-08 1.138324598337882708e-08 1.142405054044685205e-08 1.143949647311819694e-08 1.135585923885246892e-08 1.149205567620450606e-08 1.151458623790178590e-08 1.150168406483333235e-08 1.143403652960119099e-08 1.136619510043154839e-08 1.129699157613733071e-08 1.144455066402508463e-08 1.140099414117517030e-08 1.152085366349447221e-08 1.145668478644090178e-08 1.147805211873469326e-08 1.133849385448809484e-08 1.158070730587032274e-08 1.151419875144982864e-08 1.157032431659013572e-08 1.151195021931845227e-08 1.147247221387925033e-08 1.157944091710629251e-08 1.152190301559693818e-08 1.137679781796258596e-08 1.150457825938350197e-08 1.142197141466283891e-08 1.154576324058630852e-08
1.134723432499320021e-08 1.144046844319387170e-08 1.152623867411394035e-08 1.142490987510714507e-08 1.142433385294260401e-08 1.129373080300977637e-08 1.143660958793112689e-08 1.136090551366497039e-08 1.123738290696513499e-08 1.139827308940986462e-08 1.126785764499447253e-08 1.142060425796471424e-08 1.148773534536266754e-08 1.118353414021471208e-08 1.139603263319727963e-08 1.144950726215391120e-08 1.136330162651658224e-08 1.130234695024574855e-08 1.134325068611692145e-08 1.135585923885246892e-08 1.127855182772874090e-08 1.140730468858758466e-08 1.142994188967857278e-08 1.141799167504166705e-08 1.135243112863987945e-08 1.128637569082142684e-08 1.121933840953954123e-08 1.136093218909481130e-08 1.131968998779379058e-08 1.143658361935799640e-08 1.137472994389668430e-08 1.139531674193367350e-08 1.126061675524702349e-08 1.149287902930612258e-08 1.143001896349787602e-08 1.148394703623086828e-08 1.142644508940773601e-08 1.138845894826147714e-08 1.149333411874532356e-08 1.143738983296173487e-08 1.129784322271981185e-08 1.142052940127295887e-08 1.133903229302508423e-08 1.146046813338095142e-08
1.148308255690135810e-08 1.158413315876955706e-08 1.167041417256887535e-08 1.156426749963690188e-08 1.156236733238647930e-08 1.142527722633970752e-08 1.157797746864710916e-08 1.149741623547534024e-08 1.136730620680697197e-08 1.153728907210969703e-08 1.139829572453443391e-08 1.156031455833205875e-08 1.163136639093579891e-08 1.131010849295705823e-08 1.153528978986054260e-08 1.158993057375255424e-08 1.149924736635501792e-08 1.143517760366751686e-08 1.147683099239328335e-08 1.149205567620450606e-08 1.140730468858758466e-08 1.154827410758248337e-08 1.157005176233928430e-08 1.155659005670833356e-08 1.148705398378869224e-08 1.141885773511904695e-08 1.134779966133375737e-08 1.149894288457270365e-08 1.145435315012457549e-08 1.157571106887840424e-08 1.150971632426232974e-08 1.153170116745493052e-08 1.138982265263392700e-08 1.163796364318877700e-08 1.156914621300042663e-08 1.162736627021216052e-08 1.156756256561011753e-08 1.152698788419770440e-08 1.163636662273426686e-08 1.157777128125765175e-08 1.142842615686436908e-08 1.155984676160374148e-08 1.147564905493664644e-08 1.160116255064881118e-08
1.150586716473214339e-08 1.160720140602976350e-08 1.169422256897619095e-08 1.158810230877083141e-08 1.158600183752381192e-08 1.144693966741369176e-08 1.160089756551190500e-08 1.151997221008928339e-08 1.138907840503869009e-08 1.156018615223214314e-08 1.141993633848809209e-08 1.158323815450893095e-08 1.165503425819940397e-08 1.133202895017559584e-08 1.155803940033035706e-08 1.161343309423214263e-08 1.152187643441071267e-08 1.145745651026488083e-08 1.150004231628869073e-08 1.151458623790178590e-08 1.142994188967857278e-08 1.157005176233928430e-08 1.159471289495833589e-08 1.158034452458333376e-08 1.151027597233333518e-08 1.144064158712500118e-08 1.136928981985119037e-08 1.152169549565773631e-08 1.147672023839880858e-08 1.159901459739285726e-08 1.153194863337202324e-08 1.155476897366964241e-08 1.141137742670833181e-08 1.166226059726190561e-08 1.159195467441368995e-08 1.165132287182738136e-08 1.159047792039583044e-08 1.154983481340773529e-08 1.166016866508928796e-08 1.160073466825893146e-08 1.145027434180357044e-08 1.158249702808631090e-08 1.149854136783928428e-08 1.162489258791666841e-08
1.149303844641666576e-08 1.159333265345833558e-08 1.168034910083333465e-08 1.157459018737500153e-08 1.157258218700000100e-08 1.143429502308333170e-08 1.158809068354166682e-08 1.150687357466666678e-08 1.137721981933333560e-08 1.154682569745833516e-08 1.140806757408332996e-08 1.156963680491666270e-08 1.164114349666666486e-08 1.132018444170833147e-08 1.154487931408333199e-08 1.160044946575000010e-08 1.150914580162499881e-08 1.144531659420833207e-08 1.148729868741666695e-08 1.150168406483333235e-08 1.141799167504166705e-08 1.155659005670833356e-08 1.158034452458333376e-08 1.156844949800000047e-08 1.149799046237499839e-08 1.142857707020833104e-08 1.135777798112499928e-08 1.150843027262499801e-08 1.146402249879166599e-08 1.158594446437500109e-08 1.151970340404166701e-08 1.154194221704166580e-08 1.139911489687499959e-08 1.164828447787499898e-08 1.157878878170833128e-08 1.163793735916666709e-08 1.157677770520833146e-08 1.153673401504166625e-08 1.164653117704166442e-08 1.158716315108333332e-08 1.143818275783333168e-08 1.157008281337499960e-08 1.148528192562500036e-08 1.161149243333333258e-08
1.142560184819643079e-08 1.152132094052678680e-08 1.160854485722024079e-08 1.150514239179166528e-08 1.150368883655059337e-08 1.137009150751190470e-08 1.151700804693155027e-08 1.143919944235118887e-08 1.131273287332440398e-08 1.147733383838392798e-08 1.134343389698511566e-08 1.150022526350595051e-08 1.156958815895238116e-08 1.125772438748512009e-08 1.147536034299107044e-08 1.152976103519643044e-08 1.144139379756547624e-08 1.137968896064880815e-08 1.142037320072024158e-08 1.143403652960119099e-08 1.135243112863987945e-08 1.148705398378869224e-08 1.151027597233333518e-08 1.149799046237499839e-08 1.143168879016666494e-08 1.136266533627083233e-08 1.129373764988690456e-08 1.143968131247321314e-08 1.139703614186309564e-08 1.151619392757440581e-08 1.145235858382440444e-08 1.147375170157142906e-08 1.133487435245833353e-08 1.157533141780654749e-08 1.150944772707440343e-08 1.156574585837797478e-08 1.150701680418749809e-08 1.146751079330654721e-08 1.157506493572618900e-08 1.151724039119345175e-08 1.137308994513988051e-08 1.150028398048809639e-08 1.141745504735119155e-08 1.154129817949999910e-08
1.135750467297618885e-08 1.145215422034523683e-08 1.153831714581547344e-08 1.143557148654166359e-08 1.143490352708035817e-08 1.130369982021130637e-08 1.144770560198809531e-08 1.137142093249404655e-08 1.124685772002380662e-08 1.140888808614285417e-08 1.127750172769940189e-08 1.143161520515773332e-08 1.149927521013392631e-08 1.119249597265773628e-08 1.140692999239880907e-08 1.146044783526785807e-08 1.137362349790178414e-08 1.131280679558928412e-08 1.135327250491964180e-08 1.136619510043154839e-08 1.128637569082142684e-08 1.141885773511904695e-08 1.144064158712500118e-08 1.142857707020833104e-08 1.136266533627083233e-08 1.129705779495833457e-08 1.122790463825297641e-08 1.137163647413392737e-08 1.132958765378869031e-08 1.144714328319047322e-08 1.138481441229464296e-08 1.140572715718452476e-08 1.126973956093749973e-08 1.150474382611309321e-08 1.144102640229464020e-08 1.149530283119345266e-08 1.143771411531249893e-08 1.139947159367559192e-08 1.150470040888988200e-08 1.144808421767857160e-08 1.130681865250892733e-08 1.143093021747618809e-08 1.134964723047321375e-08 1.147149405495833246e-08
1.128824222996598685e-08 1.137951321974022228e-08 1.146476743294472682e-08 1.136544646334821725e-08 1.136414428796300973e-08 1.123637102775722465e-08 1.137645363196811143e-08 1.130233453857482835e-08 1.118002486007567893e-08 1.133891506023681838e-08 1.121079124488902874e-08 1.136043542611521886e-08 1.142677431498001709e-08 1.112739544151105447e-08 1.133611168323639470e-08 1.138874377710289089e-08 1.130436882439540744e-08 1.124509213795790914e-08 1.128366496612627504e-08 1.129699157613733071e-08 1.121933840953954123e-08 1.134779966133375737e-08 1.136928981985119037e-08 1.135777798112499928e-08 1.129373764988690456e-08 1.122790463825297641e-08 1.116401788613520620e-08 1.130069172332822943e-08 1.126048485761479587e-08 1.137618676814413351e-08 1.131583288567091888e-08 1.133538200948086585e-08 1.120295032017261920e-08 1.143216082659311326e-08 1.136970666984353700e-08 1.142233715311266947e-08 1.136606921689285739e-08 1.132876043120323111e-08 1.143234043320578137e-08 1.137682518543367079e-08 1.124002719518239635e-08 1.136065863192729426e-08 1.127976571418792315e-08 1.139913204227976281e-08
1.143557527693366917e-08 1.153503079072363624e-08 1.162135085315263725e-08 1.151599681423214139e-08 1.151419577500808042e-08 1.137809308786096663e-08 1.152907935558886055e-08 1.144890623494174890e-08 1.132079226339965430e-08 1.148912128985034016e-08 1.135103450479506636e-08 1.151217307595280713e-08 1.158207996195790716e-08 1.126370868445280845e-08 1.148668463821513477e-08 1.154139620246938673e-08 1.145128230065646055e-08 1.138733159859396119e-08 1.142949758519727614e-08 1.144455066402508463e-08 1.136093218909481130e-08 1.149894288457270365e-08 1.152169549565773631e-08 1.150843027262499801e-08 1.143968131247321314e-08 1.137163647413392737e-08 1.130069172332822943e-08 1.145241012125255025e-08 1.140708159427593535e-08 1.152745642706334901e-08 1.146154981747704165e-08 1.148469047841581599e-08 1.134300797970535557e-08 1.158890839963052422e-08 1.152066192514073113e-08 1.157872941109991555e-08 1.151882768592857098e-08 1.147923180998171835e-08 1.158754871737627311e-08 1.152910934661649495e-08 1.138191446339838268e-08 1.151122288746343549e-08 1.142838362646853521e-08 1.155326104273511649e-08
1.139229233032568127e-08 1.148869827309310768e-08 1.157500961318027520e-08 1.147156483492262115e-08 1.147049699999532221e-08 1.133670967538860669e-08 1.148380561274021895e-08 1.140550704250850202e-08 1.127958474861181713e-08 1.144448008142984549e-08 1.131003855069430057e-08 1.146683473536394281e-08 1.153649645433248432e-08 1.122444230242644217e-08 1.144256254890943910e-08 1.149650405523044355e-08 1.140798153910459226e-08 1.134559272039625924e-08 1.138672633168622383e-08 1.140099414117517030e-08 1.131968998779379058e-08 1.145435315012457549e-08 1.147672023839880858e-08 1.146402249879166599e-08 1.139703614186309564e-08 1.132958765378869031e-08 1.126048485761479587e-08 1.140708159427593535e-08 1.136498231542687095e-08 1.148293256968919996e-08 1.141903124418324815e-08 1.144035293441496704e-08 1.130225226853571403e-08 1.154196663911521983e-08 1.147663408034396349e-08 1.153229884855399773e-08 1.147393409479464129e-08 1.143460203048426745e-08 1.154165142441921683e-08 1.148392570979549591e-08 1.134033012081760019e-08 1.146699009092687377e-08 1.138456933097874018e-08 1.150770721155357127e-08
1.151180976231122570e-08 1.161235558758843206e-08 1.169986894472448951e-08 1.159288623661904594e-08 1.159136167434991223e-08 1.145321073707865490e-08 1.160666584811989738e-08 1.152580018418197332e-08 1.139577123806377613e-08 1.156576233206122554e-08 1.142707506038307573e-08 1.158828745881760049e-08 1.166000422323597113e-08 1.133901125515093732e-08 1.156393524072448983e-08 1.161895589228146407e-08 1.152799777076743056e-08 1.146450398137159926e-08 1.150603442094770544e-08 1.152085366349447221e-08 1.143658361935799640e-08 1.157571106887840424e-08 1.159901459739285726e-08 1.158594446437500109e-08 1.151619392757440581e-08 1.144714328319047322e-08 1.137618676814413351e-08 1.152745642706334901e-08 1.148293256968919996e-08 1.160631975069472751e-08 1.153889961326318208e-08 1.156121460043027190e-08 1.141847880336011733e-08 1.166650951682823219e-08 1.159758907893580143e-08 1.165657691892219546e-08 1.159553225524702238e-08 1.155603520089668432e-08 1.166477968629209175e-08 1.160625672192772318e-08 1.145745172210501685e-08 1.158820712954336846e-08 1.150381952502423550e-08 1.163051929132143014e-08
1.144776464243027129e-08 1.154453456052891220e-08 1.163182735958460951e-08 1.152716360099404656e-08 1.152569457771896247e-08 1.139222342525127517e-08 1.153992791736691962e-08 1.146120691898257146e-08 1.133442864036139465e-08 1.150025711222193896e-08 1.136560577817772051e-08 1.152277670417474578e-08 1.159272445146216315e-08 1.127954542371641109e-08 1.149828853135544325e-08 1.155249258152550965e-08 1.146320837355016875e-08 1.140188512469600317e-08 1.144271997426615509e-08 1.145668478644090178e-08 1.137472994389668430e-08 1.150971632426232974e-08 1.153194863337202324e-08 1.151970340404166701e-08 1.145235858382440444e-08 1.138481441229464296e-08 1.131583288567091888e-08 1.146154981747704165e-08 1.141903124418324815e-08 1.153889961326318208e-08 1.147620341695663344e-08 1.149630094875765577e-08 1.135777658856845306e-08 1.159765123865858902e-08 1.153195318352508371e-08 1.158767701922576743e-08 1.152943150597619011e-08 1.149027236053954058e-08 1.159761161086352110e-08 1.153948899915986607e-08 1.139517240178954321e-08 1.152224648399574726e-08 1.143957755082482848e-08 1.156354695209226289e-08
1.146906780431377512e-08 1.156742993293239450e-08 1.165473569692134056e-08 1.154961409888094897e-08 1.154759859598341741e-08 1.141276062210884451e-08 1.156251846200510407e-08 1.148308250921386143e-08 1.135524664274872446e-08 1.152235626608461216e-08 1.138598595259608799e-08 1.154498282374489409e-08 1.161511476565986188e-08 1.129904144684906550e-08 1.152003880671300979e-08 1.157443937263520540e-08 1.148526491169090095e-08 1.142236948473256858e-08 1.146413043459396492e-08 1.147805211873469326e-08 1.139531674193367350e-08 1.153170116745493052e-08 1.155476897366964241e-08 1.154194221704166580e-08 1.147375170157142906e-08 1.140572715718452476e-08 1.133538200948086585e-08 1.148469047841581599e-08 1.144035293441496704e-08 1.156121460043027190e-08 1.149630094875765577e-08 1.151955121461139523e-08 1.137795873820238147e-08 1.162138555483843413e-08 1.155394054589753373e-08 1.161128282295280420e-08 1.155175404860714365e-08 1.151220798310331488e-08 1.162038810893707321e-08 1.156188867842644521e-08 1.141651966306164724e-08 1.154459225358163088e-08 1.146160128439243257e-08 1.158657162174107314e-08
1.132977512816071278e-08 1.142161562887797486e-08 1.150816374388095256e-08 1.140732748412499719e-08 1.140621362534821695e-08 1.127822557092261881e-08 1.141789420637201984e-08 1.134413388190475925e-08 1.122106751631844876e-08 1.138049569472321388e-08 1.125242725208630681e-08 1.140265365785714301e-08 1.146957554060118907e-08 1.116858870871130889e-08 1.137803817456845116e-08 1.143130375874404847e-08 1.134658414280357127e-08 1.128642651917857086e-08 1.132620344575595248e-08 1.133849385448809484e-08 1.126061675524702349e-08 1.138982265263392700e-08 1.141137742670833181e-08 1.139911489687499959e-08 1.133487435245833353e-08 1.126973956093749973e-08 1.120295032017261920e-08 1.134300797970535557e-08 1.130225226853571403e-08 1.141847880336011733e-08 1.135777658856845306e-08 1.137795873820238147e-08 1.124605645458333255e-08 1.147394229316369023e-08 1.141222630786011922e-08 1.146512755119940582e-08 1.140871117322916673e-08 1.137135643941368794e-08 1.147453834419642581e-08 1.141900220012797667e-08 1.128162041366368978e-08 1.140231434195238157e-08 1.132139036161309513e-08 1.144217243179166397e-08
1.157203446264795839e-08 1.167730488174149562e-08 1.176469976850084984e-08 1.165594885210714304e-08 1.165288587159736422e-08 1.151025122627168391e-08 1.166996261096683262e-08 1.158680960151616116e-08 1.145207539331037511e-08 1.162810470273128777e-08 1.148275215066708863e-08 1.165136851426232711e-08 1.172505010202338158e-08 1.139286287197066150e-08 1.162599445879251638e-08 1.168236709814200796e-08 1.158819626616539033e-08 1.152164246631122236e-08 1.156463839004549364e-08 1.158070730587032274e-08 1.149287902930612258e-08 1.163796364318877700e-08 1.166226059726190561e-08 1.164828447787499898e-08 1.157533141780654749e-08 1.150474382611309321e-08 1.143216082659311326e-08 1.158890839963052422e-08 1.154196663911521983e-08 1.166650951682823219e-08 1.159765123865858902e-08 1.162138555483843413e-08 1.147394229316369023e-08 1.173484378855017129e-08 1.165958162030144297e-08 1.172181166583800835e-08 1.165964164524107337e-08 1.161754716763052487e-08 1.173009770680484716e-08 1.166870153334268528e-08 1.151394863250552618e-08 1.165079469863605392e-08 1.156481680887627580e-08 1.169386215838095121e-08
1.150508761934098910e-08 1.160520210780271887e-08 1.169255606754889393e-08 1.158616286722321238e-08 1.158482177096301105e-08 1.144715236640306231e-08 1.159945784734311047e-08 1.151893704142899874e-08 1.138956457880484503e-08 1.155895354125765257e-08 1.142061780232652894e-08 1.158176416705272290e-08 1.165293685537584919e-08 1.133277763288605737e-08 1.155727256492389224e-08 1.161179536614455895e-08 1.152148000943707552e-08 1.145740881389540600e-08 1.149914746804294076e-08 1.151419875144982864e-08 1.143001896349787602e-08 1.156914621300042663e-08 1.159195467441368995e-08 1.157878878170833128e-08 1.150944772707440343e-08 1.144102640229464020e-08 1.136970666984353700e-08 1.152066192514073113e-08 1.147663408034396349e-08 1.159758907893580143e-08 1.153195318352508371e-08 1.155394054589753373e-08 1.141222630786011922e-08 1.165958162030144297e-08 1.159191038713520410e-08 1.164899759323766930e-08 1.158970637341368779e-08 1.154876702516156523e-08 1.165802261689328283e-08 1.159922693845450803e-08 1.145072735984906357e-08 1.158179180909396465e-08 1.149741006085459272e-08 1.162325471596726362e-08
1.156164109177720860e-08 1.166580014599531924e-08 1.175344306050255098e-08 1.164513827484226166e-08 1.164262253906293031e-08 1.150075578562754971e-08 1.165904619233801480e-08 1.157629884750680554e-08 1.144301058534778621e-08 1.161718472538137871e-08 1.147386859543877573e-08 1.164060400280782254e-08 1.171362699850765211e-08 1.138398757420365518e-08 1.161525536416921805e-08 1.167156235180101920e-08 1.157739460016283887e-08 1.151208884653784231e-08 1.155485362311564450e-08 1.157032431659013572e-08 1.148394703623086828e-08 1.162736627021216052e-08 1.165132287182738136e-08 1.163793735916666709e-08 1.156574585837797478e-08 1.149530283119345266e-08 1.142233715311266947e-08 1.157872941109991555e-08 1.153229884855399773e-08 1.165657691892219546e-08 1.158767701922576743e-08 1.161128282295280420e-08 1.146512755119940582e-08 1.172181166583800835e-08 1.164899759323766930e-08 1.171211421645153143e-08 1.164815504476487989e-08 1.160753574614158016e-08 1.171862830366454202e-08 1.165835175348639393e-08 1.150442799103741445e-08 1.164012134942899736e-08 1.155450213812882582e-08 1.168317659501785759e-08
