3.836520078290148612e-08 3.861242121337989508e-08 3.874699134434220954e-08 3.850724484788995302e-08 3.854093090110834952e-08 3.819289366609433402e-08 3.860436691780849609e-08 3.834132881510968930e-08 3.809100324389407562e-08 3.851267176640673296e-08 3.806324616969794937e-08 3.850596028860471331e-08 3.869136127845169014e-08 3.793859947571154481e-08 3.851214170753079278e-08 3.861766796591237879e-08 3.831071778942569771e-08 3.817745192454789009e-08 3.826072145534729815e-08 3.849423772494979730e-08 3.817339877648854434e-08 3.840499910079143003e-08 3.851618268773900214e-08 3.849718388598155967e-08 3.838161002103019417e-08 3.809023066477262569e-08 3.806035558391539908e-08 3.837851010919231266e-08 3.829998428189918927e-08 3.859957842493265252e-08 3.833365014641896092e-08 3.843196800905056625e-08 3.808650133571210387e-08 3.869138189040442678e-08 3.852200945005965922e-08 3.871149458451260857e-08 3.865320341754684080e-08 3.846097458041305588e-08 3.869831095584023181e-08 3.861614784944444049e-08 3.810660685989845641e-08 3.843349119633308371e-08 3.839818697549922873e-08 3.853066734042222961e-08
3.861242121337989508e-08 3.886480312700532218e-08 3.899975452641060771e-08 3.875664788256108665e-08 3.879081071642803587e-08 3.843902085496648023e-08 3.885640692089002252e-08 3.858863593863906594e-08 3.833679852209129894e-08 3.876255145635218251e-08 3.830790682343777029e-08 3.875484233968764897e-08 3.894366264703238733e-08 3.818042850187469008e-08 3.876300894215514790e-08 3.886921878546681956e-08 3.855860649907862338e-08 3.842415855929990948e-08 3.850724626470201892e-08 3.874441837097478858e-08 3.841962354605351223e-08 3.865373816191838716e-08 3.876646619521522096e-08 3.874677508158891394e-08 3.863012660550662717e-08 3.833583443005702381e-08 3.830497258600909930e-08 3.862821669995254113e-08 3.854788564447548858e-08 3.885149893230408646e-08 3.858115562771586745e-08 3.868178923815133756e-08 3.833120054089130331e-08 3.894460896354845337e-08 3.877307889508544156e-08 3.896454030992741396e-08 3.890428404072076486e-08 3.871044960713722362e-08 3.895065964684157697e-08 3.886748236925942219e-08 3.835227479212651095e-08 3.868314268362619852e-08 3.864730094193908958e-08 3.878102139991838558e-08
3.874699134434220954e-08 3.899975452641060771e-08 3.913858606144285446e-08 3.889159283592448479e-08 3.892681795699759640e-08 3.857294839774284328e-08 3.899227027294075941e-08 3.872309345592665602e-08 3.846973863935714015e-08 3.889840458383809048e-08 3.844022477622768049e-08 3.889059296198790088e-08 3.907931077288304939e-08 3.831205173274082524e-08 3.889861921578065476e-08 3.900559824113137031e-08 3.869297865073686086e-08 3.855803573648546778e-08 3.864104164866320260e-08 3.887894063248229526e-08 3.855424833312126504e-08 3.878795966837513656e-08 3.890181200997062946e-08 3.888285330675221518e-08 3.876504838350480651e-08 3.847003350579665224e-08 3.843787482489941653e-08 3.876283998957895666e-08 3.868215748092764778e-08 3.898759839732396730e-08 3.871547489277474983e-08 3.881678390623255945e-08 3.846380125460893112e-08 3.908137223121180146e-08 3.890864532234858939e-08 3.910151941510227717e-08 3.904102327697816179e-08 3.884456342576190942e-08 3.908749321396760268e-08 3.900321869151275351e-08 3.848546968028402703e-08 3.881764575809213189e-08 3.878144448535908123e-08 3.891648681196175845e-08
3.850724484788995302e-08 3.875664788256108665e-08 3.889159283592448479e-08 3.865274487509487074e-08 3.868423606368378829e-08 3.833455960619248324e-08 3.874801820073832136e-08 3.848422008005150858e-08 3.823269234387247036e-08 3.865574804476234739e-08 3.820443967334143004e-08 3.864914094994304559e-08 3.883577620599203277e-08 3.807928258088482927e-08 3.865515821419358404e-08 3.876206666804032825e-08 3.845347169022017093e-08 3.831943775912411347e-08 3.840278106754222474e-08 3.863851236502873882e-08 3.831625097694718545e-08 3.854773033865026611e-08 3.865929836713967257e-08 3.864052590832282775e-08 3.852438129649967490e-08 3.823111765557784626e-08 3.820240488070524319e-08 3.852125565845300259e-08 3.844206414955673789e-08 3.874300268796463204e-08 3.847677297201987278e-08 3.857533814601819812e-08 3.822774974030038292e-08 3.883481745521702701e-08 3.866555988703810026e-08 3.885621177697503590e-08 3.879703824723335849e-08 3.860461798264858095e-08 3.884304702002461746e-08 3.876033468477289878e-08 3.824879098738101908e-08 3.857722824802774606e-08 3.854081910711960413e-08 3.867400695106266320e-08
3.854093090110834952e-08 3.879081071642803587e-08 3.892681795699759640e-08 3.868423606368378829e-08 3.871932861764400699e-08 3.836798096189458216e-08 3.878360308236354579e-08 3.851732919139241061e-08 3.826534991719917230e-08 3.869048492412879403e-08 3.823735435372472465e-08 3.868346595777731937e-08 3.887089804937917370e-08 3.811012494530035127e-08 3.869030232626423492e-08 3.879661746588772212e-08 3.848693851317147586e-08 3.835249416658814379e-08 3.843591650892174746e-08 3.867187544567979908e-08 3.834886343912788061e-08 3.858140652483990165e-08 3.869388587882738970e-08 3.867489670350481625e-08 3.855845263816702890e-08 3.826516657040815856e-08 3.823411879973109509e-08 3.855595786878157115e-08 3.847604644516560476e-08 3.877849924606394647e-08 3.851010046039921721e-08 3.860936008722887643e-08 3.825999538516827608e-08 3.887118596645779062e-08 3.870052287609972003e-08 3.889148793902823649e-08 3.883196248238006980e-08 3.863808395805207494e-08 3.887748327967234898e-08 3.879478731799701259e-08 3.828137893411916919e-08 3.861082323614297262e-08 3.857524257590304512e-08 3.870875834778069853e-08
3.819289366609433402e-08 3.843902085496648023e-08 3.857294839774284328e-08 3.833455960619248324e-08 3.836798096189458216e-08 3.802240377901514348e-08 3.843171879572556006e-08 3.816979113947273615e-08 3.791999899278361786e-08 3.833935157117235494e-08 3.789305362654589125e-08 3.833366690639649408e-08 3.851792174353952941e-08 3.776904711692439893e-08 3.833868467117973091e-08 3.844435474141747813e-08 3.813869956035876389e-08 3.800607312256489630e-08 3.808918678741234044e-08 3.832161865928938618e-08 3.800254961601576671e-08 3.823251282125119556e-08 3.834317522150729569e-08 3.832448098902934579e-08 3.820993500708014838e-08 3.791949456288106322e-08 3.789016595506806904e-08 3.820621641072333880e-08 3.812851236521178138e-08 3.842630863732142827e-08 3.816222827567212801e-08 3.825897640362738990e-08 3.791605944953423786e-08 3.851761006340343627e-08 3.834890075344326051e-08 3.853768910518107145e-08 3.847941327015683663e-08 3.828861317939916153e-08 3.852404905503124797e-08 3.844276823880846661e-08 3.793582334116362537e-08 3.826157717483660294e-08 3.822573219595724241e-08 3.835780735766963425e-08
3.860436691780849609e-08 3.885640692089002252e-08 3.899227027294075941e-08 3.874801820073832136e-08 3.878360308236354579e-08 3.843171879572556006e-08 3.885043344161181337e-08 3.858153942018274015e-08 3.832932638122173959e-08 3.875511179450194671e-08 3.830068706961838848e-08 3.874779252192399099e-08 3.893649674237889458e-08 3.817219298593563128e-08 3.875546651063453514e-08 3.886164291587746832e-08 3.855120016642270725e-08 3.841673028181280391e-08 3.849984049938840028e-08 3.873660796602520954e-08 3.841262835400016379e-08 3.864596830076910815e-08 3.875929312123666676e-08 3.873970615769747769e-08 3.862274527257577410e-08 3.832918564634085316e-08 3.829735438486162457e-08 3.862064664010625769e-08 3.854037389054115470e-08 3.884428060628206657e-08 3.857398407467005054e-08 3.867363429668550744e-08 3.832352892379902182e-08 3.893752634059490818e-08 3.876554816268407874e-08 3.895755001405064804e-08 3.889683625567513637e-08 3.870246325608352066e-08 3.894260476532812885e-08 3.885986784339679943e-08 3.834480191781298869e-08 3.867581228177306172e-08 3.864009596112223136e-08 3.877368760499129383e-08
3.834132881510968930e-08 3.858863593863906594e-08 3.872309345592665602e-08 3.848422008005150858e-08 3.851732919139241061e-08 3.816979113947273615e-08 3.858153942018274015e-08 3.831965518427491039e-08 3.806875960771922078e-08 3.848878904419197565e-08 3.804086917393339580e-08 3.848289107832202268e-08 3.866796031406509936e-08 3.791668561477406813e-08 3.848827036297993579e-08 3.859421816100455006e-08 3.828818603752340557e-08 3.815474954049907158e-08 3.823860666511763593e-08 3.847144956311751061e-08 3.815139066859246741e-08 3.838179329554691731e-08 3.849262969416233700e-08 3.847410216705329737e-08 3.835834218451205384e-08 3.806775071423890054e-08 3.803863726523660901e-08 3.835489065963315422e-08 3.827684177151215622e-08 3.857585261540222555e-08 3.831079156657792400e-08 3.840830336134508531e-08 3.806398328652984569e-08 3.866731291157845093e-08 3.849800864424107789e-08 3.868844505113301823e-08 3.862964785224140491e-08 3.843758817033075948e-08 3.867419209983741213e-08 3.859233132645754441e-08 3.808475005699649591e-08 3.841150439961075623e-08 3.837491821106409813e-08 3.850687151708736675e-08
3.809100324389407562e-08 3.833679852209129894e-08 3.846973863935714015e-08 3.823269234387247036e-08 3.826534991719917230e-08 3.791999899278361786e-08 3.832932638122173959e-08 3.806875960771922078e-08 3.782187595555974109e-08 3.823817508555992384e-08 3.779315772140136471e-08 3.823093894521672512e-08 3.841453893681635700e-08 3.766922271548024960e-08 3.823696760263716078e-08 3.834170278488889719e-08 3.803837603392940054e-08 3.790588327215957512e-08 3.798862135150301477e-08 3.822065343594541207e-08 3.790284545374073228e-08 3.813146498473197150e-08 3.824135312145375951e-08 3.822209959615058107e-08 3.810775984556156379e-08 3.781957632417152720e-08 3.779106599329822097e-08 3.810444120611209376e-08 3.802748831898833012e-08 3.832317625181329493e-08 3.806085474993761239e-08 3.815739645361602366e-08 3.781626746817011999e-08 3.841372215867086354e-08 3.824588223434170279e-08 3.843450405195899989e-08 3.837652782700759770e-08 3.818630065765662793e-08 3.842155744599105618e-08 3.833983304705440165e-08 3.783654836308100183e-08 3.815953114913405192e-08 3.812441079019804511e-08 3.825477757988821118e-08
3.851267176640673296e-08 3.876255145635218251e-08 3.889840458383809048e-08 3.865574804476234739e-08 3.869048492412879403e-08 3.833935157117235494e-08 3.875511179450194671e-08 3.848878904419197565e-08 3.823817508555992384e-08 3.866290570752498601e-08 3.820923849899092549e-08 3.865467081694707653e-08 3.884179434643297332e-08 3.808222566704572389e-08 3.866220097382282421e-08 3.876781502924693334e-08 3.845897270579790417e-08 3.832458060035575653e-08 3.840766139543483335e-08 3.864361744173478133e-08 3.832084838530957753e-08 3.855349698494288173e-08 3.866572551339822865e-08 3.864651411215547290e-08 3.852984704116313022e-08 3.823746524137478968e-08 3.820643608019115499e-08 3.852763288136364370e-08 3.844791921378111550e-08 3.874981920250917116e-08 3.848141781514957778e-08 3.858112328128689924e-08 3.823232391412426465e-08 3.884243388245184870e-08 3.867187847730086013e-08 3.886250050904676508e-08 3.880318980260490861e-08 3.860950213060062833e-08 3.884919540904547021e-08 3.876605729356751723e-08 3.825328868841720448e-08 3.858185368049616212e-08 3.854686000149349383e-08 3.868005299709816434e-08
3.806324616969794937e-08 3.830790682343777029e-08 3.844022477622768049e-08 3.820443967334143004e-08 3.823735435372472465e-08 3.789305362654589125e-08 3.830068706961838848e-08 3.804086917393339580e-08 3.779315772140136471e-08 3.820923849899092549e-08 3.776658248827750495e-08 3.820333814719472858e-08 3.838635246075876875e-08 3.764231246132901109e-08 3.820790456179854254e-08 3.831312441319790521e-08 3.800989287437579899e-08 3.787715930706800864e-08 3.796036976826693554e-08 3.819235004641000178e-08 3.787494460888841191e-08 3.810298696829806442e-08 3.821252017007300451e-08 3.819363216458167098e-08 3.808063149986485390e-08 3.779146801199368313e-08 3.776350811707896047e-08 3.807650958493696819e-08 3.799981954386157938e-08 3.829448916791816631e-08 3.803367249464220374e-08 3.812915120275812991e-08 3.778859870490916264e-08 3.838470246320332911e-08 3.821741227357201760e-08 3.840538443376673243e-08 3.834775920849289795e-08 3.815868238168023487e-08 3.839204913164242919e-08 3.831144637776907909e-08 3.780853765912574798e-08 3.813141479110500824e-08 3.809621776764553087e-08 3.822706828029364188e-08
3.850596028860471331e-08 3.875484233968764897e-08 3.889059296198790088e-08 3.864914094994304559e-08 3.868346595777731937e-08 3.833366690639649408e-08 3.874779252192399099e-08 3.848289107832202268e-08 3.823093894521672512e-08 3.865467081694707653e-08 3.820333814719472858e-08 3.864849612378977798e-08 3.883488370389846350e-08 3.807732445805471336e-08 3.865410767064296912e-08 3.876048918071774636e-08 3.845207330359781647e-08 3.831787692570162812e-08 3.840154228613323028e-08 3.863645300761375895e-08 3.831431342910489792e-08 3.854621665283945654e-08 3.865830067715463074e-08 3.863950577442419604e-08 3.852338137258551999e-08 3.823053641405874628e-08 3.820046164601129243e-08 3.852027352652861166e-08 3.844114622124294793e-08 3.874227791413843375e-08 3.847528768199258195e-08 3.857349088474387454e-08 3.822618693807327997e-08 3.883469075799882314e-08 3.866429894220761766e-08 3.885510292278013806e-08 3.879589489828005993e-08 3.860293159796552249e-08 3.884110020520336876e-08 3.875868763626155610e-08 3.824710111447048167e-08 3.857576851081837242e-08 3.853965032798122953e-08 3.867310639666730166e-08
3.869136127845169014e-08 3.894366264703238733e-08 3.907931077288304939e-08 3.883577620599203277e-08 3.887089804937917370e-08 3.851792174353952941e-08 3.893649674237889458e-08 3.866796031406509936e-08 3.841453893681635700e-08 3.884179434643297332e-08 3.838635246075876875e-08 3.883488370389846350e-08 3.902460690712354954e-08 3.825820921780030942e-08 3.884239262275683789e-08 3.894899228544654072e-08 3.863758952282214947e-08 3.850253535166309693e-08 3.858615406753146362e-08 3.882370559495979287e-08 3.849803098268624122e-08 3.873262608563664566e-08 3.884585230331023798e-08 3.882658531793550181e-08 3.870921172370978467e-08 3.841409162436638353e-08 3.838304357145579799e-08 3.870731687361857045e-08 3.862632980279460703e-08 3.893112135469513453e-08 3.866057287677915662e-08 3.876070923493577340e-08 3.840900953501377918e-08 3.902458761115443256e-08 3.885279286568840829e-08 3.904484648001384296e-08 3.898433045571809162e-08 3.879004843221075796e-08 3.903028713687605908e-08 3.894730707669152758e-08 3.843092467795947741e-08 3.876299512972204649e-08 3.872655349254359038e-08 3.886093880124390102e-08
3.793859947571154481e-08 3.818042850187469008e-08 3.831205173274082524e-08 3.807928258088482927e-08 3.811012494530035127e-08 3.776904711692439893e-08 3.817219298593563128e-08 3.791668561477406813e-08 3.766922271548024960e-08 3.808222566704572389e-08 3.764231246132901109e-08 3.807732445805471336e-08 3.825820921780030942e-08 3.752319654511448620e-08 3.808032929358472626e-08 3.818520166196663305e-08 3.788506276379694984e-08 3.775327584860012922e-08 3.783695405630013776e-08 3.806553996664853808e-08 3.774970995920997442e-08 3.797758901601589320e-08 3.808582269389795722e-08 3.806772880055434341e-08 3.795409889158226963e-08 3.766737799732785966e-08 3.764081878852390248e-08 3.794948658569420658e-08 3.787424858239466044e-08 3.816629411498554995e-08 3.790774583004543595e-08 3.800237231569279047e-08 3.766596388729859007e-08 3.825578353528011741e-08 3.808984186920607072e-08 3.827679857608469762e-08 3.822061493907306068e-08 3.803299486084242176e-08 3.826440020594533376e-08 3.818381311744816202e-08 3.768489174468920999e-08 3.800599617828014800e-08 3.796959483428389518e-08 3.809987057059902862e-08
3.851214170753079278e-08 3.876300894215514790e-08 3.889861921578065476e-08 3.865515821419358404e-08 3.869030232626423492e-08 3.833868467117973091e-08 3.875546651063453514e-08 3.848827036297993579e-08 3.823696760263716078e-08 3.866220097382282421e-08 3.820790456179854254e-08 3.865410767064296912e-08 3.884239262275683789e-08 3.808032929358472626e-08 3.866315354184916605e-08 3.876852871026583575e-08 3.845846939218065513e-08 3.832431435173241039e-08 3.840716769419327475e-08 3.864324918747979163e-08 3.831973024833615852e-08 3.855332928698984056e-08 3.866610557976032394e-08 3.864654600536978797e-08 3.852950809730470008e-08 3.823676308217964022e-08 3.820458213925395964e-08 3.852765186824531632e-08 3.844707983573237842e-08 3.875097329391538561e-08 3.848067895270050151e-08 3.858128540810541196e-08 3.823104458717645488e-08 3.884390308097479379e-08 3.867278523333921941e-08 3.886379142045409815e-08 3.880412338988457791e-08 3.860900352002892580e-08 3.884951353516026740e-08 3.876645352770151289e-08 3.825229602585487908e-08 3.858238023510895293e-08 3.854739099425862861e-08 3.868009504203970112e-08
3.861766796591237879e-08 3.886921878546681956e-08 3.900559824113137031e-08 3.876206666804032825e-08 3.879661746588772212e-08 3.844435474141747813e-08 3.886164291587746832e-08 3.859421816100455006e-08 3.834170278488889719e-08 3.876781502924693334e-08 3.831312441319790521e-08 3.876048918071774636e-08 3.894899228544654072e-08 3.818520166196663305e-08 3.876852871026583575e-08 3.887575825711791567e-08 3.856379401462699599e-08 3.842916758395068444e-08 3.851237869951663632e-08 3.874972331387770745e-08 3.842586211348213755e-08 3.865871826618544235e-08 3.877165306233130494e-08 3.875248250745249875e-08 3.863592110189526501e-08 3.834151295388190856e-08 3.831014367078708244e-08 3.863331143217006244e-08 3.855309077142077453e-08 3.885696693593383705e-08 3.858695519635472652e-08 3.868707725561041197e-08 3.833604120041582687e-08 3.894962753362312512e-08 3.877854955078711582e-08 3.897015586008309519e-08 3.891054277869625118e-08 3.871502823909050961e-08 3.895607298527690144e-08 3.887302189773211439e-08 3.835778131537994436e-08 3.868880300697687468e-08 3.865280481560992989e-08 3.878625048089631286e-08
3.831071778942569771e-08 3.855860649907862338e-08 3.869297865073686086e-08 3.845347169022017093e-08 3.848693851317147586e-08 3.813869956035876389e-08 3.855120016642270725e-08 3.828818603752340557e-08 3.803837603392940054e-08 3.845897270579790417e-08 3.800989287437579899e-08 3.845207330359781647e-08 3.863758952282214947e-08 3.788506276379694984e-08 3.845846939218065513e-08 3.856379401462699599e-08 3.825816486858921796e-08 3.812429189957591098e-08 3.820744765039870820e-08 3.844097232747021420e-08 3.812018475784275917e-08 3.835139086198399431e-08 3.846286170206940303e-08 3.844372602313636946e-08 3.832762046034838658e-08 3.803733829035718374e-08 3.800731539157961445e-08 3.832496477841355999e-08 3.824635307152636764e-08 3.854561132382577621e-08 3.828011877336139695e-08 3.837835453031318180e-08 3.803290645321392221e-08 3.863738909198556659e-08 3.846816576769578533e-08 3.865812737779736597e-08 3.859931324112335792e-08 3.840698856846078851e-08 3.864424197489292720e-08 3.856192806613870324e-08 3.805405562248940206e-08 3.838056351954961591e-08 3.834482765361009981e-08 3.847661646341928692e-08
3.817745192454789009e-08 3.842415855929990948e-08 3.855803573648546778e-08 3.831943775912411347e-08 3.835249416658814379e-08 3.800607312256489630e-08 3.841673028181280391e-08 3.815474954049907158e-08 3.790588327215957512e-08 3.832458060035575653e-08 3.787715930706800864e-08 3.831787692570162812e-08 3.850253535166309693e-08 3.775327584860012922e-08 3.832431435173241039e-08 3.842916758395068444e-08 3.812429189957591098e-08 3.799268588451611093e-08 3.807518082338902800e-08 3.830640592253666918e-08 3.798752648262036494e-08 3.821771970456930284e-08 3.832896546574817060e-08 3.830927836414026315e-08 3.819332836138891175e-08 3.790445152577724725e-08 3.787482136960282573e-08 3.819099170703691811e-08 3.811265928714701367e-08 3.841158149466678680e-08 3.814624296170899976e-08 3.824404658159856640e-08 3.790113960381487877e-08 3.850301390710517726e-08 3.833387487616707285e-08 3.852361098013658750e-08 3.846463242999199665e-08 3.827286073000283502e-08 3.850991691802293582e-08 3.842775452610873302e-08 3.792132821336561209e-08 3.824623132409407695e-08 3.821120294949814110e-08 3.834236250486519006e-08
3.826072145534729815e-08 3.850724626470201892e-08 3.864104164866320260e-08 3.840278106754222474e-08 3.843591650892174746e-08 3.808918678741234044e-08 3.849984049938840028e-08 3.823860666511763593e-08 3.798862135150301477e-08 3.840766139543483335e-08 3.796036976826693554e-08 3.840154228613323028e-08 3.858615406753146362e-08 3.783695405630013776e-08 3.840716769419327475e-08 3.851237869951663632e-08 3.820744765039870820e-08 3.807518082338902800e-08 3.815889951906330084e-08 3.838968412428937307e-08 3.807045509729928897e-08 3.830092660244252513e-08 3.841179766004414246e-08 3.839263025532122029e-08 3.827664107336679165e-08 3.798728622668970694e-08 3.795805070417473036e-08 3.827385799018789444e-08 3.819566506889055523e-08 3.849462483193066829e-08 3.822938592383945775e-08 3.832685954028134290e-08 3.798417984238151083e-08 3.858611191205761971e-08 3.841685116776999737e-08 3.860681330966285054e-08 3.854810953082681350e-08 3.835633374298066691e-08 3.859276575970051661e-08 3.851074086242249337e-08 3.800442175355156479e-08 3.832988250057077816e-08 3.829418304986290468e-08 3.842542218581938523e-08
3.849423772494979730e-08 3.874441837097478858e-08 3.887894063248229526e-08 3.863851236502873882e-08 3.867187544567979908e-08 3.832161865928938618e-08 3.873660796602520954e-08 3.847144956311751061e-08 3.822065343594541207e-08 3.864361744173478133e-08 3.819235004641000178e-08 3.863645300761375895e-08 3.882370559495979287e-08 3.806553996664853808e-08 3.864324918747979163e-08 3.874972331387770745e-08 3.844097232747021420e-08 3.830640592253666918e-08 3.838968412428937307e-08 3.862660911120457683e-08 3.830354889026417042e-08 3.853544689255854340e-08 3.864701221140187989e-08 3.862785146028104106e-08 3.851229879359853888e-08 3.821904430343374471e-08 3.818987007620979569e-08 3.850928479183917080e-08 3.843022102438333395e-08 3.873091070659770591e-08 3.846428826181771063e-08 3.856296478757625142e-08 3.821498626583145424e-08 3.882269989758166626e-08 3.865290970732520852e-08 3.884385317560478918e-08 3.878438118236645569e-08 3.859183877284583165e-08 3.883021324317499590e-08 3.874769398389499763e-08 3.823627253654165803e-08 3.856470995986374921e-08 3.852863822645166857e-08 3.866151442129604587e-08
3.817339877648854434e-08 3.841962354605351223e-08 3.855424833312126504e-08 3.831625097694718545e-08 3.834886343912788061e-08 3.800254961601576671e-08 3.841262835400016379e-08 3.815139066859246741e-08 3.790284545374073228e-08 3.832084838530957753e-08 3.787494460888841191e-08 3.831431342910489792e-08 3.849803098268624122e-08 3.774970995920997442e-08 3.831973024833615852e-08 3.842586211348213755e-08 3.812018475784275917e-08 3.798752648262036494e-08 3.807045509729928897e-08 3.830354889026417042e-08 3.798626810042671393e-08 3.821350201629966081e-08 3.832378613783700731e-08 3.830510771167651541e-08 3.819116961340857998e-08 3.790128171711552675e-08 3.787278943894552945e-08 3.818707644476262833e-08 3.810986149894587641e-08 3.840672010930848133e-08 3.814393969462620752e-08 3.824029658750085978e-08 3.789754823246674427e-08 3.849723683130850818e-08 3.832911976723930052e-08 3.851856055947851744e-08 3.846028843921345074e-08 3.826891265357619581e-08 3.850514555988995894e-08 3.842360490822076108e-08 3.791816372138843891e-08 3.824223370804012538e-08 3.820687308601763358e-08 3.833814850646569856e-08
3.840499910079143003e-08 3.865373816191838716e-08 3.878795966837513656e-08 3.854773033865026611e-08 3.858140652483990165e-08 3.823251282125119556e-08 3.864596830076910815e-08 3.838179329554691731e-08 3.813146498473197150e-08 3.855349698494288173e-08 3.810298696829806442e-08 3.854621665283945654e-08 3.873262608563664566e-08 3.797758901601589320e-08 3.855332928698984056e-08 3.865871826618544235e-08 3.835139086198399431e-08 3.821771970456930284e-08 3.830092660244252513e-08 3.853544689255854340e-08 3.821350201629966081e-08 3.844589142355621200e-08 3.855727926778751945e-08 3.853794360612461659e-08 3.842186662862050084e-08 3.813050434268133336e-08 3.810029300698859866e-08 3.841924949695252095e-08 3.834021094055027357e-08 3.864084592895745306e-08 3.837380458903907995e-08 3.847272266836427804e-08 3.812632372034159452e-08 3.873272339327883458e-08 3.856296529587915474e-08 3.875325526718005408e-08 3.869419931443485219e-08 3.850137218297391446e-08 3.873950751890845047e-08 3.865707004115207249e-08 3.814673119684780435e-08 3.847450257244631173e-08 3.843901379953979515e-08 3.857112106744436706e-08
3.851618268773900214e-08 3.876646619521522096e-08 3.890181200997062946e-08 3.865929836713967257e-08 3.869388587882738970e-08 3.834317522150729569e-08 3.875929312123666676e-08 3.849262969416233700e-08 3.824135312145375951e-08 3.866572551339822865e-08 3.821252017007300451e-08 3.865830067715463074e-08 3.884585230331023798e-08 3.808582269389795722e-08 3.866610557976032394e-08 3.877165306233130494e-08 3.846286170206940303e-08 3.832896546574817060e-08 3.841179766004414246e-08 3.864701221140187989e-08 3.832378613783700731e-08 3.855727926778751945e-08 3.867037381172605104e-08 3.865040613527797339e-08 3.853329667530638095e-08 3.824110339775816979e-08 3.820930776249594575e-08 3.853127026965960527e-08 3.845126503118308098e-08 3.875421708065955661e-08 3.848500873084736959e-08 3.858476899387752697e-08 3.823598255891988489e-08 3.884702609371141606e-08 3.867603857316321435e-08 3.886714559114399258e-08 3.880743621425261454e-08 3.861301336340226469e-08 3.885286815873677499e-08 3.876992425979257330e-08 3.825684576406231461e-08 3.858623397903761608e-08 3.855130325700358650e-08 3.868389015369599656e-08
3.849718388598155967e-08 3.874677508158891394e-08 3.888285330675221518e-08 3.864052590832282775e-08 3.867489670350481625e-08 3.832448098902934579e-08 3.873970615769747769e-08 3.847410216705329737e-08 3.822209959615058107e-08 3.864651411215547290e-08 3.819363216458167098e-08 3.863950577442419604e-08 3.882658531793550181e-08 3.806772880055434341e-08 3.864654600536978797e-08 3.875248250745249875e-08 3.844372602313636946e-08 3.830927836414026315e-08 3.839263025532122029e-08 3.862785146028104106e-08 3.830510771167651541e-08 3.853794360612461659e-08 3.865040613527797339e-08 3.863175050791667397e-08 3.851460054254756127e-08 3.822229901588878540e-08 3.819089491263708529e-08 3.851200161192089176e-08 3.843225807809535825e-08 3.873451581529405032e-08 3.846604719885827598e-08 3.856561655392270758e-08 3.821678688991770455e-08 3.882726295693333307e-08 3.865665020259044942e-08 3.884752108283851300e-08 3.878824187387208322e-08 3.859417124548717441e-08 3.883330825372961928e-08 3.875046930812961571e-08 3.823796227987015041e-08 3.856759932047562321e-08 3.853150309871389557e-08 3.866474893284840438e-08
3.838161002103019417e-08 3.863012660550662717e-08 3.876504838350480651e-08 3.852438129649967490e-08 3.855845263816702890e-08 3.820993500708014838e-08 3.862274527257577410e-08 3.835834218451205384e-08 3.810775984556156379e-08 3.852984704116313022e-08 3.808063149986485390e-08 3.852338137258551999e-08 3.870921172370978467e-08 3.795409889158226963e-08 3.852950809730470008e-08 3.863592110189526501e-08 3.832762046034838658e-08 3.819332836138891175e-08 3.827664107336679165e-08 3.851229879359853888e-08 3.819116961340857998e-08 3.842186662862050084e-08 3.853329667530638095e-08 3.851460054254756127e-08 3.840027936371754832e-08 3.810751830001802243e-08 3.807740403280116609e-08 3.839642671203075028e-08 3.831790296168191518e-08 3.861724662423306684e-08 3.835162647590640586e-08 3.844953625020878247e-08 3.810277467653092042e-08 3.870892332322704939e-08 3.853946425144410030e-08 3.872912397732455948e-08 3.867065397535907525e-08 3.847836037224931923e-08 3.871538653687475089e-08 3.863355495702346812e-08 3.812334687008802049e-08 3.845107511485012252e-08 3.841543245898909737e-08 3.854828854903507129e-08
3.809023066477262569e-08 3.833583443005702381e-08 3.847003350579665224e-08 3.823111765557784626e-08 3.826516657040815856e-08 3.791949456288106322e-08 3.832918564634085316e-08 3.806775071423890054e-08 3.781957632417152720e-08 3.823746524137478968e-08 3.779146801199368313e-08 3.823053641405874628e-08 3.841409162436638353e-08 3.766737799732785966e-08 3.823676308217964022e-08 3.834151295388190856e-08 3.803733829035718374e-08 3.790445152577724725e-08 3.798728622668970694e-08 3.821904430343374471e-08 3.790128171711552675e-08 3.813050434268133336e-08 3.824110339775816979e-08 3.822229901588878540e-08 3.810751830001802243e-08 3.781980969250853396e-08 3.778879318482776918e-08 3.810431837490254995e-08 3.802665556857753575e-08 3.832344146509823760e-08 3.805977693583217509e-08 3.815702898539970116e-08 3.781433023699284680e-08 3.841442998668863288e-08 3.824621421316073730e-08 3.843478158372640225e-08 3.837705179215589268e-08 3.818522028779801713e-08 3.842112302045960428e-08 3.833944344723822919e-08 3.783452210595464411e-08 3.815895907236318400e-08 3.812393761207872068e-08 3.825463796638314616e-08
3.806035558391539908e-08 3.830497258600909930e-08 3.843787482489941653e-08 3.820240488070524319e-08 3.823411879973109509e-08 3.789016595506806904e-08 3.829735438486162457e-08 3.803863726523660901e-08 3.779106599329822097e-08 3.820643608019115499e-08 3.776350811707896047e-08 3.820046164601129243e-08 3.838304357145579799e-08 3.764081878852390248e-08 3.820458213925395964e-08 3.831014367078708244e-08 3.800731539157961445e-08 3.787482136960282573e-08 3.795805070417473036e-08 3.818987007620979569e-08 3.787278943894552945e-08 3.810029300698859866e-08 3.820930776249594575e-08 3.819089491263708529e-08 3.807740403280116609e-08 3.778879318482776918e-08 3.776205036744000100e-08 3.807318338910032884e-08 3.799701673336884615e-08 3.829092653868476228e-08 3.803063171847092482e-08 3.812607640309187335e-08 3.778641654494458769e-08 3.838077911160750005e-08 3.821373787866922365e-08 3.840226874805827375e-08 3.834469607268708610e-08 3.815589609522705137e-08 3.838959182598756695e-08 3.830834363748152389e-08 3.780637895869175783e-08 3.812872514898625151e-08 3.809253844578071546e-08 3.822367556767261816e-08
3.837851010919231266e-08 3.862821669995254113e-08 3.876283998957895666e-08 3.852125565845300259e-08 3.855595786878157115e-08 3.820621641072333880e-08 3.862064664010625769e-08 3.835489065963315422e-08 3.810444120611209376e-08 3.852763288136364370e-08 3.807650958493696819e-08 3.852027352652861166e-08 3.870731687361857045e-08 3.794948658569420658e-08 3.852765186824531632e-08 3.863331143217006244e-08 3.832496477841355999e-08 3.819099170703691811e-08 3.827385799018789444e-08 3.850928479183917080e-08 3.818707644476262833e-08 3.841924949695252095e-08 3.853127026965960527e-08 3.851200161192089176e-08 3.839642671203075028e-08 3.810431837490254995e-08 3.807318338910032884e-08 3.839447506094938939e-08 3.831446713650349682e-08 3.861544691936914595e-08 3.834779826169923533e-08 3.844725822091419607e-08 3.809896249458530104e-08 3.870774985928892602e-08 3.853769542620654052e-08 3.872783053243524240e-08 3.866841974425304013e-08 3.847570113535914114e-08 3.871399778798302552e-08 3.863151951958903530e-08 3.811995481441230401e-08 3.844827038874012112e-08 3.841298622205649988e-08 3.854606223725266437e-08
3.829998428189918927e-08 3.854788564447548858e-08 3.868215748092764778e-08 3.844206414955673789e-08 3.847604644516560476e-08 3.812851236521178138e-08 3.854037389054115470e-08 3.827684177151215622e-08 3.802748831898833012e-08 3.844791921378111550e-08 3.799981954386157938e-08 3.844114622124294793e-08 3.862632980279460703e-08 3.787424858239466044e-08 3.844707983573237842e-08 3.855309077142077453e-08 3.824635307152636764e-08 3.811265928714701367e-08 3.819566506889055523e-08 3.843022102438333395e-08 3.810986149894587641e-08 3.834021094055027357e-08 3.845126503118308098e-08 3.843225807809535825e-08 3.831790296168191518e-08 3.802665556857753575e-08 3.799701673336884615e-08 3.831446713650349682e-08 3.823673234283653326e-08 3.853449147887570867e-08 3.826971400031849040e-08 3.836747883856725881e-08 3.802236902705803383e-08 3.862593210365252959e-08 3.845672055772646343e-08 3.864609495114528492e-08 3.858773371750196119e-08 3.839636312502175373e-08 3.863295762657935022e-08 3.855107166163208451e-08 3.804285083964272086e-08 3.836914555254217110e-08 3.833351709794706438e-08 3.846600445876126617e-08
3.859957842493265252e-08 3.885149893230408646e-08 3.898759839732396730e-08 3.874300268796463204e-08 3.877849924606394647e-08 3.842630863732142827e-08 3.884428060628206657e-08 3.857585261540222555e-08 3.832317625181329493e-08 3.874981920250917116e-08 3.829448916791816631e-08 3.874227791413843375e-08 3.893112135469513453e-08 3.816629411498554995e-08 3.875097329391538561e-08 3.885696693593383705e-08 3.854561132382577621e-08 3.841158149466678680e-08 3.849462483193066829e-08 3.873091070659770591e-08 3.840672010930848133e-08 3.864084592895745306e-08 3.875421708065955661e-08 3.873451581529405032e-08 3.861724662423306684e-08 3.832344146509823760e-08 3.829092653868476228e-08 3.861544691936914595e-08 3.853449147887570867e-08 3.883991332142046023e-08 3.856803808684296334e-08 3.866892467133410337e-08 3.831779430137794229e-08 3.893322855709526530e-08 3.876115707468108100e-08 3.895305697563304564e-08 3.889249818260121380e-08 3.869681868979505207e-08 3.893806082235936084e-08 3.885502025960088703e-08 3.833882746845413028e-08 3.867035735916601693e-08 3.863506180476177906e-08 3.876838850274488957e-08
3.833365014641896092e-08 3.858115562771586745e-08 3.871547489277474983e-08 3.847677297201987278e-08 3.851010046039921721e-08 3.816222827567212801e-08 3.857398407467005054e-08 3.831079156657792400e-08 3.806085474993761239e-08 3.848141781514957778e-08 3.803367249464220374e-08 3.847528768199258195e-08 3.866057287677915662e-08 3.790774583004543595e-08 3.848067895270050151e-08 3.858695519635472652e-08 3.828011877336139695e-08 3.814624296170899976e-08 3.822938592383945775e-08 3.846428826181771063e-08 3.814393969462620752e-08 3.837380458903907995e-08 3.848500873084736959e-08 3.846604719885827598e-08 3.835162647590640586e-08 3.805977693583217509e-08 3.803063171847092482e-08 3.834779826169923533e-08 3.826971400031849040e-08 3.856803808684296334e-08 3.830427949411336404e-08 3.840098596888642486e-08 3.805583565960469667e-08 3.865932330776981447e-08 3.849064314475173581e-08 3.868015743771960152e-08 3.862171603588883442e-08 3.843026667751151149e-08 3.866659261909545509e-08 3.858502392387776986e-08 3.807671443443426402e-08 3.840304433548362867e-08 3.836749318464110934e-08 3.849968139385076083e-08
3.843196800905056625e-08 3.868178923815133756e-08 3.881678390623255945e-08 3.857533814601819812e-08 3.860936008722887643e-08 3.825897640362738990e-08 3.867363429668550744e-08 3.840830336134508531e-08 3.815739645361602366e-08 3.858112328128689924e-08 3.812915120275812991e-08 3.857349088474387454e-08 3.876070923493577340e-08 3.800237231569279047e-08 3.858128540810541196e-08 3.868707725561041197e-08 3.837835453031318180e-08 3.824404658159856640e-08 3.832685954028134290e-08 3.856296478757625142e-08 3.824029658750085978e-08 3.847272266836427804e-08 3.858476899387752697e-08 3.856561655392270758e-08 3.844953625020878247e-08 3.815702898539970116e-08 3.812607640309187335e-08 3.844725822091419607e-08 3.836747883856725881e-08 3.866892467133410337e-08 3.840098596888642486e-08 3.850125697270249814e-08 3.815175538000187096e-08 3.876117397587416704e-08 3.859118608915282927e-08 3.878166461389945836e-08 3.872235509701624699e-08 3.852896143267263964e-08 3.876797853041282540e-08 3.868534546706344274e-08 3.817302070303517588e-08 3.850176013682583691e-08 3.846643055997350780e-08 3.859953040803815481e-08
3.808650133571210387e-08 3.833120054089130331e-08 3.846380125460893112e-08 3.822774974030038292e-08 3.825999538516827608e-08 3.791605944953423786e-08 3.832352892379902182e-08 3.806398328652984569e-08 3.781626746817011999e-08 3.823232391412426465e-08 3.778859870490916264e-08 3.822618693807327997e-08 3.840900953501377918e-08 3.766596388729859007e-08 3.823104458717645488e-08 3.833604120041582687e-08 3.803290645321392221e-08 3.790113960381487877e-08 3.798417984238151083e-08 3.821498626583145424e-08 3.789754823246674427e-08 3.812632372034159452e-08 3.823598255891988489e-08 3.821678688991770455e-08 3.810277467653092042e-08 3.781433023699284680e-08 3.778641654494458769e-08 3.809896249458530104e-08 3.802236902705803383e-08 3.831779430137794229e-08 3.805583565960469667e-08 3.815175538000187096e-08 3.781220426374041077e-08 3.840805527210437441e-08 3.824038682147722300e-08 3.842872700684214209e-08 3.837103489834124428e-08 3.818143525157481971e-08 3.841576252174618465e-08 3.833453007203055808e-08 3.783132386912532359e-08 3.815420795713833179e-08 3.811905232943824680e-08 3.824967765732780349e-08
3.869138189040442678e-08 3.894460896354845337e-08 3.908137223121180146e-08 3.883481745521702701e-08 3.887118596645779062e-08 3.851761006340343627e-08 3.893752634059490818e-08 3.866731291157845093e-08 3.841372215867086354e-08 3.884243388245184870e-08 3.838470246320332911e-08 3.883469075799882314e-08 3.902458761115443256e-08 3.825578353528011741e-08 3.884390308097479379e-08 3.894962753362312512e-08 3.863738909198556659e-08 3.850301390710517726e-08 3.858611191205761971e-08 3.882269989758166626e-08 3.849723683130850818e-08 3.873272339327883458e-08 3.884702609371141606e-08 3.882726295693333307e-08 3.870892332322704939e-08 3.841442998668863288e-08 3.838077911160750005e-08 3.870774985928892602e-08 3.862593210365252959e-08 3.893322855709526530e-08 3.865932330776981447e-08 3.876117397587416704e-08 3.840805527210437441e-08 3.902781934843999523e-08 3.885436944954424782e-08 3.904675725163907333e-08 3.898559205453103962e-08 3.878914307146276690e-08 3.903135529803237853e-08 3.894783908304362371e-08 3.842952166562898001e-08 3.876269896898479122e-08 3.872723177969418940e-08 3.886128960652955799e-08
3.852200945005965922e-08 3.877307889508544156e-08 3.890864532234858939e-08 3.866555988703810026e-08 3.870052287609972003e-08 3.834890075344326051e-08 3.876554816268407874e-08 3.849800864424107789e-08 3.824588223434170279e-08 3.867187847730086013e-08 3.821741227357201760e-08 3.866429894220761766e-08 3.885279286568840829e-08 3.808984186920607072e-08 3.867278523333921941e-08 3.877854955078711582e-08 3.846816576769578533e-08 3.833387487616707285e-08 3.841685116776999737e-08 3.865290970732520852e-08 3.832911976723930052e-08 3.856296529587915474e-08 3.867603857316321435e-08 3.865665020259044942e-08 3.853946425144410030e-08 3.824621421316073730e-08 3.821373787866922365e-08 3.853769542620654052e-08 3.845672055772646343e-08 3.876115707468108100e-08 3.849064314475173581e-08 3.859118608915282927e-08 3.824038682147722300e-08 3.885436944954424782e-08 3.868329035340502491e-08 3.887409729889690582e-08 3.881415499940193431e-08 3.861928591746045931e-08 3.885956128370639416e-08 3.877671091055731202e-08 3.826169526759044743e-08 3.859253599109443245e-08 3.855727429513286813e-08 3.869039753883734440e-08
3.871149458451260857e-08 3.896454030992741396e-08 3.910151941510227717e-08 3.885621177697503590e-08 3.889148793902823649e-08 3.853768910518107145e-08 3.895755001405064804e-08 3.868844505113301823e-08 3.843450405195899989e-08 3.886250050904676508e-08 3.840538443376673243e-08 3.885510292278013806e-08 3.904484648001384296e-08 3.827679857608469762e-08 3.886379142045409815e-08 3.897015586008309519e-08 3.865812737779736597e-08 3.852361098013658750e-08 3.860681330966285054e-08 3.884385317560478918e-08 3.851856055947851744e-08 3.875325526718005408e-08 3.886714559114399258e-08 3.884752108283851300e-08 3.872912397732455948e-08 3.843478158372640225e-08 3.840226874805827375e-08 3.872783053243524240e-08 3.864609495114528492e-08 3.895305697563304564e-08 3.868015743771960152e-08 3.878166461389945836e-08 3.842872700684214209e-08 3.904675725163907333e-08 3.887409729889690582e-08 3.906761234371990666e-08 3.900604136692869241e-08 3.880933004676220709e-08 3.905196328820449821e-08 3.896835927624981719e-08 3.845061051478547088e-08 3.878338698421847740e-08 3.874732870010576665e-08 3.888119823699298229e-08
