2.927777674099320088e-08 2.953272656813350153e-08 2.967380506251615566e-08 2.948920982355569271e-08 2.941521639441709849e-08 2.918810974531717582e-08 2.950932446689668744e-08 2.931898106480017436e-08 2.903709621985544302e-08 2.942729637539753224e-08 2.909644581044089979e-08 2.945928097837967546e-08 2.968371762937416190e-08 2.885991503914285930e-08 2.946358303358545962e-08 2.950279661201402504e-08 2.923034780913732429e-08 2.922162232272745793e-08 2.925153680312330237e-08 2.934965096172957511e-08 2.912540003257399155e-08 2.938087880121003083e-08 2.949309478171725894e-08 2.949217858278147223e-08 2.926203523394471852e-08 2.913320013204719656e-08 2.899170614415517879e-08 2.932007352394217284e-08 2.926887345880697785e-08 2.949376097638307949e-08 2.926234989145748242e-08 2.940761038215901376e-08 2.904472809179421682e-08 2.966634368680570604e-08 2.945499272014965720e-08 2.964069216750382418e-08 2.952699216514328178e-08 2.936872663021767739e-08 2.962656508847194432e-08 2.952269212393494270e-08 2.910979358280996031e-08 2.942636681257567918e-08 2.933106967506207662e-08 2.951035548675764577e-08
2.953272656813350153e-08 2.979610301596853379e-08 2.993845612307354933e-08 2.975001184525849784e-08 2.967435099148384566e-08 2.944065042196811029e-08 2.977054544763435003e-08 2.957420816394770442e-08 2.928737469647236400e-08 2.968660418178953871e-08 2.934662493578741256e-08 2.971860866592644100e-08 2.994992163317814985e-08 2.910621475713393068e-08 2.972415931966920833e-08 2.976369962092517594e-08 2.948576376259397381e-08 2.947557534789796681e-08 2.950607710921046362e-08 2.960620016556718574e-08 2.937711130577209578e-08 2.963982816366453737e-08 2.975495265153572008e-08 2.975093874407526164e-08 2.951576982301700908e-08 2.938657261612330502e-08 2.924168998379038195e-08 2.957792445463476093e-08 2.952480847604335873e-08 2.975371885981803515e-08 2.951679072424065688e-08 2.966580737762415288e-08 2.929508125084056327e-08 2.993175759857100424e-08 2.971553005006291150e-08 2.990685817897958257e-08 2.978809859582610299e-08 2.962917422906122009e-08 2.988930724687881594e-08 2.978527068703443388e-08 2.936253323832610976e-08 2.968588424654080902e-08 2.958964003530783717e-08 2.977066562518833950e-08
2.967380506251615566e-08 2.993845612307354933e-08 3.008441606725849916e-08 2.989299712084949015e-08 2.981625759225680513e-08 2.958007093732482970e-08 2.991340565774277352e-08 2.971612198328188445e-08 2.942645948287457619e-08 2.982902628954804562e-08 2.948661371670025599e-08 2.986070651230398662e-08 3.009477088367389051e-08 2.924395476726487898e-08 2.986692931970067378e-08 2.990649690762032975e-08 2.962649215450978269e-08 2.961570873147278972e-08 2.964689724918111953e-08 2.974777622242346439e-08 2.951675692045450479e-08 2.978172581796470544e-08 2.989755785720535156e-08 2.989288755929506969e-08 2.965660746636562969e-08 2.952708119115093732e-08 2.938154510250383294e-08 2.971921827838734363e-08 2.966619420945322662e-08 2.989600717906674618e-08 2.965701206131972201e-08 2.980821946500255751e-08 2.943389936591580292e-08 3.007673546555781923e-08 2.985839758904040226e-08 3.005116644472789473e-08 2.993137153427167711e-08 2.977137244958715364e-08 3.003294404032186229e-08 2.992849470654250788e-08 2.950244592541751977e-08 2.982815951160671748e-08 2.973117830543070105e-08 2.991339626058078419e-08
2.948920982355569271e-08 2.975001184525849784e-08 2.989299712084949015e-08 2.970646413495152962e-08 2.963026255104208688e-08 2.939768614508800761e-08 2.972608924652167951e-08 2.953084574411266226e-08 2.924506857933460981e-08 2.964226467975170222e-08 2.930413537608674024e-08 2.967440214012967383e-08 2.990447708985330549e-08 2.906439178287201827e-08 2.967926212152295146e-08 2.971928370230568563e-08 2.944201714661650162e-08 2.943221321424830871e-08 2.946304404676914056e-08 2.956236831395876570e-08 2.933455597834482024e-08 2.959514389198087028e-08 2.970980641261307879e-08 2.970659895644812397e-08 2.947281722775722658e-08 2.934341788958886590e-08 2.919946906630101712e-08 2.953342596206717856e-08 2.948132887580697055e-08 2.970945004834140054e-08 2.947329379251998072e-08 2.962185939547151074e-08 2.925269840781505066e-08 2.988609155570152995e-08 2.967101687808715696e-08 2.986093271481632867e-08 2.974388553093494662e-08 2.958434820288434296e-08 2.984460502438860316e-08 2.973996083030994346e-08 2.931951359474746362e-08 2.964156072565900588e-08 2.954525900931207578e-08 2.972601954963265214e-08
2.941521639441709849e-08 2.967435099148384566e-08 2.981625759225680513e-08 2.963026255104208688e-08 2.955742775589711065e-08 2.932583598801403184e-08 2.965113368441921925e-08 2.945728445369217610e-08 2.917422529975382549e-08 2.956759154944260117e-08 2.923276502836437291e-08 2.959935701503486512e-08 2.982704235293495173e-08 2.899457437569939821e-08 2.960496256408971797e-08 2.964377603464626344e-08 2.936898018797448807e-08 2.935957969274489766e-08 2.939044153874490555e-08 2.948889627120961342e-08 2.926224589865942631e-08 2.952089978748426559e-08 2.963435505563094340e-08 2.963179156813605319e-08 2.939946367808418186e-08 2.927115142968325367e-08 2.912860339638223454e-08 2.945890985003486517e-08 2.940759088485842710e-08 2.963516389617006904e-08 2.940044957710161531e-08 2.954804914826869699e-08 2.918127380252848563e-08 2.980878066014625976e-08 2.959613010999064036e-08 2.978376523146980365e-08 2.966817417592983891e-08 2.951015094038222397e-08 2.976821270116580081e-08 2.966438133386735269e-08 2.924762847182568631e-08 2.956664763058121415e-08 2.947157866731121567e-08 2.965137577721045213e-08
2.918810974531717582e-08 2.944065042196811029e-08 2.958007093732482970e-08 2.939768614508800761e-08 2.932583598801403184e-08 2.910448466788350279e-08 2.941799249104889500e-08 2.923020378669727457e-08 2.895263518268792118e-08 2.933722122159778931e-08 2.901201601148724953e-08 2.936946220434183289e-08 2.958937650928444100e-08 2.877893272906845604e-08 2.937423014977848956e-08 2.941145596671300896e-08 2.914266075084437788e-08 2.913601914306887394e-08 2.916464392183970634e-08 2.926091327643070300e-08 2.903879222735798242e-08 2.929106910311861771e-08 2.940148204248214783e-08 2.940208512932993177e-08 2.917397531780101359e-08 2.904751433120323013e-08 2.890859054543367053e-08 2.922978863425850543e-08 2.918031383423426396e-08 2.940378997428741394e-08 2.917519810330528152e-08 2.931929591874745571e-08 2.896066523652169449e-08 2.957316787896300545e-08 2.936493665637625795e-08 2.954654617181377835e-08 2.943593989983247148e-08 2.927968717332950438e-08 2.953442315915730961e-08 2.943015084568666216e-08 2.902374602064497965e-08 2.933648213910160371e-08 2.924170322315263256e-08 2.941879547856504338e-08
2.950932446689668744e-08 2.977054544763435003e-08 2.991340565774277352e-08 2.972608924652167951e-08 2.965113368441921925e-08 2.941799249104889500e-08 2.974846150275508977e-08 2.955057103944685700e-08 2.926533773838265391e-08 2.966252086044771063e-08 2.932407654072874015e-08 2.969462890279889270e-08 2.992506899234905954e-08 2.908414747194047515e-08 2.970033300057525601e-08 2.973891408948002274e-08 2.946250502334480860e-08 2.945225647578146059e-08 2.948327817561479433e-08 2.958266865119005022e-08 2.935428166425637906e-08 2.961540794021854724e-08 2.973052289309523734e-08 2.972723234598044077e-08 2.949298236050169476e-08 2.936276637403316732e-08 2.921879950861861887e-08 2.955371754796555551e-08 2.950129554532100126e-08 2.973001324502762605e-08 2.949321397309905434e-08 2.964176583078741735e-08 2.927239194505696788e-08 2.990708461443834650e-08 2.969172568371046028e-08 2.988039794850214517e-08 2.976453733965136448e-08 2.960523418353527889e-08 2.986473916943580143e-08 2.976061979979720064e-08 2.933887674898470044e-08 2.966154237751657671e-08 2.956569119905994134e-08 2.974638020025426795e-08
2.931898106480017436e-08 2.957420816394770442e-08 2.971612198328188445e-08 2.953084574411266226e-08 2.945728445369217610e-08 2.923020378669727457e-08 2.955057103944685700e-08 2.936215666126020416e-08 2.907862831795153072e-08 2.946932545843537883e-08 2.913904532789158060e-08 2.950116579153061071e-08 2.972544552794897827e-08 2.890239216915476478e-08 2.950595386131505553e-08 2.954473806232099840e-08 2.927199651669811921e-08 2.926405065308545015e-08 2.929366206627295852e-08 2.939179666102550191e-08 2.916758372777211079e-08 2.942315682347704198e-08 2.953498380288987879e-08 2.953396734020026586e-08 2.930345794830867768e-08 2.917604682774829414e-08 2.903482316820706647e-08 2.936136337600977770e-08 2.931071141273087297e-08 2.953619713802634529e-08 2.930421530661564465e-08 2.944987349439497789e-08 2.908668920717388717e-08 2.970836897088350604e-08 2.949687989383376140e-08 2.968241790297958719e-08 2.956896615470110556e-08 2.941124382479039724e-08 2.966797873085798552e-08 2.956468142318026898e-08 2.915184127274277021e-08 2.946860183593665607e-08 2.937302839972448946e-08 2.955189694116751590e-08
2.903709621985544302e-08 2.928737469647236400e-08 2.942645948287457619e-08 2.924506857933460981e-08 2.917422529975382549e-08 2.895263518268792118e-08 2.926533773838265391e-08 2.907862831795153072e-08 2.880504992465730433e-08 2.918508135107780466e-08 2.886318819511394558e-08 2.921749502420875929e-08 2.943517336930485036e-08 2.862967591599403993e-08 2.922117168981080332e-08 2.925907072837627724e-08 2.899153641100680298e-08 2.898513184931803358e-08 2.901370759702635224e-08 2.910925427504548240e-08 2.888887451910331555e-08 2.913967749803613390e-08 2.924849978072618757e-08 2.924980218588732302e-08 2.902348465321087793e-08 2.889703779615391729e-08 2.875943385943834896e-08 2.907769859291708792e-08 2.903005867838775225e-08 2.925199638594768535e-08 2.902414394497151389e-08 2.916728518701446278e-08 2.881069774735629219e-08 2.941835429977211296e-08 2.921260722915943557e-08 2.939315887999278061e-08 2.928408612366454084e-08 2.912733546685501126e-08 2.938064812689327507e-08 2.927755700110202982e-08 2.887443032714370105e-08 2.918504680366028213e-08 2.908976125664199752e-08 2.926675364565221463e-08
2.942729637539753224e-08 2.968660418178953871e-08 2.982902628954804562e-08 2.964226467975170222e-08 2.956759154944260117e-08 2.933722122159778931e-08 2.966252086044771063e-08 2.946932545843537883e-08 2.918508135107780466e-08 2.958047442522874385e-08 2.924479935687415499e-08 2.961166031878528823e-08 2.983901594467729228e-08 2.900562174950594768e-08 2.961668081204634105e-08 2.965571062079336983e-08 2.938090178250212107e-08 2.937223613916709206e-08 2.940171475039625763e-08 2.950025995552593916e-08 2.927377695780442475e-08 2.953288662606208948e-08 2.964634552489881359e-08 2.964421801756505189e-08 2.941093790652423439e-08 2.928269669167050216e-08 2.914002734369558290e-08 2.947140515999362122e-08 2.941960684895450919e-08 2.964652587957610017e-08 2.941179311401062390e-08 2.955964757084567007e-08 2.919247864984310914e-08 2.982215066506418633e-08 2.960793648473340649e-08 2.979626155846258450e-08 2.968058599363605281e-08 2.952190965838307158e-08 2.978092991101743326e-08 2.967650162049021827e-08 2.925882309184440184e-08 2.957871569432483300e-08 2.948304105330739306e-08 2.966324543034184626e-08
2.909644581044089979e-08 2.934662493578741256e-08 2.948661371670025599e-08 2.930413537608674024e-08 2.923276502836437291e-08 2.901201601148724953e-08 2.932407654072874015e-08 2.913904532789158060e-08 2.886318819511394558e-08 2.924479935687415499e-08 2.892403385937329620e-08 2.927694703538308185e-08 2.949486576745877490e-08 2.868932550778273976e-08 2.928050045698852443e-08 2.931852759810757055e-08 2.905087504381675270e-08 2.904534147175085003e-08 2.907288192054251972e-08 2.916895913371853854e-08 2.894856271471300986e-08 2.919967540387415252e-08 2.930776050836011746e-08 2.930930637446345185e-08 2.908285218584012934e-08 2.895688438750764909e-08 2.881911977497448766e-08 2.913694102298725906e-08 2.908912658478400661e-08 2.931071267450637255e-08 2.908327718952125494e-08 2.922705541873298270e-08 2.886974676708205483e-08 2.947836951833672937e-08 2.927201289069600628e-08 2.945220061273767058e-08 2.934351049435544098e-08 2.918687765976615764e-08 2.944031076107653723e-08 2.933668821020960223e-08 2.893369925041794174e-08 2.924460614362882414e-08 2.914914496661478704e-08 2.932583470310034500e-08
2.945928097837967546e-08 2.971860866592644100e-08 2.986070651230398662e-08 2.967440214012967383e-08 2.959935701503486512e-08 2.936946220434183289e-08 2.969462890279889270e-08 2.950116579153061071e-08 2.921749502420875929e-08 2.961166031878528823e-08 2.927694703538308185e-08 2.964481863350850445e-08 2.987144427828444191e-08 2.903781257461011611e-08 2.964826901859098179e-08 2.968766116340049920e-08 2.941253678899021412e-08 2.940368191765221556e-08 2.943390216002722083e-08 2.953252858618070951e-08 2.930608931600381554e-08 2.956531900155611813e-08 2.967842783173214071e-08 2.967638971389243948e-08 2.944341066528019020e-08 2.931503806103656253e-08 2.917215426622533810e-08 2.950291687190433523e-08 2.945195221460926621e-08 2.967929953874574054e-08 2.944399049738862465e-08 2.959155449937245097e-08 2.922491509802167816e-08 2.985390383615050885e-08 2.964020787523045489e-08 2.982856416408460396e-08 2.971324682479082335e-08 2.955396013693366398e-08 2.981286916007395887e-08 2.970890309314497105e-08 2.929126173466581242e-08 2.961153373537244592e-08 2.951455039873598088e-08 2.969499156319004867e-08
2.968371762937416190e-08 2.994992163317814985e-08 3.009477088367389051e-08 2.990447708985330549e-08 2.982704235293495173e-08 2.958937650928444100e-08 2.992506899234905954e-08 2.972544552794897827e-08 2.943517336930485036e-08 2.983901594467729228e-08 2.949486576745877490e-08 2.987144427828444191e-08 3.010802445500509720e-08 2.925206697028869248e-08 2.987761390204973927e-08 2.991794051133247979e-08 2.963634056705101809e-08 2.962504734382270779e-08 2.965675783332270399e-08 2.975848105328911447e-08 2.952646758501445786e-08 2.979256120271895913e-08 2.990893910955059306e-08 2.990353331662372247e-08 2.966679463449829629e-08 2.953588273113349792e-08 2.938924451848554067e-08 2.972986963207610902e-08 2.967614069794982692e-08 2.990678731630568641e-08 2.966708062881760218e-08 2.981856490442091556e-08 2.944318857404718999e-08 3.008821171343664327e-08 2.986901949724786976e-08 3.006291304333120589e-08 2.994236897711946912e-08 2.978235360894387564e-08 3.004429877793919582e-08 2.993958928739030508e-08 2.951158262095281160e-08 2.983906255346258397e-08 2.974204469035671710e-08 2.992400161912074738e-08
2.885991503914285930e-08 2.910621475713393068e-08 2.924395476726487898e-08 2.906439178287201827e-08 2.899457437569939821e-08 2.877893272906845604e-08 2.908414747194047515e-08 2.890239216915476478e-08 2.862967591599403993e-08 2.900562174950594768e-08 2.868932550778273976e-08 2.903781257461011611e-08 2.925206697028869248e-08 2.846049716579166560e-08 2.904225706408035736e-08 2.907871748453869019e-08 2.881517091205356355e-08 2.880959466251488058e-08 2.883745650788988394e-08 2.893204919884523905e-08 2.871422928680059645e-08 2.896092208361011798e-08 2.906809743593749755e-08 2.907051614417261830e-08 2.884739909343154735e-08 2.872264611686309573e-08 2.858715398778273354e-08 2.889980676698511608e-08 2.885206968969940762e-08 2.907162303035118512e-08 2.884850899847618915e-08 2.898904458013987660e-08 2.863776470265476423e-08 2.923608367414286320e-08 2.903283766946130459e-08 2.920979490766964244e-08 2.910230090840773152e-08 2.894856480749106700e-08 2.919890599967261391e-08 2.909624813230356942e-08 2.869923726719940579e-08 2.900539669934820787e-08 2.891131794988392461e-08 2.908590319933928992e-08
2.946358303358545962e-08 2.972415931966920833e-08 2.986692931970067378e-08 2.967926212152295146e-08 2.960496256408971797e-08 2.937423014977848956e-08 2.970033300057525601e-08 2.950595386131505553e-08 2.922117168981080332e-08 2.961668081204634105e-08 2.928050045698852443e-08 2.964826901859098179e-08 2.987761390204973927e-08 2.904225706408035736e-08 2.965578178380272257e-08 2.969277692454378876e-08 2.941736465247661440e-08 2.940837045370365569e-08 2.943839754724532193e-08 2.953756055292304543e-08 2.930984658563052592e-08 2.957007540269217541e-08 2.968373152334225777e-08 2.968120485451360317e-08 2.944767408902508052e-08 2.931893956749957407e-08 2.917637272170280459e-08 2.950805030400765342e-08 2.945620503954208377e-08 2.968368811941284155e-08 2.944951604282057298e-08 2.959713655538520051e-08 2.922875867730910310e-08 2.986013797883545412e-08 2.964555831028656603e-08 2.983408115553656094e-08 2.971746568867007264e-08 2.955993673841114024e-08 2.981765796080824831e-08 2.971401514264923098e-08 2.929468166433672800e-08 2.961593896492686941e-08 2.952038835274361534e-08 2.969984742730229611e-08
2.950279661201402504e-08 2.976369962092517594e-08 2.990649690762032975e-08 2.971928370230568563e-08 2.964377603464626344e-08 2.941145596671300896e-08 2.973891408948002274e-08 2.954473806232099840e-08 2.925907072837627724e-08 2.965571062079336983e-08 2.931852759810757055e-08 2.968766116340049920e-08 2.991794051133247979e-08 2.907871748453869019e-08 2.969277692454378876e-08 2.973370867428485881e-08 2.945588017753315985e-08 2.944633217560246445e-08 2.947644350595663294e-08 2.957664466135458995e-08 2.934825287669897929e-08 2.960916481410586820e-08 2.972326034827976242e-08 2.972015817107312828e-08 2.948669588486139896e-08 2.935727605788052877e-08 2.921347171153018777e-08 2.954698867423383795e-08 2.949503742118197700e-08 2.972293668052890841e-08 2.948697263114498703e-08 2.963610611309650965e-08 2.926674932791921289e-08 2.989892544930569650e-08 2.968432034087882665e-08 2.987421083687882296e-08 2.975710686114328241e-08 2.959770650850935468e-08 2.985767829386776943e-08 2.975293146322661530e-08 2.933353894466411687e-08 2.965540387172151180e-08 2.955892690172874301e-08 2.973969611698682657e-08
2.923034780913732429e-08 2.948576376259397381e-08 2.962649215450978269e-08 2.944201714661650162e-08 2.936898018797448807e-08 2.914266075084437788e-08 2.946250502334480860e-08 2.927199651669811921e-08 2.899153641100680298e-08 2.938090178250212107e-08 2.905087504381675270e-08 2.941253678899021412e-08 2.963634056705101809e-08 2.881517091205356355e-08 2.941736465247661440e-08 2.945588017753315985e-08 2.918490750088520724e-08 2.917618925076870650e-08 2.920537389387287223e-08 2.930328888307865624e-08 2.907911411239456049e-08 2.933418899739794839e-08 2.944611125888094953e-08 2.944519831642474836e-08 2.921520594333715531e-08 2.908747933208503224e-08 2.894707457002210608e-08 2.927359515582355709e-08 2.922263426443579697e-08 2.944716449916113636e-08 2.921598942257185139e-08 2.936157726973001475e-08 2.899929782909693776e-08 2.961902115226232378e-08 2.940859943408290530e-08 2.959349783233290417e-08 2.947995816640305673e-08 2.932271253166794132e-08 2.957936868578783909e-08 2.947573729569472278e-08 2.906415886304889318e-08 2.937949805385501768e-08 2.928494853079633685e-08 2.946342508222831442e-08
2.922162232272745793e-08 2.947557534789796681e-08 2.961570873147278972e-08 2.943221321424830871e-08 2.935957969274489766e-08 2.913601914306887394e-08 2.945225647578146059e-08 2.926405065308545015e-08 2.898513184931803358e-08 2.937223613916709206e-08 2.904534147175085003e-08 2.940368191765221556e-08 2.962504734382270779e-08 2.880959466251488058e-08 2.940837045370365569e-08 2.944633217560246445e-08 2.917618925076870650e-08 2.917053320493707418e-08 2.919770958493707533e-08 2.929478575749490053e-08 2.907206740590391113e-08 2.932544891520875983e-08 2.943617123693451895e-08 2.943694480845578409e-08 2.920723615576743055e-08 2.908022888032950095e-08 2.894050707120025205e-08 2.926417834821470896e-08 2.921480335456632474e-08 2.943809458186138733e-08 2.920792003636436870e-08 2.935316191207100220e-08 2.899229521436522278e-08 2.960827735562330059e-08 2.939896754359991450e-08 2.958199596547491574e-08 2.947117556540561211e-08 2.931374854490858626e-08 2.956959001723256213e-08 2.946522705811394687e-08 2.905662993453061782e-08 2.937089322300849639e-08 2.927617545456760606e-08 2.945372544357483115e-08
2.925153680312330237e-08 2.950607710921046362e-08 2.964689724918111953e-08 2.946304404676914056e-08 2.939044153874490555e-08 2.916464392183970634e-08 2.948327817561479433e-08 2.929366206627295852e-08 2.901370759702635224e-08 2.940171475039625763e-08 2.907288192054251972e-08 2.943390216002722083e-08 2.965675783332270399e-08 2.883745650788988394e-08 2.943839754724532193e-08 2.947644350595663294e-08 2.920537389387287223e-08 2.919770958493707533e-08 2.922769134360373868e-08 2.932434456661989639e-08 2.910093468873724876e-08 2.935544256920876347e-08 2.946686384705952400e-08 2.946630099183078473e-08 2.923685419080909913e-08 2.910944044526700992e-08 2.896913851382525093e-08 2.929386637054804029e-08 2.924384513217049557e-08 2.946851037704889136e-08 2.923754363369769728e-08 2.938273422496683588e-08 2.902129204303189030e-08 2.963973082083163343e-08 2.942948671624574747e-08 2.961367248266241961e-08 2.950105500473894578e-08 2.934415116649191904e-08 2.960016731762839916e-08 2.949641297515560799e-08 2.908588254873894129e-08 2.940090157734183699e-08 2.930590673048426533e-08 2.948421670755399775e-08
2.934965096172957511e-08 2.960620016556718574e-08 2.974777622242346439e-08 2.956236831395876570e-08 2.948889627120961342e-08 2.926091327643070300e-08 2.958266865119005022e-08 2.939179666102550191e-08 2.910925427504548240e-08 2.950025995552593916e-08 2.916895913371853854e-08 2.953252858618070951e-08 2.975848105328911447e-08 2.893204919884523905e-08 2.953756055292304543e-08 2.957664466135458995e-08 2.930328888307865624e-08 2.929478575749490053e-08 2.932434456661989639e-08 2.942351341577211052e-08 2.919787794093027008e-08 2.945428209252593265e-08 2.956651967348511597e-08 2.956542628440689333e-08 2.933463137006335352e-08 2.920604644053741380e-08 2.906429521867389633e-08 2.939296667699320032e-08 2.934201139419174879e-08 2.956760849406589867e-08 2.933511489076827678e-08 2.948157436589371103e-08 2.911708531773681796e-08 2.973997962064625974e-08 2.952843864401147357e-08 2.971464526284481654e-08 2.960066016399234722e-08 2.944245972579889228e-08 2.970007839168665594e-08 2.959623479376317848e-08 2.918241675099234792e-08 2.949983284814370408e-08 2.940462219383205789e-08 2.958363701939795993e-08
2.912540003257399155e-08 2.937711130577209578e-08 2.951675692045450479e-08 2.933455597834482024e-08 2.926224589865942631e-08 2.903879222735798242e-08 2.935428166425637906e-08 2.916758372777211079e-08 2.888887451910331555e-08 2.927377695780442475e-08 2.894856271471300986e-08 2.930608931600381554e-08 2.952646758501445786e-08 2.871422928680059645e-08 2.930984658563052592e-08 2.934825287669897929e-08 2.907911411239456049e-08 2.907206740590391113e-08 2.910093468873724876e-08 2.919787794093027008e-08 2.897671037982568260e-08 2.922807163534608773e-08 2.933813115186904670e-08 2.933887200015263907e-08 2.911088719131462890e-08 2.898380714309353545e-08 2.884440335196598872e-08 2.916711898533716545e-08 2.911762437584396281e-08 2.934067662757100247e-08 2.911176848305612519e-08 2.925512468017177062e-08 2.889649635570663107e-08 2.950917255457398220e-08 2.930101073137245649e-08 2.948367779676827917e-08 2.937296205212670090e-08 2.921564262313265202e-08 2.947092696170621242e-08 2.936774497043920206e-08 2.896064310887670092e-08 2.927315828533843472e-08 2.917856550513222711e-08 2.935599403718240020e-08
2.938087880121003083e-08 2.963982816366453737e-08 2.978172581796470544e-08 2.959514389198087028e-08 2.952089978748426559e-08 2.929106910311861771e-08 2.961540794021854724e-08 2.942315682347704198e-08 2.913967749803613390e-08 2.953288662606208948e-08 2.919967540387415252e-08 2.956531900155611813e-08 2.979256120271895913e-08 2.896092208361011798e-08 2.957007540269217541e-08 2.960916481410586820e-08 2.933418899739794839e-08 2.932544891520875983e-08 2.935544256920876347e-08 2.945428209252593265e-08 2.922807163534608773e-08 2.948774556377040970e-08 2.959955996823214087e-08 2.959699135062755214e-08 2.936506297410756812e-08 2.923715527473299119e-08 2.909479525448724824e-08 2.942425179184779443e-08 2.937311952753783960e-08 2.959993124611777250e-08 2.936616826771895773e-08 2.951344260888733416e-08 2.914714469811394318e-08 2.977487907685586674e-08 2.956145772252507880e-08 2.974955846631675705e-08 2.963385174869855448e-08 2.947612031004974715e-08 2.973313856141326202e-08 2.962964545188604949e-08 2.921341888776105332e-08 2.953320602611649735e-08 2.943631582095323046e-08 2.961584243921683933e-08
2.949309478171725894e-08 2.975495265153572008e-08 2.989755785720535156e-08 2.970980641261307879e-08 2.963435505563094340e-08 2.940148204248214783e-08 2.973052289309523734e-08 2.953498380288987879e-08 2.924849978072618757e-08 2.964634552489881359e-08 2.930776050836011746e-08 2.967842783173214071e-08 2.990893910955059306e-08 2.906809743593749755e-08 2.968373152334225777e-08 2.972326034827976242e-08 2.944611125888094953e-08 2.943617123693451895e-08 2.946686384705952400e-08 2.956651967348511597e-08 2.933813115186904670e-08 2.959955996823214087e-08 2.971486655454166629e-08 2.971096844962797505e-08 2.947668165170535371e-08 2.934758823363988396e-08 2.920303684083928525e-08 2.953779823354464353e-08 2.948523331183928282e-08 2.971370645398808967e-08 2.947689280663392772e-08 2.962568985951785905e-08 2.925621364707738577e-08 2.989071554286309620e-08 2.967521301790773675e-08 2.986500647442856518e-08 2.974777368894345238e-08 2.958897829988094471e-08 2.984839320058630886e-08 2.974456654573511562e-08 2.932318763725595423e-08 2.964570147655952327e-08 2.954964013595237895e-08 2.973009031221130626e-08
2.949217858278147223e-08 2.975093874407526164e-08 2.989288755929506969e-08 2.970659895644812397e-08 2.963179156813605319e-08 2.940208512932993177e-08 2.972723234598044077e-08 2.953396734020026586e-08 2.924980218588732302e-08 2.964421801756505189e-08 2.930930637446345185e-08 2.967638971389243948e-08 2.990353331662372247e-08 2.907051614417261830e-08 2.968120485451360317e-08 2.972015817107312828e-08 2.944519831642474836e-08 2.943694480845578409e-08 2.946630099183078473e-08 2.956542628440689333e-08 2.933887200015263907e-08 2.959699135062755214e-08 2.971096844962797505e-08 2.970994861081802638e-08 2.947650587379209205e-08 2.934689627672704487e-08 2.920374782278486566e-08 2.953595943485076451e-08 2.948449924456462830e-08 2.971157525785586603e-08 2.947682080110289212e-08 2.962389818417601676e-08 2.925709147696215926e-08 2.988569971640646468e-08 2.967213288047449126e-08 2.985979956453699335e-08 2.974521627399617500e-08 2.958554318076402834e-08 2.984527184085373993e-08 2.974086978951700406e-08 2.932303517866284489e-08 2.964316350686351491e-08 2.954740839498894412e-08 2.972767010496981259e-08
2.926203523394471852e-08 2.951576982301700908e-08 2.965660746636562969e-08 2.947281722775722658e-08 2.939946367808418186e-08 2.917397531780101359e-08 2.949298236050169476e-08 2.930345794830867768e-08 2.902348465321087793e-08 2.941093790652423439e-08 2.908285218584012934e-08 2.944341066528019020e-08 2.966679463449829629e-08 2.884739909343154735e-08 2.944767408902508052e-08 2.948669588486139896e-08 2.921520594333715531e-08 2.920723615576743055e-08 2.923685419080909913e-08 2.933463137006335352e-08 2.911088719131462890e-08 2.936506297410756812e-08 2.947668165170535371e-08 2.947650587379209205e-08 2.924794946397279067e-08 2.911899904671938655e-08 2.897828273964370844e-08 2.930408275534268476e-08 2.925390033125977880e-08 2.947778278912032293e-08 2.924751266435245968e-08 2.939222039663052960e-08 2.903089482213009554e-08 2.964852778144472555e-08 2.943907105825765481e-08 2.962295058194514938e-08 2.951057538991156529e-08 2.935283393768536918e-08 2.960964090094387739e-08 2.950580107268239412e-08 2.909553074936989657e-08 2.941064419617218882e-08 2.931516768504081612e-08 2.949377705224446708e-08
2.913320013204719656e-08 2.938657261612330502e-08 2.952708119115093732e-08 2.934341788958886590e-08 2.927115142968325367e-08 2.904751433120323013e-08 2.936276637403316732e-08 2.917604682774829414e-08 2.889703779615391729e-08 2.928269669167050216e-08 2.895688438750764909e-08 2.931503806103656253e-08 2.953588273113349792e-08 2.872264611686309573e-08 2.931893956749957407e-08 2.935727605788052877e-08 2.908747933208503224e-08 2.908022888032950095e-08 2.910944044526700992e-08 2.920604644053741380e-08 2.898380714309353545e-08 2.923715527473299119e-08 2.934758823363988396e-08 2.934689627672704487e-08 2.911899904671938655e-08 2.899390825798639519e-08 2.885391513290646161e-08 2.917518494364073480e-08 2.912591532847193389e-08 2.934939283564837728e-08 2.911948071865433920e-08 2.926423019282653136e-08 2.890473562722448746e-08 2.951892877306802658e-08 2.931053747564923216e-08 2.949370095400340103e-08 2.938167522765051410e-08 2.922541627230229129e-08 2.947978437496811577e-08 2.937683142896300930e-08 2.896958076929634545e-08 2.928246078668069649e-08 2.918684307771258439e-08 2.936430635702763878e-08
2.899170614415517879e-08 2.924168998379038195e-08 2.938154510250383294e-08 2.919946906630101712e-08 2.912860339638223454e-08 2.890859054543367053e-08 2.921879950861861887e-08 2.903482316820706647e-08 2.875943385943834896e-08 2.914002734369558290e-08 2.881911977497448766e-08 2.917215426622533810e-08 2.938924451848554067e-08 2.858715398778273354e-08 2.917637272170280459e-08 2.921347171153018777e-08 2.894707457002210608e-08 2.894050707120025205e-08 2.896913851382525093e-08 2.906429521867389633e-08 2.884440335196598872e-08 2.909479525448724824e-08 2.920303684083928525e-08 2.920374782278486566e-08 2.897828273964370844e-08 2.885391513290646161e-08 2.871735261315901242e-08 2.903273993030867597e-08 2.898474051428103452e-08 2.920625987038732986e-08 2.897958486944387914e-08 2.912244362459906443e-08 2.876697195135587039e-08 2.937329764603018898e-08 2.916765150050255187e-08 2.934781520241922186e-08 2.923763493256079145e-08 2.908298775551317697e-08 2.933475475827296223e-08 2.923233392281080129e-08 2.883035449674830297e-08 2.913971411397405978e-08 2.904464844499277560e-08 2.922076423181760319e-08
2.932007352394217284e-08 2.957792445463476093e-08 2.971921827838734363e-08 2.953342596206717856e-08 2.945890985003486517e-08 2.922978863425850543e-08 2.955371754796555551e-08 2.936136337600977770e-08 2.907769859291708792e-08 2.947140515999362122e-08 2.913694102298725906e-08 2.950291687190433523e-08 2.972986963207610902e-08 2.889980676698511608e-08 2.950805030400765342e-08 2.954698867423383795e-08 2.927359515582355709e-08 2.926417834821470896e-08 2.929386637054804029e-08 2.939296667699320032e-08 2.916711898533716545e-08 2.942425179184779443e-08 2.953779823354464353e-08 2.953595943485076451e-08 2.930408275534268476e-08 2.917518494364073480e-08 2.903273993030867597e-08 2.936462232317516780e-08 2.931200086646342781e-08 2.953779285641241049e-08 2.930480923015943734e-08 2.945097573562244772e-08 2.908582867560501752e-08 2.971210041231717977e-08 2.949907663654293984e-08 2.968682095850128066e-08 2.957112396599915158e-08 2.941293661562116992e-08 2.967171185149064653e-08 2.956795253062414224e-08 2.915156498012415241e-08 2.946971883485160890e-08 2.937515813356929123e-08 2.955468230519005071e-08
2.926887345880697785e-08 2.952480847604335873e-08 2.966619420945322662e-08 2.948132887580697055e-08 2.940759088485842710e-08 2.918031383423426396e-08 2.950129554532100126e-08 2.931071141273087297e-08 2.903005867838775225e-08 2.941960684895450919e-08 2.908912658478400661e-08 2.945195221460926621e-08 2.967614069794982692e-08 2.885206968969940762e-08 2.945620503954208377e-08 2.949503742118197700e-08 2.922263426443579697e-08 2.921480335456632474e-08 2.924384513217049557e-08 2.934201139419174879e-08 2.911762437584396281e-08 2.937311952753783960e-08 2.948523331183928282e-08 2.948449924456462830e-08 2.925390033125977880e-08 2.912591532847193389e-08 2.898474051428103452e-08 2.931200086646342781e-08 2.926224009848639151e-08 2.948667431885161657e-08 2.925423497663732641e-08 2.940035231502763837e-08 2.903671485275467999e-08 2.965815668309864067e-08 2.944745181935076613e-08 2.963317174845493155e-08 2.952008684305782486e-08 2.936143914003104180e-08 2.961861992532356039e-08 2.951527602178699292e-08 2.910247938026615934e-08 2.941907276284013220e-08 2.932364465501657756e-08 2.950246173140986601e-08
2.949376097638307949e-08 2.975371885981803515e-08 2.989600717906674618e-08 2.970945004834140054e-08 2.963516389617006904e-08 2.940378997428741394e-08 2.973001324502762605e-08 2.953619713802634529e-08 2.925199638594768535e-08 2.964652587957610017e-08 2.931071267450637255e-08 2.967929953874574054e-08 2.990678731630568641e-08 2.907162303035118512e-08 2.968368811941284155e-08 2.972293668052890841e-08 2.944716449916113636e-08 2.943809458186138733e-08 2.946851037704889136e-08 2.956760849406589867e-08 2.934067662757100247e-08 2.959993124611777250e-08 2.971370645398808967e-08 2.971157525785586603e-08 2.947778278912032293e-08 2.934939283564837728e-08 2.920625987038732986e-08 2.953779285641241049e-08 2.948667431885161657e-08 2.971522292131461629e-08 2.947874964715985806e-08 2.962649079383460700e-08 2.925906341681207985e-08 2.988888860098724144e-08 2.967513156869728032e-08 2.986378408392643903e-08 2.974842070160459096e-08 2.958882146861649505e-08 2.984786684481717586e-08 2.974421611329208695e-08 2.932558031972958861e-08 2.964623646979292957e-08 2.954980166591326129e-08 2.973032184406122674e-08
2.926234989145748242e-08 2.951679072424065688e-08 2.965701206131972201e-08 2.947329379251998072e-08 2.940044957710161531e-08 2.917519810330528152e-08 2.949321397309905434e-08 2.930421530661564465e-08 2.902414394497151389e-08 2.941179311401062390e-08 2.908327718952125494e-08 2.944399049738862465e-08 2.966708062881760218e-08 2.884850899847618915e-08 2.944951604282057298e-08 2.948697263114498703e-08 2.921598942257185139e-08 2.920792003636436870e-08 2.923754363369769728e-08 2.933511489076827678e-08 2.911176848305612519e-08 2.936616826771895773e-08 2.947689280663392772e-08 2.947682080110289212e-08 2.924751266435245968e-08 2.911948071865433920e-08 2.897958486944387914e-08 2.930480923015943734e-08 2.925423497663732641e-08 2.947874964715985806e-08 2.924958841042177263e-08 2.939326828723341525e-08 2.903194586300552414e-08 2.964982573362415389e-08 2.943982265751870595e-08 2.962472905283120372e-08 2.951106279845281047e-08 2.935428333396470959e-08 2.961018624810586799e-08 2.950694406666113839e-08 2.909622295555696830e-08 2.941143501581674630e-08 2.931618839419005189e-08 2.949442560632907910e-08
2.940761038215901376e-08 2.966580737762415288e-08 2.980821946500255751e-08 2.962185939547151074e-08 2.954804914826869699e-08 2.931929591874745571e-08 2.964176583078741735e-08 2.944987349439497789e-08 2.916728518701446278e-08 2.955964757084567007e-08 2.922705541873298270e-08 2.959155449937245097e-08 2.981856490442091556e-08 2.898904458013987660e-08 2.959713655538520051e-08 2.963610611309650965e-08 2.936157726973001475e-08 2.935316191207100220e-08 2.938273422496683588e-08 2.948157436589371103e-08 2.925512468017177062e-08 2.951344260888733416e-08 2.962568985951785905e-08 2.962389818417601676e-08 2.939222039663052960e-08 2.926423019282653136e-08 2.912244362459906443e-08 2.945097573562244772e-08 2.940035231502763837e-08 2.962649079383460700e-08 2.939326828723341525e-08 2.954132676791326492e-08 2.917469693769557923e-08 2.980067113176317901e-08 2.958803331583503181e-08 2.977517851387670181e-08 2.966022273267941660e-08 2.950213175855739177e-08 2.975989829043197089e-08 2.965535182857525486e-08 2.924056340207525723e-08 2.955925077207993528e-08 2.946357583175212730e-08 2.964275906046173993e-08
2.904472809179421682e-08 2.929508125084056327e-08 2.943389936591580292e-08 2.925269840781505066e-08 2.918127380252848563e-08 2.896066523652169449e-08 2.927239194505696788e-08 2.908668920717388717e-08 2.881069774735629219e-08 2.919247864984310914e-08 2.886974676708205483e-08 2.922491509802167816e-08 2.944318857404718999e-08 2.863776470265476423e-08 2.922875867730910310e-08 2.926674932791921289e-08 2.899929782909693776e-08 2.899229521436522278e-08 2.902129204303189030e-08 2.911708531773681796e-08 2.889649635570663107e-08 2.914714469811394318e-08 2.925621364707738577e-08 2.925709147696215926e-08 2.903089482213009554e-08 2.890473562722448746e-08 2.876697195135587039e-08 2.908582867560501752e-08 2.903671485275467999e-08 2.925906341681207985e-08 2.903194586300552414e-08 2.917469693769557923e-08 2.881891325712924916e-08 2.942654816839838622e-08 2.921994263661054523e-08 2.940096747300637445e-08 2.929048769699574405e-08 2.913492543331420472e-08 2.938860813361989421e-08 2.928504901480824647e-08 2.888164312355824665e-08 2.919212067165390812e-08 2.909728601647151612e-08 2.927407700630442256e-08
2.966634368680570604e-08 2.993175759857100424e-08 3.007673546555781923e-08 2.988609155570152995e-08 2.980878066014625976e-08 2.957316787896300545e-08 2.990708461443834650e-08 2.970836897088350604e-08 2.941835429977211296e-08 2.982215066506418633e-08 2.947836951833672937e-08 2.985390383615050885e-08 3.008821171343664327e-08 2.923608367414286320e-08 2.986013797883545412e-08 2.989892544930569650e-08 2.961902115226232378e-08 2.960827735562330059e-08 2.963973082083163343e-08 2.973997962064625974e-08 2.950917255457398220e-08 2.977487907685586674e-08 2.989071554286309620e-08 2.988569971640646468e-08 2.964852778144472555e-08 2.951892877306802658e-08 2.937329764603018898e-08 2.971210041231717977e-08 2.965815668309864067e-08 2.988888860098724144e-08 2.964982573362415389e-08 2.980067113176317901e-08 2.942654816839838622e-08 3.007167062453486230e-08 2.985133931044132655e-08 3.004437684071215742e-08 2.992456656233077966e-08 2.976527465134268408e-08 3.002628266936776430e-08 2.992159681022661130e-08 2.949411179008078610e-08 2.982118160267984463e-08 2.972397159352040596e-08 2.990580988296598929e-08
2.945499272014965720e-08 2.971553005006291150e-08 2.985839758904040226e-08 2.967101687808715696e-08 2.959613010999064036e-08 2.936493665637625795e-08 2.969172568371046028e-08 2.949687989383376140e-08 2.921260722915943557e-08 2.960793648473340649e-08 2.927201289069600628e-08 2.964020787523045489e-08 2.986901949724786976e-08 2.903283766946130459e-08 2.964555831028656603e-08 2.968432034087882665e-08 2.940859943408290530e-08 2.939896754359991450e-08 2.942948671624574747e-08 2.952843864401147357e-08 2.930101073137245649e-08 2.956145772252507880e-08 2.967521301790773675e-08 2.967213288047449126e-08 2.943907105825765481e-08 2.931053747564923216e-08 2.916765150050255187e-08 2.949907663654293984e-08 2.944745181935076613e-08 2.967513156869728032e-08 2.943982265751870595e-08 2.958803331583503181e-08 2.921994263661054523e-08 2.985133931044132655e-08 2.963727618512415061e-08 2.982567214641581225e-08 2.970929880853529045e-08 2.955088804673171272e-08 2.980938242336735128e-08 2.970537859655611480e-08 2.928657639097279278e-08 2.960751861775170116e-08 2.951116931067602450e-08 2.969128265349829496e-08
2.964069216750382418e-08 2.990685817897958257e-08 3.005116644472789473e-08 2.986093271481632867e-08 2.978376523146980365e-08 2.954654617181377835e-08 2.988039794850214517e-08 2.968241790297958719e-08 2.939315887999278061e-08 2.979626155846258450e-08 2.945220061273767058e-08 2.982856416408460396e-08 3.006291304333120589e-08 2.920979490766964244e-08 2.983408115553656094e-08 2.987421083687882296e-08 2.959349783233290417e-08 2.958199596547491574e-08 2.961367248266241961e-08 2.971464526284481654e-08 2.948367779676827917e-08 2.974955846631675705e-08 2.986500647442856518e-08 2.985979956453699335e-08 2.962295058194514938e-08 2.949370095400340103e-08 2.934781520241922186e-08 2.968682095850128066e-08 2.963317174845493155e-08 2.986378408392643903e-08 2.962472905283120372e-08 2.977517851387670181e-08 2.940096747300637445e-08 3.004437684071215742e-08 2.982567214641581225e-08 3.002088938758248618e-08 2.989882853093111720e-08 2.973903039141921436e-08 3.000082280699234453e-08 2.989676487205612413e-08 2.946973927376445789e-08 2.979600630193919718e-08 2.969838179338435331e-08 2.988103172135246963e-08
