1.086617493178996607e-08 1.096175696047236325e-08 1.103651600754464098e-08 1.092929937232610444e-08 1.093137223093494681e-08 1.081068031084481494e-08 1.094796330444345349e-08 1.087528149290943939e-08 1.076611562335076511e-08 1.089237075601317863e-08 1.078073769802848432e-08 1.093635477811521808e-08 1.101297336355272372e-08 1.070165667615178760e-08 1.091665909976020359e-08 1.094388639995535916e-08 1.089040836082227912e-08 1.080764134162627585e-08 1.085594670744174952e-08 1.088339074086776910e-08 1.080813516082143069e-08 1.093107117385119123e-08 1.094473556135161525e-08 1.091967383757440115e-08 1.086455376367006708e-08 1.078913142117942396e-08 1.073640291311394478e-08 1.089545323845747939e-08 1.084409701869430055e-08 1.094861303402040668e-08 1.088487524262032335e-08 1.090766972968452414e-08 1.079018440223596868e-08 1.100682321392601950e-08 1.095672845615731120e-08 1.099385903840943734e-08 1.094279031825807322e-08 1.090046039604421338e-08 1.101879451082142652e-08 1.095957893796641384e-08 1.081406681214795946e-08 1.092904716042431944e-08 1.085609402038052584e-08 1.096988253411437328e-08
1.096175696047236325e-08 1.106846864834778771e-08 1.114161914353273633e-08 1.103140340630442241e-08 1.103210029098979588e-08 1.090456939290008291e-08 1.105263694029464258e-08 1.097397073305442195e-08 1.085966625417389013e-08 1.099411565849021855e-08 1.087228366521811316e-08 1.103765930414838511e-08 1.111704413398171980e-08 1.079025703533630728e-08 1.101776957012415117e-08 1.104572851963392718e-08 1.098781405276828232e-08 1.090172424633843660e-08 1.095132081901700763e-08 1.098142278651275391e-08 1.090177557103571355e-08 1.103177337786309470e-08 1.104809544615646282e-08 1.102113033171428342e-08 1.096162394832610496e-08 1.088323391011352114e-08 1.082908052108078203e-08 1.099731930537159510e-08 1.094038831825637943e-08 1.104961205576913240e-08 1.098113583806462780e-08 1.100650381734226295e-08 1.088168991467304406e-08 1.111303705441241735e-08 1.105797081746258620e-08 1.109846955401275189e-08 1.104480218851148082e-08 1.100028564890603557e-08 1.112415599609820822e-08 1.106188340628231031e-08 1.090672877855017363e-08 1.103033467705144488e-08 1.095460750025127442e-08 1.107113291929081276e-08
1.103651600754464098e-08 1.114161914353273633e-08 1.121814149737499729e-08 1.110593293812202352e-08 1.110663554280654648e-08 1.097909338690178549e-08 1.112741378381249946e-08 1.104802459745535616e-08 1.093288825590178409e-08 1.106835417877380664e-08 1.094654570749702356e-08 1.111312949174106967e-08 1.119216519257440786e-08 1.086404333547916558e-08 1.109251659285714344e-08 1.112034342672916848e-08 1.106254063582142899e-08 1.097575954816964495e-08 1.102583753477380946e-08 1.105590560153868785e-08 1.097587474816666411e-08 1.110650698331249949e-08 1.112255189007737712e-08 1.109545631985416703e-08 1.103581613926487861e-08 1.095710515942559706e-08 1.090249578392559421e-08 1.107111268013690355e-08 1.101504232830059660e-08 1.112401259311011813e-08 1.105633753673214285e-08 1.108111016918749454e-08 1.095643711561309627e-08 1.118815294391071549e-08 1.113311713396428289e-08 1.117380328003868740e-08 1.111969984582440625e-08 1.107454497588095235e-08 1.119906174993749879e-08 1.113671144365773549e-08 1.098121481532440247e-08 1.110501193595535549e-08 1.102861612777678361e-08 1.114649905021130373e-08
1.092929937232610444e-08 1.103140340630442241e-08 1.110593293812202352e-08 1.099829765918282153e-08 1.099876491177040715e-08 1.087447417053316397e-08 1.101732473920238012e-08 1.094122573751615396e-08 1.082962909461054534e-08 1.096054574687372345e-08 1.084281638539710658e-08 1.100390029957822899e-08 1.108224423239072816e-08 1.076209685666071401e-08 1.098424155966836761e-08 1.101117739594047592e-08 1.095502351450510376e-08 1.087170473515645966e-08 1.092047016998681574e-08 1.094868016472449063e-08 1.087141205592857222e-08 1.099826919416963902e-08 1.101338870008290392e-08 1.098758985565475686e-08 1.092990020003528807e-08 1.085233480604379119e-08 1.079995342231760503e-08 1.096293440413180445e-08 1.090891741732058011e-08 1.101557336523257200e-08 1.094989464201657959e-08 1.097343728183631034e-08 1.085216422204974453e-08 1.107726534809183817e-08 1.102423157303316031e-08 1.106343435759949012e-08 1.101068855793537616e-08 1.096726769152125728e-08 1.108872617411606905e-08 1.102776194835204175e-08 1.087652765533715579e-08 1.099625744804294345e-08 1.092249906820578163e-08 1.103740092079336870e-08
1.093137223093494681e-08 1.103210029098979588e-08 1.110663554280654648e-08 1.099876491177040715e-08 1.100188044147534192e-08 1.087734352673596867e-08 1.101891001588392781e-08 1.094302160764540646e-08 1.083235894005739831e-08 1.096165949719685511e-08 1.084578028384480968e-08 1.100577497026657978e-08 1.108305822839158427e-08 1.076624449550893249e-08 1.098606144576530557e-08 1.101249186402678626e-08 1.095764135360841850e-08 1.087386759494982689e-08 1.092311589306887844e-08 1.095089798135374145e-08 1.087463867935714408e-08 1.099960288338095223e-08 1.101488340880867836e-08 1.098921952093452235e-08 1.093192658815093351e-08 1.085532844760246653e-08 1.080260323967092052e-08 1.096476637493622319e-08 1.091116778553103757e-08 1.101709965021811246e-08 1.095249242896173319e-08 1.097574130473511641e-08 1.085554323432270448e-08 1.107817017236819674e-08 1.102521505154846988e-08 1.106357701185374286e-08 1.101233167160586523e-08 1.096874307717049303e-08 1.108966289283631029e-08 1.102864779929336864e-08 1.088030341288860842e-08 1.099792457471981140e-08 1.092395080887287356e-08 1.103839908614030344e-08
1.081068031084481494e-08 1.090456939290008291e-08 1.097909338690178549e-08 1.087447417053316397e-08 1.087734352673596867e-08 1.076178256121938650e-08 1.089318985447023835e-08 1.082120721651232956e-08 1.071599143110629109e-08 1.083868733931207283e-08 1.072994633981292440e-08 1.088188064158163098e-08 1.095596479089413045e-08 1.065392368634523776e-08 1.086241507526445573e-08 1.088717333901488263e-08 1.083605320073086764e-08 1.075651082126743017e-08 1.080457310106505232e-08 1.083024968001233215e-08 1.075741547176785593e-08 1.087627489747321224e-08 1.088896455311096694e-08 1.086464612600297812e-08 1.081214293141454489e-08 1.073703601984098944e-08 1.068683952079336528e-08 1.084119112468282361e-08 1.079149120624574788e-08 1.089349701954974536e-08 1.083292487392219748e-08 1.085372263726488036e-08 1.074071800272491273e-08 1.094936129448894424e-08 1.090082623690688847e-08 1.093614100513732901e-08 1.088735877978401556e-08 1.084617761795152859e-08 1.096211128241368513e-08 1.090379131767984826e-08 1.076358854806377202e-08 1.087367165108376113e-08 1.080287803199915279e-08 1.091424866603528827e-08
1.094796330444345349e-08 1.105263694029464258e-08 1.112741378381249946e-08 1.101732473920238012e-08 1.101891001588392781e-08 1.089318985447023835e-08 1.104017290799999999e-08 1.096054361230654643e-08 1.084676183951190451e-08 1.098080803742261957e-08 1.086028191432738181e-08 1.102461268856547550e-08 1.110264107583631389e-08 1.077895862270833142e-08 1.100488476708928553e-08 1.103142871531250014e-08 1.097462205891368683e-08 1.088899834773511768e-08 1.093852003794345504e-08 1.096780823955654890e-08 1.088956096054166756e-08 1.101810354452083392e-08 1.103426512005059488e-08 1.100746555097916933e-08 1.094865603721726335e-08 1.087057883272618823e-08 1.081717424289285952e-08 1.098307551423214443e-08 1.092755922097619399e-08 1.103525704036606987e-08 1.096873358194344953e-08 1.099296450297916857e-08 1.086990159662202678e-08 1.109885164961309340e-08 1.104403335199107109e-08 1.108393389076487816e-08 1.103083681031547716e-08 1.098660859247023810e-08 1.110993839227083274e-08 1.104824830350297636e-08 1.089495018060714258e-08 1.101686113372321295e-08 1.094148709884523925e-08 1.105699170994345213e-08
1.087528149290943939e-08 1.097397073305442195e-08 1.104802459745535616e-08 1.094122573751615396e-08 1.094302160764540646e-08 1.082120721651232956e-08 1.096054361230654643e-08 1.088717844534948963e-08 1.077716104221471210e-08 1.090428213212372303e-08 1.079052082187627353e-08 1.094850137784906357e-08 1.102464520984906305e-08 1.071124014784821409e-08 1.092873209433503414e-08 1.095492507633630699e-08 1.090052354235926548e-08 1.081791674128146382e-08 1.086686843729932086e-08 1.089405503297449051e-08 1.081920563534524244e-08 1.094266641077380942e-08 1.095671936193707732e-08 1.093155098769642692e-08 1.087570673036862268e-08 1.079899244171045882e-08 1.074707341858843296e-08 1.090731123371513525e-08 1.085497264975807843e-08 1.095965615460756537e-08 1.089559674278741694e-08 1.091844244287797673e-08 1.080023364146641103e-08 1.101954119755016539e-08 1.096797778524149534e-08 1.100576440555782365e-08 1.095431370824787654e-08 1.091171101091709256e-08 1.103152250949107112e-08 1.097117683464370996e-08 1.082418004198299379e-08 1.094022134170960806e-08 1.086723871985161898e-08 1.098082108046003028e-08
1.076611562335076511e-08 1.085966625417389013e-08 1.093288825590178409e-08 1.082962909461054534e-08 1.083235894005739831e-08 1.071599143110629109e-08 1.084676183951190451e-08 1.077716104221471210e-08 1.067458097499319857e-08 1.079254153973469327e-08 1.068666902630697263e-08 1.083704027231377452e-08 1.091049880120960766e-08 1.061047810955356939e-08 1.081698861889540901e-08 1.084225518734821366e-08 1.079103189608205478e-08 1.071290700798171869e-08 1.076092052169600350e-08 1.078564422946471324e-08 1.071464388376785695e-08 1.083148832718154832e-08 1.084374242934906128e-08 1.081951379491964276e-08 1.076739872086097171e-08 1.069351328773384296e-08 1.064364196851955821e-08 1.079659622745662856e-08 1.074708540234693736e-08 1.084842309851998178e-08 1.078816973263647878e-08 1.080943875455655198e-08 1.069653871953443591e-08 1.090385672439370537e-08 1.085596151229379223e-08 1.089004216875637956e-08 1.084215336951615244e-08 1.080112806346343536e-08 1.091681015445535288e-08 1.085862673378698947e-08 1.072008857842091699e-08 1.082850937516113569e-08 1.075820909996938598e-08 1.086895317433290775e-08
1.089237075601317863e-08 1.099411565849021855e-08 1.106835417877380664e-08 1.096054574687372345e-08 1.096165949719685511e-08 1.083868733931207283e-08 1.098080803742261957e-08 1.090428213212372303e-08 1.079254153973469327e-08 1.092529690944472729e-08 1.080602131413860393e-08 1.096738729648724443e-08 1.104441366684141200e-08 1.072623535967261595e-08 1.094736398412924847e-08 1.097362136922618753e-08 1.091855922095025498e-08 1.083434561874532278e-08 1.088329151264412818e-08 1.091205578554038985e-08 1.083479397540476180e-08 1.096109706789285303e-08 1.097625714303018962e-08 1.095057879165773594e-08 1.089324849211947029e-08 1.081585279972406754e-08 1.076372076184608908e-08 1.092627496247534162e-08 1.087220532615561205e-08 1.097871865473766775e-08 1.091308888857270173e-08 1.093656026191369066e-08 1.081589876611394389e-08 1.103978178856292425e-08 1.098679919697874091e-08 1.102662657666539059e-08 1.097327034492176720e-08 1.093021524880314499e-08 1.105157841267559485e-08 1.099032027760926869e-08 1.083994633341581791e-08 1.095952638670110274e-08 1.088563638797278619e-08 1.100022289456675264e-08
1.078073769802848432e-08 1.087228366521811316e-08 1.094654570749702356e-08 1.084281638539710658e-08 1.084578028384480968e-08 1.072994633981292440e-08 1.086028191432738181e-08 1.079052082187627353e-08 1.068666902630697263e-08 1.080602131413860393e-08 1.070157940956972901e-08 1.085046474605441759e-08 1.092459104778358582e-08 1.062436872661904578e-08 1.083069486816241200e-08 1.085602987350297572e-08 1.080548878492474760e-08 1.072630311254634654e-08 1.077432815210586844e-08 1.079879374870960905e-08 1.072781166080356993e-08 1.084507362537797313e-08 1.085733174213648021e-08 1.083297502455059528e-08 1.078090270988052631e-08 1.070720961821343696e-08 1.065714517932058133e-08 1.080958920960799259e-08 1.076084495017772033e-08 1.086201012501233021e-08 1.080215444451062446e-08 1.082279466333630901e-08 1.071080235924022100e-08 1.091719119497874153e-08 1.086971067566708880e-08 1.090399164250127792e-08 1.085531629824489496e-08 1.081485863942601623e-08 1.092991180161607362e-08 1.087243792089073122e-08 1.073392839250084910e-08 1.084223003592389741e-08 1.077125552481887733e-08 1.088242653818324411e-08
1.093635477811521808e-08 1.103765930414838511e-08 1.111312949174106967e-08 1.100390029957822899e-08 1.100577497026657978e-08 1.088188064158163098e-08 1.102461268856547550e-08 1.094850137784906357e-08 1.083704027231377452e-08 1.096738729648724443e-08 1.085046474605441759e-08 1.101387000753231011e-08 1.108875481659481356e-08 1.076981956327380968e-08 1.099177433230867312e-08 1.101872998925892994e-08 1.096231192869685519e-08 1.087819665633546120e-08 1.092837651559736021e-08 1.095627234776573117e-08 1.087960287157737895e-08 1.100581785246726314e-08 1.102072428639158159e-08 1.099397145836011994e-08 1.093664010462372788e-08 1.085911246822959339e-08 1.080722276017601837e-08 1.097010681269302952e-08 1.091633775199744852e-08 1.102221432213818035e-08 1.095704085022831581e-08 1.097985268296726171e-08 1.086024475643494940e-08 1.108423088829336709e-08 1.103127784097746597e-08 1.106990530689073259e-08 1.101805437177040416e-08 1.097353732346258692e-08 1.109614441805654902e-08 1.103453270424957172e-08 1.088445568153826483e-08 1.100361979715858831e-08 1.092868874051615822e-08 1.104393199824617294e-08
1.101297336355272372e-08 1.111704413398171980e-08 1.119216519257440786e-08 1.108224423239072816e-08 1.108305822839158427e-08 1.095596479089413045e-08 1.110264107583631389e-08 1.102464520984906305e-08 1.091049880120960766e-08 1.104441366684141200e-08 1.092459104778358582e-08 1.108875481659481356e-08 1.116912744574064591e-08 1.084181430512797628e-08 1.106835212743367496e-08 1.109640666000892875e-08 1.103876962805102116e-08 1.095302612129379180e-08 1.100297222493069466e-08 1.103196092622406715e-08 1.095294118245238238e-08 1.108263571823809543e-08 1.109852711780824613e-08 1.107191986531845179e-08 1.101285685643622182e-08 1.093395774243792421e-08 1.088046786405102083e-08 1.104697549840136102e-08 1.099204451289328345e-08 1.110019393115901429e-08 1.103308301697831576e-08 1.105745779723809492e-08 1.093344180964328109e-08 1.116306611937670254e-08 1.110915877283163138e-08 1.114938387418239712e-08 1.109510869083290751e-08 1.105157847946258267e-08 1.117491202366071317e-08 1.111304133741624107e-08 1.095838956999660048e-08 1.108097530380442085e-08 1.100542328462032108e-08 1.112238421057950800e-08
1.070165667615178760e-08 1.079025703533630728e-08 1.086404333547916558e-08 1.076209685666071401e-08 1.076624449550893249e-08 1.065392368634523776e-08 1.077895862270833142e-08 1.071124014784821409e-08 1.061047810955356939e-08 1.072623535967261595e-08 1.062436872661904578e-08 1.076981956327380968e-08 1.084181430512797628e-08 1.055182836291666664e-08 1.075027993500594954e-08 1.077478644660416662e-08 1.072630467391368718e-08 1.064921309411011838e-08 1.069684243211011822e-08 1.072037929351488036e-08 1.065133892429166685e-08 1.076444956989583101e-08 1.077605674730059606e-08 1.075314659552083268e-08 1.070230092159225993e-08 1.063045551701785591e-08 1.058148151110118921e-08 1.072974456723214210e-08 1.068281156093452112e-08 1.078161986524107140e-08 1.072372649511011795e-08 1.074352156618750005e-08 1.063526416537202302e-08 1.083464544869642726e-08 1.078835852665773706e-08 1.082126123205654948e-08 1.077466815185714270e-08 1.073511270130356984e-08 1.084800744339583183e-08 1.079069277121131070e-08 1.065774093181547435e-08 1.076142294376487917e-08 1.069287950955357029e-08 1.080132519515178657e-08
1.091665909976020359e-08 1.101776957012415117e-08 1.109251659285714344e-08 1.098424155966836761e-08 1.098606144576530557e-08 1.086241507526445573e-08 1.100488476708928553e-08 1.092873209433503414e-08 1.081698861889540901e-08 1.094736398412924847e-08 1.083069486816241200e-08 1.099177433230867312e-08 1.106835212743367496e-08 1.075027993500594954e-08 1.097278457243877465e-08 1.099825456993452290e-08 1.094248968469132397e-08 1.085894137820068001e-08 1.090823150293282195e-08 1.093635004475170052e-08 1.085992632582142945e-08 1.098571121501785494e-08 1.100065752122363841e-08 1.097491018092857029e-08 1.091747343164625746e-08 1.083978953009013790e-08 1.078735518194132703e-08 1.095017749600510058e-08 1.089620484633418075e-08 1.100237310871088650e-08 1.093739556444472760e-08 1.096056230755952002e-08 1.084039103912585012e-08 1.106426738194387961e-08 1.101084066522278824e-08 1.104967150633503140e-08 1.099772069445153111e-08 1.095426757219302598e-08 1.107526914432142545e-08 1.101467052732652916e-08 1.086463528048724236e-08 1.098365194345408308e-08 1.090915844746683580e-08 1.102417634043877393e-08
1.094388639995535916e-08 1.104572851963392718e-08 1.112034342672916848e-08 1.101117739594047592e-08 1.101249186402678626e-08 1.088717333901488263e-08 1.103142871531250014e-08 1.095492507633630699e-08 1.084225518734821366e-08 1.097362136922618753e-08 1.085602987350297572e-08 1.101872998925892994e-08 1.109640666000892875e-08 1.077478644660416662e-08 1.099825456993452290e-08 1.102674866970833267e-08 1.096924427980357200e-08 1.088456693433035663e-08 1.093396147455952240e-08 1.096258210058631001e-08 1.088481941420833235e-08 1.101245362791666601e-08 1.102811447992261889e-08 1.100133329772916662e-08 1.094330660469345183e-08 1.086558372638690517e-08 1.081236898778274052e-08 1.097645632844642696e-08 1.092214436799107144e-08 1.102933044343154667e-08 1.096287856076785717e-08 1.098681680560416739e-08 1.086520621907440234e-08 1.109185207154761918e-08 1.103836347168154887e-08 1.107729411908631083e-08 1.102504988480059477e-08 1.098079604126487962e-08 1.110308736722916543e-08 1.104193320913392760e-08 1.088983206496726124e-08 1.101076837021130783e-08 1.093560951538987964e-08 1.105107858608035626e-08
1.089040836082227912e-08 1.098781405276828232e-08 1.106254063582142899e-08 1.095502351450510376e-08 1.095764135360841850e-08 1.083605320073086764e-08 1.097462205891368683e-08 1.090052354235926548e-08 1.079103189608205478e-08 1.091855922095025498e-08 1.080548878492474760e-08 1.096231192869685519e-08 1.103876962805102116e-08 1.072630467391368718e-08 1.094248968469132397e-08 1.096924427980357200e-08 1.091661443203231337e-08 1.083266643287287520e-08 1.088126561256930248e-08 1.090879664115093510e-08 1.083324542833928614e-08 1.095673440757440500e-08 1.097073187810841529e-08 1.094538926918154639e-08 1.088974308714710823e-08 1.081450364016624129e-08 1.076170097640731471e-08 1.092139040659863583e-08 1.086922296819005274e-08 1.097423244784098417e-08 1.091033958818835102e-08 1.093318769209523837e-08 1.081561968491921720e-08 1.103307086608162908e-08 1.098251520614753430e-08 1.101954917969260245e-08 1.096838773975042458e-08 1.092561527664157870e-08 1.104513111921428504e-08 1.098548724379209329e-08 1.083923206996173496e-08 1.095475632165391048e-08 1.088129406408800936e-08 1.099513162087882526e-08
1.080764134162627585e-08 1.090172424633843660e-08 1.097575954816964495e-08 1.087170473515645966e-08 1.087386759494982689e-08 1.075651082126743017e-08 1.088899834773511768e-08 1.081791674128146382e-08 1.071290700798171869e-08 1.083434561874532278e-08 1.072630311254634654e-08 1.087819665633546120e-08 1.095302612129379180e-08 1.064921309411011838e-08 1.085894137820068001e-08 1.088456693433035663e-08 1.083266643287287520e-08 1.075447249708758801e-08 1.080090076069472653e-08 1.082650135140646575e-08 1.075378840240476319e-08 1.087316442872618963e-08 1.088551526994982869e-08 1.086131185330357053e-08 1.080849083130994839e-08 1.073387819385501709e-08 1.068361635839370695e-08 1.083772816042772272e-08 1.078731440230739737e-08 1.089010263813052801e-08 1.082888992462329760e-08 1.085056654278869136e-08 1.073640989168239714e-08 1.094659321221173493e-08 1.089783042803826450e-08 1.093268780132312744e-08 1.088441569143665097e-08 1.084287693015433522e-08 1.095906940209226205e-08 1.090075037983248234e-08 1.075905026745152989e-08 1.087031808983801128e-08 1.079926843776147902e-08 1.091047281865901409e-08
1.085594670744174952e-08 1.095132081901700763e-08 1.102583753477380946e-08 1.092047016998681574e-08 1.092311589306887844e-08 1.080457310106505232e-08 1.093852003794345504e-08 1.086686843729932086e-08 1.076092052169600350e-08 1.088329151264412818e-08 1.077432815210586844e-08 1.092837651559736021e-08 1.100297222493069466e-08 1.069684243211011822e-08 1.090823150293282195e-08 1.093396147455952240e-08 1.088126561256930248e-08 1.080090076069472653e-08 1.085036940576020108e-08 1.087559544059098447e-08 1.080239751502976158e-08 1.092250262320535585e-08 1.093544181219387657e-08 1.091083106313690609e-08 1.085681584209566149e-08 1.078141567448894677e-08 1.073070749446513402e-08 1.088690343327295877e-08 1.083667601783715959e-08 1.093921408517814762e-08 1.087770535143877586e-08 1.089896431095535777e-08 1.078460914252466022e-08 1.099650679695578088e-08 1.094733021119004943e-08 1.098298933042431806e-08 1.093360747124021996e-08 1.089183579155612190e-08 1.100936614896726130e-08 1.095009135888605617e-08 1.080800174896343644e-08 1.091980380752253418e-08 1.084789596464243490e-08 1.096052102430782480e-08
1.088339074086776910e-08 1.098142278651275391e-08 1.105590560153868785e-08 1.094868016472449063e-08 1.095089798135374145e-08 1.083024968001233215e-08 1.096780823955654890e-08 1.089405503297449051e-08 1.078564422946471324e-08 1.091205578554038985e-08 1.079879374870960905e-08 1.095627234776573117e-08 1.103196092622406715e-08 1.072037929351488036e-08 1.093635004475170052e-08 1.096258210058631001e-08 1.090879664115093510e-08 1.082650135140646575e-08 1.087559544059098447e-08 1.090353190993282374e-08 1.082754435967857127e-08 1.095041171752380738e-08 1.096405970464540888e-08 1.093908208582142872e-08 1.088369416424362266e-08 1.080728806900212746e-08 1.075532669800510268e-08 1.091531149279846848e-08 1.086296608092474541e-08 1.096771977239923225e-08 1.090385407582908043e-08 1.092673589575297617e-08 1.080911576463307721e-08 1.102643901096683658e-08 1.097571686749149345e-08 1.101264264509949104e-08 1.096244943674787274e-08 1.091951033062542142e-08 1.103848241286607071e-08 1.097873842335204114e-08 1.083322468773299319e-08 1.094843492575127513e-08 1.087534471776827843e-08 1.098925439300170298e-08
1.080813516082143069e-08 1.090177557103571355e-08 1.097587474816666411e-08 1.087141205592857222e-08 1.087463867935714408e-08 1.075741547176785593e-08 1.088956096054166756e-08 1.081920563534524244e-08 1.071464388376785695e-08 1.083479397540476180e-08 1.072781166080356993e-08 1.087960287157737895e-08 1.095294118245238238e-08 1.065133892429166685e-08 1.085992632582142945e-08 1.088481941420833235e-08 1.083324542833928614e-08 1.075378840240476319e-08 1.080239751502976158e-08 1.082754435967857127e-08 1.075709044983333123e-08 1.087389354620833339e-08 1.088631398406547542e-08 1.086219479949999990e-08 1.080899581760714453e-08 1.073498552121428776e-08 1.068434813975595464e-08 1.083852626586904878e-08 1.078858520342262024e-08 1.089059369347619284e-08 1.082985437002976239e-08 1.085117684391666726e-08 1.073807696229762020e-08 1.094705918685714003e-08 1.089811720297618957e-08 1.093303328917857347e-08 1.088415037174404796e-08 1.084320008335118938e-08 1.095943618308333175e-08 1.090082459411904675e-08 1.076154686041071254e-08 1.087081190926190637e-08 1.079964441168452162e-08 1.091106697982142766e-08
1.093107117385119123e-08 1.103177337786309470e-08 1.110650698331249949e-08 1.099826919416963902e-08 1.099960288338095223e-08 1.087627489747321224e-08 1.101810354452083392e-08 1.094266641077380942e-08 1.083148832718154832e-08 1.096109706789285303e-08 1.084507362537797313e-08 1.100581785246726314e-08 1.108263571823809543e-08 1.076444956989583101e-08 1.098571121501785494e-08 1.101245362791666601e-08 1.095673440757440500e-08 1.087316442872618963e-08 1.092250262320535585e-08 1.095041171752380738e-08 1.087389354620833339e-08 1.100023772783333116e-08 1.101431156515178602e-08 1.098852295075000066e-08 1.093145755154761838e-08 1.085428249974107080e-08 1.080171746586607173e-08 1.096403850457142570e-08 1.091026394094940368e-08 1.101615210641071396e-08 1.095159850374702110e-08 1.097481661445833305e-08 1.085485732424106826e-08 1.107773944613095251e-08 1.102516707618154912e-08 1.106362455198214240e-08 1.101158652313392908e-08 1.096847350386904772e-08 1.108946558400000134e-08 1.102862227269642836e-08 1.087886100796725943e-08 1.099738944148214242e-08 1.092343152038988118e-08 1.103820373347618937e-08
1.094473556135161525e-08 1.104809544615646282e-08 1.112255189007737712e-08 1.101338870008290392e-08 1.101488340880867836e-08 1.088896455311096694e-08 1.103426512005059488e-08 1.095671936193707732e-08 1.084374242934906128e-08 1.097625714303018962e-08 1.085733174213648021e-08 1.102072428639158159e-08 1.109852711780824613e-08 1.077605674730059606e-08 1.100065752122363841e-08 1.102811447992261889e-08 1.097073187810841529e-08 1.088551526994982869e-08 1.093544181219387657e-08 1.096405970464540888e-08 1.088631398406547542e-08 1.101431156515178602e-08 1.103102633060033884e-08 1.100383761276785534e-08 1.094479086852593411e-08 1.086708489549829738e-08 1.081412517133758492e-08 1.097884567101955918e-08 1.092404707511436974e-08 1.103138289484311215e-08 1.096490097150340203e-08 1.098891305644345200e-08 1.086650531226020313e-08 1.109477637924319718e-08 1.103994706936096833e-08 1.107975189064540712e-08 1.102671948227253347e-08 1.098260455227465932e-08 1.110526979858631110e-08 1.104411988483503611e-08 1.089136850822193513e-08 1.101245329771981065e-08 1.093761096958120405e-08 1.105324365951530561e-08
1.091967383757440115e-08 1.102113033171428342e-08 1.109545631985416703e-08 1.098758985565475686e-08 1.098921952093452235e-08 1.086464612600297812e-08 1.100746555097916933e-08 1.093155098769642692e-08 1.081951379491964276e-08 1.095057879165773594e-08 1.083297502455059528e-08 1.099397145836011994e-08 1.107191986531845179e-08 1.075314659552083268e-08 1.097491018092857029e-08 1.100133329772916662e-08 1.094538926918154639e-08 1.086131185330357053e-08 1.091083106313690609e-08 1.093908208582142872e-08 1.086219479949999990e-08 1.098852295075000066e-08 1.100383761276785534e-08 1.097902727679166849e-08 1.092019140620535772e-08 1.084287199097321499e-08 1.079044624341071247e-08 1.095305266067261839e-08 1.089917628455654670e-08 1.100546152954464137e-08 1.093998507872023536e-08 1.096381364135416672e-08 1.084245035209821397e-08 1.106770512418452495e-08 1.101375890481547442e-08 1.105334240090476162e-08 1.100057886706845103e-08 1.095774190404464191e-08 1.107892986106249790e-08 1.101776276333928605e-08 1.086750816125595249e-08 1.098683136584226009e-08 1.091288507479464003e-08 1.102739358638690318e-08
1.086455376367006708e-08 1.096162394832610496e-08 1.103581613926487861e-08 1.092990020003528807e-08 1.093192658815093351e-08 1.081214293141454489e-08 1.094865603721726335e-08 1.087570673036862268e-08 1.076739872086097171e-08 1.089324849211947029e-08 1.078090270988052631e-08 1.093664010462372788e-08 1.101285685643622182e-08 1.070230092159225993e-08 1.091747343164625746e-08 1.094330660469345183e-08 1.088974308714710823e-08 1.080849083130994839e-08 1.085681584209566149e-08 1.088369416424362266e-08 1.080899581760714453e-08 1.093145755154761838e-08 1.094479086852593411e-08 1.092019140620535772e-08 1.086620059778486383e-08 1.078879152397448960e-08 1.073750831631377551e-08 1.089598123133503202e-08 1.084421572642389288e-08 1.094838739908418292e-08 1.088555222573851739e-08 1.090794159813095270e-08 1.079070252859055979e-08 1.100676400610629172e-08 1.095638731464370744e-08 1.099339125570195553e-08 1.094311287692134364e-08 1.090113178166156477e-08 1.101941956606547523e-08 1.095971816946301274e-08 1.081447915499574718e-08 1.092910669256802611e-08 1.085657492892644417e-08 1.096978099416709088e-08
1.078913142117942396e-08 1.088323391011352114e-08 1.095710515942559706e-08 1.085233480604379119e-08 1.085532844760246653e-08 1.073703601984098944e-08 1.087057883272618823e-08 1.079899244171045882e-08 1.069351328773384296e-08 1.081585279972406754e-08 1.070720961821343696e-08 1.085911246822959339e-08 1.093395774243792421e-08 1.063045551701785591e-08 1.083978953009013790e-08 1.086558372638690517e-08 1.081450364016624129e-08 1.073387819385501709e-08 1.078141567448894677e-08 1.080728806900212746e-08 1.073498552121428776e-08 1.085428249974107080e-08 1.086708489549829738e-08 1.084287199097321499e-08 1.078879152397448960e-08 1.071625374196683594e-08 1.066441803179124057e-08 1.081892288386054426e-08 1.076834288190731271e-08 1.087104316005527194e-08 1.080989858131632720e-08 1.083161405892857185e-08 1.071721588576147901e-08 1.092801817103401380e-08 1.087884462854931937e-08 1.091432289966879161e-08 1.086477694686649513e-08 1.082361897981419983e-08 1.094015084792261858e-08 1.088163476580399827e-08 1.074079284624447528e-08 1.085162168029676660e-08 1.078052064819812860e-08 1.089161012477763506e-08
1.073640291311394478e-08 1.082908052108078203e-08 1.090249578392559421e-08 1.079995342231760503e-08 1.080260323967092052e-08 1.068683952079336528e-08 1.081717424289285952e-08 1.074707341858843296e-08 1.064364196851955821e-08 1.076372076184608908e-08 1.065714517932058133e-08 1.080722276017601837e-08 1.088046786405102083e-08 1.058148151110118921e-08 1.078735518194132703e-08 1.081236898778274052e-08 1.076170097640731471e-08 1.068361635839370695e-08 1.073070749446513402e-08 1.075532669800510268e-08 1.068434813975595464e-08 1.080171746586607173e-08 1.081412517133758492e-08 1.079044624341071247e-08 1.073750831631377551e-08 1.066441803179124057e-08 1.061577085315731314e-08 1.076662471668197065e-08 1.071735437004421967e-08 1.081833866300765427e-08 1.075816822058418122e-08 1.077895739355356949e-08 1.066715299898171548e-08 1.087430103387329949e-08 1.082590681077253081e-08 1.086037536992176726e-08 1.081189399047959329e-08 1.077157636155824951e-08 1.088723780729761717e-08 1.082879444572959278e-08 1.069007826679506960e-08 1.079888831002891187e-08 1.072918552781717830e-08 1.083841410398299259e-08
1.089545323845747939e-08 1.099731930537159510e-08 1.107111268013690355e-08 1.096293440413180445e-08 1.096476637493622319e-08 1.084119112468282361e-08 1.098307551423214443e-08 1.090731123371513525e-08 1.079659622745662856e-08 1.092627496247534162e-08 1.080958920960799259e-08 1.097010681269302952e-08 1.104697549840136102e-08 1.072974456723214210e-08 1.095017749600510058e-08 1.097645632844642696e-08 1.092139040659863583e-08 1.083772816042772272e-08 1.088690343327295877e-08 1.091531149279846848e-08 1.083852626586904878e-08 1.096403850457142570e-08 1.097884567101955918e-08 1.095305266067261839e-08 1.089598123133503202e-08 1.081892288386054426e-08 1.076662471668197065e-08 1.092999861402040912e-08 1.087524216996173434e-08 1.098158816451020435e-08 1.091604848765390966e-08 1.093987229807142808e-08 1.081950625079506537e-08 1.104234737819217603e-08 1.098940806330781921e-08 1.102804353471513433e-08 1.097612627043112276e-08 1.093308940335544301e-08 1.105412557453571593e-08 1.099288731709778856e-08 1.084368175761564642e-08 1.096192053481632344e-08 1.088814004115901463e-08 1.100267907354676858e-08
1.084409701869430055e-08 1.094038831825637943e-08 1.101504232830059660e-08 1.090891741732058011e-08 1.091116778553103757e-08 1.079149120624574788e-08 1.092755922097619399e-08 1.085497264975807843e-08 1.074708540234693736e-08 1.087220532615561205e-08 1.076084495017772033e-08 1.091633775199744852e-08 1.099204451289328345e-08 1.068281156093452112e-08 1.089620484633418075e-08 1.092214436799107144e-08 1.086922296819005274e-08 1.078731440230739737e-08 1.083667601783715959e-08 1.086296608092474541e-08 1.078858520342262024e-08 1.091026394094940368e-08 1.092404707511436974e-08 1.089917628455654670e-08 1.084421572642389288e-08 1.076834288190731271e-08 1.071735437004421967e-08 1.087524216996173434e-08 1.082501170463945562e-08 1.092775576881420091e-08 1.086499582270620741e-08 1.088695318811607162e-08 1.077090801545195528e-08 1.098566141108758634e-08 1.093581886268324680e-08 1.097274906271641163e-08 1.092185522017602069e-08 1.088000709215646111e-08 1.099830643502678636e-08 1.093893082140518663e-08 1.079440705132482782e-08 1.090800705244855444e-08 1.083609877647788872e-08 1.094924594364668623e-08
1.094861303402040668e-08 1.104961205576913240e-08 1.112401259311011813e-08 1.101557336523257200e-08 1.101709965021811246e-08 1.089349701954974536e-08 1.103525704036606987e-08 1.095965615460756537e-08 1.084842309851998178e-08 1.097871865473766775e-08 1.086201012501233021e-08 1.102221432213818035e-08 1.110019393115901429e-08 1.078161986524107140e-08 1.100237310871088650e-08 1.102933044343154667e-08 1.097423244784098417e-08 1.089010263813052801e-08 1.093921408517814762e-08 1.096771977239923225e-08 1.089059369347619284e-08 1.101615210641071396e-08 1.103138289484311215e-08 1.100546152954464137e-08 1.094838739908418292e-08 1.087104316005527194e-08 1.081833866300765427e-08 1.098158816451020435e-08 1.092775576881420091e-08 1.103514248171343546e-08 1.096850518270195759e-08 1.099271467603571535e-08 1.087181473993919844e-08 1.109479949626275336e-08 1.104259860877891031e-08 1.108124839635756629e-08 1.102836533200722957e-08 1.098540723659438712e-08 1.110651848635119084e-08 1.104546874596556090e-08 1.089584536059949064e-08 1.101470368790816417e-08 1.094034834362117195e-08 1.105597599802338459e-08
1.088487524262032335e-08 1.098113583806462780e-08 1.105633753673214285e-08 1.094989464201657959e-08 1.095249242896173319e-08 1.083292487392219748e-08 1.096873358194344953e-08 1.089559674278741694e-08 1.078816973263647878e-08 1.091308888857270173e-08 1.080215444451062446e-08 1.095704085022831581e-08 1.103308301697831576e-08 1.072372649511011795e-08 1.093739556444472760e-08 1.096287856076785717e-08 1.091033958818835102e-08 1.082888992462329760e-08 1.087770535143877586e-08 1.090385407582908043e-08 1.082985437002976239e-08 1.095159850374702110e-08 1.096490097150340203e-08 1.093998507872023536e-08 1.088555222573851739e-08 1.080989858131632720e-08 1.075816822058418122e-08 1.091604848765390966e-08 1.086499582270620741e-08 1.096850518270195759e-08 1.090708362345067774e-08 1.092869692653869114e-08 1.081236985085204144e-08 1.102668696509864224e-08 1.097653194225552497e-08 1.101316482232908088e-08 1.096283103212117121e-08 1.092097138570493412e-08 1.103895380021725960e-08 1.097974281251700501e-08 1.083574629967771926e-08 1.094877358276062787e-08 1.087659878883290776e-08 1.099007543398639500e-08
1.090766972968452414e-08 1.100650381734226295e-08 1.108111016918749454e-08 1.097343728183631034e-08 1.097574130473511641e-08 1.085372263726488036e-08 1.099296450297916857e-08 1.091844244287797673e-08 1.080943875455655198e-08 1.093656026191369066e-08 1.082279466333630901e-08 1.097985268296726171e-08 1.105745779723809492e-08 1.074352156618750005e-08 1.096056230755952002e-08 1.098681680560416739e-08 1.093318769209523837e-08 1.085056654278869136e-08 1.089896431095535777e-08 1.092673589575297617e-08 1.085117684391666726e-08 1.097481661445833305e-08 1.098891305644345200e-08 1.096381364135416672e-08 1.090794159813095270e-08 1.083161405892857185e-08 1.077895739355356949e-08 1.093987229807142808e-08 1.088695318811607162e-08 1.099271467603571535e-08 1.092869692653869114e-08 1.095358984037500163e-08 1.083301160157440315e-08 1.105188170600595227e-08 1.099979840945238095e-08 1.103797423062797620e-08 1.098596158905059459e-08 1.094455999545238278e-08 1.106368484483333424e-08 1.100325185488393014e-08 1.085683953327976336e-08 1.097259674481547814e-08 1.089914983543154895e-08 1.101378773937202240e-08
1.079018440223596868e-08 1.088168991467304406e-08 1.095643711561309627e-08 1.085216422204974453e-08 1.085554323432270448e-08 1.074071800272491273e-08 1.086990159662202678e-08 1.080023364146641103e-08 1.069653871953443591e-08 1.081589876611394389e-08 1.071080235924022100e-08 1.086024475643494940e-08 1.093344180964328109e-08 1.063526416537202302e-08 1.084039103912585012e-08 1.086520621907440234e-08 1.081561968491921720e-08 1.073640989168239714e-08 1.078460914252466022e-08 1.080911576463307721e-08 1.073807696229762020e-08 1.085485732424106826e-08 1.086650531226020313e-08 1.084245035209821397e-08 1.079070252859055979e-08 1.071721588576147901e-08 1.066715299898171548e-08 1.081950625079506537e-08 1.077090801545195528e-08 1.087181473993919844e-08 1.081236985085204144e-08 1.083301160157440315e-08 1.072314812301445464e-08 1.092632517617091754e-08 1.087945020095407897e-08 1.091294033379974366e-08 1.086451191478018554e-08 1.082471277728146173e-08 1.093952950619345157e-08 1.088120873298852231e-08 1.074400552197066175e-08 1.085139787815688489e-08 1.078081435170705621e-08 1.089193421760501705e-08
1.100682321392601950e-08 1.111303705441241735e-08 1.118815294391071549e-08 1.107726534809183817e-08 1.107817017236819674e-08 1.094936129448894424e-08 1.109885164961309340e-08 1.101954119755016539e-08 1.090385672439370537e-08 1.103978178856292425e-08 1.091719119497874153e-08 1.108423088829336709e-08 1.116306611937670254e-08 1.083464544869642726e-08 1.106426738194387961e-08 1.109185207154761918e-08 1.103307086608162908e-08 1.094659321221173493e-08 1.099650679695578088e-08 1.102643901096683658e-08 1.094705918685714003e-08 1.107773944613095251e-08 1.109477637924319718e-08 1.106770512418452495e-08 1.100676400610629172e-08 1.092801817103401380e-08 1.087430103387329949e-08 1.104234737819217603e-08 1.098566141108758634e-08 1.109479949626275336e-08 1.102668696509864224e-08 1.105188170600595227e-08 1.092632517617091754e-08 1.116110378046938709e-08 1.110374509415560949e-08 1.114468829605016934e-08 1.109087185192431777e-08 1.104560278771513629e-08 1.117067163981547598e-08 1.110807308625765251e-08 1.095187773693622505e-08 1.107631321506207384e-08 1.100048468658418418e-08 1.111709757823554225e-08
1.095672845615731120e-08 1.105797081746258620e-08 1.113311713396428289e-08 1.102423157303316031e-08 1.102521505154846988e-08 1.090082623690688847e-08 1.104403335199107109e-08 1.096797778524149534e-08 1.085596151229379223e-08 1.098679919697874091e-08 1.086971067566708880e-08 1.103127784097746597e-08 1.110915877283163138e-08 1.078835852665773706e-08 1.101084066522278824e-08 1.103836347168154887e-08 1.098251520614753430e-08 1.089783042803826450e-08 1.094733021119004943e-08 1.097571686749149345e-08 1.089811720297618957e-08 1.102516707618154912e-08 1.103994706936096833e-08 1.101375890481547442e-08 1.095638731464370744e-08 1.087884462854931937e-08 1.082590681077253081e-08 1.098940806330781921e-08 1.093581886268324680e-08 1.104259860877891031e-08 1.097653194225552497e-08 1.099979840945238095e-08 1.087945020095407897e-08 1.110374509415560949e-08 1.105207574705271788e-08 1.109010953869982748e-08 1.103755181113817757e-08 1.099365959047236469e-08 1.111553809914285402e-08 1.105453776482567834e-08 1.090352272291794012e-08 1.102344364310459146e-08 1.094876513489498194e-08 1.106453168455612083e-08
1.099385903840943734e-08 1.109846955401275189e-08 1.117380328003868740e-08 1.106343435759949012e-08 1.106357701185374286e-08 1.093614100513732901e-08 1.108393389076487816e-08 1.100576440555782365e-08 1.089004216875637956e-08 1.102662657666539059e-08 1.090399164250127792e-08 1.106990530689073259e-08 1.114938387418239712e-08 1.082126123205654948e-08 1.104967150633503140e-08 1.107729411908631083e-08 1.101954917969260245e-08 1.093268780132312744e-08 1.098298933042431806e-08 1.101264264509949104e-08 1.093303328917857347e-08 1.106362455198214240e-08 1.107975189064540712e-08 1.105334240090476162e-08 1.099339125570195553e-08 1.091432289966879161e-08 1.086037536992176726e-08 1.102804353471513433e-08 1.097274906271641163e-08 1.108124839635756629e-08 1.101316482232908088e-08 1.103797423062797620e-08 1.091294033379974366e-08 1.114468829605016934e-08 1.109010953869982748e-08 1.113261731726615610e-08 1.107644798537287251e-08 1.103234968470875881e-08 1.115632708474106954e-08 1.109366931368537443e-08 1.093785853698299336e-08 1.106227615587627576e-08 1.098616578655994937e-08 1.110377512150170056e-08
