4.764575782035717379e-08 4.818879603476150761e-08 4.837957256461091038e-08 4.800017418614979928e-08 4.807591465949362460e-08 4.745760422437169562e-08 4.808610703423782838e-08 4.768475297750822843e-08 4.737836103686482111e-08 4.803866048001253397e-08 4.747605103224977441e-08 4.799692638983749651e-08 4.821206516606387259e-08 4.722694639961189952e-08 4.806338298100247174e-08 4.811877078249218170e-08 4.771178138390927623e-08 4.763984044576780123e-08 4.779816483025008286e-08 4.778653703640341573e-08 4.746367314543834864e-08 4.797966671717296580e-08 4.813757489988510376e-08 4.795726577565429374e-08 4.777978029896729095e-08 4.744154165521105841e-08 4.743768229246623815e-08 4.784564189688733301e-08 4.778477158375877923e-08 4.814943337512113926e-08 4.774072656384238629e-08 4.793457784512472719e-08 4.734879323014102182e-08 4.828345958253775791e-08 4.800946726359839020e-08 4.826190337244280012e-08 4.802297152300349096e-08 4.784078566238090858e-08 4.841105526912968103e-08 4.815074007508828825e-08 4.750834881914102851e-08 4.795953223195890424e-08 4.780693257128261274e-08 4.805796919746741388e-08
4.818879603476150761e-08 4.873968281856273017e-08 4.893208381343635255e-08 4.854911845750362239e-08 4.862504252127999116e-08 4.799875461107701685e-08 4.863548014762491806e-08 4.822934562259837475e-08 4.791952780106651372e-08 4.858829107780358420e-08 4.801852204482490536e-08 4.854525028869905944e-08 4.876312525774215479e-08 4.776582984506662060e-08 4.861252647160876872e-08 4.866851279006651454e-08 4.825665781013359120e-08 4.818488405457394940e-08 4.834381246236956285e-08 4.833197427193296344e-08 4.800504346119211782e-08 4.852816648494085730e-08 4.868846540410863761e-08 4.850515176274620916e-08 4.832589591997231261e-08 4.798326663257602279e-08 4.797904753337365658e-08 4.839171690386262069e-08 4.833109386066918939e-08 4.869961370177491479e-08 4.828711973989823063e-08 4.848238451935164768e-08 4.788940098179055683e-08 4.883575821045492803e-08 4.855725625591801316e-08 4.881400811301374190e-08 4.857126509785735283e-08 4.838760069525904378e-08 4.896498811177757613e-08 4.870182909922167439e-08 4.805040486100015647e-08 4.850711501411839723e-08 4.835338215805433520e-08 4.860769331725718199e-08
4.837957256461091038e-08 4.893208381343635255e-08 4.912686662381099705e-08 4.874082011884954370e-08 4.881793895269022331e-08 4.818844940467533940e-08 4.882789785495566576e-08 4.842022487664935308e-08 4.810930827119913431e-08 4.878067668697393661e-08 4.820786145195004881e-08 4.873774570169338040e-08 4.895561316276766845e-08 4.795392613158553938e-08 4.880492336922300294e-08 4.886099517088796237e-08 4.844700875848485703e-08 4.837541021132450274e-08 4.853472921399335209e-08 4.852346137993318263e-08 4.819502972722506198e-08 4.872036323137091620e-08 4.888053947008379872e-08 4.869690910060669897e-08 4.851735972889492174e-08 4.817292557233084168e-08 4.816849345361917746e-08 4.858359180141681387e-08 4.852166915491206870e-08 4.889259961665867428e-08 4.847757167692548895e-08 4.867373400949344356e-08 4.807846186092608108e-08 4.902839435489533741e-08 4.874915972186736810e-08 4.900778650505231755e-08 4.876312087533363142e-08 4.857818932043639941e-08 4.915841518538393946e-08 4.889413841063478194e-08 4.824027589110107263e-08 4.869846516282599350e-08 4.854481294097658583e-08 4.880032722018724224e-08
4.800017418614979928e-08 4.854911845750362239e-08 4.874082011884954370e-08 4.836031898584450785e-08 4.843520951757117129e-08 4.781114861512285493e-08 4.844566170146826762e-08 4.804088547485203657e-08 4.773219035880440836e-08 4.839849249189930197e-08 4.783073431044903115e-08 4.835525405447830717e-08 4.857267969044681142e-08 4.757872018344505758e-08 4.842218616906765201e-08 4.847838319852386852e-08 4.806777770323625577e-08 4.799734770167758473e-08 4.815435654689161004e-08 4.814325334239210581e-08 4.781748731153952899e-08 4.833843468245716389e-08 4.849875785646088222e-08 4.831573663678305366e-08 4.813697259494147032e-08 4.779556373744988244e-08 4.779141441060841997e-08 4.820286934794901770e-08 4.814266174668566620e-08 4.850942378468478461e-08 4.809865673858364862e-08 4.829309790722064899e-08 4.770219061877913449e-08 4.864539801788732181e-08 4.836752906453882720e-08 4.862351862641495530e-08 4.838149741492401046e-08 4.819893291849205318e-08 4.877384331505578750e-08 4.851173872823719886e-08 4.786260683507177992e-08 4.831744423928479364e-08 4.816425244155121587e-08 4.841791054643958398e-08
4.807591465949362460e-08 4.862504252127999116e-08 4.881793895269022331e-08 4.843520951757117129e-08 4.851181621027361187e-08 4.788611853011317520e-08 4.852165439711231745e-08 4.811613601936974681e-08 4.780728903873346210e-08 4.847484911494155416e-08 4.790571074513214987e-08 4.843175632522921374e-08 4.864860725702828808e-08 4.765346298105818135e-08 4.849876439277786693e-08 4.855432718690114927e-08 4.814297631854819555e-08 4.807230953928994717e-08 4.823034055429214519e-08 4.821893948742323702e-08 4.789290597105564070e-08 4.841453933969830422e-08 4.857428106044018382e-08 4.839174711190648201e-08 4.821282176598470774e-08 4.787077948119582870e-08 4.786682263069046614e-08 4.827870062432147136e-08 4.821764779735012916e-08 4.858593636712971719e-08 4.817381265429698403e-08 4.836913721766525454e-08 4.777729203805008852e-08 4.872115786866044173e-08 4.844358053951946747e-08 4.870015439087025761e-08 4.845734674575640688e-08 4.827405422603044091e-08 4.885014116718040749e-08 4.858755739119441017e-08 4.793833712626912753e-08 4.839333383874570154e-08 4.824009901514303232e-08 4.849410195947091286e-08
4.745760422437169562e-08 4.799875461107701685e-08 4.818844940467533940e-08 4.781114861512285493e-08 4.788611853011317520e-08 4.727198201679290027e-08 4.789665673570270022e-08 4.749763602700049470e-08 4.719155473787689670e-08 4.784924356410885697e-08 4.728879184525774190e-08 4.780677500836074817e-08 4.802147736836384251e-08 4.704134447679448996e-08 4.787444860620381801e-08 4.792891876962787260e-08 4.752405659721690526e-08 4.745154722535130726e-08 4.760939859485838861e-08 4.759824527983546175e-08 4.727645292407066439e-08 4.779040760981951798e-08 4.794858691015549201e-08 4.776746438048437676e-08 4.759126793494080075e-08 4.725417043462776786e-08 4.725076689421022957e-08 4.765714114809274883e-08 4.759716497808129100e-08 4.795946610730013115e-08 4.755197414654744616e-08 4.774544619006351109e-08 4.716151397329639263e-08 4.809311613500732068e-08 4.782022421086642956e-08 4.807086048707212423e-08 4.783383411649751358e-08 4.765227544262657631e-08 4.821970942628658987e-08 4.796110833222009594e-08 4.732137158210510883e-08 4.776978552403732569e-08 4.761815324728743987e-08 4.786730998664779676e-08
4.808610703423782838e-08 4.863548014762491806e-08 4.882789785495566576e-08 4.844566170146826762e-08 4.852165439711231745e-08 4.789665673570270022e-08 4.853253746241254076e-08 4.812671071913777988e-08 4.781736839432131470e-08 4.848498414640081255e-08 4.791561351308590921e-08 4.844193703214936153e-08 4.865896409915652985e-08 4.766366262122695419e-08 4.850881056931596379e-08 4.856477190867105993e-08 4.815352514237535908e-08 4.808190779530933708e-08 4.824020509484126962e-08 4.822876200007050707e-08 4.790276965087710830e-08 4.842494368670159143e-08 4.858505373916891465e-08 4.840179750804463474e-08 4.822306648910002016e-08 4.788093423211096537e-08 4.787666042313297613e-08 4.828869858253095432e-08 4.822783926505131160e-08 4.859584715705902760e-08 4.818394899812187334e-08 4.837942316734348037e-08 4.778674752873407761e-08 4.873168719490366292e-08 4.845394813040500531e-08 4.870977436353209326e-08 4.846787732077811183e-08 4.828413526325084946e-08 4.886013725804358734e-08 4.859758019410237891e-08 4.794884704917784183e-08 4.840333672542874287e-08 4.825002388237759660e-08 4.850382983000224855e-08
4.768475297750822843e-08 4.822934562259837475e-08 4.842022487664935308e-08 4.804088547485203657e-08 4.811613601936974681e-08 4.749763602700049470e-08 4.812671071913777988e-08 4.772595165221925476e-08 4.741861290792343735e-08 4.807956501992507502e-08 4.751601158305898090e-08 4.803726225084290399e-08 4.825196766178549202e-08 4.726682014765598562e-08 4.810434931983235563e-08 4.815941447031641470e-08 4.775229419786843582e-08 4.767964159508245662e-08 4.783786733500411333e-08 4.782644452196719597e-08 4.750289226650029263e-08 4.802031087452004196e-08 4.817917793010314691e-08 4.799686639162175890e-08 4.782038586961734143e-08 4.748139034499620050e-08 4.747721402491275201e-08 4.788594104630148823e-08 4.782537904890699232e-08 4.818977832989490012e-08 4.778100265660806585e-08 4.797450205936207852e-08 4.738794686540653768e-08 4.832443354470856354e-08 4.804940823110118047e-08 4.830215890885100861e-08 4.806307698935823510e-08 4.788057914685391226e-08 4.845149661043104964e-08 4.819178055620880547e-08 4.754834947097161898e-08 4.799912789100114640e-08 4.784718879091948804e-08 4.809770942769103730e-08
4.737836103686482111e-08 4.791952780106651372e-08 4.810930827119913431e-08 4.773219035880440836e-08 4.780728903873346210e-08 4.719155473787689670e-08 4.781736839432131470e-08 4.741861290792343735e-08 4.711441827287083194e-08 4.777106603360497267e-08 4.721107644489183587e-08 4.772952559974535300e-08 4.794215720529134591e-08 4.696317850478172669e-08 4.779502724493264367e-08 4.785038062746608280e-08 4.744518872869917489e-08 4.737398915305645577e-08 4.753107482442055008e-08 4.751939760516606509e-08 4.719796637058467595e-08 4.771188286419110783e-08 4.786902727844338253e-08 4.768920613900339123e-08 4.751335803895468624e-08 4.717671982767891867e-08 4.717256918991558632e-08 4.757804518084958971e-08 4.751768989696146234e-08 4.788055218859684204e-08 4.747494161037297179e-08 4.766688092899622348e-08 4.708446778737603289e-08 4.801378521482416848e-08 4.774109885965799512e-08 4.799268418624135955e-08 4.775395320478974331e-08 4.757276981076517463e-08 4.814103652666269877e-08 4.788223964729296807e-08 4.724296776274391879e-08 4.769135662891712038e-08 4.754028133064477145e-08 4.778943146016654408e-08
4.803866048001253397e-08 4.858829107780358420e-08 4.878067668697393661e-08 4.839849249189930197e-08 4.847484911494155416e-08 4.784924356410885697e-08 4.848498414640081255e-08 4.807956501992507502e-08 4.777106603360497267e-08 4.843912776182688417e-08 4.786923750766361460e-08 4.839540566302676985e-08 4.861149255822944952e-08 4.761702770884985918e-08 4.846244700791556359e-08 4.851741558684666730e-08 4.810656305692567465e-08 4.803575875439697367e-08 4.819355157880822559e-08 4.818181630326233442e-08 4.785612038617314717e-08 4.837798835496336516e-08 4.853764056425186998e-08 4.835516532465850549e-08 4.817652080380434391e-08 4.783407542494959130e-08 4.783027488840842899e-08 4.824151731189515114e-08 4.818116328204330573e-08 4.854892605210993980e-08 4.813782904683186840e-08 4.833276500622531624e-08 4.774054984222771840e-08 4.868430284775722465e-08 4.840665207608082972e-08 4.866359066421427917e-08 4.842040417033697826e-08 4.823706511555373149e-08 4.881371427429103744e-08 4.855095337165245835e-08 4.790202924637650683e-08 4.835648424638743363e-08 4.820363908700121582e-08 4.845748017779939147e-08
4.747605103224977441e-08 4.801852204482490536e-08 4.820786145195004881e-08 4.783073431044903115e-08 4.790571074513214987e-08 4.728879184525774190e-08 4.791561351308590921e-08 4.751601158305898090e-08 4.721107644489183587e-08 4.786923750766361460e-08 4.730919779184657715e-08 4.782745784944460108e-08 4.804137345163401319e-08 4.706030687692616682e-08 4.789354071333713206e-08 4.794901681375862101e-08 4.754291478247308533e-08 4.747232407722260470e-08 4.762943841517483677e-08 4.761739741528390199e-08 4.729543250007333606e-08 4.780999868536136539e-08 4.796794847168183726e-08 4.778774068442649779e-08 4.761094992400160918e-08 4.727404220399343002e-08 4.727010198356951811e-08 4.767611802823827268e-08 4.761611434645828417e-08 4.797914712003668473e-08 4.757318009369674284e-08 4.776528184412790694e-08 4.718196158153545556e-08 4.811330676769577205e-08 4.783944664104901245e-08 4.809154123268714447e-08 4.785253755070222248e-08 4.767171571085835558e-08 4.824057240764712363e-08 4.798141794728010577e-08 4.734003522708948051e-08 4.779009978923290281e-08 4.763833716084956917e-08 4.788807448910063546e-08
4.799692638983749651e-08 4.854525028869905944e-08 4.873774570169338040e-08 4.835525405447830717e-08 4.843175632522921374e-08 4.780677500836074817e-08 4.844193703214936153e-08 4.803726225084290399e-08 4.772952559974535300e-08 4.839540566302676985e-08 4.782745784944460108e-08 4.835366915240540184e-08 4.856840342115791167e-08 4.757559949571661894e-08 4.841908889974480672e-08 4.847524902217215174e-08 4.806436328535937081e-08 4.799285167802585345e-08 4.815167081238650782e-08 4.813962151589249179e-08 4.781424049247345658e-08 4.833505016868718560e-08 4.849372167943619365e-08 4.831252153922875127e-08 4.813389724426773489e-08 4.779255392717289465e-08 4.778822079386170616e-08 4.819915138179841899e-08 4.813752102632037109e-08 4.850570827230310362e-08 4.809523126182649897e-08 4.828960003470765396e-08 4.769892852503275631e-08 4.864074679130906207e-08 4.836447000888920688e-08 4.862015928410900754e-08 4.837735068066922713e-08 4.819350574163297718e-08 4.877020109565546432e-08 4.850727434250793679e-08 4.785979050929496317e-08 4.831437616724631708e-08 4.816129768974768612e-08 4.841423779711721500e-08
4.821206516606387259e-08 4.876312525774215479e-08 4.895561316276766845e-08 4.857267969044681142e-08 4.864860725702828808e-08 4.802147736836384251e-08 4.865896409915652985e-08 4.825196766178549202e-08 4.794215720529134591e-08 4.861149255822944952e-08 4.804137345163401319e-08 4.856840342115791167e-08 4.878767333775300286e-08 4.778806017314887707e-08 4.863556699340320533e-08 4.869176862976328114e-08 4.827910085837991031e-08 4.820870919271285483e-08 4.836684588702516364e-08 4.835512827826572824e-08 4.802815273171426255e-08 4.855187047621442513e-08 4.871239818868459695e-08 4.852885953250049258e-08 4.834897497648377167e-08 4.800640688282411624e-08 4.800192078985940414e-08 4.841511510344794924e-08 4.835431362334927527e-08 4.872326371106572308e-08 4.831075485715558252e-08 4.850650383100938270e-08 4.791266931844716239e-08 4.885959707390522212e-08 4.858056534294078404e-08 4.883826959188538157e-08 4.859487878591470943e-08 4.841159080697018673e-08 4.898900614145581052e-08 4.872541376050318200e-08 4.807356864519160557e-08 4.853098977621759752e-08 4.837647891332176825e-08 4.863152738539603352e-08
4.722694639961189952e-08 4.776582984506662060e-08 4.795392613158553938e-08 4.757872018344505758e-08 4.765346298105818135e-08 4.704134447679448996e-08 4.766366262122695419e-08 4.726682014765598562e-08 4.696317850478172669e-08 4.761702770884985918e-08 4.706030687692616682e-08 4.757559949571661894e-08 4.778806017314887707e-08 4.681446653879926694e-08 4.764188118626635261e-08 4.769672810647773200e-08 4.729394111493628047e-08 4.722136184709474332e-08 4.737934761156173692e-08 4.736702184623293785e-08 4.704687557864245241e-08 4.755832331416746009e-08 4.771553973781300240e-08 4.753567421239237160e-08 4.736064880661801757e-08 4.702586903647416676e-08 4.702233000289453833e-08 4.742524627580283652e-08 4.736587166059193363e-08 4.772670896233641963e-08 4.732238542922939865e-08 4.751388910214564749e-08 4.693437758856390033e-08 4.785969346936428041e-08 4.758826561670939346e-08 4.783702078697944939e-08 4.760116696799738217e-08 4.742091832242449949e-08 4.798565249796721399e-08 4.772847076839020625e-08 4.709211843965292142e-08 4.753872901377811852e-08 4.738742622327309012e-08 4.763485087570518578e-08
4.806338298100247174e-08 4.861252647160876872e-08 4.880492336922300294e-08 4.842218616906765201e-08 4.849876439277786693e-08 4.787444860620381801e-08 4.850881056931596379e-08 4.810434931983235563e-08 4.779502724493264367e-08 4.846244700791556359e-08 4.789354071333713206e-08 4.841908889974480672e-08 4.863556699340320533e-08 4.764188118626635261e-08 4.848722141125177104e-08 4.854163684282060139e-08 4.813115209053977340e-08 4.805887756485211087e-08 4.821816062292722009e-08 4.820622337157601290e-08 4.788043462614046130e-08 4.840195707839315910e-08 4.856168863509282482e-08 4.837880970282179085e-08 4.820033752180364867e-08 4.785824670850271693e-08 4.785458923439380801e-08 4.826613844793613690e-08 4.820545569193160275e-08 4.857287612982523722e-08 4.816105398658810110e-08 4.835639343258309699e-08 4.776459207550527150e-08 4.870834273700259147e-08 4.843107339092955987e-08 4.868696871717514092e-08 4.844489712427532897e-08 4.826121955272279155e-08 4.883738221646947229e-08 4.857498326127250172e-08 4.792615850403624538e-08 4.838085631894167545e-08 4.822753718651273228e-08 4.848057958183355283e-08
4.811877078249218170e-08 4.866851279006651454e-08 4.886099517088796237e-08 4.847838319852386852e-08 4.855432718690114927e-08 4.792891876962787260e-08 4.856477190867105993e-08 4.815941447031641470e-08 4.785038062746608280e-08 4.851741558684666730e-08 4.794901681375862101e-08 4.847524902217215174e-08 4.869176862976328114e-08 4.769672810647773200e-08 4.854163684282060139e-08 4.859849798693534668e-08 4.818624930142091817e-08 4.811479812967372263e-08 4.827373035279405258e-08 4.826199630488528514e-08 4.793570099200013170e-08 4.845741938452341079e-08 4.861717734419805655e-08 4.843483917168998007e-08 4.825572818086992120e-08 4.791404914082972987e-08 4.790968655162613985e-08 4.832166297938511988e-08 4.826031728237796948e-08 4.862868251338470007e-08 4.821714665268409074e-08 4.841189217609850275e-08 4.782022889844972711e-08 4.876452096055156774e-08 4.848721231252700437e-08 4.874275707399989564e-08 4.850039462877253222e-08 4.831649831338964440e-08 4.889354376444840372e-08 4.863078531152506104e-08 4.798115143784033989e-08 4.843675131479407300e-08 4.828313080533969402e-08 4.853673375633041335e-08
4.771178138390927623e-08 4.825665781013359120e-08 4.844700875848485703e-08 4.806777770323625577e-08 4.814297631854819555e-08 4.752405659721690526e-08 4.815352514237535908e-08 4.775229419786843582e-08 4.744518872869917489e-08 4.810656305692567465e-08 4.754291478247308533e-08 4.806436328535937081e-08 4.827910085837991031e-08 4.729394111493628047e-08 4.813115209053977340e-08 4.818624930142091817e-08 4.777995002963718549e-08 4.770637775239341498e-08 4.786518754725632283e-08 4.785327417281634018e-08 4.752961251629879326e-08 4.804686026690985076e-08 4.820566278739450205e-08 4.802381393685322463e-08 4.784713193099624981e-08 4.750799455633773383e-08 4.750429615864039848e-08 4.791225546269235397e-08 4.785223999150960744e-08 4.821682185061260122e-08 4.780798157190716740e-08 4.800130071818762616e-08 4.741507459389872112e-08 4.835137162901589445e-08 4.807638697763821185e-08 4.832891378066632524e-08 4.809006893555120988e-08 4.790772056130507479e-08 4.847870256755570132e-08 4.821859216883310066e-08 4.757483578207772064e-08 4.802639843075494971e-08 4.787417967969885210e-08 4.812499085414867841e-08
4.763984044576780123e-08 4.818488405457394940e-08 4.837541021132450274e-08 4.799734770167758473e-08 4.807230953928994717e-08 4.745154722535130726e-08 4.808190779530933708e-08 4.767964159508245662e-08 4.737398915305645577e-08 4.803575875439697367e-08 4.747232407722260470e-08 4.799285167802585345e-08 4.820870919271285483e-08 4.722136184709474332e-08 4.805887756485211087e-08 4.811479812967372263e-08 4.770637775239341498e-08 4.763855547069374814e-08 4.779339623635972350e-08 4.778223941286237814e-08 4.745880742014360466e-08 4.797604553500018079e-08 4.813500263578070133e-08 4.795375018894433762e-08 4.777590514250034629e-08 4.743720002560157159e-08 4.743309860859782146e-08 4.784113426775561911e-08 4.778127751037125367e-08 4.814599187846905993e-08 4.773867085343225690e-08 4.793132791302261986e-08 4.734499419562396267e-08 4.828062160344375058e-08 4.800455691650121901e-08 4.825989453582098146e-08 4.801830009359885120e-08 4.783765284094449050e-08 4.840862062735261464e-08 4.814829435300508672e-08 4.750320335127969777e-08 4.795523478265602467e-08 4.780348150918699306e-08 4.805552112739285512e-08
4.779816483025008286e-08 4.834381246236956285e-08 4.853472921399335209e-08 4.815435654689161004e-08 4.823034055429214519e-08 4.760939859485838861e-08 4.824020509484126962e-08 4.783786733500411333e-08 4.753107482442055008e-08 4.819355157880822559e-08 4.762943841517483677e-08 4.815167081238650782e-08 4.836684588702516364e-08 4.737934761156173692e-08 4.821816062292722009e-08 4.827373035279405258e-08 4.786518754725632283e-08 4.779339623635972350e-08 4.795241644982734698e-08 4.794009199230174835e-08 4.761609250900583203e-08 4.813394953892582413e-08 4.829231040015082440e-08 4.811153899986625771e-08 4.793360529359740288e-08 4.759438026607872235e-08 4.759057619533068425e-08 4.799905062018211982e-08 4.793848732519074034e-08 4.830432900508219366e-08 4.789522443514406382e-08 4.808897763952856677e-08 4.750185615570404271e-08 4.843874516522334778e-08 4.816373637571989557e-08 4.841734283968296365e-08 4.817682597298036962e-08 4.799448894416084174e-08 4.856733597484146905e-08 4.830611849778730737e-08 4.766106530763248325e-08 4.811408701792149780e-08 4.796103502795262628e-08 4.821253903512153786e-08
4.778653703640341573e-08 4.833197427193296344e-08 4.852346137993318263e-08 4.814325334239210581e-08 4.821893948742323702e-08 4.759824527983546175e-08 4.822876200007050707e-08 4.782644452196719597e-08 4.751939760516606509e-08 4.818181630326233442e-08 4.761739741528390199e-08 4.813962151589249179e-08 4.835512827826572824e-08 4.736702184623293785e-08 4.820622337157601290e-08 4.826199630488528514e-08 4.785327417281634018e-08 4.778223941286237814e-08 4.794009199230174835e-08 4.792886594858676989e-08 4.760467289111795137e-08 4.812217062738650467e-08 4.828080786341220404e-08 4.809979290057157096e-08 4.792184925017019373e-08 4.758238106032750749e-08 4.757865489475644544e-08 4.798788660998087994e-08 4.792699037874961082e-08 4.829280382868301851e-08 4.788309540753008981e-08 4.807703072353262916e-08 4.748966635200975682e-08 4.842705609749089036e-08 4.815198059112424326e-08 4.840594364970320384e-08 4.816521208966682466e-08 4.798284928774340036e-08 4.855545730207320136e-08 4.829442535002081646e-08 4.764915223396687244e-08 4.810184642532434641e-08 4.794930428222927935e-08 4.820113540437326033e-08
4.746367314543834864e-08 4.800504346119211782e-08 4.819502972722506198e-08 4.781748731153952899e-08 4.789290597105564070e-08 4.727645292407066439e-08 4.790276965087710830e-08 4.750289226650029263e-08 4.719796637058467595e-08 4.785612038617314717e-08 4.729543250007333606e-08 4.781424049247345658e-08 4.802815273171426255e-08 4.704687557864245241e-08 4.788043462614046130e-08 4.793570099200013170e-08 4.752961251629879326e-08 4.745880742014360466e-08 4.761609250900583203e-08 4.760467289111795137e-08 4.728333948020889119e-08 4.779654165670816817e-08 4.795385477212200215e-08 4.777505121045542307e-08 4.759775774133786570e-08 4.726070291045281842e-08 4.725735347768500578e-08 4.766351172659537940e-08 4.760285041034695557e-08 4.796607462561558141e-08 4.755930861980513082e-08 4.775241824819233725e-08 4.716875177940678345e-08 4.809953840068309800e-08 4.782677907631784167e-08 4.807836207691479207e-08 4.783974055538075636e-08 4.765837591777444513e-08 4.822716647895446136e-08 4.796762139790759523e-08 4.732782311128844138e-08 4.777710234840622840e-08 4.762475438833807595e-08 4.787529657284893671e-08
4.797966671717296580e-08 4.852816648494085730e-08 4.872036323137091620e-08 4.833843468245716389e-08 4.841453933969830422e-08 4.779040760981951798e-08 4.842494368670159143e-08 4.802031087452004196e-08 4.771188286419110783e-08 4.837798835496336516e-08 4.780999868536136539e-08 4.833505016868718560e-08 4.855187047621442513e-08 4.755832331416746009e-08 4.840195707839315910e-08 4.845741938452341079e-08 4.804686026690985076e-08 4.797604553500018079e-08 4.813394953892582413e-08 4.812217062738650467e-08 4.779654165670816817e-08 4.831863667384732083e-08 4.847822460201386171e-08 4.829470725959867678e-08 4.811677083158458117e-08 4.777546534018643965e-08 4.777073050224720474e-08 4.818191031248325769e-08 4.812134311117963028e-08 4.848881688400973302e-08 4.807802051896674557e-08 4.827274437209500525e-08 4.768159867756347948e-08 4.862413927126907810e-08 4.834652567541383515e-08 4.860296209943666156e-08 4.836063468802381415e-08 4.817770154125091364e-08 4.875265980539198075e-08 4.849067481046689479e-08 4.784244341547142562e-08 4.829655282061338256e-08 4.814384598243495342e-08 4.839669467051989192e-08
4.813757489988510376e-08 4.868846540410863761e-08 4.888053947008379872e-08 4.849875785646088222e-08 4.857428106044018382e-08 4.794858691015549201e-08 4.858505373916891465e-08 4.817917793010314691e-08 4.786902727844338253e-08 4.853764056425186998e-08 4.796794847168183726e-08 4.849372167943619365e-08 4.871239818868459695e-08 4.771553973781300240e-08 4.856168863509282482e-08 4.861717734419805655e-08 4.820566278739450205e-08 4.813500263578070133e-08 4.829231040015082440e-08 4.828080786341220404e-08 4.795385477212200215e-08 4.847822460201386171e-08 4.863996944623224704e-08 4.845369135209411527e-08 4.827545501370885431e-08 4.793313786837311234e-08 4.792839011362099558e-08 4.834100051867338168e-08 4.828106274179376944e-08 4.864887435309985261e-08 4.823690236382512111e-08 4.843230212102217838e-08 4.783878859968642364e-08 4.878554354298171676e-08 4.850587999943971335e-08 4.876296286298435684e-08 4.852061757044284358e-08 4.833773815041942114e-08 4.891323586090898950e-08 4.865128826891626081e-08 4.800043976436728027e-08 4.845566046785064601e-08 4.830258777587882118e-08 4.855588231299921151e-08
4.795726577565429374e-08 4.850515176274620916e-08 4.869690910060669897e-08 4.831573663678305366e-08 4.839174711190648201e-08 4.776746438048437676e-08 4.840179750804463474e-08 4.799686639162175890e-08 4.768920613900339123e-08 4.835516532465850549e-08 4.778774068442649779e-08 4.831252153922875127e-08 4.852885953250049258e-08 4.753567421239237160e-08 4.837880970282179085e-08 4.843483917168998007e-08 4.802381393685322463e-08 4.795375018894433762e-08 4.811153899986625771e-08 4.809979290057157096e-08 4.777505121045542307e-08 4.829470725959867678e-08 4.845369135209411527e-08 4.827323344349253771e-08 4.809347294030649900e-08 4.775262372129761610e-08 4.774869953445442976e-08 4.815942514694884870e-08 4.809840771788713643e-08 4.846556165658759567e-08 4.805536217594707224e-08 4.825022669513431493e-08 4.765947855105368548e-08 4.860099039137614893e-08 4.832453644800478039e-08 4.858015022340626043e-08 4.833775436263395573e-08 4.815475085329524361e-08 4.873040334968919413e-08 4.846760464763820232e-08 4.782016657545950095e-08 4.827465621616829071e-08 4.812094252026195564e-08 4.837480176972741411e-08
4.777978029896729095e-08 4.832589591997231261e-08 4.851735972889492174e-08 4.813697259494147032e-08 4.821282176598470774e-08 4.759126793494080075e-08 4.822306648910002016e-08 4.782038586961734143e-08 4.751335803895468624e-08 4.817652080380434391e-08 4.761094992400160918e-08 4.813389724426773489e-08 4.834897497648377167e-08 4.736064880661801757e-08 4.820033752180364867e-08 4.825572818086992120e-08 4.784713193099624981e-08 4.777590514250034629e-08 4.793360529359740288e-08 4.792184925017019373e-08 4.759775774133786570e-08 4.811677083158458117e-08 4.827545501370885431e-08 4.809347294030649900e-08 4.791647379972578554e-08 4.757648600043714649e-08 4.757220741315536865e-08 4.798122208494211428e-08 4.792082375880365546e-08 4.828673228831500172e-08 4.787765807865179073e-08 4.807120215102345886e-08 4.748338038079655664e-08 4.842127682994835482e-08 4.814524608565325308e-08 4.839992127707511914e-08 4.815900300216107117e-08 4.797665562857550629e-08 4.854924506204883823e-08 4.828856086532659758e-08 4.764339765884777899e-08 4.809540199705694164e-08 4.794318439953416541e-08 4.819524913496994128e-08
4.744154165521105841e-08 4.798326663257602279e-08 4.817292557233084168e-08 4.779556373744988244e-08 4.787077948119582870e-08 4.725417043462776786e-08 4.788093423211096537e-08 4.748139034499620050e-08 4.717671982767891867e-08 4.783407542494959130e-08 4.727404220399343002e-08 4.779255392717289465e-08 4.800640688282411624e-08 4.702586903647416676e-08 4.785824670850271693e-08 4.791404914082972987e-08 4.750799455633773383e-08 4.743720002560157159e-08 4.759438026607872235e-08 4.758238106032750749e-08 4.726070291045281842e-08 4.777546534018643965e-08 4.793313786837311234e-08 4.775262372129761610e-08 4.757648600043714649e-08 4.724001392702402465e-08 4.723554986833468644e-08 4.764125343732016010e-08 4.758098455452685036e-08 4.794427089749475881e-08 4.753836375157744788e-08 4.773056673713472998e-08 4.714771484161127585e-08 4.807801180857742875e-08 4.780446097256182400e-08 4.805611633416372331e-08 4.781772669198261710e-08 4.763677564401313518e-08 4.820469399052771882e-08 4.794609794432429554e-08 4.730604916589069395e-08 4.775502757682714593e-08 4.760326952012978204e-08 4.785297597207887978e-08
4.743768229246623815e-08 4.797904753337365658e-08 4.816849345361917746e-08 4.779141441060841997e-08 4.786682263069046614e-08 4.725076689421022957e-08 4.787666042313297613e-08 4.747721402491275201e-08 4.717256918991558632e-08 4.783027488840842899e-08 4.727010198356951811e-08 4.778822079386170616e-08 4.800192078985940414e-08 4.702233000289453833e-08 4.785458923439380801e-08 4.790968655162613985e-08 4.750429615864039848e-08 4.743309860859782146e-08 4.759057619533068425e-08 4.757865489475644544e-08 4.725735347768500578e-08 4.777073050224720474e-08 4.792839011362099558e-08 4.774869953445442976e-08 4.757220741315536865e-08 4.723554986833468644e-08 4.723230182839033675e-08 4.763720688108451661e-08 4.757732837203600987e-08 4.794022290362750898e-08 4.753404309980342170e-08 4.772664507224706360e-08 4.714397089561960301e-08 4.807354616099951456e-08 4.780071640642384620e-08 4.805174532448987214e-08 4.781376196015724183e-08 4.763288151724148208e-08 4.820062510815149492e-08 4.794187092262511058e-08 4.730249474303448117e-08 4.775117675310146523e-08 4.759903528967044108e-08 4.784889243905834286e-08
4.784564189688733301e-08 4.839171690386262069e-08 4.858359180141681387e-08 4.820286934794901770e-08 4.827870062432147136e-08 4.765714114809274883e-08 4.828869858253095432e-08 4.788594104630148823e-08 4.757804518084958971e-08 4.824151731189515114e-08 4.767611802823827268e-08 4.819915138179841899e-08 4.841511510344794924e-08 4.742524627580283652e-08 4.826613844793613690e-08 4.832166297938511988e-08 4.791225546269235397e-08 4.784113426775561911e-08 4.799905062018211982e-08 4.798788660998087994e-08 4.766351172659537940e-08 4.818191031248325769e-08 4.834100051867338168e-08 4.815942514694884870e-08 4.798122208494211428e-08 4.764125343732016010e-08 4.763720688108451661e-08 4.804774866084625817e-08 4.798633260881166439e-08 4.835237861067805471e-08 4.794212732394948201e-08 4.813664332992201785e-08 4.754799325530020808e-08 4.848737334346290584e-08 4.821154204423906981e-08 4.846585969534753452e-08 4.822505382125931332e-08 4.804226097553514885e-08 4.861540140620973201e-08 4.835427907358650710e-08 4.770845211957368697e-08 4.816146366743366851e-08 4.800839928090702906e-08 4.826074323617460867e-08
4.778477158375877923e-08 4.833109386066918939e-08 4.852166915491206870e-08 4.814266174668566620e-08 4.821764779735012916e-08 4.759716497808129100e-08 4.822783926505131160e-08 4.782537904890699232e-08 4.751768989696146234e-08 4.818116328204330573e-08 4.761611434645828417e-08 4.813752102632037109e-08 4.835431362334927527e-08 4.736587166059193363e-08 4.820545569193160275e-08 4.826031728237796948e-08 4.785223999150960744e-08 4.778127751037125367e-08 4.793848732519074034e-08 4.792699037874961082e-08 4.760285041034695557e-08 4.812134311117963028e-08 4.828106274179376944e-08 4.809840771788713643e-08 4.792082375880365546e-08 4.758098455452685036e-08 4.757732837203600987e-08 4.798633260881166439e-08 4.792702309883499423e-08 4.829163380741517025e-08 4.788238736866358528e-08 4.807627303931163040e-08 4.748831484388270827e-08 4.842683087093039983e-08 4.815021024432380662e-08 4.840459086816887171e-08 4.816444442233370754e-08 4.798291418319225512e-08 4.855445962391434090e-08 4.829406054234689269e-08 4.764806993768392509e-08 4.810045992570213608e-08 4.794778984099538493e-08 4.819996484774760145e-08
4.814943337512113926e-08 4.869961370177491479e-08 4.889259961665867428e-08 4.850942378468478461e-08 4.858593636712971719e-08 4.795946610730013115e-08 4.859584715705902760e-08 4.818977832989490012e-08 4.788055218859684204e-08 4.854892605210993980e-08 4.797914712003668473e-08 4.850570827230310362e-08 4.872326371106572308e-08 4.772670896233641963e-08 4.857287612982523722e-08 4.862868251338470007e-08 4.821682185061260122e-08 4.814599187846905993e-08 4.830432900508219366e-08 4.829280382868301851e-08 4.796607462561558141e-08 4.848881688400973302e-08 4.864887435309985261e-08 4.846556165658759567e-08 4.828673228831500172e-08 4.794427089749475881e-08 4.794022290362750898e-08 4.835237861067805471e-08 4.829163380741517025e-08 4.866052037848966523e-08 4.824784605550406414e-08 4.844326232479277511e-08 4.785085501359585776e-08 4.879575436300430421e-08 4.851760702893762519e-08 4.877465957419180179e-08 4.853150238314065715e-08 4.834824677842929665e-08 4.892494606996679320e-08 4.866212902736479631e-08 4.801160893314288660e-08 4.846743327317066217e-08 4.831399664573946875e-08 4.856824553525881089e-08
4.774072656384238629e-08 4.828711973989823063e-08 4.847757167692548895e-08 4.809865673858364862e-08 4.817381265429698403e-08 4.755197414654744616e-08 4.818394899812187334e-08 4.778100265660806585e-08 4.747494161037297179e-08 4.813782904683186840e-08 4.757318009369674284e-08 4.809523126182649897e-08 4.831075485715558252e-08 4.732238542922939865e-08 4.816105398658810110e-08 4.821714665268409074e-08 4.780798157190716740e-08 4.773867085343225690e-08 4.789522443514406382e-08 4.788309540753008981e-08 4.755930861980513082e-08 4.807802051896674557e-08 4.823690236382512111e-08 4.805536217594707224e-08 4.787765807865179073e-08 4.753836375157744788e-08 4.753404309980342170e-08 4.794212732394948201e-08 4.788238736866358528e-08 4.824784605550406414e-08 4.784054477639199916e-08 4.803334132366684367e-08 4.744596111800056119e-08 4.838282426701220172e-08 4.810658379390680720e-08 4.836165389418177740e-08 4.812003680937420155e-08 4.793865521457714513e-08 4.851123729296630587e-08 4.825026117202630263e-08 4.760484115983702369e-08 4.805742633088927991e-08 4.790475365301678349e-08 4.815689116154855961e-08
4.793457784512472719e-08 4.848238451935164768e-08 4.867373400949344356e-08 4.829309790722064899e-08 4.836913721766525454e-08 4.774544619006351109e-08 4.837942316734348037e-08 4.797450205936207852e-08 4.766688092899622348e-08 4.833276500622531624e-08 4.776528184412790694e-08 4.828960003470765396e-08 4.850650383100938270e-08 4.751388910214564749e-08 4.835639343258309699e-08 4.841189217609850275e-08 4.800130071818762616e-08 4.793132791302261986e-08 4.808897763952856677e-08 4.807703072353262916e-08 4.775241824819233725e-08 4.827274437209500525e-08 4.843230212102217838e-08 4.825022669513431493e-08 4.807120215102345886e-08 4.773056673713472998e-08 4.772664507224706360e-08 4.813664332992201785e-08 4.807627303931163040e-08 4.844326232479277511e-08 4.803334132366684367e-08 4.822867277095877680e-08 4.763757160802293915e-08 4.857846701252222401e-08 4.830189579050310088e-08 4.855738844774294659e-08 4.831534509080084700e-08 4.813283540778510174e-08 4.870745440031717405e-08 4.844506736140774923e-08 4.779864442447349090e-08 4.825218103038134699e-08 4.809828209929424013e-08 4.835136235699268001e-08
4.734879323014102182e-08 4.788940098179055683e-08 4.807846186092608108e-08 4.770219061877913449e-08 4.777729203805008852e-08 4.716151397329639263e-08 4.778674752873407761e-08 4.738794686540653768e-08 4.708446778737603289e-08 4.774054984222771840e-08 4.718196158153545556e-08 4.769892852503275631e-08 4.791266931844716239e-08 4.693437758856390033e-08 4.776459207550527150e-08 4.782022889844972711e-08 4.741507459389872112e-08 4.734499419562396267e-08 4.750185615570404271e-08 4.748966635200975682e-08 4.716875177940678345e-08 4.768159867756347948e-08 4.783878859968642364e-08 4.765947855105368548e-08 4.748338038079655664e-08 4.714771484161127585e-08 4.714397089561960301e-08 4.754799325530020808e-08 4.748831484388270827e-08 4.785085501359585776e-08 4.744596111800056119e-08 4.763757160802293915e-08 4.705689547017291321e-08 4.798385885945519742e-08 4.771110945308078342e-08 4.796236139837300422e-08 4.772410670270981423e-08 4.754428757371731984e-08 4.811089787915085842e-08 4.785263495289787873e-08 4.721363431431752630e-08 4.766239721282139987e-08 4.751015053613357511e-08 4.775986920823487765e-08
4.828345958253775791e-08 4.883575821045492803e-08 4.902839435489533741e-08 4.864539801788732181e-08 4.872115786866044173e-08 4.809311613500732068e-08 4.873168719490366292e-08 4.832443354470856354e-08 4.801378521482416848e-08 4.868430284775722465e-08 4.811330676769577205e-08 4.864074679130906207e-08 4.885959707390522212e-08 4.785969346936428041e-08 4.870834273700259147e-08 4.876452096055156774e-08 4.835137162901589445e-08 4.828062160344375058e-08 4.843874516522334778e-08 4.842705609749089036e-08 4.809953840068309800e-08 4.862413927126907810e-08 4.878554354298171676e-08 4.860099039137614893e-08 4.842127682994835482e-08 4.807801180857742875e-08 4.807354616099951456e-08 4.848737334346290584e-08 4.842683087093039983e-08 4.879575436300430421e-08 4.838282426701220172e-08 4.857846701252222401e-08 4.798385885945519742e-08 4.893292668742540576e-08 4.865287511374449645e-08 4.891050194486565313e-08 4.866720741741118399e-08 4.848367822127409860e-08 4.906163356998035348e-08 4.879834002316359871e-08 4.814541937633971289e-08 4.860279299878553214e-08 4.844862513821951346e-08 4.870369487073752721e-08
4.800946726359839020e-08 4.855725625591801316e-08 4.874915972186736810e-08 4.836752906453882720e-08 4.844358053951946747e-08 4.782022421086642956e-08 4.845394813040500531e-08 4.804940823110118047e-08 4.774109885965799512e-08 4.840665207608082972e-08 4.783944664104901245e-08 4.836447000888920688e-08 4.858056534294078404e-08 4.758826561670939346e-08 4.843107339092955987e-08 4.848721231252700437e-08 4.807638697763821185e-08 4.800455691650121901e-08 4.816373637571989557e-08 4.815198059112424326e-08 4.782677907631784167e-08 4.834652567541383515e-08 4.850587999943971335e-08 4.832453644800478039e-08 4.814524608565325308e-08 4.780446097256182400e-08 4.780071640642384620e-08 4.821154204423906981e-08 4.815021024432380662e-08 4.851760702893762519e-08 4.810658379390680720e-08 4.830189579050310088e-08 4.771110945308078342e-08 4.865287511374449645e-08 4.837718787320618631e-08 4.863132224841510688e-08 4.838999459073565668e-08 4.820628185025569114e-08 4.878193718271568341e-08 4.851928449680879569e-08 4.787230911628681342e-08 4.832664094654010575e-08 4.817270937592304280e-08 4.842540008520688920e-08
4.826190337244280012e-08 4.881400811301374190e-08 4.900778650505231755e-08 4.862351862641495530e-08 4.870015439087025761e-08 4.807086048707212423e-08 4.870977436353209326e-08 4.830215890885100861e-08 4.799268418624135955e-08 4.866359066421427917e-08 4.809154123268714447e-08 4.862015928410900754e-08 4.883826959188538157e-08 4.783702078697944939e-08 4.868696871717514092e-08 4.874275707399989564e-08 4.832891378066632524e-08 4.825989453582098146e-08 4.841734283968296365e-08 4.840594364970320384e-08 4.807836207691479207e-08 4.860296209943666156e-08 4.876296286298435684e-08 4.858015022340626043e-08 4.839992127707511914e-08 4.805611633416372331e-08 4.805174532448987214e-08 4.846585969534753452e-08 4.840459086816887171e-08 4.877465957419180179e-08 4.836165389418177740e-08 4.855738844774294659e-08 4.796236139837300422e-08 4.891050194486565313e-08 4.863132224841510688e-08 4.889111316722902372e-08 4.864512147308849323e-08 4.846141067249688970e-08 4.904138453164626332e-08 4.877667230016022857e-08 4.812333068698998228e-08 4.858147905528837549e-08 4.842779127331866391e-08 4.868326741978175546e-08
