1.000292613956462598e-08 1.009789931306122306e-08 1.014666104813180278e-08 1.004212482075680204e-08 1.006276750938435331e-08 9.975604486241497376e-09 1.007302560847534069e-08 1.001152610121003460e-08 9.915705741111395656e-09 1.003422790518877551e-08 9.921632081119046281e-09 1.008237419544302633e-08 1.013046809853996571e-08 9.849843345882653296e-09 1.004113372212925355e-08 1.007406543423128882e-08 1.001955898456037751e-08 9.955569152598641578e-09 1.000001783935799066e-08 1.002557181036139577e-08 9.942834910849489918e-09 1.004537213760033957e-08 1.006427449789626114e-08 1.006168120262840146e-08 9.994474180931120127e-09 9.941712189448129937e-09 9.882809220579082632e-09 1.003077431745663417e-08 9.988465854839284787e-09 1.008041361879591695e-08 1.002717775107397720e-08 1.004173947284948999e-08 9.946465041974488924e-09 1.012767701900424895e-08 1.008134770921258617e-08 1.009953614896428681e-08 1.006875262975935737e-08 1.003825621912840201e-08 1.014422879973044320e-08 1.006796527570748393e-08 9.953692799404761500e-09 1.005154006545407913e-08 9.991824697012756109e-09 1.008565276982312805e-08
1.009789931306122306e-08 1.020113117274659775e-08 1.024844191698341799e-08 1.014067216417091596e-08 1.016118485826105376e-08 1.006811924233843514e-08 1.017377118480229548e-08 1.010791923213647896e-08 1.000799335738732974e-08 1.013231112475340059e-08 1.001347121955357002e-08 1.018016042952168300e-08 1.023198996223851883e-08 9.938149633103739091e-09 1.013933447133078165e-08 1.017420130431122428e-08 1.011494199537627507e-08 1.004840596516581845e-08 1.009391021269769928e-08 1.012117125134566000e-08 1.003533542066113990e-08 1.014351728157312715e-08 1.016497942957057738e-08 1.015936141458545694e-08 1.008995177904549267e-08 1.003489873249362414e-08 9.972545895856717033e-09 1.012995412411352152e-08 1.008370545242559704e-08 1.017914109612245026e-08 1.012107546184311557e-08 1.013972422316114143e-08 1.003825611451530504e-08 1.023003492205994823e-08 1.018040588778911134e-08 1.020100412065475893e-08 1.016827735378188832e-08 1.013495077354379473e-08 1.024484337839923524e-08 1.016817970398384394e-08 1.004537419827380819e-08 1.015071583596088612e-08 1.008838044659651450e-08 1.018470439551445426e-08
1.014666104813180278e-08 1.024844191698341799e-08 1.029904809804677070e-08 1.019003542171343512e-08 1.020923469989243112e-08 1.011623958895195704e-08 1.022271110409608971e-08 1.015635186681377498e-08 1.005585262513563010e-08 1.018161554397491617e-08 1.006190538067261793e-08 1.022881669407185424e-08 1.028160344283205896e-08 9.986814101516154889e-09 1.018773460280527195e-08 1.022265599384013436e-08 1.016315471620152949e-08 1.009664033626147766e-08 1.014288879998724606e-08 1.016967014021896412e-08 1.008336376377253504e-08 1.019193534884608763e-08 1.021361203513052943e-08 1.020856981196088357e-08 1.013844072554208931e-08 1.008361995155484970e-08 1.002086891125722877e-08 1.017882461331122371e-08 1.013237562038988129e-08 1.022780900155527094e-08 1.016980773660757051e-08 1.018784970077253214e-08 1.008667377823086598e-08 1.027898544447193882e-08 1.022921205759693832e-08 1.025015673847321696e-08 1.021738883589243016e-08 1.018394896648171582e-08 1.029386819424574825e-08 1.021677643925978152e-08 1.009325969538690457e-08 1.019936001029889475e-08 1.013678456664498491e-08 1.023392127828401472e-08
1.004212482075680204e-08 1.014067216417091596e-08 1.019003542171343512e-08 1.008592753875510262e-08 1.010382896762159725e-08 1.001396527859779028e-08 1.011582523834608803e-08 1.005129179806377584e-08 9.953909241823128750e-09 1.007603140757908251e-08 9.960936533214286326e-09 1.012365717363435096e-08 1.017397781314455524e-08 9.886828930474486370e-09 1.008216561768027461e-08 1.011590869117346843e-08 1.005865434686819736e-08 9.993847699490648099e-09 1.003977044965390898e-08 1.006498933248979432e-08 9.980710679585034185e-09 1.008648158738775695e-08 1.010729108477636213e-08 1.010246684166921506e-08 1.003451794447959302e-08 9.980752860367345754e-09 9.920964178569729078e-09 1.007318026093622170e-08 1.002806544936905050e-08 1.012187081468027353e-08 1.006682319092007147e-08 1.008274715875169958e-08 9.984848369793366856e-09 1.017167264297193841e-08 1.012303790301360713e-08 1.014305764157738024e-08 1.011063758032993021e-08 1.007933023221088272e-08 1.018699998582908304e-08 1.010994397598894484e-08 9.992071911928570604e-09 1.009361639977806188e-08 1.003268488587414905e-08 1.012762610778401410e-08
1.006276750938435331e-08 1.016118485826105376e-08 1.020923469989243112e-08 1.010382896762159725e-08 1.012556850222448776e-08 1.003548600300425011e-08 1.013531486909566267e-08 1.007233417485331708e-08 9.975668158319303223e-09 1.009531408723894699e-08 9.981547028398808635e-09 1.014407234302848584e-08 1.019316029056334705e-08 9.908423112100341435e-09 1.010261986972703996e-08 1.013657435163435257e-08 1.008011097913648059e-08 1.001531144378401384e-08 1.006050640723766795e-08 1.008604193652763435e-08 1.000289001911691983e-08 1.010707038332482969e-08 1.012678167892686932e-08 1.012272230914413247e-08 1.005535464499277410e-08 1.000161099419260239e-08 9.941647640377125005e-09 1.009270726239668115e-08 1.004870025949702018e-08 1.014226749051870692e-08 1.008764011358801005e-08 1.010310189103358609e-08 1.000632788167942085e-08 1.019034325966454169e-08 1.014310274260203978e-08 1.016202594885119116e-08 1.013023814828698938e-08 1.009918575856080032e-08 1.020644480846811102e-08 1.012986375614625880e-08 1.001363335721428644e-08 1.011339523177295648e-08 1.005287697153528700e-08 1.014721691854676853e-08
9.975604486241497376e-09 1.006811924233843514e-08 1.011623958895195704e-08 1.001396527859779028e-08 1.003548600300425011e-08 9.957276710617347840e-09 1.004455079045280613e-08 9.986018192972364568e-09 9.894107363908588138e-09 1.000725960524489740e-08 9.900014830148810028e-09 1.005588411466539143e-08 1.010026127031930216e-08 9.831488721886053292e-09 1.001443976969132723e-08 1.004492812915816311e-08 9.994388188362668625e-09 9.932072761480443090e-09 9.976963456713857465e-09 1.000116042311692164e-08 9.921523316789542661e-09 1.001785511668196903e-08 1.003549078212329799e-08 1.003430868471556164e-08 9.970727739379674741e-09 9.918798525603317475e-09 9.862752684371172701e-09 1.000368950727763601e-08 9.964955910038691442e-09 1.005389402148299342e-08 1.000512882564158383e-08 1.001495425887287542e-08 9.927053740435375011e-09 1.009705848654549355e-08 1.005464246398299431e-08 1.006842797339285747e-08 1.004025421331675508e-08 1.001192648192389536e-08 1.011608645984906219e-08 1.003932462546173496e-08 9.933254847464287444e-09 1.002375344610033901e-08 9.965491595136477208e-09 1.005821527124915135e-08
1.007302560847534069e-08 1.017377118480229548e-08 1.022271110409608971e-08 1.011582523834608803e-08 1.013531486909566267e-08 1.004455079045280613e-08 1.014905252709438760e-08 1.008294421997193718e-08 9.983944150161989920e-09 1.010723603882270452e-08 9.989600144744047614e-09 1.015479327485671790e-08 1.020618465496556092e-08 9.915808737352891840e-09 1.011382821332567976e-08 1.014807348693367262e-08 1.008971158781632647e-08 1.002431766647661440e-08 1.006978889507227735e-08 1.009635869799532124e-08 1.001126130027508390e-08 1.011751104567772205e-08 1.013913308094090180e-08 1.013461018202721081e-08 1.006555173380314599e-08 1.001125040231419975e-08 9.949479026778487487e-09 1.010456334365306212e-08 1.005976295336011861e-08 1.015360027457568018e-08 1.009671452315433482e-08 1.011414085577508371e-08 1.001426943706675012e-08 1.020394567832568169e-08 1.015482452686734833e-08 1.017518983944345345e-08 1.014301330017899643e-08 1.010986692250637658e-08 1.021933192188520250e-08 1.014237791526402881e-08 1.002157363211309202e-08 1.012522735065348445e-08 1.006363018133120481e-08 1.015943294433503543e-08
1.001152610121003460e-08 1.010791923213647896e-08 1.015635186681377498e-08 1.005129179806377584e-08 1.007233417485331708e-08 9.986018192972364568e-09 1.008294421997193718e-08 1.002285866019302765e-08 9.925767379601614569e-09 1.004418894240518693e-08 9.931878474303569928e-09 1.009203927124192409e-08 1.014006200953614016e-08 9.859947260431122245e-09 1.005109963496173534e-08 1.008405534400170122e-08 1.002896575391496462e-08 9.964933831174745506e-09 1.000965483186139324e-08 1.003532356543494532e-08 9.952957518250424540e-09 1.005470221872193688e-08 1.007391984024617061e-08 1.007141649180271961e-08 1.000467550114073174e-08 9.951023361696000575e-09 9.892475180350764056e-09 1.004037756151530835e-08 9.999036299925594170e-09 1.009026089054506931e-08 1.003746866664668440e-08 1.005160311941708929e-08 9.957351027708757667e-09 1.013739837521173597e-08 1.009141534283673506e-08 1.010854027900892919e-08 1.007826980918664733e-08 1.004784441732355431e-08 1.015377291700934955e-08 1.007747974211182013e-08 9.963315457898810616e-09 1.006080257322576483e-08 1.000134692119770204e-08 1.009555211609183370e-08
9.915705741111395656e-09 1.000799335738732974e-08 1.005585262513563010e-08 9.953909241823128750e-09 9.975668158319303223e-09 9.894107363908588138e-09 9.983944150161989920e-09 9.925767379601614569e-09 9.834939069187074345e-09 9.946595409904336134e-09 9.839659892571428289e-09 9.994861683856291609e-09 1.004054725204421888e-08 9.770875471342686968e-09 9.953767300556123054e-09 9.985220091236392409e-09 9.934435335576104698e-09 9.872228364664542273e-09 9.916858924421341343e-09 9.940286821145407032e-09 9.861279876121598234e-09 9.957903298349486333e-09 9.975226181759780055e-09 9.973941298765732367e-09 9.909692445707481338e-09 9.858363454848635511e-09 9.802282227152209878e-09 9.943638103356717141e-09 9.904118135761903224e-09 9.992767879181122300e-09 9.943977232368195025e-09 9.955043877038264825e-09 9.866307287184097848e-09 1.003656491911861995e-08 9.993584053556119543e-09 1.000820863390774102e-08 9.979619860340135958e-09 9.952154715369899268e-09 1.005480339294600216e-08 9.979241391001274578e-09 9.872243133934522537e-09 9.963075280131376914e-09 9.906056159460034560e-09 9.997767968306971964e-09
1.003422790518877551e-08 1.013231112475340059e-08 1.018161554397491617e-08 1.007603140757908251e-08 1.009531408723894699e-08 1.000725960524489740e-08 1.010723603882270452e-08 1.004418894240518693e-08 9.946595409904336134e-09 1.006916491974659818e-08 9.953203251113093234e-09 1.011522066626998250e-08 1.016510509896981019e-08 9.880792225396258849e-09 1.007427118483588530e-08 1.010774968427210847e-08 1.005131587699872428e-08 9.986396316000849242e-09 1.003177410401062744e-08 1.005776301452933517e-08 9.974468311963859855e-09 1.007841313817687043e-08 1.009882082959608632e-08 1.009500507320620585e-08 1.002709095516284061e-08 9.973199178964711001e-09 9.913684123184946643e-09 1.006484841467814538e-08 1.002100586078273463e-08 1.011388200771088424e-08 1.005929846178188845e-08 1.007488024579719285e-08 9.978322054068028926e-09 1.016274669206505001e-08 1.011523989271088142e-08 1.013397895359523700e-08 1.010270829300977709e-08 1.007147902458120895e-08 1.017836975255909643e-08 1.010175226259948737e-08 9.984352484476190737e-09 1.008517299370578373e-08 1.002449090144515098e-08 1.011907281156887810e-08
9.921632081119046281e-09 1.001347121955357002e-08 1.006190538067261793e-08 9.960936533214286326e-09 9.981547028398808635e-09 9.900014830148810028e-09 9.989600144744047614e-09 9.931878474303569928e-09 9.839659892571428289e-09 9.953203251113093234e-09 9.847749476166666159e-09 1.000131820414285655e-08 1.004653257123809511e-08 9.777089997428571127e-09 9.959193430738096562e-09 9.991067037535713936e-09 9.939408420047617170e-09 9.877258142565474466e-09 9.922898703839284087e-09 9.945553476904763397e-09 9.866719359071425724e-09 9.964019616535713054e-09 9.981154755898807625e-09 9.979331813398809976e-09 9.915958147976191769e-09 9.864529044678570683e-09 9.808477531761903374e-09 9.949205622613092656e-09 9.909594188249999070e-09 9.998793814488096072e-09 9.950468898976190625e-09 9.960803407654761671e-09 9.872783895696428155e-09 1.004284289761309809e-08 9.999397147404762958e-09 1.001459466670833336e-08 9.985488881440474231e-09 9.958226295357142662e-09 1.006083515852976351e-08 9.984651600994047284e-09 9.878208305416667573e-09 9.969171898386903509e-09 9.911922835547618532e-09 1.000285271542857080e-08
1.008237419544302633e-08 1.018016042952168300e-08 1.022881669407185424e-08 1.012365717363435096e-08 1.014407234302848584e-08 1.005588411466539143e-08 1.015479327485671790e-08 1.009203927124192409e-08 9.994861683856291609e-09 1.011522066626998250e-08 1.000131820414285655e-08 1.016535309309353696e-08 1.021249805965391227e-08 9.928197221703232012e-09 1.012293486863605557e-08 1.015556722498469205e-08 1.009976811549447589e-08 1.003467241871895994e-08 1.008053817322661147e-08 1.010597606731462675e-08 1.002191548060033976e-08 1.012668384541921729e-08 1.014690175974277057e-08 1.014281352808800992e-08 1.007470143283758635e-08 1.002133621263180119e-08 9.962298064280613203e-09 1.011206994021641190e-08 1.006867936206547667e-08 1.016238929934438686e-08 1.010804455278401405e-08 1.012262158876700560e-08 1.002647778878784144e-08 1.021057041782355178e-08 1.016320781996938554e-08 1.018176331425297421e-08 1.014987224700765233e-08 1.011852951127550743e-08 1.022662149210331662e-08 1.014988328953528753e-08 1.003309127066071321e-08 1.013324087730144551e-08 1.007245691140816153e-08 1.016689571804846801e-08
1.013046809853996571e-08 1.023198996223851883e-08 1.028160344283205896e-08 1.017397781314455524e-08 1.019316029056334705e-08 1.010026127031930216e-08 1.020618465496556092e-08 1.014006200953614016e-08 1.004054725204421888e-08 1.016510509896981019e-08 1.004653257123809511e-08 1.021249805965391227e-08 1.026641227456802748e-08 9.970921428152210546e-09 1.017137480232993212e-08 1.020693628049829679e-08 1.014712406481420140e-08 1.008107467390858776e-08 1.012659282936777166e-08 1.015368707016921747e-08 1.006778688747874319e-08 1.017573935736139466e-08 1.019744877750382670e-08 1.019265256725977855e-08 1.012240325717176832e-08 1.006795849824149630e-08 1.000525647079506660e-08 1.016296653800552858e-08 1.011591020684523775e-08 1.021142419978826573e-08 1.015379886166581656e-08 1.017194729114540851e-08 1.007056449391624190e-08 1.026255258351743233e-08 1.021290438541326497e-08 1.023349676603273731e-08 1.020112436104251600e-08 1.016772535632228015e-08 1.027735541409481265e-08 1.020041481655484724e-08 1.007832865010118969e-08 1.018273553314923590e-08 1.012133483653146159e-08 1.021762908794982984e-08
9.849843345882653296e-09 9.938149633103739091e-09 9.986814101516154889e-09 9.886828930474486370e-09 9.908423112100341435e-09 9.831488721886053292e-09 9.915808737352891840e-09 9.859947260431122245e-09 9.770875471342686968e-09 9.880792225396258849e-09 9.777089997428571127e-09 9.928197221703232012e-09 9.970921428152210546e-09 9.712503070044217704e-09 9.886021304931971913e-09 9.917249255965985184e-09 9.868975456117346568e-09 9.807345959255102192e-09 9.852594405730441292e-09 9.874796337592685723e-09 9.798279735616497254e-09 9.890775987561223984e-09 9.907120616659863587e-09 9.907474825403910845e-09 9.844958965560374880e-09 9.795432211621597920e-09 9.741544478609694212e-09 9.876033358152210800e-09 9.839510275863093234e-09 9.926124703015305661e-09 9.880277531274660596e-09 9.888980860116496408e-09 9.804660640491495303e-09 9.967264453723639494e-09 9.926304504265305674e-09 9.938726193488094344e-09 9.912113442475340081e-09 9.886346883320577649e-09 9.986311175521258186e-09 9.910597838346937836e-09 9.809536060190476375e-09 9.896027702734694146e-09 9.839981148087583782e-09 9.930010613413263343e-09
1.004113372212925355e-08 1.013933447133078165e-08 1.018773460280527195e-08 1.008216561768027461e-08 1.010261986972703996e-08 1.001443976969132723e-08 1.011382821332567976e-08 1.005109963496173534e-08 9.953767300556123054e-09 1.007427118483588530e-08 9.959193430738096562e-09 1.012293486863605557e-08 1.017137480232993212e-08 9.886021304931971913e-09 1.008354197392516845e-08 1.011421703987925096e-08 1.005872308049574987e-08 9.993294047572278649e-09 1.003862409325765319e-08 1.006488656630612095e-08 9.980638313448978055e-09 1.008517108545067778e-08 1.010597858933418372e-08 1.010175636913180181e-08 1.003363019952891101e-08 9.979644409729591020e-09 9.920717501908162646e-09 1.007136025695493079e-08 1.002779985126190580e-08 1.012086753625850350e-08 1.006567479081462534e-08 1.008088177528231114e-08 9.984234625990647414e-09 1.016937621596683650e-08 1.012209950292516859e-08 1.014081241763690451e-08 1.010930679001870595e-08 1.007706601409013602e-08 1.018518176516921766e-08 1.010937094753996620e-08 9.991526401476188816e-09 1.009199745269982850e-08 1.003111960035884322e-08 1.012644956089625931e-08
1.007406543423128882e-08 1.017420130431122428e-08 1.022265599384013436e-08 1.011590869117346843e-08 1.013657435163435257e-08 1.004492812915816311e-08 1.014807348693367262e-08 1.008405534400170122e-08 9.985220091236392409e-09 1.010774968427210847e-08 9.991067037535713936e-09 1.015556722498469205e-08 1.020693628049829679e-08 9.917249255965985184e-09 1.011421703987925096e-08 1.015071900273129327e-08 1.009093923797704112e-08 1.002526092943197216e-08 1.007032831498299104e-08 1.009713436098639452e-08 1.001284461047448734e-08 1.011894324935033939e-08 1.013943419889625662e-08 1.013571419050340123e-08 1.006642925280611853e-08 1.001194979607312826e-08 9.950387595537412775e-09 1.010503058291496494e-08 1.005965901563095004e-08 1.015415989154591882e-08 1.009765634011564594e-08 1.011504339905782195e-08 1.001580260605782257e-08 1.020393335446258416e-08 1.015554334529591743e-08 1.017495748721428562e-08 1.014319263613435315e-08 1.011064147142006633e-08 1.021895975668877595e-08 1.014270541187414854e-08 1.002307897440476060e-08 1.012586284570407812e-08 1.006423665588775429e-08 1.015994478182312816e-08
1.001955898456037751e-08 1.011494199537627507e-08 1.016315471620152949e-08 1.005865434686819736e-08 1.008011097913648059e-08 9.994388188362668625e-09 1.008971158781632647e-08 1.002896575391496462e-08 9.934435335576104698e-09 1.005131587699872428e-08 9.939408420047617170e-09 1.009976811549447589e-08 1.014712406481420140e-08 9.868975456117346568e-09 1.005872308049574987e-08 1.009093923797704112e-08 1.003830427289795961e-08 9.973280451713860590e-09 1.001824364726700504e-08 1.004352399115943866e-08 9.961669303338010202e-09 1.006276592919132822e-08 1.008140734612457385e-08 1.007886489307993147e-08 1.001207785100637747e-08 9.960123547281037501e-09 9.901909790025084540e-09 1.004785627900169976e-08 1.000649697909821464e-08 1.009798548116241491e-08 1.004559376507185260e-08 1.005948637158800907e-08 9.965444285713008834e-09 1.014396092024574725e-08 1.009881021012074738e-08 1.011543153993154865e-08 1.008526700784481191e-08 1.005594754597576616e-08 1.016100590418622479e-08 1.008512858481334969e-08 9.972463063678570717e-09 1.006869984127508598e-08 1.000924596996640983e-08 1.010316692363520350e-08
9.955569152598641578e-09 1.004840596516581845e-08 1.009664033626147766e-08 9.993847699490648099e-09 1.001531144378401384e-08 9.932072761480443090e-09 1.002431766647661440e-08 9.964933831174745506e-09 9.872228364664542273e-09 9.986396316000849242e-09 9.877258142565474466e-09 1.003467241871895994e-08 1.008107467390858776e-08 9.807345959255102192e-09 9.993294047572278649e-09 1.002526092943197216e-08 9.973280451713860590e-09 9.912068690176871308e-09 9.954368069273382744e-09 9.979148719456206815e-09 9.899030799045494511e-09 9.997649708872448865e-09 1.001536744248639542e-08 1.001394251570365607e-08 9.948406280599915997e-09 9.896294572514030023e-09 9.839746411698553345e-09 9.983090430575255476e-09 9.942923948913690013e-09 1.003259143853061228e-08 9.982325506195153495e-09 9.994324970545492413e-09 9.903345942024661694e-09 1.007767214150978000e-08 1.003362213686394360e-08 1.004969682093452347e-08 1.001973860067984563e-08 9.991361428620322792e-09 1.009549724781335062e-08 1.001981068252721140e-08 9.909952845380952081e-09 1.000329292859438741e-08 9.945179136904337019e-09 1.003747958370153083e-08
1.000001783935799066e-08 1.009391021269769928e-08 1.014288879998724606e-08 1.003977044965390898e-08 1.006050640723766795e-08 9.976963456713857465e-09 1.006978889507227735e-08 1.000965483186139324e-08 9.916858924421341343e-09 1.003177410401062744e-08 9.922898703839284087e-09 1.008053817322661147e-08 1.012659282936777166e-08 9.852594405730441292e-09 1.003862409325765319e-08 1.007032831498299104e-08 1.001824364726700504e-08 9.954368069273382744e-09 1.000262864642771982e-08 1.002439106558800759e-08 9.943933127558248128e-09 1.004286262532227681e-08 1.006108258864243110e-08 1.005866992722278852e-08 9.993953766863520386e-09 9.941854743519132355e-09 9.884373851221512755e-09 1.002823040743027015e-08 9.987426579223213897e-09 1.007825208092431868e-08 1.002810731359566130e-08 1.003965773089158042e-08 9.948981846933246363e-09 1.012391701725765131e-08 1.007880833238265247e-08 1.009515020522321243e-08 1.006563310223766859e-08 1.003718406624362106e-08 1.014123034594812799e-08 1.006480828090263427e-08 9.954736745220237843e-09 1.004909409109651218e-08 9.990489109835456268e-09 1.008364753566496377e-08
1.002557181036139577e-08 1.012117125134566000e-08 1.016967014021896412e-08 1.006498933248979432e-08 1.008604193652763435e-08 1.000116042311692164e-08 1.009635869799532124e-08 1.003532356543494532e-08 9.940286821145407032e-09 1.005776301452933517e-08 9.945553476904763397e-09 1.010597606731462675e-08 1.015368707016921747e-08 9.874796337592685723e-09 1.006488656630612095e-08 1.009713436098639452e-08 1.004352399115943866e-08 9.979148719456206815e-09 1.002439106558800759e-08 1.005037005043707430e-08 9.967293032079930216e-09 1.006846518626615547e-08 1.008730930888477898e-08 1.008537236551573054e-08 1.001856447749914917e-08 9.966040976973638826e-09 9.907150955777209672e-09 1.005452231302338266e-08 1.001263920272023724e-08 1.010440000793112101e-08 1.005179333899319637e-08 1.006530503124659783e-08 9.971498768642430608e-09 1.015039522853528779e-08 1.010525510938945328e-08 1.012159150819940306e-08 1.009215430496513494e-08 1.006177153141156436e-08 1.016754459219600178e-08 1.009090447562627473e-08 9.978427580101188402e-09 1.007476903408970954e-08 1.001525271991836539e-08 1.010932313089030574e-08
9.942834910849489918e-09 1.003533542066113990e-08 1.008336376377253504e-08 9.980710679585034185e-09 1.000289001911691983e-08 9.921523316789542661e-09 1.001126130027508390e-08 9.952957518250424540e-09 9.861279876121598234e-09 9.974468311963859855e-09 9.866719359071425724e-09 1.002191548060033976e-08 1.006778688747874319e-08 9.798279735616497254e-09 9.980638313448978055e-09 1.001284461047448734e-08 9.961669303338010202e-09 9.899030799045494511e-09 9.943933127558248128e-09 9.967293032079930216e-09 9.889865355056122115e-09 9.985207988754251145e-09 1.000289668455739704e-08 1.000185787893834894e-08 9.937334957118195204e-09 9.885679142080782367e-09 9.829218026967687615e-09 9.970736254291240846e-09 9.931376518136905013e-09 1.002033402682397866e-08 9.971389917778911168e-09 9.982113442306122054e-09 9.893546343743622019e-09 1.006418043205314576e-08 1.002092353411564621e-08 1.003568415607440321e-08 1.000709489326275322e-08 9.979453622125850764e-09 1.008234539979719332e-08 1.000648616782270382e-08 9.899275592101189471e-09 9.990554270571855388e-09 9.933124404346936977e-09 1.002535032991411295e-08
1.004537213760033957e-08 1.014351728157312715e-08 1.019193534884608763e-08 1.008648158738775695e-08 1.010707038332482969e-08 1.001785511668196903e-08 1.011751104567772205e-08 1.005470221872193688e-08 9.957903298349486333e-09 1.007841313817687043e-08 9.964019616535713054e-09 1.012668384541921729e-08 1.017573935736139466e-08 9.890775987561223984e-09 1.008517108545067778e-08 1.011894324935033939e-08 1.006276592919132822e-08 9.997649708872448865e-09 1.004286262532227681e-08 1.006846518626615547e-08 9.985207988754251145e-09 1.009022922463605415e-08 1.010965015133673481e-08 1.010527922698554473e-08 1.003739123332397826e-08 9.984263214793367351e-09 9.924375112674318287e-09 1.007512570361139239e-08 1.003122156175595136e-08 1.012461445395068080e-08 1.007015133796683616e-08 1.008575973658758447e-08 9.988871657795919782e-09 1.017325803674234772e-08 1.012570514895068032e-08 1.014440996771428345e-08 1.011292374411649655e-08 1.008179987281887778e-08 1.018893603288520274e-08 1.011280483399319732e-08 9.995609296321427070e-09 1.009610026429932028e-08 1.003559101006037408e-08 1.012990662575170119e-08
1.006427449789626114e-08 1.016497942957057738e-08 1.021361203513052943e-08 1.010729108477636213e-08 1.012678167892686932e-08 1.003549078212329799e-08 1.013913308094090180e-08 1.007391984024617061e-08 9.975226181759780055e-09 1.009882082959608632e-08 9.981154755898807625e-09 1.014690175974277057e-08 1.019744877750382670e-08 9.907120616659863587e-09 1.010597858933418372e-08 1.013943419889625662e-08 1.008140734612457385e-08 1.001536744248639542e-08 1.006108258864243110e-08 1.008730930888477898e-08 1.000289668455739704e-08 1.010965015133673481e-08 1.013276423579591651e-08 1.012593652667984750e-08 1.005631839979038889e-08 1.000220409058545680e-08 9.942227391186648967e-09 1.009606436508715866e-08 1.005068203691368891e-08 1.014526326520918254e-08 1.008793915646896303e-08 1.010521951689073097e-08 1.000573894545323209e-08 1.019562834460501448e-08 1.014628364562584965e-08 1.016665275801785701e-08 1.013402382165603604e-08 1.010087690951318028e-08 1.021003943090858902e-08 1.013396584790816262e-08 1.001292107296428466e-08 1.011669722074915064e-08 1.005507096419005014e-08 1.015063200710629328e-08
1.006168120262840146e-08 1.015936141458545694e-08 1.020856981196088357e-08 1.010246684166921506e-08 1.012272230914413247e-08 1.003430868471556164e-08 1.013461018202721081e-08 1.007141649180271961e-08 9.973941298765732367e-09 1.009500507320620585e-08 9.979331813398809976e-09 1.014281352808800992e-08 1.019265256725977855e-08 9.907474825403910845e-09 1.010175636913180181e-08 1.013571419050340123e-08 1.007886489307993147e-08 1.001394251570365607e-08 1.005866992722278852e-08 1.008537236551573054e-08 1.000185787893834894e-08 1.010527922698554473e-08 1.012593652667984750e-08 1.012381140564711039e-08 1.005409549109396231e-08 1.000069686582950541e-08 9.940640249305695809e-09 1.009208393440561201e-08 1.004852208137202268e-08 1.014144325929846908e-08 1.008633678156420046e-08 1.010196681043834872e-08 1.000527187202168441e-08 1.018955651000680240e-08 1.014249017075680277e-08 1.016044295791369092e-08 1.012962610218579861e-08 1.009765807016794035e-08 1.020544245610203923e-08 1.012919926949447228e-08 1.001163653575595286e-08 1.011201623247236463e-08 1.005148778391623908e-08 1.014679557685034057e-08
9.994474180931120127e-09 1.008995177904549267e-08 1.013844072554208931e-08 1.003451794447959302e-08 1.005535464499277410e-08 9.970727739379674741e-09 1.006555173380314599e-08 1.000467550114073174e-08 9.909692445707481338e-09 1.002709095516284061e-08 9.915958147976191769e-09 1.007470143283758635e-08 1.012240325717176832e-08 9.844958965560374880e-09 1.003363019952891101e-08 1.006642925280611853e-08 1.001207785100637747e-08 9.948406280599915997e-09 9.993953766863520386e-09 1.001856447749914917e-08 9.937334957118195204e-09 1.003739123332397826e-08 1.005631839979038889e-08 1.005409549109396231e-08 9.989137388914965948e-09 9.935194837947279705e-09 9.876781454846087596e-09 1.002364637481760202e-08 9.982078536440475598e-09 1.007298930990391139e-08 1.002115460052806103e-08 1.003412455586819617e-08 9.941479979514030352e-09 1.011957557009141155e-08 1.007415999261224427e-08 1.009116672191964040e-08 1.006104926843027214e-08 1.003119125719812689e-08 1.013676454303783942e-08 1.005963259819005017e-08 9.948014589327378741e-09 1.004396555232525623e-08 9.984318731045067057e-09 1.007831522498894486e-08
9.941712189448129937e-09 1.003489873249362414e-08 1.008361995155484970e-08 9.980752860367345754e-09 1.000161099419260239e-08 9.918798525603317475e-09 1.001125040231419975e-08 9.951023361696000575e-09 9.858363454848635511e-09 9.973199178964711001e-09 9.864529044678570683e-09 1.002133621263180119e-08 1.006795849824149630e-08 9.795432211621597920e-09 9.979644409729591020e-09 1.001194979607312826e-08 9.960123547281037501e-09 9.896294572514030023e-09 9.941854743519132355e-09 9.966040976973638826e-09 9.885679142080782367e-09 9.984263214793367351e-09 1.000220409058545680e-08 1.000069686582950541e-08 9.935194837947279705e-09 9.885904670948981172e-09 9.826741275478741446e-09 9.969765986762328351e-09 9.929681404071428897e-09 1.001942067143792364e-08 9.969338446619897807e-09 9.981357723997447638e-09 9.890303391934947986e-09 1.006378070416709230e-08 1.002013403414625831e-08 1.003498629309226181e-08 1.000666522942176786e-08 9.978085483142007040e-09 1.008153033933971041e-08 1.000591930822491440e-08 9.896627278648808594e-09 9.990186220249575204e-09 9.932048278397107642e-09 1.002425963090731341e-08
9.882809220579082632e-09 9.972545895856717033e-09 1.002086891125722877e-08 9.920964178569729078e-09 9.941647640377125005e-09 9.862752684371172701e-09 9.949479026778487487e-09 9.892475180350764056e-09 9.802282227152209878e-09 9.913684123184946643e-09 9.808477531761903374e-09 9.962298064280613203e-09 1.000525647079506660e-08 9.741544478609694212e-09 9.920717501908162646e-09 9.950387595537412775e-09 9.901909790025084540e-09 9.839746411698553345e-09 9.884373851221512755e-09 9.907150955777209672e-09 9.829218026967687615e-09 9.924375112674318287e-09 9.942227391186648967e-09 9.940640249305695809e-09 9.876781454846087596e-09 9.826741275478741446e-09 9.774282520175171146e-09 9.909704965857566994e-09 9.871803023946427812e-09 9.959503128949829147e-09 9.912028007935373912e-09 9.921781379717687789e-09 9.835052882655187600e-09 1.000235132934566356e-08 9.959821442491497625e-09 9.973959078717260619e-09 9.945150624772956627e-09 9.919061956743196280e-09 1.002034228118494613e-08 9.945644691730866748e-09 9.841110969565475122e-09 9.929575088029335453e-09 9.873040269641154390e-09 9.963743895978739381e-09
1.003077431745663417e-08 1.012995412411352152e-08 1.017882461331122371e-08 1.007318026093622170e-08 1.009270726239668115e-08 1.000368950727763601e-08 1.010456334365306212e-08 1.004037756151530835e-08 9.943638103356717141e-09 1.006484841467814538e-08 9.949205622613092656e-09 1.011206994021641190e-08 1.016296653800552858e-08 9.876033358152210800e-09 1.007136025695493079e-08 1.010503058291496494e-08 1.004785627900169976e-08 9.983090430575255476e-09 1.002823040743027015e-08 1.005452231302338266e-08 9.970736254291240846e-09 1.007512570361139239e-08 1.009606436508715866e-08 1.009208393440561201e-08 1.002364637481760202e-08 9.969765986762328351e-09 9.909704965857566994e-09 1.006318908327635808e-08 1.001756786711607036e-08 1.011095747895493210e-08 1.005562862731164920e-08 1.007154519695790738e-08 9.974586849957907894e-09 1.015961165141326697e-08 1.011217780832993236e-08 1.013105562690773638e-08 1.009931545310501643e-08 1.006772201080144548e-08 1.017556396228231231e-08 1.009887983913817943e-08 9.981097340767857634e-09 1.008189062419089908e-08 1.002114983317729518e-08 1.011660409540816166e-08
9.988465854839284787e-09 1.008370545242559704e-08 1.013237562038988129e-08 1.002806544936905050e-08 1.004870025949702018e-08 9.964955910038691442e-09 1.005976295336011861e-08 9.999036299925594170e-09 9.904118135761903224e-09 1.002100586078273463e-08 9.909594188249999070e-09 1.006867936206547667e-08 1.011591020684523775e-08 9.839510275863093234e-09 1.002779985126190580e-08 1.005965901563095004e-08 1.000649697909821464e-08 9.942923948913690013e-09 9.987426579223213897e-09 1.001263920272023724e-08 9.931376518136905013e-09 1.003122156175595136e-08 1.005068203691368891e-08 1.004852208137202268e-08 9.982078536440475598e-09 9.929681404071428897e-09 9.871803023946427812e-09 1.001756786711607036e-08 9.977965550166666817e-09 1.006729778788690513e-08 1.001539796089880699e-08 1.002846480380356982e-08 9.936263911741071279e-09 1.011297730036607077e-08 1.006796159101190565e-08 1.008401740285416694e-08 1.005474083014285672e-08 1.002487650693452220e-08 1.013063198857440237e-08 1.005423955590178279e-08 9.941632702541665625e-09 1.003738501888392734e-08 9.978333911660712793e-09 1.007229140477975998e-08
1.008041361879591695e-08 1.017914109612245026e-08 1.022780900155527094e-08 1.012187081468027353e-08 1.014226749051870692e-08 1.005389402148299342e-08 1.015360027457568018e-08 1.009026089054506931e-08 9.992767879181122300e-09 1.011388200771088424e-08 9.998793814488096072e-09 1.016238929934438686e-08 1.021142419978826573e-08 9.926124703015305661e-09 1.012086753625850350e-08 1.015415989154591882e-08 1.009798548116241491e-08 1.003259143853061228e-08 1.007825208092431868e-08 1.010440000793112101e-08 1.002033402682397866e-08 1.012461445395068080e-08 1.014526326520918254e-08 1.014144325929846908e-08 1.007298930990391139e-08 1.001942067143792364e-08 9.959503128949829147e-09 1.011095747895493210e-08 1.006729778788690513e-08 1.016157536592517040e-08 1.010597925460629302e-08 1.012140512032398005e-08 1.002438692978231225e-08 1.020879004096683769e-08 1.016182426342516913e-08 1.017998302992856953e-08 1.014885029789370767e-08 1.011709538554846765e-08 1.022500998683588257e-08 1.014813151416496491e-08 1.003093943830952292e-08 1.013138906049149630e-08 1.007020083573384313e-08 1.016599393264625738e-08
1.002717775107397720e-08 1.012107546184311557e-08 1.016980773660757051e-08 1.006682319092007147e-08 1.008764011358801005e-08 1.000512882564158383e-08 1.009671452315433482e-08 1.003746866664668440e-08 9.943977232368195025e-09 1.005929846178188845e-08 9.950468898976190625e-09 1.010804455278401405e-08 1.015379886166581656e-08 9.880277531274660596e-09 1.006567479081462534e-08 1.009765634011564594e-08 1.004559376507185260e-08 9.982325506195153495e-09 1.002810731359566130e-08 1.005179333899319637e-08 9.971389917778911168e-09 1.007015133796683616e-08 1.008793915646896303e-08 1.008633678156420046e-08 1.002115460052806103e-08 9.969338446619897807e-09 9.912028007935373912e-09 1.005562862731164920e-08 1.001539796089880699e-08 1.010597925460629302e-08 1.005665342614115797e-08 1.006744725644557783e-08 9.977399760466410404e-09 1.015060130108545916e-08 1.010647260606462660e-08 1.012146164308630783e-08 1.009238627740051017e-08 1.006443183008503400e-08 1.016848172636522247e-08 1.009151945683290740e-08 9.982525284660713101e-09 1.007586559262287296e-08 1.001723235436054224e-08 1.011053575828656345e-08
1.004173947284948999e-08 1.013972422316114143e-08 1.018784970077253214e-08 1.008274715875169958e-08 1.010310189103358609e-08 1.001495425887287542e-08 1.011414085577508371e-08 1.005160311941708929e-08 9.955043877038264825e-09 1.007488024579719285e-08 9.960803407654761671e-09 1.012262158876700560e-08 1.017194729114540851e-08 9.888980860116496408e-09 1.008088177528231114e-08 1.011504339905782195e-08 1.005948637158800907e-08 9.994324970545492413e-09 1.003965773089158042e-08 1.006530503124659783e-08 9.982113442306122054e-09 1.008575973658758447e-08 1.010521951689073097e-08 1.010196681043834872e-08 1.003412455586819617e-08 9.981357723997447638e-09 9.921781379717687789e-09 1.007154519695790738e-08 1.002846480380356982e-08 1.012140512032398005e-08 1.006744725644557783e-08 1.008338302755612056e-08 9.986494707576954314e-09 1.016919415096981115e-08 1.012226023094898062e-08 1.013994585074106971e-08 1.010924273417941989e-08 1.007882884379251540e-08 1.018506756513052546e-08 1.010875468207270247e-08 9.992977176267855592e-09 1.009204456490518462e-08 1.003190406568026907e-08 1.012650761583078158e-08
9.946465041974488924e-09 1.003825611451530504e-08 1.008667377823086598e-08 9.984848369793366856e-09 1.000632788167942085e-08 9.927053740435375011e-09 1.001426943706675012e-08 9.957351027708757667e-09 9.866307287184097848e-09 9.978322054068028926e-09 9.872783895696428155e-09 1.002647778878784144e-08 1.007056449391624190e-08 9.804660640491495303e-09 9.984234625990647414e-09 1.001580260605782257e-08 9.965444285713008834e-09 9.903345942024661694e-09 9.948981846933246363e-09 9.971498768642430608e-09 9.893546343743622019e-09 9.988871657795919782e-09 1.000573894545323209e-08 1.000527187202168441e-08 9.941479979514030352e-09 9.890303391934947986e-09 9.835052882655187600e-09 9.974586849957907894e-09 9.936263911741071279e-09 1.002438692978231225e-08 9.977399760466410404e-09 9.986494707576954314e-09 9.901423838556122390e-09 1.006685281751148088e-08 1.002496601603231158e-08 1.003788101567857198e-08 1.001032369807525387e-08 9.983821884313349912e-09 1.008576870050552730e-08 1.000938606388520295e-08 9.904413313976190808e-09 9.994000310717688326e-09 9.936582525201103744e-09 1.002823879399744863e-08
1.012767701900424895e-08 1.023003492205994823e-08 1.027898544447193882e-08 1.017167264297193841e-08 1.019034325966454169e-08 1.009705848654549355e-08 1.020394567832568169e-08 1.013739837521173597e-08 1.003656491911861995e-08 1.016274669206505001e-08 1.004284289761309809e-08 1.021057041782355178e-08 1.026255258351743233e-08 9.967264453723639494e-09 1.016937621596683650e-08 1.020393335446258416e-08 1.014396092024574725e-08 1.007767214150978000e-08 1.012391701725765131e-08 1.015039522853528779e-08 1.006418043205314576e-08 1.017325803674234772e-08 1.019562834460501448e-08 1.018955651000680240e-08 1.011957557009141155e-08 1.006378070416709230e-08 1.000235132934566356e-08 1.015961165141326697e-08 1.011297730036607077e-08 1.020879004096683769e-08 1.015060130108545916e-08 1.016919415096981115e-08 1.006685281751148088e-08 1.026215462471683415e-08 1.021029864659183738e-08 1.023230125919940430e-08 1.019912155599787247e-08 1.016499095252763561e-08 1.027558383391921782e-08 1.019838247664413278e-08 1.007456812526785525e-08 1.018133454022066407e-08 1.011843100446301007e-08 1.021544638372959145e-08
1.008134770921258617e-08 1.018040588778911134e-08 1.022921205759693832e-08 1.012303790301360713e-08 1.014310274260203978e-08 1.005464246398299431e-08 1.015482452686734833e-08 1.009141534283673506e-08 9.993584053556119543e-09 1.011523989271088142e-08 9.999397147404762958e-09 1.016320781996938554e-08 1.021290438541326497e-08 9.926304504265305674e-09 1.012209950292516859e-08 1.015554334529591743e-08 1.009881021012074738e-08 1.003362213686394360e-08 1.007880833238265247e-08 1.010525510938945328e-08 1.002092353411564621e-08 1.012570514895068032e-08 1.014628364562584965e-08 1.014249017075680277e-08 1.007415999261224427e-08 1.002013403414625831e-08 9.959821442491497625e-09 1.011217780832993236e-08 1.006796159101190565e-08 1.016182426342516913e-08 1.010647260606462660e-08 1.012226023094898062e-08 1.002496601603231158e-08 1.021029864659183738e-08 1.016358804009183484e-08 1.018155668951190314e-08 1.015013833393537346e-08 1.011825555950680290e-08 1.022621451162755108e-08 1.014932199291496528e-08 1.003156827830952419e-08 1.013271976840816137e-08 1.007117576969217625e-08 1.016690438097959090e-08
1.009953614896428681e-08 1.020100412065475893e-08 1.025015673847321696e-08 1.014305764157738024e-08 1.016202594885119116e-08 1.006842797339285747e-08 1.017518983944345345e-08 1.010854027900892919e-08 1.000820863390774102e-08 1.013397895359523700e-08 1.001459466670833336e-08 1.018176331425297421e-08 1.023349676603273731e-08 9.938726193488094344e-09 1.014081241763690451e-08 1.017495748721428562e-08 1.011543153993154865e-08 1.004969682093452347e-08 1.009515020522321243e-08 1.012159150819940306e-08 1.003568415607440321e-08 1.014440996771428345e-08 1.016665275801785701e-08 1.016044295791369092e-08 1.009116672191964040e-08 1.003498629309226181e-08 9.973959078717260619e-09 1.013105562690773638e-08 1.008401740285416694e-08 1.017998302992856953e-08 1.012146164308630783e-08 1.013994585074106971e-08 1.003788101567857198e-08 1.023230125919940430e-08 1.018155668951190314e-08 1.020472674341666718e-08 1.017026372087202416e-08 1.013622633037202391e-08 1.024678713124107219e-08 1.016955166600595107e-08 1.004601346291666638e-08 1.015232953998809589e-08 1.008968754218154693e-08 1.018605939427976161e-08
