3.774857055321708803e-08 3.796626945731216874e-08 3.810761269054746978e-08 3.787985467144172573e-08 3.784730009915842584e-08 3.754783499397446914e-08 3.791870509229658001e-08 3.773146490187241246e-08 3.740669512053035725e-08 3.786713733789824256e-08 3.740340989980437918e-08 3.789649081289809654e-08 3.804325794126996618e-08 3.728740329461922269e-08 3.787796189797445590e-08 3.797985969641164739e-08 3.767234028538066369e-08 3.762854791597868641e-08 3.767378143536715615e-08 3.786289766593917907e-08 3.752832859613493487e-08 3.784783412039960820e-08 3.795127407759698756e-08 3.789924303010833085e-08 3.770387297332466325e-08 3.749484358465097785e-08 3.752048329355250896e-08 3.773968094772585136e-08 3.763333066374374211e-08 3.796999642154619616e-08 3.769436626114659461e-08 3.777804774292086626e-08 3.737575705344700003e-08 3.807463154171442891e-08 3.787723170986943437e-08 3.807056004727019160e-08 3.789792076505142144e-08 3.781311864088353803e-08 3.812069599058611228e-08 3.790246836678578799e-08 3.754818905643017254e-08 3.780152061450973989e-08 3.769567346770620946e-08 3.800652547771183354e-08
3.796626945731216874e-08 3.818807589272372917e-08 3.832988533789431311e-08 3.809996609685042162e-08 3.806657484196551560e-08 3.776381399904156251e-08 3.813948594634805068e-08 3.794916268340405877e-08 3.762176937627320452e-08 3.808658926163349571e-08 3.761729159479056102e-08 3.811536095577841501e-08 3.826533177434325498e-08 3.750143419351493266e-08 3.809727154653570471e-08 3.820088168925639565e-08 3.789021274318800351e-08 3.784502376170929664e-08 3.789064975626889578e-08 3.808266573048532980e-08 3.774405089491304607e-08 3.806668142471420491e-08 3.817157810153429973e-08 3.811888750429761450e-08 3.792118469934334784e-08 3.771025440384302145e-08 3.773516360883725285e-08 3.795857345191157451e-08 3.785068030631841738e-08 3.818956580030432677e-08 3.791179679636122953e-08 3.799690039512221591e-08 3.759015141423354799e-08 3.829695079113604467e-08 3.809627444870282672e-08 3.829290105309270910e-08 3.811767168162884187e-08 3.803181616333238410e-08 3.834177324512864553e-08 3.812177835225088433e-08 3.776455096750701559e-08 3.802008102555208061e-08 3.791323570497490982e-08 3.822795396972662737e-08
3.810761269054746978e-08 3.832988533789431311e-08 3.847451734882356016e-08 3.824201647720450991e-08 3.820790177225620894e-08 3.790383191456558930e-08 3.828195271933675775e-08 3.809022039539482387e-08 3.776123354724317306e-08 3.822917167377514647e-08 3.775716516780571193e-08 3.825839157866823949e-08 3.840857125177147991e-08 3.763908603389828968e-08 3.823965341154302982e-08 3.834331185522418384e-08 3.803031845262018741e-08 3.798530686511578110e-08 3.803101930675627169e-08 3.822381331352885033e-08 3.788348954006619830e-08 3.820860485879096998e-08 3.831467652859155123e-08 3.826175163313064387e-08 3.806245388186020484e-08 3.784936362846761309e-08 3.787376941736180784e-08 3.810039380568987782e-08 3.799239319440870236e-08 3.833194599737896711e-08 3.805179220203070075e-08 3.813774182464656189e-08 3.772906774286985613e-08 3.844112930814075071e-08 3.823861968407578922e-08 3.843689537037978566e-08 3.825948317899073792e-08 3.817343561679954887e-08 3.848522091250614644e-08 3.826410031735088255e-08 3.790373744645292677e-08 3.816122980933068716e-08 3.805387709146099140e-08 3.837030781192792556e-08
3.787985467144172573e-08 3.809996609685042162e-08 3.824201647720450991e-08 3.801394617665520107e-08 3.797958084546036283e-08 3.767825755899744884e-08 3.805238472350117802e-08 3.786274507164088307e-08 3.753661182604922697e-08 3.799967901047001847e-08 3.753184494160627826e-08 3.802933770731850301e-08 3.817749114091325411e-08 3.741685096907056443e-08 3.801014978928401314e-08 3.811396135970388716e-08 3.780417033092609133e-08 3.775906505110129095e-08 3.780448451351836409e-08 3.799639690201711039e-08 3.765802745131482850e-08 3.798002592965789244e-08 3.808391061715159005e-08 3.803233998727681261e-08 3.783543845514467889e-08 3.762551048809056459e-08 3.765018153495072967e-08 3.787218598900046619e-08 3.776481134974880801e-08 3.810244577302968926e-08 3.782621281037105722e-08 3.791013826206900045e-08 3.750551106485206987e-08 3.820848838018728122e-08 3.800919978612076355e-08 3.820465401648500075e-08 3.802966572118349798e-08 3.794536687137714152e-08 3.825463878603049252e-08 3.803475365330112017e-08 3.767862488830763394e-08 3.793385223801625806e-08 3.782672989786525539e-08 3.813962003764866305e-08
3.784730009915842584e-08 3.806657484196551560e-08 3.820790177225620894e-08 3.797958084546036283e-08 3.794730601628229649e-08 3.764645093219126039e-08 3.801856693980459324e-08 3.783057083057102569e-08 3.750504076287075787e-08 3.796650972215420892e-08 3.750125307876972704e-08 3.799567304174156846e-08 3.814385489171848843e-08 3.738590069406361046e-08 3.797779965172121478e-08 3.808007330215954960e-08 3.777158841680481951e-08 3.772769207325188557e-08 3.777288799075427227e-08 3.796295092752634709e-08 3.762711597650644995e-08 3.794723585501479123e-08 3.805124123285459999e-08 3.799886771242760868e-08 3.780320998277347259e-08 3.759349433644183391e-08 3.761913936451851345e-08 3.783906327261469115e-08 3.773228999267258576e-08 3.806986595222147845e-08 3.779403639381379992e-08 3.787793593139278920e-08 3.747385589018634971e-08 3.817508893649099291e-08 3.797687636424568398e-08 3.817079092125146703e-08 3.799793289651781510e-08 3.791259753604362673e-08 3.822072930498233051e-08 3.800196997512527818e-08 3.764737361718601348e-08 3.790056222462837541e-08 3.779452488963513348e-08 3.810703474344959514e-08
3.754783499397446914e-08 3.776381399904156251e-08 3.790383191456558930e-08 3.767825755899744884e-08 3.764645093219126039e-08 3.735122572806313681e-08 3.771676631083980104e-08 3.753205259464582044e-08 3.720971903495159044e-08 3.766565551581504046e-08 3.720820363894806064e-08 3.769567720099282041e-08 3.784045920825017452e-08 3.709268440221338841e-08 3.767683910640288796e-08 3.777851555100226225e-08 3.747342732155919179e-08 3.743118276249873279e-08 3.747560579350405233e-08 3.766248471402654533e-08 3.733104158705207430e-08 3.764739443687667078e-08 3.774939353412396713e-08 3.769758227893971228e-08 3.750467530989596010e-08 3.729747074429745001e-08 3.732427460990727000e-08 3.753913033276528219e-08 3.743446878750863980e-08 3.776802592865439446e-08 3.749646724345045135e-08 3.757846112389863141e-08 3.718022921873884340e-08 3.787095167462722891e-08 3.767580493317403051e-08 3.786663002596853996e-08 3.769655265656698738e-08 3.761280108084882511e-08 3.791801658785336006e-08 3.770101753677863233e-08 3.735075105707870294e-08 3.760137299601566632e-08 3.749620715984868641e-08 3.780520787326544830e-08
3.791870509229658001e-08 3.813948594634805068e-08 3.828195271933675775e-08 3.805238472350117802e-08 3.801856693980459324e-08 3.771676631083980104e-08 3.809236302640682898e-08 3.790171197828456838e-08 3.757496797685851099e-08 3.803904602323554522e-08 3.757083675406943361e-08 3.806801570353139999e-08 3.821745653360778477e-08 3.745436656341542954e-08 3.804954889639067024e-08 3.815301903948257506e-08 3.784274581088719752e-08 3.779766049557241785e-08 3.784311585387560735e-08 3.803477288425316602e-08 3.769619415377950440e-08 3.801967338245136737e-08 3.812397112162684904e-08 3.807127309749404966e-08 3.787358069065927391e-08 3.766313113471996481e-08 3.768765063634148291e-08 3.791132444281150550e-08 3.780340519461240844e-08 3.814187160710947553e-08 3.786443514525216495e-08 3.794903241717087484e-08 3.754347295997757014e-08 3.824912861352222443e-08 3.804869298189418455e-08 3.824493989216439769e-08 3.806958514460181142e-08 3.798431400947553791e-08 3.829376567197754125e-08 3.807395178013434622e-08 3.771653542001530944e-08 3.797266907887173327e-08 3.786558387967282501e-08 3.817972206446801426e-08
3.773146490187241246e-08 3.794916268340405877e-08 3.809022039539482387e-08 3.786274507164088307e-08 3.783057083057102569e-08 3.753205259464582044e-08 3.790171197828456838e-08 3.771565909772980006e-08 3.739060249790819369e-08 3.784979805751349071e-08 3.738771557814047417e-08 3.787948891868154649e-08 3.802613893897211042e-08 3.727180768010054685e-08 3.786148322773187774e-08 3.796302287635503844e-08 3.765602781836599910e-08 3.761277282210562870e-08 3.765764063245948047e-08 3.784632875378281766e-08 3.751232226752915790e-08 3.783111586229352628e-08 3.793431695841623354e-08 3.788210235785092012e-08 3.768744142262923659e-08 3.747889004371650759e-08 3.750468484777376610e-08 3.772287388129406901e-08 3.761685386686158628e-08 3.795308006617205495e-08 3.767820466391202136e-08 3.776202706736659122e-08 3.736021524331864215e-08 3.805753134174024860e-08 3.786060798289450526e-08 3.805325011253103718e-08 3.788141314304445863e-08 3.779687919485553756e-08 3.810381941362913097e-08 3.788540296512282036e-08 3.753203944515357693e-08 3.778445454328223582e-08 3.767917280321359496e-08 3.799004859351122832e-08
3.740669512053035725e-08 3.762176937627320452e-08 3.776123354724317306e-08 3.753661182604922697e-08 3.750504076287075787e-08 3.720971903495159044e-08 3.757496797685851099e-08 3.739060249790819369e-08 3.706993239206799838e-08 3.752364119083946819e-08 3.706727688629184468e-08 3.755356049802272120e-08 3.769817722497879123e-08 3.695294431795304252e-08 3.753503605405812891e-08 3.763616664228357088e-08 3.733243343414890310e-08 3.729001282821240680e-08 3.733428259067899410e-08 3.752105328693122236e-08 3.719049385667552316e-08 3.750561160581484189e-08 3.760747168148372114e-08 3.755569043602110460e-08 3.736382066135541584e-08 3.715728404742268572e-08 3.718343283311865256e-08 3.739798640106144882e-08 3.729326669756368093e-08 3.762595893542607837e-08 3.735526566191305729e-08 3.743716493491020578e-08 3.703996833621949374e-08 3.772850574487526571e-08 3.753446604370116287e-08 3.772437139432416799e-08 3.755478003280981175e-08 3.747129276175430434e-08 3.777522672883331609e-08 3.755931395740342101e-08 3.720998164615294703e-08 3.745979199989035469e-08 3.735506877469366126e-08 3.766254014379461279e-08
3.786713733789824256e-08 3.808658926163349571e-08 3.822917167377514647e-08 3.799967901047001847e-08 3.796650972215420892e-08 3.766565551581504046e-08 3.803904602323554522e-08 3.784979805751349071e-08 3.752364119083946819e-08 3.798797862588342656e-08 3.752081541321088799e-08 3.801682749185562451e-08 3.816449804208930876e-08 3.740407989009634449e-08 3.799767358305756992e-08 3.810065695814015918e-08 3.779094448987482745e-08 3.774648653019251972e-08 3.779208592172111879e-08 3.798276120205521959e-08 3.764548904323813779e-08 3.796767415618570371e-08 3.807196251275823658e-08 3.801953398525967060e-08 3.782257516653428827e-08 3.761209195839486241e-08 3.763754200066398336e-08 3.785938351406751315e-08 3.775220316634573798e-08 3.808971602036105185e-08 3.781239115845018877e-08 3.789680028315479042e-08 3.749236913143399422e-08 3.819621184722146946e-08 3.799672756299676870e-08 3.819220716511500300e-08 3.801730295613312603e-08 3.793211738466178792e-08 3.824115191667493401e-08 3.802212020098753771e-08 3.766571363056576221e-08 3.792143221729935889e-08 3.781379256174727118e-08 3.812758902509667338e-08
3.740340989980437918e-08 3.761729159479056102e-08 3.775716516780571193e-08 3.753184494160627826e-08 3.750125307876972704e-08 3.720820363894806064e-08 3.757083675406943361e-08 3.738771557814047417e-08 3.706727688629184468e-08 3.752081541321088799e-08 3.706823884109250127e-08 3.755078059270946443e-08 3.769380204859029945e-08 3.695099552912980851e-08 3.753206809649702747e-08 3.763274674939361513e-08 3.732892976230887721e-08 3.728871854793538965e-08 3.733189532949481988e-08 3.751708465831137751e-08 3.718856279177725821e-08 3.750280153692615944e-08 3.760463269509630652e-08 3.755190375656188412e-08 3.736095946209328194e-08 3.715408898848246449e-08 3.718167095184666601e-08 3.739435290499615654e-08 3.729092125684021961e-08 3.762266698903830363e-08 3.735208052354476646e-08 3.743372561049761162e-08 3.703812310488984350e-08 3.772491228658105804e-08 3.753099344677690639e-08 3.771998149323333370e-08 3.755192512293945081e-08 3.746762277887623635e-08 3.777171411891107483e-08 3.755584860968280119e-08 3.720715979956841511e-08 3.745690823146975191e-08 3.735206285795801374e-08 3.765979066562517840e-08
3.789649081289809654e-08 3.811536095577841501e-08 3.825839157866823949e-08 3.802933770731850301e-08 3.799567304174156846e-08 3.769567720099282041e-08 3.806801570353139999e-08 3.787948891868154649e-08 3.755356049802272120e-08 3.801682749185562451e-08 3.755078059270946443e-08 3.804747476815665890e-08 3.819336371815053474e-08 3.743423109708705579e-08 3.802685364963274916e-08 3.813046901627490950e-08 3.782074426769676524e-08 3.777668519894991766e-08 3.782175580735921187e-08 3.801290914132646631e-08 3.767544158274595874e-08 3.799680304119233002e-08 3.810112621781160275e-08 3.804875675333459979e-08 3.785274723710971815e-08 3.764210069862278184e-08 3.766793031055118451e-08 3.788866290437666167e-08 3.778218720743016694e-08 3.811871005805684815e-08 3.784266810321004165e-08 3.792641566516917151e-08 3.752278875159719897e-08 3.822486023882829299e-08 3.802603787955270043e-08 3.822104404534709606e-08 3.804605862568291660e-08 3.796176595329996763e-08 3.827133591293450272e-08 3.805173866403492477e-08 3.769525625137051007e-08 3.795106257641191608e-08 3.784355044725962778e-08 3.815657693029665587e-08
3.804325794126996618e-08 3.826533177434325498e-08 3.840857125177147991e-08 3.817749114091325411e-08 3.814385489171848843e-08 3.784045920825017452e-08 3.821745653360778477e-08 3.802613893897211042e-08 3.769817722497879123e-08 3.816449804208930876e-08 3.769380204859029945e-08 3.819336371815053474e-08 3.834409776301231171e-08 3.757728873544037199e-08 3.817501641608822747e-08 3.827889987883898057e-08 3.796674289875560028e-08 3.792180230850787210e-08 3.796777442330251873e-08 3.816011486115447096e-08 3.782023654937307549e-08 3.814459643583491881e-08 3.824978735494342252e-08 3.819724545932711075e-08 3.799854951687603495e-08 3.778686599981196839e-08 3.781120750142242494e-08 3.803605191872634230e-08 3.792806003181371029e-08 3.826730655170125782e-08 3.798902262958028393e-08 3.807425244742738151e-08 3.766644301095464421e-08 3.837563886939346835e-08 3.817423889839744671e-08 3.837130574078499354e-08 3.819480306007052341e-08 3.810931774305059282e-08 3.841963088164739575e-08 3.819919128404587626e-08 3.784091599468501469e-08 3.809752788258235709e-08 3.798995628975579396e-08 3.830615814372604911e-08
3.728740329461922269e-08 3.750143419351493266e-08 3.763908603389828968e-08 3.741685096907056443e-08 3.738590069406361046e-08 3.709268440221338841e-08 3.745436656341542954e-08 3.727180768010054685e-08 3.695294431795304252e-08 3.740407989009634449e-08 3.695099552912980851e-08 3.743423109708705579e-08 3.757728873544037199e-08 3.683932592686382812e-08 3.741533614328288477e-08 3.751644353662683357e-08 3.721524338820087825e-08 3.717295176977134553e-08 3.721669681803621430e-08 3.740288773603084242e-08 3.707394324837988828e-08 3.738624183215328701e-08 3.748698259266585391e-08 3.743555333051056026e-08 3.724642552762875537e-08 3.704151545904541884e-08 3.706806627990240732e-08 3.727876964608792144e-08 3.717517328746338730e-08 3.750510623969392410e-08 3.723794202750401381e-08 3.731863240824771876e-08 3.692462898441215752e-08 3.760630582157242792e-08 3.741462349699091408e-08 3.760256436302770939e-08 3.743499716185707056e-08 3.735201418928568548e-08 3.765390374115228010e-08 3.743966613020238664e-08 3.709400034748037190e-08 3.734176417574444268e-08 3.723630315909486728e-08 3.754291842111767739e-08
3.787796189797445590e-08 3.809727154653570471e-08 3.823965341154302982e-08 3.801014978928401314e-08 3.797779965172121478e-08 3.767683910640288796e-08 3.804954889639067024e-08 3.786148322773187774e-08 3.753503605405812891e-08 3.799767358305756992e-08 3.753206809649702747e-08 3.802685364963274916e-08 3.817501641608822747e-08 3.741533614328288477e-08 3.800951413089848460e-08 3.811087335931885938e-08 3.780195608478320946e-08 3.775852527550695381e-08 3.780307690031312835e-08 3.799316880675368719e-08 3.765742875655215503e-08 3.797810341071526544e-08 3.808252927444587769e-08 3.803014561390448638e-08 3.783383632833384660e-08 3.762351997248212214e-08 3.764921498278892004e-08 3.787003923724473374e-08 3.776338214199737230e-08 3.810117650499072791e-08 3.782405060747534501e-08 3.790861764204348226e-08 3.750394786628616745e-08 3.820716607951255696e-08 3.800824201892101833e-08 3.820215259944166556e-08 3.802923930603734093e-08 3.794367302955925004e-08 3.825188147242098869e-08 3.803283911014501998e-08 3.767778654451240333e-08 3.793107648385137994e-08 3.782481364880965455e-08 3.813836823617343738e-08
3.797985969641164739e-08 3.820088168925639565e-08 3.834331185522418384e-08 3.811396135970388716e-08 3.808007330215954960e-08 3.777851555100226225e-08 3.815301903948257506e-08 3.796302287635503844e-08 3.763616664228357088e-08 3.810065695814015918e-08 3.763274674939361513e-08 3.813046901627490950e-08 3.827889987883898057e-08 3.751644353662683357e-08 3.811087335931885938e-08 3.821592206718356750e-08 3.790378045485622530e-08 3.785998355877370632e-08 3.790517714677230849e-08 3.809748556109822144e-08 3.775831759349848778e-08 3.808082161119304214e-08 3.818554152587300489e-08 3.813297137211919144e-08 3.793594327521686795e-08 3.772499682765593770e-08 3.775014469097556740e-08 3.797226088508405711e-08 3.786521659181996607e-08 3.820326787981334444e-08 3.792681945824944141e-08 3.801097006137863356e-08 3.760492722848214611e-08 3.831022835295325921e-08 3.810989269742037340e-08 3.830583290095979457e-08 3.813042450955115274e-08 3.804553890984392138e-08 3.835609209717010335e-08 3.813524261065921970e-08 3.777828053400710322e-08 3.803465134346923369e-08 3.792723192284266430e-08 3.824178544096501505e-08
3.767234028538066369e-08 3.789021274318800351e-08 3.803031845262018741e-08 3.780417033092609133e-08 3.777158841680481951e-08 3.747342732155919179e-08 3.784274581088719752e-08 3.765602781836599910e-08 3.733243343414890310e-08 3.779094448987482745e-08 3.732892976230887721e-08 3.782074426769676524e-08 3.796674289875560028e-08 3.721524338820087825e-08 3.780195608478320946e-08 3.790378045485622530e-08 3.759924961573855859e-08 3.755399934860358572e-08 3.759864288133290100e-08 3.778820386742948323e-08 3.745391180998087451e-08 3.777223128569049501e-08 3.787477715092928541e-08 3.782282431020038353e-08 3.762899276754645872e-08 3.742107458645259673e-08 3.744710125547109939e-08 3.766466411433155981e-08 3.755798910568232653e-08 3.789307095844373646e-08 3.761977069718262952e-08 3.770293200090178074e-08 3.730276863961118701e-08 3.799725210056090323e-08 3.780120335377670810e-08 3.799389819733937017e-08 3.782186975282718104e-08 3.773794666244961138e-08 3.804385443393759890e-08 3.782672059796036992e-08 3.747441391904894365e-08 3.772691548540763614e-08 3.761994756609628061e-08 3.793074242755581605e-08
3.762854791597868641e-08 3.784502376170929664e-08 3.798530686511578110e-08 3.775906505110129095e-08 3.772769207325188557e-08 3.743118276249873279e-08 3.779766049557241785e-08 3.761277282210562870e-08 3.729001282821240680e-08 3.774648653019251972e-08 3.728871854793538965e-08 3.777668519894991766e-08 3.792180230850787210e-08 3.717295176977134553e-08 3.775852527550695381e-08 3.785998355877370632e-08 3.755399934860358572e-08 3.751285517134598048e-08 3.755596754862604077e-08 3.774385001534236288e-08 3.741204522559515086e-08 3.772816715914659422e-08 3.783095155982533405e-08 3.777845569579756238e-08 3.758595353144275629e-08 3.737798922124898826e-08 3.740501918417863150e-08 3.761978132105236877e-08 3.751529002091951868e-08 3.784957330840359527e-08 3.757740670123371857e-08 3.765981795636986488e-08 3.726010372488194265e-08 3.795301295540315611e-08 3.775734115893405083e-08 3.794776358763521237e-08 3.777844468271409275e-08 3.769372013177431518e-08 3.799940847220435031e-08 3.778223669613667093e-08 3.743181928591224488e-08 3.768206453391933701e-08 3.757675060795566050e-08 3.788685039160796715e-08
3.767378143536715615e-08 3.789064975626889578e-08 3.803101930675627169e-08 3.780448451351836409e-08 3.777288799075427227e-08 3.747560579350405233e-08 3.784311585387560735e-08 3.765764063245948047e-08 3.733428259067899410e-08 3.779208592172111879e-08 3.733189532949481988e-08 3.782175580735921187e-08 3.796777442330251873e-08 3.721669681803621430e-08 3.780307690031312835e-08 3.790517714677230849e-08 3.759864288133290100e-08 3.755596754862604077e-08 3.760145472802025822e-08 3.778885935606286572e-08 3.745609213091500117e-08 3.777359343585072645e-08 3.787612057613644470e-08 3.782423093743514147e-08 3.763057542231733450e-08 3.742257962538512280e-08 3.744886770652574618e-08 3.766493690319786852e-08 3.755960798805463939e-08 3.789456508042446130e-08 3.762194821768580080e-08 3.770466829185224875e-08 3.730434648102650896e-08 3.799810042876398100e-08 3.780244381597829300e-08 3.799396168237187321e-08 3.782274111303171021e-08 3.773888065591817998e-08 3.804491543691966184e-08 3.782730908141370437e-08 3.747582165999709752e-08 3.772738213891288747e-08 3.762195771418825755e-08 3.793205745691029768e-08
3.786289766593917907e-08 3.808266573048532980e-08 3.822381331352885033e-08 3.799639690201711039e-08 3.796295092752634709e-08 3.766248471402654533e-08 3.803477288425316602e-08 3.784632875378281766e-08 3.752105328693122236e-08 3.798276120205521959e-08 3.751708465831137751e-08 3.801290914132646631e-08 3.816011486115447096e-08 3.740288773603084242e-08 3.799316880675368719e-08 3.809748556109822144e-08 3.778820386742948323e-08 3.774385001534236288e-08 3.778885935606286572e-08 3.798138172233165176e-08 3.764271270669424139e-08 3.796338029295058914e-08 3.806722914531984064e-08 3.801515478053996363e-08 3.781976021429026986e-08 3.761035920047222018e-08 3.763588787178484547e-08 3.785544918276790357e-08 3.774834504370043721e-08 3.808523108464354987e-08 3.781056253516453449e-08 3.789403942404457640e-08 3.749036912704861783e-08 3.819054101383274642e-08 3.799276852512688377e-08 3.818697721602229236e-08 3.801273298225104852e-08 3.792861647807523396e-08 3.823728123066589861e-08 3.801779121347256491e-08 3.766291193253134709e-08 3.791819459320641356e-08 3.781017842452452514e-08 3.812369701234022827e-08
3.752832859613493487e-08 3.774405089491304607e-08 3.788348954006619830e-08 3.765802745131482850e-08 3.762711597650644995e-08 3.733104158705207430e-08 3.769619415377950440e-08 3.751232226752915790e-08 3.719049385667552316e-08 3.764548904323813779e-08 3.718856279177725821e-08 3.767544158274595874e-08 3.782023654937307549e-08 3.707394324837988828e-08 3.765742875655215503e-08 3.775831759349848778e-08 3.745391180998087451e-08 3.741204522559515086e-08 3.745609213091500117e-08 3.764271270669424139e-08 3.731274771737263779e-08 3.762701342280992660e-08 3.772955493441012429e-08 3.767756258648546806e-08 3.748587175659505174e-08 3.727847327879189479e-08 3.730527809339091277e-08 3.751919846490485618e-08 3.741485308326409706e-08 3.774812285497817662e-08 3.747698583760037896e-08 3.755931359929507642e-08 3.716091432827756812e-08 3.785076716010773711e-08 3.765642673294342596e-08 3.784624622329020580e-08 3.767733052368471703e-08 3.759306069048535403e-08 3.789772234653850022e-08 3.768142478587187572e-08 3.733226423094890427e-08 3.758134599140642254e-08 3.747678289238566081e-08 3.778524666791130964e-08
3.784783412039960820e-08 3.806668142471420491e-08 3.820860485879096998e-08 3.798002592965789244e-08 3.794723585501479123e-08 3.764739443687667078e-08 3.801967338245136737e-08 3.783111586229352628e-08 3.750561160581484189e-08 3.796767415618570371e-08 3.750280153692615944e-08 3.799680304119233002e-08 3.814459643583491881e-08 3.738624183215328701e-08 3.797810341071526544e-08 3.808082161119304214e-08 3.777223128569049501e-08 3.772816715914659422e-08 3.777359343585072645e-08 3.796338029295058914e-08 3.762701342280992660e-08 3.794886701706868516e-08 3.805203875365889495e-08 3.799949358593851209e-08 3.780323387298518567e-08 3.759388520167102607e-08 3.761939810116547473e-08 3.783983888552141763e-08 3.773273858454253265e-08 3.807019883826006789e-08 3.779416504390585071e-08 3.787819406132912845e-08 3.747488465730308517e-08 3.817593885623727440e-08 3.797740237374787387e-08 3.817171858347771470e-08 3.799796023596607548e-08 3.791328637153357388e-08 3.822129058482271666e-08 3.800242554268051459e-08 3.764708120625824896e-08 3.790197985084584698e-08 3.779504822552768782e-08 3.810782407272278428e-08
3.795127407759698756e-08 3.817157810153429973e-08 3.831467652859155123e-08 3.808391061715159005e-08 3.805124123285459999e-08 3.774939353412396713e-08 3.812397112162684904e-08 3.793431695841623354e-08 3.760747168148372114e-08 3.807196251275823658e-08 3.760463269509630652e-08 3.810112621781160275e-08 3.824978735494342252e-08 3.748698259266585391e-08 3.808252927444587769e-08 3.818554152587300489e-08 3.787477715092928541e-08 3.783095155982533405e-08 3.787612057613644470e-08 3.806722914531984064e-08 3.772955493441012429e-08 3.805203875365889495e-08 3.815737769332765523e-08 3.810390419173300559e-08 3.790686776165198367e-08 3.769528179141245064e-08 3.772075464235002140e-08 3.794362789354275451e-08 3.783641879604281753e-08 3.817470187051259801e-08 3.789673217178297917e-08 3.798158563980108805e-08 3.757572781596882201e-08 3.828204681406304977e-08 3.808174245235773401e-08 3.827764978930562463e-08 3.810263076943536061e-08 3.801665966416219608e-08 3.832657224239275060e-08 3.810688428938247464e-08 3.774923704023946699e-08 3.800514970591110372e-08 3.789820359648074850e-08 3.821289240677009437e-08
3.789924303010833085e-08 3.811888750429761450e-08 3.826175163313064387e-08 3.803233998727681261e-08 3.799886771242760868e-08 3.769758227893971228e-08 3.807127309749404966e-08 3.788210235785092012e-08 3.755569043602110460e-08 3.801953398525967060e-08 3.755190375656188412e-08 3.804875675333459979e-08 3.819724545932711075e-08 3.743555333051056026e-08 3.803014561390448638e-08 3.813297137211919144e-08 3.782282431020038353e-08 3.777845569579756238e-08 3.782423093743514147e-08 3.801515478053996363e-08 3.767756258648546806e-08 3.799949358593851209e-08 3.810390419173300559e-08 3.805283960361915854e-08 3.785509001989907311e-08 3.764455838454214712e-08 3.766965690747478515e-08 3.789160588108601025e-08 3.778437779391250065e-08 3.812251277650213494e-08 3.784528159830297231e-08 3.792951874437330319e-08 3.752435695330758376e-08 3.822837904998743925e-08 3.802947590585806705e-08 3.822423191119999720e-08 3.804913026942502786e-08 3.796488982839353446e-08 3.827373821993118328e-08 3.805405516413961168e-08 3.769807143138898043e-08 3.795340934983172473e-08 3.784574405176398798e-08 3.815983910042381317e-08
3.770387297332466325e-08 3.792118469934334784e-08 3.806245388186020484e-08 3.783543845514467889e-08 3.780320998277347259e-08 3.750467530989596010e-08 3.787358069065927391e-08 3.768744142262923659e-08 3.736382066135541584e-08 3.782257516653428827e-08 3.736095946209328194e-08 3.785274723710971815e-08 3.799854951687603495e-08 3.724642552762875537e-08 3.783383632833384660e-08 3.793594327521686795e-08 3.762899276754645872e-08 3.758595353144275629e-08 3.763057542231733450e-08 3.781976021429026986e-08 3.748587175659505174e-08 3.780323387298518567e-08 3.790686776165198367e-08 3.785509001989907311e-08 3.766192378112462074e-08 3.745272084521876945e-08 3.747809682410351125e-08 3.769562519432172455e-08 3.759055045982883338e-08 3.792462484143091259e-08 3.765156591220218874e-08 3.773463004177068327e-08 3.733392527800248786e-08 3.802907791647613345e-08 3.783313003784917800e-08 3.802511039496166289e-08 3.785319217391388655e-08 3.776900656627405082e-08 3.807576092111518258e-08 3.785799970228449632e-08 3.750576308296915924e-08 3.775779068826303251e-08 3.765142979415350610e-08 3.796241078299570570e-08
3.749484358465097785e-08 3.771025440384302145e-08 3.784936362846761309e-08 3.762551048809056459e-08 3.759349433644183391e-08 3.729747074429745001e-08 3.766313113471996481e-08 3.747889004371650759e-08 3.715728404742268572e-08 3.761209195839486241e-08 3.715408898848246449e-08 3.764210069862278184e-08 3.778686599981196839e-08 3.704151545904541884e-08 3.762351997248212214e-08 3.772499682765593770e-08 3.742107458645259673e-08 3.737798922124898826e-08 3.742257962538512280e-08 3.761035920047222018e-08 3.727847327879189479e-08 3.759388520167102607e-08 3.769528179141245064e-08 3.764455838454214712e-08 3.745272084521876945e-08 3.724675944537990464e-08 3.727221187529113329e-08 3.748616611800222016e-08 3.738128217526347776e-08 3.771421111022805738e-08 3.744380865911692700e-08 3.752578108532575905e-08 3.712826974612676231e-08 3.781640128477369254e-08 3.762299431550208794e-08 3.781246633048062896e-08 3.764275647179736150e-08 3.755987521119618746e-08 3.786374288411175290e-08 3.764735625839912059e-08 3.729875498794073237e-08 3.754880678120443044e-08 3.744285584345747885e-08 3.775126059895202044e-08
3.752048329355250896e-08 3.773516360883725285e-08 3.787376941736180784e-08 3.765018153495072967e-08 3.761913936451851345e-08 3.732427460990727000e-08 3.768765063634148291e-08 3.750468484777376610e-08 3.718343283311865256e-08 3.763754200066398336e-08 3.718167095184666601e-08 3.766793031055118451e-08 3.781120750142242494e-08 3.706806627990240732e-08 3.764921498278892004e-08 3.775014469097556740e-08 3.744710125547109939e-08 3.740501918417863150e-08 3.744886770652574618e-08 3.763588787178484547e-08 3.730527809339091277e-08 3.761939810116547473e-08 3.772075464235002140e-08 3.766965690747478515e-08 3.747809682410351125e-08 3.727221187529113329e-08 3.730042440275873944e-08 3.751142009728922402e-08 3.740671095998457794e-08 3.774069313443216728e-08 3.747032211369945673e-08 3.755136282863214195e-08 3.715419630495502800e-08 3.784114668300636835e-08 3.764842520739511767e-08 3.783678294774957844e-08 3.766862800193411227e-08 3.758551919190353842e-08 3.788935652922073630e-08 3.767321892477910966e-08 3.732546848656118420e-08 3.757462726759675389e-08 3.746870108643743275e-08 3.777693705264570940e-08
3.773968094772585136e-08 3.795857345191157451e-08 3.810039380568987782e-08 3.787218598900046619e-08 3.783906327261469115e-08 3.753913033276528219e-08 3.791132444281150550e-08 3.772287388129406901e-08 3.739798640106144882e-08 3.785938351406751315e-08 3.739435290499615654e-08 3.788866290437666167e-08 3.803605191872634230e-08 3.727876964608792144e-08 3.787003923724473374e-08 3.797226088508405711e-08 3.766466411433155981e-08 3.761978132105236877e-08 3.766493690319786852e-08 3.785544918276790357e-08 3.751919846490485618e-08 3.783983888552141763e-08 3.794362789354275451e-08 3.789160588108601025e-08 3.769562519432172455e-08 3.748616611800222016e-08 3.751142009728922402e-08 3.773246845804082215e-08 3.762523609070960887e-08 3.796170838390543341e-08 3.768583071897536582e-08 3.776986014736186392e-08 3.736711135594903792e-08 3.806739231147482514e-08 3.786925339166000560e-08 3.806356015249145526e-08 3.788958779969374607e-08 3.780514322948231120e-08 3.811270738685235584e-08 3.789418537636943968e-08 3.753932374467259221e-08 3.779370551684453847e-08 3.768662560563910697e-08 3.799911949625938839e-08
3.763333066374374211e-08 3.785068030631841738e-08 3.799239319440870236e-08 3.776481134974880801e-08 3.773228999267258576e-08 3.743446878750863980e-08 3.780340519461240844e-08 3.761685386686158628e-08 3.729326669756368093e-08 3.775220316634573798e-08 3.729092125684021961e-08 3.778218720743016694e-08 3.792806003181371029e-08 3.717517328746338730e-08 3.776338214199737230e-08 3.786521659181996607e-08 3.755798910568232653e-08 3.751529002091951868e-08 3.755960798805463939e-08 3.774834504370043721e-08 3.741485308326409706e-08 3.773273858454253265e-08 3.783641879604281753e-08 3.778437779391250065e-08 3.759055045982883338e-08 3.738128217526347776e-08 3.740671095998457794e-08 3.762523609070960887e-08 3.752056695982207068e-08 3.785405293564951373e-08 3.758053357796784689e-08 3.766364235295794488e-08 3.726327344089698609e-08 3.795932618171900808e-08 3.776230539327902418e-08 3.795484637959062407e-08 3.778278596992809320e-08 3.769835192184311606e-08 3.800504478603401115e-08 3.778729214012871688e-08 3.743478092151141616e-08 3.768659282223555568e-08 3.758087361258371029e-08 3.789174011390931096e-08
3.796999642154619616e-08 3.818956580030432677e-08 3.833194599737896711e-08 3.810244577302968926e-08 3.806986595222147845e-08 3.776802592865439446e-08 3.814187160710947553e-08 3.795308006617205495e-08 3.762595893542607837e-08 3.808971602036105185e-08 3.762266698903830363e-08 3.811871005805684815e-08 3.826730655170125782e-08 3.750510623969392410e-08 3.810117650499072791e-08 3.820326787981334444e-08 3.789307095844373646e-08 3.784957330840359527e-08 3.789456508042446130e-08 3.808523108464354987e-08 3.774812285497817662e-08 3.807019883826006789e-08 3.817470187051259801e-08 3.812251277650213494e-08 3.792462484143091259e-08 3.771421111022805738e-08 3.774069313443216728e-08 3.796170838390543341e-08 3.785405293564951373e-08 3.819463509512579527e-08 3.791591018423841225e-08 3.800012579143355863e-08 3.759383599128587030e-08 3.829957187910948715e-08 3.810015079095643317e-08 3.829451262194749710e-08 3.812098753409893456e-08 3.803549508396722814e-08 3.834498556473109552e-08 3.812477127558673085e-08 3.776826389389730714e-08 3.802312485613383541e-08 3.791657195445051594e-08 3.823034044869746090e-08
3.769436626114659461e-08 3.791179679636122953e-08 3.805179220203070075e-08 3.782621281037105722e-08 3.779403639381379992e-08 3.749646724345045135e-08 3.786443514525216495e-08 3.767820466391202136e-08 3.735526566191305729e-08 3.781239115845018877e-08 3.735208052354476646e-08 3.784266810321004165e-08 3.798902262958028393e-08 3.723794202750401381e-08 3.782405060747534501e-08 3.792681945824944141e-08 3.761977069718262952e-08 3.757740670123371857e-08 3.762194821768580080e-08 3.781056253516453449e-08 3.747698583760037896e-08 3.779416504390585071e-08 3.789673217178297917e-08 3.784528159830297231e-08 3.765156591220218874e-08 3.744380865911692700e-08 3.747032211369945673e-08 3.768583071897536582e-08 3.758053357796784689e-08 3.791591018423841225e-08 3.764445313769436902e-08 3.772602330292494930e-08 3.732514143250083993e-08 3.801894752358937059e-08 3.782315131226401553e-08 3.801409997198125281e-08 3.784345404520129375e-08 3.775986882392619244e-08 3.806600402457931404e-08 3.784803128077408674e-08 3.749736143581819199e-08 3.774824410414728671e-08 3.764263350373015669e-08 3.795297599740133078e-08
3.777804774292086626e-08 3.799690039512221591e-08 3.813774182464656189e-08 3.791013826206900045e-08 3.787793593139278920e-08 3.757846112389863141e-08 3.794903241717087484e-08 3.776202706736659122e-08 3.743716493491020578e-08 3.789680028315479042e-08 3.743372561049761162e-08 3.792641566516917151e-08 3.807425244742738151e-08 3.731863240824771876e-08 3.790861764204348226e-08 3.801097006137863356e-08 3.770293200090178074e-08 3.765981795636986488e-08 3.770466829185224875e-08 3.789403942404457640e-08 3.755931359929507642e-08 3.787819406132912845e-08 3.798158563980108805e-08 3.792951874437330319e-08 3.773463004177068327e-08 3.752578108532575905e-08 3.755136282863214195e-08 3.776986014736186392e-08 3.766364235295794488e-08 3.800012579143355863e-08 3.772602330292494930e-08 3.780979140196124070e-08 3.740670564039320545e-08 3.810514869550045064e-08 3.790772441148772142e-08 3.810043342182917019e-08 3.792836558721334081e-08 3.784392111905440080e-08 3.815093160302944642e-08 3.793230325663048127e-08 3.757943901523842665e-08 3.783163158212411667e-08 3.772596815820932957e-08 3.803792008229167333e-08
3.737575705344700003e-08 3.759015141423354799e-08 3.772906774286985613e-08 3.750551106485206987e-08 3.747385589018634971e-08 3.718022921873884340e-08 3.754347295997757014e-08 3.736021524331864215e-08 3.703996833621949374e-08 3.749236913143399422e-08 3.703812310488984350e-08 3.752278875159719897e-08 3.766644301095464421e-08 3.692462898441215752e-08 3.750394786628616745e-08 3.760492722848214611e-08 3.730276863961118701e-08 3.726010372488194265e-08 3.730434648102650896e-08 3.749036912704861783e-08 3.716091432827756812e-08 3.747488465730308517e-08 3.757572781596882201e-08 3.752435695330758376e-08 3.733392527800248786e-08 3.712826974612676231e-08 3.715419630495502800e-08 3.736711135594903792e-08 3.726327344089698609e-08 3.759383599128587030e-08 3.732514143250083993e-08 3.740670564039320545e-08 3.701217546767123611e-08 3.769602885576832311e-08 3.750331619005507874e-08 3.769220073425500541e-08 3.752337293637053529e-08 3.744085953447865886e-08 3.774373847427969372e-08 3.752801242230286811e-08 3.718053157113880497e-08 3.742948708880542590e-08 3.732451039359363288e-08 3.763138082078065988e-08
3.807463154171442891e-08 3.829695079113604467e-08 3.844112930814075071e-08 3.820848838018728122e-08 3.817508893649099291e-08 3.787095167462722891e-08 3.824912861352222443e-08 3.805753134174024860e-08 3.772850574487526571e-08 3.819621184722146946e-08 3.772491228658105804e-08 3.822486023882829299e-08 3.837563886939346835e-08 3.760630582157242792e-08 3.820716607951255696e-08 3.831022835295325921e-08 3.799725210056090323e-08 3.795301295540315611e-08 3.799810042876398100e-08 3.819054101383274642e-08 3.785076716010773711e-08 3.817593885623727440e-08 3.828204681406304977e-08 3.822837904998743925e-08 3.802907791647613345e-08 3.781640128477369254e-08 3.784114668300636835e-08 3.806739231147482514e-08 3.795932618171900808e-08 3.829957187910948715e-08 3.801894752358937059e-08 3.810514869550045064e-08 3.769602885576832311e-08 3.840905346888811477e-08 3.820597838859056333e-08 3.840376679080375279e-08 3.822732699081037789e-08 3.814059283126359543e-08 3.845181744020546821e-08 3.823085965577215808e-08 3.787108811547492673e-08 3.812796922742250552e-08 3.802105916037004069e-08 3.833783816053866757e-08
3.787723170986943437e-08 3.809627444870282672e-08 3.823861968407578922e-08 3.800919978612076355e-08 3.797687636424568398e-08 3.767580493317403051e-08 3.804869298189418455e-08 3.786060798289450526e-08 3.753446604370116287e-08 3.799672756299676870e-08 3.753099344677690639e-08 3.802603787955270043e-08 3.817423889839744671e-08 3.741462349699091408e-08 3.800824201892101833e-08 3.810989269742037340e-08 3.780120335377670810e-08 3.775734115893405083e-08 3.780244381597829300e-08 3.799276852512688377e-08 3.765642673294342596e-08 3.797740237374787387e-08 3.808174245235773401e-08 3.802947590585806705e-08 3.783313003784917800e-08 3.762299431550208794e-08 3.764842520739511767e-08 3.786925339166000560e-08 3.776230539327902418e-08 3.810015079095643317e-08 3.782315131226401553e-08 3.790772441148772142e-08 3.750331619005507874e-08 3.820597838859056333e-08 3.800777000029507658e-08 3.820154994644500093e-08 3.802795476799353025e-08 3.794294838144464590e-08 3.825093060250894856e-08 3.803203848018614579e-08 3.767662539258266832e-08 3.793072943365652369e-08 3.782400709868403078e-08 3.813754103185455635e-08
3.807056004727019160e-08 3.829290105309270910e-08 3.843689537037978566e-08 3.820465401648500075e-08 3.817079092125146703e-08 3.786663002596853996e-08 3.824493989216439769e-08 3.805325011253103718e-08 3.772437139432416799e-08 3.819220716511500300e-08 3.771998149323333370e-08 3.822104404534709606e-08 3.837130574078499354e-08 3.760256436302770939e-08 3.820215259944166556e-08 3.830583290095979457e-08 3.799389819733937017e-08 3.794776358763521237e-08 3.799396168237187321e-08 3.818697721602229236e-08 3.784624622329020580e-08 3.817171858347771470e-08 3.827764978930562463e-08 3.822423191119999720e-08 3.802511039496166289e-08 3.781246633048062896e-08 3.783678294774957844e-08 3.806356015249145526e-08 3.795484637959062407e-08 3.829451262194749710e-08 3.801409997198125281e-08 3.810043342182917019e-08 3.769220073425500541e-08 3.840376679080375279e-08 3.820154994644500093e-08 3.840036229451792444e-08 3.822241141501833606e-08 3.813633522925312240e-08 3.844773958793312656e-08 3.822712337266667535e-08 3.786631717591103638e-08 3.812467925078020346e-08 3.801688492911853791e-08 3.833326511735792194e-08
