2.836790002974914130e-08 2.862379995422193349e-08 2.876485620163987926e-08 2.855136792278443703e-08 2.848648504594132686e-08 2.826472509154080640e-08 2.860632381849575073e-08 2.838549218775849833e-08 2.811219368281250150e-08 2.854056745330399018e-08 2.817448378544642224e-08 2.851653661402083153e-08 2.868376019373212853e-08 2.795788274872491378e-08 2.852833486726827619e-08 2.857208571400084105e-08 2.832894462161522265e-08 2.824215994584055164e-08 2.830591350278997370e-08 2.842364591631080548e-08 2.820011336210415703e-08 2.849925163430144301e-08 2.855950577725467416e-08 2.854227651868664750e-08 2.836991789301828517e-08 2.817182214259225132e-08 2.808811707291028730e-08 2.841269949445747255e-08 2.834530095182566952e-08 2.855416609495111168e-08 2.837534760399872270e-08 2.842160938356547556e-08 2.812720445632610609e-08 2.872016236928824688e-08 2.853585053549319699e-08 2.867522710693665881e-08 2.857589692503996067e-08 2.849438963987668197e-08 2.874182696224448046e-08 2.858958760439158208e-08 2.822330719706249568e-08 2.851501768541410746e-08 2.836798144359397041e-08 2.858237470338605005e-08
2.862379995422193349e-08 2.889040552040731119e-08 2.903033060411606931e-08 2.881355438905314408e-08 2.874884617256377118e-08 2.852014303480527123e-08 2.887120222190136284e-08 2.864179326215560811e-08 2.836198553652083117e-08 2.880390079734438877e-08 2.842569654825297564e-08 2.877708486277082654e-08 2.894900955320239227e-08 2.820467309854718642e-08 2.879040750499913973e-08 2.883391596575722900e-08 2.858620439253146664e-08 2.849606337523851998e-08 2.856133967569386767e-08 2.868314445850636481e-08 2.845263433660416251e-08 2.875969317465603861e-08 2.882249480380016419e-08 2.880276535924277757e-08 2.862622107951997455e-08 2.842519196631547144e-08 2.833836316681037253e-08 2.867290300711777030e-08 2.860159126980994982e-08 2.881536959299065576e-08 2.863175034620790320e-08 2.867991632893154935e-08 2.837830012980314784e-08 2.898685748180441807e-08 2.879748295392134959e-08 2.894218066926360134e-08 2.883801726013137391e-08 2.875583522888946483e-08 2.900758076725510200e-08 2.885286622965136510e-08 2.847772681270832737e-08 2.877535460876996916e-08 2.862894808962158601e-08 2.884589295132314204e-08
2.876485620163987926e-08 2.903033060411606931e-08 2.917441927812500029e-08 2.895509638428273241e-08 2.888941101700595010e-08 2.865952226397320867e-08 2.901277418463690082e-08 2.878221044228868914e-08 2.850199328158333542e-08 2.894461734383630840e-08 2.856650347162499765e-08 2.891802196495832804e-08 2.909136655864582654e-08 2.834309019682439743e-08 2.893144187625297442e-08 2.897631367925595461e-08 2.872693694013986350e-08 2.863593027684226985e-08 2.870134075588393287e-08 2.882377448844644063e-08 2.859255375974999694e-08 2.890129768386012050e-08 2.896460020080357278e-08 2.894473120176488161e-08 2.876649121150297084e-08 2.856604084637499986e-08 2.847764211655951599e-08 2.881381417397321810e-08 2.874250932909224533e-08 2.895713718728274317e-08 2.877357935311606962e-08 2.882122111222915378e-08 2.851683668982440369e-08 2.912944853914285628e-08 2.893891688928570182e-08 2.908446502372321264e-08 2.897956122317559023e-08 2.889707256578273819e-08 2.915035122356546815e-08 2.899442716063690188e-08 2.861670319027083277e-08 2.891686620554464177e-08 2.876833284176191073e-08 2.898737990093155138e-08
2.855136792278443703e-08 2.881355438905314408e-08 2.895509638428273241e-08 2.874001282532397766e-08 2.867412350554293781e-08 2.844895749440943716e-08 2.879601683958885813e-08 2.857033158269727770e-08 2.829270051391667468e-08 2.872953271151105345e-08 2.835648301996130190e-08 2.870382211531249752e-08 2.887351544734820742e-08 2.813650944988051448e-08 2.871644731489498090e-08 2.876003848317389711e-08 2.851387984269812800e-08 2.842554977936351262e-08 2.849009007642303274e-08 2.861021667486054257e-08 2.838267888377081431e-08 2.868640509307271112e-08 2.874812840115433548e-08 2.872894608245109833e-08 2.855387678916580925e-08 2.835485635535714705e-08 2.826954897558120433e-08 2.859943352988860417e-08 2.852991463324744669e-08 2.874191433361564173e-08 2.856038238733289536e-08 2.860712121361905391e-08 2.830837191211565375e-08 2.891054783438774902e-08 2.872349263285884990e-08 2.886624520428443222e-08 2.876327411923554308e-08 2.868177957201444921e-08 2.893193381031758856e-08 2.877778817706801231e-08 2.840664011335417614e-08 2.870235789529080895e-08 2.855455991285075731e-08 2.877054153492729218e-08
2.848648504594132686e-08 2.874884617256377118e-08 2.888941101700595010e-08 2.867412350554293781e-08 2.861087667070152340e-08 2.838394901408715537e-08 2.873119342945662929e-08 2.850498633583673654e-08 2.822756527354166373e-08 2.866415421664242788e-08 2.829170421707440197e-08 2.863873310474999716e-08 2.880827900655951103e-08 2.807209477214413233e-08 2.865070329982399183e-08 2.869523204105867244e-08 2.844904054647108640e-08 2.836080246083206152e-08 2.842503571321598497e-08 2.854555776402848700e-08 2.831770631647916483e-08 2.862196732827890066e-08 2.868276106944770135e-08 2.866345683727466423e-08 2.848919308271980480e-08 2.828949892926191580e-08 2.820424725776828064e-08 2.853498856573299435e-08 2.846537312388860744e-08 2.867691461164710193e-08 2.849487481268282732e-08 2.854178294201785718e-08 2.824357021548043367e-08 2.884556772032780327e-08 2.865840023234309889e-08 2.880089168583715368e-08 2.869817122719514580e-08 2.861721016101317937e-08 2.886649494028529309e-08 2.871326732401913256e-08 2.834178416577082683e-08 2.863708348478230740e-08 2.849066658215006086e-08 2.870611939984609885e-08
2.826472509154080640e-08 2.852014303480527123e-08 2.865952226397320867e-08 2.844895749440943716e-08 2.838394901408715537e-08 2.816693440158247820e-08 2.850302415749574274e-08 2.828518697036266944e-08 2.801292115387500165e-08 2.843819359799149144e-08 2.807608336015476567e-08 2.841502115195832624e-08 2.857845450802381456e-08 2.786102769534990926e-08 2.842500964751828150e-08 2.846830631156334034e-08 2.822792847794854782e-08 2.814263897113221389e-08 2.820610393653996533e-08 2.832313399368579746e-08 2.810168524010415927e-08 2.839719198834310720e-08 2.845605550242134591e-08 2.843874211133249310e-08 2.826852138780996126e-08 2.807204136530060525e-08 2.799012653553529212e-08 2.831073853122832026e-08 2.824466180824234578e-08 2.845179430120111377e-08 2.827398664618621312e-08 2.831889025352380852e-08 2.802890104543026199e-08 2.861389351137158751e-08 2.843306019645153734e-08 2.856941018506164521e-08 2.847185728010246248e-08 2.839168723783502940e-08 2.863639577599448035e-08 2.848590916680823835e-08 2.812539755047917801e-08 2.841258034810161267e-08 2.826646833751062098e-08 2.847853847961521235e-08
2.860632381849575073e-08 2.887120222190136284e-08 2.901277418463690082e-08 2.879601683958885813e-08 2.873119342945662929e-08 2.850302415749574274e-08 2.885387571839540155e-08 2.862431754458418042e-08 2.834565842010416303e-08 2.878612421274914986e-08 2.840978645804464235e-08 2.875974435539583596e-08 2.893128118280654780e-08 2.818814184866623784e-08 2.877245891019558027e-08 2.881674418467091760e-08 2.856903573893027852e-08 2.847933563591112404e-08 2.854424225649150102e-08 2.866558676136650372e-08 2.843612413097916349e-08 2.874260120677806348e-08 2.880470989433587813e-08 2.878469579297490558e-08 2.860854869702890788e-08 2.840882865237797117e-08 2.832176920294727725e-08 2.865553204924575276e-08 2.858471115750340557e-08 2.879828479567218672e-08 2.861481234641028831e-08 2.866254226634821611e-08 2.836100202052636675e-08 2.896857607450381039e-08 2.878008794204932627e-08 2.892432810309990417e-08 2.882020522253315284e-08 2.873825175042516653e-08 2.898945986636819460e-08 2.883486244435373772e-08 2.846031658077082983e-08 2.875835942969557612e-08 2.861095607530315115e-08 2.882788394272193262e-08
2.838549218775849833e-08 2.864179326215560811e-08 2.878221044228868914e-08 2.857033158269727770e-08 2.850498633583673654e-08 2.828518697036266944e-08 2.862431754458418042e-08 2.840701147116496317e-08 2.813146836047916917e-08 2.855982704843920045e-08 2.819526107688988480e-08 2.853616678272916542e-08 2.870078302680356388e-08 2.797881279904253032e-08 2.854669306875467236e-08 2.858999922872066344e-08 2.834751828430612766e-08 2.826253334517772794e-08 2.832648251868368230e-08 2.844329514047533216e-08 2.822080236022916104e-08 2.851794750852720555e-08 2.857730433607823130e-08 2.856035226436267407e-08 2.838932108617135177e-08 2.819092088434821456e-08 2.810925117252211002e-08 2.843101549082100000e-08 2.836500612884737115e-08 2.857293104946810882e-08 2.839444451422109465e-08 2.843958955465774078e-08 2.814813960957228938e-08 2.873688572734651442e-08 2.855420922085970103e-08 2.869210442475849838e-08 2.859290473876699506e-08 2.851280045079550161e-08 2.875903423188860732e-08 2.860760643812584705e-08 2.824389822685415253e-08 2.853404040640050413e-08 2.838631271331037396e-08 2.859928190030611214e-08
2.811219368281250150e-08 2.836198553652083117e-08 2.850199328158333542e-08 2.829270051391667468e-08 2.822756527354166373e-08 2.801292115387500165e-08 2.834565842010416303e-08 2.813146836047916917e-08 2.786358057216666862e-08 2.828176327072916554e-08 2.792526766547916352e-08 2.825984236572916507e-08 2.842099682462500057e-08 2.771260598581250075e-08 2.826885254627083987e-08 2.831286306752083714e-08 2.807440382781249901e-08 2.799046539324998845e-08 2.805300436312499756e-08 2.816786245106249811e-08 2.794992309716668053e-08 2.824156237316667304e-08 2.829984861656250176e-08 2.828392859641666426e-08 2.811515745639583530e-08 2.792003061393749803e-08 2.783965887570834108e-08 2.815551898150000269e-08 2.809120972889582644e-08 2.829593927262499321e-08 2.812056412412500628e-08 2.816493049745833579e-08 2.787791329635416543e-08 2.845574620697916304e-08 2.827750877031249353e-08 2.841223099762498654e-08 2.831585563887500778e-08 2.823593030047917064e-08 2.847886855506250092e-08 2.832897916837499433e-08 2.797235735237500216e-08 2.825737448545833170e-08 2.811072144245833373e-08 2.832184881672915734e-08
2.854056745330399018e-08 2.880390079734438877e-08 2.894461734383630840e-08 2.872953271151105345e-08 2.866415421664242788e-08 2.843819359799149144e-08 2.878612421274914986e-08 2.855982704843920045e-08 2.828176327072916554e-08 2.872054044795662845e-08 2.834568081448511573e-08 2.869387139612499707e-08 2.886300773544641896e-08 2.812522614545747200e-08 2.870660165472449813e-08 2.874993152332099652e-08 2.850319415342304415e-08 2.841502700488477813e-08 2.847935731760798478e-08 2.860017025829548352e-08 2.837190020697916982e-08 2.867624031624362725e-08 2.873784323213009576e-08 2.871848802363733073e-08 2.854309557716197698e-08 2.834418365823511111e-08 2.825852726499872422e-08 2.858910141886648894e-08 2.851933253129846024e-08 2.873168737696939426e-08 2.854925858775809035e-08 2.859698017105059916e-08 2.829729911809439020e-08 2.890075200998681843e-08 2.871345028047363074e-08 2.885599016249150568e-08 2.875294779229548031e-08 2.867154310968367623e-08 2.892142829609056633e-08 2.876735083937414930e-08 2.839598819262501433e-08 2.869202550539115588e-08 2.854479020241877980e-08 2.876032595500637628e-08
2.817448378544642224e-08 2.842569654825297564e-08 2.856650347162499765e-08 2.835648301996130190e-08 2.829170421707440197e-08 2.807608336015476567e-08 2.840978645804464235e-08 2.819526107688988480e-08 2.792526766547916352e-08 2.834568081448511573e-08 2.798959733008332821e-08 2.832343298410416343e-08 2.848459110602084285e-08 2.777485266731548334e-08 2.833164689354761415e-08 2.837621098149107597e-08 2.813755406034225361e-08 2.805394996405952009e-08 2.811635891830951914e-08 2.823172008145536446e-08 2.801326143912499584e-08 2.830569212482440315e-08 2.836323678504464399e-08 2.834690685902975163e-08 2.817832929704762366e-08 2.798289905699998773e-08 2.790248322484821690e-08 2.821881013423808762e-08 2.815478358418452853e-08 2.835946388889880274e-08 2.818367377010713992e-08 2.822771816745832680e-08 2.794012577104464634e-08 2.851918892030655063e-08 2.834095553188393761e-08 2.847574644967559541e-08 2.837882898514285082e-08 2.829935866246130735e-08 2.854269258467262201e-08 2.839255499541962827e-08 2.803505564097916325e-08 2.832090823833928849e-08 2.817386341323214107e-08 2.838536419294641852e-08
2.851653661402083153e-08 2.877708486277082654e-08 2.891802196495832804e-08 2.870382211531249752e-08 2.863873310474999716e-08 2.841502115195832624e-08 2.875974435539583596e-08 2.853616678272916542e-08 2.825984236572916507e-08 2.869387139612499707e-08 2.832343298410416343e-08 2.867019620983332888e-08 2.883705397783333910e-08 2.810454065052084174e-08 2.867978497181248094e-08 2.872440646081250231e-08 2.847917937162498925e-08 2.839240132437499857e-08 2.845654301760416158e-08 2.857569627458333188e-08 2.834904725337500339e-08 2.865106057858333348e-08 2.871225441333332196e-08 2.869356903660415523e-08 2.851915608104167278e-08 2.832045056739582864e-08 2.823617814187499054e-08 2.856401871304166823e-08 2.849585944777084244e-08 2.870663820095833246e-08 2.852519816352083799e-08 2.857207420950000044e-08 2.827563661343750390e-08 2.887370624337498888e-08 2.868817074962499853e-08 2.882957102237499699e-08 2.872716807341667040e-08 2.864643019135417130e-08 2.889492071272917262e-08 2.874153775827084422e-08 2.837303549454167511e-08 2.866675354972916905e-08 2.851934554166667044e-08 2.873438107552083233e-08
2.868376019373212853e-08 2.894900955320239227e-08 2.909136655864582654e-08 2.887351544734820742e-08 2.880827900655951103e-08 2.857845450802381456e-08 2.893128118280654780e-08 2.870078302680356388e-08 2.842099682462500057e-08 2.886300773544641896e-08 2.848459110602084285e-08 2.883705397783333910e-08 2.901200788862499886e-08 2.826212797597321859e-08 2.884994652855059023e-08 2.889482463608035638e-08 2.864568545373214334e-08 2.855558718696428057e-08 2.862053677075594917e-08 2.874180450265178795e-08 2.851091488658332634e-08 2.881963499724701928e-08 2.888269319174404871e-08 2.886272860837797107e-08 2.868494932232142961e-08 2.848494867268750053e-08 2.839667944363689725e-08 2.873267617677380663e-08 2.866073960883928253e-08 2.887574383024404693e-08 2.869124193828571515e-08 2.873989922604166291e-08 2.843693214834821214e-08 2.904848883190773783e-08 2.885813368125298109e-08 2.900379774823213675e-08 2.889841554863095425e-08 2.881602855943154950e-08 2.906873353884226398e-08 2.891289972907738213e-08 2.853508812272916337e-08 2.883616799809226497e-08 2.868762815203571625e-08 2.890563418127380562e-08
2.795788274872491378e-08 2.820467309854718642e-08 2.834309019682439743e-08 2.813650944988051448e-08 2.807209477214413233e-08 2.786102769534990926e-08 2.818814184866623784e-08 2.797881279904253032e-08 2.771260598581250075e-08 2.812522614545747200e-08 2.777485266731548334e-08 2.810454065052084174e-08 2.826212797597321859e-08 2.756563088381207535e-08 2.811230163098724526e-08 2.815600496544175297e-08 2.792035908674277122e-08 2.783898703218197243e-08 2.790059528049149900e-08 2.801397069365816590e-08 2.779920582335416650e-08 2.808595858767389470e-08 2.814286207969004913e-08 2.812751914699574641e-08 2.796258141027890287e-08 2.776748094885714084e-08 2.769027161446811255e-08 2.800029973591241406e-08 2.793816132635756285e-08 2.813982890479719350e-08 2.796679800532695383e-08 2.800981931528571636e-08 2.772840629931802335e-08 2.829559557312882689e-08 2.812071721109098654e-08 2.825284377843324558e-08 2.815871717082482701e-08 2.807961420802933641e-08 2.831992409909736275e-08 2.817201296104123898e-08 2.782158878547916582e-08 2.810175058500807503e-08 2.795608067340731450e-08 2.816439869488860249e-08
2.852833486726827619e-08 2.879040750499913973e-08 2.893144187625297442e-08 2.871644731489498090e-08 2.865070329982399183e-08 2.842500964751828150e-08 2.877245891019558027e-08 2.854669306875467236e-08 2.826885254627083987e-08 2.870660165472449813e-08 2.833164689354761415e-08 2.867978497181248094e-08 2.884994652855059023e-08 2.811230163098724526e-08 2.869491568624234640e-08 2.873687490448171353e-08 2.848993836347066775e-08 2.840180133320918369e-08 2.846611889032823183e-08 2.858680950549489494e-08 2.835891499420832825e-08 2.866289309767517313e-08 2.872474352949319762e-08 2.870585640716411829e-08 2.853072098117985394e-08 2.833159172581845335e-08 2.824586215043919503e-08 2.857620785901828187e-08 2.850625464487287638e-08 2.871846756089498655e-08 2.853715863935033861e-08 2.858443615267559407e-08 2.828469082189498661e-08 2.888798925196895891e-08 2.870006287475042506e-08 2.884238321001828633e-08 2.874030854755740466e-08 2.865840312615093659e-08 2.890869331883758674e-08 2.875455778817475142e-08 2.838316280843749940e-08 2.867907316430484882e-08 2.853172233438605305e-08 2.874743225051233143e-08
2.857208571400084105e-08 2.883391596575722900e-08 2.897631367925595461e-08 2.876003848317389711e-08 2.869523204105867244e-08 2.846830631156334034e-08 2.881674418467091760e-08 2.858999922872066344e-08 2.831286306752083714e-08 2.874993152332099652e-08 2.837621098149107597e-08 2.872440646081250231e-08 2.889482463608035638e-08 2.815600496544175297e-08 2.873687490448171353e-08 2.878198947099914785e-08 2.853438184400977579e-08 2.844568077240943657e-08 2.850968507318919937e-08 2.863060141179336752e-08 2.840236911952082918e-08 2.870731122840688457e-08 2.876885294326615723e-08 2.875016504475084735e-08 2.857427882187754863e-08 2.837502157863690386e-08 2.828885872986053754e-08 2.862033704158418165e-08 2.855045853825764907e-08 2.876254650117389525e-08 2.858066691185544138e-08 2.862768867714285729e-08 2.832798346204889425e-08 2.893208491435756533e-08 2.874446535144429816e-08 2.888764071020918218e-08 2.878409994021003237e-08 2.870259368924829666e-08 2.895330586719302544e-08 2.879869778794174975e-08 2.842612918264583419e-08 2.872315418941921650e-08 2.857520535490603590e-08 2.879151902105144834e-08
2.832894462161522265e-08 2.858620439253146664e-08 2.872693694013986350e-08 2.851387984269812800e-08 2.844904054647108640e-08 2.822792847794854782e-08 2.856903573893027852e-08 2.834751828430612766e-08 2.807440382781249901e-08 2.850319415342304415e-08 2.813755406034225361e-08 2.847917937162498925e-08 2.864568545373214334e-08 2.792035908674277122e-08 2.848993836347066775e-08 2.853438184400977579e-08 2.829264366531462405e-08 2.820491014663520835e-08 2.826829698258460303e-08 2.838652876325127709e-08 2.816285079966666694e-08 2.846185806485204008e-08 2.852191385058503381e-08 2.850460110855272630e-08 2.833174402409566170e-08 2.813471130752975804e-08 2.805057755843707451e-08 2.837537749334438290e-08 2.830740952443282398e-08 2.851635222157313357e-08 2.833752468447491615e-08 2.838299229312797469e-08 2.808957833203146574e-08 2.868192067954421839e-08 2.849846206367176097e-08 2.863791612805271822e-08 2.853731663618877564e-08 2.845693722631122676e-08 2.870384565657185541e-08 2.855178862926361052e-08 2.818628653745833016e-08 2.847750996015816216e-08 2.833057430744515061e-08 2.854461009260629403e-08
2.824215994584055164e-08 2.849606337523851998e-08 2.863593027684226985e-08 2.842554977936351262e-08 2.836080246083206152e-08 2.814263897113221389e-08 2.847933563591112404e-08 2.826253334517772794e-08 2.799046539324998845e-08 2.841502700488477813e-08 2.805394996405952009e-08 2.839240132437499857e-08 2.855558718696428057e-08 2.783898703218197243e-08 2.840180133320918369e-08 2.844568077240943657e-08 2.820491014663520835e-08 2.812129264719898344e-08 2.818337384470195370e-08 2.829971357122278683e-08 2.807889543825000206e-08 2.837411278759396111e-08 2.843253743434566268e-08 2.841580730102806069e-08 2.824593043418835204e-08 2.804915366580952130e-08 2.796809737871045617e-08 2.828751571229888636e-08 2.822199110521088217e-08 2.842817741094685710e-08 2.825098808189625944e-08 2.829623305619345502e-08 2.800656340569684950e-08 2.859074223413307355e-08 2.841000745809948539e-08 2.854682674134056478e-08 2.844821082943111471e-08 2.836812969733971068e-08 2.861329174880739652e-08 2.846210380551530650e-08 2.810151394412499488e-08 2.838993892408418094e-08 2.824294016231589889e-08 2.845475183448937107e-08
2.830591350278997370e-08 2.856133967569386767e-08 2.870134075588393287e-08 2.849009007642303274e-08 2.842503571321598497e-08 2.820610393653996533e-08 2.854424225649150102e-08 2.832648251868368230e-08 2.805300436312499756e-08 2.847935731760798478e-08 2.811635891830951914e-08 2.845654301760416158e-08 2.862053677075594917e-08 2.790059528049149900e-08 2.846611889032823183e-08 2.850968507318919937e-08 2.826829698258460303e-08 2.818337384470195370e-08 2.824775150053825743e-08 2.836361951855909857e-08 2.814178422839583211e-08 2.843783850949872284e-08 2.849732283271768388e-08 2.848015089072746519e-08 2.830944354699488975e-08 2.811215474578868725e-08 2.803028122809141144e-08 2.835114010351913425e-08 2.828561897096385643e-08 2.849287810981887702e-08 2.831479367228911316e-08 2.835986169742261879e-08 2.806922732938137536e-08 2.865612180509735933e-08 2.847400421275722153e-08 2.861223464183163238e-08 2.851282733424659571e-08 2.843304987681589256e-08 2.867834279336394406e-08 2.852702489842898643e-08 2.816466883349999893e-08 2.845363424928656790e-08 2.830666688375042199e-08 2.851940525098043711e-08
2.842364591631080548e-08 2.868314445850636481e-08 2.882377448844644063e-08 2.861021667486054257e-08 2.854555776402848700e-08 2.832313399368579746e-08 2.866558676136650372e-08 2.844329514047533216e-08 2.816786245106249811e-08 2.860017025829548352e-08 2.823172008145536446e-08 2.857569627458333188e-08 2.874180450265178795e-08 2.801397069365816590e-08 2.858680950549489494e-08 2.863060141179336752e-08 2.838652876325127709e-08 2.829971357122278683e-08 2.836361951855909857e-08 2.848354585337159858e-08 2.825752863025000089e-08 2.855788872845705715e-08 2.861883316696768653e-08 2.860015604812329820e-08 2.842688463536989225e-08 2.822886460339285073e-08 2.814494837821640536e-08 2.847108334387329479e-08 2.840320942183885878e-08 2.861306603106887805e-08 2.843307759103911155e-08 2.847897711033928857e-08 2.818374350371470807e-08 2.877871505211819628e-08 2.859408462548638922e-08 2.873407828997746401e-08 2.863322220387159939e-08 2.855294538008672867e-08 2.880036745948893819e-08 2.864767253713732511e-08 2.828171273891666486e-08 2.857312232624489709e-08 2.842663703135459260e-08 2.864084412735544166e-08
2.820011336210415703e-08 2.845263433660416251e-08 2.859255375974999694e-08 2.838267888377081431e-08 2.831770631647916483e-08 2.810168524010415927e-08 2.843612413097916349e-08 2.822080236022916104e-08 2.794992309716668053e-08 2.837190020697916982e-08 2.801326143912499584e-08 2.834904725337500339e-08 2.851091488658332634e-08 2.779920582335416650e-08 2.835891499420832825e-08 2.840236911952082918e-08 2.816285079966666694e-08 2.807889543825000206e-08 2.814178422839583211e-08 2.825752863025000089e-08 2.803864258954166339e-08 2.833123987997916803e-08 2.838936533652083397e-08 2.837310675535416686e-08 2.820453116258333158e-08 2.800814510331249770e-08 2.792752857266666265e-08 2.824479827658333017e-08 2.818029580670833207e-08 2.838536270943749605e-08 2.820936461416666419e-08 2.825373703281250289e-08 2.796546587060416549e-08 2.854583864725000033e-08 2.836691749956249789e-08 2.850197263064583128e-08 2.840530225337499597e-08 2.832524511991666378e-08 2.856934967224999617e-08 2.841900320699999171e-08 2.806087580787499672e-08 2.834706660812499848e-08 2.820026571702083067e-08 2.841167389620832998e-08
2.849925163430144301e-08 2.875969317465603861e-08 2.890129768386012050e-08 2.868640509307271112e-08 2.862196732827890066e-08 2.839719198834310720e-08 2.874260120677806348e-08 2.851794750852720555e-08 2.824156237316667304e-08 2.867624031624362725e-08 2.830569212482440315e-08 2.865106057858333348e-08 2.881963499724701928e-08 2.808595858767389470e-08 2.866289309767517313e-08 2.870731122840688457e-08 2.846185806485204008e-08 2.837411278759396111e-08 2.843783850949872284e-08 2.855788872845705715e-08 2.833123987997916803e-08 2.863453241439795652e-08 2.869449190231079689e-08 2.867607088728060842e-08 2.850165414611267545e-08 2.830304354205356888e-08 2.821814903312542649e-08 2.854708538982227533e-08 2.847821591360884125e-08 2.868897499359354073e-08 2.850792913881675567e-08 2.855440772747619177e-08 2.825680169494770406e-08 2.885690645253911597e-08 2.867057978795322694e-08 2.881183279582227451e-08 2.871016682872788728e-08 2.862907684339710684e-08 2.887811438626148524e-08 2.872477534919472758e-08 2.835486006587499953e-08 2.864950091669600192e-08 2.850219448367984912e-08 2.871771706628953820e-08
2.855950577725467416e-08 2.882249480380016419e-08 2.896460020080357278e-08 2.874812840115433548e-08 2.868276106944770135e-08 2.845605550242134591e-08 2.880470989433587813e-08 2.857730433607823130e-08 2.829984861656250176e-08 2.873784323213009576e-08 2.836323678504464399e-08 2.871225441333332196e-08 2.888269319174404871e-08 2.814286207969004913e-08 2.872474352949319762e-08 2.876885294326615723e-08 2.852191385058503381e-08 2.843253743434566268e-08 2.849732283271768388e-08 2.861883316696768653e-08 2.838936533652083397e-08 2.869449190231079689e-08 2.875803305669302930e-08 2.873766558610884653e-08 2.856121688557652919e-08 2.836245928646130525e-08 2.827581732202466075e-08 2.860790738233800721e-08 2.853753133575042346e-08 2.875056584225850457e-08 2.856844148676743448e-08 2.861583832080654976e-08 2.831493136188350123e-08 2.892022593768537373e-08 2.873203581059991287e-08 2.887564929773384508e-08 2.877198546107185285e-08 2.869048093001148268e-08 2.894095733731165128e-08 2.878647548148171392e-08 2.841392516347916350e-08 2.871025390820152906e-08 2.856296152559778734e-08 2.877972610721003444e-08
2.854227651868664750e-08 2.880276535924277757e-08 2.894473120176488161e-08 2.872894608245109833e-08 2.866345683727466423e-08 2.843874211133249310e-08 2.878469579297490558e-08 2.856035226436267407e-08 2.828392859641666426e-08 2.871848802363733073e-08 2.834690685902975163e-08 2.869356903660415523e-08 2.886272860837797107e-08 2.812751914699574641e-08 2.870585640716411829e-08 2.875016504475084735e-08 2.850460110855272630e-08 2.841580730102806069e-08 2.848015089072746519e-08 2.860015604812329820e-08 2.837310675535416686e-08 2.867607088728060842e-08 2.873766558610884653e-08 2.872074105616581808e-08 2.854474539860161155e-08 2.834551588107142492e-08 2.825970489216028308e-08 2.858906039343665089e-08 2.852009582470067259e-08 2.873103335459693800e-08 2.855053641043622327e-08 2.859704217054464247e-08 2.829915503449277370e-08 2.890007548870492479e-08 2.871348951984736429e-08 2.885508469560331816e-08 2.875301643722746336e-08 2.867170478854337195e-08 2.892192754805697101e-08 2.876730390282907486e-08 2.839698300220833134e-08 2.869165227378911116e-08 2.854412338976062600e-08 2.876061223392772012e-08
2.836991789301828517e-08 2.862622107951997455e-08 2.876649121150297084e-08 2.855387678916580925e-08 2.848919308271980480e-08 2.826852138780996126e-08 2.860854869702890788e-08 2.838932108617135177e-08 2.811515745639583530e-08 2.854309557716197698e-08 2.817832929704762366e-08 2.851915608104167278e-08 2.868494932232142961e-08 2.796258141027890287e-08 2.853072098117985394e-08 2.857427882187754863e-08 2.833174402409566170e-08 2.824593043418835204e-08 2.830944354699488975e-08 2.842688463536989225e-08 2.820453116258333158e-08 2.850165414611267545e-08 2.856121688557652919e-08 2.854474539860161155e-08 2.837410088849234991e-08 2.817507496377678152e-08 2.809246698152253311e-08 2.841520503368495100e-08 2.834869772726870623e-08 2.855625022514498840e-08 2.837822294989201174e-08 2.842373797036309751e-08 2.813155529043664952e-08 2.872084226692729806e-08 2.853802844633375733e-08 2.867621389685161676e-08 2.857756586024490414e-08 2.849632146560926536e-08 2.874362545377508329e-08 2.859178874990391158e-08 2.822755549124999279e-08 2.851770651955484589e-08 2.837088227411522265e-08 2.858416293984566105e-08
2.817182214259225132e-08 2.842519196631547144e-08 2.856604084637499986e-08 2.835485635535714705e-08 2.828949892926191580e-08 2.807204136530060525e-08 2.840882865237797117e-08 2.819092088434821456e-08 2.792003061393749803e-08 2.834418365823511111e-08 2.798289905699998773e-08 2.832045056739582864e-08 2.848494867268750053e-08 2.776748094885714084e-08 2.833159172581845335e-08 2.837502157863690386e-08 2.813471130752975804e-08 2.804915366580952130e-08 2.811215474578868725e-08 2.822886460339285073e-08 2.800814510331249770e-08 2.830304354205356888e-08 2.836245928646130525e-08 2.834551588107142492e-08 2.817507496377678152e-08 2.798040552579166187e-08 2.789686836641070929e-08 2.821713325161308899e-08 2.815101574770535728e-08 2.835763121885714026e-08 2.818098083402380457e-08 2.822599798427083652e-08 2.793509695602380911e-08 2.852068849022321093e-08 2.833940201088392565e-08 2.847600473102976115e-08 2.837803115349702539e-08 2.829783998527380443e-08 2.854259373121428650e-08 2.839176686719047380e-08 2.803062454195833530e-08 2.831894283531845020e-08 2.817232347302381179e-08 2.838456808586309161e-08
2.808811707291028730e-08 2.833836316681037253e-08 2.847764211655951599e-08 2.826954897558120433e-08 2.820424725776828064e-08 2.799012653553529212e-08 2.832176920294727725e-08 2.810925117252211002e-08 2.783965887570834108e-08 2.825852726499872422e-08 2.790248322484821690e-08 2.823617814187499054e-08 2.839667944363689725e-08 2.769027161446811255e-08 2.824586215043919503e-08 2.828885872986053754e-08 2.805057755843707451e-08 2.796809737871045617e-08 2.803028122809141144e-08 2.814494837821640536e-08 2.792752857266666265e-08 2.821814903312542649e-08 2.827581732202466075e-08 2.825970489216028308e-08 2.809246698152253311e-08 2.789686836641070929e-08 2.781803944592091252e-08 2.813211880299362110e-08 2.806841378179676548e-08 2.827211546649787368e-08 2.809746328150084727e-08 2.814125067092857442e-08 2.785557129495620211e-08 2.843138321326615525e-08 2.825327960388647641e-08 2.838766626657695042e-08 2.829150701927890779e-08 2.821190885436691773e-08 2.845469337371896041e-08 2.830517049713477946e-08 2.794971997216666168e-08 2.823414199310586534e-08 2.808748809650680674e-08 2.829748219902040314e-08
2.841269949445747255e-08 2.867290300711777030e-08 2.881381417397321810e-08 2.859943352988860417e-08 2.853498856573299435e-08 2.831073853122832026e-08 2.865553204924575276e-08 2.843101549082100000e-08 2.815551898150000269e-08 2.858910141886648894e-08 2.821881013423808762e-08 2.856401871304166823e-08 2.873267617677380663e-08 2.800029973591241406e-08 2.857620785901828187e-08 2.862033704158418165e-08 2.837537749334438290e-08 2.828751571229888636e-08 2.835114010351913425e-08 2.847108334387329479e-08 2.824479827658333017e-08 2.854708538982227533e-08 2.860790738233800721e-08 2.858906039343665089e-08 2.841520503368495100e-08 2.821713325161308899e-08 2.813211880299362110e-08 2.846104310920747782e-08 2.839155133309651006e-08 2.860190833984693703e-08 2.842166258406121855e-08 2.846801412958630506e-08 2.817091794707610588e-08 2.876965335655910224e-08 2.858381222120152526e-08 2.872489774851998574e-08 2.862325842878996225e-08 2.854201821587670045e-08 2.879083333439030296e-08 2.863813815720407968e-08 2.826867967072916055e-08 2.856275729326828122e-08 2.841598705834395396e-08 2.863080691903188377e-08
2.834530095182566952e-08 2.860159126980994982e-08 2.874250932909224533e-08 2.852991463324744669e-08 2.846537312388860744e-08 2.824466180824234578e-08 2.858471115750340557e-08 2.836500612884737115e-08 2.809120972889582644e-08 2.851933253129846024e-08 2.815478358418452853e-08 2.849585944777084244e-08 2.866073960883928253e-08 2.793816132635756285e-08 2.850625464487287638e-08 2.855045853825764907e-08 2.830740952443282398e-08 2.822199110521088217e-08 2.828561897096385643e-08 2.840320942183885878e-08 2.818029580670833207e-08 2.847821591360884125e-08 2.853753133575042346e-08 2.852009582470067259e-08 2.834869772726870623e-08 2.815101574770535728e-08 2.806841378179676548e-08 2.839155133309651006e-08 2.832540655288945462e-08 2.853258253437244717e-08 2.835438473478019077e-08 2.839976775361011475e-08 2.810669802039328221e-08 2.869715571096938155e-08 2.851402122339710462e-08 2.865254317261734571e-08 2.855316174433885737e-08 2.847259485107780341e-08 2.871921335001275674e-08 2.856749414489922864e-08 2.820317623587499959e-08 2.849352469614370312e-08 2.834665176905399587e-08 2.856011787118282261e-08
2.855416609495111168e-08 2.881536959299065576e-08 2.895713718728274317e-08 2.874191433361564173e-08 2.867691461164710193e-08 2.845179430120111377e-08 2.879828479567218672e-08 2.857293104946810882e-08 2.829593927262499321e-08 2.873168737696939426e-08 2.835946388889880274e-08 2.870663820095833246e-08 2.887574383024404693e-08 2.813982890479719350e-08 2.871846756089498655e-08 2.876254650117389525e-08 2.851635222157313357e-08 2.842817741094685710e-08 2.849287810981887702e-08 2.861306603106887805e-08 2.838536270943749605e-08 2.868897499359354073e-08 2.875056584225850457e-08 2.873103335459693800e-08 2.855625022514498840e-08 2.835763121885714026e-08 2.827211546649787368e-08 2.860190833984693703e-08 2.853258253437244717e-08 2.874528733803231625e-08 2.856289010345790822e-08 2.860956897795238521e-08 2.831151497926147354e-08 2.891288595499192392e-08 2.872586177242134266e-08 2.886811497374277381e-08 2.876572387565221392e-08 2.868481416499362261e-08 2.893353572088010540e-08 2.878021920938052661e-08 2.840967456681249453e-08 2.870461905118664992e-08 2.855716704430909668e-08 2.877299641605229457e-08
2.837534760399872270e-08 2.863175034620790320e-08 2.877357935311606962e-08 2.856038238733289536e-08 2.849487481268282732e-08 2.827398664618621312e-08 2.861481234641028831e-08 2.839444451422109465e-08 2.812056412412500628e-08 2.854925858775809035e-08 2.818367377010713992e-08 2.852519816352083799e-08 2.869124193828571515e-08 2.796679800532695383e-08 2.853715863935033861e-08 2.858066691185544138e-08 2.833752468447491615e-08 2.825098808189625944e-08 2.831479367228911316e-08 2.843307759103911155e-08 2.820936461416666419e-08 2.850792913881675567e-08 2.856844148676743448e-08 2.855053641043622327e-08 2.837822294989201174e-08 2.818098083402380457e-08 2.809746328150084727e-08 2.842166258406121855e-08 2.835438473478019077e-08 2.856289010345790822e-08 2.838520811717516554e-08 2.842993758459821175e-08 2.813579076747874316e-08 2.872805044516156046e-08 2.854413248361479772e-08 2.868358426629039699e-08 2.858335579330995132e-08 2.850278102727338245e-08 2.875012134614796298e-08 2.859794967732695085e-08 2.823260645231249908e-08 2.852376581805867557e-08 2.837618941821386157e-08 2.859036241880824380e-08
2.842160938356547556e-08 2.867991632893154935e-08 2.882122111222915378e-08 2.860712121361905391e-08 2.854178294201785718e-08 2.831889025352380852e-08 2.866254226634821611e-08 2.843958955465774078e-08 2.816493049745833579e-08 2.859698017105059916e-08 2.822771816745832680e-08 2.857207420950000044e-08 2.873989922604166291e-08 2.800981931528571636e-08 2.858443615267559407e-08 2.862768867714285729e-08 2.838299229312797469e-08 2.829623305619345502e-08 2.835986169742261879e-08 2.847897711033928857e-08 2.825373703281250289e-08 2.855440772747619177e-08 2.861583832080654976e-08 2.859704217054464247e-08 2.842373797036309751e-08 2.822599798427083652e-08 2.814125067092857442e-08 2.846801412958630506e-08 2.839976775361011475e-08 2.860956897795238521e-08 2.842993758459821175e-08 2.847733007654166588e-08 2.817987121299404808e-08 2.877668344667857474e-08 2.859153499775297333e-08 2.873150417731547125e-08 2.863137044492261639e-08 2.854932810041071514e-08 2.879789620055059212e-08 2.864498773359821413e-08 2.827711313131250222e-08 2.857042414165476252e-08 2.842327612386904382e-08 2.863800203404464178e-08
2.812720445632610609e-08 2.837830012980314784e-08 2.851683668982440369e-08 2.830837191211565375e-08 2.824357021548043367e-08 2.802890104543026199e-08 2.836100202052636675e-08 2.814813960957228938e-08 2.787791329635416543e-08 2.829729911809439020e-08 2.794012577104464634e-08 2.827563661343750390e-08 2.843693214834821214e-08 2.772840629931802335e-08 2.828469082189498661e-08 2.832798346204889425e-08 2.808957833203146574e-08 2.800656340569684950e-08 2.806922732938137536e-08 2.818374350371470807e-08 2.796546587060416549e-08 2.825680169494770406e-08 2.831493136188350123e-08 2.829915503449277370e-08 2.813155529043664952e-08 2.793509695602380911e-08 2.785557129495620211e-08 2.817091794707610588e-08 2.810669802039328221e-08 2.831151497926147354e-08 2.813579076747874316e-08 2.817987121299404808e-08 2.789494247878231024e-08 2.847136818965858687e-08 2.829255861965051145e-08 2.842757345568027114e-08 2.833097254786054803e-08 2.825153926591028968e-08 2.849424601629676757e-08 2.834495336356802940e-08 2.798858443104166299e-08 2.827305818922831822e-08 2.812678296624660193e-08 2.833677416080229475e-08
2.872016236928824688e-08 2.898685748180441807e-08 2.912944853914285628e-08 2.891054783438774902e-08 2.884556772032780327e-08 2.861389351137158751e-08 2.896857607450381039e-08 2.873688572734651442e-08 2.845574620697916304e-08 2.890075200998681843e-08 2.851918892030655063e-08 2.887370624337498888e-08 2.904848883190773783e-08 2.829559557312882689e-08 2.888798925196895891e-08 2.893208491435756533e-08 2.868192067954421839e-08 2.859074223413307355e-08 2.865612180509735933e-08 2.877871505211819628e-08 2.854583864725000033e-08 2.885690645253911597e-08 2.892022593768537373e-08 2.890007548870492479e-08 2.872084226692729806e-08 2.852068849022321093e-08 2.843138321326615525e-08 2.876965335655910224e-08 2.869715571096938155e-08 2.891288595499192392e-08 2.872805044516156046e-08 2.877668344667857474e-08 2.847136818965858687e-08 2.908801850773639172e-08 2.889465368151445102e-08 2.904159038570493403e-08 2.893545883553486652e-08 2.885334695675679930e-08 2.910646179787372331e-08 2.895074472189965501e-08 2.857057943368749935e-08 2.887239098242729661e-08 2.872459234048001709e-08 2.894345695150254950e-08
2.853585053549319699e-08 2.879748295392134959e-08 2.893891688928570182e-08 2.872349263285884990e-08 2.865840023234309889e-08 2.843306019645153734e-08 2.878008794204932627e-08 2.855420922085970103e-08 2.827750877031249353e-08 2.871345028047363074e-08 2.834095553188393761e-08 2.868817074962499853e-08 2.885813368125298109e-08 2.812071721109098654e-08 2.870006287475042506e-08 2.874446535144429816e-08 2.849846206367176097e-08 2.841000745809948539e-08 2.847400421275722153e-08 2.859408462548638922e-08 2.836691749956249789e-08 2.867057978795322694e-08 2.873203581059991287e-08 2.871348951984736429e-08 2.853802844633375733e-08 2.833940201088392565e-08 2.825327960388647641e-08 2.858381222120152526e-08 2.851402122339710462e-08 2.872586177242134266e-08 2.854413248361479772e-08 2.859153499775297333e-08 2.829255861965051145e-08 2.889465368151445102e-08 2.870876418444557347e-08 2.885012565884736314e-08 2.874768240754888840e-08 2.866611200301360032e-08 2.891608730258078236e-08 2.876187004359097698e-08 2.839056413233333302e-08 2.868678293850042281e-08 2.853886151014752966e-08 2.875502977402593118e-08
2.867522710693665881e-08 2.894218066926360134e-08 2.908446502372321264e-08 2.886624520428443222e-08 2.880089168583715368e-08 2.856941018506164521e-08 2.892432810309990417e-08 2.869210442475849838e-08 2.841223099762498654e-08 2.885599016249150568e-08 2.847574644967559541e-08 2.882957102237499699e-08 2.900379774823213675e-08 2.825284377843324558e-08 2.884238321001828633e-08 2.888764071020918218e-08 2.863791612805271822e-08 2.854682674134056478e-08 2.861223464183163238e-08 2.873407828997746401e-08 2.850197263064583128e-08 2.881183279582227451e-08 2.887564929773384508e-08 2.885508469560331816e-08 2.867621389685161676e-08 2.847600473102976115e-08 2.838766626657695042e-08 2.872489774851998574e-08 2.865254317261734571e-08 2.886811497374277381e-08 2.868358426629039699e-08 2.873150417731547125e-08 2.842757345568027114e-08 2.904159038570493403e-08 2.885012565884736314e-08 2.899867719095748336e-08 2.889027509168580513e-08 2.880866032368919807e-08 2.906177495855697432e-08 2.890535179166241588e-08 2.852637404485416674e-08 2.882801985072661431e-08 2.867974836763562739e-08 2.889819063205271567e-08
