3.674161490936370807e-08 3.705973032008700324e-08 3.719629623270782270e-08 3.700670255940655110e-08 3.687803268974265923e-08 3.667649626247601167e-08 3.699277031709808500e-08 3.670487625627381211e-08 3.656512639014488824e-08 3.693762582690044237e-08 3.653466963732690546e-08 3.700132593058128869e-08 3.713741059166074769e-08 3.633215396564278870e-08 3.692796772872797224e-08 3.704257113566922262e-08 3.673678647450439409e-08 3.670107662531905240e-08 3.678865946158318635e-08 3.684023535720453047e-08 3.663806355204886995e-08 3.692083578169078145e-08 3.703944609745595963e-08 3.692428999677095830e-08 3.678435385308480284e-08 3.657296024762460932e-08 3.650455521499951632e-08 3.680891971697415460e-08 3.674280080097606276e-08 3.707191575209817486e-08 3.676988644906896396e-08 3.686344068688310302e-08 3.650609118735228807e-08 3.707666201617773359e-08 3.698014826594471302e-08 3.703054337871380980e-08 3.700425683913483542e-08 3.697011710485416263e-08 3.719124244458466756e-08 3.699981655294908487e-08 3.660648125337658012e-08 3.693003021803193535e-08 3.684958569952705556e-08 3.705044970932111152e-08
3.705973032008700324e-08 3.738506326057986311e-08 3.752321230856892716e-08 3.732907909182606590e-08 3.719898553375789737e-08 3.699421941280676168e-08 3.731630242512639714e-08 3.702371215680329709e-08 3.688057582965773197e-08 3.725985091977076600e-08 3.684866271800130099e-08 3.732400666591086561e-08 3.746320259037215807e-08 3.664287280383566804e-08 3.725091406325612228e-08 3.736644106271325749e-08 3.705588049350029371e-08 3.701931076472168850e-08 3.710804292332890129e-08 3.716022894013389514e-08 3.695518920283905903e-08 3.724369151436037667e-08 3.736372729563513039e-08 3.724664002547822860e-08 3.710303531748866720e-08 3.688901677421761315e-08 3.681842495034441965e-08 3.712978791454149686e-08 3.706140582262529933e-08 3.739600878751042870e-08 3.708869018304937448e-08 3.718487645175650440e-08 3.682065731208565890e-08 3.740252985609171934e-08 3.730424428131218788e-08 3.735597533592786284e-08 3.732670211776541757e-08 3.729263755586937709e-08 3.751601054859886105e-08 3.732300736332558614e-08 3.692310505470256187e-08 3.725146893392619022e-08 3.717119262905534864e-08 3.737444998418217475e-08
3.719629623270782270e-08 3.752321230856892716e-08 3.766434030093431697e-08 3.746669474442733556e-08 3.733701150317749267e-08 3.713013147325288611e-08 3.745427301512881254e-08 3.715945447934865817e-08 3.701700994124816994e-08 3.739856548297577766e-08 3.698487448898554554e-08 3.746258292641433574e-08 3.760326422589266972e-08 3.677681320984204544e-08 3.738923908979717707e-08 3.750446047918499159e-08 3.719275110688843521e-08 3.715523242165170282e-08 3.724463386751390527e-08 3.729835580314151133e-08 3.709240671351613897e-08 3.738206715547254179e-08 3.750378232012466037e-08 3.738588202411597116e-08 3.723991407535790775e-08 3.702503564002920257e-08 3.695336974453193050e-08 3.726734738616658251e-08 3.719886063631754976e-08 3.753517911468107361e-08 3.722596846574206695e-08 3.732288093031612264e-08 3.695561131951653281e-08 3.754247700414029981e-08 3.744331589464140451e-08 3.749521511695474086e-08 3.746506527963022837e-08 3.743087968066290866e-08 3.765506129701527762e-08 3.746169318695514636e-08 3.705958181150833690e-08 3.739005304614354882e-08 3.730980323747969058e-08 3.751344980898717931e-08
3.700670255940655110e-08 3.732907909182606590e-08 3.746669474442733556e-08 3.727595217428639952e-08 3.714513031489832976e-08 3.694136501935334653e-08 3.726199663937471895e-08 3.697043646077404452e-08 3.682786803770786358e-08 3.720603409474213733e-08 3.679682738387798164e-08 3.726958820891878707e-08 3.740807303731645998e-08 3.659314291077899361e-08 3.719667978112365173e-08 3.731208666548104799e-08 3.700233372271220734e-08 3.696626736861745327e-08 3.705499069117774682e-08 3.710655666239594450e-08 3.690265008507050724e-08 3.718935959002643040e-08 3.730869492380284719e-08 3.719183763672088430e-08 3.704991844654584816e-08 3.683657753683393269e-08 3.676660209860806827e-08 3.707525653783403370e-08 3.700855486879577221e-08 3.734063850413390019e-08 3.703562533654187773e-08 3.713032781133657404e-08 3.676904439956073151e-08 3.734688614563657540e-08 3.724904156421943398e-08 3.729997045810110036e-08 3.727263306096848967e-08 3.723878145836686981e-08 3.746097064789389077e-08 3.726804476590233234e-08 3.687098669816914538e-08 3.719693833605812375e-08 3.711696537607133213e-08 3.731975143569614173e-08
3.687803268974265923e-08 3.719898553375789737e-08 3.733701150317749267e-08 3.714513031489832976e-08 3.701696282313558785e-08 3.681308750684938627e-08 3.713127761027314571e-08 3.684181764205648422e-08 3.670077681360000124e-08 3.707638540516158820e-08 3.667025497402684842e-08 3.713989586514260761e-08 3.727708315549601902e-08 3.646620048451242920e-08 3.706659452735820641e-08 3.718136936653051467e-08 3.687342019948796228e-08 3.683764451700291211e-08 3.692599171149640257e-08 3.697790467917375910e-08 3.677517078016492849e-08 3.705937201023968268e-08 3.717890393947249542e-08 3.706300359497254206e-08 3.692124985540734379e-08 3.670932483464457299e-08 3.663977376113732756e-08 3.694654266649453119e-08 3.688053197484637150e-08 3.721087931506497501e-08 3.690686306889979757e-08 3.700163142136960334e-08 3.664140007814625267e-08 3.721700063647713492e-08 3.711896326336692313e-08 3.716979362883913096e-08 3.714307663549703165e-08 3.710847334641396856e-08 3.733069817821411901e-08 3.713877561534290384e-08 3.674276936496657450e-08 3.706793381015823472e-08 3.698825741549495840e-08 3.718960228703298580e-08
3.667649626247601167e-08 3.699421941280676168e-08 3.713013147325288611e-08 3.694136501935334653e-08 3.681308750684938627e-08 3.661252149348050290e-08 3.692708297278470605e-08 3.664042741463181567e-08 3.650043823344459961e-08 3.687215832866647028e-08 3.646993475628842211e-08 3.693581064992076340e-08 3.707153072896156887e-08 3.626744442004906388e-08 3.686298899217021644e-08 3.697710580286649001e-08 3.667158363080378782e-08 3.663588470729149049e-08 3.672390030850477804e-08 3.677497052679097278e-08 3.657316097912914891e-08 3.685543213135590428e-08 3.697396011762287079e-08 3.685876377411897466e-08 3.671914759430881227e-08 3.650834286357721619e-08 3.644047649783855266e-08 3.674355268437092792e-08 3.667775123907767250e-08 3.700619854144253555e-08 3.670454153365936999e-08 3.679820018743149085e-08 3.644175297045565659e-08 3.701162665271732314e-08 3.691436429271878984e-08 3.696522209921958499e-08 3.693899081049921274e-08 3.690440907293104434e-08 3.712567359492891919e-08 3.693493880993789995e-08 3.654155660419433330e-08 3.686474572443818388e-08 3.678443579071809086e-08 3.698525513831958879e-08
3.699277031709808500e-08 3.731630242512639714e-08 3.745427301512881254e-08 3.726199663937471895e-08 3.713127761027314571e-08 3.692708297278470605e-08 3.724998346077122984e-08 3.695644545778428646e-08 3.681408355507950832e-08 3.719256171346387506e-08 3.678227872592147061e-08 3.725636930118061817e-08 3.739533887704807612e-08 3.657809931368433865e-08 3.718446425234666563e-08 3.729869604056840913e-08 3.698895614007211175e-08 3.695246264789452923e-08 3.704104388138883298e-08 3.709304781466477939e-08 3.688834855190685341e-08 3.717639658986250342e-08 3.729646586585979430e-08 3.717938763407329268e-08 3.703583551501261384e-08 3.682269765042070272e-08 3.675171110903427742e-08 3.706238733261316132e-08 3.699487663029630895e-08 3.732807683476556053e-08 3.702134136651916730e-08 3.711702070559277235e-08 3.675435267106653014e-08 3.733455953793025450e-08 3.723631773875810387e-08 3.728813764817278895e-08 3.725900355789058832e-08 3.722544409617769940e-08 3.744847562084170719e-08 3.725469685048548080e-08 3.685660232479930593e-08 3.718433075164569173e-08 3.710390817836995467e-08 3.730722109076311281e-08
3.670487625627381211e-08 3.702371215680329709e-08 3.715945447934865817e-08 3.697043646077404452e-08 3.684181764205648422e-08 3.664042741463181567e-08 3.695644545778428646e-08 3.666972356704624411e-08 3.652807288124946293e-08 3.690087111763892937e-08 3.649774403519196715e-08 3.696476509126232909e-08 3.710049062645370805e-08 3.629585491900333435e-08 3.689157609452159201e-08 3.700633065503530083e-08 3.670018301293139377e-08 3.666460424830488673e-08 3.675244390931536200e-08 3.680333528294906605e-08 3.660140770033071069e-08 3.688503505007601575e-08 3.700245106408014439e-08 3.688758306642627778e-08 3.674773367855345869e-08 3.653657652139004745e-08 3.646801362547525415e-08 3.677262754187053249e-08 3.670653343710583258e-08 3.703528593186407972e-08 3.673272257092937564e-08 3.682701839462102519e-08 3.646950948555184384e-08 3.704056478318597333e-08 3.694363031533419751e-08 3.699422654146391183e-08 3.696759186014074493e-08 3.693345669541749442e-08 3.715476418993557945e-08 3.696307715907907364e-08 3.656941362415054474e-08 3.689284806159050131e-08 3.681319168167923658e-08 3.701414083569846329e-08
3.656512639014488824e-08 3.688057582965773197e-08 3.701700994124816994e-08 3.682786803770786358e-08 3.670077681360000124e-08 3.650043823344459961e-08 3.681408355507950832e-08 3.652807288124946293e-08 3.639157116114266284e-08 3.675957138296442569e-08 3.636087216680319667e-08 3.682318863482420004e-08 3.695755857498085767e-08 3.615870939546148802e-08 3.674989539592240119e-08 3.686347971891603209e-08 3.655988024120720262e-08 3.652432028340598719e-08 3.661150845313672532e-08 3.666396536387908945e-08 3.646305098097299969e-08 3.674224754327121102e-08 3.686116673139867775e-08 3.674675379590525318e-08 3.660799240123084826e-08 3.639799748167434651e-08 3.633059758998265781e-08 3.663179726399340031e-08 3.656654782101285314e-08 3.689403184317329536e-08 3.659332105771437187e-08 3.668635871260823955e-08 3.633174489115907088e-08 3.689723884122238648e-08 3.680146255072858151e-08 3.685208706802795825e-08 3.682578264005744724e-08 3.679209271879666458e-08 3.701202191100390380e-08 3.682193896615232604e-08 3.643086245425039522e-08 3.675251574888480364e-08 3.667253178533947421e-08 3.687169552957489793e-08
3.693762582690044237e-08 3.725985091977076600e-08 3.739856548297577766e-08 3.720603409474213733e-08 3.707638540516158820e-08 3.687215832866647028e-08 3.719256171346387506e-08 3.690087111763892937e-08 3.675957138296442569e-08 3.713775088128374139e-08 3.672858297627924626e-08 3.720074297089143900e-08 3.733935121335971515e-08 3.652409556044256284e-08 3.712777480734172525e-08 3.724246131712288356e-08 3.693365274494520122e-08 3.689699460917984303e-08 3.698538894548361442e-08 3.703809760944490229e-08 3.683441594638013213e-08 3.712037430902523803e-08 3.724048752257732853e-08 3.712359805236879763e-08 3.698091684274635018e-08 3.676792155608270181e-08 3.669778224610262905e-08 3.700651536609936858e-08 3.693998703601738053e-08 3.727162671107185513e-08 3.696720433619042237e-08 3.706152102783053219e-08 3.669988375303051803e-08 3.727824760030831755e-08 3.718050341402794862e-08 3.723151584337007211e-08 3.720372085810682794e-08 3.716948720725374859e-08 3.739139110455266085e-08 3.719938820442121001e-08 3.680259045897690948e-08 3.712848191519099966e-08 3.704864782179835979e-08 3.725080310831193657e-08
3.653466963732690546e-08 3.684866271800130099e-08 3.698487448898554554e-08 3.679682738387798164e-08 3.667025497402684842e-08 3.646993475628842211e-08 3.678227872592147061e-08 3.649774403519196715e-08 3.636087216680319667e-08 3.672858297627924626e-08 3.633155319908706445e-08 3.679205744135895579e-08 3.692533879429568002e-08 3.613058269216649246e-08 3.671805606317395683e-08 3.683178923114366853e-08 3.652929554831601229e-08 3.649398198904735111e-08 3.658089524977261698e-08 3.663278665617937685e-08 3.643312295681397446e-08 3.671099325646518309e-08 3.682909759248163939e-08 3.671554367714210568e-08 3.657756533026072232e-08 3.636806807156637651e-08 3.630103619281134080e-08 3.660078237333621819e-08 3.653666576334535815e-08 3.686182461716108253e-08 3.656255891029519702e-08 3.665502568864014626e-08 3.630177429160012871e-08 3.686513907719286620e-08 3.676967012716587534e-08 3.681949977247719717e-08 3.679515658037940811e-08 3.676039614541209170e-08 3.698003101009496271e-08 3.679009898200470134e-08 3.640073504680362713e-08 3.672119685052659222e-08 3.664127484646357402e-08 3.683990699934811332e-08
3.700132593058128869e-08 3.732400666591086561e-08 3.746258292641433574e-08 3.726958820891878707e-08 3.713989586514260761e-08 3.693581064992076340e-08 3.725636930118061817e-08 3.696476509126232909e-08 3.682318863482420004e-08 3.720074297089143900e-08 3.679205744135895579e-08 3.726534805115546455e-08 3.740281889126753797e-08 3.658704672294786490e-08 3.719127529730629829e-08 3.730591187378532956e-08 3.699712794043641630e-08 3.696013665858377842e-08 3.704885930099257660e-08 3.710163802545373782e-08 3.689772587659599749e-08 3.718381946613078311e-08 3.730428281371467296e-08 3.718765961096519808e-08 3.704444288061210532e-08 3.683123726449527590e-08 3.676126147755680632e-08 3.707020342719865383e-08 3.700354618158429533e-08 3.733626962736493877e-08 3.702973178259605233e-08 3.712578767373549143e-08 3.676289631168297464e-08 3.734187944262849055e-08 3.724393503096687767e-08 3.729561701763863287e-08 3.726742318899410522e-08 3.723312735025956929e-08 3.745573275347624773e-08 3.726312393933892224e-08 3.686511075455132405e-08 3.719239429794303813e-08 3.711254077993962150e-08 3.731481517647984814e-08
3.713741059166074769e-08 3.746320259037215807e-08 3.760326422589266972e-08 3.740807303731645998e-08 3.727708315549601902e-08 3.707153072896156887e-08 3.739533887704807612e-08 3.710049062645370805e-08 3.695755857498085767e-08 3.733935121335971515e-08 3.692533879429568002e-08 3.740281889126753797e-08 3.754456302144862059e-08 3.671839271664026276e-08 3.733058976892446899e-08 3.744565941788243109e-08 3.713384312607903417e-08 3.709658380582856698e-08 3.718591171501412178e-08 3.723885320291014679e-08 3.703285368863115637e-08 3.732282031676350007e-08 3.744401263008137096e-08 3.732571941568801574e-08 3.718094423615449554e-08 3.696563649552343736e-08 3.689417173429046408e-08 3.720769097223877523e-08 3.713941226004362613e-08 3.747515876185729978e-08 3.716718671239875199e-08 3.726300535057609666e-08 3.689720254706067027e-08 3.748275203667861034e-08 3.738370220508385218e-08 3.743536806354266028e-08 3.740562016401895917e-08 3.737169585811457751e-08 3.759543342743635934e-08 3.740195526854559064e-08 3.700121511375068886e-08 3.733076525425660593e-08 3.725025566252305023e-08 3.745423158289259480e-08
3.633215396564278870e-08 3.664287280383566804e-08 3.677681320984204544e-08 3.659314291077899361e-08 3.646620048451242920e-08 3.626744442004906388e-08 3.657809931368433865e-08 3.629585491900333435e-08 3.615870939546148802e-08 3.652409556044256284e-08 3.613058269216649246e-08 3.658704672294786490e-08 3.671839271664026276e-08 3.593410544384875151e-08 3.651299555600746722e-08 3.662700754204689592e-08 3.632666945289949270e-08 3.629242623987732370e-08 3.637794001066220321e-08 3.642870358460663828e-08 3.623106757496106785e-08 3.650681995190006227e-08 3.662236676888615689e-08 3.651008939323765232e-08 3.637488503944893117e-08 3.616684351933654816e-08 3.610056949762216698e-08 3.639693363202184593e-08 3.633456180482166562e-08 3.665520248094705234e-08 3.635972194511063057e-08 3.645058344962463241e-08 3.610159602801047119e-08 3.665780357586866001e-08 3.656399223047972940e-08 3.661258197411282433e-08 3.659053132796122367e-08 3.655609048317499808e-08 3.677318829258547056e-08 3.658363363226662913e-08 3.619968902751309591e-08 3.651544821109460993e-08 3.643651041036529445e-08 3.663413238827726074e-08
3.692796772872797224e-08 3.725091406325612228e-08 3.738923908979717707e-08 3.719667978112365173e-08 3.706659452735820641e-08 3.686298899217021644e-08 3.718446425234666563e-08 3.689157609452159201e-08 3.674989539592240119e-08 3.712777480734172525e-08 3.671805606317395683e-08 3.719127529730629829e-08 3.733058976892446899e-08 3.651299555600746722e-08 3.712033760197337429e-08 3.723348288283920847e-08 3.692426468975825031e-08 3.688741807544802273e-08 3.697649344449331208e-08 3.702824309724813769e-08 3.682399296179912557e-08 3.711133126181307002e-08 3.723211900414155471e-08 3.711501035267960624e-08 3.697116715358243006e-08 3.675817198798019805e-08 3.668745719444460509e-08 3.699770270648819398e-08 3.693037286402338918e-08 3.726319845607060121e-08 3.695633941942041657e-08 3.705202940043916603e-08 3.668990201815458439e-08 3.727048919927720890e-08 3.717143048819960256e-08 3.722352999970747459e-08 3.719425089213560114e-08 3.715992160892750033e-08 3.738350262951873032e-08 3.719034486526134242e-08 3.679203491908328409e-08 3.712035668403233417e-08 3.703941839663402940e-08 3.724265371000753727e-08
3.704257113566922262e-08 3.736644106271325749e-08 3.750446047918499159e-08 3.731208666548104799e-08 3.718136936653051467e-08 3.697710580286649001e-08 3.729869604056840913e-08 3.700633065503530083e-08 3.686347971891603209e-08 3.724246131712288356e-08 3.683178923114366853e-08 3.730591187378532956e-08 3.744565941788243109e-08 3.662700754204689592e-08 3.723348288283920847e-08 3.734932344627610948e-08 3.703850738436346422e-08 3.700253558691729959e-08 3.709107885774069717e-08 3.714279923192985918e-08 3.693795677685307349e-08 3.722636015794340892e-08 3.734569414175911387e-08 3.722854050992493930e-08 3.708595470744036633e-08 3.687181366667285613e-08 3.680158642771033357e-08 3.711213068101917819e-08 3.704452706706201045e-08 3.737793273904176254e-08 3.707201962167937384e-08 3.716685005767251764e-08 3.680424819476918071e-08 3.738444925988054756e-08 3.728635857360910595e-08 3.733752678068090688e-08 3.730884681807676594e-08 3.727544647231624978e-08 3.749815229580067857e-08 3.730492850405039995e-08 3.690683125345221266e-08 3.723359583344298623e-08 3.715348864039089394e-08 3.735677769935858286e-08
3.673678647450439409e-08 3.705588049350029371e-08 3.719275110688843521e-08 3.700233372271220734e-08 3.687342019948796228e-08 3.667158363080378782e-08 3.698895614007211175e-08 3.670018301293139377e-08 3.655988024120720262e-08 3.693365274494520122e-08 3.652929554831601229e-08 3.699712794043641630e-08 3.713384312607903417e-08 3.632666945289949270e-08 3.692426468975825031e-08 3.703850738436346422e-08 3.673276415740121395e-08 3.669641878342657053e-08 3.678385881817994261e-08 3.683567445840253314e-08 3.663330849142070961e-08 3.691700198242587913e-08 3.703570125375945296e-08 3.692050173201112060e-08 3.677982777913893888e-08 3.656790370084726226e-08 3.649904763602277277e-08 3.680468752399375903e-08 3.673829840299684589e-08 3.706772788650244635e-08 3.676511595135271003e-08 3.685912979616168118e-08 3.650079961400125549e-08 3.707306418142851258e-08 3.697641245906528705e-08 3.702692864237264289e-08 3.700027438747661314e-08 3.696570457571957896e-08 3.718698423653951142e-08 3.699536030180551899e-08 3.660178904418777792e-08 3.692613535347097414e-08 3.684529988512961335e-08 3.704674489527012886e-08
3.670107662531905240e-08 3.701931076472168850e-08 3.715523242165170282e-08 3.696626736861745327e-08 3.683764451700291211e-08 3.663588470729149049e-08 3.695246264789452923e-08 3.666460424830488673e-08 3.652432028340598719e-08 3.689699460917984303e-08 3.649398198904735111e-08 3.696013665858377842e-08 3.709658380582856698e-08 3.629242623987732370e-08 3.688741807544802273e-08 3.700253558691729959e-08 3.669641878342657053e-08 3.666178500038890917e-08 3.674862434041630089e-08 3.679929572033055176e-08 3.659744370767884756e-08 3.688060882244704697e-08 3.699813902542096700e-08 3.688339319016506048e-08 3.674395517268668174e-08 3.653266929443476434e-08 3.646417107936786701e-08 3.676891867838840644e-08 3.670278019361035460e-08 3.703095060816183411e-08 3.672975585123916398e-08 3.682274523660615316e-08 3.646606966602865291e-08 3.703592475746844160e-08 3.693958114379338583e-08 3.698947667714274905e-08 3.696332848383266759e-08 3.692977624215291088e-08 3.715042193467889102e-08 3.695867752966046177e-08 3.656661897952373301e-08 3.688899471730209413e-08 3.680887317640947220e-08 3.700966898488406400e-08
3.678865946158318635e-08 3.710804292332890129e-08 3.724463386751390527e-08 3.705499069117774682e-08 3.692599171149640257e-08 3.672390030850477804e-08 3.704104388138883298e-08 3.675244390931536200e-08 3.661150845313672532e-08 3.698538894548361442e-08 3.658089524977261698e-08 3.704885930099257660e-08 3.718591171501412178e-08 3.637794001066220321e-08 3.697649344449331208e-08 3.709107885774069717e-08 3.678385881817994261e-08 3.674862434041630089e-08 3.683697551489698487e-08 3.688741784395405721e-08 3.668492589079522858e-08 3.696913960696449997e-08 3.708754403817754960e-08 3.697210790463665317e-08 3.683150552132899244e-08 3.661995734099021492e-08 3.655094080201967911e-08 3.685674294566840623e-08 3.679015885802393226e-08 3.711989266689980008e-08 3.681701278929624533e-08 3.691083538392010115e-08 3.655291104880759805e-08 3.712584097069222657e-08 3.702834655307623463e-08 3.707881427370761033e-08 3.705210554511145811e-08 3.701807220022999677e-08 3.723996154225771993e-08 3.704799585299181445e-08 3.665330714940408438e-08 3.697803446609049318e-08 3.689730524276318705e-08 3.709875395084102797e-08
3.684023535720453047e-08 3.716022894013389514e-08 3.729835580314151133e-08 3.710655666239594450e-08 3.697790467917375910e-08 3.677497052679097278e-08 3.709304781466477939e-08 3.680333528294906605e-08 3.666396536387908945e-08 3.703809760944490229e-08 3.663278665617937685e-08 3.710163802545373782e-08 3.723885320291014679e-08 3.642870358460663828e-08 3.702824309724813769e-08 3.714279923192985918e-08 3.683567445840253314e-08 3.679929572033055176e-08 3.688741784395405721e-08 3.694054713426123129e-08 3.673728581710894235e-08 3.702097145475750226e-08 3.714073257483875956e-08 3.702462797006891576e-08 3.688343938740134897e-08 3.667119899316632862e-08 3.660210252429719340e-08 3.690819964027108905e-08 3.684182823211588429e-08 3.717284027730848873e-08 3.686931088767437258e-08 3.696358671662381396e-08 3.660393157054963663e-08 3.717777916297628868e-08 3.708077002915496581e-08 3.713165706814530054e-08 3.710437993286266110e-08 3.707053727700353322e-08 3.729188868186920345e-08 3.710044337076027748e-08 3.670512668411783691e-08 3.702999878345632257e-08 3.694995910399996274e-08 3.715110631868105233e-08
3.663806355204886995e-08 3.695518920283905903e-08 3.709240671351613897e-08 3.690265008507050724e-08 3.677517078016492849e-08 3.657316097912914891e-08 3.688834855190685341e-08 3.660140770033071069e-08 3.646305098097299969e-08 3.683441594638013213e-08 3.643312295681397446e-08 3.689772587659599749e-08 3.703285368863115637e-08 3.623106757496106785e-08 3.682399296179912557e-08 3.693795677685307349e-08 3.663330849142070961e-08 3.659744370767884756e-08 3.668492589079522858e-08 3.673728581710894235e-08 3.653748668454795464e-08 3.681649288181108932e-08 3.693543853782510529e-08 3.682082928563289464e-08 3.668186211619715714e-08 3.647063538747791726e-08 3.640213154029810652e-08 3.670551772622055145e-08 3.664047985421285481e-08 3.696758152906751169e-08 3.666654071187457892e-08 3.676001561730020255e-08 3.640393710531353469e-08 3.697226332935737582e-08 3.687592386979663749e-08 3.692631928028064959e-08 3.690091695167502074e-08 3.686574570310791017e-08 3.708598889406794715e-08 3.689594500344530715e-08 3.650400525159692150e-08 3.682599153235349275e-08 3.674684311954345822e-08 3.694604450983370317e-08
3.692083578169078145e-08 3.724369151436037667e-08 3.738206715547254179e-08 3.718935959002643040e-08 3.705937201023968268e-08 3.685543213135590428e-08 3.717639658986250342e-08 3.688503505007601575e-08 3.674224754327121102e-08 3.712037430902523803e-08 3.671099325646518309e-08 3.718381946613078311e-08 3.732282031676350007e-08 3.650681995190006227e-08 3.711133126181307002e-08 3.722636015794340892e-08 3.691700198242587913e-08 3.688060882244704697e-08 3.696913960696449997e-08 3.702097145475750226e-08 3.681649288181108932e-08 3.710522553580963254e-08 3.722364716484009551e-08 3.710711658681667014e-08 3.696376560273789243e-08 3.675073012989263080e-08 3.668040113332694347e-08 3.699070582575259318e-08 3.692319753236987453e-08 3.725532779312276118e-08 3.694994209062478761e-08 3.704482701832201711e-08 3.668262327177283781e-08 3.726247092722441909e-08 3.716450942377750660e-08 3.721542101940617127e-08 3.718633318434110697e-08 3.715306211547499102e-08 3.737520313040957375e-08 3.718240416453336217e-08 3.678522317688386854e-08 3.711172623375174547e-08 3.703176617884370299e-08 3.723456185824097779e-08
3.703944609745595963e-08 3.736372729563513039e-08 3.750378232012466037e-08 3.730869492380284719e-08 3.717890393947249542e-08 3.697396011762287079e-08 3.729646586585979430e-08 3.700245106408014439e-08 3.686116673139867775e-08 3.724048752257732853e-08 3.682909759248163939e-08 3.730428281371467296e-08 3.744401263008137096e-08 3.662236676888615689e-08 3.723211900414155471e-08 3.734569414175911387e-08 3.703570125375945296e-08 3.699813902542096700e-08 3.708754403817754960e-08 3.714073257483875956e-08 3.693543853782510529e-08 3.722364716484009551e-08 3.734569343918727842e-08 3.722787467229042787e-08 3.708245034148702895e-08 3.686908995660922820e-08 3.679802662828660727e-08 3.710936904705643244e-08 3.704184708827933808e-08 3.737636351409408400e-08 3.706838567385457809e-08 3.716466653606173637e-08 3.680004467796382047e-08 3.738361704462174805e-08 3.728443553421918120e-08 3.733665237248005220e-08 3.730678146316241071e-08 3.727264880674874777e-08 3.749635044900164306e-08 3.730336218596714517e-08 3.690317379073836519e-08 3.723259369687725204e-08 3.715194998118157955e-08 3.735532968229821597e-08
3.692428999677095830e-08 3.724664002547822860e-08 3.738588202411597116e-08 3.719183763672088430e-08 3.706300359497254206e-08 3.685876377411897466e-08 3.717938763407329268e-08 3.688758306642627778e-08 3.674675379590525318e-08 3.712359805236879763e-08 3.671554367714210568e-08 3.718765961096519808e-08 3.732571941568801574e-08 3.651008939323765232e-08 3.711501035267960624e-08 3.722854050992493930e-08 3.692050173201112060e-08 3.688339319016506048e-08 3.697210790463665317e-08 3.702462797006891576e-08 3.682082928563289464e-08 3.710711658681667014e-08 3.722787467229042787e-08 3.711209644840909696e-08 3.696750180367478683e-08 3.675467084788286004e-08 3.668431098507855114e-08 3.699399669052425320e-08 3.692694950273053561e-08 3.725973423777885605e-08 3.695217834511812434e-08 3.704862108018950053e-08 3.668611189121658202e-08 3.726568899603069883e-08 3.716735705037534152e-08 3.721899578963497622e-08 3.719048433418053032e-08 3.715564614136957884e-08 3.737899819673090561e-08 3.718590795572930359e-08 3.678801704811526359e-08 3.711674011434306595e-08 3.703558057281534135e-08 3.723804234554669294e-08
3.678435385308480284e-08 3.710303531748866720e-08 3.723991407535790775e-08 3.704991844654584816e-08 3.692124985540734379e-08 3.671914759430881227e-08 3.703583551501261384e-08 3.674773367855345869e-08 3.660799240123084826e-08 3.698091684274635018e-08 3.657756533026072232e-08 3.704444288061210532e-08 3.718094423615449554e-08 3.637488503944893117e-08 3.697116715358243006e-08 3.708595470744036633e-08 3.677982777913893888e-08 3.674395517268668174e-08 3.683150552132899244e-08 3.688343938740134897e-08 3.668186211619715714e-08 3.696376560273789243e-08 3.708245034148702895e-08 3.696750180367478683e-08 3.682825075227272207e-08 3.661550279630743475e-08 3.654692194444392086e-08 3.685210385051558389e-08 3.678601494423464373e-08 3.711524162870027815e-08 3.681276054356625116e-08 3.690642741441253723e-08 3.654905989589502967e-08 3.711979676679643315e-08 3.702333290695728573e-08 3.707373234673607917e-08 3.704793073074694992e-08 3.701279870238332802e-08 3.723435001309563245e-08 3.704286534627956543e-08 3.664945757864795353e-08 3.697335613341162386e-08 3.689270428225648113e-08 3.709362542186784053e-08
3.657296024762460932e-08 3.688901677421761315e-08 3.702503564002920257e-08 3.683657753683393269e-08 3.670932483464457299e-08 3.650834286357721619e-08 3.682269765042070272e-08 3.653657652139004745e-08 3.639799748167434651e-08 3.676792155608270181e-08 3.636806807156637651e-08 3.683123726449527590e-08 3.696563649552343736e-08 3.616684351933654816e-08 3.675817198798019805e-08 3.687181366667285613e-08 3.656790370084726226e-08 3.653266929443476434e-08 3.661995734099021492e-08 3.667119899316632862e-08 3.647063538747791726e-08 3.675073012989263080e-08 3.686908995660922820e-08 3.675467084788286004e-08 3.661550279630743475e-08 3.640637491451049887e-08 3.633806752512083088e-08 3.663963410618885949e-08 3.657480185115439885e-08 3.690121552726286869e-08 3.660111923266354550e-08 3.669415690353745735e-08 3.633922071242329449e-08 3.690595701272434988e-08 3.680949332562036670e-08 3.685975332541958080e-08 3.683419301821538013e-08 3.680012953362041046e-08 3.702037503848191817e-08 3.682969556777209885e-08 3.643862529691379667e-08 3.676016293024057202e-08 3.668042790484127370e-08 3.688001644163040738e-08
3.650455521499951632e-08 3.681842495034441965e-08 3.695336974453193050e-08 3.676660209860806827e-08 3.663977376113732756e-08 3.644047649783855266e-08 3.675171110903427742e-08 3.646801362547525415e-08 3.633059758998265781e-08 3.669778224610262905e-08 3.630103619281134080e-08 3.676126147755680632e-08 3.689417173429046408e-08 3.610056949762216698e-08 3.668745719444460509e-08 3.680158642771033357e-08 3.649904763602277277e-08 3.646417107936786701e-08 3.655094080201967911e-08 3.660210252429719340e-08 3.640213154029810652e-08 3.668040113332694347e-08 3.679802662828660727e-08 3.668431098507855114e-08 3.654692194444392086e-08 3.633806752512083088e-08 3.627185686892573394e-08 3.657015653619097275e-08 3.650591721771398302e-08 3.683094503688769563e-08 3.653242606640604234e-08 3.662476371506594128e-08 3.627210107874510409e-08 3.683424410974631599e-08 3.673876536751042701e-08 3.678867763559530482e-08 3.676442204686353350e-08 3.673022111393812039e-08 3.694949725717561252e-08 3.675972712681275877e-08 3.637063044648715657e-08 3.669016137083033744e-08 3.661039162604368962e-08 3.680931425008230514e-08
3.680891971697415460e-08 3.712978791454149686e-08 3.726734738616658251e-08 3.707525653783403370e-08 3.694654266649453119e-08 3.674355268437092792e-08 3.706238733261316132e-08 3.677262754187053249e-08 3.663179726399340031e-08 3.700651536609936858e-08 3.660078237333621819e-08 3.707020342719865383e-08 3.720769097223877523e-08 3.639693363202184593e-08 3.699770270648819398e-08 3.711213068101917819e-08 3.680468752399375903e-08 3.676891867838840644e-08 3.685674294566840623e-08 3.690819964027108905e-08 3.670551772622055145e-08 3.699070582575259318e-08 3.710936904705643244e-08 3.699399669052425320e-08 3.685210385051558389e-08 3.663963410618885949e-08 3.657015653619097275e-08 3.687880767312884801e-08 3.681101995594047378e-08 3.714181773246980940e-08 3.683720775054604521e-08 3.693177938988474107e-08 3.657199470170890368e-08 3.714782638495146750e-08 3.705044078133175031e-08 3.710144803976381582e-08 3.707290692703397198e-08 3.703885735070749587e-08 3.726126000300074203e-08 3.706914713455825422e-08 3.667324242230977389e-08 3.699896730188543956e-08 3.691872688332623771e-08 3.712023722533736309e-08
3.674280080097606276e-08 3.706140582262529933e-08 3.719886063631754976e-08 3.700855486879577221e-08 3.688053197484637150e-08 3.667775123907767250e-08 3.699487663029630895e-08 3.670653343710583258e-08 3.656654782101285314e-08 3.693998703601738053e-08 3.653666576334535815e-08 3.700354618158429533e-08 3.713941226004362613e-08 3.633456180482166562e-08 3.693037286402338918e-08 3.704452706706201045e-08 3.673829840299684589e-08 3.670278019361035460e-08 3.679015885802393226e-08 3.684182823211588429e-08 3.664047985421285481e-08 3.692319753236987453e-08 3.704184708827933808e-08 3.692694950273053561e-08 3.678601494423464373e-08 3.657480185115439885e-08 3.650591721771398302e-08 3.681101995594047378e-08 3.674660841612499832e-08 3.707406844688338641e-08 3.677110652712875275e-08 3.686532507368238421e-08 3.650739202643904470e-08 3.707920815693351065e-08 3.698203035110219381e-08 3.703259117905683926e-08 3.700635636058589111e-08 3.697204963651333155e-08 3.719287077046738178e-08 3.700101307597421895e-08 3.660859843555047388e-08 3.693130598108910923e-08 3.685232642819023871e-08 3.705290449476213883e-08
3.707191575209817486e-08 3.739600878751042870e-08 3.753517911468107361e-08 3.734063850413390019e-08 3.721087931506497501e-08 3.700619854144253555e-08 3.732807683476556053e-08 3.703528593186407972e-08 3.689403184317329536e-08 3.727162671107185513e-08 3.686182461716108253e-08 3.733626962736493877e-08 3.747515876185729978e-08 3.665520248094705234e-08 3.726319845607060121e-08 3.737793273904176254e-08 3.706772788650244635e-08 3.703095060816183411e-08 3.711989266689980008e-08 3.717284027730848873e-08 3.696758152906751169e-08 3.725532779312276118e-08 3.737636351409408400e-08 3.725973423777885605e-08 3.711524162870027815e-08 3.690121552726286869e-08 3.683094503688769563e-08 3.714181773246980940e-08 3.707406844688338641e-08 3.740954319485117336e-08 3.710013180978333014e-08 3.719728382818345957e-08 3.683289836529053903e-08 3.741422683645244625e-08 3.731591643064219235e-08 3.736802048106333678e-08 3.733834586666784002e-08 3.730500332001790806e-08 3.752868392064800460e-08 3.733466270029399304e-08 3.693486761941676489e-08 3.726427698453010225e-08 3.718388085213296450e-08 3.738677742947290287e-08
3.676988644906896396e-08 3.708869018304937448e-08 3.722596846574206695e-08 3.703562533654187773e-08 3.690686306889979757e-08 3.670454153365936999e-08 3.702134136651916730e-08 3.673272257092937564e-08 3.659332105771437187e-08 3.696720433619042237e-08 3.656255891029519702e-08 3.702973178259605233e-08 3.716718671239875199e-08 3.635972194511063057e-08 3.695633941942041657e-08 3.707201962167937384e-08 3.676511595135271003e-08 3.672975585123916398e-08 3.681701278929624533e-08 3.686931088767437258e-08 3.666654071187457892e-08 3.694994209062478761e-08 3.706838567385457809e-08 3.695217834511812434e-08 3.681276054356625116e-08 3.660111923266354550e-08 3.653242606640604234e-08 3.683720775054604521e-08 3.677110652712875275e-08 3.710013180978333014e-08 3.680036505975708837e-08 3.689198175204479416e-08 3.653444078673728682e-08 3.710571245545333049e-08 3.700947986959500112e-08 3.705937196804708560e-08 3.703261949294083498e-08 3.699956759388437737e-08 3.721954526610833316e-08 3.702908154941333267e-08 3.663613019082645760e-08 3.695795996301208914e-08 3.687833645778145342e-08 3.707908662065500612e-08
3.686344068688310302e-08 3.718487645175650440e-08 3.732288093031612264e-08 3.713032781133657404e-08 3.700163142136960334e-08 3.679820018743149085e-08 3.711702070559277235e-08 3.682701839462102519e-08 3.668635871260823955e-08 3.706152102783053219e-08 3.665502568864014626e-08 3.712578767373549143e-08 3.726300535057609666e-08 3.645058344962463241e-08 3.705202940043916603e-08 3.716685005767251764e-08 3.685912979616168118e-08 3.682274523660615316e-08 3.691083538392010115e-08 3.696358671662381396e-08 3.676001561730020255e-08 3.704482701832201711e-08 3.716466653606173637e-08 3.704862108018950053e-08 3.690642741441253723e-08 3.669415690353745735e-08 3.662476371506594128e-08 3.693177938988474107e-08 3.686532507368238421e-08 3.719728382818345957e-08 3.689198175204479416e-08 3.698806091661355993e-08 3.662631780538522895e-08 3.720207138048459661e-08 3.710459377203325505e-08 3.715569438077656130e-08 3.712807254689429659e-08 3.709464028576416057e-08 3.731612727976695441e-08 3.712391970040904873e-08 3.672773878329747561e-08 3.705334879447981978e-08 3.697396289451852604e-08 3.717533942932479615e-08
3.650609118735228807e-08 3.682065731208565890e-08 3.695561131951653281e-08 3.676904439956073151e-08 3.664140007814625267e-08 3.644175297045565659e-08 3.675435267106653014e-08 3.646950948555184384e-08 3.633174489115907088e-08 3.669988375303051803e-08 3.630177429160012871e-08 3.676289631168297464e-08 3.689720254706067027e-08 3.610159602801047119e-08 3.668990201815458439e-08 3.680424819476918071e-08 3.650079961400125549e-08 3.646606966602865291e-08 3.655291104880759805e-08 3.660393157054963663e-08 3.640393710531353469e-08 3.668262327177283781e-08 3.680004467796382047e-08 3.668611189121658202e-08 3.654905989589502967e-08 3.633922071242329449e-08 3.627210107874510409e-08 3.657199470170890368e-08 3.650739202643904470e-08 3.683289836529053903e-08 3.653444078673728682e-08 3.662631780538522895e-08 3.627392473354689067e-08 3.683667507240708936e-08 3.674120608035366546e-08 3.679096688295030482e-08 3.676644266853136974e-08 3.673225929416832960e-08 3.695136300470195041e-08 3.676160305240029476e-08 3.637265008986789130e-08 3.669227152032272994e-08 3.661221959194269279e-08 3.681137260643811962e-08
3.707666201617773359e-08 3.740252985609171934e-08 3.754247700414029981e-08 3.734688614563657540e-08 3.721700063647713492e-08 3.701162665271732314e-08 3.733455953793025450e-08 3.704056478318597333e-08 3.689723884122238648e-08 3.727824760030831755e-08 3.686513907719286620e-08 3.734187944262849055e-08 3.748275203667861034e-08 3.665780357586866001e-08 3.727048919927720890e-08 3.738444925988054756e-08 3.707306418142851258e-08 3.703592475746844160e-08 3.712584097069222657e-08 3.717777916297628868e-08 3.697226332935737582e-08 3.726247092722441909e-08 3.738361704462174805e-08 3.726568899603069883e-08 3.711979676679643315e-08 3.690595701272434988e-08 3.683424410974631599e-08 3.714782638495146750e-08 3.707920815693351065e-08 3.741422683645244625e-08 3.710571245545333049e-08 3.720207138048459661e-08 3.683667507240708936e-08 3.742351281281954754e-08 3.732305122722924311e-08 3.737532809601264123e-08 3.734455194702494881e-08 3.731019314944770054e-08 3.753510665881450942e-08 3.734194620617904962e-08 3.694002062853443749e-08 3.727050913974410015e-08 3.718978108854149598e-08 3.739382684704887676e-08
3.698014826594471302e-08 3.730424428131218788e-08 3.744331589464140451e-08 3.724904156421943398e-08 3.711896326336692313e-08 3.691436429271878984e-08 3.723631773875810387e-08 3.694363031533419751e-08 3.680146255072858151e-08 3.718050341402794862e-08 3.676967012716587534e-08 3.724393503096687767e-08 3.738370220508385218e-08 3.656399223047972940e-08 3.717143048819960256e-08 3.728635857360910595e-08 3.697641245906528705e-08 3.693958114379338583e-08 3.702834655307623463e-08 3.708077002915496581e-08 3.687592386979663749e-08 3.716450942377750660e-08 3.728443553421918120e-08 3.716735705037534152e-08 3.702333290695728573e-08 3.680949332562036670e-08 3.673876536751042701e-08 3.705044078133175031e-08 3.698203035110219381e-08 3.731591643064219235e-08 3.700947986959500112e-08 3.710459377203325505e-08 3.674120608035366546e-08 3.732305122722924311e-08 3.722509088841118142e-08 3.727632526769497919e-08 3.724652891979469641e-08 3.721283105430749044e-08 3.743563832938256777e-08 3.724312886998722826e-08 3.684413771700755615e-08 3.717212837716514797e-08 3.709164966457658721e-08 3.729457562477085764e-08
3.703054337871380980e-08 3.735597533592786284e-08 3.749521511695474086e-08 3.729997045810110036e-08 3.716979362883913096e-08 3.696522209921958499e-08 3.728813764817278895e-08 3.699422654146391183e-08 3.685208706802795825e-08 3.723151584337007211e-08 3.681949977247719717e-08 3.729561701763863287e-08 3.743536806354266028e-08 3.661258197411282433e-08 3.722352999970747459e-08 3.733752678068090688e-08 3.702692864237264289e-08 3.698947667714274905e-08 3.707881427370761033e-08 3.713165706814530054e-08 3.692631928028064959e-08 3.721542101940617127e-08 3.733665237248005220e-08 3.721899578963497622e-08 3.707373234673607917e-08 3.685975332541958080e-08 3.678867763559530482e-08 3.710144803976381582e-08 3.703259117905683926e-08 3.736802048106333678e-08 3.705937196804708560e-08 3.715569438077656130e-08 3.679096688295030482e-08 3.737532809601264123e-08 3.727632526769497919e-08 3.732921630237448886e-08 3.729773531884334395e-08 3.726377987211624085e-08 3.748785802660355686e-08 3.729504994925348205e-08 3.689382962498054146e-08 3.722368701478716286e-08 3.714320176923901776e-08 3.734668617482559788e-08
