9.346368568438774654e-09 9.423553859986819314e-09 9.492388534902634145e-09 9.385731608965134963e-09 9.389430505261054465e-09 9.331017153923468837e-09 9.414478189566328586e-09 9.364777605329081378e-09 9.267372567484268815e-09 9.375381922439625509e-09 9.267674376980016295e-09 9.419817057467687036e-09 9.444936921699403472e-09 9.213921785039539186e-09 9.383376857319725112e-09 9.417494683710032513e-09 9.353147914212586121e-09 9.299613423969811233e-09 9.330141953535715289e-09 9.365987422157736943e-09 9.304200825199830334e-09 9.392301278529761979e-09 9.412309231852041490e-09 9.418323890059099946e-09 9.343709610150511207e-09 9.289264814292939535e-09 9.246748054093534812e-09 9.377580932284439175e-09 9.332432539772108788e-09 9.416509649613522271e-09 9.363291637429846130e-09 9.392893421241496099e-09 9.292921662159864275e-09 9.453640419211733943e-09 9.418897901469815954e-09 9.434888006948554195e-09 9.397513405410713700e-09 9.392383434023810125e-09 9.480351726856292116e-09 9.415041005889453269e-09 9.289239610334609228e-09 9.399303316443876826e-09 9.343724648304848745e-09 9.432291834869472875e-09
9.423553859986819314e-09 9.509364679045918396e-09 9.576321897769983168e-09 9.467125449311649202e-09 9.469772517982992580e-09 9.404969759728315637e-09 9.496837280272958369e-09 9.442407692391156345e-09 9.340395694488945564e-09 9.455787432137753999e-09 9.341024162505102414e-09 9.500158982306120410e-09 9.528990853738095419e-09 9.283909198903911036e-09 9.463973466647532820e-09 9.499285009635205991e-09 9.431075815463011180e-09 9.374759292027210342e-09 9.406705927026786496e-09 9.444827730863093864e-09 9.378196589948977481e-09 9.472526547011901337e-09 9.495028867966410967e-09 9.498407891833758078e-09 9.421472099653064303e-09 9.364318794528487498e-09 9.319030410436225475e-09 9.458378726206631285e-09 9.409517377403486574e-09 9.497599645806122177e-09 9.439931983329080009e-09 9.472554312657312649e-09 9.366284755230016417e-09 9.538588096916242195e-09 9.500809745693877969e-09 9.519963086691325719e-09 9.480027441214283933e-09 9.471938048309525379e-09 9.563974541033590268e-09 9.496887487586736603e-09 9.362957470549320096e-09 9.481049827413265106e-09 9.423318572745747175e-09 9.514057693591836979e-09
9.492388534902634145e-09 9.576321897769983168e-09 9.646892491716837449e-09 9.535581297279335827e-09 9.538328178295066443e-09 9.473501620487669903e-09 9.564703746312075439e-09 9.510981549963435150e-09 9.409396242339711791e-09 9.524391447830781373e-09 9.409747673344813023e-09 9.568974896022108083e-09 9.596466951014880623e-09 9.352245616065050717e-09 9.532615627420492972e-09 9.567849593564622595e-09 9.499218321390731488e-09 9.443445427123724066e-09 9.475098794544643477e-09 9.513256240014883137e-09 9.446887313218538719e-09 9.541401435255951226e-09 9.563272187856717375e-09 9.567278834870746776e-09 9.489760894844387547e-09 9.432424841506802581e-09 9.387469226012754664e-09 9.526497370371171453e-09 9.477676814485969152e-09 9.565928490042942219e-09 9.508626089105014800e-09 9.541437346551868323e-09 9.434627985553995673e-09 9.607068321691752640e-09 9.568810273123724260e-09 9.588815386149234284e-09 9.548110328565477373e-09 9.540408485988092381e-09 9.632279329434951960e-09 9.564727852299320620e-09 9.431096490610970190e-09 9.549384671367345146e-09 9.490804579563350871e-09 9.582713969227467067e-09
9.385731608965134963e-09 9.467125449311649202e-09 9.535581297279335827e-09 9.430438214841835174e-09 9.431359291295069464e-09 9.370007913966835188e-09 9.457033438853742723e-09 9.404987708963433236e-09 9.306585190339710352e-09 9.417402938747447997e-09 9.306717881803146161e-09 9.462098093355440577e-09 9.488101422806548607e-09 9.251222551648382586e-09 9.424961254857993766e-09 9.459639227606295129e-09 9.393390401703231561e-09 9.339011459248722600e-09 9.371478170565471318e-09 9.406552567514879388e-09 9.343765042385206435e-09 9.433320638505954451e-09 9.455517551169217812e-09 9.459483536558247203e-09 9.384599088427720649e-09 9.327715925569300509e-09 9.285767738554421790e-09 9.419559435454507369e-09 9.372834141381803582e-09 9.458970478751276286e-09 9.403424586188351485e-09 9.433835000510202338e-09 9.332230064949830588e-09 9.497535798129252636e-09 9.461624720332058196e-09 9.479270248732566733e-09 9.440648631232145041e-09 9.434134940821429695e-09 9.523466963455784511e-09 9.457204510799318280e-09 9.327980111985968994e-09 9.442043018617345695e-09 9.385480497146685448e-09 9.474792064519131900e-09
9.389430505261054465e-09 9.469772517982992580e-09 9.538328178295066443e-09 9.431359291295069464e-09 9.435495408068027410e-09 9.374641309211734148e-09 9.459887952658162953e-09 9.408905665852040236e-09 9.310506869960882891e-09 9.420323808948979153e-09 9.310849697896257880e-09 9.465057766608843811e-09 9.490390618380953816e-09 9.256275139384352292e-09 9.428318361118195679e-09 9.462705228542517624e-09 9.397143604189625949e-09 9.343338684391154901e-09 9.374338966267859796e-09 9.410635147380950333e-09 9.347684621454081390e-09 9.436814539035714372e-09 9.458055208759356750e-09 9.463011133289966799e-09 9.388161088887756063e-09 9.332549474594386853e-09 9.289813588671767412e-09 9.422486359756804057e-09 9.376647751427718272e-09 9.461912625108843384e-09 9.407318683350338373e-09 9.437450136870750223e-09 9.336305857621596579e-09 9.499723705460035889e-09 9.464229058891156583e-09 9.481152015734693612e-09 9.443305199726188591e-09 9.437439275511903420e-09 9.526356909823980784e-09 9.460066012986392703e-09 9.331840376136053598e-09 9.444924527846939658e-09 9.388548561100340058e-09 9.477772961049318301e-09
9.331017153923468837e-09 9.404969759728315637e-09 9.473501620487669903e-09 9.370007913966835188e-09 9.374641309211734148e-09 9.322414665758501736e-09 9.397979840270409021e-09 9.351490857130102283e-09 9.257313764589710430e-09 9.359866232164115226e-09 9.257660943386478782e-09 9.405250981938775477e-09 9.427583072723212636e-09 9.206192372481717656e-09 9.367510600982991075e-09 9.401304146189628358e-09 9.339693739578231098e-09 9.288176310082057946e-09 9.318385266023807665e-09 9.351953034598213693e-09 9.293533242801868998e-09 9.376015038005953627e-09 9.395232606210882768e-09 9.403156313599911456e-09 9.330756100761055115e-09 9.277375391444302026e-09 9.237951950971087016e-09 9.361684110537840884e-09 9.320204548423468132e-09 9.402079444334611957e-09 9.351648815355017086e-09 9.377935369676869581e-09 9.283892965241498022e-09 9.434792124837586501e-09 9.403666211915391640e-09 9.416371665065900338e-09 9.381338468482142393e-09 9.378377210654762064e-09 9.463440540497449125e-09 9.398659361299317037e-09 9.278717702319301195e-09 9.383240761284012642e-09 9.329661244313350221e-09 9.417001941269132468e-09
9.414478189566328586e-09 9.496837280272958369e-09 9.564703746312075439e-09 9.457033438853742723e-09 9.459887952658162953e-09 9.397979840270409021e-09 9.487365182115646889e-09 9.433612469862244338e-09 9.333609023640306245e-09 9.445925219443877870e-09 9.333473973502550031e-09 9.490343711069727660e-09 9.517481343494047997e-09 9.277967802097788026e-09 9.453320400542519544e-09 9.488725356255100848e-09 9.421934724387755041e-09 9.366586459721936582e-09 9.398910308857142138e-09 9.435548178660716328e-09 9.370262702891153298e-09 9.462104187214284909e-09 9.484340501722787364e-09 9.488288312864795540e-09 9.412557655993196598e-09 9.355765507274657327e-09 9.312049971613944338e-09 9.448240998665814277e-09 9.401151286899658930e-09 9.487673266944728236e-09 9.431366852393705701e-09 9.462581598307820806e-09 9.358952984646256820e-09 9.526977544426870789e-09 9.490750570305273470e-09 9.508277520366495899e-09 9.469871035273810279e-09 9.462202055321427923e-09 9.552630576277212053e-09 9.486454049168368847e-09 9.355537887941325761e-09 9.470888712748299312e-09 9.413542692143708798e-09 9.503733248920916856e-09
9.364777605329081378e-09 9.442407692391156345e-09 9.510981549963435150e-09 9.404987708963433236e-09 9.408905665852040236e-09 9.351490857130102283e-09 9.433612469862244338e-09 9.385245021653060251e-09 9.287566707149658899e-09 9.394091643340135501e-09 9.287940833802720356e-09 9.439762452163264283e-09 9.463923425154762582e-09 9.234186306576529235e-09 9.402613176281461835e-09 9.436751922772105965e-09 9.372343135805270177e-09 9.319579982420067949e-09 9.349976405089285068e-09 9.385499541488093706e-09 9.324132076556121924e-09 9.411128778428569310e-09 9.431430608201533984e-09 9.437874107164114779e-09 9.363250676414966173e-09 9.308833231745746604e-09 9.267025853715986810e-09 9.396665680593537830e-09 9.352035047079081713e-09 9.436213633329932051e-09 9.383661604192177330e-09 9.412327584056120539e-09 9.313354061453228736e-09 9.472810929502550426e-09 9.438271585920066221e-09 9.453723070185372550e-09 9.416670837130951684e-09 9.412031224892855908e-09 9.499863339048467155e-09 9.434305791062927425e-09 9.309580817204080266e-09 9.418873064520406129e-09 9.363138164692179609e-09 9.452048095448979306e-09
9.267372567484268815e-09 9.340395694488945564e-09 9.409396242339711791e-09 9.306585190339710352e-09 9.310506869960882891e-09 9.257313764589710430e-09 9.333609023640306245e-09 9.287566707149658899e-09 9.195517235353742437e-09 9.295807523508505275e-09 9.194196380628400382e-09 9.341322890704080844e-09 9.362921728255952771e-09 9.143076205908163020e-09 9.303561583049745108e-09 9.337113446798468673e-09 9.275697904329507460e-09 9.224516489920916349e-09 9.254807823497022281e-09 9.287933359464284206e-09 9.229869154132651657e-09 9.312233382869049041e-09 9.331096284887331033e-09 9.338894758173894888e-09 9.266701554768708990e-09 9.214060688234267485e-09 9.174918126415815795e-09 9.297857420804422051e-09 9.256124429734267989e-09 9.337608619079084554e-09 9.287494170969384452e-09 9.313850991007652101e-09 9.220014326535291082e-09 9.370169424534436633e-09 9.338515335670919298e-09 9.351700752794217462e-09 9.316900394559521935e-09 9.313887770261906241e-09 9.398220727529335156e-09 9.334500101641156120e-09 9.215347532380100943e-09 9.319579831608842775e-09 9.265677668636053989e-09 9.352691628852888998e-09
9.375381922439625509e-09 9.455787432137753999e-09 9.524391447830781373e-09 9.417402938747447997e-09 9.420323808948979153e-09 9.359866232164115226e-09 9.445925219443877870e-09 9.394091643340135501e-09 9.295807523508505275e-09 9.407769828329931793e-09 9.295782178931972228e-09 9.450872717668366632e-09 9.476747446797619051e-09 9.241134279420065281e-09 9.413960931546769258e-09 9.448978525697277814e-09 9.382938961368199524e-09 9.328501307331631189e-09 9.360232679851189375e-09 9.395925719880951545e-09 9.332161731513606739e-09 9.422594048285712720e-09 9.444165365795067394e-09 9.448867348397108276e-09 9.373951347209183908e-09 9.317860194439625314e-09 9.274843137517008243e-09 9.408393698244896816e-09 9.362563282606293196e-09 9.447728031251699752e-09 9.392460598945576572e-09 9.423515396513604040e-09 9.321096324585882849e-09 9.485592931186221812e-09 9.450286662248298055e-09 9.467651711782311634e-09 9.429324224142854735e-09 9.422885242761904996e-09 9.512203913288262693e-09 9.445762304676871915e-09 9.316953264314624340e-09 9.430956586489794323e-09 9.373984768695578234e-09 9.463722052275510484e-09
9.267674376980016295e-09 9.341024162505102414e-09 9.409747673344813023e-09 9.306717881803146161e-09 9.310849697896257880e-09 9.257660943386478782e-09 9.333473973502550031e-09 9.287940833802720356e-09 9.194196380628400382e-09 9.295782178931972228e-09 9.196991503389455447e-09 9.341573985367345431e-09 9.362861261119046635e-09 9.144030218943025364e-09 9.304290383081206805e-09 9.337354317070577531e-09 9.276036258884775700e-09 9.226373632549318221e-09 9.255037763586309656e-09 9.288162714494048056e-09 9.231253974438775708e-09 9.312645792964284603e-09 9.331075851005528529e-09 9.339627095963012687e-09 9.267697132017006711e-09 9.213912891855014905e-09 9.175292762215135867e-09 9.297598416606292001e-09 9.256385523063348029e-09 9.338110158867344912e-09 9.288129836619896381e-09 9.314766075063774459e-09 9.220820984238516299e-09 9.371299782786991456e-09 9.339468856382652842e-09 9.351936748604591457e-09 9.317066828773809904e-09 9.314775285571429552e-09 9.399314834494471890e-09 9.334445825204081663e-09 9.216064976042518941e-09 9.319726772379250530e-09 9.266343540203231376e-09 9.352757485343535694e-09
9.419817057467687036e-09 9.500158982306120410e-09 9.568974896022108083e-09 9.462098093355440577e-09 9.465057766608843811e-09 9.405250981938775477e-09 9.490343711069727660e-09 9.439762452163264283e-09 9.341322890704080844e-09 9.450872717668366632e-09 9.341573985367345431e-09 9.496753042707481885e-09 9.521318985392856077e-09 9.286871928498299010e-09 9.458751080205783602e-09 9.493676579234692811e-09 9.427907405503401737e-09 9.373946525209185712e-09 9.405622314761905270e-09 9.441170963809524596e-09 9.378126123409861660e-09 9.467358044023807501e-09 9.488445257414968587e-09 9.494293645280610995e-09 9.418576120020406589e-09 9.363158358051020917e-09 9.320625838324827301e-09 9.452697208960885395e-09 9.407082557134351857e-09 9.492993836790813906e-09 9.438462810527211837e-09 9.468186968409860769e-09 9.367246649977888281e-09 9.530441695552719837e-09 9.495028609125852744e-09 9.511770534692180585e-09 9.473839694928570077e-09 9.468234180785713734e-09 9.557360293168369771e-09 9.491165814744898412e-09 9.363183984967688042e-09 9.475805054588435223e-09 9.419054287277211702e-09 9.508803753195577831e-09
9.444936921699403472e-09 9.528990853738095419e-09 9.596466951014880623e-09 9.488101422806548607e-09 9.490390618380953816e-09 9.427583072723212636e-09 9.517481343494047997e-09 9.463923425154762582e-09 9.362921728255952771e-09 9.476747446797619051e-09 9.362861261119046635e-09 9.521318985392856077e-09 9.550898109750000614e-09 9.306141245244045935e-09 9.485231799824404120e-09 9.520326612946428859e-09 9.452962202116071808e-09 9.395726080440474597e-09 9.428825960312501591e-09 9.466373414791666982e-09 9.399798795059525008e-09 9.493417870166666040e-09 9.515981401473213308e-09 9.519638202127975752e-09 9.442649664738095919e-09 9.386150352407737067e-09 9.341844843720237903e-09 9.479325068613095984e-09 9.431092038199405587e-09 9.518563996809525388e-09 9.461957062470238416e-09 9.493640754017857086e-09 9.388149891151785534e-09 9.558693897455357315e-09 9.521731393023809753e-09 9.540442334922619269e-09 9.500913382999998157e-09 9.492717572416665239e-09 9.584751724860118946e-09 9.518372082857142471e-09 9.385235329095237526e-09 9.501715501392856300e-09 9.444295655220238419e-09 9.535157816559523592e-09
9.213921785039539186e-09 9.283909198903911036e-09 9.352245616065050717e-09 9.251222551648382586e-09 9.256275139384352292e-09 9.206192372481717656e-09 9.277967802097788026e-09 9.234186306576529235e-09 9.143076205908163020e-09 9.241134279420065281e-09 9.144030218943025364e-09 9.286871928498299010e-09 9.306141245244045935e-09 9.096427595163264699e-09 9.248367422974063856e-09 9.282028916094386291e-09 9.222252543610967854e-09 9.173647354960032248e-09 9.201938928502973656e-09 9.234557985535714038e-09 9.179445265569727345e-09 9.257864506047617450e-09 9.275156311934099185e-09 9.284256322207056113e-09 9.214258168124148655e-09 9.162768373289540304e-09 9.125393389107993724e-09 9.242795856588434737e-09 9.203974233206208753e-09 9.283218929873298380e-09 9.234964036471087790e-09 9.260464795361393605e-09 9.170699650559947585e-09 9.313522612584608289e-09 9.283144963126699731e-09 9.294136450134352358e-09 9.261820517607142692e-09 9.260699572154760858e-09 9.342405728565898779e-09 9.278709806406462603e-09 9.164982936477039624e-09 9.264407411093536186e-09 9.212141683637754253e-09 9.297750996099489359e-09
9.383376857319725112e-09 9.463973466647532820e-09 9.532615627420492972e-09 9.424961254857993766e-09 9.428318361118195679e-09 9.367510600982991075e-09 9.453320400542519544e-09 9.402613176281461835e-09 9.303561583049745108e-09 9.413960931546769258e-09 9.304290383081206805e-09 9.458751080205783602e-09 9.485231799824404120e-09 9.248367422974063856e-09 9.423930781534013380e-09 9.456817828662413457e-09 9.390707978926869875e-09 9.336130209606716981e-09 9.367348202952380244e-09 9.404329308616070544e-09 9.340562084604592298e-09 9.430795396863095707e-09 9.452312008828230073e-09 9.457125556862668613e-09 9.381235964019556341e-09 9.325914639965560022e-09 9.282704710557821964e-09 9.416321325111819946e-09 9.369456747319726598e-09 9.455322088809949710e-09 9.400878383769131725e-09 9.431468977312924778e-09 9.329082076933673283e-09 9.494221866366495602e-09 9.457890776440050866e-09 9.475644015847361714e-09 9.437110964577379314e-09 9.430825089857143466e-09 9.520515791796768000e-09 9.454639524068026139e-09 9.324675206257227412e-09 9.438780107931970946e-09 9.382067292977465744e-09 9.471703829899234282e-09
9.417494683710032513e-09 9.499285009635205991e-09 9.567849593564622595e-09 9.459639227606295129e-09 9.462705228542517624e-09 9.401304146189628358e-09 9.488725356255100848e-09 9.436751922772105965e-09 9.337113446798468673e-09 9.448978525697277814e-09 9.337354317070577531e-09 9.493676579234692811e-09 9.520326612946428859e-09 9.282028916094386291e-09 9.456817828662413457e-09 9.492600821724488780e-09 9.425076019602887896e-09 9.370462250223638015e-09 9.401901363922617260e-09 9.438657492113093612e-09 9.373965859710883634e-09 9.465263493511904977e-09 9.487149442511053830e-09 9.491899223301018616e-09 9.415687801700679516e-09 9.359957941251699560e-09 9.316472843846935810e-09 9.451052860420918167e-09 9.404221749793366724e-09 9.490403761109693835e-09 9.435095961364794671e-09 9.466014936377550434e-09 9.362698747060372110e-09 9.529283118157312332e-09 9.492984777640304993e-09 9.510927962334183712e-09 9.472178301964285261e-09 9.465413170892856011e-09 9.555734490488944381e-09 9.488984905991495776e-09 9.359316934043365614e-09 9.473607057508504343e-09 9.416311755948129086e-09 9.506998530812075690e-09
9.353147914212586121e-09 9.431075815463011180e-09 9.499218321390731488e-09 9.393390401703231561e-09 9.397143604189625949e-09 9.339693739578231098e-09 9.421934724387755041e-09 9.372343135805270177e-09 9.275697904329507460e-09 9.382938961368199524e-09 9.276036258884775700e-09 9.427907405503401737e-09 9.452962202116071808e-09 9.222252543610967854e-09 9.390707978926869875e-09 9.425076019602887896e-09 9.362164389153060704e-09 9.307635713017430016e-09 9.338483857285714380e-09 9.373995115907738850e-09 9.312349681152211541e-09 9.399569913113095736e-09 9.419367728756802891e-09 9.425823038690052301e-09 9.352056386460034155e-09 9.297395125066751269e-09 9.255616474867346749e-09 9.384771031927296381e-09 9.340521749712584164e-09 9.424807909315901618e-09 9.371848559453655323e-09 9.400808827193876508e-09 9.301370562755101756e-09 9.460861176830783447e-09 9.426917359267432077e-09 9.441682639627125369e-09 9.404819215410714731e-09 9.400135842773808990e-09 9.487828260368197121e-09 9.422879661603742496e-09 9.297693706525085135e-09 9.406798519896257745e-09 9.351456664911989863e-09 9.440091837488520166e-09
9.299613423969811233e-09 9.374759292027210342e-09 9.443445427123724066e-09 9.339011459248722600e-09 9.343338684391154901e-09 9.288176310082057946e-09 9.366586459721936582e-09 9.319579982420067949e-09 9.224516489920916349e-09 9.328501307331631189e-09 9.226373632549318221e-09 9.373946525209185712e-09 9.395726080440474597e-09 9.173647354960032248e-09 9.336130209606716981e-09 9.370462250223638015e-09 9.307635713017430016e-09 9.257980617790815016e-09 9.286029411050594335e-09 9.320029983065475139e-09 9.261783911173469113e-09 9.345146368892856279e-09 9.364326479022534421e-09 9.372022305990218631e-09 9.299276392896260432e-09 9.245276694678144859e-09 9.205208545050169260e-09 9.330327062497449050e-09 9.288178784553145803e-09 9.370362792375850193e-09 9.319497680514454156e-09 9.346715398048468703e-09 9.251126597292940845e-09 9.404687976926445634e-09 9.372113301290816204e-09 9.385547182599488249e-09 9.349402491738094364e-09 9.347116293797617723e-09 9.432533931310799025e-09 9.367075035838433360e-09 9.246725984615643683e-09 9.352304933328231397e-09 9.298060059597788290e-09 9.385322953471088617e-09
9.330141953535715289e-09 9.406705927026786496e-09 9.475098794544643477e-09 9.371478170565471318e-09 9.374338966267859796e-09 9.318385266023807665e-09 9.398910308857142138e-09 9.349976405089285068e-09 9.254807823497022281e-09 9.360232679851189375e-09 9.255037763586309656e-09 9.405622314761905270e-09 9.428825960312501591e-09 9.201938928502973656e-09 9.367348202952380244e-09 9.401901363922617260e-09 9.338483857285714380e-09 9.286029411050594335e-09 9.319173506333331176e-09 9.351354658854167961e-09 9.291179502886904602e-09 9.376046058958332619e-09 9.396109235857141649e-09 9.402929849842261485e-09 9.329836298005952685e-09 9.274548412848212950e-09 9.234655036619046347e-09 9.362008223110118399e-09 9.318379898369046127e-09 9.401916544449404131e-09 9.349707496473214952e-09 9.377077824345237510e-09 9.280846530142856480e-09 9.437035250470238168e-09 9.403707552217262214e-09 9.418587351830355299e-09 9.382803687291665919e-09 9.378281304166665913e-09 9.465012703601190152e-09 9.399535170404761994e-09 9.275963708556546331e-09 9.384588696428572177e-09 9.329026210431547016e-09 9.417563890907736894e-09
9.365987422157736943e-09 9.444827730863093864e-09 9.513256240014883137e-09 9.406552567514879388e-09 9.410635147380950333e-09 9.351953034598213693e-09 9.435548178660716328e-09 9.385499541488093706e-09 9.287933359464284206e-09 9.395925719880951545e-09 9.288162714494048056e-09 9.441170963809524596e-09 9.466373414791666982e-09 9.234557985535714038e-09 9.404329308616070544e-09 9.438657492113093612e-09 9.373995115907738850e-09 9.320029983065475139e-09 9.351354658854167961e-09 9.387867937499998482e-09 9.324757092559523078e-09 9.412899872083331790e-09 9.432975895014879991e-09 9.439149395461308612e-09 9.364611835238094420e-09 9.310072482157737615e-09 9.267294099553571265e-09 9.398372314821429238e-09 9.353274033407737899e-09 9.437611559851190998e-09 9.384634517261904745e-09 9.414027045684522953e-09 9.313735137693450700e-09 9.474858018080356538e-09 9.439608284732143148e-09 9.455852032380950803e-09 9.419281824583331681e-09 9.413313598333332338e-09 9.501583637901783856e-09 9.436109601190476141e-09 9.309919438303570468e-09 9.420683215059524881e-09 9.364773382678570342e-09 9.453901221517857660e-09
9.304200825199830334e-09 9.378196589948977481e-09 9.446887313218538719e-09 9.343765042385206435e-09 9.347684621454081390e-09 9.293533242801868998e-09 9.370262702891153298e-09 9.324132076556121924e-09 9.229869154132651657e-09 9.332161731513606739e-09 9.231253974438775708e-09 9.378126123409861660e-09 9.399798795059525008e-09 9.179445265569727345e-09 9.340562084604592298e-09 9.373965859710883634e-09 9.312349681152211541e-09 9.261783911173469113e-09 9.291179502886904602e-09 9.324757092559523078e-09 9.268667397278911624e-09 9.349501701607141774e-09 9.368255964111394802e-09 9.376202064119896726e-09 9.303910177746597838e-09 9.249981482283163576e-09 9.210834339931972692e-09 9.334563504770408859e-09 9.292616168116496314e-09 9.374111657159862088e-09 9.324483896301020401e-09 9.350510326445579499e-09 9.257256327614794852e-09 9.408324448380101401e-09 9.375743257006802880e-09 9.388552832704082996e-09 9.353804641428571204e-09 9.351420371369047760e-09 9.436227750888605288e-09 9.371031679625848518e-09 9.252239697908163834e-09 9.356530992874150103e-09 9.302671845884354035e-09 9.389684109064625913e-09
9.392301278529761979e-09 9.472526547011901337e-09 9.541401435255951226e-09 9.433320638505954451e-09 9.436814539035714372e-09 9.376015038005953627e-09 9.462104187214284909e-09 9.411128778428569310e-09 9.312233382869049041e-09 9.422594048285712720e-09 9.312645792964284603e-09 9.467358044023807501e-09 9.493417870166666040e-09 9.257864506047617450e-09 9.430795396863095707e-09 9.465263493511904977e-09 9.399569913113095736e-09 9.345146368892856279e-09 9.376046058958332619e-09 9.412899872083331790e-09 9.349501701607141774e-09 9.440574407666665562e-09 9.460687526755951792e-09 9.465769238601190025e-09 9.390070197178572215e-09 9.334854993196426868e-09 9.291633393154761496e-09 9.425205014595237146e-09 9.378484342529762704e-09 9.463930351273809877e-09 9.409755053988094217e-09 9.440233267857143200e-09 9.337926546494047467e-09 9.502820046398808493e-09 9.466634928142857363e-09 9.483782802035713991e-09 9.445623489249998581e-09 9.439268532833331912e-09 9.528775777910714311e-09 9.462903947559522803e-09 9.334393034154761247e-09 9.447552960023809634e-09 9.391051400904761244e-09 9.480393423107144024e-09
9.412309231852041490e-09 9.495028867966410967e-09 9.563272187856717375e-09 9.455517551169217812e-09 9.458055208759356750e-09 9.395232606210882768e-09 9.484340501722787364e-09 9.431430608201533984e-09 9.331096284887331033e-09 9.444165365795067394e-09 9.331075851005528529e-09 9.488445257414968587e-09 9.515981401473213308e-09 9.275156311934099185e-09 9.452312008828230073e-09 9.487149442511053830e-09 9.419367728756802891e-09 9.364326479022534421e-09 9.396109235857141649e-09 9.432975895014879991e-09 9.368255964111394802e-09 9.460687526755951792e-09 9.484663541996598780e-09 9.486878399123723040e-09 9.409948801415817007e-09 9.353697577622873631e-09 9.310314856482993903e-09 9.446807408692601145e-09 9.398882677518707620e-09 9.485201488977465901e-09 9.429025481783588121e-09 9.460329729319728712e-09 9.356847513289114834e-09 9.525249918897107700e-09 9.488544471439200640e-09 9.507011509946854201e-09 9.467334157648809567e-09 9.460048769821427755e-09 9.551340938711733479e-09 9.484738891739795627e-09 9.352913069997872846e-09 9.469090584260203205e-09 9.411480319908589543e-09 9.501479547578657072e-09
9.418323890059099946e-09 9.498407891833758078e-09 9.567278834870746776e-09 9.459483536558247203e-09 9.463011133289966799e-09 9.403156313599911456e-09 9.488288312864795540e-09 9.437874107164114779e-09 9.338894758173894888e-09 9.448867348397108276e-09 9.339627095963012687e-09 9.494293645280610995e-09 9.519638202127975752e-09 9.284256322207056113e-09 9.457125556862668613e-09 9.491899223301018616e-09 9.425823038690052301e-09 9.372022305990218631e-09 9.402929849842261485e-09 9.439149395461308612e-09 9.376202064119896726e-09 9.465769238601190025e-09 9.486878399123723040e-09 9.493442614772957546e-09 9.416244602640305882e-09 9.361148117621596812e-09 9.317974781514455231e-09 9.451299570720662675e-09 9.405188365225764805e-09 9.490682637259778437e-09 9.436464453207908236e-09 9.465953918703230670e-09 9.364629311691750389e-09 9.528853945331208419e-09 9.493177775656888323e-09 9.509960395019133007e-09 9.471637904196428625e-09 9.466007683214284556e-09 9.555426793084606886e-09 9.489224450683672434e-09 9.361011968892431223e-09 9.473815195399659824e-09 9.417262317582908562e-09 9.506819190146683075e-09
9.343709610150511207e-09 9.421472099653064303e-09 9.489760894844387547e-09 9.384599088427720649e-09 9.388161088887756063e-09 9.330756100761055115e-09 9.412557655993196598e-09 9.363250676414966173e-09 9.266701554768708990e-09 9.373951347209183908e-09 9.267697132017006711e-09 9.418576120020406589e-09 9.442649664738095919e-09 9.214258168124148655e-09 9.381235964019556341e-09 9.415687801700679516e-09 9.352056386460034155e-09 9.299276392896260432e-09 9.329836298005952685e-09 9.364611835238094420e-09 9.303910177746597838e-09 9.390070197178572215e-09 9.409948801415817007e-09 9.416244602640305882e-09 9.343959235343539343e-09 9.288046652817176329e-09 9.246649073537415873e-09 9.375653843688776090e-09 9.331597782733843454e-09 9.415891111603740690e-09 9.362547170263605198e-09 9.391573143579934700e-09 9.293216931155611085e-09 9.451368842359695660e-09 9.417492718062925433e-09 9.432275867804421561e-09 9.395931772547619160e-09 9.391423916559522887e-09 9.478615553334183812e-09 9.412819000705781788e-09 9.288697710358844931e-09 9.397896588627551328e-09 9.342435791180272906e-09 9.430732250806122307e-09
9.289264814292939535e-09 9.364318794528487498e-09 9.432424841506802581e-09 9.327715925569300509e-09 9.332549474594386853e-09 9.277375391444302026e-09 9.355765507274657327e-09 9.308833231745746604e-09 9.214060688234267485e-09 9.317860194439625314e-09 9.213912891855014905e-09 9.363158358051020917e-09 9.386150352407737067e-09 9.162768373289540304e-09 9.325914639965560022e-09 9.359957941251699560e-09 9.297395125066751269e-09 9.245276694678144859e-09 9.274548412848212950e-09 9.310072482157737615e-09 9.249981482283163576e-09 9.334854993196426868e-09 9.353697577622873631e-09 9.361148117621596812e-09 9.288046652817176329e-09 9.236257534480439990e-09 9.194347494218536322e-09 9.319854499284437502e-09 9.277145003792941594e-09 9.359301057571852980e-09 9.308356273263179158e-09 9.336251370616495639e-09 9.239787671847363307e-09 9.393558260607565896e-09 9.360436135094812516e-09 9.374925638948554205e-09 9.339287798160715143e-09 9.335791237107141589e-09 9.421553668668792195e-09 9.357192403472789554e-09 9.235941564792941905e-09 9.341621482110543706e-09 9.287569137388180015e-09 9.374717599994471669e-09
9.246748054093534812e-09 9.319030410436225475e-09 9.387469226012754664e-09 9.285767738554421790e-09 9.289813588671767412e-09 9.237951950971087016e-09 9.312049971613944338e-09 9.267025853715986810e-09 9.174918126415815795e-09 9.274843137517008243e-09 9.175292762215135867e-09 9.320625838324827301e-09 9.341844843720237903e-09 9.125393389107993724e-09 9.282704710557821964e-09 9.316472843846935810e-09 9.255616474867346749e-09 9.205208545050169260e-09 9.234655036619046347e-09 9.267294099553571265e-09 9.210834339931972692e-09 9.291633393154761496e-09 9.310314856482993903e-09 9.317974781514455231e-09 9.246649073537415873e-09 9.194347494218536322e-09 9.157512439414966029e-09 9.276876237733843299e-09 9.236229055676871236e-09 9.316947280199830344e-09 9.267801449230441859e-09 9.293252584515306670e-09 9.201604363778910659e-09 9.348769499110543455e-09 9.317907510633502482e-09 9.330106103380100434e-09 9.295933749702380962e-09 9.293708893273809196e-09 9.377349886683673499e-09 9.313568048365645301e-09 9.196595338218536465e-09 9.298382110467687081e-09 9.245255734647109971e-09 9.331790324247447820e-09
9.377580932284439175e-09 9.458378726206631285e-09 9.526497370371171453e-09 9.419559435454507369e-09 9.422486359756804057e-09 9.361684110537840884e-09 9.448240998665814277e-09 9.396665680593537830e-09 9.297857420804422051e-09 9.408393698244896816e-09 9.297598416606292001e-09 9.452697208960885395e-09 9.479325068613095984e-09 9.242795856588434737e-09 9.416321325111819946e-09 9.451052860420918167e-09 9.384771031927296381e-09 9.330327062497449050e-09 9.362008223110118399e-09 9.398372314821429238e-09 9.334563504770408859e-09 9.425205014595237146e-09 9.446807408692601145e-09 9.451299570720662675e-09 9.375653843688776090e-09 9.319854499284437502e-09 9.276876237733843299e-09 9.412406195200680504e-09 9.364205079951105222e-09 9.449611726502549734e-09 9.395270633001701624e-09 9.425425445812074708e-09 9.323191732670492630e-09 9.488506168237670243e-09 9.452532209914115441e-09 9.469608732590136037e-09 9.431375440630950323e-09 9.425227669726191939e-09 9.514392584974065094e-09 9.448277752015307767e-09 9.319442240721937056e-09 9.433038380401359767e-09 9.376646529001700048e-09 9.466089390621597180e-09
9.332432539772108788e-09 9.409517377403486574e-09 9.477676814485969152e-09 9.372834141381803582e-09 9.376647751427718272e-09 9.320204548423468132e-09 9.401151286899658930e-09 9.352035047079081713e-09 9.256124429734267989e-09 9.362563282606293196e-09 9.256385523063348029e-09 9.407082557134351857e-09 9.431092038199405587e-09 9.203974233206208753e-09 9.369456747319726598e-09 9.404221749793366724e-09 9.340521749712584164e-09 9.288178784553145803e-09 9.318379898369046127e-09 9.353274033407737899e-09 9.292616168116496314e-09 9.378484342529762704e-09 9.398882677518707620e-09 9.405188365225764805e-09 9.331597782733843454e-09 9.277145003792941594e-09 9.236229055676871236e-09 9.364205079951105222e-09 9.321521151605441183e-09 9.404063475363520404e-09 9.351314373679847236e-09 9.379912177908161890e-09 9.282348662909863539e-09 9.439048978211735187e-09 9.406226900886479059e-09 9.420539982948554501e-09 9.384169354077381761e-09 9.379795992857142982e-09 9.466631540106293378e-09 9.401131508472787692e-09 9.277920027667942189e-09 9.386018363860543274e-09 9.331213693054847254e-09 9.419489635452805942e-09
9.416509649613522271e-09 9.497599645806122177e-09 9.565928490042942219e-09 9.458970478751276286e-09 9.461912625108843384e-09 9.402079444334611957e-09 9.487673266944728236e-09 9.436213633329932051e-09 9.337608619079084554e-09 9.447728031251699752e-09 9.338110158867344912e-09 9.492993836790813906e-09 9.518563996809525388e-09 9.283218929873298380e-09 9.455322088809949710e-09 9.490403761109693835e-09 9.424807909315901618e-09 9.370362792375850193e-09 9.401916544449404131e-09 9.437611559851190998e-09 9.374111657159862088e-09 9.463930351273809877e-09 9.485201488977465901e-09 9.490682637259778437e-09 9.415891111603740690e-09 9.359301057571852980e-09 9.316947280199830344e-09 9.449611726502549734e-09 9.404063475363520404e-09 9.491472227290816310e-09 9.434522524485545136e-09 9.465211590284864957e-09 9.363767078123723627e-09 9.527319601073555545e-09 9.492713448459184051e-09 9.508836128067176220e-09 9.470784145428570549e-09 9.465162489869048773e-09 9.554133665439201535e-09 9.488010018494898431e-09 9.359365165134353966e-09 9.472405276755102012e-09 9.416012663152211085e-09 9.505573777612246558e-09
9.363291637429846130e-09 9.439931983329080009e-09 9.508626089105014800e-09 9.403424586188351485e-09 9.407318683350338373e-09 9.351648815355017086e-09 9.431366852393705701e-09 9.383661604192177330e-09 9.287494170969384452e-09 9.392460598945576572e-09 9.288129836619896381e-09 9.438462810527211837e-09 9.461957062470238416e-09 9.234964036471087790e-09 9.400878383769131725e-09 9.435095961364794671e-09 9.371848559453655323e-09 9.319497680514454156e-09 9.349707496473214952e-09 9.384634517261904745e-09 9.324483896301020401e-09 9.409755053988094217e-09 9.429025481783588121e-09 9.436464453207908236e-09 9.362547170263605198e-09 9.308356273263179158e-09 9.267801449230441859e-09 9.395270633001701624e-09 9.351314373679847236e-09 9.434522524485545136e-09 9.384188902295918059e-09 9.411084824426021049e-09 9.313840084019982500e-09 9.470278583250423978e-09 9.436755418847788547e-09 9.450904698350337942e-09 9.414751067619045798e-09 9.410862572857141786e-09 9.497583805299745943e-09 9.432575413163265362e-09 9.309657942742346726e-09 9.416908745170066675e-09 9.361938653962584756e-09 9.450653927283163084e-09
9.392893421241496099e-09 9.472554312657312649e-09 9.541437346551868323e-09 9.433835000510202338e-09 9.437450136870750223e-09 9.377935369676869581e-09 9.462581598307820806e-09 9.412327584056120539e-09 9.313850991007652101e-09 9.423515396513604040e-09 9.314766075063774459e-09 9.468186968409860769e-09 9.493640754017857086e-09 9.260464795361393605e-09 9.431468977312924778e-09 9.466014936377550434e-09 9.400808827193876508e-09 9.346715398048468703e-09 9.377077824345237510e-09 9.414027045684522953e-09 9.350510326445579499e-09 9.440233267857143200e-09 9.460329729319728712e-09 9.465953918703230670e-09 9.391573143579934700e-09 9.336251370616495639e-09 9.293252584515306670e-09 9.425425445812074708e-09 9.379912177908161890e-09 9.465211590284864957e-09 9.411084824426021049e-09 9.442669993112243668e-09 9.339792183656460759e-09 9.502581365671771013e-09 9.467171409715135094e-09 9.483614569579080024e-09 9.445959869345238528e-09 9.440504795535713783e-09 9.529075646513604736e-09 9.462924572542516341e-09 9.335852827699829679e-09 9.447551214540814927e-09 9.391190961926020417e-09 9.481400254272956997e-09
9.292921662159864275e-09 9.366284755230016417e-09 9.434627985553995673e-09 9.332230064949830588e-09 9.336305857621596579e-09 9.283892965241498022e-09 9.358952984646256820e-09 9.313354061453228736e-09 9.220014326535291082e-09 9.321096324585882849e-09 9.220820984238516299e-09 9.367246649977888281e-09 9.388149891151785534e-09 9.170699650559947585e-09 9.329082076933673283e-09 9.362698747060372110e-09 9.301370562755101756e-09 9.251126597292940845e-09 9.280846530142856480e-09 9.313735137693450700e-09 9.257256327614794852e-09 9.337926546494047467e-09 9.356847513289114834e-09 9.364629311691750389e-09 9.293216931155611085e-09 9.239787671847363307e-09 9.201604363778910659e-09 9.323191732670492630e-09 9.282348662909863539e-09 9.363767078123723627e-09 9.313840084019982500e-09 9.339792183656460759e-09 9.248243056591835436e-09 9.395938547162414475e-09 9.364633956959609579e-09 9.376986625642431125e-09 9.342745446684523227e-09 9.340674655011904288e-09 9.424769220502550845e-09 9.360063123950679828e-09 9.241751143222361869e-09 9.344956564715985323e-09 9.291590538061648740e-09 9.378478677355866275e-09
9.453640419211733943e-09 9.538588096916242195e-09 9.607068321691752640e-09 9.497535798129252636e-09 9.499723705460035889e-09 9.434792124837586501e-09 9.526977544426870789e-09 9.472810929502550426e-09 9.370169424534436633e-09 9.485592931186221812e-09 9.371299782786991456e-09 9.530441695552719837e-09 9.558693897455357315e-09 9.313522612584608289e-09 9.494221866366495602e-09 9.529283118157312332e-09 9.460861176830783447e-09 9.404687976926445634e-09 9.437035250470238168e-09 9.474858018080356538e-09 9.408324448380101401e-09 9.502820046398808493e-09 9.525249918897107700e-09 9.528853945331208419e-09 9.451368842359695660e-09 9.393558260607565896e-09 9.348769499110543455e-09 9.488506168237670243e-09 9.439048978211735187e-09 9.527319601073555545e-09 9.470278583250423978e-09 9.502581365671771013e-09 9.395938547162414475e-09 9.570029650814626678e-09 9.530967548926445156e-09 9.550270108522535711e-09 9.510321619553570699e-09 9.501701795119047637e-09 9.594056780144556412e-09 9.526935442649659823e-09 9.392820061940901237e-09 9.511385022100338874e-09 9.453033494292090907e-09 9.544232070686650228e-09
9.418897901469815954e-09 9.500809745693877969e-09 9.568810273123724260e-09 9.461624720332058196e-09 9.464229058891156583e-09 9.403666211915391640e-09 9.490750570305273470e-09 9.438271585920066221e-09 9.338515335670919298e-09 9.450286662248298055e-09 9.339468856382652842e-09 9.495028609125852744e-09 9.521731393023809753e-09 9.283144963126699731e-09 9.457890776440050866e-09 9.492984777640304993e-09 9.426917359267432077e-09 9.372113301290816204e-09 9.403707552217262214e-09 9.439608284732143148e-09 9.375743257006802880e-09 9.466634928142857363e-09 9.488544471439200640e-09 9.493177775656888323e-09 9.417492718062925433e-09 9.360436135094812516e-09 9.317907510633502482e-09 9.452532209914115441e-09 9.406226900886479059e-09 9.492713448459184051e-09 9.436755418847788547e-09 9.467171409715135094e-09 9.364633956959609579e-09 9.530967548926445156e-09 9.496538875957481845e-09 9.512267376266155296e-09 9.473451161988095922e-09 9.466897195214285344e-09 9.557129566560799329e-09 9.490630321088435384e-09 9.360741505948979301e-09 9.474722463161564053e-09 9.418502575347789421e-09 9.507990330054421437e-09
9.434888006948554195e-09 9.519963086691325719e-09 9.588815386149234284e-09 9.479270248732566733e-09 9.481152015734693612e-09 9.416371665065900338e-09 9.508277520366495899e-09 9.453723070185372550e-09 9.351700752794217462e-09 9.467651711782311634e-09 9.351936748604591457e-09 9.511770534692180585e-09 9.540442334922619269e-09 9.294136450134352358e-09 9.475644015847361714e-09 9.510927962334183712e-09 9.441682639627125369e-09 9.385547182599488249e-09 9.418587351830355299e-09 9.455852032380950803e-09 9.388552832704082996e-09 9.483782802035713991e-09 9.507011509946854201e-09 9.509960395019133007e-09 9.432275867804421561e-09 9.374925638948554205e-09 9.330106103380100434e-09 9.469608732590136037e-09 9.420539982948554501e-09 9.508836128067176220e-09 9.450904698350337942e-09 9.483614569579080024e-09 9.376986625642431125e-09 9.550270108522535711e-09 9.512267376266155296e-09 9.533670157734692387e-09 9.492137183309524103e-09 9.483445391928569428e-09 9.575994619553145907e-09 9.508613902653061366e-09 9.373213272677720569e-09 9.492613848930273020e-09 9.434243201850341892e-09 9.525739407007652510e-09
