4.774103610128050577e-08 4.794202412675880593e-08 4.816409574856797527e-08 4.787514152465648124e-08 4.795067728372032626e-08 4.751268899990992348e-08 4.803763028921739899e-08 4.766768294247489090e-08 4.723639615204561763e-08 4.781463700186804689e-08 4.730349055157472043e-08 4.788065431570838918e-08 4.813470408544597603e-08 4.715154973758833246e-08 4.781632401434435096e-08 4.799473625966685294e-08 4.768590656987299119e-08 4.760854686898729402e-08 4.751870217558512025e-08 4.775641457389943818e-08 4.742952928646201042e-08 4.789434176922602746e-08 4.791093226120180269e-08 4.788574589956504810e-08 4.766456037973323704e-08 4.740158864715976480e-08 4.742737198439014023e-08 4.778814481381009532e-08 4.767495534228878401e-08 4.805353555914487347e-08 4.765809025571254783e-08 4.778998970196087943e-08 4.736270461685502305e-08 4.819364298404189595e-08 4.796336587595761160e-08 4.813371622360167140e-08 4.800703888537661988e-08 4.778696628623867644e-08 4.816954844710739542e-08 4.791578043580027090e-08 4.739698935020457823e-08 4.775195516836920430e-08 4.773961020562712523e-08 4.796594189628449710e-08
4.794202412675880593e-08 4.814630989713000520e-08 4.836832436372792259e-08 4.807863034155053571e-08 4.815381850837901434e-08 4.771295927194954484e-08 4.824202356289637393e-08 4.786926495361029359e-08 4.743657778483923946e-08 4.801725144690705987e-08 4.750284085129265664e-08 4.808361143092646414e-08 4.833896406010544011e-08 4.735074660931777295e-08 4.801937329138350070e-08 4.819876214446348474e-08 4.788785687963681256e-08 4.780928001614308287e-08 4.772014097525666059e-08 4.795882441278603822e-08 4.763113354514830467e-08 4.809657419788010524e-08 4.811443593882138102e-08 4.808899460074515369e-08 4.786585520322634198e-08 4.760157928820562696e-08 4.762835347032108379e-08 4.799137203340864260e-08 4.787717679106212417e-08 4.825723831038453935e-08 4.786051368999182238e-08 4.799267238851468965e-08 4.756265137595732566e-08 4.839866281610602761e-08 4.816693563706505974e-08 4.833869427179408122e-08 4.820923433615808820e-08 4.798882987733375980e-08 4.837301551438268140e-08 4.812017872969038331e-08 4.759733878779356183e-08 4.795404199573847198e-08 4.794185523394168909e-08 4.816896000586989189e-08
4.816409574856797527e-08 4.836832436372792259e-08 4.859284375692291219e-08 4.830078857058908276e-08 4.837609303935233917e-08 4.793425980444850889e-08 4.846457339892636311e-08 4.809070451392133430e-08 4.765575785405297633e-08 4.824001522514997527e-08 4.772311415677368847e-08 4.830650780427499743e-08 4.856281268918421744e-08 4.756952076974420935e-08 4.824147337766534626e-08 4.842166671481347438e-08 4.810924018147450734e-08 4.803045314037662904e-08 4.794097665121186487e-08 4.818027814323123444e-08 4.785103123664393519e-08 4.831907360796673635e-08 4.833752238904300588e-08 4.831137015565452692e-08 4.808767912731212953e-08 4.782160905623852831e-08 4.784811629173899525e-08 4.821277527423050407e-08 4.809835767985984102e-08 4.848033414044601875e-08 4.808143127327955726e-08 4.821496502586215659e-08 4.778316150835276592e-08 4.862245498027749263e-08 4.838952401724320753e-08 4.856189369831513488e-08 4.843299824901868711e-08 4.821137983085793902e-08 4.859704229194289712e-08 4.834217601256582002e-08 4.781765575615147790e-08 4.817585773054554667e-08 4.816353599544457543e-08 4.839213616266613071e-08
4.787514152465648124e-08 4.807863034155053571e-08 4.830078857058908276e-08 4.801247955679766098e-08 4.808644257781299440e-08 4.764622304399481541e-08 4.817468862797513872e-08 4.780212961121423491e-08 4.737045089380505229e-08 4.795036292107461063e-08 4.743653981865169072e-08 4.801641903804886145e-08 4.827102994996224884e-08 4.728437979334236113e-08 4.795192255837676457e-08 4.813178808042678656e-08 4.782092577960201200e-08 4.774250385454889872e-08 4.765307735959649348e-08 4.789204120907095147e-08 4.756495666244259272e-08 4.802905686228593023e-08 4.804741568443286639e-08 4.802201015646415897e-08 4.779865692149799552e-08 4.753494306427848504e-08 4.756200241825576372e-08 4.792435197368265248e-08 4.780977112164489543e-08 4.819031220550010288e-08 4.779314800806964723e-08 4.792557883800292715e-08 4.749659003250027045e-08 4.833074673647254532e-08 4.809981229010054592e-08 4.827095783280142934e-08 4.814188711131861405e-08 4.792214472415237228e-08 4.830550652801609690e-08 4.805234960915635802e-08 4.753037111651313920e-08 4.788679059726729967e-08 4.787493011714924356e-08 4.810200789466576078e-08
4.795067728372032626e-08 4.815381850837901434e-08 4.837609303935233917e-08 4.808644257781299440e-08 4.816307625858263863e-08 4.772162695983771342e-08 4.824977729989287225e-08 4.787774050767919935e-08 4.744514409776981547e-08 4.802540383446522923e-08 4.751235738058470153e-08 4.809147636456858861e-08 4.834657445324963884e-08 4.736018779612064755e-08 4.802753141498013287e-08 4.820653947766702998e-08 4.789558608363047580e-08 4.781763213044881807e-08 4.772859085967159710e-08 4.796748642485256029e-08 4.763943238927815718e-08 4.810510451896579050e-08 4.812205377611500065e-08 4.809698138890813781e-08 4.787522996433147973e-08 4.761086448792475136e-08 4.763757167394862516e-08 4.799915441281962672e-08 4.788573696875225477e-08 4.826511760140017210e-08 4.786912199376075122e-08 4.800053321605895480e-08 4.757104791569617894e-08 4.840595581776231989e-08 4.817500476657966106e-08 4.834593697930591774e-08 4.821799694190493944e-08 4.799723773344264838e-08 4.838171361582065383e-08 4.812821159417629828e-08 4.760601768521667800e-08 4.796324435418115155e-08 4.795003397958859061e-08 4.817696304599508679e-08
4.751268899990992348e-08 4.771295927194954484e-08 4.793425980444850889e-08 4.764622304399481541e-08 4.772162695983771342e-08 4.728674410203921660e-08 4.780837725751029604e-08 4.744059070933781826e-08 4.701149630570883094e-08 4.758716502439796766e-08 4.707875397660745328e-08 4.765224960686934684e-08 4.790506545760415855e-08 4.692820477432195220e-08 4.758833282694565585e-08 4.776563823487837445e-08 4.745886604831539323e-08 4.738206910709981120e-08 4.729222942852572831e-08 4.752887825459101456e-08 4.720333448987489734e-08 4.766524416653318438e-08 4.768241659601602043e-08 4.765743504486479830e-08 4.743786732978656547e-08 4.717630391587427190e-08 4.720100711422061865e-08 4.755922963818956863e-08 4.744787599132442645e-08 4.782391782055736611e-08 4.743135937411789758e-08 4.756216151187188428e-08 4.713720561943809574e-08 4.796326156947590523e-08 4.773490108757334195e-08 4.790381931552040338e-08 4.777797014917127983e-08 4.755882222568544245e-08 4.793972331459211181e-08 4.768759039774601726e-08 4.717149471389561838e-08 4.752473706947263245e-08 4.751174914733695900e-08 4.773694366036624594e-08
4.803763028921739899e-08 4.824202356289637393e-08 4.846457339892636311e-08 4.817468862797513872e-08 4.824977729989287225e-08 4.780837725751029604e-08 4.833959233521885784e-08 4.796479758860343775e-08 4.753120774884721112e-08 4.811303882537300550e-08 4.759805718810056235e-08 4.817991649982947521e-08 4.843524544631591913e-08 4.744575666437824151e-08 4.811551932585084285e-08 4.829536119840315695e-08 4.798491940746609250e-08 4.790564378163749822e-08 4.781534758638354168e-08 4.805531271369198444e-08 4.772671727223679318e-08 4.819199593323451826e-08 4.821091730339995302e-08 4.818592504145287070e-08 4.796106374314593654e-08 4.769685215736430816e-08 4.772388288511135293e-08 4.808700314257972924e-08 4.797284668763692343e-08 4.835423156154852754e-08 4.795647427102115006e-08 4.808863228313797112e-08 4.765873713063144839e-08 4.849503610215631931e-08 4.826407540350450168e-08 4.843529959368492550e-08 4.830585043090084836e-08 4.808468982515632978e-08 4.846959210695553075e-08 4.821657445353490844e-08 4.769212109362624753e-08 4.804956075446312734e-08 4.803789706646254610e-08 4.826531090960474208e-08
4.766768294247489090e-08 4.786926495361029359e-08 4.809070451392133430e-08 4.780212961121423491e-08 4.787774050767919935e-08 4.744059070933781826e-08 4.796479758860343775e-08 4.759664537950676784e-08 4.716496393954651831e-08 4.774176046759968915e-08 4.723193386637879348e-08 4.780801173140571101e-08 4.806129619658596206e-08 4.708078429789694185e-08 4.774376377148977896e-08 4.792210934879853491e-08 4.761375321001286859e-08 4.753647807687791116e-08 4.744619673904787640e-08 4.768405651976114483e-08 4.735735369560672505e-08 4.782189418020507729e-08 4.783801813808003582e-08 4.781361895223859955e-08 4.759264609660528659e-08 4.733074357350296953e-08 4.735516422653447068e-08 4.771537185590316553e-08 4.760262720352785891e-08 4.798037898561731624e-08 4.758609202274363828e-08 4.771751393309640928e-08 4.729071552920292005e-08 4.812025705981386945e-08 4.789103364000921013e-08 4.806060774974676616e-08 4.793381218990186574e-08 4.771365150641072854e-08 4.809617773026720176e-08 4.784387245943821484e-08 4.732496820846208583e-08 4.767953802250957542e-08 4.766693652155017308e-08 4.789259699553336832e-08
4.723639615204561763e-08 4.743657778483923946e-08 4.765575785405297633e-08 4.737045089380505229e-08 4.744514409776981547e-08 4.701149630570883094e-08 4.753120774884721112e-08 4.716496393954651831e-08 4.673956244815240670e-08 4.731062602345592304e-08 4.680480610418086261e-08 4.737512241909526428e-08 4.762692738486624127e-08 4.665563427481301068e-08 4.731225561218422069e-08 4.748867189496151938e-08 4.718301878067664308e-08 4.710646087206323354e-08 4.701786886747241028e-08 4.725327886123587887e-08 4.693015784757679314e-08 4.738827542888391515e-08 4.740544466612349411e-08 4.738095095251489638e-08 4.716224873167548586e-08 4.690241938560309686e-08 4.692774787607418371e-08 4.728403919928136634e-08 4.717279114020762784e-08 4.754680840598874197e-08 4.715627468444603532e-08 4.728596144979794210e-08 4.686304948657464861e-08 4.768504940739332612e-08 4.745772958250156359e-08 4.762630037234045897e-08 4.750006229642548805e-08 4.728207229422682958e-08 4.766152823484193800e-08 4.741134052554320945e-08 4.689730931232644762e-08 4.724934699116259081e-08 4.723606528477042327e-08 4.745965253219049409e-08
4.781463700186804689e-08 4.801725144690705987e-08 4.824001522514997527e-08 4.795036292107461063e-08 4.802540383446522923e-08 4.758716502439796766e-08 4.811303882537300550e-08 4.774176046759968915e-08 4.731062602345592304e-08 4.789125691619338993e-08 4.737801680012535545e-08 4.795577472477183793e-08 4.821035579697000152e-08 4.722636255292089163e-08 4.789178379226835956e-08 4.807031630201941213e-08 4.776036741090747504e-08 4.768257703866877297e-08 4.759375204340535923e-08 4.783168222568871832e-08 4.750460524265969679e-08 4.796770457928192311e-08 4.798688680998333063e-08 4.796065258892041885e-08 4.773964443769051949e-08 4.747551098417949651e-08 4.750138034486833125e-08 4.786224553209519593e-08 4.774963556701591870e-08 4.812825043363589636e-08 4.773352586360770776e-08 4.786498254048418606e-08 4.743716288692186805e-08 4.826926332410676268e-08 4.803879283167374260e-08 4.820912749957041967e-08 4.808168921210319443e-08 4.786184915903607742e-08 4.824450814623419816e-08 4.799154494572726496e-08 4.747163486863061880e-08 4.782708812800389392e-08 4.781424536253529865e-08 4.804134028992020284e-08
4.730349055157472043e-08 4.750284085129265664e-08 4.772311415677368847e-08 4.743653981865169072e-08 4.751235738058470153e-08 4.707875397660745328e-08 4.759805718810056235e-08 4.723193386637879348e-08 4.680480610418086261e-08 4.737801680012535545e-08 4.687380665450500309e-08 4.744296737563076574e-08 4.769411661721535990e-08 4.672357112410189499e-08 4.737917957484061473e-08 4.755509186320603939e-08 4.724986723666237878e-08 4.717339631580822277e-08 4.708491101863195462e-08 4.732004295677932994e-08 4.699672871360157411e-08 4.745491861804658714e-08 4.747225088503408464e-08 4.744781810744554436e-08 4.723016499083549697e-08 4.696963287342751781e-08 4.699419910688580156e-08 4.734940683213022284e-08 4.723881632975778583e-08 4.761271952059834491e-08 4.722345900560314558e-08 4.735280025948508546e-08 4.693051345800677390e-08 4.775141824982807585e-08 4.752437759382543142e-08 4.769189142835106257e-08 4.756763802873542392e-08 4.734998590386736479e-08 4.772861497184163023e-08 4.747839549992056622e-08 4.696443872283810144e-08 4.731613867041335209e-08 4.730259412315058978e-08 4.752651708531605116e-08
4.788065431570838918e-08 4.808361143092646414e-08 4.830650780427499743e-08 4.801641903804886145e-08 4.809147636456858861e-08 4.765224960686934684e-08 4.817991649982947521e-08 4.780801173140571101e-08 4.737512241909526428e-08 4.795577472477183793e-08 4.744296737563076574e-08 4.802274992897041009e-08 4.827707404719711245e-08 4.729036322841818558e-08 4.795766276768536558e-08 4.813671907002330313e-08 4.782694412390139614e-08 4.774834504533434081e-08 4.765915635279724972e-08 4.789708758295750203e-08 4.756974808893911545e-08 4.803448666430487999e-08 4.805290674723697797e-08 4.802747486287579467e-08 4.780477950895903880e-08 4.754045177261812072e-08 4.756684446224921402e-08 4.792894306773923345e-08 4.781517162967083965e-08 4.819512415186183282e-08 4.779891860184121860e-08 4.793157639618281224e-08 4.750251746791729898e-08 4.833595295281689499e-08 4.810501950408488675e-08 4.827591959001720964e-08 4.814804158601179560e-08 4.792778992085683136e-08 4.831089918667788160e-08 4.805819004920290011e-08 4.753651583242333457e-08 4.789191711812217198e-08 4.788042025247290447e-08 4.810727705311569659e-08
4.813470408544597603e-08 4.833896406010544011e-08 4.856281268918421744e-08 4.827102994996224884e-08 4.834657445324963884e-08 4.790506545760415855e-08 4.843524544631591913e-08 4.806129619658596206e-08 4.762692738486624127e-08 4.821035579697000152e-08 4.769411661721535990e-08 4.827707404719711245e-08 4.853394829398909497e-08 4.754107335332668689e-08 4.821209170825215857e-08 4.839169069649778990e-08 4.808041750264348078e-08 4.800169347419857757e-08 4.791227347470630445e-08 4.815094645841877211e-08 4.782184393020012383e-08 4.828951645962225442e-08 4.830775153293936106e-08 4.828196728779594234e-08 4.805844718605033637e-08 4.779252298210175048e-08 4.781898057674806218e-08 4.818341880758504428e-08 4.806934611235778518e-08 4.845088533440477735e-08 4.805234307311027165e-08 4.818595153765188001e-08 4.775412159234413014e-08 4.859270371717699795e-08 4.836002459334648555e-08 4.853258618137702675e-08 4.840356963271925119e-08 4.818162887493475661e-08 4.856748627258874516e-08 4.831355797114545515e-08 4.778888749083103462e-08 4.814649244399984569e-08 4.813458729326428451e-08 4.836259747120461543e-08
4.715154973758833246e-08 4.735074660931777295e-08 4.756952076974420935e-08 4.728437979334236113e-08 4.736018779612064755e-08 4.692820477432195220e-08 4.744575666437824151e-08 4.708078429789694185e-08 4.665563427481301068e-08 4.722636255292089163e-08 4.672357112410189499e-08 4.729036322841818558e-08 4.754107335332668689e-08 4.657571146095782152e-08 4.722753494139568805e-08 4.740270793077069086e-08 4.709897316399893102e-08 4.702332921314722452e-08 4.693406551672344922e-08 4.716912556527318843e-08 4.684658600837115673e-08 4.730248741145434268e-08 4.731959276525788366e-08 4.729566691111533890e-08 4.707881067523714244e-08 4.681998364712913795e-08 4.684376011819772573e-08 4.719717758419427197e-08 4.708798614265926100e-08 4.746017827923440337e-08 4.707306159535957682e-08 4.720101342897607853e-08 4.678016549690049219e-08 4.759802033284628860e-08 4.737235540650197024e-08 4.753930264473172415e-08 4.741470552019568264e-08 4.719785959332703317e-08 4.757540921967236560e-08 4.732626552903130649e-08 4.681469956989041677e-08 4.716486463754299400e-08 4.715069649514461592e-08 4.737399288192676928e-08
4.781632401434435096e-08 4.801937329138350070e-08 4.824147337766534626e-08 4.795192255837676457e-08 4.802753141498013287e-08 4.758833282694565585e-08 4.811551932585084285e-08 4.774376377148977896e-08 4.731225561218422069e-08 4.789178379226835956e-08 4.737917957484061473e-08 4.795766276768536558e-08 4.821209170825215857e-08 4.722753494139568805e-08 4.789399357919161974e-08 4.807226484374246252e-08 4.776253714133380355e-08 4.768424151462540150e-08 4.759545879977675821e-08 4.783346167168536164e-08 4.750650568607541967e-08 4.797002719478277416e-08 4.798839629577039217e-08 4.796288983347699070e-08 4.774081085234771119e-08 4.747724856107105932e-08 4.750359789921216235e-08 4.786462734599307586e-08 4.775165636178060886e-08 4.813035167829406220e-08 4.773552175029012567e-08 4.786677548563127122e-08 4.743868239397085603e-08 4.827115861380871180e-08 4.804071553659766006e-08 4.821132950342363921e-08 4.808332002552705568e-08 4.786322562666422888e-08 4.824604783976628382e-08 4.799386744293452538e-08 4.747307549119999628e-08 4.782856829148505972e-08 4.781583316855330221e-08 4.804268235786183155e-08
4.799473625966685294e-08 4.819876214446348474e-08 4.842166671481347438e-08 4.813178808042678656e-08 4.820653947766702998e-08 4.776563823487837445e-08 4.829536119840315695e-08 4.792210934879853491e-08 4.748867189496151938e-08 4.807031630201941213e-08 4.755509186320603939e-08 4.813671907002330313e-08 4.839169069649778990e-08 4.740270793077069086e-08 4.807226484374246252e-08 4.825244804923579987e-08 4.794092969495733960e-08 4.786209247520748467e-08 4.777238880093820554e-08 4.801201172595265157e-08 4.768365103146188403e-08 4.814924373075383715e-08 4.816785919147874238e-08 4.814225703736198911e-08 4.791839803295707970e-08 4.765389587014086702e-08 4.768068401892985671e-08 4.804397228604933366e-08 4.792952711994935919e-08 4.831070166280885536e-08 4.791305131959263814e-08 4.804559054247210046e-08 4.761549319008563644e-08 4.845174271521226015e-08 4.822049562959497068e-08 4.839178629793238317e-08 4.826250690034517595e-08 4.804190449942443978e-08 4.842620895550233191e-08 4.817265194064764589e-08 4.764951400597124192e-08 4.800638209142799108e-08 4.799452139528829678e-08 4.822228807918517859e-08
4.768590656987299119e-08 4.788785687963681256e-08 4.810924018147450734e-08 4.782092577960201200e-08 4.789558608363047580e-08 4.745886604831539323e-08 4.798491940746609250e-08 4.761375321001286859e-08 4.718301878067664308e-08 4.776036741090747504e-08 4.724986723666237878e-08 4.782694412390139614e-08 4.808041750264348078e-08 4.709897316399893102e-08 4.776253714133380355e-08 4.794092969495733960e-08 4.763430847456513152e-08 4.755609854445242053e-08 4.746476088534445734e-08 4.770291717903639163e-08 4.737627211371558354e-08 4.783886978890150988e-08 4.785714126485584535e-08 4.783286449529146335e-08 4.760966514100140896e-08 4.734813200981503126e-08 4.737346262740221926e-08 4.773384702214638779e-08 4.762119573525567971e-08 4.799995199399483180e-08 4.760493778482631644e-08 4.773640669051915397e-08 4.731001670408612845e-08 4.813900175664621576e-08 4.791031158199618593e-08 4.807997680402595781e-08 4.795248915516255110e-08 4.773231522393672236e-08 4.811467176179581868e-08 4.786247315353973396e-08 4.734305898160124474e-08 4.769733146451197145e-08 4.768579108637831283e-08 4.791171934668826812e-08
4.760854686898729402e-08 4.780928001614308287e-08 4.803045314037662904e-08 4.774250385454889872e-08 4.781763213044881807e-08 4.738206910709981120e-08 4.790564378163749822e-08 4.753647807687791116e-08 4.710646087206323354e-08 4.768257703866877297e-08 4.717339631580822277e-08 4.774834504533434081e-08 4.800169347419857757e-08 4.702332921314722452e-08 4.768424151462540150e-08 4.786209247520748467e-08 4.755609854445242053e-08 4.747917850352915963e-08 4.738706963444140033e-08 4.762497929827538763e-08 4.729858824597032760e-08 4.776142946333471932e-08 4.777825574156174599e-08 4.775423436400828027e-08 4.753256254641102037e-08 4.727197016913907105e-08 4.729601672157234014e-08 4.765524286139570439e-08 4.754357577283426293e-08 4.792114778820713108e-08 4.752721603756286922e-08 4.765814901737510761e-08 4.723272484332647817e-08 4.805984308436507824e-08 4.783165214478820815e-08 4.800090796328577838e-08 4.787440779831769003e-08 4.765451802742439643e-08 4.803635505972043991e-08 4.778355526822788526e-08 4.726643305693541421e-08 4.762010629288294931e-08 4.760746934913612628e-08 4.783336017800487170e-08
4.751870217558512025e-08 4.772014097525666059e-08 4.794097665121186487e-08 4.765307735959649348e-08 4.772859085967159710e-08 4.729222942852572831e-08 4.781534758638354168e-08 4.744619673904787640e-08 4.701786886747241028e-08 4.759375204340535923e-08 4.708491101863195462e-08 4.765915635279724972e-08 4.791227347470630445e-08 4.693406551672344922e-08 4.759545879977675821e-08 4.777238880093820554e-08 4.746476088534445734e-08 4.738706963444140033e-08 4.730003082918373595e-08 4.753554643109666130e-08 4.721081399372097649e-08 4.767076355337599911e-08 4.768934991028669413e-08 4.766374230039278978e-08 4.744437953763954160e-08 4.718132586483103363e-08 4.720810722336942993e-08 4.756646643066537898e-08 4.745433138080651040e-08 4.783034149030306771e-08 4.743835522319556555e-08 4.756912106616912479e-08 4.714333150645194142e-08 4.797024591105353781e-08 4.774098388122455219e-08 4.791069614231085288e-08 4.778404612055508359e-08 4.756527455189332056e-08 4.794591222821408493e-08 4.769529357143957654e-08 4.717808557782103932e-08 4.753098779254460459e-08 4.751869658970958476e-08 4.774342949826120914e-08
4.775641457389943818e-08 4.795882441278603822e-08 4.818027814323123444e-08 4.789204120907095147e-08 4.796748642485256029e-08 4.752887825459101456e-08 4.805531271369198444e-08 4.768405651976114483e-08 4.725327886123587887e-08 4.783168222568871832e-08 4.732004295677932994e-08 4.789708758295750203e-08 4.815094645841877211e-08 4.716912556527318843e-08 4.783346167168536164e-08 4.801201172595265157e-08 4.770291717903639163e-08 4.762497929827538763e-08 4.753554643109666130e-08 4.777414027667832909e-08 4.744710991334601151e-08 4.790955394169529471e-08 4.792788736603866192e-08 4.790279010792764916e-08 4.768116132431798710e-08 4.741822645922395558e-08 4.744454018769127589e-08 4.780452887125299941e-08 4.769181256699627209e-08 4.807025137558331945e-08 4.767579499871808219e-08 4.780654987314799644e-08 4.737942075992628107e-08 4.821011352297895270e-08 4.798089677396113997e-08 4.815059093491928642e-08 4.802293398473431373e-08 4.780306725888228567e-08 4.818573495471851569e-08 4.793342989971832138e-08 4.741355854454042365e-08 4.776872897601240952e-08 4.775626102898603797e-08 4.798242602541384972e-08
4.742952928646201042e-08 4.763113354514830467e-08 4.785103123664393519e-08 4.756495666244259272e-08 4.763943238927815718e-08 4.720333448987489734e-08 4.772671727223679318e-08 4.735735369560672505e-08 4.693015784757679314e-08 4.750460524265969679e-08 4.699672871360157411e-08 4.756974808893911545e-08 4.782184393020012383e-08 4.684658600837115673e-08 4.750650568607541967e-08 4.768365103146188403e-08 4.737627211371558354e-08 4.729858824597032760e-08 4.721081399372097649e-08 4.744710991334601151e-08 4.712350551454814673e-08 4.758130758324478153e-08 4.760009776326273597e-08 4.757506386937394192e-08 4.735480231578734852e-08 4.709346835025574089e-08 4.712020330167407594e-08 4.747760778269243757e-08 4.736523674421539311e-08 4.774121570953079627e-08 4.734981130884946097e-08 4.747963072799099657e-08 4.705541712268509654e-08 4.788046115371320701e-08 4.765204986814617772e-08 4.782114475505320419e-08 4.769390001257313009e-08 4.747638736570774093e-08 4.785581756029429490e-08 4.760570117868184861e-08 4.708922335053707503e-08 4.744194953880997533e-08 4.742925336390654185e-08 4.765401410463181831e-08
4.789434176922602746e-08 4.809657419788010524e-08 4.831907360796673635e-08 4.802905686228593023e-08 4.810510451896579050e-08 4.766524416653318438e-08 4.819199593323451826e-08 4.782189418020507729e-08 4.738827542888391515e-08 4.796770457928192311e-08 4.745491861804658714e-08 4.803448666430487999e-08 4.828951645962225442e-08 4.730248741145434268e-08 4.797002719478277416e-08 4.814924373075383715e-08 4.783886978890150988e-08 4.776142946333471932e-08 4.767076355337599911e-08 4.790955394169529471e-08 4.758130758324478153e-08 4.804986514578003155e-08 4.806486988474090377e-08 4.804009323737683291e-08 4.781780703622318511e-08 4.755453645183213885e-08 4.757966314115704970e-08 4.794231339073959797e-08 4.782860786512479160e-08 4.820808721062538507e-08 4.781097951291377384e-08 4.794361736044450386e-08 4.751424280538464383e-08 4.834902906083680902e-08 4.811788999115585022e-08 4.828905079897864317e-08 4.816122933663111662e-08 4.794014634738949141e-08 4.832448148154276439e-08 4.807047562516195317e-08 4.754896949970957326e-08 4.790568841435878893e-08 4.789274379782307090e-08 4.811984629934396544e-08
4.791093226120180269e-08 4.811443593882138102e-08 4.833752238904300588e-08 4.804741568443286639e-08 4.812205377611500065e-08 4.768241659601602043e-08 4.821091730339995302e-08 4.783801813808003582e-08 4.740544466612349411e-08 4.798688680998333063e-08 4.747225088503408464e-08 4.805290674723697797e-08 4.830775153293936106e-08 4.731959276525788366e-08 4.798839629577039217e-08 4.816785919147874238e-08 4.785714126485584535e-08 4.777825574156174599e-08 4.768934991028669413e-08 4.792788736603866192e-08 4.760009776326273597e-08 4.806486988474090377e-08 4.808427066288895961e-08 4.805808044171405498e-08 4.783501082777045956e-08 4.757019085836473549e-08 4.759718709148063301e-08 4.795984833460198768e-08 4.784592629645954630e-08 4.822614315537173041e-08 4.782922852220146085e-08 4.796190025089540488e-08 4.753260639128616159e-08 4.836735866059631758e-08 4.813624637351739662e-08 4.830726475162082193e-08 4.817864139316413872e-08 4.795813468741510206e-08 4.834177436537100803e-08 4.808888851117157102e-08 4.756637109591000355e-08 4.792270034765483509e-08 4.791105449907817389e-08 4.813823671463343219e-08
4.788574589956504810e-08 4.808899460074515369e-08 4.831137015565452692e-08 4.802201015646415897e-08 4.809698138890813781e-08 4.765743504486479830e-08 4.818592504145287070e-08 4.781361895223859955e-08 4.738095095251489638e-08 4.796065258892041885e-08 4.744781810744554436e-08 4.802747486287579467e-08 4.828196728779594234e-08 4.729566691111533890e-08 4.796288983347699070e-08 4.814225703736198911e-08 4.783286449529146335e-08 4.775423436400828027e-08 4.766374230039278978e-08 4.790279010792764916e-08 4.757506386937394192e-08 4.804009323737683291e-08 4.805808044171405498e-08 4.803348774994276557e-08 4.780974559555612859e-08 4.754653885644982330e-08 4.757251964502449055e-08 4.793464114295879975e-08 4.782096460873897176e-08 4.820112589296236858e-08 4.780426171421885901e-08 4.793649519543614571e-08 4.750782753749568084e-08 4.834130542504747625e-08 4.811107796010046491e-08 4.828170517393522174e-08 4.815336965024656997e-08 4.793241218587025732e-08 4.831656965253521041e-08 4.806378305886265523e-08 4.754114905105375270e-08 4.789775050146353201e-08 4.788580791132601446e-08 4.811250811184026242e-08
4.766456037973323704e-08 4.786585520322634198e-08 4.808767912731212953e-08 4.779865692149799552e-08 4.787522996433147973e-08 4.743786732978656547e-08 4.796106374314593654e-08 4.759264609660528659e-08 4.716224873167548586e-08 4.773964443769051949e-08 4.723016499083549697e-08 4.780477950895903880e-08 4.805844718605033637e-08 4.707881067523714244e-08 4.774081085234771119e-08 4.791839803295707970e-08 4.760966514100140896e-08 4.753256254641102037e-08 4.744437953763954160e-08 4.768116132431798710e-08 4.735480231578734852e-08 4.781780703622318511e-08 4.783501082777045956e-08 4.780974559555612859e-08 4.759108919284009776e-08 4.732745323227046281e-08 4.735286928747407704e-08 4.771182990510336794e-08 4.760003801977264902e-08 4.797658761240835866e-08 4.758354775055299180e-08 4.771456260668536997e-08 4.728773269243375129e-08 4.811679758353035259e-08 4.788732911299899901e-08 4.805679627835548689e-08 4.793084325033103240e-08 4.771078644224825072e-08 4.809338190774156373e-08 4.784140214371799969e-08 4.732267486370937322e-08 4.767743146266000929e-08 4.766441798669346652e-08 4.788946735157774656e-08
4.740158864715976480e-08 4.760157928820562696e-08 4.782160905623852831e-08 4.753494306427848504e-08 4.761086448792475136e-08 4.717630391587427190e-08 4.769685215736430816e-08 4.733074357350296953e-08 4.690241938560309686e-08 4.747551098417949651e-08 4.696963287342751781e-08 4.754045177261812072e-08 4.779252298210175048e-08 4.681998364712913795e-08 4.747724856107105932e-08 4.765389587014086702e-08 4.734813200981503126e-08 4.727197016913907105e-08 4.718132586483103363e-08 4.741822645922395558e-08 4.709346835025574089e-08 4.755453645183213885e-08 4.757019085836473549e-08 4.754653885644982330e-08 4.732745323227046281e-08 4.706802342883124709e-08 4.709136794716528706e-08 4.744806373552671700e-08 4.733723945965487199e-08 4.771209388525970683e-08 4.732107809011594352e-08 4.745044655243568356e-08 4.702720186800321594e-08 4.785064767797248932e-08 4.762348574958235072e-08 4.779149008740077532e-08 4.766623592861481003e-08 4.744722429660707552e-08 4.782779126216721171e-08 4.757649714137208019e-08 4.706124632784436628e-08 4.741450013281597464e-08 4.740036406217458522e-08 4.762494091874276851e-08
4.742737198439014023e-08 4.762835347032108379e-08 4.784811629173899525e-08 4.756200241825576372e-08 4.763757167394862516e-08 4.720100711422061865e-08 4.772388288511135293e-08 4.735516422653447068e-08 4.692774787607418371e-08 4.750138034486833125e-08 4.699419910688580156e-08 4.756684446224921402e-08 4.781898057674806218e-08 4.684376011819772573e-08 4.750359789921216235e-08 4.768068401892985671e-08 4.737346262740221926e-08 4.729601672157234014e-08 4.720810722336942993e-08 4.744454018769127589e-08 4.712020330167407594e-08 4.757966314115704970e-08 4.759718709148063301e-08 4.757251964502449055e-08 4.735286928747407704e-08 4.709136794716528706e-08 4.711843811975951294e-08 4.747551111508565918e-08 4.736347370879799800e-08 4.773882654993727157e-08 4.734711452445569291e-08 4.747693397965688352e-08 4.705247343974725142e-08 4.787772070702886033e-08 4.764969941005919783e-08 4.781849811914222337e-08 4.769186424670987099e-08 4.747350913814080122e-08 4.785392493343125598e-08 4.760342030862397940e-08 4.708658986708937195e-08 4.744014086611921833e-08 4.742729134279365330e-08 4.765121549134149210e-08
4.778814481381009532e-08 4.799137203340864260e-08 4.821277527423050407e-08 4.792435197368265248e-08 4.799915441281962672e-08 4.755922963818956863e-08 4.808700314257972924e-08 4.771537185590316553e-08 4.728403919928136634e-08 4.786224553209519593e-08 4.734940683213022284e-08 4.792894306773923345e-08 4.818341880758504428e-08 4.719717758419427197e-08 4.786462734599307586e-08 4.804397228604933366e-08 4.773384702214638779e-08 4.765524286139570439e-08 4.756646643066537898e-08 4.780452887125299941e-08 4.747760778269243757e-08 4.794231339073959797e-08 4.795984833460198768e-08 4.793464114295879975e-08 4.771182990510336794e-08 4.744806373552671700e-08 4.747551111508565918e-08 4.783796751197789540e-08 4.772331543830047526e-08 4.810285234175324000e-08 4.770599986211370731e-08 4.783852652393114116e-08 4.740948133475949331e-08 4.824323981150889898e-08 4.801224307806123434e-08 4.818355999238493085e-08 4.805463736256704920e-08 4.783423758886616188e-08 4.821800246775750344e-08 4.796546923631737509e-08 4.744357618144709169e-08 4.779965481108610653e-08 4.778839275632243867e-08 4.801426278756310795e-08
4.767495534228878401e-08 4.787717679106212417e-08 4.809835767985984102e-08 4.780977112164489543e-08 4.788573696875225477e-08 4.744787599132442645e-08 4.797284668763692343e-08 4.760262720352785891e-08 4.717279114020762784e-08 4.774963556701591870e-08 4.723881632975778583e-08 4.781517162967083965e-08 4.806934611235778518e-08 4.708798614265926100e-08 4.775165636178060886e-08 4.792952711994935919e-08 4.762119573525567971e-08 4.754357577283426293e-08 4.745433138080651040e-08 4.769181256699627209e-08 4.736523674421539311e-08 4.782860786512479160e-08 4.784592629645954630e-08 4.782096460873897176e-08 4.760003801977264902e-08 4.733723945965487199e-08 4.736347370879799800e-08 4.772331543830047526e-08 4.761134225975147942e-08 4.798829621214920971e-08 4.759412455459512235e-08 4.772514947723731158e-08 4.729783328465052475e-08 4.812824677211636871e-08 4.789869979095380515e-08 4.806893963574365128e-08 4.794124612764205961e-08 4.772100897590475867e-08 4.810406936846151976e-08 4.785214631238961305e-08 4.733254363133812578e-08 4.768792537974023845e-08 4.767497606232428791e-08 4.790027029726672783e-08
4.805353555914487347e-08 4.825723831038453935e-08 4.848033414044601875e-08 4.819031220550010288e-08 4.826511760140017210e-08 4.782391782055736611e-08 4.835423156154852754e-08 4.798037898561731624e-08 4.754680840598874197e-08 4.812825043363589636e-08 4.761271952059834491e-08 4.819512415186183282e-08 4.845088533440477735e-08 4.746017827923440337e-08 4.813035167829406220e-08 4.831070166280885536e-08 4.799995199399483180e-08 4.792114778820713108e-08 4.783034149030306771e-08 4.807025137558331945e-08 4.774121570953079627e-08 4.820808721062538507e-08 4.822614315537173041e-08 4.820112589296236858e-08 4.797658761240835866e-08 4.771209388525970683e-08 4.773882654993727157e-08 4.810285234175324000e-08 4.798829621214920971e-08 4.837035907372553032e-08 4.797100270333251787e-08 4.810429776208911224e-08 4.767356454364058244e-08 4.851063099162946317e-08 4.827918554624595707e-08 4.845097664348575569e-08 4.832186174339511066e-08 4.809987524151794245e-08 4.848580957527717329e-08 4.823136585827205284e-08 4.770717419057625975e-08 4.806491443522751772e-08 4.805376002238384251e-08 4.828109714473031791e-08
4.765809025571254783e-08 4.786051368999182238e-08 4.808143127327955726e-08 4.779314800806964723e-08 4.786912199376075122e-08 4.743135937411789758e-08 4.795647427102115006e-08 4.758609202274363828e-08 4.715627468444603532e-08 4.773352586360770776e-08 4.722345900560314558e-08 4.779891860184121860e-08 4.805234307311027165e-08 4.707306159535957682e-08 4.773552175029012567e-08 4.791305131959263814e-08 4.760493778482631644e-08 4.752721603756286922e-08 4.743835522319556555e-08 4.767579499871808219e-08 4.734981130884946097e-08 4.781097951291377384e-08 4.782922852220146085e-08 4.780426171421885901e-08 4.758354775055299180e-08 4.732107809011594352e-08 4.734711452445569291e-08 4.770599986211370731e-08 4.759412455459512235e-08 4.797100270333251787e-08 4.757848039008242727e-08 4.770846727733500423e-08 4.728205673879316535e-08 4.811098833049737599e-08 4.788192767886121746e-08 4.805152231341506033e-08 4.792416738909721354e-08 4.770491268607898008e-08 4.808660957185228819e-08 4.783529977850142117e-08 4.731671624041249610e-08 4.767096299279618525e-08 4.765787661786737853e-08 4.788355882036433185e-08
4.778998970196087943e-08 4.799267238851468965e-08 4.821496502586215659e-08 4.792557883800292715e-08 4.800053321605895480e-08 4.756216151187188428e-08 4.808863228313797112e-08 4.771751393309640928e-08 4.728596144979794210e-08 4.786498254048418606e-08 4.735280025948508546e-08 4.793157639618281224e-08 4.818595153765188001e-08 4.720101342897607853e-08 4.786677548563127122e-08 4.804559054247210046e-08 4.773640669051915397e-08 4.765814901737510761e-08 4.756912106616912479e-08 4.780654987314799644e-08 4.747963072799099657e-08 4.794361736044450386e-08 4.796190025089540488e-08 4.793649519543614571e-08 4.771456260668536997e-08 4.745044655243568356e-08 4.747693397965688352e-08 4.783852652393114116e-08 4.772514947723731158e-08 4.810429776208911224e-08 4.770846727733500423e-08 4.784126260845689511e-08 4.741237420311844260e-08 4.824451633081182522e-08 4.801410182146258903e-08 4.818496266092250956e-08 4.805690295488106653e-08 4.783671466458804082e-08 4.821973937385689451e-08 4.796752978897050155e-08 4.744668914255187117e-08 4.780145961784141887e-08 4.779021922026847621e-08 4.801630153337573165e-08
4.736270461685502305e-08 4.756265137595732566e-08 4.778316150835276592e-08 4.749659003250027045e-08 4.757104791569617894e-08 4.713720561943809574e-08 4.765873713063144839e-08 4.729071552920292005e-08 4.686304948657464861e-08 4.743716288692186805e-08 4.693051345800677390e-08 4.750251746791729898e-08 4.775412159234413014e-08 4.678016549690049219e-08 4.743868239397085603e-08 4.761549319008563644e-08 4.731001670408612845e-08 4.723272484332647817e-08 4.714333150645194142e-08 4.737942075992628107e-08 4.705541712268509654e-08 4.751424280538464383e-08 4.753260639128616159e-08 4.750782753749568084e-08 4.728773269243375129e-08 4.702720186800321594e-08 4.705247343974725142e-08 4.740948133475949331e-08 4.729783328465052475e-08 4.767356454364058244e-08 4.728205673879316535e-08 4.741237420311844260e-08 4.698943339573415739e-08 4.781215938887741129e-08 4.758473889639511720e-08 4.775291075548839434e-08 4.762730918144293042e-08 4.740909518217476912e-08 4.778824554148621925e-08 4.753764898113565894e-08 4.702236689710749692e-08 4.737431210707934235e-08 4.736214183302742238e-08 4.758661839851387276e-08
4.819364298404189595e-08 4.839866281610602761e-08 4.862245498027749263e-08 4.833074673647254532e-08 4.840595581776231989e-08 4.796326156947590523e-08 4.849503610215631931e-08 4.812025705981386945e-08 4.768504940739332612e-08 4.826926332410676268e-08 4.775141824982807585e-08 4.833595295281689499e-08 4.859270371717699795e-08 4.759802033284628860e-08 4.827115861380871180e-08 4.845174271521226015e-08 4.813900175664621576e-08 4.805984308436507824e-08 4.797024591105353781e-08 4.821011352297895270e-08 4.788046115371320701e-08 4.834902906083680902e-08 4.836735866059631758e-08 4.834130542504747625e-08 4.811679758353035259e-08 4.785064767797248932e-08 4.787772070702886033e-08 4.824323981150889898e-08 4.812824677211636871e-08 4.851063099162946317e-08 4.811098833049737599e-08 4.824451633081182522e-08 4.781215938887741129e-08 4.865306556671541686e-08 4.841970612974264220e-08 4.859255952757755374e-08 4.846251158429183859e-08 4.824053998659313001e-08 4.862699733316404318e-08 4.837246942110499589e-08 4.784661765291082834e-08 4.820531696063402367e-08 4.819355780215999617e-08 4.842184988842661682e-08
4.796336587595761160e-08 4.816693563706505974e-08 4.838952401724320753e-08 4.809981229010054592e-08 4.817500476657966106e-08 4.773490108757334195e-08 4.826407540350450168e-08 4.789103364000921013e-08 4.745772958250156359e-08 4.803879283167374260e-08 4.752437759382543142e-08 4.810501950408488675e-08 4.836002459334648555e-08 4.737235540650197024e-08 4.804071553659766006e-08 4.822049562959497068e-08 4.791031158199618593e-08 4.783165214478820815e-08 4.774098388122455219e-08 4.798089677396113997e-08 4.765204986814617772e-08 4.811788999115585022e-08 4.813624637351739662e-08 4.811107796010046491e-08 4.788732911299899901e-08 4.762348574958235072e-08 4.764969941005919783e-08 4.801224307806123434e-08 4.789869979095380515e-08 4.827918554624595707e-08 4.788192767886121746e-08 4.801410182146258903e-08 4.758473889639511720e-08 4.841970612974264220e-08 4.818971730516206456e-08 4.836010439653512351e-08 4.823130965690850710e-08 4.801019488840073283e-08 4.839478555471936107e-08 4.814155761448528892e-08 4.761847199791375277e-08 4.797546175946381829e-08 4.796347023199182404e-08 4.819072327066060248e-08
4.813371622360167140e-08 4.833869427179408122e-08 4.856189369831513488e-08 4.827095783280142934e-08 4.834593697930591774e-08 4.790381931552040338e-08 4.843529959368492550e-08 4.806060774974676616e-08 4.762630037234045897e-08 4.820912749957041967e-08 4.769189142835106257e-08 4.827591959001720964e-08 4.853258618137702675e-08 4.753930264473172415e-08 4.821132950342363921e-08 4.839178629793238317e-08 4.807997680402595781e-08 4.800090796328577838e-08 4.791069614231085288e-08 4.815059093491928642e-08 4.782114475505320419e-08 4.828905079897864317e-08 4.830726475162082193e-08 4.828170517393522174e-08 4.805679627835548689e-08 4.779149008740077532e-08 4.781849811914222337e-08 4.818355999238493085e-08 4.806893963574365128e-08 4.845097664348575569e-08 4.805152231341506033e-08 4.818496266092250956e-08 4.775291075548839434e-08 4.859255952757755374e-08 4.836010439653512351e-08 4.853277004051765694e-08 4.840236882564155079e-08 4.818048317095217022e-08 4.856673925408378521e-08 4.831271947828156452e-08 4.778734706888708968e-08 4.814556125881292425e-08 4.813387052279901624e-08 4.836188612374326488e-08
