2.746508692106462183e-08 2.768902205709693361e-08 2.778314238596471412e-08 2.763411180772703860e-08 2.758808314064031023e-08 2.730569680363392264e-08 2.770753898985884607e-08 2.750711875616496061e-08 2.722058316967729468e-08 2.759421061949191864e-08 2.723221829064795261e-08 2.757916458441922054e-08 2.776781788908289749e-08 2.702709104830399303e-08 2.756358802272491017e-08 2.768256852015857704e-08 2.741834366506504570e-08 2.734739059385629673e-08 2.741621660066879043e-08 2.751480712004933101e-08 2.727297761010926038e-08 2.753976189678315645e-08 2.760556444803614100e-08 2.760141332521598673e-08 2.741490741360926967e-08 2.724589023592729884e-08 2.717943137974829912e-08 2.747974115506461970e-08 2.744474374742985268e-08 2.763931862001828948e-08 2.741416638298682373e-08 2.749877511842431628e-08 2.720695135300807563e-08 2.776271048232440486e-08 2.760390768198895503e-08 2.778162820138903559e-08 2.765073110815944445e-08 2.752939114511564009e-08 2.776816144895366309e-08 2.765556373216368182e-08 2.727961930586308547e-08 2.757663881784524385e-08 2.746849620438563307e-08 2.767660374243579281e-08
2.768902205709693361e-08 2.792156924922873943e-08 2.801610730670748218e-08 2.786441976579889612e-08 2.781607198260628648e-08 2.752554932225298295e-08 2.793885070341326811e-08 2.773182076624744656e-08 2.743889475846386135e-08 2.782247416370662828e-08 2.745057670393026381e-08 2.780660923842048468e-08 2.800024924436394216e-08 2.724130744884140959e-08 2.779160514732695660e-08 2.791248004491496713e-08 2.764239888764964427e-08 2.756782240509694009e-08 2.763840232097194012e-08 2.774072680380314053e-08 2.749199652550765554e-08 2.776700306321641214e-08 2.783467913281463148e-08 2.783073372184480337e-08 2.763697022836182457e-08 2.746673552077636537e-08 2.739686500068494234e-08 2.770715050970110925e-08 2.767022559359269345e-08 2.786803758845450141e-08 2.763587542857397166e-08 2.772454658803232063e-08 2.742496566412669857e-08 2.799667368839286537e-08 2.783195323365009012e-08 2.801540094086478704e-08 2.787847183574956956e-08 2.775588603444431413e-08 2.799911645604506207e-08 2.788534410781844834e-08 2.749939253285713725e-08 2.780441305695536357e-08 2.769373674313053400e-08 2.790730808078912761e-08
2.778314238596471412e-08 2.801610730670748218e-08 2.811456677620663425e-08 2.796049278151445403e-08 2.791178466331675130e-08 2.762093704240178715e-08 2.803493530434736033e-08 2.782872646289072996e-08 2.753307841426105462e-08 2.791836946330909624e-08 2.754572537204804751e-08 2.790212878632015188e-08 2.809550654606121701e-08 2.733471202405782725e-08 2.788703715519559217e-08 2.800893869578826253e-08 2.773860412202849035e-08 2.766279796015219799e-08 2.773526187769387601e-08 2.783636807041878561e-08 2.758747421780697157e-08 2.786286539291197489e-08 2.793146034004590780e-08 2.792647045687713657e-08 2.773184036247363317e-08 2.756171747136521727e-08 2.749218487359906497e-08 2.780294631817303428e-08 2.776516719391454589e-08 2.796479598034651333e-08 2.773088521681463146e-08 2.781931651110628522e-08 2.751919150960757009e-08 2.809257351630655241e-08 2.792783921340433811e-08 2.811203674495875256e-08 2.797374835089498749e-08 2.785263827034695164e-08 2.809459619340264047e-08 2.798204485761606756e-08 2.759486342338095094e-08 2.789998171766071055e-08 2.778904924149022877e-08 2.800314491218239268e-08
2.763411180772703860e-08 2.786441976579889612e-08 2.796049278151445403e-08 2.781073322664795199e-08 2.776113468773469276e-08 2.747376864490773544e-08 2.788288256693281765e-08 2.767916289191836257e-08 2.738707242919770107e-08 2.776794585559141107e-08 2.739877339216453820e-08 2.775213338830994159e-08 2.794439600410459175e-08 2.719054285325849847e-08 2.773743390340008272e-08 2.785726298632058039e-08 2.759046412468494380e-08 2.751559739081037451e-08 2.758660473358120239e-08 2.768597319072152031e-08 2.744048045511990190e-08 2.771279794267516911e-08 2.777978420423469354e-08 2.777538094340900211e-08 2.758309437245322781e-08 2.741512283955186640e-08 2.734640106046002487e-08 2.765299692093537571e-08 2.761591278694514698e-08 2.781378840033589372e-08 2.758359784949234509e-08 2.767041240678400736e-08 2.737357929309608330e-08 2.794007400109226336e-08 2.777749413513604320e-08 2.795910820111097354e-08 2.782343316756971855e-08 2.770258843786351537e-08 2.794386693585884290e-08 2.783066828877380054e-08 2.744765772753274019e-08 2.774986348644644201e-08 2.763964956598935290e-08 2.785167084358503103e-08
2.758808314064031023e-08 2.781607198260628648e-08 2.791178466331675130e-08 2.776113468773469276e-08 2.771480104588519728e-08 2.742781692713095039e-08 2.783503618828784290e-08 2.763140968017942007e-08 2.734162241463903186e-08 2.771993388125850252e-08 2.735307874626530727e-08 2.770483381998086423e-08 2.789557073790943031e-08 2.714563731523043544e-08 2.768962718680273243e-08 2.780943544311267426e-08 2.754257348175170936e-08 2.746997061595280780e-08 2.753995853143197202e-08 2.763934955092176536e-08 2.739475401723257674e-08 2.766462836818877825e-08 2.773227397121853954e-08 2.772701406715092767e-08 2.753770900769090170e-08 2.736817058493071021e-08 2.730052592580441553e-08 2.760529457382779297e-08 2.756898449757824042e-08 2.776582735285245856e-08 2.753656296135927678e-08 2.762273109269259108e-08 2.732816338311650327e-08 2.789128106609821106e-08 2.772958251499957549e-08 2.791014634571768525e-08 2.777601840412712431e-08 2.765472392215347653e-08 2.789529856889967180e-08 2.778243413101191235e-08 2.740210684496427790e-08 2.770245082982738870e-08 2.759285183249319969e-08 2.780372796190858558e-08
2.730569680363392264e-08 2.752554932225298295e-08 2.762093704240178715e-08 2.747376864490773544e-08 2.742781692713095039e-08 2.715259237312499532e-08 2.754505041814880818e-08 2.735084113666368729e-08 2.706680406302380788e-08 2.743415322063690746e-08 2.707865403569642284e-08 2.741908895757738133e-08 2.760408624924404832e-08 2.687649477548512362e-08 2.740405939814880700e-08 2.752161313711606455e-08 2.726173478209820784e-08 2.719197788882141913e-08 2.726162104609227504e-08 2.735608999012797574e-08 2.711947631871726172e-08 2.738064673313094300e-08 2.744449310511012409e-08 2.743959504950298720e-08 2.725767691230060869e-08 2.709102813896130357e-08 2.702753526539285559e-08 2.732083071584225662e-08 2.728648119053868646e-08 2.747900033500595515e-08 2.725843445764880874e-08 2.734028374475297724e-08 2.705437106642559533e-08 2.759854555783333197e-08 2.744376006651189605e-08 2.761764421719643836e-08 2.748973982694047822e-08 2.737004721459822380e-08 2.760554058841368940e-08 2.749431353077082785e-08 2.712596678972915659e-08 2.741625261720832457e-08 2.730978297329464400e-08 2.751393988095536062e-08
2.770753898985884607e-08 2.793885070341326811e-08 2.803493530434736033e-08 2.788288256693281765e-08 2.783503618828784290e-08 2.754505041814880818e-08 2.795785432709778454e-08 2.775106820335459132e-08 2.745842918016921958e-08 2.784107550038222382e-08 2.747001850996300807e-08 2.782518613855144143e-08 2.801846125109905382e-08 2.726049407502295145e-08 2.781041382392814319e-08 2.793115215475722336e-08 2.766168551846811459e-08 2.758734671200469072e-08 2.765822597650468030e-08 2.775967540050850847e-08 2.751178785645706235e-08 2.778567250427295162e-08 2.785374311182950495e-08 2.784922515627933473e-08 2.765606922876956522e-08 2.748603476444003810e-08 2.741689705627125761e-08 2.772574078890050972e-08 2.768844786567900420e-08 2.788725760444855043e-08 2.765515555405017168e-08 2.774300020650850098e-08 2.744412040970111080e-08 2.801496632783036323e-08 2.785047399101317246e-08 2.803391488427253288e-08 2.789734459307993497e-08 2.777556103826276031e-08 2.801788104827721021e-08 2.790427819838095171e-08 2.751919244454464700e-08 2.782311536143452121e-08 2.771245278029421755e-08 2.792587182587542408e-08
2.750711875616496061e-08 2.773182076624744656e-08 2.782872646289072996e-08 2.767916289191836257e-08 2.763140968017942007e-08 2.735084113666368729e-08 2.775106820335459132e-08 2.755592875985969677e-08 2.726542073361649410e-08 2.763834661869812694e-08 2.727756720097746161e-08 2.762324353402295615e-08 2.781035203510033917e-08 2.707193744117347322e-08 2.760772219398256767e-08 2.772835624332312427e-08 2.746417176973128967e-08 2.739229312285246965e-08 2.746325658883163721e-08 2.755966279825637110e-08 2.731868050027508094e-08 2.758499555031930454e-08 2.765078006542942720e-08 2.764498673808971286e-08 2.745800968908758674e-08 2.729073486663733348e-08 2.722553569154719448e-08 2.752407546828995982e-08 2.748945031524361367e-08 2.768399769116453898e-08 2.745926517831887790e-08 2.754285390215220677e-08 2.725252666142686959e-08 2.780640474356546471e-08 2.764826348617134351e-08 2.782537048002211582e-08 2.769389679976828675e-08 2.757359225695747486e-08 2.781178936941623451e-08 2.769983387316071704e-08 2.732506626951784630e-08 2.762059878260714206e-08 2.751206453792899470e-08 2.771948018377635359e-08
2.722058316967729468e-08 2.743889475846386135e-08 2.753307841426105462e-08 2.738707242919770107e-08 2.734162241463903186e-08 2.706680406302380788e-08 2.745842918016921958e-08 2.726542073361649410e-08 2.698615539711564517e-08 2.734787196854293673e-08 2.699615527551062698e-08 2.733337057884608303e-08 2.751721231935202345e-08 2.679461124483246908e-08 2.731830402797874014e-08 2.743527750256377809e-08 2.717723665072107908e-08 2.710928362451062465e-08 2.717655852161479419e-08 2.727118278785076343e-08 2.703645308223384644e-08 2.729474021387413544e-08 2.735879382980570384e-08 2.735443918914243291e-08 2.717334215896300510e-08 2.700763817253231287e-08 2.694504199584566162e-08 2.723515346176061453e-08 2.720215382035757700e-08 2.739325406325806899e-08 2.717521674543409430e-08 2.725496833126742023e-08 2.697145916137371065e-08 2.751106918366369198e-08 2.735830413519472704e-08 2.753068939952848099e-08 2.740313192500552893e-08 2.728449741518239497e-08 2.751956577612245702e-08 2.740800287615177967e-08 2.704274270346130590e-08 2.733142824208035449e-08 2.722462284255314141e-08 2.742804803580399458e-08
2.759421061949191864e-08 2.782247416370662828e-08 2.791836946330909624e-08 2.776794585559141107e-08 2.771993388125850252e-08 2.743415322063690746e-08 2.784107550038222382e-08 2.763834661869812694e-08 2.734787196854293673e-08 2.772736299990986441e-08 2.735958088430442512e-08 2.771101308130697050e-08 2.790222143641412018e-08 2.715231698034480462e-08 2.769606027830783332e-08 2.781563933147236436e-08 2.754901951289031480e-08 2.747575225707525489e-08 2.754664248361692229e-08 2.764534854602508761e-08 2.740064913440561206e-08 2.767139874392814422e-08 2.773782813807101061e-08 2.773395043835842250e-08 2.754364578344728009e-08 2.737434266541794353e-08 2.730701765863561747e-08 2.761182695890858262e-08 2.757538791087075136e-08 2.777224436135969098e-08 2.754313143398341785e-08 2.762967662677508806e-08 2.733382938659011881e-08 2.789752424907142768e-08 2.773618261610032912e-08 2.791665508058419367e-08 2.778217916120662996e-08 2.766129221763137709e-08 2.790096644615943968e-08 2.778871704829463633e-08 2.740783275059523762e-08 2.770838655836310271e-08 2.759900062962627240e-08 2.780974648634396522e-08
2.723221829064795261e-08 2.745057670393026381e-08 2.754572537204804751e-08 2.739877339216453820e-08 2.735307874626530727e-08 2.707865403569642284e-08 2.747001850996300807e-08 2.727756720097746161e-08 2.699615527551062698e-08 2.735958088430442512e-08 2.700832332560629059e-08 2.734486289487755368e-08 2.752858421174957883e-08 2.680599858384567036e-08 2.732980621691242394e-08 2.744763073778358056e-08 2.718878884541921191e-08 2.712023515098128635e-08 2.718868487154379243e-08 2.728305821675764909e-08 2.704780867888009899e-08 2.730675649153315568e-08 2.737090854718197814e-08 2.736642574646598753e-08 2.718483549252592065e-08 2.701910802107313082e-08 2.695625716439413882e-08 2.724680138860627721e-08 2.721375621378400843e-08 2.740478932555993740e-08 2.718618149238265190e-08 2.726636476588265564e-08 2.698291837717473974e-08 2.752251762692856319e-08 2.737016358498894707e-08 2.754226966120152450e-08 2.741477135765944106e-08 2.729617719065731124e-08 2.753062469441196943e-08 2.742010506735119324e-08 2.705422102277975623e-08 2.734310876972024668e-08 2.723662659628147016e-08 2.743990171491496275e-08
2.757916458441922054e-08 2.780660923842048468e-08 2.790212878632015188e-08 2.775213338830994159e-08 2.770483381998086423e-08 2.741908895757738133e-08 2.782518613855144143e-08 2.762324353402295615e-08 2.733337057884608303e-08 2.771101308130697050e-08 2.734486289487755368e-08 2.769631314627805952e-08 2.788601354343282043e-08 2.713838380340646324e-08 2.768052803799489694e-08 2.780030613091113474e-08 2.753435501286138228e-08 2.746135381794005904e-08 2.753165989604421758e-08 2.763039109233418029e-08 2.738616618055611507e-08 2.765619431207312491e-08 2.772297156433503292e-08 2.771832951891751929e-08 2.752890910505613522e-08 2.736025579105442578e-08 2.729224843629379700e-08 2.759632984725255385e-08 2.756012802685330460e-08 2.775675307026359222e-08 2.752874053187584782e-08 2.761445284381334537e-08 2.732024559035968112e-08 2.788152133983928715e-08 2.772093872867006599e-08 2.790043401225850671e-08 2.776712838196215644e-08 2.764579523223043654e-08 2.788566866882356036e-08 2.777296961075893327e-08 2.739340183122322416e-08 2.769346307821428177e-08 2.758385521426275191e-08 2.779406300908546151e-08
2.776781788908289749e-08 2.800024924436394216e-08 2.809550654606121701e-08 2.794439600410459175e-08 2.789557073790943031e-08 2.760408624924404832e-08 2.801846125109905382e-08 2.781035203510033917e-08 2.751721231935202345e-08 2.790222143641412018e-08 2.752858421174957883e-08 2.788601354343282043e-08 2.808124997696258194e-08 2.731871302577253167e-08 2.787124705485501954e-08 2.799152261347661527e-08 2.772198231020365435e-08 2.764694031922874160e-08 2.771744125385374366e-08 2.781880026029846729e-08 2.757020412780314372e-08 2.784540869200169794e-08 2.791362717438860355e-08 2.790996535198597246e-08 2.771567749080314747e-08 2.754524916381036795e-08 2.747545227935033906e-08 2.778611943770790815e-08 2.774843592378486353e-08 2.794780757340050994e-08 2.771448898644430598e-08 2.780325908359012871e-08 2.750287544077338162e-08 2.807655863527678694e-08 2.791126211465221093e-08 2.809542770065136185e-08 2.795808952665561236e-08 2.783590815923937078e-08 2.807906620915093444e-08 2.796509737232142552e-08 2.757764546491071552e-08 2.788380494163095377e-08 2.777276275131036948e-08 2.798740784564200511e-08
2.702709104830399303e-08 2.724130744884140959e-08 2.733471202405782725e-08 2.719054285325849847e-08 2.714563731523043544e-08 2.687649477548512362e-08 2.726049407502295145e-08 2.707193744117347322e-08 2.679461124483246908e-08 2.715231698034480462e-08 2.680599858384567036e-08 2.713838380340646324e-08 2.731871302577253167e-08 2.660836849220067855e-08 2.712301277122534269e-08 2.723876557940731349e-08 2.698376640051063210e-08 2.691703490655399845e-08 2.698526083109566163e-08 2.707669420551105112e-08 2.684538570883375826e-08 2.710014345772150739e-08 2.716216165031377744e-08 2.715813189369854943e-08 2.698053607964626271e-08 2.681686959533248381e-08 2.675539229756930132e-08 2.704063618944983100e-08 2.700831144592644673e-08 2.719698185755187803e-08 2.698276702586521247e-08 2.706123583234438883e-08 2.678221580292601957e-08 2.731215196103571561e-08 2.716265523219005022e-08 2.733138880613137360e-08 2.720745259152891156e-08 2.708903683689158073e-08 2.732094079876870320e-08 2.721110118315773628e-08 2.685170293317261676e-08 2.713587912086904731e-08 2.703052980029082146e-08 2.723046725636096981e-08
2.756358802272491017e-08 2.779160514732695660e-08 2.788703715519559217e-08 2.773743390340008272e-08 2.768962718680273243e-08 2.740405939814880700e-08 2.781041382392814319e-08 2.760772219398256767e-08 2.731830402797874014e-08 2.769606027830783332e-08 2.732980621691242394e-08 2.768052803799489694e-08 2.787124705485501954e-08 2.712301277122534269e-08 2.766607619634183561e-08 2.778495064899532162e-08 2.751915369726573213e-08 2.744589910049574819e-08 2.751622290328741389e-08 2.761533254944302496e-08 2.737125774253145837e-08 2.764105372360034107e-08 2.770729726417772102e-08 2.770329385044302653e-08 2.751322003630229712e-08 2.734489140258291395e-08 2.727735355237840503e-08 2.758148973645408075e-08 2.754479300636947237e-08 2.774159122567176860e-08 2.751336468267219245e-08 2.759931407083886292e-08 2.730486960629634342e-08 2.786645421816369052e-08 2.770568534468877406e-08 2.788574647843027551e-08 2.775165288193112574e-08 2.763076864545621510e-08 2.787076854732185725e-08 2.775790976696428288e-08 2.737835268848214556e-08 2.767814647235118706e-08 2.756873791220790973e-08 2.777925486854506786e-08
2.768256852015857704e-08 2.791248004491496713e-08 2.800893869578826253e-08 2.785726298632058039e-08 2.780943544311267426e-08 2.752161313711606455e-08 2.793115215475722336e-08 2.772835624332312427e-08 2.743527750256377809e-08 2.781563933147236436e-08 2.744763073778358056e-08 2.780030613091113474e-08 2.799152261347661527e-08 2.723876557940731349e-08 2.778495064899532162e-08 2.790686107174319272e-08 2.763746768784863387e-08 2.756404448759608970e-08 2.763509650905442647e-08 2.773513001321258069e-08 2.748919260611394737e-08 2.776129468486563803e-08 2.782879942357100405e-08 2.782382872654591482e-08 2.763228103398894313e-08 2.746261248098044067e-08 2.739442565717729515e-08 2.770056594665858486e-08 2.766479255903741384e-08 2.786154354835969177e-08 2.763138335577508387e-08 2.771803544310841685e-08 2.742202475721513857e-08 2.798776853977976040e-08 2.782590287991284292e-08 2.800669990450084444e-08 2.787191610662330242e-08 2.774984853202720580e-08 2.799156115703444155e-08 2.787877491262797456e-08 2.749612047526190039e-08 2.779805310584226472e-08 2.768790340631377216e-08 2.789963284446896215e-08
2.741834366506504570e-08 2.764239888764964427e-08 2.773860412202849035e-08 2.759046412468494380e-08 2.754257348175170936e-08 2.726173478209820784e-08 2.766168551846811459e-08 2.746417176973128967e-08 2.717723665072107908e-08 2.754901951289031480e-08 2.718878884541921191e-08 2.753435501286138228e-08 2.772198231020365435e-08 2.698376640051063210e-08 2.751915369726573213e-08 2.763746768784863387e-08 2.737688706831972665e-08 2.730361725252338602e-08 2.737348344777338109e-08 2.746960994208417705e-08 2.722957917001445581e-08 2.749523100334396023e-08 2.756091833629336318e-08 2.755622604552168269e-08 2.736907108457695900e-08 2.720304256945025044e-08 2.713666323525212019e-08 2.743551476450255233e-08 2.739962057562414739e-08 2.759513585828443988e-08 2.737100466270918315e-08 2.745343957048001065e-08 2.716390201169302459e-08 2.771648775056844907e-08 2.755929983423256699e-08 2.773628058811266463e-08 2.760462902950382404e-08 2.748542675735544931e-08 2.772269466321939068e-08 2.761075715798809581e-08 2.723639727572321757e-08 2.753202393208928798e-08 2.742346657865858465e-08 2.763141880768962207e-08
2.734739059385629673e-08 2.756782240509694009e-08 2.766279796015219799e-08 2.751559739081037451e-08 2.746997061595280780e-08 2.719197788882141913e-08 2.758734671200469072e-08 2.739229312285246965e-08 2.710928362451062465e-08 2.747575225707525489e-08 2.712023515098128635e-08 2.746135381794005904e-08 2.764694031922874160e-08 2.691703490655399845e-08 2.744589910049574819e-08 2.756404448759608970e-08 2.730361725252338602e-08 2.723492019943962457e-08 2.730293360329379189e-08 2.739788590550764637e-08 2.716066604392176874e-08 2.742196918417899528e-08 2.748705633864030267e-08 2.748235134929931799e-08 2.729932460721343453e-08 2.713269537753145947e-08 2.706891061906080261e-08 2.736233744375212580e-08 2.732858554030484647e-08 2.752151001358078615e-08 2.730024943140348153e-08 2.738161442440348519e-08 2.709575035750808240e-08 2.764110627469940541e-08 2.748586897296811148e-08 2.766056727657652943e-08 2.753137902057610967e-08 2.741206694342814422e-08 2.764837558830781968e-08 2.753645300701785129e-08 2.716752899663392835e-08 2.745924751517857140e-08 2.735146769363562909e-08 2.755705910643579654e-08
2.741621660066879043e-08 2.763840232097194012e-08 2.773526187769387601e-08 2.758660473358120239e-08 2.753995853143197202e-08 2.726162104609227504e-08 2.765822597650468030e-08 2.746325658883163721e-08 2.717655852161479419e-08 2.754664248361692229e-08 2.718868487154379243e-08 2.753165989604421758e-08 2.771744125385374366e-08 2.698526083109566163e-08 2.751622290328741389e-08 2.763509650905442647e-08 2.737348344777338109e-08 2.730293360329379189e-08 2.737451774260629200e-08 2.746770226259098270e-08 2.722921038329676446e-08 2.749241890138732264e-08 2.755779426495280407e-08 2.755245168807015061e-08 2.736774985035927212e-08 2.720175779655229785e-08 2.713758584526912814e-08 2.743294758235628854e-08 2.739841203942984414e-08 2.759258317791411267e-08 2.736901083361181771e-08 2.745157676829931947e-08 2.716402543654974538e-08 2.771276807922023562e-08 2.755604747286394194e-08 2.773177316257652956e-08 2.760147699332610496e-08 2.748213311001147806e-08 2.771811864451615258e-08 2.760745010399701930e-08 2.723627905596725806e-08 2.752926610032440204e-08 2.742112708348978962e-08 2.762726323324830074e-08
2.751480712004933101e-08 2.774072680380314053e-08 2.783636807041878561e-08 2.768597319072152031e-08 2.763934955092176536e-08 2.735608999012797574e-08 2.775967540050850847e-08 2.755966279825637110e-08 2.727118278785076343e-08 2.764534854602508761e-08 2.728305821675764909e-08 2.763039109233418029e-08 2.781880026029846729e-08 2.707669420551105112e-08 2.761533254944302496e-08 2.773513001321258069e-08 2.746960994208417705e-08 2.739788590550764637e-08 2.746770226259098270e-08 2.756746800829421436e-08 2.732450708498085999e-08 2.759195305546937671e-08 2.765776761629676561e-08 2.765325528975254893e-08 2.746515407041836950e-08 2.729672475082993045e-08 2.723018882688137833e-08 2.753145368744515278e-08 2.749593690978911833e-08 2.769133853904081392e-08 2.746535430689838212e-08 2.755022741902338547e-08 2.725799112309991240e-08 2.781500062708035614e-08 2.765561271503103664e-08 2.783416952985883359e-08 2.770150846774064697e-08 2.758078807421215891e-08 2.782011621413732163e-08 2.770746435456844855e-08 2.733097903508630657e-08 2.762811116047618538e-08 2.751974087439242654e-08 2.772797427471469865e-08
2.727297761010926038e-08 2.749199652550765554e-08 2.758747421780697157e-08 2.744048045511990190e-08 2.739475401723257674e-08 2.711947631871726172e-08 2.751178785645706235e-08 2.731868050027508094e-08 2.703645308223384644e-08 2.740064913440561206e-08 2.704780867888009899e-08 2.738616618055611507e-08 2.757020412780314372e-08 2.684538570883375826e-08 2.737125774253145837e-08 2.748919260611394737e-08 2.722957917001445581e-08 2.716066604392176874e-08 2.722921038329676446e-08 2.732450708498085999e-08 2.709051382582057985e-08 2.734874630472958956e-08 2.741215759033673530e-08 2.740767053014753263e-08 2.722592417654974138e-08 2.706006605952551496e-08 2.699656212375425270e-08 2.728820556369260630e-08 2.725515625301913566e-08 2.744693800450638167e-08 2.722670438539753708e-08 2.730768714418920255e-08 2.702339396315688884e-08 2.756507993717856866e-08 2.741179745244430217e-08 2.758440707253783836e-08 2.745689439990348296e-08 2.733751059308589093e-08 2.757313320141794068e-08 2.746223994618452443e-08 2.709456130013392670e-08 2.738382971947023934e-08 2.727777465296301020e-08 2.748099630852507909e-08
2.753976189678315645e-08 2.776700306321641214e-08 2.786286539291197489e-08 2.771279794267516911e-08 2.766462836818877825e-08 2.738064673313094300e-08 2.778567250427295162e-08 2.758499555031930454e-08 2.729474021387413544e-08 2.767139874392814422e-08 2.730675649153315568e-08 2.765619431207312491e-08 2.784540869200169794e-08 2.710014345772150739e-08 2.764105372360034107e-08 2.776129468486563803e-08 2.749523100334396023e-08 2.742196918417899528e-08 2.749241890138732264e-08 2.759195305546937671e-08 2.734874630472958956e-08 2.761872601753401151e-08 2.768363636291794131e-08 2.767995527332354868e-08 2.749009044308376079e-08 2.732197339712414401e-08 2.725413412721513398e-08 2.755717434984566301e-08 2.752142162913477435e-08 2.771719552234353512e-08 2.749016573957354957e-08 2.757542729828188232e-08 2.728158695061351546e-08 2.784142431530654599e-08 2.768191857775254714e-08 2.786064898277721067e-08 2.772788176302890832e-08 2.760662239695407850e-08 2.784635594064371060e-08 2.773378953063690323e-08 2.735491351100595204e-08 2.765354088857738176e-08 2.754470496331164611e-08 2.775418347925680055e-08
2.760556444803614100e-08 2.783467913281463148e-08 2.793146034004590780e-08 2.777978420423469354e-08 2.773227397121853954e-08 2.744449310511012409e-08 2.785374311182950495e-08 2.765078006542942720e-08 2.735879382980570384e-08 2.773782813807101061e-08 2.737090854718197814e-08 2.772297156433503292e-08 2.791362717438860355e-08 2.716216165031377744e-08 2.770729726417772102e-08 2.782879942357100405e-08 2.756091833629336318e-08 2.748705633864030267e-08 2.755779426495280407e-08 2.765776761629676561e-08 2.741215759033673530e-08 2.768363636291794131e-08 2.775276076930187191e-08 2.774637992717177083e-08 2.755501079823256753e-08 2.738630649243069317e-08 2.731762359407525860e-08 2.762344156801530178e-08 2.758743242499489638e-08 2.778433891095663555e-08 2.755430270546343395e-08 2.764055450796343758e-08 2.734483343799149317e-08 2.791046145761904694e-08 2.774839654679124190e-08 2.792892044498852305e-08 2.779438082075212810e-08 2.767329680444515051e-08 2.791410744039965878e-08 2.780161980838690762e-08 2.741920083415178613e-08 2.772114337899404936e-08 2.761081746140986840e-08 2.782239034270025065e-08
2.760141332521598673e-08 2.783073372184480337e-08 2.792647045687713657e-08 2.777538094340900211e-08 2.772701406715092767e-08 2.743959504950298720e-08 2.784922515627933473e-08 2.764498673808971286e-08 2.735443918914243291e-08 2.773395043835842250e-08 2.736642574646598753e-08 2.771832951891751929e-08 2.790996535198597246e-08 2.715813189369854943e-08 2.770329385044302653e-08 2.782382872654591482e-08 2.755622604552168269e-08 2.748235134929931799e-08 2.755245168807015061e-08 2.765325528975254893e-08 2.740767053014753263e-08 2.767995527332354868e-08 2.774637992717177083e-08 2.774370351329421181e-08 2.755111575604336105e-08 2.738223269141326273e-08 2.731322246090221076e-08 2.761932526754931760e-08 2.758284160947661655e-08 2.777977524289498169e-08 2.755036020346087823e-08 2.763660025525254763e-08 2.733997914959991369e-08 2.790551863793452666e-08 2.774436424036436623e-08 2.792522360996300871e-08 2.779015617069897590e-08 2.766900377098299283e-08 2.790969026019982299e-08 2.779718641502678855e-08 2.741466343621130656e-08 2.771652951933036045e-08 2.760653445418409623e-08 2.781851624750637600e-08
2.741490741360926967e-08 2.763697022836182457e-08 2.773184036247363317e-08 2.758309437245322781e-08 2.753770900769090170e-08 2.725767691230060869e-08 2.765606922876956522e-08 2.745800968908758674e-08 2.717334215896300510e-08 2.754364578344728009e-08 2.718483549252592065e-08 2.752890910505613522e-08 2.771567749080314747e-08 2.698053607964626271e-08 2.751322003630229712e-08 2.763228103398894313e-08 2.736907108457695900e-08 2.729932460721343453e-08 2.736774985035927212e-08 2.746515407041836950e-08 2.722592417654974138e-08 2.749009044308376079e-08 2.755501079823256753e-08 2.755111575604336105e-08 2.736676697915391498e-08 2.719800727185884284e-08 2.713270568544175621e-08 2.742968533510926624e-08 2.739554549847746984e-08 2.758881796331887886e-08 2.736573497521003553e-08 2.744869501173087216e-08 2.715973724657355598e-08 2.771019126238690086e-08 2.755405600898597509e-08 2.772945121574617167e-08 2.760001939773681917e-08 2.747931515885672320e-08 2.771679848858461267e-08 2.760507744460119106e-08 2.723240464500893384e-08 2.752636242949107416e-08 2.741886120242134391e-08 2.762538369146258528e-08
2.724589023592729884e-08 2.746673552077636537e-08 2.756171747136521727e-08 2.741512283955186640e-08 2.736817058493071021e-08 2.709102813896130357e-08 2.748603476444003810e-08 2.729073486663733348e-08 2.700763817253231287e-08 2.737434266541794353e-08 2.701910802107313082e-08 2.736025579105442578e-08 2.754524916381036795e-08 2.681686959533248381e-08 2.734489140258291395e-08 2.746261248098044067e-08 2.720304256945025044e-08 2.713269537753145947e-08 2.720175779655229785e-08 2.729672475082993045e-08 2.706006605952551496e-08 2.732197339712414401e-08 2.738630649243069317e-08 2.738223269141326273e-08 2.719800727185884284e-08 2.703354160140731070e-08 2.696809856803316386e-08 2.726205513117729315e-08 2.722764831746173583e-08 2.742055888071641270e-08 2.719942203191326637e-08 2.728091410826743066e-08 2.699464012814455956e-08 2.754005941226785232e-08 2.738516316165306398e-08 2.755929399519514925e-08 2.743041131888053168e-08 2.731145940826573433e-08 2.754710041620578244e-08 2.743611739886011468e-08 2.706653041066964651e-08 2.735819473128868906e-08 2.725062214238647889e-08 2.745582934301233107e-08
2.717943137974829912e-08 2.739686500068494234e-08 2.749218487359906497e-08 2.734640106046002487e-08 2.730052592580441553e-08 2.702753526539285559e-08 2.741689705627125761e-08 2.722553569154719448e-08 2.694504199584566162e-08 2.730701765863561747e-08 2.695625716439413882e-08 2.729224843629379700e-08 2.747545227935033906e-08 2.675539229756930132e-08 2.727735355237840503e-08 2.739442565717729515e-08 2.713666323525212019e-08 2.706891061906080261e-08 2.713758584526912814e-08 2.723018882688137833e-08 2.699656212375425270e-08 2.725413412721513398e-08 2.731762359407525860e-08 2.731322246090221076e-08 2.713270568544175621e-08 2.696809856803316386e-08 2.690642527373469392e-08 2.719471680564412998e-08 2.716155969970195250e-08 2.735237042053954110e-08 2.713448802896470856e-08 2.721407985550637707e-08 2.693170950596853918e-08 2.746950159991963816e-08 2.731702777896300828e-08 2.748897267583461166e-08 2.736186282105994862e-08 2.724392619301998060e-08 2.747798494691623820e-08 2.736728031403571428e-08 2.700315154358035202e-08 2.729042476658630843e-08 2.718422057217899235e-08 2.738650781988052263e-08
2.747974115506461970e-08 2.770715050970110925e-08 2.780294631817303428e-08 2.765299692093537571e-08 2.760529457382779297e-08 2.732083071584225662e-08 2.772574078890050972e-08 2.752407546828995982e-08 2.723515346176061453e-08 2.761182695890858262e-08 2.724680138860627721e-08 2.759632984725255385e-08 2.778611943770790815e-08 2.704063618944983100e-08 2.758148973645408075e-08 2.770056594665858486e-08 2.743551476450255233e-08 2.736233744375212580e-08 2.743294758235628854e-08 2.753145368744515278e-08 2.728820556369260630e-08 2.755717434984566301e-08 2.762344156801530178e-08 2.761932526754931760e-08 2.742968533510926624e-08 2.726205513117729315e-08 2.719471680564412998e-08 2.749807908143962169e-08 2.746148393822151530e-08 2.765745889270578550e-08 2.742980813198681768e-08 2.751519385961181718e-08 2.722157770067474435e-08 2.778165626584523425e-08 2.762148824492644199e-08 2.780110567653486220e-08 2.766713746355527058e-08 2.754675317959481336e-08 2.778596203941198569e-08 2.767390701820535555e-08 2.729512554415476134e-08 2.759409514978273789e-08 2.748500290223979686e-08 2.769475397083162488e-08
2.744474374742985268e-08 2.767022559359269345e-08 2.776516719391454589e-08 2.761591278694514698e-08 2.756898449757824042e-08 2.728648119053868646e-08 2.768844786567900420e-08 2.748945031524361367e-08 2.720215382035757700e-08 2.757538791087075136e-08 2.721375621378400843e-08 2.756012802685330460e-08 2.774843592378486353e-08 2.700831144592644673e-08 2.754479300636947237e-08 2.766479255903741384e-08 2.739962057562414739e-08 2.732858554030484647e-08 2.739841203942984414e-08 2.749593690978911833e-08 2.725515625301913566e-08 2.752142162913477435e-08 2.758743242499489638e-08 2.758284160947661655e-08 2.739554549847746984e-08 2.722764831746173583e-08 2.716155969970195250e-08 2.746148393822151530e-08 2.742749537396088416e-08 2.762092072710502040e-08 2.739501243572661766e-08 2.747950045116411673e-08 2.718840963444174586e-08 2.774399887431547764e-08 2.758569344001063477e-08 2.776267440447449187e-08 2.763091374859269036e-08 2.750994252899617055e-08 2.774905365938350437e-08 2.763744777566071511e-08 2.726120963085118891e-08 2.755811911979464142e-08 2.744963171452423378e-08 2.765762337026444943e-08
2.763931862001828948e-08 2.786803758845450141e-08 2.796479598034651333e-08 2.781378840033589372e-08 2.776582735285245856e-08 2.747900033500595515e-08 2.788725760444855043e-08 2.768399769116453898e-08 2.739325406325806899e-08 2.777224436135969098e-08 2.740478932555993740e-08 2.775675307026359222e-08 2.794780757340050994e-08 2.719698185755187803e-08 2.774159122567176860e-08 2.786154354835969177e-08 2.759513585828443988e-08 2.752151001358078615e-08 2.759258317791411267e-08 2.769133853904081392e-08 2.744693800450638167e-08 2.771719552234353512e-08 2.778433891095663555e-08 2.777977524289498169e-08 2.758881796331887886e-08 2.742055888071641270e-08 2.735237042053954110e-08 2.765745889270578550e-08 2.762092072710502040e-08 2.781915142898639169e-08 2.758886224474914980e-08 2.767518286449915021e-08 2.737936047357780707e-08 2.794410133070237626e-08 2.778181347647575960e-08 2.796313270678316684e-08 2.782790301068367449e-08 2.770744031770705927e-08 2.794751514638478395e-08 2.783501496165773570e-08 2.745350207379762205e-08 2.775443229209821698e-08 2.764434080969557457e-08 2.785573900447704652e-08
2.741416638298682373e-08 2.763587542857397166e-08 2.773088521681463146e-08 2.758359784949234509e-08 2.753656296135927678e-08 2.725843445764880874e-08 2.765515555405017168e-08 2.745926517831887790e-08 2.717521674543409430e-08 2.754313143398341785e-08 2.718618149238265190e-08 2.752874053187584782e-08 2.771448898644430598e-08 2.698276702586521247e-08 2.751336468267219245e-08 2.763138335577508387e-08 2.737100466270918315e-08 2.730024943140348153e-08 2.736901083361181771e-08 2.746535430689838212e-08 2.722670438539753708e-08 2.749016573957354957e-08 2.755430270546343395e-08 2.755036020346087823e-08 2.736573497521003553e-08 2.719942203191326637e-08 2.713448802896470856e-08 2.742980813198681768e-08 2.739501243572661766e-08 2.758886224474914980e-08 2.736827511900255284e-08 2.744916458177338557e-08 2.716159175589158401e-08 2.770861109399701822e-08 2.755359261238519889e-08 2.772868094329633613e-08 2.759922885240731280e-08 2.747949314519132609e-08 2.771679193278316033e-08 2.760413523825594889e-08 2.723369296923213927e-08 2.752635659333035567e-08 2.741845073753826433e-08 2.762427488265220575e-08
2.749877511842431628e-08 2.772454658803232063e-08 2.781931651110628522e-08 2.767041240678400736e-08 2.762273109269259108e-08 2.734028374475297724e-08 2.774300020650850098e-08 2.754285390215220677e-08 2.725496833126742023e-08 2.762967662677508806e-08 2.726636476588265564e-08 2.761445284381334537e-08 2.780325908359012871e-08 2.706123583234438883e-08 2.759931407083886292e-08 2.771803544310841685e-08 2.745343957048001065e-08 2.738161442440348519e-08 2.745157676829931947e-08 2.755022741902338547e-08 2.730768714418920255e-08 2.757542729828188232e-08 2.764055450796343758e-08 2.763660025525254763e-08 2.744869501173087216e-08 2.728091410826743066e-08 2.721407985550637707e-08 2.751519385961181718e-08 2.747950045116411673e-08 2.767518286449915021e-08 2.744916458177338557e-08 2.753500245646088246e-08 2.724190168797491490e-08 2.779913154653868694e-08 2.763919314763520782e-08 2.781771563258800447e-08 2.768535156465731105e-08 2.756472111908716064e-08 2.780344712113732616e-08 2.769070296386011265e-08 2.731425028431547535e-08 2.761157084239285239e-08 2.750303375512159945e-08 2.771129455365221040e-08
2.720695135300807563e-08 2.742496566412669857e-08 2.751919150960757009e-08 2.737357929309608330e-08 2.732816338311650327e-08 2.705437106642559533e-08 2.744412040970111080e-08 2.725252666142686959e-08 2.697145916137371065e-08 2.733382938659011881e-08 2.698291837717473974e-08 2.732024559035968112e-08 2.750287544077338162e-08 2.678221580292601957e-08 2.730486960629634342e-08 2.742202475721513857e-08 2.716390201169302459e-08 2.709575035750808240e-08 2.716402543654974538e-08 2.725799112309991240e-08 2.702339396315688884e-08 2.728158695061351546e-08 2.734483343799149317e-08 2.733997914959991369e-08 2.715973724657355598e-08 2.699464012814455956e-08 2.693170950596853918e-08 2.722157770067474435e-08 2.718840963444174586e-08 2.737936047357780707e-08 2.716159175589158401e-08 2.724190168797491490e-08 2.695992822940986552e-08 2.749709483503273520e-08 2.734460902360798824e-08 2.751615080668664827e-08 2.738958793352253499e-08 2.727036067238945844e-08 2.750516632931972670e-08 2.739372710989285283e-08 2.702966243544642575e-08 2.731757000294939726e-08 2.721136435718622499e-08 2.741361837065603309e-08
2.776271048232440486e-08 2.799667368839286537e-08 2.809257351630655241e-08 2.794007400109226336e-08 2.789128106609821106e-08 2.759854555783333197e-08 2.801496632783036323e-08 2.780640474356546471e-08 2.751106918366369198e-08 2.789752424907142768e-08 2.752251762692856319e-08 2.788152133983928715e-08 2.807655863527678694e-08 2.731215196103571561e-08 2.786645421816369052e-08 2.798776853977976040e-08 2.771648775056844907e-08 2.764110627469940541e-08 2.771276807922023562e-08 2.781500062708035614e-08 2.756507993717856866e-08 2.784142431530654599e-08 2.791046145761904694e-08 2.790551863793452666e-08 2.771019126238690086e-08 2.754005941226785232e-08 2.746950159991963816e-08 2.778165626584523425e-08 2.774399887431547764e-08 2.794410133070237626e-08 2.770861109399701822e-08 2.779913154653868694e-08 2.749709483503273520e-08 2.807443478524999665e-08 2.790647005823809388e-08 2.809200002322023136e-08 2.795347934272618927e-08 2.783143368213094710e-08 2.807488995052380924e-08 2.796110274174999194e-08 2.757214189772916512e-08 2.787917914331249727e-08 2.776786873441368842e-08 2.798269195591963872e-08
2.760390768198895503e-08 2.783195323365009012e-08 2.792783921340433811e-08 2.777749413513604320e-08 2.772958251499957549e-08 2.744376006651189605e-08 2.785047399101317246e-08 2.764826348617134351e-08 2.735830413519472704e-08 2.773618261610032912e-08 2.737016358498894707e-08 2.772093872867006599e-08 2.791126211465221093e-08 2.716265523219005022e-08 2.770568534468877406e-08 2.782590287991284292e-08 2.755929983423256699e-08 2.748586897296811148e-08 2.755604747286394194e-08 2.765561271503103664e-08 2.741179745244430217e-08 2.768191857775254714e-08 2.774839654679124190e-08 2.774436424036436623e-08 2.755405600898597509e-08 2.738516316165306398e-08 2.731702777896300828e-08 2.762148824492644199e-08 2.758569344001063477e-08 2.778181347647575960e-08 2.755359261238519889e-08 2.763919314763520782e-08 2.734460902360798824e-08 2.790647005823809388e-08 2.774686057666580614e-08 2.792579172228953916e-08 2.779238324098341920e-08 2.767089192705697233e-08 2.791123644023681802e-08 2.779888905891964225e-08 2.741821275128273733e-08 2.771862028096726363e-08 2.760930395938222930e-08 2.781967975465051193e-08
2.778162820138903559e-08 2.801540094086478704e-08 2.811203674495875256e-08 2.795910820111097354e-08 2.791014634571768525e-08 2.761764421719643836e-08 2.803391488427253288e-08 2.782537048002211582e-08 2.753068939952848099e-08 2.791665508058419367e-08 2.754226966120152450e-08 2.790043401225850671e-08 2.809542770065136185e-08 2.733138880613137360e-08 2.788574647843027551e-08 2.800669990450084444e-08 2.773628058811266463e-08 2.766056727657652943e-08 2.773177316257652956e-08 2.783416952985883359e-08 2.758440707253783836e-08 2.786064898277721067e-08 2.792892044498852305e-08 2.792522360996300871e-08 2.772945121574617167e-08 2.755929399519514925e-08 2.748897267583461166e-08 2.780110567653486220e-08 2.776267440447449187e-08 2.796313270678316684e-08 2.772868094329633613e-08 2.781771563258800447e-08 2.751615080668664827e-08 2.809200002322023136e-08 2.792579172228953916e-08 2.811172615438010176e-08 2.797255955594812952e-08 2.785092237389242703e-08 2.809413076241496634e-08 2.798025956643452261e-08 2.759184057238392540e-08 2.789836371955357480e-08 2.778689484488265674e-08 2.800225251181377461e-08
