4.679519148575116177e-08 4.707591215000860443e-08 4.731731148308521972e-08 4.700801324821199440e-08 4.702648371159880334e-08 4.666060825172085837e-08 4.713115128925167193e-08 4.676273418689136896e-08 4.641628516695596271e-08 4.697569737065146252e-08 4.648117927754268531e-08 4.703954353389353510e-08 4.724214459172441883e-08 4.622494899240267591e-08 4.693940933626011802e-08 4.717267674446150333e-08 4.680257870491388494e-08 4.667406793398739393e-08 4.672902232531510817e-08 4.687290322684910593e-08 4.653849046462795251e-08 4.701672911022262367e-08 4.707377230635028581e-08 4.704220597051362981e-08 4.686532415684620968e-08 4.657295103049617434e-08 4.650017623262305647e-08 4.692676812215300304e-08 4.683417166499041884e-08 4.715374025710692141e-08 4.679174957111408469e-08 4.689561820538119294e-08 4.639305998813098046e-08 4.719432933724727432e-08 4.705552160251016327e-08 4.721235477697927250e-08 4.707147449953023336e-08 4.691039310687416777e-08 4.727581526945782657e-08 4.708763846668255799e-08 4.659325829648233206e-08 4.703106884466760898e-08 4.690445012342975242e-08 4.713014245981187323e-08
4.707591215000860443e-08 4.735921505399712597e-08 4.760145674847762344e-08 4.729012273098172527e-08 4.730888731525129387e-08 4.694025831072730508e-08 4.741388530984617742e-08 4.704333462856309305e-08 4.669461534727672079e-08 4.725798266197907807e-08 4.676061761660348838e-08 4.732190258182711711e-08 4.752560372170494061e-08 4.650229980736843362e-08 4.722085284282827794e-08 4.745584384148787037e-08 4.708359744656191131e-08 4.695409852733653062e-08 4.700937784794500190e-08 4.715418883534675160e-08 4.681761840057371944e-08 4.729905416897578343e-08 4.735618180221854378e-08 4.732436306553484055e-08 4.714687162853064122e-08 4.685269150027587002e-08 4.677903979057652782e-08 4.720843042726286696e-08 4.711488474371543327e-08 4.743659011993975766e-08 4.707228855531266814e-08 4.717706841086832093e-08 4.667151024876752688e-08 4.747767970239046148e-08 4.733762997847541509e-08 4.749549826050771863e-08 4.735375706270866184e-08 4.719207058076769606e-08 4.755944001279361595e-08 4.737038387680636677e-08 4.687212393918600985e-08 4.731296229895291617e-08 4.718594603867196332e-08 4.741255638990361872e-08
4.731731148308521972e-08 4.760145674847762344e-08 4.784750736002782487e-08 4.753374687171792167e-08 4.755229453705157442e-08 4.718164799275934947e-08 4.765858940656302463e-08 4.728528736821306225e-08 4.693449205741917229e-08 4.750021791454594805e-08 4.700027892611582759e-08 4.756577296395379924e-08 4.777051837084816675e-08 4.674085427261805161e-08 4.746457100523746354e-08 4.769988400720961330e-08 4.732609881017372741e-08 4.719521631261297692e-08 4.725062324028080042e-08 4.739650728193186835e-08 4.705801537109053905e-08 4.754225055311640240e-08 4.760025835072944248e-08 4.756772916094822679e-08 4.738910344574257658e-08 4.709310961303579612e-08 4.701922785104167156e-08 4.745109648229725477e-08 4.735806672489914167e-08 4.768004387872388221e-08 4.731508315100679101e-08 4.741972132165592852e-08 4.691215012721454656e-08 4.772231449838301222e-08 4.758107086584605542e-08 4.774047929364582841e-08 4.759719332101356035e-08 4.743490469201578337e-08 4.780427825572526043e-08 4.761517610711952179e-08 4.711328567087159556e-08 4.755686668633624929e-08 4.742957452263348158e-08 4.765702756287575365e-08
4.700801324821199440e-08 4.729012273098172527e-08 4.753374687171792167e-08 4.722329363663950170e-08 4.724072746681381504e-08 4.687299642426021914e-08 4.734668945950896540e-08 4.697624957218616115e-08 4.662758035670387545e-08 4.718944562613667363e-08 4.669266414257289543e-08 4.725451929564541280e-08 4.745842071901693584e-08 4.643483684763269875e-08 4.715392785902302930e-08 4.738839923439131983e-08 4.701608050026679201e-08 4.688558341523467832e-08 4.694137180549032131e-08 4.708655844257618543e-08 4.675005241640542865e-08 4.723138593354280594e-08 4.728891895975611285e-08 4.725637634208902971e-08 4.707887335199310101e-08 4.678477026755430662e-08 4.671148420784993013e-08 4.714065259221550599e-08 4.704775613451084419e-08 4.736842914424315847e-08 4.700574935743261768e-08 4.710976061775932565e-08 4.660488918961887389e-08 4.741018257579767565e-08 4.726964580247518447e-08 4.742813351110300130e-08 4.728614218182817175e-08 4.712411095511209574e-08 4.749186328470217846e-08 4.730310518475464829e-08 4.680533406789377550e-08 4.724554527338718498e-08 4.711907102277787341e-08 4.734480492635812059e-08
4.702648371159880334e-08 4.730888731525129387e-08 4.755229453705157442e-08 4.724072746681381504e-08 4.726059350448171412e-08 4.689239533341917794e-08 4.736519190435116945e-08 4.699461543984225743e-08 4.664676676996192786e-08 4.720845699793513057e-08 4.671220030895327489e-08 4.727315658831337010e-08 4.747591392959620974e-08 4.645517347905219573e-08 4.717231461724413977e-08 4.740652330107059423e-08 4.703488858131545063e-08 4.690637059558486620e-08 4.696084008939939897e-08 4.710562504665051955e-08 4.676939464430913736e-08 4.724972374957040874e-08 4.730723381614266104e-08 4.727527992248861195e-08 4.709810150986271287e-08 4.680430668301462392e-08 4.673117145117237889e-08 4.715929035393348340e-08 4.706736104315749975e-08 4.738761558344666385e-08 4.702414210248621909e-08 4.712812142241460195e-08 4.662364270343082561e-08 4.742787802048670984e-08 4.728878660602978496e-08 4.744620802562772987e-08 4.730431234011345865e-08 4.714367360038473527e-08 4.750996332248426771e-08 4.732149971355970658e-08 4.682419516593374334e-08 4.726415985109540988e-08 4.713758728746551787e-08 4.736378687602074182e-08
4.666060825172085837e-08 4.694025831072730508e-08 4.718164799275934947e-08 4.687299642426021914e-08 4.689239533341917794e-08 4.652845262652055540e-08 4.699632016073101548e-08 4.662933690875234185e-08 4.628400705131876660e-08 4.684094421832684931e-08 4.634881557087920689e-08 4.690522459511771294e-08 4.710606581842456426e-08 4.609402670790483167e-08 4.680535379746795202e-08 4.703738242839601431e-08 4.666870051745751913e-08 4.654153681556135053e-08 4.659560775954612320e-08 4.673952037304372533e-08 4.640580862176972014e-08 4.688215993190923879e-08 4.693862014133464598e-08 4.690670389115974311e-08 4.673163628758736019e-08 4.644027958785438868e-08 4.636799321221294439e-08 4.679220179553345748e-08 4.670125699080972722e-08 4.701872464681150802e-08 4.665857564708880302e-08 4.676132301516826702e-08 4.626077089422146303e-08 4.705798421812006812e-08 4.692079496568693808e-08 4.707642719701778361e-08 4.693654227912607412e-08 4.677619046451811173e-08 4.714016247493713330e-08 4.695312667195808356e-08 4.646095996154027919e-08 4.689638790178745931e-08 4.676997894257759619e-08 4.699490386025461255e-08
4.713115128925167193e-08 4.741388530984617742e-08 4.765858940656302463e-08 4.734668945950896540e-08 4.736519190435116945e-08 4.699632016073101548e-08 4.747220835117364944e-08 4.709933926236389197e-08 4.675032783233271039e-08 4.731287786854033012e-08 4.681519083648372795e-08 4.737908748146024546e-08 4.758257484619585355e-08 4.655728822436015188e-08 4.727769702509263730e-08 4.751273555799959183e-08 4.713997681936246160e-08 4.700946235607007492e-08 4.706485880975562875e-08 4.721023432397935463e-08 4.687296049876597348e-08 4.735525217467389406e-08 4.741318874768231824e-08 4.738076675110052756e-08 4.720255131534112999e-08 4.690764122478766184e-08 4.683480020197582479e-08 4.726451797853165077e-08 4.717171373605351754e-08 4.749263250563428200e-08 4.712961737314826111e-08 4.723352350340174051e-08 4.672703323776930777e-08 4.753442590336385481e-08 4.739392506980356828e-08 4.755289169911020109e-08 4.741015565901583839e-08 4.724802190750827143e-08 4.761616104345797435e-08 4.742743064326950688e-08 4.692858870041450596e-08 4.736896820227168146e-08 4.724296028324161245e-08 4.746920342345763953e-08
4.676273418689136896e-08 4.704333462856309305e-08 4.728528736821306225e-08 4.697624957218616115e-08 4.699461543984225743e-08 4.662933690875234185e-08 4.709933926236389197e-08 4.673172735913124954e-08 4.638483302668407015e-08 4.694358277853306768e-08 4.645002851860658070e-08 4.700794674901481981e-08 4.721030375493241241e-08 4.619405963654008390e-08 4.690831764656666948e-08 4.714108124142179491e-08 4.677087692529383105e-08 4.664224908468655093e-08 4.669736357498545075e-08 4.684157198235287526e-08 4.650683430376858120e-08 4.698476261535541754e-08 4.704176581154757379e-08 4.700964929007336062e-08 4.683393944870494196e-08 4.654165434546094131e-08 4.646857527380699107e-08 4.689466880611767331e-08 4.680295319145902657e-08 4.712173801455573103e-08 4.676085805756124099e-08 4.686413470268448917e-08 4.636196034110865373e-08 4.716194417755898815e-08 4.702312958767390232e-08 4.717986962302855050e-08 4.703969951485897441e-08 4.687842439647539094e-08 4.724372635949951157e-08 4.705640949268253313e-08 4.656237165306112462e-08 4.699945425071497147e-08 4.687300392957232083e-08 4.709782723867511453e-08
4.641628516695596271e-08 4.669461534727672079e-08 4.693449205741917229e-08 4.662758035670387545e-08 4.664676676996192786e-08 4.628400705131876660e-08 4.675032783233271039e-08 4.638483302668407015e-08 4.604164984510659603e-08 4.659584513816582666e-08 4.610596788149934865e-08 4.665952348802665417e-08 4.685980980123338550e-08 4.585254267343684678e-08 4.656000006980573353e-08 4.679129104289381002e-08 4.642433494126786395e-08 4.629748407187343525e-08 4.635160270758780831e-08 4.649431932808350657e-08 4.616264739180335277e-08 4.663644440870512061e-08 4.669329850420026183e-08 4.666157475655467560e-08 4.648673487047582736e-08 4.619696640660595955e-08 4.612485544309554213e-08 4.654721577323383742e-08 4.645650624389940332e-08 4.677279793933422958e-08 4.641384527253634624e-08 4.651665571604537490e-08 4.601821235431786913e-08 4.681202156604889735e-08 4.667497559344811898e-08 4.683009112659219311e-08 4.669075483934796820e-08 4.653142073395853189e-08 4.689336064539138480e-08 4.670693392801257705e-08 4.621712196403359342e-08 4.665058312847281045e-08 4.652553566199223710e-08 4.674870743011080363e-08
4.697569737065146252e-08 4.725798266197907807e-08 4.750021791454594805e-08 4.718944562613667363e-08 4.720845699793513057e-08 4.684094421832684931e-08 4.731287786854033012e-08 4.694358277853306768e-08 4.659584513816582666e-08 4.715834221322824361e-08 4.666157884366748255e-08 4.722137918281441443e-08 4.742439598232549506e-08 4.640459116848784617e-08 4.712080309763909152e-08 4.735472114680044138e-08 4.698358036738620500e-08 4.685489933608529200e-08 4.691003220018228565e-08 4.705419575193207657e-08 4.671874622162931534e-08 4.719815867837412337e-08 4.725562318425651171e-08 4.722353449263095767e-08 4.704700307403509539e-08 4.675355219964891394e-08 4.668038074205979061e-08 4.710795301379246473e-08 4.701535864511873157e-08 4.733634911203633646e-08 4.697237897598120657e-08 4.707716695314865116e-08 4.657261141432118448e-08 4.737664552299012109e-08 4.723704474027875996e-08 4.739404585603705161e-08 4.725324717976625469e-08 4.709218537638830672e-08 4.745840111060649462e-08 4.726976173015806304e-08 4.677345891933240905e-08 4.721300958507397292e-08 4.708601740703829238e-08 4.731165339125139284e-08
4.648117927754268531e-08 4.676061761660348838e-08 4.700027892611582759e-08 4.669266414257289543e-08 4.671220030895327489e-08 4.634881557087920689e-08 4.681519083648372795e-08 4.645002851860658070e-08 4.610596788149934865e-08 4.666157884366748255e-08 4.617170902002505134e-08 4.672474619829052704e-08 4.692525885657262390e-08 4.591741592648718883e-08 4.662541169260991827e-08 4.685683081040616335e-08 4.648969835480655498e-08 4.636286904247693966e-08 4.641700760572355426e-08 4.655971849443020842e-08 4.622738011591470817e-08 4.670176431405909873e-08 4.675844898126027127e-08 4.672655698583271869e-08 4.655257619721071447e-08 4.626262469130844261e-08 4.618959964856499478e-08 4.661231436872607623e-08 4.652156231827880793e-08 4.683818707227123564e-08 4.647855378164679006e-08 4.658196425622439763e-08 4.608288840105716390e-08 4.687698621288351246e-08 4.674001991340849685e-08 4.689482624515774003e-08 4.675622586030723154e-08 4.659661078250136336e-08 4.695860567583302392e-08 4.677294944453990910e-08 4.628180125857894569e-08 4.671606208028185501e-08 4.659039746137280443e-08 4.681374502052511671e-08
4.703954353389353510e-08 4.732190258182711711e-08 4.756577296395379924e-08 4.725451929564541280e-08 4.727315658831337010e-08 4.690522459511771294e-08 4.737908748146024546e-08 4.700794674901481981e-08 4.665952348802665417e-08 4.722137918281441443e-08 4.672474619829052704e-08 4.728684418368612407e-08 4.748986534110631916e-08 4.646731255126607734e-08 4.718576160473169801e-08 4.742020179114925869e-08 4.704830483663261660e-08 4.691850729991776657e-08 4.697366147987823992e-08 4.711870332106146727e-08 4.678214068978409293e-08 4.726324814989316462e-08 4.732075989859674293e-08 4.728821676640567667e-08 4.711101265414906088e-08 4.681706528891305100e-08 4.674404283881813556e-08 4.717265725796317086e-08 4.708020586947980794e-08 4.740062376616242136e-08 4.703782718773170572e-08 4.714172139237193236e-08 4.663650656429177187e-08 4.744153762742933599e-08 4.730165810894497979e-08 4.745986364939572456e-08 4.731801364210081804e-08 4.715646487744698660e-08 4.752354861652401894e-08 4.733503502721826680e-08 4.683758933866683107e-08 4.727723724485239627e-08 4.715110187306565017e-08 4.737667126586504613e-08
4.724214459172441883e-08 4.752560372170494061e-08 4.777051837084816675e-08 4.745842071901693584e-08 4.747591392959620974e-08 4.710606581842456426e-08 4.758257484619585355e-08 4.721030375493241241e-08 4.685980980123338550e-08 4.742439598232549506e-08 4.692525885657262390e-08 4.748986534110631916e-08 4.769561092123647499e-08 4.666597000362419538e-08 4.738897591465386086e-08 4.762484401750230253e-08 4.725049547604790709e-08 4.711933938584432476e-08 4.717551836183269909e-08 4.732095748868776452e-08 4.698272709629095052e-08 4.746646376900241432e-08 4.752474504946042944e-08 4.749246312146162426e-08 4.731334726097821923e-08 4.701812701405393956e-08 4.694391623978570310e-08 4.737568667533845499e-08 4.728241101969643576e-08 4.760473880606592510e-08 4.724010931653824046e-08 4.734474258998926049e-08 4.683711990190290050e-08 4.764623875708913749e-08 4.750510158768855496e-08 4.766454182260499310e-08 4.752195072636576938e-08 4.735913145672699387e-08 4.772843874221286119e-08 4.753877107548380052e-08 4.703883968098156797e-08 4.748134331452813578e-08 4.735448166160128806e-08 4.758106948060212662e-08
4.622494899240267591e-08 4.650229980736843362e-08 4.674085427261805161e-08 4.643483684763269875e-08 4.645517347905219573e-08 4.609402670790483167e-08 4.655728822436015188e-08 4.619405963654008390e-08 4.585254267343684678e-08 4.640459116848784617e-08 4.591741592648718883e-08 4.646731255126607734e-08 4.666597000362419538e-08 4.566605984841217733e-08 4.636879786311028902e-08 4.659858572554316644e-08 4.623314705832308060e-08 4.610834427014789268e-08 4.616181969582199390e-08 4.630340915464585164e-08 4.597339277373541109e-08 4.644394763098466904e-08 4.650098913462272529e-08 4.646900702953994612e-08 4.629621471880292082e-08 4.600789631881932754e-08 4.593593932718894105e-08 4.635524396295754079e-08 4.626587716685565312e-08 4.658088600873065519e-08 4.622271025745841378e-08 4.632530723428098995e-08 4.582914958262327890e-08 4.661864154207064943e-08 4.648261734344850754e-08 4.663616049430387024e-08 4.649845380348497108e-08 4.634045153447371821e-08 4.669987598046314682e-08 4.651485710692996934e-08 4.602756403310816898e-08 4.645891118934006798e-08 4.633360539680005490e-08 4.655603714951779792e-08
4.693940933626011802e-08 4.722085284282827794e-08 4.746457100523746354e-08 4.715392785902302930e-08 4.717231461724413977e-08 4.680535379746795202e-08 4.727769702509263730e-08 4.690831764656666948e-08 4.656000006980573353e-08 4.712080309763909152e-08 4.662541169260991827e-08 4.718576160473169801e-08 4.738897591465386086e-08 4.636879786311028902e-08 4.708658121373791707e-08 4.731927966590511059e-08 4.694771350957030523e-08 4.681864375931257998e-08 4.687391315379794485e-08 4.701855290863226210e-08 4.668261874959856124e-08 4.716212411945603966e-08 4.722006308750819027e-08 4.718752025343731150e-08 4.701101877958642914e-08 4.671744227023070388e-08 4.664420545807492138e-08 4.707184130559743553e-08 4.698003682634151330e-08 4.729980572399799780e-08 4.693793875970124304e-08 4.704132047107407177e-08 4.653747862097987331e-08 4.734055899421521023e-08 4.720069348881368602e-08 4.735852921670982550e-08 4.721750160326398154e-08 4.705581090783663193e-08 4.742229702494431109e-08 4.723499807911879837e-08 4.673841369414675671e-08 4.717767906410247497e-08 4.705030695858252049e-08 4.727649141746801017e-08
4.717267674446150333e-08 4.745584384148787037e-08 4.769988400720961330e-08 4.738839923439131983e-08 4.740652330107059423e-08 4.703738242839601431e-08 4.751273555799959183e-08 4.714108124142179491e-08 4.679129104289381002e-08 4.735472114680044138e-08 4.685683081040616335e-08 4.742020179114925869e-08 4.762484401750230253e-08 4.659858572554316644e-08 4.731927966590511059e-08 4.755537246564855827e-08 4.718080560452269437e-08 4.705059982608224588e-08 4.710659766395082572e-08 4.725178670620069314e-08 4.691403712925176932e-08 4.739665242092323502e-08 4.745472525147856188e-08 4.742239614069828696e-08 4.724424971198029959e-08 4.694936005249207568e-08 4.687552382021049009e-08 4.730591354020388029e-08 4.721307848705665582e-08 4.753527994007427028e-08 4.717082298768950024e-08 4.727523945316948069e-08 4.676844131045851666e-08 4.757625166414476230e-08 4.743539955416771153e-08 4.759420863472291084e-08 4.745206337916785732e-08 4.728981773936928909e-08 4.765833685680180824e-08 4.746862512842941450e-08 4.696999812374781022e-08 4.741132289860083279e-08 4.728464027384317827e-08 4.751090483882899995e-08
4.680257870491388494e-08 4.708359744656191131e-08 4.732609881017372741e-08 4.701608050026679201e-08 4.703488858131545063e-08 4.666870051745751913e-08 4.713997681936246160e-08 4.677087692529383105e-08 4.642433494126786395e-08 4.698358036738620500e-08 4.648969835480655498e-08 4.704830483663261660e-08 4.725049547604790709e-08 4.623314705832308060e-08 4.694771350957030523e-08 4.718080560452269437e-08 4.681208524005104294e-08 4.668256957947067122e-08 4.673733856430021714e-08 4.688120014601701765e-08 4.654640333160862580e-08 4.702501499879153614e-08 4.708239399338872672e-08 4.705020165041670385e-08 4.687370427187177961e-08 4.658187164372813405e-08 4.650858038407160003e-08 4.693513375739298813e-08 4.684311169811082752e-08 4.716164306450239049e-08 4.680002902801717794e-08 4.690435194063905825e-08 4.640117195195710017e-08 4.720183613944898832e-08 4.706356950317833614e-08 4.722031710148564498e-08 4.707969769979173574e-08 4.691887255486383163e-08 4.728347625916359390e-08 4.709675978995577842e-08 4.660158328296676682e-08 4.703913055944457251e-08 4.691388545202909700e-08 4.713790023844598465e-08
4.667406793398739393e-08 4.695409852733653062e-08 4.719521631261297692e-08 4.688558341523467832e-08 4.690637059558486620e-08 4.654153681556135053e-08 4.700946235607007492e-08 4.664224908468655093e-08 4.629748407187343525e-08 4.685489933608529200e-08 4.636286904247693966e-08 4.691850729991776657e-08 4.711933938584432476e-08 4.610834427014789268e-08 4.681864375931257998e-08 4.705059982608224588e-08 4.668256957947067122e-08 4.655670237464152996e-08 4.660998107924765051e-08 4.675287211220394723e-08 4.641949140563086469e-08 4.689523772970862386e-08 4.695228175442964364e-08 4.692085349924371707e-08 4.674542646134289660e-08 4.645469751910857618e-08 4.638203952335925198e-08 4.680589046070206742e-08 4.671526188105217161e-08 4.703277207385657640e-08 4.667156062091173951e-08 4.677491714516965187e-08 4.627427909418796029e-08 4.707086434640295948e-08 4.693449686419155957e-08 4.708952406688140448e-08 4.694983245664437515e-08 4.679082518451805332e-08 4.715323894783266901e-08 4.696648655202669894e-08 4.647444109583326272e-08 4.691033942457026869e-08 4.678382447537404160e-08 4.700883205822581274e-08
4.672902232531510817e-08 4.700937784794500190e-08 4.725062324028080042e-08 4.694137180549032131e-08 4.696084008939939897e-08 4.659560775954612320e-08 4.706485880975562875e-08 4.669736357498545075e-08 4.635160270758780831e-08 4.691003220018228565e-08 4.641700760572355426e-08 4.697366147987823992e-08 4.717551836183269909e-08 4.616181969582199390e-08 4.687391315379794485e-08 4.710659766395082572e-08 4.673733856430021714e-08 4.660998107924765051e-08 4.666452148102160408e-08 4.680757450288560601e-08 4.647367759662182043e-08 4.695034851945252237e-08 4.700774915490159610e-08 4.697595680410216339e-08 4.680022549650877464e-08 4.650887249421687972e-08 4.643589052476511872e-08 4.686082250351641414e-08 4.676949391100715714e-08 4.708816366073066459e-08 4.672637380248502363e-08 4.683031385281204822e-08 4.632831829987730286e-08 4.712708689295848141e-08 4.698939007998367016e-08 4.714510277158972348e-08 4.700558530270522405e-08 4.684524479583260340e-08 4.720903913168646392e-08 4.702183467596225816e-08 4.652902652895712109e-08 4.696552721551881486e-08 4.683905153460025856e-08 4.706373103705532311e-08
4.687290322684910593e-08 4.715418883534675160e-08 4.739650728193186835e-08 4.708655844257618543e-08 4.710562504665051955e-08 4.673952037304372533e-08 4.721023432397935463e-08 4.684157198235287526e-08 4.649431932808350657e-08 4.705419575193207657e-08 4.655971849443020842e-08 4.711870332106146727e-08 4.732095748868776452e-08 4.630340915464585164e-08 4.701855290863226210e-08 4.725178670620069314e-08 4.688120014601701765e-08 4.675287211220394723e-08 4.680757450288560601e-08 4.695212463845344872e-08 4.661660789719036413e-08 4.709544185764642639e-08 4.715254014810323210e-08 4.712029194471378384e-08 4.694433486216233935e-08 4.665160141231806443e-08 4.657860171294681603e-08 4.700518567762376289e-08 4.691344557392745341e-08 4.723275805275698963e-08 4.687089317261518228e-08 4.697443509089155596e-08 4.647116692974618406e-08 4.727250534847130687e-08 4.713414281552795648e-08 4.729079350802560584e-08 4.715025233865385360e-08 4.698916902171227582e-08 4.735474492654952901e-08 4.716711464696880566e-08 4.667211171055907318e-08 4.711004523117648113e-08 4.698321988794361115e-08 4.720876797836419928e-08
4.653849046462795251e-08 4.681761840057371944e-08 4.705801537109053905e-08 4.675005241640542865e-08 4.676939464430913736e-08 4.640580862176972014e-08 4.687296049876597348e-08 4.650683430376858120e-08 4.616264739180335277e-08 4.671874622162931534e-08 4.622738011591470817e-08 4.678214068978409293e-08 4.698272709629095052e-08 4.597339277373541109e-08 4.668261874959856124e-08 4.691403712925176932e-08 4.654640333160862580e-08 4.641949140563086469e-08 4.647367759662182043e-08 4.661660789719036413e-08 4.628436459609871827e-08 4.675909593156480634e-08 4.681593752020560573e-08 4.678406468139239645e-08 4.660915415045584203e-08 4.631864683246466781e-08 4.624636362322376349e-08 4.666962810033051746e-08 4.657856624949615893e-08 4.689582640654844755e-08 4.653570630303585008e-08 4.663887675865299860e-08 4.613934111350946906e-08 4.693519823022660570e-08 4.679759497625298780e-08 4.695301602208579062e-08 4.681357274341859053e-08 4.665387526198339151e-08 4.701663565048621402e-08 4.682979622718899098e-08 4.633871770545657291e-08 4.677343041693129152e-08 4.664764402796028716e-08 4.687164284246374330e-08
4.701672911022262367e-08 4.729905416897578343e-08 4.754225055311640240e-08 4.723138593354280594e-08 4.724972374957040874e-08 4.688215993190923879e-08 4.735525217467389406e-08 4.698476261535541754e-08 4.663644440870512061e-08 4.719815867837412337e-08 4.670176431405909873e-08 4.726324814989316462e-08 4.746646376900241432e-08 4.644394763098466904e-08 4.716212411945603966e-08 4.739665242092323502e-08 4.702501499879153614e-08 4.689523772970862386e-08 4.695034851945252237e-08 4.709544185764642639e-08 4.675909593156480634e-08 4.724041409012165640e-08 4.729726671266755698e-08 4.726493821009253342e-08 4.708773070268975614e-08 4.679402247160154381e-08 4.672063290265365733e-08 4.714957482968306406e-08 4.705681986658713395e-08 4.737700750461153397e-08 4.701417244190749308e-08 4.711818820734573696e-08 4.661344988469967136e-08 4.741804484860540664e-08 4.727844452842492949e-08 4.743639281259835930e-08 4.729470835364794243e-08 4.713295586407559241e-08 4.750023982641534666e-08 4.731136532439984771e-08 4.681400999906550566e-08 4.725367020610079937e-08 4.712747374674064406e-08 4.735325781689695075e-08
4.707377230635028581e-08 4.735618180221854378e-08 4.760025835072944248e-08 4.728891895975611285e-08 4.730723381614266104e-08 4.693862014133464598e-08 4.741318874768231824e-08 4.704176581154757379e-08 4.669329850420026183e-08 4.725562318425651171e-08 4.675844898126027127e-08 4.732075989859674293e-08 4.752474504946042944e-08 4.650098913462272529e-08 4.722006308750819027e-08 4.745472525147856188e-08 4.708239399338872672e-08 4.695228175442964364e-08 4.700774915490159610e-08 4.715254014810323210e-08 4.681593752020560573e-08 4.729726671266755698e-08 4.735593311812663165e-08 4.732309282263855969e-08 4.714502049996918707e-08 4.685098361177976844e-08 4.677725159028941912e-08 4.720683101224333469e-08 4.711442878264109067e-08 4.743531835423170942e-08 4.707132155798672415e-08 4.717599222983204301e-08 4.667017610242414070e-08 4.747644030721634433e-08 4.733610100765201318e-08 4.749446245062783769e-08 4.735231485677239705e-08 4.719082536926451229e-08 4.755814509843532470e-08 4.736946253613883511e-08 4.687098161549170723e-08 4.731182985174924870e-08 4.718566151323412823e-08 4.741150453729854379e-08
4.704220597051362981e-08 4.732436306553484055e-08 4.756772916094822679e-08 4.725637634208902971e-08 4.727527992248861195e-08 4.690670389115974311e-08 4.738076675110052756e-08 4.700964929007336062e-08 4.666157475655467560e-08 4.722353449263095767e-08 4.672655698583271869e-08 4.728821676640567667e-08 4.749246312146162426e-08 4.646900702953994612e-08 4.718752025343731150e-08 4.742239614069828696e-08 4.705020165041670385e-08 4.692085349924371707e-08 4.697595680410216339e-08 4.712029194471378384e-08 4.678406468139239645e-08 4.726493821009253342e-08 4.732309282263855969e-08 4.729188324903439326e-08 4.711288485845446772e-08 4.681899623508606278e-08 4.674547532650675821e-08 4.717488161364050530e-08 4.708210205569954038e-08 4.740318473029256040e-08 4.703920726748837090e-08 4.714361201524639839e-08 4.663842008815962458e-08 4.744406441833619060e-08 4.730429303105066814e-08 4.746248940867529714e-08 4.731995367899830413e-08 4.715880064953266523e-08 4.752564998928450958e-08 4.733667309186382071e-08 4.683920666411985454e-08 4.727975675212387049e-08 4.715342627859020399e-08 4.737994721394328840e-08
4.686532415684620968e-08 4.714687162853064122e-08 4.738910344574257658e-08 4.707887335199310101e-08 4.709810150986271287e-08 4.673163628758736019e-08 4.720255131534112999e-08 4.683393944870494196e-08 4.648673487047582736e-08 4.704700307403509539e-08 4.655257619721071447e-08 4.711101265414906088e-08 4.731334726097821923e-08 4.629621471880292082e-08 4.701101877958642914e-08 4.724424971198029959e-08 4.687370427187177961e-08 4.674542646134289660e-08 4.680022549650877464e-08 4.694433486216233935e-08 4.660915415045584203e-08 4.708773070268975614e-08 4.714502049996918707e-08 4.711288485845446772e-08 4.693715617328082099e-08 4.664428438060198794e-08 4.657093215428435018e-08 4.699751646038114705e-08 4.690580938213945540e-08 4.722511711971674024e-08 4.686293648144204622e-08 4.696691243845136984e-08 4.646376523540135453e-08 4.726523874538486080e-08 4.712637053947491361e-08 4.728300126057088368e-08 4.714263517074536486e-08 4.698163044230264326e-08 4.734705931603628693e-08 4.715972718025661408e-08 4.666415783105509403e-08 4.710232201703328721e-08 4.697566493892137300e-08 4.720104780961894482e-08
4.657295103049617434e-08 4.685269150027587002e-08 4.709310961303579612e-08 4.678477026755430662e-08 4.680430668301462392e-08 4.644027958785438868e-08 4.690764122478766184e-08 4.654165434546094131e-08 4.619696640660595955e-08 4.675355219964891394e-08 4.626262469130844261e-08 4.681706528891305100e-08 4.701812701405393956e-08 4.600789631881932754e-08 4.671744227023070388e-08 4.694936005249207568e-08 4.658187164372813405e-08 4.645469751910857618e-08 4.650887249421687972e-08 4.665160141231806443e-08 4.631864683246466781e-08 4.679402247160154381e-08 4.685098361177976844e-08 4.681899623508606278e-08 4.664428438060198794e-08 4.635429123076355460e-08 4.628098167623868610e-08 4.670466088664612169e-08 4.661378497739042482e-08 4.693095821630698077e-08 4.657035099973404042e-08 4.667416903184489437e-08 4.617389335679187280e-08 4.696935390147066151e-08 4.683250381036603937e-08 4.698751596254521043e-08 4.684872860815234901e-08 4.668908558041591290e-08 4.705135819114859234e-08 4.686510849636702237e-08 4.637359700319010752e-08 4.680868691409020142e-08 4.668316520747099099e-08 4.690640734437703126e-08
4.650017623262305647e-08 4.677903979057652782e-08 4.701922785104167156e-08 4.671148420784993013e-08 4.673117145117237889e-08 4.636799321221294439e-08 4.683480020197582479e-08 4.646857527380699107e-08 4.612485544309554213e-08 4.668038074205979061e-08 4.618959964856499478e-08 4.674404283881813556e-08 4.694391623978570310e-08 4.593593932718894105e-08 4.664420545807492138e-08 4.687552382021049009e-08 4.650858038407160003e-08 4.638203952335925198e-08 4.643589052476511872e-08 4.657860171294681603e-08 4.624636362322376349e-08 4.672063290265365733e-08 4.677725159028941912e-08 4.674547532650675821e-08 4.657093215428435018e-08 4.628098167623868610e-08 4.620952392020450218e-08 4.663143928629237834e-08 4.654038198831399053e-08 4.685746059440046227e-08 4.649802420450136631e-08 4.660094909559141537e-08 4.610146806836492978e-08 4.689592245485018786e-08 4.675925447716871535e-08 4.691431581515740693e-08 4.677511501715797639e-08 4.661603314837270923e-08 4.697773341391971916e-08 4.679127255045278404e-08 4.630151338784942522e-08 4.673520064604281414e-08 4.660952907957704195e-08 4.683292199419061940e-08
4.692676812215300304e-08 4.720843042726286696e-08 4.745109648229725477e-08 4.714065259221550599e-08 4.715929035393348340e-08 4.679220179553345748e-08 4.726451797853165077e-08 4.689466880611767331e-08 4.654721577323383742e-08 4.710795301379246473e-08 4.661231436872607623e-08 4.717265725796317086e-08 4.737568667533845499e-08 4.635524396295754079e-08 4.707184130559743553e-08 4.730591354020388029e-08 4.693513375739298813e-08 4.680589046070206742e-08 4.686082250351641414e-08 4.700518567762376289e-08 4.666962810033051746e-08 4.714957482968306406e-08 4.720683101224333469e-08 4.717488161364050530e-08 4.699751646038114705e-08 4.670466088664612169e-08 4.663143928629237834e-08 4.705940928795544742e-08 4.696682310007428858e-08 4.728678896374855894e-08 4.692410833710410979e-08 4.702819084939768159e-08 4.652414673356717356e-08 4.732722024583908542e-08 4.718812311418008257e-08 4.734562894974829812e-08 4.720421049825061190e-08 4.704317885470144451e-08 4.740917053174407605e-08 4.722062167646841553e-08 4.672477095291813649e-08 4.716367609074379169e-08 4.703773687473492417e-08 4.726296582033255948e-08
4.683417166499041884e-08 4.711488474371543327e-08 4.735806672489914167e-08 4.704775613451084419e-08 4.706736104315749975e-08 4.670125699080972722e-08 4.717171373605351754e-08 4.680295319145902657e-08 4.645650624389940332e-08 4.701535864511873157e-08 4.652156231827880793e-08 4.708020586947980794e-08 4.728241101969643576e-08 4.626587716685565312e-08 4.698003682634151330e-08 4.721307848705665582e-08 4.684311169811082752e-08 4.671526188105217161e-08 4.676949391100715714e-08 4.691344557392745341e-08 4.657856624949615893e-08 4.705681986658713395e-08 4.711442878264109067e-08 4.708210205569954038e-08 4.690580938213945540e-08 4.661378497739042482e-08 4.654038198831399053e-08 4.696682310007428858e-08 4.687625740234638880e-08 4.719430183068818155e-08 4.683240834636025877e-08 4.693597493230263160e-08 4.643353048335979454e-08 4.723360787938488273e-08 4.709577731822922483e-08 4.725211194070715222e-08 4.711161381787315412e-08 4.695129640755581500e-08 4.731606071325357363e-08 4.712849417630100968e-08 4.663386915052132201e-08 4.707163046033721497e-08 4.694560228065571260e-08 4.717045143906128814e-08
4.715374025710692141e-08 4.743659011993975766e-08 4.768004387872388221e-08 4.736842914424315847e-08 4.738761558344666385e-08 4.701872464681150802e-08 4.749263250563428200e-08 4.712173801455573103e-08 4.677279793933422958e-08 4.733634911203633646e-08 4.683818707227123564e-08 4.740062376616242136e-08 4.760473880606592510e-08 4.658088600873065519e-08 4.729980572399799780e-08 4.753527994007427028e-08 4.716164306450239049e-08 4.703277207385657640e-08 4.708816366073066459e-08 4.723275805275698963e-08 4.689582640654844755e-08 4.737700750461153397e-08 4.743531835423170942e-08 4.740318473029256040e-08 4.722511711971674024e-08 4.693095821630698077e-08 4.685746059440046227e-08 4.728678896374855894e-08 4.719430183068818155e-08 4.751684595306123095e-08 4.715120827054550960e-08 4.725598605453229740e-08 4.674951667711550724e-08 4.755640040003441838e-08 4.741641968113138388e-08 4.757432724748878120e-08 4.743256985548217722e-08 4.727146695018732930e-08 4.763871016582497763e-08 4.744860376722875155e-08 4.695149739599289665e-08 4.739259657951933234e-08 4.726559621984683711e-08 4.749181395148086715e-08
4.679174957111408469e-08 4.707228855531266814e-08 4.731508315100679101e-08 4.700574935743261768e-08 4.702414210248621909e-08 4.665857564708880302e-08 4.712961737314826111e-08 4.676085805756124099e-08 4.641384527253634624e-08 4.697237897598120657e-08 4.647855378164679006e-08 4.703782718773170572e-08 4.724010931653824046e-08 4.622271025745841378e-08 4.693793875970124304e-08 4.717082298768950024e-08 4.680002902801717794e-08 4.667156062091173951e-08 4.672637380248502363e-08 4.687089317261518228e-08 4.653570630303585008e-08 4.701417244190749308e-08 4.707132155798672415e-08 4.703920726748837090e-08 4.686293648144204622e-08 4.657035099973404042e-08 4.649802420450136631e-08 4.692410833710410979e-08 4.683240834636025877e-08 4.715120827054550960e-08 4.679122129494583842e-08 4.689350947887282484e-08 4.639126973174466065e-08 4.719137934796687923e-08 4.705236291440306894e-08 4.720999429555794785e-08 4.706887445780835337e-08 4.690815200531392840e-08 4.727345749510806158e-08 4.708588334290941832e-08 4.659187204168051616e-08 4.702894254537204144e-08 4.690258145259274099e-08 4.712764531185716884e-08
4.689561820538119294e-08 4.717706841086832093e-08 4.741972132165592852e-08 4.710976061775932565e-08 4.712812142241460195e-08 4.676132301516826702e-08 4.723352350340174051e-08 4.686413470268448917e-08 4.651665571604537490e-08 4.707716695314865116e-08 4.658196425622439763e-08 4.714172139237193236e-08 4.734474258998926049e-08 4.632530723428098995e-08 4.704132047107407177e-08 4.727523945316948069e-08 4.690435194063905825e-08 4.677491714516965187e-08 4.683031385281204822e-08 4.697443509089155596e-08 4.663887675865299860e-08 4.711818820734573696e-08 4.717599222983204301e-08 4.714361201524639839e-08 4.696691243845136984e-08 4.667416903184489437e-08 4.660094909559141537e-08 4.702819084939768159e-08 4.693597493230263160e-08 4.725598605453229740e-08 4.689350947887282484e-08 4.699782150197957163e-08 4.649349428538489836e-08 4.729612052585226197e-08 4.715688931509548647e-08 4.731414146998142346e-08 4.717344020780740011e-08 4.701220257572911075e-08 4.737792714126126191e-08 4.719003686590706405e-08 4.669463203915897246e-08 4.713302697143918847e-08 4.700704257663251397e-08 4.723156235459077726e-08
4.639305998813098046e-08 4.667151024876752688e-08 4.691215012721454656e-08 4.660488918961887389e-08 4.662364270343082561e-08 4.626077089422146303e-08 4.672703323776930777e-08 4.636196034110865373e-08 4.601821235431786913e-08 4.657261141432118448e-08 4.608288840105716390e-08 4.663650656429177187e-08 4.683711990190290050e-08 4.582914958262327890e-08 4.653747862097987331e-08 4.676844131045851666e-08 4.640117195195710017e-08 4.627427909418796029e-08 4.632831829987730286e-08 4.647116692974618406e-08 4.613934111350946906e-08 4.661344988469967136e-08 4.667017610242414070e-08 4.663842008815962458e-08 4.646376523540135453e-08 4.617389335679187280e-08 4.610146806836492978e-08 4.652414673356717356e-08 4.643353048335979454e-08 4.674951667711550724e-08 4.639126973174466065e-08 4.649349428538489836e-08 4.599630110558770307e-08 4.678943310820210495e-08 4.665159894864124350e-08 4.680732680145270299e-08 4.666744386364630988e-08 4.650881688213466493e-08 4.687058704185214343e-08 4.668446099985077766e-08 4.619389779740802005e-08 4.662826884728124547e-08 4.650286202016889863e-08 4.672612051024182412e-08
4.719432933724727432e-08 4.747767970239046148e-08 4.772231449838301222e-08 4.741018257579767565e-08 4.742787802048670984e-08 4.705798421812006812e-08 4.753442590336385481e-08 4.716194417755898815e-08 4.681202156604889735e-08 4.737664552299012109e-08 4.687698621288351246e-08 4.744153762742933599e-08 4.764623875708913749e-08 4.661864154207064943e-08 4.734055899421521023e-08 4.757625166414476230e-08 4.720183613944898832e-08 4.707086434640295948e-08 4.712708689295848141e-08 4.727250534847130687e-08 4.693519823022660570e-08 4.741804484860540664e-08 4.747644030721634433e-08 4.744406441833619060e-08 4.726523874538486080e-08 4.696935390147066151e-08 4.689592245485018786e-08 4.732722024583908542e-08 4.723360787938488273e-08 4.755640040003441838e-08 4.719137934796687923e-08 4.729612052585226197e-08 4.678943310820210495e-08 4.759966004380167534e-08 4.745706480553116504e-08 4.761665686316661377e-08 4.747320359536161090e-08 4.731106853365610268e-08 4.768036343622158472e-08 4.749029103197613618e-08 4.698992110303190702e-08 4.743268829985297711e-08 4.730590214897182240e-08 4.753288343450274105e-08
4.705552160251016327e-08 4.733762997847541509e-08 4.758107086584605542e-08 4.726964580247518447e-08 4.728878660602978496e-08 4.692079496568693808e-08 4.739392506980356828e-08 4.702312958767390232e-08 4.667497559344811898e-08 4.723704474027875996e-08 4.674001991340849685e-08 4.730165810894497979e-08 4.750510158768855496e-08 4.648261734344850754e-08 4.720069348881368602e-08 4.743539955416771153e-08 4.706356950317833614e-08 4.693449686419155957e-08 4.698939007998367016e-08 4.713414281552795648e-08 4.679759497625298780e-08 4.727844452842492949e-08 4.733610100765201318e-08 4.730429303105066814e-08 4.712637053947491361e-08 4.683250381036603937e-08 4.675925447716871535e-08 4.718812311418008257e-08 4.709577731822922483e-08 4.741641968113138388e-08 4.705236291440306894e-08 4.715688931509548647e-08 4.665159894864124350e-08 4.745706480553116504e-08 4.731832225237805649e-08 4.747538729056347658e-08 4.733362366406931867e-08 4.717204412948814475e-08 4.753913018932746910e-08 4.735023211809648836e-08 4.685302491118056927e-08 4.729333424000319163e-08 4.716619281547572427e-08 4.739294444410704547e-08
4.721235477697927250e-08 4.749549826050771863e-08 4.774047929364582841e-08 4.742813351110300130e-08 4.744620802562772987e-08 4.707642719701778361e-08 4.755289169911020109e-08 4.717986962302855050e-08 4.683009112659219311e-08 4.739404585603705161e-08 4.689482624515774003e-08 4.745986364939572456e-08 4.766454182260499310e-08 4.663616049430387024e-08 4.735852921670982550e-08 4.759420863472291084e-08 4.722031710148564498e-08 4.708952406688140448e-08 4.714510277158972348e-08 4.729079350802560584e-08 4.695301602208579062e-08 4.743639281259835930e-08 4.749446245062783769e-08 4.746248940867529714e-08 4.728300126057088368e-08 4.698751596254521043e-08 4.691431581515740693e-08 4.734562894974829812e-08 4.725211194070715222e-08 4.757432724748878120e-08 4.720999429555794785e-08 4.731414146998142346e-08 4.680732680145270299e-08 4.761665686316661377e-08 4.747538729056347658e-08 4.763507216073285214e-08 4.749119876291107627e-08 4.732923149870323144e-08 4.769819659931960208e-08 4.750834469236664496e-08 4.700836665013128188e-08 4.745076485592611498e-08 4.732414806844672239e-08 4.755137781694491207e-08
