8.778813742938775761e-09 8.851128115903060576e-09 8.914071691570577229e-09 8.809836351096938194e-09 8.819797637543366138e-09 8.733875963457482435e-09 8.837493107409864083e-09 8.802472804530610662e-09 8.718089531026359713e-09 8.802549896452381105e-09 8.708272176767006296e-09 8.838004562034012237e-09 8.858201679303570910e-09 8.654038740792516163e-09 8.810493576597789251e-09 8.830416925140304356e-09 8.777247181821428043e-09 8.721759987368194224e-09 8.765472394204078899e-09 8.784297971100337785e-09 8.733796233418368269e-09 8.827182224806973267e-09 8.824342745387754433e-09 8.822300757208333365e-09 8.770550221269558274e-09 8.721809625931972380e-09 8.685955737125851056e-09 8.796149858744897624e-09 8.747583210268705619e-09 8.837912357241495247e-09 8.791085231158163013e-09 8.813942755389455073e-09 8.717511219186224754e-09 8.859544357171769167e-09 8.825032084806973432e-09 8.862725714011905150e-09 8.834404460756801222e-09 8.794139429848637669e-09 8.902349916631802880e-09 8.833077494586733505e-09 8.716105986515305759e-09 8.838679177541665120e-09 8.773795777819726706e-09 8.849172912222788879e-09
8.851128115903060576e-09 8.932497117367346647e-09 8.994487767469387968e-09 8.887445815799320366e-09 8.895909155537414076e-09 8.803514452731291346e-09 8.916504677183674319e-09 8.875500344673467966e-09 8.784884672996599789e-09 8.878022071119049052e-09 8.777401910957481757e-09 8.913910925998299226e-09 8.937858243011904409e-09 8.718615104518707275e-09 8.886432632651359765e-09 8.908691801003401442e-09 8.851060627988093214e-09 8.792020965850338423e-09 8.837846803323130543e-09 8.858558805457483006e-09 8.803025878954081193e-09 8.902364978253401634e-09 8.902727738530613513e-09 8.898567584416666966e-09 8.842989592096936268e-09 8.792653998003401340e-09 8.752761633435370728e-09 8.872364341971085016e-09 8.820911730494896729e-09 8.914698013896257531e-09 8.863048109229593727e-09 8.888478719818023557e-09 8.785387952513602700e-09 8.939899503195577748e-09 8.901936031586734110e-09 8.943678672011904610e-09 8.911987555399658847e-09 8.870009453336733980e-09 8.981693463399653936e-09 8.911064774241495137e-09 8.785642731253400138e-09 8.915531474249998004e-09 8.849303802034013559e-09 8.926442462234690710e-09
8.914071691570577229e-09 8.994487767469387968e-09 9.058839632877551168e-09 8.950225607572279190e-09 8.958721364899659307e-09 8.866207189091836571e-09 8.978883323901360364e-09 8.938871994443876199e-09 8.848384391444726688e-09 8.941136247101190257e-09 8.840428598121597953e-09 8.977279348868197349e-09 9.000410097505952406e-09 8.781123701283161350e-09 8.949419950563776818e-09 8.971265900471938091e-09 8.914473152452381136e-09 8.854722688193025599e-09 8.900603242834182181e-09 8.920815469288264535e-09 8.865857286649659563e-09 8.965847510846940183e-09 8.964972071872448457e-09 8.961258035666664316e-09 8.905581524137753383e-09 8.855609898096938400e-09 8.816183274783162316e-09 8.934725654717688633e-09 8.883507440771256415e-09 8.977561097918367009e-09 8.926300682418365306e-09 8.951756305855440920e-09 8.848511650179421461e-09 9.002655753782313027e-09 8.964498738138603307e-09 9.006389569422619976e-09 8.974405517431974495e-09 8.932693504055270709e-09 9.045042848765306069e-09 8.974227910882654170e-09 8.849067600721937169e-09 8.977973764249999358e-09 8.912525028594387310e-09 8.989387627022109370e-09
8.809836351096938194e-09 8.887445815799320366e-09 8.950225607572279190e-09 8.846539447534013467e-09 8.853735149587582819e-09 8.764143274268706683e-09 8.873091679982992392e-09 8.834165563409862215e-09 8.746337029128401873e-09 8.835875322380951848e-09 8.738500930459181785e-09 8.872606342585032743e-09 8.894220077946427624e-09 8.682029862397960045e-09 8.844465186806972862e-09 8.865976740454931117e-09 8.810557324345237119e-09 8.752436848107992111e-09 8.798012195926872685e-09 8.816675853792519420e-09 8.763863368962583047e-09 8.860137354204930824e-09 8.860533734302719416e-09 8.856080535208334838e-09 8.802170224528062114e-09 8.752668231496601652e-09 8.715625017814626216e-09 8.830713430195579182e-09 8.780285790255099342e-09 8.872332147270407345e-09 8.822837095603738543e-09 8.846891429098638865e-09 8.747141693278060033e-09 8.896854977304420833e-09 8.859096895871599038e-09 8.899805388154761512e-09 8.869936011267007732e-09 8.828189015246598411e-09 8.938615149392006118e-09 8.868185368758499934e-09 8.746814538163265582e-09 8.873073840208331218e-09 8.807644204965986347e-09 8.883729608681975385e-09
8.819797637543366138e-09 8.895909155537414076e-09 8.958721364899659307e-09 8.853735149587582819e-09 8.864092375557824213e-09 8.775288585804421155e-09 8.881815943268706710e-09 8.844450442957482012e-09 8.757483369937926046e-09 8.845414036005951554e-09 8.748702412536564625e-09 8.881243937531462688e-09 8.902547662279758521e-09 8.693649132403911053e-09 8.853473753783161391e-09 8.874696283728737824e-09 8.819949680511903772e-09 8.762856632393705755e-09 8.807494031147108136e-09 8.827169647286561927e-09 8.774885611224487628e-09 8.869851084853740516e-09 8.868666696433671509e-09 8.865470384916667293e-09 8.812375148748299779e-09 8.763404508270405233e-09 8.725947633320578463e-09 8.839566570326532578e-09 8.789685376344385057e-09 8.881265514877550238e-09 8.832648837544218530e-09 8.856779704658163810e-09 8.757785662289965060e-09 8.904212639756803088e-09 8.868076612562074324e-09 8.907900001779760792e-09 8.878249628231292460e-09 8.837510709895410122e-09 8.946890798897957768e-09 8.876868713948978460e-09 8.757439576978741109e-09 8.882298854833331991e-09 8.817309375995746200e-09 8.892802872741497723e-09
8.733875963457482435e-09 8.803514452731291346e-09 8.866207189091836571e-09 8.764143274268706683e-09 8.775288585804421155e-09 8.694811729639455274e-09 8.790886143948980301e-09 8.759655906562925280e-09 8.677258197510203027e-09 8.757544889726190397e-09 8.667875068127549934e-09 8.793588872671769556e-09 8.810225720464286185e-09 8.616997883360541994e-09 8.765117501295919517e-09 8.784779039489792309e-09 8.733811365035712525e-09 8.680170440365646625e-09 8.723028613863944717e-09 8.740859721627552239e-09 8.693507536054422408e-09 8.782308335406463079e-09 8.778907768074829382e-09 8.777825770333334399e-09 8.728443136375850865e-09 8.680440358823129830e-09 8.646505948860543928e-09 8.750926189586735477e-09 8.704517004681973706e-09 8.792644801144555572e-09 8.748566365477890315e-09 8.770250290712585320e-09 8.677314767625851480e-09 8.812265105913267595e-09 8.779577089156465257e-09 8.815582182880951439e-09 8.789175254634352769e-09 8.749952515656461388e-09 8.856335610717686023e-09 8.787539846942175065e-09 8.675164826489793583e-09 8.793548769416663751e-09 8.730367305481291527e-09 8.803653235879252801e-09
8.837493107409864083e-09 8.916504677183674319e-09 8.978883323901360364e-09 8.873091679982992392e-09 8.881815943268706710e-09 8.790886143948980301e-09 8.902550338925168437e-09 8.861576431336732491e-09 8.772469347498298740e-09 8.863912325809523374e-09 8.764916130103740329e-09 8.899810797124150621e-09 8.923117978464286038e-09 8.707526785967687235e-09 8.872359835617348823e-09 8.894240374668366959e-09 8.837591916452380917e-09 8.779249290841838869e-09 8.824921714078231338e-09 8.844941620770407941e-09 8.790465521768704512e-09 8.888244144585033333e-09 8.888195224348639629e-09 8.884309455500000543e-09 8.829905690256803385e-09 8.779706537001700199e-09 8.740893905051019175e-09 8.858220280277211434e-09 8.807792225539113855e-09 8.900311849739796709e-09 8.849533537906459838e-09 8.874839943700678337e-09 8.773242148590135636e-09 8.924731183806122217e-09 8.887437061668365190e-09 8.928447662714285682e-09 8.897806987074829142e-09 8.856005888918369117e-09 8.967129484741495628e-09 8.896576074537414433e-09 8.773120742668367180e-09 8.901584807249997426e-09 8.835185909433671361e-09 8.912184138534011753e-09
8.802472804530610662e-09 8.875500344673467966e-09 8.938871994443876199e-09 8.834165563409862215e-09 8.844450442957482012e-09 8.759655906562925280e-09 8.861576431336732491e-09 8.829380640734694296e-09 8.743350168465985837e-09 8.826679311440475885e-09 8.733673274408162510e-09 8.863751289316324760e-09 8.882077883119048350e-09 8.679500680353739438e-09 8.835352212263605201e-09 8.855188915450679563e-09 8.802419487964285238e-09 8.746991233086734164e-09 8.790669394397958610e-09 8.809507251574829529e-09 8.759163137457480995e-09 8.851889574034013096e-09 8.849118847889452997e-09 8.846855869333332750e-09 8.795537203302721610e-09 8.746712515117345927e-09 8.711104581020409972e-09 8.820292685044218405e-09 8.772856767532309842e-09 8.862675819462584309e-09 8.815821918712584506e-09 8.839121820096936693e-09 8.742864376219388597e-09 8.883977972289116898e-09 8.849452906117350500e-09 8.887277732869046965e-09 8.859086291496597695e-09 8.819234587700681016e-09 8.927417388913263683e-09 8.858088105664965220e-09 8.741374005617345914e-09 8.863713839499999030e-09 8.799467275840133819e-09 8.874141291013606735e-09
8.718089531026359713e-09 8.784884672996599789e-09 8.848384391444726688e-09 8.746337029128401873e-09 8.757483369937926046e-09 8.677258197510203027e-09 8.772469347498298740e-09 8.743350168465985837e-09 8.664386091933673498e-09 8.739986993529760164e-09 8.651671108920917609e-09 8.776297718383502715e-09 8.792152595273808530e-09 8.601383909531463573e-09 8.748086564743199330e-09 8.766472683316323588e-09 8.717456526559523244e-09 8.664127781581630934e-09 8.706658382842686019e-09 8.723297780087584253e-09 8.677175717729591025e-09 8.764629418691325885e-09 8.759469514346939828e-09 8.759568274208331538e-09 8.711380364890305545e-09 8.663888777816324552e-09 8.631404233031463728e-09 8.733382409394555562e-09 8.687453530567176683e-09 8.774916792518704685e-09 8.732347458268703324e-09 8.753090602326531291e-09 8.661762701348640763e-09 8.793746859522109872e-09 8.761323700149657276e-09 8.796200516148806427e-09 8.770933508418365888e-09 8.732612592107993956e-09 8.837434959543366858e-09 8.768877012625849427e-09 8.659702720024658572e-09 8.775213242374999625e-09 8.713231996621597019e-09 8.786259873493195983e-09
8.802549896452381105e-09 8.878022071119049052e-09 8.941136247101190257e-09 8.835875322380951848e-09 8.845414036005951554e-09 8.757544889726190397e-09 8.863912325809523374e-09 8.826679311440475885e-09 8.739986993529760164e-09 8.829259583166665306e-09 8.731936348642856778e-09 8.863548162785715728e-09 8.884767763625000817e-09 8.675475565940476959e-09 8.835923718279761132e-09 8.857097177886903639e-09 8.802235673083331801e-09 8.745355757767859542e-09 8.789860124797618807e-09 8.809288046642857380e-09 8.756957121130952264e-09 8.852729761470237913e-09 8.851120106690476228e-09 8.847939470375000954e-09 8.795009237422618675e-09 8.746000464011902250e-09 8.708482766607143183e-09 8.821684692357140582e-09 8.772017887940475763e-09 8.864054040678573497e-09 8.815452408678572330e-09 8.839025804238093508e-09 8.740371189505950050e-09 8.886821900392857760e-09 8.850996497720237148e-09 8.890014489416665963e-09 8.860110222023806215e-09 8.819469588678569438e-09 8.929451795482143154e-09 8.859632245928573012e-09 8.739954556595240476e-09 8.864281469708334516e-09 8.799116616869047294e-09 8.874814952238094114e-09
8.708272176767006296e-09 8.777401910957481757e-09 8.840428598121597953e-09 8.738500930459181785e-09 8.748702412536564625e-09 8.667875068127549934e-09 8.764916130103740329e-09 8.733673274408162510e-09 8.651671108920917609e-09 8.731936348642856778e-09 8.644405143115644221e-09 8.767811860064625713e-09 8.783989399339285552e-09 8.591222987539113602e-09 8.739403662539965605e-09 8.758846504162412468e-09 8.708426156119045728e-09 8.655005930812073133e-09 8.697469145971086020e-09 8.715137057782312533e-09 8.667530641411561080e-09 8.756263068995748908e-09 8.753144353586732446e-09 8.751762678708334649e-09 8.702466755024658829e-09 8.655204338204082066e-09 8.621031625705780750e-09 8.724990008598638914e-09 8.678984711027208850e-09 8.767267160108843553e-09 8.722922021858842967e-09 8.744470631831632039e-09 8.652135294607990521e-09 8.785960069568027493e-09 8.753900311495747347e-09 8.788371145964285750e-09 8.763114784396255824e-09 8.723734214954079361e-09 8.830304247437922730e-09 8.761681942739795731e-09 8.650097868287415149e-09 8.767393242624998753e-09 8.704175708790813465e-09 8.777143740248300038e-09
8.838004562034012237e-09 8.913910925998299226e-09 8.977279348868197349e-09 8.872606342585032743e-09 8.881243937531462688e-09 8.793588872671769556e-09 8.899810797124150621e-09 8.863751289316324760e-09 8.776297718383502715e-09 8.863548162785715728e-09 8.767811860064625713e-09 8.901993630462584240e-09 8.921142823220237096e-09 8.711873736661564538e-09 8.872217575954933124e-09 8.893102638949825973e-09 8.838542730071426968e-09 8.781535268082481267e-09 8.825899605108844656e-09 8.844994860814623820e-09 8.792940049489796292e-09 8.888323457866498828e-09 8.887295449840136909e-09 8.884135181291668092e-09 8.830859547007654805e-09 8.781841784908162203e-09 8.744828196828230254e-09 8.858132586613949453e-09 8.808343162637754295e-09 8.900228729967686926e-09 8.851824656551020619e-09 8.875224399579933326e-09 8.776813067840982746e-09 8.923567108552720316e-09 8.886538790366494768e-09 8.926390003261904260e-09 8.897082854209185608e-09 8.856290148574829714e-09 8.965360523667518644e-09 8.896013831979593415e-09 8.775617347324829988e-09 8.901287058625001772e-09 8.835995371081634131e-09 8.911771912829931035e-09
8.858201679303570910e-09 8.937858243011904409e-09 9.000410097505952406e-09 8.894220077946427624e-09 8.902547662279758521e-09 8.810225720464286185e-09 8.923117978464286038e-09 8.882077883119048350e-09 8.792152595273808530e-09 8.884767763625000817e-09 8.783989399339285552e-09 8.921142823220237096e-09 8.946316278083332927e-09 8.725721246494047416e-09 8.893778498523809145e-09 8.914948992976190426e-09 8.858264737416666965e-09 8.799075793214284314e-09 8.845261675696427587e-09 8.865436500339285152e-09 8.809911428571426192e-09 8.909752215767854610e-09 8.909643655285713666e-09 8.905587455958334638e-09 8.849915625113093613e-09 8.799169653559522181e-09 8.760032141994047919e-09 8.879696462452381035e-09 8.828120937577379439e-09 8.921334546476189959e-09 8.870090139559522318e-09 8.894834936273808661e-09 8.792424246988093768e-09 8.946774404714285808e-09 8.908662939309524210e-09 8.950896430291666981e-09 8.918590599702380928e-09 8.876604769351190221e-09 8.988483917660714257e-09 8.917874063642856505e-09 8.792274655184524175e-09 8.922502783375000016e-09 8.855757363886904594e-09 8.933290018523809300e-09
8.654038740792516163e-09 8.718615104518707275e-09 8.781123701283161350e-09 8.682029862397960045e-09 8.693649132403911053e-09 8.616997883360541994e-09 8.707526785967687235e-09 8.679500680353739438e-09 8.601383909531463573e-09 8.675475565940476959e-09 8.591222987539113602e-09 8.711873736661564538e-09 8.725721246494047416e-09 8.544850185972788610e-09 8.682709949662416094e-09 8.702026929468537035e-09 8.653983087630952083e-09 8.602873447759354201e-09 8.644285271886054472e-09 8.660458910372449649e-09 8.616720980612243748e-09 8.700483977135203127e-09 8.695418899091835724e-09 8.695203123374998810e-09 8.648890281582482857e-09 8.602940172510202615e-09 8.572117029056121751e-09 8.669196762829930716e-09 8.625044879151359893e-09 8.710426317272108704e-09 8.670352932605440643e-09 8.689621419954081697e-09 8.601740987832484233e-09 8.727417659003400346e-09 8.696812326301871643e-09 8.729781831119046848e-09 8.706919118282311653e-09 8.668927120760203135e-09 8.772034313573979339e-09 8.704195751307823916e-09 8.598526448676870210e-09 8.711116665708331235e-09 8.649006796268708106e-09 8.720694959454082479e-09
8.810493576597789251e-09 8.886432632651359765e-09 8.949419950563776818e-09 8.844465186806972862e-09 8.853473753783161391e-09 8.765117501295919517e-09 8.872359835617348823e-09 8.835352212263605201e-09 8.748086564743199330e-09 8.835923718279761132e-09 8.739403662539965605e-09 8.872217575954933124e-09 8.893778498523809145e-09 8.682709949662416094e-09 8.845654154886054995e-09 8.865168297840136480e-09 8.810286847642856626e-09 8.753328931700680853e-09 8.797531355604591123e-09 8.817473345289965748e-09 8.765098978741495841e-09 8.860574849215136328e-09 8.859549737477890905e-09 8.856579717791666849e-09 8.802744583152211064e-09 8.753352981423469690e-09 8.715885190829081531e-09 8.830001931858844021e-09 8.780529343281462745e-09 8.871966056959184544e-09 8.822938199709183956e-09 8.846893589636054497e-09 8.747858113360544571e-09 8.895561589724489391e-09 8.859450767340138251e-09 8.898679199232144241e-09 8.869063654549320801e-09 8.827578020215135307e-09 8.937403173674320594e-09 8.868042731816326784e-09 8.747108142715135561e-09 8.873191409958332346e-09 8.807570388443026777e-09 8.883398514052720469e-09
8.830416925140304356e-09 8.908691801003401442e-09 8.971265900471938091e-09 8.865976740454931117e-09 8.874696283728737824e-09 8.784779039489792309e-09 8.894240374668366959e-09 8.855188915450679563e-09 8.766472683316323588e-09 8.857097177886903639e-09 8.758846504162412468e-09 8.893102638949825973e-09 8.914948992976190426e-09 8.702026929468537035e-09 8.865168297840136480e-09 8.888163840433672791e-09 8.831216139523808874e-09 8.773122087585034208e-09 8.817866285573978731e-09 8.838098717079080499e-09 8.784728717687073766e-09 8.881270584392005603e-09 8.881189030986393480e-09 8.877458612291665300e-09 8.823259478609692352e-09 8.773788782517006895e-09 8.735023399468537430e-09 8.851470163188773950e-09 8.800922710599489759e-09 8.893668359897958268e-09 8.843321849897958371e-09 8.868179301590135263e-09 8.767424440068026334e-09 8.917659163061225437e-09 8.880063235433672264e-09 8.920329017767856555e-09 8.890407493664965873e-09 8.848922273558674162e-09 8.959577915123298413e-09 8.889571978707482391e-09 8.766961163142005734e-09 8.894542575624998408e-09 8.828378322461733376e-09 8.904426722840134455e-09
8.777247181821428043e-09 8.851060627988093214e-09 8.914473152452381136e-09 8.810557324345237119e-09 8.819949680511903772e-09 8.733811365035712525e-09 8.837591916452380917e-09 8.802419487964285238e-09 8.717456526559523244e-09 8.802235673083331801e-09 8.708426156119045728e-09 8.838542730071426968e-09 8.858264737416666965e-09 8.653983087630952083e-09 8.810286847642856626e-09 8.831216139523808874e-09 8.779403803999999015e-09 8.721674275119046439e-09 8.765838017761902241e-09 8.784503433119047236e-09 8.733674625595237430e-09 8.827210318440475798e-09 8.825056721880953285e-09 8.822052909833332711e-09 8.770695210345238595e-09 8.722202381523809567e-09 8.685529843214285723e-09 8.796700950797619580e-09 8.747672390630950151e-09 8.838037461107140379e-09 8.791535716023808123e-09 8.814256527309522856e-09 8.717387906178571793e-09 8.860239071035714700e-09 8.824710884273807732e-09 8.863265358500001171e-09 8.834457514880952897e-09 8.794608336023809528e-09 8.903513709130952655e-09 8.833583747523808747e-09 8.716634307690475630e-09 8.838837635499999623e-09 8.774647750988095569e-09 8.849022810559525665e-09
8.721759987368194224e-09 8.792020965850338423e-09 8.854722688193025599e-09 8.752436848107992111e-09 8.762856632393705755e-09 8.680170440365646625e-09 8.779249290841838869e-09 8.746991233086734164e-09 8.664127781581630934e-09 8.745355757767859542e-09 8.655005930812073133e-09 8.781535268082481267e-09 8.799075793214284314e-09 8.602873447759354201e-09 8.753328931700680853e-09 8.773122087585034208e-09 8.721674275119046439e-09 8.668300285841836048e-09 8.710389337036563523e-09 8.728805159145407985e-09 8.680300896768705561e-09 8.769850552793367045e-09 8.766901545765307655e-09 8.765268470208333167e-09 8.715049213465135278e-09 8.667645584668367603e-09 8.633035618176020147e-09 8.739149835527209920e-09 8.692201481330782445e-09 8.780795904906461973e-09 8.736072191573128408e-09 8.757886547117345849e-09 8.663896633256802304e-09 8.800664211972788562e-09 8.767274237168367955e-09 8.803402005089285210e-09 8.777026522491497414e-09 8.737725932793365811e-09 8.844178657699828455e-09 8.775785452704080456e-09 8.662581705710034600e-09 8.781545066458331802e-09 8.717657513558672170e-09 8.791135256700679161e-09
8.765472394204078899e-09 8.837846803323130543e-09 8.900603242834182181e-09 8.798012195926872685e-09 8.807494031147108136e-09 8.723028613863944717e-09 8.824921714078231338e-09 8.790669394397958610e-09 8.706658382842686019e-09 8.789860124797618807e-09 8.697469145971086020e-09 8.825899605108844656e-09 8.845261675696427587e-09 8.644285271886054472e-09 8.797531355604591123e-09 8.817866285573978731e-09 8.765838017761902241e-09 8.710389337036563523e-09 8.755899918653060432e-09 8.772710175387754197e-09 8.722563207355440040e-09 8.814648771740645321e-09 8.812084310207480061e-09 8.809590375708331809e-09 8.758919224087583744e-09 8.710027800198978794e-09 8.675116484302721567e-09 8.783805695183671774e-09 8.736015439076529509e-09 8.825196464722787743e-09 8.779468345806121472e-09 8.801868784312924541e-09 8.706649822004250705e-09 8.846544110149658318e-09 8.812310386740644952e-09 8.849922461404761727e-09 8.822207208588435371e-09 8.782360234615645327e-09 8.891016358130101243e-09 8.820433579877549284e-09 8.705085665448978538e-09 8.825951394541665239e-09 8.762282071823129622e-09 8.836683884562923936e-09
8.784297971100337785e-09 8.858558805457483006e-09 8.920815469288264535e-09 8.816675853792519420e-09 8.827169647286561927e-09 8.740859721627552239e-09 8.844941620770407941e-09 8.809507251574829529e-09 8.723297780087584253e-09 8.809288046642857380e-09 8.715137057782312533e-09 8.844994860814623820e-09 8.865436500339285152e-09 8.660458910372449649e-09 8.817473345289965748e-09 8.838098717079080499e-09 8.784503433119047236e-09 8.728805159145407985e-09 8.772710175387754197e-09 8.793318190115646871e-09 8.740822337244897224e-09 8.834294428662413162e-09 8.832436061253400291e-09 8.829396108625000387e-09 8.777294617191325495e-09 8.728832486704081959e-09 8.691262629455781706e-09 8.803506131765305851e-09 8.754827968693876751e-09 8.845052582775509926e-09 8.797945118858842283e-09 8.821251210664964422e-09 8.723686444274658841e-09 8.866675409401359316e-09 8.832504510329081691e-09 8.870450225214285459e-09 8.841754521896256825e-09 8.801503051120748248e-09 8.910230412271258172e-09 8.840980930489796403e-09 8.722926494454081047e-09 8.846207029124999666e-09 8.780887596040814067e-09 8.856088628414964438e-09
8.733796233418368269e-09 8.803025878954081193e-09 8.865857286649659563e-09 8.763863368962583047e-09 8.774885611224487628e-09 8.693507536054422408e-09 8.790465521768704512e-09 8.759163137457480995e-09 8.677175717729591025e-09 8.756957121130952264e-09 8.667530641411561080e-09 8.792940049489796292e-09 8.809911428571426192e-09 8.616720980612243748e-09 8.765098978741495841e-09 8.784728717687073766e-09 8.733674625595237430e-09 8.680300896768705561e-09 8.722563207355440040e-09 8.740822337244897224e-09 8.694058411224490569e-09 8.782150744770408395e-09 8.778184911267005914e-09 8.777410789583332780e-09 8.727783222831631658e-09 8.680203694770408048e-09 8.646022861862243099e-09 8.750758157993196715e-09 8.704344998469387159e-09 8.792352335544217325e-09 8.748624154294216754e-09 8.769935041241494126e-09 8.677338056164965463e-09 8.811976585756802423e-09 8.779381630187074294e-09 8.814175528571427234e-09 8.788746238647959716e-09 8.749409544770407151e-09 8.855506288647956718e-09 8.786848168282311094e-09 8.675171334353740527e-09 8.792995791666664912e-09 8.729475258120746469e-09 8.802823197491494756e-09
8.827182224806973267e-09 8.902364978253401634e-09 8.965847510846940183e-09 8.860137354204930824e-09 8.869851084853740516e-09 8.782308335406463079e-09 8.888244144585033333e-09 8.851889574034013096e-09 8.764629418691325885e-09 8.852729761470237913e-09 8.756263068995748908e-09 8.888323457866498828e-09 8.909752215767854610e-09 8.700483977135203127e-09 8.860574849215136328e-09 8.881270584392005603e-09 8.827210318440475798e-09 8.769850552793367045e-09 8.814648771740645321e-09 8.834294428662413162e-09 8.782150744770408395e-09 8.878448870683671202e-09 8.875521566486392913e-09 8.872833871833333258e-09 8.819848576568026585e-09 8.770359107183673625e-09 8.732727135718535868e-09 8.846164782688775580e-09 8.796927900266154763e-09 8.888128711231292501e-09 8.840495174231291479e-09 8.863825398506803097e-09 8.765212513026358540e-09 8.911441482561224111e-09 8.876035472558672885e-09 8.914792636767856439e-09 8.884670808248298412e-09 8.844223382058672271e-09 8.954211246081629539e-09 8.884492283624148356e-09 8.763973177058673109e-09 8.889007906999997993e-09 8.823691344628400124e-09 8.899555604006800920e-09
8.824342745387754433e-09 8.902727738530613513e-09 8.964972071872448457e-09 8.860533734302719416e-09 8.868666696433671509e-09 8.778907768074829382e-09 8.888195224348639629e-09 8.849118847889452997e-09 8.759469514346939828e-09 8.851120106690476228e-09 8.753144353586732446e-09 8.887295449840136909e-09 8.909643655285713666e-09 8.695418899091835724e-09 8.859549737477890905e-09 8.881189030986393480e-09 8.825056721880953285e-09 8.766901545765307655e-09 8.812084310207480061e-09 8.832436061253400291e-09 8.778184911267005914e-09 8.875521566486392913e-09 8.877291908210883699e-09 8.871358805749999503e-09 8.816911698195578731e-09 8.767078087819727531e-09 8.728447122925167461e-09 8.845858003532312346e-09 8.794959915353740200e-09 8.888116066748297777e-09 8.837029414414964947e-09 8.861734235227890025e-09 8.761072766945576398e-09 8.911873446134354236e-09 8.874620286903060557e-09 8.915337309369047058e-09 8.884718676318025343e-09 8.842706171736394029e-09 8.954155040734692984e-09 8.883885980700680603e-09 8.760516490903060926e-09 8.888844061083331955e-09 8.821997545447278539e-09 8.898336192894557552e-09
8.822300757208333365e-09 8.898567584416666966e-09 8.961258035666664316e-09 8.856080535208334838e-09 8.865470384916667293e-09 8.777825770333334399e-09 8.884309455500000543e-09 8.846855869333332750e-09 8.759568274208331538e-09 8.847939470375000954e-09 8.751762678708334649e-09 8.884135181291668092e-09 8.905587455958334638e-09 8.695203123374998810e-09 8.856579717791666849e-09 8.877458612291665300e-09 8.822052909833332711e-09 8.765268470208333167e-09 8.809590375708331809e-09 8.829396108625000387e-09 8.777410789583332780e-09 8.872833871833333258e-09 8.871358805749999503e-09 8.869987269833335444e-09 8.815657812250000026e-09 8.765495362416666874e-09 8.727733748124999065e-09 8.841876385083333897e-09 8.792622096375000109e-09 8.884119994083331477e-09 8.835223876916667656e-09 8.859340460166665433e-09 8.759771340374998617e-09 8.907440626750000050e-09 8.871290542875000021e-09 8.910623024541666377e-09 8.881048137500000496e-09 8.839741554208332235e-09 8.949739472583333928e-09 8.880006820500000204e-09 8.758723832124998895e-09 8.885218170083332209e-09 8.819659120125000981e-09 8.895438873416667219e-09
8.770550221269558274e-09 8.842989592096936268e-09 8.905581524137753383e-09 8.802170224528062114e-09 8.812375148748299779e-09 8.728443136375850865e-09 8.829905690256803385e-09 8.795537203302721610e-09 8.711380364890305545e-09 8.795009237422618675e-09 8.702466755024658829e-09 8.830859547007654805e-09 8.849915625113093613e-09 8.648890281582482857e-09 8.802744583152211064e-09 8.823259478609692352e-09 8.770695210345238595e-09 8.715049213465135278e-09 8.758919224087583744e-09 8.777294617191325495e-09 8.727783222831631658e-09 8.819848576568026585e-09 8.816911698195578731e-09 8.815657812250000026e-09 8.765573919272107577e-09 8.715468001818026433e-09 8.680023280999148265e-09 8.788368104338433825e-09 8.741083132272959825e-09 8.830461644258502388e-09 8.784304874341835812e-09 8.806994265360543502e-09 8.711443172397108736e-09 8.851474949661563359e-09 8.817681532609692470e-09 8.854839809446428173e-09 8.826998137159862759e-09 8.787075431276359463e-09 8.895248870409863029e-09 8.825273045579930419e-09 8.709442313776359721e-09 8.831619914916664329e-09 8.767330493471938078e-09 8.841442937943876624e-09
8.721809625931972380e-09 8.792653998003401340e-09 8.855609898096938400e-09 8.752668231496601652e-09 8.763404508270405233e-09 8.680440358823129830e-09 8.779706537001700199e-09 8.746712515117345927e-09 8.663888777816324552e-09 8.746000464011902250e-09 8.655204338204082066e-09 8.781841784908162203e-09 8.799169653559522181e-09 8.602940172510202615e-09 8.753352981423469690e-09 8.773788782517006895e-09 8.722202381523809567e-09 8.667645584668367603e-09 8.710027800198978794e-09 8.728832486704081959e-09 8.680203694770408048e-09 8.770359107183673625e-09 8.767078087819727531e-09 8.765495362416666874e-09 8.715468001818026433e-09 8.669204030183673562e-09 8.633329387593535947e-09 8.739318708022108803e-09 8.691972041391155364e-09 8.781256110897958912e-09 8.736775453564625137e-09 8.758241798756802853e-09 8.664376433068027198e-09 8.801111655811223936e-09 8.767698613017006495e-09 8.803616874726190479e-09 8.777257508248300106e-09 8.737966013267005228e-09 8.844925552664966871e-09 8.776123042290816305e-09 8.662701530350340634e-09 8.781954480666667411e-09 8.718059982836735153e-09 8.791383249340136203e-09
8.685955737125851056e-09 8.752761633435370728e-09 8.816183274783162316e-09 8.715625017814626216e-09 8.725947633320578463e-09 8.646505948860543928e-09 8.740893905051019175e-09 8.711104581020409972e-09 8.631404233031463728e-09 8.708482766607143183e-09 8.621031625705780750e-09 8.744828196828230254e-09 8.760032141994047919e-09 8.572117029056121751e-09 8.715885190829081531e-09 8.735023399468537430e-09 8.685529843214285723e-09 8.633035618176020147e-09 8.675116484302721567e-09 8.691262629455781706e-09 8.646022861862243099e-09 8.732727135718535868e-09 8.728447122925167461e-09 8.727733748124999065e-09 8.680023280999148265e-09 8.633329387593535947e-09 8.603317881972787803e-09 8.701096021079930739e-09 8.656619655068026143e-09 8.743401304855440822e-09 8.701366304438772524e-09 8.721192029787414889e-09 8.631129097665814883e-09 8.762144781836734173e-09 8.729629673218537587e-09 8.764527767202379133e-09 8.739686307865645657e-09 8.701274018426870186e-09 8.805680023907313170e-09 8.737794376224489134e-09 8.628661989260203403e-09 8.743528480625000454e-09 8.681853623435372648e-09 8.753643164787413251e-09
8.796149858744897624e-09 8.872364341971085016e-09 8.934725654717688633e-09 8.830713430195579182e-09 8.839566570326532578e-09 8.750926189586735477e-09 8.858220280277211434e-09 8.820292685044218405e-09 8.733382409394555562e-09 8.821684692357140582e-09 8.724990008598638914e-09 8.858132586613949453e-09 8.879696462452381035e-09 8.669196762829930716e-09 8.830001931858844021e-09 8.851470163188773950e-09 8.796700950797619580e-09 8.739149835527209920e-09 8.783805695183671774e-09 8.803506131765305851e-09 8.750758157993196715e-09 8.846164782688775580e-09 8.845858003532312346e-09 8.841876385083333897e-09 8.788368104338433825e-09 8.739318708022108803e-09 8.701096021079930739e-09 8.817615612020408172e-09 8.766039648175167550e-09 8.858260069867346364e-09 8.809220913450680319e-09 8.832721265775510596e-09 8.733772318921767298e-09 8.881800314146258136e-09 8.844618356022107192e-09 8.884984174202378839e-09 8.855040152806121828e-09 8.813849927855441636e-09 8.923337928389455775e-09 8.853664318653060057e-09 8.733294275355441430e-09 8.859046218499998579e-09 8.793217910471087170e-09 8.869171278525509411e-09
8.747583210268705619e-09 8.820911730494896729e-09 8.883507440771256415e-09 8.780285790255099342e-09 8.789685376344385057e-09 8.704517004681973706e-09 8.807792225539113855e-09 8.772856767532309842e-09 8.687453530567176683e-09 8.772017887940475763e-09 8.678984711027208850e-09 8.808343162637754295e-09 8.828120937577379439e-09 8.625044879151359893e-09 8.780529343281462745e-09 8.800922710599489759e-09 8.747672390630950151e-09 8.692201481330782445e-09 8.736015439076529509e-09 8.754827968693876751e-09 8.704344998469387159e-09 8.796927900266154763e-09 8.794959915353740200e-09 8.792622096375000109e-09 8.741083132272959825e-09 8.691972041391155364e-09 8.656619655068026143e-09 8.766039648175167550e-09 8.718936318329930024e-09 8.808115893236393025e-09 8.760947192986393036e-09 8.784082373323128357e-09 8.687804665606290429e-09 8.829648034824830485e-09 8.795000560266154812e-09 8.833026086452380141e-09 8.804924883460883621e-09 8.764576246141155279e-09 8.872704401002550692e-09 8.803551423855442080e-09 8.686293927807822203e-09 8.808878595458332435e-09 8.744411745744897045e-09 8.819180512239795550e-09
8.837912357241495247e-09 8.914698013896257531e-09 8.977561097918367009e-09 8.872332147270407345e-09 8.881265514877550238e-09 8.792644801144555572e-09 8.900311849739796709e-09 8.862675819462584309e-09 8.774916792518704685e-09 8.864054040678573497e-09 8.767267160108843553e-09 8.900228729967686926e-09 8.921334546476189959e-09 8.710426317272108704e-09 8.871966056959184544e-09 8.893668359897958268e-09 8.838037461107140379e-09 8.780795904906461973e-09 8.825196464722787743e-09 8.845052582775509926e-09 8.792352335544217325e-09 8.888128711231292501e-09 8.888116066748297777e-09 8.884119994083331477e-09 8.830461644258502388e-09 8.781256110897958912e-09 8.743401304855440822e-09 8.858260069867346364e-09 8.808115893236393025e-09 8.901559987445576701e-09 8.851012306362243067e-09 8.875045950125849560e-09 8.775363829675168325e-09 8.923717276882651321e-09 8.886576127481290106e-09 8.926449740976189344e-09 8.897049677593537854e-09 8.855476720231292911e-09 8.965730314510202860e-09 8.896152941338433653e-09 8.774768574814626598e-09 8.900944973166665024e-09 8.835076145396256476e-09 8.910877308209182051e-09
8.791085231158163013e-09 8.863048109229593727e-09 8.926300682418365306e-09 8.822837095603738543e-09 8.832648837544218530e-09 8.748566365477890315e-09 8.849533537906459838e-09 8.815821918712584506e-09 8.732347458268703324e-09 8.815452408678572330e-09 8.722922021858842967e-09 8.851824656551020619e-09 8.870090139559522318e-09 8.670352932605440643e-09 8.822938199709183956e-09 8.843321849897958371e-09 8.791535716023808123e-09 8.736072191573128408e-09 8.779468345806121472e-09 8.797945118858842283e-09 8.748624154294216754e-09 8.840495174231291479e-09 8.837029414414964947e-09 8.835223876916667656e-09 8.784304874341835812e-09 8.736775453564625137e-09 8.701366304438772524e-09 8.809220913450680319e-09 8.760947192986393036e-09 8.851012306362243067e-09 8.806959997945575720e-09 8.827423817709183845e-09 8.732539011841834734e-09 8.872391726715985702e-09 8.837900483814625618e-09 8.874550540226189284e-09 8.847431421343536156e-09 8.807741815564626399e-09 8.915236724760204174e-09 8.846095501588435860e-09 8.730747993481291978e-09 8.851481448833332645e-09 8.787092378896257706e-09 8.861517543875850322e-09
8.813942755389455073e-09 8.888478719818023557e-09 8.951756305855440920e-09 8.846891429098638865e-09 8.856779704658163810e-09 8.770250290712585320e-09 8.874839943700678337e-09 8.839121820096936693e-09 8.753090602326531291e-09 8.839025804238093508e-09 8.744470631831632039e-09 8.875224399579933326e-09 8.894834936273808661e-09 8.689621419954081697e-09 8.846893589636054497e-09 8.868179301590135263e-09 8.814256527309522856e-09 8.757886547117345849e-09 8.801868784312924541e-09 8.821251210664964422e-09 8.769935041241494126e-09 8.863825398506803097e-09 8.861734235227890025e-09 8.859340460166665433e-09 8.806994265360543502e-09 8.758241798756802853e-09 8.721192029787414889e-09 8.832721265775510596e-09 8.784082373323128357e-09 8.875045950125849560e-09 8.827423817709183845e-09 8.851926983302721094e-09 8.752689029943877777e-09 8.896958386141156449e-09 8.861404863923469602e-09 8.900091687273809471e-09 8.871648775382652188e-09 8.831252191756801874e-09 8.940353350299318902e-09 8.870487874066325453e-09 8.752591122173469059e-09 8.875778644083333534e-09 8.810781134734693645e-09 8.886182130886054979e-09
8.717511219186224754e-09 8.785387952513602700e-09 8.848511650179421461e-09 8.747141693278060033e-09 8.757785662289965060e-09 8.677314767625851480e-09 8.773242148590135636e-09 8.742864376219388597e-09 8.661762701348640763e-09 8.740371189505950050e-09 8.652135294607990521e-09 8.776813067840982746e-09 8.792424246988093768e-09 8.601740987832484233e-09 8.747858113360544571e-09 8.767424440068026334e-09 8.717387906178571793e-09 8.663896633256802304e-09 8.706649822004250705e-09 8.723686444274658841e-09 8.677338056164965463e-09 8.765212513026358540e-09 8.761072766945576398e-09 8.759771340374998617e-09 8.711443172397108736e-09 8.664376433068027198e-09 8.631129097665814883e-09 8.733772318921767298e-09 8.687804665606290429e-09 8.775363829675168325e-09 8.732539011841834734e-09 8.752689029943877777e-09 8.663105133855441995e-09 8.794289437161564287e-09 8.762637902401360739e-09 8.796527286529761586e-09 8.771537955909862874e-09 8.732864277109694881e-09 8.838396508951528686e-09 8.769534870579930943e-09 8.659196309609694355e-09 8.776035276374998722e-09 8.713097187221938443e-09 8.786302356693877703e-09
8.859544357171769167e-09 8.939899503195577748e-09 9.002655753782313027e-09 8.896854977304420833e-09 8.904212639756803088e-09 8.812265105913267595e-09 8.924731183806122217e-09 8.883977972289116898e-09 8.793746859522109872e-09 8.886821900392857760e-09 8.785960069568027493e-09 8.923567108552720316e-09 8.946774404714285808e-09 8.727417659003400346e-09 8.895561589724489391e-09 8.917659163061225437e-09 8.860239071035714700e-09 8.800664211972788562e-09 8.846544110149658318e-09 8.866675409401359316e-09 8.811976585756802423e-09 8.911441482561224111e-09 8.911873446134354236e-09 8.907440626750000050e-09 8.851474949661563359e-09 8.801111655811223936e-09 8.762144781836734173e-09 8.881800314146258136e-09 8.829648034824830485e-09 8.923717276882651321e-09 8.872391726715985702e-09 8.896958386141156449e-09 8.794289437161564287e-09 8.950976528687076277e-09 8.910701314227892262e-09 8.952778424797618774e-09 8.920963049277211147e-09 8.878970681894556822e-09 8.990065318610543773e-09 8.920565057513604531e-09 8.794390710644556840e-09 8.924175899749998748e-09 8.857948894612242690e-09 8.935176988474489303e-09
8.825032084806973432e-09 8.901936031586734110e-09 8.964498738138603307e-09 8.859096895871599038e-09 8.868076612562074324e-09 8.779577089156465257e-09 8.887437061668365190e-09 8.849452906117350500e-09 8.761323700149657276e-09 8.850996497720237148e-09 8.753900311495747347e-09 8.886538790366494768e-09 8.908662939309524210e-09 8.696812326301871643e-09 8.859450767340138251e-09 8.880063235433672264e-09 8.824710884273807732e-09 8.767274237168367955e-09 8.812310386740644952e-09 8.832504510329081691e-09 8.779381630187074294e-09 8.876035472558672885e-09 8.874620286903060557e-09 8.871290542875000021e-09 8.817681532609692470e-09 8.767698613017006495e-09 8.729629673218537587e-09 8.844618356022107192e-09 8.795000560266154812e-09 8.886576127481290106e-09 8.837900483814625618e-09 8.861404863923469602e-09 8.762637902401360739e-09 8.910701314227892262e-09 8.875695786933673243e-09 8.913638239684522682e-09 8.883679462414966773e-09 8.842626070808673858e-09 8.952834335039965609e-09 8.883208163207482210e-09 8.761091038725339561e-09 8.887579033458332180e-09 8.821894077545067737e-09 8.898425739840134832e-09
8.862725714011905150e-09 8.943678672011904610e-09 9.006389569422619976e-09 8.899805388154761512e-09 8.907900001779760792e-09 8.815582182880951439e-09 8.928447662714285682e-09 8.887277732869046965e-09 8.796200516148806427e-09 8.890014489416665963e-09 8.788371145964285750e-09 8.926390003261904260e-09 8.950896430291666981e-09 8.729781831119046848e-09 8.898679199232144241e-09 8.920329017767856555e-09 8.863265358500001171e-09 8.803402005089285210e-09 8.849922461404761727e-09 8.870450225214285459e-09 8.814175528571427234e-09 8.914792636767856439e-09 8.915337309369047058e-09 8.910623024541666377e-09 8.854839809446428173e-09 8.803616874726190479e-09 8.764527767202379133e-09 8.884984174202378839e-09 8.833026086452380141e-09 8.926449740976189344e-09 8.874550540226189284e-09 8.900091687273809471e-09 8.796527286529761586e-09 8.952778424797618774e-09 8.913638239684522682e-09 8.958102212333331786e-09 8.923956466369048573e-09 8.882184722309523389e-09 8.994208868994046049e-09 8.923711521226189109e-09 8.797007071476190223e-09 8.927674036375000338e-09 8.861720709428570748e-09 8.938676618607142650e-09
