2.648952483170832934e-08 2.670517553047023806e-08 2.680804510255952219e-08 2.666167140586904688e-08 2.659592179332142673e-08 2.636547022433333008e-08 2.670996767619344774e-08 2.651441811644940398e-08 2.627494170277975862e-08 2.666132630497916350e-08 2.626302844297023695e-08 2.658402822381249901e-08 2.676299004890178254e-08 2.609959446732737850e-08 2.662518396396129675e-08 2.670402823388690416e-08 2.644159396015178077e-08 2.639143172257439569e-08 2.641464865845534423e-08 2.653302668820237986e-08 2.632580028919047770e-08 2.658826051578273008e-08 2.666310987560712092e-08 2.660808365299106537e-08 2.643945795898809386e-08 2.632746347253572624e-08 2.620896615173215087e-08 2.653518961661310197e-08 2.643336578497618984e-08 2.668082756221130965e-08 2.651563543113988608e-08 2.658372526791964799e-08 2.626757564614285871e-08 2.678997015526488541e-08 2.666744018876489000e-08 2.679679411084523173e-08 2.673782946912201727e-08 2.655679572233332752e-08 2.680836854715178729e-08 2.671669961965477136e-08 2.631627373214286062e-08 2.663686229140773055e-08 2.649456540250595403e-08 2.668774255637202072e-08
2.670517553047023806e-08 2.692879504646938219e-08 2.703090903454038869e-08 2.688218535650340064e-08 2.681408868006334705e-08 2.657755418750892589e-08 2.693176023773171018e-08 2.673022793306760046e-08 2.648573153900084971e-08 2.688029986407738015e-08 2.647294041077593238e-08 2.680240720228570996e-08 2.698655932482396367e-08 2.630637363730697134e-08 2.684490938695067402e-08 2.692409660825510148e-08 2.665670355271385290e-08 2.660443052163604492e-08 2.662849700801955067e-08 2.674938990197662125e-08 2.653621444099233058e-08 2.680542722579677685e-08 2.688514245921556836e-08 2.682634172205867309e-08 2.665341597551276133e-08 2.654061869191709722e-08 2.641831934675424959e-08 2.675387232919430727e-08 2.664901956878742044e-08 2.689947072009056373e-08 2.672935863653018098e-08 2.680038774409651664e-08 2.647617058748086935e-08 2.701298873673851201e-08 2.688727262466410589e-08 2.702098995394556897e-08 2.695924118719812356e-08 2.677398355629463861e-08 2.703024544810373890e-08 2.693790549377466590e-08 2.652754534160586796e-08 2.685563755797533980e-08 2.671259181484481616e-08 2.690921342949276887e-08
2.680804510255952219e-08 2.703090903454038869e-08 2.713726349604421356e-08 2.698550978672236166e-08 2.691695807824829347e-08 2.667944207819047376e-08 2.703636384430739832e-08 2.683283120755229325e-08 2.658719578772746667e-08 2.698444526980356987e-08 2.657457333186479321e-08 2.690522665580357395e-08 2.709030074689370400e-08 2.640752575480272395e-08 2.694823050228614178e-08 2.702784398765645236e-08 2.675940370888477962e-08 2.670594438943622184e-08 2.673087887716921527e-08 2.685212642650510196e-08 2.663865106318197004e-08 2.690939230588562557e-08 2.698832086700638380e-08 2.693016736082015423e-08 2.675537628268283114e-08 2.664185942424914322e-08 2.652012663855398761e-08 2.685691843088221974e-08 2.675102423290433179e-08 2.700427408763138121e-08 2.683305405371045527e-08 2.690448106414031100e-08 2.657815243735076859e-08 2.711784256879379859e-08 2.699056241748426162e-08 2.712478128292135191e-08 2.706243908529124019e-08 2.687726395913988949e-08 2.713467823183417602e-08 2.704187460720068129e-08 2.662990378482993109e-08 2.695895463340348757e-08 2.681543657762287096e-08 2.701280232238944315e-08
2.666167140586904688e-08 2.688218535650340064e-08 2.698550978672236166e-08 2.683919062883758827e-08 2.677011684065731181e-08 2.653727496154761551e-08 2.688679179461777162e-08 2.668845828911054377e-08 2.644509487324064270e-08 2.683599236348214031e-08 2.643315702831887530e-08 2.675857340541963900e-08 2.694062478504039794e-08 2.626693310610247177e-08 2.680075264787585409e-08 2.687929003763137939e-08 2.661455938989752962e-08 2.656274808533672988e-08 2.658627080988902787e-08 2.670696611625721880e-08 2.649609487941750301e-08 2.676221911017304475e-08 2.683999499402467475e-08 2.678212723843793036e-08 2.661117411694302148e-08 2.649913270839116385e-08 2.637849254828655859e-08 2.671002644302933404e-08 2.660642132944259768e-08 2.685561287956632583e-08 2.668894654935544793e-08 2.675808569433417310e-08 2.643668343893962205e-08 2.696719477298043821e-08 2.684321753523638108e-08 2.697509148864031150e-08 2.691495917969558135e-08 2.673061011296725988e-08 2.698562881110883879e-08 2.689324989820790982e-08 2.648681072658545427e-08 2.681187952381293018e-08 2.666928131635287511e-08 2.686386904316283970e-08
2.659592179332142673e-08 2.681408868006334705e-08 2.691695807824829347e-08 2.677011684065731181e-08 2.670508378752891238e-08 2.647366429172023297e-08 2.681903301625339832e-08 2.662261498650680081e-08 2.638225150063307444e-08 2.676929571569345552e-08 2.637001639479846578e-08 2.669164242713095190e-08 2.687230606159863702e-08 2.620524532002040044e-08 2.673404218242728896e-08 2.681304022052763125e-08 2.654906261229208767e-08 2.649973845348002748e-08 2.652184957601912999e-08 2.664057608635076782e-08 2.643279062115646296e-08 2.669602925077763566e-08 2.677169338930824852e-08 2.671612490049489315e-08 2.654743507903783788e-08 2.643457457355613252e-08 2.631577749272790029e-08 2.664268519454379557e-08 2.654167378423044247e-08 2.678892197984990756e-08 2.662369323342219180e-08 2.669205881336480408e-08 2.637401061578698206e-08 2.689907763260969622e-08 2.677590514539242504e-08 2.690618385608716859e-08 2.684687835225722920e-08 2.666469639799702852e-08 2.691771974067304797e-08 2.682610336127593469e-08 2.642360246789115439e-08 2.674492923689074277e-08 2.660197466876529855e-08 2.679602822671257655e-08
2.636547022433333008e-08 2.657755418750892589e-08 2.667944207819047376e-08 2.653727496154761551e-08 2.647366429172023297e-08 2.625216128500000195e-08 2.658353027995238037e-08 2.639469193080059140e-08 2.616070420863690063e-08 2.653596204579166453e-08 2.614930287513393206e-08 2.645931358614583276e-08 2.663564995374404230e-08 2.598672890033928729e-08 2.650133032901785450e-08 2.657940206759226146e-08 2.632195596834821337e-08 2.627512070042559348e-08 2.629559234344047522e-08 2.641153175556845480e-08 2.621030228605951507e-08 2.646466105269643118e-08 2.653633764474701544e-08 2.648358948521727060e-08 2.632071192672023704e-08 2.620995348323511810e-08 2.609493644839285771e-08 2.641135820986606350e-08 2.631482392391965076e-08 2.655609455720535779e-08 2.639784213000596034e-08 2.646280835489285380e-08 2.615320544269047241e-08 2.666171367848511549e-08 2.654369849954761244e-08 2.666796026723807575e-08 2.661291847910713526e-08 2.643355420302083762e-08 2.668251433788987200e-08 2.659154884263689490e-08 2.620060323644046588e-08 2.651272914838392343e-08 2.637108085613987895e-08 2.656037396502380372e-08
2.670996767619344774e-08 2.693176023773171018e-08 2.703636384430739832e-08 2.688679179461777162e-08 2.681903301625339832e-08 2.658353027995238037e-08 2.693802126163520230e-08 2.673576771164540837e-08 2.649143071933673194e-08 2.688631237920535471e-08 2.647930901397874120e-08 2.680762097722619492e-08 2.699122589531676890e-08 2.631256145364454994e-08 2.685019235805270566e-08 2.692933400720790600e-08 2.666218953373044343e-08 2.661005200723171063e-08 2.663428669378655925e-08 2.675483314771895279e-08 2.654238662359438186e-08 2.681132119056207516e-08 2.688998453190391742e-08 2.683185052483884940e-08 2.665898306415516736e-08 2.654568516406419759e-08 2.642455913047534228e-08 2.675920238958971023e-08 2.665409895387883114e-08 2.690567114536223628e-08 2.673568138520408109e-08 2.680691523686521564e-08 2.648256302252764125e-08 2.701818585032908022e-08 2.689180892128145844e-08 2.702569634271980633e-08 2.696394916523001828e-08 2.677961785922023523e-08 2.703551054708163071e-08 2.694296962999447761e-08 2.653318647240263259e-08 2.686076655154717746e-08 2.671794307008759212e-08 2.691426810765859374e-08
2.651441811644940398e-08 2.673022793306760046e-08 2.683283120755229325e-08 2.668845828911054377e-08 2.662261498650680081e-08 2.639469193080059140e-08 2.673576771164540837e-08 2.654314474841581396e-08 2.630386829823596574e-08 2.668733953874404805e-08 2.629201997887415246e-08 2.660948476270237913e-08 2.678832698300849566e-08 2.612760060374745823e-08 2.665150987887626915e-08 2.673033011674915619e-08 2.646875611169004430e-08 2.642003193429676067e-08 2.644131346192727920e-08 2.655976431829208702e-08 2.635397706866794018e-08 2.661432652933248872e-08 2.668837741974532237e-08 2.663416967284438672e-08 2.646722221549787006e-08 2.635502657554506557e-08 2.623765126203401406e-08 2.656151228484607923e-08 2.646061767446597350e-08 2.670588379797448323e-08 2.654462703001232352e-08 2.661105038202210492e-08 2.629604045582610752e-08 2.681545965840816256e-08 2.669412125137542644e-08 2.682218388937712584e-08 2.676424550329336781e-08 2.658337290702381421e-08 2.683449723489243397e-08 2.674268361236393649e-08 2.634422148436777235e-08 2.666307138999021282e-08 2.652049781330015611e-08 2.671275942108800534e-08
2.627494170277975862e-08 2.648573153900084971e-08 2.658719578772746667e-08 2.644509487324064270e-08 2.638225150063307444e-08 2.616070420863690063e-08 2.649143071933673194e-08 2.630386829823596574e-08 2.607170856515391147e-08 2.644519473167262034e-08 2.605985716056929668e-08 2.636816835131845128e-08 2.654316423868196736e-08 2.589806172027041115e-08 2.640972969719812530e-08 2.648805206415264626e-08 2.623115963195875462e-08 2.618493073293835710e-08 2.620483669374829925e-08 2.632005665072575417e-08 2.612088425663562279e-08 2.637360259842345745e-08 2.644427297680824726e-08 2.639291377332822866e-08 2.623055820614200453e-08 2.611942787316028495e-08 2.600541458262371142e-08 2.632035951421045724e-08 2.622374490664710116e-08 2.646440426943324390e-08 2.630700560990135893e-08 2.637158055042729897e-08 2.606428821966198742e-08 2.656931691758885883e-08 2.645184801780909477e-08 2.657571189225382913e-08 2.652099196629889215e-08 2.634283678264285293e-08 2.659007161390221101e-08 2.649937890283843513e-08 2.611027809026615001e-08 2.642153086159905754e-08 2.627968250547363025e-08 2.646881720442092132e-08
2.666132630497916350e-08 2.688029986407738015e-08 2.698444526980356987e-08 2.683599236348214031e-08 2.676929571569345552e-08 2.653596204579166453e-08 2.688631237920535471e-08 2.668733953874404805e-08 2.644519473167262034e-08 2.683804295170833125e-08 2.643374857626487910e-08 2.675787032422916285e-08 2.693968037866369242e-08 2.626680334369047365e-08 2.680006509517559250e-08 2.687926967824404176e-08 2.661351056376786338e-08 2.656237695686904688e-08 2.658566870249106690e-08 2.670602133308630093e-08 2.649612597632142056e-08 2.676195372901488711e-08 2.683896352219642519e-08 2.678248350328571506e-08 2.661103462115177950e-08 2.649782127133632008e-08 2.637773103821725967e-08 2.670960248869344651e-08 2.660559920988690086e-08 2.685530856852976507e-08 2.668819772810713960e-08 2.675773198165476626e-08 2.643663815407440389e-08 2.696688114625297129e-08 2.684193141398213603e-08 2.697367407686904978e-08 2.691360024813690251e-08 2.673073884502084246e-08 2.698483835941368299e-08 2.689189253398511649e-08 2.648554042634524141e-08 2.681106043647322587e-08 2.666795180470534627e-08 2.686314982878274055e-08
2.626302844297023695e-08 2.647294041077593238e-08 2.657457333186479321e-08 2.643315702831887530e-08 2.637001639479846578e-08 2.614930287513393206e-08 2.647930901397874120e-08 2.629201997887415246e-08 2.605985716056929668e-08 2.643374857626487910e-08 2.604973792995748325e-08 2.635694441068154324e-08 2.653123841127934321e-08 2.588669236987244759e-08 2.639742805112626566e-08 2.647587975770747922e-08 2.621925892183588688e-08 2.617309168702594006e-08 2.619341078386478364e-08 2.630879933981291897e-08 2.610966756568877993e-08 2.636188850195748051e-08 2.643270518549531634e-08 2.638068089778189101e-08 2.621875434989369902e-08 2.610785333719089976e-08 2.599380128805484910e-08 2.630857072072108412e-08 2.621220538784099360e-08 2.645238810716199827e-08 2.629541956397065913e-08 2.636003689408460246e-08 2.605330987497192965e-08 2.655687426678316504e-08 2.643971568002125313e-08 2.656335441287711583e-08 2.650882624241836463e-08 2.633145468802381144e-08 2.657806895672576202e-08 2.648724433353060092e-08 2.609825349297193560e-08 2.640974684232355128e-08 2.626781534627933886e-08 2.645669531456718371e-08
2.658402822381249901e-08 2.680240720228570996e-08 2.690522665580357395e-08 2.675857340541963900e-08 2.669164242713095190e-08 2.645931358614583276e-08 2.680762097722619492e-08 2.660948476270237913e-08 2.636816835131845128e-08 2.675787032422916285e-08 2.635694441068154324e-08 2.668195056004166187e-08 2.686073169662201966e-08 2.619136051139881371e-08 2.672142470300891869e-08 2.680076061586905906e-08 2.653601546728868954e-08 2.648587150343154898e-08 2.650921566899107699e-08 2.662905322791965203e-08 2.641911996534226233e-08 2.668426378634820518e-08 2.676069397830059641e-08 2.670433233195237619e-08 2.653448847867260683e-08 2.642141053277380475e-08 2.630212989305058064e-08 2.663149788352679101e-08 2.652881367488690979e-08 2.677635236232142102e-08 2.661000565223213434e-08 2.667984767659227505e-08 2.636135478076190402e-08 2.688699371112797885e-08 2.676336168014881408e-08 2.689454533186903158e-08 2.683501347890772925e-08 2.665253437218749548e-08 2.690566071258035392e-08 2.681357726119344394e-08 2.640991081365773553e-08 2.673257536557739385e-08 2.659102451476784991e-08 2.678515260990773476e-08
2.676299004890178254e-08 2.698655932482396367e-08 2.709030074689370400e-08 2.694062478504039794e-08 2.687230606159863702e-08 2.663564995374404230e-08 2.699122589531676890e-08 2.678832698300849566e-08 2.654316423868196736e-08 2.693968037866369242e-08 2.653123841127934321e-08 2.686073169662201966e-08 2.704667998541496399e-08 2.636330716362967700e-08 2.690359357900807186e-08 2.698309713534183132e-08 2.671508291782865350e-08 2.666193647582397774e-08 2.668709739701870934e-08 2.680731965562075173e-08 2.659420115809140816e-08 2.686412344121683283e-08 2.694423217704676784e-08 2.688484355828528697e-08 2.671093399547959252e-08 2.659789527188265435e-08 2.647566054436819221e-08 2.681211101320578077e-08 2.670709837906931010e-08 2.695890523079676101e-08 2.678750385125170250e-08 2.685952009871641209e-08 2.653336116225978141e-08 2.707243416877253751e-08 2.694599675772491401e-08 2.708022013735374333e-08 2.701814285475382436e-08 2.683284111492857198e-08 2.708923559847151009e-08 2.699725730446470845e-08 2.658476420388478139e-08 2.691421166549361975e-08 2.677057576110246274e-08 2.696796559832823420e-08
2.609959446732737850e-08 2.630637363730697134e-08 2.640752575480272395e-08 2.626693310610247177e-08 2.620524532002040044e-08 2.598672890033928729e-08 2.631256145364454994e-08 2.612760060374745823e-08 2.589806172027041115e-08 2.626680334369047365e-08 2.588669236987244759e-08 2.619136051139881371e-08 2.636330716362967700e-08 2.572819195765901879e-08 2.623210337708715604e-08 2.631002702668494981e-08 2.605577942407015612e-08 2.601078302416113912e-08 2.603073757296939098e-08 2.614393125498043905e-08 2.594776094404549160e-08 2.619704291437245012e-08 2.626546124565263275e-08 2.621555648242900018e-08 2.605561354118112002e-08 2.594567308169770205e-08 2.583313735368537125e-08 2.614317130899660287e-08 2.604813944614795389e-08 2.628755078402763467e-08 2.613187720928698759e-08 2.619488674885799786e-08 2.589235609583247931e-08 2.638918427478698546e-08 2.627378699566794179e-08 2.639589732567304480e-08 2.634207623665093666e-08 2.616676224075892660e-08 2.641074118763562609e-08 2.632100646605016674e-08 2.593699863808248100e-08 2.624406495738733165e-08 2.610322599346300813e-08 2.629050032697235949e-08
2.662518396396129675e-08 2.684490938695067402e-08 2.694823050228614178e-08 2.680075264787585409e-08 2.673404218242728896e-08 2.650133032901785450e-08 2.685019235805270566e-08 2.665150987887626915e-08 2.640972969719812530e-08 2.680006509517559250e-08 2.639742805112626566e-08 2.672142470300891869e-08 2.690359357900807186e-08 2.623210337708715604e-08 2.676476935371683372e-08 2.684312227516794056e-08 2.657833511826700412e-08 2.652731650130484090e-08 2.655060636547364427e-08 2.666993751519727805e-08 2.646059313211266893e-08 2.672571430902210243e-08 2.680291039093409362e-08 2.674599992923342151e-08 2.657538166138860758e-08 2.646324400220322714e-08 2.634286396555314471e-08 2.667313627793920436e-08 2.657048046732185436e-08 2.681974684416326221e-08 2.665249857086692331e-08 2.672164391738350494e-08 2.640094462029209519e-08 2.693014915613774698e-08 2.680617078128061501e-08 2.693808928909055619e-08 2.687767437093495079e-08 2.669445756258927545e-08 2.694868417104676667e-08 2.685653844934991494e-08 2.645101888237541901e-08 2.677498867825424680e-08 2.663230074038307472e-08 2.682698307650339424e-08
2.670402823388690416e-08 2.692409660825510148e-08 2.702784398765645236e-08 2.687929003763137939e-08 2.681304022052763125e-08 2.657940206759226146e-08 2.692933400720790600e-08 2.673033011674915619e-08 2.648805206415264626e-08 2.687926967824404176e-08 2.647587975770747922e-08 2.680076061586905906e-08 2.698309713534183132e-08 2.631002702668494981e-08 2.684312227516794056e-08 2.692313398912415517e-08 2.665642876269004326e-08 2.660609331873426621e-08 2.662915719805229761e-08 2.674862415454208710e-08 2.653885831543877335e-08 2.680476791897831377e-08 2.688157626703698597e-08 2.682529327159438898e-08 2.665421866774787079e-08 2.654108315402422881e-08 2.642102106899234785e-08 2.675198952249191955e-08 2.664900006850765016e-08 2.689819521195365625e-08 2.673094564042900050e-08 2.680053292133461050e-08 2.647965928034693820e-08 2.700956784736649222e-08 2.688511114856292628e-08 2.701696985581462390e-08 2.695670266587669933e-08 2.677359245219047552e-08 2.702774401532992985e-08 2.693547641728060931e-08 2.652944900155527132e-08 2.685365956694855020e-08 2.671068588702933242e-08 2.690631935190050825e-08
2.644159396015178077e-08 2.665670355271385290e-08 2.675940370888477962e-08 2.661455938989752962e-08 2.654906261229208767e-08 2.632195596834821337e-08 2.666218953373044343e-08 2.646875611169004430e-08 2.623115963195875462e-08 2.661351056376786338e-08 2.621925892183588688e-08 2.653601546728868954e-08 2.671508291782865350e-08 2.605577942407015612e-08 2.657833511826700412e-08 2.665642876269004326e-08 2.639698970436734795e-08 2.634685289785969204e-08 2.636939075788477566e-08 2.648603576172788952e-08 2.628152864766283045e-08 2.654083914091921792e-08 2.661501689718069470e-08 2.656050339413350202e-08 2.639349433046470518e-08 2.628269681105229481e-08 2.616487766248128979e-08 2.648810428417006645e-08 2.638790363870620631e-08 2.663404662465986584e-08 2.647067737408800714e-08 2.653775218493366902e-08 2.622256997273001699e-08 2.674131974229634078e-08 2.662078457247788596e-08 2.674856877134779206e-08 2.669005767097405989e-08 2.650966604209523450e-08 2.676050768640603518e-08 2.666951209853316218e-08 2.627130305118834648e-08 2.659032888000850291e-08 2.644712392566198476e-08 2.663937137609013639e-08
2.639143172257439569e-08 2.660443052163604492e-08 2.670594438943622184e-08 2.656274808533672988e-08 2.649973845348002748e-08 2.627512070042559348e-08 2.661005200723171063e-08 2.642003193429676067e-08 2.618493073293835710e-08 2.656237695686904688e-08 2.617309168702594006e-08 2.648587150343154898e-08 2.666193647582397774e-08 2.601078302416113912e-08 2.652731650130484090e-08 2.660609331873426621e-08 2.634685289785969204e-08 2.630068057821938734e-08 2.632038139087372218e-08 2.643658292014328206e-08 2.623477558672151209e-08 2.649060806663009604e-08 2.656259817115306080e-08 2.651015840672533706e-08 2.634637981365858340e-08 2.623458302100042740e-08 2.611903606629591424e-08 2.643723996694430183e-08 2.633947407182908283e-08 2.658209857034056007e-08 2.642260563419685530e-08 2.648806584817984597e-08 2.617776363818920368e-08 2.668815899625934853e-08 2.656906771362244836e-08 2.669498319973724418e-08 2.663884261926062657e-08 2.645983275723214149e-08 2.670862782052040707e-08 2.661765701229549093e-08 2.622487141941836625e-08 2.653893603895450896e-08 2.639661562559481238e-08 2.658738588947193703e-08
2.641464865845534423e-08 2.662849700801955067e-08 2.673087887716921527e-08 2.658627080988902787e-08 2.652184957601912999e-08 2.629559234344047522e-08 2.663428669378655925e-08 2.644131346192727920e-08 2.620483669374829925e-08 2.658566870249106690e-08 2.619341078386478364e-08 2.650921566899107699e-08 2.668709739701870934e-08 2.603073757296939098e-08 2.655060636547364427e-08 2.662915719805229761e-08 2.636939075788477566e-08 2.632038139087372218e-08 2.634383468200254778e-08 2.645908478727593670e-08 2.625531577401530617e-08 2.651382596023979618e-08 2.658735927081887670e-08 2.653318315525765401e-08 2.636721917464115128e-08 2.625631157512415151e-08 2.613935341440816294e-08 2.646047953554889649e-08 2.636133010327933896e-08 2.660654243094388142e-08 2.644315844414796087e-08 2.651093285807780669e-08 2.619775194168409546e-08 2.671263325206462173e-08 2.659299973590093249e-08 2.672022683996300771e-08 2.666213503674957408e-08 2.648282100134821389e-08 2.673239136839667774e-08 2.664186169232567489e-08 2.624538636726743267e-08 2.656227187650764927e-08 2.641971352489371003e-08 2.661158404430612302e-08
2.653302668820237986e-08 2.674938990197662125e-08 2.685212642650510196e-08 2.670696611625721880e-08 2.664057608635076782e-08 2.641153175556845480e-08 2.675483314771895279e-08 2.655976431829208702e-08 2.632005665072575417e-08 2.670602133308630093e-08 2.630879933981291897e-08 2.662905322791965203e-08 2.680731965562075173e-08 2.614393125498043905e-08 2.666993751519727805e-08 2.674862415454208710e-08 2.648603576172788952e-08 2.643658292014328206e-08 2.645908478727593670e-08 2.657887639959353299e-08 2.637074933867644372e-08 2.663276556575042367e-08 2.670794484122108563e-08 2.665241894186947276e-08 2.648446944903231023e-08 2.637265366314413179e-08 2.625397223387882885e-08 2.658031624026445759e-08 2.647887227145450898e-08 2.672478781632525769e-08 2.656117717269175603e-08 2.662908560342644406e-08 2.631295556086820066e-08 2.683420910146258048e-08 2.671200655019769866e-08 2.684126810753018547e-08 2.678287420733248491e-08 2.660125636840476128e-08 2.685367353004336224e-08 2.676121950808886293e-08 2.636104309640986321e-08 2.668133192064030438e-08 2.653956091849574401e-08 2.673204444446640906e-08
2.632580028919047770e-08 2.653621444099233058e-08 2.663865106318197004e-08 2.649609487941750301e-08 2.643279062115646296e-08 2.621030228605951507e-08 2.654238662359438186e-08 2.635397706866794018e-08 2.612088425663562279e-08 2.649612597632142056e-08 2.610966756568877993e-08 2.641911996534226233e-08 2.659420115809140816e-08 2.594776094404549160e-08 2.646059313211266893e-08 2.653885831543877335e-08 2.628152864766283045e-08 2.623477558672151209e-08 2.625531577401530617e-08 2.637074933867644372e-08 2.617149865796683211e-08 2.642463307673044377e-08 2.649516103518409597e-08 2.644370278927508353e-08 2.628056555522193019e-08 2.616965379922406578e-08 2.605490569892814475e-08 2.637071698318919267e-08 2.627408087821768604e-08 2.651603008289243454e-08 2.635757428342942345e-08 2.642218537175850490e-08 2.611416777693792195e-08 2.662019653655441912e-08 2.650220587778061101e-08 2.662701817417389263e-08 2.657166273918494321e-08 2.639366301986011987e-08 2.664121929083843429e-08 2.655056094007908242e-08 2.616010324043792247e-08 2.647239548231675033e-08 2.633013838059141061e-08 2.651980179619090103e-08
2.658826051578273008e-08 2.680542722579677685e-08 2.690939230588562557e-08 2.676221911017304475e-08 2.669602925077763566e-08 2.646466105269643118e-08 2.681132119056207516e-08 2.661432652933248872e-08 2.637360259842345745e-08 2.676195372901488711e-08 2.636188850195748051e-08 2.668426378634820518e-08 2.686412344121683283e-08 2.619704291437245012e-08 2.672571430902210243e-08 2.680476791897831377e-08 2.654083914091921792e-08 2.649060806663009604e-08 2.651382596023979618e-08 2.663276556575042367e-08 2.642463307673044377e-08 2.668854316574914903e-08 2.676369042957865311e-08 2.670838938824021648e-08 2.653893274693537310e-08 2.642604588639923260e-08 2.630748220597151290e-08 2.663514299559609293e-08 2.653295817434098313e-08 2.678105407678698840e-08 2.661553182363732579e-08 2.668425265493877240e-08 2.636625894163860192e-08 2.689113674067899349e-08 2.676769255418791847e-08 2.689808359966879082e-08 2.683868439152253192e-08 2.665682393389880798e-08 2.690955162307993068e-08 2.681763565723893827e-08 2.641516566684693209e-08 2.673674164144854826e-08 2.659442959361266788e-08 2.678832941373384234e-08
2.666310987560712092e-08 2.688514245921556836e-08 2.698832086700638380e-08 2.683999499402467475e-08 2.677169338930824852e-08 2.653633764474701544e-08 2.688998453190391742e-08 2.668837741974532237e-08 2.644427297680824726e-08 2.683896352219642519e-08 2.643270518549531634e-08 2.676069397830059641e-08 2.694423217704676784e-08 2.626546124565263275e-08 2.680291039093409362e-08 2.688157626703698597e-08 2.661501689718069470e-08 2.656259817115306080e-08 2.658735927081887670e-08 2.670794484122108563e-08 2.649516103518409597e-08 2.676369042957865311e-08 2.684434381785968880e-08 2.678402065412330108e-08 2.661169195543622163e-08 2.649936152341454070e-08 2.637744401318707327e-08 2.671219868577848561e-08 2.660707062675042607e-08 2.685831739838053251e-08 2.668823482014073211e-08 2.675948493624659683e-08 2.643545287034566297e-08 2.697029789982822764e-08 2.684504983032525437e-08 2.697848242983460808e-08 2.691695520353018620e-08 2.673255985127678111e-08 2.698853967048129041e-08 2.689577934754336596e-08 2.648579402657482516e-08 2.681394365649830160e-08 2.667099838863009863e-08 2.686678848245280463e-08
2.660808365299106537e-08 2.682634172205867309e-08 2.693016736082015423e-08 2.678212723843793036e-08 2.671612490049489315e-08 2.648358948521727060e-08 2.683185052483884940e-08 2.663416967284438672e-08 2.639291377332822866e-08 2.678248350328571506e-08 2.638068089778189101e-08 2.670433233195237619e-08 2.688484355828528697e-08 2.621555648242900018e-08 2.674599992923342151e-08 2.682529327159438898e-08 2.656050339413350202e-08 2.651015840672533706e-08 2.653318315525765401e-08 2.665241894186947276e-08 2.644370278927508353e-08 2.670838938824021648e-08 2.678402065412330108e-08 2.672926862077295719e-08 2.655856390390263291e-08 2.644546333183078018e-08 2.632629300037032319e-08 2.665552772177168548e-08 2.655281710858801001e-08 2.680086691295662806e-08 2.663495648952720951e-08 2.670406474379591584e-08 2.638503846144813091e-08 2.691211599179803468e-08 2.678779637614030214e-08 2.691894635857653249e-08 2.685888919356121643e-08 2.667700923966964083e-08 2.692993727585671729e-08 2.683787023966453475e-08 2.643426295096896659e-08 2.675684252114795802e-08 2.661443028905611509e-08 2.680877937371003080e-08
2.643945795898809386e-08 2.665341597551276133e-08 2.675537628268283114e-08 2.661117411694302148e-08 2.654743507903783788e-08 2.632071192672023704e-08 2.665898306415516736e-08 2.646722221549787006e-08 2.623055820614200453e-08 2.661103462115177950e-08 2.621875434989369902e-08 2.653448847867260683e-08 2.671093399547959252e-08 2.605561354118112002e-08 2.657538166138860758e-08 2.665421866774787079e-08 2.639349433046470518e-08 2.634637981365858340e-08 2.636721917464115128e-08 2.648446944903231023e-08 2.628056555522193019e-08 2.653893274693537310e-08 2.661169195543622163e-08 2.655856390390263291e-08 2.639370807188010019e-08 2.628060521850850247e-08 2.616489088525169360e-08 2.648522904867771835e-08 2.638611505064413211e-08 2.662978886347788627e-08 2.646926094704124107e-08 2.653541368538860248e-08 2.622369839186734575e-08 2.673780804731207673e-08 2.661751086976147811e-08 2.674436690299489405e-08 2.668735963642091936e-08 2.650768837880952675e-08 2.675746892232482211e-08 2.666640174313902341e-08 2.627111039630484482e-08 2.658655130473596901e-08 2.644480223010458595e-08 2.663618584760544607e-08
2.632746347253572624e-08 2.654061869191709722e-08 2.664185942424914322e-08 2.649913270839116385e-08 2.643457457355613252e-08 2.620995348323511810e-08 2.654568516406419759e-08 2.635502657554506557e-08 2.611942787316028495e-08 2.649782127133632008e-08 2.610785333719089976e-08 2.642141053277380475e-08 2.659789527188265435e-08 2.594567308169770205e-08 2.646324400220322714e-08 2.654108315402422881e-08 2.628269681105229481e-08 2.623458302100042740e-08 2.625631157512415151e-08 2.637265366314413179e-08 2.616965379922406578e-08 2.642604588639923260e-08 2.649936152341454070e-08 2.644546333183078018e-08 2.628060521850850247e-08 2.617125488081972647e-08 2.605376207090561089e-08 2.637353238353231461e-08 2.627508865326105501e-08 2.651830068387287437e-08 2.635736715601317567e-08 2.642348517426572979e-08 2.611224554248723848e-08 2.662372192347151101e-08 2.650498505035246576e-08 2.663166826369982898e-08 2.657431492709736456e-08 2.639538170007143203e-08 2.664455824707609885e-08 2.655308868416921536e-08 2.615954304615391596e-08 2.647504455855995016e-08 2.633299855592431750e-08 2.652330244458545765e-08
2.620896615173215087e-08 2.641831934675424959e-08 2.652012663855398761e-08 2.637849254828655859e-08 2.631577749272790029e-08 2.609493644839285771e-08 2.642455913047534228e-08 2.623765126203401406e-08 2.600541458262371142e-08 2.637773103821725967e-08 2.599380128805484910e-08 2.630212989305058064e-08 2.647566054436819221e-08 2.583313735368537125e-08 2.634286396555314471e-08 2.642102106899234785e-08 2.616487766248128979e-08 2.611903606629591424e-08 2.613935341440816294e-08 2.625397223387882885e-08 2.605490569892814475e-08 2.630748220597151290e-08 2.637744401318707327e-08 2.632629300037032319e-08 2.616489088525169360e-08 2.605376207090561089e-08 2.594075214522279048e-08 2.625351207586479178e-08 2.615732412779804272e-08 2.639756682510374054e-08 2.624096092109013005e-08 2.630523449046981057e-08 2.599930437555995403e-08 2.650196722594429903e-08 2.638522306898299450e-08 2.650833829678996533e-08 2.645355019901530308e-08 2.627641544106845522e-08 2.652284139359438388e-08 2.643264543354634148e-08 2.604542755928911495e-08 2.635443548864115298e-08 2.621361064782652485e-08 2.640186971420875958e-08
2.653518961661310197e-08 2.675387232919430727e-08 2.685691843088221974e-08 2.671002644302933404e-08 2.664268519454379557e-08 2.641135820986606350e-08 2.675920238958971023e-08 2.656151228484607923e-08 2.632035951421045724e-08 2.670960248869344651e-08 2.630857072072108412e-08 2.663149788352679101e-08 2.681211101320578077e-08 2.614317130899660287e-08 2.667313627793920436e-08 2.675198952249191955e-08 2.648810428417006645e-08 2.643723996694430183e-08 2.646047953554889649e-08 2.658031624026445759e-08 2.637071698318919267e-08 2.663514299559609293e-08 2.671219868577848561e-08 2.665552772177168548e-08 2.648522904867771835e-08 2.637353238353231461e-08 2.625351207586479178e-08 2.658437041730867554e-08 2.648015892428103215e-08 2.672819028954931970e-08 2.656203563252338311e-08 2.663141977900170601e-08 2.631219027956675000e-08 2.683892783462755372e-08 2.671495373401445241e-08 2.684592323336394254e-08 2.678637864553698824e-08 2.660402646685119161e-08 2.685727669998851616e-08 2.676442617912415255e-08 2.636103524156675048e-08 2.668468043295918133e-08 2.654249021703911110e-08 2.673621597001317220e-08
2.643336578497618984e-08 2.664901956878742044e-08 2.675102423290433179e-08 2.660642132944259768e-08 2.654167378423044247e-08 2.631482392391965076e-08 2.665409895387883114e-08 2.646061767446597350e-08 2.622374490664710116e-08 2.660559920988690086e-08 2.621220538784099360e-08 2.652881367488690979e-08 2.670709837906931010e-08 2.604813944614795389e-08 2.657048046732185436e-08 2.664900006850765016e-08 2.638790363870620631e-08 2.633947407182908283e-08 2.636133010327933896e-08 2.647887227145450898e-08 2.627408087821768604e-08 2.653295817434098313e-08 2.660707062675042607e-08 2.655281710858801001e-08 2.638611505064413211e-08 2.627508865326105501e-08 2.615732412779804272e-08 2.648015892428103215e-08 2.638173282497278630e-08 2.662509682077125587e-08 2.646229541672235987e-08 2.653009371271768528e-08 2.621593557435672002e-08 2.673281041097236323e-08 2.661191797966283886e-08 2.673996428202253642e-08 2.668260184481803217e-08 2.650153161603571434e-08 2.675263282871811621e-08 2.666117596689115581e-08 2.626426589504421853e-08 2.658120998810884760e-08 2.643960164819429790e-08 2.663128519041623940e-08
2.668082756221130965e-08 2.689947072009056373e-08 2.700427408763138121e-08 2.685561287956632583e-08 2.678892197984990756e-08 2.655609455720535779e-08 2.690567114536223628e-08 2.670588379797448323e-08 2.646440426943324390e-08 2.685530856852976507e-08 2.645238810716199827e-08 2.677635236232142102e-08 2.695890523079676101e-08 2.628755078402763467e-08 2.681974684416326221e-08 2.689819521195365625e-08 2.663404662465986584e-08 2.658209857034056007e-08 2.660654243094388142e-08 2.672478781632525769e-08 2.651603008289243454e-08 2.678105407678698840e-08 2.685831739838053251e-08 2.680086691295662806e-08 2.662978886347788627e-08 2.651830068387287437e-08 2.639756682510374054e-08 2.672819028954931970e-08 2.662509682077125587e-08 2.687735053569302603e-08 2.670734512782822989e-08 2.677755340405909426e-08 2.645586094751233038e-08 2.698514665859906296e-08 2.686133001620025033e-08 2.699335562654294515e-08 2.693255907559268320e-08 2.674961349427678584e-08 2.700428017914796273e-08 2.691203586508503017e-08 2.650541318813732753e-08 2.683142340231079503e-08 2.668684657452592756e-08 2.688254023397364010e-08
2.651563543113988608e-08 2.672935863653018098e-08 2.683305405371045527e-08 2.668894654935544793e-08 2.662369323342219180e-08 2.639784213000596034e-08 2.673568138520408109e-08 2.654462703001232352e-08 2.630700560990135893e-08 2.668819772810713960e-08 2.629541956397065913e-08 2.661000565223213434e-08 2.678750385125170250e-08 2.613187720928698759e-08 2.665249857086692331e-08 2.673094564042900050e-08 2.647067737408800714e-08 2.642260563419685530e-08 2.644315844414796087e-08 2.656117717269175603e-08 2.635757428342942345e-08 2.661553182363732579e-08 2.668823482014073211e-08 2.663495648952720951e-08 2.646926094704124107e-08 2.635736715601317567e-08 2.624096092109013005e-08 2.656203563252338311e-08 2.646229541672235987e-08 2.670734512782822989e-08 2.654822996795663219e-08 2.661257848386692190e-08 2.629983023634438983e-08 2.681490239962329952e-08 2.669485577319174687e-08 2.682154272731292649e-08 2.676461724574617708e-08 2.658481436234225840e-08 2.683520698046598249e-08 2.674323717836861767e-08 2.634750379774022469e-08 2.666390830602721046e-08 2.652140892998086619e-08 2.671245400098426920e-08
2.658372526791964799e-08 2.680038774409651664e-08 2.690448106414031100e-08 2.675808569433417310e-08 2.669205881336480408e-08 2.646280835489285380e-08 2.680691523686521564e-08 2.661105038202210492e-08 2.637158055042729897e-08 2.675773198165476626e-08 2.636003689408460246e-08 2.667984767659227505e-08 2.685952009871641209e-08 2.619488674885799786e-08 2.672164391738350494e-08 2.680053292133461050e-08 2.653775218493366902e-08 2.648806584817984597e-08 2.651093285807780669e-08 2.662908560342644406e-08 2.642218537175850490e-08 2.668425265493877240e-08 2.675948493624659683e-08 2.670406474379591584e-08 2.653541368538860248e-08 2.642348517426572979e-08 2.630523449046981057e-08 2.663141977900170601e-08 2.653009371271768528e-08 2.677755340405909426e-08 2.661257848386692190e-08 2.668170968084183402e-08 2.636418844468792722e-08 2.688590694376275638e-08 2.676357449471810999e-08 2.689309230671556107e-08 2.683462734060161151e-08 2.665277455169345438e-08 2.690550805852593821e-08 2.681314354051658790e-08 2.641240827331292467e-08 2.673322343421258748e-08 2.659026664027890892e-08 2.678362068252423462e-08
2.626757564614285871e-08 2.647617058748086935e-08 2.657815243735076859e-08 2.643668343893962205e-08 2.637401061578698206e-08 2.615320544269047241e-08 2.648256302252764125e-08 2.629604045582610752e-08 2.606428821966198742e-08 2.643663815407440389e-08 2.605330987497192965e-08 2.636135478076190402e-08 2.653336116225978141e-08 2.589235609583247931e-08 2.640094462029209519e-08 2.647965928034693820e-08 2.622256997273001699e-08 2.617776363818920368e-08 2.619775194168409546e-08 2.631295556086820066e-08 2.611416777693792195e-08 2.636625894163860192e-08 2.643545287034566297e-08 2.638503846144813091e-08 2.622369839186734575e-08 2.611224554248723848e-08 2.599930437555995403e-08 2.631219027956675000e-08 2.621593557435672002e-08 2.645586094751233038e-08 2.629983023634438983e-08 2.636418844468792722e-08 2.605985959236565036e-08 2.655957916844855786e-08 2.644269998247236469e-08 2.656613667046598940e-08 2.651228207805612426e-08 2.633543448497321045e-08 2.658138953240858403e-08 2.649030894292687058e-08 2.610421279024064688e-08 2.641287411019812539e-08 2.627208198707227373e-08 2.646031047730017354e-08
2.678997015526488541e-08 2.701298873673851201e-08 2.711784256879379859e-08 2.696719477298043821e-08 2.689907763260969622e-08 2.666171367848511549e-08 2.701818585032908022e-08 2.681545965840816256e-08 2.656931691758885883e-08 2.696688114625297129e-08 2.655687426678316504e-08 2.688699371112797885e-08 2.707243416877253751e-08 2.638918427478698546e-08 2.693014915613774698e-08 2.700956784736649222e-08 2.674131974229634078e-08 2.668815899625934853e-08 2.671263325206462173e-08 2.683420910146258048e-08 2.662019653655441912e-08 2.689113674067899349e-08 2.697029789982822764e-08 2.691211599179803468e-08 2.673780804731207673e-08 2.662372192347151101e-08 2.650196722594429903e-08 2.683892783462755372e-08 2.673281041097236323e-08 2.698514665859906296e-08 2.681490239962329952e-08 2.688590694376275638e-08 2.655957916844855786e-08 2.710039398266496880e-08 2.697269559725425499e-08 2.710681827808375946e-08 2.704449948512117070e-08 2.685944768315475926e-08 2.711629198988264791e-08 2.702359450782695080e-08 2.661134515251104823e-08 2.694078442440221215e-08 2.679736973293919762e-08 2.699452581750509944e-08
2.666744018876489000e-08 2.688727262466410589e-08 2.699056241748426162e-08 2.684321753523638108e-08 2.677590514539242504e-08 2.654369849954761244e-08 2.689180892128145844e-08 2.669412125137542644e-08 2.645184801780909477e-08 2.684193141398213603e-08 2.643971568002125313e-08 2.676336168014881408e-08 2.694599675772491401e-08 2.627378699566794179e-08 2.680617078128061501e-08 2.688511114856292628e-08 2.662078457247788596e-08 2.656906771362244836e-08 2.659299973590093249e-08 2.671200655019769866e-08 2.650220587778061101e-08 2.676769255418791847e-08 2.684504983032525437e-08 2.678779637614030214e-08 2.661751086976147811e-08 2.650498505035246576e-08 2.638522306898299450e-08 2.671495373401445241e-08 2.661191797966283886e-08 2.686133001620025033e-08 2.669485577319174687e-08 2.676357449471810999e-08 2.644269998247236469e-08 2.697269559725425499e-08 2.684996841092686604e-08 2.698016786523851526e-08 2.691960044795748067e-08 2.673658315669642916e-08 2.699076742864753300e-08 2.689909868575552457e-08 2.649291093468069608e-08 2.681738008607780409e-08 2.667382672116240732e-08 2.686880219913307872e-08
2.679679411084523173e-08 2.702098995394556897e-08 2.712478128292135191e-08 2.697509148864031150e-08 2.690618385608716859e-08 2.666796026723807575e-08 2.702569634271980633e-08 2.682218388937712584e-08 2.657571189225382913e-08 2.697367407686904978e-08 2.656335441287711583e-08 2.689454533186903158e-08 2.708022013735374333e-08 2.639589732567304480e-08 2.693808928909055619e-08 2.701696985581462390e-08 2.674856877134779206e-08 2.669498319973724418e-08 2.672022683996300771e-08 2.684126810753018547e-08 2.662701817417389263e-08 2.689808359966879082e-08 2.697848242983460808e-08 2.691894635857653249e-08 2.674436690299489405e-08 2.663166826369982898e-08 2.650833829678996533e-08 2.684592323336394254e-08 2.673996428202253642e-08 2.699335562654294515e-08 2.682154272731292649e-08 2.689309230671556107e-08 2.656613667046598940e-08 2.710681827808375946e-08 2.698016786523851526e-08 2.711595532508843767e-08 2.705219432989157801e-08 2.686719659133630691e-08 2.712397275911266728e-08 2.703159797438179724e-08 2.661734190286182077e-08 2.694870044493069966e-08 2.680464286774956907e-08 2.700247034601955998e-08
