3.588912056564775828e-08 3.613867855515020465e-08 3.621288832563789783e-08 3.610495548578347387e-08 3.605307018217718719e-08 3.577670651800692529e-08 3.609398347947615860e-08 3.588868249450160903e-08 3.565136755202324402e-08 3.599137510486360356e-08 3.559644038695708030e-08 3.603640439369007678e-08 3.618883911915848302e-08 3.544930049143389640e-08 3.602615505011617429e-08 3.611701383240342358e-08 3.585759693261065739e-08 3.574847282476519401e-08 3.582062259048440779e-08 3.596239764946185603e-08 3.571026123423108032e-08 3.598914306367311583e-08 3.601442695968289389e-08 3.604470328598539905e-08 3.585185966465111048e-08 3.567003956999678987e-08 3.564543051682905488e-08 3.588074226652248296e-08 3.583511715443026328e-08 3.611097050640051555e-08 3.580065165477947909e-08 3.595706251488275671e-08 3.567745603969988058e-08 3.622234324871102043e-08 3.608791359764506068e-08 3.623752920068852408e-08 3.609668465042222785e-08 3.597003349333390323e-08 3.623360240195624680e-08 3.603611820080257746e-08 3.565798599056422791e-08 3.601287880724000818e-08 3.587954904611079895e-08 3.610150327312215907e-08
3.613867855515020465e-08 3.639896163688807464e-08 3.647040143215086985e-08 3.636016401033669577e-08 3.630599004900539997e-08 3.602528048730881773e-08 3.634873883846835820e-08 3.613865275005487966e-08 3.589933878497140363e-08 3.624398209202558126e-08 3.584187793434620338e-08 3.629037968833992277e-08 3.644550322794067353e-08 3.569207019817063924e-08 3.628170322863331839e-08 3.637286478437001943e-08 3.611030071898005486e-08 3.599822558525955042e-08 3.606963036755994112e-08 3.621530957910108640e-08 3.595798068837241039e-08 3.624222873225909063e-08 3.626849635811620301e-08 3.629940941505746098e-08 3.610103305118215186e-08 3.591804181732870046e-08 3.589048706797256644e-08 3.613353667444370644e-08 3.608499966837910543e-08 3.636845703732171615e-08 3.605000066436985067e-08 3.621122611061411038e-08 3.592616205792079345e-08 3.648124023725836682e-08 3.634419721033060016e-08 3.649752686196343962e-08 3.635141946768280003e-08 3.622324370296204057e-08 3.649098338745003261e-08 3.629105751364840134e-08 3.590563629713741137e-08 3.626761566988041746e-08 3.613131510177431624e-08 3.635837483019127254e-08
3.621288832563789783e-08 3.647040143215086985e-08 3.654530272925796346e-08 3.643292312717630405e-08 3.637942915852433910e-08 3.609796925274854681e-08 3.642211264126076785e-08 3.621205549096585406e-08 3.597147984752283219e-08 3.631780030502680526e-08 3.591485134603773779e-08 3.636376975553591531e-08 3.651947463170319257e-08 3.576352974489792680e-08 3.635492113560568171e-08 3.644632488749793954e-08 3.618300815603842733e-08 3.607057321538795041e-08 3.614267110445945723e-08 3.628851686899745734e-08 3.603117856634225334e-08 3.631625599732427052e-08 3.634241986747013174e-08 3.637242775874460892e-08 3.617464157560343568e-08 3.599053589433929579e-08 3.596316815585832702e-08 3.620704342412336450e-08 3.615857173284313063e-08 3.644173503908809683e-08 3.612307132271936570e-08 3.628373525452105324e-08 3.599787773962797805e-08 3.655451119418545808e-08 3.641727831719388424e-08 3.657033690426339386e-08 3.642538113570522234e-08 3.629616771913473741e-08 3.656445147932714089e-08 3.636421561122263381e-08 3.597832796169726769e-08 3.634035916468895189e-08 3.620453391838554587e-08 3.643078727136918505e-08
3.610495548578347387e-08 3.636016401033669577e-08 3.643292312717630405e-08 3.632516564725325088e-08 3.627102683172152576e-08 3.599232199745162100e-08 3.631271344310335629e-08 3.610535897828362702e-08 3.586639361328854876e-08 3.620939270803486317e-08 3.580923330610983045e-08 3.625484523568437940e-08 3.640905202270512381e-08 3.566114045671818899e-08 3.624584597574115141e-08 3.633721041048679460e-08 3.607486253893132297e-08 3.596405664486191402e-08 3.603597852742278495e-08 3.617999337799036330e-08 3.592557017778490547e-08 3.620768768942620027e-08 3.623299688898703472e-08 3.626344986026463361e-08 3.606810645576859294e-08 3.588428901716082966e-08 3.585903074277735938e-08 3.609804820951276451e-08 3.605109097693391864e-08 3.633125846216237077e-08 3.601653568239924769e-08 3.617562917475185373e-08 3.589294012483997402e-08 3.644414397103568674e-08 3.630775858636258004e-08 3.645972017504653880e-08 3.631576320212526823e-08 3.618818922621189144e-08 3.645462358190401821e-08 3.625553364210109179e-08 3.587234489394490983e-08 3.623220059767374730e-08 3.609660658363805570e-08 3.632152126781012141e-08
3.605307018217718719e-08 3.630599004900539997e-08 3.637942915852433910e-08 3.627102683172152576e-08 3.622006555310063653e-08 3.594101952388010404e-08 3.625950717655064411e-08 3.605277807548778869e-08 3.581530564832524621e-08 3.615613329349805013e-08 3.575961931232164601e-08 3.620201832917099387e-08 3.635564829792817411e-08 3.561126334281529196e-08 3.619158541018319647e-08 3.628327310284810932e-08 3.602227197485505660e-08 3.591301338119120957e-08 3.598503869038504286e-08 3.612758833576919925e-08 3.587360358054969512e-08 3.615417719668576282e-08 3.617931809993118492e-08 3.621038679901393672e-08 3.601581497628223073e-08 3.583389162869482959e-08 3.580835489124230242e-08 3.604542855427455801e-08 3.599969812599468955e-08 3.627722943857895421e-08 3.596457181872812736e-08 3.612295973118426638e-08 3.584153487596351766e-08 3.638943546588995740e-08 3.625425615069699861e-08 3.640461268903371063e-08 3.626281402135821251e-08 3.613500996491448798e-08 3.640066573531664548e-08 3.620178113070596695e-08 3.582162820192220100e-08 3.617906904205084618e-08 3.604406883636619206e-08 3.626791083638269446e-08
3.577670651800692529e-08 3.602528048730881773e-08 3.609796925274854681e-08 3.599232199745162100e-08 3.594101952388010404e-08 3.566776039382623680e-08 3.598136696396273601e-08 3.577844930545238130e-08 3.554221936348468296e-08 3.587917292697151136e-08 3.548686438939465303e-08 3.592433210922983307e-08 3.607496581992726018e-08 3.534240928733807459e-08 3.591306750595106693e-08 3.600427178191593255e-08 3.574606366566756102e-08 3.563778587801362614e-08 3.571074774855145399e-08 3.585059327068535331e-08 3.560024027386637004e-08 3.587703102996451598e-08 3.590191280276807535e-08 3.593247431227527201e-08 3.574129525466199113e-08 3.555957210057133667e-08 3.553669034835649692e-08 3.576847637723966162e-08 3.572449924734218991e-08 3.599739564388337580e-08 3.568936590053421838e-08 3.584596724543595072e-08 3.556834621782622439e-08 3.610815442245478823e-08 3.597524550786941919e-08 3.612324901216138330e-08 3.598413946329341987e-08 3.585773983142118579e-08 3.612021536762707674e-08 3.592309509549136837e-08 3.554836472771574244e-08 3.589993139007626637e-08 3.576784069392158593e-08 3.598852623344386180e-08
3.609398347947615860e-08 3.634873883846835820e-08 3.642211264126076785e-08 3.631271344310335629e-08 3.625950717655064411e-08 3.598136696396273601e-08 3.630249084643624607e-08 3.609448403982291081e-08 3.585496745746966873e-08 3.619841559305975390e-08 3.579883225286752626e-08 3.624415397593210767e-08 3.639735744043232005e-08 3.565038202212550075e-08 3.623378017473843827e-08 3.632504272001079743e-08 3.606389881335331431e-08 3.595282124750606815e-08 3.602540844439032114e-08 3.616930505321496975e-08 3.591375188435081997e-08 3.619598020702915483e-08 3.622246427626604331e-08 3.625258052385358009e-08 3.605711775019796767e-08 3.587361408595965985e-08 3.584790060578638898e-08 3.608724492015793935e-08 3.604003825832389558e-08 3.632016931029951004e-08 3.600499431668745596e-08 3.616447569403346009e-08 3.588160843664355606e-08 3.643194159001284578e-08 3.629637219106350372e-08 3.644799862539005686e-08 3.630447482644271211e-08 3.617695149389305429e-08 3.644263756200930286e-08 3.624351631393985265e-08 3.586187681059102953e-08 3.621962633945498103e-08 3.608563896893582476e-08 3.631045989048619699e-08
3.588868249450160903e-08 3.613865275005487966e-08 3.621205549096585406e-08 3.610535897828362702e-08 3.605277807548778869e-08 3.577844930545238130e-08 3.609448403982291081e-08 3.589068345618458402e-08 3.565274849557464586e-08 3.599186324414553578e-08 3.559686834387529462e-08 3.603720748403237544e-08 3.618853712518072483e-08 3.545135870632504430e-08 3.602627537889327525e-08 3.611738046131304294e-08 3.585814093643124718e-08 3.574853185691697876e-08 3.582164026083328014e-08 3.596293644190969674e-08 3.571120282134623587e-08 3.598981184908457617e-08 3.601517479234458044e-08 3.604516629880717370e-08 3.585298826832391063e-08 3.567029024982837838e-08 3.564687743674065509e-08 3.588095824150487785e-08 3.583574239036981907e-08 3.611102241527605930e-08 3.580063061688857515e-08 3.595816633306857838e-08 3.567870643756249374e-08 3.622192797237897878e-08 3.608830748899283567e-08 3.623740299454767696e-08 3.609731328732374614e-08 3.597034667039773390e-08 3.623339708310522323e-08 3.603593866642641765e-08 3.565891889912165744e-08 3.601258255021165042e-08 3.587988532395666512e-08 3.610172011699178505e-08
3.565136755202324402e-08 3.589933878497140363e-08 3.597147984752283219e-08 3.586639361328854876e-08 3.581530564832524621e-08 3.554221936348468296e-08 3.585496745746966873e-08 3.565274849557464586e-08 3.541900152175198462e-08 3.575286881514602820e-08 3.536365567966286730e-08 3.579868779798985670e-08 3.594915637012646819e-08 3.521889958948258413e-08 3.578713994695273500e-08 3.587739002258537534e-08 3.562125743706559049e-08 3.551325641967014728e-08 3.558540008195368596e-08 3.572546802820360400e-08 3.547587065909723192e-08 3.575102806975648116e-08 3.577538038737127797e-08 3.580684518664683784e-08 3.561571122720293296e-08 3.543580307971677921e-08 3.541291728453398171e-08 3.564256390950786068e-08 3.559917291252445799e-08 3.587091883072168447e-08 3.556443141852982037e-08 3.572038255993653052e-08 3.544360055695762177e-08 3.598179576025866527e-08 3.584949962149687502e-08 3.599699362583552326e-08 3.585886812889276002e-08 3.573195660002576966e-08 3.599377471025762579e-08 3.579753631157689238e-08 3.542382380957410622e-08 3.577473191208583663e-08 3.564274034134879199e-08 3.586203351581789315e-08
3.599137510486360356e-08 3.624398209202558126e-08 3.631780030502680526e-08 3.620939270803486317e-08 3.615613329349805013e-08 3.587917292697151136e-08 3.619841559305975390e-08 3.599186324414553578e-08 3.575286881514602820e-08 3.609666372257908189e-08 3.569640162326599638e-08 3.614026055217123085e-08 3.629288405019547906e-08 3.554863690606805928e-08 3.613048435633154280e-08 3.622150969136299288e-08 3.596100558331120300e-08 3.585025688129995195e-08 3.592201819604949607e-08 3.606553944410275785e-08 3.581180131266946340e-08 3.609379214668880053e-08 3.611912928106943291e-08 3.614960691016079369e-08 3.595454852637183813e-08 3.577073259287393228e-08 3.574647579520385864e-08 3.598369352884309285e-08 3.593769528950564998e-08 3.621613971320821955e-08 3.590283820142239860e-08 3.606106624846355822e-08 3.577950725040795161e-08 3.632848699424137952e-08 3.619229948545284964e-08 3.634359824982157669e-08 3.620095198988740496e-08 3.607359722959832882e-08 3.633875011061326337e-08 3.614027559801160987e-08 3.575915607984759188e-08 3.611677859285415607e-08 3.598286369243421228e-08 3.620612459171256688e-08
3.559644038695708030e-08 3.584187793434620338e-08 3.591485134603773779e-08 3.580923330610983045e-08 3.575961931232164601e-08 3.548686438939465303e-08 3.579883225286752626e-08 3.559686834387529462e-08 3.536365567966286730e-08 3.569640162326599638e-08 3.531111238858016328e-08 3.574248320821096389e-08 3.589203307543942308e-08 3.516621008337292970e-08 3.572953364481537492e-08 3.581987460418147297e-08 3.556563974518590060e-08 3.545842688227910893e-08 3.553062721799554842e-08 3.566979917465586428e-08 3.542089276322199709e-08 3.569387430842203519e-08 3.571835482116182437e-08 3.574997219669141676e-08 3.555999914459966635e-08 3.538227012864432546e-08 3.535901712762234958e-08 3.558671462278058515e-08 3.554391860520805590e-08 3.581400023249714265e-08 3.550932393755568019e-08 3.566386414652640040e-08 3.538851792019266687e-08 3.592348972600128011e-08 3.579232851059703827e-08 3.593877360095343719e-08 3.580179237022007378e-08 3.567614027171808409e-08 3.593654312603651338e-08 3.574008204175445679e-08 3.536963383810095559e-08 3.571839149809418249e-08 3.558747502326181653e-08 3.580548055295355309e-08
3.603640439369007678e-08 3.629037968833992277e-08 3.636376975553591531e-08 3.625484523568437940e-08 3.620201832917099387e-08 3.592433210922983307e-08 3.624415397593210767e-08 3.603720748403237544e-08 3.579868779798985670e-08 3.614026055217123085e-08 3.574248320821096389e-08 3.618687493147342809e-08 3.633932148239584320e-08 3.559441892831908793e-08 3.617574098399940797e-08 3.626685824206899733e-08 3.600642614444923524e-08 3.589591831500388309e-08 3.596832345225107566e-08 3.611173509739174663e-08 3.585707012380615107e-08 3.613812754315494067e-08 3.616427902371492905e-08 3.619456269393387304e-08 3.599988395565334603e-08 3.581691238992257200e-08 3.579143255130887510e-08 3.602932784694262532e-08 3.598284685146960248e-08 3.626187168986510969e-08 3.594746974099281797e-08 3.610685921948376463e-08 3.582484860414663612e-08 3.637359171349466674e-08 3.623868285837414501e-08 3.638949257159754002e-08 3.624712671718322067e-08 3.611915093490377020e-08 3.638413545601592686e-08 3.618545251132754009e-08 3.580491469814073582e-08 3.616206096640373458e-08 3.602812963294388902e-08 3.625178668567942817e-08
3.618883911915848302e-08 3.644550322794067353e-08 3.651947463170319257e-08 3.640905202270512381e-08 3.635564829792817411e-08 3.607496581992726018e-08 3.639735744043232005e-08 3.618853712518072483e-08 3.594915637012646819e-08 3.629288405019547906e-08 3.589203307543942308e-08 3.633932148239584320e-08 3.649558671500825615e-08 3.574187892489902927e-08 3.633083618840552212e-08 3.642237480664742245e-08 3.615892939549839746e-08 3.604704045233295599e-08 3.611979317559257565e-08 3.626436870764849881e-08 3.600848500416928111e-08 3.629165309788284636e-08 3.631792344725931665e-08 3.634791989936961714e-08 3.615129573659650902e-08 3.596727073277188240e-08 3.594075149063529892e-08 3.618285741380358443e-08 3.613469636483767859e-08 3.641631009025925468e-08 3.609964946181800940e-08 3.625950964915476878e-08 3.597494984733788886e-08 3.652962742238193297e-08 3.639289123914674478e-08 3.654550565129799914e-08 3.640134183559967240e-08 3.627185381840125331e-08 3.653990610564297963e-08 3.634012989439630783e-08 3.595532452415240919e-08 3.631630319305040878e-08 3.618041991452618845e-08 3.640641917438284162e-08
3.544930049143389640e-08 3.569207019817063924e-08 3.576352974489792680e-08 3.566114045671818899e-08 3.561126334281529196e-08 3.534240928733807459e-08 3.565038202212550075e-08 3.545135870632504430e-08 3.521889958948258413e-08 3.554863690606805928e-08 3.516621008337292970e-08 3.559441892831908793e-08 3.574187892489902927e-08 3.502590631938109356e-08 3.558121377919214408e-08 3.567166111953323446e-08 3.541835862481100957e-08 3.531298897041229850e-08 3.538550127694560104e-08 3.552232553161643938e-08 3.527596704621306255e-08 3.554651395093106823e-08 3.556995321109378094e-08 3.560181815720958466e-08 3.541452217736138321e-08 3.523640855192154291e-08 3.521566809383010372e-08 3.543908722654501191e-08 3.539793097244974871e-08 3.566471960367197255e-08 3.536346118013468702e-08 3.551690706073390987e-08 3.524440935413345305e-08 3.577291499409229739e-08 3.564324256679659783e-08 3.578836419726980390e-08 3.565259333893360415e-08 3.552877930764941310e-08 3.578635757202959744e-08 3.559123276072826267e-08 3.522512526012243794e-08 3.556937205937499645e-08 3.544024385674502677e-08 3.565636354085282275e-08
3.602615505011617429e-08 3.628170322863331839e-08 3.635492113560568171e-08 3.624584597574115141e-08 3.619158541018319647e-08 3.591306750595106693e-08 3.623378017473843827e-08 3.602627537889327525e-08 3.578713994695273500e-08 3.613048435633154280e-08 3.572953364481537492e-08 3.617574098399940797e-08 3.633083618840552212e-08 3.558121377919214408e-08 3.616830427324585496e-08 3.625916500395992232e-08 3.599622378551606952e-08 3.588492809409225485e-08 3.595704289190136355e-08 3.610086659194753633e-08 3.584661888088089400e-08 3.612926086935226107e-08 3.615491309384580825e-08 3.618481637763391351e-08 3.598889642378271871e-08 3.580491734669233100e-08 3.577919650524015980e-08 3.602030973510245690e-08 3.597246071721219163e-08 3.625275302558828742e-08 3.593773212885828966e-08 3.609671161619094507e-08 3.581341144947467159e-08 3.636580223209024952e-08 3.622930332957197037e-08 3.638129210086533892e-08 3.623708743536805947e-08 3.610909032719855544e-08 3.637578264280587652e-08 3.617716796724793013e-08 3.579339935351776327e-08 3.615303277255749908e-08 3.601774297183100559e-08 3.624260745086866252e-08
3.611701383240342358e-08 3.637286478437001943e-08 3.644632488749793954e-08 3.633721041048679460e-08 3.628327310284810932e-08 3.600427178191593255e-08 3.632504272001079743e-08 3.611738046131304294e-08 3.587739002258537534e-08 3.622150969136299288e-08 3.581987460418147297e-08 3.626685824206899733e-08 3.642237480664742245e-08 3.567166111953323446e-08 3.625916500395992232e-08 3.635111781100354716e-08 3.608684094517286402e-08 3.597568714126939256e-08 3.604846703651494803e-08 3.619207554465581521e-08 3.593739824667091056e-08 3.622019930964505341e-08 3.624623076036047924e-08 3.627573759556647316e-08 3.608008535418068602e-08 3.589514945213683282e-08 3.586964762370374363e-08 3.611127360814105146e-08 3.606344827056802610e-08 3.634412975071831560e-08 3.602833226139769944e-08 3.618777296022636685e-08 3.590431931528003031e-08 3.645711718252544340e-08 3.632048900758382745e-08 3.647273816261856762e-08 3.632843181846635863e-08 3.620015785444007864e-08 3.646731106158794570e-08 3.626796621806693820e-08 3.588409373460508505e-08 3.624404637917333097e-08 3.610851559888985120e-08 3.633425013229479370e-08
3.585759693261065739e-08 3.611030071898005486e-08 3.618300815603842733e-08 3.607486253893132297e-08 3.602227197485505660e-08 3.574606366566756102e-08 3.606389881335331431e-08 3.585814093643124718e-08 3.562125743706559049e-08 3.596100558331120300e-08 3.556563974518590060e-08 3.600642614444923524e-08 3.615892939549839746e-08 3.541835862481100957e-08 3.599622378551606952e-08 3.608684094517286402e-08 3.582835266903125110e-08 3.571764137592630864e-08 3.578971507741940365e-08 3.593238802128619441e-08 3.567953867879999227e-08 3.595910018263041161e-08 3.598411315474667204e-08 3.601510599005942905e-08 3.582062790054344355e-08 3.563933010290392677e-08 3.561440704316946215e-08 3.585027301741381063e-08 3.580445352992779640e-08 3.608144000263112778e-08 3.576963921663238476e-08 3.592752290865071205e-08 3.564712629629417170e-08 3.619307821332696527e-08 3.605829201394973080e-08 3.620862360875594763e-08 3.606711309350583408e-08 3.593956144182113213e-08 3.620406452549112585e-08 3.600594267049636498e-08 3.562706454200583396e-08 3.598302109107583667e-08 3.584933840187124891e-08 3.607193774002827106e-08
3.574847282476519401e-08 3.599822558525955042e-08 3.607057321538795041e-08 3.596405664486191402e-08 3.591301338119120957e-08 3.563778587801362614e-08 3.595282124750606815e-08 3.574853185691697876e-08 3.551325641967014728e-08 3.585025688129995195e-08 3.545842688227910893e-08 3.589591831500388309e-08 3.604704045233295599e-08 3.531298897041229850e-08 3.588492809409225485e-08 3.597568714126939256e-08 3.571764137592630864e-08 3.561061231479599224e-08 3.568150238466930090e-08 3.582242368123879510e-08 3.557118038622636345e-08 3.584833865510618663e-08 3.587272288928973063e-08 3.590418776692349450e-08 3.571180749907341770e-08 3.553163228825141187e-08 3.550746844718255949e-08 3.574018091084870618e-08 3.569577504968078049e-08 3.597004833603152194e-08 3.566135476992068688e-08 3.581779014805203131e-08 3.553917845069455339e-08 3.608048148431503012e-08 3.594728883682203459e-08 3.609572810991949244e-08 3.595546287631008692e-08 3.582990465499809072e-08 3.609174421679065243e-08 3.589515142819696260e-08 3.551943714194574056e-08 3.587212049265499903e-08 3.573971907129326846e-08 3.596018180611480441e-08
3.582062259048440779e-08 3.606963036755994112e-08 3.614267110445945723e-08 3.603597852742278495e-08 3.598503869038504286e-08 3.571074774855145399e-08 3.602540844439032114e-08 3.582164026083328014e-08 3.558540008195368596e-08 3.592201819604949607e-08 3.553062721799554842e-08 3.596832345225107566e-08 3.611979317559257565e-08 3.538550127694560104e-08 3.595704289190136355e-08 3.604846703651494803e-08 3.578971507741940365e-08 3.568150238466930090e-08 3.575504776319603817e-08 3.589486633096256829e-08 3.564378606261067966e-08 3.592016689524850446e-08 3.594579913814475588e-08 3.597608212654513116e-08 3.578467727727765680e-08 3.560330396785432098e-08 3.557958515771189178e-08 3.581260484057597271e-08 3.576802762531307200e-08 3.604154382378146534e-08 3.573280080483834727e-08 3.588943058857808454e-08 3.561142379357550638e-08 3.615213563400155879e-08 3.601945908320907289e-08 3.616776909633007179e-08 3.602822189326243492e-08 3.590154783981298796e-08 3.616423516420156296e-08 3.596682959248557269e-08 3.559189649590734899e-08 3.594339219445249892e-08 3.581152809442496822e-08 3.603272271903369563e-08
3.596239764946185603e-08 3.621530957910108640e-08 3.628851686899745734e-08 3.617999337799036330e-08 3.612758833576919925e-08 3.585059327068535331e-08 3.616930505321496975e-08 3.596293644190969674e-08 3.572546802820360400e-08 3.606553944410275785e-08 3.566979917465586428e-08 3.611173509739174663e-08 3.626436870764849881e-08 3.552232553161643938e-08 3.610086659194753633e-08 3.619207554465581521e-08 3.593238802128619441e-08 3.582242368123879510e-08 3.589486633096256829e-08 3.603815370562307374e-08 3.578382142498842220e-08 3.606390265879672247e-08 3.608921160837714365e-08 3.611991143362753562e-08 3.592580737255283210e-08 3.574353539982921676e-08 3.571859786673327032e-08 3.595492185512379735e-08 3.590913809113088360e-08 3.618704838565118305e-08 3.587398580330806030e-08 3.603269937796838444e-08 3.575135702551419239e-08 3.629800848935663024e-08 3.616358114890274170e-08 3.631426682248737724e-08 3.617215185949303326e-08 3.604469636278127171e-08 3.630934236302496148e-08 3.611089636651574696e-08 3.573163923502508640e-08 3.608707477367666594e-08 3.595407634916150941e-08 3.617716541181455128e-08
3.571026123423108032e-08 3.595798068837241039e-08 3.603117856634225334e-08 3.592557017778490547e-08 3.587360358054969512e-08 3.560024027386637004e-08 3.591375188435081997e-08 3.571120282134623587e-08 3.547587065909723192e-08 3.581180131266946340e-08 3.542089276322199709e-08 3.585707012380615107e-08 3.600848500416928111e-08 3.527596704621306255e-08 3.584661888088089400e-08 3.593739824667091056e-08 3.567953867879999227e-08 3.557118038622636345e-08 3.564378606261067966e-08 3.578382142498842220e-08 3.553473644089874324e-08 3.581027339242415603e-08 3.583468029745187204e-08 3.586518016030178103e-08 3.567420178409190117e-08 3.549332864523930952e-08 3.547028651582954328e-08 3.570164191843657306e-08 3.565767648717955268e-08 3.593029681090433831e-08 3.562311000338434272e-08 3.577856637617496800e-08 3.550133005881312458e-08 3.604150018408725746e-08 3.590838986239529390e-08 3.605647510057689525e-08 3.591730052620937135e-08 3.579096247231079964e-08 3.605332212122872063e-08 3.585651833875961063e-08 3.548136030406145606e-08 3.583351142476832356e-08 3.570147644300040464e-08 3.592093518886466701e-08
3.598914306367311583e-08 3.624222873225909063e-08 3.631625599732427052e-08 3.620768768942620027e-08 3.615417719668576282e-08 3.587703102996451598e-08 3.619598020702915483e-08 3.598981184908457617e-08 3.575102806975648116e-08 3.609379214668880053e-08 3.569387430842203519e-08 3.613812754315494067e-08 3.629165309788284636e-08 3.554651395093106823e-08 3.612926086935226107e-08 3.622019930964505341e-08 3.595910018263041161e-08 3.584833865510618663e-08 3.592016689524850446e-08 3.606390265879672247e-08 3.581027339242415603e-08 3.609337234438166329e-08 3.611670911290624432e-08 3.614730310558951254e-08 3.595243479042904673e-08 3.576847421799690442e-08 3.574392760877969740e-08 3.598206823787827059e-08 3.593606921945469959e-08 3.621472570837635905e-08 3.590115857910303472e-08 3.605993540619219719e-08 3.577728004585124995e-08 3.632689714048011178e-08 3.619065375016797483e-08 3.634183982989487710e-08 3.619927529311291622e-08 3.607144850110135945e-08 3.633731467200969944e-08 3.613905797134612163e-08 3.575680303039041775e-08 3.611471343224874866e-08 3.598045007626166487e-08 3.620374916459839421e-08
3.601442695968289389e-08 3.626849635811620301e-08 3.634241986747013174e-08 3.623299688898703472e-08 3.617931809993118492e-08 3.590191280276807535e-08 3.622246427626604331e-08 3.601517479234458044e-08 3.577538038737127797e-08 3.611912928106943291e-08 3.571835482116182437e-08 3.616427902371492905e-08 3.631792344725931665e-08 3.556995321109378094e-08 3.615491309384580825e-08 3.624623076036047924e-08 3.598411315474667204e-08 3.587272288928973063e-08 3.594579913814475588e-08 3.608921160837714365e-08 3.583468029745187204e-08 3.611670911290624432e-08 3.614427045802250740e-08 3.617281873947264441e-08 3.597813364079029684e-08 3.579327353265023603e-08 3.576757303831116051e-08 3.600824055270723342e-08 3.596043966448616038e-08 3.624046111834407872e-08 3.592519051862094923e-08 3.608427922218199663e-08 3.580212547240061978e-08 3.635277588304761598e-08 3.621693700947360269e-08 3.636829644909842394e-08 3.622534582231958568e-08 3.609703732442928638e-08 3.636251169239428366e-08 3.616408775530821597e-08 3.578231338321603524e-08 3.614013933489250095e-08 3.600597544594020208e-08 3.623068415609506351e-08
3.604470328598539905e-08 3.629940941505746098e-08 3.637242775874460892e-08 3.626344986026463361e-08 3.621038679901393672e-08 3.593247431227527201e-08 3.625258052385358009e-08 3.604516629880717370e-08 3.580684518664683784e-08 3.614960691016079369e-08 3.574997219669141676e-08 3.619456269393387304e-08 3.634791989936961714e-08 3.560181815720958466e-08 3.618481637763391351e-08 3.627573759556647316e-08 3.601510599005942905e-08 3.590418776692349450e-08 3.597608212654513116e-08 3.611991143362753562e-08 3.586518016030178103e-08 3.614730310558951254e-08 3.617281873947264441e-08 3.620402998942890385e-08 3.600771079558382931e-08 3.582442078428952953e-08 3.579959181320214192e-08 3.603755827518702808e-08 3.599139524131910897e-08 3.627047209816755652e-08 3.595629027344006372e-08 3.611539929684577440e-08 3.583283233599872006e-08 3.638313909540794185e-08 3.624714539398452780e-08 3.639865719944239802e-08 3.625560275283049836e-08 3.612738261636475864e-08 3.639336803047231986e-08 3.619453208922362226e-08 3.581271607170740712e-08 3.617074427702520703e-08 3.603660904169493689e-08 3.626036527266063594e-08
3.585185966465111048e-08 3.610103305118215186e-08 3.617464157560343568e-08 3.606810645576859294e-08 3.601581497628223073e-08 3.574129525466199113e-08 3.605711775019796767e-08 3.585298826832391063e-08 3.561571122720293296e-08 3.595454852637183813e-08 3.555999914459966635e-08 3.599988395565334603e-08 3.615129573659650902e-08 3.541452217736138321e-08 3.598889642378271871e-08 3.608008535418068602e-08 3.582062790054344355e-08 3.571180749907341770e-08 3.578467727727765680e-08 3.592580737255283210e-08 3.567420178409190117e-08 3.595243479042904673e-08 3.597813364079029684e-08 3.600771079558382931e-08 3.581651095923135994e-08 3.563310339531126439e-08 3.560962054832559773e-08 3.584373642943466150e-08 3.579861255474702729e-08 3.607384584570185104e-08 3.576363352511768585e-08 3.592069542940286282e-08 3.564200337699327512e-08 3.618467805750470881e-08 3.605095105944973262e-08 3.620001541459433286e-08 3.605987601323100550e-08 3.593308426778249995e-08 3.619598643181512424e-08 3.599871912601427282e-08 3.562231686552148721e-08 3.597524975035332746e-08 3.584279247553486989e-08 3.606441535092901358e-08
3.567003956999678987e-08 3.591804181732870046e-08 3.599053589433929579e-08 3.588428901716082966e-08 3.583389162869482959e-08 3.555957210057133667e-08 3.587361408595965985e-08 3.567029024982837838e-08 3.543580307971677921e-08 3.577073259287393228e-08 3.538227012864432546e-08 3.581691238992257200e-08 3.596727073277188240e-08 3.523640855192154291e-08 3.580491734669233100e-08 3.589514945213683282e-08 3.563933010290392677e-08 3.553163228825141187e-08 3.560330396785432098e-08 3.574353539982921676e-08 3.549332864523930952e-08 3.576847421799690442e-08 3.579327353265023603e-08 3.582442078428952953e-08 3.563310339531126439e-08 3.545518524104740355e-08 3.543027034845625890e-08 3.566136921507806929e-08 3.561702761857589850e-08 3.588960249291542944e-08 3.558274719645146851e-08 3.573828889136215643e-08 3.546119362048532428e-08 3.599967986814992697e-08 3.586754223764623735e-08 3.601488682517303060e-08 3.587620778760422191e-08 3.575076756793515652e-08 3.601182729927658556e-08 3.581546692378292991e-08 3.544190292423098332e-08 3.579351824171041501e-08 3.566107281685627416e-08 3.588083919227516260e-08
3.564543051682905488e-08 3.589048706797256644e-08 3.596316815585832702e-08 3.585903074277735938e-08 3.580835489124230242e-08 3.553669034835649692e-08 3.584790060578638898e-08 3.564687743674065509e-08 3.541291728453398171e-08 3.574647579520385864e-08 3.535901712762234958e-08 3.579143255130887510e-08 3.594075149063529892e-08 3.521566809383010372e-08 3.577919650524015980e-08 3.586964762370374363e-08 3.561440704316946215e-08 3.550746844718255949e-08 3.557958515771189178e-08 3.571859786673327032e-08 3.547028651582954328e-08 3.574392760877969740e-08 3.576757303831116051e-08 3.579959181320214192e-08 3.560962054832559773e-08 3.543027034845625890e-08 3.540898660787659444e-08 3.563540357847193378e-08 3.559323569975516497e-08 3.586288979666138278e-08 3.555885689087492401e-08 3.571336961215391919e-08 3.543780523285505826e-08 3.597293130266123874e-08 3.584132532672510305e-08 3.598815393427491571e-08 3.585070472814002737e-08 3.572545377499157029e-08 3.598586481232519496e-08 3.578966627649372004e-08 3.541827497578475564e-08 3.576702917728958552e-08 3.563646803259490570e-08 3.585418096830874479e-08
3.588074226652248296e-08 3.613353667444370644e-08 3.620704342412336450e-08 3.609804820951276451e-08 3.604542855427455801e-08 3.576847637723966162e-08 3.608724492015793935e-08 3.588095824150487785e-08 3.564256390950786068e-08 3.598369352884309285e-08 3.558671462278058515e-08 3.602932784694262532e-08 3.618285741380358443e-08 3.543908722654501191e-08 3.602030973510245690e-08 3.611127360814105146e-08 3.585027301741381063e-08 3.574018091084870618e-08 3.581260484057597271e-08 3.595492185512379735e-08 3.570164191843657306e-08 3.598206823787827059e-08 3.600824055270723342e-08 3.603755827518702808e-08 3.584373642943466150e-08 3.566136921507806929e-08 3.563540357847193378e-08 3.587472529657724119e-08 3.582714586528265958e-08 3.610525275129464523e-08 3.579236147454819013e-08 3.595040399973056813e-08 3.566902948827017635e-08 3.621648334156836858e-08 3.608179628360557607e-08 3.623198317331885695e-08 3.608983117193300746e-08 3.596284958694058584e-08 3.622720081883649261e-08 3.602949949433946076e-08 3.564977952816344758e-08 3.600592879842332964e-08 3.587184521169264347e-08 3.609571975637605069e-08
3.583511715443026328e-08 3.608499966837910543e-08 3.615857173284313063e-08 3.605109097693391864e-08 3.599969812599468955e-08 3.572449924734218991e-08 3.604003825832389558e-08 3.583574239036981907e-08 3.559917291252445799e-08 3.593769528950564998e-08 3.554391860520805590e-08 3.598284685146960248e-08 3.613469636483767859e-08 3.539793097244974871e-08 3.597246071721219163e-08 3.606344827056802610e-08 3.580445352992779640e-08 3.569577504968078049e-08 3.576802762531307200e-08 3.590913809113088360e-08 3.565767648717955268e-08 3.593606921945469959e-08 3.596043966448616038e-08 3.599139524131910897e-08 3.579861255474702729e-08 3.561702761857589850e-08 3.559323569975516497e-08 3.582714586528265958e-08 3.578280305613374388e-08 3.605720840258995888e-08 3.574741338492850306e-08 3.590453128511999426e-08 3.562512880541756093e-08 3.616826792266064038e-08 3.603453218774981695e-08 3.618322049806301394e-08 3.604309179796919221e-08 3.591624591493680343e-08 3.617994095453293379e-08 3.598219402682348848e-08 3.560545622237225444e-08 3.595894451136458325e-08 3.582632268946157469e-08 3.604723739439386415e-08
3.611097050640051555e-08 3.636845703732171615e-08 3.644173503908809683e-08 3.633125846216237077e-08 3.627722943857895421e-08 3.599739564388337580e-08 3.632016931029951004e-08 3.611102241527605930e-08 3.587091883072168447e-08 3.621613971320821955e-08 3.581400023249714265e-08 3.626187168986510969e-08 3.641631009025925468e-08 3.566471960367197255e-08 3.625275302558828742e-08 3.634412975071831560e-08 3.608144000263112778e-08 3.597004833603152194e-08 3.604154382378146534e-08 3.618704838565118305e-08 3.593029681090433831e-08 3.621472570837635905e-08 3.624046111834407872e-08 3.627047209816755652e-08 3.607384584570185104e-08 3.588960249291542944e-08 3.586288979666138278e-08 3.610525275129464523e-08 3.605720840258995888e-08 3.634013062424659449e-08 3.602197613687284359e-08 3.618275391683579869e-08 3.589798676317318856e-08 3.645178162963165198e-08 3.631501088445927784e-08 3.646785542593803774e-08 3.632248345973419066e-08 3.619487423502406174e-08 3.646162949993102493e-08 3.626202861145372170e-08 3.587786145811580158e-08 3.623808438869166388e-08 3.610322944495428125e-08 3.632905109696832549e-08
3.580065165477947909e-08 3.605000066436985067e-08 3.612307132271936570e-08 3.601653568239924769e-08 3.596457181872812736e-08 3.568936590053421838e-08 3.600499431668745596e-08 3.580063061688857515e-08 3.556443141852982037e-08 3.590283820142239860e-08 3.550932393755568019e-08 3.594746974099281797e-08 3.609964946181800940e-08 3.536346118013468702e-08 3.593773212885828966e-08 3.602833226139769944e-08 3.576963921663238476e-08 3.566135476992068688e-08 3.573280080483834727e-08 3.587398580330806030e-08 3.562311000338434272e-08 3.590115857910303472e-08 3.592519051862094923e-08 3.595629027344006372e-08 3.576363352511768585e-08 3.558274719645146851e-08 3.555885689087492401e-08 3.579236147454819013e-08 3.574741338492850306e-08 3.602197613687284359e-08 3.571357245558035719e-08 3.586939847674642245e-08 3.559021336049505990e-08 3.613328902335248610e-08 3.599920414771053117e-08 3.614822674106679595e-08 3.600762409824439999e-08 3.588184825608261181e-08 3.614479631474083165e-08 3.594794103783059882e-08 3.557055207698684855e-08 3.592450406060958792e-08 3.579155543371428799e-08 3.601248613503312015e-08
3.595706251488275671e-08 3.621122611061411038e-08 3.628373525452105324e-08 3.617562917475185373e-08 3.612295973118426638e-08 3.584596724543595072e-08 3.616447569403346009e-08 3.595816633306857838e-08 3.572038255993653052e-08 3.606106624846355822e-08 3.566386414652640040e-08 3.610685921948376463e-08 3.625950964915476878e-08 3.551690706073390987e-08 3.609671161619094507e-08 3.618777296022636685e-08 3.592752290865071205e-08 3.581779014805203131e-08 3.588943058857808454e-08 3.603269937796838444e-08 3.577856637617496800e-08 3.605993540619219719e-08 3.608427922218199663e-08 3.611539929684577440e-08 3.592069542940286282e-08 3.573828889136215643e-08 3.571336961215391919e-08 3.595040399973056813e-08 3.590453128511999426e-08 3.618275391683579869e-08 3.586939847674642245e-08 3.602885003150958234e-08 3.574654383235964230e-08 3.629393871870564326e-08 3.615915319203231403e-08 3.630964794713676559e-08 3.616706580372002973e-08 3.604004318130097774e-08 3.630502110776376994e-08 3.610664781127348961e-08 3.572646719673767423e-08 3.608273919692250678e-08 3.594909403302615543e-08 3.617239556486218975e-08
3.567745603969988058e-08 3.592616205792079345e-08 3.599787773962797805e-08 3.589294012483997402e-08 3.584153487596351766e-08 3.556834621782622439e-08 3.588160843664355606e-08 3.567870643756249374e-08 3.544360055695762177e-08 3.577950725040795161e-08 3.538851792019266687e-08 3.582484860414663612e-08 3.597494984733788886e-08 3.524440935413345305e-08 3.581341144947467159e-08 3.590431931528003031e-08 3.564712629629417170e-08 3.553917845069455339e-08 3.561142379357550638e-08 3.575135702551419239e-08 3.550133005881312458e-08 3.577728004585124995e-08 3.580212547240061978e-08 3.583283233599872006e-08 3.564200337699327512e-08 3.546119362048532428e-08 3.543780523285505826e-08 3.566902948827017635e-08 3.562512880541756093e-08 3.589798676317318856e-08 3.559021336049505990e-08 3.574654383235964230e-08 3.547024439983750645e-08 3.600853962289464595e-08 3.587560400175294388e-08 3.602367478580556852e-08 3.588430201098187735e-08 3.575847303792526846e-08 3.602017819201318225e-08 3.582343292070181933e-08 3.544961811438791554e-08 3.580101684239416725e-08 3.566867181053978770e-08 3.588922322784251855e-08
3.622234324871102043e-08 3.648124023725836682e-08 3.655451119418545808e-08 3.644414397103568674e-08 3.638943546588995740e-08 3.610815442245478823e-08 3.643194159001284578e-08 3.622192797237897878e-08 3.598179576025866527e-08 3.632848699424137952e-08 3.592348972600128011e-08 3.637359171349466674e-08 3.652962742238193297e-08 3.577291499409229739e-08 3.636580223209024952e-08 3.645711718252544340e-08 3.619307821332696527e-08 3.608048148431503012e-08 3.615213563400155879e-08 3.629800848935663024e-08 3.604150018408725746e-08 3.632689714048011178e-08 3.635277588304761598e-08 3.638313909540794185e-08 3.618467805750470881e-08 3.599967986814992697e-08 3.597293130266123874e-08 3.621648334156836858e-08 3.616826792266064038e-08 3.645178162963165198e-08 3.613328902335248610e-08 3.629393871870564326e-08 3.600853962289464595e-08 3.656637780642421153e-08 3.642783911287846795e-08 3.658165593696506452e-08 3.643552241301606689e-08 3.630631077910266566e-08 3.657539196915504459e-08 3.637518109138970790e-08 3.598747989876642458e-08 3.635121935136457868e-08 3.621456255461178574e-08 3.644105225128293677e-08
3.608791359764506068e-08 3.634419721033060016e-08 3.641727831719388424e-08 3.630775858636258004e-08 3.625425615069699861e-08 3.597524550786941919e-08 3.629637219106350372e-08 3.608830748899283567e-08 3.584949962149687502e-08 3.619229948545284964e-08 3.579232851059703827e-08 3.623868285837414501e-08 3.639289123914674478e-08 3.564324256679659783e-08 3.622930332957197037e-08 3.632048900758382745e-08 3.605829201394973080e-08 3.594728883682203459e-08 3.601945908320907289e-08 3.616358114890274170e-08 3.590838986239529390e-08 3.619065375016797483e-08 3.621693700947360269e-08 3.624714539398452780e-08 3.605095105944973262e-08 3.586754223764623735e-08 3.584132532672510305e-08 3.608179628360557607e-08 3.603453218774981695e-08 3.631501088445927784e-08 3.599920414771053117e-08 3.615915319203231403e-08 3.587560400175294388e-08 3.642783911287846795e-08 3.629199611226700782e-08 3.644345614961157896e-08 3.629975099916073345e-08 3.617128281498873530e-08 3.643799645716201575e-08 3.623883757895535952e-08 3.585553008362509059e-08 3.621502583886645948e-08 3.608003360686130463e-08 3.630468005487382221e-08
3.623752920068852408e-08 3.649752686196343962e-08 3.657033690426339386e-08 3.645972017504653880e-08 3.640461268903371063e-08 3.612324901216138330e-08 3.644799862539005686e-08 3.623740299454767696e-08 3.599699362583552326e-08 3.634359824982157669e-08 3.593877360095343719e-08 3.638949257159754002e-08 3.654550565129799914e-08 3.578836419726980390e-08 3.638129210086533892e-08 3.647273816261856762e-08 3.620862360875594763e-08 3.609572810991949244e-08 3.616776909633007179e-08 3.631426682248737724e-08 3.605647510057689525e-08 3.634183982989487710e-08 3.636829644909842394e-08 3.639865719944239802e-08 3.620001541459433286e-08 3.601488682517303060e-08 3.598815393427491571e-08 3.623198317331885695e-08 3.618322049806301394e-08 3.646785542593803774e-08 3.614822674106679595e-08 3.630964794713676559e-08 3.602367478580556852e-08 3.658165593696506452e-08 3.644345614961157896e-08 3.659834021019189794e-08 3.645093938165747224e-08 3.632208717093431647e-08 3.659095916508068968e-08 3.639048508825037360e-08 3.600289194784793676e-08 3.636591996307665973e-08 3.623012054285404497e-08 3.645734314380732179e-08
