2.603870916230271833e-08 2.627829147605697004e-08 2.633870418923299047e-08 2.621809241937754950e-08 2.614202021332398038e-08 2.586099015383248504e-08 2.623411856637627272e-08 2.601737451104038880e-08 2.579875437432015081e-08 2.613917959107610193e-08 2.580235729514030210e-08 2.611417691336309279e-08 2.628498069010203513e-08 2.564388371681165403e-08 2.615109925251955550e-08 2.626818214800722102e-08 2.602892102563138140e-08 2.592784771250808099e-08 2.594115582488690384e-08 2.604659479604463219e-08 2.588441521893579414e-08 2.610567043908800274e-08 2.621178144829464876e-08 2.615811661303145878e-08 2.601542054454250310e-08 2.585490070343240450e-08 2.578499378323725134e-08 2.607166618150721896e-08 2.596323339041921421e-08 2.621108376413774915e-08 2.601152516030399857e-08 2.612509000573086899e-08 2.579498252520832891e-08 2.631675249803316189e-08 2.618353795045365449e-08 2.634733018676105071e-08 2.622753048163690066e-08 2.614459083569259406e-08 2.631965259058546226e-08 2.622755156246342823e-08 2.585626323856971928e-08 2.616001767746428942e-08 2.607162706137924363e-08 2.620962813433545660e-08
2.627829147605697004e-08 2.652555073103401611e-08 2.658566524625850059e-08 2.646237579585288996e-08 2.638372856875467781e-08 2.609573824564625825e-08 2.647944334171811215e-08 2.625562948121938003e-08 2.603274022193366553e-08 2.638194053434736153e-08 2.603453879565901215e-08 2.635521332219345792e-08 2.653237981892813664e-08 2.587395014729208904e-08 2.639427942144855277e-08 2.651229272956929659e-08 2.626893820181972323e-08 2.616411935067304648e-08 2.617823254259821424e-08 2.628643222386309863e-08 2.612012853773002507e-08 2.634683955563306879e-08 2.645764234061309689e-08 2.640059084642177423e-08 2.625354762310373958e-08 2.609125209900254703e-08 2.601881359398553641e-08 2.631448754761097235e-08 2.620150197291538569e-08 2.645462458541027812e-08 2.624917779192092639e-08 2.636633870412414362e-08 2.602869117383334091e-08 2.656282971100424971e-08 2.642699214411692503e-08 2.659578030470280286e-08 2.647195059266070556e-08 2.638630223645578442e-08 2.656567722761352964e-08 2.647223830945577813e-08 2.609024682534014200e-08 2.640278987889286451e-08 2.631290843206036847e-08 2.645429116013436128e-08
2.633870418923299047e-08 2.658566524625850059e-08 2.664896879573129400e-08 2.652488220801530051e-08 2.644539474179803985e-08 2.615693639689073079e-08 2.654139670771597876e-08 2.631646713445067677e-08 2.609246463398341730e-08 2.644390207251912641e-08 2.609531825767516681e-08 2.641675395394940466e-08 2.659494131817474333e-08 2.593372464636989627e-08 2.645593470053401737e-08 2.657410326046002732e-08 2.632957772545493246e-08 2.622442378129846200e-08 2.623894649763391476e-08 2.634767912558034607e-08 2.618038359276063111e-08 2.640844396413223422e-08 2.651934186543452324e-08 2.646275263718876384e-08 2.631403269252593554e-08 2.615158296365689427e-08 2.607848115836096693e-08 2.637540272727253250e-08 2.626160831570279612e-08 2.651648591701403157e-08 2.631011057380314123e-08 2.642786141434354902e-08 2.608832773660416351e-08 2.662535122580314942e-08 2.648911167861777229e-08 2.665799066775383444e-08 2.653388022448809251e-08 2.644766560578060507e-08 2.662772592488775921e-08 2.653451872955143384e-08 2.615047345393920492e-08 2.646420229759820622e-08 2.637357085794217942e-08 2.651637502005441271e-08
2.621809241937754950e-08 2.646237579585288996e-08 2.652488220801530051e-08 2.640575199321853382e-08 2.632541035594175093e-08 2.603888456591326210e-08 2.641844138633843436e-08 2.619820256482822986e-08 2.597570611313477886e-08 2.632284342499191546e-08 2.597892576497789092e-08 2.629515303278571122e-08 2.647254275288734064e-08 2.581860402589243461e-08 2.633512501461989526e-08 2.645277932890391025e-08 2.621042795652550977e-08 2.610680976761564645e-08 2.612051924583927743e-08 2.622747072305356671e-08 2.606305681040986097e-08 2.628793323618536870e-08 2.639649901003272526e-08 2.634233571383418683e-08 2.619458437227422986e-08 2.603380274181293278e-08 2.596181153680314375e-08 2.625429965109141694e-08 2.614283159888519594e-08 2.639518851678018721e-08 2.619187304488264444e-08 2.630734260477763502e-08 2.597194597577084279e-08 2.650312528046598861e-08 2.636879414002296018e-08 2.653494299285672042e-08 2.641197607052678966e-08 2.632727056852040267e-08 2.650537978048766638e-08 2.641279921083291134e-08 2.603336349790391174e-08 2.634327608706548268e-08 2.625338349293367236e-08 2.639399964757100268e-08
2.614202021332398038e-08 2.638372856875467781e-08 2.644539474179803985e-08 2.632541035594175093e-08 2.624977586508162907e-08 2.596561594056802165e-08 2.634023595048129460e-08 2.612211379437286942e-08 2.590306533492941830e-08 2.624629139918240060e-08 2.590674145569217004e-08 2.621905436193154897e-08 2.639253637050339575e-08 2.574766571681802543e-08 2.625739396526872226e-08 2.637439952606760282e-08 2.613458667640646738e-08 2.603295599245790758e-08 2.604629414369345331e-08 2.615146700792856953e-08 2.598925235174022144e-08 2.621123687600085007e-08 2.631778903269938935e-08 2.626484205131633292e-08 2.611997838418196877e-08 2.595899328549149084e-08 2.588908363633290712e-08 2.617703895263010191e-08 2.606802033604591431e-08 2.631700244750042062e-08 2.611611593155526875e-08 2.623041632084311441e-08 2.589895743747917188e-08 2.642323582053444122e-08 2.629050227568664598e-08 2.645454573407398158e-08 2.633402030811011642e-08 2.625027236815433153e-08 2.642637316270492861e-08 2.633409327221683069e-08 2.596023735360926454e-08 2.626574357521131882e-08 2.617619762932652963e-08 2.631572103701742687e-08
2.586099015383248504e-08 2.609573824564625825e-08 2.615693639689073079e-08 2.603888456591326210e-08 2.596561594056802165e-08 2.569147412423724773e-08 2.605336487008163224e-08 2.584199361954336818e-08 2.562821712909396474e-08 2.596060273832908201e-08 2.563358125247959247e-08 2.593681974005059601e-08 2.610258891340561510e-08 2.547816722540391298e-08 2.597282630558504368e-08 2.608789609027508904e-08 2.585344905682482404e-08 2.575587518403783524e-08 2.576807972303274501e-08 2.587115048285714223e-08 2.571320806984949020e-08 2.592832707069515713e-08 2.603089477266964436e-08 2.597980157926360575e-08 2.584079445170025096e-08 2.568266465409013902e-08 2.561514047957950954e-08 2.589390680090008850e-08 2.578894061430909742e-08 2.603186852639967162e-08 2.583771570680996277e-08 2.594776400169217928e-08 2.562584192806249423e-08 2.613416866914329131e-08 2.600400148847152219e-08 2.616333169516581979e-08 2.604876794790773118e-08 2.596675579695153679e-08 2.613959140628189405e-08 2.604718134155569261e-08 2.568577023777509068e-08 2.598119405013093871e-08 2.589434323633461350e-08 2.602903666694855714e-08
2.623411856637627272e-08 2.647944334171811215e-08 2.654139670771597876e-08 2.641844138633843436e-08 2.634023595048129460e-08 2.605336487008163224e-08 2.643614268150255085e-08 2.621252462426827996e-08 2.599031225836947389e-08 2.633846853556887829e-08 2.599276435444728036e-08 2.631138434855952361e-08 2.648786104716243125e-08 2.583225854622746563e-08 2.635048542185161395e-08 2.646799087688946166e-08 2.622521184840858435e-08 2.612163919049532886e-08 2.613486664252380276e-08 2.624288789144344966e-08 2.607717208805909806e-08 2.630400412061351107e-08 2.641315994140178530e-08 2.635734669654210252e-08 2.621042642421003934e-08 2.604838599446896089e-08 2.597595233459948617e-08 2.627012790836862172e-08 2.615805307427593407e-08 2.641108407985883970e-08 2.620603201369132821e-08 2.632281651185756420e-08 2.598554108662500848e-08 2.651815617060798629e-08 2.638344057126148589e-08 2.655079813414710837e-08 2.642789791731547998e-08 2.634242478988520072e-08 2.652106167800424300e-08 2.642827886171853591e-08 2.604767261713945782e-08 2.635846994247024132e-08 2.626816034863350229e-08 2.640995821985841894e-08
2.601737451104038880e-08 2.625562948121938003e-08 2.631646713445067677e-08 2.619820256482822986e-08 2.612211379437286942e-08 2.584199361954336818e-08 2.621252462426827996e-08 2.599894968587755425e-08 2.578057024096385635e-08 2.611863942178528839e-08 2.578491944942772063e-08 2.609279149189881029e-08 2.626325987298341774e-08 2.562660098339752920e-08 2.613055164860671787e-08 2.624711929261054084e-08 2.600892103404974456e-08 2.590959544560883825e-08 2.592159753228868206e-08 2.602618592866071530e-08 2.586582777121172860e-08 2.608488251567814202e-08 2.618973867524404203e-08 2.613726089460374484e-08 2.599579939997745988e-08 2.583567551811436668e-08 2.576671983531716618e-08 2.605052840513138319e-08 2.594327012105739574e-08 2.618991981870366456e-08 2.599247425762116757e-08 2.610495860060075931e-08 2.577660390412498851e-08 2.629504671787117911e-08 2.616300157015518910e-08 2.632492972695706002e-08 2.620620935712201806e-08 2.612453184228146637e-08 2.629777437930824161e-08 2.620614402301062885e-08 2.583779569325637585e-08 2.613918249377974765e-08 2.605002092124149525e-08 2.618782451964159021e-08
2.579875437432015081e-08 2.603274022193366553e-08 2.609246463398341730e-08 2.597570611313477886e-08 2.590306533492941830e-08 2.562821712909396474e-08 2.599031225836947389e-08 2.578057024096385635e-08 2.556904955413350153e-08 2.589877312430909911e-08 2.557292021516283718e-08 2.587375704883630917e-08 2.603900334912031262e-08 2.541742860496895950e-08 2.590986193885968361e-08 2.602547350660755530e-08 2.579104947451403265e-08 2.569437755378443938e-08 2.570601690718452597e-08 2.580792979932737247e-08 2.565203891070874754e-08 2.586657262947278803e-08 2.596707064261904129e-08 2.591736044273171251e-08 2.577889414017685693e-08 2.562144992970960559e-08 2.555435112970111052e-08 2.583069577004507402e-08 2.572783449730143808e-08 2.596874617875722197e-08 2.577546892350212665e-08 2.588429417810374156e-08 2.556468692456250500e-08 2.607018864412713934e-08 2.594143253679804048e-08 2.609978884490347073e-08 2.598402147989284885e-08 2.590415927379038297e-08 2.607532026123384451e-08 2.598339255791540083e-08 2.562486054921173051e-08 2.591782327425892595e-08 2.583130392159268044e-08 2.596567210719217866e-08
2.613917959107610193e-08 2.638194053434736153e-08 2.644390207251912641e-08 2.632284342499191546e-08 2.624629139918240060e-08 2.596060273832908201e-08 2.633846853556887829e-08 2.611863942178528839e-08 2.589877312430909911e-08 2.624527361385969137e-08 2.590158200145152498e-08 2.621621169273214393e-08 2.639147459801020078e-08 2.574140690378740626e-08 2.625555545657695116e-08 2.637229043216113568e-08 2.613124903369856143e-08 2.602800873497789567e-08 2.604223287883035601e-08 2.614827916113988195e-08 2.598489143584566922e-08 2.620894829898171588e-08 2.631607180030655504e-08 2.626234595921979889e-08 2.611603495344175042e-08 2.595575980559948714e-08 2.588394631062374179e-08 2.617421272961947819e-08 2.606418051949192280e-08 2.631557477887626783e-08 2.611233263583247083e-08 2.622707694990433597e-08 2.589320644666666342e-08 2.642204209018663872e-08 2.628802281172660953e-08 2.645357464032611024e-08 2.633108487889285375e-08 2.624725916385883786e-08 2.642407789486477897e-08 2.633218479871300936e-08 2.595500456184863810e-08 2.626308744713392562e-08 2.617316589981291536e-08 2.631419192326062972e-08
2.580235729514030210e-08 2.603453879565901215e-08 2.609531825767516681e-08 2.597892576497789092e-08 2.590674145569217004e-08 2.563358125247959247e-08 2.599276435444728036e-08 2.578491944942772063e-08 2.557292021516283718e-08 2.590158200145152498e-08 2.557913253103401449e-08 2.587720023021428230e-08 2.604128143882398187e-08 2.542333260264625556e-08 2.591282410117772024e-08 2.602806730727764403e-08 2.579500060873639102e-08 2.569928966483971073e-08 2.571072187768155544e-08 2.581165622469643279e-08 2.565668451966752244e-08 2.586961184188307076e-08 2.596970199405059732e-08 2.592002649338010003e-08 2.578303380212458777e-08 2.562535779098171406e-08 2.555907035588137247e-08 2.583360505209013213e-08 2.573089761222789108e-08 2.597175688049361489e-08 2.578006608898340954e-08 2.588832247279081871e-08 2.556985440381250513e-08 2.607277148640007496e-08 2.594436429072109079e-08 2.610199130116113984e-08 2.598745123168153818e-08 2.590813523345578264e-08 2.607812267669686107e-08 2.598621900133077368e-08 2.562958243713179799e-08 2.592148595316369075e-08 2.583425194760203483e-08 2.596795375878019031e-08
2.611417691336309279e-08 2.635521332219345792e-08 2.641675395394940466e-08 2.629515303278571122e-08 2.621905436193154897e-08 2.593681974005059601e-08 2.631138434855952361e-08 2.609279149189881029e-08 2.587375704883630917e-08 2.621621169273214393e-08 2.587720023021428230e-08 2.619129256866666313e-08 2.636280215905358926e-08 2.571833318738393666e-08 2.622811157510714181e-08 2.634517439722618680e-08 2.610506293358928644e-08 2.600336617236310718e-08 2.601670069752082342e-08 2.612325014883332583e-08 2.595985614943452129e-08 2.618245442719047400e-08 2.628884771641666396e-08 2.623516861523213772e-08 2.609138462534524279e-08 2.593037768761607147e-08 2.586002800507143138e-08 2.614811736751785281e-08 2.603897790272319472e-08 2.628772618678273472e-08 2.608712495990178527e-08 2.620161552950297827e-08 2.587004238068750288e-08 2.639397405958928693e-08 2.626046331474702428e-08 2.642520717873809652e-08 2.630483403402083314e-08 2.622099855105059784e-08 2.639731892013393889e-08 2.630493370894641494e-08 2.593156200835117861e-08 2.623646015293749148e-08 2.614802392097618161e-08 2.628700840315475281e-08
2.628498069010203513e-08 2.653237981892813664e-08 2.659494131817474333e-08 2.647254275288734064e-08 2.639253637050339575e-08 2.610258891340561510e-08 2.648786104716243125e-08 2.626325987298341774e-08 2.603900334912031262e-08 2.639147459801020078e-08 2.604128143882398187e-08 2.636280215905358926e-08 2.654474139224319065e-08 2.587896415598894378e-08 2.640322570344174871e-08 2.652097003913562216e-08 2.627653512531206756e-08 2.617042260791751586e-08 2.618584726211308943e-08 2.629340874235118630e-08 2.612652255331121934e-08 2.635492927889413169e-08 2.646616902680951706e-08 2.641001588880485125e-08 2.626034531719854817e-08 2.609752402568367377e-08 2.602426865062585055e-08 2.632169138063562902e-08 2.620860560274149159e-08 2.646316881522831335e-08 2.625660226649361868e-08 2.637388420245961288e-08 2.603371835120833098e-08 2.657280789461862342e-08 2.643692112468919732e-08 2.660581376564370542e-08 2.648024471752976023e-08 2.639429509764965669e-08 2.657417123515263683e-08 2.648179804946215506e-08 2.609640277576063044e-08 2.641071243786904812e-08 2.632016388451360835e-08 2.646294187571513176e-08
2.564388371681165403e-08 2.587395014729208904e-08 2.593372464636989627e-08 2.581860402589243461e-08 2.574766571681802543e-08 2.547816722540391298e-08 2.583225854622746563e-08 2.562660098339752920e-08 2.541742860496895950e-08 2.574140690378740626e-08 2.542333260264625556e-08 2.571833318738393666e-08 2.587896415598894378e-08 2.527154032902891788e-08 2.575302610841836509e-08 2.586742227615007997e-08 2.563712895009566554e-08 2.554335185651701159e-08 2.555454004359523580e-08 2.565359922331547580e-08 2.550101296178699071e-08 2.571074166600765110e-08 2.580906289860713858e-08 2.576060514138860370e-08 2.562534084057525610e-08 2.546966451565263254e-08 2.540489647218367287e-08 2.567530196681675333e-08 2.557384965082993061e-08 2.581227730817049685e-08 2.562268334410161132e-08 2.572936369810884354e-08 2.541549494620833085e-08 2.591091068820578010e-08 2.578383763395067763e-08 2.593979545568664948e-08 2.582755561307440553e-08 2.574865179972235782e-08 2.591737138940688255e-08 2.582538111147236183e-08 2.547490961127507967e-08 2.576238044761012203e-08 2.567604676295960602e-08 2.580746126174021715e-08
2.615109925251955550e-08 2.639427942144855277e-08 2.645593470053401737e-08 2.633512501461989526e-08 2.625739396526872226e-08 2.597282630558504368e-08 2.635048542185161395e-08 2.613055164860671787e-08 2.590986193885968361e-08 2.625555545657695116e-08 2.591282410117772024e-08 2.622811157510714181e-08 2.640322570344174871e-08 2.575302610841836509e-08 2.626822396283587950e-08 2.638444080058970841e-08 2.614295799571641319e-08 2.603976320027550494e-08 2.605325946916368955e-08 2.616067448480655059e-08 2.599640208171173226e-08 2.622055803119897471e-08 2.632808990886904685e-08 2.627388860637457651e-08 2.612805509481079505e-08 2.596776881119770318e-08 2.589567102148383936e-08 2.618666638854804610e-08 2.607599102124489837e-08 2.632737903220365645e-08 2.612490177916283975e-08 2.623921309922576656e-08 2.590529731368750632e-08 2.643366089585034234e-08 2.629921123811352192e-08 2.646547047979039458e-08 2.634422633335119292e-08 2.625917664928146259e-08 2.643657217732907685e-08 2.634388220461479731e-08 2.596704867102720908e-08 2.627484378848808956e-08 2.618579183590815871e-08 2.632597681766241655e-08
2.626818214800722102e-08 2.651229272956929659e-08 2.657410326046002732e-08 2.645277932890391025e-08 2.637439952606760282e-08 2.608789609027508904e-08 2.646799087688946166e-08 2.624711929261054084e-08 2.602547350660755530e-08 2.637229043216113568e-08 2.602806730727764403e-08 2.634517439722618680e-08 2.652097003913562216e-08 2.586742227615007997e-08 2.638444080058970841e-08 2.650262668840136041e-08 2.625913088196810532e-08 2.615575159531377333e-08 2.616941895356547400e-08 2.627691452000595060e-08 2.611200939877933504e-08 2.633755679476827619e-08 2.644571869181844792e-08 2.639127952588435010e-08 2.624454750193324759e-08 2.608298793590050925e-08 2.601105984581377177e-08 2.630327418767219190e-08 2.619248919148724376e-08 2.644424551766539383e-08 2.624095234041751665e-08 2.635620434863733179e-08 2.602073660402082962e-08 2.655195285241751225e-08 2.641714761902337894e-08 2.658370271702805674e-08 2.646113668131546903e-08 2.637640604455781858e-08 2.655444884365603662e-08 2.646172329347448642e-08 2.608281407448469219e-08 2.639213640076189901e-08 2.630278170043707123e-08 2.644361221605187046e-08
2.602892102563138140e-08 2.626893820181972323e-08 2.632957772545493246e-08 2.621042795652550977e-08 2.613458667640646738e-08 2.585344905682482404e-08 2.622521184840858435e-08 2.600892103404974456e-08 2.579104947451403265e-08 2.613124903369856143e-08 2.579500060873639102e-08 2.610506293358928644e-08 2.627653512531206756e-08 2.563712895009566554e-08 2.614295799571641319e-08 2.625913088196810532e-08 2.602185048368877256e-08 2.592100213691411272e-08 2.593341980803571173e-08 2.603811269188392798e-08 2.587745711748299743e-08 2.609747159725509392e-08 2.620302434621725353e-08 2.614946905429379155e-08 2.600667732192516717e-08 2.584775245294897721e-08 2.577748595835161419e-08 2.606355423519728068e-08 2.595471858525467454e-08 2.620286108502338233e-08 2.600348554599829515e-08 2.611668004824616828e-08 2.578771347660416784e-08 2.630719357843579592e-08 2.617505923497406332e-08 2.633835663963137642e-08 2.621897434899404480e-08 2.613625410644684702e-08 2.631133530425042374e-08 2.621870352953018359e-08 2.584822528909310905e-08 2.615138903464285540e-08 2.606262764723001476e-08 2.620030519108375834e-08
2.592784771250808099e-08 2.616411935067304648e-08 2.622442378129846200e-08 2.610680976761564645e-08 2.603295599245790758e-08 2.575587518403783524e-08 2.612163919049532886e-08 2.590959544560883825e-08 2.569437755378443938e-08 2.602800873497789567e-08 2.569928966483971073e-08 2.600336617236310718e-08 2.617042260791751586e-08 2.554335185651701159e-08 2.603976320027550494e-08 2.615575159531377333e-08 2.592100213691411272e-08 2.582404759654676789e-08 2.583463011980357300e-08 2.593721202839880846e-08 2.577960858399234871e-08 2.599582803926063032e-08 2.609874293954464642e-08 2.604646622724575126e-08 2.590755658306631954e-08 2.574907503487287111e-08 2.568128204221343279e-08 2.596133686568877635e-08 2.585500912611564389e-08 2.609942530003656392e-08 2.590407627962840206e-08 2.601548450371598874e-08 2.569146071777083181e-08 2.620173393212840125e-08 2.607180326563520030e-08 2.623186289159140852e-08 2.611555413182440313e-08 2.603473277971045937e-08 2.620698435299914364e-08 2.611473282227295976e-08 2.575158682639710869e-08 2.604875016979761781e-08 2.596030148010246551e-08 2.609603841656164798e-08
2.594115582488690384e-08 2.617823254259821424e-08 2.623894649763391476e-08 2.612051924583927743e-08 2.604629414369345331e-08 2.576807972303274501e-08 2.613486664252380276e-08 2.592159753228868206e-08 2.570601690718452597e-08 2.604223287883035601e-08 2.571072187768155544e-08 2.601670069752082342e-08 2.618584726211308943e-08 2.555454004359523580e-08 2.605325946916368955e-08 2.616941895356547400e-08 2.593341980803571173e-08 2.583463011980357300e-08 2.584852230670832920e-08 2.594964914316666485e-08 2.579140610258631043e-08 2.600861198933035632e-08 2.611276368750000004e-08 2.606065893278868809e-08 2.591977120165476127e-08 2.576066993165476326e-08 2.569300575859523857e-08 2.597451010250297938e-08 2.586777301038095210e-08 2.611311448834226113e-08 2.591643947372321295e-08 2.602778114501785354e-08 2.570304999197916841e-08 2.621644704968154774e-08 2.608571364837797657e-08 2.624695909082440169e-08 2.612898610893750035e-08 2.604745821840773859e-08 2.622088220511607157e-08 2.612852651113689988e-08 2.576353664839880695e-08 2.606239577041666871e-08 2.597424188973214174e-08 2.611025731213690134e-08
2.604659479604463219e-08 2.628643222386309863e-08 2.634767912558034607e-08 2.622747072305356671e-08 2.615146700792856953e-08 2.587115048285714223e-08 2.624288789144344966e-08 2.602618592866071530e-08 2.580792979932737247e-08 2.614827916113988195e-08 2.581165622469643279e-08 2.612325014883332583e-08 2.629340874235118630e-08 2.565359922331547580e-08 2.616067448480655059e-08 2.627691452000595060e-08 2.603811269188392798e-08 2.593721202839880846e-08 2.594964914316666485e-08 2.605667786466666702e-08 2.589401034156845466e-08 2.611470026155654413e-08 2.622052490202083145e-08 2.616727065532738368e-08 2.602456614378868716e-08 2.586469820022619096e-08 2.579444994164880725e-08 2.608075286690178663e-08 2.597217669728273582e-08 2.622012141718451992e-08 2.602076104657143162e-08 2.613424854976488213e-08 2.580464813524999784e-08 2.632529934175892970e-08 2.619231810804762136e-08 2.635590411891964101e-08 2.623716437504166938e-08 2.615350458458631121e-08 2.632896681966963670e-08 2.623658639635714204e-08 2.586554754496428524e-08 2.616872151116666348e-08 2.608057587800595164e-08 2.621879732069047509e-08
2.588441521893579414e-08 2.612012853773002507e-08 2.618038359276063111e-08 2.606305681040986097e-08 2.598925235174022144e-08 2.571320806984949020e-08 2.607717208805909806e-08 2.586582777121172860e-08 2.565203891070874754e-08 2.598489143584566922e-08 2.565668451966752244e-08 2.595985614943452129e-08 2.612652255331121934e-08 2.550101296178699071e-08 2.599640208171173226e-08 2.611200939877933504e-08 2.587745711748299743e-08 2.577960858399234871e-08 2.579140610258631043e-08 2.589401034156845466e-08 2.573736963453230851e-08 2.595234889818196960e-08 2.605458683583928552e-08 2.600309073594387498e-08 2.586403867902550541e-08 2.570681055957610931e-08 2.563834352095068133e-08 2.591745602261266900e-08 2.581229516580569144e-08 2.605612124009098668e-08 2.586120748051572831e-08 2.597126149603019189e-08 2.564910923366666980e-08 2.615754180614072870e-08 2.602774790769302842e-08 2.618802971903996775e-08 2.607121903181547334e-08 2.599084079917389453e-08 2.616307755523043985e-08 2.607036557840306058e-08 2.570891559798766646e-08 2.600506146128273114e-08 2.591768863606504910e-08 2.605244506020960678e-08
2.610567043908800274e-08 2.634683955563306879e-08 2.640844396413223422e-08 2.628793323618536870e-08 2.621123687600085007e-08 2.592832707069515713e-08 2.630400412061351107e-08 2.608488251567814202e-08 2.586657262947278803e-08 2.620894829898171588e-08 2.586961184188307076e-08 2.618245442719047400e-08 2.635492927889413169e-08 2.571074166600765110e-08 2.622055803119897471e-08 2.633755679476827619e-08 2.609747159725509392e-08 2.599582803926063032e-08 2.600861198933035632e-08 2.611470026155654413e-08 2.595234889818196960e-08 2.617605574268707422e-08 2.628093259195237693e-08 2.622762095455016746e-08 2.608314007222151084e-08 2.592343733952508388e-08 2.585212056480229452e-08 2.613978705049745013e-08 2.603117856381037239e-08 2.628088067305186738e-08 2.607944605045153031e-08 2.619283973938052565e-08 2.586193326260416753e-08 2.638561884005570144e-08 2.625267800064625321e-08 2.641742374890051103e-08 2.629648854276784947e-08 2.621289862205824868e-08 2.638957193812669426e-08 2.629695006782908264e-08 2.592347410047661535e-08 2.622821916877976059e-08 2.613963166148256427e-08 2.627856151846003499e-08
2.621178144829464876e-08 2.645764234061309689e-08 2.651934186543452324e-08 2.639649901003272526e-08 2.631778903269938935e-08 2.603089477266964436e-08 2.641315994140178530e-08 2.618973867524404203e-08 2.596707064261904129e-08 2.631607180030655504e-08 2.596970199405059732e-08 2.628884771641666396e-08 2.646616902680951706e-08 2.580906289860713858e-08 2.632808990886904685e-08 2.644571869181844792e-08 2.620302434621725353e-08 2.609874293954464642e-08 2.611276368750000004e-08 2.622052490202083145e-08 2.605458683583928552e-08 2.628093259195237693e-08 2.639179310891666710e-08 2.633462072518154879e-08 2.618744596701785860e-08 2.602575437274702135e-08 2.595325361129464069e-08 2.624822659608928259e-08 2.613528096336607220e-08 2.638854141658036056e-08 2.618345805825893010e-08 2.630041736253570756e-08 2.596301616547916643e-08 2.649629798057143011e-08 2.636126935119345546e-08 2.652878720212797227e-08 2.640578476610416598e-08 2.632020393960713877e-08 2.649930465250297235e-08 2.640626982371130595e-08 2.602440431150595342e-08 2.633644697202083276e-08 2.624637593986011777e-08 2.638788246998214005e-08
2.615811661303145878e-08 2.640059084642177423e-08 2.646275263718876384e-08 2.634233571383418683e-08 2.626484205131633292e-08 2.597980157926360575e-08 2.635734669654210252e-08 2.613726089460374484e-08 2.591736044273171251e-08 2.626234595921979889e-08 2.592002649338010003e-08 2.623516861523213772e-08 2.641001588880485125e-08 2.576060514138860370e-08 2.627388860637457651e-08 2.639127952588435010e-08 2.614946905429379155e-08 2.604646622724575126e-08 2.606065893278868809e-08 2.616727065532738368e-08 2.600309073594387498e-08 2.622762095455016746e-08 2.633462072518154879e-08 2.628262610953826870e-08 2.613488680246556641e-08 2.597372522697746329e-08 2.590286883418324703e-08 2.619310517509268729e-08 2.608365501841751685e-08 2.633386709250425315e-08 2.613112663253189003e-08 2.624577159574362194e-08 2.591260011072916955e-08 2.644100823503188406e-08 2.630777403336649439e-08 2.647240357217730035e-08 2.635079114066369608e-08 2.626583221696003601e-08 2.644303130959098615e-08 2.635132552196003231e-08 2.597476249546769020e-08 2.628208072738392761e-08 2.619248167076530988e-08 2.633301858448681748e-08
2.601542054454250310e-08 2.625354762310373958e-08 2.631403269252593554e-08 2.619458437227422986e-08 2.611997838418196877e-08 2.584079445170025096e-08 2.621042642421003934e-08 2.599579939997745988e-08 2.577889414017685693e-08 2.611603495344175042e-08 2.578303380212458777e-08 2.609138462534524279e-08 2.626034531719854817e-08 2.562534084057525610e-08 2.612805509481079505e-08 2.624454750193324759e-08 2.600667732192516717e-08 2.590755658306631954e-08 2.591977120165476127e-08 2.602456614378868716e-08 2.586403867902550541e-08 2.608314007222151084e-08 2.618744596701785860e-08 2.613488680246556641e-08 2.599456184448724054e-08 2.583380573138902686e-08 2.576522069850382413e-08 2.604831856349574701e-08 2.594168467402423122e-08 2.618740501739200333e-08 2.599013954939838205e-08 2.610235690432865337e-08 2.577539202337500253e-08 2.629170488323171393e-08 2.615996283502848377e-08 2.632238051225084886e-08 2.620408744738392866e-08 2.612194336063180359e-08 2.629582117559310819e-08 2.620355701409013697e-08 2.583641423062074088e-08 2.613638561566071316e-08 2.604852591558206105e-08 2.618546556848894374e-08
2.585490070343240450e-08 2.609125209900254703e-08 2.615158296365689427e-08 2.603380274181293278e-08 2.595899328549149084e-08 2.568266465409013902e-08 2.604838599446896089e-08 2.583567551811436668e-08 2.562144992970960559e-08 2.595575980559948714e-08 2.562535779098171406e-08 2.593037768761607147e-08 2.609752402568367377e-08 2.546966451565263254e-08 2.596776881119770318e-08 2.608298793590050925e-08 2.584775245294897721e-08 2.574907503487287111e-08 2.576066993165476326e-08 2.586469820022619096e-08 2.570681055957610931e-08 2.592343733952508388e-08 2.602575437274702135e-08 2.597372522697746329e-08 2.583380573138902686e-08 2.567792678445748461e-08 2.560763539531036866e-08 2.588863490565050931e-08 2.578211597941708558e-08 2.602749543968962579e-08 2.583136342638052833e-08 2.594146364161139618e-08 2.561787955743750381e-08 2.612885258329718649e-08 2.599810149503741249e-08 2.615919545868239851e-08 2.604213054975893007e-08 2.596102563768834872e-08 2.613411162939965677e-08 2.604150971252167820e-08 2.567801154404634397e-08 2.597561579501488065e-08 2.588834264582015129e-08 2.602387875033715769e-08
2.578499378323725134e-08 2.601881359398553641e-08 2.607848115836096693e-08 2.596181153680314375e-08 2.588908363633290712e-08 2.561514047957950954e-08 2.597595233459948617e-08 2.576671983531716618e-08 2.555435112970111052e-08 2.588394631062374179e-08 2.555907035588137247e-08 2.586002800507143138e-08 2.602426865062585055e-08 2.540489647218367287e-08 2.589567102148383936e-08 2.601105984581377177e-08 2.577748595835161419e-08 2.568128204221343279e-08 2.569300575859523857e-08 2.579444994164880725e-08 2.563834352095068133e-08 2.585212056480229452e-08 2.595325361129464069e-08 2.590286883418324703e-08 2.576522069850382413e-08 2.560763539531036866e-08 2.554164594629676549e-08 2.581737577783460644e-08 2.571340184663648171e-08 2.595457456599489605e-08 2.576179959919089657e-08 2.587094893448681983e-08 2.555176784266666904e-08 2.605619420879506161e-08 2.592698050046853154e-08 2.608570229300807937e-08 2.597076563405357608e-08 2.589044114129379143e-08 2.606143480991581489e-08 2.596916954868962291e-08 2.561182355573043976e-08 2.590440891588094582e-08 2.581780998087329687e-08 2.595151819549914649e-08
2.607166618150721896e-08 2.631448754761097235e-08 2.637540272727253250e-08 2.625429965109141694e-08 2.617703895263010191e-08 2.589390680090008850e-08 2.627012790836862172e-08 2.605052840513138319e-08 2.583069577004507402e-08 2.617421272961947819e-08 2.583360505209013213e-08 2.614811736751785281e-08 2.632169138063562902e-08 2.567530196681675333e-08 2.618666638854804610e-08 2.630327418767219190e-08 2.606355423519728068e-08 2.596133686568877635e-08 2.597451010250297938e-08 2.608075286690178663e-08 2.591745602261266900e-08 2.613978705049745013e-08 2.624822659608928259e-08 2.619310517509268729e-08 2.604831856349574701e-08 2.588863490565050931e-08 2.581737577783460644e-08 2.610827115994302612e-08 2.599640188717474398e-08 2.624640206737372656e-08 2.604474845989668928e-08 2.615979229094983243e-08 2.582737501670833437e-08 2.635241907681334946e-08 2.621886442950255246e-08 2.638402518700722726e-08 2.626359993756547377e-08 2.617916624749532349e-08 2.635605986136437101e-08 2.626307284051615512e-08 2.588830182792218983e-08 2.619496142613689722e-08 2.610595278612457510e-08 2.624530349534353255e-08
2.596323339041921421e-08 2.620150197291538569e-08 2.626160831570279612e-08 2.614283159888519594e-08 2.606802033604591431e-08 2.578894061430909742e-08 2.615805307427593407e-08 2.594327012105739574e-08 2.572783449730143808e-08 2.606418051949192280e-08 2.573089761222789108e-08 2.603897790272319472e-08 2.620860560274149159e-08 2.557384965082993061e-08 2.607599102124489837e-08 2.619248919148724376e-08 2.595471858525467454e-08 2.585500912611564389e-08 2.586777301038095210e-08 2.597217669728273582e-08 2.581229516580569144e-08 2.603117856381037239e-08 2.613528096336607220e-08 2.608365501841751685e-08 2.594168467402423122e-08 2.578211597941708558e-08 2.571340184663648171e-08 2.599640188717474398e-08 2.589075065171854130e-08 2.613537998744685009e-08 2.593797420088264681e-08 2.604962587252763434e-08 2.572362759285416503e-08 2.623957545261181604e-08 2.610830901821046108e-08 2.626990004939838332e-08 2.615174042386011227e-08 2.606928091410373905e-08 2.624365462236266808e-08 2.615138383272873796e-08 2.578455784004974626e-08 2.608418716375297596e-08 2.599689181462117142e-08 2.613345151694600234e-08
2.621108376413774915e-08 2.645462458541027812e-08 2.651648591701403157e-08 2.639518851678018721e-08 2.631700244750042062e-08 2.603186852639967162e-08 2.641108407985883970e-08 2.618991981870366456e-08 2.596874617875722197e-08 2.631557477887626783e-08 2.597175688049361489e-08 2.628772618678273472e-08 2.646316881522831335e-08 2.581227730817049685e-08 2.632737903220365645e-08 2.644424551766539383e-08 2.620286108502338233e-08 2.609942530003656392e-08 2.611311448834226113e-08 2.622012141718451992e-08 2.605612124009098668e-08 2.628088067305186738e-08 2.638854141658036056e-08 2.633386709250425315e-08 2.618740501739200333e-08 2.602749543968962579e-08 2.595457456599489605e-08 2.624640206737372656e-08 2.613537998744685009e-08 2.638876818850510230e-08 2.618444628312160433e-08 2.629917243363818120e-08 2.596418717481250276e-08 2.649411250985076818e-08 2.635932178921895935e-08 2.652603762480442763e-08 2.640372976692559278e-08 2.631917309168536863e-08 2.649688953245918777e-08 2.640410621258120552e-08 2.602614032624872151e-08 2.633558069061904598e-08 2.624522978154336869e-08 2.638582985495918106e-08
2.601152516030399857e-08 2.624917779192092639e-08 2.631011057380314123e-08 2.619187304488264444e-08 2.611611593155526875e-08 2.583771570680996277e-08 2.620603201369132821e-08 2.599247425762116757e-08 2.577546892350212665e-08 2.611233263583247083e-08 2.578006608898340954e-08 2.608712495990178527e-08 2.625660226649361868e-08 2.562268334410161132e-08 2.612490177916283975e-08 2.624095234041751665e-08 2.600348554599829515e-08 2.590407627962840206e-08 2.591643947372321295e-08 2.602076104657143162e-08 2.586120748051572831e-08 2.607944605045153031e-08 2.618345805825893010e-08 2.613112663253189003e-08 2.599013954939838205e-08 2.583136342638052833e-08 2.576179959919089657e-08 2.604474845989668928e-08 2.593797420088264681e-08 2.618444628312160433e-08 2.598769805422449216e-08 2.609879554140093590e-08 2.577210911918750065e-08 2.628797985070365400e-08 2.615604057290263429e-08 2.631813941234566328e-08 2.620028474447321288e-08 2.611832437161946646e-08 2.629216410815220489e-08 2.619946516539030783e-08 2.583308103895918424e-08 2.613306189935119066e-08 2.604505849357524822e-08 2.618143457731888053e-08
2.612509000573086899e-08 2.636633870412414362e-08 2.642786141434354902e-08 2.630734260477763502e-08 2.623041632084311441e-08 2.594776400169217928e-08 2.632281651185756420e-08 2.610495860060075931e-08 2.588429417810374156e-08 2.622707694990433597e-08 2.588832247279081871e-08 2.620161552950297827e-08 2.637388420245961288e-08 2.572936369810884354e-08 2.623921309922576656e-08 2.635620434863733179e-08 2.611668004824616828e-08 2.601548450371598874e-08 2.602778114501785354e-08 2.613424854976488213e-08 2.597126149603019189e-08 2.619283973938052565e-08 2.630041736253570756e-08 2.624577159574362194e-08 2.610235690432865337e-08 2.594146364161139618e-08 2.587094893448681983e-08 2.615979229094983243e-08 2.604962587252763434e-08 2.629917243363818120e-08 2.609879554140093590e-08 2.621422780174064824e-08 2.588106743493749874e-08 2.640546042244259956e-08 2.627205673739030587e-08 2.643631576858503760e-08 2.631622180745535579e-08 2.623282308615944085e-08 2.640850538043622190e-08 2.631605801909693433e-08 2.594230484872066297e-08 2.624816820155059493e-08 2.615868569366410777e-08 2.629796368145705414e-08
2.579498252520832891e-08 2.602869117383334091e-08 2.608832773660416351e-08 2.597194597577084279e-08 2.589895743747917188e-08 2.562584192806249423e-08 2.598554108662500848e-08 2.577660390412498851e-08 2.556468692456250500e-08 2.589320644666666342e-08 2.556985440381250513e-08 2.587004238068750288e-08 2.603371835120833098e-08 2.541549494620833085e-08 2.590529731368750632e-08 2.602073660402082962e-08 2.578771347660416784e-08 2.569146071777083181e-08 2.570304999197916841e-08 2.580464813524999784e-08 2.564910923366666980e-08 2.586193326260416753e-08 2.596301616547916643e-08 2.591260011072916955e-08 2.577539202337500253e-08 2.561787955743750381e-08 2.555176784266666904e-08 2.582737501670833437e-08 2.572362759285416503e-08 2.596418717481250276e-08 2.577210911918750065e-08 2.588106743493749874e-08 2.556318966275000024e-08 2.606530688668749984e-08 2.593676281820833613e-08 2.609548838097916702e-08 2.598062716306250100e-08 2.590051505756249863e-08 2.607172071654166550e-08 2.597875881227083042e-08 2.562220911222917207e-08 2.591413419820833282e-08 2.582832731835416652e-08 2.596093594262500185e-08
2.631675249803316189e-08 2.656282971100424971e-08 2.662535122580314942e-08 2.650312528046598861e-08 2.642323582053444122e-08 2.613416866914329131e-08 2.651815617060798629e-08 2.629504671787117911e-08 2.607018864412713934e-08 2.642204209018663872e-08 2.607277148640007496e-08 2.639397405958928693e-08 2.657280789461862342e-08 2.591091068820578010e-08 2.643366089585034234e-08 2.655195285241751225e-08 2.630719357843579592e-08 2.620173393212840125e-08 2.621644704968154774e-08 2.632529934175892970e-08 2.615754180614072870e-08 2.638561884005570144e-08 2.649629798057143011e-08 2.644100823503188406e-08 2.629170488323171393e-08 2.612885258329718649e-08 2.605619420879506161e-08 2.635241907681334946e-08 2.623957545261181604e-08 2.649411250985076818e-08 2.628797985070365400e-08 2.640546042244259956e-08 2.606530688668749984e-08 2.660472448530782197e-08 2.646761484975680524e-08 2.663551402047066711e-08 2.651133740193154612e-08 2.642530040122364152e-08 2.660455293858970315e-08 2.651280723136947344e-08 2.612815458266751594e-08 2.644234437708035723e-08 2.635128798290858375e-08 2.649432300327720945e-08
2.618353795045365449e-08 2.642699214411692503e-08 2.648911167861777229e-08 2.636879414002296018e-08 2.629050227568664598e-08 2.600400148847152219e-08 2.638344057126148589e-08 2.616300157015518910e-08 2.594143253679804048e-08 2.628802281172660953e-08 2.594436429072109079e-08 2.626046331474702428e-08 2.643692112468919732e-08 2.578383763395067763e-08 2.629921123811352192e-08 2.641714761902337894e-08 2.617505923497406332e-08 2.607180326563520030e-08 2.608571364837797657e-08 2.619231810804762136e-08 2.602774790769302842e-08 2.625267800064625321e-08 2.636126935119345546e-08 2.630777403336649439e-08 2.615996283502848377e-08 2.599810149503741249e-08 2.592698050046853154e-08 2.621886442950255246e-08 2.610830901821046108e-08 2.635932178921895935e-08 2.615604057290263429e-08 2.627205673739030587e-08 2.593676281820833613e-08 2.646761484975680524e-08 2.633428340764540915e-08 2.649903200599532057e-08 2.637649835181547280e-08 2.629194094944175399e-08 2.646922996701913191e-08 2.637774200446258333e-08 2.599855804814838165e-08 2.630807348082439995e-08 2.621756658487159888e-08 2.635892592491496710e-08
2.634733018676105071e-08 2.659578030470280286e-08 2.665799066775383444e-08 2.653494299285672042e-08 2.645454573407398158e-08 2.616333169516581979e-08 2.655079813414710837e-08 2.632492972695706002e-08 2.609978884490347073e-08 2.645357464032611024e-08 2.610199130116113984e-08 2.642520717873809652e-08 2.660581376564370542e-08 2.593979545568664948e-08 2.646547047979039458e-08 2.658370271702805674e-08 2.633835663963137642e-08 2.623186289159140852e-08 2.624695909082440169e-08 2.635590411891964101e-08 2.618802971903996775e-08 2.641742374890051103e-08 2.652878720212797227e-08 2.647240357217730035e-08 2.632238051225084886e-08 2.615919545868239851e-08 2.608570229300807937e-08 2.638402518700722726e-08 2.626990004939838332e-08 2.652603762480442763e-08 2.631813941234566328e-08 2.643631576858503760e-08 2.609548838097916702e-08 2.663551402047066711e-08 2.649903200599532057e-08 2.666979406805271853e-08 2.654304802030357191e-08 2.645680160088009988e-08 2.663693431910628674e-08 2.654399452517176701e-08 2.615799947175722812e-08 2.647348621156845275e-08 2.638279581550425302e-08 2.652577524991879146e-08
