3.530996817644416229e-08 3.560039313762261516e-08 3.569485226572499765e-08 3.555504528536172810e-08 3.550608469754353759e-08 3.525385700413967167e-08 3.557063795539800292e-08 3.538414137330089597e-08 3.513161412171211227e-08 3.550589559380690561e-08 3.509286988122458020e-08 3.551479200561824770e-08 3.559688012696764395e-08 3.486705584696949072e-08 3.545415894593283027e-08 3.558858810588076245e-08 3.532253040065449234e-08 3.522093316195984968e-08 3.533000870549653627e-08 3.540048794615505793e-08 3.512069976203169608e-08 3.545481885839511708e-08 3.547613491420125297e-08 3.546159429566481082e-08 3.533819038202324407e-08 3.516771975112641170e-08 3.512677291807403821e-08 3.540354101753223851e-08 3.526843701196093792e-08 3.557330076943608027e-08 3.532558257152963853e-08 3.544159904823048140e-08 3.510493737395382182e-08 3.569526839181931861e-08 3.559307841328494912e-08 3.568268570163694745e-08 3.554368116380699830e-08 3.540170637430684440e-08 3.575959737068116351e-08 3.552865515304407607e-08 3.511832298008878089e-08 3.548877437630910577e-08 3.532433303145877335e-08 3.556426378021832777e-08
3.560039313762261516e-08 3.590200127832085501e-08 3.599554780162761183e-08 3.585185210697169975e-08 3.580207025494116203e-08 3.554344432132726760e-08 3.586735669349638082e-08 3.567675843244468204e-08 3.542082187828716187e-08 3.580299427377302393e-08 3.537914164337365961e-08 3.581087267620544126e-08 3.589609433515877715e-08 3.514959642577826072e-08 3.575034113961931797e-08 3.588761382626137918e-08 3.561545554521082319e-08 3.551015655473650347e-08 3.562276846875911682e-08 3.569458056375837681e-08 3.540986819120734648e-08 3.575111711058401706e-08 3.577461485718067040e-08 3.575828857599927279e-08 3.562938544382929109e-08 3.545766832166201141e-08 3.541201218195955510e-08 3.569899264921865120e-08 3.556056071743860896e-08 3.587077830200629468e-08 3.561697252908480861e-08 3.573621031155051421e-08 3.539362979851927087e-08 3.599715145604065266e-08 3.589037393672603587e-08 3.598418911098146341e-08 3.584026854154274732e-08 3.569740681808047009e-08 3.606021416294809759e-08 3.582562962514028897e-08 3.540929020359520437e-08 3.578496763821258323e-08 3.561974925646304764e-08 3.586315722018025432e-08
3.569485226572499765e-08 3.599554780162761183e-08 3.609105023224916630e-08 3.594618274081089451e-08 3.589693178635811933e-08 3.563804251907841778e-08 3.596210702091675638e-08 3.577086820444422057e-08 3.551515155915085614e-08 3.589761571682773207e-08 3.547310743386292195e-08 3.590534922784949209e-08 3.599063523564472533e-08 3.524301893567239659e-08 3.584556462448823107e-08 3.598239669113160137e-08 3.570987755343490057e-08 3.560506920121859826e-08 3.571679377742277214e-08 3.578873855989256290e-08 3.550341393891795605e-08 3.584615037084762451e-08 3.586884044386459100e-08 3.585225224329733319e-08 3.572342653553698304e-08 3.555169064384764349e-08 3.550651837418904684e-08 3.579335627735098854e-08 3.565520792073596451e-08 3.596584713928774571e-08 3.571167711354715088e-08 3.583079594562880906e-08 3.548695113764298594e-08 3.609216506916640712e-08 3.598535186859159377e-08 3.607942871453363385e-08 3.593520339593657036e-08 3.579111354738601494e-08 3.615550013806573089e-08 3.591993458372031365e-08 3.550247409659419611e-08 3.587974543761494242e-08 3.571409685957753387e-08 3.595733718578250294e-08
3.555504528536172810e-08 3.585185210697169975e-08 3.594618274081089451e-08 3.580593355005992523e-08 3.575505257247130194e-08 3.549968763250036956e-08 3.582028480214305020e-08 3.563146523833683622e-08 3.537682942008436378e-08 3.575498296369406627e-08 3.533470709832005179e-08 3.576374607902337659e-08 3.584684940113291810e-08 3.510772244771593676e-08 3.570372811828343212e-08 3.583922123589994816e-08 3.556905755867699233e-08 3.546515169828575485e-08 3.557640200880248170e-08 3.564777690223406859e-08 3.536569588924799655e-08 3.570316758392224856e-08 3.572613691320303083e-08 3.571035002574198561e-08 3.558395080748206080e-08 3.541257860170828897e-08 3.536962731230704500e-08 3.565155498016607600e-08 3.551451881327889202e-08 3.582327467071801388e-08 3.557207922169230989e-08 3.568935519277558011e-08 3.534956416884600142e-08 3.594703599319695805e-08 3.584287042535559755e-08 3.593485129293424083e-08 3.579198229133765855e-08 3.564981498122580145e-08 3.601150766900189826e-08 3.577829851101568533e-08 3.536348783724443944e-08 3.573737550584343868e-08 3.557221566965044564e-08 3.581493073482523966e-08
3.550608469754353759e-08 3.580207025494116203e-08 3.589693178635811933e-08 3.575505257247130194e-08 3.570640599932125459e-08 3.545001458093779929e-08 3.577066070939842532e-08 3.558166365538005888e-08 3.532774351197981831e-08 3.570568163990586619e-08 3.528673914413770051e-08 3.571392778291074454e-08 3.579772856313118716e-08 3.505929791753638496e-08 3.565434817008012086e-08 3.578927350180244960e-08 3.552006920947136226e-08 3.541705849746880670e-08 3.552765315563486353e-08 3.559873637346963308e-08 3.531628711806044370e-08 3.565418973053637031e-08 3.567628888982856607e-08 3.566112254073233064e-08 3.553462667228698648e-08 3.536357494623703054e-08 3.532080962850862889e-08 3.560272225822348178e-08 3.546556609904762103e-08 3.577335899817335102e-08 3.552263794180506816e-08 3.564034501352318637e-08 3.530038684403339422e-08 3.589774202622828129e-08 3.579352691114015003e-08 3.588518360510800474e-08 3.574306605852615082e-08 3.560059278758080113e-08 3.596174959749054009e-08 3.572871091432761922e-08 3.531485092855503843e-08 3.568823795882265606e-08 3.552362011805230432e-08 3.576513399705249674e-08
3.525385700413967167e-08 3.554344432132726760e-08 3.563804251907841778e-08 3.549968763250036956e-08 3.545001458093779929e-08 3.520122079707336511e-08 3.551502141656071264e-08 3.532948975712031912e-08 3.507831820969512955e-08 3.545051928289801261e-08 3.503810419516884430e-08 3.545888414232976796e-08 3.554045608951389829e-08 3.481567123035320062e-08 3.539901076513443810e-08 3.553292420047778972e-08 3.526727164013853685e-08 3.516549240406370908e-08 3.527535909660088677e-08 3.534524881538538378e-08 3.506760168544808035e-08 3.539947628457556593e-08 3.542053665975204454e-08 3.540591474101072519e-08 3.528439783974196325e-08 3.511302323258986953e-08 3.507404467673254058e-08 3.534785013085822435e-08 3.521368911748097202e-08 3.551696600336516471e-08 3.527172461463686963e-08 3.538624936009219500e-08 3.505173265434033921e-08 3.563813152427623405e-08 3.553695817233127745e-08 3.562580002330957242e-08 3.548806043278286102e-08 3.534611157547887941e-08 3.570341034481961243e-08 3.547391190057157577e-08 3.506415884786479276e-08 3.543334143235304217e-08 3.526893631848798390e-08 3.550780847128118535e-08
3.557063795539800292e-08 3.586735669349638082e-08 3.596210702091675638e-08 3.582028480214305020e-08 3.577066070939842532e-08 3.551502141656071264e-08 3.583674460545556041e-08 3.564649684517132731e-08 3.539229050510646898e-08 3.577105377282206489e-08 3.535106436423508338e-08 3.577968348149366365e-08 3.586282295922601246e-08 3.512380838923167265e-08 3.571866460438874840e-08 3.585496153629260075e-08 3.558514000548785596e-08 3.548161075330076548e-08 3.559270831927127454e-08 3.566401535040054569e-08 3.538131591821732695e-08 3.571954609268508382e-08 3.574195405614996819e-08 3.572624873697768980e-08 3.560034611269752081e-08 3.542841140190324344e-08 3.538549657925301820e-08 3.566719961826618126e-08 3.553033813111049918e-08 3.583911457289169749e-08 3.558760625210994103e-08 3.570563884629612718e-08 3.536489730330924660e-08 3.596340599507916826e-08 3.585887717061109100e-08 3.595025519886881026e-08 3.580884242238677900e-08 3.566593584960777422e-08 3.602713904795892299e-08 3.579456402994797868e-08 3.537965124035364668e-08 3.575388414207202874e-08 3.558871372965182924e-08 3.583053079925702739e-08
3.538414137330089597e-08 3.567675843244468204e-08 3.577086820444422057e-08 3.563146523833683622e-08 3.558166365538005888e-08 3.532948975712031912e-08 3.564649684517132731e-08 3.546031485284374090e-08 3.520662822502074062e-08 3.558175584208835792e-08 3.516703632414422070e-08 3.559063279805844128e-08 3.567295104243476790e-08 3.494183517968350106e-08 3.552994736371182571e-08 3.566505754893054452e-08 3.539773734995206179e-08 3.529482379195641580e-08 3.540553986133647647e-08 3.547596744250016833e-08 3.519604186781937018e-08 3.553030357981938579e-08 3.555225505650385883e-08 3.553761435883461549e-08 3.541395549458211858e-08 3.524217981766095452e-08 3.520173425227738901e-08 3.547894995726709537e-08 3.534337344311271720e-08 3.564904173876312497e-08 3.540091834660919817e-08 3.551714474193998055e-08 3.518039085342375123e-08 3.577118437308631794e-08 3.566904383482535997e-08 3.575905387150708726e-08 3.561946932216521299e-08 3.547743778806568089e-08 3.583627969991444527e-08 3.560491334680325617e-08 3.519335306809080769e-08 3.556393033475404900e-08 3.539956816043514134e-08 3.564028708298272829e-08
3.513161412171211227e-08 3.542082187828716187e-08 3.551515155915085614e-08 3.537682942008436378e-08 3.532774351197981831e-08 3.507831820969512955e-08 3.539229050510646898e-08 3.520662822502074062e-08 3.495676648999730186e-08 3.532764525384632434e-08 3.491609667962586240e-08 3.533598737897965867e-08 3.541772618333206116e-08 3.469388595551344868e-08 3.527657886938427729e-08 3.540963945688555976e-08 3.514492251616273676e-08 3.504365391296103993e-08 3.515267609592149153e-08 3.522274399721437493e-08 3.494539360487411806e-08 3.527674047634118245e-08 3.529781563080568528e-08 3.528321568699778945e-08 3.516146840427777123e-08 3.499129396599515414e-08 3.495170401256262938e-08 3.522520199370072612e-08 3.509137354239491020e-08 3.539429346988619044e-08 3.514901192092597686e-08 3.526365418853969346e-08 3.492959080483406768e-08 3.551530401126866992e-08 3.541395643874337436e-08 3.550325497083913938e-08 3.536509746014387946e-08 3.522354128150903186e-08 3.558012887806974925e-08 3.535092942926122700e-08 3.494263510790110193e-08 3.531096010971982205e-08 3.514719904734158222e-08 3.538561945364968826e-08
3.550589559380690561e-08 3.580299427377302393e-08 3.589761571682773207e-08 3.575498296369406627e-08 3.570568163990586619e-08 3.545051928289801261e-08 3.577105377282206489e-08 3.558175584208835792e-08 3.532764525384632434e-08 3.570704258525950291e-08 3.528656699146523766e-08 3.571475965749532126e-08 3.579835648198463838e-08 3.505900342916722309e-08 3.565408397119180378e-08 3.579033292649380103e-08 3.552036713479067988e-08 3.541657038820343912e-08 3.552801540757535365e-08 3.559915761253905616e-08 3.531669157905459458e-08 3.565521184357184663e-08 3.567742707465257009e-08 3.566170171803824607e-08 3.553550591335465996e-08 3.536368039815815556e-08 3.532047040038361893e-08 3.560312272514058868e-08 3.546615894057015917e-08 3.577390752939686925e-08 3.552304298310816820e-08 3.564082977460961499e-08 3.530018725379377727e-08 3.589863029779582405e-08 3.579347186627640709e-08 3.588538978889702784e-08 3.574405545362034881e-08 3.560123321326127076e-08 3.596252823976102453e-08 3.572967399341001581e-08 3.531502693051905292e-08 3.568897752836449363e-08 3.552404893761060381e-08 3.576529740158304020e-08
3.509286988122458020e-08 3.537914164337365961e-08 3.547310743386292195e-08 3.533470709832005179e-08 3.528673914413770051e-08 3.503810419516884430e-08 3.535106436423508338e-08 3.516703632414422070e-08 3.491609667962586240e-08 3.528656699146523766e-08 3.488044591316541343e-08 3.529589300035282513e-08 3.537672209332805928e-08 3.465656901040032266e-08 3.523420197766073149e-08 3.536798513146409398e-08 3.510555192352531234e-08 3.500472960072527985e-08 3.511408490324277455e-08 3.518363184721338257e-08 3.490621226984335882e-08 3.523601376365429907e-08 3.525673067366957172e-08 3.524314534911521371e-08 3.512299537921699258e-08 3.495200568256306353e-08 3.491431167895654434e-08 3.518484193121908801e-08 3.505170820246386475e-08 3.535297213760356285e-08 3.510885892659255631e-08 3.522390646804547355e-08 3.489086358222380997e-08 3.547350794994180126e-08 3.537326959244577810e-08 3.546048433236988859e-08 3.532515282602053060e-08 3.518409163298184369e-08 3.553831481456157973e-08 3.530988290683365727e-08 3.490343311103001905e-08 3.526967382574617797e-08 3.510616659267250359e-08 3.534332866069832451e-08
3.551479200561824770e-08 3.581087267620544126e-08 3.590534922784949209e-08 3.576374607902337659e-08 3.571392778291074454e-08 3.545888414232976796e-08 3.577968348149366365e-08 3.559063279805844128e-08 3.533598737897965867e-08 3.571475965749532126e-08 3.529589300035282513e-08 3.572377334916502653e-08 3.580623125524796624e-08 3.506794845869284208e-08 3.566184576249408829e-08 3.579834162716762593e-08 3.552905342514416694e-08 3.542540027657524573e-08 3.553653216673473541e-08 3.560762758966670497e-08 3.532561306566337764e-08 3.566324512752693975e-08 3.568583888159669646e-08 3.566991922384678508e-08 3.554432759498239756e-08 3.537225241592616667e-08 3.532977439637915279e-08 3.561115709594342935e-08 3.547453822523443504e-08 3.578252854789818498e-08 3.553124224421355493e-08 3.564952413253446976e-08 3.530900495601050888e-08 3.590654551967438919e-08 3.580212363913498508e-08 3.589309221646208083e-08 3.575220046615380835e-08 3.560981864028152298e-08 3.597039132543433260e-08 3.573773952953193619e-08 3.532359106282666164e-08 3.569678760757026142e-08 3.553208753523761938e-08 3.577332515245421083e-08
3.559688012696764395e-08 3.589609433515877715e-08 3.599063523564472533e-08 3.584684940113291810e-08 3.579772856313118716e-08 3.554045608951389829e-08 3.586282295922601246e-08 3.567295104243476790e-08 3.541772618333206116e-08 3.579835648198463838e-08 3.537672209332805928e-08 3.580623125524796624e-08 3.589216914527630723e-08 3.514812848014644214e-08 3.574627795531143891e-08 3.588325577323427826e-08 3.561193470623371140e-08 3.550711352908917244e-08 3.561924722474181476e-08 3.569064161836292322e-08 3.540661004829238119e-08 3.574729727664138520e-08 3.577005829928717453e-08 3.575406889757568007e-08 3.562601167875676733e-08 3.545404531342928113e-08 3.541037748876683137e-08 3.569467196679876785e-08 3.555740558265763133e-08 3.586603046717404858e-08 3.561375407946763003e-08 3.573211416773747981e-08 3.539050254743560293e-08 3.599192763520350228e-08 3.588609742674882648e-08 3.597917646345150683e-08 3.583683214083867410e-08 3.569259349446630250e-08 3.605530243236632472e-08 3.582105602008459867e-08 3.540566583475887268e-08 3.578093394915597389e-08 3.561520534153265175e-08 3.585808296523184444e-08
3.486705584696949072e-08 3.514959642577826072e-08 3.524301893567239659e-08 3.510772244771593676e-08 3.505929791753638496e-08 3.481567123035320062e-08 3.512380838923167265e-08 3.494183517968350106e-08 3.469388595551344868e-08 3.505900342916722309e-08 3.465656901040032266e-08 3.506794845869284208e-08 3.514812848014644214e-08 3.443942242161859413e-08 3.500789215339234321e-08 3.513984690230674352e-08 3.487982930265490450e-08 3.477998517583009981e-08 3.488850034514542685e-08 3.495725433123010472e-08 3.468372413176049412e-08 3.500918626667121644e-08 3.502848226087961221e-08 3.501589302182784349e-08 3.489905695354314327e-08 3.472807044612716533e-08 3.469267564705402441e-08 3.495737458015253929e-08 3.482640792681830020e-08 3.512449489930007747e-08 3.488458629422194805e-08 3.499682496323329029e-08 3.466900188239933354e-08 3.524265889493579395e-08 3.514513741203409702e-08 3.523119505810363345e-08 3.509751891516766829e-08 3.495707748169253743e-08 3.530807035800800765e-08 3.508292715575936379e-08 3.468037103301460399e-08 3.504286536966730510e-08 3.487966666836475205e-08 3.511523183233297298e-08
3.545415894593283027e-08 3.575034113961931797e-08 3.584556462448823107e-08 3.570372811828343212e-08 3.565434817008012086e-08 3.539901076513443810e-08 3.571866460438874840e-08 3.552994736371182571e-08 3.527657886938427729e-08 3.565408397119180378e-08 3.523420197766073149e-08 3.566184576249408829e-08 3.574627795531143891e-08 3.500789215339234321e-08 3.560392816339150667e-08 3.573861835236257329e-08 3.546856490893448378e-08 3.536523066142926133e-08 3.547576913549917432e-08 3.554673939197593802e-08 3.526454535988049866e-08 3.560320990700372202e-08 3.562505828930502462e-08 3.560938184417326190e-08 3.548247911703522741e-08 3.531205185339757783e-08 3.526893266997735369e-08 3.555113153906400055e-08 3.541442826949287546e-08 3.572205580391632476e-08 3.547158274129569432e-08 3.558818356419786920e-08 3.524881208478682654e-08 3.584608010912453295e-08 3.574192570740283751e-08 3.583448159851862850e-08 3.569152406634912313e-08 3.554848982958628749e-08 3.591000256134133633e-08 3.567684147125770036e-08 3.526289589363584549e-08 3.563686622010896959e-08 3.547189980278641356e-08 3.571379133884630675e-08
3.558858810588076245e-08 3.588761382626137918e-08 3.598239669113160137e-08 3.583922123589994816e-08 3.578927350180244960e-08 3.553292420047778972e-08 3.585496153629260075e-08 3.566505754893054452e-08 3.540963945688555976e-08 3.579033292649380103e-08 3.536798513146409398e-08 3.579834162716762593e-08 3.588325577323427826e-08 3.513984690230674352e-08 3.573861835236257329e-08 3.587623111899516613e-08 3.560366933519900455e-08 3.549924556996786251e-08 3.561123875976613724e-08 3.568249044026828941e-08 3.539854057609610885e-08 3.573968997173584879e-08 3.576210960381196068e-08 3.574552789771503068e-08 3.561792937460227530e-08 3.544595082119225092e-08 3.540209170239069697e-08 3.568690768692611848e-08 3.554929794661417877e-08 3.585858077160985350e-08 3.560599712352339410e-08 3.572388620977262568e-08 3.538231975136387588e-08 3.598366614288940170e-08 3.587835013617951629e-08 3.597108166338432695e-08 3.582846292140417708e-08 3.568466021529800311e-08 3.604698481530079016e-08 3.581311127830198237e-08 3.539692497587717846e-08 3.577272297376665491e-08 3.560710853184033145e-08 3.585021064669143162e-08
3.532253040065449234e-08 3.561545554521082319e-08 3.570987755343490057e-08 3.556905755867699233e-08 3.552006920947136226e-08 3.526727164013853685e-08 3.558514000548785596e-08 3.539773734995206179e-08 3.514492251616273676e-08 3.552036713479067988e-08 3.510555192352531234e-08 3.552905342514416694e-08 3.561193470623371140e-08 3.487982930265490450e-08 3.546856490893448378e-08 3.560366933519900455e-08 3.533687979535788104e-08 3.523376244397783820e-08 3.534417781287316287e-08 3.541458966487117435e-08 3.513417697583894997e-08 3.546935320736419536e-08 3.549130880063461542e-08 3.547641639310380174e-08 3.535175795781695864e-08 3.518088180163109549e-08 3.513980555836521373e-08 3.541742150772355657e-08 3.528240905918377945e-08 3.558779841672936661e-08 3.533912824347885052e-08 3.545590704055685415e-08 3.511831806980206545e-08 3.571076962608305013e-08 3.560787489035468870e-08 3.569807670586816094e-08 3.555880875892189934e-08 3.541601671443659264e-08 3.577469246287930781e-08 3.554345964328318207e-08 3.513224661441472966e-08 3.550327168587706821e-08 3.533885461509903690e-08 3.557871042058713991e-08
3.522093316195984968e-08 3.551015655473650347e-08 3.560506920121859826e-08 3.546515169828575485e-08 3.541705849746880670e-08 3.516549240406370908e-08 3.548161075330076548e-08 3.529482379195641580e-08 3.504365391296103993e-08 3.541657038820343912e-08 3.500472960072527985e-08 3.542540027657524573e-08 3.550711352908917244e-08 3.477998517583009981e-08 3.536523066142926133e-08 3.549924556996786251e-08 3.523376244397783820e-08 3.513335346018035202e-08 3.524147767729769668e-08 3.531159127041742981e-08 3.503257494901571076e-08 3.536627701069181843e-08 3.538688906779949381e-08 3.537207943096740166e-08 3.524955967028394174e-08 3.507930872021286315e-08 3.503891823915745702e-08 3.531471089638545670e-08 3.517994564038224668e-08 3.548396415569986631e-08 3.523690415812022183e-08 3.535281901922370807e-08 3.501666964508475374e-08 3.560548593510447440e-08 3.550394980172664228e-08 3.559262169188694638e-08 3.545454418544244754e-08 3.531269256773726735e-08 3.566944672536188211e-08 3.543949125689777227e-08 3.503024702110922505e-08 3.539982837588700114e-08 3.523610407376377693e-08 3.547465859050815414e-08
3.533000870549653627e-08 3.562276846875911682e-08 3.571679377742277214e-08 3.557640200880248170e-08 3.552765315563486353e-08 3.527535909660088677e-08 3.559270831927127454e-08 3.540553986133647647e-08 3.515267609592149153e-08 3.552801540757535365e-08 3.511408490324277455e-08 3.553653216673473541e-08 3.561924722474181476e-08 3.488850034514542685e-08 3.547576913549917432e-08 3.561123875976613724e-08 3.534417781287316287e-08 3.524147767729769668e-08 3.535309934938754561e-08 3.542302597527248178e-08 3.514250073098490568e-08 3.547721088955694076e-08 3.549879831118240919e-08 3.548420781309638539e-08 3.536012303882717949e-08 3.518859927180842539e-08 3.514837396337066726e-08 3.542545545704226667e-08 3.529005764375735696e-08 3.559485637248427631e-08 3.534727916139070480e-08 3.546369443589668818e-08 3.512688231311522789e-08 3.571788125530795378e-08 3.561525850426241170e-08 3.570469141431807817e-08 3.556625237395569236e-08 3.542428559238993686e-08 3.578222042201220900e-08 3.555183541429518658e-08 3.514053911318716525e-08 3.551104937354110478e-08 3.534651639979338699e-08 3.558627952537356668e-08
3.540048794615505793e-08 3.569458056375837681e-08 3.578873855989256290e-08 3.564777690223406859e-08 3.559873637346963308e-08 3.534524881538538378e-08 3.566401535040054569e-08 3.547596744250016833e-08 3.522274399721437493e-08 3.559915761253905616e-08 3.518363184721338257e-08 3.560762758966670497e-08 3.569064161836292322e-08 3.495725433123010472e-08 3.554673939197593802e-08 3.568249044026828941e-08 3.541458966487117435e-08 3.531159127041742981e-08 3.542302597527248178e-08 3.549415337224660085e-08 3.521219425007299154e-08 3.554803780649140629e-08 3.556995211617053377e-08 3.555499190046615149e-08 3.543052783034289048e-08 3.525899779024744883e-08 3.521784612030620905e-08 3.549591328501024604e-08 3.536042988326641088e-08 3.566632076926883692e-08 3.541736389533648206e-08 3.553428422782308053e-08 3.519635115332100599e-08 3.579004028227363476e-08 3.568637076086560725e-08 3.577691084285590464e-08 3.563725410942265922e-08 3.549498401009247307e-08 3.585400705711105441e-08 3.562262803782653394e-08 3.521053106055692930e-08 3.558236941212928934e-08 3.541727778260544189e-08 3.565757599612440529e-08
3.512069976203169608e-08 3.540986819120734648e-08 3.550341393891795605e-08 3.536569588924799655e-08 3.531628711806044370e-08 3.506760168544808035e-08 3.538131591821732695e-08 3.519604186781937018e-08 3.494539360487411806e-08 3.531669157905459458e-08 3.490621226984335882e-08 3.532561306566337764e-08 3.540661004829238119e-08 3.468372413176049412e-08 3.526454535988049866e-08 3.539854057609610885e-08 3.513417697583894997e-08 3.503257494901571076e-08 3.514250073098490568e-08 3.521219425007299154e-08 3.493576089445593197e-08 3.526570965529927356e-08 3.528750253598318379e-08 3.527273533978605497e-08 3.515149297797481061e-08 3.498026786726756708e-08 3.494146312119453324e-08 3.521462093263521457e-08 3.508062493888052237e-08 3.538276404544864215e-08 3.513802099933919200e-08 3.525314873479332505e-08 3.491938514024727859e-08 3.550425167307315412e-08 3.540292625143601194e-08 3.549070728514521690e-08 3.535413955128551886e-08 3.521341621205784096e-08 3.556868557195430710e-08 3.534038299748121234e-08 3.493241812516081657e-08 3.529943850002243955e-08 3.513609989726424390e-08 3.537361753251886388e-08
3.545481885839511708e-08 3.575111711058401706e-08 3.584615037084762451e-08 3.570316758392224856e-08 3.565418973053637031e-08 3.539947628457556593e-08 3.571954609268508382e-08 3.553030357981938579e-08 3.527674047634118245e-08 3.565521184357184663e-08 3.523601376365429907e-08 3.566324512752693975e-08 3.574729727664138520e-08 3.500918626667121644e-08 3.560320990700372202e-08 3.573968997173584879e-08 3.546935320736419536e-08 3.536627701069181843e-08 3.547721088955694076e-08 3.554803780649140629e-08 3.526570965529927356e-08 3.560543430976091453e-08 3.562662272398773731e-08 3.561009838569933514e-08 3.548457080630347223e-08 3.531273693410793606e-08 3.526990848447347889e-08 3.555201999153186693e-08 3.541554354262841805e-08 3.572280548199385718e-08 3.547206916112367305e-08 3.558950957892521700e-08 3.524938149102688471e-08 3.584718909875281252e-08 3.574243769986798753e-08 3.583421004809538694e-08 3.569309833978132981e-08 3.555003001960876012e-08 3.591049199446312424e-08 3.567769554172906901e-08 3.526419045137879360e-08 3.563784100411704020e-08 3.547275259492248742e-08 3.571382478464297680e-08
3.547613491420125297e-08 3.577461485718067040e-08 3.586884044386459100e-08 3.572613691320303083e-08 3.567628888982856607e-08 3.542053665975204454e-08 3.574195405614996819e-08 3.555225505650385883e-08 3.529781563080568528e-08 3.567742707465257009e-08 3.525673067366957172e-08 3.568583888159669646e-08 3.577005829928717453e-08 3.502848226087961221e-08 3.562505828930502462e-08 3.576210960381196068e-08 3.549130880063461542e-08 3.538688906779949381e-08 3.549879831118240919e-08 3.556995211617053377e-08 3.528750253598318379e-08 3.562662272398773731e-08 3.565016017775166689e-08 3.563289029930339013e-08 3.550586678439710816e-08 3.533409534448842319e-08 3.529041972398226566e-08 3.557423986248925858e-08 3.543711322296439791e-08 3.574510644171922573e-08 3.549327148811511969e-08 3.561155110776969661e-08 3.527055672189177956e-08 3.587070876767133706e-08 3.576481821141821713e-08 3.585680688218976352e-08 3.571526351987126934e-08 3.557227568552619816e-08 3.593359158009377767e-08 3.570019907115752659e-08 3.528560983596276948e-08 3.565970651720320981e-08 3.549501289465818706e-08 3.573647847346125191e-08
3.546159429566481082e-08 3.575828857599927279e-08 3.585225224329733319e-08 3.571035002574198561e-08 3.566112254073233064e-08 3.540591474101072519e-08 3.572624873697768980e-08 3.553761435883461549e-08 3.528321568699778945e-08 3.566170171803824607e-08 3.524314534911521371e-08 3.566991922384678508e-08 3.575406889757568007e-08 3.501589302182784349e-08 3.560938184417326190e-08 3.574552789771503068e-08 3.547641639310380174e-08 3.537207943096740166e-08 3.548420781309638539e-08 3.555499190046615149e-08 3.527273533978605497e-08 3.561009838569933514e-08 3.563289029930339013e-08 3.561785162268533637e-08 3.549104949530111536e-08 3.531947233321878277e-08 3.527697339320864232e-08 3.555839885320247152e-08 3.542180608112683261e-08 3.572886599433646522e-08 3.547855007752901011e-08 3.559618908540418201e-08 3.525673842976960686e-08 3.585355566635937541e-08 3.574907997871890308e-08 3.584062577101453217e-08 3.569968302523557675e-08 3.555693466725293472e-08 3.591733716170415639e-08 3.568498969497522514e-08 3.527130091011093662e-08 3.564414547642200061e-08 3.547930017999289253e-08 3.572069250332386544e-08
3.533819038202324407e-08 3.562938544382929109e-08 3.572342653553698304e-08 3.558395080748206080e-08 3.553462667228698648e-08 3.528439783974196325e-08 3.560034611269752081e-08 3.541395549458211858e-08 3.516146840427777123e-08 3.553550591335465996e-08 3.512299537921699258e-08 3.554432759498239756e-08 3.562601167875676733e-08 3.489905695354314327e-08 3.548247911703522741e-08 3.561792937460227530e-08 3.535175795781695864e-08 3.524955967028394174e-08 3.536012303882717949e-08 3.543052783034289048e-08 3.515149297797481061e-08 3.548457080630347223e-08 3.550586678439710816e-08 3.549104949530111536e-08 3.537005289056769627e-08 3.519714635508540411e-08 3.515756734023842484e-08 3.543240391339870195e-08 3.529757361989389149e-08 3.560213115593500904e-08 3.535539397642765654e-08 3.547130390174524162e-08 3.513538460612170907e-08 3.572410387722278228e-08 3.562208253246421302e-08 3.571100302308302978e-08 3.557351147234347387e-08 3.543176957642467284e-08 3.578877380019671124e-08 3.555884749864850302e-08 3.514858637750683474e-08 3.551803847015742273e-08 3.535357681019323177e-08 3.559292630079130859e-08
3.516771975112641170e-08 3.545766832166201141e-08 3.555169064384764349e-08 3.541257860170828897e-08 3.536357494623703054e-08 3.511302323258986953e-08 3.542841140190324344e-08 3.524217981766095452e-08 3.499129396599515414e-08 3.536368039815815556e-08 3.495200568256306353e-08 3.537225241592616667e-08 3.545404531342928113e-08 3.472807044612716533e-08 3.531205185339757783e-08 3.544595082119225092e-08 3.518088180163109549e-08 3.507930872021286315e-08 3.518859927180842539e-08 3.525899779024744883e-08 3.498026786726756708e-08 3.531273693410793606e-08 3.533409534448842319e-08 3.531947233321878277e-08 3.519714635508540411e-08 3.502707387731892133e-08 3.498638798768028729e-08 3.526122772256799712e-08 3.512691072228835230e-08 3.543071884164006470e-08 3.518430258307132502e-08 3.529952484858658989e-08 3.496456424886429093e-08 3.555233392032064983e-08 3.545029822195806082e-08 3.553986925505453821e-08 3.540142848571230757e-08 3.525997295760113129e-08 3.561647613491037755e-08 3.538678844746947655e-08 3.497789254670072918e-08 3.534703687570686907e-08 3.518299698611324604e-08 3.542189249806810144e-08
3.512677291807403821e-08 3.541201218195955510e-08 3.550651837418904684e-08 3.536962731230704500e-08 3.532080962850862889e-08 3.507404467673254058e-08 3.538549657925301820e-08 3.520173425227738901e-08 3.495170401256262938e-08 3.532047040038361893e-08 3.491431167895654434e-08 3.532977439637915279e-08 3.541037748876683137e-08 3.469267564705402441e-08 3.526893266997735369e-08 3.540209170239069697e-08 3.513980555836521373e-08 3.503891823915745702e-08 3.514837396337066726e-08 3.521784612030620905e-08 3.494146312119453324e-08 3.526990848447347889e-08 3.529041972398226566e-08 3.527697339320864232e-08 3.515756734023842484e-08 3.498638798768028729e-08 3.495061733115377769e-08 3.521838726529051300e-08 3.508626527282181714e-08 3.538689313043661538e-08 3.514406272078144253e-08 3.525813198504906068e-08 3.492602334606156600e-08 3.550674852443789560e-08 3.540740540599021786e-08 3.549414464992104132e-08 3.535927260297556393e-08 3.521752142023410278e-08 3.557238512089544701e-08 3.534447047439199186e-08 3.493799533418417691e-08 3.530425778348366731e-08 3.513995685938965070e-08 3.537709275417702257e-08
3.540354101753223851e-08 3.569899264921865120e-08 3.579335627735098854e-08 3.565155498016607600e-08 3.560272225822348178e-08 3.534785013085822435e-08 3.566719961826618126e-08 3.547894995726709537e-08 3.522520199370072612e-08 3.560312272514058868e-08 3.518484193121908801e-08 3.561115709594342935e-08 3.569467196679876785e-08 3.495737458015253929e-08 3.555113153906400055e-08 3.568690768692611848e-08 3.541742150772355657e-08 3.531471089638545670e-08 3.542545545704226667e-08 3.549591328501024604e-08 3.521462093263521457e-08 3.555201999153186693e-08 3.557423986248925858e-08 3.555839885320247152e-08 3.543240391339870195e-08 3.526122772256799712e-08 3.521838726529051300e-08 3.550095162385832327e-08 3.536346799073061476e-08 3.567012589783874899e-08 3.542034510945369305e-08 3.553755078233313544e-08 3.519822013063500550e-08 3.579448130035180223e-08 3.569015659203316966e-08 3.578091991155477400e-08 3.564022026688311207e-08 3.549822625492493224e-08 3.585805257439242328e-08 3.562577676496194530e-08 3.521249440388128697e-08 3.558508614166240077e-08 3.542094435158422421e-08 3.566173315043329915e-08
3.526843701196093792e-08 3.556056071743860896e-08 3.565520792073596451e-08 3.551451881327889202e-08 3.546556609904762103e-08 3.521368911748097202e-08 3.553033813111049918e-08 3.534337344311271720e-08 3.509137354239491020e-08 3.546615894057015917e-08 3.505170820246386475e-08 3.547453822523443504e-08 3.555740558265763133e-08 3.482640792681830020e-08 3.541442826949287546e-08 3.554929794661417877e-08 3.528240905918377945e-08 3.517994564038224668e-08 3.529005764375735696e-08 3.536042988326641088e-08 3.508062493888052237e-08 3.541554354262841805e-08 3.543711322296439791e-08 3.542180608112683261e-08 3.529757361989389149e-08 3.512691072228835230e-08 3.508626527282181714e-08 3.536346799073061476e-08 3.522895126948258415e-08 3.553308955501635663e-08 3.528532649390367342e-08 3.540161267096187977e-08 3.506446397369771904e-08 3.565583050311239512e-08 3.555296956403798971e-08 3.564312368202205491e-08 3.550410928873257740e-08 3.536166851759209128e-08 3.571985857541270099e-08 3.548902347413615359e-08 3.507845000891005474e-08 3.544906391126786838e-08 3.528470115332207100e-08 3.552382597268505865e-08
3.557330076943608027e-08 3.587077830200629468e-08 3.596584713928774571e-08 3.582327467071801388e-08 3.577335899817335102e-08 3.551696600336516471e-08 3.583911457289169749e-08 3.564904173876312497e-08 3.539429346988619044e-08 3.577390752939686925e-08 3.535297213760356285e-08 3.578252854789818498e-08 3.586603046717404858e-08 3.512449489930007747e-08 3.572205580391632476e-08 3.585858077160985350e-08 3.558779841672936661e-08 3.548396415569986631e-08 3.559485637248427631e-08 3.566632076926883692e-08 3.538276404544864215e-08 3.572280548199385718e-08 3.574510644171922573e-08 3.572886599433646522e-08 3.560213115593500904e-08 3.543071884164006470e-08 3.538689313043661538e-08 3.567012589783874899e-08 3.553308955501635663e-08 3.584274805680759916e-08 3.559001090485043646e-08 3.570823671110603680e-08 3.536648799641437443e-08 3.596678895212440342e-08 3.586195428970080474e-08 3.595444679117501091e-08 3.581172409403031335e-08 3.566856396575888497e-08 3.603052815755805627e-08 3.579672544762371411e-08 3.538126375470810840e-08 3.575648768113056529e-08 3.559122490382464965e-08 3.583387921035719760e-08
3.532558257152963853e-08 3.561697252908480861e-08 3.571167711354715088e-08 3.557207922169230989e-08 3.552263794180506816e-08 3.527172461463686963e-08 3.558760625210994103e-08 3.540091834660919817e-08 3.514901192092597686e-08 3.552304298310816820e-08 3.510885892659255631e-08 3.553124224421355493e-08 3.561375407946763003e-08 3.488458629422194805e-08 3.547158274129569432e-08 3.560599712352339410e-08 3.533912824347885052e-08 3.523690415812022183e-08 3.534727916139070480e-08 3.541736389533648206e-08 3.513802099933919200e-08 3.547206916112367305e-08 3.549327148811511969e-08 3.547855007752901011e-08 3.535539397642765654e-08 3.518430258307132502e-08 3.514406272078144253e-08 3.542034510945369305e-08 3.528532649390367342e-08 3.559001090485043646e-08 3.534332039200302674e-08 3.545843274528588486e-08 3.512227246767755124e-08 3.571202788726750965e-08 3.560987227189863301e-08 3.569970846445822963e-08 3.556076081703408382e-08 3.541856742641419848e-08 3.577689619719706211e-08 3.554643427922587237e-08 3.513529483494229081e-08 3.550606948629148751e-08 3.534121839360204458e-08 3.558125876538232185e-08
3.544159904823048140e-08 3.573621031155051421e-08 3.583079594562880906e-08 3.568935519277558011e-08 3.564034501352318637e-08 3.538624936009219500e-08 3.570563884629612718e-08 3.551714474193998055e-08 3.526365418853969346e-08 3.564082977460961499e-08 3.522390646804547355e-08 3.564952413253446976e-08 3.573211416773747981e-08 3.499682496323329029e-08 3.558818356419786920e-08 3.572388620977262568e-08 3.545590704055685415e-08 3.535281901922370807e-08 3.546369443589668818e-08 3.553428422782308053e-08 3.525314873479332505e-08 3.558950957892521700e-08 3.561155110776969661e-08 3.559618908540418201e-08 3.547130390174524162e-08 3.529952484858658989e-08 3.525813198504906068e-08 3.553755078233313544e-08 3.540161267096187977e-08 3.570823671110603680e-08 3.545843274528588486e-08 3.557645633779456902e-08 3.523662801038123614e-08 3.583170072209819133e-08 3.572814130411118798e-08 3.581842258727709784e-08 3.567862909563375422e-08 3.553639005750318739e-08 3.589592309887507367e-08 3.566411831066013191e-08 3.525128097254517671e-08 3.562326309898488751e-08 3.545888691174076877e-08 3.569907910458898427e-08
3.510493737395382182e-08 3.539362979851927087e-08 3.548695113764298594e-08 3.534956416884600142e-08 3.530038684403339422e-08 3.505173265434033921e-08 3.536489730330924660e-08 3.518039085342375123e-08 3.492959080483406768e-08 3.530018725379377727e-08 3.489086358222380997e-08 3.530900495601050888e-08 3.539050254743560293e-08 3.466900188239933354e-08 3.524881208478682654e-08 3.538231975136387588e-08 3.511831806980206545e-08 3.501666964508475374e-08 3.512688231311522789e-08 3.519635115332100599e-08 3.491938514024727859e-08 3.524938149102688471e-08 3.527055672189177956e-08 3.525673842976960686e-08 3.513538460612170907e-08 3.496456424886429093e-08 3.492602334606156600e-08 3.519822013063500550e-08 3.506446397369771904e-08 3.536648799641437443e-08 3.512227246767755124e-08 3.523662801038123614e-08 3.490436925322707194e-08 3.548732044054715116e-08 3.538689255789577891e-08 3.547504546443251543e-08 3.533806738147229926e-08 3.519711837111360113e-08 3.555227943449861239e-08 3.532403795750325662e-08 3.491662293522704958e-08 3.528336181236697075e-08 3.511963035692597329e-08 3.535793694178440604e-08
3.569526839181931861e-08 3.599715145604065266e-08 3.609216506916640712e-08 3.594703599319695805e-08 3.589774202622828129e-08 3.563813152427623405e-08 3.596340599507916826e-08 3.577118437308631794e-08 3.551530401126866992e-08 3.589863029779582405e-08 3.547350794994180126e-08 3.590654551967438919e-08 3.599192763520350228e-08 3.524265889493579395e-08 3.584608010912453295e-08 3.598366614288940170e-08 3.571076962608305013e-08 3.560548593510447440e-08 3.571788125530795378e-08 3.579004028227363476e-08 3.550425167307315412e-08 3.584718909875281252e-08 3.587070876767133706e-08 3.585355566635937541e-08 3.572410387722278228e-08 3.555233392032064983e-08 3.550674852443789560e-08 3.579448130035180223e-08 3.565583050311239512e-08 3.596678895212440342e-08 3.571202788726750965e-08 3.583170072209819133e-08 3.548732044054715116e-08 3.609465080522236292e-08 3.598660207725478023e-08 3.608028573088923644e-08 3.593645317907885251e-08 3.579231536218177730e-08 3.615671956598567219e-08 3.592120616001310723e-08 3.550338941513465109e-08 3.588110631367859076e-08 3.571519306785509919e-08 3.595830881824059242e-08
3.559307841328494912e-08 3.589037393672603587e-08 3.598535186859159377e-08 3.584287042535559755e-08 3.579352691114015003e-08 3.553695817233127745e-08 3.585887717061109100e-08 3.566904383482535997e-08 3.541395643874337436e-08 3.579347186627640709e-08 3.537326959244577810e-08 3.580212363913498508e-08 3.588609742674882648e-08 3.514513741203409702e-08 3.574192570740283751e-08 3.587835013617951629e-08 3.560787489035468870e-08 3.550394980172664228e-08 3.561525850426241170e-08 3.568637076086560725e-08 3.540292625143601194e-08 3.574243769986798753e-08 3.576481821141821713e-08 3.574907997871890308e-08 3.562208253246421302e-08 3.545029822195806082e-08 3.540740540599021786e-08 3.569015659203316966e-08 3.555296956403798971e-08 3.586195428970080474e-08 3.560987227189863301e-08 3.572814130411118798e-08 3.538689255789577891e-08 3.598660207725478023e-08 3.588222268247969240e-08 3.597382250306676854e-08 3.583181237675361678e-08 3.568840846914413278e-08 3.605013669823480727e-08 3.581667910444307591e-08 3.540143817161166882e-08 3.577617277301350155e-08 3.561086017015815459e-08 3.585319702985684277e-08
3.568268570163694745e-08 3.598418911098146341e-08 3.607942871453363385e-08 3.593485129293424083e-08 3.588518360510800474e-08 3.562580002330957242e-08 3.595025519886881026e-08 3.575905387150708726e-08 3.550325497083913938e-08 3.588538978889702784e-08 3.546048433236988859e-08 3.589309221646208083e-08 3.597917646345150683e-08 3.523119505810363345e-08 3.583448159851862850e-08 3.597108166338432695e-08 3.569807670586816094e-08 3.559262169188694638e-08 3.570469141431807817e-08 3.577691084285590464e-08 3.549070728514521690e-08 3.583421004809538694e-08 3.585680688218976352e-08 3.584062577101453217e-08 3.571100302308302978e-08 3.553986925505453821e-08 3.549414464992104132e-08 3.578091991155477400e-08 3.564312368202205491e-08 3.595444679117501091e-08 3.569970846445822963e-08 3.581842258727709784e-08 3.547504546443251543e-08 3.608028573088923644e-08 3.597382250306676854e-08 3.606938190810829359e-08 3.592336467557684945e-08 3.577921616116863321e-08 3.614364207733089957e-08 3.590789861579286025e-08 3.549047691903610958e-08 3.586813684974938619e-08 3.570204191139283414e-08 3.594658995990618435e-08
