7.986024804166665056e-09 8.039837991666665703e-09 8.088510275892856586e-09 8.001126352678569365e-09 8.019554100297618081e-09 7.950111202380950814e-09 8.042030799404759215e-09 7.992075247916665916e-09 7.927794044345237439e-09 7.998923348511904305e-09 7.916188608928571099e-09 8.030366501488093758e-09 8.051350736309522844e-09 7.863689905059523560e-09 8.012428828869046994e-09 8.036607707142856908e-09 7.981701266666663472e-09 7.939526136607139171e-09 7.981310544345237189e-09 7.984180281547617326e-09 7.948994301488095022e-09 8.028284685416667414e-09 8.004375152976188943e-09 8.029840082738097280e-09 7.985183909523809255e-09 7.931736154166664839e-09 7.894030908035714884e-09 7.993888029464283613e-09 7.949990167857141369e-09 8.029037111309524895e-09 8.012005410714286123e-09 8.005804123214284018e-09 7.919995207440475619e-09 8.074464058035712131e-09 8.027021198809524793e-09 8.053764613392856408e-09 8.031254049999998347e-09 7.994881607440476475e-09 8.089341209226190651e-09 8.027764100000000063e-09 7.925418990773807162e-09 8.036246378571425416e-09 7.939982282142857636e-09 8.041532206845237124e-09
8.039837991666665703e-09 8.105205387500000363e-09 8.151646742261903905e-09 8.060892201785714760e-09 8.077877452976191956e-09 8.000734588392855809e-09 8.103915108630953431e-09 8.047223818749998477e-09 7.976498064285715762e-09 8.057704226785713062e-09 7.965257260119046646e-09 8.088117016964283491e-09 8.114133269345239259e-09 7.909732196428568317e-09 8.071476819940475490e-09 8.097438679761905182e-09 8.037048283333331345e-09 7.990994976488094471e-09 8.034388274702379043e-09 8.039702015476190757e-09 7.999581498214285244e-09 8.085621349999999647e-09 8.066027011011902687e-09 8.088347358630951481e-09 8.038787893154759756e-09 7.983304583333333617e-09 7.940895261607142579e-09 8.051974409226190589e-09 8.005823691071426436e-09 8.088107871428571859e-09 8.065220982142858746e-09 8.061555830059522116e-09 7.969279318154763001e-09 8.138424163690476258e-09 8.086356438095237187e-09 8.118199338095239937e-09 8.091785150000000762e-09 8.053089234821429858e-09 8.150230092261906439e-09 8.088468922916666586e-09 7.975831270238096725e-09 8.095142860714284260e-09 7.998262104761905795e-09 8.101317387202380513e-09
8.088510275892856586e-09 8.151646742261903905e-09 8.201425854591836123e-09 8.109214553954081902e-09 8.126356249744897180e-09 8.049328236947279582e-09 8.152581479379251783e-09 8.095233734226190078e-09 8.025253337287414791e-09 8.105809700977891740e-09 8.014624041454082171e-09 8.137047575212583961e-09 8.163070184651358587e-09 7.958412648639457507e-09 8.120206775552719014e-09 8.146224537329934167e-09 8.085889463392857219e-09 8.039818027848639471e-09 8.083120999787413764e-09 8.088280465221084713e-09 8.048157029081631259e-09 8.134977728869045978e-09 8.113867315008502129e-09 8.136854541581631824e-09 8.087571843920068012e-09 8.032430762202381013e-09 7.990700929421768005e-09 8.100457356292514239e-09 8.054329392431972017e-09 8.136763018877551213e-09 8.114414968494898052e-09 8.110386832185374672e-09 8.018350894217686989e-09 8.186885078231291858e-09 8.135223237925168720e-09 8.166086505484695079e-09 8.140119717559524582e-09 8.101705807015304755e-09 8.199134033758503933e-09 8.137084219345238950e-09 8.024067548384351269e-09 8.143307743367345091e-09 8.046126939115644481e-09 8.149859304549321319e-09
8.001126352678569365e-09 8.060892201785714760e-09 8.109214553954081902e-09 8.021800940731291560e-09 8.037718650127550646e-09 7.963798842984691759e-09 8.062594680102040310e-09 8.007974746428570644e-09 7.940216790731292262e-09 8.017845371386055505e-09 7.929580919897957960e-09 8.048544665518706764e-09 8.072211308715987830e-09 7.875172063180271522e-09 8.030901125765305430e-09 8.056326143835032868e-09 7.998325536011902958e-09 7.954402837117346692e-09 7.996671819897958684e-09 8.001314469472789621e-09 7.962527341709182564e-09 8.046006405357141043e-09 8.024954520620750202e-09 8.048964316709184044e-09 8.001199670748300272e-09 7.946316111607145919e-09 7.906644370705780828e-09 8.012277471853743666e-09 7.966728364200680803e-09 8.047688005144555659e-09 8.026687806377552019e-09 8.022214884948976912e-09 7.933424544557824370e-09 8.096176083801021025e-09 8.046189587287414146e-09 8.075534883715986431e-09 8.051323823511905227e-09 8.012882701700679385e-09 8.109767485204081247e-09 8.047412601785714227e-09 7.938828296641156041e-09 8.054983355399661812e-09 7.958359490858844892e-09 8.060857552933672413e-09
8.019554100297618081e-09 8.077877452976191956e-09 8.126356249744897180e-09 8.037718650127550646e-09 8.057054245153061289e-09 7.982889820748299377e-09 8.079370664455782523e-09 8.026263052380952221e-09 7.959466570960883441e-09 8.034670020663265689e-09 7.948786443877549403e-09 8.066203826955780981e-09 8.089105241709180438e-09 7.895002530399661446e-09 8.048524827168365595e-09 8.073612175935374254e-09 8.016852725297617641e-09 7.973439554124150464e-09 8.015275187627549566e-09 8.018988870450678569e-09 7.982018948384351018e-09 8.063713486011902634e-09 8.041307855994895903e-09 8.065843079634352259e-09 8.019591430314624737e-09 7.965208188095237186e-09 7.925644171513603734e-09 8.029285267474485978e-09 7.985154043707485215e-09 8.064894748256803006e-09 8.046072547236393394e-09 8.040661519855441888e-09 7.952232333886056249e-09 8.112251248894557450e-09 8.063406668494897133e-09 8.091577114625850038e-09 8.068180858630953482e-09 8.030582687457483767e-09 8.126526072661566662e-09 8.064503571726189451e-09 7.958245367219386203e-09 8.072519109396258367e-09 7.975622449447278912e-09 8.077853407270405585e-09
7.950111202380950814e-09 8.000734588392855809e-09 8.049328236947279582e-09 7.963798842984691759e-09 7.982889820748299377e-09 7.917553208843536830e-09 8.003895721598638616e-09 7.956509296130952480e-09 7.895469430484692246e-09 7.962703805187074040e-09 7.883664357568025340e-09 7.994105992431971735e-09 8.012742801828229052e-09 7.833234657185373131e-09 7.975867876573127362e-09 7.999133948554420693e-09 7.946641556547619948e-09 7.906724891921768283e-09 7.947351388818024719e-09 7.948701921045916464e-09 7.916193763860542017e-09 7.991419350595238234e-09 7.966319441113942870e-09 7.993378593027210640e-09 7.950759236862240769e-09 7.898123021428570520e-09 7.862720739668367064e-09 7.956769361819727513e-09 7.915155114838433891e-09 7.991938291709181838e-09 7.977420170748300334e-09 7.970490622534011681e-09 7.887396380017004230e-09 8.035584848299319113e-09 7.990430124447277213e-09 8.014185195578230898e-09 7.993659983630950446e-09 7.958510671088434380e-09 8.051445264030611991e-09 7.990235459226187785e-09 7.892275782100338325e-09 7.999659526955780789e-09 7.903916782482990506e-09 8.004293154294218862e-09
8.042030799404759215e-09 8.103915108630953431e-09 8.152581479379251783e-09 8.062594680102040310e-09 8.079370664455782523e-09 8.003895721598638616e-09 8.106482269897959300e-09 8.049034613988094912e-09 7.980459619685373508e-09 8.058970849447277292e-09 7.968995663435371440e-09 8.090479628231292811e-09 8.115326222534011197e-09 7.913705855569728304e-09 8.073430347151359970e-09 8.099373689498298848e-09 8.039870282738095085e-09 7.994199350382653918e-09 8.037144890518706234e-09 8.042309511777211818e-09 8.002697079124148393e-09 8.088142330059521836e-09 8.066708775212585184e-09 8.090092229124148841e-09 8.041709404251698578e-09 7.986412548809521162e-09 7.945606687627549395e-09 8.053475836479588656e-09 8.008142033715987888e-09 8.089827736522106535e-09 8.067664710289116505e-09 8.064284056717686617e-09 7.972891399192175198e-09 8.138783087032312334e-09 8.087848079379253137e-09 8.118934845450680028e-09 8.093641545238096844e-09 8.054928369132652319e-09 8.152108346045917624e-09 8.089683921130950921e-09 7.979082815858843787e-09 8.097041659183672350e-09 7.999900667474489314e-09 8.103167357482991216e-09
7.992075247916665916e-09 8.047223818749998477e-09 8.095233734226190078e-09 8.007974746428570644e-09 8.026263052380952221e-09 7.956509296130952480e-09 8.049034613988094912e-09 8.000629195833333327e-09 7.934660300595238001e-09 8.005859983928569636e-09 7.922884192261904390e-09 8.037338730654762473e-09 8.059042590476189758e-09 7.870062100892855715e-09 8.019254264285713274e-09 8.043744865476191581e-09 7.988379679166665883e-09 7.946426540773809392e-09 7.988194252678571305e-09 7.990621262797620048e-09 7.956016361904761527e-09 8.035152756249998407e-09 8.011438713392857098e-09 8.037142195238096677e-09 7.991780736607141982e-09 7.938145685416664981e-09 7.900567851785715317e-09 8.000470669047619468e-09 7.957092913690475618e-09 8.036230323809522665e-09 8.018508921130950285e-09 8.013097262797618058e-09 7.926407586607143715e-09 8.081735230952381326e-09 8.033573409226189589e-09 8.061173571726190042e-09 8.038635237500001030e-09 8.001488544940474713e-09 8.096673984226190103e-09 8.034828531249997210e-09 7.932611769940474217e-09 8.043459359821427730e-09 7.947292750892856905e-09 8.049321361011901968e-09
7.927794044345237439e-09 7.976498064285715762e-09 8.025253337287414791e-09 7.940216790731292262e-09 7.959466570960883441e-09 7.895469430484692246e-09 7.980459619685373508e-09 7.934660300595238001e-09 7.876462419897961004e-09 7.939433377636053793e-09 7.862576780314626503e-09 7.971150905102039266e-09 7.988646367049319241e-09 7.813252104846938757e-09 7.953045590348635074e-09 7.975673206335035317e-09 7.923968396428570150e-09 7.885402312117347280e-09 7.925461188647954859e-09 7.925772592389456555e-09 7.895336910459183096e-09 7.968291726190474746e-09 7.942249331037414007e-09 7.970204935459183471e-09 7.928948362414963868e-09 7.876898463690477602e-09 7.842093912372448297e-09 7.933893459353741878e-09 7.892722187117347583e-09 7.968811378061224151e-09 7.955735802210885422e-09 7.948598532865645947e-09 7.866108684141156647e-09 8.011215792134353489e-09 7.966444801870747874e-09 7.990019469132652322e-09 7.970689031845238453e-09 7.935726880867346863e-09 8.027486162287415590e-09 7.966621337202381400e-09 7.870951848724489324e-09 7.977222630399660807e-09 7.881359682525508542e-09 7.981021167517006721e-09
7.998923348511904305e-09 8.057704226785713062e-09 8.105809700977891740e-09 8.017845371386055505e-09 8.034670020663265689e-09 7.962703805187074040e-09 8.058970849447277292e-09 8.005859983928569636e-09 7.939433377636053793e-09 8.017337147874151479e-09 7.928357565136054169e-09 8.045973653613945897e-09 8.069053695323127338e-09 7.874739103954079422e-09 8.028646655229593978e-09 8.052785480442176830e-09 7.995593406845237560e-09 7.953131229676868632e-09 7.995075013052718699e-09 7.998979194175167186e-09 7.961421123554420758e-09 8.043079024107143316e-09 8.021653259311224850e-09 8.046756350637756364e-09 7.999447365391156616e-09 7.944632209523811371e-09 7.906102704336735338e-09 8.009642344472788645e-09 7.965011602593538034e-09 8.045138041751699444e-09 8.024302085246600091e-09 8.020631124234695588e-09 7.931250568367346623e-09 8.092994821598638776e-09 8.043531942644557416e-09 8.072067416156459692e-09 8.048336911011904963e-09 8.010346260926869565e-09 8.106710271811226290e-09 8.044634272619047336e-09 7.938066099617347145e-09 8.052206016411565499e-09 7.955645592049320038e-09 8.057891598171768997e-09
7.916188608928571099e-09 7.965257260119046646e-09 8.014624041454082171e-09 7.929580919897957960e-09 7.948786443877549403e-09 7.883664357568025340e-09 7.968995663435371440e-09 7.922884192261904390e-09 7.862576780314626503e-09 7.928357565136054169e-09 7.852095107397957942e-09 7.960058915518706080e-09 7.978433481632650956e-09 7.801182348596937139e-09 7.941425273681972986e-09 7.964386848001701488e-09 7.912559254761903828e-09 7.873994355867346520e-09 7.913745961564625042e-09 7.914849742389454613e-09 7.883254489625850070e-09 7.957262178273810624e-09 7.931606097704083769e-09 7.959101245875851519e-09 7.917558356164964694e-09 7.865116113690474646e-09 7.830594147789114579e-09 7.922531882270409817e-09 7.882028282950682404e-09 7.957896596811226332e-09 7.943816743877550084e-09 7.937043901615646822e-09 7.854441919557824288e-09 8.000591692134353308e-09 7.955911676870746502e-09 7.979286539965987524e-09 7.959469942261902803e-09 7.924623768367346809e-09 8.016926362287414399e-09 7.956163845535714861e-09 7.859326521641156732e-09 7.965272965816322640e-09 7.869862088775510848e-09 7.970185090433671775e-09
8.030366501488093758e-09 8.088117016964283491e-09 8.137047575212583961e-09 8.048544665518706764e-09 8.066203826955780981e-09 7.994105992431971735e-09 8.090479628231292811e-09 8.037338730654762473e-09 7.971150905102039266e-09 8.045973653613945897e-09 7.960058915518706080e-09 8.078436432397957813e-09 8.100147782950679833e-09 7.906532151403060297e-09 8.059743490901360681e-09 8.084730151998298068e-09 8.027561736904760700e-09 7.984581129549318931e-09 8.026948065518706185e-09 8.030160643027210416e-09 7.993433179124148363e-09 8.074840202976189088e-09 8.052283910629250433e-09 8.077307010374150557e-09 8.030580752168366734e-09 7.976329913392855520e-09 7.937276033460883990e-09 8.040452298979591434e-09 7.996432425382652315e-09 8.076083669855443264e-09 8.057126095705780635e-09 8.052042221301022553e-09 7.964113215858843087e-09 8.123286780782312790e-09 8.074693389795915895e-09 8.103004807950679431e-09 8.079267609821428106e-09 8.041933350382651677e-09 8.137832202295918464e-09 8.075699025297619004e-09 7.969446313775510315e-09 8.083587394600337633e-09 7.986745017474490303e-09 8.088947957482994738e-09
8.051350736309522844e-09 8.114133269345239259e-09 8.163070184651358587e-09 8.072211308715987830e-09 8.089105241709180438e-09 8.012742801828229052e-09 8.115326222534011197e-09 8.059042590476189758e-09 7.988646367049319241e-09 8.069053695323127338e-09 7.978433481632650956e-09 8.100147782950679833e-09 8.127579039710883040e-09 7.922416541198979604e-09 8.083121739838435493e-09 8.108738881972787540e-09 8.048738398809522456e-09 8.003631439455780714e-09 8.046772904549319259e-09 8.051602453018707701e-09 8.011741559736394295e-09 8.098348470535713460e-09 8.077074661734693472e-09 8.100377501403059753e-09 8.051227955527210397e-09 7.995842276785714062e-09 7.954667731207482084e-09 8.063461267006801727e-09 8.018205058205781642e-09 8.099907357270407198e-09 8.077119935459181752e-09 8.073474459566326010e-09 7.982009114158163517e-09 8.149456723767005707e-09 8.097369970068026298e-09 8.129342293877549368e-09 8.103350457142856667e-09 8.064616285289113797e-09 8.161831507568025757e-09 8.100163425595236823e-09 7.988307339158163230e-09 8.106455576105440014e-09 8.009903931675168695e-09 8.112854450977891609e-09
7.863689905059523560e-09 7.909732196428568317e-09 7.958412648639457507e-09 7.875172063180271522e-09 7.895002530399661446e-09 7.833234657185373131e-09 7.913705855569728304e-09 7.870062100892855715e-09 7.813252104846938757e-09 7.874739103954079422e-09 7.801182348596937139e-09 7.906532151403060297e-09 7.922416541198979604e-09 7.754131759353741122e-09 7.887790988647958998e-09 7.909841698044217654e-09 7.860117232142857090e-09 7.823407748384352566e-09 7.862171606930271008e-09 7.861848131292517934e-09 7.833206351105441024e-09 7.903039087202379957e-09 7.876436761139455963e-09 7.905279951105443557e-09 7.865918939455782054e-09 7.814592074702379834e-09 7.781810892517005622e-09 7.868738264030612034e-09 7.829435994217686748e-09 7.903411019175171581e-09 7.892502028316327978e-09 7.884466523256802780e-09 7.804330304336735243e-09 7.944658845493196378e-09 7.901281469472789787e-09 7.922815230782310402e-09 7.904990611309523322e-09 7.871066048384354318e-09 7.961675675722787959e-09 7.901010363095236798e-09 7.809072968920068971e-09 7.911998717474489440e-09 7.816981428996598472e-09 7.915441888775511779e-09
8.012428828869046994e-09 8.071476819940475490e-09 8.120206775552719014e-09 8.030901125765305430e-09 8.048524827168365595e-09 7.975867876573127362e-09 8.073430347151359970e-09 8.019254264285713274e-09 7.953045590348635074e-09 8.028646655229593978e-09 7.941425273681972986e-09 8.059743490901360681e-09 8.083121739838435493e-09 7.887790988647958998e-09 8.043610792176870645e-09 8.067706820195577290e-09 8.010008185119046812e-09 7.965946985161565632e-09 8.008192548681972705e-09 8.012415920620746884e-09 7.975223292389455610e-09 8.057316788988094258e-09 8.035126129719386081e-09 8.059430375722789456e-09 8.012469575637754195e-09 7.958573868154760877e-09 7.918935651998299422e-09 8.023135250680271063e-09 7.978579999744897465e-09 8.059249314540814059e-09 8.039193948001701880e-09 8.034220752465985284e-09 7.945094209566326834e-09 8.106918645450679454e-09 8.056930450552721206e-09 8.085990998171767912e-09 8.061854893452380456e-09 8.024433118494896911e-09 8.120050452636053835e-09 8.057849440773808677e-09 7.951201261649659358e-09 8.065810375127550838e-09 7.969953527933672199e-09 8.071206841539114155e-09
8.036607707142856908e-09 8.097438679761905182e-09 8.146224537329934167e-09 8.056326143835032868e-09 8.073612175935374254e-09 7.999133948554420693e-09 8.099373689498298848e-09 8.043744865476191581e-09 7.975673206335035317e-09 8.052785480442176830e-09 7.964386848001701488e-09 8.084730151998298068e-09 8.108738881972787540e-09 7.909841698044217654e-09 8.067706820195577290e-09 8.094130157568026481e-09 8.034592844642856313e-09 7.989383634693876722e-09 8.032132281335032985e-09 8.036660716411564915e-09 7.998367595450679944e-09 8.082456935119045683e-09 8.060667358163264337e-09 8.084035635034013488e-09 8.036401902848638665e-09 7.981784530952381257e-09 7.941188151147958964e-09 8.047648392899659388e-09 8.002728726360543920e-09 8.083998251615645928e-09 8.063247696768705312e-09 8.058561187542516360e-09 7.968586942729590246e-09 8.132743033290815060e-09 8.082453426913263998e-09 8.111867292389454461e-09 8.087209711309524914e-09 8.048960261777210167e-09 8.145646862329930759e-09 8.083364229761904452e-09 7.974133551062923305e-09 8.090972307653060695e-09 7.994549076020407915e-09 8.096816125680271030e-09
7.981701266666663472e-09 8.037048283333331345e-09 8.085889463392857219e-09 7.998325536011902958e-09 8.016852725297617641e-09 7.946641556547619948e-09 8.039870282738095085e-09 7.988379679166665883e-09 7.923968396428570150e-09 7.995593406845237560e-09 7.912559254761903828e-09 8.027561736904760700e-09 8.048738398809522456e-09 7.860117232142857090e-09 8.010008185119046812e-09 8.034592844642856313e-09 7.979953612499998808e-09 7.936564772023809133e-09 7.977890688095236744e-09 7.981081339880953078e-09 7.945745534821428923e-09 8.025250129166665714e-09 8.001353757142856210e-09 8.026999838988094036e-09 7.981838392857141267e-09 7.928240893749999265e-09 7.890773393452380606e-09 7.990718406547619065e-09 7.947204836607143428e-09 8.026174402976188774e-09 8.008415775297619002e-09 8.002849408630951965e-09 7.916789397023808842e-09 8.071933699702378556e-09 8.024936961309522349e-09 8.051047700892856186e-09 8.028555868749997581e-09 7.992029692857140795e-09 8.086771702976190785e-09 8.025036508333332596e-09 7.921919569940475490e-09 8.033633257738095029e-09 7.937421942559521845e-09 8.038565444345237493e-09
7.939526136607139171e-09 7.990994976488094471e-09 8.039818027848639471e-09 7.954402837117346692e-09 7.973439554124150464e-09 7.906724891921768283e-09 7.994199350382653918e-09 7.946426540773809392e-09 7.885402312117347280e-09 7.953131229676868632e-09 7.873994355867346520e-09 7.984581129549318931e-09 8.003631439455780714e-09 7.823407748384352566e-09 7.965946985161565632e-09 7.989383634693876722e-09 7.936564772023809133e-09 7.898044073044216859e-09 7.937136172534012647e-09 7.938688801147958818e-09 7.906406715263603586e-09 7.981260233630950858e-09 7.956234211181971897e-09 7.983900046513605070e-09 7.941227936139454415e-09 7.888209300297619359e-09 7.852649056292517474e-09 7.947072330909863289e-09 7.905726408460883324e-09 7.982263763562923633e-09 7.967461243707481667e-09 7.960954675850337677e-09 7.877391652508502897e-09 8.026261161649659272e-09 7.980542623681972726e-09 8.004716610289114552e-09 7.984788669940475421e-09 7.948836556377551522e-09 8.041879850765306572e-09 7.981057513988094589e-09 7.882117067091836916e-09 7.990191030144556356e-09 7.894099916241494288e-09 7.994519799022109308e-09
7.981310544345237189e-09 8.034388274702379043e-09 8.083120999787413764e-09 7.996671819897958684e-09 8.015275187627549566e-09 7.947351388818024719e-09 8.037144890518706234e-09 7.988194252678571305e-09 7.925461188647954859e-09 7.995075013052718699e-09 7.913745961564625042e-09 8.026948065518706185e-09 8.046772904549319259e-09 7.862171606930271008e-09 8.008192548681972705e-09 8.032132281335032985e-09 7.977890688095236744e-09 7.937136172534012647e-09 7.979529469897957724e-09 7.980595644472787197e-09 7.946637016709182426e-09 8.023772469940474775e-09 7.999357691454080347e-09 8.026131981292517274e-09 7.982073795748296919e-09 7.928942647023809262e-09 7.892208762372449787e-09 7.989493146853739601e-09 7.946883951700680218e-09 8.024372848894557639e-09 8.008531320960882715e-09 8.002346580782313762e-09 7.917256104974486788e-09 8.069075090051019116e-09 8.023359447704080513e-09 8.048306775382652200e-09 8.026804383928570762e-09 7.990994322534012945e-09 8.084914328954080993e-09 8.023271345535714259e-09 7.922616077891155552e-09 8.032338886649658178e-09 7.936079370025506988e-09 8.037167121683672640e-09
7.984180281547617326e-09 8.039702015476190757e-09 8.088280465221084713e-09 8.001314469472789621e-09 8.018988870450678569e-09 7.948701921045916464e-09 8.042309511777211818e-09 7.990621262797620048e-09 7.925772592389456555e-09 7.998979194175167186e-09 7.914849742389454613e-09 8.030160643027210416e-09 8.051602453018707701e-09 7.861848131292517934e-09 8.012415920620746884e-09 8.036660716411564915e-09 7.981081339880953078e-09 7.938688801147958818e-09 7.980595644472787197e-09 7.984698770748297819e-09 7.947477481122447989e-09 8.027234683928570617e-09 8.004291536054419315e-09 8.029782931122447261e-09 7.984294058588435137e-09 7.930390525595238872e-09 7.892800352465985866e-09 7.993341734438773672e-09 7.949578340731291161e-09 8.028657569982992334e-09 8.010342795450679028e-09 8.005210643069726670e-09 7.918282270493196161e-09 8.074500527763604993e-09 8.027169004804421122e-09 8.054080665518706278e-09 8.031253523214285223e-09 7.994545419897959137e-09 8.089811121471088432e-09 8.027332267559522933e-09 7.923876235076529943e-09 8.035757154634353303e-09 7.939893198256802220e-09 8.040922637032312696e-09
7.948994301488095022e-09 7.999581498214285244e-09 8.048157029081631259e-09 7.962527341709182564e-09 7.982018948384351018e-09 7.916193763860542017e-09 8.002697079124148393e-09 7.956016361904761527e-09 7.895336910459183096e-09 7.961421123554420758e-09 7.883254489625850070e-09 7.993433179124148363e-09 8.011741559736394295e-09 7.833206351105441024e-09 7.975223292389455610e-09 7.998367595450679944e-09 7.945745534821428923e-09 7.906406715263603586e-09 7.946637016709182426e-09 7.947477481122447989e-09 7.916861575850339171e-09 7.990499265476188850e-09 7.964995879081632184e-09 7.992690821683672749e-09 7.950092944132653134e-09 7.897954234226190273e-09 7.862212280782312380e-09 7.955985507908163217e-09 7.914562909013604855e-09 7.991125344557822885e-09 7.977332154634353890e-09 7.970116701062924151e-09 7.886953405739794476e-09 8.034831717687075068e-09 7.989292872831631959e-09 8.013209430569727704e-09 7.993141211904761390e-09 7.957470511096939743e-09 8.050555860331633380e-09 7.989407885714285357e-09 7.892057147406460866e-09 7.999013628826531709e-09 7.903270727593537512e-09 8.003371669090136519e-09
8.028284685416667414e-09 8.085621349999999647e-09 8.134977728869045978e-09 8.046006405357141043e-09 8.063713486011902634e-09 7.991419350595238234e-09 8.088142330059521836e-09 8.035152756249998407e-09 7.968291726190474746e-09 8.043079024107143316e-09 7.957262178273810624e-09 8.074840202976189088e-09 8.098348470535713460e-09 7.903039087202379957e-09 8.057316788988094258e-09 8.082456935119045683e-09 8.025250129166665714e-09 7.981260233630950858e-09 8.023772469940474775e-09 8.027234683928570617e-09 7.990499265476188850e-09 8.073552925000000210e-09 8.050010941369047242e-09 8.074591036309522954e-09 8.027922973214284812e-09 7.973691154166666687e-09 7.934355145238093261e-09 8.038117023511903974e-09 7.993544848214284128e-09 8.073971047619048194e-09 8.054431148511903550e-09 8.049244650595236732e-09 7.961199358630952201e-09 8.121249470238095015e-09 8.071840355952380750e-09 8.100565435119046086e-09 8.076710622916665506e-09 8.038959006547619495e-09 8.134894947619046783e-09 8.073081999999998571e-09 7.966485171130952406e-09 8.080904390476188848e-09 7.984199583035713128e-09 8.086824953273809973e-09
8.004375152976188943e-09 8.066027011011902687e-09 8.113867315008502129e-09 8.024954520620750202e-09 8.041307855994895903e-09 7.966319441113942870e-09 8.066708775212585184e-09 8.011438713392857098e-09 7.942249331037414007e-09 8.021653259311224850e-09 7.931606097704083769e-09 8.052283910629250433e-09 8.077074661734693472e-09 7.876436761139455963e-09 8.035126129719386081e-09 8.060667358163264337e-09 8.001353757142856210e-09 7.956234211181971897e-09 7.999357691454080347e-09 8.004291536054419315e-09 7.964995879081632184e-09 8.050010941369047242e-09 8.030726342091837891e-09 8.052525835331632281e-09 8.003724421003401090e-09 7.949037951785712804e-09 7.907964758588434239e-09 8.015787412542516968e-09 7.970465623681971583e-09 8.051605266794217173e-09 8.029575987244898388e-09 8.025295100935374675e-09 7.935523402551019386e-09 8.100770788647957510e-09 8.050060844175169152e-09 8.080566301318026696e-09 8.054829867559523572e-09 8.016732529931972858e-09 8.113583710841836806e-09 8.051684008928571078e-09 7.940968410884351490e-09 8.058512224617346254e-09 7.962499828698979339e-09 8.064489256632651688e-09
8.029840082738097280e-09 8.088347358630951481e-09 8.136854541581631824e-09 8.048964316709184044e-09 8.065843079634352259e-09 7.993378593027210640e-09 8.090092229124148841e-09 8.037142195238096677e-09 7.970204935459183471e-09 8.046756350637756364e-09 7.959101245875851519e-09 8.077307010374150557e-09 8.100377501403059753e-09 7.905279951105443557e-09 8.059430375722789456e-09 8.084035635034013488e-09 8.026999838988094036e-09 7.983900046513605070e-09 8.026131981292517274e-09 8.029782931122447261e-09 7.992690821683672749e-09 8.074591036309522954e-09 8.052525835331632281e-09 8.078516630017006851e-09 8.030007442049318291e-09 7.975612492559522278e-09 7.937012718282312096e-09 8.040668712074829486e-09 7.995902159013605495e-09 8.076088357057822485e-09 8.055809242134351846e-09 8.051523932312924231e-09 7.963072411989795856e-09 8.124048409353741192e-09 8.074590018664966077e-09 8.103007015986394021e-09 8.079849286904761607e-09 8.041154096513605930e-09 8.137778201998298210e-09 8.075935827380950516e-09 7.968469764073128796e-09 8.083453393409864557e-09 7.986381733843536008e-09 8.089063737840135773e-09
7.985183909523809255e-09 8.038787893154759756e-09 8.087571843920068012e-09 8.001199670748300272e-09 8.019591430314624737e-09 7.950759236862240769e-09 8.041709404251698578e-09 7.991780736607141982e-09 7.928948362414963868e-09 7.999447365391156616e-09 7.917558356164964694e-09 8.030580752168366734e-09 8.051227955527210397e-09 7.865918939455782054e-09 8.012469575637754195e-09 8.036401902848638665e-09 7.981838392857141267e-09 7.941227936139454415e-09 7.982073795748296919e-09 7.984294058588435137e-09 7.950092944132653134e-09 8.027922973214284812e-09 8.003724421003401090e-09 8.030007442049318291e-09 7.986820503401358082e-09 7.932496321130952976e-09 7.895761948852039820e-09 7.993486625850340874e-09 7.950851161139455251e-09 8.028855715051020048e-09 8.012384724064625664e-09 8.006542781207482192e-09 7.920682119770408912e-09 8.073977304209184065e-09 8.026800606420065355e-09 8.052982134693877554e-09 8.031745592857143565e-09 7.995041438222788324e-09 8.089540658503400117e-09 8.027418247321428535e-09 7.926372942687073126e-09 8.036919734013604235e-09 7.940432003146256595e-09 8.041555520153060249e-09
7.931736154166664839e-09 7.983304583333333617e-09 8.032430762202381013e-09 7.946316111607145919e-09 7.965208188095237186e-09 7.898123021428570520e-09 7.986412548809521162e-09 7.938145685416664981e-09 7.876898463690477602e-09 7.944632209523811371e-09 7.865116113690474646e-09 7.976329913392855520e-09 7.995842276785714062e-09 7.814592074702379834e-09 7.958573868154760877e-09 7.981784530952381257e-09 7.928240893749999265e-09 7.888209300297619359e-09 7.928942647023809262e-09 7.930390525595238872e-09 7.897954234226190273e-09 7.973691154166666687e-09 7.949037951785712804e-09 7.975612492559522278e-09 7.932496321130952976e-09 7.881014504166666788e-09 7.844011809821427509e-09 7.939249592261905009e-09 7.897123052380951569e-09 7.974548533035714590e-09 7.959607871428571734e-09 7.952060811011904963e-09 7.868612716964286342e-09 8.018754995238095114e-09 7.972474583035714391e-09 7.996961768452380111e-09 7.976233774999999415e-09 7.940754571130952553e-09 8.033559745535714962e-09 7.972765472916665152e-09 7.873381252380952068e-09 7.981925819642857277e-09 7.886481755952380919e-09 7.986349207440474706e-09
7.894030908035714884e-09 7.940895261607142579e-09 7.990700929421768005e-09 7.906644370705780828e-09 7.925644171513603734e-09 7.862720739668367064e-09 7.945606687627549395e-09 7.900567851785715317e-09 7.842093912372448297e-09 7.906102704336735338e-09 7.830594147789114579e-09 7.937276033460883990e-09 7.954667731207482084e-09 7.781810892517005622e-09 7.918935651998299422e-09 7.941188151147958964e-09 7.890773393452380606e-09 7.852649056292517474e-09 7.892208762372449787e-09 7.892800352465985866e-09 7.862212280782312380e-09 7.934355145238093261e-09 7.907964758588434239e-09 7.937012718282312096e-09 7.895761948852039820e-09 7.844011809821427509e-09 7.812456545153060612e-09 7.900037101275509045e-09 7.859745056292516309e-09 7.934774314243196928e-09 7.921678290263605835e-09 7.915155500977891272e-09 7.833769678613945301e-09 7.976716588605443016e-09 7.933404350255102155e-09 7.954948745790815489e-09 7.936587266369047511e-09 7.901799529209182583e-09 7.993743848171769269e-09 7.933134963690475871e-09 7.838500722363945782e-09 7.942566676020407501e-09 7.847819650552720212e-09 7.946964990646258558e-09
7.993888029464283613e-09 8.051974409226190589e-09 8.100457356292514239e-09 8.012277471853743666e-09 8.029285267474485978e-09 7.956769361819727513e-09 8.053475836479588656e-09 8.000470669047619468e-09 7.933893459353741878e-09 8.009642344472788645e-09 7.922531882270409817e-09 8.040452298979591434e-09 8.063461267006801727e-09 7.868738264030612034e-09 8.023135250680271063e-09 8.047648392899659388e-09 7.990718406547619065e-09 7.947072330909863289e-09 7.989493146853739601e-09 7.993341734438773672e-09 7.955985507908163217e-09 8.038117023511903974e-09 8.015787412542516968e-09 8.040668712074829486e-09 7.993486625850340874e-09 7.939249592261905009e-09 7.900037101275509045e-09 8.005116448129251084e-09 7.958922201743194150e-09 8.039589856887754600e-09 8.019869796641155238e-09 8.014964321343537369e-09 7.926761323171769590e-09 8.086709132823128695e-09 8.037975793792516869e-09 8.066583856590135595e-09 8.042543869047619289e-09 8.004655866326528486e-09 8.101016756292515543e-09 8.038895548809523989e-09 7.932257458588435644e-09 8.046618293920066934e-09 7.950156426828231978e-09 8.052335766496597186e-09
7.949990167857141369e-09 8.005823691071426436e-09 8.054329392431972017e-09 7.966728364200680803e-09 7.985154043707485215e-09 7.915155114838433891e-09 8.008142033715987888e-09 7.957092913690475618e-09 7.892722187117347583e-09 7.965011602593538034e-09 7.882028282950682404e-09 7.996432425382652315e-09 8.018205058205781642e-09 7.829435994217686748e-09 7.978579999744897465e-09 8.002728726360543920e-09 7.947204836607143428e-09 7.905726408460883324e-09 7.946883951700680218e-09 7.949578340731291161e-09 7.914562909013604855e-09 7.993544848214284128e-09 7.970465623681971583e-09 7.995902159013605495e-09 7.950851161139455251e-09 7.897123052380951569e-09 7.859745056292516309e-09 7.958922201743194150e-09 7.917131610544216470e-09 7.994667184396258069e-09 7.976885068707481806e-09 7.971952769600339927e-09 7.885032873341836330e-09 8.040680780399660740e-09 7.993005629931973143e-09 8.020000389455781637e-09 7.997716969940477232e-09 7.961145595960883066e-09 8.055080694515305410e-09 7.994113345238095798e-09 7.890720937925168676e-09 8.002112044727889527e-09 7.906355728741494521e-09 8.007340244855443090e-09
8.029037111309524895e-09 8.088107871428571859e-09 8.136763018877551213e-09 8.047688005144555659e-09 8.064894748256803006e-09 7.991938291709181838e-09 8.089827736522106535e-09 8.036230323809522665e-09 7.968811378061224151e-09 8.045138041751699444e-09 7.957896596811226332e-09 8.076083669855443264e-09 8.099907357270407198e-09 7.903411019175171581e-09 8.059249314540814059e-09 8.083998251615645928e-09 8.026174402976188774e-09 7.982263763562923633e-09 8.024372848894557639e-09 8.028657569982992334e-09 7.991125344557822885e-09 8.073971047619048194e-09 8.051605266794217173e-09 8.076088357057822485e-09 8.028855715051020048e-09 7.974548533035714590e-09 7.934774314243196928e-09 8.039589856887754600e-09 7.994667184396258069e-09 8.076530603996598620e-09 8.055547802423469709e-09 8.050620524447280211e-09 7.961412948681973124e-09 8.123590327636055212e-09 8.073249298044218085e-09 8.102533723937073416e-09 8.078578202976191169e-09 8.040371582312923577e-09 8.136858462627549688e-09 8.074771740178570634e-09 7.967353794515305916e-09 8.082118492176870433e-09 7.985872186734694901e-09 8.088179191156463421e-09
8.012005410714286123e-09 8.065220982142858746e-09 8.114414968494898052e-09 8.026687806377552019e-09 8.046072547236393394e-09 7.977420170748300334e-09 8.067664710289116505e-09 8.018508921130950285e-09 7.955735802210885422e-09 8.024302085246600091e-09 7.943816743877550084e-09 8.057126095705780635e-09 8.077119935459181752e-09 7.892502028316327978e-09 8.039193948001701880e-09 8.063247696768705312e-09 8.008415775297619002e-09 7.967461243707481667e-09 8.008531320960882715e-09 8.010342795450679028e-09 7.977332154634353890e-09 8.054431148511903550e-09 8.029575987244898388e-09 8.055809242134351846e-09 8.012384724064625664e-09 7.959607871428571734e-09 7.921678290263605835e-09 8.019869796641155238e-09 7.976885068707481806e-09 8.055547802423469709e-09 8.041271511819727234e-09 8.032910655272107108e-09 7.947872454719388959e-09 8.100145063477891132e-09 8.053126199744897408e-09 8.078717400042517077e-09 8.057434052380952547e-09 8.021087543707483331e-09 8.115504880994897448e-09 8.053451113392857390e-09 7.952671250552719176e-09 8.062695376062924664e-09 7.966448009863945700e-09 8.067368055187075321e-09
8.005804123214284018e-09 8.061555830059522116e-09 8.110386832185374672e-09 8.022214884948976912e-09 8.040661519855441888e-09 7.970490622534011681e-09 8.064284056717686617e-09 8.013097262797618058e-09 7.948598532865645947e-09 8.020631124234695588e-09 7.937043901615646822e-09 8.052042221301022553e-09 8.073474459566326010e-09 7.884466523256802780e-09 8.034220752465985284e-09 8.058561187542516360e-09 8.002849408630951965e-09 7.960954675850337677e-09 8.002346580782313762e-09 8.005210643069726670e-09 7.970116701062924151e-09 8.049244650595236732e-09 8.025295100935374675e-09 8.051523932312924231e-09 8.006542781207482192e-09 7.952060811011904963e-09 7.915155500977891272e-09 8.014964321343537369e-09 7.971952769600339927e-09 8.050620524447280211e-09 8.032910655272107108e-09 8.028736640391157222e-09 7.940337601445576251e-09 8.096193370025509688e-09 8.048516800935372165e-09 8.075782234566325058e-09 8.053698854464285141e-09 8.016392388350338775e-09 8.111499638435375059e-09 8.049609367559525369e-09 7.946481595195576326e-09 8.058119153741495925e-09 7.961540592304422341e-09 8.063830506675169712e-09
7.919995207440475619e-09 7.969279318154763001e-09 8.018350894217686989e-09 7.933424544557824370e-09 7.952232333886056249e-09 7.887396380017004230e-09 7.972891399192175198e-09 7.926407586607143715e-09 7.866108684141156647e-09 7.931250568367346623e-09 7.854441919557824288e-09 7.964113215858843087e-09 7.982009114158163517e-09 7.804330304336735243e-09 7.945094209566326834e-09 7.968586942729590246e-09 7.916789397023808842e-09 7.877391652508502897e-09 7.917256104974486788e-09 7.918282270493196161e-09 7.886953405739794476e-09 7.961199358630952201e-09 7.935523402551019386e-09 7.963072411989795856e-09 7.920682119770408912e-09 7.868612716964286342e-09 7.833769678613945301e-09 7.926761323171769590e-09 7.885032873341836330e-09 7.961412948681973124e-09 7.947872454719388959e-09 7.940337601445576251e-09 7.859335165306121495e-09 8.004378148554421489e-09 7.960142031717686784e-09 7.983118159991494626e-09 7.963209157440475947e-09 7.928102310841837534e-09 8.020529215051019394e-09 7.960077734821428271e-09 7.862419956972790330e-09 7.969155795620748795e-09 7.873861955527210660e-09 7.973574910629251962e-09
8.074464058035712131e-09 8.138424163690476258e-09 8.186885078231291858e-09 8.096176083801021025e-09 8.112251248894557450e-09 8.035584848299319113e-09 8.138783087032312334e-09 8.081735230952381326e-09 8.011215792134353489e-09 8.092994821598638776e-09 8.000591692134353308e-09 8.123286780782312790e-09 8.149456723767005707e-09 7.944658845493196378e-09 8.106918645450679454e-09 8.132743033290815060e-09 8.071933699702378556e-09 8.026261161649659272e-09 8.069075090051019116e-09 8.074500527763604993e-09 8.034831717687075068e-09 8.121249470238095015e-09 8.100770788647957510e-09 8.124048409353741192e-09 8.073977304209184065e-09 8.018754995238095114e-09 7.976716588605443016e-09 8.086709132823128695e-09 8.040680780399660740e-09 8.123590327636055212e-09 8.100145063477891132e-09 8.096193370025509688e-09 8.004378148554421489e-09 8.175101490391155355e-09 8.121354369897958699e-09 8.152822073767005631e-09 8.127303703869047760e-09 8.087672353316325868e-09 8.185614478231292146e-09 8.123554988690476551e-09 8.010672321471088610e-09 8.129878542091836539e-09 8.032875676445577057e-09 8.136372909991497033e-09
8.027021198809524793e-09 8.086356438095237187e-09 8.135223237925168720e-09 8.046189587287414146e-09 8.063406668494897133e-09 7.990430124447277213e-09 8.087848079379253137e-09 8.033573409226189589e-09 7.966444801870747874e-09 8.043531942644557416e-09 7.955911676870746502e-09 8.074693389795915895e-09 8.097369970068026298e-09 7.901281469472789787e-09 8.056930450552721206e-09 8.082453426913263998e-09 8.024936961309522349e-09 7.980542623681972726e-09 8.023359447704080513e-09 8.027169004804421122e-09 7.989292872831631959e-09 8.071840355952380750e-09 8.050060844175169152e-09 8.074590018664966077e-09 8.026800606420065355e-09 7.972474583035714391e-09 7.933404350255102155e-09 8.037975793792516869e-09 7.993005629931973143e-09 8.073249298044218085e-09 8.053126199744897408e-09 8.048516800935372165e-09 7.960142031717686784e-09 8.121354369897958699e-09 8.074246396258502443e-09 8.100333632568026595e-09 8.076350615476190179e-09 8.039072700765305915e-09 8.134970877508502913e-09 8.073706223511903179e-09 7.965058817134352619e-09 8.080229432950679046e-09 7.983963249532313328e-09 8.086092817049317602e-09
8.053764613392856408e-09 8.118199338095239937e-09 8.166086505484695079e-09 8.075534883715986431e-09 8.091577114625850038e-09 8.014185195578230898e-09 8.118934845450680028e-09 8.061173571726190042e-09 7.990019469132652322e-09 8.072067416156459692e-09 7.979286539965987524e-09 8.103004807950679431e-09 8.129342293877549368e-09 7.922815230782310402e-09 8.085990998171767912e-09 8.111867292389454461e-09 8.051047700892856186e-09 8.004716610289114552e-09 8.048306775382652200e-09 8.054080665518706278e-09 8.013209430569727704e-09 8.100565435119046086e-09 8.080566301318026696e-09 8.103007015986394021e-09 8.052982134693877554e-09 7.996961768452380111e-09 7.954948745790815489e-09 8.066583856590135595e-09 8.020000389455781637e-09 8.102533723937073416e-09 8.078717400042517077e-09 8.075782234566325058e-09 7.983118159991494626e-09 8.152822073767005631e-09 8.100333632568026595e-09 8.133975439710883856e-09 8.106494350892856617e-09 8.067140349872448364e-09 8.165606380484693817e-09 8.102690027678571993e-09 7.990159153741494435e-09 8.109446840688774619e-09 8.012414840008503516e-09 8.116016065561223442e-09
