3.430089778108083198e-08 3.457333749385228914e-08 3.465693479583561840e-08 3.452611799980285191e-08 3.450113797391273851e-08 3.419269577175559323e-08 3.457051019983559458e-08 3.429563732312371826e-08 3.408934847799368232e-08 3.447731606496082923e-08 3.409077048382770446e-08 3.449348972245029277e-08 3.466822073332350602e-08 3.391640664857023041e-08 3.448391181497677463e-08 3.460081132917619645e-08 3.432288272160570252e-08 3.425859376134624253e-08 3.430699275475743757e-08 3.439117158929293625e-08 3.417872040055350434e-08 3.442158395847779826e-08 3.455930162153015690e-08 3.447659789921015583e-08 3.433196845363348019e-08 3.415254883598359073e-08 3.405403550202351354e-08 3.436861007735490307e-08 3.426290525298010102e-08 3.453577280118005525e-08 3.430113073401914359e-08 3.441816079946424755e-08 3.407231142284055342e-08 3.469197641494392731e-08 3.455283090992586209e-08 3.466158597299826055e-08 3.455665389833094493e-08 3.443995015889832514e-08 3.465735811957376731e-08 3.453677692754611712e-08 3.413325810743457018e-08 3.449458546485294761e-08 3.437951808608625404e-08 3.453642428907719940e-08
3.457333749385228914e-08 3.485119903457249621e-08 3.493512291340875253e-08 3.480182231466785529e-08 3.477575140483919519e-08 3.446313355306412946e-08 3.484729769489684311e-08 3.456757831265746990e-08 3.435877134395535705e-08 3.475302691796332935e-08 3.435953487924020542e-08 3.476847502016904554e-08 3.494700312428391962e-08 3.418231730755815922e-08 3.475951114106156612e-08 3.487861944891015593e-08 3.459609210775633907e-08 3.452991270174457268e-08 3.457840071561660154e-08 3.466545597472190260e-08 3.444879245360330180e-08 3.469671165936987962e-08 3.483605406863058554e-08 3.475155760198226590e-08 3.460361266382221431e-08 3.442302934978673814e-08 3.432124905397872640e-08 3.464345107390388546e-08 3.453506430646821840e-08 3.481254512644880332e-08 3.457403813665332221e-08 3.469195461016905998e-08 3.434132032349638041e-08 3.497232842089163342e-08 3.482928106889252542e-08 3.494065113411993762e-08 3.483297311065406775e-08 3.471459547909979812e-08 3.493496210856835135e-08 3.481236722139924738e-08 3.440271281355810717e-08 3.477064184255898095e-08 3.465386353386958680e-08 3.481206153249303657e-08
3.465693479583561840e-08 3.493512291340875253e-08 3.502134290170666370e-08 3.488646614052535519e-08 3.486043930625835443e-08 3.454668039523663969e-08 3.493205327426018099e-08 3.465110359532288622e-08 3.444221140528202089e-08 3.483791148020082382e-08 3.444259345101062583e-08 3.485286949963570725e-08 3.503227022774225046e-08 3.426541061416397705e-08 3.484385319977992071e-08 3.496352296438763604e-08 3.467962199057467608e-08 3.461378596681541243e-08 3.466179341805742550e-08 3.474867896629899682e-08 3.453249284326581367e-08 3.478159992905321343e-08 3.492078139966392508e-08 3.483627212368642018e-08 3.468810372041264133e-08 3.450611538749965169e-08 3.440467266151206291e-08 3.472774495200594172e-08 3.461920024343697595e-08 3.489761157050296549e-08 3.465773679365499583e-08 3.477612133908026762e-08 3.442488812775596401e-08 3.505701221228413645e-08 3.491403915440126184e-08 3.502626342967660005e-08 3.491806717451740783e-08 3.479865884007063053e-08 3.502056614737211956e-08 3.489716975277008072e-08 3.448575447672645098e-08 3.485581534627941219e-08 3.473798047702457394e-08 3.489702364486303287e-08
3.452611799980285191e-08 3.480182231466785529e-08 3.488646614052535519e-08 3.475584987598373782e-08 3.472868616986574615e-08 3.441690188272520301e-08 3.479923278327937198e-08 3.452194077855246802e-08 3.431291092382111816e-08 3.470506612493285318e-08 3.431395842474618540e-08 3.472166939070331246e-08 3.489858675874591642e-08 3.413788829872835886e-08 3.471184347366322589e-08 3.483086474127290216e-08 3.454925443289997288e-08 3.448373518869475175e-08 3.453205987282910742e-08 3.461786476652605461e-08 3.440303954124735275e-08 3.464925400672664234e-08 3.478824671311924113e-08 3.470408827809687044e-08 3.455715689839801095e-08 3.437652947856076689e-08 3.427654120007448842e-08 3.459642326330381147e-08 3.448898211697461429e-08 3.476467686887899558e-08 3.452755638134998961e-08 3.464532183656795772e-08 3.429571323714122949e-08 3.492251269316389118e-08 3.478191822324152240e-08 3.489193913762624028e-08 3.478485255845226578e-08 3.466731029392511277e-08 3.488667547824039272e-08 3.476498833567057758e-08 3.435699921369725823e-08 3.472316135057906311e-08 3.460734615292130128e-08 3.476455243327333042e-08
3.450113797391273851e-08 3.477575140483919519e-08 3.486043930625835443e-08 3.472868616986574615e-08 3.470376900620664724e-08 3.439201596764953500e-08 3.477313268185037097e-08 3.449640654077694582e-08 3.428870147604205623e-08 3.467985409196939808e-08 3.428923100610460719e-08 3.469596219121023950e-08 3.487169874521543044e-08 3.411423335631618346e-08 3.468582637508563225e-08 3.480380270549658222e-08 3.452393284121317261e-08 3.445898033666136247e-08 3.450735744623724954e-08 3.459270526989736010e-08 3.437889901345721335e-08 3.462360984405523997e-08 3.476194964806459442e-08 3.467894186128913389e-08 3.453266328163088861e-08 3.435174269887761305e-08 3.425268870335530340e-08 3.457071524667471910e-08 3.446331150370230226e-08 3.473798243399203845e-08 3.450194454586083606e-08 3.461965149333980117e-08 3.427138742940595053e-08 3.489546695403726831e-08 3.475575010442669187e-08 3.486553170242116487e-08 3.475963035037862243e-08 3.464160293477535546e-08 3.486080098934078821e-08 3.473931911549953005e-08 3.433219154879219388e-08 3.469756217183602230e-08 3.458098322533600452e-08 3.473885134601225062e-08
3.419269577175559323e-08 3.446313355306412946e-08 3.454668039523663969e-08 3.441690188272520301e-08 3.439201596764953500e-08 3.408726111235426831e-08 3.446059543568760249e-08 3.418820811414186023e-08 3.398387193473554959e-08 3.436908324198725938e-08 3.398549977748455410e-08 3.438422034889331702e-08 3.455792319630004046e-08 3.381246698688084792e-08 3.437511546109828857e-08 3.449156687403021270e-08 3.421528880955625721e-08 3.415159376358697333e-08 3.419950441206455102e-08 3.428289822748176624e-08 3.407206233467574940e-08 3.431289781782166068e-08 3.444968778671587361e-08 3.436765162560051391e-08 3.422502400492923358e-08 3.404617005873144529e-08 3.394935526329766954e-08 3.425989319895921101e-08 3.415631500379459784e-08 3.442556957048116828e-08 3.419384198702082573e-08 3.430958912092042395e-08 3.396672134537165848e-08 3.458063016479652489e-08 3.444225080781241534e-08 3.455098511759226852e-08 3.444669663565946165e-08 3.433174337313963257e-08 3.454674691636706409e-08 3.442689969082487687e-08 3.402681870594446168e-08 3.438584031471349306e-08 3.427085312601898018e-08 3.442660415092001663e-08
3.457051019983559458e-08 3.484729769489684311e-08 3.493205327426018099e-08 3.479923278327937198e-08 3.477313268185037097e-08 3.446059543568760249e-08 3.484545074046009879e-08 3.456537839882039446e-08 3.435670076080639433e-08 3.474968483006559552e-08 3.435768541733600957e-08 3.476652113927040035e-08 3.494401118624378329e-08 3.418004034164084473e-08 3.475683230937495665e-08 3.487538544410355639e-08 3.459402461400540838e-08 3.452742611013404172e-08 3.457622179083663142e-08 3.466284392648531634e-08 3.444596695730534626e-08 3.469419582899790732e-08 3.483311848447962144e-08 3.474915880407508875e-08 3.460136654797275583e-08 3.442034193903830723e-08 3.431944806077057236e-08 3.464086228499356701e-08 3.453295795648189771e-08 3.480960788369159600e-08 3.457170896633416268e-08 3.468937886711939576e-08 3.433895695088894055e-08 3.496879442408985621e-08 3.482690568254221701e-08 3.493741246929436537e-08 3.483045849423944518e-08 3.471168570128463876e-08 3.493166693468353031e-08 3.480965507464362495e-08 3.440057698621237384e-08 3.476779797413828997e-08 3.465195106307023782e-08 3.480964112794125625e-08
3.429563732312371826e-08 3.456757831265746990e-08 3.465110359532288622e-08 3.452194077855246802e-08 3.449640654077694582e-08 3.418820811414186023e-08 3.456537839882039446e-08 3.429239516978028034e-08 3.408572510433282004e-08 3.447214508708475678e-08 3.408656280847309460e-08 3.448933963072367937e-08 3.466269234267742776e-08 3.391348303102388445e-08 3.447872140406855842e-08 3.459551552615308553e-08 3.431886805047972464e-08 3.425429930440321607e-08 3.430232374648723014e-08 3.438654663763897429e-08 3.417472955265334620e-08 3.441673653030785145e-08 3.455397029486573796e-08 3.447204331236207014e-08 3.432781044969002370e-08 3.414778653867457366e-08 3.405086100073234965e-08 3.436391788821008339e-08 3.425888980555246362e-08 3.452981794831806673e-08 3.429651065812834291e-08 3.441333503071163731e-08 3.406823371569247759e-08 3.468559759728245474e-08 3.454817884110274044e-08 3.465565759400246358e-08 3.455126235606641315e-08 3.443504038144442968e-08 3.465154746127115677e-08 3.453145745390627876e-08 3.412867904784592756e-08 3.448982423285403237e-08 3.437499809093358713e-08 3.453113662928424560e-08
3.408934847799368232e-08 3.435877134395535705e-08 3.444221140528202089e-08 3.431291092382111816e-08 3.428870147604205623e-08 3.398387193473554959e-08 3.435670076080639433e-08 3.408572510433282004e-08 3.388224496322016243e-08 3.426514230364202344e-08 3.388284328946118736e-08 3.428111933284974528e-08 3.445325135922627073e-08 3.371139154370967342e-08 3.427102150643262119e-08 3.438638683750944311e-08 3.411233865002724162e-08 3.404874357609141677e-08 3.409616022663814510e-08 3.417970243356819042e-08 3.396996864363768726e-08 3.420946505363223840e-08 3.434534570585045013e-08 3.426462919132138350e-08 3.412226661550625004e-08 3.394309523908088143e-08 3.384767344187567923e-08 3.415688799885323329e-08 3.405312247219521865e-08 3.432066909468079073e-08 3.409048626669167082e-08 3.420605498918771347e-08 3.386463780109778730e-08 3.447543889513258997e-08 3.433865803307532383e-08 3.444618883235279748e-08 3.434268651755333462e-08 3.422802260830929173e-08 3.444225099988919311e-08 3.432297719150449946e-08 3.392387111434892689e-08 3.428208783107788407e-08 3.416731897555380521e-08 3.432253461813440257e-08
3.447731606496082923e-08 3.475302691796332935e-08 3.483791148020082382e-08 3.470506612493285318e-08 3.467985409196939808e-08 3.436908324198725938e-08 3.474968483006559552e-08 3.447214508708475678e-08 3.426514230364202344e-08 3.465907942868499743e-08 3.426597959971499727e-08 3.467168092417320882e-08 3.484946944839224693e-08 3.408980014700355926e-08 3.466350938275177977e-08 3.478252090409285889e-08 3.450122689266988299e-08 3.443552155676831632e-08 3.448344364253035239e-08 3.456969955824649162e-08 3.435525473526643419e-08 3.460054248183320926e-08 3.473915017001892057e-08 3.465574500175559908e-08 3.450898992828034224e-08 3.432856302881296941e-08 3.422912884473392390e-08 3.454763228442262699e-08 3.444037146455488094e-08 3.471459607206547093e-08 3.447894446056001292e-08 3.459643190699570923e-08 3.424769497852535442e-08 3.487340431881144254e-08 3.473175377326148648e-08 3.484312929405202835e-08 3.473661933789761200e-08 3.461833004043500239e-08 3.483740930190940018e-08 3.471511834849404557e-08 3.430824156121749419e-08 3.467500904444273748e-08 3.455774664307833490e-08 3.471445049629511961e-08
3.409077048382770446e-08 3.435953487924020542e-08 3.444259345101062583e-08 3.431395842474618540e-08 3.428923100610460719e-08 3.398549977748455410e-08 3.435768541733600957e-08 3.408656280847309460e-08 3.388284328946118736e-08 3.426597959971499727e-08 3.388535440645458544e-08 3.428163215745446224e-08 3.445417027090685848e-08 3.371245665816482044e-08 3.427244349104950032e-08 3.438773077191806871e-08 3.411358294847008861e-08 3.405013716213167278e-08 3.409818343037785816e-08 3.418070290487836027e-08 3.397082583368163084e-08 3.421016653225697513e-08 3.434637967904685226e-08 3.426499549630184720e-08 3.412329050104953555e-08 3.394498877487443550e-08 3.384964762306621811e-08 3.415726505460907554e-08 3.405445022011551345e-08 3.432202160571755328e-08 3.409165594803249846e-08 3.420748745197301160e-08 3.386568455258909997e-08 3.447615586551622219e-08 3.433959479585731239e-08 3.444617504279536928e-08 3.434359979401366859e-08 3.422893556139938607e-08 3.444284403508189711e-08 3.432381264844509650e-08 3.392607415099479238e-08 3.428262011151210717e-08 3.416868644216999757e-08 3.432340843858513026e-08
3.449348972245029277e-08 3.476847502016904554e-08 3.485286949963570725e-08 3.472166939070331246e-08 3.469596219121023950e-08 3.438422034889331702e-08 3.476652113927040035e-08 3.448933963072367937e-08 3.428111933284974528e-08 3.467168092417320882e-08 3.428163215745446224e-08 3.468967316549829333e-08 3.486454090694598359e-08 3.410606507346589259e-08 3.467836121040022512e-08 3.479668321777623256e-08 3.451688838540453852e-08 3.445099428530119747e-08 3.449946596552236404e-08 3.458571287734833947e-08 3.437022303664510467e-08 3.461627639948995961e-08 3.475471929956266701e-08 3.467146495747457116e-08 3.452475207284646150e-08 3.434425441012823241e-08 3.424439117420939962e-08 3.456353336969515084e-08 3.445612669967925243e-08 3.473078564235799309e-08 3.449397905424585040e-08 3.461209611430009167e-08 3.426322224573038421e-08 3.488872992237904113e-08 3.474852675213971725e-08 3.485859709313664781e-08 3.475205463725080169e-08 3.463442701838898413e-08 3.485335708304537245e-08 3.473187935971408156e-08 3.432494844198659742e-08 3.469031917761233434e-08 3.457415364100179292e-08 3.473154950368920228e-08
3.466822073332350602e-08 3.494700312428391962e-08 3.503227022774225046e-08 3.489858675874591642e-08 3.487169874521543044e-08 3.455792319630004046e-08 3.494401118624378329e-08 3.466269234267742776e-08 3.445325135922627073e-08 3.484946944839224693e-08 3.445417027090685848e-08 3.486454090694598359e-08 3.504585149837415228e-08 3.427558405814131600e-08 3.485623101071976650e-08 3.497604575161883433e-08 3.469173195268975343e-08 3.462452401518988270e-08 3.467304030515900650e-08 3.476102215737912174e-08 3.454328802297860709e-08 3.479273688899599955e-08 3.493269305038248315e-08 3.484817301950628964e-08 3.469828076816347350e-08 3.451692581042967896e-08 3.441497739468217847e-08 3.474016359358673431e-08 3.463103010542873892e-08 3.490942912121003050e-08 3.467014953261250069e-08 3.478813907317457565e-08 3.443570183063549990e-08 3.506951841534646456e-08 3.492655964535977660e-08 3.503811219977925380e-08 3.492985491835012591e-08 3.481088399756338656e-08 3.503165852563567478e-08 3.490880715392962971e-08 3.449712625702946275e-08 3.486717093534252287e-08 3.475072462557023675e-08 3.490828933725400312e-08
3.391640664857023041e-08 3.418231730755815922e-08 3.426541061416397705e-08 3.413788829872835886e-08 3.411423335631618346e-08 3.381246698688084792e-08 3.418004034164084473e-08 3.391348303102388445e-08 3.371139154370967342e-08 3.408980014700355926e-08 3.371245665816482044e-08 3.410606507346589259e-08 3.427558405814131600e-08 3.354475146902985376e-08 3.409555263026540310e-08 3.420925907410086287e-08 3.393851669497089423e-08 3.387715911399761217e-08 3.392357809662360697e-08 3.400472020835956592e-08 3.379935720818060961e-08 3.403476308133256740e-08 3.416930693356215190e-08 3.408996772738417895e-08 3.395063133237413592e-08 3.377152223258644554e-08 3.367959965233953487e-08 3.398198221589510639e-08 3.388069688559357275e-08 3.414461436160484538e-08 3.391705048184249530e-08 3.403219097223774865e-08 3.369460058335127629e-08 3.429623880209024723e-08 3.416285532587765207e-08 3.426797521291336626e-08 3.416647028008837866e-08 3.405357054843452064e-08 3.426616554994134917e-08 3.414775532948851788e-08 3.375280691953594560e-08 3.410662015178242149e-08 3.399264362366975761e-08 3.414732019989493563e-08
3.448391181497677463e-08 3.475951114106156612e-08 3.484385319977992071e-08 3.471184347366322589e-08 3.468582637508563225e-08 3.437511546109828857e-08 3.475683230937495665e-08 3.447872140406855842e-08 3.427102150643262119e-08 3.466350938275177977e-08 3.427244349104950032e-08 3.467836121040022512e-08 3.485623101071976650e-08 3.409555263026540310e-08 3.467002051749627320e-08 3.478827895719406487e-08 3.450745503680728932e-08 3.444132198521755510e-08 3.448980024369209583e-08 3.457595137074108560e-08 3.436078450053524366e-08 3.460669154489604108e-08 3.474555896214476810e-08 3.466198506944536745e-08 3.451485406095945390e-08 3.433454392621750401e-08 3.423474261660845908e-08 3.455390526406570999e-08 3.444672112151404736e-08 3.472152052745837211e-08 3.448567386303832984e-08 3.460280675565821582e-08 3.425365767510593522e-08 3.488018570452672932e-08 3.473875464945889778e-08 3.484894616609198995e-08 3.474267566706984685e-08 3.462480170551309129e-08 3.484341067731990531e-08 3.472185600877402247e-08 3.431475288958089475e-08 3.468029788717585254e-08 3.456493073741529971e-08 3.472140848919395389e-08
3.460081132917619645e-08 3.487861944891015593e-08 3.496352296438763604e-08 3.483086474127290216e-08 3.480380270549658222e-08 3.449156687403021270e-08 3.487538544410355639e-08 3.459551552615308553e-08 3.438638683750944311e-08 3.478252090409285889e-08 3.438773077191806871e-08 3.479668321777623256e-08 3.497604575161883433e-08 3.420925907410086287e-08 3.478827895719406487e-08 3.490921495010457546e-08 3.462477280799414581e-08 3.455802412746934488e-08 3.460660159369284595e-08 3.469364948570334641e-08 3.447625005129859575e-08 3.472479657378872387e-08 3.486479037530633024e-08 3.477960075593729601e-08 3.463116045771031914e-08 3.445091836025140636e-08 3.434879720961408230e-08 3.467180877595278721e-08 3.456382252028233859e-08 3.484095625677691297e-08 3.460246099928667166e-08 3.472031512810482656e-08 3.436890817640312001e-08 3.500093163459639394e-08 3.485727980398839913e-08 3.496981552594832549e-08 3.486163239930727929e-08 3.474284658171428207e-08 3.496303491866560152e-08 3.484021587161433176e-08 3.443103834011017621e-08 3.479964471882928913e-08 3.468282509732339155e-08 3.483973997102209906e-08
3.432288272160570252e-08 3.459609210775633907e-08 3.467962199057467608e-08 3.454925443289997288e-08 3.452393284121317261e-08 3.421528880955625721e-08 3.459402461400540838e-08 3.431886805047972464e-08 3.411233865002724162e-08 3.450122689266988299e-08 3.411358294847008861e-08 3.451688838540453852e-08 3.469173195268975343e-08 3.393851669497089423e-08 3.450745503680728932e-08 3.462477280799414581e-08 3.434758359993079860e-08 3.428151437097493996e-08 3.432953070941778014e-08 3.441498620386146409e-08 3.420148821803011184e-08 3.444462490115121334e-08 3.458245985347391380e-08 3.450014435254582378e-08 3.435470083947918278e-08 3.417496928187718591e-08 3.407701478967189510e-08 3.439189799581910668e-08 3.428644669724196333e-08 3.455768931905173574e-08 3.432454004983917072e-08 3.444116662275862452e-08 3.409456499464518232e-08 3.471521808278279328e-08 3.457594439059283242e-08 3.468455524801123007e-08 3.457984413893872088e-08 3.446262650167940562e-08 3.467945335891682218e-08 3.455885422588907413e-08 3.415560577498993775e-08 3.451822839524003728e-08 3.440317441189552864e-08 3.455838089312294758e-08
3.425859376134624253e-08 3.452991270174457268e-08 3.461378596681541243e-08 3.448373518869475175e-08 3.445898033666136247e-08 3.415159376358697333e-08 3.452742611013404172e-08 3.425429930440321607e-08 3.404874357609141677e-08 3.443552155676831632e-08 3.405013716213167278e-08 3.445099428530119747e-08 3.462452401518988270e-08 3.387715911399761217e-08 3.444132198521755510e-08 3.455802412746934488e-08 3.428151437097493996e-08 3.421802528143500206e-08 3.426552793608392513e-08 3.434892849819886792e-08 3.413817909222029376e-08 3.437940554414868886e-08 3.451656234594154678e-08 3.443440623269904149e-08 3.429116999412559530e-08 3.411119007801981554e-08 3.401469852216696012e-08 3.432607843388839621e-08 3.422167974350576859e-08 3.449223237561606886e-08 3.425948670324749509e-08 3.437602259140493186e-08 3.403180056422475870e-08 3.464768470628612668e-08 3.450976743987011673e-08 3.461790066689726335e-08 3.451372121642589223e-08 3.439741371221624807e-08 3.461421769379928178e-08 3.449365782517410157e-08 3.409205191447791080e-08 3.445252459315553856e-08 3.433718563276583303e-08 3.449335321783380555e-08
3.430699275475743757e-08 3.457840071561660154e-08 3.466179341805742550e-08 3.453205987282910742e-08 3.450735744623724954e-08 3.419950441206455102e-08 3.457622179083663142e-08 3.430232374648723014e-08 3.409616022663814510e-08 3.448344364253035239e-08 3.409818343037785816e-08 3.449946596552236404e-08 3.467304030515900650e-08 3.392357809662360697e-08 3.448980024369209583e-08 3.460660159369284595e-08 3.432953070941778014e-08 3.426552793608392513e-08 3.431474783118445985e-08 3.439739086378503431e-08 3.418536831689085737e-08 3.442744048299319734e-08 3.456475894273817535e-08 3.448224455186080072e-08 3.433867979054087981e-08 3.415924046740500810e-08 3.406190060136049600e-08 3.437410667759102197e-08 3.426922732721075013e-08 3.454107855767363787e-08 3.430747430227666714e-08 3.442418180634908712e-08 3.407914959500409877e-08 3.469650540939407922e-08 3.455870778405508929e-08 3.466617855287826166e-08 3.456276998145197957e-08 3.444553151069969777e-08 3.466230291141229516e-08 3.454244517573754410e-08 3.414033108872100653e-08 3.450046902104473724e-08 3.438557741172880760e-08 3.454233153357680028e-08
3.439117158929293625e-08 3.466545597472190260e-08 3.474867896629899682e-08 3.461786476652605461e-08 3.459270526989736010e-08 3.428289822748176624e-08 3.466284392648531634e-08 3.438654663763897429e-08 3.417970243356819042e-08 3.456969955824649162e-08 3.418070290487836027e-08 3.458571287734833947e-08 3.476102215737912174e-08 3.400472020835956592e-08 3.457595137074108560e-08 3.469364948570334641e-08 3.441498620386146409e-08 3.434892849819886792e-08 3.439739086378503431e-08 3.448451925794301560e-08 3.426882789547195087e-08 3.451312748929334343e-08 3.465148335701787124e-08 3.456843320431114759e-08 3.442210152075868615e-08 3.424297645998169524e-08 3.414301935560337651e-08 3.446101953398766480e-08 3.435390869538101696e-08 3.462654222641049982e-08 3.439252729409291682e-08 3.450942964657726922e-08 3.416183394591417209e-08 3.478536535729618295e-08 3.464413072971423611e-08 3.475475117967896090e-08 3.464839649754614816e-08 3.453218658030973087e-08 3.474886673735709562e-08 3.462812406466783276e-08 3.422325428207532845e-08 3.458725563829504713e-08 3.447135103101142549e-08 3.462725884800915851e-08
3.417872040055350434e-08 3.444879245360330180e-08 3.453249284326581367e-08 3.440303954124735275e-08 3.437889901345721335e-08 3.407206233467574940e-08 3.444596695730534626e-08 3.417472955265334620e-08 3.396996864363768726e-08 3.435525473526643419e-08 3.397082583368163084e-08 3.437022303664510467e-08 3.454328802297860709e-08 3.379935720818060961e-08 3.436078450053524366e-08 3.447625005129859575e-08 3.420148821803011184e-08 3.413817909222029376e-08 3.418536831689085737e-08 3.426882789547195087e-08 3.406020044115224171e-08 3.429880825226928154e-08 3.443545210509860613e-08 3.435436111257909314e-08 3.421145788991095067e-08 3.403176474575844634e-08 3.393649083794914520e-08 3.424621014394908222e-08 3.414170406989222273e-08 3.441064424710735219e-08 3.417994747342416970e-08 3.429612361744472747e-08 3.395306486472505040e-08 3.456542260258718061e-08 3.442902162445968809e-08 3.453610557846276417e-08 3.443278156811559989e-08 3.431705985818755503e-08 3.453288464201891085e-08 3.441313201712457187e-08 3.401229021000821403e-08 3.437175815304242307e-08 3.425657525376648559e-08 3.441230677667905469e-08
3.442158395847779826e-08 3.469671165936987962e-08 3.478159992905321343e-08 3.464925400672664234e-08 3.462360984405523997e-08 3.431289781782166068e-08 3.469419582899790732e-08 3.441673653030785145e-08 3.420946505363223840e-08 3.460054248183320926e-08 3.421016653225697513e-08 3.461627639948995961e-08 3.479273688899599955e-08 3.403476308133256740e-08 3.460669154489604108e-08 3.472479657378872387e-08 3.444462490115121334e-08 3.437940554414868886e-08 3.442744048299319734e-08 3.451312748929334343e-08 3.429880825226928154e-08 3.454492590028329662e-08 3.468271857725599399e-08 3.459932156650040373e-08 3.445320300765063259e-08 3.427258400685072802e-08 3.417315480437189510e-08 3.449150166740348259e-08 3.438449379893175311e-08 3.465913780219132100e-08 3.442268134375999440e-08 3.453982795529758642e-08 3.419210534704206074e-08 3.481680029283153458e-08 3.467619828706220796e-08 3.478638859432497792e-08 3.468004066416330151e-08 3.456219643094481857e-08 3.478124146877202749e-08 3.465958261367240544e-08 3.425259794935826910e-08 3.461848726560149986e-08 3.450188534671761749e-08 3.465942625457836255e-08
3.455930162153015690e-08 3.483605406863058554e-08 3.492078139966392508e-08 3.478824671311924113e-08 3.476194964806459442e-08 3.444968778671587361e-08 3.483311848447962144e-08 3.455397029486573796e-08 3.434534570585045013e-08 3.473915017001892057e-08 3.434637967904685226e-08 3.475471929956266701e-08 3.493269305038248315e-08 3.416930693356215190e-08 3.474555896214476810e-08 3.486479037530633024e-08 3.458245985347391380e-08 3.451656234594154678e-08 3.456475894273817535e-08 3.465148335701787124e-08 3.443545210509860613e-08 3.468271857725599399e-08 3.482218440862581125e-08 3.473767529249461360e-08 3.458999822281764167e-08 3.440941734937717317e-08 3.430829056930301170e-08 3.462964823912839923e-08 3.452178873365206991e-08 3.479837563077253386e-08 3.456059960735583164e-08 3.467827428103040034e-08 3.432801874194716837e-08 3.495742868126563890e-08 3.481504085428852949e-08 3.492648124029258214e-08 3.481890332990428603e-08 3.470064756616922715e-08 3.492074376736233150e-08 3.479834394045046910e-08 3.438960128683446022e-08 3.475681444731084515e-08 3.464046021831940585e-08 3.479796847775982966e-08
3.447659789921015583e-08 3.475155760198226590e-08 3.483627212368642018e-08 3.470408827809687044e-08 3.467894186128913389e-08 3.436765162560051391e-08 3.474915880407508875e-08 3.447204331236207014e-08 3.426462919132138350e-08 3.465574500175559908e-08 3.426499549630184720e-08 3.467146495747457116e-08 3.484817301950628964e-08 3.408996772738417895e-08 3.466198506944536745e-08 3.477960075593729601e-08 3.450014435254582378e-08 3.443440623269904149e-08 3.448224455186080072e-08 3.456843320431114759e-08 3.435436111257909314e-08 3.459932156650040373e-08 3.473767529249461360e-08 3.465533986348677450e-08 3.450831880759025835e-08 3.432691455304122414e-08 3.422839952442266025e-08 3.454666755811649534e-08 3.443948396466897560e-08 3.471337224168324977e-08 3.447809744861749488e-08 3.459540568800814929e-08 3.424708304773061647e-08 3.487152919808194517e-08 3.473147197727846694e-08 3.484115112967104232e-08 3.473519174541738674e-08 3.461738025740590138e-08 3.483609498540019823e-08 3.471452164375403931e-08 3.430741048239445750e-08 3.467284701120703640e-08 3.455728303205523783e-08 3.471407014923042827e-08
3.433196845363348019e-08 3.460361266382221431e-08 3.468810372041264133e-08 3.455715689839801095e-08 3.453266328163088861e-08 3.422502400492923358e-08 3.460136654797275583e-08 3.432781044969002370e-08 3.412226661550625004e-08 3.450898992828034224e-08 3.412329050104953555e-08 3.452475207284646150e-08 3.469828076816347350e-08 3.395063133237413592e-08 3.451485406095945390e-08 3.463116045771031914e-08 3.435470083947918278e-08 3.429116999412559530e-08 3.433867979054087981e-08 3.442210152075868615e-08 3.421145788991095067e-08 3.445320300765063259e-08 3.458999822281764167e-08 3.450831880759025835e-08 3.436526047162939475e-08 3.418431433365878266e-08 3.408834311205350624e-08 3.439943557429087823e-08 3.429509702880048823e-08 3.456575110323345400e-08 3.433259395722749975e-08 3.444945635623297997e-08 3.410512469692301886e-08 3.472120379301874036e-08 3.458342735359354633e-08 3.469152755807385982e-08 3.458740537067099862e-08 3.447099437923824603e-08 3.468815831042116066e-08 3.456741602406060749e-08 3.416484324630413290e-08 3.452605398878798198e-08 3.441034579111880939e-08 3.456729943543561069e-08
3.415254883598359073e-08 3.442302934978673814e-08 3.450611538749965169e-08 3.437652947856076689e-08 3.435174269887761305e-08 3.404617005873144529e-08 3.442034193903830723e-08 3.414778653867457366e-08 3.394309523908088143e-08 3.432856302881296941e-08 3.394498877487443550e-08 3.434425441012823241e-08 3.451692581042967896e-08 3.377152223258644554e-08 3.433454392621750401e-08 3.445091836025140636e-08 3.417496928187718591e-08 3.411119007801981554e-08 3.415924046740500810e-08 3.424297645998169524e-08 3.403176474575844634e-08 3.427258400685072802e-08 3.440941734937717317e-08 3.432691455304122414e-08 3.418431433365878266e-08 3.400647942509968812e-08 3.390883931955006255e-08 3.421957884041462473e-08 3.411535603701733735e-08 3.438517025726564550e-08 3.415271773146332917e-08 3.426932181249733654e-08 3.392579524190223988e-08 3.454048114192357454e-08 3.440202989398516664e-08 3.451051871279286522e-08 3.440640002929679736e-08 3.429111408801550035e-08 3.450658722646506135e-08 3.438666282242034721e-08 3.398673611705252233e-08 3.434571756568365586e-08 3.423023166432077415e-08 3.438615407037801258e-08
3.405403550202351354e-08 3.432124905397872640e-08 3.440467266151206291e-08 3.427654120007448842e-08 3.425268870335530340e-08 3.394935526329766954e-08 3.431944806077057236e-08 3.405086100073234965e-08 3.384767344187567923e-08 3.422912884473392390e-08 3.384964762306621811e-08 3.424439117420939962e-08 3.441497739468217847e-08 3.367959965233953487e-08 3.423474261660845908e-08 3.434879720961408230e-08 3.407701478967189510e-08 3.401469852216696012e-08 3.406190060136049600e-08 3.414301935560337651e-08 3.393649083794914520e-08 3.417315480437189510e-08 3.430829056930301170e-08 3.422839952442266025e-08 3.408834311205350624e-08 3.390883931955006255e-08 3.381678308834438296e-08 3.411986458730771122e-08 3.401805345992858134e-08 3.428334387395854654e-08 3.405490397047083538e-08 3.417077333774108582e-08 3.383078277218177429e-08 3.443592832587325674e-08 3.430211940594444419e-08 3.440675149687240713e-08 3.430590658108464548e-08 3.419121765634256183e-08 3.440504991382659234e-08 3.428624807223469817e-08 3.388971107928987895e-08 3.424514897697093882e-08 3.413107919352231732e-08 3.428585181342810182e-08
3.436861007735490307e-08 3.464345107390388546e-08 3.472774495200594172e-08 3.459642326330381147e-08 3.457071524667471910e-08 3.425989319895921101e-08 3.464086228499356701e-08 3.436391788821008339e-08 3.415688799885323329e-08 3.454763228442262699e-08 3.415726505460907554e-08 3.456353336969515084e-08 3.474016359358673431e-08 3.398198221589510639e-08 3.455390526406570999e-08 3.467180877595278721e-08 3.439189799581910668e-08 3.432607843388839621e-08 3.437410667759102197e-08 3.446101953398766480e-08 3.424621014394908222e-08 3.449150166740348259e-08 3.462964823912839923e-08 3.454666755811649534e-08 3.439943557429087823e-08 3.421957884041462473e-08 3.411986458730771122e-08 3.443978637298639291e-08 3.433160627199128516e-08 3.460546046168069341e-08 3.437046903877500112e-08 3.448741806933711513e-08 3.413941381325695408e-08 3.476372403628598901e-08 3.462293400147233901e-08 3.473360158426008033e-08 3.462665010604427386e-08 3.451002825073288125e-08 3.472773752875001782e-08 3.460664199072416717e-08 3.419985686250192842e-08 3.456536589222992986e-08 3.444954933645446274e-08 3.460581955649026112e-08
3.426290525298010102e-08 3.453506430646821840e-08 3.461920024343697595e-08 3.448898211697461429e-08 3.446331150370230226e-08 3.415631500379459784e-08 3.453295795648189771e-08 3.425888980555246362e-08 3.405312247219521865e-08 3.444037146455488094e-08 3.405445022011551345e-08 3.445612669967925243e-08 3.463103010542873892e-08 3.388069688559357275e-08 3.444672112151404736e-08 3.456382252028233859e-08 3.428644669724196333e-08 3.422167974350576859e-08 3.426922732721075013e-08 3.435390869538101696e-08 3.414170406989222273e-08 3.438449379893175311e-08 3.452178873365206991e-08 3.443948396466897560e-08 3.429509702880048823e-08 3.411535603701733735e-08 3.401805345992858134e-08 3.433160627199128516e-08 3.422709630372437272e-08 3.449775469281335078e-08 3.426452824133583773e-08 3.438073693539186794e-08 3.403581020407274970e-08 3.465371649123531113e-08 3.451501968823551607e-08 3.462383327581588025e-08 3.451876587857714322e-08 3.440280253474460857e-08 3.461909404267658113e-08 3.449858476193356850e-08 3.409616142885972761e-08 3.445776105628834019e-08 3.434279539344220095e-08 3.449833050242116766e-08
3.453577280118005525e-08 3.481254512644880332e-08 3.489761157050296549e-08 3.476467686887899558e-08 3.473798243399203845e-08 3.442556957048116828e-08 3.480960788369159600e-08 3.452981794831806673e-08 3.432066909468079073e-08 3.471459607206547093e-08 3.432202160571755328e-08 3.473078564235799309e-08 3.490942912121003050e-08 3.414461436160484538e-08 3.472152052745837211e-08 3.484095625677691297e-08 3.455768931905173574e-08 3.449223237561606886e-08 3.454107855767363787e-08 3.462654222641049982e-08 3.441064424710735219e-08 3.465913780219132100e-08 3.479837563077253386e-08 3.471337224168324977e-08 3.456575110323345400e-08 3.438517025726564550e-08 3.428334387395854654e-08 3.460546046168069341e-08 3.449775469281335078e-08 3.477664434399659702e-08 3.453612523985000096e-08 3.465430807421751593e-08 3.430373452059774063e-08 3.493421565953830610e-08 3.479248324118043900e-08 3.490330880205815516e-08 3.479580933431849587e-08 3.467651153498362693e-08 3.489784575043907625e-08 3.477524372360948033e-08 3.436568401960148391e-08 3.473293659988996549e-08 3.461665379398451465e-08 3.477559361742949887e-08
3.430113073401914359e-08 3.457403813665332221e-08 3.465773679365499583e-08 3.452755638134998961e-08 3.450194454586083606e-08 3.419384198702082573e-08 3.457170896633416268e-08 3.429651065812834291e-08 3.409048626669167082e-08 3.447894446056001292e-08 3.409165594803249846e-08 3.449397905424585040e-08 3.467014953261250069e-08 3.391705048184249530e-08 3.448567386303832984e-08 3.460246099928667166e-08 3.432454004983917072e-08 3.425948670324749509e-08 3.430747430227666714e-08 3.439252729409291682e-08 3.417994747342416970e-08 3.442268134375999440e-08 3.456059960735583164e-08 3.447809744861749488e-08 3.433259395722749975e-08 3.415271773146332917e-08 3.405490397047083538e-08 3.437046903877500112e-08 3.426452824133583773e-08 3.453612523985000096e-08 3.430416629544832856e-08 3.441922534388332716e-08 3.407357203066750330e-08 3.469323447152166243e-08 3.455350210460291734e-08 3.466263229217916382e-08 3.455730431226916543e-08 3.444117732503083186e-08 3.465741382891082943e-08 3.453738055292500482e-08 3.413336613153500144e-08 3.449551870356916896e-08 3.438155452563500384e-08 3.453681503860750109e-08
3.441816079946424755e-08 3.469195461016905998e-08 3.477612133908026762e-08 3.464532183656795772e-08 3.461965149333980117e-08 3.430958912092042395e-08 3.468937886711939576e-08 3.441333503071163731e-08 3.420605498918771347e-08 3.459643190699570923e-08 3.420748745197301160e-08 3.461209611430009167e-08 3.478813907317457565e-08 3.403219097223774865e-08 3.460280675565821582e-08 3.472031512810482656e-08 3.444116662275862452e-08 3.437602259140493186e-08 3.442418180634908712e-08 3.450942964657726922e-08 3.429612361744472747e-08 3.453982795529758642e-08 3.467827428103040034e-08 3.459540568800814929e-08 3.444945635623297997e-08 3.426932181249733654e-08 3.417077333774108582e-08 3.448741806933711513e-08 3.438073693539186794e-08 3.465430807421751593e-08 3.441922534388332716e-08 3.453713138601936951e-08 3.418885735719691732e-08 3.481144966233531606e-08 3.467185865805926354e-08 3.478112751121503866e-08 3.467539953354714133e-08 3.455846490905627952e-08 3.477653856219074828e-08 3.465528744133356398e-08 3.424990014446389795e-08 3.461349589443168273e-08 3.449815976967303445e-08 3.465469142636699002e-08
3.407231142284055342e-08 3.434132032349638041e-08 3.442488812775596401e-08 3.429571323714122949e-08 3.427138742940595053e-08 3.396672134537165848e-08 3.433895695088894055e-08 3.406823371569247759e-08 3.386463780109778730e-08 3.424769497852535442e-08 3.386568455258909997e-08 3.426322224573038421e-08 3.443570183063549990e-08 3.369460058335127629e-08 3.425365767510593522e-08 3.436890817640312001e-08 3.409456499464518232e-08 3.403180056422475870e-08 3.407914959500409877e-08 3.416183394591417209e-08 3.395306486472505040e-08 3.419210534704206074e-08 3.432801874194716837e-08 3.424708304773061647e-08 3.410512469692301886e-08 3.392579524190223988e-08 3.383078277218177429e-08 3.413941381325695408e-08 3.403581020407274970e-08 3.430373452059774063e-08 3.407357203066750330e-08 3.418885735719691732e-08 3.384785377534498464e-08 3.445779693893285003e-08 3.432122866930693251e-08 3.442862342319956986e-08 3.432514181143248328e-08 3.421060770081449176e-08 3.442510413911205800e-08 3.430585015375911302e-08 3.390681237216121024e-08 3.426440897555594897e-08 3.415005790098964054e-08 3.430539841172417651e-08
3.469197641494392731e-08 3.497232842089163342e-08 3.505701221228413645e-08 3.492251269316389118e-08 3.489546695403726831e-08 3.458063016479652489e-08 3.496879442408985621e-08 3.468559759728245474e-08 3.447543889513258997e-08 3.487340431881144254e-08 3.447615586551622219e-08 3.488872992237904113e-08 3.506951841534646456e-08 3.429623880209024723e-08 3.488018570452672932e-08 3.500093163459639394e-08 3.471521808278279328e-08 3.464768470628612668e-08 3.469650540939407922e-08 3.478536535729618295e-08 3.456542260258718061e-08 3.481680029283153458e-08 3.495742868126563890e-08 3.487152919808194517e-08 3.472120379301874036e-08 3.454048114192357454e-08 3.443592832587325674e-08 3.476372403628598901e-08 3.465371649123531113e-08 3.493421565953830610e-08 3.469323447152166243e-08 3.481144966233531606e-08 3.445779693893285003e-08 3.509608187432379436e-08 3.495009856034682784e-08 3.506388007101431286e-08 3.495403162790376006e-08 3.483464149328047815e-08 3.505646416190897348e-08 3.493288574398142229e-08 3.452013226404779398e-08 3.489128302744706911e-08 3.477437087402231843e-08 3.493268010155762556e-08
3.455283090992586209e-08 3.482928106889252542e-08 3.491403915440126184e-08 3.478191822324152240e-08 3.475575010442669187e-08 3.444225080781241534e-08 3.482690568254221701e-08 3.454817884110274044e-08 3.433865803307532383e-08 3.473175377326148648e-08 3.433959479585731239e-08 3.474852675213971725e-08 3.492655964535977660e-08 3.416285532587765207e-08 3.473875464945889778e-08 3.485727980398839913e-08 3.457594439059283242e-08 3.450976743987011673e-08 3.455870778405508929e-08 3.464413072971423611e-08 3.442902162445968809e-08 3.467619828706220796e-08 3.481504085428852949e-08 3.473147197727846694e-08 3.458342735359354633e-08 3.440202989398516664e-08 3.430211940594444419e-08 3.462293400147233901e-08 3.451501968823551607e-08 3.479248324118043900e-08 3.455350210460291734e-08 3.467185865805926354e-08 3.432122866930693251e-08 3.495009856034682784e-08 3.481089022631546202e-08 3.491899445793402420e-08 3.481336193704811270e-08 3.469327797757681540e-08 3.491419765251248349e-08 3.479225392023629010e-08 3.438271004189449221e-08 3.474990642603584736e-08 3.463409797020351416e-08 3.479231820628028970e-08
3.466158597299826055e-08 3.494065113411993762e-08 3.502626342967660005e-08 3.489193913762624028e-08 3.486553170242116487e-08 3.455098511759226852e-08 3.493741246929436537e-08 3.465565759400246358e-08 3.444618883235279748e-08 3.484312929405202835e-08 3.444617504279536928e-08 3.485859709313664781e-08 3.503811219977925380e-08 3.426797521291336626e-08 3.484894616609198995e-08 3.496981552594832549e-08 3.468455524801123007e-08 3.461790066689726335e-08 3.466617855287826166e-08 3.475475117967896090e-08 3.453610557846276417e-08 3.478638859432497792e-08 3.492648124029258214e-08 3.484115112967104232e-08 3.469152755807385982e-08 3.451051871279286522e-08 3.440675149687240713e-08 3.473360158426008033e-08 3.462383327581588025e-08 3.490330880205815516e-08 3.466263229217916382e-08 3.478112751121503866e-08 3.442862342319956986e-08 3.506388007101431286e-08 3.491899445793402420e-08 3.503363309646540604e-08 3.492329778131352682e-08 3.480447967399637395e-08 3.502618462789872556e-08 3.490252100901016187e-08 3.449047248407517166e-08 3.486150718319366179e-08 3.474344233430214357e-08 3.490217934533335193e-08
