2.503534100572449187e-08 2.523562199624787605e-08 2.534055844845280575e-08 2.519731520569770456e-08 2.513409174113392803e-08 2.491371681685587261e-08 2.521728871370450452e-08 2.505510087409098509e-08 2.480744278421725884e-08 2.517433319394770273e-08 2.481992992149914780e-08 2.513801660152550816e-08 2.527734713162330516e-08 2.469367466818494272e-08 2.514337533328953409e-08 2.522270532519473094e-08 2.502640287831420255e-08 2.491296827345790592e-08 2.497372748152805105e-08 2.509346317326274710e-08 2.488658331621471295e-08 2.510822686506930103e-08 2.517505307161522531e-08 2.517475732023681735e-08 2.502659930969345433e-08 2.485442284794343581e-08 2.479242920580569526e-08 2.510136820675127526e-08 2.502015425929888858e-08 2.522217592734907321e-08 2.502054863482992321e-08 2.511143535119003957e-08 2.483182432509013054e-08 2.531037823390349074e-08 2.520124347893111589e-08 2.535029734976573253e-08 2.518827276282610083e-08 2.509649533681887704e-08 2.527497093313562317e-08 2.523507684581293035e-08 2.489422341732864918e-08 2.516820861235925735e-08 2.505640904416709458e-08 2.518693179956760680e-08
2.523562199624787605e-08 2.544382731842517247e-08 2.554877467606377402e-08 2.540137571975084884e-08 2.533707462925595001e-08 2.510956514622236610e-08 2.542288710255697160e-08 2.525484538592772269e-08 2.500324224700595782e-08 2.537894791570918562e-08 2.501410323289923414e-08 2.534186767846046043e-08 2.548496662650679975e-08 2.488547718782270105e-08 2.534810704677933087e-08 2.542846453778358408e-08 2.522695776120154463e-08 2.511046373608503467e-08 2.517231876188776352e-08 2.529550873574065204e-08 2.508209637222449280e-08 2.531201660213944370e-08 2.538126365970577295e-08 2.537871076409439143e-08 2.522691360391368638e-08 2.505146339195535349e-08 2.498686872227721153e-08 2.530519340466157243e-08 2.522075412807525844e-08 2.542668259639540634e-08 2.522095545634694147e-08 2.531266920561480292e-08 2.502576150686861694e-08 2.551781515394854375e-08 2.540509990327550810e-08 2.555882103770790499e-08 2.539251424852891154e-08 2.529979286291199410e-08 2.548125311264498556e-08 2.544088533641496629e-08 2.509022387806036956e-08 2.537223449045875035e-08 2.525836861387329651e-08 2.539254760525042225e-08
2.534055844845280575e-08 2.554877467606377402e-08 2.565646103083248198e-08 2.550714126942304209e-08 2.544195940752380398e-08 2.521329007294898078e-08 2.552911357932313131e-08 2.535990259968707641e-08 2.510635365596130971e-08 2.548441047740220843e-08 2.511730433971301258e-08 2.544677039827636315e-08 2.559143970340517521e-08 2.498813365855569673e-08 2.545358606587628467e-08 2.553371039599149851e-08 2.533157523007397927e-08 2.521384318820026158e-08 2.527638752601233905e-08 2.539945103888818208e-08 2.518622691505867668e-08 2.541682888640009717e-08 2.548721293602252311e-08 2.548402011718707262e-08 2.533094319667559626e-08 2.515500901773808966e-08 2.508939617218325051e-08 2.541037398583673628e-08 2.532521579344983079e-08 2.553324294071556426e-08 2.532536354937287075e-08 2.541784796050680185e-08 2.512889478000425445e-08 2.562438357299957564e-08 2.551142323296216655e-08 2.566631551565305570e-08 2.549885466282100474e-08 2.540508873439200762e-08 2.558748821328529111e-08 2.554726519694557493e-08 2.519338873609864748e-08 2.547778985809693841e-08 2.536284862267474931e-08 2.549845017330527260e-08
2.519731520569770456e-08 2.540137571975084884e-08 2.550714126942304209e-08 2.536421135867091586e-08 2.529823545588392998e-08 2.507332973761181954e-08 2.538184230001402527e-08 2.521729589368026744e-08 2.496550627250893008e-08 2.533925821648341240e-08 2.497814027341284392e-08 2.530192929830229730e-08 2.544441415070067978e-08 2.485058119621768769e-08 2.530897098264668632e-08 2.538861838443878783e-08 2.518907885234098491e-08 2.507387353019599775e-08 2.513535580616795232e-08 2.525600524486989912e-08 2.504601500039328093e-08 2.527229203296810721e-08 2.534037079236225065e-08 2.533922215945110425e-08 2.518813296923512113e-08 2.501477944842261885e-08 2.495127151171939077e-08 2.526527025299532940e-08 2.518229955866794504e-08 2.538735226491454446e-08 2.518321496663052522e-08 2.527381918767814601e-08 2.499044747898894687e-08 2.547748179926359931e-08 2.536647580696088344e-08 2.551827888766454189e-08 2.535234868695705708e-08 2.526006116285162527e-08 2.544080199034991151e-08 2.540115331203315636e-08 2.505424212488520260e-08 2.533188232533544895e-08 2.521924003563732913e-08 2.535238771960629857e-08
2.513409174113392803e-08 2.533707462925595001e-08 2.544195940752380398e-08 2.529823545588392998e-08 2.523595342462499825e-08 2.501181388913690284e-08 2.531766079253571392e-08 2.515426635244940371e-08 2.490574527929166375e-08 2.527570604261309573e-08 2.491794981170238128e-08 2.523870554499107049e-08 2.537936452580058771e-08 2.478990475739880720e-08 2.524482450950594376e-08 2.532376586969643229e-08 2.512596764424106922e-08 2.501220067345535925e-08 2.507284223252975927e-08 2.519327865569344742e-08 2.498440979046131931e-08 2.520864268465179066e-08 2.527611921555654004e-08 2.527460393753273545e-08 2.512579956862499480e-08 2.495321654945833952e-08 2.488996176147321025e-08 2.520195064084225823e-08 2.511998068027975752e-08 2.532271757946429217e-08 2.512079035755951652e-08 2.521137979245535035e-08 2.492988783740177826e-08 2.541188376136606514e-08 2.530218536928868974e-08 2.545254094988095358e-08 2.528859105261606970e-08 2.519646316752381532e-08 2.537663491399107245e-08 2.533608488564881172e-08 2.499270845632143144e-08 2.526866026399404759e-08 2.515614193116964214e-08 2.528729213741071445e-08
2.491371681685587261e-08 2.510956514622236610e-08 2.521329007294898078e-08 2.507332973761181954e-08 2.501181388913690284e-08 2.479930771293876880e-08 2.509226088555442160e-08 2.493545479518282172e-08 2.469208108067856774e-08 2.505079946613264928e-08 2.470575034125977341e-08 2.501534069160246283e-08 2.515050723637372534e-08 2.458074903444600062e-08 2.502061565138902840e-08 2.509849348586479454e-08 2.490669533410544390e-08 2.479561342482780458e-08 2.485446905478145818e-08 2.497289291187414655e-08 2.477058246818707521e-08 2.498524231996342956e-08 2.504984815393537434e-08 2.505116516120365449e-08 2.490701777770238541e-08 2.473692750174403436e-08 2.467706253457823240e-08 2.497849955691240095e-08 2.490027121838562938e-08 2.509774209364200161e-08 2.490124640843494755e-08 2.499043219997066113e-08 2.471735429817176642e-08 2.518360769405782042e-08 2.507737198927126194e-08 2.522212976903782977e-08 2.506476233069770000e-08 2.497417479697874461e-08 2.515063921159651184e-08 2.511043646425552035e-08 2.477797657796003173e-08 2.504506341085799355e-08 2.493470764833887398e-08 2.506219977623298724e-08
2.521728871370450452e-08 2.542288710255697160e-08 2.552911357932313131e-08 2.538184230001402527e-08 2.531766079253571392e-08 2.509226088555442160e-08 2.540467090183587856e-08 2.523745452539072635e-08 2.498581630628571458e-08 2.535937684374319343e-08 2.499655271934778773e-08 2.532214441010798801e-08 2.546511448988308000e-08 2.486904288646003407e-08 2.532859819659863894e-08 2.540812203052295877e-08 2.520848208353358649e-08 2.509252390884056281e-08 2.515383220068962467e-08 2.527599537126231880e-08 2.506509039562074584e-08 2.529237729257184722e-08 2.536224571683289680e-08 2.535926111068239686e-08 2.520832493387797854e-08 2.503334519119046766e-08 2.496904744699064366e-08 2.528604001387415326e-08 2.520182728877296126e-08 2.540748048229505903e-08 2.520253703462032641e-08 2.529496122833163749e-08 2.500874744669685163e-08 2.549820499997405987e-08 2.538657129262925655e-08 2.553872066400340582e-08 2.537411187864370573e-08 2.528112117624575388e-08 2.546178629459014251e-08 2.542142623770110891e-08 2.507215238928783576e-08 2.535305971430910256e-08 2.523938231434693784e-08 2.537303240553826738e-08
2.505510087409098509e-08 2.525484538592772269e-08 2.535990259968707641e-08 2.521729589368026744e-08 2.515426635244940371e-08 2.493545479518282172e-08 2.523745452539072635e-08 2.507692654117686384e-08 2.482827881355357130e-08 2.519450977522193796e-08 2.484119591738775186e-08 2.515806364457567773e-08 2.529707350881718292e-08 2.471530163562160347e-08 2.516396086544855529e-08 2.524253192522491691e-08 2.504737211914115497e-08 2.493458530938137935e-08 2.499426627837074488e-08 2.511377728741283818e-08 2.490790777880015581e-08 2.512811684352295753e-08 2.519511997289667961e-08 2.519425884165602843e-08 2.504723544088988172e-08 2.487529043753570521e-08 2.481358478628954393e-08 2.512137679683502972e-08 2.504053608964158285e-08 2.524195632480569696e-08 2.504161522348852134e-08 2.513241710029506055e-08 2.485329340131462672e-08 2.533005501790602852e-08 2.522140783355399817e-08 2.536953839115986781e-08 2.520897334148341944e-08 2.511714718532101146e-08 2.529510244123640481e-08 2.525519590676444953e-08 2.491521911190348350e-08 2.518826155244429897e-08 2.507647995811861788e-08 2.520634138588181414e-08
2.480744278421725884e-08 2.500324224700595782e-08 2.510635365596130971e-08 2.496550627250893008e-08 2.490574527929166375e-08 2.469208108067856774e-08 2.498581630628571458e-08 2.482827881355357130e-08 2.458740970512499962e-08 2.494434659155059442e-08 2.460015634784821335e-08 2.490901614430356373e-08 2.504336736925892703e-08 2.447518082596130558e-08 2.491313703323512453e-08 2.499131524613393052e-08 2.479983240332441562e-08 2.468950030247618759e-08 2.474827869344642882e-08 2.486625998219344437e-08 2.466435486535714391e-08 2.487881315183927890e-08 2.494374693020238110e-08 2.494449278178273318e-08 2.480125878177082988e-08 2.463117699514583038e-08 2.457117798191070411e-08 2.487216751559225009e-08 2.479428597273809442e-08 2.499067503948511999e-08 2.479497787528868321e-08 2.488422793278868959e-08 2.461139520027678264e-08 2.507602966353273375e-08 2.497035134603868491e-08 2.511479774990178830e-08 2.495762013838690836e-08 2.486749519177381053e-08 2.504354960830356769e-08 2.500324226321130283e-08 2.467184746911309266e-08 2.493865607509820121e-08 2.482866706364881173e-08 2.495530696899404733e-08
2.517433319394770273e-08 2.537894791570918562e-08 2.548441047740220843e-08 2.533925821648341240e-08 2.527570604261309573e-08 2.505079946613264928e-08 2.535937684374319343e-08 2.519450977522193796e-08 2.494434659155059442e-08 2.531730638779591560e-08 2.495664975855867543e-08 2.527950120442729418e-08 2.542095049495068330e-08 2.482832844923852270e-08 2.528575980170917859e-08 2.536509558610544344e-08 2.516634201854930520e-08 2.505145419134183401e-08 2.511248887523044595e-08 2.523375107989072107e-08 2.502360978216412414e-08 2.524923563119727791e-08 2.531778712157057289e-08 2.531545413568026321e-08 2.516649331979761695e-08 2.499218335748511875e-08 2.492879366778187746e-08 2.524240116182865957e-08 2.516018794712626652e-08 2.536390964518537522e-08 2.516078989448468754e-08 2.525161331265731678e-08 2.496827590638478140e-08 2.545366221876359859e-08 2.534290856904421943e-08 2.549478972260204696e-08 2.532997089562372635e-08 2.523761894135161249e-08 2.541775478001658459e-08 2.537778157101232946e-08 2.503174542369770247e-08 2.530990811479379287e-08 2.519666675961649679e-08 2.532899169958545052e-08
2.481992992149914780e-08 2.501410323289923414e-08 2.511730433971301258e-08 2.497814027341284392e-08 2.491794981170238128e-08 2.470575034125977341e-08 2.499655271934778773e-08 2.484119591738775186e-08 2.460015634784821335e-08 2.495664975855867543e-08 2.461609429948468515e-08 2.492111754398001329e-08 2.505450086957355057e-08 2.449089834128741307e-08 2.492459310023256432e-08 2.500352598565092889e-08 2.481311896294727838e-08 2.470370866542984465e-08 2.476248379500509867e-08 2.487933053143792076e-08 2.467839503405230063e-08 2.489081225464328395e-08 2.495403955151148547e-08 2.495648167113774767e-08 2.481490126989880569e-08 2.464514377956547524e-08 2.458621112096088118e-08 2.488380417208546026e-08 2.480728799206759687e-08 2.500264204369982337e-08 2.480839131316794130e-08 2.489661807792091516e-08 2.462583072620577887e-08 2.508693122497109656e-08 2.498150006471853608e-08 2.512561505284566675e-08 2.496947724357822720e-08 2.487995735605229583e-08 2.505477315146216218e-08 2.501426040200764525e-08 2.468704674424915135e-08 2.495112687319600499e-08 2.484125521259099175e-08 2.496637747769600743e-08
2.513801660152550816e-08 2.534186767846046043e-08 2.544677039827636315e-08 2.530192929830229730e-08 2.523870554499107049e-08 2.501534069160246283e-08 2.532214441010798801e-08 2.515806364457567773e-08 2.490901614430356373e-08 2.527950120442729418e-08 2.492111754398001329e-08 2.524366424405782294e-08 2.538368410856419569e-08 2.479359686058587853e-08 2.524887900077294845e-08 2.532852041409693840e-08 2.512977512589413152e-08 2.501557301220874579e-08 2.507665769993026725e-08 2.519722406204972529e-08 2.498781292651446396e-08 2.521280492224320549e-08 2.528031385834312267e-08 2.527924362472151267e-08 2.513038017509821682e-08 2.495626097422321486e-08 2.489351908677762875e-08 2.520627440147789280e-08 2.512378642563859734e-08 2.532700820060925992e-08 2.512438667121173210e-08 2.521502480564328994e-08 2.493233059130570378e-08 2.541625634820066270e-08 2.530534632529803871e-08 2.545627918981759470e-08 2.529343953684054632e-08 2.520081787622279089e-08 2.538109576113521160e-08 2.534089076941624093e-08 2.499603919819217382e-08 2.527282818772406288e-08 2.515991359795790669e-08 2.529196996884905588e-08
2.527734713162330516e-08 2.548496662650679975e-08 2.559143970340517521e-08 2.544441415070067978e-08 2.537936452580058771e-08 2.515050723637372534e-08 2.546511448988308000e-08 2.529707350881718292e-08 2.504336736925892703e-08 2.542095049495068330e-08 2.505450086957355057e-08 2.538368410856419569e-08 2.552878909231377532e-08 2.492559871511649784e-08 2.539090124363180246e-08 2.547047761415603728e-08 2.526867490070706414e-08 2.515208518542219226e-08 2.521382430263520410e-08 2.533624900189668146e-08 2.512294589308375794e-08 2.535352823516156359e-08 2.542344748816879347e-08 2.542023782377550513e-08 2.526777104923511832e-08 2.509255092256845425e-08 2.502706620452593291e-08 2.534718114221258680e-08 2.526208924311437420e-08 2.546940676660799445e-08 2.526259347173171841e-08 2.535456914675850933e-08 2.506666032120323113e-08 2.556081069312967334e-08 2.544807418564540325e-08 2.560210397956632934e-08 2.543544278809396724e-08 2.534150999691709010e-08 2.552397546827848833e-08 2.548343592959863554e-08 2.513104114216496267e-08 2.541369799478784378e-08 2.529953260293197291e-08 2.543459569741284137e-08
2.469367466818494272e-08 2.488547718782270105e-08 2.498813365855569673e-08 2.485058119621768769e-08 2.478990475739880720e-08 2.458074903444600062e-08 2.486904288646003407e-08 2.471530163562160347e-08 2.447518082596130558e-08 2.482832844923852270e-08 2.449089834128741307e-08 2.479359686058587853e-08 2.492559871511649784e-08 2.436868384211224788e-08 2.479676895905186914e-08 2.487526324970280536e-08 2.468683598761266788e-08 2.457888239108120645e-08 2.463694772368197155e-08 2.475211483683460985e-08 2.455357824003188608e-08 2.476340378701317948e-08 2.482575922836777473e-08 2.482910654526743194e-08 2.468875898169643149e-08 2.451986492540476022e-08 2.446244245761181909e-08 2.475684925619387915e-08 2.468068829376531078e-08 2.487453346016198702e-08 2.468195424646216347e-08 2.477016276059609188e-08 2.450168385753401654e-08 2.495808041722576167e-08 2.485344393405144759e-08 2.499564956901615858e-08 2.484176139702635691e-08 2.475308599874022145e-08 2.492615307280314369e-08 2.488596670989796010e-08 2.456222096530995042e-08 2.482326746558801025e-08 2.471436569773128967e-08 2.483850451227551330e-08
2.514337533328953409e-08 2.534810704677933087e-08 2.545358606587628467e-08 2.530897098264668632e-08 2.524482450950594376e-08 2.502061565138902840e-08 2.532859819659863894e-08 2.516396086544855529e-08 2.491313703323512453e-08 2.528575980170917859e-08 2.492459310023256432e-08 2.524887900077294845e-08 2.539090124363180246e-08 2.479676895905186914e-08 2.525720215471683849e-08 2.533462610872108743e-08 2.513611638643069590e-08 2.502013737314753604e-08 2.508142119284608876e-08 2.520246269284481148e-08 2.499250918274532336e-08 2.521872208445195731e-08 2.528762870916411591e-08 2.528468918094854615e-08 2.513463424737202051e-08 2.496112227149702228e-08 2.489767718104804015e-08 2.521256740247405743e-08 2.512880010605442312e-08 2.533349119220790272e-08 2.512982287230527062e-08 2.522029007996895955e-08 2.493682022570195332e-08 2.542387058015688505e-08 2.531273296373384166e-08 2.546425629570790163e-08 2.530002821346640504e-08 2.520701852341198696e-08 2.538806086218664266e-08 2.534804628564413449e-08 2.500040674170620277e-08 2.527873050006292134e-08 2.516554560020662895e-08 2.529888858141709106e-08
2.522270532519473094e-08 2.542846453778358408e-08 2.553371039599149851e-08 2.538861838443878783e-08 2.532376586969643229e-08 2.509849348586479454e-08 2.540812203052295877e-08 2.524253192522491691e-08 2.499131524613393052e-08 2.536509558610544344e-08 2.500352598565092889e-08 2.532852041409693840e-08 2.547047761415603728e-08 2.487526324970280536e-08 2.533462610872108743e-08 2.541612225266496501e-08 2.521486445871895856e-08 2.509918094183588210e-08 2.516062706985246425e-08 2.528255978861097113e-08 2.507094283262839893e-08 2.529876979143834631e-08 2.536697617082950263e-08 2.536535752401658256e-08 2.521454844867262025e-08 2.503938503692261985e-08 2.497606157062414753e-08 2.529133717317984612e-08 2.520837441939412962e-08 2.541288059982227757e-08 2.520843577814540490e-08 2.529963707565136298e-08 2.501444194635501468e-08 2.550363517262074271e-08 2.539113455847576362e-08 2.554419918294727887e-08 2.537857758177253207e-08 2.528653377423256986e-08 2.546716885349872325e-08 2.542711478158078236e-08 2.507916140509055976e-08 2.535888428457355486e-08 2.524502911130995093e-08 2.537831367978188909e-08
2.502640287831420255e-08 2.522695776120154463e-08 2.533157523007397927e-08 2.518907885234098491e-08 2.512596764424106922e-08 2.490669533410544390e-08 2.520848208353358649e-08 2.504737211914115497e-08 2.479983240332441562e-08 2.516634201854930520e-08 2.481311896294727838e-08 2.512977512589413152e-08 2.526867490070706414e-08 2.468683598761266788e-08 2.513611638643069590e-08 2.521486445871895856e-08 2.501976854973043495e-08 2.490595410186947292e-08 2.496616345109395961e-08 2.508574941456164114e-08 2.487911743218707167e-08 2.509992249623427006e-08 2.516672170316453686e-08 2.516585986226615640e-08 2.501937456530655043e-08 2.484658848726487975e-08 2.478536393022405639e-08 2.509325203857908440e-08 2.501244268565645962e-08 2.521350291955867104e-08 2.501318124766411747e-08 2.510340319167899913e-08 2.482455329756759649e-08 2.530178383691198631e-08 2.519284979741709323e-08 2.534143248605867046e-08 2.517979606509353799e-08 2.508886770991624089e-08 2.526692008872151465e-08 2.522676682215136074e-08 2.488743264493919276e-08 2.516012498733715368e-08 2.504818862271385776e-08 2.517836092202465303e-08
2.491296827345790592e-08 2.511046373608503467e-08 2.521384318820026158e-08 2.507387353019599775e-08 2.501220067345535925e-08 2.479561342482780458e-08 2.509252390884056281e-08 2.493458530938137935e-08 2.468950030247618759e-08 2.505145419134183401e-08 2.470370866542984465e-08 2.501557301220874579e-08 2.515208518542219226e-08 2.457888239108120645e-08 2.502013737314753604e-08 2.509918094183588210e-08 2.490595410186947292e-08 2.479613541401700492e-08 2.485438034971088058e-08 2.497204930519812642e-08 2.476794554643239534e-08 2.498521761212371983e-08 2.505022053024532155e-08 2.505088730304804071e-08 2.490718560351190338e-08 2.473568792382439848e-08 2.467557205377210453e-08 2.497841388771981061e-08 2.489979835631504325e-08 2.509767955622491501e-08 2.490092742278188992e-08 2.499019795377295954e-08 2.471517948772788484e-08 2.518391161550637474e-08 2.507685241721343607e-08 2.522300236982907788e-08 2.506438073699744877e-08 2.497412471926572886e-08 2.515033735503316346e-08 2.511028239094132860e-08 2.477705162304123907e-08 2.504517928452508146e-08 2.493441817756632356e-08 2.506176039737925300e-08
2.497372748152805105e-08 2.517231876188776352e-08 2.527638752601233905e-08 2.513535580616795232e-08 2.507284223252975927e-08 2.485446905478145818e-08 2.515383220068962467e-08 2.499426627837074488e-08 2.474827869344642882e-08 2.511248887523044595e-08 2.476248379500509867e-08 2.507665769993026725e-08 2.521382430263520410e-08 2.463694772368197155e-08 2.508142119284608876e-08 2.516062706985246425e-08 2.496616345109395961e-08 2.485438034971088058e-08 2.491489149724829626e-08 2.503233969002763247e-08 2.482731478337840016e-08 2.504638114379251539e-08 2.511161070480867233e-08 2.511264640305824659e-08 2.496690157083928893e-08 2.479510352069345124e-08 2.473498205483248298e-08 2.503960012953401175e-08 2.495977278533162956e-08 2.515970421759311583e-08 2.496075560937457932e-08 2.505043658913052533e-08 2.477338793762584784e-08 2.524660777414157808e-08 2.513838352107992499e-08 2.528570636896811215e-08 2.512606466675169555e-08 2.503484492396173890e-08 2.521233416772789089e-08 2.517247127287244806e-08 2.483659317563222730e-08 2.510637228849021639e-08 2.499520995908077858e-08 2.512348015069855674e-08
2.509346317326274710e-08 2.529550873574065204e-08 2.539945103888818208e-08 2.525600524486989912e-08 2.519327865569344742e-08 2.497289291187414655e-08 2.527599537126231880e-08 2.511377728741283818e-08 2.486625998219344437e-08 2.523375107989072107e-08 2.487933053143792076e-08 2.519722406204972529e-08 2.533624900189668146e-08 2.475211483683460985e-08 2.520246269284481148e-08 2.528255978861097113e-08 2.508574941456164114e-08 2.497204930519812642e-08 2.503233969002763247e-08 2.515406847713945272e-08 2.494523523492389458e-08 2.516761897110076290e-08 2.523372195849446929e-08 2.523354980322533430e-08 2.508632017395535808e-08 2.491317946241368931e-08 2.485115632910756313e-08 2.516039098861394543e-08 2.507911760281929643e-08 2.528060973925254855e-08 2.507994781635586556e-08 2.517025079435288786e-08 2.489052020003826563e-08 2.536919728166283064e-08 2.525941240822193756e-08 2.540912501885670990e-08 2.524694683778485990e-08 2.515588048898639490e-08 2.533431030454676538e-08 2.529360843665603466e-08 2.495335984795025131e-08 2.522771199714328228e-08 2.511546526419770535e-08 2.524581631980994257e-08
2.488658331621471295e-08 2.508209637222449280e-08 2.518622691505867668e-08 2.504601500039328093e-08 2.498440979046131931e-08 2.477058246818707521e-08 2.506509039562074584e-08 2.490790777880015581e-08 2.466435486535714391e-08 2.502360978216412414e-08 2.467839503405230063e-08 2.498781292651446396e-08 2.512294589308375794e-08 2.455357824003188608e-08 2.499250918274532336e-08 2.507094283262839893e-08 2.487911743218707167e-08 2.476794554643239534e-08 2.482731478337840016e-08 2.494523523492389458e-08 2.474368192049320042e-08 2.495806225412329852e-08 2.502272414198681922e-08 2.502373211213350071e-08 2.487959880902976456e-08 2.470992938196725576e-08 2.464998653829336332e-08 2.495099564728613852e-08 2.487278141737839986e-08 2.507042935416794064e-08 2.487376426977168133e-08 2.496304322394727955e-08 2.468970540339413393e-08 2.515629373171683410e-08 2.504978485784013800e-08 2.519521009335544087e-08 2.503712986751743246e-08 2.494687343707652568e-08 2.512283675235671973e-08 2.508290129121343638e-08 2.475047984211053813e-08 2.501779814612372620e-08 2.490756765471343304e-08 2.503480931762372081e-08
2.510822686506930103e-08 2.531201660213944370e-08 2.541682888640009717e-08 2.527229203296810721e-08 2.520864268465179066e-08 2.498524231996342956e-08 2.529237729257184722e-08 2.512811684352295753e-08 2.487881315183927890e-08 2.524923563119727791e-08 2.489081225464328395e-08 2.521280492224320549e-08 2.535352823516156359e-08 2.476340378701317948e-08 2.521872208445195731e-08 2.529876979143834631e-08 2.509992249623427006e-08 2.498521761212371983e-08 2.504638114379251539e-08 2.516761897110076290e-08 2.495806225412329852e-08 2.518343557506207399e-08 2.525071446361649607e-08 2.524959986585628814e-08 2.509977545995535870e-08 2.492645746243451851e-08 2.486334480372959170e-08 2.517613741885798821e-08 2.509346891335501365e-08 2.529706700027635739e-08 2.509414861336479418e-08 2.518490391473681587e-08 2.490207587483290706e-08 2.538654304100212290e-08 2.527560154187669796e-08 2.542688200331802203e-08 2.526309314899914625e-08 2.517107377206080144e-08 2.535087484419854939e-08 2.531082524570960492e-08 2.496572173198596816e-08 2.524291127180696790e-08 2.513024682610544290e-08 2.526198645230697163e-08
2.517505307161522531e-08 2.538126365970577295e-08 2.548721293602252311e-08 2.534037079236225065e-08 2.527611921555654004e-08 2.504984815393537434e-08 2.536224571683289680e-08 2.519511997289667961e-08 2.494374693020238110e-08 2.531778712157057289e-08 2.495403955151148547e-08 2.528031385834312267e-08 2.542344748816879347e-08 2.482575922836777473e-08 2.528762870916411591e-08 2.536697617082950263e-08 2.516672170316453686e-08 2.505022053024532155e-08 2.511161070480867233e-08 2.523372195849446929e-08 2.502272414198681922e-08 2.525071446361649607e-08 2.532179106182993388e-08 2.531728685625084567e-08 2.516580113758631241e-08 2.499135774489881286e-08 2.492659069019600295e-08 2.524393541220152964e-08 2.516013302922533761e-08 2.536584600631887985e-08 2.516036744779592148e-08 2.525233757896556314e-08 2.496602353005399545e-08 2.545676904333418249e-08 2.534509828903401322e-08 2.549774014761054335e-08 2.533191501946216104e-08 2.523892618836181844e-08 2.541987548488775465e-08 2.538056094752551792e-08 2.502976475857355508e-08 2.531134399555611901e-08 2.519764335654634344e-08 2.533161587943112152e-08
2.517475732023681735e-08 2.537871076409439143e-08 2.548402011718707262e-08 2.533922215945110425e-08 2.527460393753273545e-08 2.505116516120365449e-08 2.535926111068239686e-08 2.519425884165602843e-08 2.494449278178273318e-08 2.531545413568026321e-08 2.495648167113774767e-08 2.527924362472151267e-08 2.542023782377550513e-08 2.482910654526743194e-08 2.528468918094854615e-08 2.536535752401658256e-08 2.516585986226615640e-08 2.505088730304804071e-08 2.511264640305824659e-08 2.523354980322533430e-08 2.502373211213350071e-08 2.524959986585628814e-08 2.531728685625084567e-08 2.531733556417686778e-08 2.516616720557738326e-08 2.499205128174404566e-08 2.492903171291453559e-08 2.524252278150170028e-08 2.515958157001657944e-08 2.536403198665986466e-08 2.516003534550935440e-08 2.525153964721173601e-08 2.496752558610629058e-08 2.545352767398936600e-08 2.534265728038732827e-08 2.549367528307652713e-08 2.532963762833757935e-08 2.523739643544600304e-08 2.541761538142389201e-08 2.537779122063946020e-08 2.503176253994514816e-08 2.530948827067346976e-08 2.519663612343112372e-08 2.532879988531930314e-08
2.502659930969345433e-08 2.522691360391368638e-08 2.533094319667559626e-08 2.518813296923512113e-08 2.512579956862499480e-08 2.490701777770238541e-08 2.520832493387797854e-08 2.504723544088988172e-08 2.480125878177082988e-08 2.516649331979761695e-08 2.481490126989880569e-08 2.513038017509821682e-08 2.526777104923511832e-08 2.468875898169643149e-08 2.513463424737202051e-08 2.521454844867262025e-08 2.501937456530655043e-08 2.490718560351190338e-08 2.496690157083928893e-08 2.508632017395535808e-08 2.487959880902976456e-08 2.509977545995535870e-08 2.516580113758631241e-08 2.516616720557738326e-08 2.502159885191666946e-08 2.484705638983333703e-08 2.478639023506547958e-08 2.509292367344345471e-08 2.501301923111012375e-08 2.521283154183035457e-08 2.501403679484523873e-08 2.510387737915773686e-08 2.482547181001785913e-08 2.530011622238987556e-08 2.519136554509523614e-08 2.533960622305952648e-08 2.517943641543154748e-08 2.508878454019643124e-08 2.526625121293154619e-08 2.522600747240475956e-08 2.488856602327678238e-08 2.516013255623214090e-08 2.504838606911309514e-08 2.517736816464881125e-08
2.485442284794343581e-08 2.505146339195535349e-08 2.515500901773808966e-08 2.501477944842261885e-08 2.495321654945833952e-08 2.473692750174403436e-08 2.503334519119046766e-08 2.487529043753570521e-08 2.463117699514583038e-08 2.499218335748511875e-08 2.464514377956547524e-08 2.495626097422321486e-08 2.509255092256845425e-08 2.451986492540476022e-08 2.496112227149702228e-08 2.503938503692261985e-08 2.484658848726487975e-08 2.473568792382439848e-08 2.479510352069345124e-08 2.491317946241368931e-08 2.470992938196725576e-08 2.492645746243451851e-08 2.499135774489881286e-08 2.499205128174404566e-08 2.484705638983333703e-08 2.467801976304166358e-08 2.461690373752380316e-08 2.491957746558928333e-08 2.484063690906844950e-08 2.503896003285119073e-08 2.484178570715773732e-08 2.493059321840773595e-08 2.465671802637202320e-08 2.512493189638987423e-08 2.501804773490773959e-08 2.516426225168452810e-08 2.500552462130654771e-08 2.491485571961309794e-08 2.509139308993154837e-08 2.505119908523809117e-08 2.471775471636011011e-08 2.498603018948214298e-08 2.487583306219642518e-08 2.500349586564881031e-08
2.479242920580569526e-08 2.498686872227721153e-08 2.508939617218325051e-08 2.495127151171939077e-08 2.488996176147321025e-08 2.467706253457823240e-08 2.496904744699064366e-08 2.481358478628954393e-08 2.457117798191070411e-08 2.492879366778187746e-08 2.458621112096088118e-08 2.489351908677762875e-08 2.502706620452593291e-08 2.446244245761181909e-08 2.489767718104804015e-08 2.497606157062414753e-08 2.478536393022405639e-08 2.467557205377210453e-08 2.473498205483248298e-08 2.485115632910756313e-08 2.464998653829336332e-08 2.486334480372959170e-08 2.492659069019600295e-08 2.492903171291453559e-08 2.478639023506547958e-08 2.461690373752380316e-08 2.455912057331207018e-08 2.485659617737117318e-08 2.477880515674914826e-08 2.497502195555696612e-08 2.478002219263520205e-08 2.486863258597151433e-08 2.459735103256291893e-08 2.506039366199786897e-08 2.495420387514413923e-08 2.509844392372364092e-08 2.494173589106334526e-08 2.485234255281419977e-08 2.502704574059311370e-08 2.498723879301956247e-08 2.465898845824319207e-08 2.492319035492219236e-08 2.481362582933205568e-08 2.493915558838052361e-08
2.510136820675127526e-08 2.530519340466157243e-08 2.541037398583673628e-08 2.526527025299532940e-08 2.520195064084225823e-08 2.497849955691240095e-08 2.528604001387415326e-08 2.512137679683502972e-08 2.487216751559225009e-08 2.524240116182865957e-08 2.488380417208546026e-08 2.520627440147789280e-08 2.534718114221258680e-08 2.475684925619387915e-08 2.521256740247405743e-08 2.529133717317984612e-08 2.509325203857908440e-08 2.497841388771981061e-08 2.503960012953401175e-08 2.516039098861394543e-08 2.495099564728613852e-08 2.517613741885798821e-08 2.524393541220152964e-08 2.524252278150170028e-08 2.509292367344345471e-08 2.491957746558928333e-08 2.485659617737117318e-08 2.517030239140305582e-08 2.508649578030484582e-08 2.529036116355442500e-08 2.508744285567516836e-08 2.517850290880612050e-08 2.489565272646215980e-08 2.538005983360586227e-08 2.526924145313052246e-08 2.542000384192942447e-08 2.525670215734098570e-08 2.516470991118197230e-08 2.534457829923384468e-08 2.530385230748851939e-08 2.495907801948044463e-08 2.523636462527891303e-08 2.512335471575935399e-08 2.525568206088308300e-08
2.502015425929888858e-08 2.522075412807525844e-08 2.532521579344983079e-08 2.518229955866794504e-08 2.511998068027975752e-08 2.490027121838562938e-08 2.520182728877296126e-08 2.504053608964158285e-08 2.479428597273809442e-08 2.516018794712626652e-08 2.480728799206759687e-08 2.512378642563859734e-08 2.526208924311437420e-08 2.468068829376531078e-08 2.512880010605442312e-08 2.520837441939412962e-08 2.501244268565645962e-08 2.489979835631504325e-08 2.495977278533162956e-08 2.507911760281929643e-08 2.487278141737839986e-08 2.509346891335501365e-08 2.516013302922533761e-08 2.515958157001657944e-08 2.501301923111012375e-08 2.484063690906844950e-08 2.477880515674914826e-08 2.508649578030484582e-08 2.500691892974829919e-08 2.520691232407227815e-08 2.500693892358291156e-08 2.509707722829719475e-08 2.481856568929251850e-08 2.529459550280824273e-08 2.518589728976742843e-08 2.533460499207227259e-08 2.517312182529336228e-08 2.508183067656589698e-08 2.526023631354039085e-08 2.522006430751828346e-08 2.488088461081972014e-08 2.515360008132355021e-08 2.504183464297661579e-08 2.517172808896938410e-08
2.522217592734907321e-08 2.542668259639540634e-08 2.553324294071556426e-08 2.538735226491454446e-08 2.532271757946429217e-08 2.509774209364200161e-08 2.540748048229505903e-08 2.524195632480569696e-08 2.499067503948511999e-08 2.536390964518537522e-08 2.500264204369982337e-08 2.532700820060925992e-08 2.546940676660799445e-08 2.487453346016198702e-08 2.533349119220790272e-08 2.541288059982227757e-08 2.521350291955867104e-08 2.509767955622491501e-08 2.515970421759311583e-08 2.528060973925254855e-08 2.507042935416794064e-08 2.529706700027635739e-08 2.536584600631887985e-08 2.536403198665986466e-08 2.521283154183035457e-08 2.503896003285119073e-08 2.497502195555696612e-08 2.529036116355442500e-08 2.520691232407227815e-08 2.541316166990731250e-08 2.520748542690348152e-08 2.529877256565051184e-08 2.501432026246386337e-08 2.550228366290986167e-08 2.539127523622789088e-08 2.554338200286564663e-08 2.537841323084438717e-08 2.528494826331377502e-08 2.546615069539795875e-08 2.542666799879591622e-08 2.507832555484906346e-08 2.535737634661351931e-08 2.524424749683758470e-08 2.537724980590518259e-08
2.502054863482992321e-08 2.522095545634694147e-08 2.532536354937287075e-08 2.518321496663052522e-08 2.512079035755951652e-08 2.490124640843494755e-08 2.520253703462032641e-08 2.504161522348852134e-08 2.479497787528868321e-08 2.516078989448468754e-08 2.480839131316794130e-08 2.512438667121173210e-08 2.526259347173171841e-08 2.468195424646216347e-08 2.512982287230527062e-08 2.520843577814540490e-08 2.501318124766411747e-08 2.490092742278188992e-08 2.496075560937457932e-08 2.507994781635586556e-08 2.487376426977168133e-08 2.509414861336479418e-08 2.516036744779592148e-08 2.516003534550935440e-08 2.501403679484523873e-08 2.484178570715773732e-08 2.478002219263520205e-08 2.508744285567516836e-08 2.500693892358291156e-08 2.520748542690348152e-08 2.500865410133843752e-08 2.509785006337117623e-08 2.481958448130229178e-08 2.529499711253018478e-08 2.518641754849915152e-08 2.533461761300765211e-08 2.517414688504209279e-08 2.508256571016752132e-08 2.526105371189030698e-08 2.522076838411394698e-08 2.488208079501743127e-08 2.515388561509651739e-08 2.504258240938477817e-08 2.517188096257568272e-08
2.511143535119003957e-08 2.531266920561480292e-08 2.541784796050680185e-08 2.527381918767814601e-08 2.521137979245535035e-08 2.499043219997066113e-08 2.529496122833163749e-08 2.513241710029506055e-08 2.488422793278868959e-08 2.525161331265731678e-08 2.489661807792091516e-08 2.521502480564328994e-08 2.535456914675850933e-08 2.477016276059609188e-08 2.522029007996895955e-08 2.529963707565136298e-08 2.510340319167899913e-08 2.499019795377295954e-08 2.505043658913052533e-08 2.517025079435288786e-08 2.496304322394727955e-08 2.518490391473681587e-08 2.525233757896556314e-08 2.525153964721173601e-08 2.510387737915773686e-08 2.493059321840773595e-08 2.486863258597151433e-08 2.517850290880612050e-08 2.509707722829719475e-08 2.529877256565051184e-08 2.509785006337117623e-08 2.518963765819558015e-08 2.490824314186182095e-08 2.538765108710756798e-08 2.527867289488605267e-08 2.542717708473384431e-08 2.526559292109864474e-08 2.517389766369727939e-08 2.535263197869685065e-08 2.531203213814370737e-08 2.497098214396087925e-08 2.524541455420366011e-08 2.513297020843537073e-08 2.526318068878699339e-08
2.483182432509013054e-08 2.502576150686861694e-08 2.512889478000425445e-08 2.499044747898894687e-08 2.492988783740177826e-08 2.471735429817176642e-08 2.500874744669685163e-08 2.485329340131462672e-08 2.461139520027678264e-08 2.496827590638478140e-08 2.462583072620577887e-08 2.493233059130570378e-08 2.506666032120323113e-08 2.450168385753401654e-08 2.493682022570195332e-08 2.501444194635501468e-08 2.482455329756759649e-08 2.471517948772788484e-08 2.477338793762584784e-08 2.489052020003826563e-08 2.468970540339413393e-08 2.490207587483290706e-08 2.496602353005399545e-08 2.496752558610629058e-08 2.482547181001785913e-08 2.465671802637202320e-08 2.459735103256291893e-08 2.489565272646215980e-08 2.481856568929251850e-08 2.501432026246386337e-08 2.481958448130229178e-08 2.490824314186182095e-08 2.463852504106207007e-08 2.509911900010628957e-08 2.499404227054336113e-08 2.513793562617219227e-08 2.498076677299914622e-08 2.489145330726912914e-08 2.506643345361521698e-08 2.502573878968877148e-08 2.469784471706929777e-08 2.496226185878614079e-08 2.485275394791794446e-08 2.497900154147364181e-08
2.531037823390349074e-08 2.551781515394854375e-08 2.562438357299957564e-08 2.547748179926359931e-08 2.541188376136606514e-08 2.518360769405782042e-08 2.549820499997405987e-08 2.533005501790602852e-08 2.507602966353273375e-08 2.545366221876359859e-08 2.508693122497109656e-08 2.541625634820066270e-08 2.556081069312967334e-08 2.495808041722576167e-08 2.542387058015688505e-08 2.550363517262074271e-08 2.530178383691198631e-08 2.518391161550637474e-08 2.524660777414157808e-08 2.536919728166283064e-08 2.515629373171683410e-08 2.538654304100212290e-08 2.545676904333418249e-08 2.545352767398936600e-08 2.530011622238987556e-08 2.512493189638987423e-08 2.506039366199786897e-08 2.538005983360586227e-08 2.529459550280824273e-08 2.550228366290986167e-08 2.529499711253018478e-08 2.538765108710756798e-08 2.509911900010628957e-08 2.559486871896853662e-08 2.548170359632482756e-08 2.563560138988902798e-08 2.546797653627508356e-08 2.537463182765433433e-08 2.555688165642389256e-08 2.551679276905612247e-08 2.516385294411181554e-08 2.544691151029846421e-08 2.533262220286861730e-08 2.546780840986097091e-08
2.520124347893111589e-08 2.540509990327550810e-08 2.551142323296216655e-08 2.536647580696088344e-08 2.530218536928868974e-08 2.507737198927126194e-08 2.538657129262925655e-08 2.522140783355399817e-08 2.497035134603868491e-08 2.534290856904421943e-08 2.498150006471853608e-08 2.530534632529803871e-08 2.544807418564540325e-08 2.485344393405144759e-08 2.531273296373384166e-08 2.539113455847576362e-08 2.519284979741709323e-08 2.507685241721343607e-08 2.513838352107992499e-08 2.525941240822193756e-08 2.504978485784013800e-08 2.527560154187669796e-08 2.534509828903401322e-08 2.534265728038732827e-08 2.519136554509523614e-08 2.501804773490773959e-08 2.495420387514413923e-08 2.526924145313052246e-08 2.518589728976742843e-08 2.539127523622789088e-08 2.518641754849915152e-08 2.527867289488605267e-08 2.499404227054336113e-08 2.548170359632482756e-08 2.537207686720152788e-08 2.552242157258206022e-08 2.535668120898256368e-08 2.526375149540263501e-08 2.544505556541412116e-08 2.540513010343240080e-08 2.505736031328528298e-08 2.533576108235543448e-08 2.522285906811989673e-08 2.535592875429294677e-08
2.535029734976573253e-08 2.555882103770790499e-08 2.566631551565305570e-08 2.551827888766454189e-08 2.545254094988095358e-08 2.522212976903782977e-08 2.553872066400340582e-08 2.536953839115986781e-08 2.511479774990178830e-08 2.549478972260204696e-08 2.512561505284566675e-08 2.545627918981759470e-08 2.560210397956632934e-08 2.499564956901615858e-08 2.546425629570790163e-08 2.554419918294727887e-08 2.534143248605867046e-08 2.522300236982907788e-08 2.528570636896811215e-08 2.540912501885670990e-08 2.519521009335544087e-08 2.542688200331802203e-08 2.549774014761054335e-08 2.549367528307652713e-08 2.533960622305952648e-08 2.516426225168452810e-08 2.509844392372364092e-08 2.542000384192942447e-08 2.533460499207227259e-08 2.554338200286564663e-08 2.533461761300765211e-08 2.542717708473384431e-08 2.513793562617219227e-08 2.563560138988902798e-08 2.552242157258206022e-08 2.567808585932397501e-08 2.550809771565688345e-08 2.541473287639710812e-08 2.559741761623129031e-08 2.555763252948341689e-08 2.520241708366156020e-08 2.548757182690518645e-08 2.537272841035841660e-08 2.550870215588435823e-08
