4.553038584878730307e-08 4.574755793589369293e-08 4.603224359869140334e-08 4.565576989729069872e-08 4.564510117044456070e-08 4.537887181694124234e-08 4.576105145234507620e-08 4.549696359911286071e-08 4.526242509028614685e-08 4.563054770846012192e-08 4.511502317934856724e-08 4.569237413429476751e-08 4.592458808734527352e-08 4.493160394980725062e-08 4.560998913675019627e-08 4.578084804173499015e-08 4.547365665394267830e-08 4.533608399599217436e-08 4.541746258523908195e-08 4.556412204705254398e-08 4.537474461711765804e-08 4.566697081254719684e-08 4.568561662770709272e-08 4.575228474647549486e-08 4.548088853522197379e-08 4.529169464244690360e-08 4.516545700495289069e-08 4.557370197861264237e-08 4.551808961857794696e-08 4.583837464073356979e-08 4.549923437189689397e-08 4.564936734364813084e-08 4.516379201416210616e-08 4.587122111321347933e-08 4.574666590698895851e-08 4.593550955207965798e-08 4.580223215982514130e-08 4.554734045978739720e-08 4.597654967709154305e-08 4.576553745341158396e-08 4.527125811332085049e-08 4.572747234698626733e-08 4.548215913641736695e-08 4.580722013081223315e-08
4.574755793589369293e-08 4.596961836168957808e-08 4.625486138052806094e-08 4.587524108588348251e-08 4.586450346940085501e-08 4.559665418443525365e-08 4.598200850441370221e-08 4.571601396786261214e-08 4.547978297449347678e-08 4.585049416616626716e-08 4.533257212553384519e-08 4.591254866099505491e-08 4.614631016286565013e-08 4.514617154695362317e-08 4.583007889385332785e-08 4.600129252488431760e-08 4.569281552776765578e-08 4.555313422635782312e-08 4.563568020063305104e-08 4.578379582499821799e-08 4.559217051465189517e-08 4.588600363745088602e-08 4.590596468231924064e-08 4.597275821304507151e-08 4.569979561323130972e-08 4.550949157417865583e-08 4.538144480172681963e-08 4.579367622928351617e-08 4.573645559093151939e-08 4.605902292286593041e-08 4.571773427404131131e-08 4.586924211603349136e-08 4.538029353852643264e-08 4.609323044528099355e-08 4.596721748658118373e-08 4.615698148124547298e-08 4.602295645985503454e-08 4.576659476103342585e-08 4.619769416733682099e-08 4.598668525763647504e-08 4.548853259895777671e-08 4.594789246134075723e-08 4.570041672558879693e-08 4.602809249806250974e-08
4.603224359869140334e-08 4.625486138052806094e-08 4.654310572059801243e-08 4.615969162863896352e-08 4.614946381609166471e-08 4.587978752871380279e-08 4.626809831277501479e-08 4.600002199277943657e-08 4.576233035241856859e-08 4.613495428819181760e-08 4.561340028880615497e-08 4.619857448374962061e-08 4.643290754076030893e-08 4.542562478058109348e-08 4.611523069493081760e-08 4.628741547923596793e-08 4.597740343593890807e-08 4.583560376107227526e-08 4.591933379700546024e-08 4.606833830284662590e-08 4.587530464425451349e-08 4.617133446791391491e-08 4.619145062900760400e-08 4.625877951389076961e-08 4.598380265856850669e-08 4.579209558869223727e-08 4.566298368213636607e-08 4.607860531245803498e-08 4.602103241480363058e-08 4.634573681167740039e-08 4.600243419978177655e-08 4.615462797559731752e-08 4.566220130220457050e-08 4.637986717614822694e-08 4.625317533191306010e-08 4.644418523914637045e-08 4.630828859994460156e-08 4.605095659716293192e-08 4.648467876753167123e-08 4.627186704048825394e-08 4.577126428287797997e-08 4.623403924877601660e-08 4.598457569169847815e-08 4.631445564847637053e-08
4.565576989729069872e-08 4.587524108588348251e-08 4.615969162863896352e-08 4.578321786755658214e-08 4.577183921724119306e-08 4.550486203355012654e-08 4.588805211981012079e-08 4.562322569003606535e-08 4.538768995021849358e-08 4.575762362377530590e-08 4.524106124066347190e-08 4.581867660027158756e-08 4.605246502247856072e-08 4.505682895070321135e-08 4.573641494535519472e-08 4.590749963285398191e-08 4.559937432950187508e-08 4.546201117070494595e-08 4.554357641596972561e-08 4.569032361175136264e-08 4.550020935690368598e-08 4.579318937540356213e-08 4.581199058337513928e-08 4.587891266165540780e-08 4.560744488457833308e-08 4.541767781626343954e-08 4.529094301046669686e-08 4.569984185410245417e-08 4.564387581998495333e-08 4.596528407297033945e-08 4.562476587022311566e-08 4.577588223260586288e-08 4.528902726661190661e-08 4.599875945386891306e-08 4.587328107824443371e-08 4.606283844263166624e-08 4.593025925675070280e-08 4.567417985334523204e-08 4.610407927873950701e-08 4.589355381813196505e-08 4.539642668916327920e-08 4.585415507220447122e-08 4.560789635458501222e-08 4.593405353324178329e-08
4.564510117044456070e-08 4.586450346940085501e-08 4.614946381609166471e-08 4.577183921724119306e-08 4.576249497970370627e-08 4.549474739830293669e-08 4.587813396112848541e-08 4.561295060003828226e-08 4.537752261732274470e-08 4.574690755402749485e-08 4.523135271729119966e-08 4.580923546017334866e-08 4.604180432587418154e-08 4.504653350128395123e-08 4.572647918162477415e-08 4.589739045543656205e-08 4.558961564389683050e-08 4.545116726599580596e-08 4.553373837529962453e-08 4.567998762575250691e-08 4.548985600422691224e-08 4.578223037264578558e-08 4.580202554164493268e-08 4.586878618225223776e-08 4.559675414914095786e-08 4.540767237340270901e-08 4.528044842594965817e-08 4.569023799458455170e-08 4.563466137197664875e-08 4.595504880967015750e-08 4.561488787088020255e-08 4.576606332664815579e-08 4.527859946745085422e-08 4.598840139037205459e-08 4.586377833178163579e-08 4.605224293278696526e-08 4.592063652922117719e-08 4.566408425207501138e-08 4.609330438777825322e-08 4.588264089594103895e-08 4.538651951391303106e-08 4.584442827974006971e-08 4.559780568308943224e-08 4.592379383577805488e-08
4.537887181694124234e-08 4.559665418443525365e-08 4.587978752871380279e-08 4.550486203355012654e-08 4.549474739830293669e-08 4.523005157936312611e-08 4.560988848596471235e-08 4.534685265910400527e-08 4.511251615966509474e-08 4.547968421216487165e-08 4.496811899785245809e-08 4.554138646104395858e-08 4.577255263267370233e-08 4.478443781011128024e-08 4.545922497518916673e-08 4.562963243332251528e-08 4.532368921254166903e-08 4.518628959822220169e-08 4.526831195248219840e-08 4.541353459694247519e-08 4.522505703504213480e-08 4.551549088858719742e-08 4.553423968008391410e-08 4.560094826343261580e-08 4.533056201844656118e-08 4.514309130606809138e-08 4.501734952322502396e-08 4.542331471249716569e-08 4.536787401329122332e-08 4.568658739139601956e-08 4.534911143912703635e-08 4.549867041857416543e-08 4.501473781464998627e-08 4.571889577436882653e-08 4.559535493884977621e-08 4.578298405752032854e-08 4.565212626594461319e-08 4.539765885993115215e-08 4.582411471306138941e-08 4.561433003138030753e-08 4.512161638019165356e-08 4.557644342646955097e-08 4.533142429701181202e-08 4.565571004666467514e-08
4.576105145234507620e-08 4.598200850441370221e-08 4.626809831277501479e-08 4.588805211981012079e-08 4.587813396112848541e-08 4.560988848596471235e-08 4.599629249080909629e-08 4.572957120535460695e-08 4.549346721850265966e-08 4.586394660116426577e-08 4.534595973742367909e-08 4.592632405415992307e-08 4.615939768864294848e-08 4.515991779007592276e-08 4.584360684567667237e-08 4.601465273194151871e-08 4.570667526600732142e-08 4.556644539111955328e-08 4.564960722501515503e-08 4.579709146329469821e-08 4.560541831703533778e-08 4.589985806517505779e-08 4.591920211680534776e-08 4.598612453519562910e-08 4.571334368806459687e-08 4.552276680024926113e-08 4.539503532792610404e-08 4.580728088486140997e-08 4.575000956106897522e-08 4.607245940438223224e-08 4.573156681277687298e-08 4.588263036940775335e-08 4.539362134247714332e-08 4.610680276742143255e-08 4.598069617189026439e-08 4.617012983004044784e-08 4.603660991363446134e-08 4.578007834293023750e-08 4.621113738500428434e-08 4.599954453987760013e-08 4.550197762428910541e-08 4.596148115798445758e-08 4.571401752465625448e-08 4.604120125718908355e-08
4.549696359911286071e-08 4.571601396786261214e-08 4.600002199277943657e-08 4.562322569003606535e-08 4.561295060003828226e-08 4.534685265910400527e-08 4.572957120535460695e-08 4.546567102824724115e-08 4.523090569174225715e-08 4.559907036080194844e-08 4.508458697887508474e-08 4.566052651667337768e-08 4.589259601411372916e-08 4.490031486917062901e-08 4.557839196688853459e-08 4.574856978248417268e-08 4.544227137517032238e-08 4.530402840298967791e-08 4.538596716063890473e-08 4.553255649726851138e-08 4.534284498624781593e-08 4.563471537916566620e-08 4.565367799594550770e-08 4.572031344488308383e-08 4.544930188731373690e-08 4.526033775109247788e-08 4.513348822286896115e-08 4.554245713637063215e-08 4.548574743014784482e-08 4.580634612143426088e-08 4.546701140025512873e-08 4.561751090930983493e-08 4.513192598495776653e-08 4.583933083325461008e-08 4.571463326764015178e-08 4.590301378128006754e-08 4.577056942300283248e-08 4.551562472138345913e-08 4.594411681442460234e-08 4.573376499643839087e-08 4.523981420409726755e-08 4.569532509794091183e-08 4.545005602095237043e-08 4.577518256244766108e-08
4.526242509028614685e-08 4.547978297449347678e-08 4.576233035241856859e-08 4.538768995021849358e-08 4.537752261732274470e-08 4.511251615966509474e-08 4.549346721850265966e-08 4.523090569174225715e-08 4.499871818145830748e-08 4.536432484143976948e-08 4.485180310996540746e-08 4.542463179496092477e-08 4.565594093475825972e-08 4.466892331043699922e-08 4.534290236301812439e-08 4.551167677599923578e-08 4.520753143872388109e-08 4.507051465301739475e-08 4.515153160073729172e-08 4.529757097268589260e-08 4.510886085382221296e-08 4.539989687773127695e-08 4.541868218852643501e-08 4.548422539720171539e-08 4.521469267628899136e-08 4.502698872961506257e-08 4.490065964630444924e-08 4.530729400334174787e-08 4.525124674460808712e-08 4.557061117844581733e-08 4.523217912328080659e-08 4.538188459042726568e-08 4.489920860649391133e-08 4.560288650551069048e-08 4.547908663781822540e-08 4.566620272901769790e-08 4.553403543254966695e-08 4.528063742239922431e-08 4.570691904321390465e-08 4.549712590694998388e-08 4.500698646393387769e-08 4.545864047852947818e-08 4.521581285479851122e-08 4.553853711272363066e-08
4.563054770846012192e-08 4.585049416616626716e-08 4.613495428819181760e-08 4.575762362377530590e-08 4.574690755402749485e-08 4.547968421216487165e-08 4.586394660116426577e-08 4.559907036080194844e-08 4.536432484143976948e-08 4.573393712502710637e-08 4.521674084510609653e-08 4.579424315347445659e-08 4.602769994078256738e-08 4.503239732536863521e-08 4.571199990516102231e-08 4.588243280653920602e-08 4.557532151383282662e-08 4.543727627650404609e-08 4.551910960879975319e-08 4.566632948659055283e-08 4.547560072740399058e-08 4.576902756738545292e-08 4.578799800090522558e-08 4.585433413059920135e-08 4.558297305662730237e-08 4.539328405137680932e-08 4.526624333112751083e-08 4.567570455493993830e-08 4.561918107996277014e-08 4.594113308283004856e-08 4.560024024657900864e-08 4.575128668941565588e-08 4.526435382491937627e-08 4.597431207172555102e-08 4.584898640765597159e-08 4.603808304201824894e-08 4.590504135306496777e-08 4.564930712560363312e-08 4.607943501897113084e-08 4.586841841998337190e-08 4.537262143569997750e-08 4.582884455341562946e-08 4.558344358437993265e-08 4.590933161681368755e-08
4.511502317934856724e-08 4.533257212553384519e-08 4.561340028880615497e-08 4.524106124066347190e-08 4.523135271729119966e-08 4.496811899785245809e-08 4.534595973742367909e-08 4.508458697887508474e-08 4.485180310996540746e-08 4.521674084510609653e-08 4.471014574969171373e-08 4.527754214648121568e-08 4.550762334561345903e-08 4.452683760137221997e-08 4.519609183415685771e-08 4.536460430903829236e-08 4.506063472514227051e-08 4.492488425457541119e-08 4.500633510755373932e-08 4.515047302747775463e-08 4.496286609936551510e-08 4.525205334298333470e-08 4.527091340156086770e-08 4.533621018143309135e-08 4.506779073054850273e-08 4.488230937450691607e-08 4.475702654510120750e-08 4.516025249869757251e-08 4.510491633368508155e-08 4.542188525379171851e-08 4.508584232795487176e-08 4.523476255772734656e-08 4.475411650725314711e-08 4.545385260048110867e-08 4.533114625010522254e-08 4.551708188787513481e-08 4.538868509589864747e-08 4.513547166238148670e-08 4.555827099276157448e-08 4.535036428769733060e-08 4.486080798088605850e-08 4.531170360668404999e-08 4.506889588375391106e-08 4.539039316668232735e-08
4.569237413429476751e-08 4.591254866099505491e-08 4.619857448374962061e-08 4.581867660027158756e-08 4.580923546017334866e-08 4.554138646104395858e-08 4.592632405415992307e-08 4.566052651667337768e-08 4.542463179496092477e-08 4.579424315347445659e-08 4.527754214648121568e-08 4.585763930829646132e-08 4.608971222926450726e-08 4.509175935286230922e-08 4.577464321725063663e-08 4.594569184786626626e-08 4.563773431963020141e-08 4.549756523279697200e-08 4.558060573571597606e-08 4.572802783964808017e-08 4.553686951504401568e-08 4.583022629055132608e-08 4.585016285881912846e-08 4.591696187777658806e-08 4.564424125670388521e-08 4.545440515303078697e-08 4.532641911067353954e-08 4.573824129731193581e-08 4.568166651952369214e-08 4.600337908382808812e-08 4.566278016720202674e-08 4.581381280344411111e-08 4.532530134375896181e-08 4.603683850873341298e-08 4.591156090959562111e-08 4.610075880620077042e-08 4.596712442179524024e-08 4.571127864426550272e-08 4.614140405789074384e-08 4.592993556326547246e-08 4.543373510400954460e-08 4.589249977366537056e-08 4.564534435693490609e-08 4.597220664794299059e-08
4.592458808734527352e-08 4.614631016286565013e-08 4.643290754076030893e-08 4.605246502247856072e-08 4.604180432587418154e-08 4.577255263267370233e-08 4.615939768864294848e-08 4.589259601411372916e-08 4.565594093475825972e-08 4.602769994078256738e-08 4.550762334561345903e-08 4.608971222926450726e-08 4.632502677567508799e-08 4.532112342695953896e-08 4.600692222235520587e-08 4.617858136195144050e-08 4.586885932504799688e-08 4.572939392375626015e-08 4.581217838057221823e-08 4.596035705093630040e-08 4.576819887238564941e-08 4.606343727842778711e-08 4.608335334961700455e-08 4.615009332780093617e-08 4.587684730315719000e-08 4.568553003736775712e-08 4.555649995046019448e-08 4.597031584973574190e-08 4.591355655850865786e-08 4.623723077045805158e-08 4.589340826390428208e-08 4.604631372549643610e-08 4.555593571611352014e-08 4.627133157312303350e-08 4.614488588789340007e-08 4.633534495287186614e-08 4.620135532255920750e-08 4.594358331812915090e-08 4.637621176692191668e-08 4.616437998596004941e-08 4.566470119618064538e-08 4.612513831051015737e-08 4.587736315061123378e-08 4.620535423707660367e-08
4.493160394980725062e-08 4.514617154695362317e-08 4.542562478058109348e-08 4.505682895070321135e-08 4.504653350128395123e-08 4.478443781011128024e-08 4.515991779007592276e-08 4.490031486917062901e-08 4.466892331043699922e-08 4.503239732536863521e-08 4.452683760137221997e-08 4.509175935286230922e-08 4.532112342695953896e-08 4.434684242702272937e-08 4.501078049978353976e-08 4.517851712711157284e-08 4.487570537138474519e-08 4.474244705500029584e-08 4.482249371595409998e-08 4.496564775592267918e-08 4.477952687641820342e-08 4.506728161055777559e-08 4.508488387233159344e-08 4.515028241894254984e-08 4.488386303000317698e-08 4.469885212625914925e-08 4.457529472538469740e-08 4.497469226030046267e-08 4.492048153846515665e-08 4.523609175847638196e-08 4.490161685944909767e-08 4.504938252000229900e-08 4.457167984699479497e-08 4.526704210217358529e-08 4.514500367594913584e-08 4.533051483829312365e-08 4.520276377217496635e-08 4.495089187382845566e-08 4.537216864676821120e-08 4.516493579837153663e-08 4.467776372547134999e-08 4.512568534704231448e-08 4.488479560112562301e-08 4.520435988862273243e-08
4.560998913675019627e-08 4.583007889385332785e-08 4.611523069493081760e-08 4.573641494535519472e-08 4.572647918162477415e-08 4.545922497518916673e-08 4.584360684567667237e-08 4.557839196688853459e-08 4.534290236301812439e-08 4.571199990516102231e-08 4.519609183415685771e-08 4.577464321725063663e-08 4.600692222235520587e-08 4.501078049978353976e-08 4.569234938786081878e-08 4.586265210429749618e-08 4.555534794830269903e-08 4.541586032481645199e-08 4.549856209698270687e-08 4.564582816001874000e-08 4.545479860601186701e-08 4.574784623198667165e-08 4.576745374158581328e-08 4.583397583859269471e-08 4.556215499890394704e-08 4.537236706916270722e-08 4.524484936767854039e-08 4.565582277926477747e-08 4.559901402514729123e-08 4.592020273443916222e-08 4.558041985673165953e-08 4.573099915587478551e-08 4.524378046602103760e-08 4.595392865761374789e-08 4.582860330316686484e-08 4.601758488603436286e-08 4.588415303822208539e-08 4.562883962001041187e-08 4.605828260783915293e-08 4.584761284783998773e-08 4.535187452551812758e-08 4.580956898835374317e-08 4.556292136673875045e-08 4.588907582838060901e-08
4.578084804173499015e-08 4.600129252488431760e-08 4.628741547923596793e-08 4.590749963285398191e-08 4.589739045543656205e-08 4.562963243332251528e-08 4.601465273194151871e-08 4.574856978248417268e-08 4.551167677599923578e-08 4.588243280653920602e-08 4.536460430903829236e-08 4.594569184786626626e-08 4.617858136195144050e-08 4.517851712711157284e-08 4.586265210429749618e-08 4.603573941965016091e-08 4.572594383416237459e-08 4.558565151229056895e-08 4.566826554578131616e-08 4.581667021098738383e-08 4.562540321887742235e-08 4.591881451793493454e-08 4.593859921007495720e-08 4.600580838157815204e-08 4.573229853989564854e-08 4.554178019809884565e-08 4.541414568275349666e-08 4.582636803789147730e-08 4.576924918195486083e-08 4.609106301080580030e-08 4.575100389156423686e-08 4.590228762054344944e-08 4.541275411498032074e-08 4.612564545984209855e-08 4.600004572503499643e-08 4.618999786178989013e-08 4.605613800087019724e-08 4.579883983332609829e-08 4.623162242289838304e-08 4.601867552231857449e-08 4.552076053680566526e-08 4.598105451737896452e-08 4.573339875385218063e-08 4.606135036527261251e-08
4.547365665394267830e-08 4.569281552776765578e-08 4.597740343593890807e-08 4.559937432950187508e-08 4.558961564389683050e-08 4.532368921254166903e-08 4.570667526600732142e-08 4.544227137517032238e-08 4.520753143872388109e-08 4.557532151383282662e-08 4.506063472514227051e-08 4.563773431963020141e-08 4.586885932504799688e-08 4.487570537138474519e-08 4.555534794830269903e-08 4.572594383416237459e-08 4.542054818892722644e-08 4.528016090620632205e-08 4.536275765673514307e-08 4.550964870686317121e-08 4.531988204585829124e-08 4.561159822795194105e-08 4.563056443344352119e-08 4.569765238589563586e-08 4.542625113838980120e-08 4.523709835865233975e-08 4.511000920435320794e-08 4.551991599505260595e-08 4.546229678009503249e-08 4.578284053100227030e-08 4.544485565122545032e-08 4.559474107782234893e-08 4.510873228830442334e-08 4.581631731266655883e-08 4.569184790864291172e-08 4.588010301204702631e-08 4.574669130461112344e-08 4.549188208522638068e-08 4.592107941294335849e-08 4.570959073476907847e-08 4.521648063200220544e-08 4.567245131567073839e-08 4.542671486266473041e-08 4.575265035019255079e-08
4.533608399599217436e-08 4.555313422635782312e-08 4.583560376107227526e-08 4.546201117070494595e-08 4.545116726599580596e-08 4.518628959822220169e-08 4.556644539111955328e-08 4.530402840298967791e-08 4.507051465301739475e-08 4.543727627650404609e-08 4.492488425457541119e-08 4.549756523279697200e-08 4.572939392375626015e-08 4.474244705500029584e-08 4.541586032481645199e-08 4.558565151229056895e-08 4.528016090620632205e-08 4.514427320326290808e-08 4.522465567674595525e-08 4.537048698354031186e-08 4.518236968749970043e-08 4.547295252784988019e-08 4.549124608673455171e-08 4.555751753668547350e-08 4.528773686557319831e-08 4.509987512866823218e-08 4.497432736379389899e-08 4.538009112350163815e-08 4.532413932068228386e-08 4.564328557695830720e-08 4.530535671093665838e-08 4.545517499237834982e-08 4.497215766605814533e-08 4.567577782612623180e-08 4.555191054632925067e-08 4.573956947346180731e-08 4.560831439222059279e-08 4.535401779614541715e-08 4.578104241312892308e-08 4.557132685210239603e-08 4.507927924835463523e-08 4.553228579812211684e-08 4.528871040763576024e-08 4.561214932098516982e-08
4.541746258523908195e-08 4.563568020063305104e-08 4.591933379700546024e-08 4.554357641596972561e-08 4.553373837529962453e-08 4.526831195248219840e-08 4.564960722501515503e-08 4.538596716063890473e-08 4.515153160073729172e-08 4.551910960879975319e-08 4.500633510755373932e-08 4.558060573571597606e-08 4.581217838057221823e-08 4.482249371595409998e-08 4.549856209698270687e-08 4.566826554578131616e-08 4.536275765673514307e-08 4.522465567674595525e-08 4.530771305270997585e-08 4.545255524825839912e-08 4.526327517964597175e-08 4.555445030579168216e-08 4.557311936595790685e-08 4.563997225349942627e-08 4.537003978439942467e-08 4.518170702004714873e-08 4.505541005178819703e-08 4.546239693516571383e-08 4.540696000495974654e-08 4.572613800410374190e-08 4.538767962648557507e-08 4.553764285107496092e-08 4.505322520505161729e-08 4.575863887779528146e-08 4.563456064811781115e-08 4.582231369933602613e-08 4.569134783675257132e-08 4.543671127614112744e-08 4.586321967885328383e-08 4.565382948788205214e-08 4.516048027336491792e-08 4.561574736919263600e-08 4.537027560783498574e-08 4.569457724536200653e-08
4.556412204705254398e-08 4.578379582499821799e-08 4.606833830284662590e-08 4.569032361175136264e-08 4.567998762575250691e-08 4.541353459694247519e-08 4.579709146329469821e-08 4.553255649726851138e-08 4.529757097268589260e-08 4.566632948659055283e-08 4.515047302747775463e-08 4.572802783964808017e-08 4.596035705093630040e-08 4.496564775592267918e-08 4.564582816001874000e-08 4.581667021098738383e-08 4.550964870686317121e-08 4.537048698354031186e-08 4.545255524825839912e-08 4.560028141080105815e-08 4.540970360449886905e-08 4.570221026323576618e-08 4.572143358661402285e-08 4.578796188222224641e-08 4.551628993018995509e-08 4.532680061132606015e-08 4.519965252371029630e-08 4.560971154268661759e-08 4.555254961144630002e-08 4.587367975396193774e-08 4.553450611869109901e-08 4.568484293106081035e-08 4.519822647857332871e-08 4.590724755278932985e-08 4.578239484134274449e-08 4.597120656710623470e-08 4.583766430608939970e-08 4.558237756430091506e-08 4.601252686302783197e-08 4.580098441975178524e-08 4.530632892844051703e-08 4.576271109498892971e-08 4.551706390485353393e-08 4.584303277720267020e-08
4.537474461711765804e-08 4.559217051465189517e-08 4.587530464425451349e-08 4.550020935690368598e-08 4.548985600422691224e-08 4.522505703504213480e-08 4.560541831703533778e-08 4.534284498624781593e-08 4.510886085382221296e-08 4.547560072740399058e-08 4.496286609936551510e-08 4.553686951504401568e-08 4.576819887238564941e-08 4.477952687641820342e-08 4.545479860601186701e-08 4.562540321887742235e-08 4.531988204585829124e-08 4.518236968749970043e-08 4.526327517964597175e-08 4.540970360449886905e-08 4.522168989174416008e-08 4.551175606969255979e-08 4.553033782679925214e-08 4.559720089833779126e-08 4.532630367560069737e-08 4.513841934913949800e-08 4.501230626131764943e-08 4.541961492717246331e-08 4.536284982244442994e-08 4.568220761906696149e-08 4.534461821294129440e-08 4.549451299062767145e-08 4.501044000907539423e-08 4.571477825280974628e-08 4.559128776045535051e-08 4.577886855948359210e-08 4.564688049818483653e-08 4.539227040767049273e-08 4.582040538397492696e-08 4.560951243673544126e-08 4.511795253212964101e-08 4.557164807581181088e-08 4.532760044792630105e-08 4.565194630790978410e-08
4.566697081254719684e-08 4.588600363745088602e-08 4.617133446791391491e-08 4.579318937540356213e-08 4.578223037264578558e-08 4.551549088858719742e-08 4.589985806517505779e-08 4.563471537916566620e-08 4.539989687773127695e-08 4.576902756738545292e-08 4.525205334298333470e-08 4.583022629055132608e-08 4.606343727842778711e-08 4.506728161055777559e-08 4.574784623198667165e-08 4.591881451793493454e-08 4.561159822795194105e-08 4.547295252784988019e-08 4.555445030579168216e-08 4.570221026323576618e-08 4.551175606969255979e-08 4.580595733818998388e-08 4.582429697190354586e-08 4.589047771107557556e-08 4.561843621118286183e-08 4.542871407233159520e-08 4.530180849085243239e-08 4.571185737088450985e-08 4.565459061669628933e-08 4.597699685125479843e-08 4.563667022900837478e-08 4.578704681822004267e-08 4.530021700205878142e-08 4.601010953748534371e-08 4.588483905795823130e-08 4.607425965041771336e-08 4.594018367907992113e-08 4.568473142163345196e-08 4.611562461656815992e-08 4.590331917393939025e-08 4.540830100081862296e-08 4.586466791140069200e-08 4.561943593109564297e-08 4.594550926734759195e-08
4.568561662770709272e-08 4.590596468231924064e-08 4.619145062900760400e-08 4.581199058337513928e-08 4.580202554164493268e-08 4.553423968008391410e-08 4.591920211680534776e-08 4.565367799594550770e-08 4.541868218852643501e-08 4.578799800090522558e-08 4.527091340156086770e-08 4.585016285881912846e-08 4.608335334961700455e-08 4.508488387233159344e-08 4.576745374158581328e-08 4.593859921007495720e-08 4.563056443344352119e-08 4.549124608673455171e-08 4.557311936595790685e-08 4.572143358661402285e-08 4.553033782679925214e-08 4.582429697190354586e-08 4.584444729239671007e-08 4.591012627471808920e-08 4.563717956982974320e-08 4.544764341285089920e-08 4.531951436774620518e-08 4.573151970631589744e-08 4.567454955205426157e-08 4.599664795175337903e-08 4.565527807203529178e-08 4.580680600375545179e-08 4.531869268344628623e-08 4.603025686073632382e-08 4.590506373185543534e-08 4.609418355562327022e-08 4.596015115307615266e-08 4.570397157874834144e-08 4.613498848187243001e-08 4.592299312537086995e-08 4.542726260346460437e-08 4.588463356373382703e-08 4.563875466171472833e-08 4.596518050316711702e-08
4.575228474647549486e-08 4.597275821304507151e-08 4.625877951389076961e-08 4.587891266165540780e-08 4.586878618225223776e-08 4.560094826343261580e-08 4.598612453519562910e-08 4.572031344488308383e-08 4.548422539720171539e-08 4.585433413059920135e-08 4.533621018143309135e-08 4.591696187777658806e-08 4.615009332780093617e-08 4.515028241894254984e-08 4.583397583859269471e-08 4.600580838157815204e-08 4.569765238589563586e-08 4.555751753668547350e-08 4.563997225349942627e-08 4.578796188222224641e-08 4.559720089833779126e-08 4.589047771107557556e-08 4.591012627471808920e-08 4.597750091734945613e-08 4.570414340272550673e-08 4.551383091190349345e-08 4.538559971444127649e-08 4.579827516968239383e-08 4.574091644643399437e-08 4.606339877372100300e-08 4.572209115203524398e-08 4.587380321507736629e-08 4.538466878132257219e-08 4.609715451377676298e-08 4.597170703342403811e-08 4.616116554604258387e-08 4.602706914550632199e-08 4.577043218942848721e-08 4.620214693757958408e-08 4.598994421245896358e-08 4.549320415091122268e-08 4.595221686161306716e-08 4.570513599382280211e-08 4.603271319489877772e-08
4.548088853522197379e-08 4.569979561323130972e-08 4.598380265856850669e-08 4.560744488457833308e-08 4.559675414914095786e-08 4.533056201844656118e-08 4.571334368806459687e-08 4.544930188731373690e-08 4.521469267628899136e-08 4.558297305662730237e-08 4.506779073054850273e-08 4.564424125670388521e-08 4.587684730315719000e-08 4.488386303000317698e-08 4.556215499890394704e-08 4.573229853989564854e-08 4.542625113838980120e-08 4.528773686557319831e-08 4.537003978439942467e-08 4.551628993018995509e-08 4.532630367560069737e-08 4.561843621118286183e-08 4.563717956982974320e-08 4.570414340272550673e-08 4.543427026118777927e-08 4.524443641257577723e-08 4.511694955053795119e-08 4.552595191814238335e-08 4.546953635379440630e-08 4.579034189515558353e-08 4.545041209092502865e-08 4.560133488127861481e-08 4.511601253686966086e-08 4.582360956910385307e-08 4.569850646864550147e-08 4.588733820453405271e-08 4.575475489565755793e-08 4.549971008956410975e-08 4.592820927979227701e-08 4.571795401177834854e-08 4.522356918112663371e-08 4.567924065531597850e-08 4.543387211286070868e-08 4.575901869513294604e-08
4.529169464244690360e-08 4.550949157417865583e-08 4.579209558869223727e-08 4.541767781626343954e-08 4.540767237340270901e-08 4.514309130606809138e-08 4.552276680024926113e-08 4.526033775109247788e-08 4.502698872961506257e-08 4.539328405137680932e-08 4.488230937450691607e-08 4.545440515303078697e-08 4.568553003736775712e-08 4.469885212625914925e-08 4.537236706916270722e-08 4.554178019809884565e-08 4.523709835865233975e-08 4.509987512866823218e-08 4.518170702004714873e-08 4.532680061132606015e-08 4.513841934913949800e-08 4.542871407233159520e-08 4.544764341285089920e-08 4.551383091190349345e-08 4.524443641257577723e-08 4.505726914571981678e-08 4.493077307025050809e-08 4.533663860641579633e-08 4.528110016781879879e-08 4.560001948000256719e-08 4.526177002178921918e-08 4.541179049563955808e-08 4.492875962932811972e-08 4.563181829020911430e-08 4.550849450883044428e-08 4.569573466299333650e-08 4.556498596234147786e-08 4.531109594819343873e-08 4.573653443092429775e-08 4.552717371638616876e-08 4.503599227485991945e-08 4.548888041731601314e-08 4.524497075632728873e-08 4.556838784870454933e-08
4.516545700495289069e-08 4.538144480172681963e-08 4.566298368213636607e-08 4.529094301046669686e-08 4.528044842594965817e-08 4.501734952322502396e-08 4.539503532792610404e-08 4.513348822286896115e-08 4.490065964630444924e-08 4.526624333112751083e-08 4.475702654510120750e-08 4.532641911067353954e-08 4.555649995046019448e-08 4.457529472538469740e-08 4.524484936767854039e-08 4.541414568275349666e-08 4.511000920435320794e-08 4.497432736379389899e-08 4.505541005178819703e-08 4.519965252371029630e-08 4.501230626131764943e-08 4.530180849085243239e-08 4.531951436774620518e-08 4.538559971444127649e-08 4.511694955053795119e-08 4.493077307025050809e-08 4.480699018584517186e-08 4.520891686907460179e-08 4.515394673015777735e-08 4.547131910793079411e-08 4.513610382416757513e-08 4.528405311281845310e-08 4.480313523760324451e-08 4.550276072845253355e-08 4.537996723960247902e-08 4.556679640284511248e-08 4.543677220928936600e-08 4.518399759454088791e-08 4.560830386200400427e-08 4.539935391600295417e-08 4.490930949922524913e-08 4.536084770568168965e-08 4.511773005638135255e-08 4.544016180159846090e-08
4.557370197861264237e-08 4.579367622928351617e-08 4.607860531245803498e-08 4.569984185410245417e-08 4.569023799458455170e-08 4.542331471249716569e-08 4.580728088486140997e-08 4.554245713637063215e-08 4.530729400334174787e-08 4.567570455493993830e-08 4.516025249869757251e-08 4.573824129731193581e-08 4.597031584973574190e-08 4.497469226030046267e-08 4.565582277926477747e-08 4.582636803789147730e-08 4.551991599505260595e-08 4.538009112350163815e-08 4.546239693516571383e-08 4.560971154268661759e-08 4.541961492717246331e-08 4.571185737088450985e-08 4.573151970631589744e-08 4.579827516968239383e-08 4.552595191814238335e-08 4.533663860641579633e-08 4.520891686907460179e-08 4.562048787825508522e-08 4.556286569521904260e-08 4.588397874638486153e-08 4.554426185808030288e-08 4.569514931169627050e-08 4.520807623197419478e-08 4.591751372873424952e-08 4.579268549612658699e-08 4.598104888888396044e-08 4.584772837675202348e-08 4.559218871887771856e-08 4.602174785395850256e-08 4.581068875552180938e-08 4.531630161323038708e-08 4.577319273677921203e-08 4.552697864886833283e-08 4.585322569308505581e-08
4.551808961857794696e-08 4.573645559093151939e-08 4.602103241480363058e-08 4.564387581998495333e-08 4.563466137197664875e-08 4.536787401329122332e-08 4.575000956106897522e-08 4.548574743014784482e-08 4.525124674460808712e-08 4.561918107996277014e-08 4.510491633368508155e-08 4.568166651952369214e-08 4.591355655850865786e-08 4.492048153846515665e-08 4.559901402514729123e-08 4.576924918195486083e-08 4.546229678009503249e-08 4.532413932068228386e-08 4.540696000495974654e-08 4.555254961144630002e-08 4.536284982244442994e-08 4.565459061669628933e-08 4.567454955205426157e-08 4.574091644643399437e-08 4.546953635379440630e-08 4.528110016781879879e-08 4.515394673015777735e-08 4.556286569521904260e-08 4.550826215067676902e-08 4.582779874350446467e-08 4.548744145690697619e-08 4.563843279909708977e-08 4.515246496324104542e-08 4.586010038971279870e-08 4.573592429248233849e-08 4.592394359802068587e-08 4.579214387029746811e-08 4.553686970322896822e-08 4.596417177939499614e-08 4.575448023747858558e-08 4.526025999110575680e-08 4.571681062813377006e-08 4.547078782327216324e-08 4.579565231564321153e-08
4.583837464073356979e-08 4.605902292286593041e-08 4.634573681167740039e-08 4.596528407297033945e-08 4.595504880967015750e-08 4.568658739139601956e-08 4.607245940438223224e-08 4.580634612143426088e-08 4.557061117844581733e-08 4.594113308283004856e-08 4.542188525379171851e-08 4.600337908382808812e-08 4.623723077045805158e-08 4.523609175847638196e-08 4.592020273443916222e-08 4.609106301080580030e-08 4.578284053100227030e-08 4.564328557695830720e-08 4.572613800410374190e-08 4.587367975396193774e-08 4.568220761906696149e-08 4.597699685125479843e-08 4.599664795175337903e-08 4.606339877372100300e-08 4.579034189515558353e-08 4.560001948000256719e-08 4.547131910793079411e-08 4.588397874638486153e-08 4.582779874350446467e-08 4.615162290263088682e-08 4.580761882610425830e-08 4.595983831903336867e-08 4.547040459385087444e-08 4.618363537269194704e-08 4.605789121527003828e-08 4.624794596986807438e-08 4.611337443197782736e-08 4.585739864800647534e-08 4.628801641904701406e-08 4.607658050039399924e-08 4.557940950482565643e-08 4.603824492130384347e-08 4.579107310409513764e-08 4.611865479123482370e-08
4.549923437189689397e-08 4.571773427404131131e-08 4.600243419978177655e-08 4.562476587022311566e-08 4.561488787088020255e-08 4.534911143912703635e-08 4.573156681277687298e-08 4.546701140025512873e-08 4.523217912328080659e-08 4.560024024657900864e-08 4.508584232795487176e-08 4.566278016720202674e-08 4.589340826390428208e-08 4.490161685944909767e-08 4.558041985673165953e-08 4.575100389156423686e-08 4.544485565122545032e-08 4.530535671093665838e-08 4.538767962648557507e-08 4.553450611869109901e-08 4.534461821294129440e-08 4.563667022900837478e-08 4.565527807203529178e-08 4.572209115203524398e-08 4.545041209092502865e-08 4.526177002178921918e-08 4.513610382416757513e-08 4.554426185808030288e-08 4.548744145690697619e-08 4.580761882610425830e-08 4.547089037630259444e-08 4.561937137869229958e-08 4.513357119224167582e-08 4.584064057590510350e-08 4.571633563945691721e-08 4.590476629172986451e-08 4.577129185529955553e-08 4.551718963412021172e-08 4.594592796485227868e-08 4.573450674276233806e-08 4.524098334244409065e-08 4.569735309410584901e-08 4.545138843322278870e-08 4.577730405168091905e-08
4.564936734364813084e-08 4.586924211603349136e-08 4.615462797559731752e-08 4.577588223260586288e-08 4.576606332664815579e-08 4.549867041857416543e-08 4.588263036940775335e-08 4.561751090930983493e-08 4.538188459042726568e-08 4.575128668941565588e-08 4.523476255772734656e-08 4.581381280344411111e-08 4.604631372549643610e-08 4.504938252000229900e-08 4.573099915587478551e-08 4.590228762054344944e-08 4.559474107782234893e-08 4.545517499237834982e-08 4.553764285107496092e-08 4.568484293106081035e-08 4.549451299062767145e-08 4.578704681822004267e-08 4.580680600375545179e-08 4.587380321507736629e-08 4.560133488127861481e-08 4.541179049563955808e-08 4.528405311281845310e-08 4.569514931169627050e-08 4.563843279909708977e-08 4.595983831903336867e-08 4.561937137869229958e-08 4.577083085446205364e-08 4.528279008492475592e-08 4.599320586307606508e-08 4.586828900284523031e-08 4.605727011036638145e-08 4.592404159327734584e-08 4.566788639412748010e-08 4.609814073819358622e-08 4.588676541773645356e-08 4.539093447674822420e-08 4.584895074073159591e-08 4.560220523679284099e-08 4.592897402061588744e-08
4.516379201416210616e-08 4.538029353852643264e-08 4.566220130220457050e-08 4.528902726661190661e-08 4.527859946745085422e-08 4.501473781464998627e-08 4.539362134247714332e-08 4.513192598495776653e-08 4.489920860649391133e-08 4.526435382491937627e-08 4.475411650725314711e-08 4.532530134375896181e-08 4.555593571611352014e-08 4.457167984699479497e-08 4.524378046602103760e-08 4.541275411498032074e-08 4.510873228830442334e-08 4.497215766605814533e-08 4.505322520505161729e-08 4.519822647857332871e-08 4.501044000907539423e-08 4.530021700205878142e-08 4.531869268344628623e-08 4.538466878132257219e-08 4.511601253686966086e-08 4.492875962932811972e-08 4.480313523760324451e-08 4.520807623197419478e-08 4.515246496324104542e-08 4.547040459385087444e-08 4.513357119224167582e-08 4.528279008492475592e-08 4.480148068945205553e-08 4.550256811143314834e-08 4.537915702588293730e-08 4.556623812670490799e-08 4.543505264913632479e-08 4.518201704155665001e-08 4.560694211160692136e-08 4.539809060735770508e-08 4.490811923959343591e-08 4.535987123756701219e-08 4.511668445095951207e-08 4.543913455511318369e-08
4.587122111321347933e-08 4.609323044528099355e-08 4.637986717614822694e-08 4.599875945386891306e-08 4.598840139037205459e-08 4.571889577436882653e-08 4.610680276742143255e-08 4.583933083325461008e-08 4.560288650551069048e-08 4.597431207172555102e-08 4.545385260048110867e-08 4.603683850873341298e-08 4.627133157312303350e-08 4.526704210217358529e-08 4.595392865761374789e-08 4.612564545984209855e-08 4.581631731266655883e-08 4.567577782612623180e-08 4.575863887779528146e-08 4.590724755278932985e-08 4.571477825280974628e-08 4.601010953748534371e-08 4.603025686073632382e-08 4.609715451377676298e-08 4.582360956910385307e-08 4.563181829020911430e-08 4.550276072845253355e-08 4.591751372873424952e-08 4.586010038971279870e-08 4.618363537269194704e-08 4.584064057590510350e-08 4.599320586307606508e-08 4.550256811143314834e-08 4.621895084775842014e-08 4.609190749484347057e-08 4.628215730754980579e-08 4.614749408072953383e-08 4.588987629870375628e-08 4.632282078503434369e-08 4.611079430550846772e-08 4.561130367427977487e-08 4.607230675187900849e-08 4.582427546790209085e-08 4.615234260783859704e-08
4.574666590698895851e-08 4.596721748658118373e-08 4.625317533191306010e-08 4.587328107824443371e-08 4.586377833178163579e-08 4.559535493884977621e-08 4.598069617189026439e-08 4.571463326764015178e-08 4.547908663781822540e-08 4.584898640765597159e-08 4.533114625010522254e-08 4.591156090959562111e-08 4.614488588789340007e-08 4.514500367594913584e-08 4.582860330316686484e-08 4.600004572503499643e-08 4.569184790864291172e-08 4.555191054632925067e-08 4.563456064811781115e-08 4.578239484134274449e-08 4.559128776045535051e-08 4.588483905795823130e-08 4.590506373185543534e-08 4.597170703342403811e-08 4.569850646864550147e-08 4.550849450883044428e-08 4.537996723960247902e-08 4.579268549612658699e-08 4.573592429248233849e-08 4.605789121527003828e-08 4.571633563945691721e-08 4.586828900284523031e-08 4.537915702588293730e-08 4.609190749484347057e-08 4.596673598910355557e-08 4.615569454997112238e-08 4.602223926723974870e-08 4.576519798813656583e-08 4.619658011061797506e-08 4.598452367633450152e-08 4.548786144336397969e-08 4.594660013568754385e-08 4.569971432019944501e-08 4.602672063430824177e-08
4.593550955207965798e-08 4.615698148124547298e-08 4.644418523914637045e-08 4.606283844263166624e-08 4.605224293278696526e-08 4.578298405752032854e-08 4.617012983004044784e-08 4.590301378128006754e-08 4.566620272901769790e-08 4.603808304201824894e-08 4.551708188787513481e-08 4.610075880620077042e-08 4.633534495287186614e-08 4.533051483829312365e-08 4.601758488603436286e-08 4.618999786178989013e-08 4.588010301204702631e-08 4.573956947346180731e-08 4.582231369933602613e-08 4.597120656710623470e-08 4.577886855948359210e-08 4.607425965041771336e-08 4.609418355562327022e-08 4.616116554604258387e-08 4.588733820453405271e-08 4.569573466299333650e-08 4.556679640284511248e-08 4.598104888888396044e-08 4.592394359802068587e-08 4.624794596986807438e-08 4.590476629172986451e-08 4.605727011036638145e-08 4.556623812670490799e-08 4.628215730754980579e-08 4.615569454997112238e-08 4.634657003888711711e-08 4.621129137955744174e-08 4.595372524794422293e-08 4.638747466461584169e-08 4.617451457145407879e-08 4.567498930257489605e-08 4.613600438236692313e-08 4.588796597228712289e-08 4.621674819441363110e-08
