3.378954933909331386e-08 3.399367194692829823e-08 3.420129647381325502e-08 3.395206371694509330e-08 3.391624813980127626e-08 3.369632450401979865e-08 3.408003953647527270e-08 3.386071844641689348e-08 3.363659168645066502e-08 3.403112358797668014e-08 3.358140099755583367e-08 3.398037846098410115e-08 3.415699582192773885e-08 3.339475530367806721e-08 3.390552867792912684e-08 3.410975221972736703e-08 3.382331873040276388e-08 3.374447122965326584e-08 3.381651382707577032e-08 3.388650885396211976e-08 3.365559411794736263e-08 3.395233579287279650e-08 3.404825443416380660e-08 3.400634266122291303e-08 3.379106026726300277e-08 3.370132911861122878e-08 3.355525616892425770e-08 3.381896008972252786e-08 3.373317512993140103e-08 3.404827838854328808e-08 3.381134726545925771e-08 3.395921451689862867e-08 3.353126835737184649e-08 3.417281765069216814e-08 3.403249229806855945e-08 3.416273651783500328e-08 3.404313196646572563e-08 3.395253705739752107e-08 3.414543227034578301e-08 3.397918712523132593e-08 3.361556399097623512e-08 3.394076237574868209e-08 3.386009283386436061e-08 3.405300998346389571e-08
3.399367194692829823e-08 3.420244121166159806e-08 3.441055320552817979e-08 3.415813097721309908e-08 3.412186265265088504e-08 3.389836423511959121e-08 3.428765228648221680e-08 3.406513324500793317e-08 3.383785589975756366e-08 3.423764941777503537e-08 3.378202956587084608e-08 3.418631770884362902e-08 3.436602843899213662e-08 3.359316399498199264e-08 3.411121826457073134e-08 3.431787880168057729e-08 3.402776448352551167e-08 3.394825635843822706e-08 3.402036475332651927e-08 3.409159866719381965e-08 3.385806698602971621e-08 3.415902459168642415e-08 3.425625397339302825e-08 3.421279846972501785e-08 3.399423855370014660e-08 3.390425454822243978e-08 3.375450423869225091e-08 3.402487670032840461e-08 3.393690986393028396e-08 3.425651934458951595e-08 3.401524468840979087e-08 3.416478977572099604e-08 3.373200273694202489e-08 3.438308919005059835e-08 3.424002718346211477e-08 3.437286849987749017e-08 3.424999009556227937e-08 3.415832855193751364e-08 3.435446634873820219e-08 3.418610041260514539e-08 3.381668966023622988e-08 3.414751102875987421e-08 3.406610845789664442e-08 3.426066407696816037e-08
3.420129647381325502e-08 3.441055320552817979e-08 3.462374082538652667e-08 3.436785470346071733e-08 3.433006080048365239e-08 3.410442479584825009e-08 3.449824464663622207e-08 3.427296606830807305e-08 3.404384453512222980e-08 3.444748291811882297e-08 3.398689705213399989e-08 3.439513209428419061e-08 3.457831237101774927e-08 3.379608161118301854e-08 3.432014759876333819e-08 3.453000060769273571e-08 3.423649596509990225e-08 3.415500366828952164e-08 3.422699732314301816e-08 3.430008916288922812e-08 3.406347476130873057e-08 3.436862576476904569e-08 3.446593780448764251e-08 3.442331153390774297e-08 3.420128081378363464e-08 3.411068652922134744e-08 3.395904284827322190e-08 3.423375115812015739e-08 3.414362966047442575e-08 3.446658660603829020e-08 3.422354718866037672e-08 3.437296630689747564e-08 3.393716744490184371e-08 3.459490956747095438e-08 3.445009225528851430e-08 3.458406806863807976e-08 3.445929613162829080e-08 3.436757726150274929e-08 3.456527618954952340e-08 3.439567993593029849e-08 3.402196570354092446e-08 3.435612961968885239e-08 3.427520477538516958e-08 3.447048828109486529e-08
3.395206371694509330e-08 3.415813097721309908e-08 3.436785470346071733e-08 3.411720165327084019e-08 3.407973797846726506e-08 3.385809006766398960e-08 3.424465513531815129e-08 3.402340712448571285e-08 3.379722761707960667e-08 3.419493485733512604e-08 3.374163399324672654e-08 3.414458045331205280e-08 3.432323170588959059e-08 3.355336699396177073e-08 3.406930024506844461e-08 3.427571543091697449e-08 3.398643192601428872e-08 3.390703883854166630e-08 3.397866286876785323e-08 3.405004768507173995e-08 3.381678177273898997e-08 3.411617681839792223e-08 3.421269231269748335e-08 3.417086792906234691e-08 3.395292010731964418e-08 3.386311056460567851e-08 3.371495251350000538e-08 3.398252621623065191e-08 3.389511305449730546e-08 3.421323853370328377e-08 3.397420266783510879e-08 3.412290043218809430e-08 3.369195343928435899e-08 3.433866178634776320e-08 3.419744326810759070e-08 3.432909013253347653e-08 3.420693922387573821e-08 3.411641629913736105e-08 3.431112842729791633e-08 3.414342500833214057e-08 3.377651547430892298e-08 3.410482479951785005e-08 3.402436404456369147e-08 3.421794200275446888e-08
3.391624813980127626e-08 3.412186265265088504e-08 3.433006080048365239e-08 3.407973797846726506e-08 3.404474720144516752e-08 3.382265755428030601e-08 3.420839750125792034e-08 3.398817771491008116e-08 3.376322865765994748e-08 3.415939037448872459e-08 3.370791751547061175e-08 3.410871250701541199e-08 3.428550386559631998e-08 3.352072840424662513e-08 3.403308101325527195e-08 3.423828071662938136e-08 3.395066644742419378e-08 3.387176801978486918e-08 3.394399888132176287e-08 3.401468787825274866e-08 3.378273250666791740e-08 3.408003973923560425e-08 3.417608810249105547e-08 3.413437848250144712e-08 3.391834787765906573e-08 3.382832316978316570e-08 3.368209830452975355e-08 3.394688696873079264e-08 3.385997730392435774e-08 3.417668302141473043e-08 3.393853800224597602e-08 3.408704016751278817e-08 3.365770142672953761e-08 3.430139391013621372e-08 3.416120807112092696e-08 3.429105332932104264e-08 3.417120899781681147e-08 3.408041778545394516e-08 3.427385934611738002e-08 3.410805331834323520e-08 3.374225713702553022e-08 3.406901901237593385e-08 3.398788648214606572e-08 3.418183160758531955e-08
3.369632450401979865e-08 3.389836423511959121e-08 3.410442479584825009e-08 3.385809006766398960e-08 3.382265755428030601e-08 3.360765682115921591e-08 3.398462835474326479e-08 3.376738799380598404e-08 3.354541370928499134e-08 3.393734788986270122e-08 3.349136786776260273e-08 3.388735866109715100e-08 3.406164926215702952e-08 3.330672264292944557e-08 3.381118878582032910e-08 3.401340631419168999e-08 3.372924061291556275e-08 3.365282801521262083e-08 3.372472123370918131e-08 3.379312608928171035e-08 3.356533887148243251e-08 3.385852821450190299e-08 3.395174127005192970e-08 3.391126948187924873e-08 3.369958990946749634e-08 3.361012296025136830e-08 3.346682423976815523e-08 3.372431909124122825e-08 3.364107867241933029e-08 3.395332858437246237e-08 3.371884205203586270e-08 3.386576199894894846e-08 3.344206404381047285e-08 3.407455793877658144e-08 3.393711438749766613e-08 3.406528934997323878e-08 3.394766800279044486e-08 3.385881826755842533e-08 3.404952427220427906e-08 3.388487244313500166e-08 3.352569825354453758e-08 3.384650751693417263e-08 3.376605790601113772e-08 3.395881023888199090e-08
3.408003953647527270e-08 3.428765228648221680e-08 3.449824464663622207e-08 3.424465513531815129e-08 3.420839750125792034e-08 3.398462835474326479e-08 3.437574469279564655e-08 3.415153979130896143e-08 3.392486873292486934e-08 3.432527054927472543e-08 3.386851507706819729e-08 3.427389163717143696e-08 3.445374665098785696e-08 3.367953062233741067e-08 3.419787872941318496e-08 3.440567193248883227e-08 3.411473759230091436e-08 3.403452317455094828e-08 3.410679622137940954e-08 3.417918902451812493e-08 3.394442617842814502e-08 3.424629192749772669e-08 3.434271638065495280e-08 3.430083274968985957e-08 3.408132810944476109e-08 3.399052872329540791e-08 3.384132542633899201e-08 3.411155764303528162e-08 3.402303449729922129e-08 3.434356384995522020e-08 3.410209403719121172e-08 3.425104846738322027e-08 3.381839286540548035e-08 3.447037112538135662e-08 3.432708492956229279e-08 3.445922838642931233e-08 3.433686459631996432e-08 3.424551472015986413e-08 3.444163322499429503e-08 3.427365458954641448e-08 3.390341403146631664e-08 3.423397604142108206e-08 3.415263555716221310e-08 3.434774939193248807e-08
3.386071844641689348e-08 3.406513324500793317e-08 3.427296606830807305e-08 3.402340712448571285e-08 3.398817771491008116e-08 3.376738799380598404e-08 3.415153979130896143e-08 3.393349678260962915e-08 3.370881988378206013e-08 3.410325254295394781e-08 3.365360126777780633e-08 3.405199513539020406e-08 3.422834625175941237e-08 3.346720601276998518e-08 3.397715369454014289e-08 3.418146236805760205e-08 3.389478706366586336e-08 3.381619215051536403e-08 3.388873362012338627e-08 3.395836110947137654e-08 3.372738656291897115e-08 3.402360690141406482e-08 3.412003816766990324e-08 3.407848518570946724e-08 3.386319830270745369e-08 3.377290533673741239e-08 3.362791888131904309e-08 3.389010580518621568e-08 3.380479101986967258e-08 3.411955579456530209e-08 3.388332952752215571e-08 3.403113427934640878e-08 3.360308563853724693e-08 3.424382300893184193e-08 3.410418926588629198e-08 3.423387973398550664e-08 3.411483139918966801e-08 3.402461762759445321e-08 3.421640276162450676e-08 3.405117178625411456e-08 3.368695317583736027e-08 3.401252024074837031e-08 3.393150096454885754e-08 3.412460453200307940e-08
3.363659168645066502e-08 3.383785589975756366e-08 3.404384453512222980e-08 3.379722761707960667e-08 3.376322865765994748e-08 3.354541370928499134e-08 3.392486873292486934e-08 3.370881988378206013e-08 3.348783981515283747e-08 3.387729883777329085e-08 3.343335798360332213e-08 3.382682985165012799e-08 3.399996607908660185e-08 3.324910642885364429e-08 3.375172262234800908e-08 3.395349396463234278e-08 3.367020036533282820e-08 3.359310601907470798e-08 3.366543476444430013e-08 3.373396948933887744e-08 3.350544792332695328e-08 3.379768962373274114e-08 3.389257080599240074e-08 3.385241018218560610e-08 3.364058980735361733e-08 3.355050764474211562e-08 3.340851430914212646e-08 3.366520678194451709e-08 3.358147985978051375e-08 3.389235743474653040e-08 3.365944904703206493e-08 3.380586110493002176e-08 3.338277416939568652e-08 3.401452461514229667e-08 3.387723889908518251e-08 3.400428615689982022e-08 3.388860180845708337e-08 3.379901935727518830e-08 3.398885961163513149e-08 3.382557662827860719e-08 3.346608923843478041e-08 3.378704122078805791e-08 3.370591385617896377e-08 3.389796878780661679e-08
3.403112358797668014e-08 3.423764941777503537e-08 3.444748291811882297e-08 3.419493485733512604e-08 3.415939037448872459e-08 3.393734788986270122e-08 3.432527054927472543e-08 3.410325254295394781e-08 3.387729883777329085e-08 3.427710592092247695e-08 3.382169053554457195e-08 3.422447805029693828e-08 3.440358714755641398e-08 3.363295586907025938e-08 3.414861760038962932e-08 3.435515106118431064e-08 3.406580408447475382e-08 3.398612211733047767e-08 3.405902408354506501e-08 3.412954294566100849e-08 3.389695121429721475e-08 3.419700041851679392e-08 3.429317813852015367e-08 3.425067908144872319e-08 3.403355226018576568e-08 3.394284412853876994e-08 3.379572486137677362e-08 3.406203144413579418e-08 3.397529016589067277e-08 3.429329326900148988e-08 3.405403328502926913e-08 3.420250171340825388e-08 3.377148457953189624e-08 3.441906818242135709e-08 3.427711057104560343e-08 3.440832806296625692e-08 3.428754626773593437e-08 3.419688533602790775e-08 3.439093724858463844e-08 3.422397157224494069e-08 3.385597204253062929e-08 3.418440918637423261e-08 3.410355625756042800e-08 3.429763209457967469e-08
3.358140099755583367e-08 3.378202956587084608e-08 3.398689705213399989e-08 3.374163399324672654e-08 3.370791751547061175e-08 3.349136786776260273e-08 3.386851507706819729e-08 3.365360126777780633e-08 3.343335798360332213e-08 3.382169053554457195e-08 3.338011282011686840e-08 3.377143267252846736e-08 3.394340180599906516e-08 3.319583793024011635e-08 3.369632838873647837e-08 3.389706094649840662e-08 3.361492015754613755e-08 3.353861520969774293e-08 3.361107125664336152e-08 3.367875047039301044e-08 3.345149582448986204e-08 3.374172428348213138e-08 3.383616307180757715e-08 3.379599604096729019e-08 3.358593354693662753e-08 3.349608275276523174e-08 3.335544703483006439e-08 3.360953321983664933e-08 3.352738341574534277e-08 3.383624965762283699e-08 3.360449186356715151e-08 3.375060215811411275e-08 3.332928736715970131e-08 3.395698149954649656e-08 3.382101762948156528e-08 3.394694333667854788e-08 3.383286180258545712e-08 3.374360336803560725e-08 3.393208978380691500e-08 3.377007509271413337e-08 3.341222152842365083e-08 3.373150043361420485e-08 3.365082842759688227e-08 3.384155396475690757e-08
3.398037846098410115e-08 3.418631770884362902e-08 3.439513209428419061e-08 3.414458045331205280e-08 3.410871250701541199e-08 3.388735866109715100e-08 3.427389163717143696e-08 3.405199513539020406e-08 3.382682985165012799e-08 3.422447805029693828e-08 3.377143267252846736e-08 3.417482084726023216e-08 3.435160889824256369e-08 3.358407721017280246e-08 3.409746115076807504e-08 3.430341621001824563e-08 3.401466260586907690e-08 3.393616839664945631e-08 3.400846813814972984e-08 3.408001466451706969e-08 3.384716131240268529e-08 3.414547687884309610e-08 3.424084845285421402e-08 3.420004280692368265e-08 3.398277768136484262e-08 3.389247762623584305e-08 3.374557484191623273e-08 3.401118747825429966e-08 3.392407608401829419e-08 3.424207430649666200e-08 3.400289486357816368e-08 3.415118701062697720e-08 3.372165972497512530e-08 3.436687086626613814e-08 3.422608287886374187e-08 3.435678478260422505e-08 3.423544835105982515e-08 3.414565506589826932e-08 3.433966903828154038e-08 3.417305915618983141e-08 3.380686823116639920e-08 3.413342693114349308e-08 3.405254953796923216e-08 3.424719186091731302e-08
3.415699582192773885e-08 3.436602843899213662e-08 3.457831237101774927e-08 3.432323170588959059e-08 3.428550386559631998e-08 3.406164926215702952e-08 3.445374665098785696e-08 3.422834625175941237e-08 3.399996607908660185e-08 3.440358714755641398e-08 3.394340180599906516e-08 3.435160889824256369e-08 3.453460402402334070e-08 3.375273077487940965e-08 3.427547896178809186e-08 3.448466902774273558e-08 3.419203586332976252e-08 3.411131708829749903e-08 3.418336111127678461e-08 3.425618063696863436e-08 3.402018070103619188e-08 3.432476060932666433e-08 3.442105265343631214e-08 3.437891182263237758e-08 3.415741166466738375e-08 3.406733877623034841e-08 3.391597903870208085e-08 3.418965478356785818e-08 3.409988358306952223e-08 3.442237054183553574e-08 3.417975788800768066e-08 3.432876771058422223e-08 3.389414821607999726e-08 3.454987970803863190e-08 3.440535337763024321e-08 3.453938071120678492e-08 3.441461348134059375e-08 3.432372380770322018e-08 3.452126586790999692e-08 3.435171117738321718e-08 3.397906935107256622e-08 3.431210591838511694e-08 3.423085068413136811e-08 3.442646645596731468e-08
3.339475530367806721e-08 3.359316399498199264e-08 3.379608161118301854e-08 3.355336699396177073e-08 3.352072840424662513e-08 3.330672264292944557e-08 3.367953062233741067e-08 3.346720601276998518e-08 3.324910642885364429e-08 3.363295586907025938e-08 3.319583793024011635e-08 3.358407721017280246e-08 3.375273077487940965e-08 3.301553228241951100e-08 3.350829345424518992e-08 3.370692479688462724e-08 3.342735528873132637e-08 3.335300036291827506e-08 3.342493664204897817e-08 3.349220752879973368e-08 3.326715450040282437e-08 3.355367699303362732e-08 3.364663330787540864e-08 3.360801749930720930e-08 3.340042397875810524e-08 3.331042359327670364e-08 3.317270436931592086e-08 3.342206486315467786e-08 3.334071324692854536e-08 3.364728836291817085e-08 3.341755653690367813e-08 3.356264478868731261e-08 3.314565492084600558e-08 3.376598791243896390e-08 3.363228876022582004e-08 3.375634259583653661e-08 3.364350591550013353e-08 3.355530044244012410e-08 3.374196966385660511e-08 3.358180724110226777e-08 3.322793017113493603e-08 3.354356458955106374e-08 3.346250486309341388e-08 3.365372556567364240e-08
3.390552867792912684e-08 3.411121826457073134e-08 3.432014759876333819e-08 3.406930024506844461e-08 3.403308101325527195e-08 3.381118878582032910e-08 3.419787872941318496e-08 3.397715369454014289e-08 3.375172262234800908e-08 3.414861760038962932e-08 3.369632838873647837e-08 3.409746115076807504e-08 3.427547896178809186e-08 3.350829345424518992e-08 3.402281683292176935e-08 3.422824136228716301e-08 3.393985517367771498e-08 3.386045015251547992e-08 3.393259275424149289e-08 3.400336736922040903e-08 3.377082858419234696e-08 3.406961324164345085e-08 3.416617091240378461e-08 3.412398832714272373e-08 3.390712386822517225e-08 3.381681786265305758e-08 3.366940907258928423e-08 3.393584820077508298e-08 3.384926608598996389e-08 3.416609780105042451e-08 3.392767560662890660e-08 3.407604047203145007e-08 3.364601836801814843e-08 3.429152362935701114e-08 3.415029408936305374e-08 3.428124434528644233e-08 3.416070047815182021e-08 3.406960879770522997e-08 3.426336850434880661e-08 3.409689409260434211e-08 3.373035515943800655e-08 3.405805250569982847e-08 3.397748749308017956e-08 3.417033468677585038e-08
3.410975221972736703e-08 3.431787880168057729e-08 3.453000060769273571e-08 3.427571543091697449e-08 3.423828071662938136e-08 3.401340631419168999e-08 3.440567193248883227e-08 3.418146236805760205e-08 3.395349396463234278e-08 3.435515106118431064e-08 3.389706094649840662e-08 3.430341621001824563e-08 3.448466902774273558e-08 3.370692479688462724e-08 3.422824136228716301e-08 3.443754323421058246e-08 3.414521662900620512e-08 3.406410447268285829e-08 3.413599584428528865e-08 3.420876280959904980e-08 3.397289202756967953e-08 3.427615540369654632e-08 3.437340788103252569e-08 3.433101846048589228e-08 3.411041746558720677e-08 3.401980259294396028e-08 3.386962267441696004e-08 3.414147601485943347e-08 3.405257625715122655e-08 3.437389197545927766e-08 3.413198376242293407e-08 3.428111983120692669e-08 3.384716611622892655e-08 3.450133229712369854e-08 3.435787069123260597e-08 3.449037904170410211e-08 3.436690175479001126e-08 3.427586071977339746e-08 3.447193247935369026e-08 3.430347364202970034e-08 3.393213945583288856e-08 3.426375835228111915e-08 3.418353023260451105e-08 3.437760888791812843e-08
3.382331873040276388e-08 3.402776448352551167e-08 3.423649596509990225e-08 3.398643192601428872e-08 3.395066644742419378e-08 3.372924061291556275e-08 3.411473759230091436e-08 3.389478706366586336e-08 3.367020036533282820e-08 3.406580408447475382e-08 3.361492015754613755e-08 3.401466260586907690e-08 3.419203586332976252e-08 3.342735528873132637e-08 3.393985517367771498e-08 3.414521662900620512e-08 3.385857243144534542e-08 3.377827273058381104e-08 3.385033306124685366e-08 3.392118689838588425e-08 3.368896999776341792e-08 3.398637141580428483e-08 3.408290657606979875e-08 3.404084084948278707e-08 3.382457055862814368e-08 3.373511723265246661e-08 3.358906030516011966e-08 3.385387362760365828e-08 3.376701361198103446e-08 3.408300322942412057e-08 3.384575001783403105e-08 3.399352133902871838e-08 3.356460700595773883e-08 3.420787570666956993e-08 3.406755204472085198e-08 3.419730242251137184e-08 3.407784098264152362e-08 3.398724174115028778e-08 3.417988955016964419e-08 3.401429252827397795e-08 3.364928351509694132e-08 3.397531181959268101e-08 3.389485245121887732e-08 3.408736398999822470e-08
3.374447122965326584e-08 3.394825635843822706e-08 3.415500366828952164e-08 3.390703883854166630e-08 3.387176801978486918e-08 3.365282801521262083e-08 3.403452317455094828e-08 3.381619215051536403e-08 3.359310601907470798e-08 3.398612211733047767e-08 3.353861520969774293e-08 3.393616839664945631e-08 3.411131708829749903e-08 3.335300036291827506e-08 3.386045015251547992e-08 3.406410447268285829e-08 3.377827273058381104e-08 3.370142456177000653e-08 3.377305573367976404e-08 3.384266391842273939e-08 3.361240275522761801e-08 3.390724764910999751e-08 3.400229651453405228e-08 3.396138305302231878e-08 3.374762259171357029e-08 3.365769547313095346e-08 3.351331991227083210e-08 3.377420671267678104e-08 3.368893272061261443e-08 3.400307635899059679e-08 3.376702270432880771e-08 3.391450132895904181e-08 3.348873707506791297e-08 3.412586231189398182e-08 3.398727968376577648e-08 3.411590036749601119e-08 3.399741664021838868e-08 3.390802999737898683e-08 3.409971424652333013e-08 3.393495079423939841e-08 3.357267835015155087e-08 3.389633530952559745e-08 3.381528230141059875e-08 3.400812475754535469e-08
3.381651382707577032e-08 3.402036475332651927e-08 3.422699732314301816e-08 3.397866286876785323e-08 3.394399888132176287e-08 3.372472123370918131e-08 3.410679622137940954e-08 3.388873362012338627e-08 3.366543476444430013e-08 3.405902408354506501e-08 3.361107125664336152e-08 3.400846813814972984e-08 3.418336111127678461e-08 3.342493664204897817e-08 3.393259275424149289e-08 3.413599584428528865e-08 3.385033306124685366e-08 3.377305573367976404e-08 3.384584754619472202e-08 3.391460557421597591e-08 3.368461035840025494e-08 3.397953835209702671e-08 3.407498868153396749e-08 3.403358848652669200e-08 3.382006999272194574e-08 3.372983020101573188e-08 3.358590155995535491e-08 3.384597078213180168e-08 3.376144871309311381e-08 3.407493884514234902e-08 3.383927398455042754e-08 3.398689882965450374e-08 3.356057837668154344e-08 3.419827199692372217e-08 3.405934463603171099e-08 3.418816468109413135e-08 3.407027699805875828e-08 3.398054738337253446e-08 3.417189100540476325e-08 3.400706697343026346e-08 3.364481567437414678e-08 3.396824925427805343e-08 3.388707587633163001e-08 3.408002575036802146e-08
3.388650885396211976e-08 3.409159866719381965e-08 3.430008916288922812e-08 3.405004768507173995e-08 3.401468787825274866e-08 3.379312608928171035e-08 3.417918902451812493e-08 3.395836110947137654e-08 3.373396948933887744e-08 3.412954294566100849e-08 3.367875047039301044e-08 3.408001466451706969e-08 3.425618063696863436e-08 3.349220752879973368e-08 3.400336736922040903e-08 3.420876280959904980e-08 3.392118689838588425e-08 3.384266391842273939e-08 3.391460557421597591e-08 3.398645749408830161e-08 3.375356874556147096e-08 3.405063025662838393e-08 3.414590885857867861e-08 3.410567521540653355e-08 3.388887739349400995e-08 3.379884228686849268e-08 3.365293887673839643e-08 3.391760457899825753e-08 3.383041821858944512e-08 3.414735741080336204e-08 3.390908290379606192e-08 3.405680719740292742e-08 3.362871103516657137e-08 3.427140842798034453e-08 3.413159548093283765e-08 3.426099682713345358e-08 3.414107357499751780e-08 3.405109594713153446e-08 3.424419885899981785e-08 3.407914081826150973e-08 3.371343693850744872e-08 3.403964767881598485e-08 3.395844622187866121e-08 3.415232237797506274e-08
3.365559411794736263e-08 3.385806698602971621e-08 3.406347476130873057e-08 3.381678177273898997e-08 3.378273250666791740e-08 3.356533887148243251e-08 3.394442617842814502e-08 3.372738656291897115e-08 3.350544792332695328e-08 3.389695121429721475e-08 3.345149582448986204e-08 3.384716131240268529e-08 3.402018070103619188e-08 3.326715450040282437e-08 3.377082858419234696e-08 3.397289202756967953e-08 3.368896999776341792e-08 3.361240275522761801e-08 3.368461035840025494e-08 3.375356874556147096e-08 3.352578973263398184e-08 3.381767758766607063e-08 3.391165728111953416e-08 3.387144642166778046e-08 3.365913483793474820e-08 3.356948378534123431e-08 3.342693884938482579e-08 3.368432827281445390e-08 3.360068220672171485e-08 3.391280986914103260e-08 3.367845480535038777e-08 3.382463781672905339e-08 3.340138627687922142e-08 3.403435568407593424e-08 3.389692647937020861e-08 3.402436581611138882e-08 3.390729111617871869e-08 3.381861730406694139e-08 3.400819211300428430e-08 3.384541722151474634e-08 3.348536261313798875e-08 3.380603498705024896e-08 3.372572352396887835e-08 3.391813129782330751e-08
3.395233579287279650e-08 3.415902459168642415e-08 3.436862576476904569e-08 3.411617681839792223e-08 3.408003973923560425e-08 3.385852821450190299e-08 3.424629192749772669e-08 3.402360690141406482e-08 3.379768962373274114e-08 3.419700041851679392e-08 3.374172428348213138e-08 3.414547687884309610e-08 3.432476060932666433e-08 3.355367699303362732e-08 3.406961324164345085e-08 3.427615540369654632e-08 3.398637141580428483e-08 3.390724764910999751e-08 3.397953835209702671e-08 3.405063025662838393e-08 3.381767758766607063e-08 3.411879590837832923e-08 3.421386985292100988e-08 3.417191498374505979e-08 3.395426423760464545e-08 3.386370725627441129e-08 3.371499075423124788e-08 3.398316013601191053e-08 3.389596959642273318e-08 3.421474924159993717e-08 3.397432494868054158e-08 3.412273641245434488e-08 3.369225026092624466e-08 3.434081459511297729e-08 3.419823893158862928e-08 3.433008100222076789e-08 3.420784164638136703e-08 3.411744524153839317e-08 3.431219253548582324e-08 3.414466079728464738e-08 3.377691566683517924e-08 3.410530621701369072e-08 3.402456009356743560e-08 3.421893082562029291e-08
3.404825443416380660e-08 3.425625397339302825e-08 3.446593780448764251e-08 3.421269231269748335e-08 3.417608810249105547e-08 3.395174127005192970e-08 3.434271638065495280e-08 3.412003816766990324e-08 3.389257080599240074e-08 3.429317813852015367e-08 3.383616307180757715e-08 3.424084845285421402e-08 3.442105265343631214e-08 3.364663330787540864e-08 3.416617091240378461e-08 3.437340788103252569e-08 3.408290657606979875e-08 3.400229651453405228e-08 3.407498868153396749e-08 3.414590885857867861e-08 3.391165728111953416e-08 3.421386985292100988e-08 3.431264047211528212e-08 3.426828715504070060e-08 3.404921181929936186e-08 3.395843951588018516e-08 3.380899727538705161e-08 3.407950272366529659e-08 3.399124362578345263e-08 3.431092381258215250e-08 3.407019703711220590e-08 3.421963028844680575e-08 3.378565984476472148e-08 3.443912569781567763e-08 3.429492322055552330e-08 3.442850778048804885e-08 3.430539538340678879e-08 3.421360699223570720e-08 3.440968842274405391e-08 3.424040952233269604e-08 3.387092599598871228e-08 3.420160372656313706e-08 3.412054985661595718e-08 3.431478662607784954e-08
3.400634266122291303e-08 3.421279846972501785e-08 3.442331153390774297e-08 3.417086792906234691e-08 3.413437848250144712e-08 3.391126948187924873e-08 3.430083274968985957e-08 3.407848518570946724e-08 3.385241018218560610e-08 3.425067908144872319e-08 3.379599604096729019e-08 3.420004280692368265e-08 3.437891182263237758e-08 3.360801749930720930e-08 3.412398832714272373e-08 3.433101846048589228e-08 3.404084084948278707e-08 3.396138305302231878e-08 3.403358848652669200e-08 3.410567521540653355e-08 3.387144642166778046e-08 3.417191498374505979e-08 3.426828715504070060e-08 3.422781989172102818e-08 3.400805550295955166e-08 3.391754432335689219e-08 3.376910168304151746e-08 3.403739046381997636e-08 3.394937918658075172e-08 3.426857705607970373e-08 3.402930179186943010e-08 3.417687403779723900e-08 3.374594992295970035e-08 3.439495583393838715e-08 3.425256299072030281e-08 3.438433571398771170e-08 3.426194811411504737e-08 3.417193774966728385e-08 3.436670515358815111e-08 3.419954250854954353e-08 3.383086850427259939e-08 3.415965284535378822e-08 3.407850631396041661e-08 3.427341853422170732e-08
3.379106026726300277e-08 3.399423855370014660e-08 3.420128081378363464e-08 3.395292010731964418e-08 3.391834787765906573e-08 3.369958990946749634e-08 3.408132810944476109e-08 3.386319830270745369e-08 3.364058980735361733e-08 3.403355226018576568e-08 3.358593354693662753e-08 3.398277768136484262e-08 3.415741166466738375e-08 3.340042397875810524e-08 3.390712386822517225e-08 3.411041746558720677e-08 3.382457055862814368e-08 3.374762259171357029e-08 3.382006999272194574e-08 3.388887739349400995e-08 3.365913483793474820e-08 3.395426423760464545e-08 3.404921181929936186e-08 3.400805550295955166e-08 3.379551196214306378e-08 3.370448520486344256e-08 3.356069656404880932e-08 3.382017781939736703e-08 3.373588997122522188e-08 3.404914836948932765e-08 3.381348304810458087e-08 3.396122160940382595e-08 3.353580244041720266e-08 3.417236070368335987e-08 3.403363941604286333e-08 3.416206302288378821e-08 3.404448070054166072e-08 3.395474397102621872e-08 3.414604891673024161e-08 3.398114148270472752e-08 3.361952223292252541e-08 3.394233422101777705e-08 3.386154318557920025e-08 3.405427116131030321e-08
3.370132911861122878e-08 3.390425454822243978e-08 3.411068652922134744e-08 3.386311056460567851e-08 3.382832316978316570e-08 3.361012296025136830e-08 3.399052872329540791e-08 3.377290533673741239e-08 3.355050764474211562e-08 3.394284412853876994e-08 3.349608275276523174e-08 3.389247762623584305e-08 3.406733877623034841e-08 3.331042359327670364e-08 3.381681786265305758e-08 3.401980259294396028e-08 3.373511723265246661e-08 3.365769547313095346e-08 3.372983020101573188e-08 3.379884228686849268e-08 3.356948378534123431e-08 3.386370725627441129e-08 3.395843951588018516e-08 3.391754432335689219e-08 3.370448520486344256e-08 3.361516136280017452e-08 3.347093515902232108e-08 3.373068712164838595e-08 3.364606315342397694e-08 3.395892419163566764e-08 3.372413968531109671e-08 3.387101700973762458e-08 3.344610306278214518e-08 3.408169413296670477e-08 3.394335209749991245e-08 3.407176825117644476e-08 3.395400923370067202e-08 3.386471150784855916e-08 3.405585649256428779e-08 3.389111318141759124e-08 3.353010499528405823e-08 3.385242167780739407e-08 3.377175280162852693e-08 3.396420524232759112e-08
3.355525616892425770e-08 3.375450423869225091e-08 3.395904284827322190e-08 3.371495251350000538e-08 3.368209830452975355e-08 3.346682423976815523e-08 3.384132542633899201e-08 3.362791888131904309e-08 3.340851430914212646e-08 3.379572486137677362e-08 3.335544703483006439e-08 3.374557484191623273e-08 3.391597903870208085e-08 3.317270436931592086e-08 3.366940907258928423e-08 3.386962267441696004e-08 3.358906030516011966e-08 3.351331991227083210e-08 3.358590155995535491e-08 3.365293887673839643e-08 3.342693884938482579e-08 3.371499075423124788e-08 3.380899727538705161e-08 3.376910168304151746e-08 3.356069656404880932e-08 3.347093515902232108e-08 3.333312203027083725e-08 3.358340463016814742e-08 3.350140029312231439e-08 3.380918168178661636e-08 3.357887605473095378e-08 3.372463543275059390e-08 3.330500527340938203e-08 3.392881465943109670e-08 3.379439458083675451e-08 3.391897453303347860e-08 3.380579361616740272e-08 3.371758051063734235e-08 3.390463885775624733e-08 3.374355336674880268e-08 3.338801987276726108e-08 3.370484647291368175e-08 3.362401907520952442e-08 3.381543146600446397e-08
3.381896008972252786e-08 3.402487670032840461e-08 3.423375115812015739e-08 3.398252621623065191e-08 3.394688696873079264e-08 3.372431909124122825e-08 3.411155764303528162e-08 3.389010580518621568e-08 3.366520678194451709e-08 3.406203144413579418e-08 3.360953321983664933e-08 3.401118747825429966e-08 3.418965478356785818e-08 3.342206486315467786e-08 3.393584820077508298e-08 3.414147601485943347e-08 3.385387362760365828e-08 3.377420671267678104e-08 3.384597078213180168e-08 3.391760457899825753e-08 3.368432827281445390e-08 3.398316013601191053e-08 3.407950272366529659e-08 3.403739046381997636e-08 3.382017781939736703e-08 3.373068712164838595e-08 3.358340463016814742e-08 3.385189701274658977e-08 3.376245905558052744e-08 3.407997776876424491e-08 3.384119384452061815e-08 3.398940017141441085e-08 3.355984765120714039e-08 3.420566808933396636e-08 3.406413431926538847e-08 3.419520963790918798e-08 3.407430925906853464e-08 3.398297168521164503e-08 3.417805276058095310e-08 3.401128055090152947e-08 3.364402502263167949e-08 3.397268555036097241e-08 3.389106339314459763e-08 3.408496017610973454e-08
3.373317512993140103e-08 3.393690986393028396e-08 3.414362966047442575e-08 3.389511305449730546e-08 3.385997730392435774e-08 3.364107867241933029e-08 3.402303449729922129e-08 3.380479101986967258e-08 3.358147985978051375e-08 3.397529016589067277e-08 3.352738341574534277e-08 3.392407608401829419e-08 3.409988358306952223e-08 3.334071324692854536e-08 3.384926608598996389e-08 3.405257625715122655e-08 3.376701361198103446e-08 3.368893272061261443e-08 3.376144871309311381e-08 3.383041821858944512e-08 3.360068220672171485e-08 3.389596959642273318e-08 3.399124362578345263e-08 3.394937918658075172e-08 3.373588997122522188e-08 3.364606315342397694e-08 3.350140029312231439e-08 3.376245905558052744e-08 3.367852715413778639e-08 3.399136740521055404e-08 3.375557527471800536e-08 3.390290258092215248e-08 3.347703647960421689e-08 3.411467961462391318e-08 3.397549452338426221e-08 3.410453818733840760e-08 3.398671612436216545e-08 3.389637398723908603e-08 3.408790675485427945e-08 3.392315393817189034e-08 3.356055877425940678e-08 3.388446837510977600e-08 3.380426547989090818e-08 3.399566007965818745e-08
3.404827838854328808e-08 3.425651934458951595e-08 3.446658660603829020e-08 3.421323853370328377e-08 3.417668302141473043e-08 3.395332858437246237e-08 3.434356384995522020e-08 3.411955579456530209e-08 3.389235743474653040e-08 3.429329326900148988e-08 3.383624965762283699e-08 3.424207430649666200e-08 3.442237054183553574e-08 3.364728836291817085e-08 3.416609780105042451e-08 3.437389197545927766e-08 3.408300322942412057e-08 3.400307635899059679e-08 3.407493884514234902e-08 3.414735741080336204e-08 3.391280986914103260e-08 3.421474924159993717e-08 3.431092381258215250e-08 3.426857705607970373e-08 3.404914836948932765e-08 3.395892419163566764e-08 3.380918168178661636e-08 3.407997776876424491e-08 3.399136740521055404e-08 3.431234308893496871e-08 3.407027881070560596e-08 3.421928653862039831e-08 3.378659824305216779e-08 3.443870721716505734e-08 3.429555053950424900e-08 3.442792209265446308e-08 3.430475003720372672e-08 3.421376721964471543e-08 3.440988907390851107e-08 3.424192555085099192e-08 3.387167880409254293e-08 3.420243450764234683e-08 3.412129976512133180e-08 3.431623395943910223e-08
3.381134726545925771e-08 3.401524468840979087e-08 3.422354718866037672e-08 3.397420266783510879e-08 3.393853800224597602e-08 3.371884205203586270e-08 3.410209403719121172e-08 3.388332952752215571e-08 3.365944904703206493e-08 3.405403328502926913e-08 3.360449186356715151e-08 3.400289486357816368e-08 3.417975788800768066e-08 3.341755653690367813e-08 3.392767560662890660e-08 3.413198376242293407e-08 3.384575001783403105e-08 3.376702270432880771e-08 3.383927398455042754e-08 3.390908290379606192e-08 3.367845480535038777e-08 3.397432494868054158e-08 3.407019703711220590e-08 3.402930179186943010e-08 3.381348304810458087e-08 3.372413968531109671e-08 3.357887605473095378e-08 3.384119384452061815e-08 3.375557527471800536e-08 3.407027881070560596e-08 3.383506627923688437e-08 3.398133949642634719e-08 3.355413595621877368e-08 3.419415127506662427e-08 3.405432070749069259e-08 3.418399878418223860e-08 3.406498840752168292e-08 3.397553047740776206e-08 3.416741497894172937e-08 3.400235609441957988e-08 3.363829863212955358e-08 3.396305559140458987e-08 3.388230947108161654e-08 3.407523278111828613e-08
3.395921451689862867e-08 3.416478977572099604e-08 3.437296630689747564e-08 3.412290043218809430e-08 3.408704016751278817e-08 3.386576199894894846e-08 3.425104846738322027e-08 3.403113427934640878e-08 3.380586110493002176e-08 3.420250171340825388e-08 3.375060215811411275e-08 3.415118701062697720e-08 3.432876771058422223e-08 3.356264478868731261e-08 3.407604047203145007e-08 3.428111983120692669e-08 3.399352133902871838e-08 3.391450132895904181e-08 3.398689882965450374e-08 3.405680719740292742e-08 3.382463781672905339e-08 3.412273641245434488e-08 3.421963028844680575e-08 3.417687403779723900e-08 3.396122160940382595e-08 3.387101700973762458e-08 3.372463543275059390e-08 3.398940017141441085e-08 3.390290258092215248e-08 3.421928653862039831e-08 3.398133949642634719e-08 3.413084273180290833e-08 3.370030242615222939e-08 3.434427275363575305e-08 3.420386737687993181e-08 3.433452007773357867e-08 3.421466720799280020e-08 3.412339329044224089e-08 3.431724321219612990e-08 3.415012190449549060e-08 3.378477440369063703e-08 3.411206488512117526e-08 3.403059003788962715e-08 3.422427976013871135e-08
3.353126835737184649e-08 3.373200273694202489e-08 3.393716744490184371e-08 3.369195343928435899e-08 3.365770142672953761e-08 3.344206404381047285e-08 3.381839286540548035e-08 3.360308563853724693e-08 3.338277416939568652e-08 3.377148457953189624e-08 3.332928736715970131e-08 3.372165972497512530e-08 3.389414821607999726e-08 3.314565492084600558e-08 3.364601836801814843e-08 3.384716611622892655e-08 3.356460700595773883e-08 3.348873707506791297e-08 3.356057837668154344e-08 3.362871103516657137e-08 3.340138627687922142e-08 3.369225026092624466e-08 3.378565984476472148e-08 3.374594992295970035e-08 3.353580244041720266e-08 3.344610306278214518e-08 3.330500527340938203e-08 3.355984765120714039e-08 3.347703647960421689e-08 3.378659824305216779e-08 3.355413595621877368e-08 3.370030242615222939e-08 3.327971040135165734e-08 3.390709484733573903e-08 3.377122181281850662e-08 3.389741323355404727e-08 3.378198929516064525e-08 3.369341304357845413e-08 3.388243764425541259e-08 3.371993235609470080e-08 3.336227692777056593e-08 3.368140018607530195e-08 3.360104903577301045e-08 3.379228331297496492e-08
3.417281765069216814e-08 3.438308919005059835e-08 3.459490956747095438e-08 3.433866178634776320e-08 3.430139391013621372e-08 3.407455793877658144e-08 3.447037112538135662e-08 3.424382300893184193e-08 3.401452461514229667e-08 3.441906818242135709e-08 3.395698149954649656e-08 3.436687086626613814e-08 3.454987970803863190e-08 3.376598791243896390e-08 3.429152362935701114e-08 3.450133229712369854e-08 3.420787570666956993e-08 3.412586231189398182e-08 3.419827199692372217e-08 3.427140842798034453e-08 3.403435568407593424e-08 3.434081459511297729e-08 3.443912569781567763e-08 3.439495583393838715e-08 3.417236070368335987e-08 3.408169413296670477e-08 3.392881465943109670e-08 3.420566808933396636e-08 3.411467961462391318e-08 3.443870721716505734e-08 3.419415127506662427e-08 3.434427275363575305e-08 3.390709484733573903e-08 3.456900426613573834e-08 3.442213172725871742e-08 3.455767923909035988e-08 3.443145357453579218e-08 3.433906317467880462e-08 3.453816106266523419e-08 3.436698191669835308e-08 3.399306594772111979e-08 3.432762655366330564e-08 3.424627966620535663e-08 3.444231642569241503e-08
3.403249229806855945e-08 3.424002718346211477e-08 3.445009225528851430e-08 3.419744326810759070e-08 3.416120807112092696e-08 3.393711438749766613e-08 3.432708492956229279e-08 3.410418926588629198e-08 3.387723889908518251e-08 3.427711057104560343e-08 3.382101762948156528e-08 3.422608287886374187e-08 3.440535337763024321e-08 3.363228876022582004e-08 3.415029408936305374e-08 3.435787069123260597e-08 3.406755204472085198e-08 3.398727968376577648e-08 3.405934463603171099e-08 3.413159548093283765e-08 3.389692647937020861e-08 3.419823893158862928e-08 3.429492322055552330e-08 3.425256299072030281e-08 3.403363941604286333e-08 3.394335209749991245e-08 3.379439458083675451e-08 3.406413431926538847e-08 3.397549452338426221e-08 3.429555053950424900e-08 3.405432070749069259e-08 3.420386737687993181e-08 3.377122181281850662e-08 3.442213172725871742e-08 3.428005595885379093e-08 3.441161354616177187e-08 3.428903585636632200e-08 3.419793419800654942e-08 3.439324391994327063e-08 3.422558843553952985e-08 3.385648999216338972e-08 3.418632349534213414e-08 3.410553835775198139e-08 3.430000737002162643e-08
3.416273651783500328e-08 3.437286849987749017e-08 3.458406806863807976e-08 3.432909013253347653e-08 3.429105332932104264e-08 3.406528934997323878e-08 3.445922838642931233e-08 3.423387973398550664e-08 3.400428615689982022e-08 3.440832806296625692e-08 3.394694333667854788e-08 3.435678478260422505e-08 3.453938071120678492e-08 3.375634259583653661e-08 3.428124434528644233e-08 3.449037904170410211e-08 3.419730242251137184e-08 3.411590036749601119e-08 3.418816468109413135e-08 3.426099682713345358e-08 3.402436581611138882e-08 3.433008100222076789e-08 3.442850778048804885e-08 3.438433571398771170e-08 3.416206302288378821e-08 3.407176825117644476e-08 3.391897453303347860e-08 3.419520963790918798e-08 3.410453818733840760e-08 3.442792209265446308e-08 3.418399878418223860e-08 3.433452007773357867e-08 3.389741323355404727e-08 3.455767923909035988e-08 3.441161354616177187e-08 3.454774839889853814e-08 3.442083880589370410e-08 3.432870038334729223e-08 3.452772277269767389e-08 3.435593504696961394e-08 3.398312256823489798e-08 3.431744931528788736e-08 3.423620810321624843e-08 3.443210613029412934e-08
