4.494650758511540826e-08 4.516425668524874990e-08 4.543385973696026115e-08 4.514323336294097275e-08 4.504544512170663404e-08 4.478245590981225630e-08 4.518467747763567532e-08 4.489278605037481788e-08 4.467107692575087013e-08 4.501650264634703788e-08 4.459322565597853487e-08 4.516989905470386039e-08 4.531279467450260354e-08 4.437333668708432531e-08 4.507924321753763284e-08 4.521132553995048417e-08 4.487800246127851984e-08 4.479071818788414002e-08 4.485847626656579807e-08 4.501782067426226260e-08 4.477177903246607590e-08 4.512812792369301857e-08 4.513444070676524443e-08 4.512602413875478742e-08 4.497493860489728742e-08 4.468974322488624755e-08 4.457832605162572696e-08 4.505205298353033012e-08 4.493955623634396515e-08 4.524594890030418961e-08 4.495509758016809919e-08 4.499180904504866525e-08 4.462290001616751291e-08 4.531860734483714568e-08 4.524130129457117362e-08 4.535141875159292873e-08 4.528030064999076522e-08 4.501886120061919076e-08 4.540495165013631663e-08 4.523460514500029217e-08 4.470899038080814299e-08 4.514346520421271046e-08 4.493851861556991975e-08 4.519258341228505746e-08
4.516425668524874990e-08 4.539025937819042174e-08 4.565870867841649229e-08 4.536615799471496584e-08 4.526789302182758351e-08 4.500249913248070939e-08 4.540738410370336295e-08 4.511504294793324319e-08 4.489235685696719805e-08 4.523911617451112388e-08 4.481273363676479020e-08 4.539207073376567287e-08 4.553731954806710838e-08 4.459197430500414818e-08 4.530258937439059764e-08 4.543442506244501741e-08 4.510013389990552425e-08 4.501247628286757837e-08 4.508009919404839830e-08 4.524051457184739295e-08 4.499288200877217104e-08 4.535061971437317614e-08 4.535797266901948985e-08 4.535055126702133252e-08 4.519661875838313576e-08 4.490998063352582899e-08 4.479886128029567120e-08 4.527514615246518305e-08 4.516180747797146645e-08 4.546819635597354051e-08 4.517732588459551915e-08 4.521347747910359887e-08 4.484306009814198780e-08 4.554420637335355481e-08 4.546565215690518372e-08 4.557595018824040795e-08 4.550303822196205834e-08 4.524046825740614307e-08 4.563013952983525534e-08 4.545955998195121364e-08 4.493010085741115700e-08 4.536662238535321606e-08 4.515991687678987817e-08 4.541558037775396979e-08
4.543385973696026115e-08 4.565870867841649229e-08 4.593005671682033217e-08 4.563564647421244650e-08 4.553680472249780555e-08 4.526990770495819975e-08 4.567727041584880650e-08 4.538259038513024257e-08 4.515847430597378962e-08 4.550775806534124177e-08 4.507884356045913813e-08 4.566213622242544470e-08 4.580761305072192903e-08 4.485644558958124119e-08 4.557137308624481000e-08 4.570440768934436135e-08 4.536766097050963553e-08 4.527961032948445489e-08 4.534756329717648672e-08 4.550895087264995462e-08 4.525976349088540801e-08 4.562002885620322029e-08 4.562748817957177122e-08 4.561903565393035399e-08 4.546505425027579068e-08 4.517653033041958917e-08 4.506438386744520255e-08 4.554404722525919999e-08 4.543015895191582379e-08 4.573858630956060212e-08 4.544557968121414145e-08 4.548225254980099044e-08 4.510915423160897663e-08 4.581409610298610383e-08 4.573569031677112556e-08 4.584649252529793487e-08 4.577379365954109297e-08 4.550946023052459765e-08 4.590046894946180039e-08 4.572882437843218767e-08 4.519640492093632665e-08 4.563621146047744143e-08 4.542840762802923916e-08 4.568548744459517458e-08
4.514323336294097275e-08 4.536615799471496584e-08 4.563564647421244650e-08 4.534365965004395352e-08 4.524514777815486474e-08 4.498026417232759701e-08 4.538468805022375210e-08 4.509202289737520378e-08 4.486929270565914157e-08 4.521633706412747900e-08 4.479043178066691111e-08 4.536973964739259685e-08 4.551423856620130065e-08 4.456973589164435242e-08 4.527968075201972272e-08 4.541149196648364094e-08 4.507741699677200160e-08 4.498982787515906898e-08 4.505739609649453423e-08 4.521755468781859781e-08 4.497033874675562191e-08 4.532796945424232977e-08 4.533495858417158003e-08 4.532697904260480707e-08 4.517413000808694760e-08 4.488765989200394987e-08 4.477611692901430225e-08 4.525222444486324486e-08 4.513936911030916680e-08 4.544588917092428369e-08 4.515454200017105029e-08 4.519112189412661559e-08 4.482040311865540579e-08 4.552040638636501665e-08 4.544267224052964317e-08 4.555291871632746985e-08 4.548069708474009577e-08 4.521811978242230292e-08 4.560673408173429926e-08 4.543616644540518537e-08 4.490731429777892640e-08 4.534386523667441131e-08 4.513773783299046693e-08 4.539291816688925573e-08
4.504544512170663404e-08 4.526789302182758351e-08 4.553680472249780555e-08 4.524514777815486474e-08 4.514838524601230412e-08 4.488363522766951867e-08 4.528666715120742172e-08 4.499496404625125670e-08 4.477328096911958770e-08 4.511924184251527978e-08 4.469420704957532916e-08 4.527188728408292294e-08 4.541561207153988977e-08 4.447472367104515723e-08 4.518172103317126035e-08 4.531353752106153490e-08 4.498012361257888541e-08 4.489348714400451815e-08 4.496048079323476240e-08 4.512012163377843854e-08 4.487382609432013570e-08 4.522988528216666116e-08 4.523692207969495928e-08 4.522937705697478309e-08 4.507700740818629512e-08 4.479129791160268497e-08 4.468073744409866659e-08 4.515467939227804073e-08 4.504144228817522136e-08 4.534733682961382413e-08 4.505699373160227388e-08 4.509341424853005312e-08 4.472409301012325854e-08 4.542195266431303071e-08 4.534419529792424316e-08 4.545377144258342453e-08 4.538243787539648672e-08 4.512046518653722435e-08 4.550807948028760784e-08 4.533761002061974670e-08 4.481048560504758664e-08 4.524582009098282890e-08 4.504000417920497354e-08 4.529493848623530253e-08
4.478245590981225630e-08 4.500249913248070939e-08 4.526990770495819975e-08 4.498026417232759701e-08 4.488363522766951867e-08 4.462204235305587343e-08 4.502135450527822505e-08 4.473153320302155501e-08 4.451140242130988309e-08 4.485466565792936371e-08 4.443358257472220950e-08 4.500656106874515062e-08 4.514942057917586827e-08 4.421472964203581892e-08 4.491717573594045752e-08 4.504844541731023711e-08 4.471695598995879022e-08 4.463080047471524135e-08 4.469802999515150790e-08 4.485595850367875322e-08 4.461163847253333040e-08 4.496529686694926043e-08 4.497177812563588662e-08 4.496459225407115387e-08 4.481346184372234913e-08 4.452945624782729622e-08 4.441926992329547127e-08 4.489032915852389950e-08 4.477796278784542171e-08 4.508242988041047317e-08 4.479366715841823651e-08 4.482952359885915126e-08 4.446218371538189203e-08 4.515546360430906693e-08 4.507834604480679833e-08 4.518724199063406284e-08 4.511661328032608857e-08 4.485638552849876456e-08 4.524184176388319831e-08 4.507215860111330814e-08 4.454881009464538007e-08 4.498094741118148078e-08 4.477648722687677217e-08 4.502987554972150095e-08
4.518467747763567532e-08 4.540738410370336295e-08 4.567727041584880650e-08 4.538468805022375210e-08 4.528666715120742172e-08 4.502135450527822505e-08 4.542680694037352770e-08 4.513313596922042566e-08 4.491041603063687406e-08 4.525730659857772050e-08 4.483139669990475375e-08 4.541124819296698469e-08 4.555561576638804624e-08 4.461039419364108248e-08 4.532065647361713789e-08 4.545353637757137061e-08 4.511880580291865338e-08 4.503069693301052073e-08 4.509909848880714021e-08 4.525894433955598428e-08 4.501104345877645244e-08 4.536929767131767579e-08 4.537662634802380509e-08 4.536858490201789966e-08 4.521539004668492578e-08 4.492864456916209204e-08 4.481711598561671962e-08 4.529361515408944930e-08 4.518034102130603291e-08 4.548749320689511355e-08 4.519531479724164032e-08 4.523226284976918308e-08 4.486146383307851539e-08 4.556242810875873800e-08 4.548392227487805386e-08 4.559442982222712312e-08 4.552253158862490303e-08 4.525980901097354174e-08 4.564832287884001672e-08 4.547703357796207708e-08 4.494822401861753783e-08 4.538520363828370328e-08 4.517882340536266192e-08 4.543478235778573045e-08
4.489278605037481788e-08 4.511504294793324319e-08 4.538259038513024257e-08 4.509202289737520378e-08 4.499496404625125670e-08 4.473153320302155501e-08 4.513313596922042566e-08 4.484351176126517104e-08 4.462174097455579958e-08 4.496634687126328248e-08 4.454275129766051388e-08 4.511868279364320304e-08 4.526213724089894216e-08 4.432414847300530125e-08 4.502898429829355853e-08 4.516051425626737019e-08 4.482756506412032108e-08 4.474074844895115496e-08 4.480831049276590320e-08 4.496790021250719653e-08 4.472137575525943311e-08 4.507667889501259635e-08 4.508362007077248120e-08 4.507636420263564862e-08 4.492466143872413103e-08 4.463968345838873692e-08 4.452835226507830552e-08 4.500177103979201110e-08 4.488936930665229178e-08 4.519385611481320635e-08 4.490432597858170087e-08 4.494030859648754612e-08 4.457278014039400455e-08 4.526884217508668900e-08 4.519082828496202256e-08 4.530004573106385966e-08 4.522839876758255470e-08 4.496796870824632004e-08 4.535420187784378218e-08 4.518471295154331812e-08 4.465915260112716469e-08 4.509235609122241634e-08 4.488708136138571314e-08 4.514148914259380855e-08
4.467107692575087013e-08 4.489235685696719805e-08 4.515847430597378962e-08 4.486929270565914157e-08 4.477328096911958770e-08 4.451140242130988309e-08 4.491041603063687406e-08 4.462174097455579958e-08 4.440229951488850061e-08 4.474435820255016329e-08 4.432324075305779462e-08 4.489568380995779437e-08 4.503846472230957423e-08 4.410547063617719871e-08 4.480668556108981227e-08 4.493745935016840140e-08 4.460686451164134470e-08 4.452053516005819727e-08 4.458757944115047877e-08 4.474585323833948587e-08 4.450141662235486016e-08 4.485440178494365009e-08 4.486112945698895114e-08 4.485428232406359871e-08 4.470301928561601855e-08 4.441962761280438245e-08 4.430970454039121392e-08 4.477992188184741679e-08 4.466734804619498389e-08 4.497108617564880581e-08 4.468279583595900525e-08 4.471875933375818972e-08 4.435306213300711549e-08 4.504508202536645006e-08 4.496764436843888587e-08 4.507636402561343227e-08 4.500526348711463168e-08 4.474567938554002544e-08 4.513060291519464254e-08 4.496129909022477238e-08 4.443914552752197003e-08 4.487003971615535868e-08 4.466591561801575283e-08 4.491882539811049516e-08
4.501650264634703788e-08 4.523911617451112388e-08 4.550775806534124177e-08 4.521633706412747900e-08 4.511924184251527978e-08 4.485466565792936371e-08 4.525730659857772050e-08 4.496634687126328248e-08 4.474435820255016329e-08 4.509165338328241817e-08 4.466519147430094404e-08 4.524273945160037680e-08 4.538654865619192062e-08 4.444634053164025807e-08 4.515352321689306173e-08 4.528388916687997427e-08 4.495094026355603932e-08 4.486466605330270916e-08 4.493134532137439965e-08 4.509093880038976444e-08 4.484501593566777555e-08 4.520103431684617332e-08 4.520780150924053866e-08 4.520004280397338010e-08 4.504816370408942380e-08 4.476217395247105891e-08 4.465153356761737982e-08 4.512616019565254185e-08 4.501194347823666617e-08 4.531799939989824920e-08 4.502803143246170856e-08 4.506430749222314846e-08 4.469532490620235594e-08 4.539258385565125369e-08 4.531527754464500883e-08 4.542467258222905981e-08 4.535284864415886883e-08 4.509135097418590260e-08 4.547879032842871282e-08 4.530896427275642186e-08 4.478132623952398390e-08 4.521652158634848931e-08 4.501118924476972057e-08 4.526558085791662077e-08
4.459322565597853487e-08 4.481273363676479020e-08 4.507884356045913813e-08 4.479043178066691111e-08 4.469420704957532916e-08 4.443358257472220950e-08 4.483139669990475375e-08 4.454275129766051388e-08 4.432324075305779462e-08 4.466519147430094404e-08 4.424718695243458937e-08 4.481660404156702657e-08 4.495885395246907594e-08 4.402899176044921010e-08 4.472727990702089295e-08 4.485837459545495425e-08 4.452797886952429221e-08 4.444329184739261840e-08 4.450971747593678044e-08 4.466644397087719441e-08 4.442401730327384373e-08 4.477548766332037034e-08 4.478206171959758133e-08 4.477532487775096068e-08 4.462411655802625890e-08 4.434216743806584399e-08 4.423263589745618586e-08 4.470028937960023669e-08 4.458963987674395632e-08 4.489211947815018884e-08 4.460509125094824828e-08 4.464078215197680786e-08 4.427432239552531036e-08 4.496485556407080750e-08 4.488805926477377119e-08 4.499624974159936620e-08 4.492667654714168519e-08 4.466716451475428166e-08 4.505067437231331163e-08 4.488232881136713260e-08 4.436123994678549231e-08 4.479105284178323282e-08 4.458744829013305526e-08 4.484003098707040251e-08
4.516989905470386039e-08 4.539207073376567287e-08 4.566213622242544470e-08 4.536973964739259685e-08 4.527188728408292294e-08 4.500656106874515062e-08 4.541124819296698469e-08 4.511868279364320304e-08 4.489568380995779437e-08 4.524273945160037680e-08 4.481660404156702657e-08 4.539670871396378572e-08 4.554061095140865370e-08 4.459609118402056502e-08 4.530583002421397295e-08 4.543835281616555061e-08 4.510340891013266795e-08 4.501600533443866649e-08 4.508362826177483332e-08 4.524426758650882048e-08 4.499643508889522545e-08 4.535425659827869281e-08 4.536134936850185617e-08 4.535315421765907065e-08 4.520074406925488947e-08 4.491417750046561306e-08 4.480221506894120815e-08 4.527845786005445121e-08 4.516573320591541000e-08 4.547244311941764709e-08 4.518062837829033385e-08 4.521744886249702698e-08 4.484680831529064664e-08 4.554693229468573588e-08 4.546907672018184178e-08 4.557912025016672006e-08 4.550746876979303395e-08 4.524473766339585161e-08 4.563296588914234434e-08 4.546225882178666364e-08 4.493346236230970522e-08 4.537010485227401856e-08 4.516386542202619189e-08 4.541953960541326635e-08
4.531279467450260354e-08 4.553731954806710838e-08 4.580761305072192903e-08 4.551423856620130065e-08 4.541561207153988977e-08 4.514942057917586827e-08 4.555561576638804624e-08 4.526213724089894216e-08 4.503846472230957423e-08 4.538654865619192062e-08 4.495885395246907594e-08 4.554061095140865370e-08 4.568627597480557234e-08 4.473726450798637467e-08 4.545020112604976666e-08 4.558283645650100128e-08 4.524687128251669249e-08 4.515902246611107517e-08 4.522675914608282045e-08 4.538813083587347770e-08 4.513927119968160676e-08 4.549843606052126660e-08 4.550606712270322644e-08 4.549789631911188219e-08 4.534423394474321746e-08 4.505644468860811929e-08 4.494429093998899824e-08 4.542259148480397380e-08 4.530940192074581517e-08 4.561677861300371897e-08 4.532430725646584477e-08 4.536113024638768341e-08 4.498907544655992634e-08 4.569263289306763226e-08 4.561429577344096994e-08 4.572471132472296252e-08 4.565205506961446662e-08 4.538789118088326799e-08 4.577849353375171343e-08 4.560756348946096327e-08 4.507656026602629368e-08 4.551469699524056848e-08 4.530737103374938503e-08 4.556377114759995124e-08
4.437333668708432531e-08 4.459197430500414818e-08 4.485644558958124119e-08 4.456973589164435242e-08 4.447472367104515723e-08 4.421472964203581892e-08 4.461039419364108248e-08 4.432414847300530125e-08 4.410547063617719871e-08 4.444634053164025807e-08 4.402899176044921010e-08 4.459609118402056502e-08 4.473726450798637467e-08 4.381394398158306169e-08 4.450744320982053152e-08 4.463712827546157874e-08 4.430907056872497859e-08 4.422500034513018581e-08 4.429085275268545632e-08 4.444667763105241713e-08 4.420550726477867833e-08 4.455469250655592965e-08 4.456097131090649904e-08 4.455503478718551195e-08 4.440503251297652326e-08 4.412417956167832654e-08 4.401552000506331916e-08 4.448059267158467234e-08 4.436982217137771033e-08 4.467002037749928000e-08 4.438503160121717994e-08 4.442030585146708334e-08 4.405691949895075897e-08 4.474357161418356928e-08 4.466663202675689799e-08 4.477431016806893318e-08 4.470505577916880313e-08 4.444770008458513928e-08 4.482890724707643765e-08 4.466110626808639705e-08 4.414266825270862070e-08 4.457003239617324921e-08 4.436754173819906020e-08 4.461894327152178700e-08
4.507924321753763284e-08 4.530258937439059764e-08 4.557137308624481000e-08 4.527968075201972272e-08 4.518172103317126035e-08 4.491717573594045752e-08 4.532065647361713789e-08 4.502898429829355853e-08 4.480668556108981227e-08 4.515352321689306173e-08 4.472727990702089295e-08 4.530583002421397295e-08 4.545020112604976666e-08 4.450744320982053152e-08 4.521661841044466198e-08 4.534748878550910525e-08 4.501407798494424115e-08 4.492672320546152319e-08 4.499429174124992329e-08 4.515404603353334284e-08 4.490722168328004532e-08 4.526419416821307023e-08 4.527114460980120216e-08 4.526326832570227268e-08 4.511093515999318991e-08 4.482446305295478288e-08 4.471319308527898934e-08 4.518906553486901246e-08 4.507539115498832897e-08 4.538160287701848386e-08 4.509072362658415003e-08 4.512730089467027943e-08 4.475769193814296785e-08 4.545647010822318064e-08 4.537873899977290757e-08 4.548867430851934320e-08 4.541635127585293262e-08 4.515441774418629857e-08 4.554266554152500656e-08 4.537229640213861865e-08 4.484414384930331021e-08 4.527978869308375392e-08 4.507410750429120457e-08 4.532900998972139911e-08
4.521132553995048417e-08 4.543442506244501741e-08 4.570440768934436135e-08 4.541149196648364094e-08 4.531353752106153490e-08 4.504844541731023711e-08 4.545353637757137061e-08 4.516051425626737019e-08 4.493745935016840140e-08 4.528388916687997427e-08 4.485837459545495425e-08 4.543835281616555061e-08 4.558283645650100128e-08 4.463712827546157874e-08 4.534748878550910525e-08 4.548122996673586071e-08 4.514548065462296036e-08 4.505724871421254707e-08 4.512601253255102839e-08 4.528626030734990465e-08 4.503758378168566441e-08 4.539614780601520029e-08 4.540368551090950457e-08 4.539562162312118387e-08 4.524252413898911090e-08 4.495560836421666624e-08 4.484330638564177742e-08 4.532051550774517204e-08 4.520774463365167754e-08 4.551453014611085074e-08 4.522238977032888723e-08 4.525888157632529392e-08 4.488816383699607040e-08 4.558985548755572797e-08 4.551100157485690912e-08 4.562131776614545041e-08 4.554947655247187902e-08 4.528693003000463138e-08 4.567549503603496467e-08 4.550422222250853379e-08 4.497528206338010182e-08 4.541218744316989454e-08 4.520531300754374556e-08 4.546180987494564322e-08
4.487800246127851984e-08 4.510013389990552425e-08 4.536766097050963553e-08 4.507741699677200160e-08 4.498012361257888541e-08 4.471695598995879022e-08 4.511880580291865338e-08 4.482756506412032108e-08 4.460686451164134470e-08 4.495094026355603932e-08 4.452797886952429221e-08 4.510340891013266795e-08 4.524687128251669249e-08 4.430907056872497859e-08 4.501407798494424115e-08 4.514548065462296036e-08 4.481429207577630257e-08 4.472643639471296569e-08 4.479444530201486834e-08 4.495246978926189068e-08 4.470691366981103623e-08 4.506206724290865592e-08 4.506903516407548254e-08 4.506181866873761886e-08 4.490958816385335955e-08 4.462492660680687984e-08 4.451446382701548360e-08 4.498723684137307332e-08 4.487469017099207988e-08 4.517922748007066652e-08 4.488946969746928226e-08 4.492580482623143121e-08 4.455792437154917254e-08 4.525379258733323058e-08 4.517563548085595188e-08 4.528562024167509372e-08 4.521396457528024577e-08 4.495361220266187270e-08 4.533982678519674802e-08 4.516902494889499210e-08 4.464430383807060405e-08 4.507780915182918379e-08 4.487312218132178212e-08 4.512702612699004419e-08
4.479071818788414002e-08 4.501247628286757837e-08 4.527961032948445489e-08 4.498982787515906898e-08 4.489348714400451815e-08 4.463080047471524135e-08 4.503069693301052073e-08 4.474074844895115496e-08 4.452053516005819727e-08 4.486466605330270916e-08 4.444329184739261840e-08 4.501600533443866649e-08 4.515902246611107517e-08 4.422500034513018581e-08 4.492672320546152319e-08 4.505724871421254707e-08 4.472643639471296569e-08 4.464208088489504472e-08 4.470766813401633441e-08 4.486502353670668656e-08 4.462202214181167336e-08 4.497447352165282232e-08 4.498146654659901704e-08 4.497474999133115754e-08 4.482275463345648614e-08 4.453920950698624662e-08 4.443007180873340057e-08 4.489985708214348419e-08 4.478820459120728794e-08 4.509103278197838186e-08 4.480345739249678144e-08 4.483944702840997697e-08 4.447124620489438537e-08 4.516505580357260864e-08 4.508830736064116673e-08 4.519665400450676441e-08 4.512667890431025577e-08 4.486568950218146535e-08 4.525100386024653250e-08 4.508187849447644746e-08 4.455823145350768538e-08 4.499064234794126986e-08 4.478606644124449206e-08 4.503937412853753821e-08
4.485847626656579807e-08 4.508009919404839830e-08 4.534756329717648672e-08 4.505739609649453423e-08 4.496048079323476240e-08 4.469802999515150790e-08 4.509909848880714021e-08 4.480831049276590320e-08 4.458757944115047877e-08 4.493134532137439965e-08 4.450971747593678044e-08 4.508362826177483332e-08 4.522675914608282045e-08 4.429085275268545632e-08 4.499429174124992329e-08 4.512601253255102839e-08 4.479444530201486834e-08 4.470766813401633441e-08 4.477599056804261525e-08 4.493283170658191951e-08 4.468789222859123144e-08 4.504216768987687378e-08 4.504919460152837277e-08 4.504240869459368997e-08 4.489038444618545454e-08 4.460593721064625358e-08 4.449559035114286034e-08 4.496777268963355558e-08 4.485544262985082984e-08 4.515930428780290123e-08 4.486998260761492730e-08 4.490616709378631575e-08 4.453841251225518269e-08 4.523382784546004119e-08 4.515563119951975785e-08 4.526489799754592312e-08 4.519426240348030469e-08 4.493434968444687154e-08 4.531950483150814248e-08 4.514912581130470675e-08 4.462523495763473033e-08 4.505793276846400116e-08 4.485319554849521618e-08 4.510760897935018420e-08
4.501782067426226260e-08 4.524051457184739295e-08 4.550895087264995462e-08 4.521755468781859781e-08 4.512012163377843854e-08 4.485595850367875322e-08 4.525894433955598428e-08 4.496790021250719653e-08 4.474585323833948587e-08 4.509093880038976444e-08 4.466644397087719441e-08 4.524426758650882048e-08 4.538813083587347770e-08 4.444667763105241713e-08 4.515404603353334284e-08 4.528626030734990465e-08 4.495246978926189068e-08 4.486502353670668656e-08 4.493283170658191951e-08 4.509317134975248743e-08 4.484575901490525462e-08 4.520221213885794729e-08 4.520927390219552031e-08 4.520187668125988121e-08 4.504951641339754107e-08 4.476397155944667032e-08 4.465216986380976423e-08 4.512692403921238440e-08 4.501433973791957331e-08 4.532016669575405879e-08 4.502921021528362088e-08 4.506567160529841861e-08 4.469669438821378305e-08 4.539480264626037068e-08 4.531679635123736807e-08 4.542643286406509700e-08 4.535450080955164429e-08 4.509293339588357949e-08 4.548048023196742560e-08 4.531039257716676064e-08 4.478348246500916954e-08 4.521821893817916996e-08 4.501232336607836882e-08 4.526719844972969609e-08
4.477177903246607590e-08 4.499288200877217104e-08 4.525976349088540801e-08 4.497033874675562191e-08 4.487382609432013570e-08 4.461163847253333040e-08 4.501104345877645244e-08 4.472137575525943311e-08 4.450141662235486016e-08 4.484501593566777555e-08 4.442401730327384373e-08 4.499643508889522545e-08 4.513927119968160676e-08 4.420550726477867833e-08 4.490722168328004532e-08 4.503758378168566441e-08 4.470691366981103623e-08 4.462202214181167336e-08 4.468789222859123144e-08 4.484575901490525462e-08 4.460291487285867558e-08 4.495532885053005500e-08 4.496157599522798814e-08 4.495517135461328759e-08 4.480323940805788510e-08 4.452024273681915958e-08 4.441073399959719052e-08 4.487995399351454079e-08 4.476816202321250079e-08 4.507224573925045669e-08 4.478401603761951682e-08 4.482018530851186866e-08 4.445243320993430587e-08 4.514507029284893675e-08 4.506844081122936578e-08 4.517723902502656936e-08 4.510679310529049507e-08 4.484594359380804878e-08 4.523169860139522623e-08 4.506266536238795242e-08 4.453932438661975488e-08 4.497097393968586538e-08 4.476673489020067217e-08 4.501963387635982947e-08
4.512812792369301857e-08 4.535061971437317614e-08 4.562002885620322029e-08 4.532796945424232977e-08 4.522988528216666116e-08 4.496529686694926043e-08 4.536929767131767579e-08 4.507667889501259635e-08 4.485440178494365009e-08 4.520103431684617332e-08 4.477548766332037034e-08 4.535425659827869281e-08 4.549843606052126660e-08 4.455469250655592965e-08 4.526419416821307023e-08 4.539614780601520029e-08 4.506206724290865592e-08 4.497447352165282232e-08 4.504216768987687378e-08 4.520221213885794729e-08 4.495532885053005500e-08 4.531279034815319555e-08 4.531945684321459896e-08 4.531160604794175628e-08 4.515879070856092100e-08 4.487265290835000222e-08 4.476121989385717996e-08 4.523675241175479618e-08 4.512350010156167272e-08 4.543078472065311915e-08 4.513925089329134716e-08 4.517585671292275086e-08 4.480548888645775820e-08 4.550469329416015716e-08 4.542688015348657397e-08 4.553726741320151333e-08 4.546514824417006306e-08 4.520269972105840017e-08 4.559131983845403232e-08 4.542055710241590636e-08 4.489222096111203932e-08 4.532832033916858540e-08 4.512241236615007304e-08 4.537750555087228658e-08
4.513444070676524443e-08 4.535797266901948985e-08 4.562748817957177122e-08 4.533495858417158003e-08 4.523692207969495928e-08 4.497177812563588662e-08 4.537662634802380509e-08 4.508362007077248120e-08 4.486112945698895114e-08 4.520780150924053866e-08 4.478206171959758133e-08 4.536134936850185617e-08 4.550606712270322644e-08 4.456097131090649904e-08 4.527114460980120216e-08 4.540368551090950457e-08 4.506903516407548254e-08 4.498146654659901704e-08 4.504919460152837277e-08 4.520927390219552031e-08 4.496157599522798814e-08 4.531945684321459896e-08 4.532728060481106734e-08 4.531884979383271221e-08 4.516563829958454796e-08 4.487909469825602845e-08 4.476751539547175058e-08 4.524408140550382239e-08 4.513112486982831985e-08 4.543741210789055445e-08 4.514593440601437564e-08 4.518270564864434822e-08 4.481187887676674715e-08 4.551267141849464986e-08 4.543462557897740587e-08 4.554460145995637073e-08 4.547262670700539731e-08 4.520970610356758345e-08 4.559811736070156572e-08 4.542751780226631277e-08 4.489887872309240442e-08 4.533569684468030545e-08 4.512925813862710241e-08 4.538481608989638093e-08
4.512602413875478742e-08 4.535055126702133252e-08 4.561903565393035399e-08 4.532697904260480707e-08 4.522937705697478309e-08 4.496459225407115387e-08 4.536858490201789966e-08 4.507636420263564862e-08 4.485428232406359871e-08 4.520004280397338010e-08 4.477532487775096068e-08 4.535315421765907065e-08 4.549789631911188219e-08 4.455503478718551195e-08 4.526326832570227268e-08 4.539562162312118387e-08 4.506181866873761886e-08 4.497474999133115754e-08 4.504240869459368997e-08 4.520187668125988121e-08 4.495517135461328759e-08 4.531160604794175628e-08 4.531884979383271221e-08 4.531244325553517060e-08 4.515839164090836165e-08 4.487271106227958445e-08 4.476151474203939980e-08 4.523628481792651961e-08 4.512351162016437114e-08 4.542952444458034102e-08 4.513841889941955061e-08 4.517490550563431809e-08 4.480472188958995735e-08 4.550489840522957170e-08 4.542637012430025007e-08 4.553636521209759805e-08 4.546442478851516539e-08 4.520200419230828047e-08 4.559075061003558447e-08 4.542022195711710783e-08 4.489239115024533253e-08 4.532792875336903410e-08 4.512136900966154169e-08 4.537687575259470929e-08
4.497493860489728742e-08 4.519661875838313576e-08 4.546505425027579068e-08 4.517413000808694760e-08 4.507700740818629512e-08 4.481346184372234913e-08 4.521539004668492578e-08 4.492466143872413103e-08 4.470301928561601855e-08 4.504816370408942380e-08 4.462411655802625890e-08 4.520074406925488947e-08 4.534423394474321746e-08 4.440503251297652326e-08 4.511093515999318991e-08 4.524252413898911090e-08 4.490958816385335955e-08 4.482275463345648614e-08 4.489038444618545454e-08 4.504951641339754107e-08 4.480323940805788510e-08 4.515879070856092100e-08 4.516563829958454796e-08 4.515839164090836165e-08 4.500666040408166472e-08 4.472115729716375592e-08 4.460992403727092804e-08 4.508394978396921569e-08 4.497114625037250982e-08 4.527634457191056294e-08 4.498603698540586568e-08 4.502236405817633508e-08 4.465379388500080295e-08 4.535069468447765855e-08 4.527297653472465029e-08 4.538231298971021680e-08 4.531098668095944243e-08 4.504992156590456597e-08 4.543663394197057444e-08 4.526645970412491722e-08 4.474046911622726323e-08 4.517464930283544435e-08 4.496925643937926933e-08 4.522384619636077169e-08
4.468974322488624755e-08 4.490998063352582899e-08 4.517653033041958917e-08 4.488765989200394987e-08 4.479129791160268497e-08 4.452945624782729622e-08 4.492864456916209204e-08 4.463968345838873692e-08 4.441962761280438245e-08 4.476217395247105891e-08 4.434216743806584399e-08 4.491417750046561306e-08 4.505644468860811929e-08 4.412417956167832654e-08 4.482446305295478288e-08 4.495560836421666624e-08 4.462492660680687984e-08 4.453920950698624662e-08 4.460593721064625358e-08 4.476397155944667032e-08 4.452024273681915958e-08 4.487265290835000222e-08 4.487909469825602845e-08 4.487271106227958445e-08 4.472115729716375592e-08 4.443895351913082987e-08 4.432824923120270687e-08 4.479734336215291455e-08 4.468636716688500060e-08 4.498991009337937938e-08 4.470121969328853769e-08 4.473760809758708351e-08 4.437082439766853951e-08 4.506273904873499760e-08 4.498569880275811784e-08 4.509446844719499872e-08 4.502406856372437017e-08 4.476428322336999699e-08 4.514862983924084006e-08 4.497988704297458399e-08 4.445762551374417318e-08 4.488831362462041423e-08 4.468441197510229099e-08 4.493715965130311660e-08
4.457832605162572696e-08 4.479886128029567120e-08 4.506438386744520255e-08 4.477611692901430225e-08 4.468073744409866659e-08 4.441926992329547127e-08 4.481711598561671962e-08 4.452835226507830552e-08 4.430970454039121392e-08 4.465153356761737982e-08 4.423263589745618586e-08 4.480221506894120815e-08 4.494429093998899824e-08 4.401552000506331916e-08 4.471319308527898934e-08 4.484330638564177742e-08 4.451446382701548360e-08 4.443007180873340057e-08 4.449559035114286034e-08 4.465216986380976423e-08 4.441073399959719052e-08 4.476121989385717996e-08 4.476751539547175058e-08 4.476151474203939980e-08 4.460992403727092804e-08 4.432824923120270687e-08 4.422038965035491099e-08 4.468638444016571079e-08 4.457483709423187087e-08 4.487718960735364193e-08 4.459102780486252265e-08 4.462670139831590060e-08 4.426093016084365473e-08 4.495043835701069858e-08 4.487353956305313834e-08 4.498199936501859992e-08 4.491221517260994676e-08 4.465273420782199278e-08 4.503677251349603087e-08 4.486784467486108480e-08 4.434710411231793206e-08 4.477689155795831679e-08 4.457337746869467910e-08 4.482545809001572634e-08
4.505205298353033012e-08 4.527514615246518305e-08 4.554404722525919999e-08 4.525222444486324486e-08 4.515467939227804073e-08 4.489032915852389950e-08 4.529361515408944930e-08 4.500177103979201110e-08 4.477992188184741679e-08 4.512616019565254185e-08 4.470028937960023669e-08 4.527845786005445121e-08 4.542259148480397380e-08 4.448059267158467234e-08 4.518906553486901246e-08 4.532051550774517204e-08 4.498723684137307332e-08 4.489985708214348419e-08 4.496777268963355558e-08 4.512692403921238440e-08 4.487995399351454079e-08 4.523675241175479618e-08 4.524408140550382239e-08 4.523628481792651961e-08 4.508394978396921569e-08 4.479734336215291455e-08 4.468638444016571079e-08 4.516260101331793941e-08 4.504844007713479271e-08 4.535406415359809350e-08 4.506361372611506801e-08 4.509981184067866770e-08 4.473063076629368715e-08 4.542933308527425412e-08 4.535137511305516566e-08 4.546100293888184489e-08 4.538892187786353201e-08 4.512774923979912512e-08 4.551500956608191295e-08 4.534439071571439617e-08 4.481695360260532313e-08 4.525298724564739054e-08 4.504683722840022131e-08 4.530187594060163370e-08
4.493955623634396515e-08 4.516180747797146645e-08 4.543015895191582379e-08 4.513936911030916680e-08 4.504144228817522136e-08 4.477796278784542171e-08 4.518034102130603291e-08 4.488936930665229178e-08 4.466734804619498389e-08 4.501194347823666617e-08 4.458963987674395632e-08 4.516573320591541000e-08 4.530940192074581517e-08 4.436982217137771033e-08 4.507539115498832897e-08 4.520774463365167754e-08 4.487469017099207988e-08 4.478820459120728794e-08 4.485544262985082984e-08 4.501433973791957331e-08 4.476816202321250079e-08 4.512350010156167272e-08 4.513112486982831985e-08 4.512351162016437114e-08 4.497114625037250982e-08 4.468636716688500060e-08 4.457483709423187087e-08 4.504844007713479271e-08 4.493800285357958129e-08 4.524112684758062194e-08 4.495160584499500014e-08 4.498781301365854079e-08 4.461830983174187717e-08 4.531598101738916041e-08 4.523836890774645177e-08 4.534750092539750690e-08 4.527661108083562396e-08 4.501517998926499648e-08 4.540115466673314368e-08 4.523150756516521369e-08 4.470579730846104520e-08 4.513999810257625759e-08 4.493441335617833355e-08 4.518897096409479867e-08
4.524594890030418961e-08 4.546819635597354051e-08 4.573858630956060212e-08 4.544588917092428369e-08 4.534733682961382413e-08 4.508242988041047317e-08 4.548749320689511355e-08 4.519385611481320635e-08 4.497108617564880581e-08 4.531799939989824920e-08 4.489211947815018884e-08 4.547244311941764709e-08 4.561677861300371897e-08 4.467002037749928000e-08 4.538160287701848386e-08 4.551453014611085074e-08 4.517922748007066652e-08 4.509103278197838186e-08 4.515930428780290123e-08 4.532016669575405879e-08 4.507224573925045669e-08 4.543078472065311915e-08 4.543741210789055445e-08 4.542952444458034102e-08 4.527634457191056294e-08 4.498991009337937938e-08 4.487718960735364193e-08 4.535406415359809350e-08 4.524112684758062194e-08 4.555009410520168174e-08 4.525638848712846565e-08 4.529371966275570996e-08 4.492185048507441639e-08 4.562289358201344409e-08 4.554530403664211540e-08 4.565586303407794336e-08 4.558372700555522133e-08 4.532023403775088201e-08 4.570979182028871564e-08 4.553880509259434868e-08 4.500941250326550097e-08 4.544641075571093752e-08 4.524019461574227866e-08 4.549584274188106799e-08
4.495509758016809919e-08 4.517732588459551915e-08 4.544557968121414145e-08 4.515454200017105029e-08 4.505699373160227388e-08 4.479366715841823651e-08 4.519531479724164032e-08 4.490432597858170087e-08 4.468279583595900525e-08 4.502803143246170856e-08 4.460509125094824828e-08 4.518062837829033385e-08 4.532430725646584477e-08 4.438503160121717994e-08 4.509072362658415003e-08 4.522238977032888723e-08 4.488946969746928226e-08 4.480345739249678144e-08 4.486998260761492730e-08 4.502921021528362088e-08 4.478401603761951682e-08 4.513925089329134716e-08 4.514593440601437564e-08 4.513841889941955061e-08 4.498603698540586568e-08 4.470121969328853769e-08 4.459102780486252265e-08 4.506361372611506801e-08 4.495160584499500014e-08 4.525638848712846565e-08 4.496785148537518211e-08 4.500319408737953338e-08 4.463386600711787410e-08 4.533034938763290717e-08 4.525297351633213008e-08 4.536244428266987845e-08 4.529109623473724396e-08 4.502971096848848582e-08 4.541691682783870620e-08 4.524711355818981639e-08 4.472069731850117655e-08 4.515518452503257373e-08 4.494951263101468275e-08 4.520363929087575926e-08
4.499180904504866525e-08 4.521347747910359887e-08 4.548225254980099044e-08 4.519112189412661559e-08 4.509341424853005312e-08 4.482952359885915126e-08 4.523226284976918308e-08 4.494030859648754612e-08 4.471875933375818972e-08 4.506430749222314846e-08 4.464078215197680786e-08 4.521744886249702698e-08 4.536113024638768341e-08 4.442030585146708334e-08 4.512730089467027943e-08 4.525888157632529392e-08 4.492580482623143121e-08 4.483944702840997697e-08 4.490616709378631575e-08 4.506567160529841861e-08 4.482018530851186866e-08 4.517585671292275086e-08 4.518270564864434822e-08 4.517490550563431809e-08 4.502236405817633508e-08 4.473760809758708351e-08 4.462670139831590060e-08 4.509981184067866770e-08 4.498781301365854079e-08 4.529371966275570996e-08 4.500319408737953338e-08 4.504007085304688858e-08 4.466994455254812359e-08 4.536699164194776071e-08 4.529000821463107459e-08 4.539963026469610599e-08 4.532842548943456327e-08 4.506588329250395582e-08 4.545333377512016804e-08 4.528354109901636447e-08 4.475696542087407539e-08 4.519165925435572137e-08 4.498640011581629561e-08 4.524058098085965277e-08
4.462290001616751291e-08 4.484306009814198780e-08 4.510915423160897663e-08 4.482040311865540579e-08 4.472409301012325854e-08 4.446218371538189203e-08 4.486146383307851539e-08 4.457278014039400455e-08 4.435306213300711549e-08 4.469532490620235594e-08 4.427432239552531036e-08 4.484680831529064664e-08 4.498907544655992634e-08 4.405691949895075897e-08 4.475769193814296785e-08 4.488816383699607040e-08 4.455792437154917254e-08 4.447124620489438537e-08 4.453841251225518269e-08 4.469669438821378305e-08 4.445243320993430587e-08 4.480548888645775820e-08 4.481187887676674715e-08 4.480472188958995735e-08 4.465379388500080295e-08 4.437082439766853951e-08 4.426093016084365473e-08 4.473063076629368715e-08 4.461830983174187717e-08 4.492185048507441639e-08 4.463386600711787410e-08 4.466994455254812359e-08 4.430487834500993248e-08 4.499566177167039026e-08 4.491808816402455587e-08 4.502735695434553438e-08 4.495606436124194587e-08 4.469709103729409871e-08 4.508124466146480060e-08 4.491202813250170912e-08 4.439012813018058322e-08 4.482070369947440412e-08 4.461695249522170335e-08 4.486953853468712174e-08
4.531860734483714568e-08 4.554420637335355481e-08 4.581409610298610383e-08 4.552040638636501665e-08 4.542195266431303071e-08 4.515546360430906693e-08 4.556242810875873800e-08 4.526884217508668900e-08 4.504508202536645006e-08 4.539258385565125369e-08 4.496485556407080750e-08 4.554693229468573588e-08 4.569263289306763226e-08 4.474357161418356928e-08 4.545647010822318064e-08 4.558985548755572797e-08 4.525379258733323058e-08 4.516505580357260864e-08 4.523382784546004119e-08 4.539480264626037068e-08 4.514507029284893675e-08 4.550469329416015716e-08 4.551267141849464986e-08 4.550489840522957170e-08 4.535069468447765855e-08 4.506273904873499760e-08 4.495043835701069858e-08 4.542933308527425412e-08 4.531598101738916041e-08 4.562289358201344409e-08 4.533034938763290717e-08 4.536699164194776071e-08 4.499566177167039026e-08 4.570016812612310614e-08 4.562055702436452860e-08 4.573136371706648914e-08 4.565841329347989640e-08 4.539502152013102417e-08 4.578526696978547296e-08 4.561367628865813130e-08 4.508294968840815521e-08 4.552101671974871029e-08 4.531338456859349766e-08 4.557041175111885292e-08
4.524130129457117362e-08 4.546565215690518372e-08 4.573569031677112556e-08 4.544267224052964317e-08 4.534419529792424316e-08 4.507834604480679833e-08 4.548392227487805386e-08 4.519082828496202256e-08 4.496764436843888587e-08 4.531527754464500883e-08 4.488805926477377119e-08 4.546907672018184178e-08 4.561429577344096994e-08 4.466663202675689799e-08 4.537873899977290757e-08 4.551100157485690912e-08 4.517563548085595188e-08 4.508830736064116673e-08 4.515563119951975785e-08 4.531679635123736807e-08 4.506844081122936578e-08 4.542688015348657397e-08 4.543462557897740587e-08 4.542637012430025007e-08 4.527297653472465029e-08 4.498569880275811784e-08 4.487353956305313834e-08 4.535137511305516566e-08 4.523836890774645177e-08 4.554530403664211540e-08 4.525297351633213008e-08 4.529000821463107459e-08 4.491808816402455587e-08 4.562055702436452860e-08 4.554293703803449515e-08 4.565274947755247195e-08 4.558043038870200992e-08 4.531646682112497872e-08 4.570615426868779955e-08 4.553577022845490830e-08 4.500562147344825300e-08 4.544334701098193448e-08 4.523644174678219784e-08 4.549228797254169372e-08
4.535141875159292873e-08 4.557595018824040795e-08 4.584649252529793487e-08 4.555291871632746985e-08 4.545377144258342453e-08 4.518724199063406284e-08 4.559442982222712312e-08 4.530004573106385966e-08 4.507636402561343227e-08 4.542467258222905981e-08 4.499624974159936620e-08 4.557912025016672006e-08 4.572471132472296252e-08 4.477431016806893318e-08 4.548867430851934320e-08 4.562131776614545041e-08 4.528562024167509372e-08 4.519665400450676441e-08 4.526489799754592312e-08 4.542643286406509700e-08 4.517723902502656936e-08 4.553726741320151333e-08 4.554460145995637073e-08 4.553636521209759805e-08 4.538231298971021680e-08 4.509446844719499872e-08 4.498199936501859992e-08 4.546100293888184489e-08 4.534750092539750690e-08 4.565586303407794336e-08 4.536244428266987845e-08 4.539963026469610599e-08 4.502735695434553438e-08 4.573136371706648914e-08 4.565274947755247195e-08 4.576406602260042051e-08 4.569074893624247816e-08 4.542659401368616316e-08 4.581757243485836683e-08 4.564592796498099853e-08 4.511452871819845420e-08 4.555323822565279399e-08 4.534607543715881469e-08 4.560237258518418604e-08
