7.734191346088435519e-09 7.794668712329930975e-09 7.829111074744897910e-09 7.767096439540815139e-09 7.784400322831633108e-09 7.721214927933673357e-09 7.786324847363946973e-09 7.753619278741496861e-09 7.682471765773809418e-09 7.755919320238094534e-09 7.679419303528909784e-09 7.780811074192176312e-09 7.809049126955779393e-09 7.622503877125850956e-09 7.767886332908162030e-09 7.801766253911563490e-09 7.737326623767006603e-09 7.702067090773811044e-09 7.734176776232993425e-09 7.747417274022108808e-09 7.712751953869048463e-09 7.792499395323127372e-09 7.774635626190478542e-09 7.773728208418367684e-09 7.735874435331633760e-09 7.695233120365645213e-09 7.644814964498298706e-09 7.753779548469391136e-09 7.705286708843535742e-09 7.781501058205780967e-09 7.760493745918365677e-09 7.768715953103740044e-09 7.695856186607142240e-09 7.828903994515305491e-09 7.767429848086732775e-09 7.807207120365646464e-09 7.782166807185373909e-09 7.766197370025510655e-09 7.832186055824831340e-09 7.792583806292517148e-09 7.685773335969387116e-09 7.795288570663262689e-09 7.710261816369047325e-09 7.788620638647958701e-09
7.794668712329930975e-09 7.866195811224490492e-09 7.898348985586734567e-09 7.833799398639454768e-09 7.848543588945577918e-09 7.778646281377549978e-09 7.854071159396257981e-09 7.815214678061224410e-09 7.737788858928571878e-09 7.821092968452381182e-09 7.734536985841836765e-09 7.844884938732993380e-09 7.878653214668366576e-09 7.674357095110544771e-09 7.833188386394558330e-09 7.868983685586734128e-09 7.798469258460882682e-09 7.759535965178568838e-09 7.792697993622447783e-09 7.810358724957483651e-09 7.769695790476191566e-09 7.857068623256804143e-09 7.842001521428572514e-09 7.838262546471089274e-09 7.795638641028910853e-09 7.753715793367346438e-09 7.697778974362244522e-09 7.819160557270407507e-09 7.766878972576529600e-09 7.847016016751700314e-09 7.820069571471088825e-09 7.830796347236392429e-09 7.751433656845240005e-09 7.898870343239794633e-09 7.832507705442178378e-09 7.878030132950679285e-09 7.848814857015303271e-09 7.829895959566327625e-09 7.899817369727890450e-09 7.858480684693875747e-09 7.742539830187075469e-09 7.859841200807822510e-09 7.773864444642857042e-09 7.853694032568026838e-09
7.829111074744897910e-09 7.898348985586734567e-09 7.935266279421769745e-09 7.868185745875849715e-09 7.883603593835033504e-09 7.813735926232994066e-09 7.889236423469388346e-09 7.849518404591837889e-09 7.772432717559523057e-09 7.855841925595238165e-09 7.769478590221087656e-09 7.880547092474488581e-09 7.913110808460886411e-09 7.709388666624150250e-09 7.867934302508503239e-09 7.904130529421768248e-09 7.834082178316326071e-09 7.794685555059519206e-09 7.827681688350342416e-09 7.844388463477888541e-09 7.804540856547618737e-09 7.891882283843537388e-09 7.876977521726189394e-09 7.873318820748299819e-09 7.830585520918369669e-09 7.788460154634352435e-09 7.732635139668366075e-09 7.853823280697277488e-09 7.801131211989796341e-09 7.881868920960886029e-09 7.854448804081632914e-09 7.864817042729590335e-09 7.786924146726191509e-09 7.933855984651359856e-09 7.868438843579930132e-09 7.912575469217689253e-09 7.882738734481291442e-09 7.864638052891157587e-09 7.934874417091837035e-09 7.892959147874150112e-09 7.777152201530614643e-09 7.894777908503401043e-09 7.808295300297618926e-09 7.888722867602040001e-09
7.767096439540815139e-09 7.833799398639454768e-09 7.868185745875849715e-09 7.805763499659862937e-09 7.819834847236393883e-09 7.752982635969387532e-09 7.824105539328229427e-09 7.787557207015306653e-09 7.712474449107142607e-09 7.792177380654761620e-09 7.710028849064625140e-09 7.816686206037414946e-09 7.848370573979588793e-09 7.650914983673469247e-09 7.804005236181970155e-09 7.839180456292515485e-09 7.771715565136051475e-09 7.734042536607142988e-09 7.766359020280609264e-09 7.782621769260202726e-09 7.744181655952379010e-09 7.828374570918367158e-09 7.812468511607143470e-09 7.809778165263604558e-09 7.768764303486391838e-09 7.728008948341837207e-09 7.674638234736395712e-09 7.790129035671767235e-09 7.739354622831635342e-09 7.817771955229593186e-09 7.793250911096938549e-09 7.802244564413263526e-09 7.726986276190475507e-09 7.868045170705781651e-09 7.804071128443877004e-09 7.846827908758503104e-09 7.819041407482992166e-09 7.801762147704082884e-09 7.870151465348640469e-09 7.829447094090137382e-09 7.716932754421769852e-09 7.830968304889451959e-09 7.745768495535712189e-09 7.824706527933673889e-09
7.784400322831633108e-09 7.848543588945577918e-09 7.883603593835033504e-09 7.819834847236393883e-09 7.838365240306120091e-09 7.771579057355442897e-09 7.840289155739794442e-09 7.805167264030611696e-09 7.731807866964285020e-09 7.808694746726189651e-09 7.728718152295917125e-09 7.833549318324829364e-09 7.863598616709183603e-09 7.670379275680273246e-09 7.821137401530610187e-09 7.855141368835032667e-09 7.789058501105440781e-09 7.752134741964284098e-09 7.784276738477890356e-09 7.799304186437073774e-09 7.763023209821428631e-09 7.845338021003399851e-09 7.828371775297619247e-09 7.826499615943878687e-09 7.786817994472789469e-09 7.745551488350341934e-09 7.693049338222787542e-09 7.806434585926870301e-09 7.756894522746598996e-09 7.834400152125849419e-09 7.811103365943875159e-09 7.820162199659863631e-09 7.745390423214284148e-09 7.883142714328230010e-09 7.820398923554420889e-09 7.861749102933674409e-09 7.835240167049320668e-09 7.818314599574829455e-09 7.886567078613945779e-09 7.845688613180270644e-09 7.735614927593539452e-09 7.847967557695574518e-09 7.761849911904760630e-09 7.841459974617345754e-09
7.721214927933673357e-09 7.778646281377549978e-09 7.813735926232994066e-09 7.752982635969387532e-09 7.771579057355442897e-09 7.712986251445578255e-09 7.772209553018706152e-09 7.742166813860543747e-09 7.673143211607143548e-09 7.742664122321428177e-09 7.669995020790816025e-09 7.767797106335035827e-09 7.794145872491495324e-09 7.614289743197279981e-09 7.754494365943875608e-09 7.787319228316326007e-09 7.725817213945575714e-09 7.692182982440476707e-09 7.723492275637754674e-09 7.735472443962582750e-09 7.703092908035713284e-09 7.779659375382653134e-09 7.760681694940475595e-09 7.760382750977889698e-09 7.724680492772109456e-09 7.685003951913263227e-09 7.636132863605441750e-09 7.740679242814626912e-09 7.693869720450679864e-09 7.767902903741494373e-09 7.749571890561226424e-09 7.756184811734692987e-09 7.686390611607146163e-09 7.813112071301019484e-09 7.754417095705782937e-09 7.791072731079931876e-09 7.768410727423469914e-09 7.753250948001700151e-09 7.818484174277210573e-09 7.778983291113945445e-09 7.675895001147959592e-09 7.782464568877546840e-09 7.697278628869045594e-09 7.775763432993195870e-09
7.786324847363946973e-09 7.854071159396257981e-09 7.889236423469388346e-09 7.824105539328229427e-09 7.840289155739794442e-09 7.772209553018706152e-09 7.845940121683674868e-09 7.806691347448980027e-09 7.731196238392858112e-09 7.812155615178571384e-09 7.728399931590135001e-09 7.836949097236394158e-09 7.869375615901362563e-09 7.668472156505104212e-09 7.824759047448977351e-09 7.859631988052720113e-09 7.790931907185373755e-09 7.752833971726190798e-09 7.785566680314623652e-09 7.801524379549319154e-09 7.762982919047619592e-09 7.848871251105443336e-09 7.833116569642857489e-09 7.829712815093535590e-09 7.788176699489796721e-09 7.746904001360545669e-09 7.692093916156460767e-09 7.810456349149660820e-09 7.759042242644555737e-09 7.838198938818027060e-09 7.812024931760205515e-09 7.822236874872446582e-09 7.745051723809522883e-09 7.888551479591839302e-09 7.824195994770407723e-09 7.867946493027210746e-09 7.839252486862245361e-09 7.821608934736390931e-09 7.890982257865649974e-09 7.849615187755103686e-09 7.735933678316328082e-09 7.851247811479592560e-09 7.764950950297616736e-09 7.845390911054420833e-09
7.753619278741496861e-09 7.815214678061224410e-09 7.849518404591837889e-09 7.787557207015306653e-09 7.805167264030611696e-09 7.742166813860543747e-09 7.806691347448980027e-09 7.776375849319727805e-09 7.703040980654762804e-09 7.776533381547619760e-09 7.700100971896259331e-09 7.801370885374148710e-09 7.830376877295919447e-09 7.642352765901361750e-09 7.788325024319728106e-09 7.822650242091835858e-09 7.758036203443877817e-09 7.722278370238095162e-09 7.754323206972786745e-09 7.767761692602039664e-09 7.733433088690475228e-09 7.813245682100340066e-09 7.795352588988096441e-09 7.794629763052721386e-09 7.756286947363947196e-09 7.715735506335033327e-09 7.665227034863944645e-09 7.774104912967686658e-09 7.726221311649659599e-09 7.801986637712586889e-09 7.780829602636053158e-09 7.789353548299320471e-09 7.716941634821430290e-09 7.849417067474489323e-09 7.787440928188775501e-09 7.828234198001701274e-09 7.803054258163265517e-09 7.786382260374151458e-09 7.853241699319728513e-09 7.813192203401358677e-09 7.706858648384353705e-09 7.815920705144557019e-09 7.730798424107143455e-09 7.809209454336732995e-09
7.682471765773809418e-09 7.737788858928571878e-09 7.772432717559523057e-09 7.712474449107142607e-09 7.731807866964285020e-09 7.673143211607143548e-09 7.731196238392858112e-09 7.703040980654762804e-09 7.636378320833334022e-09 7.702899927083333287e-09 7.632062340773810392e-09 7.728091439285713143e-09 7.753176034821428371e-09 7.577204373809525801e-09 7.714946022321430041e-09 7.746940759226188877e-09 7.686132892857144350e-09 7.653906404166666097e-09 7.684366480059524787e-09 7.695942294047617937e-09 7.664517810416666884e-09 7.739489203869049088e-09 7.719891950000000109e-09 7.720401541369049024e-09 7.685759079464286171e-09 7.645918946428572511e-09 7.598563671130953885e-09 7.700570744940477244e-09 7.654699187797618338e-09 7.727959159821427256e-09 7.710251153869047028e-09 7.717561823511903459e-09 7.648069541666666422e-09 7.772337020238095280e-09 7.713668803571427495e-09 7.750520323511904489e-09 7.728285665476192596e-09 7.713393187202378305e-09 7.777774288988096306e-09 7.738323211309524353e-09 7.638128928273809264e-09 7.742685536011906103e-09 7.657970389583333053e-09 7.735926974107141299e-09
7.755919320238094534e-09 7.821092968452381182e-09 7.855841925595238165e-09 7.792177380654761620e-09 7.808694746726189651e-09 7.742664122321428177e-09 7.812155615178571384e-09 7.776533381547619760e-09 7.702899927083333287e-09 7.782135212499999272e-09 7.700059616071428046e-09 7.805423738690475308e-09 7.836114210714286672e-09 7.641580652678572324e-09 7.792992629464285907e-09 7.827051625595237386e-09 7.760071495238095880e-09 7.723467993750001332e-09 7.755724836011903593e-09 7.771207688392855006e-09 7.734108083333334393e-09 7.816737949107142698e-09 7.800340202083333402e-09 7.798124669940474710e-09 7.758416044642857569e-09 7.717198118452380319e-09 7.664784767559523571e-09 7.779055688988094498e-09 7.728338021726189951e-09 7.806001146130952107e-09 7.782183107440476643e-09 7.791981212202381640e-09 7.716330724999997717e-09 7.855481931547619320e-09 7.792394877380951004e-09 7.834818776785714262e-09 7.807704175595236606e-09 7.790005949107144574e-09 7.858499137797619624e-09 7.817323646428572818e-09 7.706978066071429013e-09 7.820026272619047857e-09 7.734149397916665835e-09 7.813521563988094202e-09
7.679419303528909784e-09 7.734536985841836765e-09 7.769478590221087656e-09 7.710028849064625140e-09 7.728718152295917125e-09 7.669995020790816025e-09 7.728399931590135001e-09 7.700100971896259331e-09 7.632062340773810392e-09 7.700059616071428046e-09 7.630756906802721020e-09 7.725554744727890259e-09 7.751187761777209477e-09 7.574518469685372783e-09 7.712187590646258260e-09 7.744135119387755108e-09 7.683301160374147778e-09 7.650993269940477895e-09 7.681874602125849504e-09 7.693420134736394055e-09 7.661664533035714287e-09 7.736836782525507790e-09 7.716870113690474908e-09 7.717881545620748162e-09 7.682871718962583341e-09 7.643656252210884302e-09 7.596765337712584985e-09 7.697701712159864086e-09 7.652438496641154160e-09 7.724424393027209728e-09 7.707621420620747787e-09 7.714651987032310885e-09 7.645734886607141175e-09 7.769239235586731150e-09 7.710777749574830642e-09 7.747962045960886606e-09 7.725116651828229278e-09 7.711060386394556206e-09 7.775524996896258271e-09 7.735858373852041746e-09 7.635201139243195058e-09 7.738950723341835670e-09 7.654710553869045599e-09 7.732139135671765899e-09
7.780811074192176312e-09 7.844884938732993380e-09 7.880547092474488581e-09 7.816686206037414946e-09 7.833549318324829364e-09 7.767797106335035827e-09 7.836949097236394158e-09 7.801370885374148710e-09 7.728091439285713143e-09 7.805423738690475308e-09 7.725554744727890259e-09 7.831618902210884568e-09 7.860689716028911090e-09 7.667009148129253822e-09 7.818161633290814651e-09 7.851986684141156476e-09 7.785523289668368184e-09 7.749190335119046324e-09 7.781357081164966764e-09 7.795688451360543273e-09 7.759283431845237171e-09 7.842167320365645340e-09 7.825063451785712675e-09 7.823068104591836918e-09 7.783209045408163830e-09 7.742550641411562482e-09 7.690172534991498599e-09 7.803537271513603373e-09 7.753467335884352363e-09 7.830837909778911388e-09 7.807563192091834941e-09 7.816594861352040287e-09 7.742133995535713322e-09 7.879965607993195852e-09 7.817572025850337272e-09 7.859069737244897450e-09 7.832049477593537849e-09 7.815521079294216587e-09 7.883533989540817318e-09 7.841696341879251939e-09 7.732281275680269296e-09 7.844795255399656550e-09 7.758932483928570749e-09 7.838377034906459213e-09
7.809049126955779393e-09 7.878653214668366576e-09 7.913110808460886411e-09 7.848370573979588793e-09 7.863598616709183603e-09 7.794145872491495324e-09 7.869375615901362563e-09 7.830376877295919447e-09 7.753176034821428371e-09 7.836114210714286672e-09 7.751187761777209477e-09 7.860689716028911090e-09 7.895870717772109636e-09 7.689949071853742044e-09 7.848767148129250704e-09 7.883861227210882226e-09 7.813625666241496415e-09 7.775650018154762105e-09 7.808109871258504302e-09 7.825045164030610342e-09 7.785594347023810707e-09 7.872654377338435302e-09 7.856981661904762285e-09 7.853379895790816588e-09 7.811093993792515523e-09 7.769599828358842644e-09 7.714812104209182585e-09 7.834397086181971091e-09 7.782802935161564496e-09 7.861825169855442457e-09 7.834756008290816709e-09 7.845503114073129822e-09 7.768075772321426447e-09 7.913563605867346383e-09 7.847389018664965550e-09 7.892552688775509438e-09 7.863370541198979103e-09 7.845178605612244227e-09 7.914990206462585362e-09 7.874107192687075860e-09 7.758157542431971198e-09 7.875059208418366039e-09 7.788380134523809310e-09 7.868405965051018681e-09
7.622503877125850956e-09 7.674357095110544771e-09 7.709388666624150250e-09 7.650914983673469247e-09 7.670379275680273246e-09 7.614289743197279981e-09 7.668472156505104212e-09 7.642352765901361750e-09 7.577204373809525801e-09 7.641580652678572324e-09 7.574518469685372783e-09 7.667009148129253822e-09 7.689949071853742044e-09 7.522159474659863584e-09 7.653520149234692809e-09 7.684445581207483132e-09 7.626029355697279446e-09 7.595587080059523968e-09 7.625485588052719127e-09 7.635438764073130093e-09 7.606220123214285659e-09 7.677858291581631192e-09 7.657433309226190068e-09 7.659431149319728570e-09 7.626365319430271327e-09 7.587441412074829007e-09 7.542223542346938136e-09 7.638737314328231076e-09 7.594938625085032733e-09 7.665694957270408198e-09 7.651362611819727636e-09 7.656721025170067838e-09 7.589990840476189874e-09 7.708905181377549825e-09 7.652650694472789334e-09 7.686883003741497098e-09 7.666018921683672898e-09 7.652590496045917123e-09 7.715480038818028479e-09 7.676476022576529882e-09 7.579394272661564484e-09 7.681027359693877539e-09 7.597457644047617845e-09 7.673742332482992559e-09
7.767886332908162030e-09 7.833188386394558330e-09 7.867934302508503239e-09 7.804005236181970155e-09 7.821137401530610187e-09 7.754494365943875608e-09 7.824759047448977351e-09 7.788325024319728106e-09 7.714946022321430041e-09 7.792992629464285907e-09 7.712187590646258260e-09 7.818161633290814651e-09 7.848767148129250704e-09 7.653520149234692809e-09 7.806802111819725856e-09 7.839433837925169873e-09 7.772492513860544276e-09 7.736167355654760685e-09 7.767906977806122730e-09 7.783276228018708032e-09 7.746199076190477205e-09 7.829549713350339423e-09 7.812643159821427871e-09 7.810246796386053905e-09 7.770288699447278385e-09 7.729549093835033413e-09 7.676775466113945103e-09 7.791001644217686354e-09 7.740924524149659135e-09 7.818570673129250422e-09 7.794451133886052716e-09 7.803882644132652155e-09 7.728363099404760555e-09 7.867959529974489301e-09 7.804681726105441803e-09 7.847117081335033431e-09 7.819182278996597763e-09 7.802558714540814830e-09 7.871329103486393063e-09 7.829369949234693952e-09 7.719140277551019184e-09 7.831674873894556251e-09 7.746301086607142234e-09 7.825342460586733669e-09
7.801766253911563490e-09 7.868983685586734128e-09 7.904130529421768248e-09 7.839180456292515485e-09 7.855141368835032667e-09 7.787319228316326007e-09 7.859631988052720113e-09 7.822650242091835858e-09 7.746940759226188877e-09 7.827051625595237386e-09 7.744135119387755108e-09 7.851986684141156476e-09 7.883861227210882226e-09 7.684445581207483132e-09 7.839433837925169873e-09 7.875895329421767403e-09 7.806139911649658190e-09 7.768222032142857314e-09 7.800876577933673585e-09 7.816947111394556334e-09 7.778509708630951985e-09 7.863854308843535185e-09 7.847531163392855288e-09 7.844899035331631196e-09 7.803867683418367994e-09 7.761961125467686152e-09 7.707838416751699498e-09 7.825057730697277154e-09 7.774319899489793407e-09 7.853120266794215247e-09 7.827247804081630870e-09 7.837728894812924132e-09 7.761551146726189843e-09 7.904102920068025899e-09 7.839051022746597936e-09 7.882795294217687673e-09 7.854563199064625406e-09 7.836702102891155354e-09 7.905709340008502534e-09 7.864399262457481497e-09 7.751182007780612550e-09 7.866428304336734216e-09 7.780508466964284847e-09 7.859964932185373601e-09
7.737326623767006603e-09 7.798469258460882682e-09 7.834082178316326071e-09 7.771715565136051475e-09 7.789058501105440781e-09 7.725817213945575714e-09 7.790931907185373755e-09 7.758036203443877817e-09 7.686132892857144350e-09 7.760071495238095880e-09 7.683301160374147778e-09 7.785523289668368184e-09 7.813625666241496415e-09 7.626029355697279446e-09 7.772492513860544276e-09 7.806139911649658190e-09 7.743112347278910459e-09 7.706698369940475513e-09 7.737879040221088860e-09 7.752031331462584455e-09 7.717151891369047932e-09 7.797173617049320058e-09 7.779234517857141993e-09 7.778279982227890687e-09 7.739769378188775315e-09 7.699717547746599130e-09 7.648262278188775177e-09 7.758560530314624991e-09 7.709281978784013695e-09 7.785966243324828844e-09 7.764931150977890377e-09 7.772085911734692838e-09 7.700544778273807814e-09 7.833234823384353035e-09 7.772628993622449432e-09 7.811867245663266360e-09 7.786308377423468452e-09 7.770707041751699691e-09 7.837366080527210706e-09 7.796754647363944773e-09 7.689605884481290809e-09 7.799585802210882399e-09 7.714686235119047256e-09 7.792755964243196326e-09
7.702067090773811044e-09 7.759535965178568838e-09 7.794685555059519206e-09 7.734042536607142988e-09 7.752134741964284098e-09 7.692182982440476707e-09 7.752833971726190798e-09 7.722278370238095162e-09 7.653906404166666097e-09 7.723467993750001332e-09 7.650993269940477895e-09 7.749190335119046324e-09 7.775650018154762105e-09 7.595587080059523968e-09 7.736167355654760685e-09 7.768222032142857314e-09 7.706698369940475513e-09 7.674240237499998382e-09 7.704122977976190657e-09 7.716731023214283737e-09 7.683598449999999732e-09 7.760450774702381094e-09 7.741126302083332319e-09 7.741309324702379806e-09 7.705483114880953066e-09 7.665744696428571904e-09 7.617000116964284559e-09 7.721627055357141591e-09 7.675020073214286067e-09 7.748662747321428339e-09 7.730392653869046983e-09 7.737089275595237497e-09 7.667096318749998437e-09 7.794247974404761886e-09 7.735582836904760577e-09 7.772602383928570733e-09 7.749130038392857420e-09 7.734315074702379492e-09 7.799554468154762996e-09 7.759490042559522040e-09 7.656535161607142508e-09 7.763269836011903281e-09 7.678474904166666083e-09 7.756203109523808825e-09
7.734176776232993425e-09 7.792697993622447783e-09 7.827681688350342416e-09 7.766359020280609264e-09 7.784276738477890356e-09 7.723492275637754674e-09 7.785566680314623652e-09 7.754323206972786745e-09 7.684366480059524787e-09 7.755724836011903593e-09 7.681874602125849504e-09 7.781357081164966764e-09 7.808109871258504302e-09 7.625485588052719127e-09 7.767906977806122730e-09 7.800876577933673585e-09 7.737879040221088860e-09 7.704122977976190657e-09 7.736708559778911631e-09 7.748068472704081663e-09 7.714912325297618451e-09 7.792630066284014250e-09 7.774012907142856598e-09 7.773443703188774986e-09 7.737128182227890106e-09 7.696953002253401396e-09 7.647884696811223403e-09 7.753685128018706753e-09 7.706280596215985951e-09 7.780805648341835808e-09 7.761790713605441642e-09 7.769305665348637964e-09 7.697602532142856739e-09 7.826940945365645918e-09 7.768011487627551042e-09 7.805311756420068382e-09 7.781745512159864110e-09 7.766277829081631242e-09 7.831906559056121652e-09 7.791995875552719919e-09 7.687798450935372721e-09 7.795475051955780591e-09 7.710289854464285298e-09 7.788791798256800507e-09
7.747417274022108808e-09 7.810358724957483651e-09 7.844388463477888541e-09 7.782621769260202726e-09 7.799304186437073774e-09 7.735472443962582750e-09 7.801524379549319154e-09 7.767761692602039664e-09 7.695942294047617937e-09 7.771207688392855006e-09 7.693420134736394055e-09 7.795688451360543273e-09 7.825045164030610342e-09 7.635438764073130093e-09 7.783276228018708032e-09 7.816947111394556334e-09 7.752031331462584455e-09 7.716731023214283737e-09 7.748068472704081663e-09 7.763876457568026364e-09 7.726852986904761214e-09 7.807296537372448799e-09 7.789553023214286611e-09 7.788257848979590290e-09 7.750428730187073940e-09 7.709450178528910217e-09 7.658271521853741544e-09 7.769349341284014074e-09 7.720047029294215004e-09 7.796119632780611020e-09 7.774864334396257568e-09 7.783293800255101140e-09 7.709555658630950431e-09 7.844312909566325037e-09 7.782820568792515314e-09 7.822776347278910609e-09 7.797577855442176769e-09 7.780960007610543863e-09 7.848230382185374302e-09 7.807392874489795772e-09 7.699528664200680002e-09 7.810048535374147977e-09 7.724573191071426654e-09 7.803516773724488488e-09
7.712751953869048463e-09 7.769695790476191566e-09 7.804540856547618737e-09 7.744181655952379010e-09 7.763023209821428631e-09 7.703092908035713284e-09 7.762982919047619592e-09 7.733433088690475228e-09 7.664517810416666884e-09 7.734108083333334393e-09 7.661664533035714287e-09 7.759283431845237171e-09 7.785594347023810707e-09 7.606220123214285659e-09 7.746199076190477205e-09 7.778509708630951985e-09 7.717151891369047932e-09 7.683598449999999732e-09 7.714912325297618451e-09 7.726852986904761214e-09 7.695712266666666932e-09 7.771141071428570405e-09 7.751413552083333482e-09 7.751786021428570511e-09 7.716168624404761469e-09 7.676583027976190580e-09 7.628084732738094144e-09 7.732031360119046267e-09 7.685106838988094377e-09 7.758755709523810229e-09 7.741241208928571410e-09 7.747838088392856692e-09 7.678356670833330905e-09 7.804336130357142554e-09 7.745892036607143362e-09 7.782245992559522437e-09 7.759581064880952050e-09 7.744517850595236055e-09 7.809537249107141921e-09 7.770165906547618652e-09 7.667361214285714668e-09 7.773717423809523647e-09 7.689005120833333057e-09 7.766897449702380978e-09
7.792499395323127372e-09 7.857068623256804143e-09 7.891882283843537388e-09 7.828374570918367158e-09 7.845338021003399851e-09 7.779659375382653134e-09 7.848871251105443336e-09 7.813245682100340066e-09 7.739489203869049088e-09 7.816737949107142698e-09 7.736836782525507790e-09 7.842167320365645340e-09 7.872654377338435302e-09 7.677858291581631192e-09 7.829549713350339423e-09 7.863854308843535185e-09 7.797173617049320058e-09 7.760450774702381094e-09 7.792630066284014250e-09 7.807296537372448799e-09 7.771141071428570405e-09 7.854944771853740827e-09 7.836897818452380958e-09 7.834681595663263865e-09 7.794581208503400310e-09 7.754187296768706254e-09 7.700964531420067657e-09 7.815306255144557192e-09 7.765272978146256862e-09 7.842821404421767216e-09 7.819219399829930866e-09 7.828315745875849107e-09 7.753614920535714078e-09 7.891899754719385447e-09 7.828941270493196645e-09 7.871231019685372254e-09 7.843555271045916918e-09 7.827050118282311783e-09 7.895095859183673988e-09 7.854212883248297651e-09 7.743506040561224272e-09 7.856337277423469358e-09 7.770499917261904429e-09 7.850006937287414088e-09
7.774635626190478542e-09 7.842001521428572514e-09 7.876977521726189394e-09 7.812468511607143470e-09 7.828371775297619247e-09 7.760681694940475595e-09 7.833116569642857489e-09 7.795352588988096441e-09 7.719891950000000109e-09 7.800340202083333402e-09 7.716870113690474908e-09 7.825063451785712675e-09 7.856981661904762285e-09 7.657433309226190068e-09 7.812643159821427871e-09 7.847531163392855288e-09 7.779234517857141993e-09 7.741126302083332319e-09 7.774012907142856598e-09 7.789553023214286611e-09 7.751413552083333482e-09 7.836897818452380958e-09 7.822001224999999642e-09 7.817963980952380711e-09 7.776258602380952700e-09 7.735291375595238442e-09 7.681356914880951797e-09 7.798502703273809987e-09 7.747271641964285672e-09 7.826386747321427149e-09 7.800050089285712948e-09 7.810352688095236531e-09 7.733793416666665579e-09 7.876315238988094492e-09 7.812135018154762316e-09 7.855842965178572071e-09 7.827283313392857000e-09 7.809543826785714900e-09 7.878891541071428961e-09 7.837268819642856791e-09 7.724348951190476460e-09 7.839557015178569482e-09 7.753290343749999399e-09 7.832926919940475348e-09
7.773728208418367684e-09 7.838262546471089274e-09 7.873318820748299819e-09 7.809778165263604558e-09 7.826499615943878687e-09 7.760382750977889698e-09 7.829712815093535590e-09 7.794629763052721386e-09 7.720401541369049024e-09 7.798124669940474710e-09 7.717881545620748162e-09 7.823068104591836918e-09 7.853379895790816588e-09 7.659431149319728570e-09 7.810246796386053905e-09 7.844899035331631196e-09 7.778279982227890687e-09 7.741309324702379806e-09 7.773443703188774986e-09 7.788257848979590290e-09 7.751786021428570511e-09 7.834681595663263865e-09 7.817963980952380711e-09 7.816942752806121454e-09 7.776067107610544209e-09 7.734954494982992255e-09 7.682252063860543419e-09 7.795721584906461557e-09 7.746116177253399372e-09 7.823865874957482213e-09 7.800269231972789026e-09 7.809445379506802503e-09 7.734981060119046870e-09 7.873123358588435183e-09 7.809870272278911333e-09 7.851955328316325070e-09 7.824963024617345387e-09 7.807582583758502688e-09 7.876119248469387952e-09 7.835598836819727442e-09 7.724598261989795873e-09 7.837780429804420848e-09 7.751897111011905583e-09 7.830912171215986673e-09
7.735874435331633760e-09 7.795638641028910853e-09 7.830585520918369669e-09 7.768764303486391838e-09 7.786817994472789469e-09 7.724680492772109456e-09 7.788176699489796721e-09 7.756286947363947196e-09 7.685759079464286171e-09 7.758416044642857569e-09 7.682871718962583341e-09 7.783209045408163830e-09 7.811093993792515523e-09 7.626365319430271327e-09 7.770288699447278385e-09 7.803867683418367994e-09 7.739769378188775315e-09 7.705483114880953066e-09 7.737128182227890106e-09 7.750428730187073940e-09 7.716168624404761469e-09 7.794581208503400310e-09 7.776258602380952700e-09 7.776067107610544209e-09 7.739724106972788344e-09 7.697866327933673465e-09 7.648691013222788449e-09 7.755919060926868887e-09 7.708229835246598417e-09 7.783208600042515033e-09 7.763157607610543428e-09 7.771595714243196704e-09 7.699215366964284856e-09 7.830356662244896886e-09 7.769895504804421369e-09 7.808703392517006933e-09 7.784571375382653913e-09 7.768286359991496356e-09 7.834630461947279782e-09 7.794535327763604645e-09 7.689420688010202641e-09 7.797949497278910160e-09 7.712465943154761444e-09 7.791065564200679713e-09
7.695233120365645213e-09 7.753715793367346438e-09 7.788460154634352435e-09 7.728008948341837207e-09 7.745551488350341934e-09 7.685003951913263227e-09 7.746904001360545669e-09 7.715735506335033327e-09 7.645918946428572511e-09 7.717198118452380319e-09 7.643656252210884302e-09 7.742550641411562482e-09 7.769599828358842644e-09 7.587441412074829007e-09 7.729549093835033413e-09 7.761961125467686152e-09 7.699717547746599130e-09 7.665744696428571904e-09 7.696953002253401396e-09 7.709450178528910217e-09 7.676583027976190580e-09 7.754187296768706254e-09 7.735291375595238442e-09 7.734954494982992255e-09 7.697866327933673465e-09 7.660050358843537587e-09 7.610040444600339140e-09 7.715201763222788699e-09 7.667807234481291170e-09 7.741927953358843113e-09 7.723308740816323919e-09 7.729740237712585521e-09 7.659912063095236591e-09 7.788211709013604800e-09 7.728833002465986501e-09 7.766887567176871011e-09 7.743054542729590571e-09 7.727662591411563788e-09 7.793264681335034140e-09 7.753573172491497363e-09 7.648859615306123036e-09 7.756425885034013290e-09 7.671977061309523633e-09 7.749905588520406912e-09
7.644814964498298706e-09 7.697778974362244522e-09 7.732635139668366075e-09 7.674638234736395712e-09 7.693049338222787542e-09 7.636132863605441750e-09 7.692093916156460767e-09 7.665227034863944645e-09 7.598563671130953885e-09 7.664784767559523571e-09 7.596765337712584985e-09 7.690172534991498599e-09 7.714812104209182585e-09 7.542223542346938136e-09 7.676775466113945103e-09 7.707838416751699498e-09 7.648262278188775177e-09 7.617000116964284559e-09 7.647884696811223403e-09 7.658271521853741544e-09 7.628084732738094144e-09 7.700964531420067657e-09 7.681356914880951797e-09 7.682252063860543419e-09 7.648691013222788449e-09 7.610040444600339140e-09 7.565799536139455117e-09 7.662034096343537772e-09 7.617465499829930811e-09 7.688605829209183715e-09 7.672708640943876988e-09 7.679340818409863981e-09 7.611856381547618344e-09 7.732508699744898541e-09 7.675565540221089022e-09 7.710782352933673432e-09 7.689726892049320610e-09 7.675483016241497121e-09 7.739319466113945626e-09 7.699807409013606092e-09 7.601631379676869635e-09 7.703542032695577923e-09 7.620151747321429670e-09 7.696925197534014466e-09
7.753779548469391136e-09 7.819160557270407507e-09 7.853823280697277488e-09 7.790129035671767235e-09 7.806434585926870301e-09 7.740679242814626912e-09 7.810456349149660820e-09 7.774104912967686658e-09 7.700570744940477244e-09 7.779055688988094498e-09 7.697701712159864086e-09 7.803537271513603373e-09 7.834397086181971091e-09 7.638737314328231076e-09 7.791001644217686354e-09 7.825057730697277154e-09 7.758560530314624991e-09 7.721627055357141591e-09 7.753685128018706753e-09 7.769349341284014074e-09 7.732031360119046267e-09 7.815306255144557192e-09 7.798502703273809987e-09 7.795721584906461557e-09 7.755919060926868887e-09 7.715201763222788699e-09 7.662034096343537772e-09 7.777850321683673360e-09 7.726079096938776176e-09 7.804175465348639456e-09 7.780403920323128412e-09 7.789762123044217104e-09 7.714489717857143021e-09 7.853661151658163674e-09 7.790575884396259034e-09 7.832671450722788815e-09 7.805332750637755031e-09 7.788333956930271110e-09 7.856402267134354220e-09 7.815363187244895606e-09 7.704307623767006140e-09 7.817986178103741539e-09 7.731928214285713210e-09 7.811243132695576981e-09
7.705286708843535742e-09 7.766878972576529600e-09 7.801131211989796341e-09 7.739354622831635342e-09 7.756894522746598996e-09 7.693869720450679864e-09 7.759042242644555737e-09 7.726221311649659599e-09 7.654699187797618338e-09 7.728338021726189951e-09 7.652438496641154160e-09 7.753467335884352363e-09 7.782802935161564496e-09 7.594938625085032733e-09 7.740924524149659135e-09 7.774319899489793407e-09 7.709281978784013695e-09 7.675020073214286067e-09 7.706280596215985951e-09 7.720047029294215004e-09 7.685106838988094377e-09 7.765272978146256862e-09 7.747271641964285672e-09 7.746116177253399372e-09 7.708229835246598417e-09 7.667807234481291170e-09 7.617465499829930811e-09 7.726079096938776176e-09 7.679601626020407453e-09 7.753739758078231045e-09 7.732194727253401092e-09 7.740845649957482153e-09 7.668113077380952179e-09 7.801137136947278251e-09 7.739836185756802728e-09 7.779912442814626359e-09 7.754274943537413515e-09 7.738486117134352198e-09 7.805199963732992610e-09 7.765153295918367873e-09 7.658647299022108098e-09 7.767207080909863438e-09 7.682597828571428035e-09 7.761034525212582754e-09
7.781501058205780967e-09 7.847016016751700314e-09 7.881868920960886029e-09 7.817771955229593186e-09 7.834400152125849419e-09 7.767902903741494373e-09 7.838198938818027060e-09 7.801986637712586889e-09 7.727959159821427256e-09 7.806001146130952107e-09 7.724424393027209728e-09 7.830837909778911388e-09 7.861825169855442457e-09 7.665694957270408198e-09 7.818570673129250422e-09 7.853120266794215247e-09 7.785966243324828844e-09 7.748662747321428339e-09 7.780805648341835808e-09 7.796119632780611020e-09 7.758755709523810229e-09 7.842821404421767216e-09 7.826386747321427149e-09 7.823865874957482213e-09 7.783208600042515033e-09 7.741927953358843113e-09 7.688605829209183715e-09 7.804175465348639456e-09 7.753739758078231045e-09 7.832781409438773866e-09 7.807590599957482613e-09 7.817109916156462023e-09 7.741717566071427019e-09 7.881623018367346615e-09 7.818056010331633662e-09 7.860580305442177023e-09 7.832768655782313030e-09 7.815539091028910897e-09 7.884081991879252925e-09 7.843390619770405695e-09 7.731923269515305456e-09 7.845570708418367687e-09 7.759646192857142597e-09 7.839003010884352739e-09
7.760493745918365677e-09 7.820069571471088825e-09 7.854448804081632914e-09 7.793250911096938549e-09 7.811103365943875159e-09 7.749571890561226424e-09 7.812024931760205515e-09 7.780829602636053158e-09 7.710251153869047028e-09 7.782183107440476643e-09 7.707621420620747787e-09 7.807563192091834941e-09 7.834756008290816709e-09 7.651362611819727636e-09 7.794451133886052716e-09 7.827247804081630870e-09 7.764931150977890377e-09 7.730392653869046983e-09 7.761790713605441642e-09 7.774864334396257568e-09 7.741241208928571410e-09 7.819219399829930866e-09 7.800050089285712948e-09 7.800269231972789026e-09 7.763157607610543428e-09 7.723308740816323919e-09 7.672708640943876988e-09 7.780403920323128412e-09 7.732194727253401092e-09 7.807590599957482613e-09 7.789870119472786740e-09 7.795809121173467364e-09 7.724451020535713320e-09 7.854141639838433632e-09 7.794302966028910663e-09 7.832366832482993597e-09 7.808437616284013231e-09 7.792891300425169968e-09 7.858755496386053771e-09 7.819141872236393426e-09 7.713297032823128588e-09 7.822312948554420979e-09 7.736425350595238856e-09 7.815171342049320305e-09
7.768715953103740044e-09 7.830796347236392429e-09 7.864817042729590335e-09 7.802244564413263526e-09 7.820162199659863631e-09 7.756184811734692987e-09 7.822236874872446582e-09 7.789353548299320471e-09 7.717561823511903459e-09 7.791981212202381640e-09 7.714651987032310885e-09 7.816594861352040287e-09 7.845503114073129822e-09 7.656721025170067838e-09 7.803882644132652155e-09 7.837728894812924132e-09 7.772085911734692838e-09 7.737089275595237497e-09 7.769305665348637964e-09 7.783293800255101140e-09 7.747838088392856692e-09 7.828315745875849107e-09 7.810352688095236531e-09 7.809445379506802503e-09 7.771595714243196704e-09 7.729740237712585521e-09 7.679340818409863981e-09 7.789762123044217104e-09 7.740845649957482153e-09 7.817109916156462023e-09 7.795809121173467364e-09 7.805757029081631351e-09 7.730577158928569248e-09 7.864936071811222383e-09 7.802661746513605108e-09 7.843958998129252424e-09 7.818517653741494743e-09 7.801584853018706469e-09 7.869005044132652381e-09 7.828050550170066101e-09 7.721317150127549069e-09 7.831499572236393672e-09 7.745226917559522791e-09 7.824699192091834704e-09
7.695856186607142240e-09 7.751433656845240005e-09 7.786924146726191509e-09 7.726986276190475507e-09 7.745390423214284148e-09 7.686390611607146163e-09 7.745051723809522883e-09 7.716941634821430290e-09 7.648069541666666422e-09 7.716330724999997717e-09 7.645734886607141175e-09 7.742133995535713322e-09 7.768075772321426447e-09 7.589990840476189874e-09 7.728363099404760555e-09 7.761551146726189843e-09 7.700544778273807814e-09 7.667096318749998437e-09 7.697602532142856739e-09 7.709555658630950431e-09 7.678356670833330905e-09 7.753614920535714078e-09 7.733793416666665579e-09 7.734981060119046870e-09 7.699215366964284856e-09 7.659912063095236591e-09 7.611856381547618344e-09 7.714489717857143021e-09 7.668113077380952179e-09 7.741717566071427019e-09 7.724451020535713320e-09 7.730577158928569248e-09 7.663903579166666196e-09 7.786602453571427082e-09 7.727995661904761093e-09 7.764954250595237372e-09 7.742066844642855497e-09 7.727140358035713438e-09 7.791928401488096167e-09 7.753111094642856434e-09 7.650788588690474584e-09 7.756591215178568986e-09 7.671967574999999980e-09 7.749022361607140745e-09
7.828903994515305491e-09 7.898870343239794633e-09 7.933855984651359856e-09 7.868045170705781651e-09 7.883142714328230010e-09 7.813112071301019484e-09 7.888551479591839302e-09 7.849417067474489323e-09 7.772337020238095280e-09 7.855481931547619320e-09 7.769239235586731150e-09 7.879965607993195852e-09 7.913563605867346383e-09 7.708905181377549825e-09 7.867959529974489301e-09 7.904102920068025899e-09 7.833234823384353035e-09 7.794247974404761886e-09 7.826940945365645918e-09 7.844312909566325037e-09 7.804336130357142554e-09 7.891899754719385447e-09 7.876315238988094492e-09 7.873123358588435183e-09 7.830356662244896886e-09 7.788211709013604800e-09 7.732508699744898541e-09 7.853661151658163674e-09 7.801137136947278251e-09 7.881623018367346615e-09 7.854141639838433632e-09 7.864936071811222383e-09 7.786602453571427082e-09 7.934509068962583915e-09 7.867325158843537306e-09 7.912583761096938879e-09 7.882869748639455828e-09 7.864469807993196159e-09 7.934426602891155496e-09 7.893297485544216903e-09 7.776546364158161574e-09 7.894568545323128590e-09 7.808299919940476566e-09 7.888188924277211546e-09
7.767429848086732775e-09 7.832507705442178378e-09 7.868438843579930132e-09 7.804071128443877004e-09 7.820398923554420889e-09 7.754417095705782937e-09 7.824195994770407723e-09 7.787440928188775501e-09 7.713668803571427495e-09 7.792394877380951004e-09 7.710777749574830642e-09 7.817572025850337272e-09 7.847389018664965550e-09 7.652650694472789334e-09 7.804681726105441803e-09 7.839051022746597936e-09 7.772628993622449432e-09 7.735582836904760577e-09 7.768011487627551042e-09 7.782820568792515314e-09 7.745892036607143362e-09 7.828941270493196645e-09 7.812135018154762316e-09 7.809870272278911333e-09 7.769895504804421369e-09 7.728833002465986501e-09 7.675565540221089022e-09 7.790575884396259034e-09 7.739836185756802728e-09 7.818056010331633662e-09 7.794302966028910663e-09 7.802661746513605108e-09 7.727995661904761093e-09 7.867325158843537306e-09 7.806566198724489861e-09 7.845976350382653240e-09 7.818861763818025833e-09 7.801796692517005576e-09 7.870043817772108864e-09 7.829281238222789031e-09 7.717889717729591986e-09 7.831701390858842959e-09 7.746242767857142772e-09 7.825610242431971448e-09
7.807207120365646464e-09 7.878030132950679285e-09 7.912575469217689253e-09 7.846827908758503104e-09 7.861749102933674409e-09 7.791072731079931876e-09 7.867946493027210746e-09 7.828234198001701274e-09 7.750520323511904489e-09 7.834818776785714262e-09 7.747962045960886606e-09 7.859069737244897450e-09 7.892552688775509438e-09 7.686883003741497098e-09 7.847117081335033431e-09 7.882795294217687673e-09 7.811867245663266360e-09 7.772602383928570733e-09 7.805311756420068382e-09 7.822776347278910609e-09 7.782245992559522437e-09 7.871231019685372254e-09 7.855842965178572071e-09 7.851955328316325070e-09 7.808703392517006933e-09 7.766887567176871011e-09 7.710782352933673432e-09 7.832671450722788815e-09 7.779912442814626359e-09 7.860580305442177023e-09 7.832366832482993597e-09 7.843958998129252424e-09 7.764954250595237372e-09 7.912583761096938879e-09 7.845976350382653240e-09 7.893735488010203438e-09 7.861833861479591364e-09 7.843411568494897387e-09 7.914264937585034631e-09 7.871681562074828065e-09 7.755800506972787828e-09 7.873255291284013513e-09 7.787055717559524114e-09 7.867058288520407931e-09
