2.461337830365135713e-08 2.481689446757738295e-08 2.487995039059183881e-08 2.476204078577465745e-08 2.471051657538860421e-08 2.446591532332100408e-08 2.479740687833630781e-08 2.458578639006802650e-08 2.433661105565816097e-08 2.468880852158290284e-08 2.439041176618792467e-08 2.471793788191198706e-08 2.483006309479761290e-08 2.425606698735672016e-08 2.473967863560204411e-08 2.476439985019897516e-08 2.460027776677295994e-08 2.447948412456335410e-08 2.454749506501401751e-08 2.463345071428487253e-08 2.445506847501275299e-08 2.464815387839795448e-08 2.472583038970747243e-08 2.471936293228189079e-08 2.460117241301020613e-08 2.439359561036011628e-08 2.440464381707866057e-08 2.466472788125936341e-08 2.457741123895577088e-08 2.477211444041496457e-08 2.459044698103656422e-08 2.466361047958970049e-08 2.437488669945875935e-08 2.490083197173426751e-08 2.478021005858291454e-08 2.492839286896980605e-08 2.477272177952210851e-08 2.465804488360756089e-08 2.486751680934267371e-08 2.482982898874234954e-08 2.443965902400594568e-08 2.473704399359353170e-08 2.460679204776913422e-08 2.476144005072279835e-08
2.481689446757738295e-08 2.502930220604166668e-08 2.509164559207738004e-08 2.497154717328273934e-08 2.491802867706547394e-08 2.466673510847320977e-08 2.500720350118749772e-08 2.478908133409821351e-08 2.453564732963095342e-08 2.489781234582738128e-08 2.458841804769345315e-08 2.492530518839286056e-08 2.504152802302083541e-08 2.445216977391070764e-08 2.494847381740773966e-08 2.497460246038987170e-08 2.480484021705058276e-08 2.468136297413690215e-08 2.475025876317559306e-08 2.483846140492560112e-08 2.465471113532440094e-08 2.485603851090476012e-08 2.493532122600892528e-08 2.492639102850893191e-08 2.480323565058035355e-08 2.459361697106249122e-08 2.460273258555952702e-08 2.487154345508927854e-08 2.478210439515177865e-08 2.498101576097620503e-08 2.479358849684523874e-08 2.486963230975595072e-08 2.457295928961011156e-08 2.511329741117559070e-08 2.498796545201488117e-08 2.514251652711905545e-08 2.498180084570535619e-08 2.486544685956846035e-08 2.507733561900595152e-08 2.504043542060118566e-08 2.463986190445834296e-08 2.494508098753868492e-08 2.481316123303869581e-08 2.497178993284821338e-08
2.487995039059183881e-08 2.509164559207738004e-08 2.515565542074064370e-08 2.503483836293537375e-08 2.498109066200169960e-08 2.472925083669897612e-08 2.507066145150297600e-08 2.485203450821683091e-08 2.459819309200935585e-08 2.496014079627338430e-08 2.465074829941411560e-08 2.498855440540305760e-08 2.510511183450594650e-08 2.451475558975552660e-08 2.501157355642941826e-08 2.503728943147280359e-08 2.486776246615391021e-08 2.474351695899490471e-08 2.481291030487414664e-08 2.490192355826998784e-08 2.471733191250679930e-08 2.491897116109141294e-08 2.499829624200510008e-08 2.498972871689199953e-08 2.486652202073043664e-08 2.465646030763095163e-08 2.466579547273639830e-08 2.493450577421471159e-08 2.484456669597364640e-08 2.504409401023937033e-08 2.485650997861394818e-08 2.493301687721172279e-08 2.463582703739328605e-08 2.517658298132355595e-08 2.505142112458589298e-08 2.520528502766029225e-08 2.504448312309651979e-08 2.492880119104208452e-08 2.514115913892305257e-08 2.510335848067091989e-08 2.470243565469345176e-08 2.500792249364711867e-08 2.487575702578104835e-08 2.503498977489243688e-08
2.476204078577465745e-08 2.497154717328273934e-08 2.503483836293537375e-08 2.491841575483758833e-08 2.486344897268409723e-08 2.461222796716453835e-08 2.495067812326487941e-08 2.473516107998298972e-08 2.448222135171045470e-08 2.484172438124489708e-08 2.453567434335926837e-08 2.487048722658971101e-08 2.498549096532142168e-08 2.440028467123893991e-08 2.489357476018281539e-08 2.491885123557525661e-08 2.475058922450467225e-08 2.462722294132270020e-08 2.469622157629337695e-08 2.478361655456420210e-08 2.460179820215306120e-08 2.480070050187967564e-08 2.487956713748979513e-08 2.487119937886181853e-08 2.474934131274744557e-08 2.454094416215476306e-08 2.455007536119387938e-08 2.481704850315389778e-08 2.472811470642771942e-08 2.492637742572958417e-08 2.473987198377209355e-08 2.481526378301403033e-08 2.451979924404676481e-08 2.505710703416539322e-08 2.493216431484907216e-08 2.508611070438775407e-08 2.492616967564030569e-08 2.481019742322830549e-08 2.502217734329973789e-08 2.498471436142899487e-08 2.458635560619643656e-08 2.488927130066411438e-08 2.475842437627126405e-08 2.491616977375679585e-08
2.471051657538860421e-08 2.491802867706547394e-08 2.498109066200169960e-08 2.486344897268409723e-08 2.481152962771938782e-08 2.456260980310586568e-08 2.489733818798809324e-08 2.468409443930527172e-08 2.443300749737329646e-08 2.478926608703741304e-08 2.448681839365008302e-08 2.481754448384906329e-08 2.493132747245535896e-08 2.435174671115051602e-08 2.484003621424957344e-08 2.486548787034396005e-08 2.469863037779208949e-08 2.457692953244601527e-08 2.464541838903613559e-08 2.473200169511947384e-08 2.455173092050254730e-08 2.474795065158375571e-08 2.482602680305399585e-08 2.481859250294387250e-08 2.469894837131038042e-08 2.449088074764285449e-08 2.450083007403656339e-08 2.476442336326020588e-08 2.467609498987031569e-08 2.487230736789966287e-08 2.468860703815730635e-08 2.476334403420961125e-08 2.447099646079590897e-08 2.500252705884269102e-08 2.487915045993324119e-08 2.503079095517729993e-08 2.487274278784609085e-08 2.475796647515901180e-08 2.496871748684355113e-08 2.493016757515262868e-08 2.453693575926786243e-08 2.483648276793537246e-08 2.470612364712881660e-08 2.486263614606123526e-08
2.446591532332100408e-08 2.466673510847320977e-08 2.472925083669897612e-08 2.461222796716453835e-08 2.456260980310586568e-08 2.432343448140731250e-08 2.464699737544047634e-08 2.444027083652934085e-08 2.419469922863435509e-08 2.454023613108588503e-08 2.424861063518495047e-08 2.456955589469472828e-08 2.467882176444344775e-08 2.411620902956802707e-08 2.459056478647109237e-08 2.461490830263946181e-08 2.445392593946640797e-08 2.433562897855740514e-08 2.440241176679082060e-08 2.448586885643665340e-08 2.431230687009012825e-08 2.450001145048724795e-08 2.457622571494260284e-08 2.457124707726701194e-08 2.445590964050127251e-08 2.425079124904761769e-08 2.426258323113223252e-08 2.451656341819388081e-08 2.443144484241112996e-08 2.462234936071853201e-08 2.444475315094727541e-08 2.451667136467007205e-08 2.423341383291410774e-08 2.474919246932355926e-08 2.463191930894004321e-08 2.477615037307695646e-08 2.462333138534651327e-08 2.451050936620876145e-08 2.471791805288137570e-08 2.467945542348341779e-08 2.429723330017261841e-08 2.458829248556376980e-08 2.445995180511437485e-08 2.461202521970493812e-08
2.479740687833630781e-08 2.500720350118749772e-08 2.507066145150297600e-08 2.495067812326487941e-08 2.489733818798809324e-08 2.464699737544047634e-08 2.498743935791666533e-08 2.476926048125297411e-08 2.451613585041368999e-08 2.487648028973214398e-08 2.456868543518451991e-08 2.490492812782439927e-08 2.502072595322916820e-08 2.443359403246129551e-08 2.492772571307738156e-08 2.495300297402381178e-08 2.478472787277676891e-08 2.466102795561904427e-08 2.473052706967262195e-08 2.481876200750595830e-08 2.463510896120238070e-08 2.483547543469345676e-08 2.491473574942261079e-08 2.490643900406843735e-08 2.478381530011607111e-08 2.457411524683332768e-08 2.458327194413689650e-08 2.485189709018451777e-08 2.476194180587202774e-08 2.495999787801190563e-08 2.477335350526487364e-08 2.484999678624702033e-08 2.455359789566368620e-08 2.509197355636011361e-08 2.496744579775297147e-08 2.512037092558632098e-08 2.496114702305357812e-08 2.484522778778868495e-08 2.505683383139285480e-08 2.501965678809523796e-08 2.462007632585416625e-08 2.492475718486606750e-08 2.479238698942856116e-08 2.495071258379463903e-08
2.458578639006802650e-08 2.478908133409821351e-08 2.485203450821683091e-08 2.473516107998298972e-08 2.468409443930527172e-08 2.444027083652934085e-08 2.476926048125297411e-08 2.456059563152635867e-08 2.431117773484566541e-08 2.466202519312457484e-08 2.436521768612542004e-08 2.469057573555782566e-08 2.480201543900596081e-08 2.423170539166921615e-08 2.471247772497702790e-08 2.473710108444897724e-08 2.457399533608546872e-08 2.445387355887584354e-08 2.452122030176403289e-08 2.460617449053485992e-08 2.442985027813775006e-08 2.462113759758545658e-08 2.469851772860331179e-08 2.469197273444855856e-08 2.457518653523936474e-08 2.436769786481845167e-08 2.437910761962031783e-08 2.463728478675934870e-08 2.455125361626828424e-08 2.474494354024829358e-08 2.456408355405740044e-08 2.463728120038137773e-08 2.434976525772958438e-08 2.487318988427594483e-08 2.475333552641624061e-08 2.490036914628230854e-08 2.474551532995961296e-08 2.463184487106589417e-08 2.484041423836350433e-08 2.480227542917984939e-08 2.441470211881845150e-08 2.470989265961438042e-08 2.458004426743579680e-08 2.473391339853529526e-08
2.433661105565816097e-08 2.453564732963095342e-08 2.459819309200935585e-08 2.448222135171045470e-08 2.443300749737329646e-08 2.419469922863435509e-08 2.451613585041368999e-08 2.431117773484566541e-08 2.406908946294897802e-08 2.441007069545577998e-08 2.412119575914838606e-08 2.443992524384693691e-08 2.454867976051487508e-08 2.398988435505697904e-08 2.446025309888308277e-08 2.448518163873555009e-08 2.432535500824193013e-08 2.420761366392176822e-08 2.427350703254251070e-08 2.435646312273001357e-08 2.418375527601402519e-08 2.437055277490858458e-08 2.444570671676573685e-08 2.444138409096216041e-08 2.432730204610288203e-08 2.412322403247322053e-08 2.413490715436776517e-08 2.438668216484779507e-08 2.430275480483884832e-08 2.449218258646896020e-08 2.431557861240688746e-08 2.438735698270494040e-08 2.410603579921088865e-08 2.461781793217643810e-08 2.450137138387244778e-08 2.464385769838138107e-08 2.449270736863264518e-08 2.438033064714539734e-08 2.458700056274363029e-08 2.454850593793324887e-08 2.416932028511905131e-08 2.445798116160288179e-08 2.433049014403145519e-08 2.448260890846172448e-08
2.468880852158290284e-08 2.489781234582738128e-08 2.496014079627338430e-08 2.484172438124489708e-08 2.478926608703741304e-08 2.454023613108588503e-08 2.487648028973214398e-08 2.466202519312457484e-08 2.441007069545577998e-08 2.476925606209778252e-08 2.446404235186054359e-08 2.479614267980484524e-08 2.491034110552677807e-08 2.432862745253826016e-08 2.481872329186393908e-08 2.484392499623469361e-08 2.467700302938604870e-08 2.455491682226275270e-08 2.462341833552296455e-08 2.471006683531463233e-08 2.452903903977465881e-08 2.472634349701105681e-08 2.480502527757057341e-08 2.479703438893664593e-08 2.467694010665305566e-08 2.446784794673512288e-08 2.447744465724233853e-08 2.474251755961946152e-08 2.465458921775340640e-08 2.485161169291198207e-08 2.466666853098595446e-08 2.474140771230399621e-08 2.444811250267303356e-08 2.498187978445152543e-08 2.485779492105612646e-08 2.501068914181803638e-08 2.485143556041496593e-08 2.473639904319685265e-08 2.494697160624447829e-08 2.490951983869770125e-08 2.451463552894345273e-08 2.481585176652806810e-08 2.468467927755781345e-08 2.484133348273766639e-08
2.439041176618792467e-08 2.458841804769345315e-08 2.465074829941411560e-08 2.453567434335926837e-08 2.448681839365008302e-08 2.424861063518495047e-08 2.456868543518451991e-08 2.436521768612542004e-08 2.412119575914838606e-08 2.446404235186054359e-08 2.417780305480612195e-08 2.449337759496598488e-08 2.460075342951488343e-08 2.404434199627423618e-08 2.451308328907355717e-08 2.453803054924447977e-08 2.437892219388478059e-08 2.426188923115391172e-08 2.432759620358120718e-08 2.441026024331038122e-08 2.423910357893366803e-08 2.442322951342644341e-08 2.449838524772108428e-08 2.449505369495918208e-08 2.438178433674276586e-08 2.417754306732738633e-08 2.418997211017431451e-08 2.443980399592219433e-08 2.435626860810076117e-08 2.454662254765050199e-08 2.437066713870153928e-08 2.444104394517517152e-08 2.416037027357695928e-08 2.467065409140262909e-08 2.455419182792305418e-08 2.469742423324447381e-08 2.454542502552254091e-08 2.443401130951147284e-08 2.464013880369301619e-08 2.460099978478145135e-08 2.422434710857738206e-08 2.451123139982609477e-08 2.438450263196300986e-08 2.453458402001232540e-08
2.471793788191198706e-08 2.492530518839286056e-08 2.498855440540305760e-08 2.487048722658971101e-08 2.481754448384906329e-08 2.456955589469472828e-08 2.490492812782439927e-08 2.469057573555782566e-08 2.443992524384693691e-08 2.479614267980484524e-08 2.449337759496598488e-08 2.482563335012414807e-08 2.493909734062797048e-08 2.435869796840008226e-08 2.484735887450340269e-08 2.487246101462330321e-08 2.470616695601744030e-08 2.458379712230697677e-08 2.465246972804420920e-08 2.473916709583588283e-08 2.455835219283375423e-08 2.475508805003826348e-08 2.483300264196387064e-08 2.482643185061565360e-08 2.470598331076700569e-08 2.449766951771129772e-08 2.450779414604081238e-08 2.477162276487670741e-08 2.468347818462074402e-08 2.488008090703189159e-08 2.469562608994983481e-08 2.477031420392729508e-08 2.447754008246597779e-08 2.501024640852934326e-08 2.488653750238818251e-08 2.503792298460246390e-08 2.488038691573128221e-08 2.476484765418623434e-08 2.497611335446002255e-08 2.493818704736224570e-08 2.454378647839881462e-08 2.484374971572534726e-08 2.471292162869854414e-08 2.487008445955187306e-08
2.483006309479761290e-08 2.504152802302083541e-08 2.510511183450594650e-08 2.498549096532142168e-08 2.493132747245535896e-08 2.467882176444344775e-08 2.502072595322916820e-08 2.480201543900596081e-08 2.454867976051487508e-08 2.491034110552677807e-08 2.460075342951488343e-08 2.493909734062797048e-08 2.505622834645833224e-08 2.446504057206845402e-08 2.496243819800892946e-08 2.498782174158928419e-08 2.481826765359523572e-08 2.469366342640475778e-08 2.476367236459523452e-08 2.485185859542857084e-08 2.466699200927976463e-08 2.486939730934523358e-08 2.494864170434523654e-08 2.494003162453273483e-08 2.481652690966963834e-08 2.460682462531249793e-08 2.461535375664881009e-08 2.488537658272321631e-08 2.479522546897321500e-08 2.499469411821131085e-08 2.480667930377975919e-08 2.488313982736905076e-08 2.458544994441071259e-08 2.512760176990773895e-08 2.500118231608928517e-08 2.515554896913095186e-08 2.499507063010714669e-08 2.487901733763988219e-08 2.509157920557737991e-08 2.505400080762797586e-08 2.465272913472916855e-08 2.495860338302380669e-08 2.482566689069047408e-08 2.498564022165178736e-08
2.425606698735672016e-08 2.445216977391070764e-08 2.451475558975552660e-08 2.440028467123893991e-08 2.435174671115051602e-08 2.411620902956802707e-08 2.443359403246129551e-08 2.423170539166921615e-08 2.398988435505697904e-08 2.432862745253826016e-08 2.404434199627423618e-08 2.435869796840008226e-08 2.446504057206845402e-08 2.391459953372874190e-08 2.437781318217048750e-08 2.440243246509183296e-08 2.424535703632951214e-08 2.412864569046513384e-08 2.419424989763307566e-08 2.427621024209140903e-08 2.410610312878954050e-08 2.428889702474617367e-08 2.436264167947236277e-08 2.436064614635927481e-08 2.424798821303996239e-08 2.404552734250595187e-08 2.405787138237925115e-08 2.430572727859566287e-08 2.422278801833375336e-08 2.441063321938222634e-08 2.423627876791751437e-08 2.430728612005101762e-08 2.402810244642006709e-08 2.453403710729081304e-08 2.441909013268409547e-08 2.456009545982100064e-08 2.441047375846853235e-08 2.429949544336054351e-08 2.450491247892899363e-08 2.446563507368877106e-08 2.409171452192262045e-08 2.437651281956079726e-08 2.424958133215306227e-08 2.439957713113647715e-08
2.473967863560204411e-08 2.494847381740773966e-08 2.501157355642941826e-08 2.489357476018281539e-08 2.484003621424957344e-08 2.459056478647109237e-08 2.492772571307738156e-08 2.471247772497702790e-08 2.446025309888308277e-08 2.481872329186393908e-08 2.451308328907355717e-08 2.484735887450340269e-08 2.496243819800892946e-08 2.437781318217048750e-08 2.487161764494472938e-08 2.489501811802763355e-08 2.472754668286777354e-08 2.460432038287627214e-08 2.467439889926062913e-08 2.476105330892729510e-08 2.457904348470662515e-08 2.477735831843026979e-08 2.485696860818622478e-08 2.484822429574574286e-08 2.472688252886946788e-08 2.451836449755059277e-08 2.452751841152423232e-08 2.479459506261819899e-08 2.470508174243367036e-08 2.490264766883078226e-08 2.471728919734651224e-08 2.479193454935331622e-08 2.449788259751105095e-08 2.503436921479932286e-08 2.490969400215561062e-08 2.506267636009013710e-08 2.490373351132482582e-08 2.478757457808843563e-08 2.499964590959736320e-08 2.496189284200934781e-08 2.456414891284226053e-08 2.486716879464030420e-08 2.473557023220578341e-08 2.489324138191751829e-08
2.476439985019897516e-08 2.497460246038987170e-08 2.503728943147280359e-08 2.491885123557525661e-08 2.486548787034396005e-08 2.461490830263946181e-08 2.495300297402381178e-08 2.473710108444897724e-08 2.448518163873555009e-08 2.484392499623469361e-08 2.453803054924447977e-08 2.487246101462330321e-08 2.498782174158928419e-08 2.440243246509183296e-08 2.489501811802763355e-08 2.492234240495492739e-08 2.475262545370152794e-08 2.463010281815561111e-08 2.469836070142177263e-08 2.478607805463010407e-08 2.460359709693834856e-08 2.480320411170152958e-08 2.488140240030271715e-08 2.487386068256462602e-08 2.475118266126317634e-08 2.454266855583928254e-08 2.455280842543580056e-08 2.481872771748256778e-08 2.473007406255399943e-08 2.492763965760544768e-08 2.474152965931632737e-08 2.481722420120875421e-08 2.452179844824447021e-08 2.505902207662117434e-08 2.493428916992219059e-08 2.508775847876743189e-08 2.492831441602508010e-08 2.481246410105995070e-08 2.502377528079506891e-08 2.498634820909948770e-08 2.458886990625595298e-08 2.489153292447151355e-08 2.476028941895960926e-08 2.491857101810374625e-08
2.460027776677295994e-08 2.480484021705058276e-08 2.486776246615391021e-08 2.475058922450467225e-08 2.469863037779208949e-08 2.445392593946640797e-08 2.478472787277676891e-08 2.457399533608546872e-08 2.432535500824193013e-08 2.467700302938604870e-08 2.437892219388478059e-08 2.470616695601744030e-08 2.481826765359523572e-08 2.424535703632951214e-08 2.472754668286777354e-08 2.475262545370152794e-08 2.458971596127806017e-08 2.446802945301955475e-08 2.453562341988520143e-08 2.462104066567686573e-08 2.444339802971002842e-08 2.463692365129889243e-08 2.471328311939710437e-08 2.470742066110841366e-08 2.458928497367219193e-08 2.438235952209523493e-08 2.439261543018410041e-08 2.465236532509013859e-08 2.456618341485799549e-08 2.476072198777338039e-08 2.457841545050765170e-08 2.465216179679251779e-08 2.436280502900978182e-08 2.488920951547151107e-08 2.476817378474021803e-08 2.491640660951402972e-08 2.476049659386267141e-08 2.464656536803656591e-08 2.485559164438180323e-08 2.481777399446981953e-08 2.442844733236606602e-08 2.472518337975552902e-08 2.459527910629421664e-08 2.474985720722831521e-08
2.447948412456335410e-08 2.468136297413690215e-08 2.474351695899490471e-08 2.462722294132270020e-08 2.457692953244601527e-08 2.433562897855740514e-08 2.466102795561904427e-08 2.445387355887584354e-08 2.420761366392176822e-08 2.455491682226275270e-08 2.426188923115391172e-08 2.458379712230697677e-08 2.469366342640475778e-08 2.412864569046513384e-08 2.460432038287627214e-08 2.463010281815561111e-08 2.446802945301955475e-08 2.435027063301615304e-08 2.441545617859991153e-08 2.449940940287075151e-08 2.432513587988817849e-08 2.451423547176955419e-08 2.458979176275467451e-08 2.458504619904336524e-08 2.446974426667304165e-08 2.426334071588392713e-08 2.427526483243197076e-08 2.452991690586521704e-08 2.444564711465986160e-08 2.463702990063435368e-08 2.445872122198639250e-08 2.453085589368367050e-08 2.424582931092474413e-08 2.476398159720110538e-08 2.464503793486691732e-08 2.479101679119727512e-08 2.463730505342006392e-08 2.452440349073129203e-08 2.473160484234439047e-08 2.469339445535458727e-08 2.431080385213392377e-08 2.460230278798554053e-08 2.447380619857184860e-08 2.462642942137882656e-08
2.454749506501401751e-08 2.475025876317559306e-08 2.481291030487414664e-08 2.469622157629337695e-08 2.464541838903613559e-08 2.440241176679082060e-08 2.473052706967262195e-08 2.452122030176403289e-08 2.427350703254251070e-08 2.462341833552296455e-08 2.432759620358120718e-08 2.465246972804420920e-08 2.476367236459523452e-08 2.419424989763307566e-08 2.467439889926062913e-08 2.469836070142177263e-08 2.453562341988520143e-08 2.441545617859991153e-08 2.448435057053400877e-08 2.456792231453401210e-08 2.439179386962372078e-08 2.458259580403103578e-08 2.465993129160841488e-08 2.465429051815305945e-08 2.453704246963647803e-08 2.433074027886607092e-08 2.434151264227338350e-08 2.459999293364072874e-08 2.451318336042941800e-08 2.470629158013350064e-08 2.452585287340050373e-08 2.459884207046810868e-08 2.431177775408121059e-08 2.483463732680782737e-08 2.471450739300212325e-08 2.486176098921343358e-08 2.470676171355611641e-08 2.459286144412882778e-08 2.480212281807822960e-08 2.476375029249659908e-08 2.437730066284523601e-08 2.467194906169898280e-08 2.454187006215433195e-08 2.469567338274022142e-08
2.463345071428487253e-08 2.483846140492560112e-08 2.490192355826998784e-08 2.478361655456420210e-08 2.473200169511947384e-08 2.448586885643665340e-08 2.481876200750595830e-08 2.460617449053485992e-08 2.435646312273001357e-08 2.471006683531463233e-08 2.441026024331038122e-08 2.473916709583588283e-08 2.485185859542857084e-08 2.427621024209140903e-08 2.476105330892729510e-08 2.478607805463010407e-08 2.462104066567686573e-08 2.449940940287075151e-08 2.456792231453401210e-08 2.465525769240901564e-08 2.447486978906122194e-08 2.466959784626020419e-08 2.474702272400425079e-08 2.474083520442389433e-08 2.462122854515730598e-08 2.441473123013690048e-08 2.442476153489838650e-08 2.468625936199489572e-08 2.459811830461692112e-08 2.479358757627934302e-08 2.461103873492134721e-08 2.468505966057227714e-08 2.439450169383120732e-08 2.492255455680782252e-08 2.480069020296046159e-08 2.495049778944259948e-08 2.479407890622278764e-08 2.467950950769133126e-08 2.488956141980739135e-08 2.485102909260076651e-08 2.445985454936607304e-08 2.475822310178230859e-08 2.462809684867517017e-08 2.478355707653189163e-08
2.445506847501275299e-08 2.465471113532440094e-08 2.471733191250679930e-08 2.460179820215306120e-08 2.455173092050254730e-08 2.431230687009012825e-08 2.463510896120238070e-08 2.442985027813775006e-08 2.418375527601402519e-08 2.452903903977465881e-08 2.423910357893366803e-08 2.455835219283375423e-08 2.466699200927976463e-08 2.410610312878954050e-08 2.457904348470662515e-08 2.460359709693834856e-08 2.444339802971002842e-08 2.432513587988817849e-08 2.439179386962372078e-08 2.447486978906122194e-08 2.430287639046853638e-08 2.448905745027253722e-08 2.456491108740348358e-08 2.456019298098384055e-08 2.444562740624149429e-08 2.424054345092559462e-08 2.425282481381291957e-08 2.450536207410331562e-08 2.442065412893962314e-08 2.461178903770280417e-08 2.443438611542092098e-08 2.450577400610926678e-08 2.422322567403784003e-08 2.473755036816242224e-08 2.462068987077466141e-08 2.476471679652167852e-08 2.461172742150935093e-08 2.449938154634438934e-08 2.470629103333247673e-08 2.466759293783971183e-08 2.428715718994642848e-08 2.457687529484566283e-08 2.444923327582780324e-08 2.460001874868239767e-08
2.464815387839795448e-08 2.485603851090476012e-08 2.491897116109141294e-08 2.480070050187967564e-08 2.474795065158375571e-08 2.450001145048724795e-08 2.483547543469345676e-08 2.462113759758545658e-08 2.437055277490858458e-08 2.472634349701105681e-08 2.442322951342644341e-08 2.475508805003826348e-08 2.486939730934523358e-08 2.428889702474617367e-08 2.477735831843026979e-08 2.480320411170152958e-08 2.463692365129889243e-08 2.451423547176955419e-08 2.458259580403103578e-08 2.466959784626020419e-08 2.448905745027253722e-08 2.468691252865306149e-08 2.476399756502210382e-08 2.475630806035841543e-08 2.463578097063052491e-08 2.442838032726190354e-08 2.443786559135076165e-08 2.470192341631929791e-08 2.461364675829549688e-08 2.480968432625255413e-08 2.462512585888265425e-08 2.470067062529251780e-08 2.440773156986394058e-08 2.494038760524234792e-08 2.481744211007355120e-08 2.496833733928486428e-08 2.481031508592516917e-08 2.469570442861989663e-08 2.490564939621513474e-08 2.486809419871981391e-08 2.447384672980357596e-08 2.477437901183885946e-08 2.464387898602338395e-08 2.480013091926998045e-08
2.472583038970747243e-08 2.493532122600892528e-08 2.499829624200510008e-08 2.487956713748979513e-08 2.482602680305399585e-08 2.457622571494260284e-08 2.491473574942261079e-08 2.469851772860331179e-08 2.444570671676573685e-08 2.480502527757057341e-08 2.449838524772108428e-08 2.483300264196387064e-08 2.494864170434523654e-08 2.436264167947236277e-08 2.485696860818622478e-08 2.488140240030271715e-08 2.471328311939710437e-08 2.458979176275467451e-08 2.465993129160841488e-08 2.474702272400425079e-08 2.456491108740348358e-08 2.476399756502210382e-08 2.484454651776615326e-08 2.483455104693579250e-08 2.471240847518112009e-08 2.450352355032440212e-08 2.451235442663052581e-08 2.478059506515560597e-08 2.469070597840263329e-08 2.488885102661564219e-08 2.470212703270109913e-08 2.477792182700382740e-08 2.448334512115858930e-08 2.502064045938222484e-08 2.489668833100807569e-08 2.504904340849021699e-08 2.488967018416326052e-08 2.477386802760203597e-08 2.498516721986394377e-08 2.494828185693707491e-08 2.454935614890773500e-08 2.485333368145195684e-08 2.472172158967814440e-08 2.487904601755867080e-08
2.471936293228189079e-08 2.492639102850893191e-08 2.498972871689199953e-08 2.487119937886181853e-08 2.481859250294387250e-08 2.457124707726701194e-08 2.490643900406843735e-08 2.469197273444855856e-08 2.444138409096216041e-08 2.479703438893664593e-08 2.449505369495918208e-08 2.482643185061565360e-08 2.494003162453273483e-08 2.436064614635927481e-08 2.484822429574574286e-08 2.487386068256462602e-08 2.470742066110841366e-08 2.458504619904336524e-08 2.465429051815305945e-08 2.474083520442389433e-08 2.456019298098384055e-08 2.475630806035841543e-08 2.483455104693579250e-08 2.482905578810543869e-08 2.470689766085374001e-08 2.449916016105357198e-08 2.450958677613648097e-08 2.477327485831037125e-08 2.468469430091156545e-08 2.488134575666326388e-08 2.469669623605229162e-08 2.477181036501275240e-08 2.447876962664668015e-08 2.501096428457270269e-08 2.488824158614498464e-08 2.503904463514795746e-08 2.488175144885671570e-08 2.476656480121513454e-08 2.497732797664371293e-08 2.493931385694302729e-08 2.454542238897023614e-08 2.484550512497874585e-08 2.471428717185076355e-08 2.487114733634140974e-08
2.460117241301020613e-08 2.480323565058035355e-08 2.486652202073043664e-08 2.474934131274744557e-08 2.469894837131038042e-08 2.445590964050127251e-08 2.478381530011607111e-08 2.457518653523936474e-08 2.432730204610288203e-08 2.467694010665305566e-08 2.438178433674276586e-08 2.470598331076700569e-08 2.481652690966963834e-08 2.424798821303996239e-08 2.472688252886946788e-08 2.475118266126317634e-08 2.458928497367219193e-08 2.446974426667304165e-08 2.453704246963647803e-08 2.462122854515730598e-08 2.444562740624149429e-08 2.463578097063052491e-08 2.471240847518112009e-08 2.470689766085374001e-08 2.459210281732652791e-08 2.438379218810713640e-08 2.439536581216283912e-08 2.465220589657015096e-08 2.456656648146003036e-08 2.475938484044557223e-08 2.457957776244089498e-08 2.465265996101658240e-08 2.436622037986777258e-08 2.488737912135076562e-08 2.476764182967389229e-08 2.491401714757567454e-08 2.475921559458248261e-08 2.464577745300467451e-08 2.485496792532014868e-08 2.481604794452593698e-08 2.443125107194047306e-08 2.472466466684736407e-08 2.459497081215391049e-08 2.474842683794175037e-08
2.439359561036011628e-08 2.459361697106249122e-08 2.465646030763095163e-08 2.454094416215476306e-08 2.449088074764285449e-08 2.425079124904761769e-08 2.457411524683332768e-08 2.436769786481845167e-08 2.412322403247322053e-08 2.446784794673512288e-08 2.417754306732738633e-08 2.449766951771129772e-08 2.460682462531249793e-08 2.404552734250595187e-08 2.451836449755059277e-08 2.454266855583928254e-08 2.438235952209523493e-08 2.426334071588392713e-08 2.433074027886607092e-08 2.441473123013690048e-08 2.424054345092559462e-08 2.442838032726190354e-08 2.450352355032440212e-08 2.449916016105357198e-08 2.438379218810713640e-08 2.418153480704166450e-08 2.419119449935714053e-08 2.444526493030654265e-08 2.435952621913987305e-08 2.455098729779464073e-08 2.437331309375893037e-08 2.444483280909821365e-08 2.416179395047321140e-08 2.467665496232440704e-08 2.455872631458928442e-08 2.470379041529762025e-08 2.455052130273213840e-08 2.443830670501487877e-08 2.464600246288987881e-08 2.460630736666964147e-08 2.422570006470833258e-08 2.451608923191964379e-08 2.438841853012797508e-08 2.454021657044345327e-08
2.440464381707866057e-08 2.460273258555952702e-08 2.466579547273639830e-08 2.455007536119387938e-08 2.450083007403656339e-08 2.426258323113223252e-08 2.458327194413689650e-08 2.437910761962031783e-08 2.413490715436776517e-08 2.447744465724233853e-08 2.418997211017431451e-08 2.450779414604081238e-08 2.461535375664881009e-08 2.405787138237925115e-08 2.452751841152423232e-08 2.455280842543580056e-08 2.439261543018410041e-08 2.427526483243197076e-08 2.434151264227338350e-08 2.442476153489838650e-08 2.425282481381291957e-08 2.443786559135076165e-08 2.451235442663052581e-08 2.450958677613648097e-08 2.439536581216283912e-08 2.419119449935714053e-08 2.420557551512414435e-08 2.445443386689753500e-08 2.436991112453741518e-08 2.455986286740688740e-08 2.438400102647066186e-08 2.445507396723979312e-08 2.417383046119514678e-08 2.468484241800850452e-08 2.456881456940901167e-08 2.471180841151913357e-08 2.456023136231462459e-08 2.444815344479038182e-08 2.465494405785587087e-08 2.461577414459141356e-08 2.423781283460714069e-08 2.452488475264200998e-08 2.439802168269855445e-08 2.454891343842686645e-08
2.466472788125936341e-08 2.487154345508927854e-08 2.493450577421471159e-08 2.481704850315389778e-08 2.476442336326020588e-08 2.451656341819388081e-08 2.485189709018451777e-08 2.463728478675934870e-08 2.438668216484779507e-08 2.474251755961946152e-08 2.443980399592219433e-08 2.477162276487670741e-08 2.488537658272321631e-08 2.430572727859566287e-08 2.479459506261819899e-08 2.481872771748256778e-08 2.465236532509013859e-08 2.452991690586521704e-08 2.459999293364072874e-08 2.468625936199489572e-08 2.450536207410331562e-08 2.470192341631929791e-08 2.478059506515560597e-08 2.477327485831037125e-08 2.465220589657015096e-08 2.444526493030654265e-08 2.445443386689753500e-08 2.471995413620493036e-08 2.463009152436266329e-08 2.482609080331122310e-08 2.464194996739200474e-08 2.471715260927040627e-08 2.442419044002635863e-08 2.495648946844132334e-08 2.483315356224446996e-08 2.498483552421173260e-08 2.482748110934991767e-08 2.471173145191921895e-08 2.492300599045493080e-08 2.488503619077550923e-08 2.449036954907738005e-08 2.479114824867432252e-08 2.466016067426955483e-08 2.481667563895875660e-08
2.457741123895577088e-08 2.478210439515177865e-08 2.484456669597364640e-08 2.472811470642771942e-08 2.467609498987031569e-08 2.443144484241112996e-08 2.476194180587202774e-08 2.455125361626828424e-08 2.430275480483884832e-08 2.465458921775340640e-08 2.435626860810076117e-08 2.468347818462074402e-08 2.479522546897321500e-08 2.422278801833375336e-08 2.470508174243367036e-08 2.473007406255399943e-08 2.456618341485799549e-08 2.444564711465986160e-08 2.451318336042941800e-08 2.459811830461692112e-08 2.442065412893962314e-08 2.461364675829549688e-08 2.469070597840263329e-08 2.468469430091156545e-08 2.456656648146003036e-08 2.435952621913987305e-08 2.436991112453741518e-08 2.463009152436266329e-08 2.454406442243706761e-08 2.473763314368026824e-08 2.455582926885331657e-08 2.462953978901147969e-08 2.434034422635076033e-08 2.486623806004251500e-08 2.474475775371173371e-08 2.489373622524149883e-08 2.473807370886479692e-08 2.462331455836862104e-08 2.483292360957099937e-08 2.479530317435288664e-08 2.440615851199404563e-08 2.470243308427253297e-08 2.457254104495110579e-08 2.472731125598852074e-08
2.477211444041496457e-08 2.498101576097620503e-08 2.504409401023937033e-08 2.492637742572958417e-08 2.487230736789966287e-08 2.462234936071853201e-08 2.495999787801190563e-08 2.474494354024829358e-08 2.449218258646896020e-08 2.485161169291198207e-08 2.454662254765050199e-08 2.488008090703189159e-08 2.499469411821131085e-08 2.441063321938222634e-08 2.490264766883078226e-08 2.492763965760544768e-08 2.476072198777338039e-08 2.463702990063435368e-08 2.470629158013350064e-08 2.479358757627934302e-08 2.461178903770280417e-08 2.480968432625255413e-08 2.488885102661564219e-08 2.488134575666326388e-08 2.475938484044557223e-08 2.455098729779464073e-08 2.455986286740688740e-08 2.482609080331122310e-08 2.473763314368026824e-08 2.493691161648129098e-08 2.474999082815221234e-08 2.482432817788265275e-08 2.453007201915051008e-08 2.506665433757695842e-08 2.494217354582865804e-08 2.509515976118877371e-08 2.493571656951403162e-08 2.482002904466241533e-08 2.503161242810288653e-08 2.499401495535331371e-08 2.459671114354464435e-08 2.489934902234141271e-08 2.476788336275212292e-08 2.492516084763817668e-08
2.459044698103656422e-08 2.479358849684523874e-08 2.485650997861394818e-08 2.473987198377209355e-08 2.468860703815730635e-08 2.444475315094727541e-08 2.477335350526487364e-08 2.456408355405740044e-08 2.431557861240688746e-08 2.466666853098595446e-08 2.437066713870153928e-08 2.469562608994983481e-08 2.480667930377975919e-08 2.423627876791751437e-08 2.471728919734651224e-08 2.474152965931632737e-08 2.457841545050765170e-08 2.445872122198639250e-08 2.452585287340050373e-08 2.461103873492134721e-08 2.443438611542092098e-08 2.462512585888265425e-08 2.470212703270109913e-08 2.469669623605229162e-08 2.457957776244089498e-08 2.437331309375893037e-08 2.438400102647066186e-08 2.464194996739200474e-08 2.455582926885331657e-08 2.474999082815221234e-08 2.457033548595663087e-08 2.464163627264796090e-08 2.435485547532652976e-08 2.487745340004336474e-08 2.475664568100680071e-08 2.490514388292049205e-08 2.474976907835458997e-08 2.463617498769557845e-08 2.484500552691283927e-08 2.480594502024744538e-08 2.441950163840476126e-08 2.471407981435756690e-08 2.458505502656887827e-08 2.473895434410203866e-08
2.466361047958970049e-08 2.486963230975595072e-08 2.493301687721172279e-08 2.481526378301403033e-08 2.476334403420961125e-08 2.451667136467007205e-08 2.484999678624702033e-08 2.463728120038137773e-08 2.438735698270494040e-08 2.474140771230399621e-08 2.444104394517517152e-08 2.477031420392729508e-08 2.488313982736905076e-08 2.430728612005101762e-08 2.479193454935331622e-08 2.481722420120875421e-08 2.465216179679251779e-08 2.453085589368367050e-08 2.459884207046810868e-08 2.468505966057227714e-08 2.450577400610926678e-08 2.470067062529251780e-08 2.477792182700382740e-08 2.477181036501275240e-08 2.465265996101658240e-08 2.444483280909821365e-08 2.445507396723979312e-08 2.471715260927040627e-08 2.462953978901147969e-08 2.482432817788265275e-08 2.464163627264796090e-08 2.471701155671088168e-08 2.442511895796683394e-08 2.495373764689371137e-08 2.483160577628316385e-08 2.498150671835459008e-08 2.482477783150467671e-08 2.471074952227635765e-08 2.492059832349957051e-08 2.488224098572193432e-08 2.449131110153571273e-08 2.478932073997491508e-08 2.465895647096598731e-08 2.481477451203912092e-08
2.437488669945875935e-08 2.457295928961011156e-08 2.463582703739328605e-08 2.451979924404676481e-08 2.447099646079590897e-08 2.423341383291410774e-08 2.455359789566368620e-08 2.434976525772958438e-08 2.410603579921088865e-08 2.444811250267303356e-08 2.416037027357695928e-08 2.447754008246597779e-08 2.458544994441071259e-08 2.402810244642006709e-08 2.449788259751105095e-08 2.452179844824447021e-08 2.436280502900978182e-08 2.424582931092474413e-08 2.431177775408121059e-08 2.439450169383120732e-08 2.422322567403784003e-08 2.440773156986394058e-08 2.448334512115858930e-08 2.447876962664668015e-08 2.436622037986777258e-08 2.416179395047321140e-08 2.417383046119514678e-08 2.442419044002635863e-08 2.434034422635076033e-08 2.453007201915051008e-08 2.435485547532652976e-08 2.442511895796683394e-08 2.414573207351445657e-08 2.465524437838180003e-08 2.453937387067303994e-08 2.468142799320280402e-08 2.453001026716836464e-08 2.441846405313647420e-08 2.462484700615135643e-08 2.458534193880228773e-08 2.420832271482737734e-08 2.449550253111777200e-08 2.436839193927550932e-08 2.451904323509566859e-08
2.490083197173426751e-08 2.511329741117559070e-08 2.517658298132355595e-08 2.505710703416539322e-08 2.500252705884269102e-08 2.474919246932355926e-08 2.509197355636011361e-08 2.487318988427594483e-08 2.461781793217643810e-08 2.498187978445152543e-08 2.467065409140262909e-08 2.501024640852934326e-08 2.512760176990773895e-08 2.453403710729081304e-08 2.503436921479932286e-08 2.505902207662117434e-08 2.488920951547151107e-08 2.476398159720110538e-08 2.483463732680782737e-08 2.492255455680782252e-08 2.473755036816242224e-08 2.494038760524234792e-08 2.502064045938222484e-08 2.501096428457270269e-08 2.488737912135076562e-08 2.467665496232440704e-08 2.468484241800850452e-08 2.495648946844132334e-08 2.486623806004251500e-08 2.506665433757695842e-08 2.487745340004336474e-08 2.495373764689371137e-08 2.465524437838180003e-08 2.520066882199829808e-08 2.507312289203486287e-08 2.522860048010034444e-08 2.506720928899957413e-08 2.495020067376275860e-08 2.516367566581632483e-08 2.512625655425255308e-08 2.472298084569940903e-08 2.503030206703826722e-08 2.489684255488945779e-08 2.505668988216878787e-08
2.478021005858291454e-08 2.498796545201488117e-08 2.505142112458589298e-08 2.493216431484907216e-08 2.487915045993324119e-08 2.463191930894004321e-08 2.496744579775297147e-08 2.475333552641624061e-08 2.450137138387244778e-08 2.485779492105612646e-08 2.455419182792305418e-08 2.488653750238818251e-08 2.500118231608928517e-08 2.441909013268409547e-08 2.490969400215561062e-08 2.493428916992219059e-08 2.476817378474021803e-08 2.464503793486691732e-08 2.471450739300212325e-08 2.480069020296046159e-08 2.462068987077466141e-08 2.481744211007355120e-08 2.489668833100807569e-08 2.488824158614498464e-08 2.476764182967389229e-08 2.455872631458928442e-08 2.456881456940901167e-08 2.483315356224446996e-08 2.474475775371173371e-08 2.494217354582865804e-08 2.475664568100680071e-08 2.483160577628316385e-08 2.453937387067303994e-08 2.507312289203486287e-08 2.495162506568111875e-08 2.510089426165135950e-08 2.494251138431079932e-08 2.482749903732185139e-08 2.503846786589030502e-08 2.500121593128103362e-08 2.460510857279762210e-08 2.490693770677805785e-08 2.477502456749532214e-08 2.493144580719600798e-08
2.492839286896980605e-08 2.514251652711905545e-08 2.520528502766029225e-08 2.508611070438775407e-08 2.503079095517729993e-08 2.477615037307695646e-08 2.512037092558632098e-08 2.490036914628230854e-08 2.464385769838138107e-08 2.501068914181803638e-08 2.469742423324447381e-08 2.503792298460246390e-08 2.515554896913095186e-08 2.456009545982100064e-08 2.506267636009013710e-08 2.508775847876743189e-08 2.491640660951402972e-08 2.479101679119727512e-08 2.486176098921343358e-08 2.495049778944259948e-08 2.476471679652167852e-08 2.496833733928486428e-08 2.504904340849021699e-08 2.503904463514795746e-08 2.491401714757567454e-08 2.470379041529762025e-08 2.471180841151913357e-08 2.498483552421173260e-08 2.489373622524149883e-08 2.509515976118877371e-08 2.490514388292049205e-08 2.498150671835459008e-08 2.468142799320280402e-08 2.522860048010034444e-08 2.510089426165135950e-08 2.525899924453826405e-08 2.509558006554591116e-08 2.497801231160161441e-08 2.519183302219090124e-08 2.515478614789115572e-08 2.474928691896428279e-08 2.505859962076317736e-08 2.492565948389710625e-08 2.508520022302040692e-08
