2.351360499687330143e-08 2.372060456258162884e-08 2.381414220202593707e-08 2.364325347148979257e-08 2.366692391642049138e-08 2.343639285453358756e-08 2.371875257899531938e-08 2.352889923138095546e-08 2.332377561863010144e-08 2.364257932245323068e-08 2.333101379952678324e-08 2.364081824696470925e-08 2.377087527533801025e-08 2.321696176742006198e-08 2.362157068789413745e-08 2.372395958729335923e-08 2.352676503573341899e-08 2.347557723957524422e-08 2.347880447491029206e-08 2.355315283436308933e-08 2.340497156019897168e-08 2.358221378330697676e-08 2.363990025271769600e-08 2.364575584565051348e-08 2.351533259540561317e-08 2.341081112179039373e-08 2.337318584428061262e-08 2.356957047458036493e-08 2.348920987793579609e-08 2.366834037895960884e-08 2.352617612751233811e-08 2.357497782986947261e-08 2.326160967902295752e-08 2.377512616110884288e-08 2.366001656403316467e-08 2.381481204391113242e-08 2.369264696805059463e-08 2.359637912866284558e-08 2.374712287451530512e-08 2.369348544880399861e-08 2.338536523200595178e-08 2.366149096723596846e-08 2.352695759795832888e-08 2.367889429089413198e-08
2.372060456258162884e-08 2.393672405178996599e-08 2.403114561131759963e-08 2.385532223459395814e-08 2.387868069096215919e-08 2.363990096632524909e-08 2.393341854255781654e-08 2.373642165344345148e-08 2.352726533465093637e-08 2.385497888614072690e-08 2.353205065652678159e-08 2.385288098852720710e-08 2.398728206712968269e-08 2.341531908206589288e-08 2.383434076220663694e-08 2.393851681373087224e-08 2.373470701015008483e-08 2.368046799197108512e-08 2.368545935318111166e-08 2.376170224438391332e-08 2.360865021421981128e-08 2.379368889374446608e-08 2.385494595498851717e-08 2.385815262252549786e-08 2.372156106528060553e-08 2.361472611212371533e-08 2.357618481171810343e-08 2.378023038347619295e-08 2.369698273674829924e-08 2.388027155245960745e-08 2.373345755957483159e-08 2.378486312570280973e-08 2.346313505008546489e-08 2.399208506065051172e-08 2.387189730861649457e-08 2.403331905259864166e-08 2.390557733171724967e-08 2.380755276570450969e-08 2.396088692466114320e-08 2.390751013178316674e-08 2.358842949206845838e-08 2.387346060227763786e-08 2.373718084558333362e-08 2.389278680853996730e-08
2.381414220202593707e-08 2.403114561131759963e-08 2.412831086656802406e-08 2.395021444415561073e-08 2.397328986740518331e-08 2.373338956992006335e-08 2.402947469476402985e-08 2.383036424641964148e-08 2.361935369058885832e-08 2.394938590734863667e-08 2.362436887373214225e-08 2.394752747083503471e-08 2.408373802311096474e-08 2.350644402709395167e-08 2.392930738002593156e-08 2.403381684203656750e-08 2.382894083377891507e-08 2.377455706596173509e-08 2.377824993153996479e-08 2.385560195611904874e-08 2.370139963021555776e-08 2.388792037370408020e-08 2.395013351995110727e-08 2.395351478109012988e-08 2.381510075767899558e-08 2.370788090658715655e-08 2.366894690599149053e-08 2.387435734075892662e-08 2.379067412400510043e-08 2.397523225226701754e-08 2.382700501983801172e-08 2.387976066684991729e-08 2.355565838232695494e-08 2.408762981821514060e-08 2.396781288085884031e-08 2.412959179016242097e-08 2.400035956405653605e-08 2.390157652746980809e-08 2.405654249878740917e-08 2.400216809612967264e-08 2.368083059781546996e-08 2.396813433175042593e-08 2.383121643029166466e-08 2.398727568110926130e-08
2.364325347148979257e-08 2.385532223459395814e-08 2.395021444415561073e-08 2.377732979535544473e-08 2.380002871679379361e-08 2.356477748613902692e-08 2.385310761274277339e-08 2.365882300238988373e-08 2.345194828232227571e-08 2.377609800859438548e-08 2.345733530353570963e-08 2.377380438937159818e-08 2.390701242954889086e-08 2.334127077233290028e-08 2.375529625215646244e-08 2.385832117969769967e-08 2.365783687231717503e-08 2.360448669928486805e-08 2.360875954858673392e-08 2.368387829359523790e-08 2.353315595648553501e-08 2.371520200682100658e-08 2.377499703205611592e-08 2.377911666919472182e-08 2.364479107287117141e-08 2.353919039259651616e-08 2.350089811249617657e-08 2.370202715462797690e-08 2.361944986844813265e-08 2.380157957448682365e-08 2.365659690949064375e-08 2.370660343859183133e-08 2.338831603901275486e-08 2.391150776894472275e-08 2.379346757626148496e-08 2.395189683819600631e-08 2.382654310832440536e-08 2.372857736160203563e-08 2.388186844532100022e-08 2.382755499928231869e-08 2.351311368872321383e-08 2.379450014149915183e-08 2.365905707597915507e-08 2.381268232286479334e-08
2.366692391642049138e-08 2.387868069096215919e-08 2.397328986740518331e-08 2.380002871679379361e-08 2.382539508724659729e-08 2.358945747983588662e-08 2.387601208378656557e-08 2.368353791668452292e-08 2.347690094580101920e-08 2.379995340892814721e-08 2.348242664426785602e-08 2.379707213439710414e-08 2.392943931933843532e-08 2.336606912551317445e-08 2.377853931181632246e-08 2.388164416828783169e-08 2.368204475133418950e-08 2.362940048216921826e-08 2.363253329506122457e-08 2.370883182994345517e-08 2.355815545996896138e-08 2.373851178998639460e-08 2.379779342480186856e-08 2.380147937431759688e-08 2.366936944016029076e-08 2.356307837204974823e-08 2.352576105168111469e-08 2.372538232628272773e-08 2.364295832381632345e-08 2.382493450611693170e-08 2.368143475541497001e-08 2.372995066517389352e-08 2.341323967537542005e-08 2.393395636313010216e-08 2.381725404131079841e-08 2.397428583971556693e-08 2.384920795686011649e-08 2.375192617308673529e-08 2.390474793321555862e-08 2.385129067722746427e-08 2.353796465614285322e-08 2.381718903244302764e-08 2.368326471608332699e-08 2.383550851898299731e-08
2.343639285453358756e-08 2.363990096632524909e-08 2.373338956992006335e-08 2.356477748613902692e-08 2.358945747983588662e-08 2.336451894217516501e-08 2.363862973900382924e-08 2.345320123335119066e-08 2.325136189450340015e-08 2.356476005951742765e-08 2.325840533976786008e-08 2.356229367654591790e-08 2.369027322012117182e-08 2.314513495428698492e-08 2.354310231184607900e-08 2.364449677225808217e-08 2.345059696842645970e-08 2.340226211277934081e-08 2.340195869455824852e-08 2.347685155269344620e-08 2.333117916457015681e-08 2.350416787034353900e-08 2.356017998376317416e-08 2.356727364837116945e-08 2.344037244437457352e-08 2.333774828401997677e-08 2.330036172964539679e-08 2.349127633309523702e-08 2.341403726586692214e-08 2.359011479462584893e-08 2.345137011933460885e-08 2.349715847265602728e-08 2.318968177122363620e-08 2.369403051228784583e-08 2.358263623933460201e-08 2.373283352334353620e-08 2.361382431440178436e-08 2.351848783374744620e-08 2.366809835448937520e-08 2.361439470408459865e-08 2.331174735483035288e-08 2.358303487349063453e-08 2.344994089593750514e-08 2.359902242499192775e-08
2.371875257899531938e-08 2.393341854255781654e-08 2.402947469476402985e-08 2.385310761274277339e-08 2.387601208378656557e-08 2.363862973900382924e-08 2.393269083595068291e-08 2.373468255525594962e-08 2.352505983690985748e-08 2.385234047669430051e-08 2.353015404444345054e-08 2.385091269494983068e-08 2.398492271577847966e-08 2.341381009711351795e-08 2.383272634122449748e-08 2.393611048371301281e-08 2.373298755004293729e-08 2.367948981383714390e-08 2.368279570436266348e-08 2.375945544505059620e-08 2.360686377688052074e-08 2.379127199052125309e-08 2.385287493834864583e-08 2.385693245409098612e-08 2.371996048397999866e-08 2.361322033943919753e-08 2.357423521739668897e-08 2.377811812226785015e-08 2.369515056793282795e-08 2.387781173595663298e-08 2.373148423049745241e-08 2.378337552402125306e-08 2.346134271794855453e-08 2.398962299273681226e-08 2.387024293358078432e-08 2.403090713202125050e-08 2.390344474413393059e-08 2.380528250425509926e-08 2.395856951312542709e-08 2.390486655416412742e-08 2.358635645231845048e-08 2.387142850351870564e-08 2.373492431056250198e-08 2.389007995097449058e-08
2.352889923138095546e-08 2.373642165344345148e-08 2.383036424641964148e-08 2.365882300238988373e-08 2.368353791668452292e-08 2.345320123335119066e-08 2.373468255525594962e-08 2.354616906754166819e-08 2.334067032839881060e-08 2.365838603647618987e-08 2.334772502674999535e-08 2.365693967650892787e-08 2.378668246674404675e-08 2.323321283186309182e-08 2.363725541694345202e-08 2.374007423499403462e-08 2.354296681975596199e-08 2.349293660916369242e-08 2.349404384344940128e-08 2.356973985710416054e-08 2.342116687003274230e-08 2.359778990692560092e-08 2.365553648417560113e-08 2.366154136903570454e-08 2.353165962966369524e-08 2.342718354297321986e-08 2.339028985460119241e-08 2.358488519435416366e-08 2.350571052592261704e-08 2.368452011481845517e-08 2.354312066932142440e-08 2.359089656098809708e-08 2.327830641891964567e-08 2.379076776361905465e-08 2.367648789473809707e-08 2.383051284625893787e-08 2.370875983099999994e-08 2.361219264500296484e-08 2.376273653492559319e-08 2.370989557823810069e-08 2.340189261422916310e-08 2.367689947960119695e-08 2.354344402266666490e-08 2.369414866086011930e-08
2.332377561863010144e-08 2.352726533465093637e-08 2.361935369058885832e-08 2.345194828232227571e-08 2.347690094580101920e-08 2.325136189450340015e-08 2.352505983690985748e-08 2.334067032839881060e-08 2.314151734590135699e-08 2.345198522168197127e-08 2.314742676687797350e-08 2.344928221748086846e-08 2.357664474323597377e-08 2.303446580509395613e-08 2.343031188617177407e-08 2.353101196022406859e-08 2.333832243392474534e-08 2.329000025046173190e-08 2.329091918356080504e-08 2.336435471922321641e-08 2.321985220675723644e-08 2.339183651297491466e-08 2.344752517903444244e-08 2.345442476300681131e-08 2.332810907163733226e-08 2.322522965781631988e-08 2.318876375236649758e-08 2.337882681409225736e-08 2.330156528563010048e-08 2.347689474699617079e-08 2.333953752165052181e-08 2.338425142355824965e-08 2.307916963278528260e-08 2.358065969663180681e-08 2.346983065885883719e-08 2.361902404651657683e-08 2.350027667284821249e-08 2.340547101632397402e-08 2.355414742430824848e-08 2.350155403735883586e-08 2.320077832985713143e-08 2.346936535866708571e-08 2.333792564666667113e-08 2.348581337873426451e-08
2.364257932245323068e-08 2.385497888614072690e-08 2.394938590734863667e-08 2.377609800859438548e-08 2.379995340892814721e-08 2.356476005951742765e-08 2.385234047669430051e-08 2.365838603647618987e-08 2.345198522168197127e-08 2.377738308890135686e-08 2.345704552910118918e-08 2.377317564516496828e-08 2.390666186345152427e-08 2.334050339846854215e-08 2.375471257966156864e-08 2.385838221310926459e-08 2.365753894678358785e-08 2.360418774070493532e-08 2.360798462912669077e-08 2.368319037311011408e-08 2.353289137559693925e-08 2.371470693658758003e-08 2.377468170067389967e-08 2.377887274809736450e-08 2.364445453202932745e-08 2.353880123241283676e-08 2.350097968527932337e-08 2.370141247001190601e-08 2.361940787161989700e-08 2.380096635625383040e-08 2.365624295641198057e-08 2.370596018808758460e-08 2.338795452521471279e-08 2.391130465593069987e-08 2.379283687299532173e-08 2.395122480748342299e-08 2.382501224836011910e-08 2.372813091921768483e-08 2.388058258594175102e-08 2.382728942709949084e-08 2.351241059374703162e-08 2.379433862008291287e-08 2.365877709233333312e-08 2.381245207714073334e-08
2.333101379952678324e-08 2.353205065652678159e-08 2.362436887373214225e-08 2.345733530353570963e-08 2.348242664426785602e-08 2.325840533976786008e-08 2.353015404444345054e-08 2.334772502674999535e-08 2.314742676687797350e-08 2.345704552910118918e-08 2.315693765316667004e-08 2.345520387396726068e-08 2.358136278536905204e-08 2.304343749417559179e-08 2.343516782527678494e-08 2.353653291893154298e-08 2.334486540533928711e-08 2.329770532466368526e-08 2.329816631365772763e-08 2.337128872685416283e-08 2.322718553747023755e-08 2.339687875984226599e-08 2.345150992300892021e-08 2.346002298866071404e-08 2.333483694447618413e-08 2.323227465903571557e-08 2.319708823793452690e-08 2.338432304660416954e-08 2.330803210952678599e-08 2.348293687667262063e-08 2.334634245994644011e-08 2.339085536446725014e-08 2.308749288566963868e-08 2.358511789566071171e-08 2.347483120667559493e-08 2.362293500842559055e-08 2.350601874118748977e-08 2.341153813889880834e-08 2.355944241732142156e-08 2.350660727902976929e-08 2.320925577299999602e-08 2.347470003178869695e-08 2.334371582712499848e-08 2.349145949333928787e-08
2.364081824696470925e-08 2.385288098852720710e-08 2.394752747083503471e-08 2.377380438937159818e-08 2.379707213439710414e-08 2.356229367654591790e-08 2.385091269494983068e-08 2.365693967650892787e-08 2.344928221748086846e-08 2.377317564516496828e-08 2.345520387396726068e-08 2.377250151381462638e-08 2.390403497682099112e-08 2.333940796952891197e-08 2.375252418454803939e-08 2.385581464799362709e-08 2.365551366951529650e-08 2.360256632627508648e-08 2.360605745960204063e-08 2.368170323208630081e-08 2.353033918937882081e-08 2.371271210860926391e-08 2.377242822232950264e-08 2.377677513584184963e-08 2.364291025107270174e-08 2.353688520299957931e-08 2.349836418707270889e-08 2.369911367127677279e-08 2.361745473904804351e-08 2.379874434966709682e-08 2.365392478086523168e-08 2.370459979756760029e-08 2.338589322336181468e-08 2.390893757967516899e-08 2.379043280332355440e-08 2.394898528744260274e-08 2.382426872112797963e-08 2.372643591226954536e-08 2.387892981194259453e-08 2.382488050738604778e-08 2.351075849007142589e-08 2.379192305459948653e-08 2.365678440214583102e-08 2.381123818600638748e-08
2.377087527533801025e-08 2.398728206712968269e-08 2.408373802311096474e-08 2.390701242954889086e-08 2.392943931933843532e-08 2.369027322012117182e-08 2.398492271577847966e-08 2.378668246674404675e-08 2.357664474323597377e-08 2.390666186345152427e-08 2.358136278536905204e-08 2.390403497682099112e-08 2.404133362428401486e-08 2.346375541030314564e-08 2.388600294171300987e-08 2.399010510464114879e-08 2.378538025572789207e-08 2.373073438512117534e-08 2.373543213705399647e-08 2.381207215001190222e-08 2.365856552249447110e-08 2.384459533062457329e-08 2.390685051079719243e-08 2.391046353297151273e-08 2.377097699437414698e-08 2.366471453568579631e-08 2.362606170822831371e-08 2.383156221358630656e-08 2.374717123075467689e-08 2.393204891943920053e-08 2.378362283833588264e-08 2.383613790331206933e-08 2.351217787015560921e-08 2.404461687740901576e-08 2.392425895631505283e-08 2.408577440574957590e-08 2.395673962488690375e-08 2.385841885953656492e-08 2.401308317616623796e-08 2.395861949791921639e-08 2.363739709259821022e-08 2.392531163666879502e-08 2.378797399327083871e-08 2.394430286208801112e-08
2.321696176742006198e-08 2.341531908206589288e-08 2.350644402709395167e-08 2.334127077233290028e-08 2.336606912551317445e-08 2.314513495428698492e-08 2.341381009711351795e-08 2.323321283186309182e-08 2.303446580509395613e-08 2.334050339846854215e-08 2.304343749417559179e-08 2.333940796952891197e-08 2.346375541030314564e-08 2.293337456332653188e-08 2.331942073673257174e-08 2.341904070880910050e-08 2.322986319740816153e-08 2.318398089509948745e-08 2.318382800655441616e-08 2.325650224985714464e-08 2.311429188216454318e-08 2.328127985249021651e-08 2.333512759421045485e-08 2.334401114003231467e-08 2.322079955050126954e-08 2.311949569852338429e-08 2.308333956108460453e-08 2.326974497965178445e-08 2.319383665535756691e-08 2.336647587843494822e-08 2.323106377787117345e-08 2.327551223701105446e-08 2.297391750966241217e-08 2.346723026761564733e-08 2.335848844128783681e-08 2.350486511371938873e-08 2.338943867135714190e-08 2.329630305413265103e-08 2.344253304790688341e-08 2.338944907078783320e-08 2.309617098632142580e-08 2.335920046925722404e-08 2.322801609320833575e-08 2.337485985919090142e-08
2.362157068789413745e-08 2.383434076220663694e-08 2.392930738002593156e-08 2.375529625215646244e-08 2.377853931181632246e-08 2.354310231184607900e-08 2.383272634122449748e-08 2.363725541694345202e-08 2.343031188617177407e-08 2.375471257966156864e-08 2.343516782527678494e-08 2.375252418454803939e-08 2.388600294171300987e-08 2.331942073673257174e-08 2.373505260187330006e-08 2.383705948668920256e-08 2.363590898658758546e-08 2.358297551999192369e-08 2.358656455620195278e-08 2.366250488388393180e-08 2.351155783340731398e-08 2.369355027307780640e-08 2.375416909890518820e-08 2.375848518558801155e-08 2.362286061884311255e-08 2.351698820535288853e-08 2.347888055317644186e-08 2.368092891689285214e-08 2.359779830251913307e-08 2.377974693698044492e-08 2.363511810969983003e-08 2.368522606928614621e-08 2.336646616675212243e-08 2.389026988040050714e-08 2.377245119961649354e-08 2.393078129028613926e-08 2.380495380100893096e-08 2.370770783070450008e-08 2.386042329195280734e-08 2.380647630078316420e-08 2.349078389836011508e-08 2.377334315771513001e-08 2.363780483360416635e-08 2.379160492776912849e-08
2.372395958729335923e-08 2.393851681373087224e-08 2.403381684203656750e-08 2.385832117969769967e-08 2.388164416828783169e-08 2.364449677225808217e-08 2.393611048371301281e-08 2.374007423499403462e-08 2.353101196022406859e-08 2.385838221310926459e-08 2.353653291893154298e-08 2.385581464799362709e-08 2.399010510464114879e-08 2.341904070880910050e-08 2.383705948668920256e-08 2.394245412887329622e-08 2.373820149291241236e-08 2.368448618204974561e-08 2.368836706838137477e-08 2.376474177817857025e-08 2.361184923128018709e-08 2.379624802279719010e-08 2.385744874413648036e-08 2.386137880045365169e-08 2.372512230651105290e-08 2.361877871214710944e-08 2.358074699686522365e-08 2.378308536816964604e-08 2.370057966529336924e-08 2.388388659060288834e-08 2.373719997967516679e-08 2.378802953617219341e-08 2.346764944951871028e-08 2.399435143259948821e-08 2.387546962455016589e-08 2.403573282769302933e-08 2.390835035263690927e-08 2.381042055289965882e-08 2.396385311385969228e-08 2.391055290602933562e-08 2.359153203059820839e-08 2.387652920172236024e-08 2.374064616575000144e-08 2.389546741977253162e-08
2.352676503573341899e-08 2.373470701015008483e-08 2.382894083377891507e-08 2.365783687231717503e-08 2.368204475133418950e-08 2.345059696842645970e-08 2.373298755004293729e-08 2.354296681975596199e-08 2.333832243392474534e-08 2.365753894678358785e-08 2.334486540533928711e-08 2.365551366951529650e-08 2.378538025572789207e-08 2.322986319740816153e-08 2.363590898658758546e-08 2.373820149291241236e-08 2.354200408746854091e-08 2.349028656394727604e-08 2.349293159379719298e-08 2.356734386552975993e-08 2.341913456825254937e-08 2.359686898139923331e-08 2.365456732435161665e-08 2.366001772158205750e-08 2.352985414725680300e-08 2.342481153240943679e-08 2.338731436263180204e-08 2.358350186553868920e-08 2.350341771015009298e-08 2.368245711334055885e-08 2.354072572214625782e-08 2.358903846006590150e-08 2.327560809308843143e-08 2.378998998666539199e-08 2.367478328341709401e-08 2.382935961296173489e-08 2.370685657498809553e-08 2.361014415124914839e-08 2.376160047796173266e-08 2.370780683208375935e-08 2.339963718219344963e-08 2.367521369235799484e-08 2.354168231902083913e-08 2.369300512067091837e-08
2.347557723957524422e-08 2.368046799197108512e-08 2.377455706596173509e-08 2.360448669928486805e-08 2.362940048216921826e-08 2.340226211277934081e-08 2.367948981383714390e-08 2.349293660916369242e-08 2.329000025046173190e-08 2.360418774070493532e-08 2.329770532466368526e-08 2.360256632627508648e-08 2.373073438512117534e-08 2.318398089509948745e-08 2.358297551999192369e-08 2.368448618204974561e-08 2.349028656394727604e-08 2.344313292350850401e-08 2.344139424774574626e-08 2.351655228379761561e-08 2.337012302382015432e-08 2.354401259105187079e-08 2.360045845653401642e-08 2.360777000018367530e-08 2.347932389891624486e-08 2.337596511891581815e-08 2.333934659599957528e-08 2.353080620251190450e-08 2.345320966859608538e-08 2.362962117018835003e-08 2.349078902620960875e-08 2.353737415140603524e-08 2.322881380572363253e-08 2.373440365249617609e-08 2.362246930110544127e-08 2.377323685965603407e-08 2.365343328363095687e-08 2.355793349593495180e-08 2.370720263115603590e-08 2.365395215750127255e-08 2.335184335193452245e-08 2.362204737184481335e-08 2.348958857560417242e-08 2.363869257951274998e-08
2.347880447491029206e-08 2.368545935318111166e-08 2.377824993153996479e-08 2.360875954858673392e-08 2.363253329506122457e-08 2.340195869455824852e-08 2.368279570436266348e-08 2.349404384344940128e-08 2.329091918356080504e-08 2.360798462912669077e-08 2.329816631365772763e-08 2.360605745960204063e-08 2.373543213705399647e-08 2.318382800655441616e-08 2.358656455620195278e-08 2.368836706838137477e-08 2.349293159379719298e-08 2.344139424774574626e-08 2.344632025618962443e-08 2.351893842183035574e-08 2.337166111518366969e-08 2.354763817957823480e-08 2.360455165437882165e-08 2.361080310424149819e-08 2.348130738182312857e-08 2.337674094925041964e-08 2.333959109021895941e-08 2.353510424057738013e-08 2.345482248809778941e-08 2.363329215343707135e-08 2.349255221717644531e-08 2.354006350078656580e-08 2.322831505749234717e-08 2.373984906036649728e-08 2.362513467055144678e-08 2.377889807268239632e-08 2.365758971851785652e-08 2.356126324558461284e-08 2.371229152001572880e-08 2.365814325971810759e-08 2.335257572792856834e-08 2.362593372652550806e-08 2.349241667060416660e-08 2.364414715643111709e-08
2.355315283436308933e-08 2.376170224438391332e-08 2.385560195611904874e-08 2.368387829359523790e-08 2.370883182994345517e-08 2.347685155269344620e-08 2.375945544505059620e-08 2.356973985710416054e-08 2.336435471922321641e-08 2.368319037311011408e-08 2.337128872685416283e-08 2.368170323208630081e-08 2.381207215001190222e-08 2.325650224985714464e-08 2.366250488388393180e-08 2.376474177817857025e-08 2.356734386552975993e-08 2.351655228379761561e-08 2.351893842183035574e-08 2.359520373533332851e-08 2.344573589303868999e-08 2.362281596027381075e-08 2.368093349369047382e-08 2.368601115094940537e-08 2.355551917642261447e-08 2.345099754401190495e-08 2.341336840936011534e-08 2.361002314127083339e-08 2.352949888411309670e-08 2.370945786588392772e-08 2.356767193258631302e-08 2.361529026389880886e-08 2.330198238018154677e-08 2.381636118480356947e-08 2.370122731706547680e-08 2.385589485250297151e-08 2.373381240016666273e-08 2.363717629018154491e-08 2.378824503466964385e-08 2.373448930450298078e-08 2.342585775479166632e-08 2.370158367636011849e-08 2.356809828833333172e-08 2.371980480086309411e-08
2.340497156019897168e-08 2.360865021421981128e-08 2.370139963021555776e-08 2.353315595648553501e-08 2.355815545996896138e-08 2.333117916457015681e-08 2.360686377688052074e-08 2.342116687003274230e-08 2.321985220675723644e-08 2.353289137559693925e-08 2.322718553747023755e-08 2.353033918937882081e-08 2.365856552249447110e-08 2.311429188216454318e-08 2.351155783340731398e-08 2.361184923128018709e-08 2.341913456825254937e-08 2.337012302382015432e-08 2.337166111518366969e-08 2.344573589303868999e-08 2.330107697313605500e-08 2.347235164848001636e-08 2.352845772025978002e-08 2.353554301505696986e-08 2.340812078814753318e-08 2.330518572606590093e-08 2.326852871571003762e-08 2.346010954018154875e-08 2.338158771649064271e-08 2.355789694905909627e-08 2.341976462064073213e-08 2.346521000943834862e-08 2.315795457804294400e-08 2.366251484843197317e-08 2.355034437628656459e-08 2.370075284737584866e-08 2.358144351291369089e-08 2.348665254569769936e-08 2.363579006566751955e-08 2.358241220439072900e-08 2.328088584165773727e-08 2.355056042182908370e-08 2.341808735897916355e-08 2.356687466561564376e-08
2.358221378330697676e-08 2.379368889374446608e-08 2.388792037370408020e-08 2.371520200682100658e-08 2.373851178998639460e-08 2.350416787034353900e-08 2.379127199052125309e-08 2.359778990692560092e-08 2.339183651297491466e-08 2.371470693658758003e-08 2.339687875984226599e-08 2.371271210860926391e-08 2.384459533062457329e-08 2.328127985249021651e-08 2.369355027307780640e-08 2.379624802279719010e-08 2.359686898139923331e-08 2.354401259105187079e-08 2.354763817957823480e-08 2.362281596027381075e-08 2.347235164848001636e-08 2.365500635765391240e-08 2.371365951814497976e-08 2.371734247033291078e-08 2.358450964495365476e-08 2.347886077899064804e-08 2.343986355030781919e-08 2.364033379123511726e-08 2.355870879849447094e-08 2.373960248396768149e-08 2.359552439999319620e-08 2.364558442611224433e-08 2.332849303725169888e-08 2.384968835714540871e-08 2.373162373230569881e-08 2.388941919211224158e-08 2.376487197471130555e-08 2.366690123082611079e-08 2.381950063282057506e-08 2.376578792803486430e-08 2.345274726325892565e-08 2.373276284110544219e-08 2.359790455031249804e-08 2.375162139153613738e-08
2.363990025271769600e-08 2.385494595498851717e-08 2.395013351995110727e-08 2.377499703205611592e-08 2.379779342480186856e-08 2.356017998376317416e-08 2.385287493834864583e-08 2.365553648417560113e-08 2.344752517903444244e-08 2.377468170067389967e-08 2.345150992300892021e-08 2.377242822232950264e-08 2.390685051079719243e-08 2.333512759421045485e-08 2.375416909890518820e-08 2.385744874413648036e-08 2.365456732435161665e-08 2.360045845653401642e-08 2.360455165437882165e-08 2.368093349369047382e-08 2.352845772025978002e-08 2.371365951814497976e-08 2.377542519138605479e-08 2.377803007340135979e-08 2.364098954241496443e-08 2.353485233912159595e-08 2.349564297578996809e-08 2.370010590742261868e-08 2.361645326763435004e-08 2.379939073089923652e-08 2.365273929271344015e-08 2.370460267637415032e-08 2.338323044006122957e-08 2.391155172113052099e-08 2.379149349494259911e-08 2.395235265429081324e-08 2.382445477006547333e-08 2.372683144105229270e-08 2.387998690870748237e-08 2.382618898346343377e-08 2.350793094869642767e-08 2.379294194669175456e-08 2.365703975872916747e-08 2.381208290067602166e-08
2.364575584565051348e-08 2.385815262252549786e-08 2.395351478109012988e-08 2.377911666919472182e-08 2.380147937431759688e-08 2.356727364837116945e-08 2.385693245409098612e-08 2.366154136903570454e-08 2.345442476300681131e-08 2.377887274809736450e-08 2.346002298866071404e-08 2.377677513584184963e-08 2.391046353297151273e-08 2.334401114003231467e-08 2.375848518558801155e-08 2.386137880045365169e-08 2.366001772158205750e-08 2.360777000018367530e-08 2.361080310424149819e-08 2.368601115094940537e-08 2.353554301505696986e-08 2.371734247033291078e-08 2.377803007340135979e-08 2.378386418603401437e-08 2.364694164324915272e-08 2.354165069131079801e-08 2.350362363785331249e-08 2.370454463056547831e-08 2.362278123121300089e-08 2.380382754577253770e-08 2.365895927885672312e-08 2.370981261741623986e-08 2.339106595867644418e-08 2.391437853570067996e-08 2.379632586921088156e-08 2.395458381441624080e-08 2.382878855213690441e-08 2.373168838818239844e-08 2.388391816220790888e-08 2.383016201652338040e-08 2.351526693453572017e-08 2.379753760681462880e-08 2.366133256793749947e-08 2.381565475237967415e-08
2.351533259540561317e-08 2.372156106528060553e-08 2.381510075767899558e-08 2.364479107287117141e-08 2.366936944016029076e-08 2.344037244437457352e-08 2.371996048397999866e-08 2.353165962966369524e-08 2.332810907163733226e-08 2.364445453202932745e-08 2.333483694447618413e-08 2.364291025107270174e-08 2.377097699437414698e-08 2.322079955050126954e-08 2.362286061884311255e-08 2.372512230651105290e-08 2.352985414725680300e-08 2.347932389891624486e-08 2.348130738182312857e-08 2.355551917642261447e-08 2.340812078814753318e-08 2.358450964495365476e-08 2.364098954241496443e-08 2.364694164324915272e-08 2.351964566886564244e-08 2.341459375241879218e-08 2.337661430115731100e-08 2.357067793351190366e-08 2.349236629211394342e-08 2.366976509210204221e-08 2.352923447852806098e-08 2.357680136647448840e-08 2.326590314971173690e-08 2.377585789495748712e-08 2.366204751709056126e-08 2.381509039687032000e-08 2.369424130008928532e-08 2.359774580244387764e-08 2.374839005451615937e-08 2.369487612956972163e-08 2.338940109845535171e-08 2.366277170754422125e-08 2.352926005727083103e-08 2.368029307069727908e-08
2.341081112179039373e-08 2.361472611212371533e-08 2.370788090658715655e-08 2.353919039259651616e-08 2.356307837204974823e-08 2.333774828401997677e-08 2.361322033943919753e-08 2.342718354297321986e-08 2.322522965781631988e-08 2.353880123241283676e-08 2.323227465903571557e-08 2.353688520299957931e-08 2.366471453568579631e-08 2.311949569852338429e-08 2.351698820535288853e-08 2.361877871214710944e-08 2.342481153240943679e-08 2.337596511891581815e-08 2.337674094925041964e-08 2.345099754401190495e-08 2.330518572606590093e-08 2.347886077899064804e-08 2.353485233912159595e-08 2.354165069131079801e-08 2.341459375241879218e-08 2.331258520762925074e-08 2.327380653493962602e-08 2.346565541548214347e-08 2.338863034997789011e-08 2.356442620499574935e-08 2.342530591474362378e-08 2.347159314749064357e-08 2.316351483529846259e-08 2.366865752728997225e-08 2.355642995330612167e-08 2.370750133124064416e-08 2.358813817317856961e-08 2.349261331901275447e-08 2.364221526588648095e-08 2.358823312966028707e-08 2.328577496016071053e-08 2.355720320558842795e-08 2.342393557050000089e-08 2.357386192035289529e-08
2.337318584428061262e-08 2.357618481171810343e-08 2.366894690599149053e-08 2.350089811249617657e-08 2.352576105168111469e-08 2.330036172964539679e-08 2.357423521739668897e-08 2.339028985460119241e-08 2.318876375236649758e-08 2.350097968527932337e-08 2.319708823793452690e-08 2.349836418707270889e-08 2.362606170822831371e-08 2.308333956108460453e-08 2.347888055317644186e-08 2.358074699686522365e-08 2.338731436263180204e-08 2.333934659599957528e-08 2.333959109021895941e-08 2.341336840936011534e-08 2.326852871571003762e-08 2.343986355030781919e-08 2.349564297578996809e-08 2.350362363785331249e-08 2.337661430115731100e-08 2.327380653493962602e-08 2.323886063528230947e-08 2.342762654865773301e-08 2.335058515836394186e-08 2.352642094887286985e-08 2.338821866171555930e-08 2.343360117837032402e-08 2.312772638733673089e-08 2.362959657060331885e-08 2.351847604740305946e-08 2.366818264916198670e-08 2.354952880681845421e-08 2.345468448225637460e-08 2.360333820791199077e-08 2.355082189663222816e-08 2.324983165939285077e-08 2.351838221002338288e-08 2.338659551362500274e-08 2.353455291196811569e-08
2.356957047458036493e-08 2.378023038347619295e-08 2.387435734075892662e-08 2.370202715462797690e-08 2.372538232628272773e-08 2.349127633309523702e-08 2.377811812226785015e-08 2.358488519435416366e-08 2.337882681409225736e-08 2.370141247001190601e-08 2.338432304660416954e-08 2.369911367127677279e-08 2.383156221358630656e-08 2.326974497965178445e-08 2.368092891689285214e-08 2.378308536816964604e-08 2.358350186553868920e-08 2.353080620251190450e-08 2.353510424057738013e-08 2.361002314127083339e-08 2.346010954018154875e-08 2.364033379123511726e-08 2.370010590742261868e-08 2.370454463056547831e-08 2.357067793351190366e-08 2.346565541548214347e-08 2.342762654865773301e-08 2.362869408620833439e-08 2.354529557358035581e-08 2.372649397237202739e-08 2.358239984898511713e-08 2.363233363127678083e-08 2.331472965200892525e-08 2.383555178921130683e-08 2.371850517121428667e-08 2.387583632736011772e-08 2.375075572329166428e-08 2.365436254823809224e-08 2.380653324915178614e-08 2.375231064748511994e-08 2.343980163439583059e-08 2.371966382201190014e-08 2.358471022925000249e-08 2.373786038530952284e-08
2.348920987793579609e-08 2.369698273674829924e-08 2.379067412400510043e-08 2.361944986844813265e-08 2.364295832381632345e-08 2.341403726586692214e-08 2.369515056793282795e-08 2.350571052592261704e-08 2.330156528563010048e-08 2.361940787161989700e-08 2.330803210952678599e-08 2.361745473904804351e-08 2.374717123075467689e-08 2.319383665535756691e-08 2.359779830251913307e-08 2.370057966529336924e-08 2.350341771015009298e-08 2.345320966859608538e-08 2.345482248809778941e-08 2.352949888411309670e-08 2.338158771649064271e-08 2.355870879849447094e-08 2.361645326763435004e-08 2.362278123121300089e-08 2.349236629211394342e-08 2.338863034997789011e-08 2.335058515836394186e-08 2.354529557358035581e-08 2.346737527349830098e-08 2.364480636195960687e-08 2.350308523263733366e-08 2.355141980830697295e-08 2.323942317762712330e-08 2.375136755946300834e-08 2.363678768786649654e-08 2.379094383193197715e-08 2.366905174852976339e-08 2.357280707639200569e-08 2.372317422691114268e-08 2.366976472667899240e-08 2.336230089167261658e-08 2.363785072021512953e-08 2.350348151604166422e-08 2.365520198056079629e-08
2.366834037895960884e-08 2.388027155245960745e-08 2.397523225226701754e-08 2.380157957448682365e-08 2.382493450611693170e-08 2.359011479462584893e-08 2.387781173595663298e-08 2.368452011481845517e-08 2.347689474699617079e-08 2.380096635625383040e-08 2.348293687667262063e-08 2.379874434966709682e-08 2.393204891943920053e-08 2.336647587843494822e-08 2.377974693698044492e-08 2.388388659060288834e-08 2.368245711334055885e-08 2.362962117018835003e-08 2.363329215343707135e-08 2.370945786588392772e-08 2.355789694905909627e-08 2.373960248396768149e-08 2.379939073089923652e-08 2.380382754577253770e-08 2.366976509210204221e-08 2.356442620499574935e-08 2.352642094887286985e-08 2.372649397237202739e-08 2.364480636195960687e-08 2.382736231479591550e-08 2.368188688977720758e-08 2.373173952719685319e-08 2.341372762309736055e-08 2.393616992185586172e-08 2.381872894706888073e-08 2.397672014748852037e-08 2.385168644986309589e-08 2.375389446498723794e-08 2.390670508423851735e-08 2.385283544150637702e-08 2.353782620831845209e-08 2.381963483411989690e-08 2.368420279927083432e-08 2.383800604983460777e-08
2.352617612751233811e-08 2.373345755957483159e-08 2.382700501983801172e-08 2.365659690949064375e-08 2.368143475541497001e-08 2.345137011933460885e-08 2.373148423049745241e-08 2.354312066932142440e-08 2.333953752165052181e-08 2.365624295641198057e-08 2.334634245994644011e-08 2.365392478086523168e-08 2.378362283833588264e-08 2.323106377787117345e-08 2.363511810969983003e-08 2.373719997967516679e-08 2.354072572214625782e-08 2.349078902620960875e-08 2.349255221717644531e-08 2.356767193258631302e-08 2.341976462064073213e-08 2.359552439999319620e-08 2.365273929271344015e-08 2.365895927885672312e-08 2.352923447852806098e-08 2.342530591474362378e-08 2.338821866171555930e-08 2.358239984898511713e-08 2.350308523263733366e-08 2.368188688977720758e-08 2.354242518691581906e-08 2.358789590872236223e-08 2.327714893686479299e-08 2.378803705289838170e-08 2.367418961526998074e-08 2.382722078340986690e-08 2.370631340258631382e-08 2.360950080777253381e-08 2.376051041732652836e-08 2.370728605443665054e-08 2.340002073640476411e-08 2.367388882580484390e-08 2.354118473570833799e-08 2.369146691915816651e-08
2.357497782986947261e-08 2.378486312570280973e-08 2.387976066684991729e-08 2.370660343859183133e-08 2.372995066517389352e-08 2.349715847265602728e-08 2.378337552402125306e-08 2.359089656098809708e-08 2.338425142355824965e-08 2.370596018808758460e-08 2.339085536446725014e-08 2.370459979756760029e-08 2.383613790331206933e-08 2.327551223701105446e-08 2.368522606928614621e-08 2.378802953617219341e-08 2.358903846006590150e-08 2.353737415140603524e-08 2.354006350078656580e-08 2.361529026389880886e-08 2.346521000943834862e-08 2.364558442611224433e-08 2.370460267637415032e-08 2.370981261741623986e-08 2.357680136647448840e-08 2.347159314749064357e-08 2.343360117837032402e-08 2.363233363127678083e-08 2.355141980830697295e-08 2.373173952719685319e-08 2.358789590872236223e-08 2.363841332323724449e-08 2.332168326760586545e-08 2.384028102054123782e-08 2.372381870297236235e-08 2.388042129623724445e-08 2.375639009785714367e-08 2.365934718640943425e-08 2.381117731704974674e-08 2.375718828120152422e-08 2.344605903844643100e-08 2.372469259437627725e-08 2.358980982106250364e-08 2.374301679678614357e-08
2.326160967902295752e-08 2.346313505008546489e-08 2.355565838232695494e-08 2.338831603901275486e-08 2.341323967537542005e-08 2.318968177122363620e-08 2.346134271794855453e-08 2.327830641891964567e-08 2.307916963278528260e-08 2.338795452521471279e-08 2.308749288566963868e-08 2.338589322336181468e-08 2.351217787015560921e-08 2.297391750966241217e-08 2.336646616675212243e-08 2.346764944951871028e-08 2.327560809308843143e-08 2.322881380572363253e-08 2.322831505749234717e-08 2.330198238018154677e-08 2.315795457804294400e-08 2.332849303725169888e-08 2.338323044006122957e-08 2.339106595867644418e-08 2.326590314971173690e-08 2.316351483529846259e-08 2.312772638733673089e-08 2.331472965200892525e-08 2.323942317762712330e-08 2.341372762309736055e-08 2.327714893686479299e-08 2.332168326760586545e-08 2.302000299071088212e-08 2.351597345744727505e-08 2.340633776442729274e-08 2.355403394500169870e-08 2.343694159186904745e-08 2.334241069285373694e-08 2.349011743289753042e-08 2.343764823178145855e-08 2.313970996825297447e-08 2.340564604149149625e-08 2.327492192706249575e-08 2.342220269889795685e-08
2.377512616110884288e-08 2.399208506065051172e-08 2.408762981821514060e-08 2.391150776894472275e-08 2.393395636313010216e-08 2.369403051228784583e-08 2.398962299273681226e-08 2.379076776361905465e-08 2.358065969663180681e-08 2.391130465593069987e-08 2.358511789566071171e-08 2.390893757967516899e-08 2.404461687740901576e-08 2.346723026761564733e-08 2.389026988040050714e-08 2.399435143259948821e-08 2.378998998666539199e-08 2.373440365249617609e-08 2.373984906036649728e-08 2.381636118480356947e-08 2.366251484843197317e-08 2.384968835714540871e-08 2.391155172113052099e-08 2.391437853570067996e-08 2.377585789495748712e-08 2.366865752728997225e-08 2.362959657060331885e-08 2.383555178921130683e-08 2.375136755946300834e-08 2.393616992185586172e-08 2.378803705289838170e-08 2.384028102054123782e-08 2.351597345744727505e-08 2.405028389561734545e-08 2.392740718816921675e-08 2.409052674112457468e-08 2.396230343336607092e-08 2.386293873705739894e-08 2.401723434618707492e-08 2.396347568221088073e-08 2.364185450534821482e-08 2.392981023064796045e-08 2.379252326016666293e-08 2.394942850556717453e-08
2.366001656403316467e-08 2.387189730861649457e-08 2.396781288085884031e-08 2.379346757626148496e-08 2.381725404131079841e-08 2.358263623933460201e-08 2.387024293358078432e-08 2.367648789473809707e-08 2.346983065885883719e-08 2.379283687299532173e-08 2.347483120667559493e-08 2.379043280332355440e-08 2.392425895631505283e-08 2.335848844128783681e-08 2.377245119961649354e-08 2.387546962455016589e-08 2.367478328341709401e-08 2.362246930110544127e-08 2.362513467055144678e-08 2.370122731706547680e-08 2.355034437628656459e-08 2.373162373230569881e-08 2.379149349494259911e-08 2.379632586921088156e-08 2.366204751709056126e-08 2.355642995330612167e-08 2.351847604740305946e-08 2.371850517121428667e-08 2.363678768786649654e-08 2.381872894706888073e-08 2.367418961526998074e-08 2.372381870297236235e-08 2.340633776442729274e-08 2.392740718816921675e-08 2.381208609762414974e-08 2.396850993709736504e-08 2.384291347216964168e-08 2.374538504787669986e-08 2.389882976045152857e-08 2.384460454156164431e-08 2.352975059090476155e-08 2.381132660140901497e-08 2.367622045091666966e-08 2.382911073259566254e-08
2.381481204391113242e-08 2.403331905259864166e-08 2.412959179016242097e-08 2.395189683819600631e-08 2.397428583971556693e-08 2.373283352334353620e-08 2.403090713202125050e-08 2.383051284625893787e-08 2.361902404651657683e-08 2.395122480748342299e-08 2.362293500842559055e-08 2.394898528744260274e-08 2.408577440574957590e-08 2.350486511371938873e-08 2.393078129028613926e-08 2.403573282769302933e-08 2.382935961296173489e-08 2.377323685965603407e-08 2.377889807268239632e-08 2.385589485250297151e-08 2.370075284737584866e-08 2.388941919211224158e-08 2.395235265429081324e-08 2.395458381441624080e-08 2.381509039687032000e-08 2.370750133124064416e-08 2.366818264916198670e-08 2.387583632736011772e-08 2.379094383193197715e-08 2.397672014748852037e-08 2.382722078340986690e-08 2.388042129623724445e-08 2.355403394500169870e-08 2.409052674112457468e-08 2.396850993709736504e-08 2.413262966415391427e-08 2.400245591041964365e-08 2.390291234276360567e-08 2.405842600744557800e-08 2.400422525234736081e-08 2.367977284840475457e-08 2.397004968762627787e-08 2.383238315310416744e-08 2.398954401836947645e-08
