3.261848850013666333e-08 3.283270724785571334e-08 3.296110008168927879e-08 3.280278703677142168e-08 3.274568118153726767e-08 3.248287039939665990e-08 3.284555862135701927e-08 3.266368854689428720e-08 3.231381401749226365e-08 3.283134042913154155e-08 3.239750256073785263e-08 3.278981121095428387e-08 3.294461798207202376e-08 3.223836496697059321e-08 3.279658184545012184e-08 3.289354426704452412e-08 3.257603452611988162e-08 3.249390712997248732e-08 3.255604134912796926e-08 3.273181711944142890e-08 3.250260205118451567e-08 3.270630250985142396e-08 3.282132337730475843e-08 3.278446215299927603e-08 3.259746713298857064e-08 3.246181232550355439e-08 3.235426010576081493e-08 3.261471084762321483e-08 3.258427202289452946e-08 3.287299601140892963e-08 3.263235147550976471e-08 3.275175789514916306e-08 3.242876337877284423e-08 3.298691853149617734e-08 3.281043455102664963e-08 3.300803215666607286e-08 3.284766256237927554e-08 3.270189922185381225e-08 3.299535599104379090e-08 3.284731981172536024e-08 3.246453598220703155e-08 3.279049575468475676e-08 3.267740075907618294e-08 3.287584139280427821e-08
3.283270724785571334e-08 3.305244978664112398e-08 3.318197593286470253e-08 3.302107644354885520e-08 3.296160953535289259e-08 3.269531344473112827e-08 3.306272321363008438e-08 3.287832656980999864e-08 3.252520877267414352e-08 3.304868962138350622e-08 3.260956856365865720e-08 3.300667594755345531e-08 3.316508131322955014e-08 3.244653018771063564e-08 3.301413414185732266e-08 3.311176438662146861e-08 3.279033724794287157e-08 3.270761705512285723e-08 3.276950299311479212e-08 3.294780265375945226e-08 3.271552337502249083e-08 3.292302864555998541e-08 3.303891734721042425e-08 3.300163393507025510e-08 3.281008294164691820e-08 3.267485213760384300e-08 3.256514368033902386e-08 3.283133267703643038e-08 3.279829442811459994e-08 3.309265833187623129e-08 3.284784401442099463e-08 3.296743958922130839e-08 3.264039973434663326e-08 3.320942374687197849e-08 3.302935085532077080e-08 3.322912953173614662e-08 3.306593614046536544e-08 3.291788536601177453e-08 3.321544675979294092e-08 3.306652706690351839e-08 3.267712530360595553e-08 3.300747219739616183e-08 3.289396386835336349e-08 3.309510376974542198e-08
3.296110008168927879e-08 3.318197593286470253e-08 3.331514682368112679e-08 3.315187390264072696e-08 3.309194771933835213e-08 3.282346373548512125e-08 3.319395967592491625e-08 3.300808921562457702e-08 3.265300219295917627e-08 3.317913084311649580e-08 3.273672212415883848e-08 3.313778888512695763e-08 3.329608062181420037e-08 3.257348077001393945e-08 3.314509873937101786e-08 3.324314085189813931e-08 3.291889801492690999e-08 3.283546139347379714e-08 3.289825937696853341e-08 3.307738473226096458e-08 3.284259284699604903e-08 3.305187084851751346e-08 3.317013178915354216e-08 3.313319424085850231e-08 3.293810921368724702e-08 3.280271874528782816e-08 3.269245179824344651e-08 3.296155016369565156e-08 3.292712720855289714e-08 3.322290790481333870e-08 3.297653545888359857e-08 3.309792523079285606e-08 3.276811372016419918e-08 3.334190304484217625e-08 3.315940008776547214e-08 3.336120248989259088e-08 3.319644174730254678e-08 3.304773025203133066e-08 3.334766748841912744e-08 3.319802245407729426e-08 3.280569683836925450e-08 3.313843534353299045e-08 3.302333214487372663e-08 3.322655288544539491e-08
3.280278703677142168e-08 3.302107644354885520e-08 3.315187390264072696e-08 3.299195667346258315e-08 3.293286888579650889e-08 3.266684844687143033e-08 3.303280724170076224e-08 3.284984341306632963e-08 3.249743548730483690e-08 3.301907082704528105e-08 3.258090741899123900e-08 3.297734652563448372e-08 3.313416718829717886e-08 3.241931180538281906e-08 3.298455334097971747e-08 3.308195904376475131e-08 3.276098260462651621e-08 3.267810162466695847e-08 3.274094919206441849e-08 3.291834284570127301e-08 3.268635859543558180e-08 3.289253648497984428e-08 3.300944307567239512e-08 3.297289064112971802e-08 3.278085844079813141e-08 3.264602121652401811e-08 3.253782964057558657e-08 3.280209339670152616e-08 3.276887198223648101e-08 3.306173806930484890e-08 3.281823168268519654e-08 3.293888236427885731e-08 3.261253127763885306e-08 3.317816374486623203e-08 3.299891350842737608e-08 3.319869362230824052e-08 3.303594409683537493e-08 3.288869457883465453e-08 3.318555071688196640e-08 3.303712381389600205e-08 3.264906948108916629e-08 3.297841215045306742e-08 3.286412942592812244e-08 3.306562526120589210e-08
3.274568118153726767e-08 3.296160953535289259e-08 3.309194771933835213e-08 3.293286888579650889e-08 3.287585090129044460e-08 3.261083621310642275e-08 3.297453246470695678e-08 3.279265760807977244e-08 3.244184389913460543e-08 3.296076178812265915e-08 3.252500573625576158e-08 3.291924845252293639e-08 3.307455346016089553e-08 3.236520195411841281e-08 3.292633279007233714e-08 3.302290310616260593e-08 3.270402154543099408e-08 3.262138940071780728e-08 3.268474897654655162e-08 3.286064303171186229e-08 3.263034839856052731e-08 3.283438524976211207e-08 3.295083564145675268e-08 3.291521492441650352e-08 3.272492460236919351e-08 3.258958648886510162e-08 3.248291354628725789e-08 3.274396426927142356e-08 3.271241633402184005e-08 3.300223192061793945e-08 3.276108068989247719e-08 3.288161626418053640e-08 3.255633185659253475e-08 3.311785654121494378e-08 3.293977691426989045e-08 3.313841996102182370e-08 3.297687274835299048e-08 3.283118064830054435e-08 3.312580880268244108e-08 3.297791112126136310e-08 3.259303940256244878e-08 3.292042923377449659e-08 3.280614378905850378e-08 3.300646584019853342e-08
3.248287039939665990e-08 3.269531344473112827e-08 3.282346373548512125e-08 3.266684844687143033e-08 3.261083621310642275e-08 3.235203855879666446e-08 3.270813945611451553e-08 3.252981408527679002e-08 3.218292586578392436e-08 3.269526236877946427e-08 3.226581331025119068e-08 3.265312583742387275e-08 3.280655593940117975e-08 3.210869877789393873e-08 3.266069573738637435e-08 3.275590429874160010e-08 3.244213185592070416e-08 3.236032371224874381e-08 3.242247827209671906e-08 3.259563145896892615e-08 3.237046706028411372e-08 3.257065100464891937e-08 3.268506689780768121e-08 3.264974196211886186e-08 3.246435869408773543e-08 3.232832412610147490e-08 3.222386213039914752e-08 3.247958249940404409e-08 3.244983227037284607e-08 3.273571686139642069e-08 3.249823008333642650e-08 3.261663187057876086e-08 3.229675035178701811e-08 3.284795653476952963e-08 3.267348930543000028e-08 3.286976330093190979e-08 3.271053411431346675e-08 3.256620370598672531e-08 3.285756324422966023e-08 3.271135348524036428e-08 3.233239726421744770e-08 3.265541112293558155e-08 3.254135880969285138e-08 3.273902674572802635e-08
3.284555862135701927e-08 3.306272321363008438e-08 3.319395967592491625e-08 3.303280724170076224e-08 3.297453246470695678e-08 3.270813945611451553e-08 3.307690589816772259e-08 3.289102246396109273e-08 3.253842402362278880e-08 3.306143200325127586e-08 3.262169413937366082e-08 3.302020756882658081e-08 3.317637425606641004e-08 3.246097474195874866e-08 3.302688368346289222e-08 3.312490943817902548e-08 3.280331378110334686e-08 3.271962290124891541e-08 3.278283848140263025e-08 3.296092089769147398e-08 3.272759257220611547e-08 3.293463732947195087e-08 3.305187987962583033e-08 3.301480620825789221e-08 3.282309102206897498e-08 3.268780991300577920e-08 3.257827061610700567e-08 3.284356343022459322e-08 3.281154815068081960e-08 3.310369075826029808e-08 3.285966992147017103e-08 3.298072578672523143e-08 3.265339080311974821e-08 3.322068545760115784e-08 3.304066645345725257e-08 3.324081737705840812e-08 3.307819368657419427e-08 3.293076945018185301e-08 3.322790838724692180e-08 3.307839452460652069e-08 3.269027513964575123e-08 3.302012368825671067e-08 3.290619267829498309e-08 3.310707647603193832e-08
3.266368854689428720e-08 3.287832656980999864e-08 3.300808921562457702e-08 3.284984341306632963e-08 3.279265760807977244e-08 3.252981408527679002e-08 3.289102246396109273e-08 3.271147218917968601e-08 3.236059815433476838e-08 3.287807157604595589e-08 3.244384381541669684e-08 3.283586705707082771e-08 3.299068379690287287e-08 3.228523213029287318e-08 3.284306623161487240e-08 3.293956401280722664e-08 3.262182140119220403e-08 3.253976328266088934e-08 3.260297097003608197e-08 3.277791126542740126e-08 3.254878886966473562e-08 3.275198099170645387e-08 3.286788807243993610e-08 3.283205187292902630e-08 3.264345312995498307e-08 3.250754161940183405e-08 3.240169637575429440e-08 3.266144179346135793e-08 3.262977483748490975e-08 3.291878160257228854e-08 3.267871560451417573e-08 3.279866770052743322e-08 3.247552290786622381e-08 3.303334496367587501e-08 3.285658946836713852e-08 3.305452549820201356e-08 3.289346622499017369e-08 3.274832600299765077e-08 3.304199049900459496e-08 3.289454698426932326e-08 3.251169847092878873e-08 3.283759288657777387e-08 3.272330598776242486e-08 3.292290369483511781e-08
3.231381401749226365e-08 3.252520877267414352e-08 3.265300219295917627e-08 3.249743548730483690e-08 3.244184389913460543e-08 3.218292586578392436e-08 3.253842402362278880e-08 3.236059815433476838e-08 3.201616843702210385e-08 3.252538961477891194e-08 3.209775036210076855e-08 3.248379023741335019e-08 3.263634012981504964e-08 3.194116606249174290e-08 3.249128331494608384e-08 3.258596344034303083e-08 3.227335985425598679e-08 3.219140400756071198e-08 3.225442569811947159e-08 3.242708318274768903e-08 3.220208389206593970e-08 3.240106758430544742e-08 3.251498280560215494e-08 3.248052390795443041e-08 3.229477679286003568e-08 3.216035489106717111e-08 3.205643491929641703e-08 3.231093987378724492e-08 3.228119721522100968e-08 3.256541811460543216e-08 3.232947436863578298e-08 3.244742476788927451e-08 3.212881696472338783e-08 3.267766566148409253e-08 3.250406528176903895e-08 3.269908406467013916e-08 3.254136523841631638e-08 3.239726104123762302e-08 3.268718410296411331e-08 3.254153421261801315e-08 3.216435888166118706e-08 3.248603471031615985e-08 3.237239642071683201e-08 3.256938250183895139e-08
3.283134042913154155e-08 3.304868962138350622e-08 3.317913084311649580e-08 3.301907082704528105e-08 3.296076178812265915e-08 3.269526236877946427e-08 3.306143200325127586e-08 3.287807157604595589e-08 3.252538961477891194e-08 3.304847904141921929e-08 3.260891794670485044e-08 3.300518427689774638e-08 3.316216321704741339e-08 3.244785830230124288e-08 3.301257049539328189e-08 3.311004218391346814e-08 3.278984465852025354e-08 3.270632631370536197e-08 3.276960840384694161e-08 3.294679494251253030e-08 3.271433576566452239e-08 3.292085512667472774e-08 3.303778644455436234e-08 3.300127813866203453e-08 3.280921011573299045e-08 3.267368250086989456e-08 3.256581459611904628e-08 3.282984848415463722e-08 3.279736007008162148e-08 3.308964515147683078e-08 3.284625590225658407e-08 3.296700280796131650e-08 3.264036575522449565e-08 3.320637523226316750e-08 3.302711667942409172e-08 3.322651394830055090e-08 3.306387685218048987e-08 3.291706336931643653e-08 3.321401636245259854e-08 3.306475814892387784e-08 3.267736162405796397e-08 3.300649130214260027e-08 3.289241639230038585e-08 3.309309132619386681e-08
3.239750256073785263e-08 3.260956856365865720e-08 3.273672212415883848e-08 3.258090741899123900e-08 3.252500573625576158e-08 3.226581331025119068e-08 3.262169413937366082e-08 3.244384381541669684e-08 3.209775036210076855e-08 3.260891794670485044e-08 3.218209474034962411e-08 3.256719917149801666e-08 3.272083381648488468e-08 3.202407773984506780e-08 3.257419023028849080e-08 3.266975826154746509e-08 3.235616280429193676e-08 3.227488554086142959e-08 3.233712891791751628e-08 3.250990592200279193e-08 3.228497155782123847e-08 3.248515677594992857e-08 3.259850050704379450e-08 3.256278503442182362e-08 3.237950543936185988e-08 3.224368526700280717e-08 3.213853492726534845e-08 3.239366711602067878e-08 3.236550764022009753e-08 3.264957474011743877e-08 3.241319332408564411e-08 3.253113998661690613e-08 3.221173914183819194e-08 3.276067202081546344e-08 3.258829717884473919e-08 3.278294307240292198e-08 3.262513795020397888e-08 3.248170354099256553e-08 3.277044429131180039e-08 3.262523883960829889e-08 3.224760891285835856e-08 3.256946365817385312e-08 3.245558759865510076e-08 3.265254178882002287e-08
3.278981121095428387e-08 3.300667594755345531e-08 3.313778888512695763e-08 3.297734652563448372e-08 3.291924845252293639e-08 3.265312583742387275e-08 3.302020756882658081e-08 3.283586705707082771e-08 3.248379023741335019e-08 3.300518427689774638e-08 3.256719917149801666e-08 3.296564192280028946e-08 3.311991763207877386e-08 3.240721787751519469e-08 3.297102879369225862e-08 3.306885311677062470e-08 3.274807004535711776e-08 3.266489587884422047e-08 3.272767490062479027e-08 3.290527611104139161e-08 3.267243880578207578e-08 3.287853017850584274e-08 3.299591128714914002e-08 3.295917055986599307e-08 3.276850530289725960e-08 3.263326902368574923e-08 3.252412718026260514e-08 3.278829446519522935e-08 3.275585778372121455e-08 3.304749078514044377e-08 3.280479363741983309e-08 3.292562693149828500e-08 3.259932737620670034e-08 3.316442509372883927e-08 3.298445480221921852e-08 3.318400301560634269e-08 3.302254801297380395e-08 3.287594812128945948e-08 3.317113118662455749e-08 3.302222058778896492e-08 3.263574966655614468e-08 3.296508496364965553e-08 3.285013506550496842e-08 3.305148730312915886e-08
3.294461798207202376e-08 3.316508131322955014e-08 3.329608062181420037e-08 3.313416718829717886e-08 3.307455346016089553e-08 3.280655593940117975e-08 3.317637425606641004e-08 3.299068379690287287e-08 3.263634012981504964e-08 3.316216321704741339e-08 3.272083381648488468e-08 3.311991763207877386e-08 3.327927123208843717e-08 3.255710458643766767e-08 3.312732372631092955e-08 3.322560545897563425e-08 3.290228527002448904e-08 3.281872017014017392e-08 3.288173088241602431e-08 3.306072973882457131e-08 3.282658251004230449e-08 3.303529482311505170e-08 3.315213338201891742e-08 3.311523340309425836e-08 3.292171460547839761e-08 3.278662008231143152e-08 3.267604952823035261e-08 3.294395990078698544e-08 3.291123095884616331e-08 3.320586423873171913e-08 3.296022029017159324e-08 3.308071614549315431e-08 3.275162066905509809e-08 3.332341795385985972e-08 3.314272422985891971e-08 3.334335233859863065e-08 3.317955670707431921e-08 3.303113851738566152e-08 3.332945148242405661e-08 3.318022584946105214e-08 3.278905652804111486e-08 3.312079205862397990e-08 3.300651626103783639e-08 3.320852034384664139e-08
3.223836496697059321e-08 3.244653018771063564e-08 3.257348077001393945e-08 3.241931180538281906e-08 3.236520195411841281e-08 3.210869877789393873e-08 3.246097474195874866e-08 3.228523213029287318e-08 3.194116606249174290e-08 3.244785830230124288e-08 3.202407773984506780e-08 3.240721787751519469e-08 3.255710458643766767e-08 3.187082653952972460e-08 3.241373662533543740e-08 3.250846540837272393e-08 3.219779474822622511e-08 3.211668066854696489e-08 3.217934996162394038e-08 3.234997666733151353e-08 3.212674045289148054e-08 3.232419770391925184e-08 3.243754700093472754e-08 3.240261561259626560e-08 3.222188798315371870e-08 3.208580947657045730e-08 3.198301488956226681e-08 3.223361777460831789e-08 3.220604243439861443e-08 3.248638189757925081e-08 3.225333908511210382e-08 3.237133956873470520e-08 3.205491781706516793e-08 3.259682867735838645e-08 3.242588277605738060e-08 3.261876346366883602e-08 3.246314457086608409e-08 3.232169663405291725e-08 3.260713563912648898e-08 3.246282798771730991e-08 3.209050497374755416e-08 3.240879724768580172e-08 3.229517373260611950e-08 3.249080986904495614e-08
3.279658184545012184e-08 3.301413414185732266e-08 3.314509873937101786e-08 3.298455334097971747e-08 3.292633279007233714e-08 3.266069573738637435e-08 3.302688368346289222e-08 3.284306623161487240e-08 3.249128331494608384e-08 3.301257049539328189e-08 3.257419023028849080e-08 3.297102879369225862e-08 3.312732372631092955e-08 3.241373662533543740e-08 3.297897543637588531e-08 3.307581938604235603e-08 3.275530111581515682e-08 3.267187485371714484e-08 3.273469056167389552e-08 3.291191769684079780e-08 3.267977681788922381e-08 3.288614587948024899e-08 3.300273872061939140e-08 3.296675212079963059e-08 3.277468058976867721e-08 3.263954249285093061e-08 3.253160452046261969e-08 3.279530073111786471e-08 3.276271476500336673e-08 3.305490519173567498e-08 3.281171188172757571e-08 3.293237658248368716e-08 3.260552707708884477e-08 3.317210601597765020e-08 3.299230265756089394e-08 3.319138862361527594e-08 3.302956125185535476e-08 3.288215533251981279e-08 3.317894567199240535e-08 3.302992874245443686e-08 3.264281979775494116e-08 3.297168949008239992e-08 3.285778645044544444e-08 3.305885269114611957e-08
3.289354426704452412e-08 3.311176438662146861e-08 3.324314085189813931e-08 3.308195904376475131e-08 3.302290310616260593e-08 3.275590429874160010e-08 3.312490943817902548e-08 3.293956401280722664e-08 3.258596344034303083e-08 3.311004218391346814e-08 3.266975826154746509e-08 3.306885311677062470e-08 3.322560545897563425e-08 3.250846540837272393e-08 3.307581938604235603e-08 3.317424535254450791e-08 3.285152429560202050e-08 3.276779606445517775e-08 3.283081122191007287e-08 3.300917586043879958e-08 3.277517314518513264e-08 3.298300305388385791e-08 3.310033104275336091e-08 3.306314496501443526e-08 3.287106666373209077e-08 3.273575691992095732e-08 3.262618580191119762e-08 3.289186054367014466e-08 3.285953157025462555e-08 3.315262544813677867e-08 3.290815326960081817e-08 3.302931880327315356e-08 3.270126978477272272e-08 3.326999396966248023e-08 3.308983519508017547e-08 3.328972962147774673e-08 3.312739021200782171e-08 3.297953301265700972e-08 3.327672563897936370e-08 3.312745391510533728e-08 3.273846043638727107e-08 3.306884474558945560e-08 3.295478125603753856e-08 3.315625158663223525e-08
3.257603452611988162e-08 3.279033724794287157e-08 3.291889801492690999e-08 3.276098260462651621e-08 3.270402154543099408e-08 3.244213185592070416e-08 3.280331378110334686e-08 3.262182140119220403e-08 3.227335985425598679e-08 3.278984465852025354e-08 3.235616280429193676e-08 3.274807004535711776e-08 3.290228527002448904e-08 3.219779474822622511e-08 3.275530111581515682e-08 3.285152429560202050e-08 3.253538910099713293e-08 3.245246311181056294e-08 3.251474433325839782e-08 3.268991213496254586e-08 3.246109617183993590e-08 3.266427254856431941e-08 3.277944927114518525e-08 3.274362471986140364e-08 3.255550592902882841e-08 3.242036102370843340e-08 3.231396221691488258e-08 3.257319089151130005e-08 3.254251332875663059e-08 3.283081803666433019e-08 3.259089314376700085e-08 3.271009633334359987e-08 3.238747286458697949e-08 3.294543436748609872e-08 3.276869691589076638e-08 3.296555362096596680e-08 3.280604295058256912e-08 3.266030051350184494e-08 3.295352890184634209e-08 3.280563859012389695e-08 3.242376033670297097e-08 3.274913024156635132e-08 3.263564340013370947e-08 3.283420312788866397e-08
3.249390712997248732e-08 3.270761705512285723e-08 3.283546139347379714e-08 3.267810162466695847e-08 3.262138940071780728e-08 3.236032371224874381e-08 3.271962290124891541e-08 3.253976328266088934e-08 3.219140400756071198e-08 3.270632631370536197e-08 3.227488554086142959e-08 3.266489587884422047e-08 3.281872017014017392e-08 3.211668066854696489e-08 3.267187485371714484e-08 3.276779606445517775e-08 3.245246311181056294e-08 3.237112013998999979e-08 3.243228345763690269e-08 3.260659136268446068e-08 3.237939163471038519e-08 3.258184725434737871e-08 3.269633481512758288e-08 3.266009692070172552e-08 3.247409631372928514e-08 3.233846875378511346e-08 3.223263429340166866e-08 3.249076235360993771e-08 3.246013890275308912e-08 3.274777086164612770e-08 3.250845507117445648e-08 3.262751846590082898e-08 3.230595431274559780e-08 3.286123160273892731e-08 3.268538501743791840e-08 3.288207017716303431e-08 3.272209855408589265e-08 3.257755604647044403e-08 3.286943926315231065e-08 3.272244689003892428e-08 3.234177616040538283e-08 3.266603392440237603e-08 3.255279327214850024e-08 3.275085641177130336e-08
3.255604134912796926e-08 3.276950299311479212e-08 3.289825937696853341e-08 3.274094919206441849e-08 3.268474897654655162e-08 3.242247827209671906e-08 3.278283848140263025e-08 3.260297097003608197e-08 3.225442569811947159e-08 3.276960840384694161e-08 3.233712891791751628e-08 3.272767490062479027e-08 3.288173088241602431e-08 3.217934996162394038e-08 3.273469056167389552e-08 3.283081122191007287e-08 3.251474433325839782e-08 3.243228345763690269e-08 3.249634370780867166e-08 3.267029155694536264e-08 3.244198448484236223e-08 3.264374733030696941e-08 3.275899300779581014e-08 3.272387018978014123e-08 3.253580501218707202e-08 3.240084619832695181e-08 3.229571224500297734e-08 3.255352019073235192e-08 3.252277600026870220e-08 3.280972183317155190e-08 3.257111426874000688e-08 3.269072655150893234e-08 3.236859722828061115e-08 3.292406284750085102e-08 3.274808282181398665e-08 3.294482213795641928e-08 3.278537040809800328e-08 3.264076409575882017e-08 3.293226352547979294e-08 3.278572787146216052e-08 3.240473855975605918e-08 3.272916384088137424e-08 3.261552009448746317e-08 3.281385656232567767e-08
3.273181711944142890e-08 3.294780265375945226e-08 3.307738473226096458e-08 3.291834284570127301e-08 3.286064303171186229e-08 3.259563145896892615e-08 3.296092089769147398e-08 3.277791126542740126e-08 3.242708318274768903e-08 3.294679494251253030e-08 3.250990592200279193e-08 3.290527611104139161e-08 3.306072973882457131e-08 3.234997666733151353e-08 3.291191769684079780e-08 3.300917586043879958e-08 3.268991213496254586e-08 3.260659136268446068e-08 3.267029155694536264e-08 3.284745918000829898e-08 3.261582018230338859e-08 3.282040428558770156e-08 3.293633361970317589e-08 3.290030362228911709e-08 3.271004995730610084e-08 3.257520929008532160e-08 3.246718886879976421e-08 3.272931405699046346e-08 3.269777447940219222e-08 3.298836776931437076e-08 3.274681927440556177e-08 3.286637655050970014e-08 3.254172748784373915e-08 3.310418661004112536e-08 3.292591600275737632e-08 3.312432328810872763e-08 3.296326265197561231e-08 3.281670011003685140e-08 3.311148243747292891e-08 3.296309818277505261e-08 3.257794085932611809e-08 3.290576655373758699e-08 3.279204181811802499e-08 3.299202888857114277e-08
3.250260205118451567e-08 3.271552337502249083e-08 3.284259284699604903e-08 3.268635859543558180e-08 3.263034839856052731e-08 3.237046706028411372e-08 3.272759257220611547e-08 3.254878886966473562e-08 3.220208389206593970e-08 3.271433576566452239e-08 3.228497155782123847e-08 3.267243880578207578e-08 3.282658251004230449e-08 3.212674045289148054e-08 3.267977681788922381e-08 3.277517314518513264e-08 3.246109617183993590e-08 3.237939163471038519e-08 3.244198448484236223e-08 3.261582018230338859e-08 3.239080576338534282e-08 3.259031490215260069e-08 3.270401031792272205e-08 3.266881737801671993e-08 3.248325244438208608e-08 3.234812211911366945e-08 3.224295611053619039e-08 3.249879420870055960e-08 3.246936235631295307e-08 3.275570582685552484e-08 3.251798530974248431e-08 3.263586177458044282e-08 3.231595388118938995e-08 3.286756637146039711e-08 3.269305925404475787e-08 3.288963113696773909e-08 3.273041860452449963e-08 3.258542430561012905e-08 3.287674182407102624e-08 3.273051250493867408e-08 3.235105319767956653e-08 3.267461441148570317e-08 3.256112733600629070e-08 3.275852496981869392e-08
3.270630250985142396e-08 3.292302864555998541e-08 3.305187084851751346e-08 3.289253648497984428e-08 3.283438524976211207e-08 3.257065100464891937e-08 3.293463732947195087e-08 3.275198099170645387e-08 3.240106758430544742e-08 3.292085512667472774e-08 3.248515677594992857e-08 3.287853017850584274e-08 3.303529482311505170e-08 3.232419770391925184e-08 3.288614587948024899e-08 3.298300305388385791e-08 3.266427254856431941e-08 3.258184725434737871e-08 3.264374733030696941e-08 3.282040428558770156e-08 3.259031490215260069e-08 3.279589560756543802e-08 3.291073498582466632e-08 3.287388273273191511e-08 3.268526478140919801e-08 3.254936360942550397e-08 3.244118736060142313e-08 3.270375730933224170e-08 3.267240567456182873e-08 3.296344014117627509e-08 3.272108379026245884e-08 3.284052715193344539e-08 3.251592861100838283e-08 3.307828435966158928e-08 3.290086541051403936e-08 3.309911509418931370e-08 3.293746312008798798e-08 3.279077597636013134e-08 3.308607999973745449e-08 3.293769108975802105e-08 3.255230327987452198e-08 3.287973844327865538e-08 3.276618261593766509e-08 3.296598484786894268e-08
3.282132337730475843e-08 3.303891734721042425e-08 3.317013178915354216e-08 3.300944307567239512e-08 3.295083564145675268e-08 3.268506689780768121e-08 3.305187987962583033e-08 3.286788807243993610e-08 3.251498280560215494e-08 3.303778644455436234e-08 3.259850050704379450e-08 3.299591128714914002e-08 3.315213338201891742e-08 3.243754700093472754e-08 3.300273872061939140e-08 3.310033104275336091e-08 3.277944927114518525e-08 3.269633481512758288e-08 3.275899300779581014e-08 3.293633361970317589e-08 3.270401031792272205e-08 3.291073498582466632e-08 3.302859612122222135e-08 3.299123535808938517e-08 3.279928748950622668e-08 3.266402850265690878e-08 3.255524164326393520e-08 3.282039669889581096e-08 3.278713891833028331e-08 3.307991067709592345e-08 3.283585453208835292e-08 3.295711706197824396e-08 3.263023897381850453e-08 3.319669915484046436e-08 3.301672301106821740e-08 3.321709854942092368e-08 3.305402362573650083e-08 3.290691099697083767e-08 3.320448186604607269e-08 3.305498980008480975e-08 3.266693790103338253e-08 3.299666821565371584e-08 3.288231355002695228e-08 3.308350097575599475e-08
3.278446215299927603e-08 3.300163393507025510e-08 3.313319424085850231e-08 3.297289064112971802e-08 3.291521492441650352e-08 3.264974196211886186e-08 3.301480620825789221e-08 3.283205187292902630e-08 3.248052390795443041e-08 3.300127813866203453e-08 3.256278503442182362e-08 3.295917055986599307e-08 3.311523340309425836e-08 3.240261561259626560e-08 3.296675212079963059e-08 3.306314496501443526e-08 3.274362471986140364e-08 3.266009692070172552e-08 3.272387018978014123e-08 3.290030362228911709e-08 3.266881737801671993e-08 3.287388273273191511e-08 3.299123535808938517e-08 3.295659043255504664e-08 3.276252865383867697e-08 3.262814972475718071e-08 3.252108495893011976e-08 3.278434672888702696e-08 3.275129563066919840e-08 3.304278809778150203e-08 3.280027095535423628e-08 3.292124405099660374e-08 3.259474727981550486e-08 3.316008796593015316e-08 3.297990516421005655e-08 3.317982942717443677e-08 3.301734067665618046e-08 3.287052437845481463e-08 3.316745414447823869e-08 3.301841577392360280e-08 3.263187143406577190e-08 3.296067512823072186e-08 3.284595184785377119e-08 3.304716925632820622e-08
3.259746713298857064e-08 3.281008294164691820e-08 3.293810921368724702e-08 3.278085844079813141e-08 3.272492460236919351e-08 3.246435869408773543e-08 3.282309102206897498e-08 3.264345312995498307e-08 3.229477679286003568e-08 3.280921011573299045e-08 3.237950543936185988e-08 3.276850530289725960e-08 3.292171460547839761e-08 3.222188798315371870e-08 3.277468058976867721e-08 3.287106666373209077e-08 3.255550592902882841e-08 3.247409631372928514e-08 3.253580501218707202e-08 3.271004995730610084e-08 3.248325244438208608e-08 3.268526478140919801e-08 3.279928748950622668e-08 3.276252865383867697e-08 3.258023996643115288e-08 3.244230577445901366e-08 3.233587011570107168e-08 3.259282025221882517e-08 3.256464654303744850e-08 3.285030357701836544e-08 3.261241452131217869e-08 3.273104878456987814e-08 3.241008221669006303e-08 3.296208317097685381e-08 3.278840648662511259e-08 3.298432412134020614e-08 3.282534073061510478e-08 3.268146571855766917e-08 3.297147433523909372e-08 3.282508201810125699e-08 3.244582121702352333e-08 3.276967519825765056e-08 3.265485098216828132e-08 3.285313371545081505e-08
3.246181232550355439e-08 3.267485213760384300e-08 3.280271874528782816e-08 3.264602121652401811e-08 3.258958648886510162e-08 3.232832412610147490e-08 3.268780991300577920e-08 3.250754161940183405e-08 3.216035489106717111e-08 3.267368250086989456e-08 3.224368526700280717e-08 3.263326902368574923e-08 3.278662008231143152e-08 3.208580947657045730e-08 3.263954249285093061e-08 3.273575691992095732e-08 3.242036102370843340e-08 3.233846875378511346e-08 3.240084619832695181e-08 3.257520929008532160e-08 3.234812211911366945e-08 3.254936360942550397e-08 3.266402850265690878e-08 3.262814972475718071e-08 3.244230577445901366e-08 3.230813989305186528e-08 3.220135275733690086e-08 3.245876202407614713e-08 3.242932389865756636e-08 3.271524915980675685e-08 3.247699175843889339e-08 3.259576508905238280e-08 3.227467405799267798e-08 3.282785579388614090e-08 3.265296481575386321e-08 3.284943874668014231e-08 3.269044376912027844e-08 3.254614071794942481e-08 3.283641162393439413e-08 3.269011356525221377e-08 3.231036383410592353e-08 3.263405209819812732e-08 3.252073317338881701e-08 3.271849732158307804e-08
3.235426010576081493e-08 3.256514368033902386e-08 3.269245179824344651e-08 3.253782964057558657e-08 3.248291354628725789e-08 3.222386213039914752e-08 3.257827061610700567e-08 3.240169637575429440e-08 3.205643491929641703e-08 3.256581459611904628e-08 3.213853492726534845e-08 3.252412718026260514e-08 3.267604952823035261e-08 3.198301488956226681e-08 3.253160452046261969e-08 3.262618580191119762e-08 3.231396221691488258e-08 3.223263429340166866e-08 3.229571224500297734e-08 3.246718886879976421e-08 3.224295611053619039e-08 3.244118736060142313e-08 3.255524164326393520e-08 3.252108495893011976e-08 3.233587011570107168e-08 3.220135275733690086e-08 3.209940489049833525e-08 3.235118551601238450e-08 3.232162371010285710e-08 3.260534101607558616e-08 3.236960577734725667e-08 3.248887007917416031e-08 3.216978807049785220e-08 3.271741813457119017e-08 3.254385287446416476e-08 3.273893648404440809e-08 3.258063996300011535e-08 3.243831488422463851e-08 3.272657570232297254e-08 3.258183882450035033e-08 3.220546409478702198e-08 3.252602890343392500e-08 3.241316137115952305e-08 3.260986849855427849e-08
3.261471084762321483e-08 3.283133267703643038e-08 3.296155016369565156e-08 3.280209339670152616e-08 3.274396426927142356e-08 3.247958249940404409e-08 3.284356343022459322e-08 3.266144179346135793e-08 3.231093987378724492e-08 3.282984848415463722e-08 3.239366711602067878e-08 3.278829446519522935e-08 3.294395990078698544e-08 3.223361777460831789e-08 3.279530073111786471e-08 3.289186054367014466e-08 3.257319089151130005e-08 3.249076235360993771e-08 3.255352019073235192e-08 3.272931405699046346e-08 3.249879420870055960e-08 3.270375730933224170e-08 3.282039669889581096e-08 3.278434672888702696e-08 3.259282025221882517e-08 3.245876202407614713e-08 3.235118551601238450e-08 3.261464748452088617e-08 3.258084766770496155e-08 3.287190900989974282e-08 3.262972546454116782e-08 3.275034595328506413e-08 3.242562830769448794e-08 3.298810385952651819e-08 3.280921530469952770e-08 3.300843632235180182e-08 3.284657441464673448e-08 3.270016952281038659e-08 3.299548292649300888e-08 3.284733203422055743e-08 3.246183688903318557e-08 3.278937415763677227e-08 3.267540777385663321e-08 3.287570667757262577e-08
3.258427202289452946e-08 3.279829442811459994e-08 3.292712720855289714e-08 3.276887198223648101e-08 3.271241633402184005e-08 3.244983227037284607e-08 3.281154815068081960e-08 3.262977483748490975e-08 3.228119721522100968e-08 3.279736007008162148e-08 3.236550764022009753e-08 3.275585778372121455e-08 3.291123095884616331e-08 3.220604243439861443e-08 3.276271476500336673e-08 3.285953157025462555e-08 3.254251332875663059e-08 3.246013890275308912e-08 3.252277600026870220e-08 3.269777447940219222e-08 3.246936235631295307e-08 3.267240567456182873e-08 3.278713891833028331e-08 3.275129563066919840e-08 3.256464654303744850e-08 3.242932389865756636e-08 3.232162371010285710e-08 3.258084766770496155e-08 3.255328306602724521e-08 3.283888437802516946e-08 3.259974334522670878e-08 3.271844130417106711e-08 3.239518672234950515e-08 3.295186700924342917e-08 3.277704456783642582e-08 3.297359817815601518e-08 3.281370536123967368e-08 3.266909562088334282e-08 3.296044380114215563e-08 3.281381027916546042e-08 3.243230173978593235e-08 3.275743246610493172e-08 3.264352338786640652e-08 3.284146690898907859e-08
3.287299601140892963e-08 3.309265833187623129e-08 3.322290790481333870e-08 3.306173806930484890e-08 3.300223192061793945e-08 3.273571686139642069e-08 3.310369075826029808e-08 3.291878160257228854e-08 3.256541811460543216e-08 3.308964515147683078e-08 3.264957474011743877e-08 3.304749078514044377e-08 3.320586423873171913e-08 3.248638189757925081e-08 3.305490519173567498e-08 3.315262544813677867e-08 3.283081803666433019e-08 3.274777086164612770e-08 3.280972183317155190e-08 3.298836776931437076e-08 3.275570582685552484e-08 3.296344014117627509e-08 3.307991067709592345e-08 3.304278809778150203e-08 3.285030357701836544e-08 3.271524915980675685e-08 3.260534101607558616e-08 3.287190900989974282e-08 3.283888437802516946e-08 3.313364530406377807e-08 3.288808469348578918e-08 3.300843698571636811e-08 3.268063703805255153e-08 3.325040401727992842e-08 3.306983745205238031e-08 3.327048545474932319e-08 3.310663403159132698e-08 3.295854965659803964e-08 3.325688627698911891e-08 3.310734617439302382e-08 3.271732073472992817e-08 3.304824169045365263e-08 3.293444532259183808e-08 3.313590852992019346e-08
3.263235147550976471e-08 3.284784401442099463e-08 3.297653545888359857e-08 3.281823168268519654e-08 3.276108068989247719e-08 3.249823008333642650e-08 3.285966992147017103e-08 3.267871560451417573e-08 3.232947436863578298e-08 3.284625590225658407e-08 3.241319332408564411e-08 3.280479363741983309e-08 3.296022029017159324e-08 3.225333908511210382e-08 3.281171188172757571e-08 3.290815326960081817e-08 3.259089314376700085e-08 3.250845507117445648e-08 3.257111426874000688e-08 3.274681927440556177e-08 3.251798530974248431e-08 3.272108379026245884e-08 3.283585453208835292e-08 3.280027095535423628e-08 3.261241452131217869e-08 3.247699175843889339e-08 3.236960577734725667e-08 3.262972546454116782e-08 3.259974334522670878e-08 3.288808469348578918e-08 3.264856091258448501e-08 3.276671816197302926e-08 3.244372425380659402e-08 3.300222501566397737e-08 3.282594211397654192e-08 3.302289781659229132e-08 3.286288611326239814e-08 3.271723859979524405e-08 3.300998706500172687e-08 3.286289730717707217e-08 3.248025427488939429e-08 3.280638790772984300e-08 3.269198761022337851e-08 3.289122759642876312e-08
3.275175789514916306e-08 3.296743958922130839e-08 3.309792523079285606e-08 3.293888236427885731e-08 3.288161626418053640e-08 3.261663187057876086e-08 3.298072578672523143e-08 3.279866770052743322e-08 3.244742476788927451e-08 3.296700280796131650e-08 3.253113998661690613e-08 3.292562693149828500e-08 3.308071614549315431e-08 3.237133956873470520e-08 3.293237658248368716e-08 3.302931880327315356e-08 3.271009633334359987e-08 3.262751846590082898e-08 3.269072655150893234e-08 3.286637655050970014e-08 3.263586177458044282e-08 3.284052715193344539e-08 3.295711706197824396e-08 3.292124405099660374e-08 3.273104878456987814e-08 3.259576508905238280e-08 3.248887007917416031e-08 3.275034595328506413e-08 3.271844130417106711e-08 3.300843698571636811e-08 3.276671816197302926e-08 3.288855716897667255e-08 3.256276688337273527e-08 3.312387190562607543e-08 3.294591752409874365e-08 3.314500410874362960e-08 3.298368136625244757e-08 3.283796589533955195e-08 3.313230047130851252e-08 3.298407876943440389e-08 3.259921324642044432e-08 3.292655618986428641e-08 3.281198502409315879e-08 3.301253382932118979e-08
3.242876337877284423e-08 3.264039973434663326e-08 3.276811372016419918e-08 3.261253127763885306e-08 3.255633185659253475e-08 3.229675035178701811e-08 3.265339080311974821e-08 3.247552290786622381e-08 3.212881696472338783e-08 3.264036575522449565e-08 3.221173914183819194e-08 3.259932737620670034e-08 3.275162066905509809e-08 3.205491781706516793e-08 3.260552707708884477e-08 3.270126978477272272e-08 3.238747286458697949e-08 3.230595431274559780e-08 3.236859722828061115e-08 3.254172748784373915e-08 3.231595388118938995e-08 3.251592861100838283e-08 3.263023897381850453e-08 3.259474727981550486e-08 3.241008221669006303e-08 3.227467405799267798e-08 3.216978807049785220e-08 3.242562830769448794e-08 3.239518672234950515e-08 3.268063703805255153e-08 3.244372425380659402e-08 3.256276688337273527e-08 3.224392194918176436e-08 3.279240324015402988e-08 3.261879767816225894e-08 3.281497794242613755e-08 3.265685740454182051e-08 3.251250966369359262e-08 3.280257449179322781e-08 3.265636724850938761e-08 3.227837764545236451e-08 3.260098059473648333e-08 3.248657385750867144e-08 3.268444799339122453e-08
3.298691853149617734e-08 3.320942374687197849e-08 3.334190304484217625e-08 3.317816374486623203e-08 3.311785654121494378e-08 3.284795653476952963e-08 3.322068545760115784e-08 3.303334496367587501e-08 3.267766566148409253e-08 3.320637523226316750e-08 3.276067202081546344e-08 3.316442509372883927e-08 3.332341795385985972e-08 3.259682867735838645e-08 3.317210601597765020e-08 3.326999396966248023e-08 3.294543436748609872e-08 3.286123160273892731e-08 3.292406284750085102e-08 3.310418661004112536e-08 3.286756637146039711e-08 3.307828435966158928e-08 3.319669915484046436e-08 3.316008796593015316e-08 3.296208317097685381e-08 3.282785579388614090e-08 3.271741813457119017e-08 3.298810385952651819e-08 3.295186700924342917e-08 3.325040401727992842e-08 3.300222501566397737e-08 3.312387190562607543e-08 3.279240324015402988e-08 3.337177544060795777e-08 3.318657488442642887e-08 3.338866739001459189e-08 3.322337410888479419e-08 3.307407137271257734e-08 3.337550556887096524e-08 3.322452100507998504e-08 3.283041896236587093e-08 3.316429595689719333e-08 3.305047062253426198e-08 3.325400642399669808e-08
3.281043455102664963e-08 3.302935085532077080e-08 3.315940008776547214e-08 3.299891350842737608e-08 3.293977691426989045e-08 3.267348930543000028e-08 3.304066645345725257e-08 3.285658946836713852e-08 3.250406528176903895e-08 3.302711667942409172e-08 3.258829717884473919e-08 3.298445480221921852e-08 3.314272422985891971e-08 3.242588277605738060e-08 3.299230265756089394e-08 3.308983519508017547e-08 3.276869691589076638e-08 3.268538501743791840e-08 3.274808282181398665e-08 3.292591600275737632e-08 3.269305925404475787e-08 3.290086541051403936e-08 3.301672301106821740e-08 3.297990516421005655e-08 3.278840648662511259e-08 3.265296481575386321e-08 3.254385287446416476e-08 3.280921530469952770e-08 3.277704456783642582e-08 3.306983745205238031e-08 3.282594211397654192e-08 3.294591752409874365e-08 3.261879767816225894e-08 3.318657488442642887e-08 3.300785895865665757e-08 3.320642139441511971e-08 3.304417929505463838e-08 3.289665687256940530e-08 3.319335406441272489e-08 3.304456531149725912e-08 3.265634920968976264e-08 3.298571036453987427e-08 3.287179481432558922e-08 3.307289390669838818e-08
3.300803215666607286e-08 3.322912953173614662e-08 3.336120248989259088e-08 3.319869362230824052e-08 3.313841996102182370e-08 3.286976330093190979e-08 3.324081737705840812e-08 3.305452549820201356e-08 3.269908406467013916e-08 3.322651394830055090e-08 3.278294307240292198e-08 3.318400301560634269e-08 3.334335233859863065e-08 3.261876346366883602e-08 3.319138862361527594e-08 3.328972962147774673e-08 3.296555362096596680e-08 3.288207017716303431e-08 3.294482213795641928e-08 3.312432328810872763e-08 3.288963113696773909e-08 3.309911509418931370e-08 3.321709854942092368e-08 3.317982942717443677e-08 3.298432412134020614e-08 3.284943874668014231e-08 3.273893648404440809e-08 3.300843632235180182e-08 3.297359817815601518e-08 3.327048545474932319e-08 3.302289781659229132e-08 3.314500410874362960e-08 3.281497794242613755e-08 3.338866739001459189e-08 3.320642139441511971e-08 3.340931299222758144e-08 3.324362499959712268e-08 3.309440311699701264e-08 3.339536984228218174e-08 3.324495083361399473e-08 3.285167628660501072e-08 3.318485905319777232e-08 3.307024744908017975e-08 3.327333088659325266e-08
