4.387514612393569133e-08 4.412645799147748663e-08 4.430916177000748172e-08 4.399420635196987323e-08 4.393560288280622176e-08 4.370769937494727690e-08 4.415205337943700900e-08 4.384589580696473920e-08 4.365639386547129958e-08 4.396569529972356474e-08 4.356362790684092035e-08 4.407579310939073893e-08 4.419416118605250103e-08 4.325403271874642754e-08 4.403930708572957116e-08 4.410359848224149944e-08 4.389474606672555188e-08 4.373964383684610743e-08 4.377926186311935854e-08 4.386658411648628509e-08 4.371969505604611453e-08 4.398835485870650080e-08 4.399012997822451066e-08 4.401825850018597883e-08 4.390647589892062265e-08 4.359419770954564933e-08 4.349469405260341461e-08 4.399793777927963321e-08 4.380909431285107868e-08 4.412047976617009115e-08 4.380196196618206916e-08 4.394418157653390968e-08 4.347387534977751011e-08 4.426449487733257027e-08 4.414027169396284458e-08 4.424543496884761034e-08 4.411144469449633547e-08 4.399389524496834696e-08 4.426369130550336600e-08 4.411656664333189748e-08 4.362572565942770740e-08 4.404990086735933777e-08 4.391340393789376483e-08 4.404006728800616491e-08
4.412645799147748663e-08 4.438253377875591876e-08 4.456493246882298933e-08 4.424907291297948930e-08 4.418796848222868950e-08 4.395869946350021070e-08 4.440687967399939549e-08 4.409854331096717583e-08 4.390706931583927254e-08 4.421916744121156503e-08 4.381442645918277573e-08 4.432937765604490841e-08 4.444951502190497866e-08 4.350289385621565607e-08 4.429277098594912772e-08 4.435760884569419845e-08 4.414724742828638169e-08 4.399165536733223593e-08 4.403070895556565303e-08 4.411898951608601709e-08 4.397125800175906243e-08 4.424194936291696420e-08 4.424378137112801060e-08 4.427182053689019564e-08 4.415876272051831504e-08 4.384467716705150646e-08 4.374470904454782067e-08 4.425179194250052297e-08 4.406134293428788550e-08 4.437419349147790686e-08 4.405429975380821451e-08 4.419783071273849581e-08 4.372460623157977682e-08 4.451996155361538256e-08 4.439447678108932784e-08 4.450211710294062674e-08 4.436590970892011161e-08 4.424710206149891830e-08 4.452028179764681487e-08 4.437141143376102881e-08 4.387712181303845644e-08 4.430402084808599181e-08 4.416585196252347627e-08 4.429415843287814995e-08
4.430916177000748172e-08 4.456493246882298933e-08 4.474972242720181910e-08 4.443115313437065489e-08 4.437142382171949328e-08 4.414048659715499810e-08 4.459050402328521971e-08 4.428086671474042481e-08 4.408918173317872254e-08 4.440232548019658048e-08 4.399568882772518740e-08 4.451339907487216820e-08 4.463310722605844697e-08 4.368351388846651302e-08 4.447589478976312399e-08 4.454144872739753615e-08 4.433013320009986718e-08 4.417309174260542539e-08 4.421339024210648647e-08 4.430201325198139900e-08 4.415334572178837845e-08 4.442585902047311220e-08 4.442699408032404451e-08 4.445506396018822452e-08 4.434162806815123347e-08 4.402609607657927347e-08 4.392589987902189093e-08 4.443504127835518025e-08 4.424346570950034709e-08 4.455779801917130316e-08 4.423681102106059111e-08 4.438055957441975461e-08 4.390579994934151242e-08 4.470413574069938359e-08 4.457838519212447385e-08 4.468550415486036820e-08 4.454960073229324559e-08 4.442989159007913322e-08 4.470381152262677684e-08 4.455477541521034481e-08 4.405858460791422017e-08 4.448719828007658925e-08 4.434901339280224149e-08 4.447744943758135251e-08
4.399420635196987323e-08 4.424907291297948930e-08 4.443115313437065489e-08 4.411664289697878327e-08 4.405548670848568299e-08 4.382642673610499132e-08 4.427364268896156608e-08 4.396600100346116364e-08 4.377535709111818415e-08 4.408617803925633652e-08 4.368268992743926196e-08 4.419626917933231729e-08 4.431618622014887668e-08 4.337206251954467771e-08 4.416014322673701753e-08 4.422452475859496624e-08 4.401466524690589194e-08 4.385887449158295143e-08 4.389865413022284905e-08 4.398696273966093646e-08 4.383911381598087091e-08 4.410892219174841658e-08 4.411100574314709788e-08 4.413920628839983115e-08 4.402642939814540931e-08 4.371292208505389095e-08 4.361360023340150442e-08 4.411889441485942516e-08 4.392893846273948824e-08 4.424135121804651176e-08 4.392205736964691473e-08 4.406519796734328142e-08 4.359341453772371090e-08 4.438642903232673349e-08 4.426122692565628018e-08 4.436842814951784699e-08 4.423237105907558939e-08 4.411429938637484636e-08 4.438656008703013167e-08 4.423831680537906673e-08 4.374500404321101547e-08 4.417105938380380494e-08 4.403353217319524752e-08 4.416114131155955911e-08
4.393560288280622176e-08 4.418796848222868950e-08 4.437142382171949328e-08 4.405548670848568299e-08 4.399730750831148160e-08 4.376819907998708060e-08 4.421377312742981884e-08 4.390702854021482958e-08 4.371755034670142164e-08 4.402725766758171864e-08 4.362456415216375335e-08 4.413774518023725830e-08 4.425566655342683205e-08 4.331473018851888309e-08 4.410042728382315638e-08 4.416517965714009130e-08 4.395606419965323657e-08 4.380009148246584509e-08 4.384011757888821854e-08 4.392817061458443113e-08 4.378061072800445116e-08 4.405062907091932843e-08 4.405166979811602034e-08 4.407958111215769430e-08 4.396755723269000394e-08 4.365440766689977977e-08 4.355514877084171436e-08 4.405945817414371194e-08 4.386999064414213810e-08 4.418183541603072253e-08 4.386296151505863088e-08 4.400548518714285228e-08 4.353520974834467818e-08 4.432638082629247009e-08 4.420218067206766983e-08 4.430741783224074590e-08 4.417335551764084456e-08 4.405482739098847040e-08 4.432575330080978180e-08 4.417841219742819884e-08 4.368613437168216132e-08 4.411101618709126315e-08 4.397444831214699793e-08 4.410165855922943937e-08
4.370769937494727690e-08 4.395869946350021070e-08 4.414048659715499810e-08 4.382642673610499132e-08 4.376819907998708060e-08 4.354185855999666379e-08 4.398399727930124723e-08 4.367949875137062461e-08 4.349063589662228758e-08 4.379860391867750508e-08 4.339865374506603806e-08 4.390821592462457739e-08 4.402570634676416357e-08 4.309057279578458304e-08 4.387128582227959167e-08 4.393560787687771072e-08 4.372768795844540337e-08 4.357411255301645532e-08 4.361303764889501021e-08 4.369953103826415780e-08 4.355382892331582677e-08 4.382173180253543179e-08 4.382267085451435460e-08 4.385046479208312865e-08 4.373934665271187947e-08 4.342850614458499634e-08 4.332921385717772403e-08 4.383053149669314210e-08 4.364248468283669244e-08 4.395187128061767835e-08 4.363538891122188939e-08 4.377671417559187914e-08 4.330921303745792705e-08 4.409557417610289092e-08 4.397259927054935833e-08 4.407676514264730929e-08 4.394426678834956338e-08 4.382654796056623636e-08 4.409538186174542430e-08 4.394869039441999765e-08 4.345999502885476807e-08 4.388178301902728733e-08 4.374590604176354502e-08 4.387272346654894975e-08
4.415205337943700900e-08 4.440687967399939549e-08 4.459050402328521971e-08 4.427364268896156608e-08 4.421377312742981884e-08 4.398399727930124723e-08 4.443254571490026974e-08 4.412361479109026710e-08 4.393291002503514880e-08 4.424457256710373135e-08 4.383961778196281198e-08 4.435517017239113359e-08 4.447492279537582356e-08 4.352804172594524068e-08 4.431845273089252631e-08 4.438346188232329700e-08 4.417282370982859273e-08 4.401617655646639947e-08 4.405634384054084442e-08 4.414495531368578583e-08 4.399676738076491621e-08 4.426755204189993979e-08 4.426945638895653411e-08 4.429734604954508194e-08 4.418423036946228622e-08 4.387011368434788324e-08 4.376975805813303895e-08 4.427719715019265947e-08 4.408639024324413271e-08 4.440006282780614021e-08 4.407958907776519458e-08 4.422307717950880704e-08 4.374985380628122681e-08 4.454580623958971950e-08 4.442047180191173837e-08 4.452694506111636326e-08 4.439123219741489663e-08 4.427238721826204887e-08 4.454527469413891522e-08 4.439682916903182918e-08 4.390212213628184816e-08 4.432920687865794035e-08 4.419174126282457248e-08 4.431957384968840417e-08
4.384589580696473920e-08 4.409854331096717583e-08 4.428086671474042481e-08 4.396600100346116364e-08 4.390702854021482958e-08 4.367949875137062461e-08 4.412361479109026710e-08 4.381960509255675371e-08 4.362866976091365513e-08 4.393764138342782117e-08 4.353687436644685545e-08 4.404744880667972969e-08 4.416568828252615842e-08 4.322798687326548206e-08 4.401073521138410076e-08 4.407521466578417347e-08 4.386677709085418665e-08 4.371272880177840719e-08 4.375183180396951695e-08 4.383870067665283570e-08 4.369238888918283834e-08 4.396236067517762770e-08 4.396268376541618387e-08 4.399000966139329403e-08 4.387823642889355791e-08 4.356648000658913742e-08 4.346749172096388111e-08 4.396944992546509033e-08 4.378074523589243046e-08 4.409090069744931975e-08 4.377383683651607973e-08 4.391600717224779592e-08 4.344789673670043363e-08 4.423566578679495739e-08 4.411247741456893511e-08 4.421691503526085748e-08 4.408450955190277914e-08 4.396561192507315308e-08 4.423522510859644739e-08 4.408844007093723462e-08 4.359774313685456917e-08 4.402112456247482340e-08 4.388383646399110764e-08 4.401207226319138143e-08
4.365639386547129958e-08 4.390706931583927254e-08 4.408918173317872254e-08 4.377535709111818415e-08 4.371755034670142164e-08 4.349063589662228758e-08 4.393291002503514880e-08 4.362866976091365513e-08 4.344122434272882390e-08 4.374725160254779111e-08 4.334838134070814162e-08 4.385726269859401425e-08 4.397470703733155202e-08 4.304183802881597867e-08 4.382028470822549169e-08 4.388442111589978580e-08 4.367698321326370469e-08 4.352263079267180194e-08 4.356272956685131024e-08 4.364953195158818277e-08 4.350345372464944943e-08 4.377155942275530022e-08 4.377194058942629654e-08 4.379992162580231428e-08 4.368835927486730581e-08 4.337783839721796775e-08 4.327908613497547529e-08 4.377964459288757169e-08 4.359174685160215658e-08 4.390086189060357680e-08 4.358474783845373262e-08 4.372559728290988235e-08 4.325989424901331096e-08 4.404452058674545412e-08 4.392149017455793021e-08 4.402483638433141872e-08 4.389334215737640337e-08 4.377538046794161324e-08 4.404400993029645149e-08 4.389766308819108078e-08 4.340916809172525319e-08 4.383034374592535359e-08 4.369496911209474069e-08 4.382185371701194365e-08
4.396569529972356474e-08 4.421916744121156503e-08 4.440232548019658048e-08 4.408617803925633652e-08 4.402725766758171864e-08 4.379860391867750508e-08 4.424457256710373135e-08 4.393764138342782117e-08 4.374725160254779111e-08 4.405856349507677566e-08 4.365472506202535522e-08 4.416822929938446924e-08 4.428677160263358237e-08 4.334501536093705430e-08 4.413096284563106244e-08 4.419599759511312288e-08 4.398623445396652333e-08 4.383106826630173136e-08 4.387077546426722935e-08 4.395816612925417935e-08 4.381067473948280787e-08 4.408142364625573355e-08 4.408220248074175697e-08 4.410988366638813147e-08 4.399767317112729681e-08 4.368470428092036494e-08 4.358541932885135088e-08 4.409019189670282469e-08 4.390019672956378336e-08 4.421178708145688283e-08 4.389362634193950710e-08 4.403595954130317613e-08 4.356547942860790645e-08 4.435716525717979072e-08 4.423265232351085175e-08 4.433855544570708044e-08 4.420424803016906657e-08 4.408535496806277297e-08 4.435700239059612658e-08 4.420923836794523478e-08 4.371679962696321860e-08 4.414184628926109936e-08 4.400488492909255824e-08 4.413255396124349693e-08
4.356362790684092035e-08 4.381442645918277573e-08 4.399568882772518740e-08 4.368268992743926196e-08 4.362456415216375335e-08 4.339865374506603806e-08 4.383961778196281198e-08 4.353687436644685545e-08 4.334838134070814162e-08 4.365472506202535522e-08 4.325758727468060208e-08 4.376410267717310924e-08 4.388101214615158924e-08 4.295080634404830868e-08 4.372651520278090450e-08 4.379099080410613305e-08 4.358404079037533152e-08 4.343192376327597363e-08 4.347004678253786639e-08 4.355659299433003109e-08 4.341177074755384240e-08 4.367915535792001543e-08 4.367993548895641983e-08 4.370708765403777416e-08 4.359556088876937154e-08 4.328632309201604285e-08 4.318814259696783228e-08 4.368622519262609897e-08 4.349943163816022713e-08 4.380723555542561124e-08 4.349254376568750387e-08 4.363290211320123471e-08 4.316861298102695169e-08 4.395082614939530876e-08 4.382845542850669203e-08 4.393166668936169355e-08 4.380062883290170151e-08 4.368268841833048258e-08 4.395100870712589834e-08 4.380477046935773822e-08 4.331742079288520631e-08 4.373712391499957172e-08 4.360163782549486051e-08 4.372910869150578876e-08
4.407579310939073893e-08 4.432937765604490841e-08 4.451339907487216820e-08 4.419626917933231729e-08 4.413774518023725830e-08 4.390821592462457739e-08 4.435517017239113359e-08 4.404744880667972969e-08 4.385726269859401425e-08 4.416822929938446924e-08 4.376410267717310924e-08 4.427905919461542610e-08 4.439707380314599697e-08 4.345370403812840542e-08 4.424125123250228827e-08 4.430624922668621622e-08 4.409638903739644657e-08 4.394051155993281970e-08 4.398055089893713181e-08 4.406836611746868523e-08 4.392061610625377501e-08 4.419160311493130535e-08 4.419230618391896494e-08 4.422031527262090191e-08 4.410802687333456632e-08 4.379404222190920713e-08 4.369447698484397716e-08 4.420047282408569013e-08 4.401029769244993770e-08 4.432263901027216705e-08 4.400339843863529193e-08 4.414623367734399329e-08 4.367473945212787530e-08 4.446777183363468069e-08 4.434346147161777415e-08 4.444921563808010562e-08 4.431462584696416521e-08 4.419565599592285028e-08 4.446759445053528394e-08 4.431964368127931759e-08 4.382608031425948429e-08 4.425201341071912827e-08 4.411508940094327079e-08 4.424267636741344205e-08
4.419416118605250103e-08 4.444951502190497866e-08 4.463310722605844697e-08 4.431618622014887668e-08 4.425566655342683205e-08 4.402570634676416357e-08 4.447492279537582356e-08 4.416568828252615842e-08 4.397470703733155202e-08 4.428677160263358237e-08 4.388101214615158924e-08 4.439707380314599697e-08 4.451835343644760818e-08 4.356971624064879804e-08 4.436105011424504317e-08 4.442609898586026596e-08 4.421482769724762156e-08 4.405799320216047102e-08 4.409858834043353080e-08 4.418696887402307005e-08 4.403838371804033789e-08 4.430951721694944957e-08 4.431191060485954180e-08 4.434015935282782181e-08 4.422618415230269223e-08 4.391193659300087349e-08 4.381175274943991130e-08 4.431982390955529026e-08 4.412843119024766792e-08 4.444239889249629224e-08 4.412195722673487698e-08 4.426542045861937303e-08 4.379119449912796863e-08 4.458895760906604128e-08 4.446245913602030485e-08 4.456926789661952919e-08 4.443364885520899200e-08 4.431480974442751732e-08 4.458779735391182584e-08 4.443913256528390898e-08 4.394423254324782406e-08 4.437186322400850496e-08 4.423410213561313501e-08 4.436205002697738380e-08
4.325403271874642754e-08 4.350289385621565607e-08 4.368351388846651302e-08 4.337206251954467771e-08 4.331473018851888309e-08 4.309057279578458304e-08 4.352804172594524068e-08 4.322798687326548206e-08 4.304183802881597867e-08 4.334501536093705430e-08 4.295080634404830868e-08 4.345370403812840542e-08 4.356971624064879804e-08 4.265006578024228736e-08 4.341542831373405478e-08 4.347946959171579864e-08 4.327430339238996650e-08 4.312424589331004795e-08 4.316344656689157406e-08 4.324736603216916745e-08 4.310363801617468684e-08 4.337085142321576423e-08 4.336940142493819349e-08 4.339723153395633401e-08 4.328582586485999483e-08 4.297921542522694711e-08 4.288288609577114765e-08 4.337654272930099059e-08 4.319106971120959116e-08 4.349495580067637154e-08 4.318489916881818293e-08 4.332215681581908088e-08 4.286404988039703071e-08 4.363804540763661874e-08 4.351599712527550427e-08 4.361819504401028330e-08 4.349022728947492972e-08 4.337268753744280554e-08 4.363891660855780656e-08 4.349356261563083674e-08 4.301072692981076319e-08 4.342626476255119069e-08 4.329204735911718059e-08 4.341913797290916413e-08
4.403930708572957116e-08 4.429277098594912772e-08 4.447589478976312399e-08 4.416014322673701753e-08 4.410042728382315638e-08 4.387128582227959167e-08 4.431845273089252631e-08 4.401073521138410076e-08 4.382028470822549169e-08 4.413096284563106244e-08 4.372651520278090450e-08 4.424125123250228827e-08 4.436105011424504317e-08 4.341542831373405478e-08 4.420587471417831610e-08 4.427007008706901259e-08 4.405999960925124621e-08 4.390258569619539409e-08 4.394371460974654803e-08 4.403185520504428004e-08 4.388353798467118789e-08 4.415372221412050275e-08 4.415537070677207941e-08 4.418347683652445684e-08 4.407147220492477497e-08 4.375745454858951592e-08 4.365706839865640100e-08 4.416380384211321877e-08 4.397309522054990934e-08 4.428639469443732492e-08 4.396608443126293906e-08 4.410988159306784718e-08 4.363717198594150713e-08 4.443138821501703781e-08 4.430679648001800038e-08 4.441262225536205761e-08 4.427742311429249074e-08 4.415897290722448780e-08 4.443021978815856085e-08 4.428270832903866331e-08 4.378900435303329757e-08 4.421582181999255483e-08 4.407844702288303141e-08 4.420557848295476414e-08
4.410359848224149944e-08 4.435760884569419845e-08 4.454144872739753615e-08 4.422452475859496624e-08 4.416517965714009130e-08 4.393560787687771072e-08 4.438346188232329700e-08 4.407521466578417347e-08 4.388442111589978580e-08 4.419599759511312288e-08 4.379099080410613305e-08 4.430624922668621622e-08 4.442609898586026596e-08 4.347946959171579864e-08 4.427007008706901259e-08 4.433566916875874602e-08 4.412443602990200865e-08 4.396746262671634341e-08 4.400810904120803152e-08 4.409633092203463025e-08 4.394845693842476879e-08 4.421898458054081977e-08 4.422068282524331645e-08 4.424840162999794566e-08 4.413566228087020641e-08 4.382178645277781395e-08 4.372120210866435108e-08 4.422872955651562311e-08 4.403751066486859535e-08 4.435124091502336373e-08 4.403115089776505970e-08 4.417463390553943428e-08 4.370081587450937186e-08 4.449680928681025286e-08 4.437191757065106484e-08 4.447768782905768301e-08 4.434297150237377470e-08 4.422341728445636376e-08 4.449565442745221793e-08 4.434726893106816399e-08 4.385360791601578091e-08 4.428089275120823227e-08 4.414321926980844932e-08 4.427073860842096256e-08
4.389474606672555188e-08 4.414724742828638169e-08 4.433013320009986718e-08 4.401466524690589194e-08 4.395606419965323657e-08 4.372768795844540337e-08 4.417282370982859273e-08 4.386677709085418665e-08 4.367698321326370469e-08 4.398623445396652333e-08 4.358404079037533152e-08 4.409638903739644657e-08 4.421482769724762156e-08 4.327430339238996650e-08 4.405999960925124621e-08 4.412443602990200865e-08 4.391620633202749254e-08 4.375955955453847911e-08 4.379935373457475587e-08 4.388771838818544405e-08 4.374076447978050341e-08 4.401015098479516320e-08 4.401104480987707638e-08 4.403838514152871747e-08 4.392696249235187796e-08 4.361440173342070400e-08 4.351438346764926062e-08 4.401872752387933724e-08 4.382940134233211147e-08 4.414097382705152539e-08 4.382216474608442708e-08 4.396499934822280170e-08 4.349491334005074244e-08 4.428508149894596709e-08 4.416140829742683001e-08 4.426640402731181360e-08 4.413290359271208012e-08 4.401404903115044925e-08 4.428472978180817981e-08 4.413756156530357216e-08 4.364602973669306732e-08 4.407066323598594648e-08 4.393335607824606616e-08 4.406080170493577142e-08
4.373964383684610743e-08 4.399165536733223593e-08 4.417309174260542539e-08 4.385887449158295143e-08 4.380009148246584509e-08 4.357411255301645532e-08 4.401617655646639947e-08 4.371272880177840719e-08 4.352263079267180194e-08 4.383106826630173136e-08 4.343192376327597363e-08 4.394051155993281970e-08 4.405799320216047102e-08 4.312424589331004795e-08 4.390258569619539409e-08 4.396746262671634341e-08 4.375955955453847911e-08 4.360867012972646841e-08 4.364541660159153704e-08 4.373125452040660497e-08 4.358682780371794508e-08 4.385483381470930408e-08 4.385583156160282357e-08 4.388319299965627196e-08 4.377112474690437703e-08 4.346135752233121071e-08 4.336291237835356460e-08 4.386251149680138046e-08 4.367535511294411732e-08 4.398348023905866952e-08 4.366848068907354997e-08 4.380913189034508115e-08 4.334215038506592924e-08 4.412773841355899154e-08 4.400448316056918363e-08 4.410905383165361004e-08 4.397723423455862912e-08 4.385905972829533746e-08 4.412831038890841077e-08 4.398092788453515409e-08 4.349312134925976853e-08 4.391412774653899579e-08 4.377750131168450005e-08 4.390528752558426528e-08
4.377926186311935854e-08 4.403070895556565303e-08 4.421339024210648647e-08 4.389865413022284905e-08 4.384011757888821854e-08 4.361303764889501021e-08 4.405634384054084442e-08 4.375183180396951695e-08 4.356272956685131024e-08 4.387077546426722935e-08 4.347004678253786639e-08 4.398055089893713181e-08 4.409858834043353080e-08 4.316344656689157406e-08 4.394371460974654803e-08 4.400810904120803152e-08 4.379935373457475587e-08 4.364541660159153704e-08 4.368668678024085096e-08 4.377163966888343315e-08 4.362536156443870277e-08 4.389534116880130813e-08 4.389477112959715277e-08 4.392304793129062396e-08 4.381140672516416761e-08 4.349995604109304735e-08 4.340102519450183709e-08 4.390303554744464060e-08 4.371414993976092763e-08 4.402344156190946936e-08 4.370762174867504299e-08 4.384848118894643625e-08 4.338177071181824273e-08 4.416775818554956616e-08 4.404466051482665758e-08 4.414881536591365830e-08 4.401722987691202112e-08 4.389862635408955850e-08 4.416747192520194093e-08 4.402087394183800667e-08 4.353124620982056970e-08 4.395391307480632993e-08 4.381772480540227089e-08 4.394519503415709996e-08
4.386658411648628509e-08 4.411898951608601709e-08 4.430201325198139900e-08 4.398696273966093646e-08 4.392817061458443113e-08 4.369953103826415780e-08 4.414495531368578583e-08 4.383870067665283570e-08 4.364953195158818277e-08 4.395816612925417935e-08 4.355659299433003109e-08 4.406836611746868523e-08 4.418696887402307005e-08 4.324736603216916745e-08 4.403185520504428004e-08 4.409633092203463025e-08 4.388771838818544405e-08 4.373125452040660497e-08 4.377163966888343315e-08 4.386038146730478418e-08 4.371281095493261119e-08 4.398220963412610083e-08 4.398334072548408993e-08 4.401097403009761623e-08 4.389891093519935536e-08 4.358645092721472238e-08 4.348715601648698115e-08 4.399056398022943041e-08 4.380115852285332826e-08 4.411297187149173832e-08 4.379447575471804653e-08 4.393668909656423927e-08 4.346773887532504385e-08 4.425746731749669860e-08 4.413349972492242676e-08 4.423796508710012755e-08 4.410451431803610339e-08 4.398609689781302087e-08 4.425682048988947844e-08 4.410977276584144719e-08 4.361799002047756149e-08 4.404211980515902626e-08 4.390568719784594468e-08 4.403309084962833250e-08
4.371969505604611453e-08 4.397125800175906243e-08 4.415334572178837845e-08 4.383911381598087091e-08 4.378061072800445116e-08 4.355382892331582677e-08 4.399676738076491621e-08 4.369238888918283834e-08 4.350345372464944943e-08 4.381067473948280787e-08 4.341177074755384240e-08 4.392061610625377501e-08 4.403838371804033789e-08 4.310363801617468684e-08 4.388353798467118789e-08 4.394845693842476879e-08 4.374076447978050341e-08 4.358682780371794508e-08 4.362536156443870277e-08 4.371281095493261119e-08 4.356798201034088029e-08 4.383508751847486875e-08 4.383650871321211052e-08 4.386348915030399881e-08 4.375172544956937601e-08 4.344169715447826789e-08 4.334209301033130565e-08 4.384307210177591283e-08 4.365527605506760188e-08 4.396483644066465327e-08 4.364843031772586974e-08 4.378982559006954556e-08 4.332230981148414407e-08 4.410830607555696537e-08 4.398556351409274137e-08 4.408935669397494031e-08 4.395750077454267157e-08 4.383893883369567211e-08 4.410841231383452730e-08 4.396136350854469047e-08 4.347303676558017435e-08 4.389472973899361685e-08 4.375824617350316452e-08 4.388556651976394796e-08
4.398835485870650080e-08 4.424194936291696420e-08 4.442585902047311220e-08 4.410892219174841658e-08 4.405062907091932843e-08 4.382173180253543179e-08 4.426755204189993979e-08 4.396236067517762770e-08 4.377155942275530022e-08 4.408142364625573355e-08 4.367915535792001543e-08 4.419160311493130535e-08 4.430951721694944957e-08 4.337085142321576423e-08 4.415372221412050275e-08 4.421898458054081977e-08 4.401015098479516320e-08 4.385483381470930408e-08 4.389534116880130813e-08 4.398220963412610083e-08 4.383508751847486875e-08 4.410790499748800448e-08 4.410602201855192580e-08 4.413332222730690193e-08 4.402128526954229089e-08 4.370823736503941946e-08 4.360913525074652508e-08 4.411315718962799867e-08 4.392349008497173104e-08 4.423422983376586469e-08 4.391688706111622879e-08 4.405846440109342589e-08 4.359084660941456320e-08 4.437960882451462777e-08 4.425617009016835524e-08 4.436082559712079602e-08 4.422915803001473418e-08 4.410861862383744171e-08 4.437989882856272376e-08 4.423254151570632103e-08 4.373985248544626754e-08 4.416452830676725618e-08 4.402674864721077465e-08 4.415625373123362353e-08
4.399012997822451066e-08 4.424378137112801060e-08 4.442699408032404451e-08 4.411100574314709788e-08 4.405166979811602034e-08 4.382267085451435460e-08 4.426945638895653411e-08 4.396268376541618387e-08 4.377194058942629654e-08 4.408220248074175697e-08 4.367993548895641983e-08 4.419230618391896494e-08 4.431191060485954180e-08 4.336940142493819349e-08 4.415537070677207941e-08 4.422068282524331645e-08 4.401104480987707638e-08 4.385583156160282357e-08 4.389477112959715277e-08 4.398334072548408993e-08 4.383650871321211052e-08 4.410602201855192580e-08 4.410877753496250415e-08 4.413565511612693146e-08 4.402200836311792041e-08 4.371015092433170543e-08 4.361050716897128489e-08 4.411440935235234726e-08 4.392500414673182768e-08 4.423717020022425097e-08 4.391836824107967999e-08 4.406115841693919399e-08 4.359009847020599512e-08 4.438279745895407485e-08 4.425765778605256202e-08 4.436303286691428808e-08 4.422898396408353992e-08 4.411018063527098521e-08 4.438182365604655215e-08 4.423410401611597738e-08 4.374162733537906819e-08 4.416654656749309110e-08 4.402919866956431175e-08 4.415725366664156556e-08
4.401825850018597883e-08 4.427182053689019564e-08 4.445506396018822452e-08 4.413920628839983115e-08 4.407958111215769430e-08 4.385046479208312865e-08 4.429734604954508194e-08 4.399000966139329403e-08 4.379992162580231428e-08 4.410988366638813147e-08 4.370708765403777416e-08 4.422031527262090191e-08 4.434015935282782181e-08 4.339723153395633401e-08 4.418347683652445684e-08 4.424840162999794566e-08 4.403838514152871747e-08 4.388319299965627196e-08 4.392304793129062396e-08 4.401097403009761623e-08 4.386348915030399881e-08 4.413332222730690193e-08 4.413565511612693146e-08 4.416383386685788637e-08 4.405006406792375858e-08 4.373734855467292948e-08 4.363806734595212635e-08 4.414259198960669655e-08 4.395284493174782893e-08 4.426515014240952637e-08 4.394628170052614051e-08 4.408863722927402983e-08 4.361740144702147067e-08 4.441078833333325791e-08 4.428517747039037299e-08 4.439087149782691777e-08 4.425650443511328564e-08 4.413834357838520637e-08 4.440970583969887333e-08 4.426185351536970483e-08 4.376924178955657414e-08 4.419433072146935674e-08 4.405749443950209037e-08 4.418517457617015839e-08
4.390647589892062265e-08 4.415876272051831504e-08 4.434162806815123347e-08 4.402642939814540931e-08 4.396755723269000394e-08 4.373934665271187947e-08 4.418423036946228622e-08 4.387823642889355791e-08 4.368835927486730581e-08 4.399767317112729681e-08 4.359556088876937154e-08 4.410802687333456632e-08 4.422618415230269223e-08 4.328582586485999483e-08 4.407147220492477497e-08 4.413566228087020641e-08 4.392696249235187796e-08 4.377112474690437703e-08 4.381140672516416761e-08 4.389891093519935536e-08 4.375172544956937601e-08 4.402128526954229089e-08 4.402200836311792041e-08 4.405006406792375858e-08 4.393881589029458378e-08 4.362560268208438009e-08 4.352602544650062015e-08 4.403008678443583485e-08 4.384076965997332871e-08 4.415218865772228554e-08 4.383357416995498752e-08 4.397618847226459275e-08 4.350640975053229075e-08 4.429626227655187574e-08 4.417292236932269967e-08 4.427783815368480014e-08 4.414412529419291747e-08 4.402584141735750407e-08 4.429589646094750311e-08 4.414897684188354224e-08 4.365710475921520354e-08 4.408164390855333332e-08 4.394494673061833057e-08 4.407226223143290965e-08
4.359419770954564933e-08 4.384467716705150646e-08 4.402609607657927347e-08 4.371292208505389095e-08 4.365440766689977977e-08 4.342850614458499634e-08 4.387011368434788324e-08 4.356648000658913742e-08 4.337783839721796775e-08 4.368470428092036494e-08 4.328632309201604285e-08 4.379404222190920713e-08 4.391193659300087349e-08 4.297921542522694711e-08 4.375745454858951592e-08 4.382178645277781395e-08 4.361440173342070400e-08 4.346135752233121071e-08 4.349995604109304735e-08 4.358645092721472238e-08 4.344169715447826789e-08 4.370823736503941946e-08 4.371015092433170543e-08 4.373734855467292948e-08 4.362560268208438009e-08 4.331666371441649120e-08 4.321743123432909485e-08 4.371680625272129741e-08 4.352951109649701718e-08 4.383816198970949323e-08 4.352264786495009158e-08 4.366368675954296600e-08 4.319717506364114467e-08 4.398164022696314733e-08 4.385848898788897246e-08 4.396251199509862857e-08 4.383032612630726421e-08 4.371291371387176232e-08 4.398116347092272152e-08 4.383478824089972412e-08 4.334785185177136960e-08 4.376840613376311443e-08 4.363245158271050400e-08 4.375901101085283644e-08
4.349469405260341461e-08 4.374470904454782067e-08 4.392589987902189093e-08 4.361360023340150442e-08 4.355514877084171436e-08 4.332921385717772403e-08 4.376975805813303895e-08 4.346749172096388111e-08 4.327908613497547529e-08 4.358541932885135088e-08 4.318814259696783228e-08 4.369447698484397716e-08 4.381175274943991130e-08 4.288288609577114765e-08 4.365706839865640100e-08 4.372120210866435108e-08 4.351438346764926062e-08 4.336291237835356460e-08 4.340102519450183709e-08 4.348715601648698115e-08 4.334209301033130565e-08 4.360913525074652508e-08 4.361050716897128489e-08 4.363806734595212635e-08 4.352602544650062015e-08 4.321743123432909485e-08 4.312073800273255012e-08 4.361692115246548453e-08 4.343040824263094345e-08 4.373748614631860136e-08 4.342412531735127885e-08 4.356376515274809842e-08 4.309985143805580504e-08 4.388117999853987282e-08 4.375775389381337701e-08 4.386147907363348927e-08 4.373028084633059655e-08 4.361328566294712763e-08 4.388118849324453822e-08 4.373499096531719172e-08 4.324892424109662049e-08 4.366809514882694280e-08 4.353283571784483917e-08 4.365941112689748929e-08
4.399793777927963321e-08 4.425179194250052297e-08 4.443504127835518025e-08 4.411889441485942516e-08 4.405945817414371194e-08 4.383053149669314210e-08 4.427719715019265947e-08 4.396944992546509033e-08 4.377964459288757169e-08 4.409019189670282469e-08 4.368622519262609897e-08 4.420047282408569013e-08 4.431982390955529026e-08 4.337654272930099059e-08 4.416380384211321877e-08 4.422872955651562311e-08 4.401872752387933724e-08 4.386251149680138046e-08 4.390303554744464060e-08 4.399056398022943041e-08 4.384307210177591283e-08 4.411315718962799867e-08 4.411440935235234726e-08 4.414259198960669655e-08 4.403008678443583485e-08 4.371680625272129741e-08 4.361692115246548453e-08 4.412325472646633611e-08 4.393274050067361492e-08 4.424479687002482078e-08 4.392612084891977693e-08 4.406885334876364406e-08 4.359689760222623784e-08 4.438991221047672313e-08 4.426508655495086782e-08 4.437117887208184024e-08 4.423663799887701769e-08 4.411779327879160560e-08 4.438954278933500381e-08 4.424140958862131386e-08 4.374906774842292833e-08 4.417480588897266947e-08 4.403772818848537759e-08 4.416485652192069089e-08
4.380909431285107868e-08 4.406134293428788550e-08 4.424346570950034709e-08 4.392893846273948824e-08 4.386999064414213810e-08 4.364248468283669244e-08 4.408639024324413271e-08 4.378074523589243046e-08 4.359174685160215658e-08 4.390019672956378336e-08 4.349943163816022713e-08 4.401029769244993770e-08 4.412843119024766792e-08 4.319106971120959116e-08 4.397309522054990934e-08 4.403751066486859535e-08 4.382940134233211147e-08 4.367535511294411732e-08 4.371414993976092763e-08 4.380115852285332826e-08 4.365527605506760188e-08 4.392349008497173104e-08 4.392500414673182768e-08 4.395284493174782893e-08 4.384076965997332871e-08 4.352951109649701718e-08 4.343040824263094345e-08 4.393274050067361492e-08 4.374459105125895082e-08 4.405440095650550408e-08 4.373733011758784257e-08 4.387906330694174672e-08 4.341011441146421343e-08 4.419832546504024967e-08 4.407428712145783800e-08 4.417971571679948858e-08 4.404630929567714466e-08 4.392834371260114377e-08 4.419851169225657280e-08 4.405105715994083430e-08 4.356135914831485436e-08 4.398433506130965712e-08 4.384777982727615752e-08 4.397477060470853509e-08
4.412047976617009115e-08 4.437419349147790686e-08 4.455779801917130316e-08 4.424135121804651176e-08 4.418183541603072253e-08 4.395187128061767835e-08 4.440006282780614021e-08 4.409090069744931975e-08 4.390086189060357680e-08 4.421178708145688283e-08 4.380723555542561124e-08 4.432263901027216705e-08 4.444239889249629224e-08 4.349495580067637154e-08 4.428639469443732492e-08 4.435124091502336373e-08 4.414097382705152539e-08 4.398348023905866952e-08 4.402344156190946936e-08 4.411297187149173832e-08 4.396483644066465327e-08 4.423422983376586469e-08 4.423717020022425097e-08 4.426515014240952637e-08 4.415218865772228554e-08 4.383816198970949323e-08 4.373748614631860136e-08 4.424479687002482078e-08 4.405440095650550408e-08 4.436873665592616813e-08 4.404723308096150231e-08 4.419107222614729328e-08 4.371681133372711294e-08 4.451363283310552125e-08 4.438811500163849301e-08 4.449445838631589997e-08 4.435835458105385466e-08 4.424010131599343652e-08 4.451256612653996946e-08 4.436422426489799161e-08 4.387002995116141506e-08 4.429725462057320735e-08 4.415990670627052675e-08 4.428697946903545647e-08
4.380196196618206916e-08 4.405429975380821451e-08 4.423681102106059111e-08 4.392205736964691473e-08 4.386296151505863088e-08 4.363538891122188939e-08 4.407958907776519458e-08 4.377383683651607973e-08 4.358474783845373262e-08 4.389362634193950710e-08 4.349254376568750387e-08 4.400339843863529193e-08 4.412195722673487698e-08 4.318489916881818293e-08 4.396608443126293906e-08 4.403115089776505970e-08 4.382216474608442708e-08 4.366848068907354997e-08 4.370762174867504299e-08 4.379447575471804653e-08 4.364843031772586974e-08 4.391688706111622879e-08 4.391836824107967999e-08 4.394628170052614051e-08 4.383357416995498752e-08 4.352264786495009158e-08 4.342412531735127885e-08 4.392612084891977693e-08 4.373733011758784257e-08 4.404723308096150231e-08 4.373122982403473203e-08 4.387213233167914293e-08 4.340330348528047725e-08 4.419175509632498471e-08 4.406732599157697019e-08 4.417241991183287153e-08 4.403955874860157847e-08 4.392132853384308280e-08 4.419187915620405968e-08 4.404399829259804871e-08 4.355479341454588395e-08 4.397764050111782344e-08 4.384132946912308757e-08 4.396820868558971209e-08
4.394418157653390968e-08 4.419783071273849581e-08 4.438055957441975461e-08 4.406519796734328142e-08 4.400548518714285228e-08 4.377671417559187914e-08 4.422307717950880704e-08 4.391600717224779592e-08 4.372559728290988235e-08 4.403595954130317613e-08 4.363290211320123471e-08 4.414623367734399329e-08 4.426542045861937303e-08 4.332215681581908088e-08 4.410988159306784718e-08 4.417463390553943428e-08 4.396499934822280170e-08 4.380913189034508115e-08 4.384848118894643625e-08 4.393668909656423927e-08 4.378982559006954556e-08 4.405846440109342589e-08 4.406115841693919399e-08 4.408863722927402983e-08 4.397618847226459275e-08 4.366368675954296600e-08 4.356376515274809842e-08 4.406885334876364406e-08 4.387906330694174672e-08 4.419107222614729328e-08 4.387213233167914293e-08 4.401576277544903361e-08 4.354322169083173629e-08 4.433578572466951060e-08 4.421129198028819177e-08 4.431749032269935952e-08 4.418218680377913493e-08 4.406379343862793206e-08 4.433516383687341766e-08 4.418731719395841086e-08 4.369551596679980336e-08 4.412099642168161551e-08 4.398366708635834586e-08 4.411040866810857972e-08
4.347387534977751011e-08 4.372460623157977682e-08 4.390579994934151242e-08 4.359341453772371090e-08 4.353520974834467818e-08 4.330921303745792705e-08 4.374985380628122681e-08 4.344789673670043363e-08 4.325989424901331096e-08 4.356547942860790645e-08 4.316861298102695169e-08 4.367473945212787530e-08 4.379119449912796863e-08 4.286404988039703071e-08 4.363717198594150713e-08 4.370081587450937186e-08 4.349491334005074244e-08 4.334215038506592924e-08 4.338177071181824273e-08 4.346773887532504385e-08 4.332230981148414407e-08 4.359084660941456320e-08 4.359009847020599512e-08 4.361740144702147067e-08 4.350640975053229075e-08 4.319717506364114467e-08 4.309985143805580504e-08 4.359689760222623784e-08 4.341011441146421343e-08 4.371681133372711294e-08 4.340330348528047725e-08 4.354322169083173629e-08 4.308175938793539968e-08 4.386030097123252805e-08 4.373829905460917065e-08 4.384164166983705388e-08 4.371095105491336539e-08 4.359304785122718682e-08 4.386100232053993740e-08 4.371557990596836877e-08 4.322829412824514525e-08 4.364726163546824506e-08 4.351196575065469125e-08 4.363954371263824854e-08
4.426449487733257027e-08 4.451996155361538256e-08 4.470413574069938359e-08 4.438642903232673349e-08 4.432638082629247009e-08 4.409557417610289092e-08 4.454580623958971950e-08 4.423566578679495739e-08 4.404452058674545412e-08 4.435716525717979072e-08 4.395082614939530876e-08 4.446777183363468069e-08 4.458895760906604128e-08 4.363804540763661874e-08 4.443138821501703781e-08 4.449680928681025286e-08 4.428508149894596709e-08 4.412773841355899154e-08 4.416775818554956616e-08 4.425746731749669860e-08 4.410830607555696537e-08 4.437960882451462777e-08 4.438279745895407485e-08 4.441078833333325791e-08 4.429626227655187574e-08 4.398164022696314733e-08 4.388117999853987282e-08 4.438991221047672313e-08 4.419832546504024967e-08 4.451363283310552125e-08 4.419175509632498471e-08 4.433578572466951060e-08 4.386030097123252805e-08 4.466065205516652820e-08 4.453350222674116474e-08 4.464044741018572509e-08 4.450381453253342520e-08 4.438509483685103576e-08 4.465879621960690785e-08 4.450994555386731872e-08 4.401392171579563859e-08 4.444225003819788593e-08 4.430454681587354282e-08 4.443251085873157824e-08
4.414027169396284458e-08 4.439447678108932784e-08 4.457838519212447385e-08 4.426122692565628018e-08 4.420218067206766983e-08 4.397259927054935833e-08 4.442047180191173837e-08 4.411247741456893511e-08 4.392149017455793021e-08 4.423265232351085175e-08 4.382845542850669203e-08 4.434346147161777415e-08 4.446245913602030485e-08 4.351599712527550427e-08 4.430679648001800038e-08 4.437191757065106484e-08 4.416140829742683001e-08 4.400448316056918363e-08 4.404466051482665758e-08 4.413349972492242676e-08 4.398556351409274137e-08 4.425617009016835524e-08 4.425765778605256202e-08 4.428517747039037299e-08 4.417292236932269967e-08 4.385848898788897246e-08 4.375775389381337701e-08 4.426508655495086782e-08 4.407428712145783800e-08 4.438811500163849301e-08 4.406732599157697019e-08 4.421129198028819177e-08 4.373829905460917065e-08 4.453350222674116474e-08 4.440964655385704157e-08 4.451464951537712647e-08 4.437994379174368826e-08 4.426054632488229531e-08 4.453255285993970635e-08 4.438471734924825012e-08 4.388993007755509976e-08 4.431686701343269152e-08 4.417955453886291832e-08 4.430760199719891593e-08
4.424543496884761034e-08 4.450211710294062674e-08 4.468550415486036820e-08 4.436842814951784699e-08 4.430741783224074590e-08 4.407676514264730929e-08 4.452694506111636326e-08 4.421691503526085748e-08 4.402483638433141872e-08 4.433855544570708044e-08 4.393166668936169355e-08 4.444921563808010562e-08 4.456926789661952919e-08 4.361819504401028330e-08 4.441262225536205761e-08 4.447768782905768301e-08 4.426640402731181360e-08 4.410905383165361004e-08 4.414881536591365830e-08 4.423796508710012755e-08 4.408935669397494031e-08 4.436082559712079602e-08 4.436303286691428808e-08 4.439087149782691777e-08 4.427783815368480014e-08 4.396251199509862857e-08 4.386147907363348927e-08 4.437117887208184024e-08 4.417971571679948858e-08 4.449445838631589997e-08 4.417241991183287153e-08 4.431749032269935952e-08 4.384164166983705388e-08 4.464044741018572509e-08 4.451464951537712647e-08 4.462353567547492432e-08 4.448505451520133317e-08 4.436602208471592289e-08 4.464025694512584458e-08 4.449122644235720985e-08 4.399493231947921120e-08 4.442395503804303908e-08 4.428521956885238799e-08 4.441329634829682823e-08
