2.248962068674234759e-08 2.271408866402465545e-08 2.274915073953188542e-08 2.265293734250552541e-08 2.258650797280740122e-08 2.239502623709311275e-08 2.266930385807652643e-08 2.251962383450212191e-08 2.231870042990858778e-08 2.261769201461096648e-08 2.228242470812755443e-08 2.261878435315560685e-08 2.272822181906036352e-08 2.215421379013986785e-08 2.264753578849149864e-08 2.269445953060799595e-08 2.252308914659948735e-08 2.242028581885289211e-08 2.243331827719260920e-08 2.252487700529549319e-08 2.238115244146683143e-08 2.254047496165135876e-08 2.266392204426488165e-08 2.260229311829889807e-08 2.253143595195791092e-08 2.235420768733035371e-08 2.231523008623767390e-08 2.251541019586011176e-08 2.248957643154548774e-08 2.267160304851488272e-08 2.248304413123214563e-08 2.256290480302253222e-08 2.231701803817346515e-08 2.278335376947236005e-08 2.266563666939668400e-08 2.272073535910841290e-08 2.266544224083120020e-08 2.254727873013647389e-08 2.272354491381886711e-08 2.267436573414072919e-08 2.237263768041368977e-08 2.263337506484099283e-08 2.254179795630483869e-08 2.263548418495323660e-08
2.271408866402465545e-08 2.294883047305016758e-08 2.298359734828614040e-08 2.288427393396598605e-08 2.281529292737754601e-08 2.261639663485969672e-08 2.290186143144090449e-08 2.274473241961352129e-08 2.253877781891028799e-08 2.284896407628826072e-08 2.250073822835288609e-08 2.284964188435968830e-08 2.296274014861564138e-08 2.236887145419047668e-08 2.287785360404592014e-08 2.292653797434183585e-08 2.274954375751275331e-08 2.264308717217772815e-08 2.265769342970578461e-08 2.275191572496683423e-08 2.260202030176658417e-08 2.276985910582015975e-08 2.289636793666962974e-08 2.283249784090263416e-08 2.275589777421896333e-08 2.257694196661607141e-08 2.253581758745407772e-08 2.274426925576785664e-08 2.271666966292517248e-08 2.290328170050297426e-08 2.270707246038392269e-08 2.279133535368664697e-08 2.253564839847576208e-08 2.302015026842006427e-08 2.289540849954123940e-08 2.295649398174787518e-08 2.289672521938647807e-08 2.277530445162967722e-08 2.295790547494473315e-08 2.290557466337755629e-08 2.259318260644940599e-08 2.286342308118366123e-08 2.277119298287883158e-08 2.286778943100255968e-08
2.274915073953188542e-08 2.298359734828614040e-08 2.302113668700254780e-08 2.291951269498044100e-08 2.285058447370875791e-08 2.265123243008077711e-08 2.293642201861861788e-08 2.277891576217516933e-08 2.257284636288435665e-08 2.288401323256887595e-08 2.253481626534353344e-08 2.288460498639328186e-08 2.299878511194983064e-08 2.240260650695536551e-08 2.291291468490349296e-08 2.296297254145281112e-08 2.278472439283545788e-08 2.267757213211989358e-08 2.269147562958291079e-08 2.278687591922363374e-08 2.263646614634650920e-08 2.280527171714711692e-08 2.293166081816369267e-08 2.286782561934140908e-08 2.279068701883163838e-08 2.261109359123809912e-08 2.256961886132567890e-08 2.277948072802380818e-08 2.275165409678613673e-08 2.293877001110118463e-08 2.274204666540774958e-08 2.282648403204847506e-08 2.256960085479804353e-08 2.305627685157695485e-08 2.293077833196173854e-08 2.299272620480867707e-08 2.293226890282482956e-08 2.281024701683758869e-08 2.299373194192134754e-08 2.294094330766709098e-08 2.262754470709226111e-08 2.289916158125976728e-08 2.280631924124021941e-08 2.290325275335459161e-08
2.265293734250552541e-08 2.288427393396598605e-08 2.291951269498044100e-08 2.282245767967772030e-08 2.275288108582312566e-08 2.255570321901955404e-08 2.283836349496556124e-08 2.268336461481674280e-08 2.247880749679634156e-08 2.278545556786777357e-08 2.244068588210926427e-08 2.278635753208205397e-08 2.289868390109991092e-08 2.230997977132142261e-08 2.281554744435799241e-08 2.286302299927847851e-08 2.268778604426147738e-08 2.258242559662244288e-08 2.259600435096853242e-08 2.268996018029932778e-08 2.254145779445451516e-08 2.270665178130271478e-08 2.283326132394643102e-08 2.276980373328528136e-08 2.269468366801999231e-08 2.251538435351486847e-08 2.247580009595449093e-08 2.268218908032440727e-08 2.265440043484098718e-08 2.284004364542559151e-08 2.264573021479761243e-08 2.272823164112840388e-08 2.247581404676360292e-08 2.295528590225721995e-08 2.283279874246003489e-08 2.289238463492516121e-08 2.283340768766241519e-08 2.271305151289795714e-08 2.289359849613775057e-08 2.284176132963562348e-08 2.253296016380654477e-08 2.280057446674447254e-08 2.270834156606803247e-08 2.280370389536479764e-08
2.258650797280740122e-08 2.281529292737754601e-08 2.285058447370875791e-08 2.275288108582312566e-08 2.268664431003826094e-08 2.249149538389540736e-08 2.276970928488435267e-08 2.261722299557780137e-08 2.241395025119600019e-08 2.271727631167814707e-08 2.237734459566836264e-08 2.271874812445790819e-08 2.282905628190136948e-08 2.224833905548213106e-08 2.274719785804294792e-08 2.279515134771088791e-08 2.262118864914966424e-08 2.251637130324914112e-08 2.253097336146173452e-08 2.262300696077339374e-08 2.247757689681122235e-08 2.263947520232312454e-08 2.276432129831548249e-08 2.270200383031037086e-08 2.262880684326359906e-08 2.245095531109523592e-08 2.241176115351955581e-08 2.261502611835118823e-08 2.258808705214838223e-08 2.277147006639880701e-08 2.258064461615475931e-08 2.266200921332058008e-08 2.241203396544898017e-08 2.288542194261352276e-08 2.276467777451446497e-08 2.282268885065561296e-08 2.276516624829718907e-08 2.264607445204931466e-08 2.282473956762925679e-08 2.277435309062159599e-08 2.246830114451189384e-08 2.273298490292176666e-08 2.264118833889073313e-08 2.273626800028826447e-08
2.239502623709311275e-08 2.261639663485969672e-08 2.265123243008077711e-08 2.255570321901955404e-08 2.249149538389540736e-08 2.230523113521088112e-08 2.257238574969387528e-08 2.242659629726233155e-08 2.222751253451148132e-08 2.252191078726445213e-08 2.219174396671896601e-08 2.252239829881504824e-08 2.263071790202934572e-08 2.206628468441964978e-08 2.255214517492984210e-08 2.259793044346386373e-08 2.242919521512287120e-08 2.232771284738011231e-08 2.233996809691708292e-08 2.243073035617220341e-08 2.229034030325765301e-08 2.244487180985289467e-08 2.256685829066963993e-08 2.250624045292941833e-08 2.243814972885586998e-08 2.226241033534523023e-08 2.222483107679932379e-08 2.242002208789286543e-08 2.239570583188052650e-08 2.257439889789880634e-08 2.239063027605059148e-08 2.246768356411819359e-08 2.222685780128528526e-08 2.268431429936055210e-08 2.256941694324659790e-08 2.262228478244132842e-08 2.256881677680017418e-08 2.245183832674574811e-08 2.262582799914115658e-08 2.257831378170790944e-08 2.228104151030357128e-08 2.253747980259438515e-08 2.244661477667645022e-08 2.253967810529124968e-08
2.266930385807652643e-08 2.290186143144090449e-08 2.293642201861861788e-08 2.283836349496556124e-08 2.276970928488435267e-08 2.257238574969387528e-08 2.285634938635969097e-08 2.270009370097873651e-08 2.249487013555994914e-08 2.280254147395280070e-08 2.245759317220365863e-08 2.280360530348553908e-08 2.291587101445875986e-08 2.232627696649702442e-08 2.283203155162669521e-08 2.288035446825339960e-08 2.270467950315093202e-08 2.259876331463775343e-08 2.261295605092813845e-08 2.270668474229507137e-08 2.255780026028996064e-08 2.272400408192389191e-08 2.284997169020534978e-08 2.278637941382355275e-08 2.271147950421258237e-08 2.253252816661309705e-08 2.249230275366496951e-08 2.269877568464880824e-08 2.267148579187840424e-08 2.285721205403868591e-08 2.266286990013690739e-08 2.274565291114965766e-08 2.249199688074448058e-08 2.297252350900552388e-08 2.284985465767898592e-08 2.290893055914498499e-08 2.285076203089625220e-08 2.273013854332270300e-08 2.291119965606122956e-08 2.285975561611352042e-08 2.254962157617558890e-08 2.281722570761097741e-08 2.272554145699320465e-08 2.282171914588435603e-08
2.251962383450212191e-08 2.274473241961352129e-08 2.277891576217516933e-08 2.268336461481674280e-08 2.261722299557780137e-08 2.242659629726233155e-08 2.270009370097873651e-08 2.255195364184778929e-08 2.235021656929507007e-08 2.264823629797959110e-08 2.231333970301317755e-08 2.264900594978316380e-08 2.275844629569387577e-08 2.218576154312201656e-08 2.267807137429634110e-08 2.272428088661351519e-08 2.255398618570153814e-08 2.245158117260799374e-08 2.246416690969302198e-08 2.255550598703018681e-08 2.241275622122448701e-08 2.257086727442091174e-08 2.269390478585119211e-08 2.263267169470748120e-08 2.256235222977210653e-08 2.238542912038393497e-08 2.234717982684949117e-08 2.254547454454465050e-08 2.252088901421767763e-08 2.270215144512201984e-08 2.251438922017856543e-08 2.259292483420322191e-08 2.234810447527126145e-08 2.281350863849956704e-08 2.269568162274744166e-08 2.275055548694557317e-08 2.269524923042304690e-08 2.257775076138222149e-08 2.275398713437669716e-08 2.270485400805696774e-08 2.240355228725892498e-08 2.266310751016453635e-08 2.257182027762711943e-08 2.266580698814030851e-08
2.231870042990858778e-08 2.253877781891028799e-08 2.257284636288435665e-08 2.247880749679634156e-08 2.241395025119600019e-08 2.222751253451148132e-08 2.249487013555994914e-08 2.235021656929507007e-08 2.215323253552040563e-08 2.244436734539838050e-08 2.211641115726658201e-08 2.244525674007397668e-08 2.255250930312160189e-08 2.199096433027381289e-08 2.247447880800722781e-08 2.251925229176445486e-08 2.235238677973001333e-08 2.225209584812712209e-08 2.226388431765815993e-08 2.235293844051445467e-08 2.221385247538859470e-08 2.236813896498384340e-08 2.248924253764881782e-08 2.242949183397407111e-08 2.236110274582014686e-08 2.218635726134523854e-08 2.214907476132610620e-08 2.234251646218451518e-08 2.231931262468112057e-08 2.249723988969047241e-08 2.231382979494642856e-08 2.238997361490688867e-08 2.215092009058588422e-08 2.260603740651829514e-08 2.249197816642219470e-08 2.254413174167346567e-08 2.249038795928826416e-08 2.237440907212669880e-08 2.254789895573938063e-08 2.250038268427933407e-08 2.220450784697024464e-08 2.245921739934140140e-08 2.236908177853357744e-08 2.246147269590433619e-08
2.261769201461096648e-08 2.284896407628826072e-08 2.288401323256887595e-08 2.278545556786777357e-08 2.271727631167814707e-08 2.252191078726445213e-08 2.280254147395280070e-08 2.264823629797959110e-08 2.244436734539838050e-08 2.275128826373469526e-08 2.240642392681717566e-08 2.275143584747279168e-08 2.286329830443707467e-08 2.227607022775297128e-08 2.278009955445662478e-08 2.282774557020492386e-08 2.265289055566156336e-08 2.254748736142474632e-08 2.256125426171769015e-08 2.265500466882992527e-08 2.250722445656420149e-08 2.267242915676361080e-08 2.279732153606547887e-08 2.273435739230144168e-08 2.265932609916242107e-08 2.248136482426190725e-08 2.244099606177253553e-08 2.264665411603869275e-08 2.261967260907993338e-08 2.280439494339880382e-08 2.261088387196726345e-08 2.269358066870450985e-08 2.244183881923468385e-08 2.292013321772364052e-08 2.279737299523765854e-08 2.285688071439668894e-08 2.279826634966625390e-08 2.267737752257313165e-08 2.285849256870961044e-08 2.280707617734481489e-08 2.249791662407441401e-08 2.276554015715986197e-08 2.267340326452763506e-08 2.276922293863648825e-08
2.228242470812755443e-08 2.250073822835288609e-08 2.253481626534353344e-08 2.244068588210926427e-08 2.237734459566836264e-08 2.219174396671896601e-08 2.245759317220365863e-08 2.231333970301317755e-08 2.211641115726658201e-08 2.240642392681717566e-08 2.208374792995748256e-08 2.240791980617729428e-08 2.251415635307015861e-08 2.195726049744642860e-08 2.243638373559310340e-08 2.248178143454040105e-08 2.231571008213351222e-08 2.221591122172959466e-08 2.222802770985245843e-08 2.231696998029038799e-08 2.217850013232354893e-08 2.233093193673426023e-08 2.245086158467560157e-08 2.239162322949063849e-08 2.232540000388902425e-08 2.215099472561904180e-08 2.211388303617772458e-08 2.230564846192857239e-08 2.228270337201955682e-08 2.246000805780059842e-08 2.227816259421427686e-08 2.235430294133970616e-08 2.211655766296300966e-08 2.256699100532865776e-08 2.245382709355526370e-08 2.250562232979719653e-08 2.245364488425765913e-08 2.233853200572534261e-08 2.250871770735204507e-08 2.246319492716837495e-08 2.217060521326488703e-08 2.242240349949744654e-08 2.233270816212755401e-08 2.242395003362668863e-08
2.261878435315560685e-08 2.284964188435968830e-08 2.288460498639328186e-08 2.278635753208205397e-08 2.271874812445790819e-08 2.252239829881504824e-08 2.280360530348553908e-08 2.264900594978316380e-08 2.244525674007397668e-08 2.275143584747279168e-08 2.240791980617729428e-08 2.275348476350254907e-08 2.286391931984183732e-08 2.227744779439880144e-08 2.278082061551317321e-08 2.282868800313051328e-08 2.265408229453954287e-08 2.254759600217177070e-08 2.256284509439625852e-08 2.265580433721385653e-08 2.250838587923682467e-08 2.267320146695704982e-08 2.279845880344047651e-08 2.273543319715858551e-08 2.266070582008502962e-08 2.248271178919940447e-08 2.244166329082015496e-08 2.264783568012201371e-08 2.262040089760969334e-08 2.280532769404464201e-08 2.261195055002975290e-08 2.269441448836819884e-08 2.244282276072278540e-08 2.292135895771471819e-08 2.279810015030908900e-08 2.285775159121215774e-08 2.279875895119599692e-08 2.267865130832908058e-08 2.285941951309948311e-08 2.280792023933290716e-08 2.249899483511606709e-08 2.276640627099021905e-08 2.267473073617645101e-08 2.277001886835373320e-08
2.272822181906036352e-08 2.296274014861564138e-08 2.299878511194983064e-08 2.289868390109991092e-08 2.282905628190136948e-08 2.263071790202934572e-08 2.291587101445875986e-08 2.275844629569387577e-08 2.255250930312160189e-08 2.286329830443707467e-08 2.251415635307015861e-08 2.286391931984183732e-08 2.297844104543112562e-08 2.238224040164880791e-08 2.289236681270365645e-08 2.294103111501147696e-08 2.276412714854847129e-08 2.265705806237116944e-08 2.267088509284863955e-08 2.276647701782398529e-08 2.261575857027551082e-08 2.278375335776658144e-08 2.291062378998213968e-08 2.284663100660502151e-08 2.277032228256122273e-08 2.259031967603273304e-08 2.254914579244217890e-08 2.275820872214285379e-08 2.273064357934481611e-08 2.291766277014881080e-08 2.272096957780059226e-08 2.280475519015093195e-08 2.254894290816624360e-08 2.303524763764625392e-08 2.290983439633588584e-08 2.297157827978359175e-08 2.291110344509779007e-08 2.278932881226360312e-08 2.297257848841496125e-08 2.291957817019302703e-08 2.260719193786606710e-08 2.287801358868962115e-08 2.278547615283120163e-08 2.288188138206802921e-08
2.215421379013986785e-08 2.236887145419047668e-08 2.240260650695536551e-08 2.230997977132142261e-08 2.224833905548213106e-08 2.206628468441964978e-08 2.232627696649702442e-08 2.218576154312201656e-08 2.199096433027381289e-08 2.227607022775297128e-08 2.195726049744642860e-08 2.227744779439880144e-08 2.238224040164880791e-08 2.183465410708333343e-08 2.230660496478273809e-08 2.235114892748213841e-08 2.218712146809821409e-08 2.208874452173511664e-08 2.210085693972618558e-08 2.218810083412798209e-08 2.205283393736309380e-08 2.220087693823809493e-08 2.232005775379166530e-08 2.226152761032737581e-08 2.219764012855059287e-08 2.202415463308333562e-08 2.198889654738393064e-08 2.217650160297916437e-08 2.215417598275297411e-08 2.232870329812499730e-08 2.215092596866666362e-08 2.222470227983928398e-08 2.199106611489880769e-08 2.243427602101785159e-08 2.232392573389880752e-08 2.237344003380654989e-08 2.232234894523214173e-08 2.220898470667559964e-08 2.237759395365773547e-08 2.233258505756547307e-08 2.204393675752082630e-08 2.229205122650595235e-08 2.220292429711904678e-08 2.229351973864881147e-08
2.264753578849149864e-08 2.287785360404592014e-08 2.291291468490349296e-08 2.281554744435799241e-08 2.274719785804294792e-08 2.255214517492984210e-08 2.283203155162669521e-08 2.267807137429634110e-08 2.247447880800722781e-08 2.278009955445662478e-08 2.243638373559310340e-08 2.278082061551317321e-08 2.289236681270365645e-08 2.230660496478273809e-08 2.281070671956462711e-08 2.285724074292091944e-08 2.268274473913137537e-08 2.257718384965135741e-08 2.259136876131122290e-08 2.268449564535841811e-08 2.253726515943537088e-08 2.270103194260798848e-08 2.282712171732439856e-08 2.276397743035756881e-08 2.268947502366156901e-08 2.251073762892261954e-08 2.247139474435203637e-08 2.267606146859225864e-08 2.264895433444174947e-08 2.283320418897024033e-08 2.264036675913987909e-08 2.272265474260373743e-08 2.247209309056080303e-08 2.294905459743919450e-08 2.282719657253103551e-08 2.288586383523851963e-08 2.282760201478698489e-08 2.270675449588775325e-08 2.288709792151403286e-08 2.283614880270960671e-08 2.252815818686011927e-08 2.279507465580016542e-08 2.270291958940815977e-08 2.279821302695961128e-08
2.269445953060799595e-08 2.292653797434183585e-08 2.296297254145281112e-08 2.286302299927847851e-08 2.279515134771088791e-08 2.259793044346386373e-08 2.288035446825339960e-08 2.272428088661351519e-08 2.251925229176445486e-08 2.282774557020492386e-08 2.248178143454040105e-08 2.282868800313051328e-08 2.294103111501147696e-08 2.235114892748213841e-08 2.285724074292091944e-08 2.290888968363350013e-08 2.272990588670025311e-08 2.262290955367772137e-08 2.263718405153912115e-08 2.273146541938350824e-08 2.258213920824574135e-08 2.274936648177848839e-08 2.287570246641964876e-08 2.281106185390263046e-08 2.273659847486479337e-08 2.255737788982440241e-08 2.251749002776657356e-08 2.272362515170535623e-08 2.269643044861266850e-08 2.288212953991964300e-08 2.268863499905059352e-08 2.277114491239498128e-08 2.251725402405909799e-08 2.299802412508673157e-08 2.287523481497873883e-08 2.293470232212286868e-08 2.287613203026148443e-08 2.275497838871300871e-08 2.293702794896555472e-08 2.288576876235672061e-08 2.257395644424107033e-08 2.284260049201700383e-08 2.275084263114965896e-08 2.284723351923172030e-08
2.252308914659948735e-08 2.274954375751275331e-08 2.278472439283545788e-08 2.268778604426147738e-08 2.262118864914966424e-08 2.242919521512287120e-08 2.270467950315093202e-08 2.255398618570153814e-08 2.235238677973001333e-08 2.265289055566156336e-08 2.231571008213351222e-08 2.265408229453954287e-08 2.276412714854847129e-08 2.218712146809821409e-08 2.268274473913137537e-08 2.272990588670025311e-08 2.255841890774829883e-08 2.245378187028741304e-08 2.246731985374617079e-08 2.255916668213775489e-08 2.241458433018111803e-08 2.257537093621980985e-08 2.269911149207738100e-08 2.263712479669770265e-08 2.256576344190135908e-08 2.238812036166369283e-08 2.234935538661862440e-08 2.254989339838094535e-08 2.252435989286692145e-08 2.270643039582737990e-08 2.251750833116964180e-08 2.259684074593622226e-08 2.235013694634906112e-08 2.281959038790093538e-08 2.270030835098894369e-08 2.275654028579889104e-08 2.270007699309013303e-08 2.258132987210076606e-08 2.275929211764626153e-08 2.270966999292049223e-08 2.240602117680952407e-08 2.266789111215050722e-08 2.257653379814115763e-08 2.267080465610799073e-08
2.242028581885289211e-08 2.264308717217772815e-08 2.267757213211989358e-08 2.258242559662244288e-08 2.251637130324914112e-08 2.232771284738011231e-08 2.259876331463775343e-08 2.245158117260799374e-08 2.225209584812712209e-08 2.254748736142474632e-08 2.221591122172959466e-08 2.254759600217177070e-08 2.265705806237116944e-08 2.208874452173511664e-08 2.257718384965135741e-08 2.262290955367772137e-08 2.245378187028741304e-08 2.235345320809353936e-08 2.236441466083418165e-08 2.245565802857355422e-08 2.231395174720280687e-08 2.247065231901828503e-08 2.259251829742261723e-08 2.253198266494217880e-08 2.246259878908673341e-08 2.228636449681547101e-08 2.224877708876530207e-08 2.244520882980655062e-08 2.242112940030272258e-08 2.260130164844345062e-08 2.241490448474701801e-08 2.249307282631972410e-08 2.225014728725808307e-08 2.271053668311691967e-08 2.259505526126402949e-08 2.264882900271598627e-08 2.259446720247533506e-08 2.247736988957483147e-08 2.265185461528231063e-08 2.260361921956164969e-08 2.230522699898213750e-08 2.256258365379294280e-08 2.247164506172789030e-08 2.256513508410331473e-08
2.243331827719260920e-08 2.265769342970578461e-08 2.269147562958291079e-08 2.259600435096853242e-08 2.253097336146173452e-08 2.233996809691708292e-08 2.261295605092813845e-08 2.246416690969302198e-08 2.226388431765815993e-08 2.256125426171769015e-08 2.222802770985245843e-08 2.256284509439625852e-08 2.267088509284863955e-08 2.210085693972618558e-08 2.259136876131122290e-08 2.263718405153912115e-08 2.246731985374617079e-08 2.236441466083418165e-08 2.237959978874659889e-08 2.246851389499745298e-08 2.232658211185543657e-08 2.248427797480187557e-08 2.260735369783035534e-08 2.254605298796045488e-08 2.247577225790305885e-08 2.229939663596725967e-08 2.226102064235544237e-08 2.245928463066964444e-08 2.243397053264328637e-08 2.261438400412201952e-08 2.242712302957440260e-08 2.250694122238775454e-08 2.226213088546768217e-08 2.272637060024064354e-08 2.260897823429803873e-08 2.266355366078188683e-08 2.260850436343196805e-08 2.249062643913817911e-08 2.266665008587074569e-08 2.261795377969089577e-08 2.231744394136309521e-08 2.257672805314072978e-08 2.248564200685927150e-08 2.257953637423256835e-08
2.252487700529549319e-08 2.275191572496683423e-08 2.278687591922363374e-08 2.268996018029932778e-08 2.262300696077339374e-08 2.243073035617220341e-08 2.270668474229507137e-08 2.255550598703018681e-08 2.235293844051445467e-08 2.265500466882992527e-08 2.231696998029038799e-08 2.265580433721385653e-08 2.276647701782398529e-08 2.218810083412798209e-08 2.268449564535841811e-08 2.273146541938350824e-08 2.255916668213775489e-08 2.245565802857355422e-08 2.246851389499745298e-08 2.256227151567517120e-08 2.241658937920408016e-08 2.257690029898682013e-08 2.270074265058630639e-08 2.263897367104846844e-08 2.256736035507312954e-08 2.238947271428273869e-08 2.234994538084991592e-08 2.255229444301785557e-08 2.252585658455017525e-08 2.270889384596130899e-08 2.251863257936309444e-08 2.259933475510331336e-08 2.235184961447576555e-08 2.282172729146173078e-08 2.270192983354124526e-08 2.275938857887287440e-08 2.270250739678230713e-08 2.258409986562967545e-08 2.276104418334055466e-08 2.271093599356504781e-08 2.240764871267857119e-08 2.267039944672534378e-08 2.257898945162882186e-08 2.267270996087755074e-08
2.238115244146683143e-08 2.260202030176658417e-08 2.263646614634650920e-08 2.254145779445451516e-08 2.247757689681122235e-08 2.229034030325765301e-08 2.255780026028996064e-08 2.241275622122448701e-08 2.221385247538859470e-08 2.250722445656420149e-08 2.217850013232354893e-08 2.250838587923682467e-08 2.261575857027551082e-08 2.205283393736309380e-08 2.253726515943537088e-08 2.258213920824574135e-08 2.241458433018111803e-08 2.231395174720280687e-08 2.232658211185543657e-08 2.241658937920408016e-08 2.227740487948129183e-08 2.243085552243367364e-08 2.255212982644642736e-08 2.249231214245492820e-08 2.242390547583843230e-08 2.224865598345237669e-08 2.221069547552295479e-08 2.240599655907440325e-08 2.238162979368324447e-08 2.256036701300892991e-08 2.237594980817261579e-08 2.245395785941708836e-08 2.221318336725169523e-08 2.266989330603996819e-08 2.255452887898979725e-08 2.260807627840731288e-08 2.255395705469217379e-08 2.243783915013307317e-08 2.261105822375680434e-08 2.256341636174872201e-08 2.226717132268155063e-08 2.252318054934566016e-08 2.243223277519600008e-08 2.252499173320705372e-08
2.254047496165135876e-08 2.276985910582015975e-08 2.280527171714711692e-08 2.270665178130271478e-08 2.263947520232312454e-08 2.244487180985289467e-08 2.272400408192389191e-08 2.257086727442091174e-08 2.236813896498384340e-08 2.267242915676361080e-08 2.233093193673426023e-08 2.267320146695704982e-08 2.278375335776658144e-08 2.220087693823809493e-08 2.270103194260798848e-08 2.274936648177848839e-08 2.257537093621980985e-08 2.247065231901828503e-08 2.248427797480187557e-08 2.257690029898682013e-08 2.243085552243367364e-08 2.259557249096938505e-08 2.271873198677976164e-08 2.265637348922278569e-08 2.258180980468665206e-08 2.240495109149404592e-08 2.236450681391283747e-08 2.256921053805356833e-08 2.254237056982015650e-08 2.272616577734226014e-08 2.253370342113094738e-08 2.261632746496173337e-08 2.236575799953443845e-08 2.284062489854889398e-08 2.271893406366836500e-08 2.277744094019600410e-08 2.271954335949574902e-08 2.259985648162712030e-08 2.277968136265858943e-08 2.272905296123979708e-08 2.242154052974404631e-08 2.268697098097363884e-08 2.259535258490136117e-08 2.269126268071895977e-08
2.266392204426488165e-08 2.289636793666962974e-08 2.293166081816369267e-08 2.283326132394643102e-08 2.276432129831548249e-08 2.256685829066963993e-08 2.284997169020534978e-08 2.269390478585119211e-08 2.248924253764881782e-08 2.279732153606547887e-08 2.245086158467560157e-08 2.279845880344047651e-08 2.291062378998213968e-08 2.232005775379166530e-08 2.282712171732439856e-08 2.287570246641964876e-08 2.269911149207738100e-08 2.259251829742261723e-08 2.260735369783035534e-08 2.270074265058630639e-08 2.255212982644642736e-08 2.271873198677976164e-08 2.284628553695833208e-08 2.278155276418154572e-08 2.270551766232143183e-08 2.252699212012499952e-08 2.248634190034226263e-08 2.269351555583332881e-08 2.266548100721131022e-08 2.285113344456249942e-08 2.265663145500000055e-08 2.274040726917261931e-08 2.248651391429463755e-08 2.296773953172619370e-08 2.284439976385714153e-08 2.290415243247321504e-08 2.284531939856547657e-08 2.272413687959226430e-08 2.290610764799107162e-08 2.285471042550297637e-08 2.254368648929167140e-08 2.281257181842261557e-08 2.272000436974405165e-08 2.281638186925298023e-08
2.260229311829889807e-08 2.283249784090263416e-08 2.286782561934140908e-08 2.276980373328528136e-08 2.270200383031037086e-08 2.250624045292941833e-08 2.278637941382355275e-08 2.263267169470748120e-08 2.242949183397407111e-08 2.273435739230144168e-08 2.239162322949063849e-08 2.273543319715858551e-08 2.284663100660502151e-08 2.226152761032737581e-08 2.276397743035756881e-08 2.281106185390263046e-08 2.263712479669770265e-08 2.253198266494217880e-08 2.254605298796045488e-08 2.263897367104846844e-08 2.249231214245492820e-08 2.265637348922278569e-08 2.278155276418154572e-08 2.271950770081377485e-08 2.264383589030016889e-08 2.246616722312201869e-08 2.242560890341326270e-08 2.263129523358928418e-08 2.260387744944430330e-08 2.278809220811904067e-08 2.259543267746131234e-08 2.267786746184098914e-08 2.242680472190561059e-08 2.290303903817772298e-08 2.278134387148299082e-08 2.284019154320663237e-08 2.278168809162584843e-08 2.266208887154123641e-08 2.284166325460161205e-08 2.279049113876870822e-08 2.248299299558036205e-08 2.274979015359693898e-08 2.265748864881972254e-08 2.275272983528953850e-08
2.253143595195791092e-08 2.275589777421896333e-08 2.279068701883163838e-08 2.269468366801999231e-08 2.262880684326359906e-08 2.243814972885586998e-08 2.271147950421258237e-08 2.256235222977210653e-08 2.236110274582014686e-08 2.265932609916242107e-08 2.232540000388902425e-08 2.266070582008502962e-08 2.277032228256122273e-08 2.219764012855059287e-08 2.268947502366156901e-08 2.273659847486479337e-08 2.256576344190135908e-08 2.246259878908673341e-08 2.247577225790305885e-08 2.256736035507312954e-08 2.242390547583843230e-08 2.258180980468665206e-08 2.270551766232143183e-08 2.264383589030016889e-08 2.257488912769557660e-08 2.239671625353571572e-08 2.235836147621343402e-08 2.255691827044940624e-08 2.253187325692729649e-08 2.271341730384226252e-08 2.252624034433928778e-08 2.260471266128018738e-08 2.235965007491241506e-08 2.282478976492092134e-08 2.270758821144217270e-08 2.276211953189838628e-08 2.270708195045705857e-08 2.258936083786521875e-08 2.276546087429549023e-08 2.271653010036777273e-08 2.241557646659821791e-08 2.267507896987542701e-08 2.258379701074957311e-08 2.267724457799277085e-08
2.235420768733035371e-08 2.257694196661607141e-08 2.261109359123809912e-08 2.251538435351486847e-08 2.245095531109523592e-08 2.226241033534523023e-08 2.253252816661309705e-08 2.238542912038393497e-08 2.218635726134523854e-08 2.248136482426190725e-08 2.215099472561904180e-08 2.248271178919940447e-08 2.259031967603273304e-08 2.202415463308333562e-08 2.251073762892261954e-08 2.255737788982440241e-08 2.238812036166369283e-08 2.228636449681547101e-08 2.229939663596725967e-08 2.238947271428273869e-08 2.224865598345237669e-08 2.240495109149404592e-08 2.252699212012499952e-08 2.246616722312201869e-08 2.239671625353571572e-08 2.222245924962499309e-08 2.218334268013988243e-08 2.237947103393749934e-08 2.235534011457440116e-08 2.253465573110416227e-08 2.234993126670832745e-08 2.242757354312797830e-08 2.218521450126190408e-08 2.264441132621725912e-08 2.252824309953273695e-08 2.258228910147618767e-08 2.252815534174106879e-08 2.241155170418154372e-08 2.258585968573511929e-08 2.253808866328274288e-08 2.223955529952082898e-08 2.249670182041964539e-08 2.240647428910119356e-08 2.249944144549107266e-08
2.231523008623767390e-08 2.253581758745407772e-08 2.256961886132567890e-08 2.247580009595449093e-08 2.241176115351955581e-08 2.222483107679932379e-08 2.249230275366496951e-08 2.234717982684949117e-08 2.214907476132610620e-08 2.244099606177253553e-08 2.211388303617772458e-08 2.244166329082015496e-08 2.254914579244217890e-08 2.198889654738393064e-08 2.247139474435203637e-08 2.251749002776657356e-08 2.234935538661862440e-08 2.224877708876530207e-08 2.226102064235544237e-08 2.234994538084991592e-08 2.221069547552295479e-08 2.236450681391283747e-08 2.248634190034226263e-08 2.242560890341326270e-08 2.235836147621343402e-08 2.218334268013988243e-08 2.214838132543962705e-08 2.233984768928273990e-08 2.231665447722490992e-08 2.249414574863392322e-08 2.231186055040178736e-08 2.238784080575042453e-08 2.214805840602252961e-08 2.260231927753996555e-08 2.248825134259395997e-08 2.254106829832398326e-08 2.248753758315051036e-08 2.237186759313307832e-08 2.254462101354847331e-08 2.249812154306122411e-08 2.220257224136904247e-08 2.245612417007482486e-08 2.236623742984183378e-08 2.245897702514455561e-08
2.251541019586011176e-08 2.274426925576785664e-08 2.277948072802380818e-08 2.268218908032440727e-08 2.261502611835118823e-08 2.242002208789286543e-08 2.269877568464880824e-08 2.254547454454465050e-08 2.234251646218451518e-08 2.264665411603869275e-08 2.230564846192857239e-08 2.264783568012201371e-08 2.275820872214285379e-08 2.217650160297916437e-08 2.267606146859225864e-08 2.272362515170535623e-08 2.254989339838094535e-08 2.244520882980655062e-08 2.245928463066964444e-08 2.255229444301785557e-08 2.240599655907440325e-08 2.256921053805356833e-08 2.269351555583332881e-08 2.263129523358928418e-08 2.255691827044940624e-08 2.237947103393749934e-08 2.233984768928273990e-08 2.254567665454166743e-08 2.251687760214285745e-08 2.270065468912499696e-08 2.250860649020833409e-08 2.259104675953571604e-08 2.234090312480952080e-08 2.281458595744047870e-08 2.269349328441368738e-08 2.275246682658928479e-08 2.269411548578868637e-08 2.257555022576190690e-08 2.275389162715475958e-08 2.270298902812202457e-08 2.239709253256249753e-08 2.266222471649404282e-08 2.257053989321428802e-08 2.266548127626785837e-08
2.248957643154548774e-08 2.271666966292517248e-08 2.275165409678613673e-08 2.265440043484098718e-08 2.258808705214838223e-08 2.239570583188052650e-08 2.267148579187840424e-08 2.252088901421767763e-08 2.231931262468112057e-08 2.261967260907993338e-08 2.228270337201955682e-08 2.262040089760969334e-08 2.273064357934481611e-08 2.215417598275297411e-08 2.264895433444174947e-08 2.269643044861266850e-08 2.252435989286692145e-08 2.242112940030272258e-08 2.243397053264328637e-08 2.252585658455017525e-08 2.238162979368324447e-08 2.254237056982015650e-08 2.266548100721131022e-08 2.260387744944430330e-08 2.253187325692729649e-08 2.235534011457440116e-08 2.231665447722490992e-08 2.251687760214285745e-08 2.249184506371683326e-08 2.267363473358630171e-08 2.248439278215476033e-08 2.256420899279081643e-08 2.231703311962159719e-08 2.278573974073256482e-08 2.266642381014540532e-08 2.272339009526871020e-08 2.266660158067814199e-08 2.254839891475467295e-08 2.272582664984056224e-08 2.267630878158588409e-08 2.237278687365773637e-08 2.263437145103783655e-08 2.254352074310798920e-08 2.263802014585671808e-08
2.267160304851488272e-08 2.290328170050297426e-08 2.293877001110118463e-08 2.284004364542559151e-08 2.277147006639880701e-08 2.257439889789880634e-08 2.285721205403868591e-08 2.270215144512201984e-08 2.249723988969047241e-08 2.280439494339880382e-08 2.246000805780059842e-08 2.280532769404464201e-08 2.291766277014881080e-08 2.232870329812499730e-08 2.283320418897024033e-08 2.288212953991964300e-08 2.270643039582737990e-08 2.260130164844345062e-08 2.261438400412201952e-08 2.270889384596130899e-08 2.256036701300892991e-08 2.272616577734226014e-08 2.285113344456249942e-08 2.278809220811904067e-08 2.271341730384226252e-08 2.253465573110416227e-08 2.249414574863392322e-08 2.270065468912499696e-08 2.267363473358630171e-08 2.285964468987499675e-08 2.266517772685416401e-08 2.274768215019344780e-08 2.249442435652380299e-08 2.297415991078868591e-08 2.285134301773214250e-08 2.291112069688988320e-08 2.285227158239880654e-08 2.273215175448809265e-08 2.291290801980356601e-08 2.286108252037797508e-08 2.255170904345833124e-08 2.281918944454761490e-08 2.272731062709821389e-08 2.282318682596130699e-08
2.248304413123214563e-08 2.270707246038392269e-08 2.274204666540774958e-08 2.264573021479761243e-08 2.258064461615475931e-08 2.239063027605059148e-08 2.266286990013690739e-08 2.251438922017856543e-08 2.231382979494642856e-08 2.261088387196726345e-08 2.227816259421427686e-08 2.261195055002975290e-08 2.272096957780059226e-08 2.215092596866666362e-08 2.264036675913987909e-08 2.268863499905059352e-08 2.251750833116964180e-08 2.241490448474701801e-08 2.242712302957440260e-08 2.251863257936309444e-08 2.237594980817261579e-08 2.253370342113094738e-08 2.265663145500000055e-08 2.259543267746131234e-08 2.252624034433928778e-08 2.234993126670832745e-08 2.231186055040178736e-08 2.250860649020833409e-08 2.248439278215476033e-08 2.266517772685416401e-08 2.248048597691666428e-08 2.255677814253869126e-08 2.231214868927976338e-08 2.277442705705357484e-08 2.265877701892559098e-08 2.271266309952381174e-08 2.265811764548809248e-08 2.254106836075595285e-08 2.271672332203571466e-08 2.266804994636309208e-08 2.236764710295833588e-08 2.262637983951785782e-08 2.253552521054464529e-08 2.262932244548808848e-08
2.256290480302253222e-08 2.279133535368664697e-08 2.282648403204847506e-08 2.272823164112840388e-08 2.266200921332058008e-08 2.246768356411819359e-08 2.274565291114965766e-08 2.259292483420322191e-08 2.238997361490688867e-08 2.269358066870450985e-08 2.235430294133970616e-08 2.269441448836819884e-08 2.280475519015093195e-08 2.222470227983928398e-08 2.272265474260373743e-08 2.277114491239498128e-08 2.259684074593622226e-08 2.249307282631972410e-08 2.250694122238775454e-08 2.259933475510331336e-08 2.245395785941708836e-08 2.261632746496173337e-08 2.274040726917261931e-08 2.267786746184098914e-08 2.260471266128018738e-08 2.242757354312797830e-08 2.238784080575042453e-08 2.259104675953571604e-08 2.256420899279081643e-08 2.274768215019344780e-08 2.255677814253869126e-08 2.263964980254591678e-08 2.238893739155867420e-08 2.286067871754549392e-08 2.274067308768962512e-08 2.279831339023979556e-08 2.274157023908843116e-08 2.262242792310161737e-08 2.280056760258886484e-08 2.275094393211224328e-08 2.244537427233630961e-08 2.270949055916496441e-08 2.261735887466836820e-08 2.271288505786224606e-08
2.231701803817346515e-08 2.253564839847576208e-08 2.256960085479804353e-08 2.247581404676360292e-08 2.241203396544898017e-08 2.222685780128528526e-08 2.249199688074448058e-08 2.234810447527126145e-08 2.215092009058588422e-08 2.244183881923468385e-08 2.211655766296300966e-08 2.244282276072278540e-08 2.254894290816624360e-08 2.199106611489880769e-08 2.247209309056080303e-08 2.251725402405909799e-08 2.235013694634906112e-08 2.225014728725808307e-08 2.226213088546768217e-08 2.235184961447576555e-08 2.221318336725169523e-08 2.236575799953443845e-08 2.248651391429463755e-08 2.242680472190561059e-08 2.235965007491241506e-08 2.218521450126190408e-08 2.214805840602252961e-08 2.234090312480952080e-08 2.231703311962159719e-08 2.249442435652380299e-08 2.231214868927976338e-08 2.238893739155867420e-08 2.215170609085969663e-08 2.260237129364030498e-08 2.248892062850850675e-08 2.254105860720918208e-08 2.248842740743707486e-08 2.237315391569812678e-08 2.254391651570960385e-08 2.249824127796981109e-08 2.220433968726190389e-08 2.245751394961819468e-08 2.236749122717347087e-08 2.245871446374064980e-08
2.278335376947236005e-08 2.302015026842006427e-08 2.305627685157695485e-08 2.295528590225721995e-08 2.288542194261352276e-08 2.268431429936055210e-08 2.297252350900552388e-08 2.281350863849956704e-08 2.260603740651829514e-08 2.292013321772364052e-08 2.256699100532865776e-08 2.292135895771471819e-08 2.303524763764625392e-08 2.243427602101785159e-08 2.294905459743919450e-08 2.299802412508673157e-08 2.281959038790093538e-08 2.271053668311691967e-08 2.272637060024064354e-08 2.282172729146173078e-08 2.266989330603996819e-08 2.284062489854889398e-08 2.296773953172619370e-08 2.290303903817772298e-08 2.282478976492092134e-08 2.264441132621725912e-08 2.260231927753996555e-08 2.281458595744047870e-08 2.278573974073256482e-08 2.297415991078868591e-08 2.277442705705357484e-08 2.286067871754549392e-08 2.260237129364030498e-08 2.309552394656802112e-08 2.296588008086650028e-08 2.303008807147831456e-08 2.296783693245875936e-08 2.284506288601020428e-08 2.303063824031122113e-08 2.297647710165518339e-08 2.266030043494642763e-08 2.293425024536096925e-08 2.284165317290986699e-08 2.293854758848852034e-08
2.266563666939668400e-08 2.289540849954123940e-08 2.293077833196173854e-08 2.283279874246003489e-08 2.276467777451446497e-08 2.256941694324659790e-08 2.284985465767898592e-08 2.269568162274744166e-08 2.249197816642219470e-08 2.279737299523765854e-08 2.245382709355526370e-08 2.279810015030908900e-08 2.290983439633588584e-08 2.232392573389880752e-08 2.282719657253103551e-08 2.287523481497873883e-08 2.270030835098894369e-08 2.259505526126402949e-08 2.260897823429803873e-08 2.270192983354124526e-08 2.255452887898979725e-08 2.271893406366836500e-08 2.284439976385714153e-08 2.278134387148299082e-08 2.270758821144217270e-08 2.252824309953273695e-08 2.248825134259395997e-08 2.269349328441368738e-08 2.266642381014540532e-08 2.285134301773214250e-08 2.265877701892559098e-08 2.274067308768962512e-08 2.248892062850850675e-08 2.296588008086650028e-08 2.284596867049064582e-08 2.290257616111989789e-08 2.284555052404421692e-08 2.272460499301955167e-08 2.290551300517984507e-08 2.285422451053528773e-08 2.254565806701190554e-08 2.281253184166581554e-08 2.271995628420918357e-08 2.281611417657695552e-08
2.272073535910841290e-08 2.295649398174787518e-08 2.299272620480867707e-08 2.289238463492516121e-08 2.282268885065561296e-08 2.262228478244132842e-08 2.290893055914498499e-08 2.275055548694557317e-08 2.254413174167346567e-08 2.285688071439668894e-08 2.250562232979719653e-08 2.285775159121215774e-08 2.297157827978359175e-08 2.237344003380654989e-08 2.288586383523851963e-08 2.293470232212286868e-08 2.275654028579889104e-08 2.264882900271598627e-08 2.266355366078188683e-08 2.275938857887287440e-08 2.260807627840731288e-08 2.277744094019600410e-08 2.290415243247321504e-08 2.284019154320663237e-08 2.276211953189838628e-08 2.258228910147618767e-08 2.254106829832398326e-08 2.275246682658928479e-08 2.272339009526871020e-08 2.291112069688988320e-08 2.271266309952381174e-08 2.279831339023979556e-08 2.254105860720918208e-08 2.303008807147831456e-08 2.290257616111989789e-08 2.296690243001615611e-08 2.290428498965858402e-08 2.278244198226445728e-08 2.296640360608673732e-08 2.291249411521810558e-08 2.259851287568452426e-08 2.287154091684990945e-08 2.277902620367092178e-08 2.287548821571811393e-08
