4.268304253200336091e-08 4.292161789953250507e-08 4.311353758445018534e-08 4.279773996664423990e-08 4.278406804564140057e-08 4.253328492576023822e-08 4.297957266305646561e-08 4.266460178586329871e-08 4.234226559925663747e-08 4.282587197398135282e-08 4.236321838664888507e-08 4.281750375837483954e-08 4.303769364172345291e-08 4.217139112508914716e-08 4.283252070177959128e-08 4.293004815743943337e-08 4.265579023643643668e-08 4.249187845001382985e-08 4.263408595244437817e-08 4.274279753337560047e-08 4.256375276169994659e-08 4.279751323558132045e-08 4.277815797974797663e-08 4.282660707769430296e-08 4.272281584061746882e-08 4.242083355080708561e-08 4.238739595871998314e-08 4.266054192830177806e-08 4.252126746234714048e-08 4.293948308325975537e-08 4.262573853688042831e-08 4.275064377619751299e-08 4.237223625658271047e-08 4.302680226972261565e-08 4.289554759792918029e-08 4.304394024092042204e-08 4.291647295598450251e-08 4.278097155925792892e-08 4.307044330715256316e-08 4.287505578933218221e-08 4.252129711756707402e-08 4.284360245856029317e-08 4.271372069345522440e-08 4.287540891583798559e-08
4.292161789953250507e-08 4.316487860546236401e-08 4.335640842863214130e-08 4.303901295371293165e-08 4.302489903336720929e-08 4.277387986500569686e-08 4.322146397784402954e-08 4.290384579940698964e-08 4.257977530310817842e-08 4.306649804951093848e-08 4.260079111700426915e-08 4.305784459286430420e-08 4.328024998648954793e-08 4.240731298165061377e-08 4.307259325573434507e-08 4.317095943952209431e-08 4.289459012375261503e-08 4.273051477689536133e-08 4.287286219628375733e-08 4.298388652638319184e-08 4.280283050930739995e-08 4.303834416738244718e-08 4.301790829266017233e-08 4.306778569617260728e-08 4.296244068528636705e-08 4.265871786904617300e-08 4.262442759287491340e-08 4.290027543089025144e-08 4.276053165923467279e-08 4.318146843153332115e-08 4.286509576294757716e-08 4.299107523218006721e-08 4.260967860105833045e-08 4.326982611683003065e-08 4.313711381423465102e-08 4.328691073053582768e-08 4.315764951266002658e-08 4.302170705322855190e-08 4.331345383868659655e-08 4.311674544840671182e-08 4.275930506005402770e-08 4.308532739503697603e-08 4.295276862518090307e-08 4.311694468481611598e-08
4.311353758445018534e-08 4.335640842863214130e-08 4.355001708553777934e-08 4.323105951425348255e-08 4.321666219860143344e-08 4.296377492012003300e-08 4.341468103679838310e-08 4.309550568199473363e-08 4.276951295292341635e-08 4.325901968304895011e-08 4.279063097269247237e-08 4.325033573411781508e-08 4.347329043729193725e-08 4.259649988336563472e-08 4.326552631540666042e-08 4.336390081762475571e-08 4.308642331844997612e-08 4.292120005145549318e-08 4.306447735804416617e-08 4.317527938498050530e-08 4.299387492574621085e-08 4.322968080332176690e-08 4.321006500203553797e-08 4.326008691203040348e-08 4.315484755484789234e-08 4.284911566972470078e-08 4.281472134740990518e-08 4.309188467728307363e-08 4.295116159059772633e-08 4.337396685467336731e-08 4.305642586310341057e-08 4.318238182996547309e-08 4.280005001420665711e-08 4.346290879972555556e-08 4.332947413082672947e-08 4.347989280604955743e-08 4.335069421930681306e-08 4.321397096345476983e-08 4.350660704284364533e-08 4.330913667133658684e-08 4.295072686817215390e-08 4.327741028022314497e-08 4.314485907906651373e-08 4.330940585786189386e-08
4.279773996664423990e-08 4.303901295371293165e-08 4.323105951425348255e-08 4.291626516662731591e-08 4.290051451908670350e-08 4.264881205135990221e-08 4.309732163069464957e-08 4.277964903755343124e-08 4.245626323435241147e-08 4.294261473178929612e-08 4.247709880527977029e-08 4.293415487777449463e-08 4.315604274134535054e-08 4.228365200462125118e-08 4.294974795184212363e-08 4.304737316287415031e-08 4.277105934902068883e-08 4.260631647142608580e-08 4.274931010767895826e-08 4.285980714729115741e-08 4.267847807975169917e-08 4.291279461698433331e-08 4.289405624475681879e-08 4.294340962609262594e-08 4.283928095304045790e-08 4.253505406432771937e-08 4.250118352961723009e-08 4.277603038565404959e-08 4.263649247434435001e-08 4.305698494669610897e-08 4.274093478487937441e-08 4.286603964494437638e-08 4.248666211835649605e-08 4.314566804973362692e-08 4.301258942095673420e-08 4.316257248202708432e-08 4.303300058730164846e-08 4.289755873853732036e-08 4.318788992112285002e-08 4.299201135595322044e-08 4.263590411754764702e-08 4.296060048979829885e-08 4.282981490256714768e-08 4.299269418544354528e-08
4.278406804564140057e-08 4.302489903336720929e-08 4.321666219860143344e-08 4.290051451908670350e-08 4.288723643125041510e-08 4.263563612442130674e-08 4.308246316646696187e-08 4.276593212213555879e-08 4.244313715162166260e-08 4.292837629629508931e-08 4.246444792066711863e-08 4.291942661126787651e-08 4.314134762066479210e-08 4.227216612963061336e-08 4.293443982947892081e-08 4.303220503091713962e-08 4.275680042804411562e-08 4.259326015164882806e-08 4.273574130615957553e-08 4.284543780880581550e-08 4.266502112295270391e-08 4.290010692873515896e-08 4.287999808807702383e-08 4.292887334072051447e-08 4.282495001641356484e-08 4.252192548232214075e-08 4.248824304023490315e-08 4.276234618549017064e-08 4.262258428759437736e-08 4.304213348083972142e-08 4.272709203953951014e-08 4.285261938183573025e-08 4.247302524921727356e-08 4.313074514386245043e-08 4.299764082699780896e-08 4.314692747396188051e-08 4.301949215113032592e-08 4.288295463591768734e-08 4.317371532198598778e-08 4.297785921927184339e-08 4.262221531193038651e-08 4.294583671386771484e-08 4.281616054530923918e-08 4.297843137210976400e-08
4.253328492576023822e-08 4.277387986500569686e-08 4.296377492012003300e-08 4.264881205135990221e-08 4.263563612442130674e-08 4.238784750114406174e-08 4.283029501401822168e-08 4.251606929541946313e-08 4.219496227551044566e-08 4.267680212111000363e-08 4.221598974799066729e-08 4.266783317962728440e-08 4.288809019247071645e-08 4.202529311872229339e-08 4.268251150193003131e-08 4.277952513017193801e-08 4.250644458574967952e-08 4.234452816710047087e-08 4.248573341879645366e-08 4.259504242572419758e-08 4.241647708471546813e-08 4.264902071004709975e-08 4.262821018901249420e-08 4.267786553133437109e-08 4.257372489247213489e-08 4.227378556064011573e-08 4.223979428210407185e-08 4.251239946246784146e-08 4.237376070816495518e-08 4.279024336280076423e-08 4.247758348265464742e-08 4.260230944808695636e-08 4.222469032163606180e-08 4.287717794225343409e-08 4.274628480371549931e-08 4.289417986949061068e-08 4.276722366356372162e-08 4.263282134714001025e-08 4.292135181758875890e-08 4.272629985607992841e-08 4.237296002651922396e-08 4.269493380384535908e-08 4.256464349279467601e-08 4.272657433710162234e-08
4.297957266305646561e-08 4.322146397784402954e-08 4.341468103679838310e-08 4.309732163069464957e-08 4.308246316646696187e-08 4.283029501401822168e-08 4.328082993582955913e-08 4.296172177638864407e-08 4.263650364726805868e-08 4.312528908633765159e-08 4.265741719764809066e-08 4.311641915256537579e-08 4.333873293192982451e-08 4.246423208490104725e-08 4.313220978749740599e-08 4.322950051103222552e-08 4.295294366704749126e-08 4.278760790994841997e-08 4.293138730413436960e-08 4.304142156828619654e-08 4.286015775012634470e-08 4.309492260866466554e-08 4.307604143170154281e-08 4.312609869827828828e-08 4.302110063129715358e-08 4.271651839796731610e-08 4.268170379317354262e-08 4.295854325977173460e-08 4.281762307476677993e-08 4.323959350499955558e-08 4.292292689656660966e-08 4.304824177771193311e-08 4.266742473430761590e-08 4.332834772367778953e-08 4.319521240368187244e-08 4.334520909048478343e-08 4.321633743221759266e-08 4.308052787751342641e-08 4.337146618235759884e-08 4.317454508615509434e-08 4.281749452459609573e-08 4.314293421982282765e-08 4.301154081584499616e-08 4.317521459548500344e-08
4.266460178586329871e-08 4.290384579940698964e-08 4.309550568199473363e-08 4.277964903755343124e-08 4.276593212213555879e-08 4.251606929541946313e-08 4.296172177638864407e-08 4.264708653242281394e-08 4.232434193462705477e-08 4.280812005693664857e-08 4.234533253676702823e-08 4.279936891177458359e-08 4.301951656571990712e-08 4.215404154569605088e-08 4.281423500094662638e-08 4.291169893534762359e-08 4.263735549060867347e-08 4.247441775659810246e-08 4.261628970793185866e-08 4.272491750625579386e-08 4.254624210955097347e-08 4.277927907367875895e-08 4.275973794943689391e-08 4.280900154046873468e-08 4.270476055155180391e-08 4.240311165862152414e-08 4.236994492637133736e-08 4.264293054106965582e-08 4.250347229298191199e-08 4.292128680636400645e-08 4.260801734918554954e-08 4.273261749969680032e-08 4.235446140904644567e-08 4.300844569263154311e-08 4.287753252515033395e-08 4.302559246420312545e-08 4.289848742583148526e-08 4.276357496019354618e-08 4.305263209135250032e-08 4.285702728752464231e-08 4.250332937784993882e-08 4.282548790406652214e-08 4.269545747686512617e-08 4.285749701940608150e-08
4.234226559925663747e-08 4.257977530310817842e-08 4.276951295292341635e-08 4.245626323435241147e-08 4.244313715162166260e-08 4.219496227551044566e-08 4.263650364726805868e-08 4.232434193462705477e-08 4.200606310691333502e-08 4.248418696203325874e-08 4.202685677412656839e-08 4.247531924903112156e-08 4.269430764857937485e-08 4.183602343360312288e-08 4.249037995598654745e-08 4.258730818730126725e-08 4.231506594856051622e-08 4.215319160412703092e-08 4.229455087009147838e-08 4.240288234007478950e-08 4.222526014045311014e-08 4.245727173958248807e-08 4.243702607036791038e-08 4.248517543551576648e-08 4.238193237680875429e-08 4.208338347155397526e-08 4.205092233699672214e-08 4.232035178559257250e-08 4.218257329048915597e-08 4.259668005980172857e-08 4.228663063895976161e-08 4.241049704101421231e-08 4.203552794176987476e-08 4.268382557368341846e-08 4.255298486743661319e-08 4.269965726128145907e-08 4.257472123989360361e-08 4.244042062102173640e-08 4.272729877375393504e-08 4.253342163889363849e-08 4.218183917882276861e-08 4.250166661934832556e-08 4.237285963205159427e-08 4.253338095862070687e-08
4.282587197398135282e-08 4.306649804951093848e-08 4.325901968304895011e-08 4.294261473178929612e-08 4.292837629629508931e-08 4.267680212111000363e-08 4.312528908633765159e-08 4.280812005693664857e-08 4.248418696203325874e-08 4.297094602945449617e-08 4.250517474525523350e-08 4.296184297758074262e-08 4.318357117978211803e-08 4.231298346529958419e-08 4.297737497968483994e-08 4.307474165678799113e-08 4.279899985181076362e-08 4.263479498273383732e-08 4.277762452009020741e-08 4.288718728656222659e-08 4.270680842706319732e-08 4.294111801545848205e-08 4.292182650619224569e-08 4.297154732885759745e-08 4.286693942880611469e-08 4.256339613859701259e-08 4.252953306217608063e-08 4.280461513452127763e-08 4.266423164637114803e-08 4.308447739322269137e-08 4.276919146550963616e-08 4.289444767438593437e-08 4.251473507046089109e-08 4.317279198641439760e-08 4.304005283618181691e-08 4.318943407521584067e-08 4.306178282973055434e-08 4.292562667296590636e-08 4.321605269886433056e-08 4.301977493085170616e-08 4.266437492783812110e-08 4.298788768712949299e-08 4.285771805209037075e-08 4.302048258696747405e-08
4.236321838664888507e-08 4.260079111700426915e-08 4.279063097269247237e-08 4.247709880527977029e-08 4.246444792066711863e-08 4.221598974799066729e-08 4.265741719764809066e-08 4.234533253676702823e-08 4.202685677412656839e-08 4.250517474525523350e-08 4.204890722561015868e-08 4.249601725837202256e-08 4.271599420358534979e-08 4.185754914883312051e-08 4.251094115659818770e-08 4.260858223235617261e-08 4.233588132442511446e-08 4.217413124767785650e-08 4.231566407801604766e-08 4.242362253537720158e-08 4.224604248948210260e-08 4.247873195302064769e-08 4.245831653808292430e-08 4.250573704200212298e-08 4.240276526887086972e-08 4.210420898799078157e-08 4.207199618060397444e-08 4.234151030131178005e-08 4.220320791118495348e-08 4.261779546029014006e-08 4.230759689884108980e-08 4.243155812368053201e-08 4.205629288470214020e-08 4.270486178923638494e-08 4.257383118870287050e-08 4.272058949610769404e-08 4.259585897651485790e-08 4.246144435049672928e-08 4.274859536376417659e-08 4.255420640520034359e-08 4.220279291811496353e-08 4.252239579133248288e-08 4.239470830311143138e-08 4.255451964682983639e-08
4.281750375837483954e-08 4.305784459286430420e-08 4.325033573411781508e-08 4.293415487777449463e-08 4.291942661126787651e-08 4.266783317962728440e-08 4.311641915256537579e-08 4.279936891177458359e-08 4.247531924903112156e-08 4.296184297758074262e-08 4.249601725837202256e-08 4.295355289119951969e-08 4.317445086130565543e-08 4.230352828445583999e-08 4.296880434851919334e-08 4.306614276179426375e-08 4.279062022055770521e-08 4.262586148838229580e-08 4.276862880955060566e-08 4.287825813909111291e-08 4.269785534342725160e-08 4.293202376034807944e-08 4.291332382852995812e-08 4.296261288496095946e-08 4.285829583214371320e-08 4.255461661020505933e-08 4.252046504686336065e-08 4.279567900371808598e-08 4.265563063503774912e-08 4.307587092114282407e-08 4.276033512933033529e-08 4.288546870385806175e-08 4.250578824503689291e-08 4.316395924690057377e-08 4.303188268394184198e-08 4.318125950225895383e-08 4.305218143832144696e-08 4.291666841526417554e-08 4.320696076212891716e-08 4.301100117499369566e-08 4.265554637570842776e-08 4.297961064618232409e-08 4.284870053656998002e-08 4.301160767709025749e-08
4.303769364172345291e-08 4.328024998648954793e-08 4.347329043729193725e-08 4.315604274134535054e-08 4.314134762066479210e-08 4.288809019247071645e-08 4.333873293192982451e-08 4.301951656571990712e-08 4.269430764857937485e-08 4.318357117978211803e-08 4.271599420358534979e-08 4.317445086130565543e-08 4.339896977201541845e-08 4.252179743254520296e-08 4.319043810046693417e-08 4.328886574864529068e-08 4.301079947489485111e-08 4.284546358466002791e-08 4.298912999330271274e-08 4.309979717854895382e-08 4.291768253029021643e-08 4.315410340862386779e-08 4.313438418308054437e-08 4.318413763991086464e-08 4.307904370416478873e-08 4.277357999714133810e-08 4.273918061731643494e-08 4.301629783722131288e-08 4.287526573684270267e-08 4.329825935209580183e-08 4.298060422069012549e-08 4.310696540645996529e-08 4.272466991524443518e-08 4.338749928760068042e-08 4.325354277351836647e-08 4.340415749769978773e-08 4.327518525219350998e-08 4.313784799637380901e-08 4.343042011474740844e-08 4.323285195798964724e-08 4.287553783216692435e-08 4.320112363722666513e-08 4.307062957199169430e-08 4.323389709046651233e-08
4.217139112508914716e-08 4.240731298165061377e-08 4.259649988336563472e-08 4.228365200462125118e-08 4.227216612963061336e-08 4.202529311872229339e-08 4.246423208490104725e-08 4.215404154569605088e-08 4.183602343360312288e-08 4.231298346529958419e-08 4.185754914883312051e-08 4.230352828445583999e-08 4.252179743254520296e-08 4.166947101478416139e-08 4.231807479343332365e-08 4.241452705928041250e-08 4.214400697784396296e-08 4.198401307573979499e-08 4.212436145366082092e-08 4.223084520786604398e-08 4.205491681310415721e-08 4.228589717224333838e-08 4.226532700905645968e-08 4.231333666868624700e-08 4.221055688967436988e-08 4.191377209063208935e-08 4.188166580060146628e-08 4.215009004601478607e-08 4.201196730061541287e-08 4.242418615299771133e-08 4.211552198001375259e-08 4.223916422640332852e-08 4.186535203713103693e-08 4.251012498003353915e-08 4.238030118730563273e-08 4.252623847223625649e-08 4.240296223116687222e-08 4.226858616941104288e-08 4.255467493672395731e-08 4.236107249864729125e-08 4.201216431939291563e-08 4.232909527702770579e-08 4.220277334132124467e-08 4.236166187466707312e-08
4.283252070177959128e-08 4.307259325573434507e-08 4.326552631540666042e-08 4.294974795184212363e-08 4.293443982947892081e-08 4.268251150193003131e-08 4.313220978749740599e-08 4.281423500094662638e-08 4.249037995598654745e-08 4.297737497968483994e-08 4.251094115659818770e-08 4.296880434851919334e-08 4.319043810046693417e-08 4.231807479343332365e-08 4.298521493161052988e-08 4.308192774939950414e-08 4.280617791692258844e-08 4.264039670312869723e-08 4.278413695699019661e-08 4.289380124830321482e-08 4.271297152592789282e-08 4.294691242162637827e-08 4.292849621433263293e-08 4.297806910939901173e-08 4.287381828282789322e-08 4.257003799758072392e-08 4.253516675921864281e-08 4.281096674999421353e-08 4.267057470298628132e-08 4.309126725404872668e-08 4.277576132567760232e-08 4.290081737930646183e-08 4.252132380847074112e-08 4.317996965029921566e-08 4.304738230508969793e-08 4.319668007302145656e-08 4.306818212003422748e-08 4.293248426369093754e-08 4.322232130071805202e-08 4.302629671355482793e-08 4.267113813696290788e-08 4.299489970244252371e-08 4.286439999938449921e-08 4.302698784589909893e-08
4.293004815743943337e-08 4.317095943952209431e-08 4.336390081762475571e-08 4.304737316287415031e-08 4.303220503091713962e-08 4.277952513017193801e-08 4.322950051103222552e-08 4.291169893534762359e-08 4.258730818730126725e-08 4.307474165678799113e-08 4.260858223235617261e-08 4.306614276179426375e-08 4.328886574864529068e-08 4.241452705928041250e-08 4.308192774939950414e-08 4.318050228728442065e-08 4.290294914514603462e-08 4.273779975992842734e-08 4.288105044477207195e-08 4.299103324735149255e-08 4.280989566144006158e-08 4.304530051779107091e-08 4.302621893561794346e-08 4.307541642967464851e-08 4.297067375660942704e-08 4.266612180484531513e-08 4.263224500806067939e-08 4.290792547543358670e-08 4.276772166681014075e-08 4.318912689197070295e-08 4.287266146070279889e-08 4.299839128887917832e-08 4.261769071845262321e-08 4.327781462330274585e-08 4.314491346434557491e-08 4.329471740077562160e-08 4.316570574096718328e-08 4.302943155122139053e-08 4.332068496900587012e-08 4.312386300030130110e-08 4.276754600022495053e-08 4.309244425433140538e-08 4.296179311145474721e-08 4.312460609086340553e-08
4.265579023643643668e-08 4.289459012375261503e-08 4.308642331844997612e-08 4.277105934902068883e-08 4.275680042804411562e-08 4.250644458574967952e-08 4.295294366704749126e-08 4.263735549060867347e-08 4.231506594856051622e-08 4.279899985181076362e-08 4.233588132442511446e-08 4.279062022055770521e-08 4.301079947489485111e-08 4.214400697784396296e-08 4.280617791692258844e-08 4.290294914514603462e-08 4.262941236321589676e-08 4.246451985695065646e-08 4.260702609679146137e-08 4.271614202006571661e-08 4.253690561919829492e-08 4.277007304236048027e-08 4.275110581443424290e-08 4.279981314034598360e-08 4.269602535754725673e-08 4.239403978682287231e-08 4.235980320565813403e-08 4.263373159055022609e-08 4.249439948103482958e-08 4.291295232934155038e-08 4.259899533825567725e-08 4.272382204068783191e-08 4.234549726553654651e-08 4.300019387082127190e-08 4.286885259143833747e-08 4.301739407202000256e-08 4.288961369787059212e-08 4.275433916231008034e-08 4.304345430023674034e-08 4.284826362292647428e-08 4.249491065031600598e-08 4.281704081341169333e-08 4.268667523064625360e-08 4.284850515538552051e-08
4.249187845001382985e-08 4.273051477689536133e-08 4.292120005145549318e-08 4.260631647142608580e-08 4.259326015164882806e-08 4.234452816710047087e-08 4.278760790994841997e-08 4.247441775659810246e-08 4.215319160412703092e-08 4.263479498273383732e-08 4.217413124767785650e-08 4.262586148838229580e-08 4.284546358466002791e-08 4.198401307573979499e-08 4.264039670312869723e-08 4.273779975992842734e-08 4.246451985695065646e-08 4.230335723915730056e-08 4.244378748628687028e-08 4.255202352446036137e-08 4.237439594039279592e-08 4.260647901137368873e-08 4.258619466650285374e-08 4.263576556327715472e-08 4.253169119079551211e-08 4.223125807054227924e-08 4.219855120402447398e-08 4.247011153182761034e-08 4.233176082870449206e-08 4.274747312829754682e-08 4.243514646344439844e-08 4.255950642285245270e-08 4.218273855229847996e-08 4.283408214915573694e-08 4.270326865537698077e-08 4.285112535673832952e-08 4.272498595195477841e-08 4.259000887102869130e-08 4.287876361651325846e-08 4.268372123371532993e-08 4.233134600670383709e-08 4.265219354555763151e-08 4.252264068319384653e-08 4.268407231007421462e-08
4.263408595244437817e-08 4.287286219628375733e-08 4.306447735804416617e-08 4.274931010767895826e-08 4.273574130615957553e-08 4.248573341879645366e-08 4.293138730413436960e-08 4.261628970793185866e-08 4.229455087009147838e-08 4.277762452009020741e-08 4.231566407801604766e-08 4.276862880955060566e-08 4.298912999330271274e-08 4.212436145366082092e-08 4.278413695699019661e-08 4.288105044477207195e-08 4.260702609679146137e-08 4.244378748628687028e-08 4.258671225087832473e-08 4.269480393471061097e-08 4.251591396589667417e-08 4.274893200376395568e-08 4.272934746758603592e-08 4.277829984831020709e-08 4.267444357140853319e-08 4.237352815885103812e-08 4.234004150219145186e-08 4.261255093962333100e-08 4.247300594196041024e-08 4.289055885028396702e-08 4.257773762796728908e-08 4.270207145698645804e-08 4.232472776492083135e-08 4.297819402509792214e-08 4.284665386284416554e-08 4.299456754215083600e-08 4.286831932287853989e-08 4.273353120128333448e-08 4.302183174333478195e-08 4.282639555707791848e-08 4.247304993397520644e-08 4.279478794652312311e-08 4.266579313846477687e-08 4.282711274301666564e-08
4.274279753337560047e-08 4.298388652638319184e-08 4.317527938498050530e-08 4.285980714729115741e-08 4.284543780880581550e-08 4.259504242572419758e-08 4.304142156828619654e-08 4.272491750625579386e-08 4.240288234007478950e-08 4.288718728656222659e-08 4.242362253537720158e-08 4.287825813909111291e-08 4.309979717854895382e-08 4.223084520786604398e-08 4.289380124830321482e-08 4.299103324735149255e-08 4.271614202006571661e-08 4.255202352446036137e-08 4.269480393471061097e-08 4.280529143891166332e-08 4.262481358343625053e-08 4.285883572276955165e-08 4.283874364052809294e-08 4.288821669576263948e-08 4.278390764518061646e-08 4.248152167315232217e-08 4.244763720278193494e-08 4.272134110361736378e-08 4.258205356912353905e-08 4.300123009441547665e-08 4.268685898951434926e-08 4.281202117218985689e-08 4.243309093844236967e-08 4.308949554137530329e-08 4.295680085118722818e-08 4.310591003289562309e-08 4.297824538697319402e-08 4.284276962949175615e-08 4.313244580469412940e-08 4.293692026390842442e-08 4.258155510252884253e-08 4.290522418321979561e-08 4.277436832117493662e-08 4.293711116879654201e-08
4.256375276169994659e-08 4.280283050930739995e-08 4.299387492574621085e-08 4.267847807975169917e-08 4.266502112295270391e-08 4.241647708471546813e-08 4.286015775012634470e-08 4.254624210955097347e-08 4.222526014045311014e-08 4.270680842706319732e-08 4.224604248948210260e-08 4.269785534342725160e-08 4.291768253029021643e-08 4.205491681310415721e-08 4.271297152592789282e-08 4.280989566144006158e-08 4.253690561919829492e-08 4.237439594039279592e-08 4.251591396589667417e-08 4.262481358343625053e-08 4.244713558341250059e-08 4.267879636313744625e-08 4.265860199228556526e-08 4.270812854835883540e-08 4.260407990878832370e-08 4.230360063298027458e-08 4.227058517598094670e-08 4.254221225456121985e-08 4.240377175216291146e-08 4.282005796489657991e-08 4.250808776417223752e-08 4.263232153174929206e-08 4.225528429661122614e-08 4.290697952223892291e-08 4.277591415848800826e-08 4.292350945507186559e-08 4.279789757773032353e-08 4.266314530425121660e-08 4.295164630777076412e-08 4.275650389130518297e-08 4.240355896863913661e-08 4.272476871359896621e-08 4.259425044371884906e-08 4.275626380901934303e-08
4.279751323558132045e-08 4.303834416738244718e-08 4.322968080332176690e-08 4.291279461698433331e-08 4.290010692873515896e-08 4.264902071004709975e-08 4.309492260866466554e-08 4.277927907367875895e-08 4.245727173958248807e-08 4.294111801545848205e-08 4.247873195302064769e-08 4.293202376034807944e-08 4.315410340862386779e-08 4.228589717224333838e-08 4.294691242162637827e-08 4.304530051779107091e-08 4.277007304236048027e-08 4.260647901137368873e-08 4.274893200376395568e-08 4.285883572276955165e-08 4.267879636313744625e-08 4.291449808446884817e-08 4.289343003601675786e-08 4.294195635662704364e-08 4.283748790005035550e-08 4.253541804959789275e-08 4.250210404688699172e-08 4.277550153322230997e-08 4.263598834904944128e-08 4.305517622226781193e-08 4.274096164808502780e-08 4.286681095988265212e-08 4.248685434504534457e-08 4.314334968644646557e-08 4.301074527264696390e-08 4.315947692458666425e-08 4.303286605966194610e-08 4.289623928134824942e-08 4.318698128751884100e-08 4.299100324600023383e-08 4.263540550469323040e-08 4.295899716821297124e-08 4.282873381724675257e-08 4.299112425844811970e-08
4.277815797974797663e-08 4.301790829266017233e-08 4.321006500203553797e-08 4.289405624475681879e-08 4.287999808807702383e-08 4.262821018901249420e-08 4.307604143170154281e-08 4.275973794943689391e-08 4.243702607036791038e-08 4.292182650619224569e-08 4.245831653808292430e-08 4.291332382852995812e-08 4.313438418308054437e-08 4.226532700905645968e-08 4.292849621433263293e-08 4.302621893561794346e-08 4.275110581443424290e-08 4.258619466650285374e-08 4.272934746758603592e-08 4.283874364052809294e-08 4.265860199228556526e-08 4.289343003601675786e-08 4.287465406519925666e-08 4.292256233449203961e-08 4.281856671497638324e-08 4.251569171550475711e-08 4.248233869054721482e-08 4.275622613051792553e-08 4.261626542583423140e-08 4.303587150514864288e-08 4.272139748026857446e-08 4.284646595811369960e-08 4.246730977659264339e-08 4.312415387641417963e-08 4.299166490348674444e-08 4.314054370074375194e-08 4.301273902363630445e-08 4.287699715040034448e-08 4.316708160312341899e-08 4.297134112059063904e-08 4.261598855711011175e-08 4.293953046415900877e-08 4.280933558538778582e-08 4.297164284820976813e-08
4.282660707769430296e-08 4.306778569617260728e-08 4.326008691203040348e-08 4.294340962609262594e-08 4.292887334072051447e-08 4.267786553133437109e-08 4.312609869827828828e-08 4.280900154046873468e-08 4.248517543551576648e-08 4.297154732885759745e-08 4.250573704200212298e-08 4.296261288496095946e-08 4.318413763991086464e-08 4.231333666868624700e-08 4.297806910939901173e-08 4.307541642967464851e-08 4.279981314034598360e-08 4.263576556327715472e-08 4.277829984831020709e-08 4.288821669576263948e-08 4.270812854835883540e-08 4.294195635662704364e-08 4.292256233449203961e-08 4.297294391496074330e-08 4.286759994948363198e-08 4.256419312576036653e-08 4.253034197027024949e-08 4.280548043944273051e-08 4.266548215964282082e-08 4.308540545789581222e-08 4.277031285494421383e-08 4.289529167188176521e-08 4.251563923196400502e-08 4.317358590007105682e-08 4.304106249759058482e-08 4.319035784543187261e-08 4.306261029682638565e-08 4.292692338898525295e-08 4.321741482125433537e-08 4.302102448848084965e-08 4.266520787842541933e-08 4.298941757579740611e-08 4.285755273282328147e-08 4.302129953613310179e-08
4.272281584061746882e-08 4.296244068528636705e-08 4.315484755484789234e-08 4.283928095304045790e-08 4.282495001641356484e-08 4.257372489247213489e-08 4.302110063129715358e-08 4.270476055155180391e-08 4.238193237680875429e-08 4.286693942880611469e-08 4.240276526887086972e-08 4.285829583214371320e-08 4.307904370416478873e-08 4.221055688967436988e-08 4.287381828282789322e-08 4.297067375660942704e-08 4.269602535754725673e-08 4.253169119079551211e-08 4.267444357140853319e-08 4.278390764518061646e-08 4.260407990878832370e-08 4.283748790005035550e-08 4.281856671497638324e-08 4.286759994948363198e-08 4.276436931267249821e-08 4.246115268902610539e-08 4.242712949793782542e-08 4.270108662309914184e-08 4.256141722036561721e-08 4.298040721228657272e-08 4.266629209575618146e-08 4.279081034122740955e-08 4.241258273428788212e-08 4.306904216653871478e-08 4.293666949769362339e-08 4.308525268700416324e-08 4.295789368017324912e-08 4.282230659247433696e-08 4.311161632242931759e-08 4.291637375326081659e-08 4.256160179465621109e-08 4.288451971002228305e-08 4.275447391676946969e-08 4.291666810344266765e-08
4.242083355080708561e-08 4.265871786904617300e-08 4.284911566972470078e-08 4.253505406432771937e-08 4.252192548232214075e-08 4.227378556064011573e-08 4.271651839796731610e-08 4.240311165862152414e-08 4.208338347155397526e-08 4.256339613859701259e-08 4.210420898799078157e-08 4.255461661020505933e-08 4.277357999714133810e-08 4.191377209063208935e-08 4.257003799758072392e-08 4.266612180484531513e-08 4.239403978682287231e-08 4.223125807054227924e-08 4.237352815885103812e-08 4.248152167315232217e-08 4.230360063298027458e-08 4.253541804959789275e-08 4.251569171550475711e-08 4.256419312576036653e-08 4.246115268902610539e-08 4.216247886573580278e-08 4.212831090224349906e-08 4.239964255956917625e-08 4.226072517508285375e-08 4.267588788129188119e-08 4.236532058471128242e-08 4.248903885603096803e-08 4.211363651198531177e-08 4.276331730888709688e-08 4.263281469214045489e-08 4.277933619022562368e-08 4.265378707197273454e-08 4.252012319420719376e-08 4.280645344210789566e-08 4.261240800856626492e-08 4.226059517862721506e-08 4.258093060325494609e-08 4.245205993595359008e-08 4.261264990715650036e-08
4.238739595871998314e-08 4.262442759287491340e-08 4.281472134740990518e-08 4.250118352961723009e-08 4.248824304023490315e-08 4.223979428210407185e-08 4.268170379317354262e-08 4.236994492637133736e-08 4.205092233699672214e-08 4.252953306217608063e-08 4.207199618060397444e-08 4.252046504686336065e-08 4.273918061731643494e-08 4.188166580060146628e-08 4.253516675921864281e-08 4.263224500806067939e-08 4.235980320565813403e-08 4.219855120402447398e-08 4.234004150219145186e-08 4.244763720278193494e-08 4.227058517598094670e-08 4.250210404688699172e-08 4.248233869054721482e-08 4.253034197027024949e-08 4.242712949793782542e-08 4.212831090224349906e-08 4.209722541860248340e-08 4.236554554008241568e-08 4.222742993029884623e-08 4.264155678398399989e-08 4.233170310259649460e-08 4.245532077274158807e-08 4.208048001838717062e-08 4.272831358076471348e-08 4.259753846584521832e-08 4.274413452967978333e-08 4.261968843566530865e-08 4.248557987208653628e-08 4.277266240935491659e-08 4.257833704370949814e-08 4.222684515110848585e-08 4.254609968827446629e-08 4.241821801824751140e-08 4.257851336389434782e-08
4.266054192830177806e-08 4.290027543089025144e-08 4.309188467728307363e-08 4.277603038565404959e-08 4.276234618549017064e-08 4.251239946246784146e-08 4.295854325977173460e-08 4.264293054106965582e-08 4.232035178559257250e-08 4.280461513452127763e-08 4.234151030131178005e-08 4.279567900371808598e-08 4.301629783722131288e-08 4.215009004601478607e-08 4.281096674999421353e-08 4.290792547543358670e-08 4.263373159055022609e-08 4.247011153182761034e-08 4.261255093962333100e-08 4.272134110361736378e-08 4.254221225456121985e-08 4.277550153322230997e-08 4.275622613051792553e-08 4.280548043944273051e-08 4.270108662309914184e-08 4.239964255956917625e-08 4.236554554008241568e-08 4.263971398331457406e-08 4.249961324169460706e-08 4.291785583043187341e-08 4.260444168595040253e-08 4.272904549331483674e-08 4.235080258894297067e-08 4.300559053431040452e-08 4.287397129661842254e-08 4.302221993535541527e-08 4.289528593609862327e-08 4.276024993257796480e-08 4.304923372718833545e-08 4.285358436863437095e-08 4.249966923108701955e-08 4.282200760678483351e-08 4.269187866565112863e-08 4.285412821416091416e-08
4.252126746234714048e-08 4.276053165923467279e-08 4.295116159059772633e-08 4.263649247434435001e-08 4.262258428759437736e-08 4.237376070816495518e-08 4.281762307476677993e-08 4.250347229298191199e-08 4.218257329048915597e-08 4.266423164637114803e-08 4.220320791118495348e-08 4.265563063503774912e-08 4.287526573684270267e-08 4.201196730061541287e-08 4.267057470298628132e-08 4.276772166681014075e-08 4.249439948103482958e-08 4.233176082870449206e-08 4.247300594196041024e-08 4.258205356912353905e-08 4.240377175216291146e-08 4.263598834904944128e-08 4.261626542583423140e-08 4.266548215964282082e-08 4.256141722036561721e-08 4.226072517508285375e-08 4.222742993029884623e-08 4.249961324169460706e-08 4.236141091177333931e-08 4.277764160908508270e-08 4.246500793871631194e-08 4.258945312115217516e-08 4.221238866694169131e-08 4.286480288732419700e-08 4.273358066078324909e-08 4.288154605625707688e-08 4.275476684336509562e-08 4.261996870536231620e-08 4.290872234592026973e-08 4.271381933840502125e-08 4.236064995232690012e-08 4.268240733535353769e-08 4.255174090183136589e-08 4.271379687681356922e-08
4.293948308325975537e-08 4.318146843153332115e-08 4.337396685467336731e-08 4.305698494669610897e-08 4.304213348083972142e-08 4.279024336280076423e-08 4.323959350499955558e-08 4.292128680636400645e-08 4.259668005980172857e-08 4.308447739322269137e-08 4.261779546029014006e-08 4.307587092114282407e-08 4.329825935209580183e-08 4.242418615299771133e-08 4.309126725404872668e-08 4.318912689197070295e-08 4.291295232934155038e-08 4.274747312829754682e-08 4.289055885028396702e-08 4.300123009441547665e-08 4.282005796489657991e-08 4.305517622226781193e-08 4.303587150514864288e-08 4.308540545789581222e-08 4.298040721228657272e-08 4.267588788129188119e-08 4.264155678398399989e-08 4.291785583043187341e-08 4.277764160908508270e-08 4.319956684779343428e-08 4.288262836629750689e-08 4.300845457459456332e-08 4.262715395362434851e-08 4.328759199175104975e-08 4.315469478331683274e-08 4.330496862206895664e-08 4.317548844496578096e-08 4.303937627213247539e-08 4.333094076767760689e-08 4.313418236723667252e-08 4.277749713441961838e-08 4.310276080147092772e-08 4.297095727934974312e-08 4.313457257476194018e-08
4.262573853688042831e-08 4.286509576294757716e-08 4.305642586310341057e-08 4.274093478487937441e-08 4.272709203953951014e-08 4.247758348265464742e-08 4.292292689656660966e-08 4.260801734918554954e-08 4.228663063895976161e-08 4.276919146550963616e-08 4.230759689884108980e-08 4.276033512933033529e-08 4.298060422069012549e-08 4.211552198001375259e-08 4.277576132567760232e-08 4.287266146070279889e-08 4.259899533825567725e-08 4.243514646344439844e-08 4.257773762796728908e-08 4.268685898951434926e-08 4.250808776417223752e-08 4.274096164808502780e-08 4.272139748026857446e-08 4.277031285494421383e-08 4.266629209575618146e-08 4.236532058471128242e-08 4.233170310259649460e-08 4.260444168595040253e-08 4.246500793871631194e-08 4.288262836629750689e-08 4.257038283666955146e-08 4.269457308308236387e-08 4.231702485703593194e-08 4.297027908760935879e-08 4.283906574409351115e-08 4.298657276915936747e-08 4.286025333418414308e-08 4.272573096690030676e-08 4.301390163367461435e-08 4.281867084680020030e-08 4.246487711723508457e-08 4.278696599765359995e-08 4.265653078470559465e-08 4.281863694803140648e-08
4.275064377619751299e-08 4.299107523218006721e-08 4.318238182996547309e-08 4.286603964494437638e-08 4.285261938183573025e-08 4.260230944808695636e-08 4.304824177771193311e-08 4.273261749969680032e-08 4.241049704101421231e-08 4.289444767438593437e-08 4.243155812368053201e-08 4.288546870385806175e-08 4.310696540645996529e-08 4.223916422640332852e-08 4.290081737930646183e-08 4.299839128887917832e-08 4.272382204068783191e-08 4.255950642285245270e-08 4.270207145698645804e-08 4.281202117218985689e-08 4.263232153174929206e-08 4.286681095988265212e-08 4.284646595811369960e-08 4.289529167188176521e-08 4.279081034122740955e-08 4.248903885603096803e-08 4.245532077274158807e-08 4.272904549331483674e-08 4.258945312115217516e-08 4.300845457459456332e-08 4.269457308308236387e-08 4.282036360269985040e-08 4.244054602419438791e-08 4.309618077198960872e-08 4.296427710526319218e-08 4.311268533441249781e-08 4.298585632279941124e-08 4.284964096462249562e-08 4.313979845291702987e-08 4.294399413248836265e-08 4.258938626186173353e-08 4.291206234651445602e-08 4.278174576987549217e-08 4.294407655791217548e-08
4.237223625658271047e-08 4.260967860105833045e-08 4.280005001420665711e-08 4.248666211835649605e-08 4.247302524921727356e-08 4.222469032163606180e-08 4.266742473430761590e-08 4.235446140904644567e-08 4.203552794176987476e-08 4.251473507046089109e-08 4.205629288470214020e-08 4.250578824503689291e-08 4.272466991524443518e-08 4.186535203713103693e-08 4.252132380847074112e-08 4.261769071845262321e-08 4.234549726553654651e-08 4.218273855229847996e-08 4.232472776492083135e-08 4.243309093844236967e-08 4.225528429661122614e-08 4.248685434504534457e-08 4.246730977659264339e-08 4.251563923196400502e-08 4.241258273428788212e-08 4.211363651198531177e-08 4.208048001838717062e-08 4.235080258894297067e-08 4.221238866694169131e-08 4.262715395362434851e-08 4.231702485703593194e-08 4.244054602419438791e-08 4.206579279556761000e-08 4.271462177612962973e-08 4.258365645884699430e-08 4.273025566393729095e-08 4.260529081826526965e-08 4.247137361283907089e-08 4.275760883512720988e-08 4.256380754516380967e-08 4.221212526951708050e-08 4.253202491773022893e-08 4.240309554968594841e-08 4.256372380968597839e-08
4.302680226972261565e-08 4.326982611683003065e-08 4.346290879972555556e-08 4.314566804973362692e-08 4.313074514386245043e-08 4.287717794225343409e-08 4.332834772367778953e-08 4.300844569263154311e-08 4.268382557368341846e-08 4.317279198641439760e-08 4.270486178923638494e-08 4.316395924690057377e-08 4.338749928760068042e-08 4.251012498003353915e-08 4.317996965029921566e-08 4.327781462330274585e-08 4.300019387082127190e-08 4.283408214915573694e-08 4.297819402509792214e-08 4.308949554137530329e-08 4.290697952223892291e-08 4.314334968644646557e-08 4.312415387641417963e-08 4.317358590007105682e-08 4.306904216653871478e-08 4.276331730888709688e-08 4.272831358076471348e-08 4.300559053431040452e-08 4.286480288732419700e-08 4.328759199175104975e-08 4.297027908760935879e-08 4.309618077198960872e-08 4.271462177612962973e-08 4.337814299975165620e-08 4.324330022151195538e-08 4.339359198748708035e-08 4.326482255167926215e-08 4.312767567251420932e-08 4.341963178557312916e-08 4.322295607137936243e-08 4.286436760906347481e-08 4.319094256721689771e-08 4.305914252545091418e-08 4.322331548534569703e-08
4.289554759792918029e-08 4.313711381423465102e-08 4.332947413082672947e-08 4.301258942095673420e-08 4.299764082699780896e-08 4.274628480371549931e-08 4.319521240368187244e-08 4.287753252515033395e-08 4.255298486743661319e-08 4.304005283618181691e-08 4.257383118870287050e-08 4.303188268394184198e-08 4.325354277351836647e-08 4.238030118730563273e-08 4.304738230508969793e-08 4.314491346434557491e-08 4.286885259143833747e-08 4.270326865537698077e-08 4.284665386284416554e-08 4.295680085118722818e-08 4.277591415848800826e-08 4.301074527264696390e-08 4.299166490348674444e-08 4.304106249759058482e-08 4.293666949769362339e-08 4.263281469214045489e-08 4.259753846584521832e-08 4.287397129661842254e-08 4.273358066078324909e-08 4.315469478331683274e-08 4.283906574409351115e-08 4.296427710526319218e-08 4.258365645884699430e-08 4.324330022151195538e-08 4.311185440852374789e-08 4.326055490844187259e-08 4.313097621666927082e-08 4.299593123480490929e-08 4.328597077802237219e-08 4.308971673337176610e-08 4.273333471562318726e-08 4.305867335809345563e-08 4.292679020951707076e-08 4.309015500073544016e-08
4.304394024092042204e-08 4.328691073053582768e-08 4.347989280604955743e-08 4.316257248202708432e-08 4.314692747396188051e-08 4.289417986949061068e-08 4.334520909048478343e-08 4.302559246420312545e-08 4.269965726128145907e-08 4.318943407521584067e-08 4.272058949610769404e-08 4.318125950225895383e-08 4.340415749769978773e-08 4.252623847223625649e-08 4.319668007302145656e-08 4.329471740077562160e-08 4.301739407202000256e-08 4.285112535673832952e-08 4.299456754215083600e-08 4.310591003289562309e-08 4.292350945507186559e-08 4.315947692458666425e-08 4.314054370074375194e-08 4.319035784543187261e-08 4.308525268700416324e-08 4.277933619022562368e-08 4.274413452967978333e-08 4.302221993535541527e-08 4.288154605625707688e-08 4.330496862206895664e-08 4.298657276915936747e-08 4.311268533441249781e-08 4.273025566393729095e-08 4.339359198748708035e-08 4.326055490844187259e-08 4.341159382439666459e-08 4.328022896448791668e-08 4.314402815477437461e-08 4.343622754326437569e-08 4.323920840294665675e-08 4.288128503471229046e-08 4.320819425931603436e-08 4.307558482957313103e-08 4.323991018947937755e-08
