6.748017223129252022e-09 6.803201738477890619e-09 6.835236710331632103e-09 6.774291847066325740e-09 6.781115313435373566e-09 6.715445104634354341e-09 6.811037652551021866e-09 6.751637030102042104e-09 6.701139471386053818e-09 6.761453052891156501e-09 6.694982794175169528e-09 6.802895484141157186e-09 6.812443126232994866e-09 6.645747971301021084e-09 6.765369743027210819e-09 6.805949218579930957e-09 6.747887748852037978e-09 6.720389643154760400e-09 6.754696781462585581e-09 6.753591164370748571e-09 6.721127991454081642e-09 6.781766357270407954e-09 6.778699349234694121e-09 6.782598941581631329e-09 6.749264574234692629e-09 6.701343148724490093e-09 6.676924535586734278e-09 6.767803741241495788e-09 6.731537401913265550e-09 6.788093250340135922e-09 6.767720318239796520e-09 6.779089439540815078e-09 6.704746371215986306e-09 6.817672068494898977e-09 6.776862834906463677e-09 6.805685305782313064e-09 6.784177435544218964e-09 6.759663475765305511e-09 6.838364902678571565e-09 6.791102480442176980e-09 6.715615793069728960e-09 6.789749889328229848e-09 6.742044861309522194e-09 6.807460953316325766e-09
6.803201738477890619e-09 6.868834758248301388e-09 6.899716661692176865e-09 6.836027283588435125e-09 6.841347477636053570e-09 6.768595607568027851e-09 6.874030790901360614e-09 6.809418042219387829e-09 6.752856233375849959e-09 6.822199010799319733e-09 6.748085747789115277e-09 6.863163239965986401e-09 6.877012079421769502e-09 6.694954528401360600e-09 6.826335140008503091e-09 6.867526390051020097e-09 6.806378473469389288e-09 6.774073731845237936e-09 6.810641717644557893e-09 6.811493257355442849e-09 6.773995492772107584e-09 6.841794445110543649e-09 6.840943332312926345e-09 6.842672232525509502e-09 6.805998796896258178e-09 6.755257177465986320e-09 6.727587870365645007e-09 6.829377877210884609e-09 6.789069977551021700e-09 6.849322240731292318e-09 6.824199338903061340e-09 6.837352046471087863e-09 6.756957360926872448e-09 6.883933966326532189e-09 6.838523124319727326e-09 6.872454342431972709e-09 6.847115639753399927e-09 6.819550869770406547e-09 6.900997530654761856e-09 6.852893820450679387e-09 6.769107341454082338e-09 6.850845180909863321e-09 6.801163007440475381e-09 6.868875477338436871e-09
6.835236710331632103e-09 6.899716661692176865e-09 6.934161197534012818e-09 6.868474283673467743e-09 6.873145210459182386e-09 6.800767011479591193e-09 6.906431684396259547e-09 6.841462847959182627e-09 6.784949897278911407e-09 6.854190156760203796e-09 6.779889114413266038e-09 6.895478746343536889e-09 6.909145639923467891e-09 6.727056467729590971e-09 6.858553135289116649e-09 6.900066732568025895e-09 6.838625252125851409e-09 6.806322034821428448e-09 6.843042054081632373e-09 6.844036585501699374e-09 6.805716775085032670e-09 6.874140283758506468e-09 6.873756954889455823e-09 6.875258693367347483e-09 6.838176217389453732e-09 6.787840315093536197e-09 6.759364321598636885e-09 6.862292058503401105e-09 6.821402599234693779e-09 6.881984284863944724e-09 6.856116601870746142e-09 6.869791548767005604e-09 6.788624000680272205e-09 6.916587388435373140e-09 6.871370651870747354e-09 6.905152573937074440e-09 6.879362976615646928e-09 6.851951005527210109e-09 6.933754436011903253e-09 6.885094755739795224e-09 6.800455574022106813e-09 6.882902773852042404e-09 6.833080348809523990e-09 6.901566198256803103e-09
6.774291847066325740e-09 6.836027283588435125e-09 6.868474283673467743e-09 6.806994932568025766e-09 6.811353633758502214e-09 6.741556400212584717e-09 6.842580643962584859e-09 6.780106512925169588e-09 6.726282243622447355e-09 6.791479763435372868e-09 6.720867796215985667e-09 6.833338325935373959e-09 6.845142607568029489e-09 6.669027779379251524e-09 6.796464867474489274e-09 6.836635696513605724e-09 6.777236302508502256e-09 6.746834321130951699e-09 6.782620953316325260e-09 6.782302867517005844e-09 6.746981163350338319e-09 6.811982895918366166e-09 6.810283886394559529e-09 6.812580656590133735e-09 6.777414934311224312e-09 6.728065475935373888e-09 6.701346049319727705e-09 6.799358197534011045e-09 6.760385309013604545e-09 6.819050442389453719e-09 6.795650508290815928e-09 6.808363329336734321e-09 6.730288754719387110e-09 6.852079513520410654e-09 6.808502966624149369e-09 6.840353945620746892e-09 6.816236132823129333e-09 6.789722182355444969e-09 6.870391983035713993e-09 6.822414336564625151e-09 6.741310308971086677e-09 6.820608140603740590e-09 6.771646854761905190e-09 6.838257107568026618e-09
6.781115313435373566e-09 6.841347477636053570e-09 6.873145210459182386e-09 6.811353633758502214e-09 6.819779968282312173e-09 6.749756186224490690e-09 6.848933869557823074e-09 6.787613193282312473e-09 6.735090213265304627e-09 6.798158808971088127e-09 6.729367287287415058e-09 6.839310354804421892e-09 6.851099935841839358e-09 6.678331479974490175e-09 6.802241063903061689e-09 6.842562908418366079e-09 6.783958649532312697e-09 6.754766494047619016e-09 6.790272715518708170e-09 6.789320001147957823e-09 6.755623228231291395e-09 6.818018209906460021e-09 6.816100414965988767e-09 6.819473245875848721e-09 6.784436519132654393e-09 6.735668171471089932e-09 6.710628906164964365e-09 6.805874021045916025e-09 6.768129898001701878e-09 6.825480612329932780e-09 6.804286056505102466e-09 6.815295298979591630e-09 6.738489423767007665e-09 6.856444350127550107e-09 6.814512862755102249e-09 6.844796595025511915e-09 6.822487063477890207e-09 6.796441878784012915e-09 6.875938833035713658e-09 6.828440780612244562e-09 6.750408950340134739e-09 6.827067754294216939e-09 6.778788275595238947e-09 6.844669306675170408e-09
6.715445104634354341e-09 6.768595607568027851e-09 6.800767011479591193e-09 6.741556400212584717e-09 6.749756186224490690e-09 6.687499988945578472e-09 6.777364201445577890e-09 6.721141198724488927e-09 6.673034971215986597e-09 6.728907024277210370e-09 6.666243917602041058e-09 6.770762993027211151e-09 6.778881100212584594e-09 6.618817799362246459e-09 6.733308920493195203e-09 6.771568985459183202e-09 6.717325254974488987e-09 6.691553649107141704e-09 6.725086525467689278e-09 6.722818337032311090e-09 6.692723728698977963e-09 6.749472270578231756e-09 6.745351344982994585e-09 6.750291707312924697e-09 6.718897230399658410e-09 6.672156113860540515e-09 6.650030002040814671e-09 6.736247955314625867e-09 6.701182150042517163e-09 6.755899964498298783e-09 6.738382193877550657e-09 6.747998249489795540e-09 6.676477706675170296e-09 6.783296915688776281e-09 6.745082308460886323e-09 6.770639833971087705e-09 6.751179655697278164e-09 6.728403734183672659e-09 6.805003811309524297e-09 6.758278356972788709e-09 6.687731216836733207e-09 6.757532109438777415e-09 6.711100031547618991e-09 6.774486083545919544e-09
6.811037652551021866e-09 6.874030790901360614e-09 6.906431684396259547e-09 6.842580643962584859e-09 6.848933869557823074e-09 6.777364201445577890e-09 6.882065368112244646e-09 6.817599944557823339e-09 6.762107337882652623e-09 6.829692897193878602e-09 6.757221298852041185e-09 6.870517324277211592e-09 6.883328114795915961e-09 6.704428818112243865e-09 6.833820293409862787e-09 6.874636529209183697e-09 6.814118665391157361e-09 6.782806834523808804e-09 6.819081654634355584e-09 6.819456187032310600e-09 6.783021266198979441e-09 6.848947412244898133e-09 6.848143588732991695e-09 6.849957340646257116e-09 6.813934536649658600e-09 6.764271561777210544e-09 6.736810293707480036e-09 6.836771265731292913e-09 6.797432062542515639e-09 6.856710562414966212e-09 6.832484150127548815e-09 6.844791974489796348e-09 6.765726427508502198e-09 6.890200609438777886e-09 6.845933618877549566e-09 6.878812231887755981e-09 6.853861851530614507e-09 6.826698171683672294e-09 6.907882098809523504e-09 6.859831986139454871e-09 6.777581877253403622e-09 6.857817103188773515e-09 6.809010894047619189e-09 6.876242556462586984e-09
6.751637030102042104e-09 6.809418042219387829e-09 6.841462847959182627e-09 6.780106512925169588e-09 6.787613193282312473e-09 6.721141198724488927e-09 6.817599944557823339e-09 6.759508280782312421e-09 6.707061867431971936e-09 6.767965546471088249e-09 6.700783491454081495e-09 6.808954667304421937e-09 6.819617575425170961e-09 6.651731123724488830e-09 6.772180409736394540e-09 6.811261227168366179e-09 6.754700943282312125e-09 6.726788556547618495e-09 6.761135775935372506e-09 6.759601944897960224e-09 6.727073965731293626e-09 6.787344428656462581e-09 6.784962281632654280e-09 6.788792477125850914e-09 6.755410479549319338e-09 6.706991729804421696e-09 6.683028012414963575e-09 6.774880375212584376e-09 6.737889952168367296e-09 6.794439335246597425e-09 6.773911496088436480e-09 6.784910982312922843e-09 6.710447488350339549e-09 6.824528664710884613e-09 6.783898096088436930e-09 6.812040036692175613e-09 6.791014517644558927e-09 6.766196066284011175e-09 6.844150403869048714e-09 6.796911997278911278e-09 6.722330542006800772e-09 6.796163689710886653e-09 6.748140794345236656e-09 6.813832371258503027e-09
6.701139471386053818e-09 6.752856233375849959e-09 6.784949897278911407e-09 6.726282243622447355e-09 6.735090213265304627e-09 6.673034971215986597e-09 6.762107337882652623e-09 6.707061867431971936e-09 6.660927584353740712e-09 6.713663798767007192e-09 6.652651459438776635e-09 6.755286157100340699e-09 6.763041664455782695e-09 6.606245056632654359e-09 6.718485724787416145e-09 6.756641315391157284e-09 6.702860159098640768e-09 6.677651783035714448e-09 6.710793540136054043e-09 6.708645786947279663e-09 6.679322343197279022e-09 6.734021472236393638e-09 6.729959175510205350e-09 6.735748986862243662e-09 6.704709881760203104e-09 6.658119525850340442e-09 6.636757730442175355e-09 6.720973211394556031e-09 6.687016194557822373e-09 6.740736225467686745e-09 6.724132814923470335e-09 6.733712348639456046e-09 6.662972624744898954e-09 6.767235448086735470e-09 6.729504217006802447e-09 6.754688264200680064e-09 6.735971585331633440e-09 6.713412068239795846e-09 6.789257550297618580e-09 6.742809188732994339e-09 6.674152426147959706e-09 6.742418762670069767e-09 6.696242941071428740e-09 6.759737614455781632e-09
6.761453052891156501e-09 6.822199010799319733e-09 6.854190156760203796e-09 6.791479763435372868e-09 6.798158808971088127e-09 6.728907024277210370e-09 6.829692897193878602e-09 6.767965546471088249e-09 6.713663798767007192e-09 6.780666761819727819e-09 6.708225076615645643e-09 6.819795193069727886e-09 6.831771000935374371e-09 6.656974051360543846e-09 6.783331339753400251e-09 6.823557619770408272e-09 6.763980792304423492e-09 6.733452903571430299e-09 6.769277898724489324e-09 6.769131167942175033e-09 6.734082407525511280e-09 6.799127139710882540e-09 6.797127585841834090e-09 6.799760848426868284e-09 6.764540200425169544e-09 6.715250928486394469e-09 6.688920765646256869e-09 6.785841406717688686e-09 6.747100388520407849e-09 6.805994650042517725e-09 6.782602750977890620e-09 6.794711423171768760e-09 6.717182308120750610e-09 6.838175493197280155e-09 6.795159438477892052e-09 6.826957419472788012e-09 6.802301934651359097e-09 6.776512993324831465e-09 6.856466794345238045e-09 6.808637923596939484e-09 6.728968795748300138e-09 6.807219851530610813e-09 6.758982455059523542e-09 6.825281653018707487e-09
6.694982794175169528e-09 6.748085747789115277e-09 6.779889114413266038e-09 6.720867796215985667e-09 6.729367287287415058e-09 6.666243917602041058e-09 6.757221298852041185e-09 6.700783491454081495e-09 6.652651459438776635e-09 6.708225076615645643e-09 6.647158250850339900e-09 6.750193720365646359e-09 6.758334017049319666e-09 6.598613646768707601e-09 6.713009275637755776e-09 6.751291422576528928e-09 6.696875028954081944e-09 6.671394307142859047e-09 6.704736896258504092e-09 6.702328774574829555e-09 6.672571378741496595e-09 6.728238962457482298e-09 6.724938435969386505e-09 6.729971256079933488e-09 6.698413773469385610e-09 6.651770364115646264e-09 6.629795381590135711e-09 6.715492401232991987e-09 6.681532074659862530e-09 6.735379148596937586e-09 6.717532021896259821e-09 6.727080826998298945e-09 6.656499929931973718e-09 6.763167761989794826e-09 6.724538907312925212e-09 6.750260765731292398e-09 6.730500083588434212e-09 6.707961578613944807e-09 6.784205732440476755e-09 6.737978869217686556e-09 6.667637154889455362e-09 6.737062039073130358e-09 6.690199018452381567e-09 6.754272425382652956e-09
6.802895484141157186e-09 6.863163239965986401e-09 6.895478746343536889e-09 6.833338325935373959e-09 6.839310354804421892e-09 6.770762993027211151e-09 6.870517324277211592e-09 6.808954667304421937e-09 6.755286157100340699e-09 6.819795193069727886e-09 6.750193720365646359e-09 6.862212028486394072e-09 6.872931238435373300e-09 6.698840684693877878e-09 6.824161423086737216e-09 6.864281044770409198e-09 6.805552411054422966e-09 6.775758995238094787e-09 6.811174486224490542e-09 6.810690222108843131e-09 6.776387186692178452e-09 6.839821262627551097e-09 6.837874833758502625e-09 6.840659292176871958e-09 6.806087148341836575e-09 6.756792320153060039e-09 6.731397859396257538e-09 6.827060292134352676e-09 6.788889230187073716e-09 6.846980668792518296e-09 6.824483875977891665e-09 6.836387896088433652e-09 6.759544793537412706e-09 6.879064618197278481e-09 6.836123444727889536e-09 6.866929981972788433e-09 6.843379742984691070e-09 6.817797541241495086e-09 6.897883915178568373e-09 6.850202973596937795e-09 6.771110166581633034e-09 6.848498822363944252e-09 6.799915630059523502e-09 6.866485090518707778e-09
6.812443126232994866e-09 6.877012079421769502e-09 6.909145639923467891e-09 6.845142607568029489e-09 6.851099935841839358e-09 6.778881100212584594e-09 6.883328114795915961e-09 6.819617575425170961e-09 6.763041664455782695e-09 6.831771000935374371e-09 6.758334017049319666e-09 6.872931238435373300e-09 6.888030603401361746e-09 6.705635371045917637e-09 6.836323627891156861e-09 6.877578904846938631e-09 6.816354331675170189e-09 6.785019937797619984e-09 6.820718528316325420e-09 6.820859473767007677e-09 6.784098152933673386e-09 6.850989952168367660e-09 6.850596511394557717e-09 6.852430896173469891e-09 6.815908388477891258e-09 6.765476088435374061e-09 6.738838201403060975e-09 6.839107526700680867e-09 6.799071521513604369e-09 6.858856277806123046e-09 6.834198866624149741e-09 6.847190798086735023e-09 6.767304406802721514e-09 6.893221403103742479e-09 6.848519508290816069e-09 6.881675518537414458e-09 6.856267949489795526e-09 6.829175174022109043e-09 6.910373045535713815e-09 6.862585715731293026e-09 6.779529292304420960e-09 6.860621715603741884e-09 6.810901577678571512e-09 6.878770861734692377e-09
6.645747971301021084e-09 6.694954528401360600e-09 6.727056467729590971e-09 6.669027779379251524e-09 6.678331479974490175e-09 6.618817799362246459e-09 6.704428818112243865e-09 6.651731123724488830e-09 6.606245056632654359e-09 6.656974051360543846e-09 6.598613646768707601e-09 6.698840684693877878e-09 6.705635371045917637e-09 6.554674509778912097e-09 6.661787397576531625e-09 6.699056783375849348e-09 6.647427404974490151e-09 6.623441184523809737e-09 6.656048056717687387e-09 6.652840874532312312e-09 6.625077987032313340e-09 6.677625280994897574e-09 6.672789517899660215e-09 6.679617692729591782e-09 6.649494188732993612e-09 6.603881043027211618e-09 6.583654189540815869e-09 6.664226269897958154e-09 6.631089593792517782e-09 6.683876143664966032e-09 6.668747123044216710e-09 6.677478303656462003e-09 6.609460708758502923e-09 6.708504824022109182e-09 6.672703931377551702e-09 6.695579108971088770e-09 6.678959482780611078e-09 6.657185000850339087e-09 6.731379561309524597e-09 6.685970686139457292e-09 6.620479312670066536e-09 6.686168578188775307e-09 6.639913723214285415e-09 6.702722256462585610e-09
6.765369743027210819e-09 6.826335140008503091e-09 6.858553135289116649e-09 6.796464867474489274e-09 6.802241063903061689e-09 6.733308920493195203e-09 6.833820293409862787e-09 6.772180409736394540e-09 6.718485724787416145e-09 6.783331339753400251e-09 6.713009275637755776e-09 6.824161423086737216e-09 6.836323627891156861e-09 6.661787397576531625e-09 6.789376410374148176e-09 6.827582299744898348e-09 6.769065365986394688e-09 6.738433628273808999e-09 6.774292930527210394e-09 6.773954911139454855e-09 6.738967477806121685e-09 6.802002566113945968e-09 6.800972092602040900e-09 6.803826189455781591e-09 6.769271230102040207e-09 6.720145829336735602e-09 6.694384675255100885e-09 6.790276470195577796e-09 6.752125851828230711e-09 6.810358273426870301e-09 6.787722842984693928e-09 6.799256432227892248e-09 6.721962182865646061e-09 6.842850410034012600e-09 6.799927842984694301e-09 6.830776773256802541e-09 6.806583694982993064e-09 6.781213646981292781e-09 6.861255815476190107e-09 6.813080078996599058e-09 6.734039196896258898e-09 6.811606580867345897e-09 6.763353596130952151e-09 6.829544236224489852e-09
6.805949218579930957e-09 6.867526390051020097e-09 6.900066732568025895e-09 6.836635696513605724e-09 6.842562908418366079e-09 6.771568985459183202e-09 6.874636529209183697e-09 6.811261227168366179e-09 6.756641315391157284e-09 6.823557619770408272e-09 6.751291422576528928e-09 6.864281044770409198e-09 6.877578904846938631e-09 6.699056783375849348e-09 6.827582299744898348e-09 6.870480469302720930e-09 6.807777314668366304e-09 6.777643513392856540e-09 6.813066387329931473e-09 6.813141412670066828e-09 6.777174675170066595e-09 6.843457838350338977e-09 6.842076930612244541e-09 6.844419617984692921e-09 6.807946505612244235e-09 6.758423807270409164e-09 6.731596234863944586e-09 6.829922721173468655e-09 6.791527613052720308e-09 6.850138403061224625e-09 6.826496066241497285e-09 6.839194514200681092e-09 6.760420663860544306e-09 6.884060095620746954e-09 6.839746276658162258e-09 6.872321889540815960e-09 6.847208757397958040e-09 6.820488090221087448e-09 6.901508747023808393e-09 6.853819484396257722e-09 6.771670008460884771e-09 6.852024945620748267e-09 6.802781060119047959e-09 6.870338096513604832e-09
6.747887748852037978e-09 6.806378473469389288e-09 6.838625252125851409e-09 6.777236302508502256e-09 6.783958649532312697e-09 6.717325254974488987e-09 6.814118665391157361e-09 6.754700943282312125e-09 6.702860159098640768e-09 6.763980792304423492e-09 6.696875028954081944e-09 6.805552411054422966e-09 6.816354331675170189e-09 6.647427404974490151e-09 6.769065365986394688e-09 6.807777314668366304e-09 6.752046993282313155e-09 6.722791550297619359e-09 6.757448211352040933e-09 6.756235188647958508e-09 6.723027778231291944e-09 6.784133670323129662e-09 6.781636231632651995e-09 6.785347485459183063e-09 6.751446844132652938e-09 6.703452319387754455e-09 6.678996012414965383e-09 6.771796325212584788e-09 6.734119520918368008e-09 6.791044739413265667e-09 6.770749254421768598e-09 6.781482317729591082e-09 6.707052392517006805e-09 6.821441458460885156e-09 6.780886069005102117e-09 6.809330817942175672e-09 6.787699425977890297e-09 6.762964618367346357e-09 6.841171333035714170e-09 6.793840341028911815e-09 6.718318244090136024e-09 6.792886025127550914e-09 6.744982877678570566e-09 6.810308087925169841e-09
6.720389643154760400e-09 6.774073731845237936e-09 6.806322034821428448e-09 6.746834321130951699e-09 6.754766494047619016e-09 6.691553649107141704e-09 6.782806834523808804e-09 6.726788556547618495e-09 6.677651783035714448e-09 6.733452903571430299e-09 6.671394307142859047e-09 6.775758995238094787e-09 6.785019937797619984e-09 6.623441184523809737e-09 6.738433628273808999e-09 6.777643513392856540e-09 6.722791550297619359e-09 6.698201366666666437e-09 6.730575834821428137e-09 6.727776904761904199e-09 6.697514429761905212e-09 6.754500144642856826e-09 6.750711555059524896e-09 6.755566516071426321e-09 6.723591107142855840e-09 6.676856743154761798e-09 6.655020642857141390e-09 6.741616751190477023e-09 6.706650030059524460e-09 6.760630435714286200e-09 6.742887077678572502e-09 6.752962472619048472e-09 6.681819511011905015e-09 6.788999881547619264e-09 6.750565271428571118e-09 6.776065350892856186e-09 6.756469813392856766e-09 6.733686374107141888e-09 6.810066731250000134e-09 6.763865486011903050e-09 6.692839249404760819e-09 6.763234256547619412e-09 6.715429374999998396e-09 6.780072058630952199e-09
6.754696781462585581e-09 6.810641717644557893e-09 6.843042054081632373e-09 6.782620953316325260e-09 6.790272715518708170e-09 6.725086525467689278e-09 6.819081654634355584e-09 6.761135775935372506e-09 6.710793540136054043e-09 6.769277898724489324e-09 6.704736896258504092e-09 6.811174486224490542e-09 6.820718528316325420e-09 6.656048056717687387e-09 6.774292930527210394e-09 6.813066387329931473e-09 6.757448211352040933e-09 6.730575834821428137e-09 6.765174077295916897e-09 6.762413043537415468e-09 6.731048583120747431e-09 6.789811926020407460e-09 6.786682940901359528e-09 6.790944439498298467e-09 6.758226649234693640e-09 6.710739904974489978e-09 6.687505616836734911e-09 6.777411076658163774e-09 6.741050558163266144e-09 6.796524554506801978e-09 6.777977143239795015e-09 6.787715514540815689e-09 6.715013275382652682e-09 6.825676555994898519e-09 6.786104066156462375e-09 6.812902703698979593e-09 6.792756735544216658e-09 6.768793584098637723e-09 6.846329550595236413e-09 6.799234553358841845e-09 6.726017722236394124e-09 6.798732730994897804e-09 6.750813232142855934e-09 6.815539980399660309e-09
6.753591164370748571e-09 6.811493257355442849e-09 6.844036585501699374e-09 6.782302867517005844e-09 6.789320001147957823e-09 6.722818337032311090e-09 6.819456187032310600e-09 6.759601944897960224e-09 6.708645786947279663e-09 6.769131167942175033e-09 6.702328774574829555e-09 6.810690222108843131e-09 6.820859473767007677e-09 6.652840874532312312e-09 6.773954911139454855e-09 6.813141412670066828e-09 6.756235188647958508e-09 6.727776904761904199e-09 6.762413043537415468e-09 6.763479710629250815e-09 6.728832575212586462e-09 6.789333013562925529e-09 6.786571804931974054e-09 6.790400737585033411e-09 6.757218446598638161e-09 6.709052815858843366e-09 6.684476591496596756e-09 6.776658902508502659e-09 6.739673583503401037e-09 6.796422253826531601e-09 6.775317231760203941e-09 6.787174222959182832e-09 6.711593664200680559e-09 6.826842625255101241e-09 6.785568952593538210e-09 6.815085354634352228e-09 6.792152158205781627e-09 6.767803261734692645e-09 6.846832538988095652e-09 6.799447219557823313e-09 6.723761242346938557e-09 6.797317027338435598e-09 6.750028759523809454e-09 6.815745230017006638e-09
6.721127991454081642e-09 6.773995492772107584e-09 6.805716775085032670e-09 6.746981163350338319e-09 6.755623228231291395e-09 6.692723728698977963e-09 6.783021266198979441e-09 6.727073965731293626e-09 6.679322343197279022e-09 6.734082407525511280e-09 6.672571378741496595e-09 6.776387186692178452e-09 6.784098152933673386e-09 6.625077987032313340e-09 6.738967477806121685e-09 6.777174675170066595e-09 6.723027778231291944e-09 6.697514429761905212e-09 6.731048583120747431e-09 6.728832575212586462e-09 6.700190431462584624e-09 6.754438769812924207e-09 6.750686409098638982e-09 6.756036166751699648e-09 6.724655600765305913e-09 6.678074390858843630e-09 6.656395489413264929e-09 6.741524200425169796e-09 6.707295327253400821e-09 6.761229693409864194e-09 6.744343108843537704e-09 6.753618716709183710e-09 6.682939545450680281e-09 6.788549066921768415e-09 6.750152940093536102e-09 6.775711054634352471e-09 6.756505406122447666e-09 6.733894928401359354e-09 6.810556609821428763e-09 6.763951942474490074e-09 6.694262863180272388e-09 6.763257906505101596e-09 6.716652561607142232e-09 6.780117700850340473e-09
6.781766357270407954e-09 6.841794445110543649e-09 6.874140283758506468e-09 6.811982895918366166e-09 6.818018209906460021e-09 6.749472270578231756e-09 6.848947412244898133e-09 6.787344428656462581e-09 6.734021472236393638e-09 6.799127139710882540e-09 6.728238962457482298e-09 6.839821262627551097e-09 6.850989952168367660e-09 6.677625280994897574e-09 6.802002566113945968e-09 6.843457838350338977e-09 6.784133670323129662e-09 6.754500144642856826e-09 6.789811926020407460e-09 6.789333013562925529e-09 6.754438769812924207e-09 6.820610536564625042e-09 6.816563957993196703e-09 6.819463965008502719e-09 6.784303822576530596e-09 6.735507439710884875e-09 6.709111286649658747e-09 6.805858050042515540e-09 6.767128740433673579e-09 6.825509219132652921e-09 6.802869096301019758e-09 6.815023085629250661e-09 6.738361021003400976e-09 6.857395880442177428e-09 6.815095552551020043e-09 6.846054660671767052e-09 6.822059959778910899e-09 6.796210756590134991e-09 6.875954357440474061e-09 6.828922199872448240e-09 6.749194151318027536e-09 6.827205395025510149e-09 6.778724585119046996e-09 6.844943564668366129e-09
6.778699349234694121e-09 6.840943332312926345e-09 6.873756954889455823e-09 6.810283886394559529e-09 6.816100414965988767e-09 6.745351344982994585e-09 6.848143588732991695e-09 6.784962281632654280e-09 6.729959175510205350e-09 6.797127585841834090e-09 6.724938435969386505e-09 6.837874833758502625e-09 6.850596511394557717e-09 6.672789517899660215e-09 6.800972092602040900e-09 6.842076930612244541e-09 6.781636231632651995e-09 6.750711555059524896e-09 6.786682940901359528e-09 6.786571804931974054e-09 6.750686409098638982e-09 6.816563957993196703e-09 6.816248137755101608e-09 6.817562254889454336e-09 6.781507739838435442e-09 6.732152887925170061e-09 6.705061094387755675e-09 6.804191653613944612e-09 6.765006009778910958e-09 6.823775674192175880e-09 6.799978300170068540e-09 6.812080176403060826e-09 6.733729649872448710e-09 6.857280631335034184e-09 6.813501454336734804e-09 6.845792473767008050e-09 6.820907797874149025e-09 6.794643520578231492e-09 6.874921703273809844e-09 6.826618874574830199e-09 6.745264364115645321e-09 6.825529552168365431e-09 6.776498635119046321e-09 6.843369486394558060e-09
6.782598941581631329e-09 6.842672232525509502e-09 6.875258693367347483e-09 6.812580656590133735e-09 6.819473245875848721e-09 6.750291707312924697e-09 6.849957340646257116e-09 6.788792477125850914e-09 6.735748986862243662e-09 6.799760848426868284e-09 6.729971256079933488e-09 6.840659292176871958e-09 6.852430896173469891e-09 6.679617692729591782e-09 6.803826189455781591e-09 6.844419617984692921e-09 6.785347485459183063e-09 6.755566516071426321e-09 6.790944439498298467e-09 6.790400737585033411e-09 6.756036166751699648e-09 6.819463965008502719e-09 6.817562254889454336e-09 6.822186522534010937e-09 6.785767700722787854e-09 6.737011350510202209e-09 6.710944898681971549e-09 6.806510662670067409e-09 6.768796674234692713e-09 6.826929526530611668e-09 6.804648935204082394e-09 6.816428592517007133e-09 6.739319040263604379e-09 6.858530723852038866e-09 6.815891593537414701e-09 6.846794861437073936e-09 6.823270453698978293e-09 6.797158849277210173e-09 6.876811050595236977e-09 6.829969097406461902e-09 6.750844042772108499e-09 6.828563680102039032e-09 6.779378300892857604e-09 6.846381002423468379e-09
6.749264574234692629e-09 6.805998796896258178e-09 6.838176217389453732e-09 6.777414934311224312e-09 6.784436519132654393e-09 6.718897230399658410e-09 6.813934536649658600e-09 6.755410479549319338e-09 6.704709881760203104e-09 6.764540200425169544e-09 6.698413773469385610e-09 6.806087148341836575e-09 6.815908388477891258e-09 6.649494188732993612e-09 6.769271230102040207e-09 6.807946505612244235e-09 6.751446844132652938e-09 6.723591107142855840e-09 6.758226649234693640e-09 6.757218446598638161e-09 6.724655600765305913e-09 6.784303822576530596e-09 6.781507739838435442e-09 6.785767700722787854e-09 6.753488433588435071e-09 6.704634067091837251e-09 6.680959579804420843e-09 6.771467624447278384e-09 6.735132547278910453e-09 6.791774853358843705e-09 6.771116098086733394e-09 6.782402520153060389e-09 6.707892424872447542e-09 6.821379325085033406e-09 6.780649568920067007e-09 6.809064792517005649e-09 6.787429799957481613e-09 6.763093328911564531e-09 6.841438815773808953e-09 6.794196282908163074e-09 6.719818680782312244e-09 6.792982337585033306e-09 6.745228849702380754e-09 6.810729409311223424e-09
6.701343148724490093e-09 6.755257177465986320e-09 6.787840315093536197e-09 6.728065475935373888e-09 6.735668171471089932e-09 6.672156113860540515e-09 6.764271561777210544e-09 6.706991729804421696e-09 6.658119525850340442e-09 6.715250928486394469e-09 6.651770364115646264e-09 6.756792320153060039e-09 6.765476088435374061e-09 6.603881043027211618e-09 6.720145829336735602e-09 6.758423807270409164e-09 6.703452319387754455e-09 6.676856743154761798e-09 6.710739904974489978e-09 6.709052815858843366e-09 6.678074390858843630e-09 6.735507439710884875e-09 6.732152887925170061e-09 6.737011350510202209e-09 6.704634067091837251e-09 6.658384824319728116e-09 6.634854076062924350e-09 6.722508492134353327e-09 6.687269078103740396e-09 6.742423070875850880e-09 6.723636278061224850e-09 6.733727369005102458e-09 6.661861526870748839e-09 6.770545524447280575e-09 6.731621255144558364e-09 6.758211696556122541e-09 6.737619126318025736e-09 6.714506703741495892e-09 6.791368354761903611e-09 6.744814877763605774e-09 6.672822220748299516e-09 6.744068197363945066e-09 6.697082042559522828e-09 6.760932107185374687e-09
6.676924535586734278e-09 6.727587870365645007e-09 6.759364321598636885e-09 6.701346049319727705e-09 6.710628906164964365e-09 6.650030002040814671e-09 6.736810293707480036e-09 6.683028012414963575e-09 6.636757730442175355e-09 6.688920765646256869e-09 6.629795381590135711e-09 6.731397859396257538e-09 6.738838201403060975e-09 6.583654189540815869e-09 6.694384675255100885e-09 6.731596234863944586e-09 6.678996012414965383e-09 6.655020642857141390e-09 6.687505616836734911e-09 6.684476591496596756e-09 6.656395489413264929e-09 6.709111286649658747e-09 6.705061094387755675e-09 6.710944898681971549e-09 6.680959579804420843e-09 6.634854076062924350e-09 6.615701198469385186e-09 6.696522472576529461e-09 6.663225193197278715e-09 6.715975211522107212e-09 6.700366056675169364e-09 6.709226758715984950e-09 6.640222646556121269e-09 6.742025341879251012e-09 6.705209546258503385e-09 6.728806225042515519e-09 6.710863667602039528e-09 6.689568822278910924e-09 6.764252186309523481e-09 6.718673790603740156e-09 6.651755872789115920e-09 6.718142418962584560e-09 6.672081400297618356e-09 6.734727680569728062e-09
6.767803741241495788e-09 6.829377877210884609e-09 6.862292058503401105e-09 6.799358197534011045e-09 6.805874021045916025e-09 6.736247955314625867e-09 6.836771265731292913e-09 6.774880375212584376e-09 6.720973211394556031e-09 6.785841406717688686e-09 6.715492401232991987e-09 6.827060292134352676e-09 6.839107526700680867e-09 6.664226269897958154e-09 6.790276470195577796e-09 6.829922721173468655e-09 6.771796325212584788e-09 6.741616751190477023e-09 6.777411076658163774e-09 6.776658902508502659e-09 6.741524200425169796e-09 6.805858050042515540e-09 6.804191653613944612e-09 6.806510662670067409e-09 6.771467624447278384e-09 6.722508492134353327e-09 6.696522472576529461e-09 6.794628296683672050e-09 6.754959019090137501e-09 6.813088695153060436e-09 6.790810219770408360e-09 6.802359952168367178e-09 6.724801126318026825e-09 6.845216135926869848e-09 6.803035407270408344e-09 6.833588959268708329e-09 6.810119889328229851e-09 6.784455729719387004e-09 6.864049596726189087e-09 6.816029462032312205e-09 6.736623584693876578e-09 6.814641585926870229e-09 6.766101971130951857e-09 6.832153816284013815e-09
6.731537401913265550e-09 6.789069977551021700e-09 6.821402599234693779e-09 6.760385309013604545e-09 6.768129898001701878e-09 6.701182150042517163e-09 6.797432062542515639e-09 6.737889952168367296e-09 6.687016194557822373e-09 6.747100388520407849e-09 6.681532074659862530e-09 6.788889230187073716e-09 6.799071521513604369e-09 6.631089593792517782e-09 6.752125851828230711e-09 6.791527613052720308e-09 6.734119520918368008e-09 6.706650030059524460e-09 6.741050558163266144e-09 6.739673583503401037e-09 6.707295327253400821e-09 6.767128740433673579e-09 6.765006009778910958e-09 6.768796674234692713e-09 6.735132547278910453e-09 6.687269078103740396e-09 6.663225193197278715e-09 6.754959019090137501e-09 6.719787390136054843e-09 6.774701742644558127e-09 6.754269030824829459e-09 6.764819007950681278e-09 6.690081968027211471e-09 6.805455762287414875e-09 6.763850801658162753e-09 6.792808662457482528e-09 6.771037236564626610e-09 6.746412858971089468e-09 6.824421147023808135e-09 6.777560334396258506e-09 6.702283091794218082e-09 6.776393508120746696e-09 6.728573685119047250e-09 6.794261625680273923e-09
6.788093250340135922e-09 6.849322240731292318e-09 6.881984284863944724e-09 6.819050442389453719e-09 6.825480612329932780e-09 6.755899964498298783e-09 6.856710562414966212e-09 6.794439335246597425e-09 6.740736225467686745e-09 6.805994650042517725e-09 6.735379148596937586e-09 6.846980668792518296e-09 6.858856277806123046e-09 6.683876143664966032e-09 6.810358273426870301e-09 6.850138403061224625e-09 6.791044739413265667e-09 6.760630435714286200e-09 6.796524554506801978e-09 6.796422253826531601e-09 6.761229693409864194e-09 6.825509219132652921e-09 6.823775674192175880e-09 6.826929526530611668e-09 6.791774853358843705e-09 6.742423070875850880e-09 6.715975211522107212e-09 6.813088695153060436e-09 6.774701742644558127e-09 6.833902456377552288e-09 6.809940373767006103e-09 6.822317221598638714e-09 6.744389591028911917e-09 6.865488329591837904e-09 6.822528607100340102e-09 6.853847195918367225e-09 6.829651372704080707e-09 6.803773334141156605e-09 6.883845626785714007e-09 6.836338041624147984e-09 6.756123930994897648e-09 6.834441773341837026e-09 6.785677827678571101e-09 6.852405513222789110e-09
6.767720318239796520e-09 6.824199338903061340e-09 6.856116601870746142e-09 6.795650508290815928e-09 6.804286056505102466e-09 6.738382193877550657e-09 6.832484150127548815e-09 6.773911496088436480e-09 6.724132814923470335e-09 6.782602750977890620e-09 6.717532021896259821e-09 6.824483875977891665e-09 6.834198866624149741e-09 6.668747123044216710e-09 6.787722842984693928e-09 6.826496066241497285e-09 6.770749254421768598e-09 6.742887077678572502e-09 6.777977143239795015e-09 6.775317231760203941e-09 6.744343108843537704e-09 6.802869096301019758e-09 6.799978300170068540e-09 6.804648935204082394e-09 6.771116098086733394e-09 6.723636278061224850e-09 6.700366056675169364e-09 6.790810219770408360e-09 6.754269030824829459e-09 6.809940373767006103e-09 6.792957827891155277e-09 6.801187378018707709e-09 6.728145797831632133e-09 6.838982003528912253e-09 6.799564552891156550e-09 6.826055666539115449e-09 6.806332984693876552e-09 6.782035478996598492e-09 6.859840978571426805e-09 6.812374767772109034e-09 6.739072550382652056e-09 6.812309591028911409e-09 6.764603780357142129e-09 6.829042606207483256e-09
6.779089439540815078e-09 6.837352046471087863e-09 6.869791548767005604e-09 6.808363329336734321e-09 6.815295298979591630e-09 6.747998249489795540e-09 6.844791974489796348e-09 6.784910982312922843e-09 6.733712348639456046e-09 6.794711423171768760e-09 6.727080826998298945e-09 6.836387896088433652e-09 6.847190798086735023e-09 6.677478303656462003e-09 6.799256432227892248e-09 6.839194514200681092e-09 6.781482317729591082e-09 6.752962472619048472e-09 6.787715514540815689e-09 6.787174222959182832e-09 6.753618716709183710e-09 6.815023085629250661e-09 6.812080176403060826e-09 6.816428592517007133e-09 6.782402520153060389e-09 6.733727369005102458e-09 6.709226758715984950e-09 6.802359952168367178e-09 6.764819007950681278e-09 6.822317221598638714e-09 6.801187378018707709e-09 6.813611079591837095e-09 6.736786602423468805e-09 6.852333371301020245e-09 6.811066613435373861e-09 6.840801904676869649e-09 6.818488700807822616e-09 6.793517611096936856e-09 6.872646962797617832e-09 6.825440930994897441e-09 6.748702552636053445e-09 6.823831550467688411e-09 6.775574424404760176e-09 6.841502775170069220e-09
6.704746371215986306e-09 6.756957360926872448e-09 6.788624000680272205e-09 6.730288754719387110e-09 6.738489423767007665e-09 6.676477706675170296e-09 6.765726427508502198e-09 6.710447488350339549e-09 6.662972624744898954e-09 6.717182308120750610e-09 6.656499929931973718e-09 6.759544793537412706e-09 6.767304406802721514e-09 6.609460708758502923e-09 6.721962182865646061e-09 6.760420663860544306e-09 6.707052392517006805e-09 6.681819511011905015e-09 6.715013275382652682e-09 6.711593664200680559e-09 6.682939545450680281e-09 6.738361021003400976e-09 6.733729649872448710e-09 6.739319040263604379e-09 6.707892424872447542e-09 6.661861526870748839e-09 6.640222646556121269e-09 6.724801126318026825e-09 6.690081968027211471e-09 6.744389591028911917e-09 6.728145797831632133e-09 6.736786602423468805e-09 6.668899305272107787e-09 6.770968383290817359e-09 6.733840204081633029e-09 6.757871941241496263e-09 6.739334221896258110e-09 6.717148606377551025e-09 6.792652055654761289e-09 6.746866385629251816e-09 6.678036105442176994e-09 6.746729537457484141e-09 6.699327224107141877e-09 6.762937429719388224e-09
6.817672068494898977e-09 6.883933966326532189e-09 6.916587388435373140e-09 6.852079513520410654e-09 6.856444350127550107e-09 6.783296915688776281e-09 6.890200609438777886e-09 6.824528664710884613e-09 6.767235448086735470e-09 6.838175493197280155e-09 6.763167761989794826e-09 6.879064618197278481e-09 6.893221403103742479e-09 6.708504824022109182e-09 6.842850410034012600e-09 6.884060095620746954e-09 6.821441458460885156e-09 6.788999881547619264e-09 6.825676555994898519e-09 6.826842625255101241e-09 6.788549066921768415e-09 6.857395880442177428e-09 6.857280631335034184e-09 6.858530723852038866e-09 6.821379325085033406e-09 6.770545524447280575e-09 6.742025341879251012e-09 6.845216135926869848e-09 6.805455762287414875e-09 6.865488329591837904e-09 6.838982003528912253e-09 6.852333371301020245e-09 6.770968383290817359e-09 6.902394748639457102e-09 6.855230384778912068e-09 6.890240828061224463e-09 6.862494081930271791e-09 6.835302949914965286e-09 6.917384941369047229e-09 6.869252675552722972e-09 6.783259467899659302e-09 6.866462192389454633e-09 6.816824565178570930e-09 6.885221265603741842e-09
6.776862834906463677e-09 6.838523124319727326e-09 6.871370651870747354e-09 6.808502966624149369e-09 6.814512862755102249e-09 6.745082308460886323e-09 6.845933618877549566e-09 6.783898096088436930e-09 6.729504217006802447e-09 6.795159438477892052e-09 6.724538907312925212e-09 6.836123444727889536e-09 6.848519508290816069e-09 6.672703931377551702e-09 6.799927842984694301e-09 6.839746276658162258e-09 6.780886069005102117e-09 6.750565271428571118e-09 6.786104066156462375e-09 6.785568952593538210e-09 6.750152940093536102e-09 6.815095552551020043e-09 6.813501454336734804e-09 6.815891593537414701e-09 6.780649568920067007e-09 6.731621255144558364e-09 6.705209546258503385e-09 6.803035407270408344e-09 6.763850801658162753e-09 6.822528607100340102e-09 6.799564552891156550e-09 6.811066613435373861e-09 6.733840204081633029e-09 6.855230384778912068e-09 6.813446186224489258e-09 6.843281972789114738e-09 6.818768580527210905e-09 6.793396091496599567e-09 6.873092516071428051e-09 6.825146211522108303e-09 6.745436171215986027e-09 6.823722986862244996e-09 6.774930903273809400e-09 6.841247358290815677e-09
6.805685305782313064e-09 6.872454342431972709e-09 6.905152573937074440e-09 6.840353945620746892e-09 6.844796595025511915e-09 6.770639833971087705e-09 6.878812231887755981e-09 6.812040036692175613e-09 6.754688264200680064e-09 6.826957419472788012e-09 6.750260765731292398e-09 6.866929981972788433e-09 6.881675518537414458e-09 6.695579108971088770e-09 6.830776773256802541e-09 6.872321889540815960e-09 6.809330817942175672e-09 6.776065350892856186e-09 6.812902703698979593e-09 6.815085354634352228e-09 6.775711054634352471e-09 6.846054660671767052e-09 6.845792473767008050e-09 6.846794861437073936e-09 6.809064792517005649e-09 6.758211696556122541e-09 6.728806225042515519e-09 6.833588959268708329e-09 6.792808662457482528e-09 6.853847195918367225e-09 6.826055666539115449e-09 6.840801904676869649e-09 6.757871941241496263e-09 6.890240828061224463e-09 6.843281972789114738e-09 6.880266430612243812e-09 6.850943877636053713e-09 6.823147903316326835e-09 6.905956105357142594e-09 6.857536005527210354e-09 6.770544285246597048e-09 6.854571286394556279e-09 6.805098087202379602e-09 6.873557991454080876e-09
