6.327813337414965335e-09 6.346312268920067070e-09 6.370652276147958793e-09 6.327915844047618365e-09 6.333881076785714592e-09 6.274095467431973079e-09 6.358914802508502338e-09 6.308724748894557040e-09 6.257476173129251021e-09 6.305082446726189392e-09 6.251365890263605283e-09 6.345293559141156416e-09 6.362493182610542844e-09 6.203960780442176747e-09 6.321880428996595737e-09 6.358189527636054415e-09 6.303646013052720031e-09 6.277011369005101613e-09 6.299311983248299766e-09 6.294877915901360513e-09 6.282697499787414848e-09 6.335099312585032265e-09 6.327711747576529136e-09 6.336438261564623909e-09 6.296929312755102580e-09 6.277485293197277967e-09 6.255417415731292241e-09 6.321246823341836727e-09 6.272510941326530455e-09 6.332503860841835803e-09 6.326359820748299929e-09 6.320513581717686810e-09 6.269148048937074367e-09 6.364671876785713663e-09 6.327829535671766768e-09 6.363682932397958663e-09 6.342675180017007138e-09 6.320033466241495705e-09 6.375546243962586156e-09 6.358179201275509829e-09 6.265974132057821068e-09 6.330100088180270561e-09 6.293608306760205541e-09 6.352246908248299828e-09
6.346312268920067070e-09 6.375806282993196993e-09 6.397983689370747541e-09 6.352809268154761845e-09 6.355564190178571103e-09 6.290706250552720149e-09 6.384087003316327446e-09 6.328861985544217896e-09 6.272006266241495472e-09 6.328544656547619669e-09 6.266635111139456302e-09 6.368462573384352629e-09 6.389425941028913046e-09 6.215725628698978665e-09 6.345679731590136635e-09 6.382188525977894375e-09 6.323920492644558174e-09 6.293568941156461409e-09 6.317576862670070037e-09 6.315494407780609973e-09 6.298404237925168344e-09 6.357843689413265629e-09 6.352557444430272244e-09 6.359030251870749800e-09 6.316535864073129515e-09 6.295210178188774512e-09 6.267585703954081877e-09 6.344322613732993842e-09 6.293479729846938398e-09 6.356680632482995740e-09 6.344622535586735523e-09 6.341737865731290903e-09 6.283852439625850990e-09 6.393937638095238982e-09 6.351107653656463056e-09 6.393106233120748985e-09 6.367507179549319657e-09 6.341166090433674756e-09 6.401741541241496870e-09 6.382934853698979539e-09 6.282096073384354177e-09 6.354359225722790551e-09 6.315154821896258635e-09 6.376022662670069463e-09
6.370652276147958793e-09 6.397983689370747541e-09 6.424330502210883003e-09 6.376611457440475562e-09 6.379162871726190992e-09 6.314003627168367360e-09 6.407682681760204248e-09 6.352424856590135704e-09 6.295207162755100375e-09 6.352935657738094350e-09 6.289428780399660386e-09 6.392668638052720215e-09 6.413217185799319597e-09 6.238846499447277439e-09 6.369219331462584950e-09 6.406348439413264236e-09 6.347726014413265169e-09 6.317089300722788696e-09 6.341247107397958157e-09 6.339091660331630591e-09 6.321769728911565159e-09 6.382024009268707537e-09 6.377027727508502084e-09 6.382998239710882591e-09 6.339943046556121271e-09 6.318825287670067230e-09 6.291631491794217134e-09 6.368695940093536600e-09 6.317118621258503037e-09 6.380659448426869564e-09 6.368297684481292768e-09 6.365989128061224207e-09 6.306992504974489590e-09 6.418461675892854926e-09 6.375810023639454711e-09 6.418310829294217358e-09 6.391562186437074853e-09 6.365596168239795763e-09 6.426258183588435906e-09 6.406571657780612054e-09 6.304955123469387691e-09 6.377880505399657254e-09 6.338846528528910499e-09 6.399793334481291531e-09
6.327915844047618365e-09 6.352809268154761845e-09 6.376611457440475562e-09 6.334297883333333556e-09 6.335691702083332739e-09 6.273783297321427916e-09 6.363274008928571115e-09 6.310532605952379409e-09 6.255732391964285083e-09 6.308562754166666765e-09 6.249848845535714844e-09 6.348471481547618608e-09 6.367853359821427178e-09 6.200647330952380998e-09 6.325689602678571480e-09 6.361734072023809293e-09 6.305026344940477163e-09 6.276523697023810871e-09 6.299732439880952406e-09 6.296275475595236998e-09 6.281431791369046575e-09 6.338274035119047169e-09 6.332278563690476407e-09 6.339290865773807158e-09 6.298605359523808289e-09 6.278174544642857662e-09 6.252361599107144349e-09 6.324855713095237610e-09 6.274351044940476034e-09 6.336572640178571277e-09 6.326557441964285834e-09 6.322943043154761786e-09 6.267633556845236473e-09 6.371465306249997906e-09 6.331291338690475623e-09 6.370724930357143438e-09 6.346836549107141776e-09 6.322383041071428990e-09 6.380530766964284382e-09 6.362105301785712353e-09 6.265133348214285479e-09 6.334696060119044400e-09 6.295730504464285377e-09 6.355268189880950634e-09
6.333881076785714592e-09 6.355564190178571103e-09 6.379162871726190992e-09 6.335691702083332739e-09 6.342780525000000054e-09 6.280564388095238368e-09 6.367399755654763084e-09 6.315561669047618830e-09 6.263445462202381571e-09 6.313235275000000156e-09 6.257435096130951961e-09 6.352994058035713526e-09 6.370961067261906545e-09 6.208945321130954406e-09 6.329935818154763698e-09 6.366095363392856829e-09 6.310712084226187943e-09 6.282777217559523248e-09 6.306015170535715972e-09 6.302728447321430907e-09 6.288429471130953473e-09 6.342695202380949796e-09 6.335748734226189923e-09 6.343823530059522187e-09 6.303928119642856980e-09 6.283489001190476966e-09 6.260305405059523884e-09 6.328971193154761019e-09 6.280088698809525770e-09 6.340863061904762388e-09 6.333353547619048854e-09 6.328192948511903683e-09 6.274758274404761059e-09 6.373752049999999245e-09 6.335740342559524855e-09 6.372770315476190058e-09 6.350915902976189807e-09 6.327030881845238538e-09 6.384258108035716216e-09 6.366466800297620052e-09 6.272103726785711128e-09 6.338194319047619626e-09 6.301042705952380129e-09 6.360492549702380633e-09
6.274095467431973079e-09 6.290706250552720149e-09 6.314003627168367360e-09 6.273783297321427916e-09 6.280564388095238368e-09 6.225057563945577381e-09 6.303788373256802579e-09 6.256569472448978169e-09 6.207077960586735385e-09 6.251532852380951194e-09 6.201468077210883684e-09 6.291837005229590861e-09 6.306616631505101823e-09 6.156096094770405212e-09 6.268085941113946472e-09 6.302965770025510019e-09 6.251493926275509918e-09 6.225859997704082295e-09 6.247533373681970902e-09 6.242441075637754738e-09 6.232089076913266118e-09 6.281718040901360570e-09 6.272825692644556152e-09 6.282672202168366767e-09 6.244978026870748229e-09 6.226345021641155550e-09 6.205833462585032027e-09 6.267582342006804338e-09 6.220519723894558576e-09 6.278844158673470433e-09 6.274363446598639625e-09 6.267785399957484267e-09 6.219563876232992082e-09 6.307938663095236504e-09 6.273633431037415756e-09 6.307095716751699192e-09 6.287209913180272114e-09 6.266778507993198959e-09 6.320468318920068307e-09 6.303490657270408367e-09 6.216169513562925123e-09 6.276403385544217885e-09 6.240640378741496921e-09 6.297408344515307359e-09
6.358914802508502338e-09 6.384087003316327446e-09 6.407682681760204248e-09 6.363274008928571115e-09 6.367399755654763084e-09 6.303788373256802579e-09 6.396203543707483424e-09 6.340857920110543796e-09 6.285626186437075147e-09 6.339666091369047237e-09 6.280542619515307310e-09 6.379667650127550247e-09 6.399660903613946804e-09 6.230266524872449124e-09 6.356551777933675537e-09 6.393902543069728215e-09 6.335620113903060778e-09 6.306223423724491653e-09 6.330420185841835400e-09 6.327693199659865277e-09 6.311212005229592978e-09 6.368997387074829603e-09 6.363057657950679539e-09 6.370279685926870137e-09 6.328523779974490438e-09 6.308152681930273443e-09 6.281957702593538141e-09 6.355490404124149307e-09 6.305081301700681176e-09 6.367466795790816126e-09 6.357854552508503504e-09 6.353693289328231096e-09 6.297458144897957960e-09 6.403320641071428982e-09 6.362464857057823724e-09 6.402129992176872456e-09 6.378511289498298713e-09 6.352803493792518325e-09 6.411821186437075868e-09 6.394028743622446689e-09 6.295159666794218090e-09 6.365489838265304874e-09 6.326798039115646799e-09 6.387295662925170546e-09
6.308724748894557040e-09 6.328861985544217896e-09 6.352424856590135704e-09 6.310532605952379409e-09 6.315561669047618830e-09 6.256569472448978169e-09 6.340857920110543796e-09 6.292321977295918217e-09 6.239561931930271066e-09 6.287252111607142724e-09 6.233788625510203982e-09 6.327650904251700118e-09 6.344079069770407408e-09 6.186218299914965876e-09 6.304373633205784016e-09 6.339603330102040642e-09 6.286082153018706861e-09 6.259217586649658824e-09 6.281558578061223321e-09 6.277004477551019959e-09 6.265176520153061373e-09 6.317471761522107540e-09 6.310101080994897488e-09 6.318264769090135661e-09 6.279594897066326756e-09 6.259990474064625980e-09 6.237154871173468295e-09 6.303111028443875985e-09 6.254488416411563087e-09 6.314969795110546255e-09 6.308013815561224005e-09 6.302850193579930802e-09 6.251498517431971254e-09 6.346678891964284362e-09 6.309853259566326707e-09 6.345990412840136513e-09 6.324531875637755068e-09 6.301990773639457370e-09 6.357728365263605692e-09 6.339967006164964131e-09 6.249012031335033380e-09 6.312853221343535748e-09 6.275727396215986392e-09 6.333636550977891054e-09
6.257476173129251021e-09 6.272006266241495472e-09 6.295207162755100375e-09 6.255732391964285083e-09 6.263445462202381571e-09 6.207077960586735385e-09 6.285626186437075147e-09 6.239561931930271066e-09 6.192983175510202965e-09 6.233134263392856557e-09 6.185969150382652954e-09 6.273590438605442909e-09 6.287632309098636881e-09 6.140032603061225404e-09 6.250319373341835594e-09 6.285544393409863171e-09 6.234116330909862241e-09 6.209881278528910958e-09 6.231096379379251536e-09 6.225317599829932312e-09 6.215829484906460463e-09 6.263998191454081238e-09 6.254816909183672621e-09 6.265143698171767559e-09 6.228033138945580028e-09 6.209431087840136943e-09 6.190065185671768123e-09 6.248805515603741790e-09 6.202895932100339394e-09 6.260954978103742864e-09 6.257052460629251405e-09 6.250551254039117218e-09 6.203256478698977633e-09 6.288602639285713981e-09 6.255312426445577043e-09 6.287733977338436061e-09 6.269526152040816257e-09 6.249196396896259502e-09 6.301871156760204103e-09 6.285330173894559450e-09 6.200000557355440826e-09 6.258520242049318717e-09 6.222841269557824876e-09 6.280063335629253241e-09
6.305082446726189392e-09 6.328544656547619669e-09 6.352935657738094350e-09 6.308562754166666765e-09 6.313235275000000156e-09 6.251532852380951194e-09 6.339666091369047237e-09 6.287252111607142724e-09 6.233134263392856557e-09 6.287716912499998268e-09 6.227970672023809697e-09 6.325429096726190223e-09 6.344423906547617518e-09 6.179072953273810831e-09 6.302216014285712904e-09 6.338637732738095588e-09 6.282915849404762871e-09 6.254239859821426906e-09 6.277375836309522702e-09 6.273484128869048190e-09 6.259169863690477267e-09 6.315257901190477634e-09 6.309143547321427758e-09 6.316348899404761318e-09 6.275711368154762440e-09 6.255514088095236999e-09 6.230790243154761785e-09 6.301758601785713298e-09 6.252291741071428045e-09 6.313627241369049211e-09 6.304289838392858032e-09 6.299756702380952075e-09 6.245737735119044860e-09 6.348335997916666618e-09 6.308787676488093962e-09 6.347972870238096614e-09 6.323851745238095722e-09 6.299200671130952569e-09 6.357134652976190241e-09 6.338949784523809997e-09 6.242831544642857528e-09 6.311030149107141162e-09 6.273323200892856883e-09 6.332543132142858338e-09
6.251365890263605283e-09 6.266635111139456302e-09 6.289428780399660386e-09 6.249848845535714844e-09 6.257435096130951961e-09 6.201468077210883684e-09 6.280542619515307310e-09 6.233788625510203982e-09 6.185969150382652954e-09 6.227970672023809697e-09 6.181329365391155265e-09 6.267596281037413653e-09 6.282577653698978929e-09 6.134529975212584904e-09 6.244561899277211213e-09 6.279970137244896692e-09 6.228288201828231748e-09 6.204311879209182404e-09 6.225088446513606163e-09 6.219785172789116825e-09 6.210309607950682316e-09 6.258098351403060054e-09 6.249581319387754751e-09 6.259711811649660446e-09 6.222473354209183564e-09 6.203966283588436888e-09 6.184286074149660753e-09 6.243281021598640651e-09 6.197445858971088752e-09 6.255764907015306601e-09 6.251528915263603897e-09 6.244588035841836884e-09 6.197778491836735700e-09 6.283272600297619541e-09 6.249915983375850373e-09 6.282864634566327427e-09 6.263834939030614169e-09 6.243399415901360255e-09 6.296379071215987263e-09 6.280509593962585864e-09 6.194422366454082898e-09 6.253133759141158320e-09 6.217346233418365445e-09 6.274115204846938379e-09
6.345293559141156416e-09 6.368462573384352629e-09 6.392668638052720215e-09 6.348471481547618608e-09 6.352994058035713526e-09 6.291837005229590861e-09 6.379667650127550247e-09 6.327650904251700118e-09 6.273590438605442909e-09 6.325429096726190223e-09 6.267596281037413653e-09 6.366964630867346695e-09 6.383786937074829985e-09 6.219121119132652687e-09 6.342630451615647296e-09 6.378529829124147009e-09 6.322592045790815779e-09 6.293802395493195623e-09 6.317064427891158228e-09 6.313504136437073781e-09 6.298917965561224604e-09 6.354703351275510250e-09 6.348321976147958424e-09 6.356285708886053132e-09 6.315749653826533092e-09 6.295491050042516737e-09 6.271142563052721783e-09 6.341164941794216098e-09 6.291347415731292550e-09 6.353160483460883232e-09 6.343839679974490687e-09 6.339786915348639767e-09 6.285931490306120359e-09 6.387539712202381822e-09 6.348006353826528784e-09 6.386942679719387887e-09 6.363186350255100330e-09 6.339346454039114803e-09 6.396822192772109580e-09 6.378630729549320229e-09 6.283062503784013797e-09 6.350847547704079445e-09 6.312950161819728372e-09 6.372413194557823351e-09
6.362493182610542844e-09 6.389425941028913046e-09 6.413217185799319597e-09 6.367853359821427178e-09 6.370961067261906545e-09 6.306616631505101823e-09 6.399660903613946804e-09 6.344079069770407408e-09 6.287632309098636881e-09 6.344423906547617518e-09 6.282577653698978929e-09 6.383786937074829985e-09 6.406237711564624465e-09 6.231843273341837124e-09 6.361041298554421424e-09 6.398202280739796337e-09 6.339450130739796035e-09 6.309251027168367762e-09 6.333384084693877621e-09 6.331012587244896089e-09 6.313562599234693184e-09 6.373407377806123176e-09 6.368076695025510309e-09 6.374590831632652473e-09 6.332160437585033872e-09 6.310836613010204641e-09 6.284974167049319603e-09 6.360339618197278083e-09 6.309198999192177255e-09 6.371857859863946096e-09 6.360769105527211620e-09 6.357309890433673390e-09 6.299654848256801387e-09 6.409186525595237515e-09 6.367331275085034339e-09 6.408212421215986693e-09 6.382893703061224231e-09 6.356595323469387382e-09 6.416539038265306423e-09 6.398456102508503217e-09 6.297657674574828367e-09 6.369275203698978687e-09 6.330883379336735279e-09 6.391703484693878113e-09
6.203960780442176747e-09 6.215725628698978665e-09 6.238846499447277439e-09 6.200647330952380998e-09 6.208945321130954406e-09 6.156096094770405212e-09 6.230266524872449124e-09 6.186218299914965876e-09 6.140032603061225404e-09 6.179072953273810831e-09 6.134529975212584904e-09 6.219121119132652687e-09 6.231843273341837124e-09 6.092335455867347049e-09 6.195913773384353230e-09 6.229675933375849608e-09 6.180721227125849326e-09 6.157748602423469341e-09 6.178167770025510426e-09 6.172160857312925721e-09 6.164702134438775035e-09 6.208882944557822700e-09 6.199755211352040427e-09 6.210661974447277444e-09 6.175425556590136228e-09 6.158132306207483044e-09 6.140384547363945011e-09 6.194738085289115033e-09 6.150124919685374671e-09 6.206203618622449317e-09 6.204504980442175687e-09 6.196861626318027254e-09 6.152981995110543465e-09 6.231939879464286580e-09 6.201022700340136036e-09 6.230577105697278135e-09 6.214123172661563946e-09 6.195532554294219221e-09 6.246235553061224178e-09 6.229979668367346481e-09 6.148857560799318781e-09 6.203785033545918275e-09 6.169612771513605165e-09 6.224409965858843188e-09
6.321880428996595737e-09 6.345679731590136635e-09 6.369219331462584950e-09 6.325689602678571480e-09 6.329935818154763698e-09 6.268085941113946472e-09 6.356551777933675537e-09 6.304373633205784016e-09 6.250319373341835594e-09 6.302216014285712904e-09 6.244561899277211213e-09 6.342630451615647296e-09 6.361041298554421424e-09 6.195913773384353230e-09 6.320623791326529867e-09 6.355919134438774583e-09 6.299319896938776696e-09 6.270422510926870515e-09 6.293388210246599091e-09 6.290859529719386528e-09 6.275553880824830409e-09 6.331457960586734081e-09 6.325417922236393731e-09 6.332641614795918020e-09 6.292785456760203802e-09 6.272459540561223938e-09 6.247795425212584242e-09 6.318012146683672912e-09 6.268248236819728109e-09 6.330407988350339437e-09 6.320575235246598749e-09 6.316293586352040419e-09 6.262203633290815629e-09 6.364398276488095371e-09 6.325096460926871132e-09 6.363699862712585846e-09 6.340398787117347459e-09 6.316141674149659348e-09 6.373802746258502134e-09 6.355687144217686905e-09 6.259888245365645594e-09 6.327775732610543595e-09 6.289994846853742031e-09 6.349236151913264104e-09
6.358189527636054415e-09 6.382188525977894375e-09 6.406348439413264236e-09 6.361734072023809293e-09 6.366095363392856829e-09 6.302965770025510019e-09 6.393902543069728215e-09 6.339603330102040642e-09 6.285544393409863171e-09 6.338637732738095588e-09 6.279970137244896692e-09 6.378529829124147009e-09 6.398202280739796337e-09 6.229675933375849608e-09 6.355919134438774583e-09 6.393993734948978625e-09 6.334882278698979075e-09 6.305821356675169350e-09 6.329458915136055085e-09 6.326405040391156450e-09 6.310543133673469076e-09 6.367865864030613329e-09 6.362058514710883369e-09 6.369271181079932011e-09 6.327773921258503237e-09 6.307668358801020034e-09 6.282165637329930927e-09 6.354068976403060698e-09 6.304210839710883116e-09 6.366769436819728271e-09 6.357006754719387943e-09 6.352270133418366880e-09 6.297082970450680805e-09 6.401683013392857195e-09 6.361291719175170102e-09 6.401086606079931379e-09 6.377216223639454635e-09 6.351896419430271218e-09 6.410352285076531619e-09 6.392723177125850457e-09 6.294953904124149306e-09 6.363937447661564401e-09 6.325522925850339593e-09 6.386097840136053836e-09
6.303646013052720031e-09 6.323920492644558174e-09 6.347726014413265169e-09 6.305026344940477163e-09 6.310712084226187943e-09 6.251493926275509918e-09 6.335620113903060778e-09 6.286082153018706861e-09 6.234116330909862241e-09 6.282915849404762871e-09 6.228288201828231748e-09 6.322592045790815779e-09 6.339450130739796035e-09 6.180721227125849326e-09 6.299319896938776696e-09 6.334882278698979075e-09 6.281867705782313874e-09 6.254142131675170040e-09 6.276325717219388053e-09 6.272064963307823015e-09 6.259099331590135344e-09 6.312514230697280350e-09 6.305278200127550641e-09 6.313283766496598092e-09 6.273866971258503100e-09 6.254765304634352228e-09 6.231998858163264759e-09 6.298690899319726425e-09 6.250122848044217469e-09 6.310116553486394082e-09 6.303279825552721794e-09 6.297483631335033827e-09 6.246085918367346381e-09 6.342206282142857425e-09 6.305304200425171069e-09 6.341835453996598702e-09 6.319559454889455370e-09 6.297134065263605464e-09 6.353061322576531193e-09 6.335295304209182975e-09 6.242910341624148213e-09 6.307638160161563696e-09 6.270830686267007017e-09 6.328919760969387709e-09
6.277011369005101613e-09 6.293568941156461409e-09 6.317089300722788696e-09 6.276523697023810871e-09 6.282777217559523248e-09 6.225859997704082295e-09 6.306223423724491653e-09 6.259217586649658824e-09 6.209881278528910958e-09 6.254239859821426906e-09 6.204311879209182404e-09 6.293802395493195623e-09 6.309251027168367762e-09 6.157748602423469341e-09 6.270422510926870515e-09 6.305821356675169350e-09 6.254142131675170040e-09 6.230369799234693119e-09 6.250300298171768210e-09 6.244612389795917694e-09 6.234845856887755688e-09 6.283998266411564109e-09 6.275761857270406820e-09 6.285315444472788413e-09 6.247404563818026033e-09 6.228778351658161668e-09 6.208378938222788653e-09 6.269694621641155278e-09 6.222763536437073136e-09 6.281140646641155662e-09 6.276654514838435273e-09 6.269760500680270671e-09 6.222177392772107917e-09 6.310863544642857154e-09 6.276488707568026492e-09 6.310189873639455463e-09 6.290150864115644937e-09 6.269369115858843970e-09 6.323069301445577889e-09 6.306523354506801840e-09 6.218503968409863234e-09 6.279382356292514921e-09 6.242887204719388485e-09 6.299855044005102263e-09
6.299311983248299766e-09 6.317576862670070037e-09 6.341247107397958157e-09 6.299732439880952406e-09 6.306015170535715972e-09 6.247533373681970902e-09 6.330420185841835400e-09 6.281558578061223321e-09 6.231096379379251536e-09 6.277375836309522702e-09 6.225088446513606163e-09 6.317064427891158228e-09 6.333384084693877621e-09 6.178167770025510426e-09 6.293388210246599091e-09 6.329458915136055085e-09 6.276325717219388053e-09 6.250300298171768210e-09 6.273027954081632535e-09 6.267221905484693410e-09 6.255938106037414298e-09 6.307210352168367004e-09 6.299159176743196841e-09 6.308266115731292528e-09 6.269568569005101416e-09 6.250565561947278626e-09 6.228942851147960300e-09 6.292562154591836636e-09 6.245356237159864025e-09 6.304455227508504297e-09 6.299325066581633685e-09 6.293002765051019978e-09 6.243104486437074632e-09 6.335429535119048668e-09 6.299316398171769347e-09 6.334257863647958301e-09 6.314073977933673300e-09 6.291684147491497462e-09 6.346947433545917954e-09 6.329449692942177587e-09 6.239752865391157508e-09 6.302361856930271694e-09 6.265678725510204407e-09 6.323672326998299055e-09
6.294877915901360513e-09 6.315494407780609973e-09 6.339091660331630591e-09 6.296275475595236998e-09 6.302728447321430907e-09 6.242441075637754738e-09 6.327693199659865277e-09 6.277004477551019959e-09 6.225317599829932312e-09 6.273484128869048190e-09 6.219785172789116825e-09 6.313504136437073781e-09 6.331012587244896089e-09 6.172160857312925721e-09 6.290859529719386528e-09 6.326405040391156450e-09 6.272064963307823015e-09 6.244612389795917694e-09 6.267221905484693410e-09 6.265145009778910259e-09 6.250178775170068378e-09 6.303512984098639734e-09 6.296371101105442291e-09 6.304690874914966185e-09 6.265264943962585994e-09 6.245972478358843034e-09 6.223343495748299113e-09 6.289813970493196845e-09 6.241637684438776455e-09 6.301640210076529996e-09 6.294229086734693331e-09 6.289329302125850057e-09 6.237137755017005861e-09 6.333449182738094334e-09 6.296464516879250480e-09 6.333056145748299985e-09 6.310472990986393346e-09 6.288483481590136001e-09 6.344696720663265354e-09 6.327174509396259286e-09 6.234286711437074125e-09 6.298620308205782640e-09 6.262270456675169974e-09 6.320829103401360993e-09
6.282697499787414848e-09 6.298404237925168344e-09 6.321769728911565159e-09 6.281431791369046575e-09 6.288429471130953473e-09 6.232089076913266118e-09 6.311212005229592978e-09 6.265176520153061373e-09 6.215829484906460463e-09 6.259169863690477267e-09 6.210309607950682316e-09 6.298917965561224604e-09 6.313562599234693184e-09 6.164702134438775035e-09 6.275553880824830409e-09 6.310543133673469076e-09 6.259099331590135344e-09 6.234845856887755688e-09 6.255938106037414298e-09 6.250178775170068378e-09 6.242564433843537404e-09 6.289416525212584703e-09 6.280681486649658461e-09 6.290433908078230728e-09 6.253481925637754590e-09 6.234875203826530070e-09 6.214468685161563450e-09 6.274495561479591471e-09 6.228061878316326593e-09 6.286749394812924752e-09 6.282482976870748488e-09 6.275400570960885174e-09 6.228559050467686216e-09 6.315051704464286061e-09 6.281057081887753999e-09 6.314268033078231122e-09 6.295215733375850540e-09 6.274800369770407416e-09 6.327996105739796410e-09 6.311023367772108866e-09 6.225395517644557222e-09 6.284271422534013596e-09 6.248451603358842936e-09 6.304977418537414770e-09
6.335099312585032265e-09 6.357843689413265629e-09 6.382024009268707537e-09 6.338274035119047169e-09 6.342695202380949796e-09 6.281718040901360570e-09 6.368997387074829603e-09 6.317471761522107540e-09 6.263998191454081238e-09 6.315257901190477634e-09 6.258098351403060054e-09 6.354703351275510250e-09 6.373407377806123176e-09 6.208882944557822700e-09 6.331457960586734081e-09 6.367865864030613329e-09 6.312514230697280350e-09 6.283998266411564109e-09 6.307210352168367004e-09 6.303512984098639734e-09 6.289416525212584703e-09 6.345839233248300795e-09 6.338023660756802604e-09 6.345746075935374101e-09 6.305038566411566026e-09 6.284774633886054140e-09 6.260400350935374720e-09 6.331149018324829990e-09 6.281650017006802495e-09 6.343005672491496898e-09 6.333729343835034067e-09 6.329755349532312117e-09 6.275326682312925389e-09 6.376624475297618374e-09 6.337518376828231435e-09 6.376229984268708076e-09 6.352479299149660142e-09 6.329060106675171448e-09 6.386607351870748485e-09 6.368476675807823438e-09 6.272867195025509512e-09 6.340226122236393440e-09 6.302604295323129767e-09 6.362272164668366563e-09
6.327711747576529136e-09 6.352557444430272244e-09 6.377027727508502084e-09 6.332278563690476407e-09 6.335748734226189923e-09 6.272825692644556152e-09 6.363057657950679539e-09 6.310101080994897488e-09 6.254816909183672621e-09 6.309143547321427758e-09 6.249581319387754751e-09 6.348321976147958424e-09 6.368076695025510309e-09 6.199755211352040427e-09 6.325417922236393731e-09 6.362058514710883369e-09 6.305278200127550641e-09 6.275761857270406820e-09 6.299159176743196841e-09 6.296371101105442291e-09 6.280681486649658461e-09 6.338023660756802604e-09 6.333659619472788359e-09 6.339425065008501075e-09 6.297783778103741826e-09 6.277491254039115473e-09 6.251751692091837123e-09 6.324656955867345335e-09 6.274101159056121857e-09 6.336645430867346583e-09 6.326273882993196710e-09 6.322478528954081540e-09 6.266941514498299344e-09 6.372078557142857758e-09 6.331780880187075187e-09 6.371999158758503954e-09 6.346941901318027303e-09 6.322084546215986138e-09 6.380786021683673507e-09 6.362185192602041173e-09 6.264257144897958210e-09 6.334197273554421090e-09 6.295805941624148562e-09 6.355797153826529898e-09
6.336438261564623909e-09 6.359030251870749800e-09 6.382998239710882591e-09 6.339290865773807158e-09 6.343823530059522187e-09 6.282672202168366767e-09 6.370279685926870137e-09 6.318264769090135661e-09 6.265143698171767559e-09 6.316348899404761318e-09 6.259711811649660446e-09 6.356285708886053132e-09 6.374590831632652473e-09 6.210661974447277444e-09 6.332641614795918020e-09 6.369271181079932011e-09 6.313283766496598092e-09 6.285315444472788413e-09 6.308266115731292528e-09 6.304690874914966185e-09 6.290433908078230728e-09 6.345746075935374101e-09 6.339425065008501075e-09 6.347770427210883401e-09 6.306564179889454957e-09 6.286334827253400908e-09 6.262193216794217008e-09 6.331958404676870940e-09 6.282683775425168793e-09 6.343977604676869988e-09 6.334990055314624967e-09 6.330902234311222684e-09 6.276898392474489058e-09 6.377752244642857943e-09 6.338466240306122311e-09 6.377282460544217349e-09 6.353920469770406240e-09 6.329911197406462129e-09 6.387342227338435327e-09 6.369817805697278386e-09 6.274262654719386982e-09 6.341551197066326053e-09 6.303700343112244227e-09 6.363325767814624972e-09
6.296929312755102580e-09 6.316535864073129515e-09 6.339943046556121271e-09 6.298605359523808289e-09 6.303928119642856980e-09 6.244978026870748229e-09 6.328523779974490438e-09 6.279594897066326756e-09 6.228033138945580028e-09 6.275711368154762440e-09 6.222473354209183564e-09 6.315749653826533092e-09 6.332160437585033872e-09 6.175425556590136228e-09 6.292785456760203802e-09 6.327773921258503237e-09 6.273866971258503100e-09 6.247404563818026033e-09 6.269568569005101416e-09 6.265264943962585994e-09 6.253481925637754590e-09 6.305038566411566026e-09 6.297783778103741826e-09 6.306564179889454957e-09 6.268755557568026385e-09 6.248657064158163261e-09 6.226434550722789775e-09 6.291029621641156839e-09 6.243057426020408922e-09 6.303380929974489346e-09 6.296350891921768980e-09 6.290935315263604788e-09 6.240490153188774511e-09 6.334227205059523309e-09 6.297479380484692457e-09 6.333735367389455563e-09 6.312509524532313327e-09 6.290058797108844238e-09 6.345464713945579369e-09 6.328023985756803363e-09 6.237333393409864732e-09 6.300769672959183558e-09 6.263846317219387890e-09 6.321683335671768781e-09
6.277485293197277967e-09 6.295210178188774512e-09 6.318825287670067230e-09 6.278174544642857662e-09 6.283489001190476966e-09 6.226345021641155550e-09 6.308152681930273443e-09 6.259990474064625980e-09 6.209431087840136943e-09 6.255514088095236999e-09 6.203966283588436888e-09 6.295491050042516737e-09 6.310836613010204641e-09 6.158132306207483044e-09 6.272459540561223938e-09 6.307668358801020034e-09 6.254765304634352228e-09 6.228778351658161668e-09 6.250565561947278626e-09 6.245972478358843034e-09 6.234875203826530070e-09 6.284774633886054140e-09 6.277491254039115473e-09 6.286334827253400908e-09 6.248657064158163261e-09 6.231054122448980757e-09 6.208662981420067260e-09 6.270905861096939899e-09 6.223654970705782471e-09 6.282977142346938282e-09 6.277273416113944888e-09 6.270758029081633145e-09 6.222601485799317339e-09 6.313068374107143621e-09 6.277573012074828125e-09 6.312629187670068226e-09 6.291744865943877277e-09 6.270720122236395438e-09 6.324633694090136404e-09 6.307440704124149346e-09 6.219083745875849881e-09 6.280510360671768480e-09 6.244281376232993243e-09 6.301162986947278850e-09
6.255417415731292241e-09 6.267585703954081877e-09 6.291631491794217134e-09 6.252361599107144349e-09 6.260305405059523884e-09 6.205833462585032027e-09 6.281957702593538141e-09 6.237154871173468295e-09 6.190065185671768123e-09 6.230790243154761785e-09 6.184286074149660753e-09 6.271142563052721783e-09 6.284974167049319603e-09 6.140384547363945011e-09 6.247795425212584242e-09 6.282165637329930927e-09 6.231998858163264759e-09 6.208378938222788653e-09 6.228942851147960300e-09 6.223343495748299113e-09 6.214468685161563450e-09 6.260400350935374720e-09 6.251751692091837123e-09 6.262193216794217008e-09 6.226434550722789775e-09 6.208662981420067260e-09 6.191644823044217283e-09 6.246628310926870027e-09 6.200739477508501795e-09 6.257727556760205215e-09 6.255523034481292719e-09 6.247619132227890658e-09 6.202859288307821900e-09 6.284877652976191284e-09 6.253397423639454508e-09 6.284191520960884989e-09 6.265998503103741315e-09 6.247191232823129910e-09 6.298529444005101562e-09 6.282172757780612296e-09 6.198825288052720569e-09 6.255017963732992679e-09 6.220933563945577986e-09 6.276405165731293123e-09
6.321246823341836727e-09 6.344322613732993842e-09 6.368695940093536600e-09 6.324855713095237610e-09 6.328971193154761019e-09 6.267582342006804338e-09 6.355490404124149307e-09 6.303111028443875985e-09 6.248805515603741790e-09 6.301758601785713298e-09 6.243281021598640651e-09 6.341164941794216098e-09 6.360339618197278083e-09 6.194738085289115033e-09 6.318012146683672912e-09 6.354068976403060698e-09 6.298690899319726425e-09 6.269694621641155278e-09 6.292562154591836636e-09 6.289813970493196845e-09 6.274495561479591471e-09 6.331149018324829990e-09 6.324656955867345335e-09 6.331958404676870940e-09 6.291029621641156839e-09 6.270905861096939899e-09 6.246628310926870027e-09 6.319010185374149896e-09 6.267966722534013302e-09 6.329047699957483194e-09 6.319911260841835952e-09 6.315966939328230571e-09 6.260976674064625196e-09 6.363461291071428460e-09 6.324757036224489637e-09 6.363250752593538116e-09 6.339005549914965668e-09 6.315190562542517455e-09 6.373115098937075085e-09 6.355019654039116452e-09 6.258257656377551700e-09 6.326827059098638960e-09 6.289044749532313211e-09 6.348284279591835959e-09
6.272510941326530455e-09 6.293479729846938398e-09 6.317118621258503037e-09 6.274351044940476034e-09 6.280088698809525770e-09 6.220519723894558576e-09 6.305081301700681176e-09 6.254488416411563087e-09 6.202895932100339394e-09 6.252291741071428045e-09 6.197445858971088752e-09 6.291347415731292550e-09 6.309198999192177255e-09 6.150124919685374671e-09 6.268248236819728109e-09 6.304210839710883116e-09 6.250122848044217469e-09 6.222763536437073136e-09 6.245356237159864025e-09 6.241637684438776455e-09 6.228061878316326593e-09 6.281650017006802495e-09 6.274101159056121857e-09 6.282683775425168793e-09 6.243057426020408922e-09 6.223654970705782471e-09 6.200739477508501795e-09 6.267966722534013302e-09 6.220717523639454608e-09 6.279637251700680022e-09 6.272169324659864630e-09 6.267183418537414187e-09 6.214826031164966463e-09 6.311712707142857562e-09 6.274332080187075111e-09 6.311247671258503457e-09 6.288683870068027245e-09 6.266210637882654177e-09 6.322192827933674762e-09 6.304728969685372926e-09 6.212027576147958519e-09 6.276844592304420118e-09 6.239862089540817155e-09 6.298439835076530963e-09
6.332503860841835803e-09 6.356680632482995740e-09 6.380659448426869564e-09 6.336572640178571277e-09 6.340863061904762388e-09 6.278844158673470433e-09 6.367466795790816126e-09 6.314969795110546255e-09 6.260954978103742864e-09 6.313627241369049211e-09 6.255764907015306601e-09 6.353160483460883232e-09 6.371857859863946096e-09 6.206203618622449317e-09 6.330407988350339437e-09 6.366769436819728271e-09 6.310116553486394082e-09 6.281140646641155662e-09 6.304455227508504297e-09 6.301640210076529996e-09 6.286749394812924752e-09 6.343005672491496898e-09 6.336645430867346583e-09 6.343977604676869988e-09 6.303380929974489346e-09 6.282977142346938282e-09 6.257727556760205215e-09 6.329047699957483194e-09 6.279637251700680022e-09 6.342236677040817097e-09 6.331545767091836137e-09 6.327603960161564719e-09 6.273035182397958665e-09 6.375622326488095719e-09 6.335759727891156262e-09 6.375630821343538772e-09 6.351228541581631687e-09 6.326791793792516546e-09 6.385001798937075736e-09 6.367021706122448778e-09 6.270621108460884252e-09 6.338603623681971578e-09 6.300553609948979785e-09 6.360354719175170026e-09
6.326359820748299929e-09 6.344622535586735523e-09 6.368297684481292768e-09 6.326557441964285834e-09 6.333353547619048854e-09 6.274363446598639625e-09 6.357854552508503504e-09 6.308013815561224005e-09 6.257052460629251405e-09 6.304289838392858032e-09 6.251528915263603897e-09 6.343839679974490687e-09 6.360769105527211620e-09 6.204504980442175687e-09 6.320575235246598749e-09 6.357006754719387943e-09 6.303279825552721794e-09 6.276654514838435273e-09 6.299325066581633685e-09 6.294229086734693331e-09 6.282482976870748488e-09 6.333729343835034067e-09 6.326273882993196710e-09 6.334990055314624967e-09 6.296350891921768980e-09 6.277273416113944888e-09 6.255523034481292719e-09 6.319911260841835952e-09 6.272169324659864630e-09 6.331545767091836137e-09 6.327715854081633463e-09 6.319390908801020471e-09 6.269688326020407906e-09 6.362672097619046798e-09 6.326803316921767306e-09 6.361617107397959814e-09 6.341497555017006045e-09 6.318823459991495766e-09 6.374293048129251282e-09 6.356630236692176730e-09 6.266011715391155353e-09 6.329253498596939260e-09 6.292606581760204271e-09 6.350587197831632076e-09
6.320513581717686810e-09 6.341737865731290903e-09 6.365989128061224207e-09 6.322943043154761786e-09 6.328192948511903683e-09 6.267785399957484267e-09 6.353693289328231096e-09 6.302850193579930802e-09 6.250551254039117218e-09 6.299756702380952075e-09 6.244588035841836884e-09 6.339786915348639767e-09 6.357309890433673390e-09 6.196861626318027254e-09 6.316293586352040419e-09 6.352270133418366880e-09 6.297483631335033827e-09 6.269760500680270671e-09 6.293002765051019978e-09 6.289329302125850057e-09 6.275400570960885174e-09 6.329755349532312117e-09 6.322478528954081540e-09 6.330902234311222684e-09 6.290935315263604788e-09 6.270758029081633145e-09 6.247619132227890658e-09 6.315966939328230571e-09 6.267183418537414187e-09 6.327603960161564719e-09 6.319390908801020471e-09 6.316208956802719838e-09 6.261834540221087630e-09 6.359797029761905681e-09 6.322198500680271560e-09 6.359334228061224534e-09 6.336906072406461401e-09 6.313547871088435479e-09 6.370888985289115379e-09 6.353033545068026407e-09 6.259546202848638377e-09 6.325063373341837378e-09 6.287638305527210398e-09 6.346834004634353544e-09
6.269148048937074367e-09 6.283852439625850990e-09 6.306992504974489590e-09 6.267633556845236473e-09 6.274758274404761059e-09 6.219563876232992082e-09 6.297458144897957960e-09 6.251498517431971254e-09 6.203256478698977633e-09 6.245737735119044860e-09 6.197778491836735700e-09 6.285931490306120359e-09 6.299654848256801387e-09 6.152981995110543465e-09 6.262203633290815629e-09 6.297082970450680805e-09 6.246085918367346381e-09 6.222177392772107917e-09 6.243104486437074632e-09 6.237137755017005861e-09 6.228559050467686216e-09 6.275326682312925389e-09 6.266941514498299344e-09 6.276898392474489058e-09 6.240490153188774511e-09 6.222601485799317339e-09 6.202859288307821900e-09 6.260976674064625196e-09 6.214826031164966463e-09 6.273035182397958665e-09 6.269688326020407906e-09 6.261834540221087630e-09 6.217353171088433302e-09 6.300741534821429296e-09 6.267483615688775126e-09 6.299998400807822587e-09 6.281012160629250883e-09 6.261173146768707002e-09 6.314010939115646158e-09 6.297168061777210493e-09 6.212414286139454959e-09 6.270850637670067205e-09 6.235116189710883892e-09 6.291345659353741050e-09
6.364671876785713663e-09 6.393937638095238982e-09 6.418461675892854926e-09 6.371465306249997906e-09 6.373752049999999245e-09 6.307938663095236504e-09 6.403320641071428982e-09 6.346678891964284362e-09 6.288602639285713981e-09 6.348335997916666618e-09 6.283272600297619541e-09 6.387539712202381822e-09 6.409186525595237515e-09 6.231939879464286580e-09 6.364398276488095371e-09 6.401683013392857195e-09 6.342206282142857425e-09 6.310863544642857154e-09 6.335429535119048668e-09 6.333449182738094334e-09 6.315051704464286061e-09 6.376624475297618374e-09 6.372078557142857758e-09 6.377752244642857943e-09 6.334227205059523309e-09 6.313068374107143621e-09 6.284877652976191284e-09 6.363461291071428460e-09 6.311712707142857562e-09 6.375622326488095719e-09 6.362672097619046798e-09 6.359797029761905681e-09 6.300741534821429296e-09 6.415102654166667070e-09 6.371022138392856941e-09 6.414130602976191545e-09 6.387121675892856976e-09 6.360259567261905680e-09 6.421034037202381190e-09 6.401786052380952186e-09 6.298559397619048316e-09 6.373020746130951413e-09 6.333816566369047455e-09 6.395407941369047471e-09
6.327829535671766768e-09 6.351107653656463056e-09 6.375810023639454711e-09 6.331291338690475623e-09 6.335740342559524855e-09 6.273633431037415756e-09 6.362464857057823724e-09 6.309853259566326707e-09 6.255312426445577043e-09 6.308787676488093962e-09 6.249915983375850373e-09 6.348006353826528784e-09 6.367331275085034339e-09 6.201022700340136036e-09 6.325096460926871132e-09 6.361291719175170102e-09 6.305304200425171069e-09 6.276488707568026492e-09 6.299316398171769347e-09 6.296464516879250480e-09 6.281057081887753999e-09 6.337518376828231435e-09 6.331780880187075187e-09 6.338466240306122311e-09 6.297479380484692457e-09 6.277573012074828125e-09 6.253397423639454508e-09 6.324757036224489637e-09 6.274332080187075111e-09 6.335759727891156262e-09 6.326803316921767306e-09 6.322198500680271560e-09 6.267483615688775126e-09 6.371022138392856941e-09 6.332353249234693488e-09 6.370555417389455871e-09 6.346184070365644265e-09 6.322104649192176809e-09 6.379984274362244000e-09 6.361546873256802943e-09 6.264932305909863132e-09 6.333455695875849561e-09 6.295781656802720595e-09 6.355403950255101893e-09
6.363682932397958663e-09 6.393106233120748985e-09 6.418310829294217358e-09 6.370724930357143438e-09 6.372770315476190058e-09 6.307095716751699192e-09 6.402129992176872456e-09 6.345990412840136513e-09 6.287733977338436061e-09 6.347972870238096614e-09 6.282864634566327427e-09 6.386942679719387887e-09 6.408212421215986693e-09 6.230577105697278135e-09 6.363699862712585846e-09 6.401086606079931379e-09 6.341835453996598702e-09 6.310189873639455463e-09 6.334257863647958301e-09 6.333056145748299985e-09 6.314268033078231122e-09 6.376229984268708076e-09 6.371999158758503954e-09 6.377282460544217349e-09 6.333735367389455563e-09 6.312629187670068226e-09 6.284191520960884989e-09 6.363250752593538116e-09 6.311247671258503457e-09 6.375630821343538772e-09 6.361617107397959814e-09 6.359334228061224534e-09 6.299998400807822587e-09 6.414130602976191545e-09 6.370555417389455871e-09 6.415342327210885253e-09 6.385983767687074328e-09 6.359651422406463382e-09 6.420802414838435600e-09 6.401577459863946151e-09 6.297921248469386740e-09 6.372479397066325909e-09 6.332946663945578466e-09 6.394609401147959519e-09
