3.023323250543961892e-08 3.035801274759107091e-08 3.040434144369429892e-08 3.029703581660850762e-08 3.034233637993238924e-08 3.006395219145450138e-08 3.044397283389030018e-08 3.026594676682278230e-08 2.993231831151318301e-08 3.036254349246598972e-08 2.999355188589881209e-08 3.031538931234752733e-08 3.059452553662542964e-08 2.979615801640050835e-08 3.024525583892898838e-08 3.045510023163943269e-08 3.024316823641328357e-08 3.010223531951700665e-08 3.020038804073128363e-08 3.025772276182976023e-08 3.008813776329107313e-08 3.028558211247363033e-08 3.035470703470068205e-08 3.035280205885331523e-08 3.019731849771292465e-08 3.007201953731760894e-08 2.996701153989328805e-08 3.019471412067941265e-08 3.019711817103571859e-08 3.042963503782142528e-08 3.020485054456887370e-08 3.031924589644643773e-08 3.000921960263368825e-08 3.058551594108571320e-08 3.043116408236053625e-08 3.050352121043195780e-08 3.040738592991793608e-08 3.034274454952424501e-08 3.051160997999022001e-08 3.042295630040603135e-08 3.005756837358376044e-08 3.030359356831708406e-08 3.027685955143240332e-08 3.044037393422278302e-08
3.035801274759107091e-08 3.048741604525665990e-08 3.053347922711725695e-08 3.042421212080428536e-08 3.046896193042559469e-08 3.018654381433273160e-08 3.057140373297736919e-08 3.039137114310844629e-08 3.005457326098214008e-08 3.049058177632619069e-08 3.011523254795832884e-08 3.044183573441452955e-08 3.072477792385237419e-08 2.991575872367617446e-08 3.037121810994404718e-08 3.058337497154763429e-08 3.036802933465177584e-08 3.022638060020356686e-08 3.032460078246192511e-08 3.038241440079499345e-08 3.020960067774915978e-08 3.041256354525237182e-08 3.048289135885713898e-08 3.048060104109105915e-08 3.032181962358737995e-08 3.019633406010357375e-08 3.008794359289403518e-08 3.032157934342559749e-08 3.032236004065831675e-08 3.055683172469999810e-08 3.032896797151071140e-08 3.044533328819166689e-08 3.013233936927107446e-08 3.071619084065332298e-08 3.055907657284821045e-08 3.063334433506487039e-08 3.053337557616547899e-08 3.046918329020237678e-08 3.064009858482855803e-08 3.055090476494464431e-08 3.017929346539820882e-08 3.043028343641654989e-08 3.040178969462976213e-08 3.056867493961428625e-08
3.040434144369429892e-08 3.053347922711725695e-08 3.058182085204676457e-08 3.047088532328137571e-08 3.051546439663158960e-08 3.023298686924191850e-08 3.061922841501147302e-08 3.043783581534833784e-08 3.010027954198384279e-08 3.053728602014114904e-08 3.016104675383035452e-08 3.048836306355126871e-08 3.077182925740134265e-08 2.996118570458162839e-08 3.041817150286861096e-08 3.063063959177124934e-08 3.041539344885162704e-08 3.027270717892940871e-08 3.037138350231929791e-08 3.042797574397232588e-08 3.025592055591725642e-08 3.045957280288647546e-08 3.052983214135884914e-08 3.052713543684310041e-08 3.036847946220969455e-08 3.024207953262882511e-08 3.013376018042514472e-08 3.036897601110330272e-08 3.036827860994344929e-08 3.060417833401188955e-08 3.037531189020790623e-08 3.049209053751190300e-08 3.017843398093775515e-08 3.076388456154970334e-08 3.060617315770790156e-08 3.067948034128230685e-08 3.058065553707908767e-08 3.051610571464837176e-08 3.068745333381035506e-08 3.059788699361181066e-08 3.022539076190135122e-08 3.047645345387636110e-08 3.044865157812117040e-08 3.061537300041708726e-08
3.029703581660850762e-08 3.042421212080428536e-08 3.047088532328137571e-08 3.036429106766568019e-08 3.040880117636500212e-08 3.012778363543052199e-08 3.050962500512788731e-08 3.033129158750406942e-08 2.999572420049021452e-08 3.042871941273477699e-08 3.005663257607440405e-08 3.038078510959096914e-08 3.066141099306834662e-08 2.985885243698954714e-08 3.030977272033265873e-08 3.052125858984948689e-08 3.030813406815306388e-08 3.016686925448884804e-08 3.026497109827098977e-08 3.032223028607028917e-08 3.015104167090094892e-08 3.035037004036121517e-08 3.042030780911521199e-08 3.041940601080491738e-08 3.026248469342835833e-08 3.013637516984124615e-08 3.003028256091063286e-08 3.025976503394683937e-08 3.026167841434286182e-08 3.049501615786071766e-08 3.026973193279217709e-08 3.038475699347738547e-08 3.007363468474386081e-08 3.065255465976492113e-08 3.049721362185885680e-08 3.057105964200705920e-08 3.047230187193843880e-08 3.040764360988859574e-08 3.057846860675671373e-08 3.048809093383665572e-08 3.012107554840587303e-08 3.036899595067421178e-08 3.034136942551708142e-08 3.050655383329115084e-08
3.034233637993238924e-08 3.046896193042559469e-08 3.051546439663158960e-08 3.040880117636500212e-08 3.045579847300807935e-08 3.017431272101126254e-08 3.055474822912159535e-08 3.037763637212988866e-08 3.004168395725169352e-08 3.047406127803996290e-08 3.010312354526784908e-08 3.042661174343133186e-08 3.070625645912605572e-08 2.990550087886585097e-08 3.035541674899958709e-08 3.056650020840074159e-08 3.035381267894982162e-08 3.021285098832376607e-08 3.031138829760947014e-08 3.036850733794940101e-08 3.019783411136309112e-08 3.039616069468410686e-08 3.046563872611627431e-08 3.046421361857080292e-08 3.030887760280314732e-08 3.018263160983566192e-08 3.007631360059776521e-08 3.030480566832354691e-08 3.030706965470386632e-08 3.054021713420981006e-08 3.031586239215135376e-08 3.043020680829315558e-08 3.012042436221959491e-08 3.069740716280802501e-08 3.054293398177636050e-08 3.061567137877783977e-08 3.051754242104485990e-08 3.045285338533141863e-08 3.062433724090263050e-08 3.053383655516091946e-08 3.016728948677190570e-08 3.041465750454273006e-08 3.038690505251849007e-08 3.055244940730695837e-08
3.006395219145450138e-08 3.018654381433273160e-08 3.023298686924191850e-08 3.012778363543052199e-08 3.017431272101126254e-08 2.990013736167772528e-08 3.027261145666410968e-08 3.009830354840522480e-08 2.976867671620960789e-08 3.019254637785289300e-08 2.982948457496130332e-08 3.014621606634277045e-08 3.042020404246172452e-08 2.963520332276657865e-08 3.007598537580696168e-08 3.028449037494897995e-08 3.007608050138945660e-08 2.993703876130271528e-08 3.003397414985033358e-08 3.009034514358600194e-08 2.992345140672438708e-08 3.011657928533077655e-08 3.018405424737624836e-08 3.018324366449318579e-08 3.003140054905757709e-08 2.990588923889497969e-08 2.980382843683374879e-08 3.002546222335204749e-08 3.002930161832737161e-08 3.025882690046725042e-08 3.003807892278017130e-08 3.015086965255060689e-08 2.984531603825688666e-08 3.041210567044611741e-08 3.026103523500935411e-08 3.033062430628910029e-08 3.023707440717685583e-08 3.017290298704801964e-08 3.034052012500508863e-08 3.025154320566495484e-08 2.989341688131591294e-08 3.013428207737006821e-08 3.010914099375083288e-08 3.026934826615730295e-08
3.044397283389030018e-08 3.057140373297736919e-08 3.061922841501147302e-08 3.050962500512788731e-08 3.055474822912159535e-08 3.027261145666410968e-08 3.065875635438519647e-08 3.047758066312491069e-08 3.014038963059906093e-08 3.057599353892176433e-08 3.020117135302975854e-08 3.052774297547473798e-08 3.081043973748638820e-08 3.000145441414200025e-08 3.045734024902209661e-08 3.066929128932907570e-08 3.045498702462966295e-08 3.031222885560161222e-08 3.041089485301530879e-08 3.046783199616428869e-08 3.029635374467321646e-08 3.049818647021852779e-08 3.056851357509906216e-08 3.056599900044387195e-08 3.040780958579471044e-08 3.028163665992006963e-08 3.017393195520662886e-08 3.040720131605017111e-08 3.040752672521131666e-08 3.064342418627678055e-08 3.041533259300425714e-08 3.053153556361013040e-08 3.021806037567243197e-08 3.080208972259880324e-08 3.064530388627507191e-08 3.071817478217686538e-08 3.062036004295916967e-08 3.055551107845364616e-08 3.072653852845875317e-08 3.063677443223596221e-08 3.026576292994471906e-08 3.051578897250305629e-08 3.048810545501741568e-08 3.065420586887073403e-08
3.026594676682278230e-08 3.039137114310844629e-08 3.043783581534833784e-08 3.033129158750406942e-08 3.037763637212988866e-08 3.009830354840522480e-08 3.047758066312491069e-08 3.030123301986329250e-08 2.996694918398129336e-08 3.039627869091036785e-08 3.002772554969939957e-08 3.034941620801031082e-08 3.062763967999248025e-08 2.983099605777971354e-08 3.027884412710050907e-08 3.048910260565454598e-08 3.027780985446853685e-08 3.013709883171356093e-08 3.023492334887069362e-08 3.029181912767028116e-08 3.012236398110511054e-08 3.031947989406658135e-08 3.038852144995004705e-08 3.038684989646711444e-08 3.023257950414205738e-08 3.010632776702427977e-08 3.000151102026182803e-08 3.022798311437839486e-08 3.023042826610327926e-08 3.046297284547529061e-08 3.023927054670587203e-08 3.035359308130030114e-08 3.004446653159771611e-08 3.061946459741702294e-08 3.046540583579336455e-08 3.053728527670199883e-08 3.044065600821073764e-08 3.037637608189603653e-08 3.054643571315850723e-08 3.045651998523396435e-08 3.009200931801748966e-08 3.033750636323162811e-08 3.031032160825069784e-08 3.047468105127330723e-08
2.993231831151318301e-08 3.005457326098214008e-08 3.010027954198384279e-08 2.999572420049021452e-08 3.004168395725169352e-08 2.976867671620960789e-08 3.014038963059906093e-08 2.996694918398129336e-08 2.964056015729421937e-08 3.006013481980994579e-08 2.969929398781844980e-08 3.001409644652721299e-08 3.028719208400679556e-08 2.950568637217898672e-08 2.994442284844727607e-08 3.015192439575212314e-08 2.994559990915390371e-08 2.980647374689710688e-08 2.990235319882568687e-08 2.995870465458036022e-08 2.979260987754464427e-08 2.998512428853656554e-08 3.005274851206505664e-08 3.005209086167389084e-08 2.989976963859012202e-08 2.977530591314412841e-08 2.967370865439668217e-08 2.989349225891242838e-08 2.989836321752974794e-08 3.012672209826784555e-08 2.990710842437286273e-08 3.001968702778869225e-08 2.971452853750126735e-08 3.027941554555058751e-08 3.012883171851870013e-08 3.019816354543239982e-08 3.010473906066623024e-08 3.004179892684608295e-08 3.020806137209353800e-08 3.011944672072577293e-08 2.976278415984012377e-08 3.000272291975679872e-08 2.997744517175170333e-08 3.013674202371046153e-08
3.036254349246598972e-08 3.049058177632619069e-08 3.053728602014114904e-08 3.042871941273477699e-08 3.047406127803996290e-08 3.019254637785289300e-08 3.057599353892176433e-08 3.039627869091036785e-08 3.006013481980994579e-08 3.049578699396088554e-08 3.012080574534820653e-08 3.044652070106862372e-08 3.072833290615987920e-08 2.992151909936265941e-08 3.037608189603188039e-08 3.058794103218536608e-08 3.037330297745025318e-08 3.023204133858206347e-08 3.033013497671598506e-08 3.038724393026130691e-08 3.021562198375534669e-08 3.041707130656759393e-08 3.048700511101827101e-08 3.048526027926361430e-08 3.032702111524735666e-08 3.020132516004336279e-08 3.009388957460331442e-08 3.032582215781675596e-08 3.032741088936608812e-08 3.056164442127381987e-08 3.033428042533545249e-08 3.045016185712796506e-08 3.013837412505288878e-08 3.072033516664523959e-08 3.056372607841878035e-08 3.063708480833842283e-08 3.053837000100042271e-08 3.047359906298724931e-08 3.064477428778147030e-08 3.055548216581589711e-08 3.018503715370152379e-08 3.043485929324736471e-08 3.040698632922747685e-08 3.057264087266454433e-08
2.999355188589881209e-08 3.011523254795832884e-08 3.016104675383035452e-08 3.005663257607440405e-08 3.010312354526784908e-08 2.982948457496130332e-08 3.020117135302975854e-08 3.002772554969939957e-08 2.969929398781844980e-08 3.012080574534820653e-08 2.976063337912499532e-08 3.007521960326488204e-08 3.034852609536310222e-08 2.956623704501487872e-08 3.000535846650891264e-08 3.021271488586607479e-08 3.000527296194941457e-08 2.986652225733630400e-08 2.996360867569046760e-08 3.001958278172916796e-08 2.985374687149999912e-08 3.004582561984226345e-08 3.011303995044343668e-08 3.011196556587795355e-08 2.996108862392558168e-08 2.983591325789881344e-08 2.973434891530058526e-08 2.995416731230951968e-08 2.995882682581251000e-08 3.018717002722916335e-08 2.996813817794643359e-08 3.008011174718749699e-08 2.977477699231547092e-08 3.034009589910415827e-08 3.018960690246726447e-08 3.025911747338393109e-08 3.016591445292261137e-08 3.010196716400893806e-08 3.026920912939881630e-08 3.018049410640177900e-08 2.982344581355059645e-08 3.006341530688393368e-08 3.003817314701785390e-08 3.019815022999106271e-08
3.031538931234752733e-08 3.044183573441452955e-08 3.048836306355126871e-08 3.038078510959096914e-08 3.042661174343133186e-08 3.014621606634277045e-08 3.052774297547473798e-08 3.034941620801031082e-08 3.001409644652721299e-08 3.044652070106862372e-08 3.007521960326488204e-08 3.039981994846135696e-08 3.067892794508784317e-08 2.987682558081625300e-08 3.032811243295570420e-08 3.053888634970321987e-08 3.032550424188477387e-08 3.018500490583442767e-08 3.028307007523503113e-08 3.034066527162840084e-08 3.016953108716619279e-08 3.036901667123307617e-08 3.043859939511053554e-08 3.043655581668683744e-08 3.028033472159116395e-08 3.015455380305407100e-08 3.004797267067712395e-08 3.027753774917686158e-08 3.027959360301607916e-08 3.051306395090297653e-08 3.028743989122592791e-08 3.040268123196963926e-08 3.009167315248610119e-08 3.067087102145816265e-08 3.051589414275508758e-08 3.058815857785807893e-08 3.049025206635520912e-08 3.042581545876103929e-08 3.059622487326301330e-08 3.050611712262482369e-08 3.013926104584617103e-08 3.038729685012450612e-08 3.035979923110008924e-08 3.052430875198238553e-08
3.059452553662542964e-08 3.072477792385237419e-08 3.077182925740134265e-08 3.066141099306834662e-08 3.070625645912605572e-08 3.042020404246172452e-08 3.081043973748638820e-08 3.062763967999248025e-08 3.028719208400679556e-08 3.072833290615987920e-08 3.034852609536310222e-08 3.067892794508784317e-08 3.096568346300424537e-08 3.014636314452593365e-08 3.060780019256079850e-08 3.082173084226955451e-08 3.060417776784098568e-08 3.046040430658673098e-08 3.056026886929208943e-08 3.061794339348720512e-08 3.044370507371487504e-08 3.064921302852806016e-08 3.072083246925679572e-08 3.071809317953315690e-08 3.055704189693758419e-08 3.043101471686351877e-08 3.032040657207865418e-08 3.055805107923171445e-08 3.055806539491964766e-08 3.079539766858928682e-08 3.056491371895960500e-08 3.068210310925594707e-08 3.036573937142839586e-08 3.095636464171339131e-08 3.079746028406377050e-08 3.087290787788222605e-08 3.077151270382525476e-08 3.070665323424234607e-08 3.087939826327720521e-08 3.078945731597704033e-08 3.041287503917091187e-08 3.066720398879175375e-08 3.063806897642814340e-08 3.080696917114455470e-08
2.979615801640050835e-08 2.991575872367617446e-08 2.996118570458162839e-08 2.985885243698954714e-08 2.990550087886585097e-08 2.963520332276657865e-08 3.000145441414200025e-08 2.983099605777971354e-08 2.950568637217898672e-08 2.992151909936265941e-08 2.956623704501487872e-08 2.987682558081625300e-08 3.014636314452593365e-08 2.937604612968112398e-08 2.980792472446045743e-08 3.001327946048595957e-08 2.980894872016751795e-08 2.967178871526658410e-08 2.976739635006717459e-08 2.982354072538422126e-08 2.965988749955535512e-08 2.984720092410033268e-08 2.991294393713732402e-08 2.991320056198979255e-08 2.976548655997176909e-08 2.964011674406122640e-08 2.954223851901105466e-08 2.975602634892389049e-08 2.976179886684523372e-08 2.998766553389880896e-08 2.977195080282652682e-08 2.988225731352381419e-08 2.958097774310408376e-08 3.013786785308065222e-08 2.998947357649319144e-08 3.005814840128783870e-08 2.996735455778613791e-08 2.990336716801998429e-08 3.006894948542432809e-08 2.998046848320577840e-08 2.963017231427593461e-08 2.986531655897176362e-08 2.984124074093877453e-08 2.999875508625680689e-08
3.024525583892898838e-08 3.037121810994404718e-08 3.041817150286861096e-08 3.030977272033265873e-08 3.035541674899958709e-08 3.007598537580696168e-08 3.045734024902209661e-08 3.027884412710050907e-08 2.994442284844727607e-08 3.037608189603188039e-08 3.000535846650891264e-08 3.032811243295570420e-08 3.060780019256079850e-08 2.980792472446045743e-08 3.026031650257567263e-08 3.046933069294217499e-08 3.025621041078444067e-08 3.011603486807780581e-08 3.021328662226232475e-08 3.027030225964761623e-08 3.010081770911487767e-08 3.029882335558460863e-08 3.036762385563477192e-08 3.036562042673256512e-08 3.021048589217329470e-08 3.008470245883375592e-08 2.997945083723936487e-08 3.020764078536564589e-08 3.020894354958630423e-08 3.044254551933927997e-08 3.021737447130782477e-08 3.033198059483928004e-08 3.002222470079030119e-08 3.059953048239464545e-08 3.044382337174532126e-08 3.051589562004293686e-08 3.042051684476573400e-08 3.035512620367389294e-08 3.052549518037244938e-08 3.043663223460501661e-08 3.006991771933163361e-08 3.031682892981913265e-08 3.028928490454123539e-08 3.045339599890050686e-08
3.045510023163943269e-08 3.058337497154763429e-08 3.063063959177124934e-08 3.052125858984948689e-08 3.056650020840074159e-08 3.028449037494897995e-08 3.066929128932907570e-08 3.048910260565454598e-08 3.015192439575212314e-08 3.058794103218536608e-08 3.021271488586607479e-08 3.053888634970321987e-08 3.082173084226955451e-08 3.001327946048595957e-08 3.046933069294217499e-08 3.068188264570662775e-08 3.046663157640603536e-08 3.032471231117814277e-08 3.042274455203528549e-08 3.047976666715029780e-08 3.030817064531844703e-08 3.050977473605824472e-08 3.057974580491879467e-08 3.057803446896087833e-08 3.041988098076955511e-08 3.029371838042219270e-08 3.018628865565349160e-08 3.041831081169090221e-08 3.041920751168452263e-08 3.065466867861904626e-08 3.042687123968919489e-08 3.054301507682738295e-08 3.023014165153231208e-08 3.081339539104910805e-08 3.065635842937669918e-08 3.072970591724574476e-08 3.063159502722533882e-08 3.056652419036479066e-08 3.073809811542517161e-08 3.064855445005272095e-08 3.027747445562372001e-08 3.052754865379038940e-08 3.049963435557780482e-08 3.066552454197746434e-08
3.024316823641328357e-08 3.036802933465177584e-08 3.041539344885162704e-08 3.030813406815306388e-08 3.035381267894982162e-08 3.007608050138945660e-08 3.045498702462966295e-08 3.027780985446853685e-08 2.994559990915390371e-08 3.037330297745025318e-08 3.000527296194941457e-08 3.032550424188477387e-08 3.060417776784098568e-08 2.980894872016751795e-08 3.025621041078444067e-08 3.046663157640603536e-08 3.025680345864710319e-08 3.011487740166028976e-08 3.021220907601743169e-08 3.026857719093154828e-08 3.010027429021428589e-08 3.029681113279634238e-08 3.036573325650807895e-08 3.036469352015135801e-08 3.020945455794515038e-08 3.008366492936266907e-08 2.997964217978741446e-08 3.020554701450042037e-08 3.020815019141369300e-08 3.044070567143154562e-08 3.021696099417729303e-08 3.033103863316070906e-08 3.002195340180612319e-08 3.059589335974702292e-08 3.044204043276062897e-08 3.051340360542134134e-08 3.041824459927295789e-08 3.035395174585288569e-08 3.052309650932398060e-08 3.043388944339200985e-08 3.006973977232015148e-08 3.031432582202848539e-08 3.028802081830399782e-08 3.045100546659353599e-08
3.010223531951700665e-08 3.022638060020356686e-08 3.027270717892940871e-08 3.016686925448884804e-08 3.021285098832376607e-08 2.993703876130271528e-08 3.031222885560161222e-08 3.013709883171356093e-08 2.980647374689710688e-08 3.023204133858206347e-08 2.986652225733630400e-08 3.018500490583442767e-08 3.046040430658673098e-08 2.967178871526658410e-08 3.011603486807780581e-08 3.032471231117814277e-08 3.011487740166028976e-08 2.997644949596938634e-08 3.007217749835033870e-08 3.012864551603184800e-08 2.996119818862856918e-08 3.015572871618494678e-08 3.022346905383460766e-08 3.022269612611819090e-08 3.006971192783257264e-08 2.994390493233247624e-08 2.984144910435458800e-08 3.006392516722703768e-08 3.006723682103570910e-08 3.029821391213392373e-08 3.007607387344685335e-08 3.018997928019643193e-08 2.988291690276938609e-08 3.045284580301696784e-08 3.030005527032184432e-08 3.037046015214327815e-08 3.027633223923936635e-08 3.021196563408970960e-08 3.038066172879676992e-08 3.029151416426913755e-08 2.993090343229506750e-08 3.017359416393672764e-08 3.014732662889668792e-08 3.030907356086564244e-08
3.020038804073128363e-08 3.032460078246192511e-08 3.037138350231929791e-08 3.026497109827098977e-08 3.031138829760947014e-08 3.003397414985033358e-08 3.041089485301530879e-08 3.023492334887069362e-08 2.990235319882568687e-08 3.033013497671598506e-08 2.996360867569046760e-08 3.028307007523503113e-08 3.056026886929208943e-08 2.976739635006717459e-08 3.021328662226232475e-08 3.042274455203528549e-08 3.021220907601743169e-08 3.007217749835033870e-08 3.017006533835629301e-08 3.022612827811934069e-08 3.005809129534106853e-08 3.025371990414030615e-08 3.032208664878400526e-08 3.032051190979081305e-08 3.016731358946709446e-08 3.004137050752593881e-08 2.993743179949745204e-08 3.016253306813775577e-08 3.016513613809820971e-08 3.039666010084225845e-08 3.017393239296471079e-08 3.028767113700892650e-08 2.997944111102117578e-08 3.055191396485446584e-08 3.039880477013137868e-08 3.046958369943196731e-08 3.037472329181377579e-08 3.031029261914923323e-08 3.047920567317772123e-08 3.039022560492686832e-08 3.002748516716709445e-08 3.027125005563375974e-08 3.024516140566156062e-08 3.040771808018112427e-08
3.025772276182976023e-08 3.038241440079499345e-08 3.042797574397232588e-08 3.032223028607028917e-08 3.036850733794940101e-08 3.009034514358600194e-08 3.046783199616428869e-08 3.029181912767028116e-08 2.995870465458036022e-08 3.038724393026130691e-08 3.001958278172916796e-08 3.034066527162840084e-08 3.061794339348720512e-08 2.982354072538422126e-08 3.027030225964761623e-08 3.047976666715029780e-08 3.026857719093154828e-08 3.012864551603184800e-08 3.022612827811934069e-08 3.028510549914749616e-08 3.011457872386416567e-08 3.030986052430178054e-08 3.037861675071577229e-08 3.037789046431934154e-08 3.022353388096928246e-08 3.009780598777350982e-08 2.999406611053928686e-08 3.021866489851190359e-08 3.022251989523541604e-08 3.045403101308957986e-08 3.023075354451428827e-08 3.034452460791874765e-08 3.003629843418017585e-08 3.060911621783707819e-08 3.045581475729760695e-08 3.052769216847886492e-08 3.043211773736993915e-08 3.036722247745385866e-08 3.053631371106309601e-08 3.044689696116577427e-08 3.008452433568720533e-08 3.032884807694636981e-08 3.030234064128065527e-08 3.046510781069404220e-08
3.008813776329107313e-08 3.020960067774915978e-08 3.025592055591725642e-08 3.015104167090094892e-08 3.019783411136309112e-08 2.992345140672438708e-08 3.029635374467321646e-08 3.012236398110511054e-08 2.979260987754464427e-08 3.021562198375534669e-08 2.985374687149999912e-08 3.016953108716619279e-08 3.044370507371487504e-08 2.965988749955535512e-08 3.010081770911487767e-08 3.030817064531844703e-08 3.010027429021428589e-08 2.996119818862856918e-08 3.005809129534106853e-08 3.011457872386416567e-08 2.994907593789333088e-08 3.013986915899821401e-08 3.020699103887797273e-08 3.020641161143689509e-08 3.005517644519071332e-08 2.992960312932857027e-08 2.982893610096487949e-08 3.004830413646726129e-08 3.005291348220416375e-08 3.028263698141249792e-08 3.006249892046071282e-08 3.017461187634582830e-08 2.986907735281023528e-08 3.043524799477250361e-08 3.028360270488988064e-08 3.035386653297737540e-08 3.026152935428213994e-08 3.019646487128570766e-08 3.036425131983690496e-08 3.027577226143214589e-08 2.991804537670654254e-08 3.015802085021987981e-08 3.013278095449643276e-08 3.029305236389344930e-08
3.028558211247363033e-08 3.041256354525237182e-08 3.045957280288647546e-08 3.035037004036121517e-08 3.039616069468410686e-08 3.011657928533077655e-08 3.049818647021852779e-08 3.031947989406658135e-08 2.998512428853656554e-08 3.041707130656759393e-08 3.004582561984226345e-08 3.036901667123307617e-08 3.064921302852806016e-08 2.984720092410033268e-08 3.029882335558460863e-08 3.050977473605824472e-08 3.029681113279634238e-08 3.015572871618494678e-08 3.025371990414030615e-08 3.030986052430178054e-08 3.013986915899821401e-08 3.034081157830186768e-08 3.040991954836990064e-08 3.040706642567304277e-08 3.025088721979056860e-08 3.012484554006589799e-08 3.001818826351912807e-08 3.024882836069600362e-08 3.025014676777380768e-08 3.048346595731845187e-08 3.025743143527508356e-08 3.037318197715179101e-08 3.006191637734744844e-08 3.064180517398630939e-08 3.048624340327508662e-08 3.055771538171853422e-08 3.046028241085501191e-08 3.039672573595365453e-08 3.056671356777125633e-08 3.047766583390263204e-08 3.010925635631973265e-08 3.035705736831139255e-08 3.033014478516326579e-08 3.049492430662074382e-08
3.035470703470068205e-08 3.048289135885713898e-08 3.052983214135884914e-08 3.042030780911521199e-08 3.046563872611627431e-08 3.018405424737624836e-08 3.056851357509906216e-08 3.038852144995004705e-08 3.005274851206505664e-08 3.048700511101827101e-08 3.011303995044343668e-08 3.043859939511053554e-08 3.072083246925679572e-08 2.991294393713732402e-08 3.036762385563477192e-08 3.057974580491879467e-08 3.036573325650807895e-08 3.022346905383460766e-08 3.032208664878400526e-08 3.037861675071577229e-08 3.020699103887797273e-08 3.040991954836990064e-08 3.048048491254421684e-08 3.047713886913222199e-08 3.031900123042346678e-08 3.019354753049829338e-08 3.008474705685501183e-08 3.031872814749574733e-08 3.031903499973809108e-08 3.055382090287201838e-08 3.032607089558120859e-08 3.044264111793452615e-08 3.012951210266793950e-08 3.071284334445684499e-08 3.055658611274786803e-08 3.062904983232822524e-08 3.053003027487456506e-08 3.046671881640858376e-08 3.063691577228103335e-08 3.054766008478826350e-08 3.017648614611096764e-08 3.042665145996513813e-08 3.039882223516836394e-08 3.056499025798128749e-08
3.035280205885331523e-08 3.048060104109105915e-08 3.052713543684310041e-08 3.041940601080491738e-08 3.046421361857080292e-08 3.018324366449318579e-08 3.056599900044387195e-08 3.038684989646711444e-08 3.005209086167389084e-08 3.048526027926361430e-08 3.011196556587795355e-08 3.043655581668683744e-08 3.071809317953315690e-08 2.991320056198979255e-08 3.036562042673256512e-08 3.057803446896087833e-08 3.036469352015135801e-08 3.022269612611819090e-08 3.032051190979081305e-08 3.037789046431934154e-08 3.020641161143689509e-08 3.040706642567304277e-08 3.047713886913222199e-08 3.047645468355867235e-08 3.031751868641233190e-08 3.019219337762712892e-08 3.008531306869685183e-08 3.031551479707823509e-08 3.031823467561904428e-08 3.055185118669642121e-08 3.032551823849744064e-08 3.044101667661308758e-08 3.012893825335986107e-08 3.070964448130446336e-08 3.055385636583077433e-08 3.062741150073553963e-08 3.052842193105782053e-08 3.046413330539029780e-08 3.063484083363307593e-08 3.054503123862925179e-08 3.017624429101232710e-08 3.042516095539149738e-08 3.039761040791453706e-08 3.056246504273171234e-08
3.019731849771292465e-08 3.032181962358737995e-08 3.036847946220969455e-08 3.026248469342835833e-08 3.030887760280314732e-08 3.003140054905757709e-08 3.040780958579471044e-08 3.023257950414205738e-08 2.989976963859012202e-08 3.032702111524735666e-08 2.996108862392558168e-08 3.028033472159116395e-08 3.055704189693758419e-08 2.976548655997176909e-08 3.021048589217329470e-08 3.041988098076955511e-08 3.020945455794515038e-08 3.006971192783257264e-08 3.016731358946709446e-08 3.022353388096928246e-08 3.005517644519071332e-08 3.025088721979056860e-08 3.031900123042346678e-08 3.031751868641233190e-08 3.016552242297758209e-08 3.003860993656352207e-08 2.993527917903282374e-08 3.015927614925254648e-08 3.016201292561546896e-08 3.039317426861844894e-08 3.017134570404710886e-08 3.028481677456428620e-08 2.997729476263173105e-08 3.054885125196213281e-08 3.039589106877210516e-08 3.046661295249888515e-08 3.037150704612109016e-08 3.030715323076317507e-08 3.047671884848137191e-08 3.038691057320203551e-08 3.002527136818342056e-08 3.026848796706508278e-08 3.024221738636981074e-08 3.040512366053622016e-08
3.007201953731760894e-08 3.019633406010357375e-08 3.024207953262882511e-08 3.013637516984124615e-08 3.018263160983566192e-08 2.990588923889497969e-08 3.028163665992006963e-08 3.010632776702427977e-08 2.977530591314412841e-08 3.020132516004336279e-08 2.983591325789881344e-08 3.015455380305407100e-08 3.043101471686351877e-08 2.964011674406122640e-08 3.008470245883375592e-08 3.029371838042219270e-08 3.008366492936266907e-08 2.994390493233247624e-08 3.004137050752593881e-08 3.009780598777350982e-08 2.992960312932857027e-08 3.012484554006589799e-08 3.019354753049829338e-08 3.019219337762712892e-08 3.003860993656352207e-08 2.991448365332057285e-08 2.980968394352721369e-08 3.003441410196810500e-08 3.003707315384821516e-08 3.026763960409226205e-08 3.004596481326530875e-08 3.015890076796726575e-08 2.985176464884914707e-08 3.042186333540445896e-08 3.026973627807780733e-08 3.034079239531589474e-08 3.024562126525722813e-08 3.018138852732482346e-08 3.034941537555569394e-08 3.026103782328699136e-08 2.989945482557185980e-08 3.014314600623018628e-08 3.011632984015859210e-08 3.027824366244303042e-08
2.996701153989328805e-08 3.008794359289403518e-08 3.013376018042514472e-08 3.003028256091063286e-08 3.007631360059776521e-08 2.980382843683374879e-08 3.017393195520662886e-08 3.000151102026182803e-08 2.967370865439668217e-08 3.009388957460331442e-08 2.973434891530058526e-08 3.004797267067712395e-08 3.032040657207865418e-08 2.954223851901105466e-08 2.997945083723936487e-08 3.018628865565349160e-08 2.997964217978741446e-08 2.984144910435458800e-08 2.993743179949745204e-08 2.999406611053928686e-08 2.982893610096487949e-08 3.001818826351912807e-08 3.008474705685501183e-08 3.008531306869685183e-08 2.993527917903282374e-08 2.980968394352721369e-08 2.971095596736139164e-08 2.992680750540135416e-08 2.993249493769047821e-08 3.016046353067261871e-08 2.994226589915901020e-08 3.005333567144344950e-08 2.974988770698791989e-08 3.031177010874464395e-08 3.016131280551317368e-08 3.023145122520663452e-08 3.013993785361096575e-08 3.007468417071258339e-08 3.024170728464922992e-08 3.015333471892941743e-08 2.979900880105782224e-08 3.003682742534531769e-08 3.001181840936862051e-08 3.017081183944514863e-08
3.019471412067941265e-08 3.032157934342559749e-08 3.036897601110330272e-08 3.025976503394683937e-08 3.030480566832354691e-08 3.002546222335204749e-08 3.040720131605017111e-08 3.022798311437839486e-08 2.989349225891242838e-08 3.032582215781675596e-08 2.995416731230951968e-08 3.027753774917686158e-08 3.055805107923171445e-08 2.975602634892389049e-08 3.020764078536564589e-08 3.041831081169090221e-08 3.020554701450042037e-08 3.006392516722703768e-08 3.016253306813775577e-08 3.021866489851190359e-08 3.004830413646726129e-08 3.024882836069600362e-08 3.031872814749574733e-08 3.031551479707823509e-08 3.015927614925254648e-08 3.003441410196810500e-08 2.992680750540135416e-08 3.015980826624319282e-08 3.015886655196427792e-08 3.039247380578274084e-08 3.016599416776743346e-08 3.028152574407440199e-08 2.997083225368537199e-08 3.054963274194344297e-08 3.039453426030909883e-08 3.046623042313349909e-08 3.036957187440348571e-08 3.030570904722874072e-08 3.047405191964966266e-08 3.038613300610288988e-08 3.001785281814838624e-08 3.026561438523171322e-08 3.023871859267772107e-08 3.040313112367006251e-08
3.019711817103571859e-08 3.032236004065831675e-08 3.036827860994344929e-08 3.026167841434286182e-08 3.030706965470386632e-08 3.002930161832737161e-08 3.040752672521131666e-08 3.023042826610327926e-08 2.989836321752974794e-08 3.032741088936608812e-08 2.995882682581251000e-08 3.027959360301607916e-08 3.055806539491964766e-08 2.976179886684523372e-08 3.020894354958630423e-08 3.041920751168452263e-08 3.020815019141369300e-08 3.006723682103570910e-08 3.016513613809820971e-08 3.022251989523541604e-08 3.005291348220416375e-08 3.025014676777380768e-08 3.031903499973809108e-08 3.031823467561904428e-08 3.016201292561546896e-08 3.003707315384821516e-08 2.993249493769047821e-08 3.015886655196427792e-08 3.016295533108332734e-08 3.039377482768749706e-08 3.016994013212797352e-08 3.028376654141667030e-08 2.997480290612321485e-08 3.054965895677707941e-08 3.039565695754464026e-08 3.046799632935713201e-08 3.037121766613392807e-08 3.030701335183630601e-08 3.047560029803570846e-08 3.038714583267559582e-08 3.002250644048214479e-08 3.026793432636547611e-08 3.024182629852678104e-08 3.040417601333035504e-08
3.042963503782142528e-08 3.055683172469999810e-08 3.060417833401188955e-08 3.049501615786071766e-08 3.054021713420981006e-08 3.025882690046725042e-08 3.064342418627678055e-08 3.046297284547529061e-08 3.012672209826784555e-08 3.056164442127381987e-08 3.018717002722916335e-08 3.051306395090297653e-08 3.079539766858928682e-08 2.998766553389880896e-08 3.044254551933927997e-08 3.065466867861904626e-08 3.044070567143154562e-08 3.029821391213392373e-08 3.039666010084225845e-08 3.045403101308957986e-08 3.028263698141249792e-08 3.048346595731845187e-08 3.055382090287201838e-08 3.055185118669642121e-08 3.039317426861844894e-08 3.026763960409226205e-08 3.016046353067261871e-08 3.039247380578274084e-08 3.039377482768749706e-08 3.062926303129165723e-08 3.040116551577678293e-08 3.051723960474999352e-08 3.020427631582559043e-08 3.078681688642291471e-08 3.063042815125595165e-08 3.070357542563095410e-08 3.060589529203868202e-08 3.054090198425595096e-08 3.071142874744642367e-08 3.062221625751785891e-08 3.025194276215178873e-08 3.050138355901428539e-08 3.047373339857440036e-08 3.063935003116071390e-08
3.020485054456887370e-08 3.032896797151071140e-08 3.037531189020790623e-08 3.026973193279217709e-08 3.031586239215135376e-08 3.003807892278017130e-08 3.041533259300425714e-08 3.023927054670587203e-08 2.990710842437286273e-08 3.033428042533545249e-08 2.996813817794643359e-08 3.028743989122592791e-08 3.056491371895960500e-08 2.977195080282652682e-08 3.021737447130782477e-08 3.042687123968919489e-08 3.021696099417729303e-08 3.007607387344685335e-08 3.017393239296471079e-08 3.023075354451428827e-08 3.006249892046071282e-08 3.025743143527508356e-08 3.032607089558120859e-08 3.032551823849744064e-08 3.017134570404710886e-08 3.004596481326530875e-08 2.994226589915901020e-08 3.016599416776743346e-08 3.016994013212797352e-08 3.040116551577678293e-08 3.017945593737330372e-08 3.029207755558928415e-08 2.998403392698018469e-08 3.055571310340714236e-08 3.040279585241496333e-08 3.047469088244175046e-08 3.037927167617049407e-08 3.031415333871853137e-08 3.048373234172066330e-08 3.039423301678060831e-08 3.003229944489710711e-08 3.027601054842211177e-08 3.024936130177635988e-08 3.041193334389753695e-08
3.031924589644643773e-08 3.044533328819166689e-08 3.049209053751190300e-08 3.038475699347738547e-08 3.043020680829315558e-08 3.015086965255060689e-08 3.053153556361013040e-08 3.035359308130030114e-08 3.001968702778869225e-08 3.045016185712796506e-08 3.008011174718749699e-08 3.040268123196963926e-08 3.068210310925594707e-08 2.988225731352381419e-08 3.033198059483928004e-08 3.054301507682738295e-08 3.033103863316070906e-08 3.018997928019643193e-08 3.028767113700892650e-08 3.034452460791874765e-08 3.017461187634582830e-08 3.037318197715179101e-08 3.044264111793452615e-08 3.044101667661308758e-08 3.028481677456428620e-08 3.015890076796726575e-08 3.005333567144344950e-08 3.028152574407440199e-08 3.028376654141667030e-08 3.051723960474999352e-08 3.029207755558928415e-08 3.040757042949999903e-08 3.009622614647559394e-08 3.067389856110625018e-08 3.051934878933928521e-08 3.059130511865178667e-08 3.049432020841368525e-08 3.043014760133928076e-08 3.060007683050892971e-08 3.051018725874702225e-08 3.014440598102678509e-08 3.039091881764761833e-08 3.036379904349107069e-08 3.052820487211904491e-08
3.000921960263368825e-08 3.013233936927107446e-08 3.017843398093775515e-08 3.007363468474386081e-08 3.012042436221959491e-08 2.984531603825688666e-08 3.021806037567243197e-08 3.004446653159771611e-08 2.971452853750126735e-08 3.013837412505288878e-08 2.977477699231547092e-08 3.009167315248610119e-08 3.036573937142839586e-08 2.958097774310408376e-08 3.002222470079030119e-08 3.023014165153231208e-08 3.002195340180612319e-08 2.988291690276938609e-08 2.997944111102117578e-08 3.003629843418017585e-08 2.986907735281023528e-08 3.006191637734744844e-08 3.012951210266793950e-08 3.012893825335986107e-08 2.997729476263173105e-08 2.985176464884914707e-08 2.974988770698791989e-08 2.997083225368537199e-08 2.997480290612321485e-08 3.020427631582559043e-08 2.998403392698018469e-08 3.009622614647559394e-08 2.979221345472938769e-08 3.035772808825696082e-08 3.020613953528018197e-08 3.027652681249328112e-08 3.018253765383520839e-08 3.011791513502721764e-08 3.028672011336759961e-08 3.019748133708996331e-08 2.983922752141590270e-08 3.008014815208173113e-08 3.005387211338834131e-08 3.021540285922814250e-08
3.058551594108571320e-08 3.071619084065332298e-08 3.076388456154970334e-08 3.065255465976492113e-08 3.069740716280802501e-08 3.041210567044611741e-08 3.080208972259880324e-08 3.061946459741702294e-08 3.027941554555058751e-08 3.072033516664523959e-08 3.034009589910415827e-08 3.067087102145816265e-08 3.095636464171339131e-08 3.013786785308065222e-08 3.059953048239464545e-08 3.081339539104910805e-08 3.059589335974702292e-08 3.045284580301696784e-08 3.055191396485446584e-08 3.060911621783707819e-08 3.043524799477250361e-08 3.064180517398630939e-08 3.071284334445684499e-08 3.070964448130446336e-08 3.054885125196213281e-08 3.042186333540445896e-08 3.031177010874464395e-08 3.054963274194344297e-08 3.054965895677707941e-08 3.078681688642291471e-08 3.055571310340714236e-08 3.067389856110625018e-08 3.035772808825696082e-08 3.094956851127666109e-08 3.078972771781547918e-08 3.086403634941338846e-08 3.076259258413184499e-08 3.069847450520089020e-08 3.087135870240237650e-08 3.078112060807350599e-08 3.040425989485089394e-08 3.065850292312671804e-08 3.063008039394136140e-08 3.079841301234285644e-08
3.043116408236053625e-08 3.055907657284821045e-08 3.060617315770790156e-08 3.049721362185885680e-08 3.054293398177636050e-08 3.026103523500935411e-08 3.064530388627507191e-08 3.046540583579336455e-08 3.012883171851870013e-08 3.056372607841878035e-08 3.018960690246726447e-08 3.051589414275508758e-08 3.079746028406377050e-08 2.998947357649319144e-08 3.044382337174532126e-08 3.065635842937669918e-08 3.044204043276062897e-08 3.030005527032184432e-08 3.039880477013137868e-08 3.045581475729760695e-08 3.028360270488988064e-08 3.048624340327508662e-08 3.055658611274786803e-08 3.055385636583077433e-08 3.039589106877210516e-08 3.026973627807780733e-08 3.016131280551317368e-08 3.039453426030909883e-08 3.039565695754464026e-08 3.063042815125595165e-08 3.040279585241496333e-08 3.051934878933928521e-08 3.020613953528018197e-08 3.078972771781547918e-08 3.063385617183163350e-08 3.070596050400424183e-08 3.060678930100382474e-08 3.054320843090602651e-08 3.071407284888732346e-08 3.062386107019728193e-08 3.025323123056377494e-08 3.050339411129293455e-08 3.047591014333885816e-08 3.064174201412669754e-08
3.050352121043195780e-08 3.063334433506487039e-08 3.067948034128230685e-08 3.057105964200705920e-08 3.061567137877783977e-08 3.033062430628910029e-08 3.071817478217686538e-08 3.053728527670199883e-08 3.019816354543239982e-08 3.063708480833842283e-08 3.025911747338393109e-08 3.058815857785807893e-08 3.087290787788222605e-08 3.005814840128783870e-08 3.051589562004293686e-08 3.072970591724574476e-08 3.051340360542134134e-08 3.037046015214327815e-08 3.046958369943196731e-08 3.052769216847886492e-08 3.035386653297737540e-08 3.055771538171853422e-08 3.062904983232822524e-08 3.062741150073553963e-08 3.046661295249888515e-08 3.034079239531589474e-08 3.023145122520663452e-08 3.046623042313349909e-08 3.046799632935713201e-08 3.070357542563095410e-08 3.047469088244175046e-08 3.059130511865178667e-08 3.027652681249328112e-08 3.086403634941338846e-08 3.070596050400424183e-08 3.078207323971853374e-08 3.067966201525084696e-08 3.061513221849532072e-08 3.078779147543791943e-08 3.069731354138179384e-08 3.032322521354889279e-08 3.057631636958222323e-08 3.054719781849660125e-08 3.071547396774574601e-08
