4.108837336154033698e-08 4.139185907127000968e-08 4.155069786076814103e-08 4.129872580569179675e-08 4.122067529082161026e-08 4.100083151268994509e-08 4.136056002578525881e-08 4.108884821676807544e-08 4.080195455279672569e-08 4.130562172857831553e-08 4.083080224731636881e-08 4.126939147135030291e-08 4.140135659437628932e-08 4.068912917972468757e-08 4.129735157827062248e-08 4.136524047581773782e-08 4.111380969508168398e-08 4.097833644275530432e-08 4.107537565715182377e-08 4.119566445439312663e-08 4.095512323944255045e-08 4.123758610333728714e-08 4.135678738542407117e-08 4.127719585730169204e-08 4.110810441066368168e-08 4.092974248426853572e-08 4.084329861525420616e-08 4.110719724076330384e-08 4.103009152562811193e-08 4.134917118505603282e-08 4.104642028490175920e-08 4.117737361781530521e-08 4.079640577936605619e-08 4.146375017792136132e-08 4.133594960381277737e-08 4.153506895728518711e-08 4.131392075023918650e-08 4.120990837413329496e-08 4.148749626871494785e-08 4.125240869516342267e-08 4.091926117700921753e-08 4.132336156765413609e-08 4.115892024248709574e-08 4.128828614583921858e-08
4.139185907127000968e-08 4.170033693372365664e-08 4.185974579447106588e-08 4.160557080693068592e-08 4.152652593119747874e-08 4.130504964687904595e-08 4.166784324553968344e-08 4.139274808465051188e-08 4.110398122370168516e-08 4.161248274716211522e-08 4.113379413028123445e-08 4.157541634105949735e-08 4.170867399841488547e-08 4.098908044614179202e-08 4.160403023077072791e-08 4.167203942646806586e-08 4.141846752651642845e-08 4.128087062577221420e-08 4.137914881872377970e-08 4.150125510278242624e-08 4.125835939130650052e-08 4.154324032030934769e-08 4.166323570629618576e-08 4.158364292019841779e-08 4.141311198639288318e-08 4.123278328887502438e-08 4.114438326569216706e-08 4.141288635977033413e-08 4.133440367580804028e-08 4.165540683224471995e-08 4.134978115373638995e-08 4.148206339633226545e-08 4.109898426765670493e-08 4.177263172034644240e-08 4.164360551411517923e-08 4.184362781497887553e-08 4.161981256968991987e-08 4.151466181299449083e-08 4.179581188756362778e-08 4.155891983390425993e-08 4.122233018297195721e-08 4.163077012208492018e-08 4.146384810093132543e-08 4.159481501508490255e-08
4.155069786076814103e-08 4.185974579447106588e-08 4.202203818823796777e-08 4.176565989880093952e-08 4.168581530828162893e-08 4.146384224941373748e-08 4.182844189447188842e-08 4.155174716264852636e-08 4.126233043299503218e-08 4.177292494204983608e-08 4.129127161700122462e-08 4.173554583688483198e-08 4.186894321076122702e-08 4.114655713486234141e-08 4.176425529607378353e-08 4.183261510001530235e-08 4.157799717078162090e-08 4.143896250105175781e-08 4.153779062599942539e-08 4.166046339344051992e-08 4.141768113236803724e-08 4.170298460252684949e-08 4.182432479708447501e-08 4.174429971799101721e-08 4.157216992112886251e-08 4.139134544381113554e-08 4.130282644942021696e-08 4.157215078182465658e-08 4.149321734212085520e-08 4.181514250514300040e-08 4.150916933125340548e-08 4.164163809009890155e-08 4.125653845643191099e-08 4.193376811846454800e-08 4.180393568527451353e-08 4.200481661182610430e-08 4.177960767675944409e-08 4.167479886684315803e-08 4.195665565944200532e-08 4.171890749680125271e-08 4.138123747499266219e-08 4.179152197686046387e-08 4.162319983440184185e-08 4.175511303772775270e-08
4.129872580569179675e-08 4.160557080693068592e-08 4.176565989880093952e-08 4.151275304020353201e-08 4.143297428378453485e-08 4.121156301661332872e-08 4.157471466807540772e-08 4.129923842922333282e-08 4.101096962511942313e-08 4.151866800622411998e-08 4.103987301036249994e-08 4.148160787812086060e-08 4.161462608743259268e-08 4.089660680947960820e-08 4.151083637311337537e-08 4.157854608924525627e-08 4.132495274904897568e-08 4.118753078647041613e-08 4.128587959297834626e-08 4.140760615115595046e-08 4.116491425312324703e-08 4.144947400350426960e-08 4.156942437259158496e-08 4.149056510659342632e-08 4.131879227305795907e-08 4.114001382752987200e-08 4.105202082265520240e-08 4.131847659288710322e-08 4.124065011878864774e-08 4.156192184794458284e-08 4.125696655489395640e-08 4.138878132787197549e-08 4.100559717578135673e-08 4.167911194814379080e-08 4.154963328140413484e-08 4.174940603419625785e-08 4.152581163366725371e-08 4.142110266912866872e-08 4.170127819926677056e-08 4.146581066433158792e-08 4.112941795893545705e-08 4.153706482832637403e-08 4.137041520260134327e-08 4.150049936184279834e-08
4.122067529082161026e-08 4.152652593119747874e-08 4.168581530828162893e-08 4.143297428378453485e-08 4.135501494492136187e-08 4.113386231415759692e-08 4.149488725983928356e-08 4.122140111471551941e-08 4.093347422589989413e-08 4.143968767234588359e-08 4.096283184101540350e-08 4.140303833699250385e-08 4.153607017613139377e-08 4.081988003807938427e-08 4.143149025052477710e-08 4.149961349446243799e-08 4.124685538013683478e-08 4.111041121528609348e-08 4.120816217955531421e-08 4.132938992781124412e-08 4.108690441237781013e-08 4.137112648683231297e-08 4.149108958075975202e-08 4.141158164900558034e-08 4.124129669538765294e-08 4.106177521296607115e-08 4.097459996739947485e-08 4.124039898300502060e-08 4.116294780304067885e-08 4.148341964029044202e-08 4.117857244878152445e-08 4.131067252381604685e-08 4.092844919241911985e-08 4.159908534441164128e-08 4.147062273269904361e-08 4.167074001667772756e-08 4.144738748440975305e-08 4.134280327427525886e-08 4.162235543649179853e-08 4.138679540084566603e-08 4.105155369116069597e-08 4.145819101661567398e-08 4.129190614645766102e-08 4.142268229347988056e-08
4.100083151268994509e-08 4.130504964687904595e-08 4.146384224941373748e-08 4.121156301661332872e-08 4.113386231415759692e-08 4.091564173149956101e-08 4.127332565625501784e-08 4.100227789794372799e-08 4.071619754041010941e-08 4.121953157861630658e-08 4.074558384931953499e-08 4.118267685357992450e-08 4.131446249838357535e-08 4.060347785610742913e-08 4.121071831842698217e-08 4.127846756269883053e-08 4.102726717445616623e-08 4.089157329385978318e-08 4.098888642697013866e-08 4.110900023161266367e-08 4.086910580133431928e-08 4.115086133343791548e-08 4.127033971202678496e-08 4.119057928289566645e-08 4.102252223568488863e-08 4.084396783638629010e-08 4.075667793787606473e-08 4.102147102806765608e-08 4.094439308881871226e-08 4.126197688463870354e-08 4.095938059490456272e-08 4.109057717599808865e-08 4.071117874083563254e-08 4.137635514219913355e-08 4.124972299987715689e-08 4.144802104833725040e-08 4.122633821610090517e-08 4.112299929171372002e-08 4.140081891116498426e-08 4.116619212466241927e-08 4.083394879871226884e-08 4.123732742595557344e-08 4.107180259401961525e-08 4.120215130704709331e-08
4.136056002578525881e-08 4.166784324553968344e-08 4.182844189447188842e-08 4.157471466807540772e-08 4.149488725983928356e-08 4.127332565625501784e-08 4.163757852025372739e-08 4.136118336955356398e-08 4.107282482903884078e-08 4.158154904966055558e-08 4.110097499400961810e-08 4.154405772884924553e-08 4.167710607576914584e-08 4.095767273890445664e-08 4.157313087978927256e-08 4.164128825389723384e-08 4.138712472483674343e-08 4.124919004929835183e-08 4.134752259218171790e-08 4.146965191831567133e-08 4.122697727402858370e-08 4.151139687283746266e-08 4.163248070100218345e-08 4.155344303906101090e-08 4.138098054655322245e-08 4.120199549932873715e-08 4.111323933477289696e-08 4.138081084820629046e-08 4.130253093137438526e-08 4.162400944142898600e-08 4.131858061247167631e-08 4.145047993351772540e-08 4.106717493717958237e-08 4.174195452795608871e-08 4.161210574371160303e-08 4.181194941244275307e-08 4.158813058549177501e-08 4.148369770362690311e-08 4.176400154359021610e-08 4.152832168202840072e-08 4.119098015530568287e-08 4.159960303680752336e-08 4.143246621514935275e-08 4.156300450295395076e-08
4.108884821676807544e-08 4.139274808465051188e-08 4.155174716264852636e-08 4.129923842922333282e-08 4.122140111471551941e-08 4.100227789794372799e-08 4.136118336955356398e-08 4.109010795881205748e-08 4.080312742722178181e-08 4.130698558431132452e-08 4.083232716093287810e-08 4.127042507880637521e-08 4.140213280008793764e-08 4.069047150289763898e-08 4.129818627690968510e-08 4.136621148353004079e-08 4.111484924781493656e-08 4.097940338120979706e-08 4.107637145115120063e-08 4.119656815283265889e-08 4.095651988960328424e-08 4.123864983946354336e-08 4.135790892566180073e-08 4.127812974439044649e-08 4.110956632354365258e-08 4.093091112996900588e-08 4.084445923549916980e-08 4.110853971215287293e-08 4.103157361661578490e-08 4.134985950683808663e-08 4.104713959058707015e-08 4.117824842964518665e-08 4.079783517294582013e-08 4.146411796328039826e-08 4.133694785331858799e-08 4.153588933845828188e-08 4.131444819043925044e-08 4.121096167320329903e-08 4.148865956815603374e-08 4.125324971116699856e-08 4.092075086276473732e-08 4.132461355165997235e-08 4.115971486801379533e-08 4.128948098739418219e-08
4.080195455279672569e-08 4.110398122370168516e-08 4.126233043299503218e-08 4.101096962511942313e-08 4.093347422589989413e-08 4.071619754041010941e-08 4.107282482903884078e-08 4.080312742722178181e-08 4.051914884062427737e-08 4.101881319444662526e-08 4.054702957911397595e-08 4.098235809271353073e-08 4.111301606205942804e-08 4.040628376639728889e-08 4.100981843078502499e-08 4.107718159213552025e-08 4.082786157410941451e-08 4.069309247597621054e-08 4.078935536109280513e-08 4.090898024784708749e-08 4.067152944619093740e-08 4.095087103474101907e-08 4.106933491100148683e-08 4.099004402513715779e-08 4.082255277363507122e-08 4.064547592993082454e-08 4.055926341044927042e-08 4.082182996516226141e-08 4.074485651222680890e-08 4.106039158380642163e-08 4.076105595782891110e-08 4.089082443760206458e-08 4.051297607890649819e-08 4.117507611940794934e-08 4.104864384084594186e-08 4.124543894779267503e-08 4.102638643490899748e-08 4.092330872646599380e-08 4.119910846378549714e-08 4.096544030183474246e-08 4.063504610465096134e-08 4.103608833287785948e-08 4.087263688235128422e-08 4.100110298715344908e-08
4.130562172857831553e-08 4.161248274716211522e-08 4.177292494204983608e-08 4.151866800622411998e-08 4.143968767234588359e-08 4.121953157861630658e-08 4.158154904966055558e-08 4.130698558431132452e-08 4.101881319444662526e-08 4.152804874497056107e-08 4.104801047284555613e-08 4.148918905462072026e-08 4.162239211142196268e-08 4.090439151936383915e-08 4.151848984571396010e-08 4.158659112549617556e-08 4.133277976638131151e-08 4.119523616216794026e-08 4.129357289402460960e-08 4.141447399559459655e-08 4.117275358809577417e-08 4.145662590712785847e-08 4.157854211265912501e-08 4.149861380881175576e-08 4.132747102107270206e-08 4.114814379049269221e-08 4.105906068866680679e-08 4.132740236560557136e-08 4.124896173506260825e-08 4.156928359462225162e-08 4.126417040700960743e-08 4.139576017251736278e-08 4.101369694291171830e-08 4.168585911698262010e-08 4.155724823776102908e-08 4.175618306042266740e-08 4.153320151870113267e-08 4.142896356107407308e-08 4.170934578976375987e-08 4.147298051267525143e-08 4.113768550562812184e-08 4.154497464966134412e-08 4.137715461153445810e-08 4.150901395114727135e-08
4.083080224731636881e-08 4.113379413028123445e-08 4.129127161700122462e-08 4.103987301036249994e-08 4.096283184101540350e-08 4.074558384931953499e-08 4.110097499400961810e-08 4.083232716093287810e-08 4.054702957911397595e-08 4.104801047284555613e-08 4.057770845532159533e-08 4.101149260997067360e-08 4.114264201105172682e-08 4.043532074412483714e-08 4.103906036589666731e-08 4.110644023558950110e-08 4.085689523918525244e-08 4.072220537224352599e-08 4.081888164851135540e-08 4.093807280941301337e-08 4.069978743887388448e-08 4.098019019522980634e-08 4.109820000405857098e-08 4.101868828382422154e-08 4.085249004904959165e-08 4.067395127284218164e-08 4.058795589736776245e-08 4.085166247261989233e-08 4.077492580258015401e-08 4.109048984793262169e-08 4.078958748794852359e-08 4.091990747613535669e-08 4.054247844558205927e-08 4.120362933664367649e-08 4.107792333227555783e-08 4.127541728576887342e-08 4.105511392179556156e-08 4.095214111738764618e-08 4.122903225162999843e-08 4.099413555857320663e-08 4.066441507812383658e-08 4.106569869910223788e-08 4.090122368113026681e-08 4.103091676391896920e-08
4.126939147135030291e-08 4.157541634105949735e-08 4.173554583688483198e-08 4.148160787812086060e-08 4.140303833699250385e-08 4.118267685357992450e-08 4.154405772884924553e-08 4.127042507880637521e-08 4.098235809271353073e-08 4.148918905462072026e-08 4.101149260997067360e-08 4.145287676175235411e-08 4.158474026202734066e-08 4.086847546535693159e-08 4.148030594361365508e-08 4.154871613754375684e-08 4.129620595746884864e-08 4.115906683314371063e-08 4.125673035178993218e-08 4.137807449945067988e-08 4.113628676747806146e-08 4.142015324414703843e-08 4.154099970618740639e-08 4.146069039392794876e-08 4.129088229206849878e-08 4.111106613157410558e-08 4.102301750114193947e-08 4.128995792448062129e-08 4.121224120234684656e-08 4.153201830803770919e-08 4.122703111158077094e-08 4.135929842364042069e-08 4.097739575776816879e-08 4.164812276628484901e-08 4.151986086789255527e-08 4.172031243808794094e-08 4.149635148465494700e-08 4.139262207301642786e-08 4.167184562321593027e-08 4.143597168827104926e-08 4.110088448664874556e-08 4.150754588024141069e-08 4.134079653383648045e-08 4.147219585173094437e-08
4.140135659437628932e-08 4.170867399841488547e-08 4.186894321076122702e-08 4.161462608743259268e-08 4.153607017613139377e-08 4.131446249838357535e-08 4.167710607576914584e-08 4.140213280008793764e-08 4.111301606205942804e-08 4.162239211142196268e-08 4.114264201105172682e-08 4.158474026202734066e-08 4.171878601593332749e-08 4.099877491227648999e-08 4.161377001467070733e-08 4.168229696158335768e-08 4.142798270043344089e-08 4.129033477763637341e-08 4.138893831102458984e-08 4.151041195299723329e-08 4.126700513047511536e-08 4.155239032899335954e-08 4.167374903703479098e-08 4.159359644915457144e-08 4.142258730450996295e-08 4.124228563076380456e-08 4.115375339485413911e-08 4.142197989139997240e-08 4.134364597064375957e-08 4.166555345551101615e-08 4.135916701278802394e-08 4.149160642600009206e-08 4.110794668934455163e-08 4.178176341943964159e-08 4.165284972055999356e-08 4.185333733002017208e-08 4.162916834602067723e-08 4.152424877901082965e-08 4.180521322468859960e-08 4.156857416420047653e-08 4.123181741833883861e-08 4.164042320745437653e-08 4.147268618656477972e-08 4.160482325007057015e-08
4.068912917972468757e-08 4.098908044614179202e-08 4.114655713486234141e-08 4.089660680947960820e-08 4.081988003807938427e-08 4.060347785610742913e-08 4.095767273890445664e-08 4.069047150289763898e-08 4.040628376639728889e-08 4.090439151936383915e-08 4.043532074412483714e-08 4.086847546535693159e-08 4.099877491227648999e-08 4.029598070154611086e-08 4.089536794749887441e-08 4.096287403591980240e-08 4.071451006132261808e-08 4.058136064212933134e-08 4.067727096983972225e-08 4.079531186282130942e-08 4.055815049248659436e-08 4.083721795581369946e-08 4.095505594450513077e-08 4.087532312956606470e-08 4.070957446943640786e-08 4.053313386416659977e-08 4.044800085871842118e-08 4.070796524966709882e-08 4.063227580574664346e-08 4.094719615001938065e-08 4.064807026304537725e-08 4.077764828154874546e-08 4.040084828164962863e-08 4.105867497701421536e-08 4.093382629273443297e-08 4.113071359965126152e-08 4.091204136258099537e-08 4.080972603928705386e-08 4.108459203999383448e-08 4.085128954946023667e-08 4.052303391915538625e-08 4.092158320345705272e-08 4.075877449481752533e-08 4.088699789051489704e-08
4.129735157827062248e-08 4.160403023077072791e-08 4.176425529607378353e-08 4.151083637311337537e-08 4.143149025052477710e-08 4.121071831842698217e-08 4.157313087978927256e-08 4.129818627690968510e-08 4.100981843078502499e-08 4.151848984571396010e-08 4.103906036589666731e-08 4.148030594361365508e-08 4.161377001467070733e-08 4.089536794749887441e-08 4.151050063804407775e-08 4.157806270217201940e-08 4.132387067340705995e-08 4.118618698470743463e-08 4.128478043150043888e-08 4.140625433287015278e-08 4.116359678456860923e-08 4.144819614249414042e-08 4.156909354294096546e-08 4.148989903175216874e-08 4.131826459176099798e-08 4.113868317730046355e-08 4.105028668008384407e-08 4.131800294012701697e-08 4.124001306313843629e-08 4.156134377158471588e-08 4.125561875063472782e-08 4.138759443032369631e-08 4.100477749693959961e-08 4.167796821058123898e-08 4.154870502607683468e-08 4.174813727166992770e-08 4.152496321494096416e-08 4.142016182571511124e-08 4.170010550708736461e-08 4.146431299993239992e-08 4.112856642034966677e-08 4.153599011254719896e-08 4.136902115976591337e-08 4.150016587412012523e-08
4.136524047581773782e-08 4.167203942646806586e-08 4.183261510001530235e-08 4.157854608924525627e-08 4.149961349446243799e-08 4.127846756269883053e-08 4.164128825389723384e-08 4.136621148353004079e-08 4.107718159213552025e-08 4.158659112549617556e-08 4.110644023558950110e-08 4.154871613754375684e-08 4.168229696158335768e-08 4.096287403591980240e-08 4.157806270217201940e-08 4.164675033485515476e-08 4.139194163326070636e-08 4.125408864975118009e-08 4.135264613802327704e-08 4.147425756752643174e-08 4.123109697144240485e-08 4.151618859981488679e-08 4.163770256417927429e-08 4.155807914357357613e-08 4.138637262395250403e-08 4.120658284774919179e-08 4.111772706949138402e-08 4.138579130284486483e-08 4.130784437672872110e-08 4.162936747146173758e-08 4.132291864517076760e-08 4.145537656309274351e-08 4.107221072140551332e-08 4.174587184883326678e-08 4.161669150631359892e-08 4.181712546425007628e-08 4.159278096592671693e-08 4.148864141782475949e-08 4.176856971539495466e-08 4.153265275442489653e-08 4.119610708043000503e-08 4.160446488157392731e-08 4.143669567578960768e-08 4.156866187694940417e-08
4.111380969508168398e-08 4.141846752651642845e-08 4.157799717078162090e-08 4.132495274904897568e-08 4.124685538013683478e-08 4.102726717445616623e-08 4.138712472483674343e-08 4.111484924781493656e-08 4.082786157410941451e-08 4.133277976638131151e-08 4.085689523918525244e-08 4.129620595746884864e-08 4.142798270043344089e-08 4.071451006132261808e-08 4.132387067340705995e-08 4.139194163326070636e-08 4.114121826626556230e-08 4.100394415853060347e-08 4.110112751366872074e-08 4.122226881656915869e-08 4.098170975196901602e-08 4.126385937500047401e-08 4.138416494809422947e-08 4.130388231541802889e-08 4.113511406037063288e-08 4.095603406789001218e-08 4.086889764982339844e-08 4.113408576299503023e-08 4.105658162703821211e-08 4.137489708395691494e-08 4.107236452770496292e-08 4.120370126022324873e-08 4.082250815831370337e-08 4.149049352254861240e-08 4.136310080171856723e-08 4.156280124990045379e-08 4.133995320955616275e-08 4.123615054522259552e-08 4.151432258109101910e-08 4.127873439413265898e-08 4.094608537474312420e-08 4.135112524021237073e-08 4.118539456444262022e-08 4.131548783259960123e-08
4.097833644275530432e-08 4.128087062577221420e-08 4.143896250105175781e-08 4.118753078647041613e-08 4.111041121528609348e-08 4.089157329385978318e-08 4.124919004929835183e-08 4.097940338120979706e-08 4.069309247597621054e-08 4.119523616216794026e-08 4.072220537224352599e-08 4.115906683314371063e-08 4.129033477763637341e-08 4.058136064212933134e-08 4.118618698470743463e-08 4.125408864975118009e-08 4.100394415853060347e-08 4.086987521502269969e-08 4.096605807735621331e-08 4.108552410341256698e-08 4.084580424430759308e-08 4.112725705864094539e-08 4.124640488891797273e-08 4.116633888276137405e-08 4.099873262232577631e-08 4.082081705975930265e-08 4.073491147546812959e-08 4.099735687540310559e-08 4.092070493160946288e-08 4.123854594388059681e-08 4.093658253975353144e-08 4.106730294556884924e-08 4.068794439656467484e-08 4.135147421913935774e-08 4.122503836392419103e-08 4.142341855005393217e-08 4.120311358289962066e-08 4.109966093569029922e-08 4.137665446544614911e-08 4.114175844660923315e-08 4.081053180906435130e-08 4.121260523948675668e-08 4.104865729713552395e-08 4.117783468154364023e-08
4.107537565715182377e-08 4.137914881872377970e-08 4.153779062599942539e-08 4.128587959297834626e-08 4.120816217955531421e-08 4.098888642697013866e-08 4.134752259218171790e-08 4.107637145115120063e-08 4.078935536109280513e-08 4.129357289402460960e-08 4.081888164851135540e-08 4.125673035178993218e-08 4.138893831102458984e-08 4.067727096983972225e-08 4.128478043150043888e-08 4.135264613802327704e-08 4.110112751366872074e-08 4.096605807735621331e-08 4.106345689610499532e-08 4.118293919395240914e-08 4.094230125645205297e-08 4.122507540952847986e-08 4.134462250015395923e-08 4.126462268873312814e-08 4.109608703549652118e-08 4.091768770972613281e-08 4.083086672957276470e-08 4.109490066370484815e-08 4.101811844410812415e-08 4.133686685024860044e-08 4.103369760894788227e-08 4.116481168991690611e-08 4.078432772892818356e-08 4.145050583027781112e-08 4.132343780688395863e-08 4.152225735838297389e-08 4.130095353379987413e-08 4.119693269685437602e-08 4.147523444242820567e-08 4.124017883813196227e-08 4.090743432800439958e-08 4.131094136357062468e-08 4.114571283338936818e-08 4.127595842760991089e-08
4.119566445439312663e-08 4.150125510278242624e-08 4.166046339344051992e-08 4.140760615115595046e-08 4.132938992781124412e-08 4.110900023161266367e-08 4.146965191831567133e-08 4.119656815283265889e-08 4.090898024784708749e-08 4.141447399559459655e-08 4.093807280941301337e-08 4.137807449945067988e-08 4.151041195299723329e-08 4.079531186282130942e-08 4.140625433287015278e-08 4.147425756752643174e-08 4.122226881656915869e-08 4.108552410341256698e-08 4.118293919395240914e-08 4.130459108647028182e-08 4.106285389743659367e-08 4.134602659708675954e-08 4.146581965630227100e-08 4.138609735002367845e-08 4.121665800778696042e-08 4.103711714259012162e-08 4.095001620683692035e-08 4.121543523575496327e-08 4.113809038074069081e-08 4.145773233503684827e-08 4.115378305565966598e-08 4.128576405783914928e-08 4.090387302358677996e-08 4.157336986180946309e-08 4.144536424414654178e-08 4.164529367856329282e-08 4.142229920366861354e-08 4.131794680991171755e-08 4.159675751149816022e-08 4.136125658307932705e-08 4.102701879548941067e-08 4.143292267343067882e-08 4.126740442893097750e-08 4.139734701256704219e-08
4.095512323944255045e-08 4.125835939130650052e-08 4.141768113236803724e-08 4.116491425312324703e-08 4.108690441237781013e-08 4.086910580133431928e-08 4.122697727402858370e-08 4.095651988960328424e-08 4.067152944619093740e-08 4.117275358809577417e-08 4.069978743887388448e-08 4.113628676747806146e-08 4.126700513047511536e-08 4.055815049248659436e-08 4.116359678456860923e-08 4.123109697144240485e-08 4.098170975196901602e-08 4.084580424430759308e-08 4.094230125645205297e-08 4.106285389743659367e-08 4.082588773814997024e-08 4.110494629888674483e-08 4.122329542212005645e-08 4.114385682361635891e-08 4.097615427320580380e-08 4.079797624883673158e-08 4.071249063538357227e-08 4.097537150969605127e-08 4.089838259847300429e-08 4.121384155479313374e-08 4.091492624970154322e-08 4.104471036121582539e-08 4.066529581614866213e-08 4.132934996985993211e-08 4.120252093379460577e-08 4.140040242897292346e-08 4.118041511398872311e-08 4.107711803879884283e-08 4.135400091889462785e-08 4.111860237212291299e-08 4.078798369392779694e-08 4.119052044386467390e-08 4.102683230797824156e-08 4.115483485744786613e-08
4.123758610333728714e-08 4.154324032030934769e-08 4.170298460252684949e-08 4.144947400350426960e-08 4.137112648683231297e-08 4.115086133343791548e-08 4.151139687283746266e-08 4.123864983946354336e-08 4.095087103474101907e-08 4.145662590712785847e-08 4.098019019522980634e-08 4.142015324414703843e-08 4.155239032899335954e-08 4.083721795581369946e-08 4.144819614249414042e-08 4.151618859981488679e-08 4.126385937500047401e-08 4.112725705864094539e-08 4.122507540952847986e-08 4.134602659708675954e-08 4.110494629888674483e-08 4.138877459964879750e-08 4.150801939140532187e-08 4.142826409293669675e-08 4.125847508446194374e-08 4.107887052485719449e-08 4.099190934493290741e-08 4.125756572180575161e-08 4.118062815449309591e-08 4.149964394305408750e-08 4.119593456694385376e-08 4.132776627806798220e-08 4.094570445119932993e-08 4.161571431194376026e-08 4.148727785428568521e-08 4.168743536977763067e-08 4.146459099320242135e-08 4.136005555027393057e-08 4.163923037446901794e-08 4.140330165087686896e-08 4.106903080973211598e-08 4.147483689518268054e-08 4.130897793947981599e-08 4.143961171833245597e-08
4.135678738542407117e-08 4.166323570629618576e-08 4.182432479708447501e-08 4.156942437259158496e-08 4.149108958075975202e-08 4.127033971202678496e-08 4.163248070100218345e-08 4.135790892566180073e-08 4.106933491100148683e-08 4.157854211265912501e-08 4.109820000405857098e-08 4.154099970618740639e-08 4.167374903703479098e-08 4.095505594450513077e-08 4.156909354294096546e-08 4.163770256417927429e-08 4.138416494809422947e-08 4.124640488891797273e-08 4.134462250015395923e-08 4.146581965630227100e-08 4.122329542212005645e-08 4.150801939140532187e-08 4.163099189126250418e-08 4.154989020107583067e-08 4.137911937566218032e-08 4.119860342047377216e-08 4.110965521662800928e-08 4.137812904860070549e-08 4.130011638887040723e-08 4.162089611078300824e-08 4.131454511662297720e-08 4.144710904944515009e-08 4.106453558913800184e-08 4.173716035317836452e-08 4.160845312295853183e-08 4.180924036445403529e-08 4.158478303972856346e-08 4.148063284340582097e-08 4.176084845766898471e-08 4.152451866546066328e-08 4.118854650566160309e-08 4.159628591340166350e-08 4.142814773044853280e-08 4.156132356931455196e-08
4.127719585730169204e-08 4.158364292019841779e-08 4.174429971799101721e-08 4.149056510659342632e-08 4.141158164900558034e-08 4.119057928289566645e-08 4.155344303906101090e-08 4.127812974439044649e-08 4.099004402513715779e-08 4.149861380881175576e-08 4.101868828382422154e-08 4.146069039392794876e-08 4.159359644915457144e-08 4.087532312956606470e-08 4.148989903175216874e-08 4.155807914357357613e-08 4.130388231541802889e-08 4.116633888276137405e-08 4.126462268873312814e-08 4.138609735002367845e-08 4.114385682361635891e-08 4.142826409293669675e-08 4.154989020107583067e-08 4.147083635035917293e-08 4.129835550114830813e-08 4.111888622623548161e-08 4.103030472018058676e-08 4.129809169255037971e-08 4.122043809962917514e-08 4.154099970812184435e-08 4.123518126286928327e-08 4.136721529024800372e-08 4.098516717814225500e-08 4.165837411645609986e-08 4.152860202889499344e-08 4.172855774485246145e-08 4.150471027657442245e-08 4.140062976006852998e-08 4.168043726222900964e-08 4.144500256198089544e-08 4.110859073128923951e-08 4.151640565577916725e-08 4.134875338421311178e-08 4.148057474510743043e-08
4.110810441066368168e-08 4.141311198639288318e-08 4.157216992112886251e-08 4.131879227305795907e-08 4.124129669538765294e-08 4.102252223568488863e-08 4.138098054655322245e-08 4.110956632354365258e-08 4.082255277363507122e-08 4.132747102107270206e-08 4.085249004904959165e-08 4.129088229206849878e-08 4.142258730450996295e-08 4.070957446943640786e-08 4.131826459176099798e-08 4.138637262395250403e-08 4.113511406037063288e-08 4.099873262232577631e-08 4.109608703549652118e-08 4.121665800778696042e-08 4.097615427320580380e-08 4.125847508446194374e-08 4.137911937566218032e-08 4.129835550114830813e-08 4.113086068598063836e-08 4.095051325086095778e-08 4.086299818313031591e-08 4.112944878843307162e-08 4.105204067009981704e-08 4.137006767693744611e-08 4.106608570549453178e-08 4.119797624935425906e-08 4.081809743399867487e-08 4.148438345794729332e-08 4.135765298309139999e-08 4.155714620758724777e-08 4.133437642441654423e-08 4.123093709621669281e-08 4.150945517574080848e-08 4.127370758901314454e-08 4.094083181623740168e-08 4.134540891322857374e-08 4.117924271687933901e-08 4.131080903605564531e-08
4.092974248426853572e-08 4.123278328887502438e-08 4.139134544381113554e-08 4.114001382752987200e-08 4.106177521296607115e-08 4.084396783638629010e-08 4.120199549932873715e-08 4.093091112996900588e-08 4.064547592993082454e-08 4.114814379049269221e-08 4.067395127284218164e-08 4.111106613157410558e-08 4.124228563076380456e-08 4.053313386416659977e-08 4.113868317730046355e-08 4.120658284774919179e-08 4.095603406789001218e-08 4.082081705975930265e-08 4.091768770972613281e-08 4.103711714259012162e-08 4.079797624883673158e-08 4.107887052485719449e-08 4.119860342047377216e-08 4.111888622623548161e-08 4.095051325086095778e-08 4.077416609669945013e-08 4.068623432518014356e-08 4.094970893249961617e-08 4.087263711809515153e-08 4.118966617090461981e-08 4.088856148855679721e-08 4.101871785482897632e-08 4.063995975154968469e-08 4.130407918054011542e-08 4.117751590282095992e-08 4.137491666063835561e-08 4.115439799169304227e-08 4.105149929331264524e-08 4.132849633769746827e-08 4.109471906234047164e-08 4.076315472490161768e-08 4.116528329662285747e-08 4.100027091009692244e-08 4.112953034748774334e-08
4.084329861525420616e-08 4.114438326569216706e-08 4.130282644942021696e-08 4.105202082265520240e-08 4.097459996739947485e-08 4.075667793787606473e-08 4.111323933477289696e-08 4.084445923549916980e-08 4.055926341044927042e-08 4.105906068866680679e-08 4.058795589736776245e-08 4.102301750114193947e-08 4.115375339485413911e-08 4.044800085871842118e-08 4.105028668008384407e-08 4.111772706949138402e-08 4.086889764982339844e-08 4.073491147546812959e-08 4.083086672957276470e-08 4.095001620683692035e-08 4.071249063538357227e-08 4.099190934493290741e-08 4.110965521662800928e-08 4.103030472018058676e-08 4.086299818313031591e-08 4.068623432518014356e-08 4.060204103791124096e-08 4.086177359382316395e-08 4.078577901586565280e-08 4.110189546716483182e-08 4.080290078133210154e-08 4.093227713893959964e-08 4.055336729758647112e-08 4.121470569978023064e-08 4.108855323595202365e-08 4.128630996181733247e-08 4.106714592141512861e-08 4.096417272413481668e-08 4.124011759268646785e-08 4.100542015555360759e-08 4.067619725766254517e-08 4.107659195124856887e-08 4.091392979653017494e-08 4.104116099402957419e-08
4.110719724076330384e-08 4.141288635977033413e-08 4.157215078182465658e-08 4.131847659288710322e-08 4.124039898300502060e-08 4.102147102806765608e-08 4.138081084820629046e-08 4.110853971215287293e-08 4.082182996516226141e-08 4.132740236560557136e-08 4.085166247261989233e-08 4.128995792448062129e-08 4.142197989139997240e-08 4.070796524966709882e-08 4.131800294012701697e-08 4.138579130284486483e-08 4.113408576299503023e-08 4.099735687540310559e-08 4.109490066370484815e-08 4.121543523575496327e-08 4.097537150969605127e-08 4.125756572180575161e-08 4.137812904860070549e-08 4.129809169255037971e-08 4.112944878843307162e-08 4.094970893249961617e-08 4.086177359382316395e-08 4.112930424916259785e-08 4.105104509014336308e-08 4.136912710352571893e-08 4.106558466562579187e-08 4.119671066986796790e-08 4.081698189041611999e-08 4.148474875282824869e-08 4.135725935471054888e-08 4.155577050786217932e-08 4.133366757057333227e-08 4.123006968085918951e-08 4.150908315141842998e-08 4.127296213895348143e-08 4.093971874662924579e-08 4.134485853405460912e-08 4.117838730404078978e-08 4.130980297973448931e-08
4.103009152562811193e-08 4.133440367580804028e-08 4.149321734212085520e-08 4.124065011878864774e-08 4.116294780304067885e-08 4.094439308881871226e-08 4.130253093137438526e-08 4.103157361661578490e-08 4.074485651222680890e-08 4.124896173506260825e-08 4.077492580258015401e-08 4.121224120234684656e-08 4.134364597064375957e-08 4.063227580574664346e-08 4.124001306313843629e-08 4.130784437672872110e-08 4.105658162703821211e-08 4.092070493160946288e-08 4.101811844410812415e-08 4.113809038074069081e-08 4.089838259847300429e-08 4.118062815449309591e-08 4.130011638887040723e-08 4.122043809962917514e-08 4.105204067009981704e-08 4.087263711809515153e-08 4.078577901586565280e-08 4.105104509014336308e-08 4.097476343543542018e-08 4.129169795940524434e-08 4.098847644688258126e-08 4.111969033792200170e-08 4.074062148681627374e-08 4.140623156312620209e-08 4.127887884945124889e-08 4.147815855258168958e-08 4.125599468404472387e-08 4.115270660720978605e-08 4.143069136759077883e-08 4.119529803208639716e-08 4.086322957031990640e-08 4.126667410749061531e-08 4.110110822812145744e-08 4.123194450445443252e-08
4.134917118505603282e-08 4.165540683224471995e-08 4.181514250514300040e-08 4.156192184794458284e-08 4.148341964029044202e-08 4.126197688463870354e-08 4.162400944142898600e-08 4.134985950683808663e-08 4.106039158380642163e-08 4.156928359462225162e-08 4.109048984793262169e-08 4.153201830803770919e-08 4.166555345551101615e-08 4.094719615001938065e-08 4.156134377158471588e-08 4.162936747146173758e-08 4.137489708395691494e-08 4.123854594388059681e-08 4.133686685024860044e-08 4.145773233503684827e-08 4.121384155479313374e-08 4.149964394305408750e-08 4.162089611078300824e-08 4.154099970812184435e-08 4.137006767693744611e-08 4.118966617090461981e-08 4.110189546716483182e-08 4.136912710352571893e-08 4.129169795940524434e-08 4.161426640922717011e-08 4.130639625715705867e-08 4.143898450108566600e-08 4.105622972318257305e-08 4.172865624493261853e-08 4.159974976534181220e-08 4.180024926101654488e-08 4.157657439053938213e-08 4.147197638830710868e-08 4.175220335628967629e-08 4.151586088048076396e-08 4.117971765406403329e-08 4.158685362813502660e-08 4.142005221336767189e-08 4.155202457415427690e-08
4.104642028490175920e-08 4.134978115373638995e-08 4.150916933125340548e-08 4.125696655489395640e-08 4.117857244878152445e-08 4.095938059490456272e-08 4.131858061247167631e-08 4.104713959058707015e-08 4.076105595782891110e-08 4.126417040700960743e-08 4.078958748794852359e-08 4.122703111158077094e-08 4.135916701278802394e-08 4.064807026304537725e-08 4.125561875063472782e-08 4.132291864517076760e-08 4.107236452770496292e-08 4.093658253975353144e-08 4.103369760894788227e-08 4.115378305565966598e-08 4.091492624970154322e-08 4.119593456694385376e-08 4.131454511662297720e-08 4.123518126286928327e-08 4.106608570549453178e-08 4.088856148855679721e-08 4.080290078133210154e-08 4.106558466562579187e-08 4.098847644688258126e-08 4.130639625715705867e-08 4.100629129087603764e-08 4.113596353192613275e-08 4.075473132723634313e-08 4.142148778172123822e-08 4.129386734194981437e-08 4.149189379944809298e-08 4.127207863713670621e-08 4.116758982885383991e-08 4.144546149871447340e-08 4.120984586290861114e-08 4.087832872220226984e-08 4.128148051615674998e-08 4.111759335202824015e-08 4.124564103318385798e-08
4.117737361781530521e-08 4.148206339633226545e-08 4.164163809009890155e-08 4.138878132787197549e-08 4.131067252381604685e-08 4.109057717599808865e-08 4.145047993351772540e-08 4.117824842964518665e-08 4.089082443760206458e-08 4.139576017251736278e-08 4.091990747613535669e-08 4.135929842364042069e-08 4.149160642600009206e-08 4.077764828154874546e-08 4.138759443032369631e-08 4.145537656309274351e-08 4.120370126022324873e-08 4.106730294556884924e-08 4.116481168991690611e-08 4.128576405783914928e-08 4.104471036121582539e-08 4.132776627806798220e-08 4.144710904944515009e-08 4.136721529024800372e-08 4.119797624935425906e-08 4.101871785482897632e-08 4.093227713893959964e-08 4.119671066986796790e-08 4.111969033792200170e-08 4.143898450108566600e-08 4.113596353192613275e-08 4.126767415267209501e-08 4.088539147686639455e-08 4.155420392340890681e-08 4.142638611942371833e-08 4.162624439010421678e-08 4.140391748766885784e-08 4.129927273548573462e-08 4.157782897665296475e-08 4.134228767980798650e-08 4.100889581441825771e-08 4.141395585628678718e-08 4.124880036047091478e-08 4.137861156051371100e-08
4.079640577936605619e-08 4.109898426765670493e-08 4.125653845643191099e-08 4.100559717578135673e-08 4.092844919241911985e-08 4.071117874083563254e-08 4.106717493717958237e-08 4.079783517294582013e-08 4.051297607890649819e-08 4.101369694291171830e-08 4.054247844558205927e-08 4.097739575776816879e-08 4.110794668934455163e-08 4.040084828164962863e-08 4.100477749693959961e-08 4.107221072140551332e-08 4.082250815831370337e-08 4.068794439656467484e-08 4.078432772892818356e-08 4.090387302358677996e-08 4.066529581614866213e-08 4.094570445119932993e-08 4.106453558913800184e-08 4.098516717814225500e-08 4.081809743399867487e-08 4.063995975154968469e-08 4.055336729758647112e-08 4.081698189041611999e-08 4.074062148681627374e-08 4.105622972318257305e-08 4.075473132723634313e-08 4.088539147686639455e-08 4.050858133634046250e-08 4.116992665687539423e-08 4.104363689835660241e-08 4.124130082924256357e-08 4.102085052581672465e-08 4.091815275636148982e-08 4.119433195057994683e-08 4.096056980702459361e-08 4.063018374815954832e-08 4.103129674301045261e-08 4.086699399319955231e-08 4.099675518614255536e-08
4.146375017792136132e-08 4.177263172034644240e-08 4.193376811846454800e-08 4.167911194814379080e-08 4.159908534441164128e-08 4.137635514219913355e-08 4.174195452795608871e-08 4.146411796328039826e-08 4.117507611940794934e-08 4.168585911698262010e-08 4.120362933664367649e-08 4.164812276628484901e-08 4.178176341943964159e-08 4.105867497701421536e-08 4.167796821058123898e-08 4.174587184883326678e-08 4.149049352254861240e-08 4.135147421913935774e-08 4.145050583027781112e-08 4.157336986180946309e-08 4.132934996985993211e-08 4.161571431194376026e-08 4.173716035317836452e-08 4.165837411645609986e-08 4.148438345794729332e-08 4.130407918054011542e-08 4.121470569978023064e-08 4.148474875282824869e-08 4.140623156312620209e-08 4.172865624493261853e-08 4.142148778172123822e-08 4.155420392340890681e-08 4.116992665687539423e-08 4.184844525742035180e-08 4.171704524581428839e-08 4.191785009532742090e-08 4.169281407647433171e-08 4.158734594194932310e-08 4.186875395905478160e-08 4.163258151401694961e-08 4.129372562310593807e-08 4.170421912691409746e-08 4.153603896574485407e-08 4.166804792518355346e-08
4.133594960381277737e-08 4.164360551411517923e-08 4.180393568527451353e-08 4.154963328140413484e-08 4.147062273269904361e-08 4.124972299987715689e-08 4.161210574371160303e-08 4.133694785331858799e-08 4.104864384084594186e-08 4.155724823776102908e-08 4.107792333227555783e-08 4.151986086789255527e-08 4.165284972055999356e-08 4.093382629273443297e-08 4.154870502607683468e-08 4.161669150631359892e-08 4.136310080171856723e-08 4.122503836392419103e-08 4.132343780688395863e-08 4.144536424414654178e-08 4.120252093379460577e-08 4.148727785428568521e-08 4.160845312295853183e-08 4.152860202889499344e-08 4.135765298309139999e-08 4.117751590282095992e-08 4.108855323595202365e-08 4.135725935471054888e-08 4.127887884945124889e-08 4.159974976534181220e-08 4.129386734194981437e-08 4.142638611942371833e-08 4.104363689835660241e-08 4.171704524581428839e-08 4.158820456226625445e-08 4.178816638968867434e-08 4.156379288268365148e-08 4.145919025443311515e-08 4.173970104568304368e-08 4.150362126017866405e-08 4.116740472381913783e-08 4.157552998151624911e-08 4.140783697617957428e-08 4.153967654399175247e-08
4.153506895728518711e-08 4.184362781497887553e-08 4.200481661182610430e-08 4.174940603419625785e-08 4.167074001667772756e-08 4.144802104833725040e-08 4.181194941244275307e-08 4.153588933845828188e-08 4.124543894779267503e-08 4.175618306042266740e-08 4.127541728576887342e-08 4.172031243808794094e-08 4.185333733002017208e-08 4.113071359965126152e-08 4.174813727166992770e-08 4.181712546425007628e-08 4.156280124990045379e-08 4.142341855005393217e-08 4.152225735838297389e-08 4.164529367856329282e-08 4.140040242897292346e-08 4.168743536977763067e-08 4.180924036445403529e-08 4.172855774485246145e-08 4.155714620758724777e-08 4.137491666063835561e-08 4.128630996181733247e-08 4.155577050786217932e-08 4.147815855258168958e-08 4.180024926101654488e-08 4.149189379944809298e-08 4.162624439010421678e-08 4.124130082924256357e-08 4.191785009532742090e-08 4.178816638968867434e-08 4.199201784024301720e-08 4.176391000019082764e-08 4.165935448455856772e-08 4.194056113404279897e-08 4.170352941181368725e-08 4.136550781701777193e-08 4.177621650654378697e-08 4.160738763607226233e-08 4.174074433379094268e-08
