2.130903568629082028e-08 2.157788413092856848e-08 2.164181520655314665e-08 2.153472341600085118e-08 2.144745441718792242e-08 2.125025935334778935e-08 2.156839373431121993e-08 2.136426189599107019e-08 2.120460953327890861e-08 2.151025916415391172e-08 2.118573182723383885e-08 2.150196282731377278e-08 2.156069639450170347e-08 2.105718894653187098e-08 2.149555584668835355e-08 2.152204431103315833e-08 2.133163396218070136e-08 2.129855690342643724e-08 2.132579182618878137e-08 2.138265937053357756e-08 2.119943109804293721e-08 2.143578778910628547e-08 2.149743795044260814e-08 2.149916797074320416e-08 2.133763857972320865e-08 2.121676209846131429e-08 2.118656254608970722e-08 2.140732923202168362e-08 2.131121172934056057e-08 2.153147265610841316e-08 2.133175206045621136e-08 2.141294061988308149e-08 2.117234181341922107e-08 2.159042947316411327e-08 2.147847533180951811e-08 2.162705905336564455e-08 2.148563354375296603e-08 2.141458458595450640e-08 2.156184433448043466e-08 2.153308840813053364e-08 2.118710932646683467e-08 2.149966416686649585e-08 2.133944287893793079e-08 2.150633952193706295e-08
2.157788413092856848e-08 2.185703736512500041e-08 2.191994918936011881e-08 2.181094094625892953e-08 2.172055362913987533e-08 2.151548903079761979e-08 2.184496937293451957e-08 2.163409241716666127e-08 2.146951503492856884e-08 2.178482591528273947e-08 2.144881129828868914e-08 2.177652207329464457e-08 2.183929837933036159e-08 2.131566385315773549e-08 2.177033719273809605e-08 2.179752253491071375e-08 2.160212424747023142e-08 2.156568984527976058e-08 2.159501180796130860e-08 2.165304550359226178e-08 2.146447949691965068e-08 2.170907472013690968e-08 2.177367190476190666e-08 2.177375463157440859e-08 2.160639042006249193e-08 2.148336252070833357e-08 2.145127421363988342e-08 2.168158219915476470e-08 2.157948909873215010e-08 2.180694304094047692e-08 2.160009788575893891e-08 2.168520314622023759e-08 2.143519219996427714e-08 2.186942839899405215e-08 2.175312536870833636e-08 2.190689970206844951e-08 2.175979481085415984e-08 2.168587965986607296e-08 2.183927162012796958e-08 2.180858436208928696e-08 2.145096245675595142e-08 2.177417676620237664e-08 2.161142876724404657e-08 2.178249985473512341e-08
2.164181520655314665e-08 2.191994918936011881e-08 2.198537262248044400e-08 2.187476398688434982e-08 2.178471914725467539e-08 2.157962959005484362e-08 2.190905435619430674e-08 2.169785833096428495e-08 2.153326422375552522e-08 2.184931847504719346e-08 2.151248629782228044e-08 2.184058002938903096e-08 2.190288122762287219e-08 2.137981779501743625e-08 2.183416105834269357e-08 2.186242623565645512e-08 2.166589907205016881e-08 2.162990842537840052e-08 2.165891108032652693e-08 2.171727327784863055e-08 2.152729684580569894e-08 2.177313229183588283e-08 2.183765862672279142e-08 2.183838023438349477e-08 2.167072016310118955e-08 2.154690361142856890e-08 2.151509079738264528e-08 2.174537451246768881e-08 2.164368506076700783e-08 2.187109532008843525e-08 2.166411116149744605e-08 2.174865561783885910e-08 2.149889389146555781e-08 2.193304736022193699e-08 2.181719408250892854e-08 2.197140203875127536e-08 2.182356321882440113e-08 2.175020279204123674e-08 2.190299856070153306e-08 2.187337512278995962e-08 2.151474006269770062e-08 2.183833025115646496e-08 2.167477695131718064e-08 2.184655848241199305e-08
2.153472341600085118e-08 2.181094094625892953e-08 2.187476398688434982e-08 2.176829782512414442e-08 2.167763075854124321e-08 2.147457071152721102e-08 2.180162536320960897e-08 2.159137061302975588e-08 2.142822799047108606e-08 2.174108684974192096e-08 2.140878587470365839e-08 2.173264121264455240e-08 2.179380768749829634e-08 2.127614440184311501e-08 2.172661838508248327e-08 2.175304239950850574e-08 2.155872806002763414e-08 2.152364435134438322e-08 2.155248801608206209e-08 2.160962338057057165e-08 2.142299546047789553e-08 2.166572383218537087e-08 2.172973543384905294e-08 2.172985385877763428e-08 2.156371574342261540e-08 2.144146878314286026e-08 2.140989841293112113e-08 2.163808719954081841e-08 2.153738941795109772e-08 2.176245596024574578e-08 2.155728200002294562e-08 2.164160263903359287e-08 2.139452134168493841e-08 2.182376119781505276e-08 2.170918674808631618e-08 2.186175079286351990e-08 2.171633829193453012e-08 2.164289911281631647e-08 2.179453371445705531e-08 2.176511316968197736e-08 2.140989010261649554e-08 2.173074120002933652e-08 2.156817887081207256e-08 2.173820994235459038e-08
2.144745441718792242e-08 2.172055362913987533e-08 2.178471914725467539e-08 2.167763075854124321e-08 2.159104090734353350e-08 2.138979435026360071e-08 2.171115552205272439e-08 2.150494709599404801e-08 2.134413672692303948e-08 2.165329967952720703e-08 2.132430516692474074e-08 2.164410659930144533e-08 2.170317179960331828e-08 2.119429596922363965e-08 2.163690935181207530e-08 2.166431854594174216e-08 2.147190201773256907e-08 2.143852908529718692e-08 2.146691899880144862e-08 2.152283153295196173e-08 2.133919229653060942e-08 2.157763948955102037e-08 2.164013449483078167e-08 2.164205202444089700e-08 2.147782854264880248e-08 2.135726791146726270e-08 2.132522446819472791e-08 2.154990701393707138e-08 2.145133764946513897e-08 2.167401296824787832e-08 2.147166713246981695e-08 2.155543638875636911e-08 2.131088223791538200e-08 2.173301003352210975e-08 2.162152434309522869e-08 2.177051686877551350e-08 2.162749438821725998e-08 2.155529109267899689e-08 2.170517928538477477e-08 2.167583493982015075e-08 2.132608011962074654e-08 2.164198879579591334e-08 2.148040239155186908e-08 2.164878655294812608e-08
2.125025935334778935e-08 2.151548903079761979e-08 2.157962959005484362e-08 2.147457071152721102e-08 2.138979435026360071e-08 2.119996571975425282e-08 2.150805630895917949e-08 2.130836248800595328e-08 2.115361006198766784e-08 2.145207452375850130e-08 2.113400165856632267e-08 2.144271175947831731e-08 2.149782364192941635e-08 2.100853527210373634e-08 2.143607921090221362e-08 2.146160466754038250e-08 2.127513075911563432e-08 2.124361304731292503e-08 2.126978933293664641e-08 2.132486220772065878e-08 2.114733506754081402e-08 2.137787285067219468e-08 2.143751315022576996e-08 2.144060827417814346e-08 2.128159059433034868e-08 2.116379319986607983e-08 2.113357006120408723e-08 2.134839490773554044e-08 2.125632291598129545e-08 2.147152846842771928e-08 2.127616449295280753e-08 2.135593827996683830e-08 2.112097100874830023e-08 2.152774352021002603e-08 2.141972580365475974e-08 2.156253241974235186e-08 2.142725597538690614e-08 2.135635394083588333e-08 2.150186213376997966e-08 2.147305826096854328e-08 2.113465893095959929e-08 2.144071637862371950e-08 2.128136849149277541e-08 2.144550590994473119e-08
2.156839373431121993e-08 2.184496937293451957e-08 2.190905435619430674e-08 2.180162536320960897e-08 2.171115552205272439e-08 2.150805630895917949e-08 2.183652263313350256e-08 2.162564956624702616e-08 2.146227125818920237e-08 2.177546602358503131e-08 2.144212742278826532e-08 2.176658810642899167e-08 2.182823194194005035e-08 2.130971031649574715e-08 2.176077644670960570e-08 2.178656066954974364e-08 2.159291470105229398e-08 2.155784432756674869e-08 2.158609684424148701e-08 2.164421946874829650e-08 2.145677655290816081e-08 2.169928157378444117e-08 2.176372175050765928e-08 2.176392254898979062e-08 2.159777908767856902e-08 2.147535150636904581e-08 2.144364198847831541e-08 2.167174054741793879e-08 2.157148113433376043e-08 2.179713524948554743e-08 2.159168430844471599e-08 2.167543420543920219e-08 2.142812254846216228e-08 2.185754863474617289e-08 2.174307853217261926e-08 2.189581682186098151e-08 2.175025711334821398e-08 2.167701032196301950e-08 2.182864206651233060e-08 2.179873232178954327e-08 2.144398962961692057e-08 2.176449758894557352e-08 2.160151288730271378e-08 2.177256226111394187e-08
2.136426189599107019e-08 2.163409241716666127e-08 2.169785833096428495e-08 2.159137061302975588e-08 2.150494709599404801e-08 2.130836248800595328e-08 2.162564956624702616e-08 2.142252981649999832e-08 2.126318929186607066e-08 2.156814190990773664e-08 2.124333699247618874e-08 2.155914448221131161e-08 2.161668100680953129e-08 2.111540752347023742e-08 2.155270308359225794e-08 2.157800697891071460e-08 2.138882093955355803e-08 2.135618114784226641e-08 2.138294217152380290e-08 2.143968471298808474e-08 2.125745658894047907e-08 2.149263932284523806e-08 2.155418895142856953e-08 2.155637604992857414e-08 2.139483154893751206e-08 2.127504411760416310e-08 2.124358934986904288e-08 2.146418946334225570e-08 2.136865285446130631e-08 2.158885783935714101e-08 2.138900436284225467e-08 2.147017780607441087e-08 2.123033035398511211e-08 2.164663784482738130e-08 2.153555568810416413e-08 2.168274684096429179e-08 2.154223166197917056e-08 2.147094508492857554e-08 2.161924314621129820e-08 2.158920755338094998e-08 2.124486667148511379e-08 2.155684020074404342e-08 2.139573330326487973e-08 2.156261097694345645e-08
2.120460953327890861e-08 2.146951503492856884e-08 2.153326422375552522e-08 2.142822799047108606e-08 2.134413672692303948e-08 2.115361006198766784e-08 2.146227125818920237e-08 2.126318929186607066e-08 2.110981167151700139e-08 2.140656711447533682e-08 2.108885996198681518e-08 2.139698898739413085e-08 2.145221603377550675e-08 2.096414046701998648e-08 2.139003871945025450e-08 2.141565817178910933e-08 2.122924403600212567e-08 2.119881298023001945e-08 2.122444226122746293e-08 2.127988635008716032e-08 2.110214008283162745e-08 2.133198951749021491e-08 2.139130965036819435e-08 2.139450559737712797e-08 2.123629920957738346e-08 2.111862933362797696e-08 2.108872456444983133e-08 2.130263199201275135e-08 2.121126124615007499e-08 2.142606991233460647e-08 2.123132650044727295e-08 2.131058323185033557e-08 2.107655278953827336e-08 2.148135380348255863e-08 2.137344062233035643e-08 2.151614621223468866e-08 2.138127551787797517e-08 2.131055535508843239e-08 2.145532670333163780e-08 2.142639992064540852e-08 2.109003841508587972e-08 2.139449871099745030e-08 2.123571073950637548e-08 2.139967900413946321e-08
2.151025916415391172e-08 2.178482591528273947e-08 2.184931847504719346e-08 2.174108684974192096e-08 2.165329967952720703e-08 2.145207452375850130e-08 2.177546602358503131e-08 2.156814190990773664e-08 2.140656711447533682e-08 2.171825797210033532e-08 2.138557000086182191e-08 2.170752394574829944e-08 2.176766895667134362e-08 2.125545251385331093e-08 2.170160918301275346e-08 2.172837879833079193e-08 2.153493819264795991e-08 2.150097176085501692e-08 2.152881047014412800e-08 2.158598585635798993e-08 2.139988514112329853e-08 2.164050763217772310e-08 2.170401018151403228e-08 2.170469905923128831e-08 2.154050273097322159e-08 2.141895889629464434e-08 2.138775526242899576e-08 2.161209712749192478e-08 2.151439057523342040e-08 2.173798475952210958e-08 2.153444701809310982e-08 2.161769480595450339e-08 2.137299572753825458e-08 2.179733738096172840e-08 2.168461728049702409e-08 2.183453069679719068e-08 2.169080642533631383e-08 2.161822363727592871e-08 2.176918309466496137e-08 2.173925607706207735e-08 2.138809235646087433e-08 2.170521210349744660e-08 2.154268057717303498e-08 2.171276191874363059e-08
2.118573182723383885e-08 2.144881129828868914e-08 2.151248629782228044e-08 2.140878587470365839e-08 2.132430516692474074e-08 2.113400165856632267e-08 2.144212742278826532e-08 2.124333699247618874e-08 2.108885996198681518e-08 2.138557000086182191e-08 2.107212172356802913e-08 2.137665097685756569e-08 2.143102684411564020e-08 2.094607196439753188e-08 2.137005840064114855e-08 2.139512530194260645e-08 2.120989679862075196e-08 2.117923877356079691e-08 2.120512666312839374e-08 2.125996735895067174e-08 2.108375106681590980e-08 2.131166616183205879e-08 2.137080697270110876e-08 2.137430100230824751e-08 2.121734463940773605e-08 2.109897012201487063e-08 2.106952530070450837e-08 2.128272632430782379e-08 2.119183526865816386e-08 2.140521363318494169e-08 2.121160011381377878e-08 2.129072970229931401e-08 2.105758118638180252e-08 2.146045931634736937e-08 2.135319159219346069e-08 2.149561827032228342e-08 2.136060693007737623e-08 2.129188550338563163e-08 2.143430442129506638e-08 2.140636940725085204e-08 2.107179591230740310e-08 2.137462177327593486e-08 2.121661625942473866e-08 2.137966369924191928e-08
2.150196282731377278e-08 2.177652207329464457e-08 2.184058002938903096e-08 2.173264121264455240e-08 2.164410659930144533e-08 2.144271175947831731e-08 2.176658810642899167e-08 2.155914448221131161e-08 2.139698898739413085e-08 2.170752394574829944e-08 2.137665097685756569e-08 2.170017785080017519e-08 2.175963152983078743e-08 2.124565912542092053e-08 2.169251824814455502e-08 2.171892863359609066e-08 2.152644552163520180e-08 2.149209401941242516e-08 2.152014435263349722e-08 2.157774559029336773e-08 2.139158068065432427e-08 2.163207168925722285e-08 2.169534248240901997e-08 2.169679813334354709e-08 2.153129597867558929e-08 2.140958228952679032e-08 2.137783981925084516e-08 2.160467117062372111e-08 2.150516391916623864e-08 2.172939824707695641e-08 2.152513755151360405e-08 2.160872131593580388e-08 2.136332152272533715e-08 2.178966579052465393e-08 2.167514746226487698e-08 2.182716048184736996e-08 2.168226292673511726e-08 2.160956749201616097e-08 2.176046058144599034e-08 2.173038823441878481e-08 2.137874070521641018e-08 2.169691239659608646e-08 2.153496601182227345e-08 2.170356979484438061e-08
2.156069639450170347e-08 2.183929837933036159e-08 2.190288122762287219e-08 2.179380768749829634e-08 2.170317179960331828e-08 2.149782364192941635e-08 2.182823194194005035e-08 2.161668100680953129e-08 2.145221603377550675e-08 2.176766895667134362e-08 2.143102684411564020e-08 2.175963152983078743e-08 2.182347120378826644e-08 2.129759824379038659e-08 2.175335238653996104e-08 2.178023900543367060e-08 2.158489541853443494e-08 2.154886980966793624e-08 2.157757253391411471e-08 2.163627497593282369e-08 2.144646761664328662e-08 2.169150972995408023e-08 2.175667415121896517e-08 2.175667978290943744e-08 2.158876409001190481e-08 2.146557219486904604e-08 2.143368658521641095e-08 2.166401943410246383e-08 2.156245404800637703e-08 2.178971126924149491e-08 2.158305324792091796e-08 2.166756009644217006e-08 2.141758309095322960e-08 2.185237099965093495e-08 2.173556958933928501e-08 2.189033136541454220e-08 2.174272595213987591e-08 2.166842928763264935e-08 2.182181573220577846e-08 2.179203549417644062e-08 2.143390453046215977e-08 2.175691167620450278e-08 2.159439607081165181e-08 2.176542525137584363e-08
2.105718894653187098e-08 2.131566385315773549e-08 2.137981779501743625e-08 2.127614440184311501e-08 2.119429596922363965e-08 2.100853527210373634e-08 2.130971031649574715e-08 2.111540752347023742e-08 2.096414046701998648e-08 2.125545251385331093e-08 2.094607196439753188e-08 2.124565912542092053e-08 2.129759824379038659e-08 2.082460206285629509e-08 2.123892762098894295e-08 2.126387196277720653e-08 2.108122356610926593e-08 2.105235637053954224e-08 2.107707894273341875e-08 2.113135641731335034e-08 2.095783947310841280e-08 2.118139444522235736e-08 2.123879647701700715e-08 2.124300837252593353e-08 2.108925836168154379e-08 2.097286668096130740e-08 2.094388670435459382e-08 2.115171735648894551e-08 2.106438292590603337e-08 2.127396305323639849e-08 2.108400295142347081e-08 2.116097854349915346e-08 2.093328407882099909e-08 2.132726875447066484e-08 2.122257100241369624e-08 2.136096912032992587e-08 2.122949738060713843e-08 2.116205975115391648e-08 2.130235428981675803e-08 2.127453491001147868e-08 2.094646355936861697e-08 2.124354352361054370e-08 2.108601979339030814e-08 2.124730768296385670e-08
2.149555584668835355e-08 2.177033719273809605e-08 2.183416105834269357e-08 2.172661838508248327e-08 2.163690935181207530e-08 2.143607921090221362e-08 2.176077644670960570e-08 2.155270308359225794e-08 2.139003871945025450e-08 2.170160918301275346e-08 2.137005840064114855e-08 2.169251824814455502e-08 2.175335238653996104e-08 2.123892762098894295e-08 2.168751557479081039e-08 2.171291772502933639e-08 2.152000622063180234e-08 2.148505623751105742e-08 2.151293256724872381e-08 2.157079746815391206e-08 2.138394749489455812e-08 2.162528460726870552e-08 2.168942016614073289e-08 2.168949131521513302e-08 2.152493528990178577e-08 2.140292286037202683e-08 2.137126007961861889e-08 2.159717065854081889e-08 2.149865523136777285e-08 2.172245117168325095e-08 2.151851553662712580e-08 2.160155859167941873e-08 2.135691447378911285e-08 2.178321932789838603e-08 2.166867235804464012e-08 2.182012550503018603e-08 2.167563779093452270e-08 2.160312237067049581e-08 2.175411008141539020e-08 2.172447959130697087e-08 2.137173785507483020e-08 2.169040741848767049e-08 2.152796625085373900e-08 2.169766608414626423e-08
2.152204431103315833e-08 2.179752253491071375e-08 2.186242623565645512e-08 2.175304239950850574e-08 2.166431854594174216e-08 2.146160466754038250e-08 2.178656066954974364e-08 2.157800697891071460e-08 2.141565817178910933e-08 2.172837879833079193e-08 2.139512530194260645e-08 2.171892863359609066e-08 2.178023900543367060e-08 2.126387196277720653e-08 2.171291772502933639e-08 2.174176819008163392e-08 2.154575260893197274e-08 2.151085311695195262e-08 2.153948392688775950e-08 2.159687992508588446e-08 2.140938920384609040e-08 2.165251427997959320e-08 2.171649434642602252e-08 2.171689117364030845e-08 2.155151887450297208e-08 2.142882793852976447e-08 2.139745314768877563e-08 2.162409471363350253e-08 2.152429604323893730e-08 2.174904210514668494e-08 2.154497067722874107e-08 2.162865350610161677e-08 2.138196886512966940e-08 2.181037489718282150e-08 2.169633312178273585e-08 2.184774729659396009e-08 2.170248808138392622e-08 2.162984777242006816e-08 2.178081697857525403e-08 2.175196444799277469e-08 2.139683445814753113e-08 2.171716934003996331e-08 2.155482945867092029e-08 2.172498089257907472e-08
2.133163396218070136e-08 2.160212424747023142e-08 2.166589907205016881e-08 2.155872806002763414e-08 2.147190201773256907e-08 2.127513075911563432e-08 2.159291470105229398e-08 2.138882093955355803e-08 2.122924403600212567e-08 2.153493819264795991e-08 2.120989679862075196e-08 2.152644552163520180e-08 2.158489541853443494e-08 2.108122356610926593e-08 2.152000622063180234e-08 2.154575260893197274e-08 2.135686496798724067e-08 2.132262620799490084e-08 2.134995913401020037e-08 2.140666731962287732e-08 2.122421386330186646e-08 2.146010705018367063e-08 2.152196619333247914e-08 2.152402946442474444e-08 2.136203930416071576e-08 2.124158352094047803e-08 2.121030401665517936e-08 2.143198485684013407e-08 2.133574776753698811e-08 2.155565196424234151e-08 2.135564811960799029e-08 2.143746147725212472e-08 2.119628932637457235e-08 2.161475680268792726e-08 2.150307084122618554e-08 2.165056519655017061e-08 2.150976421300297448e-08 2.143849467303188411e-08 2.158674556253103268e-08 2.155728657689838515e-08 2.121150186521385901e-08 2.152419984795280711e-08 2.136353657579506716e-08 2.153049439289243437e-08
2.129855690342643724e-08 2.156568984527976058e-08 2.162990842537840052e-08 2.152364435134438322e-08 2.143852908529718692e-08 2.124361304731292503e-08 2.155784432756674869e-08 2.135618114784226641e-08 2.119881298023001945e-08 2.150097176085501692e-08 2.117923877356079691e-08 2.149209401941242516e-08 2.154886980966793624e-08 2.105235637053954224e-08 2.148505623751105742e-08 2.151085311695195262e-08 2.132262620799490084e-08 2.129160469214795931e-08 2.131764011620407989e-08 2.137387827893664899e-08 2.119284058022491609e-08 2.142566429181929949e-08 2.148650502637882296e-08 2.148931907009906747e-08 2.132911127536011863e-08 2.121010847455952674e-08 2.117904358433290266e-08 2.139730537734438763e-08 2.130343914530229483e-08 2.152137543799277131e-08 2.132374924278486404e-08 2.140426649991751838e-08 2.116670277480399725e-08 2.157804936925849983e-08 2.146820703654464148e-08 2.161417377362840342e-08 2.147525517514285600e-08 2.140473223436692197e-08 2.155080818482907805e-08 2.152190895596768362e-08 2.118103986786054318e-08 2.148935188770195451e-08 2.132969186523469319e-08 2.149523027649447228e-08
2.132579182618878137e-08 2.159501180796130860e-08 2.165891108032652693e-08 2.155248801608206209e-08 2.146691899880144862e-08 2.126978933293664641e-08 2.158609684424148701e-08 2.138294217152380290e-08 2.122444226122746293e-08 2.152881047014412800e-08 2.120512666312839374e-08 2.152014435263349722e-08 2.157757253391411471e-08 2.107707894273341875e-08 2.151293256724872381e-08 2.153948392688775950e-08 2.134995913401020037e-08 2.131764011620407989e-08 2.134519208338350346e-08 2.140070775281419699e-08 2.121921000171683691e-08 2.145397422540305720e-08 2.151507476963817856e-08 2.151776697311436662e-08 2.135617170359225971e-08 2.123659880798511989e-08 2.120523604733418244e-08 2.142613384762372176e-08 2.133001571093707781e-08 2.154946143220195738e-08 2.135015037761776738e-08 2.143232666001913452e-08 2.119201961764200064e-08 2.160727256935798796e-08 2.149686643499404220e-08 2.164377236628486471e-08 2.150350140838095598e-08 2.143251392543282232e-08 2.157963300967516517e-08 2.155078092343962529e-08 2.120673541371641242e-08 2.151766709272108120e-08 2.135767242138477599e-08 2.152395432719855056e-08
2.138265937053357756e-08 2.165304550359226178e-08 2.171727327784863055e-08 2.160962338057057165e-08 2.152283153295196173e-08 2.132486220772065878e-08 2.164421946874829650e-08 2.143968471298808474e-08 2.127988635008716032e-08 2.158598585635798993e-08 2.125996735895067174e-08 2.157774559029336773e-08 2.163627497593282369e-08 2.113135641731335034e-08 2.157079746815391206e-08 2.159687992508588446e-08 2.140666731962287732e-08 2.137387827893664899e-08 2.140070775281419699e-08 2.145845343497534192e-08 2.127417619029336542e-08 2.151065392511394492e-08 2.157298321513179555e-08 2.157493698276870559e-08 2.141241502827678546e-08 2.129188706930952314e-08 2.126066706065433263e-08 2.148273426542474792e-08 2.138635801570408219e-08 2.160744492101956006e-08 2.140684599149021559e-08 2.148824075289965854e-08 2.124700374827423520e-08 2.166556334712159264e-08 2.155348296664880854e-08 2.170261429334864101e-08 2.156070569245535590e-08 2.148959738009906007e-08 2.163751992091836777e-08 2.160822238468792278e-08 2.126200498239328233e-08 2.157475756921089015e-08 2.141410110653528917e-08 2.158149153161054431e-08
2.119943109804293721e-08 2.146447949691965068e-08 2.152729684580569894e-08 2.142299546047789553e-08 2.133919229653060942e-08 2.114733506754081402e-08 2.145677655290816081e-08 2.125745658894047907e-08 2.110214008283162745e-08 2.139988514112329853e-08 2.108375106681590980e-08 2.139158068065432427e-08 2.144646761664328662e-08 2.095783947310841280e-08 2.138394749489455812e-08 2.140938920384609040e-08 2.122421386330186646e-08 2.119284058022491609e-08 2.121921000171683691e-08 2.127417619029336542e-08 2.109863843667516979e-08 2.132645620571556163e-08 2.138625550480484480e-08 2.138951964911436902e-08 2.123083709473809833e-08 2.111341231629761794e-08 2.108236730235501570e-08 2.129790955460289282e-08 2.120496091120790959e-08 2.142047834668112508e-08 2.122543890697193390e-08 2.130580881862329413e-08 2.106986980060034214e-08 2.147603949350382728e-08 2.136868055453571011e-08 2.151120431086819749e-08 2.137562677648512043e-08 2.130571472399531748e-08 2.145060352944600421e-08 2.142103926035628851e-08 2.108445982271641091e-08 2.138965845772109188e-08 2.123074839194728013e-08 2.139430043851105374e-08
2.143578778910628547e-08 2.170907472013690968e-08 2.177313229183588283e-08 2.166572383218537087e-08 2.157763948955102037e-08 2.137787285067219468e-08 2.169928157378444117e-08 2.149263932284523806e-08 2.133198951749021491e-08 2.164050763217772310e-08 2.131166616183205879e-08 2.163207168925722285e-08 2.169150972995408023e-08 2.118139444522235736e-08 2.162528460726870552e-08 2.165251427997959320e-08 2.146010705018367063e-08 2.142566429181929949e-08 2.145397422540305720e-08 2.151065392511394492e-08 2.132645620571556163e-08 2.156647696004676534e-08 2.162864313934141307e-08 2.163022567335033834e-08 2.146594977616071330e-08 2.134461519375297317e-08 2.131311040699446964e-08 2.153806688478953871e-08 2.143863644351317521e-08 2.166195130559353927e-08 2.145932194155739730e-08 2.154266199017771779e-08 2.129793568086861694e-08 2.172170411523553947e-08 2.160912460243452008e-08 2.175891249546087953e-08 2.161627582971130690e-08 2.154326088699915122e-08 2.169359898756972876e-08 2.166397926520492843e-08 2.131265385260373958e-08 2.163018032787542286e-08 2.146852534628018726e-08 2.163704001009480959e-08
2.149743795044260814e-08 2.177367190476190666e-08 2.183765862672279142e-08 2.172973543384905294e-08 2.164013449483078167e-08 2.143751315022576996e-08 2.176372175050765928e-08 2.155418895142856953e-08 2.139130965036819435e-08 2.170401018151403228e-08 2.137080697270110876e-08 2.169534248240901997e-08 2.175667415121896517e-08 2.123879647701700715e-08 2.168942016614073289e-08 2.171649434642602252e-08 2.152196619333247914e-08 2.148650502637882296e-08 2.151507476963817856e-08 2.157298321513179555e-08 2.138625550480484480e-08 2.162864313934141307e-08 2.169448856359438742e-08 2.169284814474914829e-08 2.152678629528571356e-08 2.140498511558631180e-08 2.137307500783673522e-08 2.160079344291156888e-08 2.150015489589413223e-08 2.172534366478698719e-08 2.152068491876275098e-08 2.160463538063903058e-08 2.135748376365135716e-08 2.178600729903613740e-08 2.167201492991369006e-08 2.182420519276445594e-08 2.167873402550297720e-08 2.160595619791879139e-08 2.175768207232568157e-08 2.172807026130017172e-08 2.137266707476148235e-08 2.169346432925934881e-08 2.153077466910161651e-08 2.170119243508588677e-08
2.149916797074320416e-08 2.177375463157440859e-08 2.183838023438349477e-08 2.172985385877763428e-08 2.164205202444089700e-08 2.144060827417814346e-08 2.176392254898979062e-08 2.155637604992857414e-08 2.139450559737712797e-08 2.170469905923128831e-08 2.137430100230824751e-08 2.169679813334354709e-08 2.175667978290943744e-08 2.124300837252593353e-08 2.168949131521513302e-08 2.171689117364030845e-08 2.152402946442474444e-08 2.148931907009906747e-08 2.151776697311436662e-08 2.157493698276870559e-08 2.138951964911436902e-08 2.163022567335033834e-08 2.169284814474914829e-08 2.169575889594557961e-08 2.152961161680654996e-08 2.140800101958630929e-08 2.137516413317601955e-08 2.160264867729847192e-08 2.150225166772448989e-08 2.172706277174234240e-08 2.152302721229548953e-08 2.160693294300213191e-08 2.136009154814540739e-08 2.178691135787542366e-08 2.167360447714285302e-08 2.182478495040433448e-08 2.168046975137797332e-08 2.160739265453188744e-08 2.175849504565603305e-08 2.172872630039837944e-08 2.137561744071385896e-08 2.169455954886946688e-08 2.153272345702423943e-08 2.170165087241326280e-08
2.133763857972320865e-08 2.160639042006249193e-08 2.167072016310118955e-08 2.156371574342261540e-08 2.147782854264880248e-08 2.128159059433034868e-08 2.159777908767856902e-08 2.139483154893751206e-08 2.123629920957738346e-08 2.154050273097322159e-08 2.121734463940773605e-08 2.153129597867558929e-08 2.158876409001190481e-08 2.108925836168154379e-08 2.152493528990178577e-08 2.155151887450297208e-08 2.136203930416071576e-08 2.132911127536011863e-08 2.135617170359225971e-08 2.141241502827678546e-08 2.123083709473809833e-08 2.146594977616071330e-08 2.152678629528571356e-08 2.152961161680654996e-08 2.136904227104166694e-08 2.124834689047916685e-08 2.121739781014880310e-08 2.143721981998511959e-08 2.134161494492559334e-08 2.156102015998809930e-08 2.136220952969344994e-08 2.144360549482737654e-08 2.120365551272618714e-08 2.161879751477380625e-08 2.150863723731250052e-08 2.165498665708035261e-08 2.151538345000000172e-08 2.144456587266071135e-08 2.159138883873809506e-08 2.156252738739285838e-08 2.121808078791369127e-08 2.152938316825297698e-08 2.136903123200297037e-08 2.153590237237202236e-08
2.121676209846131429e-08 2.148336252070833357e-08 2.154690361142856890e-08 2.144146878314286026e-08 2.135726791146726270e-08 2.116379319986607983e-08 2.147535150636904581e-08 2.127504411760416310e-08 2.111862933362797696e-08 2.141895889629464434e-08 2.109897012201487063e-08 2.140958228952679032e-08 2.146557219486904604e-08 2.097286668096130740e-08 2.140292286037202683e-08 2.142882793852976447e-08 2.124158352094047803e-08 2.121010847455952674e-08 2.123659880798511989e-08 2.129188706930952314e-08 2.111341231629761794e-08 2.134461519375297317e-08 2.140498511558631180e-08 2.140800101958630929e-08 2.124834689047916685e-08 2.113083797045833008e-08 2.109857637567559587e-08 2.131607605951785679e-08 2.122204305754762045e-08 2.143923716729762006e-08 2.124264484893452237e-08 2.132338648856547629e-08 2.108631854459523743e-08 2.149547423607142467e-08 2.138726890862499857e-08 2.153087652130356820e-08 2.139387481214582975e-08 2.132316603473213443e-08 2.146946961292262186e-08 2.144007914632439978e-08 2.110006432807440013e-08 2.140783580175892293e-08 2.124831786261309382e-08 2.141328037707439612e-08
2.118656254608970722e-08 2.145127421363988342e-08 2.151509079738264528e-08 2.140989841293112113e-08 2.132522446819472791e-08 2.113357006120408723e-08 2.144364198847831541e-08 2.124358934986904288e-08 2.108872456444983133e-08 2.138775526242899576e-08 2.106952530070450837e-08 2.137783981925084516e-08 2.143368658521641095e-08 2.094388670435459382e-08 2.137126007961861889e-08 2.139745314768877563e-08 2.121030401665517936e-08 2.117904358433290266e-08 2.120523604733418244e-08 2.126066706065433263e-08 2.108236730235501570e-08 2.131311040699446964e-08 2.137307500783673522e-08 2.137516413317601955e-08 2.121739781014880310e-08 2.109857637567559587e-08 2.107014006725425160e-08 2.128369143363945501e-08 2.119181557110203789e-08 2.140696970603060954e-08 2.121204876773469586e-08 2.129141629751233096e-08 2.105640069500169871e-08 2.146282565095662762e-08 2.135505874984523419e-08 2.149837969750764718e-08 2.136235138275892807e-08 2.129238482397661414e-08 2.143654639181334681e-08 2.140809206490645895e-08 2.107043251210288648e-08 2.137564289720960145e-08 2.121681411554889709e-08 2.138142962186776620e-08
2.140732923202168362e-08 2.168158219915476470e-08 2.174537451246768881e-08 2.163808719954081841e-08 2.154990701393707138e-08 2.134839490773554044e-08 2.167174054741793879e-08 2.146418946334225570e-08 2.130263199201275135e-08 2.161209712749192478e-08 2.128272632430782379e-08 2.160467117062372111e-08 2.166401943410246383e-08 2.115171735648894551e-08 2.159717065854081889e-08 2.162409471363350253e-08 2.143198485684013407e-08 2.139730537734438763e-08 2.142613384762372176e-08 2.148273426542474792e-08 2.129790955460289282e-08 2.153806688478953871e-08 2.160079344291156888e-08 2.160264867729847192e-08 2.143721981998511959e-08 2.131607605951785679e-08 2.128369143363945501e-08 2.151178288029081679e-08 2.141043819826360416e-08 2.163446468762075039e-08 2.143018982156462664e-08 2.151496110815858852e-08 2.126882209980995155e-08 2.169401921821088583e-08 2.158085053164881050e-08 2.173225921398851641e-08 2.158779214953868822e-08 2.151551760777466129e-08 2.166589134883206186e-08 2.163601059424447338e-08 2.128408250199149559e-08 2.160189876402934099e-08 2.144101647104123743e-08 2.160941483660458673e-08
2.131121172934056057e-08 2.157948909873215010e-08 2.164368506076700783e-08 2.153738941795109772e-08 2.145133764946513897e-08 2.125632291598129545e-08 2.157148113433376043e-08 2.136865285446130631e-08 2.121126124615007499e-08 2.151439057523342040e-08 2.119183526865816386e-08 2.150516391916623864e-08 2.156245404800637703e-08 2.106438292590603337e-08 2.149865523136777285e-08 2.152429604323893730e-08 2.133574776753698811e-08 2.130343914530229483e-08 2.133001571093707781e-08 2.138635801570408219e-08 2.120496091120790959e-08 2.143863644351317521e-08 2.150015489589413223e-08 2.150225166772448989e-08 2.134161494492559334e-08 2.122204305754762045e-08 2.119181557110203789e-08 2.141043819826360416e-08 2.131682842469897761e-08 2.153427584654719150e-08 2.133617306867432000e-08 2.141688047390008504e-08 2.117876852122831780e-08 2.159170637118835770e-08 2.148128026943154767e-08 2.162765012182950429e-08 2.148832707715178615e-08 2.141792581602211106e-08 2.156422924372874493e-08 2.153551465800510329e-08 2.119346310807355109e-08 2.150245046486394763e-08 2.134262544631930285e-08 2.150866235155569674e-08
2.153147265610841316e-08 2.180694304094047692e-08 2.187109532008843525e-08 2.176245596024574578e-08 2.167401296824787832e-08 2.147152846842771928e-08 2.179713524948554743e-08 2.158885783935714101e-08 2.142606991233460647e-08 2.173798475952210958e-08 2.140521363318494169e-08 2.172939824707695641e-08 2.178971126924149491e-08 2.127396305323639849e-08 2.172245117168325095e-08 2.174904210514668494e-08 2.155565196424234151e-08 2.152137543799277131e-08 2.154946143220195738e-08 2.160744492101956006e-08 2.142047834668112508e-08 2.166195130559353927e-08 2.172534366478698719e-08 2.172706277174234240e-08 2.156102015998809930e-08 2.143923716729762006e-08 2.140696970603060954e-08 2.163446468762075039e-08 2.153427584654719150e-08 2.176027728556207362e-08 2.155504316957313127e-08 2.163878640948044023e-08 2.139191784786224604e-08 2.181966788134608575e-08 2.170558806491071254e-08 2.185788915579676575e-08 2.171256467808928506e-08 2.163948052360246592e-08 2.179117102374362189e-08 2.176043719284736068e-08 2.140740132512414692e-08 2.172659872635501596e-08 2.156422622866454425e-08 2.173426789748129356e-08
2.133175206045621136e-08 2.160009788575893891e-08 2.166411116149744605e-08 2.155728200002294562e-08 2.147166713246981695e-08 2.127616449295280753e-08 2.159168430844471599e-08 2.138900436284225467e-08 2.123132650044727295e-08 2.153444701809310982e-08 2.121160011381377878e-08 2.152513755151360405e-08 2.158305324792091796e-08 2.108400295142347081e-08 2.151851553662712580e-08 2.154497067722874107e-08 2.135564811960799029e-08 2.132374924278486404e-08 2.135015037761776738e-08 2.140684599149021559e-08 2.122543890697193390e-08 2.145932194155739730e-08 2.152068491876275098e-08 2.152302721229548953e-08 2.136220952969344994e-08 2.124264484893452237e-08 2.121204876773469586e-08 2.143018982156462664e-08 2.133617306867432000e-08 2.155504316957313127e-08 2.135739649613010128e-08 2.143741593328061326e-08 2.119836780106887327e-08 2.161226571541029099e-08 2.150222723635713815e-08 2.164832793293495047e-08 2.150925574633035436e-08 2.143817003579251312e-08 2.158484991572193522e-08 2.155582202858673407e-08 2.121314750658375397e-08 2.152295973929124018e-08 2.136289752171981359e-08 2.152931248596768404e-08
2.141294061988308149e-08 2.168520314622023759e-08 2.174865561783885910e-08 2.164160263903359287e-08 2.155543638875636911e-08 2.135593827996683830e-08 2.167543420543920219e-08 2.147017780607441087e-08 2.131058323185033557e-08 2.161769480595450339e-08 2.129072970229931401e-08 2.160872131593580388e-08 2.166756009644217006e-08 2.116097854349915346e-08 2.160155859167941873e-08 2.162865350610161677e-08 2.143746147725212472e-08 2.140426649991751838e-08 2.143232666001913452e-08 2.148824075289965854e-08 2.130580881862329413e-08 2.154266199017771779e-08 2.160463538063903058e-08 2.160693294300213191e-08 2.144360549482737654e-08 2.132338648856547629e-08 2.129141629751233096e-08 2.151496110815858852e-08 2.141688047390008504e-08 2.163878640948044023e-08 2.143741593328061326e-08 2.152131846526700890e-08 2.127746436197575961e-08 2.169697007352422936e-08 2.158588158126785397e-08 2.173412539513052492e-08 2.159267517602380852e-08 2.152062389558842956e-08 2.166973078451913124e-08 2.164015531249956802e-08 2.129232541096088180e-08 2.160634931741411286e-08 2.144587856517304587e-08 2.161355482218111733e-08
2.117234181341922107e-08 2.143519219996427714e-08 2.149889389146555781e-08 2.139452134168493841e-08 2.131088223791538200e-08 2.112097100874830023e-08 2.142812254846216228e-08 2.123033035398511211e-08 2.107655278953827336e-08 2.137299572753825458e-08 2.105758118638180252e-08 2.136332152272533715e-08 2.141758309095322960e-08 2.093328407882099909e-08 2.135691447378911285e-08 2.138196886512966940e-08 2.119628932637457235e-08 2.116670277480399725e-08 2.119201961764200064e-08 2.124700374827423520e-08 2.106986980060034214e-08 2.129793568086861694e-08 2.135748376365135716e-08 2.136009154814540739e-08 2.120365551272618714e-08 2.108631854459523743e-08 2.105640069500169871e-08 2.126882209980995155e-08 2.117876852122831780e-08 2.139191784786224604e-08 2.119836780106887327e-08 2.127746436197575961e-08 2.104583507624234780e-08 2.144690437884098401e-08 2.133947029257142120e-08 2.148141653527806298e-08 2.134681705282440283e-08 2.127781075399064228e-08 2.142079590526700621e-08 2.139251030248341735e-08 2.105854876891198363e-08 2.136087086598384046e-08 2.120249663674871931e-08 2.136565789208461212e-08
2.159042947316411327e-08 2.186942839899405215e-08 2.193304736022193699e-08 2.182376119781505276e-08 2.173301003352210975e-08 2.152774352021002603e-08 2.185754863474617289e-08 2.164663784482738130e-08 2.148135380348255863e-08 2.179733738096172840e-08 2.146045931634736937e-08 2.178966579052465393e-08 2.185237099965093495e-08 2.132726875447066484e-08 2.178321932789838603e-08 2.181037489718282150e-08 2.161475680268792726e-08 2.157804936925849983e-08 2.160727256935798796e-08 2.166556334712159264e-08 2.147603949350382728e-08 2.172170411523553947e-08 2.178600729903613740e-08 2.178691135787542366e-08 2.161879751477380625e-08 2.149547423607142467e-08 2.146282565095662762e-08 2.169401921821088583e-08 2.159170637118835770e-08 2.181966788134608575e-08 2.161226571541029099e-08 2.169697007352422936e-08 2.144690437884098401e-08 2.188348316986734552e-08 2.176602894172023933e-08 2.192035118849276611e-08 2.177274658661309204e-08 2.169809467903018289e-08 2.185219482839966008e-08 2.182156048020408132e-08 2.146261575469217288e-08 2.178737912066198427e-08 2.162390980918877220e-08 2.179483511558205746e-08
2.147847533180951811e-08 2.175312536870833636e-08 2.181719408250892854e-08 2.170918674808631618e-08 2.162152434309522869e-08 2.141972580365475974e-08 2.174307853217261926e-08 2.153555568810416413e-08 2.137344062233035643e-08 2.168461728049702409e-08 2.135319159219346069e-08 2.167514746226487698e-08 2.173556958933928501e-08 2.122257100241369624e-08 2.166867235804464012e-08 2.169633312178273585e-08 2.150307084122618554e-08 2.146820703654464148e-08 2.149686643499404220e-08 2.155348296664880854e-08 2.136868055453571011e-08 2.160912460243452008e-08 2.167201492991369006e-08 2.167360447714285302e-08 2.150863723731250052e-08 2.138726890862499857e-08 2.135505874984523419e-08 2.158085053164881050e-08 2.148128026943154767e-08 2.170558806491071254e-08 2.150222723635713815e-08 2.158588158126785397e-08 2.133947029257142120e-08 2.176602894172023933e-08 2.165363617116666732e-08 2.180300314998809548e-08 2.165945587756249791e-08 2.158629756928868746e-08 2.173763654405654347e-08 2.170768252250893238e-08 2.135491498138392744e-08 2.167369701717857139e-08 2.151115182719940445e-08 2.168084679292559226e-08
2.162705905336564455e-08 2.190689970206844951e-08 2.197140203875127536e-08 2.186175079286351990e-08 2.177051686877551350e-08 2.156253241974235186e-08 2.189581682186098151e-08 2.168274684096429179e-08 2.151614621223468866e-08 2.183453069679719068e-08 2.149561827032228342e-08 2.182716048184736996e-08 2.189033136541454220e-08 2.136096912032992587e-08 2.182012550503018603e-08 2.184774729659396009e-08 2.165056519655017061e-08 2.161417377362840342e-08 2.164377236628486471e-08 2.170261429334864101e-08 2.151120431086819749e-08 2.175891249546087953e-08 2.182420519276445594e-08 2.182478495040433448e-08 2.165498665708035261e-08 2.153087652130356820e-08 2.149837969750764718e-08 2.173225921398851641e-08 2.162765012182950429e-08 2.185788915579676575e-08 2.164832793293495047e-08 2.173412539513052492e-08 2.148141653527806298e-08 2.192035118849276611e-08 2.180300314998809548e-08 2.196036234535543873e-08 2.180996963269940748e-08 2.173558917245790477e-08 2.188993600393069502e-08 2.185976200149829749e-08 2.149779617844770282e-08 2.182425641503145967e-08 2.166086845208800880e-08 2.183302283420365199e-08
