2.045204386412500067e-08 2.064468180344940442e-08 2.075154571611012518e-08 2.063010178953571142e-08 2.052961717378571624e-08 2.036172814168750567e-08 2.065311732251785380e-08 2.046828943455059765e-08 2.027653704008333763e-08 2.057775775879463927e-08 2.027900079115773644e-08 2.058223009934523443e-08 2.066742480570832920e-08 2.014243846070535257e-08 2.052880276213988519e-08 2.061979656134821574e-08 2.048045750120534510e-08 2.041788009995833103e-08 2.042389719679166925e-08 2.048205209041369413e-08 2.033212194481844934e-08 2.055147645355654613e-08 2.061388430616369299e-08 2.054358249085416452e-08 2.046285606732439194e-08 2.032500214674106543e-08 2.028546072276190175e-08 2.049767359441963891e-08 2.046219898239583179e-08 2.064890316379166164e-08 2.045493951701190808e-08 2.052238151155952571e-08 2.027121864230059728e-08 2.068521124253868689e-08 2.058382750783630926e-08 2.069079956524702442e-08 2.062412379399702424e-08 2.049277270638987984e-08 2.066039781541369557e-08 2.059785656413095469e-08 2.033098081677678359e-08 2.058842952268452342e-08 2.044519715563392839e-08 2.060542087736607698e-08
2.064468180344940442e-08 2.084577861693281637e-08 2.095311227300807437e-08 2.082837961935799323e-08 2.072577485664370454e-08 2.055163098676190322e-08 2.085219641897363408e-08 2.066192734156419952e-08 2.046574626881547582e-08 2.077495293019600223e-08 2.046783067463817821e-08 2.078013382706675032e-08 2.086898811030059327e-08 2.032615018597661292e-08 2.072632837398001663e-08 2.081787724098298979e-08 2.067395952278018915e-08 2.060931077094345053e-08 2.061675549255060172e-08 2.067634211743196537e-08 2.052041603984735942e-08 2.074779933934609202e-08 2.081382586006590648e-08 2.074166964467559668e-08 2.065598030049234632e-08 2.051481911842092741e-08 2.047436955356675622e-08 2.069472449617219281e-08 2.065584410525297879e-08 2.084883657017855848e-08 2.064745820667687949e-08 2.071749587730101958e-08 2.045840148438562017e-08 2.088774066878315980e-08 2.078166782618707613e-08 2.089258196751232557e-08 2.082258648437839911e-08 2.068809230822704011e-08 2.086006494079507082e-08 2.079677724209735152e-08 2.052094621285331632e-08 2.078644418255696214e-08 2.064026095030824836e-08 2.080430561712925316e-08
2.075154571611012518e-08 2.095311227300807437e-08 2.106324397155612386e-08 2.093695260301233264e-08 2.083309272580101742e-08 2.065735614021428245e-08 2.096100511244515221e-08 2.076882830075085046e-08 2.057109134840773808e-08 2.088241026052508637e-08 2.057379796649617220e-08 2.088895392498129076e-08 2.097721713191071680e-08 2.043059803022788977e-08 2.083356638247959388e-08 2.092637348751233208e-08 2.078119338954633432e-08 2.071598880173214077e-08 2.072386263747321076e-08 2.078400869865347949e-08 2.062605789114242671e-08 2.085530850913138033e-08 2.092231855048086504e-08 2.084970258607737826e-08 2.076287768378784342e-08 2.062053308237713035e-08 2.058004817946045536e-08 2.080231856707567274e-08 2.076308948247022545e-08 2.095733693046428459e-08 2.075371721135926531e-08 2.082393154387967302e-08 2.056431928834906404e-08 2.099667536389157617e-08 2.088964636063519948e-08 2.100092759574574129e-08 2.093091807402253777e-08 2.079547946621767007e-08 2.096801008416836308e-08 2.090502456057992588e-08 2.062711001541623655e-08 2.089447614786181795e-08 2.074685592664369845e-08 2.091283652279379480e-08
2.063010178953571142e-08 2.082837961935799323e-08 2.093695260301233264e-08 2.081391577550254978e-08 2.071077480310968987e-08 2.053823433549404406e-08 2.083716816930186891e-08 2.064826646413307269e-08 2.045245666448808919e-08 2.075990791812372313e-08 2.045519350747405726e-08 2.076519138123894065e-08 2.085214354846428523e-08 2.031525376624829645e-08 2.071118652345194765e-08 2.080286058354421411e-08 2.065998104142984219e-08 2.059568900405952258e-08 2.060325922919345954e-08 2.066221868740603478e-08 2.050774562225935323e-08 2.073301553107100592e-08 2.079805745953699340e-08 2.072623666152678162e-08 2.064208766503656143e-08 2.050159716975978346e-08 2.046211974086394480e-08 2.067927978913562713e-08 2.064190643375892866e-08 2.083261502522321018e-08 2.063332174525680015e-08 2.070219027117984472e-08 2.044625225761819952e-08 2.087071214273044111e-08 2.076596654684694357e-08 2.087546096729293582e-08 2.080740202939115461e-08 2.067352001992220455e-08 2.084356542105782968e-08 2.078105218396769062e-08 2.050816095083970571e-08 2.077107735517687200e-08 2.062526701717772574e-08 2.078874958038477297e-08
2.052961717378571624e-08 2.072577485664370454e-08 2.083309272580101742e-08 2.071077480310968987e-08 2.061039255134183832e-08 2.043947886018154765e-08 2.073432686600127430e-08 2.054739172270153127e-08 2.035368336855059292e-08 2.065816419621598767e-08 2.035601286775977494e-08 2.066282211085799194e-08 2.074941225863094737e-08 2.021769264396853804e-08 2.060953050626742986e-08 2.070020358217218534e-08 2.055961691852507587e-08 2.049563457026785614e-08 2.050249059719345040e-08 2.056151381241793607e-08 2.040926655786054094e-08 2.063163065226148328e-08 2.069517419690306586e-08 2.062472227361011964e-08 2.054122394484311074e-08 2.040256692437882256e-08 2.036274710823298046e-08 2.057820257056122675e-08 2.054095182021726987e-08 2.072965216920237436e-08 2.053399371800084980e-08 2.060216253017091518e-08 2.034794730085330897e-08 2.076712748530483455e-08 2.066410776935587021e-08 2.077281126070067675e-08 2.070476663911139974e-08 2.057252404838350675e-08 2.074161691821556266e-08 2.067921159448553497e-08 2.040892869664923336e-08 2.066895292248044421e-08 2.052438236807950894e-08 2.068615257389965886e-08
2.036172814168750567e-08 2.055163098676190322e-08 2.065735614021428245e-08 2.053823433549404406e-08 2.043947886018154765e-08 2.027652295416666375e-08 2.056050522180951919e-08 2.038061650225892520e-08 2.019210293318750308e-08 2.048705974531547281e-08 2.019379115169940366e-08 2.049035896453273746e-08 2.057388383043750244e-08 2.006066665828869108e-08 2.043907628986905392e-08 2.052788642166071077e-08 2.039154552062202024e-08 2.033055869566666728e-08 2.033572427720833595e-08 2.039309993622619604e-08 2.024744271738095040e-08 2.046230348118154576e-08 2.052107264516368647e-08 2.045318272606250060e-08 2.037517286897024102e-08 2.023905560774107841e-08 2.020017335051190277e-08 2.040649389058631521e-08 2.037271732041666782e-08 2.055608941925000257e-08 2.036715130332440241e-08 2.043279082205952178e-08 2.018620226786309306e-08 2.059013394524702344e-08 2.049249078673214216e-08 2.059642040101785859e-08 2.053233454016369235e-08 2.040332509501487712e-08 2.056736875568451989e-08 2.050573698771429068e-08 2.024535904379761425e-08 2.049730179241368350e-08 2.035531219082143142e-08 2.051322994640773605e-08
2.065311732251785380e-08 2.085219641897363408e-08 2.096100511244515221e-08 2.083716816930186891e-08 2.073432686600127430e-08 2.056050522180951919e-08 2.086224134387414702e-08 2.067128545490731130e-08 2.047462316238987966e-08 2.078373737543239669e-08 2.047703120075042356e-08 2.078874749614327931e-08 2.087622545464880900e-08 2.033596436018069278e-08 2.073473174651615654e-08 2.082614859138520019e-08 2.068259767353189109e-08 2.061834240263392805e-08 2.062597977660715266e-08 2.068581077081165159e-08 2.052954968947491378e-08 2.075628119172150795e-08 2.082195949800211540e-08 2.075010014575297202e-08 2.066515355308376430e-08 2.052453334676828091e-08 2.048396530866411854e-08 2.070375342670918100e-08 2.066470007605654789e-08 2.085721359183036194e-08 2.065659471096470167e-08 2.072544528019856003e-08 2.046813642286861457e-08 2.089543403533843181e-08 2.078979217084608828e-08 2.090050757494260306e-08 2.083144687506462214e-08 2.069653211460543680e-08 2.086779859541879316e-08 2.080556967347490978e-08 2.053009829633801429e-08 2.079498010308247585e-08 2.064875885462755129e-08 2.081291711803911595e-08
2.046828943455059765e-08 2.066192734156419952e-08 2.076882830075085046e-08 2.064826646413307269e-08 2.054739172270153127e-08 2.038061650225892520e-08 2.067128545490731130e-08 2.048850873514710565e-08 2.029591890314285373e-08 2.059668478438137868e-08 2.029805086087967632e-08 2.059968883851360465e-08 2.068534304857439452e-08 2.016161041630017336e-08 2.054829263782355190e-08 2.063788986617475061e-08 2.049824613551743152e-08 2.043636059286904894e-08 2.044256425053273811e-08 2.050025835890730623e-08 2.035042060520322610e-08 2.057054918506165210e-08 2.063197560771088624e-08 2.056191175038690538e-08 2.048223219744218113e-08 2.034369104380526922e-08 2.030487008026361166e-08 2.051499425573852022e-08 2.047984305022618345e-08 2.066715829859225924e-08 2.047307509327848573e-08 2.054033530551743362e-08 2.028927858509650496e-08 2.070220044836862867e-08 2.060170943318196460e-08 2.070787021666029189e-08 2.064279228044004710e-08 2.051117219022236729e-08 2.067740092958587241e-08 2.061592086611989348e-08 2.034975662325978157e-08 2.060644137444897431e-08 2.046295033125722144e-08 2.062348736590944045e-08
2.027653704008333763e-08 2.046574626881547582e-08 2.057109134840773808e-08 2.045245666448808919e-08 2.035368336855059292e-08 2.019210293318750308e-08 2.047462316238987966e-08 2.029591890314285373e-08 2.011045378183333215e-08 2.040160419494345075e-08 2.011140542729464154e-08 2.040502832035714036e-08 2.048744279029167128e-08 1.997858575972320624e-08 2.035419296027975657e-08 2.044247925288393220e-08 2.030659000388988577e-08 2.024670013285416266e-08 2.025111876800000049e-08 2.030846878463988748e-08 2.016447423530357560e-08 2.037694591207142260e-08 2.043558301095238539e-08 2.036767549827082353e-08 2.029183554804464463e-08 2.015548085779464144e-08 2.011704712004465506e-08 2.032123203846428391e-08 2.028820812760416972e-08 2.047069748897915472e-08 2.028322054421131103e-08 2.034730248768154919e-08 2.010264317816368931e-08 2.050390393716072536e-08 2.040726947029761866e-08 2.050943041709820717e-08 2.044659579607737512e-08 2.031911690634225916e-08 2.048124461088988416e-08 2.041930602540773992e-08 2.016215271555356923e-08 2.041208954863986923e-08 2.027005459112201580e-08 2.042758061479464604e-08
2.057775775879463927e-08 2.077495293019600223e-08 2.088241026052508637e-08 2.075990791812372313e-08 2.065816419621598767e-08 2.048705974531547281e-08 2.078373737543239669e-08 2.059668478438137868e-08 2.040160419494345075e-08 2.070798466363605100e-08 2.040389514400254758e-08 2.071136012156802966e-08 2.079890874828868874e-08 2.026457028493834814e-08 2.065889080215943258e-08 2.074956347968622624e-08 2.060726088827465455e-08 2.054428643944939866e-08 2.055086623210119235e-08 2.060972279176572627e-08 2.045625792255782658e-08 2.068052945859991369e-08 2.074446990936691342e-08 2.067304165110118595e-08 2.059038690781504393e-08 2.045024608873469194e-08 2.041068828425553173e-08 2.062637480773427362e-08 2.058918550677678090e-08 2.077975074800297482e-08 2.058192051814242804e-08 2.065036598062882682e-08 2.039498428327423425e-08 2.081646890261393855e-08 2.071310687843069403e-08 2.082209252063477226e-08 2.075449976059608579e-08 2.062114694604932205e-08 2.079049981784608759e-08 2.072792131407864888e-08 2.045648684036138232e-08 2.071769945099489805e-08 2.057300024843197251e-08 2.073543990358886171e-08
2.027900079115773644e-08 2.046783067463817821e-08 2.057379796649617220e-08 2.045519350747405726e-08 2.035601286775977494e-08 2.019379115169940366e-08 2.047703120075042356e-08 2.029805086087967632e-08 2.011140542729464154e-08 2.040389514400254758e-08 2.011508418871853576e-08 2.040768312091793828e-08 2.049025291311309545e-08 1.998174363696173603e-08 2.035603634567941855e-08 2.044589693997405745e-08 2.030876178351530641e-08 2.024925801688095079e-08 2.025424990455059435e-08 2.031034188533375953e-08 2.016642340285628380e-08 2.037817663702465611e-08 2.043776507242602395e-08 2.036966115182142535e-08 2.029384807390603419e-08 2.015717810504293503e-08 2.011959225191794801e-08 2.032359626299957186e-08 2.029140560281546780e-08 2.047250006528272863e-08 2.028530338771555736e-08 2.034947105522364677e-08 2.010534010393027052e-08 2.050667648510160767e-08 2.040921972807695169e-08 2.051094019551827750e-08 2.044849232442601016e-08 2.032120939715561145e-08 2.048297676111351618e-08 2.042197351048129718e-08 2.016439196727890581e-08 2.041393014441709344e-08 2.027294773849872989e-08 2.043009951310544787e-08
2.058223009934523443e-08 2.078013382706675032e-08 2.088895392498129076e-08 2.076519138123894065e-08 2.066282211085799194e-08 2.049035896453273746e-08 2.078874749614327931e-08 2.059968883851360465e-08 2.040502832035714036e-08 2.071136012156802966e-08 2.040768312091793828e-08 2.071813242161734273e-08 2.080389867517559316e-08 2.026790607054208478e-08 2.066297614367347714e-08 2.075438979659311464e-08 2.061201971569983595e-08 2.054794581042262034e-08 2.055518252936309331e-08 2.061471680091411930e-08 2.046024383884140472e-08 2.068516038483120274e-08 2.074960433311053953e-08 2.067889753967560045e-08 2.059413619095960682e-08 2.045369727390900973e-08 2.041378952584651961e-08 2.063189205971088720e-08 2.059408356823213767e-08 2.078440196299106767e-08 2.058553321758162790e-08 2.065417186892899620e-08 2.039904610985586629e-08 2.082257115476530018e-08 2.071805569060077335e-08 2.082733629611946892e-08 2.075906151881887399e-08 2.062541589192049314e-08 2.079530301400636731e-08 2.073314217090391213e-08 2.046063962143069918e-08 2.072311014701828608e-08 2.057726828661181781e-08 2.074055916445068102e-08
2.066742480570832920e-08 2.086898811030059327e-08 2.097721713191071680e-08 2.085214354846428523e-08 2.074941225863094737e-08 2.057388383043750244e-08 2.087622545464880900e-08 2.068534304857439452e-08 2.048744279029167128e-08 2.079890874828868874e-08 2.049025291311309545e-08 2.080389867517559316e-08 2.089399820449999929e-08 2.034782053627380743e-08 2.074997205677678541e-08 2.084216511683927999e-08 2.069714772704464274e-08 2.063171467808332931e-08 2.063984687983333405e-08 2.069942196498214367e-08 2.054229892051488047e-08 2.077120366323511884e-08 2.083793032266964602e-08 2.076509027781249968e-08 2.067867729838393139e-08 2.053716682632143048e-08 2.049700612732143000e-08 2.071809808774702037e-08 2.067906858566666210e-08 2.087273388210416308e-08 2.067029600961309688e-08 2.074081050906547042e-08 2.048069266059523605e-08 2.091236232623214411e-08 2.080528843393452476e-08 2.091655180027380740e-08 2.084666267102380823e-08 2.071169365196428551e-08 2.088380605912797327e-08 2.082099902897320994e-08 2.054352826124404923e-08 2.080991640583630736e-08 2.066311507188690346e-08 2.082830298615475705e-08
2.014243846070535257e-08 2.032615018597661292e-08 2.043059803022788977e-08 2.031525376624829645e-08 2.021769264396853804e-08 2.006066665828869108e-08 2.033596436018069278e-08 2.016161041630017336e-08 1.997858575972320624e-08 2.026457028493834814e-08 1.998174363696173603e-08 2.026790607054208478e-08 2.034782053627380743e-08 1.985416590344557642e-08 2.021671295727508521e-08 2.030551019518579496e-08 2.017220349694260870e-08 2.011429273082142756e-08 2.011815969898214252e-08 2.017312931153486613e-08 2.003466983594515439e-08 2.024048986358460793e-08 2.029619924972534300e-08 2.023033871156547415e-08 2.015776650042006970e-08 2.002380599637542578e-08 1.998712984093792349e-08 2.018408144048596805e-08 2.015470835228571476e-08 2.033045704343452025e-08 2.015004915880101980e-08 2.021220574300510052e-08 1.997371068494897509e-08 2.036312655751997992e-08 2.026901123368537334e-08 2.036803491283248332e-08 2.030806654799617429e-08 2.018327268196853671e-08 2.034164169191283816e-08 2.028132075732014833e-08 2.003113229057908117e-08 2.027447559257652665e-08 2.013512549704124107e-08 2.028921405545875690e-08
2.052880276213988519e-08 2.072632837398001663e-08 2.083356638247959388e-08 2.071118652345194765e-08 2.060953050626742986e-08 2.043907628986905392e-08 2.073473174651615654e-08 2.054829263782355190e-08 2.035419296027975657e-08 2.065889080215943258e-08 2.035603634567941855e-08 2.066297614367347714e-08 2.074997205677678541e-08 2.021671295727508521e-08 2.061122672023468690e-08 2.070056362624361955e-08 2.055900586576913136e-08 2.049553194180952481e-08 2.050256962750595581e-08 2.056165569334949122e-08 2.040832737703911557e-08 2.063244399337457940e-08 2.069594168127210661e-08 2.062488135858928677e-08 2.054217217630442027e-08 2.040219743709013649e-08 2.036261435829846822e-08 2.057810725235884711e-08 2.054066838513393181e-08 2.073096524674404686e-08 2.053293667508716023e-08 2.060146974058163254e-08 2.034675787610034078e-08 2.076769912556972714e-08 2.066485227300765499e-08 2.077304346017388966e-08 2.070587797031377929e-08 2.057269979914243398e-08 2.074138252056377760e-08 2.067924459603911310e-08 2.040856294878613540e-08 2.066952922505781995e-08 2.052464833882653335e-08 2.068675787406930307e-08
2.061979656134821574e-08 2.081787724098298979e-08 2.092637348751233208e-08 2.080286058354421411e-08 2.070020358217218534e-08 2.052788642166071077e-08 2.082614859138520019e-08 2.063788986617475061e-08 2.044247925288393220e-08 2.074956347968622624e-08 2.044589693997405745e-08 2.075438979659311464e-08 2.084216511683927999e-08 2.030551019518579496e-08 2.070056362624361955e-08 2.079379983250254660e-08 2.064931215645067988e-08 2.058546561428868967e-08 2.059317839486011983e-08 2.065150343965604021e-08 2.049804137484268400e-08 2.072187079000850230e-08 2.078718258474532185e-08 2.071529396627678440e-08 2.063195054701572989e-08 2.049124736217644264e-08 2.045212509396811156e-08 2.066834098038563162e-08 2.063146567036309387e-08 2.082248799188988071e-08 2.062324922565263647e-08 2.069215865880484401e-08 2.043583600074319778e-08 2.086007626993877326e-08 2.075578309261777307e-08 2.086419917979293854e-08 2.079649571853698908e-08 2.066359508548469474e-08 2.083269977853698807e-08 2.077040929630102017e-08 2.049825227658971201e-08 2.075992522096853347e-08 2.061452025394854970e-08 2.077877825865561125e-08
2.048045750120534510e-08 2.067395952278018915e-08 2.078119338954633432e-08 2.065998104142984219e-08 2.055961691852507587e-08 2.039154552062202024e-08 2.068259767353189109e-08 2.049824613551743152e-08 2.030659000388988577e-08 2.060726088827465455e-08 2.030876178351530641e-08 2.061201971569983595e-08 2.069714772704464274e-08 2.017220349694260870e-08 2.055900586576913136e-08 2.064931215645067988e-08 2.051090133152295728e-08 2.044708147527975924e-08 2.045360626796130728e-08 2.051170236288605340e-08 2.036181009245110139e-08 2.058139257966198476e-08 2.064385545111819980e-08 2.057339239131547145e-08 2.049234498005697314e-08 2.035449437647066575e-08 2.031525284984566361e-08 2.052714820978061669e-08 2.049170860455654645e-08 2.067790265966368756e-08 2.048468211091709072e-08 2.055187252766879284e-08 2.030072087824957329e-08 2.071465089941284082e-08 2.061319744316751288e-08 2.071983697047534370e-08 2.065376565488903092e-08 2.052261383350424977e-08 2.068980552013903337e-08 2.062741427730526896e-08 2.036135899302253113e-08 2.061812387899021911e-08 2.047430527767517111e-08 2.063487336801232865e-08
2.041788009995833103e-08 2.060931077094345053e-08 2.071598880173214077e-08 2.059568900405952258e-08 2.049563457026785614e-08 2.033055869566666728e-08 2.061834240263392805e-08 2.043636059286904894e-08 2.024670013285416266e-08 2.054428643944939866e-08 2.024925801688095079e-08 2.054794581042262034e-08 2.063171467808332931e-08 2.011429273082142756e-08 2.049553194180952481e-08 2.058546561428868967e-08 2.044708147527975924e-08 2.038715426654166627e-08 2.039160405962499939e-08 2.044915091421726286e-08 2.030172604516964401e-08 2.051839491608035866e-08 2.057898544525892631e-08 2.050991974672916548e-08 2.043136002186011551e-08 2.029340007446428792e-08 2.025483309108928598e-08 2.046337080142856912e-08 2.042954425012499636e-08 2.061406232622916285e-08 2.042325459381845156e-08 2.048894316942559547e-08 2.024081356222321319e-08 2.064853079421726087e-08 2.054948737990773736e-08 2.065429423200892377e-08 2.058953018930059434e-08 2.045963675637202215e-08 2.062499191269642512e-08 2.056290633671130639e-08 2.030018532312797089e-08 2.055429348452975638e-08 2.041188299026488176e-08 2.057077283419345589e-08
2.042389719679166925e-08 2.061675549255060172e-08 2.072386263747321076e-08 2.060325922919345954e-08 2.050249059719345040e-08 2.033572427720833595e-08 2.062597977660715266e-08 2.044256425053273811e-08 2.025111876800000049e-08 2.055086623210119235e-08 2.025424990455059435e-08 2.055518252936309331e-08 2.063984687983333405e-08 2.011815969898214252e-08 2.050256962750595581e-08 2.059317839486011983e-08 2.045360626796130728e-08 2.039160405962499939e-08 2.039863469916666573e-08 2.045555529866964230e-08 2.030644630168154401e-08 2.052475815506844828e-08 2.058671996048214543e-08 2.051691566612499742e-08 2.043676957419643064e-08 2.029891360955059516e-08 2.026014970561309263e-08 2.047074975233035698e-08 2.043543198974999747e-08 2.062165054816666459e-08 2.042842502323809331e-08 2.049515133191963869e-08 2.024544229532440196e-08 2.065733320216963978e-08 2.055623816289286175e-08 2.066196004969047695e-08 2.059690724366963983e-08 2.046631672127678551e-08 2.063171357927380895e-08 2.057057575945238043e-08 2.030557758436904689e-08 2.056131497116964457e-08 2.041826799342857347e-08 2.057851918442559273e-08
2.048205209041369413e-08 2.067634211743196537e-08 2.078400869865347949e-08 2.066221868740603478e-08 2.056151381241793607e-08 2.039309993622619604e-08 2.068581077081165159e-08 2.050025835890730623e-08 2.030846878463988748e-08 2.060972279176572627e-08 2.031034188533375953e-08 2.061471680091411930e-08 2.069942196498214367e-08 2.017312931153486613e-08 2.056165569334949122e-08 2.065150343965604021e-08 2.051170236288605340e-08 2.044915091421726286e-08 2.045555529866964230e-08 2.051494482783248125e-08 2.036360654084991572e-08 2.058404748065901625e-08 2.064612610573129347e-08 2.057664152937797402e-08 2.049475361095875685e-08 2.035618379435161650e-08 2.031654775420578309e-08 2.053009659356335054e-08 2.049336692501487786e-08 2.068147723185118997e-08 2.048658305788138053e-08 2.055356474084439044e-08 2.030205551368112552e-08 2.071733747942176753e-08 2.061593727611691904e-08 2.072296323450510259e-08 2.065643730931462800e-08 2.052491511825127490e-08 2.069200636660628819e-08 2.063013986103741421e-08 2.036239407077550598e-08 2.062096884329081149e-08 2.047651681796088381e-08 2.063769415839328606e-08
2.033212194481844934e-08 2.052041603984735942e-08 2.062605789114242671e-08 2.050774562225935323e-08 2.040926655786054094e-08 2.024744271738095040e-08 2.052954968947491378e-08 2.035042060520322610e-08 2.016447423530357560e-08 2.045625792255782658e-08 2.016642340285628380e-08 2.046024383884140472e-08 2.054229892051488047e-08 2.003466983594515439e-08 2.040832737703911557e-08 2.049804137484268400e-08 2.036181009245110139e-08 2.030172604516964401e-08 2.030644630168154401e-08 2.036360654084991572e-08 2.022086829989541021e-08 2.043187117667007150e-08 2.048995244482312892e-08 2.042269040813988492e-08 2.034611181448129704e-08 2.021067768127891051e-08 2.017214962034141511e-08 2.037617966562925190e-08 2.034360998774106899e-08 2.052505013708928436e-08 2.033876826238605104e-08 2.040306150430527214e-08 2.015860107844727870e-08 2.055850537387967790e-08 2.046208906435544254e-08 2.056434993550467514e-08 2.050096842373979499e-08 2.037400834648554732e-08 2.053615079959396465e-08 2.047442129743707569e-08 2.021735402312755170e-08 2.046709821987075314e-08 2.032494295665858145e-08 2.048256180561224323e-08
2.055147645355654613e-08 2.074779933934609202e-08 2.085530850913138033e-08 2.073301553107100592e-08 2.063163065226148328e-08 2.046230348118154576e-08 2.075628119172150795e-08 2.057054918506165210e-08 2.037694591207142260e-08 2.068052945859991369e-08 2.037817663702465611e-08 2.068516038483120274e-08 2.077120366323511884e-08 2.024048986358460793e-08 2.063244399337457940e-08 2.072187079000850230e-08 2.058139257966198476e-08 2.051839491608035866e-08 2.052475815506844828e-08 2.058404748065901625e-08 2.043187117667007150e-08 2.065583278030612277e-08 2.071717033108163165e-08 2.064731278117262147e-08 2.056439685314965858e-08 2.042547970445620888e-08 2.038523045749787451e-08 2.059974003088265152e-08 2.056288652036309436e-08 2.075244637293154958e-08 2.055543594589073572e-08 2.062393812895365909e-08 2.037045588894259484e-08 2.078881075760841733e-08 2.068669427830229687e-08 2.079466442527508345e-08 2.072770349797746582e-08 2.059449050430314393e-08 2.076324616912330097e-08 2.070104554675340047e-08 2.043123049902126183e-08 2.069184157842984615e-08 2.054640407483546070e-08 2.070833400287287417e-08
2.061388430616369299e-08 2.081382586006590648e-08 2.092231855048086504e-08 2.079805745953699340e-08 2.069517419690306586e-08 2.052107264516368647e-08 2.082195949800211540e-08 2.063197560771088624e-08 2.043558301095238539e-08 2.074446990936691342e-08 2.043776507242602395e-08 2.074960433311053953e-08 2.083793032266964602e-08 2.029619924972534300e-08 2.069594168127210661e-08 2.078718258474532185e-08 2.064385545111819980e-08 2.057898544525892631e-08 2.058671996048214543e-08 2.064612610573129347e-08 2.048995244482312892e-08 2.071717033108163165e-08 2.078415565904677197e-08 2.071071495862797712e-08 2.062527246384268827e-08 2.048451168679804454e-08 2.044458639515221466e-08 2.066441221953953932e-08 2.062555343445237901e-08 2.081809536876785922e-08 2.061697696122363358e-08 2.068652613713902781e-08 2.042870288344302390e-08 2.085690185702890644e-08 2.075070441875977476e-08 2.086126078182057960e-08 2.079216274279676888e-08 2.065777117179889360e-08 2.082888316825510096e-08 2.076606378582312614e-08 2.049074905141538699e-08 2.075603929829378944e-08 2.060937581366028576e-08 2.077358433379804671e-08
2.054358249085416452e-08 2.074166964467559668e-08 2.084970258607737826e-08 2.072623666152678162e-08 2.062472227361011964e-08 2.045318272606250060e-08 2.075010014575297202e-08 2.056191175038690538e-08 2.036767549827082353e-08 2.067304165110118595e-08 2.036966115182142535e-08 2.067889753967560045e-08 2.076509027781249968e-08 2.023033871156547415e-08 2.062488135858928677e-08 2.071529396627678440e-08 2.057339239131547145e-08 2.050991974672916548e-08 2.051691566612499742e-08 2.057664152937797402e-08 2.042269040813988492e-08 2.064731278117262147e-08 2.071071495862797712e-08 2.064136389216666697e-08 2.055614352611309600e-08 2.041645366621725856e-08 2.037625444763393174e-08 2.059358175364285428e-08 2.055535427641666371e-08 2.074594498283333376e-08 2.054765420465475579e-08 2.061603928669047707e-08 2.036119939144940110e-08 2.078360521387797234e-08 2.067986207328869154e-08 2.078905785879463835e-08 2.072063284283630519e-08 2.058717528419344764e-08 2.075675035083630691e-08 2.069484978028570797e-08 2.042241550288987882e-08 2.068467603623213761e-08 2.053911455522023636e-08 2.070195712088392843e-08
2.046285606732439194e-08 2.065598030049234632e-08 2.076287768378784342e-08 2.064208766503656143e-08 2.054122394484311074e-08 2.037517286897024102e-08 2.066515355308376430e-08 2.048223219744218113e-08 2.029183554804464463e-08 2.059038690781504393e-08 2.029384807390603419e-08 2.059413619095960682e-08 2.067867729838393139e-08 2.015776650042006970e-08 2.054217217630442027e-08 2.063195054701572989e-08 2.049234498005697314e-08 2.043136002186011551e-08 2.043676957419643064e-08 2.049475361095875685e-08 2.034611181448129704e-08 2.056439685314965858e-08 2.062527246384268827e-08 2.055614352611309600e-08 2.047825080588520180e-08 2.033875882281377717e-08 2.029998435654293969e-08 2.050912561631207336e-08 2.047467391306547658e-08 2.066096086111607041e-08 2.046792902881972254e-08 2.053409725528613989e-08 2.028425179503443715e-08 2.069573422443494852e-08 2.059607873068112637e-08 2.070121356530995074e-08 2.063638861778018283e-08 2.050587608255144587e-08 2.067136496517601798e-08 2.060952218012712523e-08 2.034522082825807670e-08 2.060071133847959102e-08 2.045723624141538644e-08 2.061720738293877305e-08
2.032500214674106543e-08 2.051481911842092741e-08 2.062053308237713035e-08 2.050159716975978346e-08 2.040256692437882256e-08 2.023905560774107841e-08 2.052453334676828091e-08 2.034369104380526922e-08 2.015548085779464144e-08 2.045024608873469194e-08 2.015717810504293503e-08 2.045369727390900973e-08 2.053716682632143048e-08 2.002380599637542578e-08 2.040219743709013649e-08 2.049124736217644264e-08 2.035449437647066575e-08 2.029340007446428792e-08 2.029891360955059516e-08 2.035618379435161650e-08 2.021067768127891051e-08 2.042547970445620888e-08 2.048451168679804454e-08 2.041645366621725856e-08 2.033875882281377717e-08 2.020331656695067757e-08 2.016376732140901057e-08 2.037019527719005205e-08 2.033605532431547407e-08 2.051955714805356599e-08 2.033052592145663292e-08 2.039575362694982924e-08 2.014945131596003358e-08 2.055440347741113796e-08 2.045592155451743050e-08 2.055987946418197414e-08 2.049588839950637619e-08 2.036657840500382491e-08 2.053060443288137561e-08 2.046922206219557872e-08 2.020844990578486529e-08 2.046098962483078115e-08 2.031861272375765169e-08 2.047672699878401570e-08
2.028546072276190175e-08 2.047436955356675622e-08 2.058004817946045536e-08 2.046211974086394480e-08 2.036274710823298046e-08 2.020017335051190277e-08 2.048396530866411854e-08 2.030487008026361166e-08 2.011704712004465506e-08 2.041068828425553173e-08 2.011959225191794801e-08 2.041378952584651961e-08 2.049700612732143000e-08 1.998712984093792349e-08 2.036261435829846822e-08 2.045212509396811156e-08 2.031525284984566361e-08 2.025483309108928598e-08 2.026014970561309263e-08 2.031654775420578309e-08 2.017214962034141511e-08 2.038523045749787451e-08 2.044458639515221466e-08 2.037625444763393174e-08 2.029998435654293969e-08 2.016376732140901057e-08 2.012653083665901172e-08 2.032956662006505400e-08 2.029754504425297632e-08 2.047901453905356636e-08 2.029153568981079902e-08 2.035625137244982772e-08 2.011100771937669728e-08 2.051350044430697377e-08 2.041587781324659910e-08 2.051863406884863700e-08 2.045582948965221033e-08 2.032746384594132626e-08 2.049007206088137648e-08 2.042893043523724374e-08 2.017017728190986430e-08 2.042052602005994625e-08 2.027889652032015586e-08 2.043667456436734732e-08
2.049767359441963891e-08 2.069472449617219281e-08 2.080231856707567274e-08 2.067927978913562713e-08 2.057820257056122675e-08 2.040649389058631521e-08 2.070375342670918100e-08 2.051499425573852022e-08 2.032123203846428391e-08 2.062637480773427362e-08 2.032359626299957186e-08 2.063189205971088720e-08 2.071809808774702037e-08 2.018408144048596805e-08 2.057810725235884711e-08 2.066834098038563162e-08 2.052714820978061669e-08 2.046337080142856912e-08 2.047074975233035698e-08 2.053009659356335054e-08 2.037617966562925190e-08 2.059974003088265152e-08 2.066441221953953932e-08 2.059358175364285428e-08 2.050912561631207336e-08 2.037019527719005205e-08 2.032956662006505400e-08 2.054815475762414551e-08 2.050888015190178341e-08 2.069908924127380545e-08 2.050154557176445577e-08 2.056958142834311254e-08 2.031526269092303906e-08 2.073692503282822590e-08 2.063243288507057752e-08 2.074219588261989900e-08 2.067337421441453478e-08 2.054063537691539222e-08 2.071008214808120274e-08 2.064790949129591915e-08 2.037602247803699039e-08 2.063808090916751391e-08 2.049323504895578035e-08 2.065503308181505392e-08
2.046219898239583179e-08 2.065584410525297879e-08 2.076308948247022545e-08 2.064190643375892866e-08 2.054095182021726987e-08 2.037271732041666782e-08 2.066470007605654789e-08 2.047984305022618345e-08 2.028820812760416972e-08 2.058918550677678090e-08 2.029140560281546780e-08 2.059408356823213767e-08 2.067906858566666210e-08 2.015470835228571476e-08 2.054066838513393181e-08 2.063146567036309387e-08 2.049170860455654645e-08 2.042954425012499636e-08 2.043543198974999747e-08 2.049336692501487786e-08 2.034360998774106899e-08 2.056288652036309436e-08 2.062555343445237901e-08 2.055535427641666371e-08 2.047467391306547658e-08 2.033605532431547407e-08 2.029754504425297632e-08 2.050888015190178341e-08 2.047449660987499932e-08 2.065991122554166892e-08 2.046650839433631026e-08 2.053348072680654667e-08 2.028272132643452438e-08 2.069665065791071064e-08 2.059535871575595464e-08 2.070157912157738233e-08 2.063542528476487571e-08 2.050418936150892399e-08 2.067146191007737955e-08 2.060941205563689767e-08 2.034302078801190193e-08 2.060006968678571350e-08 2.045639335558035247e-08 2.061688159233631115e-08
2.064890316379166164e-08 2.084883657017855848e-08 2.095733693046428459e-08 2.083261502522321018e-08 2.072965216920237436e-08 2.055608941925000257e-08 2.085721359183036194e-08 2.066715829859225924e-08 2.047069748897915472e-08 2.077975074800297482e-08 2.047250006528272863e-08 2.078440196299106767e-08 2.087273388210416308e-08 2.033045704343452025e-08 2.073096524674404686e-08 2.082248799188988071e-08 2.067790265966368756e-08 2.061406232622916285e-08 2.062165054816666459e-08 2.068147723185118997e-08 2.052505013708928436e-08 2.075244637293154958e-08 2.081809536876785922e-08 2.074594498283333376e-08 2.066096086111607041e-08 2.051955714805356599e-08 2.047901453905356636e-08 2.069908924127380545e-08 2.065991122554166892e-08 2.085438563949999828e-08 2.065177800665773913e-08 2.072140294703868609e-08 2.046304949777975813e-08 2.089150357085118752e-08 2.078627912506547138e-08 2.089666042201785323e-08 2.082748463747618935e-08 2.069281245986904491e-08 2.086385497149702122e-08 2.080108921498511209e-08 2.052541702542261931e-08 2.079070805147618761e-08 2.064415838384225788e-08 2.080919625034524048e-08
2.045493951701190808e-08 2.064745820667687949e-08 2.075371721135926531e-08 2.063332174525680015e-08 2.053399371800084980e-08 2.036715130332440241e-08 2.065659471096470167e-08 2.047307509327848573e-08 2.028322054421131103e-08 2.058192051814242804e-08 2.028530338771555736e-08 2.058553321758162790e-08 2.067029600961309688e-08 2.015004915880101980e-08 2.053293667508716023e-08 2.062324922565263647e-08 2.048468211091709072e-08 2.042325459381845156e-08 2.042842502323809331e-08 2.048658305788138053e-08 2.033876826238605104e-08 2.055543594589073572e-08 2.061697696122363358e-08 2.054765420465475579e-08 2.046792902881972254e-08 2.033052592145663292e-08 2.029153568981079902e-08 2.050154557176445577e-08 2.046650839433631026e-08 2.065177800665773913e-08 2.046178764529591732e-08 2.052716917654208769e-08 2.027713044301657689e-08 2.068752264683673286e-08 2.058695152169600158e-08 2.069320123312840488e-08 2.062727106826530388e-08 2.049758524958418321e-08 2.066338696570280755e-08 2.060086394332355309e-08 2.033684740143367247e-08 2.059209875390220890e-08 2.044877043300170025e-08 2.060860162708163005e-08
2.052238151155952571e-08 2.071749587730101958e-08 2.082393154387967302e-08 2.070219027117984472e-08 2.060216253017091518e-08 2.043279082205952178e-08 2.072544528019856003e-08 2.054033530551743362e-08 2.034730248768154919e-08 2.065036598062882682e-08 2.034947105522364677e-08 2.065417186892899620e-08 2.074081050906547042e-08 2.021220574300510052e-08 2.060146974058163254e-08 2.069215865880484401e-08 2.055187252766879284e-08 2.048894316942559547e-08 2.049515133191963869e-08 2.055356474084439044e-08 2.040306150430527214e-08 2.062393812895365909e-08 2.068652613713902781e-08 2.061603928669047707e-08 2.053409725528613989e-08 2.039575362694982924e-08 2.035625137244982772e-08 2.056958142834311254e-08 2.053348072680654667e-08 2.072140294703868609e-08 2.052716917654208769e-08 2.059536925343962498e-08 2.034159025085374008e-08 2.075788670251700963e-08 2.065599633714667982e-08 2.076399141755866916e-08 2.069641868324319514e-08 2.056470609696257936e-08 2.073305168253486491e-08 2.067055162934693838e-08 2.040193863864753251e-08 2.066071500228188756e-08 2.051646401302933762e-08 2.067777349761649614e-08
2.027121864230059728e-08 2.045840148438562017e-08 2.056431928834906404e-08 2.044625225761819952e-08 2.034794730085330897e-08 2.018620226786309306e-08 2.046813642286861457e-08 2.028927858509650496e-08 2.010264317816368931e-08 2.039498428327423425e-08 2.010534010393027052e-08 2.039904610985586629e-08 2.048069266059523605e-08 1.997371068494897509e-08 2.034675787610034078e-08 2.043583600074319778e-08 2.030072087824957329e-08 2.024081356222321319e-08 2.024544229532440196e-08 2.030205551368112552e-08 2.015860107844727870e-08 2.037045588894259484e-08 2.042870288344302390e-08 2.036119939144940110e-08 2.028425179503443715e-08 2.014945131596003358e-08 2.011100771937669728e-08 2.031526269092303906e-08 2.028272132643452438e-08 2.046304949777975813e-08 2.027713044301657689e-08 2.034159025085374008e-08 2.009867393567091698e-08 2.049734185137160322e-08 2.040041307432482832e-08 2.050302058739242906e-08 2.043973346175552521e-08 2.031198146081165266e-08 2.047476092113052521e-08 2.041331647017644194e-08 2.015612510887882481e-08 2.040550408328528706e-08 2.026414548326913099e-08 2.042072217431419784e-08
2.068521124253868689e-08 2.088774066878315980e-08 2.099667536389157617e-08 2.087071214273044111e-08 2.076712748530483455e-08 2.059013394524702344e-08 2.089543403533843181e-08 2.070220044836862867e-08 2.050390393716072536e-08 2.081646890261393855e-08 2.050667648510160767e-08 2.082257115476530018e-08 2.091236232623214411e-08 2.036312655751997992e-08 2.076769912556972714e-08 2.086007626993877326e-08 2.071465089941284082e-08 2.064853079421726087e-08 2.065733320216963978e-08 2.071733747942176753e-08 2.055850537387967790e-08 2.078881075760841733e-08 2.085690185702890644e-08 2.078360521387797234e-08 2.069573422443494852e-08 2.055440347741113796e-08 2.051350044430697377e-08 2.073692503282822590e-08 2.069665065791071064e-08 2.089150357085118752e-08 2.068752264683673286e-08 2.075788670251700963e-08 2.049734185137160322e-08 2.093291570121938416e-08 2.082364299636096819e-08 2.093583245330272045e-08 2.086537806607057492e-08 2.072913117557568122e-08 2.090239110994557111e-08 2.083956732873384180e-08 2.055979688740943418e-08 2.082866289367176475e-08 2.068095619204718876e-08 2.084696654939030478e-08
2.058382750783630926e-08 2.078166782618707613e-08 2.088964636063519948e-08 2.076596654684694357e-08 2.066410776935587021e-08 2.049249078673214216e-08 2.078979217084608828e-08 2.060170943318196460e-08 2.040726947029761866e-08 2.071310687843069403e-08 2.040921972807695169e-08 2.071805569060077335e-08 2.080528843393452476e-08 2.026901123368537334e-08 2.066485227300765499e-08 2.075578309261777307e-08 2.061319744316751288e-08 2.054948737990773736e-08 2.055623816289286175e-08 2.061593727611691904e-08 2.046208906435544254e-08 2.068669427830229687e-08 2.075070441875977476e-08 2.067986207328869154e-08 2.059607873068112637e-08 2.045592155451743050e-08 2.041587781324659910e-08 2.063243288507057752e-08 2.059535871575595464e-08 2.078627912506547138e-08 2.058695152169600158e-08 2.065599633714667982e-08 2.040041307432482832e-08 2.082364299636096819e-08 2.072072852772533906e-08 2.082898012529846477e-08 2.076067888298894630e-08 2.062690475975169702e-08 2.079719984542644814e-08 2.073448873627210563e-08 2.046208655224234286e-08 2.072431006430441900e-08 2.057849390944090778e-08 2.074200095795493393e-08
2.069079956524702442e-08 2.089258196751232557e-08 2.100092759574574129e-08 2.087546096729293582e-08 2.077281126070067675e-08 2.059642040101785859e-08 2.090050757494260306e-08 2.070787021666029189e-08 2.050943041709820717e-08 2.082209252063477226e-08 2.051094019551827750e-08 2.082733629611946892e-08 2.091655180027380740e-08 2.036803491283248332e-08 2.077304346017388966e-08 2.086419917979293854e-08 2.071983697047534370e-08 2.065429423200892377e-08 2.066196004969047695e-08 2.072296323450510259e-08 2.056434993550467514e-08 2.079466442527508345e-08 2.086126078182057960e-08 2.078905785879463835e-08 2.070121356530995074e-08 2.055987946418197414e-08 2.051863406884863700e-08 2.074219588261989900e-08 2.070157912157738233e-08 2.089666042201785323e-08 2.069320123312840488e-08 2.076399141755866916e-08 2.050302058739242906e-08 2.093583245330272045e-08 2.082898012529846477e-08 2.094248165309438543e-08 2.087029218344557297e-08 2.073414172136734519e-08 2.090838223677890883e-08 2.084468345779634094e-08 2.056532317536776869e-08 2.083357254600509984e-08 2.068639636217219154e-08 2.085167341249446934e-08
