3.983972995889528905e-08 4.004944236527228334e-08 4.020303301156301220e-08 4.000868321437607087e-08 3.991901943061767798e-08 3.962598611890139212e-08 4.013698963496292669e-08 3.978165960418441803e-08 3.955051843274630691e-08 4.003338812342924715e-08 3.956541760336443276e-08 4.002277102080949210e-08 4.020646831478877660e-08 3.944471598820874779e-08 3.987478224982595685e-08 4.012708692078423191e-08 3.983764875061981518e-08 3.972645172305072571e-08 3.981570173124423617e-08 3.989105654454434051e-08 3.963315187398145276e-08 3.988370577972183654e-08 4.003191099549615921e-08 3.998252511520661764e-08 3.983918657008274354e-08 3.962373255458913643e-08 3.952868410722393010e-08 3.981079900818015159e-08 3.974953703586691853e-08 4.007163981929328377e-08 3.975650109629836150e-08 3.993382179186462397e-08 3.951032819365919390e-08 4.015482087679939242e-08 4.010582180170148541e-08 4.019030853804509227e-08 4.002432799459704179e-08 3.993803921956362478e-08 4.013524784275459481e-08 4.002454284331759173e-08 3.973547847665686397e-08 4.001405724246607146e-08 3.985062790503761874e-08 3.998682877182086590e-08
4.004944236527228334e-08 4.026387419128700091e-08 4.041814350882394200e-08 4.022187239405939412e-08 4.013227023251491651e-08 3.983756468981732823e-08 4.035138921955338514e-08 3.999354986455345235e-08 3.976045877236663604e-08 4.024634580397534689e-08 3.977676179367149882e-08 4.023547514478126893e-08 4.041991557725057458e-08 3.965267561346812853e-08 4.008763782614909993e-08 4.033993862524960170e-08 4.004917377016018993e-08 3.993595459300309409e-08 4.002567981935797621e-08 4.010313478116231329e-08 3.984433645615659431e-08 4.009634855857801675e-08 4.024577968287835339e-08 4.019646732366299347e-08 4.005088615878040478e-08 3.983381200446738825e-08 3.973824146316986671e-08 4.002291940976647309e-08 3.996144807382663746e-08 4.028413196520205448e-08 3.996711261043442944e-08 4.014617982791820134e-08 3.972045291034369646e-08 4.036926093307696199e-08 4.031990101273141269e-08 4.040458863581148235e-08 4.023705920272920361e-08 4.015126897883984285e-08 4.034908199111514636e-08 4.023819047353748195e-08 3.994511107354941631e-08 4.022733645318763549e-08 4.006243915866150931e-08 4.020045334270576327e-08
4.020303301156301220e-08 4.041814350882394200e-08 4.057448993109504161e-08 4.037698415357715141e-08 4.028628694451886853e-08 3.999031829850606216e-08 4.050678335383954371e-08 4.014645447787061765e-08 3.991316902132851368e-08 4.040096227587049814e-08 3.992925468545853527e-08 4.038998706872350749e-08 4.057562008242907427e-08 3.980472965563188444e-08 4.024137955548932328e-08 4.049526181534348606e-08 4.020327756407658019e-08 4.008871531621789442e-08 4.017912508598637309e-08 4.025763436857539347e-08 3.999798997778331379e-08 4.024998724236311770e-08 4.040051873678203122e-08 4.035131294761978595e-08 4.020434304504938182e-08 3.998685648177520758e-08 3.989112129489535953e-08 4.017649802438394293e-08 4.011496679739059743e-08 4.043868460916481481e-08 4.012087102663107417e-08 4.030080833876335255e-08 3.987310259572114562e-08 4.052526151343134476e-08 4.047508179735761428e-08 4.056018073233376579e-08 4.039177814447052581e-08 4.030509531787298566e-08 4.050495560432850724e-08 4.039276309161146748e-08 4.009829738172037219e-08 4.038190244750422741e-08 4.021670040220282749e-08 4.035489047105423676e-08
4.000868321437607087e-08 4.022187239405939412e-08 4.037698415357715141e-08 4.018312394232218122e-08 4.009060292411032857e-08 3.979610536592314818e-08 4.031066858918919245e-08 3.995174435755911367e-08 3.971879939760079779e-08 4.020563930664546515e-08 3.973535909604995957e-08 4.019465621945847417e-08 4.037884578300278931e-08 3.961197128703875815e-08 4.004693864977577019e-08 4.029934923377645245e-08 4.000878094555714008e-08 3.989503135927719135e-08 3.998475612360917766e-08 4.006286070488880922e-08 3.980368647508458998e-08 4.005479408636752671e-08 4.020396513798141496e-08 4.015580982836088783e-08 4.000972820713597628e-08 3.979295385190379627e-08 3.969729103886822254e-08 3.998204651162776742e-08 3.992134407291747422e-08 4.024316676369109098e-08 3.992685710297136831e-08 4.010555062751116784e-08 3.968013807064258050e-08 4.032891288629966927e-08 4.027894602918548855e-08 4.036462624203447431e-08 4.019619411651075870e-08 4.010909591215275342e-08 4.030817372178562467e-08 4.019673208124090841e-08 3.990454052348500731e-08 4.018660386642990609e-08 4.002165493952099244e-08 4.015927726373949216e-08
3.991901943061767798e-08 4.013227023251491651e-08 4.028628694451886853e-08 4.009060292411032857e-08 4.000273074029790625e-08 3.970796424947457815e-08 4.021943197540461473e-08 3.986393289140600266e-08 3.963192362654416225e-08 4.011533090160654371e-08 3.964788704790799733e-08 4.010456367955487691e-08 4.028816987376467919e-08 3.952448720213313357e-08 3.995679778852332903e-08 4.020826730879897756e-08 3.991889892663777421e-08 3.980676418327360860e-08 3.989612893091588046e-08 3.997255550736931130e-08 3.971530315401386592e-08 3.996592181975253724e-08 4.011446686884988295e-08 4.006531964007439703e-08 3.992064703014858322e-08 3.970479715983837491e-08 3.960968340235225382e-08 3.989338192173577823e-08 3.983154325066875211e-08 4.015304836865011733e-08 3.983727363092806060e-08 4.001542280039369869e-08 3.959143394621218329e-08 4.023744807535478610e-08 4.018877894249465770e-08 4.027279939521868922e-08 4.010605626980572886e-08 4.002067728621501147e-08 4.021788781045886886e-08 4.010699422423554281e-08 3.981560391133669073e-08 4.009650662270169716e-08 3.993199780271073617e-08 4.006979260677920590e-08
3.962598611890139212e-08 3.983756468981732823e-08 3.999031829850606216e-08 3.979610536592314818e-08 3.970796424947457815e-08 3.941736490345207653e-08 3.992418551043047482e-08 3.957144261707180636e-08 3.934104765901750035e-08 3.982071270064038579e-08 3.935706419396725625e-08 3.980987680670996760e-08 3.999262416439454207e-08 3.923493842420082367e-08 3.966319994624957890e-08 3.991308438998441962e-08 3.962567938875101267e-08 3.951515620419949039e-08 3.960361153815342985e-08 3.967944691122882395e-08 3.942390345198795259e-08 3.967222432858900626e-08 3.981986333674639987e-08 3.977126999547589706e-08 3.962797549426907403e-08 3.941330421429192535e-08 3.931979376608117558e-08 3.960028219477280536e-08 3.953901074625563147e-08 3.985836123521149177e-08 3.954524053027487657e-08 3.972256254878424609e-08 3.930126252839496138e-08 3.994122941336437710e-08 3.989266649061748206e-08 3.997658738564298881e-08 3.981167455066461057e-08 3.972705728310999334e-08 3.992252258621335052e-08 3.981217488518168525e-08 3.952364148901381090e-08 3.980181578662943157e-08 3.963900823738606337e-08 3.977551857883463885e-08
4.013698963496292669e-08 4.035138921955338514e-08 4.050678335383954371e-08 4.031066858918919245e-08 4.021943197540461473e-08 3.992418551043047482e-08 4.044037936739303192e-08 4.008039861316670058e-08 3.984676792775972792e-08 4.033429839240340971e-08 3.986315261440487723e-08 4.032332391330670116e-08 4.050830238105635788e-08 3.973904511687187276e-08 4.017529204211925050e-08 4.042845377210547012e-08 4.013668627299743165e-08 4.002299455247761558e-08 4.011279009111974383e-08 4.019112489679627073e-08 3.993121493818463506e-08 4.018356571099037812e-08 4.033334747127651505e-08 4.028434085362600799e-08 4.013818009104143345e-08 3.992078295488662578e-08 3.982493991631491332e-08 4.010988599824689646e-08 4.004909104636599065e-08 4.037235954545678371e-08 4.005453194232639355e-08 4.023430151067722416e-08 3.980709462022180063e-08 4.045802205913183768e-08 4.040836970355824709e-08 4.049345935660049502e-08 4.032503832798134570e-08 4.023853116587781702e-08 4.043745317832443243e-08 4.032591083658496560e-08 4.003239427971845355e-08 4.031531586706340886e-08 4.015017210897202689e-08 4.028790184066300278e-08
3.978165960418441803e-08 3.999354986455345235e-08 4.014645447787061765e-08 3.995174435755911367e-08 3.986393289140600266e-08 3.957144261707180636e-08 4.008039861316670058e-08 3.972716482237022805e-08 3.949521794730213036e-08 3.997702426479746361e-08 3.951142928053701766e-08 3.996602750348811063e-08 4.014876621490595277e-08 3.938898752568396184e-08 3.981864320599990444e-08 4.006928638274176158e-08 3.978081756622364679e-08 3.967037170766306562e-08 3.975914630842284023e-08 3.983448128164132926e-08 3.957811617959469779e-08 3.982802343341165321e-08 3.997562679821291954e-08 3.992665530511684175e-08 3.978343783570949645e-08 3.956799739662789220e-08 3.947381063968806869e-08 3.975559354449946804e-08 3.969404049689214277e-08 4.001484060411422774e-08 3.969996165151580846e-08 3.987776420536579730e-08 3.945527439591282752e-08 4.009720733032919909e-08 4.004910321404259854e-08 4.013286521342941239e-08 3.996776846101445986e-08 3.988294117649090658e-08 4.007864052313950146e-08 3.996799165276477421e-08 3.967880641090231853e-08 3.995772243414466280e-08 3.979433415300023569e-08 3.993104557097964206e-08
3.955051843274630691e-08 3.976045877236663604e-08 3.991316902132851368e-08 3.971879939760079779e-08 3.963192362654416225e-08 3.934104765901750035e-08 3.984676792775972792e-08 3.949521794730213036e-08 3.926665927514624255e-08 3.974412003426669830e-08 3.928119146677231956e-08 3.973342162593085942e-08 3.991582172883772899e-08 3.916038084140831427e-08 3.958640135081209545e-08 3.983609096626805709e-08 3.954987345254981432e-08 3.943953616983883974e-08 3.952816082765051040e-08 3.960314569762657641e-08 3.934811406012122662e-08 3.959575657880616810e-08 3.974320473184961473e-08 3.969421845812410370e-08 3.955167291848154987e-08 3.933808866711160135e-08 3.924468593974838672e-08 3.952416925116679675e-08 3.946282814720645693e-08 3.978166794344267559e-08 3.946959314759742470e-08 3.964626676802574582e-08 3.922568220378272798e-08 3.986410595316415312e-08 3.981612274683857450e-08 3.989936953494428712e-08 3.973513194334184093e-08 3.965081485928665768e-08 3.984550537404703896e-08 3.973544523123996584e-08 3.944838796023847503e-08 3.972504330284701234e-08 3.956290310094517844e-08 3.969874673943159457e-08
4.003338812342924715e-08 4.024634580397534689e-08 4.040096227587049814e-08 4.020563930664546515e-08 4.011533090160654371e-08 3.982071270064038579e-08 4.033429839240340971e-08 3.997702426479746361e-08 3.974412003426669830e-08 4.023073932718647801e-08 3.976052978661468921e-08 4.021882093659054798e-08 4.040320210573516855e-08 3.963708952335772091e-08 4.007130598482275799e-08 4.032336723157989074e-08 4.003308828483351631e-08 3.992026575389340742e-08 4.000979545374348270e-08 4.008679825019807628e-08 3.982803772576950649e-08 4.007971559509544852e-08 4.022877897716450274e-08 4.017999567743733862e-08 4.003447093076043086e-08 3.981784039414961128e-08 3.972256942715461513e-08 4.000665380743495841e-08 3.994520125840627937e-08 4.026787990161991752e-08 3.995115467056344073e-08 4.012997454229635480e-08 3.970487806220539621e-08 4.035188008860346231e-08 4.030273655707579713e-08 4.038741603485743389e-08 4.022056484192878622e-08 4.013472731401097959e-08 4.033243308629910727e-08 4.022142739649757888e-08 3.992985408903672917e-08 4.021051610591602368e-08 4.004651269170189255e-08 4.018360326520019264e-08
3.956541760336443276e-08 3.977676179367149882e-08 3.992925468545853527e-08 3.973535909604995957e-08 3.964788704790799733e-08 3.935706419396725625e-08 3.986315261440487723e-08 3.951142928053701766e-08 3.928119146677231956e-08 3.976052978661468921e-08 3.929774469129498475e-08 3.974907445488980426e-08 3.993122960045779062e-08 3.917509089965707996e-08 3.960317568670028447e-08 3.985203681140219200e-08 3.956553949603548430e-08 3.945523439627721099e-08 3.954319132552958814e-08 3.961861620981051991e-08 3.936382012417046056e-08 3.961221061887922147e-08 3.975936712602395747e-08 3.971081909419506246e-08 3.956770105254010507e-08 3.935327787422922374e-08 3.925982957207041283e-08 3.954024161932530115e-08 3.947892528155459697e-08 3.979757885575688491e-08 3.948477510574732895e-08 3.966190458946713282e-08 3.924180138714444976e-08 3.987995180891638326e-08 3.983186203995964413e-08 3.991532199889425191e-08 3.975101290398680760e-08 3.966681702839430960e-08 3.986148037382193358e-08 3.975153942885727394e-08 3.946375173798280078e-08 3.974121985859084282e-08 3.957884972796239722e-08 3.971479949994208004e-08
4.002277102080949210e-08 4.023547514478126893e-08 4.038998706872350749e-08 4.019465621945847417e-08 4.010456367955487691e-08 3.980987680670996760e-08 4.032332391330670116e-08 3.996602750348811063e-08 3.973342162593085942e-08 4.021882093659054798e-08 3.974907445488980426e-08 4.020833787554254433e-08 4.039227524267552863e-08 3.962640883023686422e-08 4.005951103434880961e-08 4.031248784748506795e-08 4.002198769672093398e-08 3.990921138550772431e-08 3.999913892705009574e-08 4.007593820333022036e-08 3.981715952086127801e-08 4.006835311730565429e-08 4.021749169505651221e-08 4.016845876753709182e-08 4.002337418718998718e-08 3.980691795404251423e-08 3.971144197284256131e-08 3.999564081504586039e-08 3.993409652300502254e-08 4.025684494132520187e-08 3.994037183214099775e-08 4.011861535082765616e-08 3.969335632334300006e-08 4.034142848229720628e-08 4.029206076678196906e-08 4.037719103480186686e-08 4.020974225313405380e-08 4.012313255185429715e-08 4.032153573047355337e-08 4.020996478331017143e-08 3.991832722964129487e-08 4.019961231452265431e-08 4.003507733938424013e-08 4.017256515896057096e-08
4.020646831478877660e-08 4.041991557725057458e-08 4.057562008242907427e-08 4.037884578300278931e-08 4.028816987376467919e-08 3.999262416439454207e-08 4.050830238105635788e-08 4.014876621490595277e-08 3.991582172883772899e-08 4.040320210573516855e-08 3.993122960045779062e-08 4.039227524267552863e-08 4.057868680251306902e-08 3.980817297683291476e-08 4.024359700100110707e-08 4.049817670130389950e-08 4.020566166714224452e-08 4.009267162920894018e-08 4.018270786941047822e-08 4.026020252989108916e-08 3.999981918826328925e-08 4.025205080461759187e-08 4.040242429832635686e-08 4.035305205667968029e-08 4.020689207784473259e-08 3.998944963153862923e-08 3.989389013966600314e-08 4.017871302951712273e-08 4.011714246794524440e-08 4.044142049473950320e-08 4.012379857996227872e-08 4.030310968134749131e-08 3.987517865482266439e-08 4.052682179473323745e-08 4.047680682977827412e-08 4.056238191287085472e-08 4.039386437553213054e-08 4.030728064297952211e-08 4.050689258147371079e-08 4.039511696248093995e-08 4.010172891408200080e-08 4.038418731913795637e-08 4.021859590697209321e-08 4.035715874327650606e-08
3.944471598820874779e-08 3.965267561346812853e-08 3.980472965563188444e-08 3.961197128703875815e-08 3.952448720213313357e-08 3.923493842420082367e-08 3.973904511687187276e-08 3.938898752568396184e-08 3.916038084140831427e-08 3.963708952335772091e-08 3.917509089965707996e-08 3.962640883023686422e-08 3.980817297683291476e-08 3.905587223624083214e-08 3.947946815385854132e-08 3.972893287583166654e-08 3.944336612413313048e-08 3.933454826790625361e-08 3.942247487134937665e-08 3.949643333343062944e-08 3.924214702417791903e-08 3.948882247813479913e-08 3.963543079344208123e-08 3.958682985420978873e-08 3.944549153071687196e-08 3.923241575898146376e-08 3.913954100785834256e-08 3.941762757951375021e-08 3.935645088536063524e-08 3.967507229905374951e-08 3.936369294565312770e-08 3.953961083032458390e-08 3.912029212757479137e-08 3.975581975460417006e-08 3.970814818585374729e-08 3.979156252395563136e-08 3.962818271665125779e-08 3.954356290824333248e-08 3.973817863712437104e-08 3.962776286530895972e-08 3.934276469599478461e-08 3.961795460180979166e-08 3.945643164346208573e-08 3.959131678803124779e-08
3.987478224982595685e-08 4.008763782614909993e-08 4.024137955548932328e-08 4.004693864977577019e-08 3.995679778852332903e-08 3.966319994624957890e-08 4.017529204211925050e-08 3.981864320599990444e-08 3.958640135081209545e-08 4.007130598482275799e-08 3.960317568670028447e-08 4.005951103434880961e-08 4.024359700100110707e-08 3.947946815385854132e-08 3.991369050692708660e-08 4.016429559244820145e-08 3.987477293132360276e-08 3.976234517689787764e-08 3.985099430271038016e-08 3.992808889838439928e-08 3.966989623886514778e-08 3.992149668708820871e-08 4.007020945078276654e-08 4.002135759443238594e-08 3.987611637799267111e-08 3.965974762738758419e-08 3.956449346121011254e-08 3.984822142523168376e-08 3.978730091980728560e-08 4.010844019130515609e-08 3.979272436628461044e-08 3.997107379429981378e-08 3.954732376628276564e-08 4.019282112271041795e-08 4.014385201796755187e-08 4.022826855564502465e-08 4.006128171314056738e-08 3.997594341641332659e-08 4.017266575267910264e-08 4.006272843185702719e-08 3.977154699130717043e-08 4.005193790704383861e-08 3.988769376218639574e-08 4.002498064861321253e-08
4.012708692078423191e-08 4.033993862524960170e-08 4.049526181534348606e-08 4.029934923377645245e-08 4.020826730879897756e-08 3.991308438998441962e-08 4.042845377210547012e-08 4.006928638274176158e-08 3.983609096626805709e-08 4.032336723157989074e-08 3.985203681140219200e-08 4.031248784748506795e-08 4.049817670130389950e-08 3.972893287583166654e-08 4.016429559244820145e-08 4.041919863018914753e-08 4.012606572907577660e-08 4.001378692137938628e-08 4.010336704432233539e-08 4.018034016072575474e-08 3.992005539812043777e-08 4.017242029997302462e-08 4.032258570278235610e-08 4.027326888946302997e-08 4.012730081288257292e-08 3.990980104393635084e-08 3.981444654724206496e-08 4.009890468160595990e-08 4.003804669511430494e-08 4.036174185789446516e-08 4.004411608856484682e-08 4.022300823293440939e-08 3.979597872728765539e-08 4.044699378909954572e-08 4.039698786508265706e-08 4.048283418054143903e-08 4.031420540309963320e-08 4.022718946110179134e-08 4.042709728562189518e-08 4.031512343168597093e-08 4.002218460977962594e-08 4.030465201689147562e-08 4.013901834483343786e-08 4.027694803242814080e-08
3.983764875061981518e-08 4.004917377016018993e-08 4.020327756407658019e-08 4.000878094555714008e-08 3.991889892663777421e-08 3.962567938875101267e-08 4.013668627299743165e-08 3.978081756622364679e-08 3.954987345254981432e-08 4.003308828483351631e-08 3.956553949603548430e-08 4.002198769672093398e-08 4.020566166714224452e-08 3.944336612413313048e-08 3.987477293132360276e-08 4.012606572907577660e-08 3.983786812767641287e-08 3.972542943479976755e-08 3.981424678929090384e-08 3.989062474630901256e-08 3.963343955281932791e-08 3.988305257890926417e-08 4.003205571363260183e-08 3.998342110259217393e-08 3.983846022603807097e-08 3.962295917160655273e-08 3.952824465811038122e-08 3.981062285551671366e-08 3.974956021692503253e-08 4.007064157975243197e-08 3.975620419799393913e-08 3.993383253544353118e-08 3.951055900532850289e-08 4.015450779036929148e-08 4.010555739114537214e-08 4.019028957128565346e-08 4.002385430322462776e-08 3.993807695561390332e-08 4.013511021010808136e-08 4.002403677690698349e-08 3.973424441027137510e-08 4.001400948229356856e-08 3.985031167978001785e-08 3.998689888770170549e-08
3.972645172305072571e-08 3.993595459300309409e-08 4.008871531621789442e-08 3.989503135927719135e-08 3.980676418327360860e-08 3.951515620419949039e-08 4.002299455247761558e-08 3.967037170766306562e-08 3.943953616983883974e-08 3.992026575389340742e-08 3.945523439627721099e-08 3.990921138550772431e-08 4.009267162920894018e-08 3.933454826790625361e-08 3.976234517689787764e-08 4.001378692137938628e-08 3.972542943479976755e-08 3.961699305056799706e-08 3.970432842457847564e-08 3.977836276412646434e-08 3.952191534271267126e-08 3.977105552798399863e-08 3.991901815009500663e-08 3.987012291421441075e-08 3.972741441341687158e-08 3.951216855910795007e-08 3.941882274642200979e-08 3.969902964581312675e-08 3.963792034283509147e-08 3.995880342567904874e-08 3.964492099599003347e-08 3.982194903302710944e-08 3.939968230302851840e-08 4.003960722625056389e-08 3.999175872214725719e-08 4.007640246310970866e-08 3.991128499356626268e-08 3.982617538674169278e-08 4.002218680288537733e-08 3.991093586001561476e-08 3.962395766023991552e-08 3.990156834753297628e-08 3.973806338512576916e-08 3.987413606640778069e-08
3.981570173124423617e-08 4.002567981935797621e-08 4.017912508598637309e-08 3.998475612360917766e-08 3.989612893091588046e-08 3.960361153815342985e-08 4.011279009111974383e-08 3.975914630842284023e-08 3.952816082765051040e-08 4.000979545374348270e-08 3.954319132552958814e-08 3.999913892705009574e-08 4.018270786941047822e-08 3.942247487134937665e-08 3.985099430271038016e-08 4.010336704432233539e-08 3.981424678929090384e-08 3.970432842457847564e-08 3.979333373297853946e-08 3.986776178625244704e-08 3.961092161094987081e-08 3.986023515701860658e-08 4.000831875764405033e-08 3.995937378491110468e-08 3.981623838886108715e-08 3.960087793193090293e-08 3.950700791955426367e-08 3.978807007746764926e-08 3.972664948355196492e-08 4.004818262266289357e-08 3.973371777322850761e-08 3.991110879178559437e-08 3.948791479348714573e-08 4.013043135388702133e-08 4.008164535763318278e-08 4.016633183053277202e-08 4.000098051309805168e-08 3.991519067290377665e-08 4.011214843489091146e-08 4.000075457942969222e-08 3.971237792217327599e-08 3.999075919360572833e-08 3.982722246903504600e-08 3.996369404575823003e-08
3.989105654454434051e-08 4.010313478116231329e-08 4.025763436857539347e-08 4.006286070488880922e-08 3.997255550736931130e-08 3.967944691122882395e-08 4.019112489679627073e-08 3.983448128164132926e-08 3.960314569762657641e-08 4.008679825019807628e-08 3.961861620981051991e-08 4.007593820333022036e-08 4.026020252989108916e-08 3.949643333343062944e-08 3.992808889838439928e-08 4.018034016072575474e-08 3.989062474630901256e-08 3.977836276412646434e-08 3.986776178625244704e-08 3.994499936039323684e-08 3.968666544161021477e-08 3.993645731363988695e-08 4.008546543684231089e-08 4.003696904599927215e-08 3.989192481250946562e-08 3.967632774088926909e-08 3.958173193568492457e-08 3.986410220670469754e-08 3.980324053622074484e-08 4.012467016552613729e-08 3.980957463877257302e-08 3.998775978803154357e-08 3.956311384530484909e-08 4.020903383481444424e-08 4.015967688973212916e-08 4.024466444221582392e-08 4.007750890595014894e-08 3.999162488948266941e-08 4.018946264103021837e-08 4.007825020462768539e-08 3.978749336783896563e-08 4.006767193211445165e-08 3.990369871908503477e-08 4.004078191164861147e-08
3.963315187398145276e-08 3.984433645615659431e-08 3.999798997778331379e-08 3.980368647508458998e-08 3.971530315401386592e-08 3.942390345198795259e-08 3.993121493818463506e-08 3.957811617959469779e-08 3.934811406012122662e-08 3.982803772576950649e-08 3.936382012417046056e-08 3.981715952086127801e-08 3.999981918826328925e-08 3.924214702417791903e-08 3.966989623886514778e-08 3.992005539812043777e-08 3.963343955281932791e-08 3.952191534271267126e-08 3.961092161094987081e-08 3.968666544161021477e-08 3.943286609097950787e-08 3.967915105867238338e-08 3.982683691718605945e-08 3.977894461110258420e-08 3.963506865663457094e-08 3.942108197126382402e-08 3.932761104727298647e-08 3.960730044677251253e-08 3.954624885030142425e-08 3.986558665391807252e-08 3.955279629919256233e-08 3.973041472678839361e-08 3.930927490759371134e-08 3.994903331559217747e-08 3.990001414346724217e-08 3.998363205082066432e-08 3.981916626470774937e-08 3.973424971289547328e-08 3.993073215297451684e-08 3.981938325934352249e-08 3.953063193950942685e-08 3.980942306657597752e-08 3.964689128364903251e-08 3.978275557332681450e-08
3.988370577972183654e-08 4.009634855857801675e-08 4.024998724236311770e-08 4.005479408636752671e-08 3.996592181975253724e-08 3.967222432858900626e-08 4.018356571099037812e-08 3.982802343341165321e-08 3.959575657880616810e-08 4.007971559509544852e-08 3.961221061887922147e-08 4.006835311730565429e-08 4.025205080461759187e-08 3.948882247813479913e-08 3.992149668708820871e-08 4.017242029997302462e-08 3.988305257890926417e-08 3.977105552798399863e-08 3.986023515701860658e-08 3.993645731363988695e-08 3.967915105867238338e-08 3.993053381147939645e-08 4.007861180575666397e-08 4.002933974987814860e-08 3.988514080289112994e-08 3.966888816094314883e-08 3.957379597179048290e-08 3.985721839737302753e-08 3.979557926217722707e-08 4.011712098843035384e-08 3.980132467122772292e-08 3.997973586303730679e-08 3.955618375801342648e-08 4.020117804449039327e-08 4.015207688583072120e-08 4.023609233202453407e-08 4.007012388917636709e-08 3.998461169302074697e-08 4.018139322823238292e-08 4.007124535542311512e-08 3.978026575865121141e-08 4.006028616586388861e-08 3.989646634379185165e-08 4.003347074922305792e-08
4.003191099549615921e-08 4.024577968287835339e-08 4.040051873678203122e-08 4.020396513798141496e-08 4.011446686884988295e-08 3.981986333674639987e-08 4.033334747127651505e-08 3.997562679821291954e-08 3.974320473184961473e-08 4.022877897716450274e-08 3.975936712602395747e-08 4.021749169505651221e-08 4.040242429832635686e-08 3.963543079344208123e-08 4.007020945078276654e-08 4.032258570278235610e-08 4.003205571363260183e-08 3.991901815009500663e-08 4.000831875764405033e-08 4.008546543684231089e-08 3.982683691718605945e-08 4.007861180575666397e-08 4.022854371389837227e-08 4.017906491163896177e-08 4.003323033277102065e-08 3.981620488174811895e-08 3.972100526417130588e-08 4.000525399816981471e-08 3.994373332161606861e-08 4.026628955689352490e-08 3.994977341574286928e-08 4.012870759598163034e-08 3.970318429947905398e-08 4.035127179850803659e-08 4.030202120529592723e-08 4.038666745028166854e-08 4.021936757982864067e-08 4.013369329994077760e-08 4.033149149419543059e-08 4.022040418726557958e-08 3.992794526731253140e-08 4.020971053264452680e-08 4.004497053343028387e-08 4.018280693203953363e-08
3.998252511520661764e-08 4.019646732366299347e-08 4.035131294761978595e-08 4.015580982836088783e-08 4.006531964007439703e-08 3.977126999547589706e-08 4.028434085362600799e-08 3.992665530511684175e-08 3.969421845812410370e-08 4.017999567743733862e-08 3.971081909419506246e-08 4.016845876753709182e-08 4.035305205667968029e-08 3.958682985420978873e-08 4.002135759443238594e-08 4.027326888946302997e-08 3.998342110259217393e-08 3.987012291421441075e-08 3.995937378491110468e-08 4.003696904599927215e-08 3.977894461110258420e-08 4.002933974987814860e-08 4.017906491163896177e-08 4.013092012891855830e-08 3.998425500331988719e-08 3.976776240670523144e-08 3.967297667054714719e-08 3.995649762607031461e-08 3.989560608391410702e-08 4.021741819188910337e-08 3.990159711238500921e-08 4.008034580542521951e-08 3.965539320313697296e-08 4.030233083875746694e-08 4.025264047845884314e-08 4.033781832594037766e-08 4.017052230558282173e-08 4.008486737587886941e-08 4.028289499405841501e-08 4.017136280966665700e-08 3.987898885622328659e-08 4.016081044341514078e-08 3.999632654992746649e-08 4.013387674720222057e-08
3.983918657008274354e-08 4.005088615878040478e-08 4.020434304504938182e-08 4.000972820713597628e-08 3.992064703014858322e-08 3.962797549426907403e-08 4.013818009104143345e-08 3.978343783570949645e-08 3.955167291848154987e-08 4.003447093076043086e-08 3.956770105254010507e-08 4.002337418718998718e-08 4.020689207784473259e-08 3.944549153071687196e-08 3.987611637799267111e-08 4.012730081288257292e-08 3.983846022603807097e-08 3.972741441341687158e-08 3.981623838886108715e-08 3.989192481250946562e-08 3.963506865663457094e-08 3.988514080289112994e-08 4.003323033277102065e-08 3.998425500331988719e-08 3.984069097773281736e-08 3.962472625052300848e-08 3.953044896455632798e-08 3.981235404093528893e-08 3.975110032187320338e-08 4.007235458788989746e-08 3.975731986394824388e-08 3.993559821224533234e-08 3.951214742306682544e-08 4.015532317319827120e-08 4.010659537051827362e-08 4.019080667946000222e-08 4.002528119209568015e-08 3.993986486303023182e-08 4.013638332577477679e-08 4.002565050882814793e-08 3.973599952008247365e-08 4.001538436423784687e-08 3.985174991817079873e-08 3.998839240942846252e-08
3.962373255458913643e-08 3.983381200446738825e-08 3.998685648177520758e-08 3.979295385190379627e-08 3.970479715983837491e-08 3.941330421429192535e-08 3.992078295488662578e-08 3.956799739662789220e-08 3.933808866711160135e-08 3.981784039414961128e-08 3.935327787422922374e-08 3.980691795404251423e-08 3.998944963153862923e-08 3.923241575898146376e-08 3.965974762738758419e-08 3.990980104393635084e-08 3.962295917160655273e-08 3.951216855910795007e-08 3.960087793193090293e-08 3.967632774088926909e-08 3.942108197126382402e-08 3.966888816094314883e-08 3.981620488174811895e-08 3.976776240670523144e-08 3.962472625052300848e-08 3.941100897136730941e-08 3.931704360373276959e-08 3.959697444785926627e-08 3.953589427543306189e-08 3.985564353738056339e-08 3.954252563648501092e-08 3.971944930689126067e-08 3.929834475737946233e-08 3.993808557046808794e-08 3.988979489920238380e-08 3.997320075318182994e-08 3.980866225955531418e-08 3.972378983982074076e-08 3.991958144225612292e-08 3.980897864733311342e-08 3.952107310452413082e-08 3.979863572329846433e-08 3.963632880886225157e-08 3.977191308911888653e-08
3.952868410722393010e-08 3.973824146316986671e-08 3.989112129489535953e-08 3.969729103886822254e-08 3.960968340235225382e-08 3.931979376608117558e-08 3.982493991631491332e-08 3.947381063968806869e-08 3.924468593974838672e-08 3.972256942715461513e-08 3.925982957207041283e-08 3.971144197284256131e-08 3.989389013966600314e-08 3.913954100785834256e-08 3.956449346121011254e-08 3.981444654724206496e-08 3.952824465811038122e-08 3.941882274642200979e-08 3.950700791955426367e-08 3.958173193568492457e-08 3.932761104727298647e-08 3.957379597179048290e-08 3.972100526417130588e-08 3.967297667054714719e-08 3.953044896455632798e-08 3.931704360373276959e-08 3.922470589190046523e-08 3.950236884813220755e-08 3.944161916145235224e-08 3.976053905703979070e-08 3.944862562774020776e-08 3.962561942605625684e-08 3.920511125069434126e-08 3.984179316313294451e-08 3.979355462407871062e-08 3.987705413770277920e-08 3.971366793028085792e-08 3.962934416933924454e-08 3.982469030051381132e-08 3.971358880203098193e-08 3.942691497257657609e-08 3.970345926401744887e-08 3.954180201769852254e-08 3.967678728053078084e-08
3.981079900818015159e-08 4.002291940976647309e-08 4.017649802438394293e-08 3.998204651162776742e-08 3.989338192173577823e-08 3.960028219477280536e-08 4.010988599824689646e-08 3.975559354449946804e-08 3.952416925116679675e-08 4.000665380743495841e-08 3.954024161932530115e-08 3.999564081504586039e-08 4.017871302951712273e-08 3.941762757951375021e-08 3.984822142523168376e-08 4.009890468160595990e-08 3.981062285551671366e-08 3.969902964581312675e-08 3.978807007746764926e-08 3.986410220670469754e-08 3.960730044677251253e-08 3.985721839737302753e-08 4.000525399816981471e-08 3.995649762607031461e-08 3.981235404093528893e-08 3.959697444785926627e-08 3.950236884813220755e-08 3.978533020254907744e-08 3.972325131690053087e-08 4.004406185865342604e-08 3.972948783991508223e-08 3.990692404632550594e-08 3.948437032059900944e-08 4.012751765371985404e-08 4.007879968928983262e-08 4.016311100425520172e-08 3.999722094742494791e-08 3.991163878563704527e-08 4.010845273692896354e-08 3.999760081706290005e-08 3.970796767908230819e-08 3.998721854305320025e-08 3.982373415544149210e-08 3.996079366644278971e-08
3.974953703586691853e-08 3.996144807382663746e-08 4.011496679739059743e-08 3.992134407291747422e-08 3.983154325066875211e-08 3.953901074625563147e-08 4.004909104636599065e-08 3.969404049689214277e-08 3.946282814720645693e-08 3.994520125840627937e-08 3.947892528155459697e-08 3.993409652300502254e-08 4.011714246794524440e-08 3.935645088536063524e-08 3.978730091980728560e-08 4.003804669511430494e-08 3.974956021692503253e-08 3.963792034283509147e-08 3.972664948355196492e-08 3.980324053622074484e-08 3.954624885030142425e-08 3.979557926217722707e-08 3.994373332161606861e-08 3.989560608391410702e-08 3.975110032187320338e-08 3.953589427543306189e-08 3.944161916145235224e-08 3.972325131690053087e-08 3.966302742766375328e-08 3.998284913066206127e-08 3.966857337925760810e-08 3.984632322673553160e-08 3.942352289031669747e-08 4.006653967063562879e-08 4.001780766697294261e-08 4.010231219231199905e-08 3.993588528431058663e-08 3.985059679575770280e-08 4.004711734526685075e-08 3.993645076143038701e-08 3.964660454006868735e-08 3.992633526377869303e-08 3.976252159996497036e-08 3.989917515586494634e-08
4.007163981929328377e-08 4.028413196520205448e-08 4.043868460916481481e-08 4.024316676369109098e-08 4.015304836865011733e-08 3.985836123521149177e-08 4.037235954545678371e-08 4.001484060411422774e-08 3.978166794344267559e-08 4.026787990161991752e-08 3.979757885575688491e-08 4.025684494132520187e-08 4.044142049473950320e-08 3.967507229905374951e-08 4.010844019130515609e-08 4.036174185789446516e-08 4.007064157975243197e-08 3.995880342567904874e-08 4.004818262266289357e-08 4.012467016552613729e-08 3.986558665391807252e-08 4.011712098843035384e-08 4.026628955689352490e-08 4.021741819188910337e-08 4.007235458788989746e-08 3.985564353738056339e-08 3.976053905703979070e-08 4.004406185865342604e-08 3.998284913066206127e-08 4.030638137613414813e-08 3.998925928124140309e-08 4.016795870586890385e-08 3.974193772691805965e-08 4.038988211018904220e-08 4.034064838371076644e-08 4.042577787838450120e-08 4.025866158003152388e-08 4.017234244454693238e-08 4.037088423824286669e-08 4.025900132823688104e-08 3.996737492182010329e-08 4.024850489637791635e-08 4.008402114162010396e-08 4.022109431967041643e-08
3.975650109629836150e-08 3.996711261043442944e-08 4.012087102663107417e-08 3.992685710297136831e-08 3.983727363092806060e-08 3.954524053027487657e-08 4.005453194232639355e-08 3.969996165151580846e-08 3.946959314759742470e-08 3.995115467056344073e-08 3.948477510574732895e-08 3.994037183214099775e-08 4.012379857996227872e-08 3.936369294565312770e-08 3.979272436628461044e-08 4.004411608856484682e-08 3.975620419799393913e-08 3.964492099599003347e-08 3.973371777322850761e-08 3.980957463877257302e-08 3.955279629919256233e-08 3.980132467122772292e-08 3.994977341574286928e-08 3.990159711238500921e-08 3.975731986394824388e-08 3.954252563648501092e-08 3.944862562774020776e-08 3.972948783991508223e-08 3.966857337925760810e-08 3.998925928124140309e-08 3.967572787708609284e-08 3.985277020551735006e-08 3.943003118349623772e-08 4.007220105139797675e-08 4.002308147717102439e-08 4.010804346526225555e-08 3.994229735918604178e-08 3.985657757129600739e-08 4.005355780340361382e-08 3.994220205097232464e-08 3.965335011032221998e-08 3.993203849914207195e-08 3.976888108077113824e-08 3.990515003539457582e-08
3.993382179186462397e-08 4.014617982791820134e-08 4.030080833876335255e-08 4.010555062751116784e-08 4.001542280039369869e-08 3.972256254878424609e-08 4.023430151067722416e-08 3.987776420536579730e-08 3.964626676802574582e-08 4.012997454229635480e-08 3.966190458946713282e-08 4.011861535082765616e-08 4.030310968134749131e-08 3.953961083032458390e-08 3.997107379429981378e-08 4.022300823293440939e-08 3.993383253544353118e-08 3.982194903302710944e-08 3.991110879178559437e-08 3.998775978803154357e-08 3.973041472678839361e-08 3.997973586303730679e-08 4.012870759598163034e-08 4.008034580542521951e-08 3.993559821224533234e-08 3.971944930689126067e-08 3.962561942605625684e-08 3.990692404632550594e-08 3.984632322673553160e-08 4.016795870586890385e-08 3.985277020551735006e-08 4.003223956652858750e-08 3.960689726101123284e-08 4.025149177268359990e-08 4.020219840258873979e-08 4.028690155991724662e-08 4.012086177579437721e-08 4.003543071228454941e-08 4.023275956201798036e-08 4.012122902018941008e-08 3.983075456228076158e-08 4.011091460491122629e-08 3.994724251800092566e-08 4.008369342891686606e-08
3.951032819365919390e-08 3.972045291034369646e-08 3.987310259572114562e-08 3.968013807064258050e-08 3.959143394621218329e-08 3.930126252839496138e-08 3.980709462022180063e-08 3.945527439591282752e-08 3.922568220378272798e-08 3.970487806220539621e-08 3.924180138714444976e-08 3.969335632334300006e-08 3.987517865482266439e-08 3.912029212757479137e-08 3.954732376628276564e-08 3.979597872728765539e-08 3.951055900532850289e-08 3.939968230302851840e-08 3.948791479348714573e-08 3.956311384530484909e-08 3.930927490759371134e-08 3.955618375801342648e-08 3.970318429947905398e-08 3.965539320313697296e-08 3.951214742306682544e-08 3.929834475737946233e-08 3.920511125069434126e-08 3.948437032059900944e-08 3.942352289031669747e-08 3.974193772691805965e-08 3.943003118349623772e-08 3.960689726101123284e-08 3.918749063943475672e-08 3.982417313077782925e-08 3.977553727672745680e-08 3.985916365486565155e-08 3.969557664567962750e-08 3.961092040366473196e-08 3.980586322722849808e-08 3.969555118510823048e-08 3.940851742184053351e-08 3.968542271872670244e-08 3.952382315177439121e-08 3.965879477685420142e-08
4.015482087679939242e-08 4.036926093307696199e-08 4.052526151343134476e-08 4.032891288629966927e-08 4.023744807535478610e-08 3.994122941336437710e-08 4.045802205913183768e-08 4.009720733032919909e-08 3.986410595316415312e-08 4.035188008860346231e-08 3.987995180891638326e-08 4.034142848229720628e-08 4.052682179473323745e-08 3.975581975460417006e-08 4.019282112271041795e-08 4.044699378909954572e-08 4.015450779036929148e-08 4.003960722625056389e-08 4.013043135388702133e-08 4.020903383481444424e-08 3.994903331559217747e-08 4.020117804449039327e-08 4.035127179850803659e-08 4.030233083875746694e-08 4.015532317319827120e-08 3.993808557046808794e-08 3.984179316313294451e-08 4.012751765371985404e-08 4.006653967063562879e-08 4.038988211018904220e-08 4.007220105139797675e-08 4.025149177268359990e-08 3.982417313077782925e-08 4.047755634283167291e-08 4.042656060006033540e-08 4.051214684070589498e-08 4.034292787094925924e-08 4.025551857035916266e-08 4.045599984071488691e-08 4.034441761057821191e-08 4.004939644602851560e-08 4.033327279503934710e-08 4.016760023981467221e-08 4.030599784224455695e-08
4.010582180170148541e-08 4.031990101273141269e-08 4.047508179735761428e-08 4.027894602918548855e-08 4.018877894249465770e-08 3.989266649061748206e-08 4.040836970355824709e-08 4.004910321404259854e-08 3.981612274683857450e-08 4.030273655707579713e-08 3.983186203995964413e-08 4.029206076678196906e-08 4.047680682977827412e-08 3.970814818585374729e-08 4.014385201796755187e-08 4.039698786508265706e-08 4.010555739114537214e-08 3.999175872214725719e-08 4.008164535763318278e-08 4.015967688973212916e-08 3.990001414346724217e-08 4.015207688583072120e-08 4.030202120529592723e-08 4.025264047845884314e-08 4.010659537051827362e-08 3.988979489920238380e-08 3.979355462407871062e-08 4.007879968928983262e-08 4.001780766697294261e-08 4.034064838371076644e-08 4.002308147717102439e-08 4.020219840258873979e-08 3.977553727672745680e-08 4.042656060006033540e-08 4.037774115984140320e-08 4.046218258791126878e-08 4.029339006525046258e-08 4.020726563360597521e-08 4.040579380842766855e-08 4.029446844978925222e-08 4.000117101722156971e-08 4.028420969840878338e-08 4.011851293229439044e-08 4.025686837040961751e-08
4.019030853804509227e-08 4.040458863581148235e-08 4.056018073233376579e-08 4.036462624203447431e-08 4.027279939521868922e-08 3.997658738564298881e-08 4.049345935660049502e-08 4.013286521342941239e-08 3.989936953494428712e-08 4.038741603485743389e-08 3.991532199889425191e-08 4.037719103480186686e-08 4.056238191287085472e-08 3.979156252395563136e-08 4.022826855564502465e-08 4.048283418054143903e-08 4.019028957128565346e-08 4.007640246310970866e-08 4.016633183053277202e-08 4.024466444221582392e-08 3.998363205082066432e-08 4.023609233202453407e-08 4.038666745028166854e-08 4.033781832594037766e-08 4.019080667946000222e-08 3.997320075318182994e-08 3.987705413770277920e-08 4.016311100425520172e-08 4.010231219231199905e-08 4.042577787838450120e-08 4.010804346526225555e-08 4.028690155991724662e-08 3.985916365486565155e-08 4.051214684070589498e-08 4.046218258791126878e-08 4.054869638992091392e-08 4.037847186799956761e-08 4.029108896230122226e-08 4.049121668911274440e-08 4.037904395807001748e-08 4.008514177824652647e-08 4.036905864437763555e-08 4.020264006422527776e-08 4.034138542194951299e-08
