2.912042323829081385e-08 2.924407798278486472e-08 2.933977633925042466e-08 2.921837493308290600e-08 2.921850427939582522e-08 2.897501893516113583e-08 2.929901418014051621e-08 2.913074043533120790e-08 2.886918499922363611e-08 2.925402449877933417e-08 2.890154451290603758e-08 2.918777587374276883e-08 2.937273021930951668e-08 2.870283014736861633e-08 2.925641384311606509e-08 2.928443032878529891e-08 2.909444163218961854e-08 2.893035104705568888e-08 2.901859760773957571e-08 2.913189292469556951e-08 2.895700779365238637e-08 2.918995339129973784e-08 2.918176639653209938e-08 2.927133460326530074e-08 2.910837350761137513e-08 2.893409398845493074e-08 2.889661013423215537e-08 2.909162590515518635e-08 2.904795347603486358e-08 2.929529407462499201e-08 2.908351520438437013e-08 2.916733636850934037e-08 2.884023887060331514e-08 2.945434697685627891e-08 2.924406438962286803e-08 2.941050918443408231e-08 2.923544496598298774e-08 2.916872853173001548e-08 2.937707345337157828e-08 2.922141858161180658e-08 2.883689947494727158e-08 2.922310021336649278e-08 2.911362587738224173e-08 2.929918053805696481e-08
2.924407798278486472e-08 2.937478780369558673e-08 2.946987556237840488e-08 2.934719563855909786e-08 2.934469549875000066e-08 2.909725968441411482e-08 2.942769402651581611e-08 2.925679928325382684e-08 2.899025976716410965e-08 2.938196267167219508e-08 2.902205006013163271e-08 2.931441987242134855e-08 2.950402918591369657e-08 2.881941924763646075e-08 2.938358013032440528e-08 2.941290493803231322e-08 2.922045994718368474e-08 2.905257339575808066e-08 2.914215485735001033e-08 2.925562088398129735e-08 2.907929290894820917e-08 2.931780898779380214e-08 2.930969075898180396e-08 2.940025671245578756e-08 2.923435087766199081e-08 2.905672221438945941e-08 2.901609489033630238e-08 2.921894226857482446e-08 2.917127808521641097e-08 2.942383557864582279e-08 2.920734295722067865e-08 2.929264175594981794e-08 2.896079073430569944e-08 2.958595055826700615e-08 2.937035400064965571e-08 2.954163397101446627e-08 2.936238056759311240e-08 2.929463350701514597e-08 2.950560918301446234e-08 2.935013730199873358e-08 2.895578267457824821e-08 2.935049982343197066e-08 2.923927244522447420e-08 2.942701314177662641e-08
2.933977633925042466e-08 2.946987556237840488e-08 2.956738115080186316e-08 2.944353027113563143e-08 2.944065255525000250e-08 2.919332263961734132e-08 2.952417791836827905e-08 2.935255702063648465e-08 2.908581139149234412e-08 2.947824810351658202e-08 2.911743192150323398e-08 2.941052247143069317e-08 2.960081723344938680e-08 2.891447983084695218e-08 2.948009149488989092e-08 2.950923892536776802e-08 2.931591083711352344e-08 2.914821822360757992e-08 2.923801096216249597e-08 2.935172693081886797e-08 2.917451880875090284e-08 2.941356967763137330e-08 2.940566862301623336e-08 2.949541983909650493e-08 2.933003932238179300e-08 2.915262288906419613e-08 2.911127310557142649e-08 2.931513185564115138e-08 2.926683319942006670e-08 2.952079171172916785e-08 2.930301744787032178e-08 2.938837870870365210e-08 2.905537426529209341e-08 2.968223418430102112e-08 2.946742811455314528e-08 2.963780507710587685e-08 2.945890702852933964e-08 2.939075053623707846e-08 2.960215425068919995e-08 2.944699248582951417e-08 2.905197682431802167e-08 2.944620696931676179e-08 2.933477839454846928e-08 2.952346648945901631e-08
2.921837493308290600e-08 2.934719563855909786e-08 2.944353027113563143e-08 2.932280846542687201e-08 2.931934200824999753e-08 2.907349711540348239e-08 2.940152488015671458e-08 2.923129576411352400e-08 2.896679673117432330e-08 2.935578768175425695e-08 2.899838233517593539e-08 2.928859295992346763e-08 2.947729675661309490e-08 2.879708299540305264e-08 2.935761408908927760e-08 2.938692800065305636e-08 2.919529785488646775e-08 2.902821325182994147e-08 2.911804145555000527e-08 2.923087630713945950e-08 2.905447409103243627e-08 2.929144983055613304e-08 2.928345573680042131e-08 2.937458993954931492e-08 2.920935307049319908e-08 2.903217099643579760e-08 2.899261377817857137e-08 2.919336109933802031e-08 2.914626637257993607e-08 2.939779234770833789e-08 2.918260445562967657e-08 2.926730544662966803e-08 2.893661051643708088e-08 2.955863373917814335e-08 2.934544779944685062e-08 2.951449686047746256e-08 2.933655976365816907e-08 2.926879761969209715e-08 2.947942287028996826e-08 2.932481895021216246e-08 2.893353759918198890e-08 2.932510300999573915e-08 2.921358414451402736e-08 2.940084938726181693e-08
2.921850427939582522e-08 2.934469549875000066e-08 2.944065255525000250e-08 2.931934200824999753e-08 2.932032043683332703e-08 2.907403253172916425e-08 2.939910004080416733e-08 2.923093436241666945e-08 2.896742481277082857e-08 2.935394211939583266e-08 2.900060580449583200e-08 2.928801206229166433e-08 2.947425509224998934e-08 2.880059167679166930e-08 2.935622562547916207e-08 2.938514115993751221e-08 2.919445269704168146e-08 2.902876156785417140e-08 2.911766945499165557e-08 2.923048961914582477e-08 2.905585110588958495e-08 2.929016461685416473e-08 2.928177497503333810e-08 2.937260316643750427e-08 2.920905303456250515e-08 2.903281806918749825e-08 2.899470509118748860e-08 2.919160507037500857e-08 2.914664917112498784e-08 2.939558020499999827e-08 2.918235476737501077e-08 2.926720483735416527e-08 2.893811901520832007e-08 2.955558409774999415e-08 2.934464574708332919e-08 2.951179039545832764e-08 2.933516840395833556e-08 2.926870632320416608e-08 2.947744890268750221e-08 2.932213826768750511e-08 2.893433436716665404e-08 2.932380048743749488e-08 2.921368897302084542e-08 2.939894609609999406e-08
2.897501893516113583e-08 2.909725968441411482e-08 2.919332263961734132e-08 2.907349711540348239e-08 2.907403253172916425e-08 2.883351058847448702e-08 2.915296180694982671e-08 2.898677965818409867e-08 2.872778745718282298e-08 2.910823904359693641e-08 2.876028305754548779e-08 2.904294895596343637e-08 2.922652994807440871e-08 2.856342124244812739e-08 2.911092271761904822e-08 2.913880029698979836e-08 2.895031436196174761e-08 2.878779234639326944e-08 2.887526432687498762e-08 2.898704158829208573e-08 2.881436021650713174e-08 2.904497067070876881e-08 2.903612259794301898e-08 2.912594871734948212e-08 2.896522653466157688e-08 2.879180339770705951e-08 2.875492979877977214e-08 2.894744169083162728e-08 2.890422715055994244e-08 2.914936899424998995e-08 2.894010009360247617e-08 2.902253643926912473e-08 2.869762525243196768e-08 2.930612723008673472e-08 2.909960004007992557e-08 2.926290729447789835e-08 2.908984764978529005e-08 2.902383819535968921e-08 2.923041912537370965e-08 2.907660627582057248e-08 2.869648901332397190e-08 2.907846110988223128e-08 2.896901206682822945e-08 2.915254277643282651e-08
2.929901418014051621e-08 2.942769402651581611e-08 2.952417791836827905e-08 2.940152488015671458e-08 2.939910004080416733e-08 2.915296180694982671e-08 2.948303088125104975e-08 2.931146701937942250e-08 2.904576899471858080e-08 2.943677725954481074e-08 2.907726225180043930e-08 2.936871778936628470e-08 2.955760712726786119e-08 2.887562077717785348e-08 2.943811491442649363e-08 2.946767907131534655e-08 2.927498818107267025e-08 2.910794268939289583e-08 2.919688650252748862e-08 2.931105345959734805e-08 2.913468956374008404e-08 2.937234889418068541e-08 2.936346982507239410e-08 2.945430039386650874e-08 2.928872467505872610e-08 2.911189750747250313e-08 2.907170409093838578e-08 2.927307340864387234e-08 2.922660709876997887e-08 2.947846232680417675e-08 2.926286289800013174e-08 2.934722552903554043e-08 2.901547375555926258e-08 2.963999180176433332e-08 2.942583426677316069e-08 2.959555339548499248e-08 2.941770052303745446e-08 2.934954424422320808e-08 2.956022463406622597e-08 2.940438612499366135e-08 2.901259356477257730e-08 2.940517656984475786e-08 2.929339930379622917e-08 2.948184938166356363e-08
2.913074043533120790e-08 2.925679928325382684e-08 2.935255702063648465e-08 2.923129576411352400e-08 2.923093436241666945e-08 2.898677965818409867e-08 2.931146701937942250e-08 2.914355576125510177e-08 2.888059282047576243e-08 2.926632194712542300e-08 2.891327585397967675e-08 2.920043863588817810e-08 2.938626201060713886e-08 2.871347728280697358e-08 2.926816497617559768e-08 2.929719114557779793e-08 2.910655347884905340e-08 2.894208794077465921e-08 2.902988519405416522e-08 2.914240555978062317e-08 2.896855698485595147e-08 2.920249374365561083e-08 2.919377641416047654e-08 2.928396323637160225e-08 2.912141571288263825e-08 2.894566483172067145e-08 2.890704816666368579e-08 2.910430707387754100e-08 2.905937250527465975e-08 2.930763316964583218e-08 2.909546957083589225e-08 2.917917790269005907e-08 2.885080239487287444e-08 2.946701100670322878e-08 2.925671931233843452e-08 2.942322819776232568e-08 2.924751646445748306e-08 2.918039980501880153e-08 2.938904587484566494e-08 2.923406672331081192e-08 2.884775503322237850e-08 2.923584145202040961e-08 2.912548788021599315e-08 2.931079831772159398e-08
2.886918499922363611e-08 2.899025976716410965e-08 2.908581139149234412e-08 2.896679673117432330e-08 2.896742481277082857e-08 2.872778745718282298e-08 2.904576899471858080e-08 2.888059282047576243e-08 2.862416427451614675e-08 2.900152566711777062e-08 2.865586330925799045e-08 2.893665169806760298e-08 2.911869013274106566e-08 2.846004616142728714e-08 2.900470894553572247e-08 2.903158706555230549e-08 2.884467746854505363e-08 2.868318784222660723e-08 2.877011525858125113e-08 2.888161638581292634e-08 2.870989397725505733e-08 2.893838207068793037e-08 2.892907148662843528e-08 2.901991639970365852e-08 2.885915475474489269e-08 2.868657766664455401e-08 2.865063966936310174e-08 2.884150423243580180e-08 2.879893413560160128e-08 2.904277782164581716e-08 2.883470250468578552e-08 2.891669050147746276e-08 2.859393885449447164e-08 2.919818350929507327e-08 2.899288214468410222e-08 2.915477371249871990e-08 2.898330002655611595e-08 2.891766259994719238e-08 2.912299132995706155e-08 2.896997435354974462e-08 2.859216458494897401e-08 2.897168717331971535e-08 2.886316440118240297e-08 2.904543835362448339e-08
2.925402449877933417e-08 2.938196267167219508e-08 2.947824810351658202e-08 2.935578768175425695e-08 2.935394211939583266e-08 2.910823904359693641e-08 2.943677725954481074e-08 2.926632194712542300e-08 2.900152566711777062e-08 2.939149769770663160e-08 2.903317042770628958e-08 2.932359969596811475e-08 2.951210394536309255e-08 2.883180627116793732e-08 2.939280132929762730e-08 2.942195705193875326e-08 2.922977053431207946e-08 2.906336227246385052e-08 2.915227650776250015e-08 2.926577436833588650e-08 2.908995553936993436e-08 2.932650388866920801e-08 2.931813776592065421e-08 2.940883972670109803e-08 2.924392006646938653e-08 2.906717952411734490e-08 2.902745632999107820e-08 2.922780155365645678e-08 2.918199530896385819e-08 2.943277464231249909e-08 2.921758107507313173e-08 2.930230159388562662e-08 2.897142359605016412e-08 2.959356020727041029e-08 2.938042623325042649e-08 2.954960086622150404e-08 2.937184415931589568e-08 2.930381562063316971e-08 2.951474838851318350e-08 2.935885900831929268e-08 2.896812354565220361e-08 2.935957385002253257e-08 2.924853203742772152e-08 2.943624069394693908e-08
2.890154451290603758e-08 2.902205006013163271e-08 2.911743192150323398e-08 2.899838233517593539e-08 2.900060580449583200e-08 2.876028305754548779e-08 2.907726225180043930e-08 2.891327585397967675e-08 2.865586330925799045e-08 2.903317042770628958e-08 2.868986150280421309e-08 2.896937928842006667e-08 2.915034879953571839e-08 2.849346753029736688e-08 2.903606437763213635e-08 2.906365527750153340e-08 2.887638044949115121e-08 2.871559176618996796e-08 2.880269153164082889e-08 2.891361279909056358e-08 2.874210842200849184e-08 2.896974836429887802e-08 2.896097012711396052e-08 2.905086633281632146e-08 2.889212993395910425e-08 2.871900876207413959e-08 2.868352155563513101e-08 2.887320073000858993e-08 2.883105948841496428e-08 2.907398109674582357e-08 2.886717978519191268e-08 2.894929016253774433e-08 2.862694347927687146e-08 2.922962335560781064e-08 2.902512468956717647e-08 2.918644934559081389e-08 2.901526205943741650e-08 2.894946861955813022e-08 2.915472785996997693e-08 2.900127967418316128e-08 2.862458650267849563e-08 2.900372469776454384e-08 2.889563463467160174e-08 2.907711280610132304e-08
2.918777587374276883e-08 2.931441987242134855e-08 2.941052247143069317e-08 2.928859295992346763e-08 2.928801206229166433e-08 2.904294895596343637e-08 2.936871778936628470e-08 2.920043863588817810e-08 2.893665169806760298e-08 2.932359969596811475e-08 2.896937928842006667e-08 2.925841476365731310e-08 2.944429430798511690e-08 2.876886081239371629e-08 2.932554935516369330e-08 2.935446953695620477e-08 2.916364321679931797e-08 2.899865914117134268e-08 2.908630760042708192e-08 2.919960566137074989e-08 2.902464406746398637e-08 2.925994911772490618e-08 2.925128903760097489e-08 2.934114938296344349e-08 2.917814723469685731e-08 2.900220532332524737e-08 2.896281557299405859e-08 2.916176891049618822e-08 2.911599991377550106e-08 2.936538499387499115e-08 2.915185596914200972e-08 2.923664728768366523e-08 2.890680080620109320e-08 2.952524860852848144e-08 2.931418273626318511e-08 2.948140783686690923e-08 2.930452820312628133e-08 2.923769261117391118e-08 2.944686068072109586e-08 2.929135676475255887e-08 2.890312598734351915e-08 2.929283018019854861e-08 2.918282326919685501e-08 2.936841933404677220e-08
2.937273021930951668e-08 2.950402918591369657e-08 2.960081723344938680e-08 2.947729675661309490e-08 2.947425509224998934e-08 2.922652994807440871e-08 2.955760712726786119e-08 2.938626201060713886e-08 2.911869013274106566e-08 2.951210394536309255e-08 2.915034879953571839e-08 2.944429430798511690e-08 2.963588700558333201e-08 2.894698760346726030e-08 2.951327985779166253e-08 2.954300592469642560e-08 2.934963995976785654e-08 2.918131121833036041e-08 2.927083279002083766e-08 2.938453358533035382e-08 2.920745757458125101e-08 2.944739490728868946e-08 2.943961030960714440e-08 2.953012902772023034e-08 2.936381340845238379e-08 2.918574235407142319e-08 2.914421487162499858e-08 2.934870015269940119e-08 2.930059944295535700e-08 2.955433208449999467e-08 2.933623142519940530e-08 2.942224251763690007e-08 2.908808551518452267e-08 2.971639934249702545e-08 2.950096556614880758e-08 2.967242449850892482e-08 2.949171633775297401e-08 2.942403331608631206e-08 2.963633866794642561e-08 2.948067583994345028e-08 2.908438185735714391e-08 2.948030773094939648e-08 2.936865781182738234e-08 2.955715601176190414e-08
2.870283014736861633e-08 2.881941924763646075e-08 2.891447983084695218e-08 2.879708299540305264e-08 2.880059167679166930e-08 2.856342124244812739e-08 2.887562077717785348e-08 2.871347728280697358e-08 2.846004616142728714e-08 2.883180627116793732e-08 2.849346753029736688e-08 2.876886081239371629e-08 2.894698760346726030e-08 2.830103712671258691e-08 2.883504959954762060e-08 2.886212361083758505e-08 2.867734981092219369e-08 2.851875222296981553e-08 2.860447796303541542e-08 2.871521650619600356e-08 2.854535935028452341e-08 2.876934677038350203e-08 2.876014495635429873e-08 2.885000058613562951e-08 2.869225366939795651e-08 2.852185534166198794e-08 2.848835206688690274e-08 2.867283703171598310e-08 2.863340416986564701e-08 2.887226712933332949e-08 2.866866457288265621e-08 2.874997617167431666e-08 2.843120776528528276e-08 2.902595379590135958e-08 2.882485877503613879e-08 2.898324071326615838e-08 2.881442334255994806e-08 2.875018211089387553e-08 2.895275370655782552e-08 2.879994253055739815e-08 2.842990657802126566e-08 2.880346972895705454e-08 2.869641717593962380e-08 2.887598482643979107e-08
2.925641384311606509e-08 2.938358013032440528e-08 2.948009149488989092e-08 2.935761408908927760e-08 2.935622562547916207e-08 2.911092271761904822e-08 2.943811491442649363e-08 2.926816497617559768e-08 2.900470894553572247e-08 2.939280132929762730e-08 2.903606437763213635e-08 2.932554935516369330e-08 2.951327985779166253e-08 2.883504959954762060e-08 2.939604027675000299e-08 2.942329000121428257e-08 2.923185086255356718e-08 2.906565579615773924e-08 2.915490853701875204e-08 2.926831042128273920e-08 2.909256004399999983e-08 2.932861212403273797e-08 2.932001124329851515e-08 2.941046344691071498e-08 2.924597393858630723e-08 2.906990821390178474e-08 2.903049398364583315e-08 2.923019223213988043e-08 2.918366559928273291e-08 2.943480097560416531e-08 2.921973360299405042e-08 2.930412153691071757e-08 2.897388358813690771e-08 2.959459975972024763e-08 2.938240483567559968e-08 2.955042566636012119e-08 2.937373953923809341e-08 2.930616667420059374e-08 2.951649878917261400e-08 2.936108784391368749e-08 2.897079524109226426e-08 2.936122675041071435e-08 2.925071938910714461e-08 2.943766663137321849e-08
2.928443032878529891e-08 2.941290493803231322e-08 2.950923892536776802e-08 2.938692800065305636e-08 2.938514115993751221e-08 2.913880029698979836e-08 2.946767907131534655e-08 2.929719114557779793e-08 2.903158706555230549e-08 2.942195705193875326e-08 2.906365527750153340e-08 2.935446953695620477e-08 2.954300592469642560e-08 2.886212361083758505e-08 2.942329000121428257e-08 2.945318009108758412e-08 2.926047717571386327e-08 2.909373726501147733e-08 2.918275823004791446e-08 2.929617962252933345e-08 2.912030313681785972e-08 2.935712766752933486e-08 2.934881278203346522e-08 2.943941124488563095e-08 2.927469095300212201e-08 2.909753894384948664e-08 2.905765876605357138e-08 2.925814810990348827e-08 2.921198887453230527e-08 2.946343330052083064e-08 2.924806311057015080e-08 2.933295983386182201e-08 2.900163213709778728e-08 2.962464284010969098e-08 2.941141675828614360e-08 2.958083742391198472e-08 2.940284478793495416e-08 2.933446473197304272e-08 2.954551500462031947e-08 2.938945694141156095e-08 2.899814090950042699e-08 2.939063498151955863e-08 2.927910151731462193e-08 2.946714006743562817e-08
2.909444163218961854e-08 2.922045994718368474e-08 2.931591083711352344e-08 2.919529785488646775e-08 2.919445269704168146e-08 2.895031436196174761e-08 2.927498818107267025e-08 2.910655347884905340e-08 2.884467746854505363e-08 2.922977053431207946e-08 2.887638044949115121e-08 2.916364321679931797e-08 2.934963995976785654e-08 2.867734981092219369e-08 2.923185086255356718e-08 2.926047717571386327e-08 2.907123390467176009e-08 2.890547238335034134e-08 2.899365338737708500e-08 2.910699711861521454e-08 2.893226978978570967e-08 2.916634222694855618e-08 2.915727431260411897e-08 2.924889485962839536e-08 2.908435096332567728e-08 2.890932762146682866e-08 2.887101198606547564e-08 2.906793970855995773e-08 2.902300842807950343e-08 2.927139565635416233e-08 2.905886970022661324e-08 2.914296960622661054e-08 2.881479585575212684e-08 2.943053529427593636e-08 2.921985461522406022e-08 2.938706310725850223e-08 2.921059867975084900e-08 2.914464567997287390e-08 2.935265061167516729e-08 2.919792432802252515e-08 2.881137449729846879e-08 2.919951262639625670e-08 2.908920548267985138e-08 2.927455005262422926e-08
2.893035104705568888e-08 2.905257339575808066e-08 2.914821822360757992e-08 2.902821325182994147e-08 2.902876156785417140e-08 2.878779234639326944e-08 2.910794268939289583e-08 2.894208794077465921e-08 2.868318784222660723e-08 2.906336227246385052e-08 2.871559176618996796e-08 2.899865914117134268e-08 2.918131121833036041e-08 2.851875222296981553e-08 2.906565579615773924e-08 2.909373726501147733e-08 2.890547238335034134e-08 2.874390510419558285e-08 2.882994467951875126e-08 2.894213723693962241e-08 2.876992313472113369e-08 2.900022758962712670e-08 2.899124778537971592e-08 2.908078740078911297e-08 2.891998382570365652e-08 2.874658945963945820e-08 2.870993969562797257e-08 2.890266065105399617e-08 2.885981261517474563e-08 2.910445605622916404e-08 2.889553866984566314e-08 2.897814230911649370e-08 2.865367551022236466e-08 2.926140265595450918e-08 2.905466706262882947e-08 2.921779070413945507e-08 2.904507431132227804e-08 2.897894123336513608e-08 2.918512271655611659e-08 2.903107166070705980e-08 2.865110281949489931e-08 2.903341619111947130e-08 2.892450087859948824e-08 2.910768695268911482e-08
2.901859760773957571e-08 2.914215485735001033e-08 2.923801096216249597e-08 2.911804145555000527e-08 2.911766945499165557e-08 2.887526432687498762e-08 2.919688650252748862e-08 2.902988519405416522e-08 2.877011525858125113e-08 2.915227650776250015e-08 2.880269153164082889e-08 2.908630760042708192e-08 2.927083279002083766e-08 2.860447796303541542e-08 2.915490853701875204e-08 2.918275823004791446e-08 2.899365338737708500e-08 2.882994467951875126e-08 2.892013942344000064e-08 2.903106206216666656e-08 2.885673626691895808e-08 2.908770341943749723e-08 2.908016019746915930e-08 2.917087642529166655e-08 2.900900027022708008e-08 2.883449855951458006e-08 2.879714612076874656e-08 2.899138298894999628e-08 2.894702039447916262e-08 2.919354839170000177e-08 2.898309142149375043e-08 2.906597604773749574e-08 2.874134687369999969e-08 2.935118586475625007e-08 2.914270538640624652e-08 2.930746949202707880e-08 2.913382606499791575e-08 2.906660581734083393e-08 2.927472410148333219e-08 2.912129557918541744e-08 2.873884646508125451e-08 2.912183911373125207e-08 2.901247681656875038e-08 2.919644671495124719e-08
2.913189292469556951e-08 2.925562088398129735e-08 2.935172693081886797e-08 2.923087630713945950e-08 2.923048961914582477e-08 2.898704158829208573e-08 2.931105345959734805e-08 2.914240555978062317e-08 2.888161638581292634e-08 2.926577436833588650e-08 2.891361279909056358e-08 2.919960566137074989e-08 2.938453358533035382e-08 2.871521650619600356e-08 2.926831042128273920e-08 2.929617962252933345e-08 2.910699711861521454e-08 2.894213723693962241e-08 2.903106206216666656e-08 2.914538134268366910e-08 2.896906352644821162e-08 2.920222089935034059e-08 2.919328078624192071e-08 2.928448481356292488e-08 2.912015131648341562e-08 2.894621716196981184e-08 2.890887559004464082e-08 2.910429325570280690e-08 2.905974985918961991e-08 2.930788364302083258e-08 2.909568532655696630e-08 2.917944521247363786e-08 2.885251492534141217e-08 2.946638744511521646e-08 2.925605422992643979e-08 2.942208993963648082e-08 2.924697409166156658e-08 2.918107275580441990e-08 2.938857225571981112e-08 2.923415351376062252e-08 2.884950315808418158e-08 2.923503154426827962e-08 2.912557950350425025e-08 2.931077316547958984e-08
2.895700779365238637e-08 2.907929290894820917e-08 2.917451880875090284e-08 2.905447409103243627e-08 2.905585110588958495e-08 2.881436021650713174e-08 2.913468956374008404e-08 2.896855698485595147e-08 2.870989397725505733e-08 2.908995553936993436e-08 2.874210842200849184e-08 2.902464406746398637e-08 2.920745757458125101e-08 2.854535935028452341e-08 2.909256004399999983e-08 2.912030313681785972e-08 2.893226978978570967e-08 2.876992313472113369e-08 2.885673626691895808e-08 2.896906352644821162e-08 2.879719904814833086e-08 2.902712538441279653e-08 2.901740508983532616e-08 2.910805936716756108e-08 2.894660432009642146e-08 2.877319546396993496e-08 2.873703182102083126e-08 2.892896485808631258e-08 2.888632793210237832e-08 2.913112912303749727e-08 2.892215317051755420e-08 2.900455688434672528e-08 2.868036189374404025e-08 2.928815305754613109e-08 2.908077096354345439e-08 2.924428286719493626e-08 2.907179220100802922e-08 2.900619250054303939e-08 2.921145172929910394e-08 2.905780746916398828e-08 2.867767318367261821e-08 2.906001111874880832e-08 2.895096449033392725e-08 2.913403013269005143e-08
2.918995339129973784e-08 2.931780898779380214e-08 2.941356967763137330e-08 2.929144983055613304e-08 2.929016461685416473e-08 2.904497067070876881e-08 2.937234889418068541e-08 2.920249374365561083e-08 2.893838207068793037e-08 2.932650388866920801e-08 2.896974836429887802e-08 2.925994911772490618e-08 2.944739490728868946e-08 2.876934677038350203e-08 2.932861212403273797e-08 2.935712766752933486e-08 2.916634222694855618e-08 2.900022758962712670e-08 2.908770341943749723e-08 2.920222089935034059e-08 2.902712538441279653e-08 2.926441432039201173e-08 2.925455908851275720e-08 2.934493022108375515e-08 2.917978829527508238e-08 2.900392779317814520e-08 2.896473002862797811e-08 2.916480664226530756e-08 2.911828029483545956e-08 2.936873038774999765e-08 2.915428521091113676e-08 2.923837379599447073e-08 2.890802521421640704e-08 2.952939002130272096e-08 2.931611557765560806e-08 2.948442133215731283e-08 2.930721208459906374e-08 2.924133965092942361e-08 2.944936882624064359e-08 2.929496240611479027e-08 2.890467490500084647e-08 2.929584276872661642e-08 2.918506673494175288e-08 2.937101319945875554e-08
2.918176639653209938e-08 2.930969075898180396e-08 2.940566862301623336e-08 2.928345573680042131e-08 2.928177497503333810e-08 2.903612259794301898e-08 2.936346982507239410e-08 2.919377641416047654e-08 2.892907148662843528e-08 2.931813776592065421e-08 2.896097012711396052e-08 2.925128903760097489e-08 2.943961030960714440e-08 2.876014495635429873e-08 2.932001124329851515e-08 2.934881278203346522e-08 2.915727431260411897e-08 2.899124778537971592e-08 2.908016019746915930e-08 2.919328078624192071e-08 2.901740508983532616e-08 2.925455908851275720e-08 2.924704374703915364e-08 2.933613060960969207e-08 2.917155866490735688e-08 2.899530812608048509e-08 2.895568829293243939e-08 2.915628001364897285e-08 2.910950119204846539e-08 2.935999385938750242e-08 2.914509034781772427e-08 2.922970674110314247e-08 2.889980542751335220e-08 2.952084108754579408e-08 2.930761781855421110e-08 2.947633491961381676e-08 2.929870341697326104e-08 2.923159064217748134e-08 2.944166268298673102e-08 2.928681178249026299e-08 2.889607475977980533e-08 2.928718910355225951e-08 2.917666499845735735e-08 2.936290570210677708e-08
2.927133460326530074e-08 2.940025671245578756e-08 2.949541983909650493e-08 2.937458993954931492e-08 2.937260316643750427e-08 2.912594871734948212e-08 2.945430039386650874e-08 2.928396323637160225e-08 2.901991639970365852e-08 2.940883972670109803e-08 2.905086633281632146e-08 2.934114938296344349e-08 2.953012902772023034e-08 2.885000058613562951e-08 2.941046344691071498e-08 2.943941124488563095e-08 2.924889485962839536e-08 2.908078740078911297e-08 2.917087642529166655e-08 2.928448481356292488e-08 2.910805936716756108e-08 2.934493022108375515e-08 2.933613060960969207e-08 2.943061134268282150e-08 2.926217141245322326e-08 2.908498562862371896e-08 2.904623837667559194e-08 2.924599805441496353e-08 2.920039605264328024e-08 2.945086379595833240e-08 2.923627928362329880e-08 2.932083050518579597e-08 2.899012480355697285e-08 2.961211382802423456e-08 2.939790914032993067e-08 2.956797703385289241e-08 2.938865030472278309e-08 2.932228272644303047e-08 2.953259731220705121e-08 2.937754672902890719e-08 2.898633573334481360e-08 2.937856920573639453e-08 2.926694583628655650e-08 2.945356960755781891e-08
2.910837350761137513e-08 2.923435087766199081e-08 2.933003932238179300e-08 2.920935307049319908e-08 2.920905303456250515e-08 2.896522653466157688e-08 2.928872467505872610e-08 2.912141571288263825e-08 2.885915475474489269e-08 2.924392006646938653e-08 2.889212993395910425e-08 2.917814723469685731e-08 2.936381340845238379e-08 2.869225366939795651e-08 2.924597393858630723e-08 2.927469095300212201e-08 2.908435096332567728e-08 2.891998382570365652e-08 2.900900027022708008e-08 2.912015131648341562e-08 2.894660432009642146e-08 2.917978829527508238e-08 2.917155866490735688e-08 2.926217141245322326e-08 2.910033742574064722e-08 2.892413287321641038e-08 2.888566851496428285e-08 2.908242009087883013e-08 2.903727863759948814e-08 2.928502614031249551e-08 2.907347483644132689e-08 2.915685804094132628e-08 2.882957220188222966e-08 2.944400007999234445e-08 2.923431644829931803e-08 2.940028343198723929e-08 2.922508125226955421e-08 2.915763913401776749e-08 2.936654295590391220e-08 2.921238988045578082e-08 2.882679938344812544e-08 2.921357218888477576e-08 2.910338340726148018e-08 2.928784099074906635e-08
2.893409398845493074e-08 2.905672221438945941e-08 2.915262288906419613e-08 2.903217099643579760e-08 2.903281806918749825e-08 2.879180339770705951e-08 2.911189750747250313e-08 2.894566483172067145e-08 2.868657766664455401e-08 2.906717952411734490e-08 2.871900876207413959e-08 2.900220532332524737e-08 2.918574235407142319e-08 2.852185534166198794e-08 2.906990821390178474e-08 2.909753894384948664e-08 2.890932762146682866e-08 2.874658945963945820e-08 2.883449855951458006e-08 2.894621716196981184e-08 2.877319546396993496e-08 2.900392779317814520e-08 2.899530812608048509e-08 2.908498562862371896e-08 2.892413287321641038e-08 2.875200910027806129e-08 2.871346800594940462e-08 2.890746475503741458e-08 2.886312745111861309e-08 2.910864217385416539e-08 2.889890042916241884e-08 2.898153585530824910e-08 2.865624026482993552e-08 2.926531050257100213e-08 2.905865718413732507e-08 2.922231054546556209e-08 2.904870099003613793e-08 2.898310987368256637e-08 2.918935539504888892e-08 2.903569137486394686e-08 2.865526796710161114e-08 2.903690350607015364e-08 2.892812623319558174e-08 2.911111632938622067e-08
2.889661013423215537e-08 2.901609489033630238e-08 2.911127310557142649e-08 2.899261377817857137e-08 2.899470509118748860e-08 2.875492979877977214e-08 2.907170409093838578e-08 2.890704816666368579e-08 2.865063966936310174e-08 2.902745632999107820e-08 2.868352155563513101e-08 2.896281557299405859e-08 2.914421487162499858e-08 2.848835206688690274e-08 2.903049398364583315e-08 2.905765876605357138e-08 2.887101198606547564e-08 2.870993969562797257e-08 2.879714612076874656e-08 2.890887559004464082e-08 2.873703182102083126e-08 2.896473002862797811e-08 2.895568829293243939e-08 2.904623837667559194e-08 2.888566851496428285e-08 2.871346800594940462e-08 2.867928754595832911e-08 2.886714699330059826e-08 2.882615816794047162e-08 2.906854836770833340e-08 2.886195675544643433e-08 2.894374901263392360e-08 2.862186578314880564e-08 2.922433055177380890e-08 2.901900148410119039e-08 2.918091941440773512e-08 2.900934148199701936e-08 2.894465747002202545e-08 2.914904083507440177e-08 2.899586122791071413e-08 2.861980802128868671e-08 2.899835960575892223e-08 2.889006889436011690e-08 2.907173888113809332e-08
2.909162590515518635e-08 2.921894226857482446e-08 2.931513185564115138e-08 2.919336109933802031e-08 2.919160507037500857e-08 2.894744169083162728e-08 2.927307340864387234e-08 2.910430707387754100e-08 2.884150423243580180e-08 2.922780155365645678e-08 2.887320073000858993e-08 2.916176891049618822e-08 2.934870015269940119e-08 2.867283703171598310e-08 2.923019223213988043e-08 2.925814810990348827e-08 2.906793970855995773e-08 2.890266065105399617e-08 2.899138298894999628e-08 2.910429325570280690e-08 2.892896485808631258e-08 2.916480664226530756e-08 2.915628001364897285e-08 2.924599805441496353e-08 2.908242009087883013e-08 2.890746475503741458e-08 2.886714699330059826e-08 2.906814369273043612e-08 2.902007109524149691e-08 2.927028667770833659e-08 2.905619599223044655e-08 2.913984716158460984e-08 2.881116062234269159e-08 2.942919252045578132e-08 2.921786931623171256e-08 2.938431749247491685e-08 2.920851095595790979e-08 2.914205162152814677e-08 2.935042321697491151e-08 2.919713554170747732e-08 2.880874505201743632e-08 2.919664750898936723e-08 2.908675149921215632e-08 2.927139442784829712e-08
2.904795347603486358e-08 2.917127808521641097e-08 2.926683319942006670e-08 2.914626637257993607e-08 2.914664917112498784e-08 2.890422715055994244e-08 2.922660709876997887e-08 2.905937250527465975e-08 2.879893413560160128e-08 2.918199530896385819e-08 2.883105948841496428e-08 2.911599991377550106e-08 2.930059944295535700e-08 2.863340416986564701e-08 2.918366559928273291e-08 2.921198887453230527e-08 2.902300842807950343e-08 2.885981261517474563e-08 2.894702039447916262e-08 2.905974985918961991e-08 2.888632793210237832e-08 2.911828029483545956e-08 2.910950119204846539e-08 2.920039605264328024e-08 2.903727863759948814e-08 2.886312745111861309e-08 2.882615816794047162e-08 2.902007109524149691e-08 2.897777206577890440e-08 2.922296062147916111e-08 2.901263237388732923e-08 2.909608558240815678e-08 2.876949119036819196e-08 2.938151487451700108e-08 2.917238410425382240e-08 2.933777158013945409e-08 2.916278015869727777e-08 2.909704000638179961e-08 2.930449697676444547e-08 2.914950684906122157e-08 2.876705863468239360e-08 2.915162001980696538e-08 2.904224992701615044e-08 2.922658897995577819e-08
2.929529407462499201e-08 2.942383557864582279e-08 2.952079171172916785e-08 2.939779234770833789e-08 2.939558020499999827e-08 2.914936899424998995e-08 2.947846232680417675e-08 2.930763316964583218e-08 2.904277782164581716e-08 2.943277464231249909e-08 2.907398109674582357e-08 2.936538499387499115e-08 2.955433208449999467e-08 2.887226712933332949e-08 2.943480097560416531e-08 2.946343330052083064e-08 2.927139565635416233e-08 2.910445605622916404e-08 2.919354839170000177e-08 2.930788364302083258e-08 2.913112912303749727e-08 2.936873038774999765e-08 2.935999385938750242e-08 2.945086379595833240e-08 2.928502614031249551e-08 2.910864217385416539e-08 2.906854836770833340e-08 2.927028667770833659e-08 2.922296062147916111e-08 2.947577279779166507e-08 2.925908848614583075e-08 2.934396618374999424e-08 2.901224107829166498e-08 2.963594266804166668e-08 2.942215648456250254e-08 2.959129838681249697e-08 2.941330256537499769e-08 2.934630060716250074e-08 2.955609281027083025e-08 2.940135327597916287e-08 2.900909544489583244e-08 2.940106267274999535e-08 2.929002468329166217e-08 2.947767358793333027e-08
2.908351520438437013e-08 2.920734295722067865e-08 2.930301744787032178e-08 2.918260445562967657e-08 2.918235476737501077e-08 2.894010009360247617e-08 2.926286289800013174e-08 2.909546957083589225e-08 2.883470250468578552e-08 2.921758107507313173e-08 2.886717978519191268e-08 2.915185596914200972e-08 2.933623142519940530e-08 2.866866457288265621e-08 2.921973360299405042e-08 2.924806311057015080e-08 2.905886970022661324e-08 2.889553866984566314e-08 2.898309142149375043e-08 2.909568532655696630e-08 2.892215317051755420e-08 2.915428521091113676e-08 2.914509034781772427e-08 2.923627928362329880e-08 2.907347483644132689e-08 2.889890042916241884e-08 2.886195675544643433e-08 2.905619599223044655e-08 2.901263237388732923e-08 2.925908848614583075e-08 2.904972910148043829e-08 2.913137454616793432e-08 2.880523989959268392e-08 2.941727433293495153e-08 2.920825542404421265e-08 2.937319750747490972e-08 2.919907508408290565e-08 2.913272497179481059e-08 2.933973997757907744e-08 2.918557538716581078e-08 2.880314614572575859e-08 2.918780236548936930e-08 2.907730246779549472e-08 2.926169561759412814e-08
2.916733636850934037e-08 2.929264175594981794e-08 2.938837870870365210e-08 2.926730544662966803e-08 2.926720483735416527e-08 2.902253643926912473e-08 2.934722552903554043e-08 2.917917790269005907e-08 2.891669050147746276e-08 2.930230159388562662e-08 2.894929016253774433e-08 2.923664728768366523e-08 2.942224251763690007e-08 2.874997617167431666e-08 2.930412153691071757e-08 2.933295983386182201e-08 2.914296960622661054e-08 2.897814230911649370e-08 2.906597604773749574e-08 2.917944521247363786e-08 2.900455688434672528e-08 2.923837379599447073e-08 2.922970674110314247e-08 2.932083050518579597e-08 2.915685804094132628e-08 2.898153585530824910e-08 2.894374901263392360e-08 2.913984716158460984e-08 2.909608558240815678e-08 2.934396618374999424e-08 2.913137454616793432e-08 2.921638057902210468e-08 2.888733141707185868e-08 2.950347914149745276e-08 2.929274374816921756e-08 2.946001768757907357e-08 2.928303821585374081e-08 2.921709108311981169e-08 2.942553388712074185e-08 2.926990966918664145e-08 2.888362429607992832e-08 2.927187330269770727e-08 2.916209934292048977e-08 2.934764635791912749e-08
2.884023887060331514e-08 2.896079073430569944e-08 2.905537426529209341e-08 2.893661051643708088e-08 2.893811901520832007e-08 2.869762525243196768e-08 2.901547375555926258e-08 2.885080239487287444e-08 2.859393885449447164e-08 2.897142359605016412e-08 2.862694347927687146e-08 2.890680080620109320e-08 2.908808551518452267e-08 2.843120776528528276e-08 2.897388358813690771e-08 2.900163213709778728e-08 2.881479585575212684e-08 2.865367551022236466e-08 2.874134687369999969e-08 2.885251492534141217e-08 2.868036189374404025e-08 2.890802521421640704e-08 2.889980542751335220e-08 2.899012480355697285e-08 2.882957220188222966e-08 2.865624026482993552e-08 2.862186578314880564e-08 2.881116062234269159e-08 2.876949119036819196e-08 2.901224107829166498e-08 2.880523989959268392e-08 2.888733141707185868e-08 2.856683332929082128e-08 2.916831354010629458e-08 2.896208210260204177e-08 2.912441767882992596e-08 2.895342896802465747e-08 2.888743606720501600e-08 2.909254479120492769e-08 2.893972200769515251e-08 2.856265023705144133e-08 2.894190166419983364e-08 2.883381444725723111e-08 2.901551498192780509e-08
2.945434697685627891e-08 2.958595055826700615e-08 2.968223418430102112e-08 2.955863373917814335e-08 2.955558409774999415e-08 2.930612723008673472e-08 2.963999180176433332e-08 2.946701100670322878e-08 2.919818350929507327e-08 2.959356020727041029e-08 2.922962335560781064e-08 2.952524860852848144e-08 2.971639934249702545e-08 2.902595379590135958e-08 2.959459975972024763e-08 2.962464284010969098e-08 2.943053529427593636e-08 2.926140265595450918e-08 2.935118586475625007e-08 2.946638744511521646e-08 2.928815305754613109e-08 2.952939002130272096e-08 2.952084108754579408e-08 2.961211382802423456e-08 2.944400007999234445e-08 2.926531050257100213e-08 2.922433055177380890e-08 2.942919252045578132e-08 2.938151487451700108e-08 2.963594266804166668e-08 2.941727433293495153e-08 2.950347914149745276e-08 2.916831354010629458e-08 2.980019978475510068e-08 2.958200025457823364e-08 2.975497022963349847e-08 2.957372757010501753e-08 2.950593072192287602e-08 2.971810470369600224e-08 2.956155399804336420e-08 2.916382884317346848e-08 2.956180493414625652e-08 2.944969590505484416e-08 2.963932587053256210e-08
2.924406438962286803e-08 2.937035400064965571e-08 2.946742811455314528e-08 2.934544779944685062e-08 2.934464574708332919e-08 2.909960004007992557e-08 2.942583426677316069e-08 2.925671931233843452e-08 2.899288214468410222e-08 2.938042623325042649e-08 2.902512468956717647e-08 2.931418273626318511e-08 2.950096556614880758e-08 2.882485877503613879e-08 2.938240483567559968e-08 2.941141675828614360e-08 2.921985461522406022e-08 2.905466706262882947e-08 2.914270538640624652e-08 2.925605422992643979e-08 2.908077096354345439e-08 2.931611557765560806e-08 2.930761781855421110e-08 2.939790914032993067e-08 2.923431644829931803e-08 2.905865718413732507e-08 2.901900148410119039e-08 2.921786931623171256e-08 2.917238410425382240e-08 2.942215648456250254e-08 2.920825542404421265e-08 2.929274374816921756e-08 2.896208210260204177e-08 2.958200025457823364e-08 2.937144446513009855e-08 2.953843833963732561e-08 2.936146681626998479e-08 2.929405889193962923e-08 2.950408618067899157e-08 2.934813007403996145e-08 2.896002865407653064e-08 2.934956957274958016e-08 2.923887619548681808e-08 2.942545449751742723e-08
2.941050918443408231e-08 2.954163397101446627e-08 2.963780507710587685e-08 2.951449686047746256e-08 2.951179039545832764e-08 2.926290729447789835e-08 2.959555339548499248e-08 2.942322819776232568e-08 2.915477371249871990e-08 2.954960086622150404e-08 2.918644934559081389e-08 2.948140783686690923e-08 2.967242449850892482e-08 2.898324071326615838e-08 2.955042566636012119e-08 2.958083742391198472e-08 2.938706310725850223e-08 2.921779070413945507e-08 2.930746949202707880e-08 2.942208993963648082e-08 2.924428286719493626e-08 2.948442133215731283e-08 2.947633491961381676e-08 2.956797703385289241e-08 2.940028343198723929e-08 2.922231054546556209e-08 2.918091941440773512e-08 2.938431749247491685e-08 2.933777158013945409e-08 2.959129838681249697e-08 2.937319750747490972e-08 2.946001768757907357e-08 2.912441767882992596e-08 2.975497022963349847e-08 2.953843833963732561e-08 2.971196804598638951e-08 2.952936766089029746e-08 2.946156928934506939e-08 2.967448803786139496e-08 2.951678423578061018e-08 2.912020433574744659e-08 2.951794283473681619e-08 2.940580400888308181e-08 2.959589658877789135e-08
