1.945402665870152919e-08 1.966153407134608607e-08 1.969342998348809637e-08 1.960862321021386019e-08 1.955518158499574810e-08 1.938310201014498476e-08 1.965206820542304386e-08 1.948676157151828339e-08 1.935074694596131078e-08 1.960325950356844913e-08 1.933441486632568358e-08 1.957202319838265241e-08 1.965646679463307090e-08 1.918546204445492722e-08 1.958581832473767743e-08 1.963308307011777234e-08 1.950751253264115263e-08 1.935451066411606938e-08 1.944509423471003044e-08 1.948777684539285351e-08 1.934150629475254672e-08 1.953991107780144166e-08 1.956779785221981478e-08 1.957111183406164947e-08 1.946727521534353854e-08 1.936903993911564806e-08 1.933375661940476194e-08 1.949668543916496196e-08 1.945104209639626040e-08 1.964206278889031086e-08 1.945983822530952802e-08 1.953486709167813775e-08 1.929884812546003611e-08 1.970843577224361720e-08 1.958245831676190366e-08 1.967083706765051533e-08 1.963582096671896753e-08 1.949069147545578260e-08 1.963808642357057902e-08 1.958436922796811183e-08 1.932145836618028256e-08 1.959357705908588582e-08 1.951175038613265068e-08 1.961282325430953066e-08
1.966153407134608607e-08 1.988302691860629008e-08 1.991210004742856963e-08 1.982399006589327988e-08 1.976828633582568103e-08 1.958787141171513251e-08 1.986933678363648045e-08 1.969709734018707174e-08 1.955345734526785770e-08 1.981842535509821019e-08 1.953717340706122452e-08 1.978518208500127158e-08 1.987652004218537324e-08 1.938358018463138317e-08 1.980253727486946398e-08 1.985050310859948443e-08 1.971767727922491850e-08 1.955970729438392551e-08 1.965410423244473211e-08 1.969844219239880651e-08 1.954546245647959359e-08 1.975285465469259470e-08 1.978405715428315894e-08 1.978620619577762564e-08 1.967645782606419705e-08 1.957603191684566351e-08 1.953634468763689841e-08 1.971105948913860344e-08 1.966048165541326600e-08 1.985850153089838641e-08 1.966726271635713535e-08 1.974778222034566780e-08 1.949969121781973033e-08 1.993120452142601829e-08 1.979826997542559529e-08 1.989181895067092759e-08 1.985122958372746206e-08 1.970173811983290677e-08 1.985619919772703992e-08 1.980149214885927192e-08 1.952512886937032003e-08 1.980837038575043094e-08 1.972528117189709778e-08 1.982914528827380168e-08
1.969342998348809637e-08 1.991210004742856963e-08 1.994597375458333115e-08 1.985574249895237730e-08 1.979998235350297965e-08 1.961913973398809537e-08 1.990164267111012027e-08 1.972893616352678150e-08 1.958421953525000140e-08 1.984974683639583223e-08 1.956819909262202129e-08 1.981695008598214108e-08 1.990783016102975858e-08 1.941434149211904234e-08 1.983351635597321146e-08 1.988212963546131946e-08 1.974926244222619182e-08 1.959117635658333429e-08 1.968493338010714257e-08 1.973034078591666254e-08 1.957657346591071094e-08 1.978368601436606872e-08 1.981543804082737824e-08 1.981732874346725784e-08 1.970705234283035747e-08 1.960693559561904051e-08 1.956817778818749758e-08 1.974324977683035710e-08 1.969268908875595018e-08 1.989041244240179158e-08 1.969869971304166551e-08 1.977910210749405361e-08 1.953074295300297129e-08 1.996202971351488205e-08 1.982956337606250084e-08 1.992386900387797643e-08 1.988290878356547713e-08 1.973361729815178270e-08 1.988730088052975951e-08 1.983301498955356695e-08 1.955619529873213488e-08 1.984000743409822121e-08 1.975691479591963596e-08 1.986067196297917067e-08
1.960862321021386019e-08 1.982399006589327988e-08 1.985574249895237730e-08 1.976981205098639120e-08 1.971350987295918253e-08 1.953618419030016864e-08 1.981332868131122456e-08 1.964355979475467804e-08 1.950235235347023494e-08 1.976286789906547344e-08 1.948610278799319508e-08 1.973086161250680081e-08 1.981876365760671511e-08 1.933419231638818141e-08 1.974662281999829926e-08 1.979469131173894568e-08 1.966450789279676369e-08 1.950772604981845163e-08 1.960104611581632967e-08 1.964467114336309165e-08 1.949404407909948673e-08 1.969804937715220736e-08 1.972878905398937027e-08 1.973002322611266201e-08 1.962322888706462727e-08 1.952314975730187675e-08 1.948535707197321018e-08 1.965630652051700498e-08 1.960748482107908375e-08 1.980257073707610367e-08 1.961470229232143128e-08 1.969348046480187248e-08 1.944933149494132314e-08 1.987263250160543414e-08 1.974260949963095479e-08 1.983424485064072774e-08 1.979580784072704048e-08 1.964742044408800420e-08 1.979945708741921412e-08 1.974461269923554589e-08 1.947371844684311147e-08 1.975324191237032156e-08 1.967066797302763006e-08 1.977309734288393215e-08
1.955518158499574810e-08 1.976828633582568103e-08 1.979998235350297965e-08 1.971350987295918253e-08 1.966000337583588688e-08 1.948298159635884417e-08 1.975795392320450481e-08 1.958974790115986216e-08 1.945005416774404523e-08 1.970796114186309401e-08 1.943354783035459228e-08 1.967568640112457149e-08 1.976294845104931894e-08 1.928248278647704481e-08 1.969107235901573912e-08 1.973856389821683737e-08 1.961046782926530775e-08 1.945491168658035889e-08 1.954706439974065269e-08 1.959036159406844815e-08 1.944141382304846603e-08 1.964374788281079424e-08 1.967327876944727318e-08 1.967548866646301533e-08 1.956928760911054122e-08 1.947036756367644759e-08 1.943278671100297374e-08 1.960140185498851899e-08 1.955347398927891077e-08 1.974717452704081458e-08 1.956123538425594833e-08 1.963940202061394351e-08 1.939735542821980828e-08 1.981652240167049918e-08 1.968768228853868501e-08 1.977845774419302963e-08 1.974071757426446283e-08 1.959409413634735689e-08 1.974411605969515508e-08 1.968956661289412822e-08 1.942137176236266843e-08 1.969821371479846867e-08 1.961610968002041050e-08 1.971857226419344941e-08
1.938310201014498476e-08 1.958787141171513251e-08 1.961913973398809537e-08 1.953618419030016864e-08 1.948298159635884417e-08 1.931496655500510081e-08 1.957894960894089926e-08 1.941638554849447133e-08 1.928256368552380615e-08 1.953090696500595358e-08 1.926673787735841946e-08 1.950075023791241402e-08 1.958292142095153083e-08 1.911959089589540947e-08 1.951365056026147876e-08 1.956038425993919910e-08 1.943671238956972719e-08 1.928534810578273075e-08 1.937492523171896099e-08 1.941671888824701997e-08 1.927342512415135591e-08 1.946866601627465603e-08 1.949585379707695321e-08 1.949971969454676969e-08 1.939743104760543870e-08 1.930057402203528926e-08 1.926552730267559027e-08 1.942416476832270024e-08 1.938100157158077455e-08 1.956914535965816802e-08 1.938935704033035586e-08 1.946377076836861786e-08 1.923119779355229469e-08 1.963350266085076347e-08 1.951039713205357285e-08 1.959664521995109952e-08 1.956358190797789206e-08 1.942006796884863591e-08 1.956539618365985836e-08 1.951158616660799259e-08 1.925310341512669847e-08 1.952090697229719192e-08 1.943952252076657676e-08 1.953942815278868769e-08
1.965206820542304386e-08 1.986933678363648045e-08 1.990164267111012027e-08 1.981332868131122456e-08 1.975795392320450481e-08 1.957894960894089926e-08 1.985988008534949016e-08 1.968797730121854132e-08 1.954448227771725917e-08 1.980824420172618649e-08 1.952846590394727860e-08 1.977511970011521981e-08 1.986527443317601836e-08 1.937535918918027424e-08 1.979103714238265530e-08 1.983985579304974196e-08 1.970777595737286998e-08 1.955050205036904672e-08 1.964444429903486693e-08 1.968875383711606665e-08 1.953620091407312805e-08 1.974250764410671489e-08 1.977348813055824835e-08 1.977480588494089841e-08 1.966659828191751683e-08 1.956673281062075088e-08 1.952803561890178771e-08 1.970089914634013174e-08 1.965199617366496977e-08 1.984824952473043904e-08 1.965845380099107368e-08 1.973796505570408272e-08 1.949171445082653135e-08 1.991921607831716982e-08 1.978837164480654496e-08 1.988056693804379039e-08 1.984097149876998041e-08 1.969224064646853769e-08 1.984527172486351954e-08 1.979020078419004899e-08 1.951637180298724392e-08 1.979765619934395901e-08 1.971496883428188986e-08 1.981868155949106759e-08
1.948676157151828339e-08 1.969709734018707174e-08 1.972893616352678150e-08 1.964355979475467804e-08 1.958974790115986216e-08 1.941638554849447133e-08 1.968797730121854132e-08 1.952243525050424763e-08 1.938388106440476078e-08 1.963846534924701964e-08 1.936752757065858688e-08 1.960713866929974182e-08 1.969254403068793414e-08 1.921779440210289271e-08 1.962120065472195001e-08 1.966847268475509899e-08 1.954175833689668365e-08 1.938801130480654795e-08 1.947921878724021844e-08 1.952201821763690701e-08 1.937444686287074469e-08 1.957470493678230828e-08 1.960386586525170748e-08 1.960632242793197738e-08 1.950185354377465227e-08 1.940362820712670048e-08 1.936715156433928360e-08 1.953170259923894119e-08 1.948620292684651082e-08 1.967731113497448969e-08 1.949321701074106030e-08 1.957038970377252860e-08 1.933133189409438151e-08 1.974523164505229296e-08 1.961813060866071268e-08 1.970762267710332369e-08 1.967134666693367431e-08 1.952551721140008465e-08 1.967423826937542077e-08 1.961952233988647502e-08 1.935471517590093539e-08 1.962823667143324126e-08 1.954615287146641062e-08 1.964807770826190471e-08
1.935074694596131078e-08 1.955345734526785770e-08 1.958421953525000140e-08 1.950235235347023494e-08 1.945005416774404523e-08 1.928256368552380615e-08 1.954448227771725917e-08 1.938388106440476078e-08 1.925299283458333427e-08 1.949740837520833194e-08 1.923578343158928456e-08 1.946778143393155007e-08 1.954833227810713890e-08 1.908962324651190580e-08 1.947981647632440256e-08 1.952593561801487698e-08 1.940477456096428645e-08 1.925358582725000469e-08 1.934333025368155272e-08 1.938380572625000036e-08 1.924198474917857536e-08 1.943540219149702418e-08 1.946207319278273931e-08 1.946532992437797239e-08 1.936593961271427897e-08 1.926834325967857428e-08 1.923463656410416626e-08 1.939009165950594357e-08 1.934834669538392714e-08 1.953508600848809749e-08 1.935767325237499727e-08 1.943093360657440414e-08 1.920047053949404867e-08 1.959887845492857450e-08 1.947645667620834021e-08 1.956103186630655220e-08 1.952979633230654775e-08 1.938715267809225799e-08 1.953098991516963853e-08 1.947672192418452639e-08 1.922207360184821131e-08 1.948738941726190557e-08 1.940626594782738012e-08 1.950573438120832671e-08
1.960325950356844913e-08 1.981842535509821019e-08 1.984974683639583223e-08 1.976286789906547344e-08 1.970796114186309401e-08 1.953090696500595358e-08 1.980824420172618649e-08 1.963846534924701964e-08 1.949740837520833194e-08 1.975879142629166590e-08 1.948144720372023602e-08 1.972527338675892693e-08 1.981347606308928336e-08 1.932964521235713977e-08 1.974026114112797486e-08 1.978859605971726503e-08 1.965844093457440226e-08 1.950264373689582535e-08 1.959569536488392422e-08 1.963903883387499210e-08 1.948844841177381375e-08 1.969305770661904624e-08 1.972290117546130887e-08 1.972500711113095282e-08 1.961828237576190214e-08 1.951863296973214758e-08 1.948106041954166909e-08 1.965024398457440072e-08 1.960245575070536466e-08 1.979750593183034936e-08 1.960979941135417273e-08 1.968829095827380785e-08 1.944464161425892747e-08 1.986712616189880270e-08 1.973756255014583837e-08 1.982874247540475796e-08 1.979067617263392820e-08 1.964310183662202067e-08 1.979434440669343868e-08 1.973891530732738100e-08 1.946930524617559598e-08 1.974767621475297656e-08 1.966487816873809373e-08 1.976810895329166554e-08
1.933441486632568358e-08 1.953717340706122452e-08 1.956819909262202129e-08 1.948610278799319508e-08 1.943354783035459228e-08 1.926673787735841946e-08 1.952846590394727860e-08 1.936752757065858688e-08 1.923578343158928456e-08 1.948144720372023602e-08 1.922097680882993110e-08 1.945164276562840194e-08 1.953168318123045537e-08 1.907442907682950512e-08 1.946342944291581585e-08 1.950998063607780446e-08 1.938792377408588079e-08 1.923795192941964083e-08 1.932692032326233154e-08 1.936786921882737499e-08 1.922645495009141488e-08 1.941905438976361429e-08 1.944551084029676904e-08 1.944954292556675678e-08 1.934946417174064408e-08 1.925332944948426319e-08 1.921856878253869349e-08 1.937420074175849411e-08 1.933277594128953902e-08 1.951910990152763508e-08 1.934081407676487668e-08 1.941473482210926753e-08 1.918432976492899208e-08 1.958111633686522053e-08 1.946022543477381196e-08 1.954491316176827733e-08 1.951361525961351542e-08 1.937127680815858572e-08 1.951454229285544027e-08 1.946093524409693283e-08 1.920613393793197972e-08 1.947076220615390587e-08 1.939007805444090059e-08 1.948924949428570577e-08
1.957202319838265241e-08 1.978518208500127158e-08 1.981695008598214108e-08 1.973086161250680081e-08 1.967568640112457149e-08 1.950075023791241402e-08 1.977511970011521981e-08 1.960713866929974182e-08 1.946778143393155007e-08 1.972527338675892693e-08 1.945164276562840194e-08 1.969479197082993085e-08 1.978079933251955770e-08 1.930070979344132336e-08 1.970825259406334259e-08 1.975638148794302453e-08 1.962784319558077942e-08 1.947171263237202260e-08 1.956486258971683742e-08 1.960819813246428263e-08 1.945869893109609229e-08 1.966052803906972052e-08 1.969034228316155863e-08 1.969283552737074660e-08 1.958722620763435885e-08 1.948797177568240189e-08 1.945083254250297954e-08 1.961797242372066321e-08 1.957156045860629596e-08 1.976435508120152966e-08 1.957788901340178113e-08 1.965630202876572967e-08 1.941487182207100612e-08 1.983308266763477964e-08 1.970476616643452118e-08 1.979462792496089471e-08 1.975818427892814448e-08 1.961136002415391045e-08 1.976108777031123275e-08 1.970638852621556152e-08 1.943843258229719736e-08 1.971512218338775567e-08 1.963275443664242921e-08 1.973444789104761487e-08
1.965646679463307090e-08 1.987652004218537324e-08 1.990783016102975858e-08 1.981876365760671511e-08 1.976294845104931894e-08 1.958292142095153083e-08 1.986527443317601836e-08 1.969254403068793414e-08 1.954833227810713890e-08 1.981347606308928336e-08 1.953168318123045537e-08 1.978079933251955770e-08 1.987333830589795889e-08 1.937818682834778717e-08 1.979750169660969568e-08 1.984578885294217641e-08 1.971268308100424966e-08 1.955389028847023785e-08 1.964895184897193840e-08 1.969365581562202418e-08 1.953958245904124127e-08 1.974785659247406246e-08 1.977933694105017246e-08 1.978028795584736365e-08 1.967148249762329623e-08 1.957097752494600517e-08 1.953127183432142623e-08 1.970679767300722627e-08 1.965594901046173478e-08 1.985376054974744777e-08 1.966261600193452279e-08 1.974277176352933569e-08 1.949439870970110351e-08 1.992643955194897935e-08 1.979407270024107363e-08 1.988701652659991328e-08 1.984668094931419681e-08 1.969700715981292211e-08 1.985134831262712420e-08 1.979649519478656159e-08 1.951937883796301011e-08 1.980326799518707420e-08 1.972021674258205537e-08 1.982409667201785507e-08
1.918546204445492722e-08 1.938358018463138317e-08 1.941434149211904234e-08 1.933419231638818141e-08 1.928248278647704481e-08 1.911959089589540947e-08 1.937535918918027424e-08 1.921779440210289271e-08 1.908962324651190580e-08 1.932964521235713977e-08 1.907442907682950512e-08 1.930070979344132336e-08 1.937818682834778717e-08 1.893090655820663263e-08 1.931119873052508432e-08 1.935739698336097086e-08 1.923848889359141022e-08 1.909047848683928800e-08 1.917807137177168173e-08 1.921755980627975907e-08 1.907976824895960782e-08 1.926843176764030357e-08 1.929391165566198814e-08 1.929825781087457421e-08 1.920048039163010430e-08 1.910582427876615562e-08 1.907213539409821568e-08 1.922275278604081440e-08 1.918341085207312958e-08 1.936647423798681888e-08 1.919229038498809529e-08 1.926423197137032690e-08 1.903869554327168379e-08 1.942649733271556175e-08 1.930815768115178536e-08 1.939078845165859072e-08 1.936149131353656247e-08 1.922123707899872301e-08 1.936204962763945686e-08 1.930834080772363620e-08 1.905981402365263425e-08 1.931904760141794086e-08 1.923890477356632238e-08 1.933649911232142814e-08
1.958581832473767743e-08 1.980253727486946398e-08 1.983351635597321146e-08 1.974662281999829926e-08 1.969107235901573912e-08 1.951365056026147876e-08 1.979103714238265530e-08 1.962120065472195001e-08 1.947981647632440256e-08 1.974026114112797486e-08 1.946342944291581585e-08 1.970825259406334259e-08 1.979750169660969568e-08 1.931119873052508432e-08 1.972581550401020453e-08 1.977232410727466211e-08 1.964161443092772157e-08 1.948493952838095163e-08 1.957815376003954095e-08 1.962238163396725980e-08 1.947137133281972788e-08 1.967575771492006597e-08 1.970700597839710724e-08 1.970832525840731367e-08 1.960109544871641035e-08 1.950088140262627426e-08 1.946223780655654674e-08 1.963413666189795785e-08 1.958462640523384275e-08 1.978037734168919673e-08 1.959175971034226121e-08 1.967050393183460862e-08 1.942570025331037610e-08 1.985132095722151086e-08 1.972074504681845226e-08 1.981278683067644466e-08 1.977358666649192042e-08 1.962555584590943773e-08 1.977710479235969267e-08 1.972306829489923137e-08 1.945089692831632647e-08 1.973066056484055651e-08 1.964815405389668106e-08 1.975068743255059497e-08
1.963308307011777234e-08 1.985050310859948443e-08 1.988212963546131946e-08 1.979469131173894568e-08 1.973856389821683737e-08 1.956038425993919910e-08 1.983985579304974196e-08 1.966847268475509899e-08 1.952593561801487698e-08 1.978859605971726503e-08 1.950998063607780446e-08 1.975638148794302453e-08 1.984578885294217641e-08 1.935739698336097086e-08 1.977232410727466211e-08 1.982132026422278792e-08 1.968919584936352311e-08 1.953144218860118977e-08 1.962551205114242971e-08 1.966942734050595052e-08 1.951792275784906472e-08 1.972298109754294230e-08 1.975437915120620502e-08 1.975588104950169745e-08 1.964763226827125610e-08 1.954778997506037546e-08 1.950914040741964262e-08 1.968143586627423276e-08 1.963247960374915052e-08 1.982851019201105436e-08 1.963908323454761990e-08 1.971855794564370289e-08 1.947295809243409652e-08 1.989906495084608507e-08 1.976848400247619246e-08 1.986064042711564502e-08 1.982144489860373946e-08 1.967271242060926569e-08 1.982570934754633826e-08 1.977108051820960662e-08 1.949769517934779065e-08 1.977828517476572887e-08 1.969606525317219292e-08 1.979850475242261772e-08
1.950751253264115263e-08 1.971767727922491850e-08 1.974926244222619182e-08 1.966450789279676369e-08 1.961046782926530775e-08 1.943671238956972719e-08 1.970777595737286998e-08 1.954175833689668365e-08 1.940477456096428645e-08 1.965844093457440226e-08 1.938792377408588079e-08 1.962784319558077942e-08 1.971268308100424966e-08 1.923848889359141022e-08 1.964161443092772157e-08 1.968919584936352311e-08 1.956364000425850454e-08 1.940798599266964418e-08 1.950006055156887494e-08 1.954242467476488204e-08 1.939536959268664937e-08 1.959476845246896298e-08 1.962415388801700371e-08 1.962611555046555987e-08 1.952205641991326399e-08 1.942326531147533914e-08 1.938729361605952410e-08 1.955239245111861836e-08 1.950577665134013702e-08 1.969724723536989922e-08 1.951390034074404324e-08 1.959074647951700307e-08 1.935192935779804669e-08 1.976510692377295703e-08 1.963813352566963929e-08 1.972679068657483187e-08 1.969144549381590063e-08 1.954511803952168568e-08 1.969405176565008512e-08 1.963972110611479498e-08 1.937521717175935529e-08 1.964888379668664746e-08 1.956724709201827963e-08 1.966854302474404481e-08
1.935451066411606938e-08 1.955970729438392551e-08 1.959117635658333429e-08 1.950772604981845163e-08 1.945491168658035889e-08 1.928534810578273075e-08 1.955050205036904672e-08 1.938801130480654795e-08 1.925358582725000469e-08 1.950264373689582535e-08 1.923795192941964083e-08 1.947171263237202260e-08 1.955389028847023785e-08 1.909047848683928800e-08 1.948493952838095163e-08 1.953144218860118977e-08 1.940798599266964418e-08 1.925768678508333179e-08 1.934627401774702238e-08 1.938826139352083182e-08 1.924430709363095455e-08 1.943989289584226067e-08 1.946722216856845317e-08 1.947105091649107053e-08 1.936876217479464196e-08 1.927158283748512029e-08 1.923680539189583325e-08 1.939596812035714172e-08 1.935263455647321748e-08 1.954085143178571043e-08 1.936047721356249557e-08 1.943529355561011603e-08 1.920223209703869178e-08 1.960555465594345299e-08 1.948166318222916326e-08 1.956873358133035740e-08 1.953496362018452468e-08 1.939124543988987865e-08 1.953683858861607208e-08 1.948286948615475968e-08 1.922434179528869064e-08 1.949285907671428772e-08 1.941118916055952051e-08 1.951134535008333204e-08
1.944509423471003044e-08 1.965410423244473211e-08 1.968493338010714257e-08 1.960104611581632967e-08 1.954706439974065269e-08 1.937492523171896099e-08 1.964444429903486693e-08 1.947921878724021844e-08 1.934333025368155272e-08 1.959569536488392422e-08 1.932692032326233154e-08 1.956486258971683742e-08 1.964895184897193840e-08 1.917807137177168173e-08 1.957815376003954095e-08 1.962551205114242971e-08 1.950006055156887494e-08 1.934627401774702238e-08 1.943848934322873729e-08 1.948004730000595231e-08 1.933381293711394753e-08 1.953252788517984535e-08 1.956073581613775517e-08 1.956287071080229524e-08 1.946006589203911424e-08 1.936166542711692020e-08 1.932578864387797683e-08 1.948878219193792393e-08 1.944392637383843614e-08 1.963442694935033757e-08 1.945196010617262019e-08 1.952783533270025287e-08 1.929106531002040618e-08 1.970111703702763477e-08 1.957526953993452285e-08 1.966267442849362343e-08 1.962824368081504990e-08 1.948297909109438305e-08 1.963053878307610713e-08 1.957608809322151232e-08 1.931393801926743548e-08 1.958562072930144450e-08 1.950380614823766596e-08 1.960480831975595092e-08
1.948777684539285351e-08 1.969844219239880651e-08 1.973034078591666254e-08 1.964467114336309165e-08 1.959036159406844815e-08 1.941671888824701997e-08 1.968875383711606665e-08 1.952201821763690701e-08 1.938380572625000036e-08 1.963903883387499210e-08 1.936786921882737499e-08 1.960819813246428263e-08 1.969365581562202418e-08 1.921755980627975907e-08 1.962238163396725980e-08 1.966942734050595052e-08 1.954242467476488204e-08 1.938826139352083182e-08 1.948004730000595231e-08 1.952413055112499980e-08 1.937527904021725938e-08 1.957528938721130915e-08 1.960438844746726259e-08 1.960722717095535714e-08 1.950216814434820710e-08 1.940332327861309365e-08 1.936664003902083095e-08 1.953310265863988238e-08 1.948642537013690040e-08 1.967839163926190114e-08 1.949364336664582897e-08 1.957050362740475932e-08 1.933152414725594778e-08 1.974634479525892597e-08 1.961913809233333062e-08 1.970811338727678421e-08 1.967227646908928243e-08 1.952605371019940614e-08 1.967451049760118975e-08 1.962083550298214126e-08 1.935442998698512094e-08 1.962964642361309236e-08 1.954716833746428246e-08 1.964862637699999770e-08
1.934150629475254672e-08 1.954546245647959359e-08 1.957657346591071094e-08 1.949404407909948673e-08 1.944141382304846603e-08 1.927342512415135591e-08 1.953620091407312805e-08 1.937444686287074469e-08 1.924198474917857536e-08 1.948844841177381375e-08 1.922645495009141488e-08 1.945869893109609229e-08 1.953958245904124127e-08 1.907976824895960782e-08 1.947137133281972788e-08 1.951792275784906472e-08 1.939536959268664937e-08 1.924430709363095455e-08 1.933381293711394753e-08 1.937527904021725938e-08 1.923404445683758131e-08 1.942692655148851624e-08 1.945348944631079786e-08 1.945762480579719352e-08 1.935597343728783910e-08 1.925964470041496605e-08 1.922450225859821432e-08 1.938234214521938591e-08 1.933947975494515559e-08 1.952674903525467542e-08 1.934766078792559498e-08 1.942245166343579809e-08 1.919042067065561082e-08 1.958995818065603922e-08 1.946812238523511591e-08 1.955363237685501617e-08 1.952090739496215921e-08 1.937841148839157925e-08 1.952276575772874166e-08 1.946924646765518465e-08 1.921277121353656711e-08 1.947876183577508050e-08 1.939795431005441977e-08 1.949708960548809315e-08
1.953991107780144166e-08 1.975285465469259470e-08 1.978368601436606872e-08 1.969804937715220736e-08 1.964374788281079424e-08 1.946866601627465603e-08 1.974250764410671489e-08 1.957470493678230828e-08 1.943540219149702418e-08 1.969305770661904624e-08 1.941905438976361429e-08 1.966052803906972052e-08 1.974785659247406246e-08 1.926843176764030357e-08 1.967575771492006597e-08 1.972298109754294230e-08 1.959476845246896298e-08 1.943989289584226067e-08 1.953252788517984535e-08 1.957528938721130915e-08 1.942692655148851624e-08 1.962973156694557641e-08 1.965811205627125647e-08 1.966036995839965846e-08 1.955476335422491621e-08 1.945564618014625780e-08 1.941844091182440011e-08 1.958621844379931696e-08 1.953861227202933852e-08 1.973229151657695380e-08 1.954644504448214172e-08 1.962417220825042800e-08 1.938284413886734807e-08 1.980129396303911600e-08 1.967293740940476242e-08 1.976296985159353450e-08 1.972548499244175166e-08 1.957897249530314506e-08 1.972905179976572671e-08 1.967410614394557519e-08 1.940691741137627434e-08 1.968306930396768651e-08 1.960041979773639209e-08 1.970298090489880513e-08
1.956779785221981478e-08 1.978405715428315894e-08 1.981543804082737824e-08 1.972878905398937027e-08 1.967327876944727318e-08 1.949585379707695321e-08 1.977348813055824835e-08 1.960386586525170748e-08 1.946207319278273931e-08 1.972290117546130887e-08 1.944551084029676904e-08 1.969034228316155863e-08 1.977933694105017246e-08 1.929391165566198814e-08 1.970700597839710724e-08 1.975437915120620502e-08 1.962415388801700371e-08 1.946722216856845317e-08 1.956073581613775517e-08 1.960438844746726259e-08 1.945348944631079786e-08 1.965811205627125647e-08 1.969010905236734672e-08 1.969032998070195466e-08 1.958311385445152685e-08 1.948367521732568173e-08 1.944490546168154740e-08 1.961693652698724477e-08 1.956726361432610359e-08 1.976256586169812827e-08 1.957475893213392779e-08 1.965352876440901279e-08 1.940829145461692041e-08 1.983389197565008523e-08 1.970336177277678525e-08 1.979506155460799341e-08 1.975599921888180180e-08 1.960798849689753066e-08 1.975964383523766764e-08 1.970507165927125597e-08 1.943359104639370761e-08 1.971302146689413198e-08 1.963039069334906575e-08 1.973341944717559274e-08
1.957111183406164947e-08 1.978620619577762564e-08 1.981732874346725784e-08 1.973002322611266201e-08 1.967548866646301533e-08 1.949971969454676969e-08 1.977480588494089841e-08 1.960632242793197738e-08 1.946532992437797239e-08 1.972500711113095282e-08 1.944954292556675678e-08 1.969283552737074660e-08 1.978028795584736365e-08 1.929825781087457421e-08 1.970832525840731367e-08 1.975588104950169745e-08 1.962611555046555987e-08 1.947105091649107053e-08 1.956287071080229524e-08 1.960722717095535714e-08 1.945762480579719352e-08 1.966036995839965846e-08 1.969032998070195466e-08 1.969454541850509837e-08 1.958583720681377311e-08 1.948697331084778633e-08 1.944901941477976264e-08 1.961761929519770381e-08 1.957006238122661578e-08 1.976429908888732995e-08 1.957647265991369216e-08 1.965548389405612170e-08 1.941271071546896099e-08 1.983409536312159972e-08 1.970434312455357019e-08 1.979643711536777113e-08 1.975788295081122484e-08 1.961111905947363515e-08 1.976172517561819661e-08 1.970730624554549168e-08 1.943735532918919844e-08 1.971500647306802357e-08 1.963212757512074414e-08 1.973443248199701991e-08
1.946727521534353854e-08 1.967645782606419705e-08 1.970705234283035747e-08 1.962322888706462727e-08 1.956928760911054122e-08 1.939743104760543870e-08 1.966659828191751683e-08 1.950185354377465227e-08 1.936593961271427897e-08 1.961828237576190214e-08 1.934946417174064408e-08 1.958722620763435885e-08 1.967148249762329623e-08 1.920048039163010430e-08 1.960109544871641035e-08 1.964763226827125610e-08 1.952205641991326399e-08 1.936876217479464196e-08 1.946006589203911424e-08 1.950216814434820710e-08 1.935597343728783910e-08 1.955476335422491621e-08 1.958311385445152685e-08 1.958583720681377311e-08 1.948339205281802557e-08 1.938431513765986198e-08 1.934832006253869081e-08 1.951078444552338133e-08 1.946585064621811033e-08 1.965660192528954085e-08 1.947387798476488196e-08 1.955000223913903046e-08 1.931292735797661328e-08 1.972343819687414870e-08 1.959754696569047293e-08 1.968559730835756894e-08 1.965091033251530316e-08 1.950575609008715963e-08 1.965290362149829812e-08 1.959811813551658195e-08 1.933622927429209067e-08 1.960784049828783843e-08 1.952595258442602249e-08 1.962714366476488074e-08
1.936903993911564806e-08 1.957603191684566351e-08 1.960693559561904051e-08 1.952314975730187675e-08 1.947036756367644759e-08 1.930057402203528926e-08 1.956673281062075088e-08 1.940362820712670048e-08 1.926834325967857428e-08 1.951863296973214758e-08 1.925332944948426319e-08 1.948797177568240189e-08 1.957097752494600517e-08 1.910582427876615562e-08 1.950088140262627426e-08 1.954778997506037546e-08 1.942326531147533914e-08 1.927158283748512029e-08 1.936166542711692020e-08 1.940332327861309365e-08 1.925964470041496605e-08 1.945564618014625780e-08 1.948367521732568173e-08 1.948697331084778633e-08 1.938431513765986198e-08 1.928886135974234418e-08 1.925156124413987787e-08 1.941193940700807855e-08 1.936824908786777185e-08 1.955657728388562528e-08 1.937581369144642581e-08 1.945164617501318066e-08 1.921646723622108910e-08 1.962139969610841714e-08 1.949787719048512094e-08 1.958516107783716100e-08 1.955110185238180144e-08 1.940766379429336650e-08 1.955335448923767081e-08 1.949914847231292565e-08 1.923955747743537163e-08 1.950762160412330033e-08 1.942653751841156374e-08 1.952734065196726081e-08
1.933375661940476194e-08 1.953634468763689841e-08 1.956817778818749758e-08 1.948535707197321018e-08 1.943278671100297374e-08 1.926552730267559027e-08 1.952803561890178771e-08 1.936715156433928360e-08 1.923463656410416626e-08 1.948106041954166909e-08 1.921856878253869349e-08 1.945083254250297954e-08 1.953127183432142623e-08 1.907213539409821568e-08 1.946223780655654674e-08 1.950914040741964262e-08 1.938729361605952410e-08 1.923680539189583325e-08 1.932578864387797683e-08 1.936664003902083095e-08 1.922450225859821432e-08 1.941844091182440011e-08 1.944490546168154740e-08 1.944901941477976264e-08 1.934832006253869081e-08 1.925156124413987787e-08 1.921858295254166478e-08 1.937353020191368675e-08 1.933183200271428404e-08 1.951854044104761700e-08 1.934013753931249873e-08 1.941385550616071507e-08 1.918302545025297445e-08 1.958166504111904436e-08 1.945954085531249826e-08 1.954524908583631109e-08 1.951306848925297278e-08 1.937037307123511735e-08 1.951443702882142653e-08 1.946049174530357021e-08 1.920522032112797426e-08 1.947032434032738167e-08 1.938932610781547589e-08 1.948966092227083603e-08
1.949668543916496196e-08 1.971105948913860344e-08 1.974324977683035710e-08 1.965630652051700498e-08 1.960140185498851899e-08 1.942416476832270024e-08 1.970089914634013174e-08 1.953170259923894119e-08 1.939009165950594357e-08 1.965024398457440072e-08 1.937420074175849411e-08 1.961797242372066321e-08 1.970679767300722627e-08 1.922275278604081440e-08 1.963413666189795785e-08 1.968143586627423276e-08 1.955239245111861836e-08 1.939596812035714172e-08 1.948878219193792393e-08 1.953310265863988238e-08 1.938234214521938591e-08 1.958621844379931696e-08 1.961693652698724477e-08 1.961761929519770381e-08 1.951078444552338133e-08 1.941193940700807855e-08 1.937353020191368675e-08 1.954656817943707176e-08 1.949508791449489773e-08 1.969004372721215633e-08 1.950293800322321788e-08 1.958142385648724541e-08 1.933720721733375461e-08 1.976063773755569657e-08 1.963091284225297222e-08 1.972257022844387521e-08 1.968363707593494815e-08 1.953554084690561039e-08 1.968675728392389030e-08 1.963320928521598626e-08 1.936181557052423518e-08 1.964101761151105133e-08 1.955882666917899162e-08 1.966167128120238055e-08
1.945104209639626040e-08 1.966048165541326600e-08 1.969268908875595018e-08 1.960748482107908375e-08 1.955347398927891077e-08 1.938100157158077455e-08 1.965199617366496977e-08 1.948620292684651082e-08 1.934834669538392714e-08 1.960245575070536466e-08 1.933277594128953902e-08 1.957156045860629596e-08 1.965594901046173478e-08 1.918341085207312958e-08 1.958462640523384275e-08 1.963247960374915052e-08 1.950577665134013702e-08 1.935263455647321748e-08 1.944392637383843614e-08 1.948642537013690040e-08 1.933947975494515559e-08 1.953861227202933852e-08 1.956726361432610359e-08 1.957006238122661578e-08 1.946585064621811033e-08 1.936824908786777185e-08 1.933183200271428404e-08 1.949508791449489773e-08 1.945142665373044340e-08 1.964131324158758152e-08 1.945737960422023779e-08 1.953435389436777360e-08 1.929654869315093534e-08 1.970796052525169908e-08 1.958203410411904731e-08 1.967039902349319490e-08 1.963475494924021866e-08 1.948982558101317926e-08 1.963790080931590165e-08 1.958307959538350132e-08 1.931959027083248371e-08 1.959202623340348485e-08 1.951003623352295575e-08 1.961127873534523952e-08
1.964206278889031086e-08 1.985850153089838641e-08 1.989041244240179158e-08 1.980257073707610367e-08 1.974717452704081458e-08 1.956914535965816802e-08 1.984824952473043904e-08 1.967731113497448969e-08 1.953508600848809749e-08 1.979750593183034936e-08 1.951910990152763508e-08 1.976435508120152966e-08 1.985376054974744777e-08 1.936647423798681888e-08 1.978037734168919673e-08 1.982851019201105436e-08 1.969724723536989922e-08 1.954085143178571043e-08 1.963442694935033757e-08 1.967839163926190114e-08 1.952674903525467542e-08 1.973229151657695380e-08 1.976256586169812827e-08 1.976429908888732995e-08 1.965660192528954085e-08 1.955657728388562528e-08 1.951854044104761700e-08 1.969004372721215633e-08 1.964131324158758152e-08 1.983776203652805656e-08 1.964830200822023502e-08 1.972720958478146082e-08 1.948203113553783343e-08 1.990777223006122130e-08 1.977727874716071019e-08 1.986920358877593613e-08 1.983016816462712350e-08 1.968189292770365623e-08 1.983397713295577733e-08 1.977916637959779010e-08 1.950686982724021770e-08 1.978725719760884223e-08 1.970422842553486265e-08 1.980756111465773820e-08
1.945983822530952802e-08 1.966726271635713535e-08 1.969869971304166551e-08 1.961470229232143128e-08 1.956123538425594833e-08 1.938935704033035586e-08 1.965845380099107368e-08 1.949321701074106030e-08 1.935767325237499727e-08 1.960979941135417273e-08 1.934081407676487668e-08 1.957788901340178113e-08 1.966261600193452279e-08 1.919229038498809529e-08 1.959175971034226121e-08 1.963908323454761990e-08 1.951390034074404324e-08 1.936047721356249557e-08 1.945196010617262019e-08 1.949364336664582897e-08 1.934766078792559498e-08 1.954644504448214172e-08 1.957475893213392779e-08 1.957647265991369216e-08 1.947387798476488196e-08 1.937581369144642581e-08 1.934013753931249873e-08 1.950293800322321788e-08 1.945737960422023779e-08 1.964830200822023502e-08 1.946747360437499496e-08 1.954174390544642845e-08 1.930543413065178067e-08 1.971496768557142850e-08 1.958923273991666651e-08 1.967645855981845195e-08 1.964219734388095194e-08 1.949684124701190169e-08 1.964453836189285457e-08 1.959024044973214248e-08 1.932807911844345073e-08 1.959957580684226324e-08 1.951768321011011386e-08 1.961944952943749969e-08
1.953486709167813775e-08 1.974778222034566780e-08 1.977910210749405361e-08 1.969348046480187248e-08 1.963940202061394351e-08 1.946377076836861786e-08 1.973796505570408272e-08 1.957038970377252860e-08 1.943093360657440414e-08 1.968829095827380785e-08 1.941473482210926753e-08 1.965630202876572967e-08 1.974277176352933569e-08 1.926423197137032690e-08 1.967050393183460862e-08 1.971855794564370289e-08 1.959074647951700307e-08 1.943529355561011603e-08 1.952783533270025287e-08 1.957050362740475932e-08 1.942245166343579809e-08 1.962417220825042800e-08 1.965352876440901279e-08 1.965548389405612170e-08 1.955000223913903046e-08 1.945164617501318066e-08 1.941385550616071507e-08 1.958142385648724541e-08 1.953435389436777360e-08 1.972720958478146082e-08 1.954174390544642845e-08 1.962082292257568022e-08 1.937853338974191932e-08 1.979596894310841743e-08 1.966804843552678531e-08 1.975761772106632767e-08 1.972076990267347038e-08 1.957425851906419879e-08 1.972446023146683352e-08 1.966905037262542227e-08 1.940217605176870869e-08 1.967818313472746051e-08 1.959607708307822923e-08 1.969828247290476050e-08
1.929884812546003611e-08 1.949969121781973033e-08 1.953074295300297129e-08 1.944933149494132314e-08 1.939735542821980828e-08 1.923119779355229469e-08 1.949171445082653135e-08 1.933133189409438151e-08 1.920047053949404867e-08 1.944464161425892747e-08 1.918432976492899208e-08 1.941487182207100612e-08 1.949439870970110351e-08 1.903869554327168379e-08 1.942570025331037610e-08 1.947295809243409652e-08 1.935192935779804669e-08 1.920223209703869178e-08 1.929106531002040618e-08 1.933152414725594778e-08 1.919042067065561082e-08 1.938284413886734807e-08 1.940829145461692041e-08 1.941271071546896099e-08 1.931292735797661328e-08 1.921646723622108910e-08 1.918302545025297445e-08 1.933720721733375461e-08 1.929654869315093534e-08 1.948203113553783343e-08 1.930543413065178067e-08 1.937853338974191932e-08 1.915037840814540394e-08 1.954453901211096569e-08 1.942348728174702177e-08 1.950726940034778685e-08 1.947672308114838415e-08 1.933456920328188448e-08 1.947799211086777342e-08 1.942373966924234821e-08 1.917042741057993073e-08 1.943452416098894357e-08 1.935360806744600087e-08 1.945237844108928630e-08
1.970843577224361720e-08 1.993120452142601829e-08 1.996202971351488205e-08 1.987263250160543414e-08 1.981652240167049918e-08 1.963350266085076347e-08 1.991921607831716982e-08 1.974523164505229296e-08 1.959887845492857450e-08 1.986712616189880270e-08 1.958111633686522053e-08 1.983308266763477964e-08 1.992643955194897935e-08 1.942649733271556175e-08 1.985132095722151086e-08 1.989906495084608507e-08 1.976510692377295703e-08 1.960555465594345299e-08 1.970111703702763477e-08 1.974634479525892597e-08 1.958995818065603922e-08 1.980129396303911600e-08 1.983389197565008523e-08 1.983409536312159972e-08 1.972343819687414870e-08 1.962139969610841714e-08 1.958166504111904436e-08 1.976063773755569657e-08 1.970796052525169908e-08 1.990777223006122130e-08 1.971496768557142850e-08 1.979596894310841743e-08 1.954453901211096569e-08 1.998397797272448866e-08 1.984786786763094961e-08 1.994283976368537535e-08 1.990020762658417821e-08 1.974955026576062747e-08 1.990550314788648006e-08 1.985006905818494761e-08 1.957044384738775295e-08 1.985781526365603363e-08 1.977352936123894296e-08 1.987882175259225909e-08
1.958245831676190366e-08 1.979826997542559529e-08 1.982956337606250084e-08 1.974260949963095479e-08 1.968768228853868501e-08 1.951039713205357285e-08 1.978837164480654496e-08 1.961813060866071268e-08 1.947645667620834021e-08 1.973756255014583837e-08 1.946022543477381196e-08 1.970476616643452118e-08 1.979407270024107363e-08 1.930815768115178536e-08 1.972074504681845226e-08 1.976848400247619246e-08 1.963813352566963929e-08 1.948166318222916326e-08 1.957526953993452285e-08 1.961913809233333062e-08 1.946812238523511591e-08 1.967293740940476242e-08 1.970336177277678525e-08 1.970434312455357019e-08 1.959754696569047293e-08 1.949787719048512094e-08 1.945954085531249826e-08 1.963091284225297222e-08 1.958203410411904731e-08 1.977727874716071019e-08 1.958923273991666651e-08 1.966804843552678531e-08 1.942348728174702177e-08 1.984786786763094961e-08 1.971839134324999754e-08 1.980888207168452175e-08 1.977027889543452111e-08 1.962254114857737994e-08 1.977404174336606922e-08 1.971942003165476040e-08 1.944790279787202357e-08 1.972741501413095322e-08 1.964478174362202451e-08 1.974815946299999822e-08
1.967083706765051533e-08 1.989181895067092759e-08 1.992386900387797643e-08 1.983424485064072774e-08 1.977845774419302963e-08 1.959664521995109952e-08 1.988056693804379039e-08 1.970762267710332369e-08 1.956103186630655220e-08 1.982874247540475796e-08 1.954491316176827733e-08 1.979462792496089471e-08 1.988701652659991328e-08 1.939078845165859072e-08 1.981278683067644466e-08 1.986064042711564502e-08 1.972679068657483187e-08 1.956873358133035740e-08 1.966267442849362343e-08 1.970811338727678421e-08 1.955363237685501617e-08 1.976296985159353450e-08 1.979506155460799341e-08 1.979643711536777113e-08 1.968559730835756894e-08 1.958516107783716100e-08 1.954524908583631109e-08 1.972257022844387521e-08 1.967039902349319490e-08 1.986920358877593613e-08 1.967645855981845195e-08 1.975761772106632767e-08 1.950726940034778685e-08 1.994283976368537535e-08 1.980888207168452175e-08 1.990513850275850313e-08 1.986191319712159831e-08 1.971211827137414874e-08 1.986676855047491747e-08 1.981182281382270296e-08 1.953429248726148178e-08 1.981858299968834786e-08 1.973533358160671743e-08 1.984017131548511983e-08
