2.788400109145939204e-08 2.801313395728945267e-08 2.818373761047432193e-08 2.806852391914804353e-08 2.803423304605739956e-08 2.778263451061419864e-08 2.807028569370501919e-08 2.787563513888613655e-08 2.767443715256250601e-08 2.807716659812491131e-08 2.768333470761870695e-08 2.799170525553919475e-08 2.820262214068409902e-08 2.755183723457491069e-08 2.799822050609303170e-08 2.805396118427789240e-08 2.792031994227408323e-08 2.782391784362696314e-08 2.784113403445102761e-08 2.793206843413044505e-08 2.777388934280101542e-08 2.798066117536964385e-08 2.806757007684582553e-08 2.804591532374200225e-08 2.789729845317236497e-08 2.773192909026785151e-08 2.766098935097023430e-08 2.788286248344022111e-08 2.782206207200442044e-08 2.812211662475833570e-08 2.784653105237381120e-08 2.796557781177832880e-08 2.766707083562015899e-08 2.819459472761207320e-08 2.810353097316257909e-08 2.820701984923086722e-08 2.800841002909855965e-08 2.799367037089854186e-08 2.820542943837772414e-08 2.805789470019763002e-08 2.768468359576485956e-08 2.801934879933264687e-08 2.788417121842347455e-08 2.809325458876829738e-08
2.801313395728945267e-08 2.814669128760544601e-08 2.831809480915263400e-08 2.820102867210288692e-08 2.816507864675935170e-08 2.790980546733715454e-08 2.820293647888733232e-08 2.800417569257609892e-08 2.780046854785416818e-08 2.820855894027167659e-08 2.780910219547958754e-08 2.812258220114965756e-08 2.833665916176318389e-08 2.767494187016750721e-08 2.812928711875722085e-08 2.818666019032526288e-08 2.805099836530102764e-08 2.795101706664710207e-08 2.796998323755229541e-08 2.806214027921641227e-08 2.790074955530228884e-08 2.811146979099107695e-08 2.819984480579166178e-08 2.817801488310077524e-08 2.802550606750553181e-08 2.785891471196726111e-08 2.778617117686012176e-08 2.801301860395196795e-08 2.795061199608077724e-08 2.825459527677082511e-08 2.797534139361606190e-08 2.809543155135424905e-08 2.779362534799839112e-08 2.832931447156675279e-08 2.823541244124915141e-08 2.834167443592048226e-08 2.813987526891028844e-08 2.812418773080611798e-08 2.833836872476445291e-08 2.818938661299456007e-08 2.781021548360560096e-08 2.815085743115263363e-08 2.801494672332780446e-08 2.822636260777550491e-08
2.818373761047432193e-08 2.831809480915263400e-08 2.849275346213349957e-08 2.837409529105569481e-08 2.833739610506377780e-08 2.807947157472873988e-08 2.837554864501020633e-08 2.817498001022534145e-08 2.796954490947916275e-08 2.838110142588646877e-08 2.797776644551615826e-08 2.829438870806207442e-08 2.851073602783418578e-08 2.784260114655313937e-08 2.830064019073298729e-08 2.835862005960968955e-08 2.822185846868877107e-08 2.812071525742347305e-08 2.814057500463307220e-08 2.823295802597363859e-08 2.807033469540390828e-08 2.828284428822320549e-08 2.837241280222917576e-08 2.834954218445407218e-08 2.819659834966837120e-08 2.802941531113095335e-08 2.795452897687202338e-08 2.818405651711182173e-08 2.812053057431973128e-08 2.842734142779166717e-08 2.814505369393154542e-08 2.826726248472613007e-08 2.796227384993235114e-08 2.850360418882823552e-08 2.840790429955101590e-08 2.851581413637457328e-08 2.831248104921598927e-08 2.829571850352848977e-08 2.851194630150765435e-08 2.836201188997445015e-08 2.797917882861535312e-08 2.832283349598767418e-08 2.818529077674829442e-08 2.839885221607353966e-08
2.806852391914804353e-08 2.820102867210288692e-08 2.837409529105569481e-08 2.825869784339710580e-08 2.822203385336564693e-08 2.796626795885033853e-08 2.825893902111267228e-08 2.806048653161139767e-08 2.785676223414583324e-08 2.826454978464498746e-08 2.786521301302040859e-08 2.817826797347533729e-08 2.839322594425764594e-08 2.773095019706165525e-08 2.818427351518027197e-08 2.824228014009141339e-08 2.810655184674065534e-08 2.800620623960288218e-08 2.802634546369769146e-08 2.811804718478359826e-08 2.795695282540603358e-08 2.816656828930060048e-08 2.825609952106249529e-08 2.823359279471172760e-08 2.808232493299446672e-08 2.791632922663688566e-08 2.784242942880655490e-08 2.806903778550636983e-08 2.800622143060672876e-08 2.831058906816667302e-08 2.803046870373809111e-08 2.815130120041657657e-08 2.784971892464744708e-08 2.838544004214158025e-08 2.829142814181334551e-08 2.839803033189200342e-08 2.819637266771470842e-08 2.818056942021471036e-08 2.839492531121470778e-08 2.824613936296379048e-08 2.786630964072772533e-08 2.820715154065986056e-08 2.806951694213053114e-08 2.828196183245366285e-08
2.803423304605739956e-08 2.816507864675935170e-08 2.833739610506377780e-08 2.822203385336564693e-08 2.818815284333248150e-08 2.793334480442389438e-08 2.822323557863902980e-08 2.802653289369004966e-08 2.782408076802082775e-08 2.822916156709651490e-08 2.783306224576700510e-08 2.814370358790306115e-08 2.835668018961054968e-08 2.770038780015900836e-08 2.814977285483078292e-08 2.820729471073936070e-08 2.807193305206164594e-08 2.797426700825935736e-08 2.799244493584183983e-08 2.808343590676062231e-08 2.792456610211265492e-08 2.813157130180952116e-08 2.822062952160416864e-08 2.819833914328061024e-08 2.804873949536691167e-08 2.788285204085714184e-08 2.781004711492558643e-08 2.803428888103656603e-08 2.797264016662714626e-08 2.827458304254167009e-08 2.799664988764285643e-08 2.811720869206589360e-08 2.781746658033119687e-08 2.834789570523257743e-08 2.825680329090347959e-08 2.836139824411138762e-08 2.816076554382823378e-08 2.814546555280738837e-08 2.835901083503657438e-08 2.821087616113648448e-08 2.783348907084948740e-08 2.817197202631378666e-08 2.803529795936223937e-08 2.824626759333289073e-08
2.778263451061419864e-08 2.790980546733715454e-08 2.807947157472873988e-08 2.796626795885033853e-08 2.793334480442389438e-08 2.768528875465730939e-08 2.796773320080782163e-08 2.777575566689498110e-08 2.757640260537500062e-08 2.797478566908588175e-08 2.758572109175128388e-08 2.788994356259480881e-08 2.809886873585203121e-08 2.745651457369005791e-08 2.789633321079253395e-08 2.795181487960075993e-08 2.781978082229890325e-08 2.772541932706632383e-08 2.774182151930273493e-08 2.783109599289923052e-08 2.767655577496938658e-08 2.787827815128570507e-08 2.796552690397915910e-08 2.794377389453146034e-08 2.779814600580824923e-08 2.763376797994345093e-08 2.756371073403869061e-08 2.778140188648086760e-08 2.772259967220068235e-08 2.801906822906250066e-08 2.774766508163987811e-08 2.786462290958776009e-08 2.756987474118682433e-08 2.808992303490858424e-08 2.800158649845577001e-08 2.810320919842814253e-08 2.790669031839754095e-08 2.789309089223086943e-08 2.810238644025170697e-08 2.795624247634200768e-08 2.758718993411683949e-08 2.791752205987457404e-08 2.778335542365008186e-08 2.798990076555569899e-08
2.807028569370501919e-08 2.820293647888733232e-08 2.837554864501020633e-08 2.825893902111267228e-08 2.822323557863902980e-08 2.796773320080782163e-08 2.826112217352891675e-08 2.806165805372873939e-08 2.785821749000000038e-08 2.826613779775127712e-08 2.786695536865688549e-08 2.817993817730781698e-08 2.839406919723851864e-08 2.773324140583458969e-08 2.818641610025041771e-08 2.824379045166497051e-08 2.810813868686819230e-08 2.800876720063733417e-08 2.802811811675552352e-08 2.811968557843920849e-08 2.795850917992218725e-08 2.816881583903868958e-08 2.825770755433332715e-08 2.823524774401573185e-08 2.808374759812285339e-08 2.791750726296131289e-08 2.784425771613392505e-08 2.807089456120917312e-08 2.800842579666284418e-08 2.831222565395832952e-08 2.803313021533035544e-08 2.815322753284388328e-08 2.785188106250799606e-08 2.838676382875636704e-08 2.829310080820706072e-08 2.839907082743282409e-08 2.819750040158417164e-08 2.818212692385502488e-08 2.839619084333417207e-08 2.824765404911684139e-08 2.786828476605426783e-08 2.820816767471854713e-08 2.807219583754378352e-08 2.828312375272575677e-08
2.787563513888613655e-08 2.800417569257609892e-08 2.817498001022534145e-08 2.806048653161139767e-08 2.802653289369004966e-08 2.777575566689498110e-08 2.806165805372873939e-08 2.786868202790901512e-08 2.766744589029166608e-08 2.806876745975212613e-08 2.767658966974064811e-08 2.798354891043664477e-08 2.819411137339753730e-08 2.754555858979378127e-08 2.798967797375766306e-08 2.804585875234439424e-08 2.791231472458588382e-08 2.781662200880526365e-08 2.783383565116199124e-08 2.792377221361392971e-08 2.776754522451615255e-08 2.797172402713392487e-08 2.805908334408333516e-08 2.803740530676232726e-08 2.789019545894088989e-08 2.772497155619939292e-08 2.765422511101488390e-08 2.787442127703614828e-08 2.781430392843111355e-08 2.811309842627082606e-08 2.783892867567559680e-08 2.795761877162936814e-08 2.765997485531263063e-08 2.818550535434396087e-08 2.809526963668536854e-08 2.819853417735331386e-08 2.800062714616113402e-08 2.798567454353613731e-08 2.819674768618197263e-08 2.804957146475097248e-08 2.767774951803277820e-08 2.801158093435032934e-08 2.787583566487159137e-08 2.808449809848043961e-08
2.767443715256250601e-08 2.780046854785416818e-08 2.796954490947916275e-08 2.785676223414583324e-08 2.782408076802082775e-08 2.757640260537500062e-08 2.785821749000000038e-08 2.766744589029166608e-08 2.747007383816667017e-08 2.786505336470833141e-08 2.747826062785416559e-08 2.778083894699999776e-08 2.798835290437500843e-08 2.734993985252082125e-08 2.778736052216667691e-08 2.784240359260416661e-08 2.771088218077083136e-08 2.761763196183332541e-08 2.763272838743749500e-08 2.772191484266666188e-08 2.756882379783332312e-08 2.776927193202082758e-08 2.785540031535416012e-08 2.783455018620833458e-08 2.768999402006250462e-08 2.752592588356250078e-08 2.745628662699999230e-08 2.767261146889583111e-08 2.761411720185416433e-08 2.790927887833333383e-08 2.763854585977081805e-08 2.775600338876040048e-08 2.746201073484374893e-08 2.797999481797918891e-08 2.789205531181249845e-08 2.799326735668749018e-08 2.779777904208332406e-08 2.778373882670834705e-08 2.799233514235416470e-08 2.784640961284375732e-08 2.747967777794790925e-08 2.780835332654167323e-08 2.767491305460416098e-08 2.788066108800000100e-08
2.807716659812491131e-08 2.820855894027167659e-08 2.838110142588646877e-08 2.826454978464498746e-08 2.822916156709651490e-08 2.797478566908588175e-08 2.826613779775127712e-08 2.806876745975212613e-08 2.786505336470833141e-08 2.827332478576445535e-08 2.787391218906972518e-08 2.818635194860671742e-08 2.839986218480740723e-08 2.774071189578527906e-08 2.819284834799787570e-08 2.824941680017517457e-08 2.811452742707568496e-08 2.801611250235500835e-08 2.803474297993069917e-08 2.812591942409566931e-08 2.796564660284736768e-08 2.817509559857736833e-08 2.826374498383332629e-08 2.824112245165051456e-08 2.809044945165645622e-08 2.792404527677677723e-08 2.785169353318451758e-08 2.807664555737076413e-08 2.801517365610246838e-08 2.831830657066666437e-08 2.803972654136906147e-08 2.815977978733893662e-08 2.785831473333086867e-08 2.839204693392643939e-08 2.829904216844388454e-08 2.840466471225254919e-08 2.820354779459991721e-08 2.818846855789157799e-08 2.840199753780824139e-08 2.825353516757830531e-08 2.787560358909541064e-08 2.821452463959480545e-08 2.807797371371854057e-08 2.828903517301699854e-08
2.768333470761870695e-08 2.780910219547958754e-08 2.797776644551615826e-08 2.786521301302040859e-08 2.783306224576700510e-08 2.758572109175128388e-08 2.786695536865688549e-08 2.767658966974064811e-08 2.747826062785416559e-08 2.787391218906972518e-08 2.748855101170152656e-08 2.778967344223044338e-08 2.799687892235161322e-08 2.735952253644472394e-08 2.779608640436352394e-08 2.785108589367092181e-08 2.771937399826700867e-08 2.762646903958376468e-08 2.764255639989244234e-08 2.773112220107908147e-08 2.757779983164243732e-08 2.777809897310120560e-08 2.786375484193750300e-08 2.784276433647107733e-08 2.769865175889073185e-08 2.753485202677380871e-08 2.746609306575892883e-08 2.768206062110204458e-08 2.762303790183248540e-08 2.791744608283333814e-08 2.764798541778869026e-08 2.776455725749863324e-08 2.747151273175501168e-08 2.798790686339032346e-08 2.790084328197194018e-08 2.800078427333459827e-08 2.780624376910203730e-08 2.779225389568538111e-08 2.800047932566453401e-08 2.785559681533706537e-08 2.748917911001853500e-08 2.781688394937032243e-08 2.768376006169259042e-08 2.788921610369599536e-08
2.799170525553919475e-08 2.812258220114965756e-08 2.829438870806207442e-08 2.817826797347533729e-08 2.814370358790306115e-08 2.788994356259480881e-08 2.817993817730781698e-08 2.798354891043664477e-08 2.778083894699999776e-08 2.818635194860671742e-08 2.778967344223044338e-08 2.810105754353231345e-08 2.831341554601870636e-08 2.765688388177338140e-08 2.810669826987586179e-08 2.816370818497575928e-08 2.802869111438221398e-08 2.793079718581632276e-08 2.794906832707355984e-08 2.804044612681589170e-08 2.788102848909439204e-08 2.808908592507738335e-08 2.817728629970832791e-08 2.815491398503145415e-08 2.800495087968324395e-08 2.783905888008928546e-08 2.776674458322618775e-08 2.799122141264754201e-08 2.792965052161734164e-08 2.823138239962497876e-08 2.795395421161905402e-08 2.807395475118358802e-08 2.777376084130348141e-08 2.830518993565859848e-08 2.821308564891411129e-08 2.831766144780314194e-08 2.811741327481420718e-08 2.810214253968919769e-08 2.831536706321002588e-08 2.816714551106282775e-08 2.779036543716266732e-08 2.812846853577040412e-08 2.799248487852506864e-08 2.820300370928486813e-08
2.820262214068409902e-08 2.833665916176318389e-08 2.851073602783418578e-08 2.839322594425764594e-08 2.835668018961054968e-08 2.809886873585203121e-08 2.839406919723851864e-08 2.819411137339753730e-08 2.798835290437500843e-08 2.839986218480740723e-08 2.799687892235161322e-08 2.831341554601870636e-08 2.853071748937925252e-08 2.786149990055739666e-08 2.831930886095662960e-08 2.837749217198596815e-08 2.824055828973553998e-08 2.813948412613818127e-08 2.815932019874872758e-08 2.825250735120153201e-08 2.808967794337372526e-08 2.830204382267856434e-08 2.839167113879166361e-08 2.836895043160373714e-08 2.821569156057100041e-08 2.804823680388392744e-08 2.797416900498512026e-08 2.820316873605909287e-08 2.813951541351530756e-08 2.844638001683332807e-08 2.816396694786606773e-08 2.828609948020365178e-08 2.798137817365136167e-08 2.852212038051615199e-08 2.842683966513009927e-08 2.853450606822703328e-08 2.833073834937159669e-08 2.831518715710076491e-08 2.853162597757993146e-08 2.838106657640348773e-08 2.799805107439965841e-08 2.834230406700084965e-08 2.820344650713732746e-08 2.841752058357610011e-08
2.755183723457491069e-08 2.767494187016750721e-08 2.784260114655313937e-08 2.773095019706165525e-08 2.770038780015900836e-08 2.745651457369005791e-08 2.773324140583458969e-08 2.754555858979378127e-08 2.734993985252082125e-08 2.774071189578527906e-08 2.735952253644472394e-08 2.765688388177338140e-08 2.786149990055739666e-08 2.723417213588945217e-08 2.766339109389370462e-08 2.771736997461266709e-08 2.758760420697151278e-08 2.749818151429251540e-08 2.751150119251402697e-08 2.759885035044982970e-08 2.744914007653486114e-08 2.764547538438988065e-08 2.773043407512499672e-08 2.770979553383800734e-08 2.756844422638562398e-08 2.740524671877677867e-08 2.733824811130952207e-08 2.754930781816241090e-08 2.749279846410246282e-08 2.778373291768749888e-08 2.751806232786904526e-08 2.763347884429519137e-08 2.734320507709961353e-08 2.785222528336394622e-08 2.776778190796470625e-08 2.786609281529421481e-08 2.767320592668324861e-08 2.766050354497491259e-08 2.786661514016241003e-08 2.772223347105539692e-08 2.736140444791415822e-08 2.768404930892814327e-08 2.755231449578103492e-08 2.775465248607950597e-08
2.799822050609303170e-08 2.812928711875722085e-08 2.830064019073298729e-08 2.818427351518027197e-08 2.814977285483078292e-08 2.789633321079253395e-08 2.818641610025041771e-08 2.798967797375766306e-08 2.778736052216667691e-08 2.819284834799787570e-08 2.779608640436352394e-08 2.810669826987586179e-08 2.831930886095662960e-08 2.766339109389370462e-08 2.811442181845068206e-08 2.817019644696810914e-08 2.803589334693495367e-08 2.793792252779889196e-08 2.795540056096301408e-08 2.804689030811521361e-08 2.788771148227551165e-08 2.809594541344940227e-08 2.818362431864582606e-08 2.816201214921683604e-08 2.801183154722576332e-08 2.784558684755059726e-08 2.777338174567261955e-08 2.799764631985969170e-08 2.793635380613137349e-08 2.823858323720833601e-08 2.796099689663690072e-08 2.808057665124562150e-08 2.778022687810403864e-08 2.831166876588520473e-08 2.821947261885628802e-08 2.832418410087584547e-08 2.812413996979718659e-08 2.810913546492219079e-08 2.832193742152635999e-08 2.817379553095735753e-08 2.779752438650889176e-08 2.813467026889966260e-08 2.799937338825339476e-08 2.820958682193622745e-08
2.805396118427789240e-08 2.818666019032526288e-08 2.835862005960968955e-08 2.824228014009141339e-08 2.820729471073936070e-08 2.795181487960075993e-08 2.824379045166497051e-08 2.804585875234439424e-08 2.784240359260416661e-08 2.824941680017517457e-08 2.785108589367092181e-08 2.816370818497575928e-08 2.837749217198596815e-08 2.771736997461266709e-08 2.817019644696810914e-08 2.822842223758588792e-08 2.809234447126020187e-08 2.799275482940859269e-08 2.801166471583545990e-08 2.810322352968495159e-08 2.794299723060629800e-08 2.815191698341071703e-08 2.824097426162499826e-08 2.821889684067431661e-08 2.806751564547193943e-08 2.790103656098512106e-08 2.782779250799702116e-08 2.805392201072788989e-08 2.799190096149531985e-08 2.829548274218750455e-08 2.801595692401488161e-08 2.813674291324251461e-08 2.783558833139217727e-08 2.836955045910501694e-08 2.827681712034566716e-08 2.838269327666326287e-08 2.818127989066539011e-08 2.816538184399872314e-08 2.837943675506122531e-08 2.823062265758307516e-08 2.785189569860195726e-08 2.819205314019303086e-08 2.805563713211138797e-08 2.826727528440093967e-08
2.792031994227408323e-08 2.805099836530102764e-08 2.822185846868877107e-08 2.810655184674065534e-08 2.807193305206164594e-08 2.781978082229890325e-08 2.810813868686819230e-08 2.791231472458588382e-08 2.771088218077083136e-08 2.811452742707568496e-08 2.771937399826700867e-08 2.802869111438221398e-08 2.824055828973553998e-08 2.758760420697151278e-08 2.803589334693495367e-08 2.809234447126020187e-08 2.795869930108248579e-08 2.786081921115518477e-08 2.787824480665433898e-08 2.796914042167729590e-08 2.781118286930017137e-08 2.801754260643452178e-08 2.810549754416666424e-08 2.808383524355144534e-08 2.793440012478358584e-08 2.776870775881547623e-08 2.769681153188392578e-08 2.791967374001573042e-08 2.785900771625212273e-08 2.816001775674999917e-08 2.788360051095535882e-08 2.800284610941173538e-08 2.770399071328120510e-08 2.823286556542006746e-08 2.814142462548681443e-08 2.824581883490306007e-08 2.804632652472406620e-08 2.803159482311989236e-08 2.824322846507822644e-08 2.809565115285730953e-08 2.772105350191615997e-08 2.805684693320961104e-08 2.792203404925807715e-08 2.813124738037457585e-08
2.782391784362696314e-08 2.795101706664710207e-08 2.812071525742347305e-08 2.800620623960288218e-08 2.797426700825935736e-08 2.772541932706632383e-08 2.800876720063733417e-08 2.781662200880526365e-08 2.761763196183332541e-08 2.801611250235500835e-08 2.762646903958376468e-08 2.793079718581632276e-08 2.813948412613818127e-08 2.749818151429251540e-08 2.793792252779889196e-08 2.799275482940859269e-08 2.786081921115518477e-08 2.776836962927210829e-08 2.778224422590646164e-08 2.787172047146640968e-08 2.771795040292729410e-08 2.791996450303274006e-08 2.800608599764582452e-08 2.798536517997576334e-08 2.783939709667219072e-08 2.767380079440475798e-08 2.760512487798511389e-08 2.782180784645195274e-08 2.776372104701827619e-08 2.806029511112500442e-08 2.778882071592857267e-08 2.790664095671466530e-08 2.761091625654629627e-08 2.813071914875424735e-08 2.804296433210331822e-08 2.814463430519132510e-08 2.794750556693111682e-08 2.793415577147279116e-08 2.814373431232695660e-08 2.799697170175080890e-08 2.762866309821186605e-08 2.795912907298596753e-08 2.782514888995280504e-08 2.803109043300466893e-08
2.784113403445102761e-08 2.796998323755229541e-08 2.814057500463307220e-08 2.802634546369769146e-08 2.799244493584183983e-08 2.774182151930273493e-08 2.802811811675552352e-08 2.783383565116199124e-08 2.763272838743749500e-08 2.803474297993069917e-08 2.764255639989244234e-08 2.794906832707355984e-08 2.815932019874872758e-08 2.751150119251402697e-08 2.795540056096301408e-08 2.801166471583545990e-08 2.787824480665433898e-08 2.778224422590646164e-08 2.780086923233162802e-08 2.788977888237287140e-08 2.773298111349829042e-08 2.793742142069642879e-08 2.802536940758332694e-08 2.800289039773554757e-08 2.785577707908077917e-08 2.769121409194940185e-08 2.762040398503571202e-08 2.784073854484268058e-08 2.778082032079124396e-08 2.807875108197916683e-08 2.780558463605059002e-08 2.792305000307640449e-08 2.762680957367333788e-08 2.815101095182014917e-08 2.806102279592346494e-08 2.816383646128188816e-08 2.796634528846768577e-08 2.795168912078018609e-08 2.816211180180101395e-08 2.801605976024561711e-08 2.764394697329885357e-08 2.797700833296641045e-08 2.784227295050254755e-08 2.805001918627508431e-08
2.793206843413044505e-08 2.806214027921641227e-08 2.823295802597363859e-08 2.811804718478359826e-08 2.808343590676062231e-08 2.783109599289923052e-08 2.811968557843920849e-08 2.792377221361392971e-08 2.772191484266666188e-08 2.812591942409566931e-08 2.773112220107908147e-08 2.804044612681589170e-08 2.825250735120153201e-08 2.759885035044982970e-08 2.804689030811521361e-08 2.810322352968495159e-08 2.796914042167729590e-08 2.787172047146640968e-08 2.788977888237287140e-08 2.798135384746088509e-08 2.782190498410203736e-08 2.802966871979761386e-08 2.811680360577082538e-08 2.809514413017984584e-08 2.794565714573639345e-08 2.778011637361904833e-08 2.770865975812797271e-08 2.793177612470960345e-08 2.787047285794217144e-08 2.817141939985416404e-08 2.789508769298511712e-08 2.801401404936998013e-08 2.771555671147031913e-08 2.824424923218665115e-08 2.815260699523766098e-08 2.825628679060756644e-08 2.805717169791794125e-08 2.804288778916793986e-08 2.825489398593877316e-08 2.810740483194608731e-08 2.773232319378971348e-08 2.806848943753614009e-08 2.793277522126360130e-08 2.814230150828656299e-08
2.777388934280101542e-08 2.790074955530228884e-08 2.807033469540390828e-08 2.795695282540603358e-08 2.792456610211265492e-08 2.767655577496938658e-08 2.795850917992218725e-08 2.776754522451615255e-08 2.756882379783332312e-08 2.796564660284736768e-08 2.757779983164243732e-08 2.788102848909439204e-08 2.808967794337372526e-08 2.744914007653486114e-08 2.788771148227551165e-08 2.794299723060629800e-08 2.781118286930017137e-08 2.771795040292729410e-08 2.773298111349829042e-08 2.782190498410203736e-08 2.766973381370663434e-08 2.786920828471726065e-08 2.795588208802083270e-08 2.793487351363138001e-08 2.779010286603911469e-08 2.762508114790773541e-08 2.755610605434821413e-08 2.777205165328018097e-08 2.771397051531207075e-08 2.800938668887500183e-08 2.773903788700892824e-08 2.785635016780974093e-08 2.756138995290666849e-08 2.808034184919515452e-08 2.799268880740263252e-08 2.809422321105271619e-08 2.789819899350935525e-08 2.788441962184268825e-08 2.809348586225934841e-08 2.794700460608311619e-08 2.757956521689051509e-08 2.790914198934140813e-08 2.777499829383588979e-08 2.798115922250425127e-08
2.798066117536964385e-08 2.811146979099107695e-08 2.828284428822320549e-08 2.816656828930060048e-08 2.813157130180952116e-08 2.787827815128570507e-08 2.816881583903868958e-08 2.797172402713392487e-08 2.776927193202082758e-08 2.817509559857736833e-08 2.777809897310120560e-08 2.808908592507738335e-08 2.830204382267856434e-08 2.764547538438988065e-08 2.809594541344940227e-08 2.815191698341071703e-08 2.801754260643452178e-08 2.791996450303274006e-08 2.793742142069642879e-08 2.802966871979761386e-08 2.786920828471726065e-08 2.807928769333332485e-08 2.816577220514583341e-08 2.814441631583630908e-08 2.799380540406547681e-08 2.782731308731249913e-08 2.775597097279166512e-08 2.798037592637796797e-08 2.791856971605952320e-08 2.822116649941666580e-08 2.794337634039583504e-08 2.806294186649940777e-08 2.776279372021963989e-08 2.829425153790773620e-08 2.820148093079761997e-08 2.830586261176488201e-08 2.810583188627380266e-08 2.809170550960714507e-08 2.830439745231548533e-08 2.815612800930892707e-08 2.777987957955238240e-08 2.811734172705654941e-08 2.798152905353868689e-08 2.819134610111309420e-08
2.806757007684582553e-08 2.819984480579166178e-08 2.837241280222917576e-08 2.825609952106249529e-08 2.822062952160416864e-08 2.796552690397915910e-08 2.825770755433332715e-08 2.805908334408333516e-08 2.785540031535416012e-08 2.826374498383332629e-08 2.786375484193750300e-08 2.817728629970832791e-08 2.839167113879166361e-08 2.773043407512499672e-08 2.818362431864582606e-08 2.824097426162499826e-08 2.810549754416666424e-08 2.800608599764582452e-08 2.802536940758332694e-08 2.811680360577082538e-08 2.795588208802083270e-08 2.816577220514583341e-08 2.825593421820832703e-08 2.823262112362500166e-08 2.808100369747916507e-08 2.791478321802083361e-08 2.784157825185416586e-08 2.806786522202083531e-08 2.800596756756249845e-08 2.830975914118749755e-08 2.803024374277082953e-08 2.815035453505000113e-08 2.784884326005000018e-08 2.838348679224999573e-08 2.829035277633333416e-08 2.839672287847916139e-08 2.819447377322916937e-08 2.817959428437499789e-08 2.839377752839582951e-08 2.824469702482083326e-08 2.786532655595416424e-08 2.820563005668749711e-08 2.806865331164582794e-08 2.828009153222917037e-08
2.804591532374200225e-08 2.817801488310077524e-08 2.834954218445407218e-08 2.823359279471172760e-08 2.819833914328061024e-08 2.794377389453146034e-08 2.823524774401573185e-08 2.803740530676232726e-08 2.783455018620833458e-08 2.824112245165051456e-08 2.784276433647107733e-08 2.815491398503145415e-08 2.836895043160373714e-08 2.770979553383800734e-08 2.816201214921683604e-08 2.821889684067431661e-08 2.808383524355144534e-08 2.798536517997576334e-08 2.800289039773554757e-08 2.809514413017984584e-08 2.793487351363138001e-08 2.814441631583630908e-08 2.823262112362500166e-08 2.821132699814795780e-08 2.805967630685331265e-08 2.789277453685119038e-08 2.782067115259524112e-08 2.804562982778784517e-08 2.798404786484014017e-08 2.828765450631249878e-08 2.800871249998214502e-08 2.812875516493380346e-08 2.782778366382027969e-08 2.836091841394005675e-08 2.826811803397448156e-08 2.837399749086479337e-08 2.817231317801700321e-08 2.815777977330867069e-08 2.837144738960033801e-08 2.822225661822631129e-08 2.784440299174962163e-08 2.818402286701658184e-08 2.804729469773001052e-08 2.825815860672364323e-08
2.789729845317236497e-08 2.802550606750553181e-08 2.819659834966837120e-08 2.808232493299446672e-08 2.804873949536691167e-08 2.779814600580824923e-08 2.808374759812285339e-08 2.789019545894088989e-08 2.768999402006250462e-08 2.809044945165645622e-08 2.769865175889073185e-08 2.800495087968324395e-08 2.821569156057100041e-08 2.756844422638562398e-08 2.801183154722576332e-08 2.806751564547193943e-08 2.793440012478358584e-08 2.783939709667219072e-08 2.785577707908077917e-08 2.794565714573639345e-08 2.779010286603911469e-08 2.799380540406547681e-08 2.808100369747916507e-08 2.805967630685331265e-08 2.791314692647534360e-08 2.774769118630952448e-08 2.767675849432440384e-08 2.789620753905569865e-08 2.783659332996811578e-08 2.813539606312499869e-08 2.786143840198214437e-08 2.797995052044689775e-08 2.768273160236313352e-08 2.820719633926148300e-08 2.811728859282270165e-08 2.822028023189158180e-08 2.802253366274319703e-08 2.800826726447235701e-08 2.821923624907653173e-08 2.807186969470072166e-08 2.770039165184723972e-08 2.803327425708503276e-08 2.789797561875382717e-08 2.810612130773554259e-08
2.773192909026785151e-08 2.785891471196726111e-08 2.802941531113095335e-08 2.791632922663688566e-08 2.788285204085714184e-08 2.763376797994345093e-08 2.791750726296131289e-08 2.772497155619939292e-08 2.752592588356250078e-08 2.792404527677677723e-08 2.753485202677380871e-08 2.783905888008928546e-08 2.804823680388392744e-08 2.740524671877677867e-08 2.784558684755059726e-08 2.790103656098512106e-08 2.776870775881547623e-08 2.767380079440475798e-08 2.769121409194940185e-08 2.778011637361904833e-08 2.762508114790773541e-08 2.782731308731249913e-08 2.791478321802083361e-08 2.789277453685119038e-08 2.774769118630952448e-08 2.758428386308333313e-08 2.751260429197916463e-08 2.773127279762202075e-08 2.767156688423213475e-08 2.796848563018749851e-08 2.769601241135416825e-08 2.781391444491517864e-08 2.751879607794493888e-08 2.804004978850892698e-08 2.795062718924404168e-08 2.805286574411011920e-08 2.785661962008035902e-08 2.784195910799702728e-08 2.805176324708036359e-08 2.790585169793898281e-08 2.753615103132887115e-08 2.786651863515178399e-08 2.773221592581547389e-08 2.793943686238690463e-08
2.766098935097023430e-08 2.778617117686012176e-08 2.795452897687202338e-08 2.784242942880655490e-08 2.781004711492558643e-08 2.756371073403869061e-08 2.784425771613392505e-08 2.765422511101488390e-08 2.745628662699999230e-08 2.785169353318451758e-08 2.746609306575892883e-08 2.776674458322618775e-08 2.797416900498512026e-08 2.733824811130952207e-08 2.777338174567261955e-08 2.782779250799702116e-08 2.769681153188392578e-08 2.760512487798511389e-08 2.762040398503571202e-08 2.770865975812797271e-08 2.755610605434821413e-08 2.775597097279166512e-08 2.784157825185416586e-08 2.782067115259524112e-08 2.767675849432440384e-08 2.751260429197916463e-08 2.744546882604165984e-08 2.765930252342856921e-08 2.760147650007142686e-08 2.789507337758333216e-08 2.762671271308333300e-08 2.774244942313095325e-08 2.744986426565773642e-08 2.796481476879762544e-08 2.787809513548213945e-08 2.797822756068452293e-08 2.778334522090774327e-08 2.777067251497024274e-08 2.797832155869940545e-08 2.783299606743154900e-08 2.746815386795535654e-08 2.779509185610119361e-08 2.766132961359225616e-08 2.786573044384821522e-08
2.788286248344022111e-08 2.801301860395196795e-08 2.818405651711182173e-08 2.806903778550636983e-08 2.803428888103656603e-08 2.778140188648086760e-08 2.807089456120917312e-08 2.787442127703614828e-08 2.767261146889583111e-08 2.807664555737076413e-08 2.768206062110204458e-08 2.799122141264754201e-08 2.820316873605909287e-08 2.754930781816241090e-08 2.799764631985969170e-08 2.805392201072788989e-08 2.791967374001573042e-08 2.782180784645195274e-08 2.784073854484268058e-08 2.793177612470960345e-08 2.777205165328018097e-08 2.798037592637796797e-08 2.806786522202083531e-08 2.804562982778784517e-08 2.789620753905569865e-08 2.773127279762202075e-08 2.765930252342856921e-08 2.788361562638605234e-08 2.782115140395025402e-08 2.812220285554166799e-08 2.784552247250297953e-08 2.796461018687249223e-08 2.766619029763099823e-08 2.819528360329124223e-08 2.810345950604591883e-08 2.820710776106419863e-08 2.800799891974021835e-08 2.799337038378189015e-08 2.820530329855271766e-08 2.805829744981678797e-08 2.768280394826985911e-08 2.801881649911181683e-08 2.788360116836096891e-08 2.809299819735161741e-08
2.782206207200442044e-08 2.795061199608077724e-08 2.812053057431973128e-08 2.800622143060672876e-08 2.797264016662714626e-08 2.772259967220068235e-08 2.800842579666284418e-08 2.781430392843111355e-08 2.761411720185416433e-08 2.801517365610246838e-08 2.762303790183248540e-08 2.792965052161734164e-08 2.813951541351530756e-08 2.749279846410246282e-08 2.793635380613137349e-08 2.799190096149531985e-08 2.785900771625212273e-08 2.776372104701827619e-08 2.778082032079124396e-08 2.787047285794217144e-08 2.771397051531207075e-08 2.791856971605952320e-08 2.800596756756249845e-08 2.798404786484014017e-08 2.783659332996811578e-08 2.767156688423213475e-08 2.760147650007142686e-08 2.782115140395025402e-08 2.776199884379676530e-08 2.805967155368749324e-08 2.778673353639285199e-08 2.790385506732274744e-08 2.760784152180531364e-08 2.813121061169982774e-08 2.804148540575169978e-08 2.814416537192984449e-08 2.794633445257525062e-08 2.793259690472108861e-08 2.814267285053358614e-08 2.799620124308380077e-08 2.762481405223669174e-08 2.795752383667389454e-08 2.782318655855271944e-08 2.803013951584481337e-08
2.812211662475833570e-08 2.825459527677082511e-08 2.842734142779166717e-08 2.831058906816667302e-08 2.827458304254167009e-08 2.801906822906250066e-08 2.831222565395832952e-08 2.811309842627082606e-08 2.790927887833333383e-08 2.831830657066666437e-08 2.791744608283333814e-08 2.823138239962497876e-08 2.844638001683332807e-08 2.778373291768749888e-08 2.823858323720833601e-08 2.829548274218750455e-08 2.816001775674999917e-08 2.806029511112500442e-08 2.807875108197916683e-08 2.817141939985416404e-08 2.800938668887500183e-08 2.822116649941666580e-08 2.830975914118749755e-08 2.828765450631249878e-08 2.813539606312499869e-08 2.796848563018749851e-08 2.789507337758333216e-08 2.812220285554166799e-08 2.805967155368749324e-08 2.836542453816666689e-08 2.808412005224999870e-08 2.820498964556457909e-08 2.790239445864791338e-08 2.843891369554166329e-08 2.834473740991666705e-08 2.845131386658333288e-08 2.824908475818749996e-08 2.823426133679166567e-08 2.844880097410416291e-08 2.829920293627291639e-08 2.791936409032709086e-08 2.826000214358333446e-08 2.812292085954166255e-08 2.833497747225000261e-08
2.784653105237381120e-08 2.797534139361606190e-08 2.814505369393154542e-08 2.803046870373809111e-08 2.799664988764285643e-08 2.774766508163987811e-08 2.803313021533035544e-08 2.783892867567559680e-08 2.763854585977081805e-08 2.803972654136906147e-08 2.764798541778869026e-08 2.795395421161905402e-08 2.816396694786606773e-08 2.751806232786904526e-08 2.796099689663690072e-08 2.801595692401488161e-08 2.788360051095535882e-08 2.778882071592857267e-08 2.780558463605059002e-08 2.789508769298511712e-08 2.773903788700892824e-08 2.794337634039583504e-08 2.803024374277082953e-08 2.800871249998214502e-08 2.786143840198214437e-08 2.769601241135416825e-08 2.762671271308333300e-08 2.784552247250297953e-08 2.778673353639285199e-08 2.808412005224999870e-08 2.781285677012498878e-08 2.792866238895356514e-08 2.763283180213213677e-08 2.815577549938690402e-08 2.806600797419344775e-08 2.816836072399403995e-08 2.797081528535713810e-08 2.795763824894047687e-08 2.816723764006547202e-08 2.802083304370059327e-08 2.765024794737738240e-08 2.798191449416071325e-08 2.784831671564285788e-08 2.805422452625892270e-08
2.796557781177832880e-08 2.809543155135424905e-08 2.826726248472613007e-08 2.815130120041657657e-08 2.811720869206589360e-08 2.786462290958776009e-08 2.815322753284388328e-08 2.795761877162936814e-08 2.775600338876040048e-08 2.815977978733893662e-08 2.776455725749863324e-08 2.807395475118358802e-08 2.828609948020365178e-08 2.763347884429519137e-08 2.808057665124562150e-08 2.813674291324251461e-08 2.800284610941173538e-08 2.790664095671466530e-08 2.792305000307640449e-08 2.801401404936998013e-08 2.785635016780974093e-08 2.806294186649940777e-08 2.815035453505000113e-08 2.812875516493380346e-08 2.797995052044689775e-08 2.781391444491517864e-08 2.774244942313095325e-08 2.796461018687249223e-08 2.790385506732274744e-08 2.820498964556457909e-08 2.792866238895356514e-08 2.804880680185555788e-08 2.774899538735682993e-08 2.827794921808222826e-08 2.818662675257146846e-08 2.829093445059608104e-08 2.809114947567248539e-08 2.807655725878915386e-08 2.828905422673707488e-08 2.814076444278574976e-08 2.776649279868828697e-08 2.810217746850323316e-08 2.796666492210309872e-08 2.817593283316836304e-08
2.766707083562015899e-08 2.779362534799839112e-08 2.796227384993235114e-08 2.784971892464744708e-08 2.781746658033119687e-08 2.756987474118682433e-08 2.785188106250799606e-08 2.765997485531263063e-08 2.746201073484374893e-08 2.785831473333086867e-08 2.747151273175501168e-08 2.777376084130348141e-08 2.798137817365136167e-08 2.734320507709961353e-08 2.778022687810403864e-08 2.783558833139217727e-08 2.770399071328120510e-08 2.761091625654629627e-08 2.762680957367333788e-08 2.771555671147031913e-08 2.756138995290666849e-08 2.776279372021963989e-08 2.784884326005000018e-08 2.782778366382027969e-08 2.768273160236313352e-08 2.751879607794493888e-08 2.744986426565773642e-08 2.766619029763099823e-08 2.760784152180531364e-08 2.790239445864791338e-08 2.763283180213213677e-08 2.774899538735682993e-08 2.745669273937427223e-08 2.797279864047933768e-08 2.788543255968371340e-08 2.798573401779931660e-08 2.779016661018098815e-08 2.777718372696432294e-08 2.798497093495391417e-08 2.784027624662077797e-08 2.747296704606413980e-08 2.780150776050110501e-08 2.766873155066602342e-08 2.787310353436351695e-08
2.819459472761207320e-08 2.832931447156675279e-08 2.850360418882823552e-08 2.838544004214158025e-08 2.834789570523257743e-08 2.808992303490858424e-08 2.838676382875636704e-08 2.818550535434396087e-08 2.797999481797918891e-08 2.839204693392643939e-08 2.798790686339032346e-08 2.830518993565859848e-08 2.852212038051615199e-08 2.785222528336394622e-08 2.831166876588520473e-08 2.836955045910501694e-08 2.823286556542006746e-08 2.813071914875424735e-08 2.815101095182014917e-08 2.824424923218665115e-08 2.808034184919515452e-08 2.829425153790773620e-08 2.838348679224999573e-08 2.836091841394005675e-08 2.820719633926148300e-08 2.804004978850892698e-08 2.796481476879762544e-08 2.819528360329124223e-08 2.813121061169982774e-08 2.843891369554166329e-08 2.815577549938690402e-08 2.827794921808222826e-08 2.797279864047933768e-08 2.851557256336139941e-08 2.841877600807355671e-08 2.852684627938775457e-08 2.832319995277040815e-08 2.830697565966624037e-08 2.852312135614540751e-08 2.837307626763325133e-08 2.798943556973121137e-08 2.833363023391156826e-08 2.819616136886352380e-08 2.840985157818919605e-08
2.810353097316257909e-08 2.823541244124915141e-08 2.840790429955101590e-08 2.829142814181334551e-08 2.825680329090347959e-08 2.800158649845577001e-08 2.829310080820706072e-08 2.809526963668536854e-08 2.789205531181249845e-08 2.829904216844388454e-08 2.790084328197194018e-08 2.821308564891411129e-08 2.842683966513009927e-08 2.776778190796470625e-08 2.821947261885628802e-08 2.827681712034566716e-08 2.814142462548681443e-08 2.804296433210331822e-08 2.806102279592346494e-08 2.815260699523766098e-08 2.799268880740263252e-08 2.820148093079761997e-08 2.829035277633333416e-08 2.826811803397448156e-08 2.811728859282270165e-08 2.795062718924404168e-08 2.787809513548213945e-08 2.810345950604591883e-08 2.804148540575169978e-08 2.834473740991666705e-08 2.806600797419344775e-08 2.818662675257146846e-08 2.788543255968371340e-08 2.841877600807355671e-08 2.832681517297278020e-08 2.843180173608078195e-08 2.823005474404591300e-08 2.821508151515008361e-08 2.842898351635841878e-08 2.828022302881127056e-08 2.790186931602750482e-08 2.824130833321768601e-08 2.810509221771895862e-08 2.831604472787882513e-08
2.820701984923086722e-08 2.834167443592048226e-08 2.851581413637457328e-08 2.839803033189200342e-08 2.836139824411138762e-08 2.810320919842814253e-08 2.839907082743282409e-08 2.819853417735331386e-08 2.799326735668749018e-08 2.840466471225254919e-08 2.800078427333459827e-08 2.831766144780314194e-08 2.853450606822703328e-08 2.786609281529421481e-08 2.832418410087584547e-08 2.838269327666326287e-08 2.824581883490306007e-08 2.814463430519132510e-08 2.816383646128188816e-08 2.825628679060756644e-08 2.809422321105271619e-08 2.830586261176488201e-08 2.839672287847916139e-08 2.837399749086479337e-08 2.822028023189158180e-08 2.805286574411011920e-08 2.797822756068452293e-08 2.820710776106419863e-08 2.814416537192984449e-08 2.845131386658333288e-08 2.816836072399403995e-08 2.829093445059608104e-08 2.798573401779931660e-08 2.852684627938775457e-08 2.843180173608078195e-08 2.854082706853231250e-08 2.833597653831420249e-08 2.831968159971003603e-08 2.853622333583503737e-08 2.838532735649618025e-08 2.800254535882100691e-08 2.834708187297874268e-08 2.820862490804591225e-08 2.842250528340985911e-08
