3.873794681275113020e-08 3.880610644594199276e-08 3.892965671456770270e-08 3.879513335732772136e-08 3.873327433472878749e-08 3.849696699300553606e-08 3.887423644894154762e-08 3.870460448764203032e-08 3.844553331416170010e-08 3.888405123700056544e-08 3.840298134139236815e-08 3.886252407623511174e-08 3.898244988793191867e-08 3.831920647656158773e-08 3.871357682320301427e-08 3.893876633950904326e-08 3.866554406559774911e-08 3.845905810034701299e-08 3.858849765771149233e-08 3.871695971889990961e-08 3.848834749524109448e-08 3.875113348802584785e-08 3.877342915328839977e-08 3.879899953328748200e-08 3.869349691171663191e-08 3.847316408382553281e-08 3.843235770965162892e-08 3.866806142911428490e-08 3.860773694566321650e-08 3.886504034197630808e-08 3.859509155362726746e-08 3.878385633936451016e-08 3.831342107555533780e-08 3.896110691668683685e-08 3.890843322756702394e-08 3.898321162414895600e-08 3.885375549202901450e-08 3.871631976580285141e-08 3.890754590163287362e-08 3.880367961764530932e-08 3.854828557727507932e-08 3.883406230023834766e-08 3.869498468147408927e-08 3.885148757571712533e-08
3.880610644594199276e-08 3.887598716537707107e-08 3.899980135010558847e-08 3.886438241441472656e-08 3.880292961681410445e-08 3.856590893954729510e-08 3.894369895881046978e-08 3.877341445300723474e-08 3.851380290116410948e-08 3.895329595595104405e-08 3.847150624019892644e-08 3.893176905423538391e-08 3.905220777709196214e-08 3.838697583972775150e-08 3.878245770990909908e-08 3.900823521425884327e-08 3.873458361767384740e-08 3.852774192008398638e-08 3.865733749072903915e-08 3.878596262675461959e-08 3.855654873581410066e-08 3.882045246737808099e-08 3.884268549478243236e-08 3.886901707427124783e-08 3.876230239218440422e-08 3.854150661636083198e-08 3.850054255977734172e-08 3.873768654410848652e-08 3.867674062335841206e-08 3.893428750897152855e-08 3.866413457975230726e-08 3.885266315598357132e-08 3.838172657219261116e-08 3.903113686781486512e-08 3.897753834599833274e-08 3.905279333070417108e-08 3.892301693707514590e-08 3.878542328594569564e-08 3.897750826286503710e-08 3.887310982671747586e-08 3.861655980459950431e-08 3.890345261316288839e-08 3.876387404274434814e-08 3.892091411524096391e-08
3.892965671456770270e-08 3.899980135010558847e-08 3.912680011206847352e-08 3.898916005584439646e-08 3.892683553567391814e-08 3.868997336610392436e-08 3.906848879808021287e-08 3.889773168109680953e-08 3.863565579423641275e-08 3.907888104584678375e-08 3.859517280860163082e-08 3.905702611307887062e-08 3.917744081197289896e-08 3.850950964105614479e-08 3.890756998621568555e-08 3.913268246400012379e-08 3.885927549344185160e-08 3.865211654644066586e-08 3.878081371136874071e-08 3.891050106609484105e-08 3.867996377473198609e-08 3.894583453351544464e-08 3.896762651941783028e-08 3.899391601630775790e-08 3.888672500574350981e-08 3.866418914647892166e-08 3.862229206658524720e-08 3.886339123482647525e-08 3.880026687859944531e-08 3.905956556437943315e-08 3.878730242368074391e-08 3.897721757082378678e-08 3.850532502153825524e-08 3.915581622295669821e-08 3.910233801626385006e-08 3.917788349998938173e-08 3.904799632794136415e-08 3.890980181781968263e-08 3.910401209212974987e-08 3.899679640625177450e-08 3.873990645448005877e-08 3.902918229165383546e-08 3.888810173303816098e-08 3.904546650877080254e-08
3.879513335732772136e-08 3.886438241441472656e-08 3.898916005584439646e-08 3.885526534141033539e-08 3.879149488359084133e-08 3.855470522574181646e-08 3.893251494981658959e-08 3.876191127529266414e-08 3.850166750237980638e-08 3.894270294115003150e-08 3.846022289134883713e-08 3.892056864274183809e-08 3.904123071295013891e-08 3.837557052727280263e-08 3.877149452542748309e-08 3.899683650577001910e-08 3.872386836932806441e-08 3.851707434360491426e-08 3.864581440961993300e-08 3.877514767199782255e-08 3.854545778440800518e-08 3.880999123610221043e-08 3.883142044515448644e-08 3.885779781792116047e-08 3.875163599345292993e-08 3.853023082731930306e-08 3.848869385149145687e-08 3.872642459034758163e-08 3.866560829042404387e-08 3.892378897181128010e-08 3.865314864031905927e-08 3.884192829151970463e-08 3.837096232572260341e-08 3.902036919434436753e-08 3.896658407686107380e-08 3.904217776233270315e-08 3.891172118208719382e-08 3.877450398111010202e-08 3.896708464492104699e-08 3.886206259848580051e-08 3.860517461098957089e-08 3.889361391586366159e-08 3.875290240144714088e-08 3.890935645647585127e-08
3.873327433472878749e-08 3.880292961681410445e-08 3.892683553567391814e-08 3.879149488359084133e-08 3.873131212528426411e-08 3.849399234006702380e-08 3.887102447496025090e-08 3.870118559391275457e-08 3.844170868295656470e-08 3.888069586432211519e-08 3.840019513366147386e-08 3.885871893492406390e-08 3.897919196673241322e-08 3.831538250607667440e-08 3.871000859831967189e-08 3.893509399102499217e-08 3.866161840074926995e-08 3.845602550229206808e-08 3.858543000581970117e-08 3.871351810242455771e-08 3.848471170726727064e-08 3.874763812942333987e-08 3.876978782512249191e-08 3.879670750719428525e-08 3.868989623535423641e-08 3.846946766264138399e-08 3.842946017584261107e-08 3.866471335235390745e-08 3.860459492951716476e-08 3.886151689027037808e-08 3.859193343241828786e-08 3.878012715661852735e-08 3.831024163357888198e-08 3.895779462761802661e-08 3.890481234613877272e-08 3.897910349293207856e-08 3.885042803758560928e-08 3.871266190165792180e-08 3.890474276784401613e-08 3.880034998243427946e-08 3.854520772415464045e-08 3.883073557285068873e-08 3.869170941876165073e-08 3.884775098705489627e-08
3.849696699300553606e-08 3.856590893954729510e-08 3.868997336610392436e-08 3.855470522574181646e-08 3.849399234006702380e-08 3.826109397898290680e-08 3.863407979589714050e-08 3.846600468535202265e-08 3.820741472762014707e-08 3.864387051398770875e-08 3.816641868762955883e-08 3.862209006925225795e-08 3.874143241542926247e-08 3.808295148285693364e-08 3.847412985266910022e-08 3.869701918269569775e-08 3.842645573028552154e-08 3.822230746349773733e-08 3.835065851267195941e-08 3.847751903892107563e-08 3.825147769861972468e-08 3.851254647937242983e-08 3.853373260670786263e-08 3.855971047312895629e-08 3.845404493573106333e-08 3.823510934978001516e-08 3.819519154313733533e-08 3.843108461634473718e-08 3.836931570044321070e-08 3.862481625013360482e-08 3.835757373215772813e-08 3.854432016598836186e-08 3.807814836628781033e-08 3.871929509948567622e-08 3.866679540273875766e-08 3.874086626681603310e-08 3.861245076037494510e-08 3.847855340562506299e-08 3.866793678786626520e-08 3.856243806697642919e-08 3.830998772837746454e-08 3.859441080850915397e-08 3.845592933354517420e-08 3.861152257602430091e-08
3.887423644894154762e-08 3.894369895881046978e-08 3.906848879808021287e-08 3.893251494981658959e-08 3.887102447496025090e-08 3.863407979589714050e-08 3.901283642882605400e-08 3.884193618043927046e-08 3.858111069801525661e-08 3.902250641829579875e-08 3.853953053477390920e-08 3.900021118830298419e-08 3.912122469323496015e-08 3.845473412875545054e-08 3.885117260274028430e-08 3.907653140303176183e-08 3.880244059862454799e-08 3.859579284088691276e-08 3.872561245303433525e-08 3.885434176778693150e-08 3.862476157099952439e-08 3.888922149466722068e-08 3.891093730026516600e-08 3.893756320190070294e-08 3.883066643749413010e-08 3.860916134059131301e-08 3.856804457016911688e-08 3.880649788503686034e-08 3.874453568632604248e-08 3.900283288594803104e-08 3.873245437718216814e-08 3.892124738134962923e-08 3.844969152203062166e-08 3.909931437850786829e-08 3.904611657848808802e-08 3.912123238097727916e-08 3.899168352035099826e-08 3.885419008786671071e-08 3.904630191373432788e-08 3.894113638597903209e-08 3.868454558861925148e-08 3.897222240859055977e-08 3.883227100109268270e-08 3.898910668331669864e-08
3.870460448764203032e-08 3.877341445300723474e-08 3.889773168109680953e-08 3.876191127529266414e-08 3.870118559391275457e-08 3.846600468535202265e-08 3.884193618043927046e-08 3.867290384165540353e-08 3.841318438738149920e-08 3.885180131211336584e-08 3.837172748921458249e-08 3.882998680936820430e-08 3.894984261498021524e-08 3.828769266543111448e-08 3.868133732774251020e-08 3.890551919144925206e-08 3.863303573936207671e-08 3.842765036438959616e-08 3.855663982645729257e-08 3.868458420443127449e-08 3.845687140426409643e-08 3.871927575401660232e-08 3.874104168326117744e-08 3.876701190820700924e-08 3.866106018911176260e-08 3.844090798191076805e-08 3.840081965065079308e-08 3.863692029998134862e-08 3.857563068166141958e-08 3.883256263171835035e-08 3.856338649747059260e-08 3.875153178815521848e-08 3.828235575525233718e-08 3.892783469603912983e-08 3.887539232003688863e-08 3.894962775967708771e-08 3.882083481013637805e-08 3.868475002580860920e-08 3.887558218529323759e-08 3.877040134369300969e-08 3.851646614669397858e-08 3.880169969601085618e-08 3.866280700913601948e-08 3.881905415001170786e-08
3.844553331416170010e-08 3.851380290116410948e-08 3.863565579423641275e-08 3.850166750237980638e-08 3.844170868295656470e-08 3.820741472762014707e-08 3.858111069801525661e-08 3.841318438738149920e-08 3.815705670623842945e-08 3.859043599867919453e-08 3.811409563541418653e-08 3.856973456792989535e-08 3.868818911666386559e-08 3.803154851384999060e-08 3.842113323526444313e-08 3.864510329063812315e-08 3.837338803021989903e-08 3.816942987935351790e-08 3.829806118932783109e-08 3.842451525280058553e-08 3.819879123237977637e-08 3.845864250818937989e-08 3.848071093518977313e-08 3.850681657766740037e-08 3.840184838882214296e-08 3.818396437445346139e-08 3.814418005306801549e-08 3.837624968726744128e-08 3.831680346121383872e-08 3.857125674122203217e-08 3.830480965583808286e-08 3.849149909817643300e-08 3.802514846830949383e-08 3.866686556231614765e-08 3.861488447984876516e-08 3.868870613133936920e-08 3.856051822772164692e-08 3.842457251787793996e-08 3.861399989540862069e-08 3.851052589891988670e-08 3.825829367556027400e-08 3.854052571711025429e-08 3.840320233901914162e-08 3.855870130310593130e-08
3.888405123700056544e-08 3.895329595595104405e-08 3.907888104584678375e-08 3.894270294115003150e-08 3.888069586432211519e-08 3.864387051398770875e-08 3.902250641829579875e-08 3.885180131211336584e-08 3.859043599867919453e-08 3.903338339206207968e-08 3.854961011050095287e-08 3.901079569469178393e-08 3.913111734041215447e-08 3.846460934612976191e-08 3.886155901536085239e-08 3.908625245435275869e-08 3.881272183438318378e-08 3.860601684242883370e-08 3.873504795048775896e-08 3.886430903563864559e-08 3.863443284328232420e-08 3.889974834798336603e-08 3.892080814551063187e-08 3.894722409899688626e-08 3.884101663622113939e-08 3.861890094549083725e-08 3.857741864253245551e-08 3.881672421217857771e-08 3.875458129453735795e-08 3.901316194302996557e-08 3.874213698434780167e-08 3.893153929850633799e-08 3.845981527945889910e-08 3.910922617330060728e-08 3.905643961645062752e-08 3.913129071218437687e-08 3.900186057941920307e-08 3.886388858205768226e-08 3.905667940486508988e-08 3.895079764021281391e-08 3.869449145152940493e-08 3.898278803549115462e-08 3.884244481948053439e-08 3.899887836332940092e-08
3.840298134139236815e-08 3.847150624019892644e-08 3.859517280860163082e-08 3.846022289134883713e-08 3.840019513366147386e-08 3.816641868762955883e-08 3.853953053477390920e-08 3.837172748921458249e-08 3.811409563541418653e-08 3.854961011050095287e-08 3.807393483636603583e-08 3.852807835657139439e-08 3.864663288426115410e-08 3.798967239759586854e-08 3.838012570693926342e-08 3.860252463165838147e-08 3.833182708220572858e-08 3.812897987163397374e-08 3.825610753874905884e-08 3.838325046562625398e-08 3.815683480995995182e-08 3.841789872960153778e-08 3.843918257576767739e-08 3.846506375076026531e-08 3.836037160926869778e-08 3.814149367304558264e-08 3.810212681735123174e-08 3.833568805552712551e-08 3.827503268290748967e-08 3.853027889133916701e-08 3.826307978519009101e-08 3.844981551170666628e-08 3.798453880813813793e-08 3.862500397056288338e-08 3.857280564890138416e-08 3.864632437518062930e-08 3.851885895863310163e-08 3.838296691116170853e-08 3.857322039937495733e-08 3.846848468601075928e-08 3.821705982541489922e-08 3.849980479717907386e-08 3.836133515579966634e-08 3.851625771143709878e-08
3.886252407623511174e-08 3.893176905423538391e-08 3.905702611307887062e-08 3.892056864274183809e-08 3.885871893492406390e-08 3.862209006925225795e-08 3.900021118830298419e-08 3.882998680936820430e-08 3.856973456792989535e-08 3.901079569469178393e-08 3.852807835657139439e-08 3.898963651251340831e-08 3.910872066583007381e-08 3.844347529312702561e-08 3.883961522838913522e-08 3.906466948448936256e-08 3.879089394943526875e-08 3.858464192120735026e-08 3.871331867295735942e-08 3.884194702159923194e-08 3.861261921007962667e-08 3.887747112597788600e-08 3.889906850371400797e-08 3.892526309114881901e-08 3.881925359588145433e-08 3.859778713489849450e-08 3.855603736139092135e-08 3.879452294796180408e-08 3.873253504453932252e-08 3.899070722565866698e-08 3.871992691968369258e-08 3.890961309871881280e-08 3.843821190469318080e-08 3.908727975862197505e-08 3.903462283433615870e-08 3.910952597308708842e-08 3.897999665070734074e-08 3.884142672891015983e-08 3.903485842785417521e-08 3.892864807853924837e-08 3.867269046492521323e-08 3.896044318274109006e-08 3.882007926121376577e-08 3.897724060268199696e-08
3.898244988793191867e-08 3.905220777709196214e-08 3.917744081197289896e-08 3.904123071295013891e-08 3.897919196673241322e-08 3.874143241542926247e-08 3.912122469323496015e-08 3.894984261498021524e-08 3.868818911666386559e-08 3.913111734041215447e-08 3.864663288426115410e-08 3.910872066583007381e-08 3.923028707020046615e-08 3.856138052064179011e-08 3.895934730573005697e-08 3.918535953012627222e-08 3.891065109541983786e-08 3.870312904507426666e-08 3.883341837449046666e-08 3.896250355137427055e-08 3.873188213060632734e-08 3.899763875973430382e-08 3.901940373916300325e-08 3.904589630645294455e-08 3.893862634720424002e-08 3.871640625035008801e-08 3.867503555079925613e-08 3.891441971660959813e-08 3.885257572081436822e-08 3.911157873125708687e-08 3.884013131337191678e-08 3.902945829578302377e-08 3.855662373020624699e-08 3.920844674667155300e-08 3.915482822311151603e-08 3.923033350761207995e-08 3.910026447794737082e-08 3.896229650802490790e-08 3.915500750782591239e-08 3.904972536901944976e-08 3.879208321253526136e-08 3.908078902669161613e-08 3.894031795524316824e-08 3.909781796429699084e-08
3.831920647656158773e-08 3.838697583972775150e-08 3.850950964105614479e-08 3.837557052727280263e-08 3.831538250607667440e-08 3.808295148285693364e-08 3.845473412875545054e-08 3.828769266543111448e-08 3.803154851384999060e-08 3.846460934612976191e-08 3.798967239759586854e-08 3.844347529312702561e-08 3.856138052064179011e-08 3.790762316336610630e-08 3.829560208733670671e-08 3.851779801433794144e-08 3.824791592887095664e-08 3.804497957683808356e-08 3.817267559824825273e-08 3.829874463021996406e-08 3.807427979715929686e-08 3.833344298076843669e-08 3.835457578089659672e-08 3.838053730638800926e-08 3.827634669397633290e-08 3.805880473073922186e-08 3.801914573369789518e-08 3.825132332855828660e-08 3.819139327017536340e-08 3.844516813580845694e-08 3.817967704978352241e-08 3.836585004209121060e-08 3.790142886135796233e-08 3.853952585277956003e-08 3.848824450919121452e-08 3.856150650968312314e-08 3.843391549769034938e-08 3.829946480513631544e-08 3.848791759391820465e-08 3.838353318466536008e-08 3.813319244203838069e-08 3.841477148483708636e-08 3.827776872897298473e-08 3.843224124580439230e-08
3.871357682320301427e-08 3.878245770990909908e-08 3.890756998621568555e-08 3.877149452542748309e-08 3.871000859831967189e-08 3.847412985266910022e-08 3.885117260274028430e-08 3.868133732774251020e-08 3.842113323526444313e-08 3.886155901536085239e-08 3.838012570693926342e-08 3.883961522838913522e-08 3.895934730573005697e-08 3.829560208733670671e-08 3.869161283692421324e-08 3.891498952104347778e-08 3.864256764726255097e-08 3.843653253759988538e-08 3.856552813036838059e-08 3.869342765625260130e-08 3.846463125831203332e-08 3.872879554630081431e-08 3.875047508412558064e-08 3.877650423915406608e-08 3.867009074021685531e-08 3.844943603341160742e-08 3.840779080843055370e-08 3.864645771977554198e-08 3.858450808563876957e-08 3.884164933740123646e-08 3.857146195242422742e-08 3.876039622221572361e-08 3.829075273171955164e-08 3.893763556692076670e-08 3.888530196383377510e-08 3.895965837648250387e-08 3.883104511697725168e-08 3.869293796451441614e-08 3.888525607368143996e-08 3.877986559148436486e-08 3.852421498851212271e-08 3.881128919919951627e-08 3.867174321563216641e-08 3.882808653879611220e-08
3.893876633950904326e-08 3.900823521425884327e-08 3.913268246400012379e-08 3.899683650577001910e-08 3.893509399102499217e-08 3.869701918269569775e-08 3.907653140303176183e-08 3.890551919144925206e-08 3.864510329063812315e-08 3.908625245435275869e-08 3.860252463165838147e-08 3.906466948448936256e-08 3.918535953012627222e-08 3.851779801433794144e-08 3.891498952104347778e-08 3.914184905697624249e-08 3.886689683402231587e-08 3.865892706101933585e-08 3.878921781133106155e-08 3.891804898206183127e-08 3.868784465410266994e-08 3.895245028724523223e-08 3.897520163067913101e-08 3.900161593984065368e-08 3.889462433687867257e-08 3.867282091178133735e-08 3.863128470712938373e-08 3.886951607890177537e-08 3.880834928060891411e-08 3.906700725276844929e-08 3.879527502191240084e-08 3.898518061661703547e-08 3.851211574468732071e-08 3.916423249799146204e-08 3.911096822663442667e-08 3.918630586245291628e-08 3.905612492403246635e-08 3.891722989961462235e-08 3.911037963614034753e-08 3.900568542771939240e-08 3.874783941002598725e-08 3.903616401720405868e-08 3.889604699879123579e-08 3.905351445518999759e-08
3.866554406559774911e-08 3.873458361767384740e-08 3.885927549344185160e-08 3.872386836932806441e-08 3.866161840074926995e-08 3.842645573028552154e-08 3.880244059862454799e-08 3.863303573936207671e-08 3.837338803021989903e-08 3.881272183438318378e-08 3.833182708220572858e-08 3.879089394943526875e-08 3.891065109541983786e-08 3.824791592887095664e-08 3.864256764726255097e-08 3.886689683402231587e-08 3.859558097420088430e-08 3.838834431226322549e-08 3.851718676721379650e-08 3.864585594485718354e-08 3.841726007448383162e-08 3.868033236314347195e-08 3.870241585880069791e-08 3.872799722687669311e-08 3.862225804896278868e-08 3.840138815882800704e-08 3.835973921999217815e-08 3.859846611412606502e-08 3.853668335695270490e-08 3.879393373193021410e-08 3.852343442987379302e-08 3.871239436356260417e-08 3.824272609080854185e-08 3.888940795837446771e-08 3.883655855543651191e-08 3.891143635560833033e-08 3.878199608774758557e-08 3.864543946773616342e-08 3.883675967709216280e-08 3.873184170981777675e-08 3.847616786468838639e-08 3.876331539040348633e-08 3.862402366789628488e-08 3.877999467471489901e-08
3.845905810034701299e-08 3.852774192008398638e-08 3.865211654644066586e-08 3.851707434360491426e-08 3.845602550229206808e-08 3.822230746349773733e-08 3.859579284088691276e-08 3.842765036438959616e-08 3.816942987935351790e-08 3.860601684242883370e-08 3.812897987163397374e-08 3.858464192120735026e-08 3.870312904507426666e-08 3.804497957683808356e-08 3.843653253759988538e-08 3.865892706101933585e-08 3.838834431226322549e-08 3.818509056365228750e-08 3.831215521634427071e-08 3.843931613651916458e-08 3.821277452797628928e-08 3.847445415290762848e-08 3.849563641819399570e-08 3.852175935430285557e-08 3.841653812547547458e-08 3.819733321883502317e-08 3.815687380322564535e-08 3.839231919062202818e-08 3.833103491066959804e-08 3.858656570773373727e-08 3.831887788753136367e-08 3.850614664960353110e-08 3.804027567476122930e-08 3.868138042689606505e-08 3.862943922946236923e-08 3.870310997628082874e-08 3.857535027740712046e-08 3.843939088183100249e-08 3.863002501346484652e-08 3.852462404790506845e-08 3.827221772725342911e-08 3.855651107224363071e-08 3.841766108104553657e-08 3.857278292306310175e-08
3.858849765771149233e-08 3.865733749072903915e-08 3.878081371136874071e-08 3.864581440961993300e-08 3.858543000581970117e-08 3.835065851267195941e-08 3.872561245303433525e-08 3.855663982645729257e-08 3.829806118932783109e-08 3.873504795048775896e-08 3.825610753874905884e-08 3.871331867295735942e-08 3.883341837449046666e-08 3.817267559824825273e-08 3.856552813036838059e-08 3.878921781133106155e-08 3.851718676721379650e-08 3.831215521634427071e-08 3.844225742631213921e-08 3.856823395837885914e-08 3.834140804141049784e-08 3.860315011364951393e-08 3.862490690548238291e-08 3.865127764633836902e-08 3.854471212071903595e-08 3.832573923455237788e-08 3.828512194317696767e-08 3.852107906868418778e-08 3.846024230489373725e-08 3.871571694480978807e-08 3.844792262720920600e-08 3.863528729038301502e-08 3.816757858325771490e-08 3.881125736858238521e-08 3.875890501597880275e-08 3.883292256639457615e-08 3.870452792252341493e-08 3.856912090546991374e-08 3.875870277594820274e-08 3.865433060430215254e-08 3.840016516641943121e-08 3.868514605433765875e-08 3.854694216084566952e-08 3.870312682295365312e-08
3.871695971889990961e-08 3.878596262675461959e-08 3.891050106609484105e-08 3.877514767199782255e-08 3.871351810242455771e-08 3.847751903892107563e-08 3.885434176778693150e-08 3.868458420443127449e-08 3.842451525280058553e-08 3.886430903563864559e-08 3.838325046562625398e-08 3.884194702159923194e-08 3.896250355137427055e-08 3.829874463021996406e-08 3.869342765625260130e-08 3.891804898206183127e-08 3.864585594485718354e-08 3.843931613651916458e-08 3.856823395837885914e-08 3.869776085963020960e-08 3.846856322821753775e-08 3.873161642250241871e-08 3.875343787212045511e-08 3.877934601822827192e-08 3.867346634554005774e-08 3.845244936931294937e-08 3.841179371768835961e-08 3.864918830826286893e-08 3.858778012183168416e-08 3.884558352672541197e-08 3.857533463751178426e-08 3.876369294963666534e-08 3.829385087004935746e-08 3.894084118109980983e-08 3.888770062020654442e-08 3.896261410214186901e-08 3.883339977275066498e-08 3.869700796754017041e-08 3.888799565384235319e-08 3.878360283601505759e-08 3.852836404539593294e-08 3.881463811144946935e-08 3.867533971169324813e-08 3.883120616643976879e-08
3.848834749524109448e-08 3.855654873581410066e-08 3.867996377473198609e-08 3.854545778440800518e-08 3.848471170726727064e-08 3.825147769861972468e-08 3.862476157099952439e-08 3.845687140426409643e-08 3.819879123237977637e-08 3.863443284328232420e-08 3.815683480995995182e-08 3.861261921007962667e-08 3.873188213060632734e-08 3.807427979715929686e-08 3.846463125831203332e-08 3.868784465410266994e-08 3.841726007448383162e-08 3.821277452797628928e-08 3.834140804141049784e-08 3.846856322821753775e-08 3.824308451709819635e-08 3.850277753672989394e-08 3.852419680746298687e-08 3.855031591451907534e-08 3.844507195377387267e-08 3.822650969178659911e-08 3.818652549013272365e-08 3.842106872230379111e-08 3.836018255419921729e-08 3.861544117669777988e-08 3.834845999123458681e-08 3.853533952520148804e-08 3.806872029614493812e-08 3.870974635999522858e-08 3.865773345938189876e-08 3.873168084354040830e-08 3.860309683603944805e-08 3.846940853672284683e-08 3.865814342415137484e-08 3.855334812194755141e-08 3.830122676888578604e-08 3.858492889389456988e-08 3.844720148703472126e-08 3.860226324909289972e-08
3.875113348802584785e-08 3.882045246737808099e-08 3.894583453351544464e-08 3.880999123610221043e-08 3.874763812942333987e-08 3.851254647937242983e-08 3.888922149466722068e-08 3.871927575401660232e-08 3.845864250818937989e-08 3.889974834798336603e-08 3.841789872960153778e-08 3.887747112597788600e-08 3.899763875973430382e-08 3.833344298076843669e-08 3.872879554630081431e-08 3.895245028724523223e-08 3.868033236314347195e-08 3.847445415290762848e-08 3.860315011364951393e-08 3.873161642250241871e-08 3.850277753672989394e-08 3.876753404182242099e-08 3.878821702983634778e-08 3.881434116586636779e-08 3.870812324049083954e-08 3.848704723187681537e-08 3.844569472741895206e-08 3.868480158085714962e-08 3.862247466778094866e-08 3.887998565165211887e-08 3.861034744722697168e-08 3.879852367265075295e-08 3.832909624142050622e-08 3.897557184776936627e-08 3.892263110242001653e-08 3.899761714296562539e-08 3.886830752653801021e-08 3.873207442589739335e-08 3.892349133719543022e-08 3.881754862773454102e-08 3.856224428991581626e-08 3.884966021658823502e-08 3.870974626923713058e-08 3.886625482422813395e-08
3.877342915328839977e-08 3.884268549478243236e-08 3.896762651941783028e-08 3.883142044515448644e-08 3.876978782512249191e-08 3.853373260670786263e-08 3.891093730026516600e-08 3.874104168326117744e-08 3.848071093518977313e-08 3.892080814551063187e-08 3.843918257576767739e-08 3.889906850371400797e-08 3.901940373916300325e-08 3.835457578089659672e-08 3.875047508412558064e-08 3.897520163067913101e-08 3.870241585880069791e-08 3.849563641819399570e-08 3.862490690548238291e-08 3.875343787212045511e-08 3.852419680746298687e-08 3.878821702983634778e-08 3.881059549664653470e-08 3.883613703585657735e-08 3.872967302466262327e-08 3.850850570937785962e-08 3.846740484985209064e-08 3.870595486846650175e-08 3.864411040577276174e-08 3.890191169656299161e-08 3.863100615525522213e-08 3.882008231952357768e-08 3.834966916461702808e-08 3.899778726519856236e-08 3.894489347195772999e-08 3.901977112500187100e-08 3.889065555527007276e-08 3.875306706073180688e-08 3.894501954671283497e-08 3.883989698743858673e-08 3.858398967581224789e-08 3.887090535474332484e-08 3.873146306648430744e-08 3.888819555458998139e-08
3.879899953328748200e-08 3.886901707427124783e-08 3.899391601630775790e-08 3.885779781792116047e-08 3.879670750719428525e-08 3.855971047312895629e-08 3.893756320190070294e-08 3.876701190820700924e-08 3.850681657766740037e-08 3.894722409899688626e-08 3.846506375076026531e-08 3.892526309114881901e-08 3.904589630645294455e-08 3.838053730638800926e-08 3.877650423915406608e-08 3.900161593984065368e-08 3.872799722687669311e-08 3.852175935430285557e-08 3.865127764633836902e-08 3.877934601822827192e-08 3.855031591451907534e-08 3.881434116586636779e-08 3.883613703585657735e-08 3.886392590672999870e-08 3.875592912885973136e-08 3.853511117270582871e-08 3.849360165794737599e-08 3.873170789862782337e-08 3.867027513023377716e-08 3.892742709216592190e-08 3.865768327478368467e-08 3.884597211803328043e-08 3.837561326651162911e-08 3.902413121370009092e-08 3.897142457338229243e-08 3.904619881313688036e-08 3.891699983157991641e-08 3.877913236426967061e-08 3.897166180316057231e-08 3.886631601970109984e-08 3.860976643066074439e-08 3.889725223050193286e-08 3.875780465696192937e-08 3.891440956794719971e-08
3.869349691171663191e-08 3.876230239218440422e-08 3.888672500574350981e-08 3.875163599345292993e-08 3.868989623535423641e-08 3.845404493573106333e-08 3.883066643749413010e-08 3.866106018911176260e-08 3.840184838882214296e-08 3.884101663622113939e-08 3.836037160926869778e-08 3.881925359588145433e-08 3.893862634720424002e-08 3.827634669397633290e-08 3.867009074021685531e-08 3.889462433687867257e-08 3.862225804896278868e-08 3.841653812547547458e-08 3.854471212071903595e-08 3.867346634554005774e-08 3.844507195377387267e-08 3.870812324049083954e-08 3.872967302466262327e-08 3.875592912885973136e-08 3.865069628617823609e-08 3.842973721513002969e-08 3.838876754300243751e-08 3.862524805858544714e-08 3.856423684822478503e-08 3.882145828858156526e-08 3.855180355037621444e-08 3.874049374153714084e-08 3.827079361590834359e-08 3.891716872928888675e-08 3.886478489235279153e-08 3.893929591322603781e-08 3.881035031442909271e-08 3.867286635297716648e-08 3.886469832261948452e-08 3.875959819515625396e-08 3.850506507229394166e-08 3.879105137310565795e-08 3.865176782648151536e-08 3.880727429499027436e-08
3.847316408382553281e-08 3.854150661636083198e-08 3.866418914647892166e-08 3.853023082731930306e-08 3.846946766264138399e-08 3.823510934978001516e-08 3.860916134059131301e-08 3.844090798191076805e-08 3.818396437445346139e-08 3.861890094549083725e-08 3.814149367304558264e-08 3.859778713489849450e-08 3.871640625035008801e-08 3.805880473073922186e-08 3.844943603341160742e-08 3.867282091178133735e-08 3.840138815882800704e-08 3.819733321883502317e-08 3.832573923455237788e-08 3.845244936931294937e-08 3.822650969178659911e-08 3.848704723187681537e-08 3.850850570937785962e-08 3.853511117270582871e-08 3.842973721513002969e-08 3.821177705772082530e-08 3.817117836254192876e-08 3.840447886420368598e-08 3.834469327178946190e-08 3.859925495929484469e-08 3.833276025089753104e-08 3.851947999949294143e-08 3.805290611539428270e-08 3.869504448216421850e-08 3.864296691941874155e-08 3.871690439075561923e-08 3.858836578928430726e-08 3.845246919950067721e-08 3.864257648323939809e-08 3.853840203593893279e-08 3.828561589138577203e-08 3.856913274645288866e-08 3.843120448302372183e-08 3.858669165295806256e-08
3.843235770965162892e-08 3.850054255977734172e-08 3.862229206658524720e-08 3.848869385149145687e-08 3.842946017584261107e-08 3.819519154313733533e-08 3.856804457016911688e-08 3.840081965065079308e-08 3.814418005306801549e-08 3.857741864253245551e-08 3.810212681735123174e-08 3.855603736139092135e-08 3.867503555079925613e-08 3.801914573369789518e-08 3.840779080843055370e-08 3.863128470712938373e-08 3.835973921999217815e-08 3.815687380322564535e-08 3.828512194317696767e-08 3.841179371768835961e-08 3.818652549013272365e-08 3.844569472741895206e-08 3.846740484985209064e-08 3.849360165794737599e-08 3.838876754300243751e-08 3.817117836254192876e-08 3.813344914947634320e-08 3.836264628490566994e-08 3.830442137198824530e-08 3.855860802200565341e-08 3.829273013659504519e-08 3.847859151406856590e-08 3.801290518301570616e-08 3.865352318793843292e-08 3.860146032226849835e-08 3.867463397729624437e-08 3.854681749465251629e-08 3.841186992370893858e-08 3.860090375833388862e-08 3.849739363040676586e-08 3.824696128292242698e-08 3.852745073179057048e-08 3.839047530229813534e-08 3.854545350474989212e-08
3.866806142911428490e-08 3.873768654410848652e-08 3.886339123482647525e-08 3.872642459034758163e-08 3.866471335235390745e-08 3.843108461634473718e-08 3.880649788503686034e-08 3.863692029998134862e-08 3.837624968726744128e-08 3.881672421217857771e-08 3.833568805552712551e-08 3.879452294796180408e-08 3.891441971660959813e-08 3.825132332855828660e-08 3.864645771977554198e-08 3.886951607890177537e-08 3.859846611412606502e-08 3.839231919062202818e-08 3.852107906868418778e-08 3.864918830826286893e-08 3.842106872230379111e-08 3.868480158085714962e-08 3.870595486846650175e-08 3.873170789862782337e-08 3.862524805858544714e-08 3.840447886420368598e-08 3.836264628490566994e-08 3.860410617337438310e-08 3.853980456492707244e-08 3.879716898690509979e-08 3.852761960354533297e-08 3.871583020615806472e-08 3.824728589332145799e-08 3.889213785337753748e-08 3.883911443806710786e-08 3.891414211304665745e-08 3.878509020044379085e-08 3.864996037598537115e-08 3.884084141095295252e-08 3.873437338570055311e-08 3.847906617447179140e-08 3.876699331194383143e-08 3.862717812418939279e-08 3.878359563201868768e-08
3.860773694566321650e-08 3.867674062335841206e-08 3.880026687859944531e-08 3.866560829042404387e-08 3.860459492951716476e-08 3.836931570044321070e-08 3.874453568632604248e-08 3.857563068166141958e-08 3.831680346121383872e-08 3.875458129453735795e-08 3.827503268290748967e-08 3.873253504453932252e-08 3.885257572081436822e-08 3.819139327017536340e-08 3.858450808563876957e-08 3.880834928060891411e-08 3.853668335695270490e-08 3.833103491066959804e-08 3.846024230489373725e-08 3.858778012183168416e-08 3.836018255419921729e-08 3.862247466778094866e-08 3.864411040577276174e-08 3.867027513023377716e-08 3.856423684822478503e-08 3.834469327178946190e-08 3.830442137198824530e-08 3.853980456492707244e-08 3.847972996479618352e-08 3.873548681266149359e-08 3.846697716615995739e-08 3.865445044652355053e-08 3.818618527789818050e-08 3.883101539017178444e-08 3.877843754596547080e-08 3.885263047811312548e-08 3.872390908031068507e-08 3.858782955062327953e-08 3.877813647388290744e-08 3.867395808086910671e-08 3.841983260914023211e-08 3.870466165239338126e-08 3.856645824442554783e-08 3.872217097676904195e-08
3.886504034197630808e-08 3.893428750897152855e-08 3.905956556437943315e-08 3.892378897181128010e-08 3.886151689027037808e-08 3.862481625013360482e-08 3.900283288594803104e-08 3.883256263171835035e-08 3.857125674122203217e-08 3.901316194302996557e-08 3.853027889133916701e-08 3.899070722565866698e-08 3.911157873125708687e-08 3.844516813580845694e-08 3.884164933740123646e-08 3.906700725276844929e-08 3.879393373193021410e-08 3.858656570773373727e-08 3.871571694480978807e-08 3.884558352672541197e-08 3.861544117669777988e-08 3.887998565165211887e-08 3.890191169656299161e-08 3.892742709216592190e-08 3.882145828858156526e-08 3.859925495929484469e-08 3.855860802200565341e-08 3.879716898690509979e-08 3.873548681266149359e-08 3.899450912606497739e-08 3.872265737397189054e-08 3.891212324081956745e-08 3.844041174524725529e-08 3.909006184761254036e-08 3.903665417055496394e-08 3.911177054143582713e-08 3.898200647916090667e-08 3.884493061652908279e-08 3.903701092802677762e-08 3.893181910549470377e-08 3.867563653117852836e-08 3.896335826872143200e-08 3.882317155492733678e-08 3.897969453641182803e-08
3.859509155362726746e-08 3.866413457975230726e-08 3.878730242368074391e-08 3.865314864031905927e-08 3.859193343241828786e-08 3.835757373215772813e-08 3.873245437718216814e-08 3.856338649747059260e-08 3.830480965583808286e-08 3.874213698434780167e-08 3.826307978519009101e-08 3.871992691968369258e-08 3.884013131337191678e-08 3.817967704978352241e-08 3.857146195242422742e-08 3.879527502191240084e-08 3.852343442987379302e-08 3.831887788753136367e-08 3.844792262720920600e-08 3.857533463751178426e-08 3.834845999123458681e-08 3.861034744722697168e-08 3.863100615525522213e-08 3.865768327478368467e-08 3.855180355037621444e-08 3.833276025089753104e-08 3.829273013659504519e-08 3.852761960354533297e-08 3.846697716615995739e-08 3.872265737397189054e-08 3.845587689957710475e-08 3.864211153300739529e-08 3.817464026408546442e-08 3.881813513449421138e-08 3.876509186209592202e-08 3.883968157916040882e-08 3.871051246011250395e-08 3.857630673388312209e-08 3.876552507128163611e-08 3.866111486223806994e-08 3.840756046616110927e-08 3.869226266325434359e-08 3.855369182317104952e-08 3.870955874079890080e-08
3.878385633936451016e-08 3.885266315598357132e-08 3.897721757082378678e-08 3.884192829151970463e-08 3.878012715661852735e-08 3.854432016598836186e-08 3.892124738134962923e-08 3.875153178815521848e-08 3.849149909817643300e-08 3.893153929850633799e-08 3.844981551170666628e-08 3.890961309871881280e-08 3.902945829578302377e-08 3.836585004209121060e-08 3.876039622221572361e-08 3.898518061661703547e-08 3.871239436356260417e-08 3.850614664960353110e-08 3.863528729038301502e-08 3.876369294963666534e-08 3.853533952520148804e-08 3.879852367265075295e-08 3.882008231952357768e-08 3.884597211803328043e-08 3.874049374153714084e-08 3.851947999949294143e-08 3.847859151406856590e-08 3.871583020615806472e-08 3.865445044652355053e-08 3.891212324081956745e-08 3.864211153300739529e-08 3.883120022460561863e-08 3.836050679419143530e-08 3.900773873063793812e-08 3.895506875884174514e-08 3.902969810478374841e-08 3.890029932801420062e-08 3.876370199708099859e-08 3.895520513825422271e-08 3.884973868534443897e-08 3.859481309360593438e-08 3.888156211064821469e-08 3.874199284191157548e-08 3.889812956140560245e-08
3.831342107555533780e-08 3.838172657219261116e-08 3.850532502153825524e-08 3.837096232572260341e-08 3.831024163357888198e-08 3.807814836628781033e-08 3.844969152203062166e-08 3.828235575525233718e-08 3.802514846830949383e-08 3.845981527945889910e-08 3.798453880813813793e-08 3.843821190469318080e-08 3.855662373020624699e-08 3.790142886135796233e-08 3.829075273171955164e-08 3.851211574468732071e-08 3.824272609080854185e-08 3.804027567476122930e-08 3.816757858325771490e-08 3.829385087004935746e-08 3.806872029614493812e-08 3.832909624142050622e-08 3.834966916461702808e-08 3.837561326651162911e-08 3.827079361590834359e-08 3.805290611539428270e-08 3.801290518301570616e-08 3.824728589332145799e-08 3.818618527789818050e-08 3.844041174524725529e-08 3.817464026408546442e-08 3.836050679419143530e-08 3.789684572487076396e-08 3.853446873566904876e-08 3.848259890585743871e-08 3.855614805924603595e-08 3.842867777996598937e-08 3.829475433019068207e-08 3.848339413952084617e-08 3.837838899809607792e-08 3.812749888004350979e-08 3.841032306925412008e-08 3.827238648215903037e-08 3.842708572486177997e-08
3.896110691668683685e-08 3.903113686781486512e-08 3.915581622295669821e-08 3.902036919434436753e-08 3.895779462761802661e-08 3.871929509948567622e-08 3.909931437850786829e-08 3.892783469603912983e-08 3.866686556231614765e-08 3.910922617330060728e-08 3.862500397056288338e-08 3.908727975862197505e-08 3.920844674667155300e-08 3.853952585277956003e-08 3.893763556692076670e-08 3.916423249799146204e-08 3.888940795837446771e-08 3.868138042689606505e-08 3.881125736858238521e-08 3.894084118109980983e-08 3.870974635999522858e-08 3.897557184776936627e-08 3.899778726519856236e-08 3.902413121370009092e-08 3.891716872928888675e-08 3.869504448216421850e-08 3.865352318793843292e-08 3.889213785337753748e-08 3.883101539017178444e-08 3.909006184761254036e-08 3.881813513449421138e-08 3.900773873063793812e-08 3.853446873566904876e-08 3.918783544145385569e-08 3.913347472607579798e-08 3.920935771282250431e-08 3.907863382782044093e-08 3.893966726374997906e-08 3.913358511569784653e-08 3.902867722109196870e-08 3.877031299300950948e-08 3.905935132181348766e-08 3.891839661383542509e-08 3.907606506547197697e-08
3.890843322756702394e-08 3.897753834599833274e-08 3.910233801626385006e-08 3.896658407686107380e-08 3.890481234613877272e-08 3.866679540273875766e-08 3.904611657848808802e-08 3.887539232003688863e-08 3.861488447984876516e-08 3.905643961645062752e-08 3.857280564890138416e-08 3.903462283433615870e-08 3.915482822311151603e-08 3.848824450919121452e-08 3.888530196383377510e-08 3.911096822663442667e-08 3.883655855543651191e-08 3.862943922946236923e-08 3.875890501597880275e-08 3.888770062020654442e-08 3.865773345938189876e-08 3.892263110242001653e-08 3.894489347195772999e-08 3.897142457338229243e-08 3.886478489235279153e-08 3.864296691941874155e-08 3.860146032226849835e-08 3.883911443806710786e-08 3.877843754596547080e-08 3.903665417055496394e-08 3.876509186209592202e-08 3.895506875884174514e-08 3.848259890585743871e-08 3.913347472607579798e-08 3.908129649974290688e-08 3.915575724866832812e-08 3.902654641482482060e-08 3.888675542582434134e-08 3.908006767710383912e-08 3.897511913621261049e-08 3.871826731016314849e-08 3.900589953396949343e-08 3.886624364372532666e-08 3.902284121287356450e-08
3.898321162414895600e-08 3.905279333070417108e-08 3.917788349998938173e-08 3.904217776233270315e-08 3.897910349293207856e-08 3.874086626681603310e-08 3.912123238097727916e-08 3.894962775967708771e-08 3.868870613133936920e-08 3.913129071218437687e-08 3.864632437518062930e-08 3.910952597308708842e-08 3.923033350761207995e-08 3.856150650968312314e-08 3.895965837648250387e-08 3.918630586245291628e-08 3.891143635560833033e-08 3.870310997628082874e-08 3.883292256639457615e-08 3.896261410214186901e-08 3.873168084354040830e-08 3.899761714296562539e-08 3.901977112500187100e-08 3.904619881313688036e-08 3.893929591322603781e-08 3.871690439075561923e-08 3.867463397729624437e-08 3.891414211304665745e-08 3.885263047811312548e-08 3.911177054143582713e-08 3.883968157916040882e-08 3.902969810478374841e-08 3.855614805924603595e-08 3.920935771282250431e-08 3.915575724866832812e-08 3.923180939094998795e-08 3.910106722849082878e-08 3.896165738444354018e-08 3.915559451295291532e-08 3.905032639650937103e-08 3.879184946730728528e-08 3.908120900970895780e-08 3.894048710664958389e-08 3.909805718679811352e-08
