2.675781017574064171e-08 2.689120400125722311e-08 2.705122224348086456e-08 2.700898555932313122e-08 2.692553506694174806e-08 2.672226376689030336e-08 2.694332065978783522e-08 2.683518136758588214e-08 2.659447764956164788e-08 2.694541945894855528e-08 2.658510466288435110e-08 2.688614019994642023e-08 2.707279765468494864e-08 2.646850702145578328e-08 2.690940230399914411e-08 2.696927951831164091e-08 2.682604544196557508e-08 2.666724654383460088e-08 2.675463100740009195e-08 2.683328487152082593e-08 2.669664209734820867e-08 2.685673556611351253e-08 2.695420635253103350e-08 2.692516155859692676e-08 2.675786637978443131e-08 2.664925297908417624e-08 2.659520628809692608e-08 2.684616034232992639e-08 2.681137784917049320e-08 2.703895517812542747e-08 2.671062268277381544e-08 2.686029655843281985e-08 2.656554069388564498e-08 2.706939630130015388e-08 2.699536834953944766e-08 2.708982177159480221e-08 2.691877312738647754e-08 2.689913210078867927e-08 2.700544747841199354e-08 2.692319478426403184e-08 2.665946686401241124e-08 2.692470932419761326e-08 2.682395613808120842e-08 2.696073286256971488e-08
2.689120400125722311e-08 2.703204370208248591e-08 2.719267435509906419e-08 2.714936284694727454e-08 2.706333788640390595e-08 2.685655036024574856e-08 2.708275632455314765e-08 2.697168962501318260e-08 2.672650736544004677e-08 2.708314891744600132e-08 2.671475170732610038e-08 2.702326662547320775e-08 2.721416803946598675e-08 2.659769983519514997e-08 2.704767782741921578e-08 2.710834714581504936e-08 2.696245358910331735e-08 2.680058850551700923e-08 2.688893963738308514e-08 2.697007440552083488e-08 2.682896620035119512e-08 2.699440631090943912e-08 2.709298745513605039e-08 2.706362086845917304e-08 2.689276565275085224e-08 2.678266486399743672e-08 2.672705647052167006e-08 2.698426408063521062e-08 2.694683891867601732e-08 2.717951010301956016e-08 2.684410919117856587e-08 2.699583104507652396e-08 2.669736954067644228e-08 2.721215624620364805e-08 2.713457790284830767e-08 2.723267788165304927e-08 2.705774209615305958e-08 2.703681161346726336e-08 2.714460183651402665e-08 2.706230952720789813e-08 2.679119010448150991e-08 2.706327990762796886e-08 2.696047463325637330e-08 2.710256479435330595e-08
2.705122224348086456e-08 2.719267435509906419e-08 2.735516886171938325e-08 2.731113608310034031e-08 2.722464109029846546e-08 2.701654023191199143e-08 2.724415266075637428e-08 2.713255690659992012e-08 2.688631783216113499e-08 2.724444552767601775e-08 2.687425707460246538e-08 2.718483221083927980e-08 2.737637904975424695e-08 2.675648369973341806e-08 2.720915457116113737e-08 2.727012162997363501e-08 2.712302120682823456e-08 2.696089958203955982e-08 2.704948706821513594e-08 2.713131657183333371e-08 2.698926659712798916e-08 2.715530085856079797e-08 2.725464516077466283e-08 2.722486442535926354e-08 2.705285165713008576e-08 2.694268572767219500e-08 2.688696931879677246e-08 2.714546526960288627e-08 2.710790900226444768e-08 2.734147561736735098e-08 2.700454764234225456e-08 2.715669336985501835e-08 2.685673925385034110e-08 2.737414207268027390e-08 2.729618594890229552e-08 2.739497289698086134e-08 2.721884653318919878e-08 2.719837682359524832e-08 2.730589689445917535e-08 2.722372632728912174e-08 2.695091300447652246e-08 2.722492164915951462e-08 2.712114918049659295e-08 2.726372469709906608e-08
2.700898555932313122e-08 2.714936284694727454e-08 2.731113608310034031e-08 2.726929093706462581e-08 2.718205896504251725e-08 2.697521329263222470e-08 2.720086524000340392e-08 2.709023014144218075e-08 2.684465980169982365e-08 2.720137874586054401e-08 2.683259106705187070e-08 2.714152247288094394e-08 2.733267895770365220e-08 2.671511435612032645e-08 2.716624273540815712e-08 2.722701840109565908e-08 2.707997615565561232e-08 2.691851109365858762e-08 2.700765630575084814e-08 2.708854171054166886e-08 2.694713840875297458e-08 2.711246625732271439e-08 2.721201765368535987e-08 2.718161502538605174e-08 2.701083765305272146e-08 2.690132085336266556e-08 2.684532503328188413e-08 2.710243580786182237e-08 2.706568819691326189e-08 2.729843693077508856e-08 2.696229410055059088e-08 2.711431142595322563e-08 2.681521552066879152e-08 2.733033048202252808e-08 2.725300213556955209e-08 2.735166411455228359e-08 2.717588720763561662e-08 2.715625801838689620e-08 2.726372153632821811e-08 2.718087304251530295e-08 2.691032977217831280e-08 2.718206667458868524e-08 2.707850891954123648e-08 2.722107182955144007e-08
2.692553506694174806e-08 2.706333788640390595e-08 2.722464109029846546e-08 2.718205896504251725e-08 2.709769291155866973e-08 2.689121377004038945e-08 2.711542727252635781e-08 2.700585035351020531e-08 2.676217942978826540e-08 2.711667343258587927e-08 2.675069304401658379e-08 2.705696784218154430e-08 2.724684925903145388e-08 2.663369603732312494e-08 2.708093524818409980e-08 2.714158167951743287e-08 2.699614701084140916e-08 2.683556385102592596e-08 2.692437772035033685e-08 2.700415990337499400e-08 2.686472265362202318e-08 2.702759905953741658e-08 2.712620176504079858e-08 2.709659278378358097e-08 2.692695501413774989e-08 2.681796614202423582e-08 2.676281009315858124e-08 2.701740341465306039e-08 2.698127388326529066e-08 2.721198720658503428e-08 2.687910975965772384e-08 2.702997594166878836e-08 2.673329923752167489e-08 2.724367697790899551e-08 2.716778195680782346e-08 2.726475431952508126e-08 2.709049873687926018e-08 2.707077554600892809e-08 2.717783965860629108e-08 2.709562412913946286e-08 2.682706320601633563e-08 2.709689740230296820e-08 2.699431894667898728e-08 2.713471093421641863e-08
2.672226376689030336e-08 2.685655036024574856e-08 2.701654023191199143e-08 2.697521329263222470e-08 2.689121377004038945e-08 2.668976235247874162e-08 2.690841453299489783e-08 2.680109123904506453e-08 2.656076673028358398e-08 2.691010972662585633e-08 2.655121346929719397e-08 2.685173107836606366e-08 2.703730354178827282e-08 2.643514752999659369e-08 2.687540487232525562e-08 2.693503699838775338e-08 2.679073708716240709e-08 2.663229500398087742e-08 2.672134368439455637e-08 2.679934708125000962e-08 2.666245792854762041e-08 2.682203525283885976e-08 2.691924034732610299e-08 2.688969345637926019e-08 2.672339733408758669e-08 2.661651892146641542e-08 2.656144852310841979e-08 2.681190915378019104e-08 2.677726505423426289e-08 2.700409600628528785e-08 2.667584105458035703e-08 2.682547646504931792e-08 2.653235709415306586e-08 2.703462156043493423e-08 2.696094630717066671e-08 2.705486743316113191e-08 2.688428665607781273e-08 2.686573124444047776e-08 2.697089992400765662e-08 2.688903625531037636e-08 2.662597200026794101e-08 2.689027419874821365e-08 2.678969067853188313e-08 2.692621510059990756e-08
2.694332065978783522e-08 2.708275632455314765e-08 2.724415266075637428e-08 2.720086524000340392e-08 2.711542727252635781e-08 2.690841453299489783e-08 2.713566749006377461e-08 2.702350859224914876e-08 2.678011476015305797e-08 2.713526216721852990e-08 2.676727862064966091e-08 2.707561089020535480e-08 2.726608453908418095e-08 2.665033653568835033e-08 2.709971856700723698e-08 2.716024961806971731e-08 2.701414712601147701e-08 2.685312062897874185e-08 2.694139617088053267e-08 2.702244306129167229e-08 2.688180293640476186e-08 2.704682853473299349e-08 2.714518552376742069e-08 2.711531666988434738e-08 2.694484068678019260e-08 2.683511687024275413e-08 2.677923311723851110e-08 2.703615591084142592e-08 2.699935123087374068e-08 2.723153831573597493e-08 2.689693655098511721e-08 2.704838469742516570e-08 2.675037151667007058e-08 2.726392770857355195e-08 2.718734216516045665e-08 2.728441009862117068e-08 2.710916732055867099e-08 2.708884232418154616e-08 2.719668480867516658e-08 2.711416290755782794e-08 2.684344376105072193e-08 2.711544397729940206e-08 2.701254044932015846e-08 2.715413225990729386e-08
2.683518136758588214e-08 2.697168962501318260e-08 2.713255690659992012e-08 2.709023014144218075e-08 2.700585035351020531e-08 2.680109123904506453e-08 2.702350859224914876e-08 2.691536348234778858e-08 2.667241882239795660e-08 2.702501139272236153e-08 2.666213203851827718e-08 2.696600315580059568e-08 2.715421398123554169e-08 2.654564159619388046e-08 2.698935167246047299e-08 2.704993248933547205e-08 2.690533667215900459e-08 2.674593482988223296e-08 2.683395872673937332e-08 2.691323336322917063e-08 2.677485119293153529e-08 2.693619427187246230e-08 2.703447547999531529e-08 2.700508216532015074e-08 2.683665145065348552e-08 2.672808214687286526e-08 2.667407029846598899e-08 2.692619434461266923e-08 2.689084951891752703e-08 2.711986032163434722e-08 2.678917826137797250e-08 2.693938606260543715e-08 2.664400453310884039e-08 2.715103747329124439e-08 2.707598749733469639e-08 2.717165128741921459e-08 2.699906574156504015e-08 2.697950282141368547e-08 2.708598650089711292e-08 2.700389304926701338e-08 2.673742674216062009e-08 2.700518809854345209e-08 2.690326167157823476e-08 2.704221942403401262e-08
2.659447764956164788e-08 2.672650736544004677e-08 2.688631783216113499e-08 2.684465980169982365e-08 2.676217942978826540e-08 2.656076673028358398e-08 2.678011476015305797e-08 2.667241882239795660e-08 2.643542939974234585e-08 2.678113968576614726e-08 2.642481896881335059e-08 2.672313806393452145e-08 2.690759191866454213e-08 2.630945651476870348e-08 2.674582783622150261e-08 2.680546437205484115e-08 2.666237822187754307e-08 2.650602236807397473e-08 2.659332548243409988e-08 2.667099946554167325e-08 2.653564386115476876e-08 2.669371713916751964e-08 2.679030151742516725e-08 2.676070069649745202e-08 2.659552114316412725e-08 2.648902153082015908e-08 2.643480812935161218e-08 2.668321818857355352e-08 2.664942074018027447e-08 2.687436746973299087e-08 2.654927719840176866e-08 2.669739012747872923e-08 2.640622029588732161e-08 2.690452252455570024e-08 2.683206921970509047e-08 2.692463563001998010e-08 2.675469305660332256e-08 2.673629340813987698e-08 2.684135227510374630e-08 2.675965298008460234e-08 2.649828124734089021e-08 2.676130645182023389e-08 2.666129985031420301e-08 2.679640727769004519e-08
2.694541945894855528e-08 2.708314891744600132e-08 2.724444552767601775e-08 2.720137874586054401e-08 2.711667343258587927e-08 2.691010972662585633e-08 2.713526216721852990e-08 2.702501139272236153e-08 2.678113968576614726e-08 2.713700339941496278e-08 2.677035167950977879e-08 2.707658752664285298e-08 2.726626633984013309e-08 2.665274024794429861e-08 2.710046308824530841e-08 2.716093154605782397e-08 2.701579187057099832e-08 2.685487593670493836e-08 2.694309704027339208e-08 2.702363746137499939e-08 2.688407319342560611e-08 2.704740182607227593e-08 2.714583021568111350e-08 2.711646918232482462e-08 2.694662142380398967e-08 2.683671926037967875e-08 2.678164661230399170e-08 2.703729514410629160e-08 2.700043139234397238e-08 2.723196113413776152e-08 2.689816162267260926e-08 2.704995026658884137e-08 2.675163824169387739e-08 2.726362661502590977e-08 2.718734865333783258e-08 2.728433723553188363e-08 2.711025915551105604e-08 2.708992668834820933e-08 2.719728475073469112e-08 2.711514340944175482e-08 2.684562824487869563e-08 2.711610831728690602e-08 2.701402419668621918e-08 2.715408665184183160e-08
2.658510466288435110e-08 2.671475170732610038e-08 2.687425707460246538e-08 2.683259106705187070e-08 2.675069304401658379e-08 2.655121346929719397e-08 2.676727862064966091e-08 2.666213203851827718e-08 2.642481896881335059e-08 2.677035167950977879e-08 2.641901084153230842e-08 2.671239524944940443e-08 2.689442772023170769e-08 2.630266129681505710e-08 2.673403716295918468e-08 2.679371769798001758e-08 2.665196534236776735e-08 2.649618369860288382e-08 2.658339203493324324e-08 2.666027074612500421e-08 2.652695819917261737e-08 2.668190729651146721e-08 2.677818343667729311e-08 2.674955788990305394e-08 2.658607139817389315e-08 2.647952640704080995e-08 2.642672347092389195e-08 2.667244249242007022e-08 2.663842699007949437e-08 2.686155743785373743e-08 2.653909325326785085e-08 2.668707157131717378e-08 2.639631124992686503e-08 2.689110163032483004e-08 2.681899855148971473e-08 2.691064818142602885e-08 2.674395855528018202e-08 2.672492413529463873e-08 2.682928105387967161e-08 2.674817825173595476e-08 2.648993282770633460e-08 2.674897606486487896e-08 2.665036325621046003e-08 2.678239405876360661e-08
2.688614019994642023e-08 2.702326662547320775e-08 2.718483221083927980e-08 2.714152247288094394e-08 2.705696784218154430e-08 2.685173107836606366e-08 2.707561089020535480e-08 2.696600315580059568e-08 2.672313806393452145e-08 2.707658752664285298e-08 2.671239524944940443e-08 2.701828425845832832e-08 2.720633452278273582e-08 2.659556157222023888e-08 2.704144682801784536e-08 2.710132628264285436e-08 2.695652965468154537e-08 2.679658139901486817e-08 2.688448068284819867e-08 2.696474029952083265e-08 2.682546175531248587e-08 2.698810998351189341e-08 2.708616333688987892e-08 2.705698367719345438e-08 2.688711640140178844e-08 2.677880729748214582e-08 2.672428985986012412e-08 2.697799572069642824e-08 2.694197539219047476e-08 2.717181596972023407e-08 2.683992253968750134e-08 2.699056281055653147e-08 2.669447299994344656e-08 2.720308779705058528e-08 2.712772690056309204e-08 2.722355628846726125e-08 2.705037365588391918e-08 2.703088616810416615e-08 2.713703232161904900e-08 2.705542294014285729e-08 2.678786747085177368e-08 2.705665289579999264e-08 2.695461742158630971e-08 2.709358589953571639e-08
2.707279765468494864e-08 2.721416803946598675e-08 2.737637904975424695e-08 2.733267895770365220e-08 2.724684925903145388e-08 2.703730354178827282e-08 2.726608453908418095e-08 2.715421398123554169e-08 2.690759191866454213e-08 2.726626633984013309e-08 2.689442772023170769e-08 2.720633452278273582e-08 2.739957543834779623e-08 2.677680744430612325e-08 2.723067049172703910e-08 2.729167825091453549e-08 2.714505592038265226e-08 2.698239843911776585e-08 2.707085050738562272e-08 2.715257890960416723e-08 2.701039736290178261e-08 2.717739921210671203e-08 2.727657621756717603e-08 2.724714272440901120e-08 2.707408911934650884e-08 2.696360586785629167e-08 2.690808017184651500e-08 2.716679324313733123e-08 2.712942685893664974e-08 2.736352561121981533e-08 2.702619197418451854e-08 2.717813844558205701e-08 2.687846906401615428e-08 2.739647345047959484e-08 2.731837359224030485e-08 2.741738643837244939e-08 2.724016757405994510e-08 2.721958183019047167e-08 2.732824459504039725e-08 2.724570227529548734e-08 2.697218478203936542e-08 2.724698066138155228e-08 2.714248355346342862e-08 2.728621756982015008e-08
2.646850702145578328e-08 2.659769983519514997e-08 2.675648369973341806e-08 2.671511435612032645e-08 2.663369603732312494e-08 2.643514752999659369e-08 2.665033653568835033e-08 2.654564159619388046e-08 2.630945651476870348e-08 2.665274024794429861e-08 2.630266129681505710e-08 2.659556157222023888e-08 2.677680744430612325e-08 2.618809846138945822e-08 2.661715139126870299e-08 2.667618147285204155e-08 2.653504302409098966e-08 2.638030696503443418e-08 2.646732543071896259e-08 2.654345320545833364e-08 2.641085454731844905e-08 2.656473333208588531e-08 2.666075765935883658e-08 2.663216166928401457e-08 2.646966887874234512e-08 2.636379667654378834e-08 2.631144257305484164e-08 2.655494736957483296e-08 2.652207541381165148e-08 2.674399863419897908e-08 2.642348213639285090e-08 2.657034072818622580e-08 2.628185313703698663e-08 2.677305366372959574e-08 2.670177975442363445e-08 2.679263920251827981e-08 2.662687841568494427e-08 2.660795669035714220e-08 2.671214579431122554e-08 2.663077991129548845e-08 2.637422650991645247e-08 2.663199118530654629e-08 2.653348171617176457e-08 2.666555198188265164e-08
2.690940230399914411e-08 2.704767782741921578e-08 2.720915457116113737e-08 2.716624273540815712e-08 2.708093524818409980e-08 2.687540487232525562e-08 2.709971856700723698e-08 2.698935167246047299e-08 2.674582783622150261e-08 2.710046308824530841e-08 2.673403716295918468e-08 2.704144682801784536e-08 2.723067049172703910e-08 2.661715139126870299e-08 2.706727697245067929e-08 2.712552628063817716e-08 2.697986340004421464e-08 2.681890256284480930e-08 2.690804301572575788e-08 2.698887814075000089e-08 2.684832951900892886e-08 2.701266789081334545e-08 2.711046244386266585e-08 2.708065909483078122e-08 2.691014819391411627e-08 2.680226225438265677e-08 2.674631629808078215e-08 2.700215126878188549e-08 2.696572485830527107e-08 2.719634257669132833e-08 2.686241890344345573e-08 2.701450459877040754e-08 2.671663364913732685e-08 2.722818993449319663e-08 2.715169219606759828e-08 2.724819888747830772e-08 2.707504405356165201e-08 2.705511279291070741e-08 2.716225587110373816e-08 2.707977816504293412e-08 2.681069315343881641e-08 2.708082829787856889e-08 2.697755198725169876e-08 2.711882127973171302e-08
2.696927951831164091e-08 2.710834714581504936e-08 2.727012162997363501e-08 2.722701840109565908e-08 2.714158167951743287e-08 2.693503699838775338e-08 2.716024961806971731e-08 2.704993248933547205e-08 2.680546437205484115e-08 2.716093154605782397e-08 2.679371769798001758e-08 2.710132628264285436e-08 2.729167825091453549e-08 2.667618147285204155e-08 2.712552628063817716e-08 2.718703052040900937e-08 2.704046081346088605e-08 2.687922310930314682e-08 2.696787623772576610e-08 2.704836786656249583e-08 2.690784490719642533e-08 2.707225184237584407e-08 2.717106144438349937e-08 2.714106762224744909e-08 2.697075219072661136e-08 2.686116196094515059e-08 2.680586241287245012e-08 2.706216306432355636e-08 2.702554921857610271e-08 2.725707844529548952e-08 2.692275255846428309e-08 2.707400427895790279e-08 2.677610620930399365e-08 2.728942437407653018e-08 2.721307671825093605e-08 2.731010545168664350e-08 2.713485899224915140e-08 2.711523466301487411e-08 2.722230115752040490e-08 2.714021435485544250e-08 2.686981570620340217e-08 2.714152822277023509e-08 2.703822399181419973e-08 2.717938662902337768e-08
2.682604544196557508e-08 2.696245358910331735e-08 2.712302120682823456e-08 2.707997615565561232e-08 2.699614701084140916e-08 2.679073708716240709e-08 2.701414712601147701e-08 2.690533667215900459e-08 2.666237822187754307e-08 2.701579187057099832e-08 2.665196534236776735e-08 2.695652965468154537e-08 2.714505592038265226e-08 2.653504302409098966e-08 2.697986340004421464e-08 2.704046081346088605e-08 2.689682313879081095e-08 2.673647631795450770e-08 2.682350788704974253e-08 2.690349849520833579e-08 2.676481444662202569e-08 2.692705719076360719e-08 2.702534336524021869e-08 2.699612543577168626e-08 2.682671327454251629e-08 2.671772547864328344e-08 2.666399004060501566e-08 2.691692517096853277e-08 2.688099407525935286e-08 2.711051446391539006e-08 2.677917243557440421e-08 2.692997155874319019e-08 2.663362330648894685e-08 2.714172693159948367e-08 2.706713369363163378e-08 2.716248156381972877e-08 2.698946648467389750e-08 2.696934676809226179e-08 2.707617897365986727e-08 2.699422288927041194e-08 2.672719321901275341e-08 2.699547884510714310e-08 2.689378858150637688e-08 2.703294525545748078e-08
2.666724654383460088e-08 2.680058850551700923e-08 2.696089958203955982e-08 2.691851109365858762e-08 2.683556385102592596e-08 2.663229500398087742e-08 2.685312062897874185e-08 2.674593482988223296e-08 2.650602236807397473e-08 2.685487593670493836e-08 2.649618369860288382e-08 2.679658139901486817e-08 2.698239843911776585e-08 2.638030696503443418e-08 2.681890256284480930e-08 2.687922310930314682e-08 2.673647631795450770e-08 2.657956708370152745e-08 2.666552052421343243e-08 2.674417344718750088e-08 2.660760521576785810e-08 2.676659546085289582e-08 2.686402409902890745e-08 2.683504253239966244e-08 2.666834838462882646e-08 2.656047852642602466e-08 2.650809478154549331e-08 2.675644234615008245e-08 2.672209103837542843e-08 2.694843040790051028e-08 2.662192091230357180e-08 2.677065608732355624e-08 2.647780880520025871e-08 2.697849706138520367e-08 2.690534624607568353e-08 2.699924863954294130e-08 2.682835087570961113e-08 2.680940514180059665e-08 2.691474763813605247e-08 2.683321602630016671e-08 2.657020350417406525e-08 2.683459896517797887e-08 2.673423490272661574e-08 2.687065700128784350e-08
2.675463100740009195e-08 2.688893963738308514e-08 2.704948706821513594e-08 2.700765630575084814e-08 2.692437772035033685e-08 2.672134368439455637e-08 2.694139617088053267e-08 2.683395872673937332e-08 2.659332548243409988e-08 2.694309704027339208e-08 2.658339203493324324e-08 2.688448068284819867e-08 2.707085050738562272e-08 2.646732543071896259e-08 2.690804301572575788e-08 2.696787623772576610e-08 2.682350788704974253e-08 2.666552052421343243e-08 2.675485892747534341e-08 2.683254153910416660e-08 2.669556118272618782e-08 2.685452934516241545e-08 2.695196086693665241e-08 2.692262230592941855e-08 2.675612113276275337e-08 2.664880842854506763e-08 2.659455521142941731e-08 2.684457841194472738e-08 2.680994927118196903e-08 2.703658978625169981e-08 2.670898814813690455e-08 2.685812109262712603e-08 2.656552497533418741e-08 2.706753496570067987e-08 2.699325198067448985e-08 2.708793724079591644e-08 2.691668040704591729e-08 2.689834742244642797e-08 2.700382810229379626e-08 2.692213842061862381e-08 2.665851692004549185e-08 2.692330250971130661e-08 2.682197271092900122e-08 2.695910395852890638e-08
2.683328487152082593e-08 2.697007440552083488e-08 2.713131657183333371e-08 2.708854171054166886e-08 2.700415990337499400e-08 2.679934708125000962e-08 2.702244306129167229e-08 2.691323336322917063e-08 2.667099946554167325e-08 2.702363746137499939e-08 2.666027074612500421e-08 2.696474029952083265e-08 2.715257890960416723e-08 2.654345320545833364e-08 2.698887814075000089e-08 2.704836786656249583e-08 2.690349849520833579e-08 2.674417344718750088e-08 2.683254153910416660e-08 2.691260109891666579e-08 2.677338667210416444e-08 2.693534491772916563e-08 2.703293530406250450e-08 2.700355782320833495e-08 2.683471539760416435e-08 2.672684371008333813e-08 2.667210717656250237e-08 2.692538019399999910e-08 2.688918925502082920e-08 2.711836667256249300e-08 2.678705375547916167e-08 2.693810867925000160e-08 2.664223710289582937e-08 2.714978983322916282e-08 2.707433832967083134e-08 2.717021621835416556e-08 2.699756854027083256e-08 2.697825217464583171e-08 2.708439002027082996e-08 2.700277246847916666e-08 2.673561837526875166e-08 2.700358438820000188e-08 2.690174678849999941e-08 2.704080344987500122e-08
2.669664209734820867e-08 2.682896620035119512e-08 2.698926659712798916e-08 2.694713840875297458e-08 2.686472265362202318e-08 2.666245792854762041e-08 2.688180293640476186e-08 2.677485119293153529e-08 2.653564386115476876e-08 2.688407319342560611e-08 2.652695819917261737e-08 2.682546175531248587e-08 2.701039736290178261e-08 2.641085454731844905e-08 2.684832951900892886e-08 2.690784490719642533e-08 2.676481444662202569e-08 2.660760521576785810e-08 2.669556118272618782e-08 2.677338667210416444e-08 2.663805357287499798e-08 2.679529915679761604e-08 2.689244905243452347e-08 2.686336477852381468e-08 2.669771246677380709e-08 2.659049707313690579e-08 2.653691516827380931e-08 2.678563854674404723e-08 2.675098472724107180e-08 2.697656867386011040e-08 2.665078383902082806e-08 2.679971323112201839e-08 2.650718122554463954e-08 2.700681230055654659e-08 2.693364865618571900e-08 2.702714334095237749e-08 2.685767198936904435e-08 2.683840453097916140e-08 2.694389588793452637e-08 2.686235254294642741e-08 2.660034671631755666e-08 2.686356597261250206e-08 2.676311289242856845e-08 2.689846575297618505e-08
2.685673556611351253e-08 2.699440631090943912e-08 2.715530085856079797e-08 2.711246625732271439e-08 2.702759905953741658e-08 2.682203525283885976e-08 2.704682853473299349e-08 2.693619427187246230e-08 2.669371713916751964e-08 2.704740182607227593e-08 2.668190729651146721e-08 2.698810998351189341e-08 2.717739921210671203e-08 2.656473333208588531e-08 2.701266789081334545e-08 2.707225184237584407e-08 2.692705719076360719e-08 2.676659546085289582e-08 2.685452934516241545e-08 2.693534491772916563e-08 2.679529915679761604e-08 2.696010111319897561e-08 2.705705745853145610e-08 2.702763196671556311e-08 2.685760814573638821e-08 2.674912865416581953e-08 2.669329896875722834e-08 2.694923614935756553e-08 2.691242541657950493e-08 2.714305539766624362e-08 2.680980372324702618e-08 2.696122011483800689e-08 2.666397975540603466e-08 2.717529627709566361e-08 2.709892995387721060e-08 2.719495135723851514e-08 2.702129734136352192e-08 2.700130758052381095e-08 2.710863899967134012e-08 2.702668177204847081e-08 2.675728391295425271e-08 2.702735437646071110e-08 2.692491176875212035e-08 2.706530166601361003e-08
2.695420635253103350e-08 2.709298745513605039e-08 2.725464516077466283e-08 2.721201765368535987e-08 2.712620176504079858e-08 2.691924034732610299e-08 2.714518552376742069e-08 2.703447547999531529e-08 2.679030151742516725e-08 2.714583021568111350e-08 2.677818343667729311e-08 2.708616333688987892e-08 2.727657621756717603e-08 2.666075765935883658e-08 2.711046244386266585e-08 2.717106144438349937e-08 2.702534336524021869e-08 2.686402409902890745e-08 2.695196086693665241e-08 2.703293530406250450e-08 2.689244905243452347e-08 2.705705745853145610e-08 2.715663988552295518e-08 2.712615001144727211e-08 2.695535273740560734e-08 2.684580202724149351e-08 2.679062278459310631e-08 2.704693803195067571e-08 2.701050439814923332e-08 2.724226183007908039e-08 2.690747790249106679e-08 2.705917629081759963e-08 2.676035251458120659e-08 2.727385833739413498e-08 2.719776021833460989e-08 2.729505622057270176e-08 2.711984435503104136e-08 2.709988885900892293e-08 2.720736319096343232e-08 2.712460739231802356e-08 2.685485045630084721e-08 2.712631163376547380e-08 2.702282339816708998e-08 2.716458281369855240e-08
2.692516155859692676e-08 2.706362086845917304e-08 2.722486442535926354e-08 2.718161502538605174e-08 2.709659278378358097e-08 2.688969345637926019e-08 2.711531666988434738e-08 2.700508216532015074e-08 2.676070069649745202e-08 2.711646918232482462e-08 2.674955788990305394e-08 2.705698367719345438e-08 2.724714272440901120e-08 2.663216166928401457e-08 2.708065909483078122e-08 2.714106762224744909e-08 2.699612543577168626e-08 2.683504253239966244e-08 2.692262230592941855e-08 2.700355782320833495e-08 2.686336477852381468e-08 2.702763196671556311e-08 2.712615001144727211e-08 2.709732054424915234e-08 2.692609184756165290e-08 2.681627918896088731e-08 2.676203200791581270e-08 2.701715144311479918e-08 2.698065139740731147e-08 2.721215381285544069e-08 2.687828747013393082e-08 2.702974992317346736e-08 2.673183016949022021e-08 2.724374267821301360e-08 2.716732916543503394e-08 2.726449543920110922e-08 2.709009707755527057e-08 2.706983687488690528e-08 2.717735679917347155e-08 2.709499669331292572e-08 2.682584225886015816e-08 2.709626604350952353e-08 2.699367580357695323e-08 2.713427995218834507e-08
2.675786637978443131e-08 2.689276565275085224e-08 2.705285165713008576e-08 2.701083765305272146e-08 2.692695501413774989e-08 2.672339733408758669e-08 2.694484068678019260e-08 2.683665145065348552e-08 2.659552114316412725e-08 2.694662142380398967e-08 2.658607139817389315e-08 2.688711640140178844e-08 2.707408911934650884e-08 2.646966887874234512e-08 2.691014819391411627e-08 2.697075219072661136e-08 2.682671327454251629e-08 2.666834838462882646e-08 2.675612113276275337e-08 2.683471539760416435e-08 2.669771246677380709e-08 2.685760814573638821e-08 2.695535273740560734e-08 2.692609184756165290e-08 2.675974098654081809e-08 2.665062348277339032e-08 2.659667310926998140e-08 2.684773378221896636e-08 2.681231202949064221e-08 2.704051404014710945e-08 2.671166011515476318e-08 2.686134448775680421e-08 2.656683861824021967e-08 2.707125106881717388e-08 2.699663327069336549e-08 2.709160620611777044e-08 2.692037229905527379e-08 2.690052580269939956e-08 2.700716452090264172e-08 2.692496060587542608e-08 2.666013404142683118e-08 2.692584556531785823e-08 2.682489682761862480e-08 2.696262255483418503e-08
2.664925297908417624e-08 2.678266486399743672e-08 2.694268572767219500e-08 2.690132085336266556e-08 2.681796614202423582e-08 2.661651892146641542e-08 2.683511687024275413e-08 2.672808214687286526e-08 2.648902153082015908e-08 2.683671926037967875e-08 2.647952640704080995e-08 2.677880729748214582e-08 2.696360586785629167e-08 2.636379667654378834e-08 2.680226225438265677e-08 2.686116196094515059e-08 2.671772547864328344e-08 2.656047852642602466e-08 2.664880842854506763e-08 2.672684371008333813e-08 2.659049707313690579e-08 2.674912865416581953e-08 2.684580202724149351e-08 2.681627918896088731e-08 2.665062348277339032e-08 2.654492577203401608e-08 2.649008569029422350e-08 2.673945915930144617e-08 2.670446080256973261e-08 2.693016961153784083e-08 2.660353035351488518e-08 2.675244909264625797e-08 2.646036458702933861e-08 2.696041875336096869e-08 2.688695267326156301e-08 2.698075590275084717e-08 2.681112760966751655e-08 2.679236885673512151e-08 2.689722354341709505e-08 2.681606476587372500e-08 2.655402119843826403e-08 2.681661704400476271e-08 2.671634336581080491e-08 2.685262519922661453e-08
2.659520628809692608e-08 2.672705647052167006e-08 2.688696931879677246e-08 2.684532503328188413e-08 2.676281009315858124e-08 2.656144852310841979e-08 2.677923311723851110e-08 2.667407029846598899e-08 2.643480812935161218e-08 2.678164661230399170e-08 2.642672347092389195e-08 2.672428985986012412e-08 2.690808017184651500e-08 2.631144257305484164e-08 2.674631629808078215e-08 2.680586241287245012e-08 2.666399004060501566e-08 2.650809478154549331e-08 2.659455521142941731e-08 2.667210717656250237e-08 2.653691516827380931e-08 2.669329896875722834e-08 2.679062278459310631e-08 2.676203200791581270e-08 2.659667310926998140e-08 2.649008569029422350e-08 2.643877962716581099e-08 2.668373489334396128e-08 2.665011939711564644e-08 2.687427820398043841e-08 2.655043444769643090e-08 2.669849675342346624e-08 2.640782282396938836e-08 2.690333191819217098e-08 2.683125607086836750e-08 2.692407414461776710e-08 2.675557654963860282e-08 2.673697118726190218e-08 2.684156409484013809e-08 2.676018413260458797e-08 2.650076753553932917e-08 2.676125768110119441e-08 2.666142098541029243e-08 2.679640927170918258e-08
2.684616034232992639e-08 2.698426408063521062e-08 2.714546526960288627e-08 2.710243580786182237e-08 2.701740341465306039e-08 2.681190915378019104e-08 2.703615591084142592e-08 2.692619434461266923e-08 2.668321818857355352e-08 2.703729514410629160e-08 2.667244249242007022e-08 2.697799572069642824e-08 2.716679324313733123e-08 2.655494736957483296e-08 2.700215126878188549e-08 2.706216306432355636e-08 2.691692517096853277e-08 2.675644234615008245e-08 2.684457841194472738e-08 2.692538019399999910e-08 2.678563854674404723e-08 2.694923614935756553e-08 2.704693803195067571e-08 2.701715144311479918e-08 2.684773378221896636e-08 2.673945915930144617e-08 2.668373489334396128e-08 2.694003731533588092e-08 2.690200073282525989e-08 2.713251872311946579e-08 2.679936434771131049e-08 2.695065123512329541e-08 2.665323702729931597e-08 2.716471605326446005e-08 2.708828410735790423e-08 2.718486875995493198e-08 2.701154258401743496e-08 2.699114923887202067e-08 2.709794668714413435e-08 2.701697703006760062e-08 2.674737492145319053e-08 2.701713599082678207e-08 2.691450234344430164e-08 2.705484129692686564e-08
2.681137784917049320e-08 2.694683891867601732e-08 2.710790900226444768e-08 2.706568819691326189e-08 2.698127388326529066e-08 2.677726505423426289e-08 2.699935123087374068e-08 2.689084951891752703e-08 2.664942074018027447e-08 2.700043139234397238e-08 2.663842699007949437e-08 2.694197539219047476e-08 2.712942685893664974e-08 2.652207541381165148e-08 2.696572485830527107e-08 2.702554921857610271e-08 2.688099407525935286e-08 2.672209103837542843e-08 2.680994927118196903e-08 2.688918925502082920e-08 2.675098472724107180e-08 2.691242541657950493e-08 2.701050439814923332e-08 2.698065139740731147e-08 2.681231202949064221e-08 2.670446080256973261e-08 2.665011939711564644e-08 2.690200073282525989e-08 2.686742838660544371e-08 2.709553632657652824e-08 2.676547751005654769e-08 2.691545929819982566e-08 2.662036250774659695e-08 2.712633799146811444e-08 2.705186179362287614e-08 2.714667575064966090e-08 2.697438855050382362e-08 2.695546871831845169e-08 2.706167189030399469e-08 2.697917964371300857e-08 2.671374326476385895e-08 2.698095933452143041e-08 2.687888477395068128e-08 2.701739610569685097e-08
2.703895517812542747e-08 2.717951010301956016e-08 2.734147561736735098e-08 2.729843693077508856e-08 2.721198720658503428e-08 2.700409600628528785e-08 2.723153831573597493e-08 2.711986032163434722e-08 2.687436746973299087e-08 2.723196113413776152e-08 2.686155743785373743e-08 2.717181596972023407e-08 2.736352561121981533e-08 2.674399863419897908e-08 2.719634257669132833e-08 2.725707844529548952e-08 2.711051446391539006e-08 2.694843040790051028e-08 2.703658978625169981e-08 2.711836667256249300e-08 2.697656867386011040e-08 2.714305539766624362e-08 2.724226183007908039e-08 2.721215381285544069e-08 2.704051404014710945e-08 2.693016961153784083e-08 2.687427820398043841e-08 2.713251872311946579e-08 2.709553632657652824e-08 2.732934321488350340e-08 2.699197181920535576e-08 2.714469016361479288e-08 2.684442626992091765e-08 2.736140189348256788e-08 2.728413252975577995e-08 2.738220009900042093e-08 2.720598372147959285e-08 2.718566517414880776e-08 2.729385633032312929e-08 2.721082699650977664e-08 2.693836301887538409e-08 2.721210306685655090e-08 2.710866631868664788e-08 2.725148003689455599e-08
2.671062268277381544e-08 2.684410919117856587e-08 2.700454764234225456e-08 2.696229410055059088e-08 2.687910975965772384e-08 2.667584105458035703e-08 2.689693655098511721e-08 2.678917826137797250e-08 2.654927719840176866e-08 2.689816162267260926e-08 2.653909325326785085e-08 2.683992253968750134e-08 2.702619197418451854e-08 2.642348213639285090e-08 2.686241890344345573e-08 2.692275255846428309e-08 2.677917243557440421e-08 2.662192091230357180e-08 2.670898814813690455e-08 2.678705375547916167e-08 2.665078383902082806e-08 2.680980372324702618e-08 2.690747790249106679e-08 2.687828747013393082e-08 2.671166011515476318e-08 2.660353035351488518e-08 2.655043444769643090e-08 2.679936434771131049e-08 2.676547751005654769e-08 2.699197181920535576e-08 2.666548062891666445e-08 2.681352966522023995e-08 2.652101237280059452e-08 2.702229211614881301e-08 2.694867680180297731e-08 2.704282798731547395e-08 2.687177468487798365e-08 2.685279232447916675e-08 2.695859900090773936e-08 2.687652277267261589e-08 2.661357320812768369e-08 2.687838082087083209e-08 2.677713239136904331e-08 2.691394831765773890e-08
2.686029655843281985e-08 2.699583104507652396e-08 2.715669336985501835e-08 2.711431142595322563e-08 2.702997594166878836e-08 2.682547646504931792e-08 2.704838469742516570e-08 2.693938606260543715e-08 2.669739012747872923e-08 2.704995026658884137e-08 2.668707157131717378e-08 2.699056281055653147e-08 2.717813844558205701e-08 2.657034072818622580e-08 2.701450459877040754e-08 2.707400427895790279e-08 2.692997155874319019e-08 2.677065608732355624e-08 2.685812109262712603e-08 2.693810867925000160e-08 2.679971323112201839e-08 2.696122011483800689e-08 2.705917629081759963e-08 2.702974992317346736e-08 2.686134448775680421e-08 2.675244909264625797e-08 2.669849675342346624e-08 2.695065123512329541e-08 2.691545929819982566e-08 2.714469016361479288e-08 2.681352966522023995e-08 2.696539025127890700e-08 2.666858612632822669e-08 2.717533379712924720e-08 2.710089596413639229e-08 2.719560050868281646e-08 2.702376750003698621e-08 2.700389314069641807e-08 2.711110943196641678e-08 2.702807428368409510e-08 2.676186075767079271e-08 2.702935504946547412e-08 2.692804991896768391e-08 2.706656195732652258e-08
2.656554069388564498e-08 2.669736954067644228e-08 2.685673925385034110e-08 2.681521552066879152e-08 2.673329923752167489e-08 2.653235709415306586e-08 2.675037151667007058e-08 2.664400453310884039e-08 2.640622029588732161e-08 2.675163824169387739e-08 2.639631124992686503e-08 2.669447299994344656e-08 2.687846906401615428e-08 2.628185313703698663e-08 2.671663364913732685e-08 2.677610620930399365e-08 2.663362330648894685e-08 2.647780880520025871e-08 2.656552497533418741e-08 2.664223710289582937e-08 2.650718122554463954e-08 2.666397975540603466e-08 2.676035251458120659e-08 2.673183016949022021e-08 2.656683861824021967e-08 2.646036458702933861e-08 2.640782282396938836e-08 2.665323702729931597e-08 2.662036250774659695e-08 2.684442626992091765e-08 2.652101237280059452e-08 2.666858612632822669e-08 2.637980821723129750e-08 2.687437101489753154e-08 2.680228402386955580e-08 2.689448093505229652e-08 2.672513200276062776e-08 2.670736067890773449e-08 2.681218573797406870e-08 2.673048799647364486e-08 2.647071177659290298e-08 2.673208131820535708e-08 2.663227696133290838e-08 2.676693730378061139e-08
2.706939630130015388e-08 2.721215624620364805e-08 2.737414207268027390e-08 2.733033048202252808e-08 2.724367697790899551e-08 2.703462156043493423e-08 2.726392770857355195e-08 2.715103747329124439e-08 2.690452252455570024e-08 2.726362661502590977e-08 2.689110163032483004e-08 2.720308779705058528e-08 2.739647345047959484e-08 2.677305366372959574e-08 2.722818993449319663e-08 2.728942437407653018e-08 2.714172693159948367e-08 2.697849706138520367e-08 2.706753496570067987e-08 2.714978983322916282e-08 2.700681230055654659e-08 2.717529627709566361e-08 2.727385833739413498e-08 2.724374267821301360e-08 2.707125106881717388e-08 2.696041875336096869e-08 2.690333191819217098e-08 2.716471605326446005e-08 2.712633799146811444e-08 2.736140189348256788e-08 2.702229211614881301e-08 2.717533379712924720e-08 2.687437101489753154e-08 2.739569318623468965e-08 2.731651538687397385e-08 2.741537111196683697e-08 2.723789922655017138e-08 2.721693904249702125e-08 2.732605266271258187e-08 2.724348877009140375e-08 2.696738199984097805e-08 2.724427864898511486e-08 2.713972247860799371e-08 2.728404199993282117e-08
2.699536834953944766e-08 2.713457790284830767e-08 2.729618594890229552e-08 2.725300213556955209e-08 2.716778195680782346e-08 2.696094630717066671e-08 2.718734216516045665e-08 2.707598749733469639e-08 2.683206921970509047e-08 2.718734865333783258e-08 2.681899855148971473e-08 2.712772690056309204e-08 2.731837359224030485e-08 2.670177975442363445e-08 2.715169219606759828e-08 2.721307671825093605e-08 2.706713369363163378e-08 2.690534624607568353e-08 2.699325198067448985e-08 2.707433832967083134e-08 2.693364865618571900e-08 2.709892995387721060e-08 2.719776021833460989e-08 2.716732916543503394e-08 2.699663327069336549e-08 2.688695267326156301e-08 2.683125607086836750e-08 2.708828410735790423e-08 2.705186179362287614e-08 2.728413252975577995e-08 2.694867680180297731e-08 2.710089596413639229e-08 2.680228402386955580e-08 2.731651538687397385e-08 2.724136580178993250e-08 2.733704737171029113e-08 2.716117979628945494e-08 2.714115019328035483e-08 2.724910530976556544e-08 2.716630252291164434e-08 2.689488402880217386e-08 2.716799749637928456e-08 2.706506811555442470e-08 2.720650262399829989e-08
2.708982177159480221e-08 2.723267788165304927e-08 2.739497289698086134e-08 2.735166411455228359e-08 2.726475431952508126e-08 2.705486743316113191e-08 2.728441009862117068e-08 2.717165128741921459e-08 2.692463563001998010e-08 2.728433723553188363e-08 2.691064818142602885e-08 2.722355628846726125e-08 2.741738643837244939e-08 2.679263920251827981e-08 2.724819888747830772e-08 2.731010545168664350e-08 2.716248156381972877e-08 2.699924863954294130e-08 2.708793724079591644e-08 2.717021621835416556e-08 2.702714334095237749e-08 2.719495135723851514e-08 2.729505622057270176e-08 2.726449543920110922e-08 2.709160620611777044e-08 2.698075590275084717e-08 2.692407414461776710e-08 2.718486875995493198e-08 2.714667575064966090e-08 2.738220009900042093e-08 2.704282798731547395e-08 2.719560050868281646e-08 2.689448093505229652e-08 2.741537111196683697e-08 2.733704737171029113e-08 2.743727354024064500e-08 2.725838088624064687e-08 2.723800232701785742e-08 2.734624026470365500e-08 2.726385345509736380e-08 2.698871379001448981e-08 2.726519611176845501e-08 2.716085397745620878e-08 2.730548136302806064e-08
