3.740618850088491760e-08 3.755026935425925330e-08 3.770427267237481840e-08 3.755953509983013932e-08 3.747002196054561998e-08 3.726754695793096166e-08 3.764102359779383679e-08 3.735036593476503409e-08 3.711284136912749726e-08 3.756453950925326220e-08 3.719250371832585878e-08 3.752469358173695896e-08 3.772103422696479598e-08 3.707471423572792682e-08 3.747330443147684136e-08 3.762693266967655807e-08 3.738056057161074902e-08 3.725566213377062065e-08 3.732681934720292696e-08 3.740843261976136679e-08 3.723216678654787838e-08 3.747009222744365934e-08 3.754685781212842289e-08 3.755593830585574468e-08 3.740244098345719967e-08 3.718618095901744347e-08 3.717069583174183320e-08 3.739199101746757501e-08 3.735953398961916327e-08 3.758548691231986269e-08 3.736434330147233667e-08 3.755778885157223963e-08 3.711685545558470843e-08 3.772101978239247510e-08 3.760041879394508459e-08 3.767877072013414600e-08 3.760478020397262851e-08 3.742398818736519765e-08 3.767934719821049825e-08 3.758506432487583668e-08 3.725156925357033733e-08 3.753998372366587597e-08 3.743265146460452618e-08 3.759509904546940551e-08
3.755026935425925330e-08 3.769662314400083437e-08 3.784987986627436863e-08 3.770435438084205213e-08 3.761463377830690593e-08 3.741172171281759047e-08 3.778661776458309747e-08 3.749471097661235138e-08 3.725645072732633766e-08 3.770948155591392533e-08 3.733591897079833559e-08 3.767031867847205530e-08 3.786724837081081183e-08 3.721732134968725033e-08 3.761772432002517199e-08 3.777243190022006251e-08 3.752476585127737117e-08 3.739969235806245772e-08 3.747108322664282434e-08 3.755275222921901951e-08 3.737581612152428435e-08 3.761498584154146872e-08 3.769189224580518565e-08 3.770136633976522948e-08 3.754697299500065932e-08 3.732973191583423175e-08 3.731410466007809752e-08 3.753668125255868374e-08 3.750388449955256884e-08 3.773065904587624675e-08 3.750846934339412635e-08 3.770236869290470191e-08 3.726002746182934494e-08 3.786727895670134049e-08 3.774580463555011827e-08 3.782491515122899002e-08 3.775034074205820831e-08 3.756798225508969304e-08 3.782570254469883868e-08 3.773051023210656041e-08 3.739540579384280368e-08 3.768491712297386420e-08 3.757705550297443799e-08 3.774025265138423159e-08
3.770427267237481840e-08 3.784987986627436863e-08 3.800824203825123662e-08 3.785992098107359887e-08 3.777031462884722681e-08 3.756461981821523221e-08 3.794138377747693930e-08 3.764762484960466496e-08 3.740886645298960505e-08 3.786436562007485110e-08 3.748927804885582973e-08 3.782412063260693413e-08 3.802250041373520367e-08 3.736890900570338658e-08 3.777358458108235414e-08 3.792778254313861942e-08 3.767902300055669933e-08 3.755276834148863603e-08 3.762480917815537083e-08 3.770768983811278309e-08 3.752809078355767380e-08 3.776939182630020897e-08 3.784814061473110499e-08 3.785713570017868890e-08 3.770136123439265173e-08 3.748309675594008235e-08 3.746604267352317761e-08 3.769144354266262483e-08 3.765698652247152764e-08 3.788611152774374367e-08 3.766202666808171100e-08 3.785761360313392578e-08 3.741291374598381681e-08 3.802291189480543061e-08 3.790048877170559781e-08 3.798109190566077639e-08 3.790474537116607453e-08 3.772316452460850497e-08 3.797982889141336232e-08 3.788537374267585562e-08 3.754766264160106510e-08 3.784034431630746436e-08 3.773169939938155026e-08 3.789601655243176060e-08
3.755953509983013932e-08 3.770435438084205213e-08 3.785992098107359887e-08 3.771503817915421427e-08 3.762398863333066007e-08 3.742059088442930269e-08 3.779551284781472529e-08 3.750410642534326254e-08 3.726487698293282246e-08 3.771927395155693153e-08 3.734525102589297514e-08 3.767848055053138922e-08 3.787602408454042173e-08 3.722615573741898106e-08 3.762734176413760751e-08 3.778154450459860390e-08 3.753396102786637276e-08 3.740849115643243446e-08 3.747991467734724836e-08 3.756253535779322610e-08 3.738485370745169454e-08 3.762450499117899768e-08 3.770166057947415173e-08 3.771121669513569551e-08 3.755553314102902923e-08 3.733921174119244045e-08 3.732307339485782477e-08 3.754568646733573461e-08 3.751275292901604877e-08 3.774025340803054451e-08 3.751785396846195108e-08 3.771201915946065901e-08 3.726894261702002789e-08 3.787620357050462520e-08 3.775420061734757510e-08 3.783358815925184317e-08 3.775881290291575449e-08 3.757793743377363614e-08 3.783427160597716117e-08 3.773982887474990732e-08 3.740413490197430173e-08 3.769456079974209832e-08 3.758636798232579204e-08 3.775016992708409366e-08
3.747002196054561998e-08 3.761463377830690593e-08 3.777031462884722681e-08 3.762398863333066007e-08 3.753584373573279052e-08 3.733207898425437393e-08 3.770557197512182459e-08 3.741494435407989217e-08 3.717717028911607231e-08 3.762946054462295484e-08 3.725700133794743614e-08 3.758906755433182326e-08 3.778582654864603947e-08 3.713884619396174019e-08 3.753855073160163812e-08 3.769159112324644665e-08 3.744485830130460440e-08 3.732000017568066109e-08 3.739120526036344532e-08 3.747298656394117197e-08 3.729612749313982510e-08 3.753443672331976569e-08 3.761204750421218879e-08 3.762089610535795801e-08 3.746714985556524755e-08 3.725035961377715121e-08 3.723446093572957433e-08 3.745682150964672937e-08 3.742317224835877422e-08 3.765044727413884165e-08 3.742846446062145834e-08 3.762212907808525004e-08 3.718127907477649886e-08 3.778556786054634806e-08 3.766558869982436722e-08 3.774376432522885615e-08 3.766912154651790666e-08 3.748910468103621379e-08 3.774401050343006859e-08 3.764952440368042788e-08 3.731584263988561107e-08 3.760477846259234046e-08 3.749686372518819171e-08 3.766016148337863734e-08
3.726754695793096166e-08 3.741172171281759047e-08 3.756461981821523221e-08 3.742059088442930269e-08 3.733207898425437393e-08 3.713251220880491979e-08 3.750125729762903937e-08 3.721430258400795055e-08 3.697737853480646719e-08 3.742617699933867962e-08 3.705600671534481403e-08 3.738694637100425432e-08 3.758151905886624956e-08 3.694043046569920078e-08 3.733519994163371977e-08 3.748830108682737997e-08 3.724278156883179604e-08 3.711921661386188206e-08 3.718980847561272799e-08 3.727066878092699218e-08 3.709620518397662084e-08 3.733152590519261550e-08 3.740811151605302864e-08 3.741756994078281479e-08 3.726440376046303158e-08 3.704889353297349103e-08 3.703474533160599579e-08 3.725459528272132539e-08 3.722245046122123064e-08 3.744656556996695618e-08 3.722619283748234003e-08 3.741914016626392257e-08 3.698084248654598988e-08 3.758045827466559050e-08 3.746195793260610287e-08 3.753810361847871358e-08 3.746541094924701032e-08 3.728733555819728565e-08 3.754119837395259421e-08 3.744515425086626241e-08 3.711508910704283950e-08 3.740165441593421375e-08 3.729404955118912313e-08 3.745665076441275480e-08
3.764102359779383679e-08 3.778661776458309747e-08 3.794138377747693930e-08 3.779551284781472529e-08 3.770557197512182459e-08 3.750125729762903937e-08 3.787875977947231280e-08 3.758479168760183002e-08 3.734594791875296929e-08 3.780099647691951290e-08 3.742610508278359131e-08 3.776078410286335065e-08 3.795874368534707314e-08 3.730715495838092787e-08 3.770897270858330905e-08 3.786356767977716476e-08 3.761587927479839453e-08 3.749003189983759676e-08 3.756126588425312649e-08 3.764370002624035919e-08 3.746571481988427829e-08 3.770572151988085838e-08 3.778355872966507838e-08 3.779235715350955766e-08 3.763759872975143544e-08 3.741979532136624347e-08 3.740419347652958633e-08 3.762706812852923457e-08 3.759409944018796218e-08 3.782204869608907693e-08 3.759923381606932323e-08 3.779396145288488430e-08 3.735005369858075578e-08 3.795884672218250090e-08 3.783703612936344584e-08 3.791674569952050125e-08 3.784156663573904623e-08 3.765863573131931911e-08 3.791658949137752338e-08 3.782192485145338892e-08 3.748561475638570967e-08 3.777648781542755393e-08 3.766815247547956831e-08 3.783118463537745504e-08
3.735036593476503409e-08 3.749471097661235138e-08 3.764762484960466496e-08 3.750410642534326254e-08 3.741494435407989217e-08 3.721430258400795055e-08 3.758479168760183002e-08 3.729752706626674810e-08 3.705933210062134780e-08 3.750984698841867460e-08 3.713843401851903615e-08 3.746931383744808130e-08 3.766470263260707720e-08 3.702225579216122398e-08 3.741784718920272763e-08 3.757085770989359169e-08 3.732521715040420407e-08 3.720165314442395132e-08 3.727224465661394153e-08 3.735321652328806732e-08 3.717858017311774193e-08 3.741476844599118265e-08 3.749093475040837201e-08 3.750053949337399532e-08 3.734652063757504284e-08 3.713164454906168230e-08 3.711744079495980555e-08 3.733684230992172021e-08 3.730509074152178304e-08 3.753009353729663506e-08 3.730934936348006427e-08 3.750197536676022620e-08 3.706305282598013107e-08 3.766367097596210160e-08 3.754502513877829603e-08 3.762140517748687671e-08 3.754851779412276536e-08 3.736978399052240318e-08 3.762451255141141865e-08 3.752883451726321962e-08 3.719785656308523602e-08 3.748459157347799883e-08 3.737688246456648270e-08 3.753980797722862002e-08
3.711284136912749726e-08 3.725645072732633766e-08 3.740886645298960505e-08 3.726487698293282246e-08 3.717717028911607231e-08 3.697737853480646719e-08 3.734594791875296929e-08 3.705933210062134780e-08 3.682436207496384750e-08 3.727074015747552806e-08 3.690177666411773398e-08 3.723120842159087438e-08 3.742552020349041400e-08 3.678685120871061155e-08 3.718017197626743513e-08 3.733216698928663134e-08 3.708833640124416137e-08 3.696522804765912307e-08 3.703550684178388037e-08 3.711548945635039444e-08 3.694154528297092190e-08 3.717647290656117184e-08 3.725281791095862373e-08 3.726188565126202667e-08 3.710982385037494149e-08 3.689550576166521409e-08 3.688081301217137487e-08 3.709996822774396313e-08 3.706787838414274160e-08 3.729115616446274564e-08 3.707192361721543990e-08 3.726379227880569412e-08 3.682754369349824037e-08 3.742442658397006539e-08 3.730687293282394813e-08 3.738318992895145771e-08 3.730991217547105384e-08 3.713195057129968358e-08 3.738523302245020303e-08 3.729018467156198984e-08 3.696103830502999914e-08 3.724647150296766386e-08 3.713952573313186882e-08 3.730093593704135500e-08
3.756453950925326220e-08 3.770948155591392533e-08 3.786436562007485110e-08 3.771927395155693153e-08 3.762946054462295484e-08 3.742617699933867962e-08 3.780099647691951290e-08 3.750984698841867460e-08 3.727074015747552806e-08 3.772555597288421935e-08 3.735062679343652191e-08 3.768354951825055120e-08 3.788124760386145748e-08 3.723262277728252224e-08 3.763257041850989229e-08 3.778633792127380672e-08 3.753954979350908998e-08 3.741440705025700661e-08 3.748575509034495134e-08 3.756739666042573452e-08 3.739037263381316048e-08 3.762940331120629569e-08 3.770674864002227105e-08 3.771616084921775931e-08 3.756119456967549303e-08 3.734449905920620375e-08 3.732933678299219163e-08 3.755100076523301335e-08 3.751835684966439392e-08 3.774588313128010628e-08 3.752306849820570784e-08 3.771735274010584980e-08 3.727518536879900948e-08 3.788075537054547314e-08 3.776004372828422112e-08 3.783837550626518176e-08 3.776389278186847108e-08 3.758354583135842204e-08 3.783938362103924829e-08 3.774493946298241398e-08 3.741038156718848276e-08 3.770048943100022194e-08 3.759136344752848339e-08 3.775531619159951217e-08
3.719250371832585878e-08 3.733591897079833559e-08 3.748927804885582973e-08 3.734525102589297514e-08 3.725700133794743614e-08 3.705600671534481403e-08 3.742610508278359131e-08 3.713843401851903615e-08 3.690177666411773398e-08 3.735062679343652191e-08 3.698143884384248457e-08 3.731089201128484893e-08 3.750542010987561727e-08 3.686460724451777539e-08 3.725994501953587836e-08 3.741212662747904757e-08 3.716723264901939403e-08 3.704371891317948402e-08 3.711413509004433115e-08 3.719518636415362166e-08 3.702076676335645097e-08 3.725632978196520822e-08 3.733275618374172458e-08 3.734196265198428715e-08 3.718924587214786956e-08 3.697428347556840017e-08 3.695958842865671534e-08 3.717887841090969093e-08 3.714668725330174644e-08 3.737134516852708310e-08 3.715118245025464163e-08 3.734349684025519299e-08 3.690594110657609826e-08 3.750525411628647879e-08 3.738626039231892493e-08 3.746348393637868511e-08 3.739008562815564660e-08 3.721118517510038882e-08 3.746468953764376902e-08 3.737018911671358349e-08 3.703988357502793555e-08 3.732566025875039090e-08 3.721916339127176200e-08 3.738088433820654955e-08
3.752469358173695896e-08 3.767031867847205530e-08 3.782412063260693413e-08 3.767848055053138922e-08 3.758906755433182326e-08 3.738694637100425432e-08 3.776078410286335065e-08 3.746931383744808130e-08 3.723120842159087438e-08 3.768354951825055120e-08 3.731089201128484893e-08 3.764551354136105607e-08 3.784124032602832655e-08 3.719295880343717469e-08 3.759244085411582156e-08 3.774710062367966905e-08 3.749942495218799805e-08 3.737478977718135392e-08 3.744570110554562954e-08 3.752765778959782367e-08 3.735082894987238156e-08 3.758896162880876278e-08 3.766634586825924422e-08 3.767566701184537434e-08 3.752130770553350355e-08 3.730381867992643204e-08 3.728904942386708206e-08 3.751138562379818609e-08 3.747857472274817099e-08 3.770464032228346017e-08 3.748264223720683604e-08 3.767696043774779278e-08 3.723489932199493587e-08 3.784103143868914431e-08 3.771998173426491668e-08 3.779878062467134277e-08 3.772452104278236179e-08 3.754308951504953992e-08 3.779996201987065390e-08 3.770413032804798546e-08 3.736980154042299739e-08 3.765925904414902458e-08 3.755148689254500619e-08 3.771443104683954340e-08
3.772103422696479598e-08 3.786724837081081183e-08 3.802250041373520367e-08 3.787602408454042173e-08 3.778582654864603947e-08 3.758151905886624956e-08 3.795874368534707314e-08 3.766470263260707720e-08 3.742552020349041400e-08 3.788124760386145748e-08 3.750542010987561727e-08 3.784124032602832655e-08 3.803997225282332666e-08 3.738635369913520251e-08 3.778926869732145655e-08 3.794454571548999830e-08 3.769596105359624764e-08 3.756968339122103943e-08 3.764138946323145396e-08 3.772405331953749616e-08 3.754500102685291644e-08 3.778596679602040860e-08 3.786404278822645497e-08 3.787297789529187552e-08 3.771773760302645175e-08 3.749937390712040601e-08 3.748334457892396031e-08 3.770752148778415757e-08 3.767403187270019988e-08 3.790232785880123841e-08 3.767910207151165872e-08 3.787426622075979255e-08 3.742938727663250162e-08 3.803966688614228607e-08 3.791735662717249849e-08 3.799708975243291754e-08 3.792188996100353455e-08 3.773917276296791159e-08 3.799737378118750023e-08 3.790238286932457822e-08 3.756491062379791393e-08 3.785711060347896115e-08 3.774803647660187452e-08 3.791218638671791670e-08
3.707471423572792682e-08 3.721732134968725033e-08 3.736890900570338658e-08 3.722615573741898106e-08 3.713884619396174019e-08 3.694043046569920078e-08 3.730715495838092787e-08 3.702225579216122398e-08 3.678685120871061155e-08 3.723262277728252224e-08 3.686460724451777539e-08 3.719295880343717469e-08 3.738635369913520251e-08 3.675140794535331904e-08 3.714172895859862331e-08 3.729356060066635538e-08 3.705026985383939361e-08 3.692782648638881993e-08 3.699754561501735043e-08 3.707728316216308393e-08 3.690488640845036012e-08 3.713791213384794433e-08 3.721377741466891336e-08 3.722284536751863124e-08 3.707166037320801069e-08 3.685750471527584630e-08 3.684434942744466600e-08 3.706131617313274523e-08 3.703023483011466506e-08 3.725259240983261511e-08 3.703401640293005030e-08 3.722574176256723744e-08 3.679047158948585811e-08 3.738466190568430246e-08 3.726869075262289469e-08 3.734303873958459226e-08 3.727137370943397341e-08 3.709461045241104756e-08 3.734675308426371194e-08 3.725091747177187167e-08 3.692415806172981339e-08 3.720777306816824726e-08 3.710117611625959884e-08 3.726229883620957558e-08
3.747330443147684136e-08 3.761772432002517199e-08 3.777358458108235414e-08 3.762734176413760751e-08 3.753855073160163812e-08 3.733519994163371977e-08 3.770897270858330905e-08 3.741784718920272763e-08 3.718017197626743513e-08 3.763257041850989229e-08 3.725994501953587836e-08 3.759244085411582156e-08 3.778926869732145655e-08 3.714172895859862331e-08 3.754194763211516431e-08 3.769499211331493459e-08 3.744823557166683515e-08 3.732321233464629049e-08 3.739437062019740754e-08 3.747638869332311129e-08 3.729907008425625108e-08 3.753762675120274476e-08 3.761552691689712993e-08 3.762427633046209107e-08 3.747020300619688564e-08 3.725325771987795138e-08 3.723752983417995457e-08 3.746015047944563638e-08 3.742666516033989980e-08 3.765352213535678550e-08 3.743153634413055224e-08 3.762565290350333399e-08 3.718423061022823521e-08 3.778912770255800420e-08 3.766866554521211296e-08 3.774724180937616646e-08 3.767241130028871435e-08 3.749219263561110575e-08 3.774726921887990803e-08 3.765275290174097900e-08 3.731856624544538446e-08 3.760824912191288792e-08 3.750028984214920784e-08 3.766340800038002218e-08
3.762693266967655807e-08 3.777243190022006251e-08 3.792778254313861942e-08 3.778154450459860390e-08 3.769159112324644665e-08 3.748830108682737997e-08 3.786356767977716476e-08 3.757085770989359169e-08 3.733216698928663134e-08 3.778633792127380672e-08 3.741212662747904757e-08 3.774710062367966905e-08 3.794454571548999830e-08 3.729356060066635538e-08 3.769499211331493459e-08 3.785023491695836248e-08 3.760180134187009524e-08 3.747584528460670103e-08 3.754747027933556056e-08 3.763006543082657079e-08 3.745202998593642057e-08 3.769157361500182106e-08 3.776937570331600287e-08 3.777842665899138084e-08 3.762368639047180502e-08 3.740552691956749404e-08 3.738999418371264245e-08 3.761341719128154416e-08 3.758014565012509018e-08 3.780772075976829790e-08 3.758490655452811030e-08 3.777989875410059383e-08 3.733592392555150805e-08 3.794439982712860304e-08 3.782260346452281738e-08 3.790180686752323198e-08 3.782721582075717547e-08 3.764544754679068166e-08 3.790259022771897160e-08 3.780711729589766227e-08 3.747125763288050997e-08 3.776231119304522839e-08 3.765381556922145809e-08 3.781732183855964010e-08
3.738056057161074902e-08 3.752476585127737117e-08 3.767902300055669933e-08 3.753396102786637276e-08 3.744485830130460440e-08 3.724278156883179604e-08 3.761587927479839453e-08 3.732521715040420407e-08 3.708833640124416137e-08 3.753954979350908998e-08 3.716723264901939403e-08 3.749942495218799805e-08 3.769596105359624764e-08 3.705026985383939361e-08 3.744823557166683515e-08 3.760180134187009524e-08 3.735609532021283927e-08 3.723106058944561921e-08 3.730186789429543296e-08 3.738342999318574838e-08 3.720684980401766786e-08 3.744465493557783188e-08 3.752208811609573039e-08 3.753091780437011823e-08 3.737745996134012473e-08 3.716107191930016099e-08 3.714590533451058907e-08 3.736717647626382538e-08 3.733450457890267977e-08 3.756031817551714034e-08 3.733905314163110333e-08 3.753270628620369941e-08 3.709222820677410182e-08 3.769539599373081292e-08 3.757522337225008135e-08 3.765339991950100776e-08 3.757920514424200593e-08 3.739911535794103227e-08 3.765454542738281431e-08 3.755983786820647252e-08 3.722652819323992095e-08 3.751549654408045803e-08 3.740737359678036692e-08 3.757000667299899052e-08
3.725566213377062065e-08 3.739969235806245772e-08 3.755276834148863603e-08 3.740849115643243446e-08 3.732000017568066109e-08 3.711921661386188206e-08 3.749003189983759676e-08 3.720165314442395132e-08 3.696522804765912307e-08 3.741440705025700661e-08 3.704371891317948402e-08 3.737478977718135392e-08 3.756968339122103943e-08 3.692782648638881993e-08 3.732321233464629049e-08 3.747584528460670103e-08 3.723106058944561921e-08 3.710801410994114595e-08 3.717783492041622614e-08 3.725860900438223158e-08 3.708330468222203388e-08 3.731964590778213898e-08 3.739636680678729216e-08 3.740563393452176579e-08 3.725227589420427823e-08 3.703729326635755060e-08 3.702291023511025141e-08 3.724255567152046634e-08 3.721040852485746548e-08 3.743471655410085593e-08 3.721446945061018451e-08 3.740710278063994867e-08 3.696908801539596198e-08 3.756865677538855136e-08 3.745010940677105529e-08 3.752723213289366954e-08 3.745360778082289924e-08 3.727477685992360683e-08 3.752892969833091216e-08 3.743395136716951643e-08 3.710281998089957278e-08 3.738998888954051033e-08 3.728245513777235605e-08 3.744454279605437690e-08
3.732681934720292696e-08 3.747108322664282434e-08 3.762480917815537083e-08 3.747991467734724836e-08 3.739120526036344532e-08 3.718980847561272799e-08 3.756126588425312649e-08 3.727224465661394153e-08 3.703550684178388037e-08 3.748575509034495134e-08 3.711413509004433115e-08 3.744570110554562954e-08 3.764138946323145396e-08 3.699754561501735043e-08 3.739437062019740754e-08 3.754747027933556056e-08 3.730186789429543296e-08 3.717783492041622614e-08 3.724887074619004503e-08 3.732953909056697895e-08 3.715390114225614070e-08 3.739095482359946214e-08 3.746771992394122424e-08 3.747702068551124699e-08 3.732359676884311172e-08 3.710782294414903997e-08 3.709296602091781854e-08 3.731363092150176157e-08 3.728121569242630028e-08 3.750648051149847999e-08 3.728538434517940839e-08 3.747859735918802197e-08 3.703937501365932156e-08 3.764078311393223751e-08 3.752139518326498728e-08 3.759896755946972591e-08 3.752510104135209814e-08 3.734576039264090373e-08 3.760005632817671207e-08 3.750531019819492675e-08 3.717346353405480604e-08 3.746139634409834776e-08 3.735352341450049114e-08 3.751597272965061278e-08
3.740843261976136679e-08 3.755275222921901951e-08 3.770768983811278309e-08 3.756253535779322610e-08 3.747298656394117197e-08 3.727066878092699218e-08 3.764370002624035919e-08 3.735321652328806732e-08 3.711548945635039444e-08 3.756739666042573452e-08 3.719518636415362166e-08 3.752765778959782367e-08 3.772405331953749616e-08 3.707728316216308393e-08 3.747638869332311129e-08 3.763006543082657079e-08 3.738342999318574838e-08 3.725860900438223158e-08 3.732953909056697895e-08 3.741175687538603123e-08 3.723451799368889063e-08 3.747278898542494164e-08 3.755022020908646930e-08 3.755925494187756290e-08 3.740482701285820255e-08 3.718868192092321516e-08 3.717315298463748640e-08 3.739507646939667107e-08 3.736196829213225718e-08 3.758820899208725240e-08 3.736680363462191911e-08 3.756050914335200849e-08 3.711944556498031564e-08 3.772367573318301039e-08 3.760292945135028380e-08 3.768150516052378527e-08 3.760720989910470563e-08 3.742720523832439692e-08 3.768229416182420258e-08 3.758767024262477867e-08 3.725375048146991564e-08 3.754324731010665998e-08 3.743522001820591576e-08 3.759808275362244160e-08
3.723216678654787838e-08 3.737581612152428435e-08 3.752809078355767380e-08 3.738485370745169454e-08 3.729612749313982510e-08 3.709620518397662084e-08 3.746571481988427829e-08 3.717858017311774193e-08 3.694154528297092190e-08 3.739037263381316048e-08 3.702076676335645097e-08 3.735082894987238156e-08 3.754500102685291644e-08 3.690488640845036012e-08 3.729907008425625108e-08 3.745202998593642057e-08 3.720684980401766786e-08 3.708330468222203388e-08 3.715390114225614070e-08 3.723451799368889063e-08 3.706134850990807894e-08 3.729601849118404753e-08 3.737188532938151846e-08 3.738141395555239803e-08 3.722885845005719533e-08 3.701346295141697674e-08 3.699973013731916863e-08 3.721830304863590734e-08 3.718684755604508317e-08 3.741116831474597904e-08 3.719088557382137001e-08 3.738339846693953738e-08 3.694543257300336578e-08 3.754482181793968382e-08 3.742600168205400159e-08 3.750246410909920970e-08 3.742988490122078262e-08 3.725102989246388346e-08 3.750507593329061171e-08 3.740949034819507964e-08 3.708009557325995985e-08 3.736526859207715193e-08 3.725859513660469222e-08 3.742042944137877192e-08
3.747009222744365934e-08 3.761498584154146872e-08 3.776939182630020897e-08 3.762450499117899768e-08 3.753443672331976569e-08 3.733152590519261550e-08 3.770572151988085838e-08 3.741476844599118265e-08 3.717647290656117184e-08 3.762940331120629569e-08 3.725632978196520822e-08 3.758896162880876278e-08 3.778596679602040860e-08 3.713791213384794433e-08 3.753762675120274476e-08 3.769157361500182106e-08 3.744465493557783188e-08 3.731964590778213898e-08 3.739095482359946214e-08 3.747278898542494164e-08 3.729601849118404753e-08 3.753490604136000480e-08 3.761166201511252794e-08 3.762107759695475916e-08 3.746652152947226516e-08 3.725018544769702306e-08 3.723463075802107063e-08 3.745621968786131005e-08 3.742365441919243696e-08 3.765064092168958602e-08 3.742859364355606866e-08 3.762220569485572279e-08 3.718056344768212199e-08 3.778609758060990343e-08 3.766487845460924748e-08 3.774373348377330027e-08 3.766941389990032401e-08 3.748829010474633530e-08 3.774436988358970360e-08 3.764988066895345290e-08 3.731555371693220162e-08 3.760471064885342128e-08 3.749693941777972985e-08 3.765992989933473194e-08
3.754685781212842289e-08 3.769189224580518565e-08 3.784814061473110499e-08 3.770166057947415173e-08 3.761204750421218879e-08 3.740811151605302864e-08 3.778355872966507838e-08 3.749093475040837201e-08 3.725281791095862373e-08 3.770674864002227105e-08 3.733275618374172458e-08 3.766634586825924422e-08 3.786404278822645497e-08 3.721377741466891336e-08 3.761552691689712993e-08 3.776937570331600287e-08 3.752208811609573039e-08 3.739636680678729216e-08 3.746771992394122424e-08 3.755022020908646930e-08 3.737188532938151846e-08 3.761166201511252794e-08 3.769002213850992688e-08 3.769886304894824561e-08 3.754384356899137284e-08 3.732648258992715484e-08 3.731037589143234144e-08 3.753379325047706639e-08 3.750015468794388192e-08 3.772787068731428092e-08 3.750501939738272136e-08 3.769980697149006357e-08 3.725695692367061549e-08 3.786410136367626592e-08 3.774228721909009138e-08 3.782202945107253868e-08 3.774661531814428473e-08 3.756558045118678228e-08 3.782172144375880069e-08 3.772729939032737054e-08 3.739148210134677934e-08 3.768269543065752987e-08 3.757409592240278924e-08 3.773774730553296217e-08
3.755593830585574468e-08 3.770136633976522948e-08 3.785713570017868890e-08 3.771121669513569551e-08 3.762089610535795801e-08 3.741756994078281479e-08 3.779235715350955766e-08 3.750053949337399532e-08 3.726188565126202667e-08 3.771616084921775931e-08 3.734196265198428715e-08 3.767566701184537434e-08 3.787297789529187552e-08 3.722284536751863124e-08 3.762427633046209107e-08 3.777842665899138084e-08 3.753091780437011823e-08 3.740563393452176579e-08 3.747702068551124699e-08 3.755925494187756290e-08 3.738141395555239803e-08 3.762107759695475916e-08 3.769886304894824561e-08 3.770850875483480627e-08 3.755277619650188988e-08 3.733576585508374939e-08 3.731989364419417414e-08 3.754288627955095960e-08 3.750973540238161982e-08 3.773728001877320707e-08 3.751404696763940342e-08 3.770882205485823429e-08 3.726604207234673620e-08 3.787313047407958211e-08 3.775109382956612688e-08 3.783085040616114729e-08 3.775562843195053745e-08 3.757481598422859547e-08 3.783109223805622022e-08 3.773640891112327061e-08 3.740079276560240758e-08 3.769175042138639488e-08 3.758313386245959352e-08 3.774711416743962383e-08
3.740244098345719967e-08 3.754697299500065932e-08 3.770136123439265173e-08 3.755553314102902923e-08 3.746714985556524755e-08 3.726440376046303158e-08 3.763759872975143544e-08 3.734652063757504284e-08 3.710982385037494149e-08 3.756119456967549303e-08 3.718924587214786956e-08 3.752130770553350355e-08 3.771773760302645175e-08 3.707166037320801069e-08 3.747020300619688564e-08 3.762368639047180502e-08 3.737745996134012473e-08 3.725227589420427823e-08 3.732359676884311172e-08 3.740482701285820255e-08 3.722885845005719533e-08 3.746652152947226516e-08 3.754384356899137284e-08 3.755277619650188988e-08 3.740025880447230137e-08 3.718276079206188450e-08 3.716732703626250575e-08 3.738897430916054377e-08 3.735601992962578318e-08 3.758246062131029997e-08 3.736068445904379295e-08 3.755459754356137273e-08 3.711399929374277451e-08 3.771795944324333246e-08 3.759744712106425788e-08 3.767586772528406436e-08 3.760145879247428532e-08 3.742082312842880425e-08 3.767596660116288884e-08 3.758154608999265764e-08 3.724853123123886726e-08 3.753677300440264994e-08 3.742934112651897209e-08 3.759196977932816458e-08
3.718618095901744347e-08 3.732973191583423175e-08 3.748309675594008235e-08 3.733921174119244045e-08 3.725035961377715121e-08 3.704889353297349103e-08 3.741979532136624347e-08 3.713164454906168230e-08 3.689550576166521409e-08 3.734449905920620375e-08 3.697428347556840017e-08 3.730381867992643204e-08 3.749937390712040601e-08 3.685750471527584630e-08 3.725325771987795138e-08 3.740552691956749404e-08 3.716107191930016099e-08 3.703729326635755060e-08 3.710782294414903997e-08 3.718868192092321516e-08 3.701346295141697674e-08 3.725018544769702306e-08 3.732648258992715484e-08 3.733576585508374939e-08 3.718276079206188450e-08 3.696862221692537302e-08 3.695273457302129739e-08 3.717253910210303894e-08 3.714020869125380156e-08 3.736495325703017483e-08 3.714508604566947579e-08 3.733718394984407347e-08 3.689935424336891621e-08 3.749886855220428489e-08 3.737975976387796968e-08 3.745734045002622758e-08 3.738349571614619381e-08 3.720457912931519269e-08 3.745819251264381347e-08 3.736452609456083770e-08 3.703323573472244361e-08 3.731980656841975354e-08 3.721287988963891782e-08 3.737470310682898326e-08
3.717069583174183320e-08 3.731410466007809752e-08 3.746604267352317761e-08 3.732307339485782477e-08 3.723446093572957433e-08 3.703474533160599579e-08 3.740419347652958633e-08 3.711744079495980555e-08 3.688081301217137487e-08 3.732933678299219163e-08 3.695958842865671534e-08 3.728904942386708206e-08 3.748334457892396031e-08 3.684434942744466600e-08 3.723752983417995457e-08 3.738999418371264245e-08 3.714590533451058907e-08 3.702291023511025141e-08 3.709296602091781854e-08 3.717315298463748640e-08 3.699973013731916863e-08 3.723463075802107063e-08 3.731037589143234144e-08 3.731989364419417414e-08 3.716732703626250575e-08 3.695273457302129739e-08 3.693957697609267975e-08 3.715693824803292559e-08 3.712606297664176412e-08 3.734986993379594970e-08 3.712979900091347316e-08 3.732190192176291854e-08 3.688510398911511954e-08 3.748260958538258054e-08 3.736446121571983073e-08 3.744064320265574903e-08 3.736822618945267640e-08 3.718969430665443409e-08 3.744349537150802413e-08 3.734828193524952113e-08 3.701909625058079384e-08 3.730421166406330774e-08 3.719732110073858653e-08 3.735894228739876730e-08
3.739199101746757501e-08 3.753668125255868374e-08 3.769144354266262483e-08 3.754568646733573461e-08 3.745682150964672937e-08 3.725459528272132539e-08 3.762706812852923457e-08 3.733684230992172021e-08 3.709996822774396313e-08 3.755100076523301335e-08 3.717887841090969093e-08 3.751138562379818609e-08 3.770752148778415757e-08 3.706131617313274523e-08 3.746015047944563638e-08 3.761341719128154416e-08 3.736717647626382538e-08 3.724255567152046634e-08 3.731363092150176157e-08 3.739507646939667107e-08 3.721830304863590734e-08 3.745621968786131005e-08 3.753379325047706639e-08 3.754288627955095960e-08 3.738897430916054377e-08 3.717253910210303894e-08 3.715693824803292559e-08 3.737931564489395199e-08 3.734591909099211039e-08 3.757176788984814900e-08 3.735033563452348935e-08 3.754403556246986268e-08 3.710370262387238656e-08 3.770720525713552285e-08 3.758675401429428847e-08 3.766535600951869928e-08 3.759054946498965592e-08 3.741086879919351990e-08 3.766590394330516366e-08 3.757124588193022963e-08 3.723769774375090964e-08 3.752698985396459069e-08 3.741883346170907884e-08 3.758192813333422448e-08
3.735953398961916327e-08 3.750388449955256884e-08 3.765698652247152764e-08 3.751275292901604877e-08 3.742317224835877422e-08 3.722245046122123064e-08 3.759409944018796218e-08 3.730509074152178304e-08 3.706787838414274160e-08 3.751835684966439392e-08 3.714668725330174644e-08 3.747857472274817099e-08 3.767403187270019988e-08 3.703023483011466506e-08 3.742666516033989980e-08 3.758014565012509018e-08 3.733450457890267977e-08 3.721040852485746548e-08 3.728121569242630028e-08 3.736196829213225718e-08 3.718684755604508317e-08 3.742365441919243696e-08 3.750015468794388192e-08 3.750973540238161982e-08 3.735601992962578318e-08 3.714020869125380156e-08 3.712606297664176412e-08 3.734591909099211039e-08 3.731456688522806588e-08 3.753920453467288029e-08 3.731793316554787018e-08 3.751149366466445664e-08 3.707171099944814469e-08 3.767354173621307209e-08 3.755392056006106426e-08 3.763144019113304666e-08 3.755803404053143523e-08 3.737809254919974691e-08 3.763352033032009589e-08 3.753804800329754272e-08 3.720612969025706218e-08 3.749373124264888821e-08 3.738633663101401822e-08 3.754871565696886476e-08
3.758548691231986269e-08 3.773065904587624675e-08 3.788611152774374367e-08 3.774025340803054451e-08 3.765044727413884165e-08 3.744656556996695618e-08 3.782204869608907693e-08 3.753009353729663506e-08 3.729115616446274564e-08 3.774588313128010628e-08 3.737134516852708310e-08 3.770464032228346017e-08 3.790232785880123841e-08 3.725259240983261511e-08 3.765352213535678550e-08 3.780772075976829790e-08 3.756031817551714034e-08 3.743471655410085593e-08 3.750648051149847999e-08 3.758820899208725240e-08 3.741116831474597904e-08 3.765064092168958602e-08 3.772787068731428092e-08 3.773728001877320707e-08 3.758246062131029997e-08 3.736495325703017483e-08 3.734986993379594970e-08 3.757176788984814900e-08 3.753920453467288029e-08 3.776749097704291002e-08 3.754389787444240947e-08 3.773838978962847730e-08 3.729567368447740867e-08 3.790259952471150634e-08 3.778112168219577115e-08 3.786021473477654915e-08 3.778560350573796927e-08 3.760411098853973297e-08 3.786067078578151135e-08 3.776594953073110072e-08 3.743096802103650912e-08 3.772098804100202632e-08 3.761257844988933266e-08 3.777615102961204559e-08
3.736434330147233667e-08 3.750846934339412635e-08 3.766202666808171100e-08 3.751785396846195108e-08 3.742846446062145834e-08 3.722619283748234003e-08 3.759923381606932323e-08 3.730934936348006427e-08 3.707192361721543990e-08 3.752306849820570784e-08 3.715118245025464163e-08 3.748264223720683604e-08 3.767910207151165872e-08 3.703401640293005030e-08 3.743153634413055224e-08 3.758490655452811030e-08 3.733905314163110333e-08 3.721446945061018451e-08 3.728538434517940839e-08 3.736680363462191911e-08 3.719088557382137001e-08 3.742859364355606866e-08 3.750501939738272136e-08 3.751404696763940342e-08 3.736068445904379295e-08 3.714508604566947579e-08 3.712979900091347316e-08 3.735033563452348935e-08 3.731793316554787018e-08 3.754389787444240947e-08 3.732325631956010509e-08 3.751597506842845517e-08 3.707587767022966023e-08 3.767879428081787520e-08 3.755883029380139588e-08 3.763669032872660658e-08 3.756288294978775720e-08 3.738247670592434191e-08 3.763776960558998925e-08 3.754345476381752534e-08 3.721060530308651169e-08 3.749836464488884498e-08 3.739097594302281281e-08 3.755323478207111259e-08
3.755778885157223963e-08 3.770236869290470191e-08 3.785761360313392578e-08 3.771201915946065901e-08 3.762212907808525004e-08 3.741914016626392257e-08 3.779396145288488430e-08 3.750197536676022620e-08 3.726379227880569412e-08 3.771735274010584980e-08 3.734349684025519299e-08 3.767696043774779278e-08 3.787426622075979255e-08 3.722574176256723744e-08 3.762565290350333399e-08 3.777989875410059383e-08 3.753270628620369941e-08 3.740710278063994867e-08 3.747859735918802197e-08 3.756050914335200849e-08 3.738339846693953738e-08 3.762220569485572279e-08 3.769980697149006357e-08 3.770882205485823429e-08 3.755459754356137273e-08 3.733718394984407347e-08 3.732190192176291854e-08 3.754403556246986268e-08 3.751149366466445664e-08 3.773838978962847730e-08 3.751597506842845517e-08 3.771092429491765675e-08 3.726791355597524305e-08 3.787412705555468374e-08 3.775318086212004510e-08 3.783182288308067802e-08 3.775741714792370553e-08 3.757637792002284455e-08 3.783238923939915773e-08 3.773744924400674308e-08 3.740293397787704091e-08 3.769298248236465639e-08 3.758487869007886333e-08 3.774790058214148127e-08
3.711685545558470843e-08 3.726002746182934494e-08 3.741291374598381681e-08 3.726894261702002789e-08 3.718127907477649886e-08 3.698084248654598988e-08 3.735005369858075578e-08 3.706305282598013107e-08 3.682754369349824037e-08 3.727518536879900948e-08 3.690594110657609826e-08 3.723489932199493587e-08 3.742938727663250162e-08 3.679047158948585811e-08 3.718423061022823521e-08 3.733592392555150805e-08 3.709222820677410182e-08 3.696908801539596198e-08 3.703937501365932156e-08 3.711944556498031564e-08 3.694543257300336578e-08 3.718056344768212199e-08 3.725695692367061549e-08 3.726604207234673620e-08 3.711399929374277451e-08 3.689935424336891621e-08 3.688510398911511954e-08 3.710370262387238656e-08 3.707171099944814469e-08 3.729567368447740867e-08 3.707587767022966023e-08 3.726791355597524305e-08 3.683181936496296574e-08 3.742875282985400491e-08 3.731061028498089046e-08 3.738720933847267793e-08 3.731394105868785254e-08 3.713598050150446737e-08 3.738870849074091696e-08 3.729434064276490913e-08 3.696505635206680777e-08 3.725054522605833446e-08 3.714351635750058143e-08 3.730529937685033976e-08
3.772101978239247510e-08 3.786727895670134049e-08 3.802291189480543061e-08 3.787620357050462520e-08 3.778556786054634806e-08 3.758045827466559050e-08 3.795884672218250090e-08 3.766367097596210160e-08 3.742442658397006539e-08 3.788075537054547314e-08 3.750525411628647879e-08 3.784103143868914431e-08 3.803966688614228607e-08 3.738466190568430246e-08 3.778912770255800420e-08 3.794439982712860304e-08 3.769539599373081292e-08 3.756865677538855136e-08 3.764078311393223751e-08 3.772367573318301039e-08 3.754482181793968382e-08 3.778609758060990343e-08 3.786410136367626592e-08 3.787313047407958211e-08 3.771795944324333246e-08 3.749886855220428489e-08 3.748260958538258054e-08 3.770720525713552285e-08 3.767354173621307209e-08 3.790259952471150634e-08 3.767879428081787520e-08 3.787412705555468374e-08 3.742875282985400491e-08 3.804088341053545091e-08 3.791678272227709542e-08 3.799808442478881058e-08 3.792209115136497255e-08 3.773823758309784778e-08 3.799685426512245647e-08 3.790250154180047730e-08 3.756434133539392948e-08 3.785651560146707154e-08 3.774815301365429095e-08 3.791216339197271318e-08
3.760041879394508459e-08 3.774580463555011827e-08 3.790048877170559781e-08 3.775420061734757510e-08 3.766558869982436722e-08 3.746195793260610287e-08 3.783703612936344584e-08 3.754502513877829603e-08 3.730687293282394813e-08 3.776004372828422112e-08 3.738626039231892493e-08 3.771998173426491668e-08 3.791735662717249849e-08 3.726869075262289469e-08 3.766866554521211296e-08 3.782260346452281738e-08 3.757522337225008135e-08 3.745010940677105529e-08 3.752139518326498728e-08 3.760292945135028380e-08 3.742600168205400159e-08 3.766487845460924748e-08 3.774228721909009138e-08 3.775109382956612688e-08 3.759744712106425788e-08 3.737975976387796968e-08 3.736446121571983073e-08 3.758675401429428847e-08 3.755392056006106426e-08 3.778112168219577115e-08 3.755883029380139588e-08 3.775318086212004510e-08 3.731061028498089046e-08 3.791678272227709542e-08 3.779723777144951434e-08 3.787498231333961019e-08 3.780069388478008402e-08 3.761894279189938968e-08 3.787559717594323045e-08 3.778026078960311583e-08 3.744605211978632073e-08 3.773534950452120775e-08 3.762747383624671582e-08 3.779017743797745991e-08
3.767877072013414600e-08 3.782491515122899002e-08 3.798109190566077639e-08 3.783358815925184317e-08 3.774376432522885615e-08 3.753810361847871358e-08 3.791674569952050125e-08 3.762140517748687671e-08 3.738318992895145771e-08 3.783837550626518176e-08 3.746348393637868511e-08 3.779878062467134277e-08 3.799708975243291754e-08 3.734303873958459226e-08 3.774724180937616646e-08 3.790180686752323198e-08 3.765339991950100776e-08 3.752723213289366954e-08 3.759896755946972591e-08 3.768150516052378527e-08 3.750246410909920970e-08 3.774373348377330027e-08 3.782202945107253868e-08 3.783085040616114729e-08 3.767586772528406436e-08 3.745734045002622758e-08 3.744064320265574903e-08 3.766535600951869928e-08 3.763144019113304666e-08 3.786021473477654915e-08 3.763669032872660658e-08 3.783182288308067802e-08 3.738720933847267793e-08 3.799808442478881058e-08 3.787498231333961019e-08 3.795666557172665527e-08 3.787971987965497082e-08 3.769588860576561737e-08 3.795422060456544581e-08 3.786022947466334690e-08 3.752231803527018611e-08 3.781437141571404234e-08 3.770637739888893578e-08 3.786943680625230100e-08
