1.856052745811819768e-08 1.870363997236309269e-08 1.880579975439328326e-08 1.866681481490688472e-08 1.864007117925297651e-08 1.846404425179166408e-08 1.874346869850510265e-08 1.858697859185288910e-08 1.842441181295875605e-08 1.865399675120705927e-08 1.839636485136692200e-08 1.868603591764115774e-08 1.877448061400084671e-08 1.827322093906164585e-08 1.862408336086308949e-08 1.874539562759608905e-08 1.859386725414242370e-08 1.851114340816921142e-08 1.851147064228784254e-08 1.861150134203486334e-08 1.844017257625723349e-08 1.864817338282696449e-08 1.869500624697533053e-08 1.867594780114200342e-08 1.861951417112798000e-08 1.844040373970195260e-08 1.843338687009311250e-08 1.860391850317814490e-08 1.851903202366284033e-08 1.870928916948766816e-08 1.857570240647321253e-08 1.864305574033460364e-08 1.837626909098851904e-08 1.880383590391198838e-08 1.867030559837414927e-08 1.876511599422533985e-08 1.870666643466326452e-08 1.858296329496982032e-08 1.876775388634821680e-08 1.869563821336352757e-08 1.840402166479974844e-08 1.868686120057015502e-08 1.858412138320663066e-08 1.872806172872958955e-08
1.870363997236309269e-08 1.886014957629166644e-08 1.896027997106845045e-08 1.881662119615476228e-08 1.878858513827083333e-08 1.860356954293749549e-08 1.889566883400892496e-08 1.873103875762797412e-08 1.856246323815178650e-08 1.880351187102380598e-08 1.853375908188690191e-08 1.883525931922618662e-08 1.892869465865773525e-08 1.840548416038392878e-08 1.877503238635416499e-08 1.889662906349107304e-08 1.873839829763988002e-08 1.865081780632738661e-08 1.865512398117559316e-08 1.875829501784226234e-08 1.857974547453869076e-08 1.879555792153571480e-08 1.884719569977975602e-08 1.882567693096726039e-08 1.876360971570833334e-08 1.858144391234820874e-08 1.857128298855356953e-08 1.875234876086904333e-08 1.866134435048810329e-08 1.886016788347320637e-08 1.871702589722917136e-08 1.879040048487202643e-08 1.851186076136011973e-08 1.896005789551786160e-08 1.882134603800892734e-08 1.891941547996725784e-08 1.885663646949404187e-08 1.872956743693154379e-08 1.892104115539583499e-08 1.884780425321428728e-08 1.854170162282142577e-08 1.883597354791964214e-08 1.873184423937201562e-08 1.887875193788094642e-08
1.880579975439328326e-08 1.896027997106845045e-08 1.906565995462925352e-08 1.892028843255101886e-08 1.889076925698809488e-08 1.870472629274999835e-08 1.899860194022066210e-08 1.883238718598129089e-08 1.866321184757568115e-08 1.890523782964795897e-08 1.863418823106207501e-08 1.893710968123001756e-08 1.903149237879719198e-08 1.850585022197364498e-08 1.887629782661012110e-08 1.899956607737457246e-08 1.884084963243622820e-08 1.875265518501657794e-08 1.875606823006887345e-08 1.885967446014328349e-08 1.868098536186990426e-08 1.889866315138563044e-08 1.894901181721471738e-08 1.892743086113137335e-08 1.886568550469642942e-08 1.868267932686479601e-08 1.867244803717814606e-08 1.885510551516835960e-08 1.876366833050637826e-08 1.896229113215944530e-08 1.881901207125297581e-08 1.889234271672703765e-08 1.861362389983163037e-08 1.906312361777167741e-08 1.892293336199447411e-08 1.902271748061055089e-08 1.895860933158205764e-08 1.883140707775170431e-08 1.902381179350298106e-08 1.895022041301913304e-08 1.864272640577126135e-08 1.893938734775808108e-08 1.883361964371811626e-08 1.898227830642984551e-08
1.866681481490688472e-08 1.881662119615476228e-08 1.892028843255101886e-08 1.877911974986224124e-08 1.875010295194047774e-08 1.856851109531250019e-08 1.885573552335629192e-08 1.869407826802551075e-08 1.852807280303316105e-08 1.876458206679634196e-08 1.849935322309906411e-08 1.879622193457270319e-08 1.888760720173299365e-08 1.837403234657950478e-08 1.873499895736309942e-08 1.885704700749489805e-08 1.870171920571386007e-08 1.861649500036564530e-08 1.861837443843070067e-08 1.872043211161522249e-08 1.854505942045960508e-08 1.875782796606505736e-08 1.880627659197235967e-08 1.878587212253485912e-08 1.872712280500297923e-08 1.854619331833588419e-08 1.853767236274191753e-08 1.871397720137456642e-08 1.862589902007652883e-08 1.882040109570492712e-08 1.868198268057737991e-08 1.875236806339115791e-08 1.847973835677125667e-08 1.891849684596854813e-08 1.878115892274617041e-08 1.887873898903486669e-08 1.881726033702635878e-08 1.869152315256207176e-08 1.888036567728571642e-08 1.880738056195876085e-08 1.850752258192176527e-08 1.879781738834693960e-08 1.869328561428400868e-08 1.883997097119982363e-08
1.864007117925297651e-08 1.878858513827083333e-08 1.889076925698809488e-08 1.875010295194047774e-08 1.872377057116666672e-08 1.854258616877083139e-08 1.882762651827380606e-08 1.866742016334821198e-08 1.850273698242559417e-08 1.873712546874404379e-08 1.847409673822618985e-08 1.876935198527678453e-08 1.885931903874703192e-08 1.834994749612798113e-08 1.870753174204165889e-08 1.882940768378868803e-08 1.867476547778273590e-08 1.859016474203274038e-08 1.859270425096130860e-08 1.869393980375297718e-08 1.851913294786011068e-08 1.873019485061607390e-08 1.877871988919048051e-08 1.875850426804464501e-08 1.870062844502084389e-08 1.852008115032440200e-08 1.851102580653869176e-08 1.868702004444940413e-08 1.859919963871131226e-08 1.879313460190774136e-08 1.865541006318749878e-08 1.872544872473512199e-08 1.845416832605059430e-08 1.889033513336011968e-08 1.875412315496130930e-08 1.884984239308630807e-08 1.878967910380356517e-08 1.866412125161607667e-08 1.885156799177083364e-08 1.877962620925893704e-08 1.848160880641964024e-08 1.877018580101488278e-08 1.866591749767261984e-08 1.881131852461309938e-08
1.846404425179166408e-08 1.860356954293749549e-08 1.870472629274999835e-08 1.856851109531250019e-08 1.854258616877083139e-08 1.837153747012499953e-08 1.864338575868750074e-08 1.849074153127083374e-08 1.833107623133333191e-08 1.855655569449999768e-08 1.830315586187500097e-08 1.858863254981249773e-08 1.867472215687500585e-08 1.818348821283332162e-08 1.852628470877083064e-08 1.864697812054166346e-08 1.849801665991667210e-08 1.841814074287499799e-08 1.841669429470833924e-08 1.851484556160416304e-08 1.834690942339583054e-08 1.855090331570833430e-08 1.859578632670833147e-08 1.857829865147916709e-08 1.852371494033333105e-08 1.834625176093749589e-08 1.834069758622916149e-08 1.850607620489583874e-08 1.842467093272917162e-08 1.861070607452083301e-08 1.848104062245833237e-08 1.854626120870833248e-08 1.828402400216665851e-08 1.870304148522916198e-08 1.857218030152083314e-08 1.866543577418750341e-08 1.860864770952083224e-08 1.848620925322917308e-08 1.866822212008334156e-08 1.859636629800000882e-08 1.831076142487500618e-08 1.858901171212499935e-08 1.848735505360415850e-08 1.862952080202083351e-08
1.874346869850510265e-08 1.889566883400892496e-08 1.899860194022066210e-08 1.885573552335629192e-08 1.882762651827380606e-08 1.864338575868750074e-08 1.893509939185033775e-08 1.877123710518324700e-08 1.860312311597363758e-08 1.884237607795408160e-08 1.857459542287584789e-08 1.887383775726913206e-08 1.896619565148895113e-08 1.844722569882355444e-08 1.881294538617559206e-08 1.893521714102168507e-08 1.877804562498171388e-08 1.869112749359183612e-08 1.869441115913307622e-08 1.879788977342176238e-08 1.861981481951020734e-08 1.883466446012457753e-08 1.888448209459140549e-08 1.886355904765390925e-08 1.880373515435714239e-08 1.862161754539540906e-08 1.861206886153954122e-08 1.879148337860076267e-08 1.870173358813308041e-08 1.889886887530612316e-08 1.875775720509821883e-08 1.882931961187924867e-08 1.855348614169090066e-08 1.899795076456080321e-08 1.885943532340689039e-08 1.895726420898724833e-08 1.889517823325255344e-08 1.876819009257992761e-08 1.895883565378571048e-08 1.888598161360756305e-08 1.858247814320748062e-08 1.887512829321301432e-08 1.877027723935543806e-08 1.891758642659863936e-08
1.858697859185288910e-08 1.873103875762797412e-08 1.883238718598129089e-08 1.869407826802551075e-08 1.866742016334821198e-08 1.849074153127083374e-08 1.877123710518324700e-08 1.861585224132397995e-08 1.845222228645450234e-08 1.868185623692814035e-08 1.842421791201020098e-08 1.871400364827125541e-08 1.880224880559651058e-08 1.830073649867432390e-08 1.865168269883630606e-08 1.877266630757271270e-08 1.862092010534310811e-08 1.853835043578954034e-08 1.853875381851360149e-08 1.863935250626955975e-08 1.846736093153911306e-08 1.867545651749489484e-08 1.872230533576360397e-08 1.870295530259693959e-08 1.864707066549404414e-08 1.846824485403656840e-08 1.846109608255781966e-08 1.863115911579251502e-08 1.854669261855526772e-08 1.873720166113180614e-08 1.860323547855357098e-08 1.867098209742601724e-08 1.840382973204081873e-08 1.883124075089625829e-08 1.869896875869515056e-08 1.879257588493027511e-08 1.873438127282227786e-08 1.861001820133418449e-08 1.879532456759523404e-08 1.872316897210331655e-08 1.843110120548980307e-08 1.871426010780611987e-08 1.861115133166114257e-08 1.875526804628784347e-08
1.842441181295875605e-08 1.856246323815178650e-08 1.866321184757568115e-08 1.852807280303316105e-08 1.850273698242559417e-08 1.833107623133333191e-08 1.860312311597363758e-08 1.845222228645450234e-08 1.829440430881377791e-08 1.851642011191283854e-08 1.826598531307992895e-08 1.854887201711096725e-08 1.863360917377338615e-08 1.814620968728911407e-08 1.848531096592262008e-08 1.860614795418409592e-08 1.845781680853145820e-08 1.837857301894514740e-08 1.837733641369685470e-08 1.847493493314626444e-08 1.830802637154251469e-08 1.851058570631420188e-08 1.855556639848851763e-08 1.853758162259268408e-08 1.848478531600892516e-08 1.830771332108503282e-08 1.830204997602933826e-08 1.846577751526361139e-08 1.838488687450935495e-08 1.856986450871300607e-08 1.844167536450297311e-08 1.850675929981633208e-08 1.824654236938222818e-08 1.866137277173596361e-08 1.853218470247661293e-08 1.862339573130101348e-08 1.856824227413562467e-08 1.844590677747193977e-08 1.862693002925298047e-08 1.855577598104889405e-08 1.827236528562840728e-08 1.854858358062712480e-08 1.844706555478656323e-08 1.858836476925127587e-08
1.865399675120705927e-08 1.880351187102380598e-08 1.890523782964795897e-08 1.876458206679634196e-08 1.873712546874404379e-08 1.855655569449999768e-08 1.884237607795408160e-08 1.868185623692814035e-08 1.851642011191283854e-08 1.875341922015731010e-08 1.848823957526020260e-08 1.878370134277125332e-08 1.887430588786733899e-08 1.836328248704931567e-08 1.872244436044047420e-08 1.884380871753103769e-08 1.868899106475977154e-08 1.860434503633120169e-08 1.860601824068026987e-08 1.870828213926955595e-08 1.853240971153911331e-08 1.874494645078655983e-08 1.879295498684693207e-08 1.877279768374276971e-08 1.871475503913987758e-08 1.853445708478656120e-08 1.852527600082865043e-08 1.870082654885501326e-08 1.861354885851360399e-08 1.880753578296514139e-08 1.866960528153273556e-08 1.873970336334268297e-08 1.846686098014497652e-08 1.890489095493792781e-08 1.876881631321598395e-08 1.886531766570109905e-08 1.880461859761394739e-08 1.867888168983417697e-08 1.886735558936607078e-08 1.879428196274914531e-08 1.849601486796896150e-08 1.878443438328529453e-08 1.868014915807780538e-08 1.882714598872533369e-08
1.839636485136692200e-08 1.853375908188690191e-08 1.863418823106207501e-08 1.849935322309906411e-08 1.847409673822618985e-08 1.830315586187500097e-08 1.857459542287584789e-08 1.842421791201020098e-08 1.826598531307992895e-08 1.848823957526020260e-08 1.824017415135629659e-08 1.852001275978741574e-08 1.860432552932652914e-08 1.811940678059013641e-08 1.845679882397023483e-08 1.857688681991879552e-08 1.842951919779804109e-08 1.834992123179209481e-08 1.834939535569727647e-08 1.844695153049191797e-08 1.828088455233800165e-08 1.848188813871768285e-08 1.852580442057228006e-08 1.850918857315561122e-08 1.845610487605952230e-08 1.827999782965518749e-08 1.827414269506759766e-08 1.843694808355399167e-08 1.835733708861394502e-08 1.854125551651530359e-08 1.841381767050595057e-08 1.847785676130229637e-08 1.821906894171683556e-08 1.863223219543325719e-08 1.850358563659013757e-08 1.859420222446811092e-08 1.853999443796470900e-08 1.841784155017899345e-08 1.859831647956844248e-08 1.852781825161266935e-08 1.824485648372704572e-08 1.851971645227210253e-08 1.841848610232610897e-08 1.855986037155909261e-08
1.868603591764115774e-08 1.883525931922618662e-08 1.893710968123001756e-08 1.879622193457270319e-08 1.876935198527678453e-08 1.858863254981249773e-08 1.887383775726913206e-08 1.871400364827125541e-08 1.854887201711096725e-08 1.878370134277125332e-08 1.852001275978741574e-08 1.881680443288349938e-08 1.890613209226360616e-08 1.839558015298639573e-08 1.875373695149702327e-08 1.887576892912074841e-08 1.872091645588307728e-08 1.863594812787414757e-08 1.863863997568878136e-08 1.873951045249532069e-08 1.856507186299064492e-08 1.877707874006462558e-08 1.882591093237628164e-08 1.880489956927210610e-08 1.874722396104761595e-08 1.856621393977295744e-08 1.855752089638563195e-08 1.873263237982950683e-08 1.864573930989711176e-08 1.883943115438605086e-08 1.870188137190476704e-08 1.877209138243707323e-08 1.849935474471216076e-08 1.893640139546684232e-08 1.880075457650722880e-08 1.889666232508460640e-08 1.883622786840390313e-08 1.871086296316284212e-08 1.889860709750893054e-08 1.882593270556632600e-08 1.852774525419174890e-08 1.881634764522661566e-08 1.871257652666029175e-08 1.885806992975680011e-08
1.877448061400084671e-08 1.892869465865773525e-08 1.903149237879719198e-08 1.888760720173299365e-08 1.885931903874703192e-08 1.867472215687500585e-08 1.896619565148895113e-08 1.880224880559651058e-08 1.863360917377338615e-08 1.887430588786733899e-08 1.860432552932652914e-08 1.890613209226360616e-08 1.900005755542176431e-08 1.847681030499489839e-08 1.884508836638690309e-08 1.896764205736819474e-08 1.880953963747959309e-08 1.872250544536947302e-08 1.872565025578953992e-08 1.882880800685501885e-08 1.865036534871002977e-08 1.886723996927423375e-08 1.891767051956037327e-08 1.889582100187287433e-08 1.883480943395535555e-08 1.865262990950339979e-08 1.864247539157950496e-08 1.882353212792304503e-08 1.873255161645620810e-08 1.893116356155101901e-08 1.878877855563095434e-08 1.886145026848682300e-08 1.858333328213945375e-08 1.903081922313860623e-08 1.889224220120323261e-08 1.899058544460203984e-08 1.892737113029208743e-08 1.880058744781887933e-08 1.899158030325595410e-08 1.891820753499362041e-08 1.861270478436097047e-08 1.890722010315008328e-08 1.880216474905229317e-08 1.895040397985671678e-08
1.827322093906164585e-08 1.840548416038392878e-08 1.850585022197364498e-08 1.837403234657950478e-08 1.834994749612798113e-08 1.818348821283332162e-08 1.844722569882355444e-08 1.830073649867432390e-08 1.814620968728911407e-08 1.836328248704931567e-08 1.811940678059013641e-08 1.839558015298639573e-08 1.847681030499489839e-08 1.800415738479676527e-08 1.833116591855059605e-08 1.845113468838180080e-08 1.830697674539540461e-08 1.822987674990135842e-08 1.822803619418962311e-08 1.832328979806164890e-08 1.816066301978996337e-08 1.835778257532993201e-08 1.839936345573128869e-08 1.838342168035629050e-08 1.833382837239880820e-08 1.815961043818409641e-08 1.815467069829549379e-08 1.831255720191028535e-08 1.823593232368962414e-08 1.841506717986564439e-08 1.829298049003571533e-08 1.835387857028401075e-08 1.810110602263137218e-08 1.850355174352805949e-08 1.837744997419260105e-08 1.846655118123129016e-08 1.841435262412457223e-08 1.829392498780612112e-08 1.847073335459821162e-08 1.840092943302720870e-08 1.812546682726403024e-08 1.839475567943324610e-08 1.829452806009353773e-08 1.843375000049744777e-08
1.862408336086308949e-08 1.877503238635416499e-08 1.887629782661012110e-08 1.873499895736309942e-08 1.870753174204165889e-08 1.852628470877083064e-08 1.881294538617559206e-08 1.865168269883630606e-08 1.848531096592262008e-08 1.872244436044047420e-08 1.845679882397023483e-08 1.875373695149702327e-08 1.884508836638690309e-08 1.833116591855059605e-08 1.869394953279166356e-08 1.881435440861607149e-08 1.865889744301487969e-08 1.857365861711904718e-08 1.857587702321726329e-08 1.867810914313392888e-08 1.850195162433035334e-08 1.871462716355654586e-08 1.876421949821726097e-08 1.874382809721726392e-08 1.868429979131249925e-08 1.850351244795238294e-08 1.849440341482440627e-08 1.867162506905654771e-08 1.858296675273809706e-08 1.877828317697321287e-08 1.863836955260416545e-08 1.870977240776785497e-08 1.843564311636012125e-08 1.887648216074702210e-08 1.873938336665476103e-08 1.883640243473809167e-08 1.877494222520237923e-08 1.864886477047321266e-08 1.883798260674999968e-08 1.876495290692261779e-08 1.846468445948809555e-08 1.875457491531547404e-08 1.865087624960119023e-08 1.879695813065178413e-08
1.874539562759608905e-08 1.889662906349107304e-08 1.899956607737457246e-08 1.885704700749489805e-08 1.882940768378868803e-08 1.864697812054166346e-08 1.893521714102168507e-08 1.877266630757271270e-08 1.860614795418409592e-08 1.884380871753103769e-08 1.857688681991879552e-08 1.887576892912074841e-08 1.896764205736819474e-08 1.845113468838180080e-08 1.881435440861607149e-08 1.893761652956462532e-08 1.878023206729804607e-08 1.869456065612542403e-08 1.869726292805144293e-08 1.879943216988775431e-08 1.862247435840050659e-08 1.883648853555101762e-08 1.888607669132227729e-08 1.886509410721811276e-08 1.880634351970535307e-08 1.862405469107185363e-08 1.861501990140093590e-08 1.879308784615816029e-08 1.870421171580144554e-08 1.889964484459863694e-08 1.875985939571428667e-08 1.883138669573979571e-08 1.855640606938350074e-08 1.899852079745408005e-08 1.886086222204847113e-08 1.895864778944727456e-08 1.889657035758970796e-08 1.877030728405399498e-08 1.895974392196428741e-08 1.888654631905016963e-08 1.858535541883120484e-08 1.887666974354294277e-08 1.877223118853444145e-08 1.891909338241326555e-08
1.859386725414242370e-08 1.873839829763988002e-08 1.884084963243622820e-08 1.870171920571386007e-08 1.867476547778273590e-08 1.849801665991667210e-08 1.877804562498171388e-08 1.862092010534310811e-08 1.845781680853145820e-08 1.868899106475977154e-08 1.842951919779804109e-08 1.872091645588307728e-08 1.880953963747959309e-08 1.830697674539540461e-08 1.865889744301487969e-08 1.878023206729804607e-08 1.862891990999829770e-08 1.854538267804294016e-08 1.854556002584183517e-08 1.864597382401743253e-08 1.847413576882653143e-08 1.868297908477805782e-08 1.872952901994600302e-08 1.871027206838350180e-08 1.865405049780357147e-08 1.847427699527806212e-08 1.846710867676530634e-08 1.863851020641198817e-08 1.855327328323766816e-08 1.874421260198341754e-08 1.861011076189285604e-08 1.867732849478188620e-08 1.840993511890050945e-08 1.883915603363307528e-08 1.870520962874957379e-08 1.880045667336266795e-08 1.874146350503996784e-08 1.861720858237032363e-08 1.880256986647618947e-08 1.873037655783800918e-08 1.843738316743112126e-08 1.872193085996215545e-08 1.861866051387415033e-08 1.876303798761479628e-08
1.851114340816921142e-08 1.865081780632738661e-08 1.875265518501657794e-08 1.861649500036564530e-08 1.859016474203274038e-08 1.841814074287499799e-08 1.869112749359183612e-08 1.853835043578954034e-08 1.837857301894514740e-08 1.860434503633120169e-08 1.834992123179209481e-08 1.863594812787414757e-08 1.872250544536947302e-08 1.822987674990135842e-08 1.857365861711904718e-08 1.869456065612542403e-08 1.854538267804294016e-08 1.846656876558758324e-08 1.846359727655612130e-08 1.856262541896088403e-08 1.839359486600510429e-08 1.859859183361436906e-08 1.864334390741028993e-08 1.862560516832695395e-08 1.857134057532440232e-08 1.839349639184353998e-08 1.838785261884268957e-08 1.855358990137329704e-08 1.847175284761861951e-08 1.865856743827806038e-08 1.852818619776785511e-08 1.859403187177295412e-08 1.833150526898086378e-08 1.875092950372831410e-08 1.861983251552635729e-08 1.871324227043111844e-08 1.865635483764710631e-08 1.853329696197746190e-08 1.871593363458035729e-08 1.864334307518919937e-08 1.835752935397873811e-08 1.863700038357525048e-08 1.853413691130271966e-08 1.867724545213264904e-08
1.851147064228784254e-08 1.865512398117559316e-08 1.875606823006887345e-08 1.861837443843070067e-08 1.859270425096130860e-08 1.841669429470833924e-08 1.869441115913307622e-08 1.853875381851360149e-08 1.837733641369685470e-08 1.860601824068026987e-08 1.834939535569727647e-08 1.863863997568878136e-08 1.872565025578953992e-08 1.822803619418962311e-08 1.857587702321726329e-08 1.869726292805144293e-08 1.854556002584183517e-08 1.846359727655612130e-08 1.846570577199914902e-08 1.856385733060034157e-08 1.839310623945067410e-08 1.859942308706802459e-08 1.864624268583248386e-08 1.862724014710331764e-08 1.857227650802381037e-08 1.839363650377636146e-08 1.838590885077763735e-08 1.855582286264838381e-08 1.847161654854081462e-08 1.866050443310373997e-08 1.852822122516071326e-08 1.859507211998639444e-08 1.832964711410161397e-08 1.875537035283460862e-08 1.862231787416879392e-08 1.871578930145747997e-08 1.865809043567516798e-08 1.853437136773171905e-08 1.871824130588988173e-08 1.864663483747661627e-08 1.835686278207355300e-08 1.863846128325169795e-08 1.853558554000425096e-08 1.867893894961351898e-08
1.861150134203486334e-08 1.875829501784226234e-08 1.885967446014328349e-08 1.872043211161522249e-08 1.869393980375297718e-08 1.851484556160416304e-08 1.879788977342176238e-08 1.863935250626955975e-08 1.847493493314626444e-08 1.870828213926955595e-08 1.844695153049191797e-08 1.873951045249532069e-08 1.882880800685501885e-08 1.832328979806164890e-08 1.867810914313392888e-08 1.879943216988775431e-08 1.864597382401743253e-08 1.856262541896088403e-08 1.856385733060034157e-08 1.866581704586819836e-08 1.849117292031972530e-08 1.870093362007695577e-08 1.874803490985033779e-08 1.872869382474617028e-08 1.867195505169047571e-08 1.849223796853528450e-08 1.848386099207227848e-08 1.865719540146981292e-08 1.857112490718367628e-08 1.876353566738350516e-08 1.862737043243154581e-08 1.869599349948044161e-08 1.842692940034268851e-08 1.885949275730782083e-08 1.872458450389498388e-08 1.881999783295451006e-08 1.876046402512159721e-08 1.863535871640731403e-08 1.882180272370238370e-08 1.874974566069685645e-08 1.845435999744557689e-08 1.874040244452848592e-08 1.863650823985246552e-08 1.878186498008375965e-08
1.844017257625723349e-08 1.857974547453869076e-08 1.868098536186990426e-08 1.854505942045960508e-08 1.851913294786011068e-08 1.834690942339583054e-08 1.861981481951020734e-08 1.846736093153911306e-08 1.830802637154251469e-08 1.853240971153911331e-08 1.828088455233800165e-08 1.856507186299064492e-08 1.865036534871002977e-08 1.816066301978996337e-08 1.850195162433035334e-08 1.862247435840050659e-08 1.847413576882653143e-08 1.839359486600510429e-08 1.839310623945067410e-08 1.849117292031972530e-08 1.832446899084778563e-08 1.852702634167474348e-08 1.857159359270067898e-08 1.855434591453401136e-08 1.850001410346428510e-08 1.832291829982057472e-08 1.831739373231122249e-08 1.848184056858545891e-08 1.840126008157567582e-08 1.858674804264200630e-08 1.845765733888392477e-08 1.852242903356504683e-08 1.826169968824786808e-08 1.867859436965731225e-08 1.854858421503996598e-08 1.864057809653401146e-08 1.858482279240986391e-08 1.846244882154378764e-08 1.864389096048809318e-08 1.857291650353953741e-08 1.828731162428698592e-08 1.856516663097363706e-08 1.846369697220492663e-08 1.860503452920918300e-08
1.864817338282696449e-08 1.879555792153571480e-08 1.889866315138563044e-08 1.875782796606505736e-08 1.873019485061607390e-08 1.855090331570833430e-08 1.883466446012457753e-08 1.867545651749489484e-08 1.851058570631420188e-08 1.874494645078655983e-08 1.848188813871768285e-08 1.877707874006462558e-08 1.886723996927423375e-08 1.835778257532993201e-08 1.871462716355654586e-08 1.883648853555101762e-08 1.868297908477805782e-08 1.859859183361436906e-08 1.859942308706802459e-08 1.870093362007695577e-08 1.852702634167474348e-08 1.873942457164115455e-08 1.878634047975552341e-08 1.876616342950552573e-08 1.870823690301189919e-08 1.852830511878698747e-08 1.851976678487244967e-08 1.869418482210841806e-08 1.860759031619302369e-08 1.880080619417984653e-08 1.866381439778868943e-08 1.873310215240093312e-08 1.846195400307908259e-08 1.889680059523129355e-08 1.876157336397576405e-08 1.885809948525552491e-08 1.879751260771556103e-08 1.867289248119175086e-08 1.885984233241369351e-08 1.878707127395408029e-08 1.848992042363647746e-08 1.877786294446811016e-08 1.867405676063903132e-08 1.882012026333503347e-08
1.869500624697533053e-08 1.884719569977975602e-08 1.894901181721471738e-08 1.880627659197235967e-08 1.877871988919048051e-08 1.859578632670833147e-08 1.888448209459140549e-08 1.872230533576360397e-08 1.855556639848851763e-08 1.879295498684693207e-08 1.852580442057228006e-08 1.882591093237628164e-08 1.891767051956037327e-08 1.839936345573128869e-08 1.876421949821726097e-08 1.888607669132227729e-08 1.872952901994600302e-08 1.864334390741028993e-08 1.864624268583248386e-08 1.874803490985033779e-08 1.857159359270067898e-08 1.878634047975552341e-08 1.883793140916581397e-08 1.881503917670748332e-08 1.875508125156547417e-08 1.857298208250552663e-08 1.856389307752763755e-08 1.874309424373171358e-08 1.865285286731164804e-08 1.884986410581207347e-08 1.870867660278571446e-08 1.878137421298639290e-08 1.850463475926828196e-08 1.894846493285544151e-08 1.881096944837712774e-08 1.890828186395748267e-08 1.884584065225849934e-08 1.871993513758588170e-08 1.890960355461904646e-08 1.883660875570578140e-08 1.853414285221938756e-08 1.882649999864753310e-08 1.872200743415008495e-08 1.886837994846768609e-08
1.867594780114200342e-08 1.882567693096726039e-08 1.892743086113137335e-08 1.878587212253485912e-08 1.875850426804464501e-08 1.857829865147916709e-08 1.886355904765390925e-08 1.870295530259693959e-08 1.853758162259268408e-08 1.877279768374276971e-08 1.850918857315561122e-08 1.880489956927210610e-08 1.889582100187287433e-08 1.838342168035629050e-08 1.874382809721726392e-08 1.886509410721811276e-08 1.871027206838350180e-08 1.862560516832695395e-08 1.862724014710331764e-08 1.872869382474617028e-08 1.855434591453401136e-08 1.876616342950552573e-08 1.881503917670748332e-08 1.879634466383248135e-08 1.873532783969047228e-08 1.855502887394302389e-08 1.854680654961096467e-08 1.872216542552338268e-08 1.863472432470747882e-08 1.882900169870790908e-08 1.869040806503571409e-08 1.876132324498639182e-08 1.848834141264328310e-08 1.892601910970960617e-08 1.878971191268962622e-08 1.888621951441581254e-08 1.882591607957099867e-08 1.869994448514838159e-08 1.888892401153571543e-08 1.881619901830994572e-08 1.851653632159438607e-08 1.880586069468919942e-08 1.870223540006675008e-08 1.884796082653018547e-08
1.861951417112798000e-08 1.876360971570833334e-08 1.886568550469642942e-08 1.872712280500297923e-08 1.870062844502084389e-08 1.852371494033333105e-08 1.880373515435714239e-08 1.864707066549404414e-08 1.848478531600892516e-08 1.871475503913987758e-08 1.845610487605952230e-08 1.874722396104761595e-08 1.883480943395535555e-08 1.833382837239880820e-08 1.868429979131249925e-08 1.880634351970535307e-08 1.865405049780357147e-08 1.857134057532440232e-08 1.857227650802381037e-08 1.867195505169047571e-08 1.850001410346428510e-08 1.870823690301189919e-08 1.875508125156547417e-08 1.873532783969047228e-08 1.868104331670833292e-08 1.850059868459523429e-08 1.849310480143452231e-08 1.866381593592857017e-08 1.857915835489880561e-08 1.876931975836607100e-08 1.863608852949999928e-08 1.870327083783928357e-08 1.843624297102976109e-08 1.886466558931845442e-08 1.873089418296130705e-08 1.882549210141963833e-08 1.876711528347023534e-08 1.864270760355357421e-08 1.882764892318749764e-08 1.875525803744642766e-08 1.846373806812797329e-08 1.874709265297321102e-08 1.864408688748511563e-08 1.878814221000892666e-08
1.844040373970195260e-08 1.858144391234820874e-08 1.868267932686479601e-08 1.854619331833588419e-08 1.852008115032440200e-08 1.834625176093749589e-08 1.862161754539540906e-08 1.846824485403656840e-08 1.830771332108503282e-08 1.853445708478656120e-08 1.827999782965518749e-08 1.856621393977295744e-08 1.865262990950339979e-08 1.815961043818409641e-08 1.850351244795238294e-08 1.862405469107185363e-08 1.847427699527806212e-08 1.839349639184353998e-08 1.839363650377636146e-08 1.849223796853528450e-08 1.832291829982057472e-08 1.852830511878698747e-08 1.857298208250552663e-08 1.855502887394302389e-08 1.850059868459523429e-08 1.832413395009949132e-08 1.831683225860161442e-08 1.848360217946258524e-08 1.840146438408885958e-08 1.858809590190901362e-08 1.845772539726785624e-08 1.852354083035926904e-08 1.826071828428741482e-08 1.868081796241879112e-08 1.854994920243409909e-08 1.864279679860969301e-08 1.858613344048639277e-08 1.846319667621258461e-08 1.864585774812202256e-08 1.857422735614158140e-08 1.828736686830314672e-08 1.856606904771811173e-08 1.846397057688902995e-08 1.860722839029336553e-08
1.843338687009311250e-08 1.857128298855356953e-08 1.867244803717814606e-08 1.853767236274191753e-08 1.851102580653869176e-08 1.834069758622916149e-08 1.861206886153954122e-08 1.846109608255781966e-08 1.830204997602933826e-08 1.852527600082865043e-08 1.827414269506759766e-08 1.855752089638563195e-08 1.864247539157950496e-08 1.815467069829549379e-08 1.849440341482440627e-08 1.861501990140093590e-08 1.846710867676530634e-08 1.838785261884268957e-08 1.838590885077763735e-08 1.848386099207227848e-08 1.831739373231122249e-08 1.851976678487244967e-08 1.856389307752763755e-08 1.854680654961096467e-08 1.849310480143452231e-08 1.831683225860161442e-08 1.831302828586224325e-08 1.847408648916709046e-08 1.839510790765263820e-08 1.857892698321173124e-08 1.845139078619344874e-08 1.851536948325467581e-08 1.825556698343707384e-08 1.866958546657312817e-08 1.854073324446216036e-08 1.863296805923596725e-08 1.857727078130697066e-08 1.845546619316709295e-08 1.863613995681845279e-08 1.856426052135373897e-08 1.828222258101573114e-08 1.855725576225722846e-08 1.845608956196598933e-08 1.859806172494600074e-08
1.860391850317814490e-08 1.875234876086904333e-08 1.885510551516835960e-08 1.871397720137456642e-08 1.868702004444940413e-08 1.850607620489583874e-08 1.879148337860076267e-08 1.863115911579251502e-08 1.846577751526361139e-08 1.870082654885501326e-08 1.843694808355399167e-08 1.873263237982950683e-08 1.882353212792304503e-08 1.831255720191028535e-08 1.867162506905654771e-08 1.879308784615816029e-08 1.863851020641198817e-08 1.855358990137329704e-08 1.855582286264838381e-08 1.865719540146981292e-08 1.848184056858545891e-08 1.869418482210841806e-08 1.874309424373171358e-08 1.872216542552338268e-08 1.866381593592857017e-08 1.848360217946258524e-08 1.847408648916709046e-08 1.865176710607567872e-08 1.856250815673171501e-08 1.875702115300127242e-08 1.861828113730952191e-08 1.868908928531164779e-08 1.841677734565348326e-08 1.885451188597533867e-08 1.871787836997279141e-08 1.881437742735671586e-08 1.875308305366198820e-08 1.862761487890900975e-08 1.881576637968452309e-08 1.874361279940348493e-08 1.844482014098766751e-08 1.873428158891156577e-08 1.862956020513308004e-08 1.877569388818026953e-08
1.851903202366284033e-08 1.866134435048810329e-08 1.876366833050637826e-08 1.862589902007652883e-08 1.859919963871131226e-08 1.842467093272917162e-08 1.870173358813308041e-08 1.854669261855526772e-08 1.838488687450935495e-08 1.861354885851360399e-08 1.835733708861394502e-08 1.864573930989711176e-08 1.873255161645620810e-08 1.823593232368962414e-08 1.858296675273809706e-08 1.870421171580144554e-08 1.855327328323766816e-08 1.847175284761861951e-08 1.847161654854081462e-08 1.857112490718367628e-08 1.840126008157567582e-08 1.860759031619302369e-08 1.865285286731164804e-08 1.863472432470747882e-08 1.857915835489880561e-08 1.840146438408885958e-08 1.839510790765263820e-08 1.856250815673171501e-08 1.848096196024914710e-08 1.866791428768707540e-08 1.853589951855654708e-08 1.860274457952805990e-08 1.833779096595577853e-08 1.876110320985544492e-08 1.862939217752295855e-08 1.872343369718664880e-08 1.866561984888350000e-08 1.854233996819004896e-08 1.872610241972321308e-08 1.865389233235161599e-08 1.836488262876105498e-08 1.864596719227253147e-08 1.854345034300424882e-08 1.868703114588435262e-08
1.870928916948766816e-08 1.886016788347320637e-08 1.896229113215944530e-08 1.882040109570492712e-08 1.879313460190774136e-08 1.861070607452083301e-08 1.889886887530612316e-08 1.873720166113180614e-08 1.856986450871300607e-08 1.880753578296514139e-08 1.854125551651530359e-08 1.883943115438605086e-08 1.893116356155101901e-08 1.841506717986564439e-08 1.877828317697321287e-08 1.889964484459863694e-08 1.874421260198341754e-08 1.865856743827806038e-08 1.866050443310373997e-08 1.876353566738350516e-08 1.858674804264200630e-08 1.880080619417984653e-08 1.884986410581207347e-08 1.882900169870790908e-08 1.876931975836607100e-08 1.858809590190901362e-08 1.857892698321173124e-08 1.875702115300127242e-08 1.866791428768707540e-08 1.886488800805186662e-08 1.872419520195535451e-08 1.879527552480569804e-08 1.852049059156122312e-08 1.896245108807355229e-08 1.882514008317814551e-08 1.892210931522873826e-08 1.886049457554591427e-08 1.873426315204294210e-08 1.892338585670535916e-08 1.885054030933205834e-08 1.854897690690135689e-08 1.884052998750084649e-08 1.873582922568962418e-08 1.888267456787967675e-08
1.857570240647321253e-08 1.871702589722917136e-08 1.881901207125297581e-08 1.868198268057737991e-08 1.865541006318749878e-08 1.848104062245833237e-08 1.875775720509821883e-08 1.860323547855357098e-08 1.844167536450297311e-08 1.866960528153273556e-08 1.841381767050595057e-08 1.870188137190476704e-08 1.878877855563095434e-08 1.829298049003571533e-08 1.863836955260416545e-08 1.875985939571428667e-08 1.861011076189285604e-08 1.852818619776785511e-08 1.852822122516071326e-08 1.862737043243154581e-08 1.845765733888392477e-08 1.866381439778868943e-08 1.870867660278571446e-08 1.869040806503571409e-08 1.863608852949999928e-08 1.845772539726785624e-08 1.845139078619344874e-08 1.861828113730952191e-08 1.853589951855654708e-08 1.872419520195535451e-08 1.859436080104166538e-08 1.865844005692559569e-08 1.839501125444047565e-08 1.881727014900892672e-08 1.868517903530654914e-08 1.877885593866071221e-08 1.872214012462202072e-08 1.859886131118452457e-08 1.878172441399999930e-08 1.870993164519047645e-08 1.842169950782737815e-08 1.870171614767856955e-08 1.859922933569642872e-08 1.874288749958631045e-08
1.864305574033460364e-08 1.879040048487202643e-08 1.889234271672703765e-08 1.875236806339115791e-08 1.872544872473512199e-08 1.854626120870833248e-08 1.882931961187924867e-08 1.867098209742601724e-08 1.850675929981633208e-08 1.873970336334268297e-08 1.847785676130229637e-08 1.877209138243707323e-08 1.886145026848682300e-08 1.835387857028401075e-08 1.870977240776785497e-08 1.883138669573979571e-08 1.867732849478188620e-08 1.859403187177295412e-08 1.859507211998639444e-08 1.869599349948044161e-08 1.852242903356504683e-08 1.873310215240093312e-08 1.878137421298639290e-08 1.876132324498639182e-08 1.870327083783928357e-08 1.852354083035926904e-08 1.851536948325467581e-08 1.868908928531164779e-08 1.860274457952805990e-08 1.879527552480569804e-08 1.865844005692559569e-08 1.872913345182397843e-08 1.845771326948001507e-08 1.889117672187457487e-08 1.875644187438817833e-08 1.885175588177806040e-08 1.879207651455272089e-08 1.866683798545748221e-08 1.885443905515475775e-08 1.878135406210501312e-08 1.848520478905186972e-08 1.877262126829804045e-08 1.866869058071385778e-08 1.881366589442049137e-08
1.837626909098851904e-08 1.851186076136011973e-08 1.861362389983163037e-08 1.847973835677125667e-08 1.845416832605059430e-08 1.828402400216665851e-08 1.855348614169090066e-08 1.840382973204081873e-08 1.824654236938222818e-08 1.846686098014497652e-08 1.821906894171683556e-08 1.849935474471216076e-08 1.858333328213945375e-08 1.810110602263137218e-08 1.843564311636012125e-08 1.855640606938350074e-08 1.840993511890050945e-08 1.833150526898086378e-08 1.832964711410161397e-08 1.842692940034268851e-08 1.826169968824786808e-08 1.846195400307908259e-08 1.850463475926828196e-08 1.848834141264328310e-08 1.843624297102976109e-08 1.826071828428741482e-08 1.825556698343707384e-08 1.841677734565348326e-08 1.833779096595577853e-08 1.852049059156122312e-08 1.839501125444047565e-08 1.845771326948001507e-08 1.820180326490901149e-08 1.861055393110798852e-08 1.848233333011054396e-08 1.857312051791411551e-08 1.851917765356717319e-08 1.839752826067431883e-08 1.857688113175297721e-08 1.850646114517984421e-08 1.822549393053316178e-08 1.849965368169260113e-08 1.839824417815858589e-08 1.853878316463222712e-08
1.880383590391198838e-08 1.896005789551786160e-08 1.906312361777167741e-08 1.891849684596854813e-08 1.889033513336011968e-08 1.870304148522916198e-08 1.899795076456080321e-08 1.883124075089625829e-08 1.866137277173596361e-08 1.890489095493792781e-08 1.863223219543325719e-08 1.893640139546684232e-08 1.903081922313860623e-08 1.850355174352805949e-08 1.887648216074702210e-08 1.899852079745408005e-08 1.883915603363307528e-08 1.875092950372831410e-08 1.875537035283460862e-08 1.885949275730782083e-08 1.867859436965731225e-08 1.889680059523129355e-08 1.894846493285544151e-08 1.892601910970960617e-08 1.886466558931845442e-08 1.868081796241879112e-08 1.866958546657312817e-08 1.885451188597533867e-08 1.876110320985544492e-08 1.896245108807355229e-08 1.881727014900892672e-08 1.889117672187457487e-08 1.861055393110798852e-08 1.906471652988350066e-08 1.892287528365305992e-08 1.902246453410544152e-08 1.895781721686224690e-08 1.882972178753784035e-08 1.902263778367559527e-08 1.894916528975382416e-08 1.864037186577508245e-08 1.893800850308077957e-08 1.883188790905612404e-08 1.898086871369429850e-08
1.867030559837414927e-08 1.882134603800892734e-08 1.892293336199447411e-08 1.878115892274617041e-08 1.875412315496130930e-08 1.857218030152083314e-08 1.885943532340689039e-08 1.869896875869515056e-08 1.853218470247661293e-08 1.876881631321598395e-08 1.850358563659013757e-08 1.880075457650722880e-08 1.889224220120323261e-08 1.837744997419260105e-08 1.873938336665476103e-08 1.886086222204847113e-08 1.870520962874957379e-08 1.861983251552635729e-08 1.862231787416879392e-08 1.872458450389498388e-08 1.854858421503996598e-08 1.876157336397576405e-08 1.881096944837712774e-08 1.878971191268962622e-08 1.873089418296130705e-08 1.854994920243409909e-08 1.854073324446216036e-08 1.871787836997279141e-08 1.862939217752295855e-08 1.882514008317814551e-08 1.868517903530654914e-08 1.875644187438817833e-08 1.848233333011054396e-08 1.892287528365305992e-08 1.878743001263010447e-08 1.888295229716878982e-08 1.882129431556207289e-08 1.869542969111862394e-08 1.888426833836904739e-08 1.881151963973554544e-08 1.851107755251403038e-08 1.880143869453741500e-08 1.869692869644770334e-08 1.884311197614328199e-08
1.876511599422533985e-08 1.891941547996725784e-08 1.902271748061055089e-08 1.887873898903486669e-08 1.884984239308630807e-08 1.866543577418750341e-08 1.895726420898724833e-08 1.879257588493027511e-08 1.862339573130101348e-08 1.886531766570109905e-08 1.859420222446811092e-08 1.889666232508460640e-08 1.899058544460203984e-08 1.846655118123129016e-08 1.883640243473809167e-08 1.895864778944727456e-08 1.880045667336266795e-08 1.871324227043111844e-08 1.871578930145747997e-08 1.881999783295451006e-08 1.864057809653401146e-08 1.885809948525552491e-08 1.890828186395748267e-08 1.888621951441581254e-08 1.882549210141963833e-08 1.864279679860969301e-08 1.863296805923596725e-08 1.881437742735671586e-08 1.872343369718664880e-08 1.892210931522873826e-08 1.877885593866071221e-08 1.885175588177806040e-08 1.857312051791411551e-08 1.902246453410544152e-08 1.888295229716878982e-08 1.898292656070748334e-08 1.891820587973766382e-08 1.879134162848171680e-08 1.898284163630654638e-08 1.890916021428911385e-08 1.860307001457355295e-08 1.889817137304336167e-08 1.879298527183758243e-08 1.894182413340518643e-08
