4.482543420748299062e-09 4.516811681802720903e-09 4.542640558333332761e-09 4.502621943750000421e-09 4.505358859481292129e-09 4.479774675552720401e-09 4.511192045960884351e-09 4.500615175000000235e-09 4.470058451190475950e-09 4.504167688988095084e-09 4.466874270280612440e-09 4.512601753528911362e-09 4.520053523129251021e-09 4.428503892134354612e-09 4.507507067942175905e-09 4.518728154251700074e-09 4.486682231590136303e-09 4.462176997959183163e-09 4.482723426700681127e-09 4.484250596003399409e-09 4.476355103486393946e-09 4.519819057142856292e-09 4.499861951147959197e-09 4.505874491454081584e-09 4.483220576190474957e-09 4.462982988562925588e-09 4.447710212755101678e-09 4.495069128741496728e-09 4.484114263222789645e-09 4.510756940348639526e-09 4.508746780994898817e-09 4.510448385884353282e-09 4.537591266921768030e-09 4.496719370620748637e-09 4.528939492517006668e-09 4.520584708715986776e-09 4.499361083886053897e-09 4.536584031590136053e-09 4.508225121726191137e-09 4.468764008503401205e-09 4.507332050977890664e-09 4.490459703613945612e-09 4.522794868707482971e-09 0.000000000000000000e+00
4.516811681802720903e-09 4.560286830782311771e-09 4.584916352083332953e-09 4.541596952083332926e-09 4.543302610246598320e-09 4.512298001615645867e-09 4.551808341879251233e-09 4.536746558333334104e-09 4.501702267261904223e-09 4.541926599702381245e-09 4.498247548384353616e-09 4.550238803103741537e-09 4.561096751743197626e-09 4.455929464668367506e-09 4.546369200042516298e-09 4.557950505697278554e-09 4.522166399872448748e-09 4.494418636181973365e-09 4.516353399362244440e-09 4.520152292644556818e-09 4.509016262755102144e-09 4.557401978571427783e-09 4.539967495663265775e-09 4.543986042006802908e-09 4.516985873511904621e-09 4.496720989965987391e-09 4.478555790008503368e-09 4.533735046513605952e-09 4.519767390093537327e-09 4.548942345025510056e-09 4.543586601658162714e-09 4.546061775085033404e-09 4.580279360841836464e-09 4.534987329506802005e-09 4.571991023639456186e-09 4.559564173554421237e-09 4.536109030782312252e-09 4.577036566539115162e-09 4.547950859821427733e-09 4.500413598894557569e-09 4.544905242602040615e-09 4.526467412967686870e-09 4.562702803401360511e-09 0.000000000000000000e+00
4.542640558333332761e-09 4.584916352083332953e-09 4.612219349999998989e-09 4.568143279166666442e-09 4.569023397916666481e-09 4.538659458333333423e-09 4.577638841666666081e-09 4.562779131250000070e-09 4.526740831249999152e-09 4.568244500000000127e-09 4.523947504166666225e-09 4.576520487500000188e-09 4.587755452083332214e-09 4.481668960416665156e-09 4.572113599999998504e-09 4.584054308333334126e-09 4.548304585416665095e-09 4.520634645833333020e-09 4.541923422916665621e-09 4.545596272916665960e-09 4.534702345833333252e-09 4.583917852083333124e-09 4.565913712499999326e-09 4.569560399999999390e-09 4.542900502083333215e-09 4.522295818749998963e-09 4.504671008333333293e-09 4.559717189583331901e-09 4.545890475000000880e-09 4.575449322916665542e-09 4.569201104166666571e-09 4.572434175000000192e-09 4.606520089583333119e-09 4.561078577083333050e-09 4.597642135416666131e-09 4.585553524999999211e-09 4.562127841666666505e-09 4.602923514583331865e-09 4.574121252083332857e-09 4.526119720833332431e-09 4.571924875000000796e-09 4.552896452083332510e-09 4.588959516666666211e-09 0.000000000000000000e+00
4.502621943750000421e-09 4.541596952083332926e-09 4.568143279166666442e-09 4.527269658333333177e-09 4.527791777083332420e-09 4.499711362499999778e-09 4.535278129166666219e-09 4.522738135416666283e-09 4.489025272916666115e-09 4.526710741666665912e-09 4.485972950000000081e-09 4.534856556250000032e-09 4.544713516666666941e-09 4.445766085416666463e-09 4.530760587499999749e-09 4.542006458333331633e-09 4.508060397916667009e-09 4.482087258333332368e-09 4.502603770833333786e-09 4.505773024999999975e-09 4.496378068750000664e-09 4.542485802083333370e-09 4.523617937500001760e-09 4.528406985416666787e-09 4.503430420833333428e-09 4.483361674999999412e-09 4.466855447916666029e-09 4.518489716666666207e-09 4.505721560416667779e-09 4.534165058333333414e-09 4.529905181249998696e-09 4.531963489583333169e-09 4.562336447916667345e-09 4.519522747916667221e-09 4.554044520833332764e-09 4.543753741666667463e-09 4.521570566666667257e-09 4.560362758333333273e-09 4.531608108333333932e-09 4.488375260416666325e-09 4.530214464583334391e-09 4.512166720833333192e-09 4.546676337500000134e-09 0.000000000000000000e+00
4.505358859481292129e-09 4.543302610246598320e-09 4.569023397916666481e-09 4.527791777083332420e-09 4.531750068877550538e-09 4.503958870663264804e-09 4.536854851403060858e-09 4.525570785416666796e-09 4.493894792261903997e-09 4.529411014285714289e-09 4.490016823086734543e-09 4.537140557568027293e-09 4.545844089838435818e-09 4.450485117644558309e-09 4.532817170280612001e-09 4.544324357185374722e-09 4.511127689158161913e-09 4.485517121301018647e-09 4.506437562457482761e-09 4.509114753954080718e-09 4.500296438350339769e-09 4.544761786904761121e-09 4.525966385544217594e-09 4.531092783078231355e-09 4.507521240178572065e-09 4.487346095025509727e-09 4.471476404889455957e-09 4.520639953656462354e-09 4.509076553784013442e-09 4.536575816751699427e-09 4.533217245110542573e-09 4.534823157227891404e-09 4.564041304889454974e-09 4.521902758078231299e-09 4.555096144770407138e-09 4.546132900042517073e-09 4.524702993579932412e-09 4.562660180824830195e-09 4.533507497321428312e-09 4.492536399787414963e-09 4.532492212840134612e-09 4.514965481420068416e-09 4.548678230782312089e-09 0.000000000000000000e+00
4.479774675552720401e-09 4.512298001615645867e-09 4.538659458333333423e-09 4.499711362499999778e-09 4.503958870663264804e-09 4.482144572448979337e-09 4.507605010629251399e-09 4.500316458333333196e-09 4.471460400595237833e-09 4.502291453869046964e-09 4.468243331717686880e-09 4.510378134353740699e-09 4.515811047576530238e-09 4.431383456335032947e-09 4.505346497959182556e-09 4.516288284863945369e-09 4.486087866539116009e-09 4.462671638265306843e-09 4.482601649362244490e-09 4.483847015561224282e-09 4.477463296088434711e-09 4.517713768154762451e-09 4.497055133163264598e-09 4.503736279506801804e-09 4.483325200595238120e-09 4.463576379549320167e-09 4.450044046258503393e-09 4.492888956930271640e-09 4.483463069260204785e-09 4.509264942942176678e-09 4.509029855824828488e-09 4.509874231335035060e-09 4.532915687925171008e-09 4.494466048256802961e-09 4.523713781972788300e-09 4.517929352721089341e-09 4.498838607865648156e-09 4.533155749872449554e-09 4.504562059821427917e-09 4.470448611394558080e-09 4.505155382185373829e-09 4.488895994217686205e-09 4.519760082568025285e-09 0.000000000000000000e+00
4.511192045960884351e-09 4.551808341879251233e-09 4.577638841666666081e-09 4.535278129166666219e-09 4.536854851403060858e-09 4.507605010629251399e-09 4.546444067517006050e-09 4.531049737500000105e-09 4.496793977380952296e-09 4.536185582142856856e-09 4.493621751870748135e-09 4.543962554081633065e-09 4.554565973639456098e-09 4.452293610756802318e-09 4.539902600170068344e-09 4.552377583205782226e-09 4.516935030739797567e-09 4.489790255144556492e-09 4.511534974532311632e-09 4.514226126828230907e-09 4.504137821853742283e-09 4.551258505952380309e-09 4.533557120153061706e-09 4.537476268027211111e-09 4.512047889880952017e-09 4.491285645280611556e-09 4.474522880867346001e-09 4.527423669387754491e-09 4.514077972874148683e-09 4.543194971768706864e-09 4.537766681632652110e-09 4.540345362840137404e-09 4.573227299617346562e-09 4.528956647193876429e-09 4.564564836224489041e-09 4.553160479634352761e-09 4.531026671045917844e-09 4.570373932823127869e-09 4.541163822619047089e-09 4.495928239328230723e-09 4.539213201658161572e-09 4.521010393537415312e-09 4.556284465688775764e-09 0.000000000000000000e+00
4.500615175000000235e-09 4.536746558333334104e-09 4.562779131250000070e-09 4.522738135416666283e-09 4.525570785416666796e-09 4.500316458333333196e-09 4.531049737500000105e-09 4.522523704166667308e-09 4.490413870833332437e-09 4.524298347916666705e-09 4.487430306250000286e-09 4.532152545833333568e-09 4.539725837499999704e-09 4.448286666666666036e-09 4.528187587500000114e-09 4.538331433333334323e-09 4.506789618750000091e-09 4.481867114583333019e-09 4.502694747916666377e-09 4.504198231250000591e-09 4.497057470833331816e-09 4.539427241666666382e-09 4.520119081249999293e-09 4.525876556249999511e-09 4.503216481249999485e-09 4.483647560416667220e-09 4.468428858333332741e-09 4.515152885416666999e-09 4.503935158333333644e-09 4.531207295833331689e-09 4.529178754166667029e-09 4.530738254166667844e-09 4.557049047916665187e-09 4.516519925000000423e-09 4.548833306250000224e-09 4.540439958333333549e-09 4.520019650000000581e-09 4.556623964583333937e-09 4.527337741666667258e-09 4.489292591666665198e-09 4.526886725000000474e-09 4.509845081250000700e-09 4.542930972916665853e-09 0.000000000000000000e+00
4.470058451190475950e-09 4.501702267261904223e-09 4.526740831249999152e-09 4.489025272916666115e-09 4.493894792261903997e-09 4.471460400595237833e-09 4.496793977380952296e-09 4.490413870833332437e-09 4.464091745833332206e-09 4.491622272916665956e-09 4.459887672321428781e-09 4.499713419345237637e-09 4.504527965773809562e-09 4.422901687202380435e-09 4.494776180059523922e-09 4.504832334226189291e-09 4.475742863988093762e-09 4.453518284821428512e-09 4.473750617857141117e-09 4.473868243452380972e-09 4.468352607440475324e-09 4.507048068750000586e-09 4.486367346428570023e-09 4.493885371726191037e-09 4.473799504166664922e-09 4.454262949702382061e-09 4.441039706845238145e-09 4.482281014285714680e-09 4.473348100297619460e-09 4.498671351785713942e-09 4.499800726488094960e-09 4.499793451785714293e-09 4.520965333928571516e-09 4.484260457142856915e-09 4.512893565178570276e-09 4.507572038392856690e-09 4.488113011011904614e-09 4.522408032738094812e-09 4.493622985416667830e-09 4.461739989285713512e-09 4.494206052976189966e-09 4.478766066071427588e-09 4.509142140178570119e-09 0.000000000000000000e+00
4.504167688988095084e-09 4.541926599702381245e-09 4.568244500000000127e-09 4.526710741666665912e-09 4.529411014285714289e-09 4.502291453869046964e-09 4.536185582142856856e-09 4.524298347916666705e-09 4.491622272916665956e-09 4.529173412500000452e-09 4.488581758630952606e-09 4.536391028869047362e-09 4.545368847321429154e-09 4.448488201190477154e-09 4.532047121428570150e-09 4.543865129761904709e-09 4.510179785714286180e-09 4.484005083630951599e-09 4.505200705654761277e-09 4.507109917857143351e-09 4.498824413988097034e-09 4.543883045833333231e-09 4.525009716369046307e-09 4.530076854761903800e-09 4.506242454166666217e-09 4.485664826190476564e-09 4.469747780952380016e-09 4.519629319940476812e-09 4.507151915476189311e-09 4.535220707440476163e-09 4.530983908630952235e-09 4.533794736607142876e-09 4.563647678869048121e-09 4.521092671428570542e-09 4.554747324702381438e-09 4.545364725595237064e-09 4.523289147619047190e-09 4.561722312797618710e-09 4.532453187499999153e-09 4.490380969940477258e-09 4.531638402678570660e-09 4.513590819047618835e-09 4.547598728869048289e-09 0.000000000000000000e+00
4.466874270280612440e-09 4.498247548384353616e-09 4.523947504166666225e-09 4.485972950000000081e-09 4.490016823086734543e-09 4.468243331717686880e-09 4.493621751870748135e-09 4.487430306250000286e-09 4.459887672321428781e-09 4.488581758630952606e-09 4.458069309948979210e-09 4.496615690646258593e-09 4.501346585756802389e-09 4.420192849914966136e-09 4.491996014540815425e-09 4.501570610969388495e-09 4.472686195960884325e-09 4.450516686734692529e-09 4.470609908971088590e-09 4.470959357355441625e-09 4.465701485161565221e-09 4.504363156845238153e-09 4.482631541836734380e-09 4.490869460076529816e-09 4.470745674404762031e-09 4.451004080867346448e-09 4.438245580824828741e-09 4.478886376403061802e-09 4.469826664073128813e-09 4.495391492474489237e-09 4.496076604591835711e-09 4.496581733248300060e-09 4.518255130824830682e-09 4.480890557993197211e-09 4.509544720110543235e-09 4.504271697278911539e-09 4.485061102551019796e-09 4.518791493877551070e-09 4.490660079761904151e-09 4.458538378188774738e-09 4.490998071981291320e-09 4.475711466198978711e-09 4.505931202848638328e-09 0.000000000000000000e+00
4.512601753528911362e-09 4.550238803103741537e-09 4.576520487500000188e-09 4.534856556250000032e-09 4.537140557568027293e-09 4.510378134353740699e-09 4.543962554081633065e-09 4.532152545833333568e-09 4.499713419345237637e-09 4.536391028869047362e-09 4.496615690646258593e-09 4.546404700425170613e-09 4.553572235969388006e-09 4.456666729549319524e-09 4.539862619982992509e-09 4.551349381887754922e-09 4.517981279634353557e-09 4.492456455527211464e-09 4.513278456505102061e-09 4.515544509608843588e-09 4.506820199064625007e-09 4.552155132738094535e-09 4.533142215901360066e-09 4.538249776530612161e-09 4.514393269345237791e-09 4.493559467346937565e-09 4.478209749829933641e-09 4.527452103061225008e-09 4.515620225212584419e-09 4.543643914073129652e-09 4.539925587670068020e-09 4.541970810799320210e-09 4.571282420663265244e-09 4.529018514030612401e-09 4.562660720960884372e-09 4.553106195578231832e-09 4.530999765603741608e-09 4.569607385884354236e-09 4.540999086904760265e-09 4.498525201275509501e-09 4.539759439625849700e-09 4.521703221896257872e-09 4.555627959056122324e-09 0.000000000000000000e+00
4.520053523129251021e-09 4.561096751743197626e-09 4.587755452083332214e-09 4.544713516666666941e-09 4.545844089838435818e-09 4.515811047576530238e-09 4.554565973639456098e-09 4.539725837499999704e-09 4.504527965773809562e-09 4.545368847321429154e-09 4.501346585756802389e-09 4.553572235969388006e-09 4.565761942176871074e-09 4.460055204039115613e-09 4.548658565561223852e-09 4.561251949787414937e-09 4.525479161649660721e-09 4.498219875935374352e-09 4.519636593664966213e-09 4.522851537074829810e-09 4.512031760034013008e-09 4.560781513392857418e-09 4.543230077338434483e-09 4.546328097406461391e-09 4.520810847023810449e-09 4.499951223384353654e-09 4.482273126445578186e-09 4.536852046896258215e-09 4.523073884651360756e-09 4.552172027253401115e-09 4.545993408971088261e-09 4.549300618622449253e-09 4.582817405612245196e-09 4.538132155739796123e-09 4.574346691624149247e-09 4.562444033418367078e-09 4.539075874659864090e-09 4.580308903316327070e-09 4.550583261309523546e-09 4.503659653741496759e-09 4.548874423596938719e-09 4.529833889923469270e-09 4.565609478231292713e-09 0.000000000000000000e+00
4.428503892134354612e-09 4.455929464668367506e-09 4.481668960416665156e-09 4.445766085416666463e-09 4.450485117644558309e-09 4.431383456335032947e-09 4.452293610756802318e-09 4.448286666666666036e-09 4.422901687202380435e-09 4.448488201190477154e-09 4.420192849914966136e-09 4.456666729549319524e-09 4.460055204039115613e-09 4.386604665136054799e-09 4.451614384651360420e-09 4.461462691198979900e-09 4.433935681462584241e-09 4.413933704974489894e-09 4.432372880229591088e-09 4.432207051147958184e-09 4.428241124574830354e-09 4.464367856547619378e-09 4.441895113477891295e-09 4.450318741794217784e-09 4.432992010119048321e-09 4.413695405612244630e-09 4.401974825680271823e-09 4.438926246088434666e-09 4.431422909566326496e-09 4.455349312457482827e-09 4.458276149319727954e-09 4.457627781802721111e-09 4.475502875680271463e-09 4.440777910544217881e-09 4.466905559906462319e-09 4.463761809353741466e-09 4.445985241751700697e-09 4.477658921045919189e-09 4.449639814880952222e-09 4.421817596981292447e-09 4.451416572746599190e-09 4.436370685331632533e-09 4.464930026275509418e-09 0.000000000000000000e+00
4.507507067942175905e-09 4.546369200042516298e-09 4.572113599999998504e-09 4.530760587499999749e-09 4.532817170280612001e-09 4.505346497959182556e-09 4.539902600170068344e-09 4.528187587500000114e-09 4.494776180059523922e-09 4.532047121428570150e-09 4.491996014540815425e-09 4.539862619982992509e-09 4.548658565561223852e-09 4.451614384651360420e-09 4.536802522534013983e-09 4.547276594557823022e-09 4.513456561564626422e-09 4.487322561862244119e-09 4.508297141156461684e-09 4.510832026615646327e-09 4.502169210204080730e-09 4.547338413690475696e-09 4.528814097363944817e-09 4.533423430272108117e-09 4.509240690476190513e-09 4.489009994472788650e-09 4.472978789923469025e-09 4.523283895960883396e-09 4.510845080824830172e-09 4.538715369770407822e-09 4.535153712159864307e-09 4.537306838818027463e-09 4.567353885756802627e-09 4.524363513605442476e-09 4.558780260161563851e-09 4.549079110926870907e-09 4.526654166709183573e-09 4.565303080314625604e-09 4.536665719940475432e-09 4.493672807865645883e-09 4.534680066581633106e-09 4.516768172874149283e-09 4.551373827721087708e-09 0.000000000000000000e+00
4.518728154251700074e-09 4.557950505697278554e-09 4.584054308333334126e-09 4.542006458333331633e-09 4.544324357185374722e-09 4.516288284863945369e-09 4.552377583205782226e-09 4.538331433333334323e-09 4.504832334226189291e-09 4.543865129761904709e-09 4.501570610969388495e-09 4.551349381887754922e-09 4.561251949787414937e-09 4.461462691198979900e-09 4.547276594557823022e-09 4.561149662414965221e-09 4.524740389243196856e-09 4.498320466624149421e-09 4.519023421215985597e-09 4.521679291496598427e-09 4.511855700680272140e-09 4.558659457440475841e-09 4.540570078018707747e-09 4.544943108545917628e-09 4.520822215476190250e-09 4.499432473937074159e-09 4.483064951828230818e-09 4.534640621258503850e-09 4.521811420110544251e-09 4.550559142984693414e-09 4.545362581505101884e-09 4.547953045365645692e-09 4.580036501828231650e-09 4.536338916879251261e-09 4.570894457482992107e-09 4.560712893367347131e-09 4.538390378613945267e-09 4.577540510076530224e-09 4.548206509523809406e-09 4.503735420663264712e-09 4.546855817772109110e-09 4.528421231802720061e-09 4.562751741709182292e-09 0.000000000000000000e+00
4.486682231590136303e-09 4.522166399872448748e-09 4.548304585416665095e-09 4.508060397916667009e-09 4.511127689158161913e-09 4.486087866539116009e-09 4.516935030739797567e-09 4.506789618750000091e-09 4.475742863988093762e-09 4.510179785714286180e-09 4.472686195960884325e-09 4.517981279634353557e-09 4.525479161649660721e-09 4.433935681462584241e-09 4.513456561564626422e-09 4.524740389243196856e-09 4.493492098639456438e-09 4.468060089413265244e-09 4.488377476530612716e-09 4.489937511819727636e-09 4.482509756887755515e-09 4.525354277678571306e-09 4.505594745408163063e-09 4.511970705017006647e-09 4.489121778571428448e-09 4.469254424914965640e-09 4.454360328146258400e-09 4.501111562117346520e-09 4.489619470025510217e-09 4.517004126105442605e-09 4.514607203103742051e-09 4.516189539795917908e-09 4.543088084396258163e-09 4.502601857100340030e-09 4.534195242431972015e-09 4.526419244302721502e-09 4.505423385289116191e-09 4.542203284056122342e-09 4.513325292261903954e-09 4.474664380569727682e-09 4.512754671088435345e-09 4.495819223044217522e-09 4.528333964753401327e-09 0.000000000000000000e+00
4.462176997959183163e-09 4.494418636181973365e-09 4.520634645833333020e-09 4.482087258333332368e-09 4.485517121301018647e-09 4.462671638265306843e-09 4.489790255144556492e-09 4.481867114583333019e-09 4.453518284821428512e-09 4.484005083630951599e-09 4.450516686734692529e-09 4.492456455527211464e-09 4.498219875935374352e-09 4.413933704974489894e-09 4.487322561862244119e-09 4.498320466624149421e-09 4.468060089413265244e-09 4.446721646853740613e-09 4.464543322066326406e-09 4.465634566581633006e-09 4.459654419090135492e-09 4.499982221428571078e-09 4.478647279634353412e-09 4.486330532397958793e-09 4.465373180654762215e-09 4.445921777593537166e-09 4.432781383205782320e-09 4.474967821045918303e-09 4.465319421513605219e-09 4.491501807950680347e-09 4.491043783460883687e-09 4.491717819557822831e-09 4.514414466539115385e-09 4.476760490731293079e-09 4.506180003741496155e-09 4.500442561267006659e-09 4.480158107015305726e-09 4.515074041496598865e-09 4.487018190178571009e-09 4.452408626998299521e-09 4.487145815136053663e-09 4.471006253401360366e-09 4.501857036479590916e-09 0.000000000000000000e+00
4.482723426700681127e-09 4.516353399362244440e-09 4.541923422916665621e-09 4.502603770833333786e-09 4.506437562457482761e-09 4.482601649362244490e-09 4.511534974532311632e-09 4.502694747916666377e-09 4.473750617857141117e-09 4.505200705654761277e-09 4.470609908971088590e-09 4.513278456505102061e-09 4.519636593664966213e-09 4.432372880229591088e-09 4.508297141156461684e-09 4.519023421215985597e-09 4.488377476530612716e-09 4.464543322066326406e-09 4.486309503486394058e-09 4.485964767431971918e-09 4.479545657355441550e-09 4.520428732142856665e-09 4.500412431207482733e-09 4.507154356335033686e-09 4.485787984523809590e-09 4.465743557908162868e-09 4.451646301147958449e-09 4.495580771003400913e-09 4.485268606377550663e-09 4.511592799277210607e-09 4.510794088435373512e-09 4.511992092729591230e-09 4.536512951147958557e-09 4.497493906335032979e-09 4.527922776743196152e-09 4.520994217346938022e-09 4.501156155612245309e-09 4.536519203613945601e-09 4.507515582142857202e-09 4.472496609098639079e-09 4.508107776275509786e-09 4.491658471471087558e-09 4.523071098767005938e-09 0.000000000000000000e+00
4.484250596003399409e-09 4.520152292644556818e-09 4.545596272916665960e-09 4.505773024999999975e-09 4.509114753954080718e-09 4.483847015561224282e-09 4.514226126828230907e-09 4.504198231250000591e-09 4.473868243452380972e-09 4.507109917857143351e-09 4.470959357355441625e-09 4.515544509608843588e-09 4.522851537074829810e-09 4.432207051147958184e-09 4.510832026615646327e-09 4.521679291496598427e-09 4.489937511819727636e-09 4.465634566581633006e-09 4.485964767431971918e-09 4.489802707993196783e-09 4.480811276360544553e-09 4.522877791964285408e-09 4.503166685204081473e-09 4.509358633758503279e-09 4.486726012202380876e-09 4.466790227040815983e-09 4.452000836989795815e-09 4.498381448767006210e-09 4.488056850637753913e-09 4.514408290136054211e-09 4.512455588010203748e-09 4.513999582397958664e-09 4.540469836989796122e-09 4.499771150425169612e-09 4.531774046215986606e-09 4.523825865901360687e-09 4.502889059311223970e-09 4.539652688903060821e-09 4.510960112797618485e-09 4.473416605909863228e-09 4.510289064710884262e-09 4.493435736522108559e-09 4.526298731335033011e-09 0.000000000000000000e+00
4.476355103486393946e-09 4.509016262755102144e-09 4.534702345833333252e-09 4.496378068750000664e-09 4.500296438350339769e-09 4.477463296088434711e-09 4.504137821853742283e-09 4.497057470833331816e-09 4.468352607440475324e-09 4.498824413988097034e-09 4.465701485161565221e-09 4.506820199064625007e-09 4.512031760034013008e-09 4.428241124574830354e-09 4.502169210204080730e-09 4.511855700680272140e-09 4.482509756887755515e-09 4.459654419090135492e-09 4.479545657355441550e-09 4.480811276360544553e-09 4.475960452891156360e-09 4.514161255059523874e-09 4.492854057100339602e-09 4.500805475382652610e-09 4.479939332440476718e-09 4.460292289753401512e-09 4.446965087457482384e-09 4.489504050765305750e-09 4.479518116198979515e-09 4.505623093622449631e-09 4.505217181292517405e-09 4.506503730824830147e-09 4.528928297874149827e-09 4.490618437882652993e-09 4.520354271386054652e-09 4.514571138477891063e-09 4.495080525255101998e-09 4.529400550637755283e-09 4.500725921726190332e-09 4.467961545110544523e-09 4.501225426573129985e-09 4.485336891411564011e-09 4.516477985076529219e-09 0.000000000000000000e+00
4.519819057142856292e-09 4.557401978571427783e-09 4.583917852083333124e-09 4.542485802083333370e-09 4.544761786904761121e-09 4.517713768154762451e-09 4.551258505952380309e-09 4.539427241666666382e-09 4.507048068750000586e-09 4.543883045833333231e-09 4.504363156845238153e-09 4.552155132738094535e-09 4.560781513392857418e-09 4.464367856547619378e-09 4.547338413690475696e-09 4.558659457440475841e-09 4.525354277678571306e-09 4.499982221428571078e-09 4.520428732142856665e-09 4.522877791964285408e-09 4.514161255059523874e-09 4.560421983333332713e-09 4.539953091071428576e-09 4.545313232440476051e-09 4.521547310416666772e-09 4.501157202380952262e-09 4.485713486904761542e-09 4.535052452380951634e-09 4.522822768452381092e-09 4.550679714880952081e-09 4.547423515178570967e-09 4.549447808630951779e-09 4.578790132738095653e-09 4.536436051190475942e-09 4.569706843154760891e-09 4.560631724107142001e-09 4.538307038988095340e-09 4.576980688095238817e-09 4.548333420833332854e-09 4.506043514880952504e-09 4.546671749107142607e-09 4.529147490178571342e-09 4.562958374404761274e-09 0.000000000000000000e+00
4.499861951147959197e-09 4.539967495663265775e-09 4.565913712499999326e-09 4.523617937500001760e-09 4.525966385544217594e-09 4.497055133163264598e-09 4.533557120153061706e-09 4.520119081249999293e-09 4.486367346428570023e-09 4.525009716369046307e-09 4.482631541836734380e-09 4.533142215901360066e-09 4.543230077338434483e-09 4.441895113477891295e-09 4.528814097363944817e-09 4.540570078018707747e-09 4.505594745408163063e-09 4.478647279634353412e-09 4.500412431207482733e-09 4.503166685204081473e-09 4.492854057100339602e-09 4.539953091071428576e-09 4.523889993877550916e-09 4.526512047661564283e-09 4.501384146428570881e-09 4.480974892942176545e-09 4.464218323639455810e-09 4.516097966156462272e-09 4.503363880867347225e-09 4.531810737585033666e-09 4.527125561777209882e-09 4.529339280144557767e-09 4.561607454889455856e-09 4.517871137244897895e-09 4.553175678103740946e-09 4.541978079209183274e-09 4.519156349829931676e-09 4.559052103741496457e-09 4.529872916071428489e-09 4.485029166454081849e-09 4.528049200340135888e-09 4.509476273086734629e-09 4.544837572448979381e-09 0.000000000000000000e+00
4.505874491454081584e-09 4.543986042006802908e-09 4.569560399999999390e-09 4.528406985416666787e-09 4.531092783078231355e-09 4.503736279506801804e-09 4.537476268027211111e-09 4.525876556249999511e-09 4.493885371726191037e-09 4.530076854761903800e-09 4.490869460076529816e-09 4.538249776530612161e-09 4.546328097406461391e-09 4.450318741794217784e-09 4.533423430272108117e-09 4.544943108545917628e-09 4.511970705017006647e-09 4.486330532397958793e-09 4.507154356335033686e-09 4.509358633758503279e-09 4.500805475382652610e-09 4.545313232440476051e-09 4.526512047661564283e-09 4.533170217176869916e-09 4.507685330059523765e-09 4.487595920365645382e-09 4.471954321471088050e-09 4.521279613520407940e-09 4.508862294515306145e-09 4.537076658163265118e-09 4.533363241028911049e-09 4.535138052210884117e-09 4.564873617304420807e-09 4.522480873426870134e-09 4.556204435459183313e-09 4.546758549914965911e-09 4.524794046173468787e-09 4.562911723767005867e-09 4.534192103273808275e-09 4.492682858758503397e-09 4.532899913903060968e-09 4.515324710076530924e-09 4.549025078018707176e-09 0.000000000000000000e+00
4.483220576190474957e-09 4.516985873511904621e-09 4.542900502083333215e-09 4.503430420833333428e-09 4.507521240178572065e-09 4.483325200595238120e-09 4.512047889880952017e-09 4.503216481249999485e-09 4.473799504166664922e-09 4.506242454166666217e-09 4.470745674404762031e-09 4.514393269345237791e-09 4.520810847023810449e-09 4.432992010119048321e-09 4.509240690476190513e-09 4.520822215476190250e-09 4.489121778571428448e-09 4.465373180654762215e-09 4.485787984523809590e-09 4.486726012202380876e-09 4.479939332440476718e-09 4.521547310416666772e-09 4.501384146428570881e-09 4.507685330059523765e-09 4.487358370833333677e-09 4.466357449702381124e-09 4.452277175595237704e-09 4.496456828869047796e-09 4.486364777380953032e-09 4.512763685119046813e-09 4.511339378571429287e-09 4.512747501785714387e-09 4.537772042261904835e-09 4.498625715476191173e-09 4.528885486011904632e-09 4.522164615476190516e-09 4.501768438095238315e-09 4.537819818154761860e-09 4.508628870833332875e-09 4.472534843452381093e-09 4.508970369642857518e-09 4.492031180654762393e-09 4.523978267261904654e-09 0.000000000000000000e+00
4.462982988562925588e-09 4.496720989965987391e-09 4.522295818749998963e-09 4.483361674999999412e-09 4.487346095025509727e-09 4.463576379549320167e-09 4.491285645280611556e-09 4.483647560416667220e-09 4.454262949702382061e-09 4.485664826190476564e-09 4.451004080867346448e-09 4.493559467346937565e-09 4.499951223384353654e-09 4.413695405612244630e-09 4.489009994472788650e-09 4.499432473937074159e-09 4.469254424914965640e-09 4.445921777593537166e-09 4.465743557908162868e-09 4.466790227040815983e-09 4.460292289753401512e-09 4.501157202380952262e-09 4.480974892942176545e-09 4.487595920365645382e-09 4.466357449702381124e-09 4.447497825255101183e-09 4.432911996811223665e-09 4.476468809481292640e-09 4.466365354506802496e-09 4.492589990433673683e-09 4.491737428188775519e-09 4.492775999362244405e-09 4.516622238477891422e-09 4.478319818282312644e-09 4.508510139370746729e-09 4.501614110841837049e-09 4.481650544132652712e-09 4.516962481164966399e-09 4.488183960714285312e-09 4.453244156207482090e-09 4.488372713818027228e-09 4.471861918367347070e-09 4.503502599489795423e-09 0.000000000000000000e+00
4.447710212755101678e-09 4.478555790008503368e-09 4.504671008333333293e-09 4.466855447916666029e-09 4.471476404889455957e-09 4.450044046258503393e-09 4.474522880867346001e-09 4.468428858333332741e-09 4.441039706845238145e-09 4.469747780952380016e-09 4.438245580824828741e-09 4.478209749829933641e-09 4.482273126445578186e-09 4.401974825680271823e-09 4.472978789923469025e-09 4.483064951828230818e-09 4.454360328146258400e-09 4.432781383205782320e-09 4.451646301147958449e-09 4.452000836989795815e-09 4.446965087457482384e-09 4.485713486904761542e-09 4.464218323639455810e-09 4.471954321471088050e-09 4.452277175595237704e-09 4.432911996811223665e-09 4.421791761734693151e-09 4.460379322108843751e-09 4.451374166581632557e-09 4.476927987287414734e-09 4.477826717431972607e-09 4.477718346513604958e-09 4.498858697151361106e-09 4.462129915221088328e-09 4.490038843282313198e-09 4.485625746768706864e-09 4.466072048341836120e-09 4.499926640646257719e-09 4.471740399404761897e-09 4.439638976573128644e-09 4.472289513732993064e-09 4.456762903741496230e-09 4.486946356377551123e-09 0.000000000000000000e+00
4.495069128741496728e-09 4.533735046513605952e-09 4.559717189583331901e-09 4.518489716666666207e-09 4.520639953656462354e-09 4.492888956930271640e-09 4.527423669387754491e-09 4.515152885416666999e-09 4.482281014285714680e-09 4.519629319940476812e-09 4.478886376403061802e-09 4.527452103061225008e-09 4.536852046896258215e-09 4.438926246088434666e-09 4.523283895960883396e-09 4.534640621258503850e-09 4.501111562117346520e-09 4.474967821045918303e-09 4.495580771003400913e-09 4.498381448767006210e-09 4.489504050765305750e-09 4.535052452380951634e-09 4.516097966156462272e-09 4.521279613520407940e-09 4.496456828869047796e-09 4.476468809481292640e-09 4.460379322108843751e-09 4.511821706207482982e-09 4.498234791113946473e-09 4.526589339243196468e-09 4.522556265391156291e-09 4.524617477338435514e-09 4.554697172108843211e-09 4.511971942687074341e-09 4.545845962585033886e-09 4.536212078996598644e-09 4.514065719430271769e-09 4.552799468367346219e-09 4.523935898214285729e-09 4.481176407100340243e-09 4.522657440306122530e-09 4.504508749319726875e-09 4.538932031037414672e-09 0.000000000000000000e+00
4.484114263222789645e-09 4.519767390093537327e-09 4.545890475000000880e-09 4.505721560416667779e-09 4.509076553784013442e-09 4.483463069260204785e-09 4.514077972874148683e-09 4.503935158333333644e-09 4.473348100297619460e-09 4.507151915476189311e-09 4.469826664073128813e-09 4.515620225212584419e-09 4.523073884651360756e-09 4.431422909566326496e-09 4.510845080824830172e-09 4.521811420110544251e-09 4.489619470025510217e-09 4.465319421513605219e-09 4.485268606377550663e-09 4.488056850637753913e-09 4.479518116198979515e-09 4.522822768452381092e-09 4.503363880867347225e-09 4.508862294515306145e-09 4.486364777380953032e-09 4.466365354506802496e-09 4.451374166581632557e-09 4.498234791113946473e-09 4.488716794897958665e-09 4.514660337244897607e-09 4.512122060501700760e-09 4.513629213732993158e-09 4.540586089498299746e-09 4.499782804931972595e-09 4.532056136522108704e-09 4.523947189455782541e-09 4.502927948426871270e-09 4.539827513775509465e-09 4.511419728869047188e-09 4.472069506887755211e-09 4.510692134396258615e-09 4.493039986989796055e-09 4.526148578486394321e-09 0.000000000000000000e+00
4.510756940348639526e-09 4.548942345025510056e-09 4.575449322916665542e-09 4.534165058333333414e-09 4.536575816751699427e-09 4.509264942942176678e-09 4.543194971768706864e-09 4.531207295833331689e-09 4.498671351785713942e-09 4.535220707440476163e-09 4.495391492474489237e-09 4.543643914073129652e-09 4.552172027253401115e-09 4.455349312457482827e-09 4.538715369770407822e-09 4.550559142984693414e-09 4.517004126105442605e-09 4.491501807950680347e-09 4.511592799277210607e-09 4.514408290136054211e-09 4.505623093622449631e-09 4.550679714880952081e-09 4.531810737585033666e-09 4.537076658163265118e-09 4.512763685119046813e-09 4.492589990433673683e-09 4.476927987287414734e-09 4.526589339243196468e-09 4.514660337244897607e-09 4.544118793112244728e-09 4.538688627295918109e-09 4.540681287457482788e-09 4.570133899787415635e-09 4.528249951913265796e-09 4.561286154846938094e-09 4.551886375722788524e-09 4.530704536692176321e-09 4.568564194855442292e-09 4.540226285714285390e-09 4.497901202636054128e-09 4.538736949532312747e-09 4.520761479974489735e-09 4.554315312882652511e-09 0.000000000000000000e+00
4.508746780994898817e-09 4.543586601658162714e-09 4.569201104166666571e-09 4.529905181249998696e-09 4.533217245110542573e-09 4.509029855824828488e-09 4.537766681632652110e-09 4.529178754166667029e-09 4.499800726488094960e-09 4.530983908630952235e-09 4.496076604591835711e-09 4.539925587670068020e-09 4.545993408971088261e-09 4.458276149319727954e-09 4.535153712159864307e-09 4.545362581505101884e-09 4.514607203103742051e-09 4.491043783460883687e-09 4.510794088435373512e-09 4.512455588010203748e-09 4.505217181292517405e-09 4.547423515178570967e-09 4.527125561777209882e-09 4.533363241028911049e-09 4.511339378571429287e-09 4.491737428188775519e-09 4.477826717431972607e-09 4.522556265391156291e-09 4.512122060501700760e-09 4.538688627295918109e-09 4.539325307568026415e-09 4.538607045153061370e-09 4.563186992431973318e-09 4.523859878528911406e-09 4.554771871301020103e-09 4.547836501147959191e-09 4.527064539158163234e-09 4.563296713520408076e-09 4.534691811011904705e-09 4.498041817176870362e-09 4.533894684183673682e-09 4.517682681675169369e-09 4.549914674872448645e-09 0.000000000000000000e+00
4.510448385884353282e-09 4.546061775085033404e-09 4.572434175000000192e-09 4.531963489583333169e-09 4.534823157227891404e-09 4.509874231335035060e-09 4.540345362840137404e-09 4.530738254166667844e-09 4.499793451785714293e-09 4.533794736607142876e-09 4.496581733248300060e-09 4.541970810799320210e-09 4.549300618622449253e-09 4.457627781802721111e-09 4.537306838818027463e-09 4.547953045365645692e-09 4.516189539795917908e-09 4.491717819557822831e-09 4.511992092729591230e-09 4.513999582397958664e-09 4.506503730824830147e-09 4.549447808630951779e-09 4.529339280144557767e-09 4.535138052210884117e-09 4.512747501785714387e-09 4.492775999362244405e-09 4.477718346513604958e-09 4.524617477338435514e-09 4.513629213732993158e-09 4.540681287457482788e-09 4.538607045153061370e-09 4.540933473469388122e-09 4.566541084013605323e-09 4.526332831377551038e-09 4.558006197406462549e-09 4.550178126020408680e-09 4.528831193835033993e-09 4.565983710629251769e-09 4.537146441964285177e-09 4.498905915731292004e-09 4.536602724829931531e-09 4.519586504081632388e-09 4.552503115858843087e-09 0.000000000000000000e+00
4.537591266921768030e-09 4.580279360841836464e-09 4.606520089583333119e-09 4.562336447916667345e-09 4.564041304889454974e-09 4.532915687925171008e-09 4.573227299617346562e-09 4.557049047916665187e-09 4.520965333928571516e-09 4.563647678869048121e-09 4.518255130824830682e-09 4.571282420663265244e-09 4.582817405612245196e-09 4.475502875680271463e-09 4.567353885756802627e-09 4.580036501828231650e-09 4.543088084396258163e-09 4.514414466539115385e-09 4.536512951147958557e-09 4.540469836989796122e-09 4.528928297874149827e-09 4.578790132738095653e-09 4.561607454889455856e-09 4.564873617304420807e-09 4.537772042261904835e-09 4.516622238477891422e-09 4.498858697151361106e-09 4.554697172108843211e-09 4.540586089498299746e-09 4.570133899787415635e-09 4.563186992431973318e-09 4.566541084013605323e-09 4.603664545068027420e-09 4.555939273554422121e-09 4.593851026615646410e-09 4.580758005102041325e-09 4.556781354591837232e-09 4.598789940646258573e-09 4.569887466071428853e-09 4.519860943239795757e-09 4.566628551232993281e-09 4.547483853741496402e-09 4.583814293877550152e-09 0.000000000000000000e+00
4.496719370620748637e-09 4.534987329506802005e-09 4.561078577083333050e-09 4.519522747916667221e-09 4.521902758078231299e-09 4.494466048256802961e-09 4.528956647193876429e-09 4.516519925000000423e-09 4.484260457142856915e-09 4.521092671428570542e-09 4.480890557993197211e-09 4.529018514030612401e-09 4.538132155739796123e-09 4.440777910544217881e-09 4.524363513605442476e-09 4.536338916879251261e-09 4.502601857100340030e-09 4.476760490731293079e-09 4.497493906335032979e-09 4.499771150425169612e-09 4.490618437882652993e-09 4.536436051190475942e-09 4.517871137244897895e-09 4.522480873426870134e-09 4.498625715476191173e-09 4.478319818282312644e-09 4.462129915221088328e-09 4.511971942687074341e-09 4.499782804931972595e-09 4.528249951913265796e-09 4.523859878528911406e-09 4.526332831377551038e-09 4.555939273554422121e-09 4.514653500510203964e-09 4.547565391709182808e-09 4.537774079081632769e-09 4.515663698256802097e-09 4.554250267517007110e-09 4.525421055357141968e-09 4.482934675425169789e-09 4.524041028486394165e-09 4.506222501743196853e-09 4.540125513435373492e-09 0.000000000000000000e+00
4.528939492517006668e-09 4.571991023639456186e-09 4.597642135416666131e-09 4.554044520833332764e-09 4.555096144770407138e-09 4.523713781972788300e-09 4.564564836224489041e-09 4.548833306250000224e-09 4.512893565178570276e-09 4.554747324702381438e-09 4.509544720110543235e-09 4.562660720960884372e-09 4.574346691624149247e-09 4.466905559906462319e-09 4.558780260161563851e-09 4.570894457482992107e-09 4.534195242431972015e-09 4.506180003741496155e-09 4.527922776743196152e-09 4.531774046215986606e-09 4.520354271386054652e-09 4.569706843154760891e-09 4.553175678103740946e-09 4.556204435459183313e-09 4.528885486011904632e-09 4.508510139370746729e-09 4.490038843282313198e-09 4.545845962585033886e-09 4.532056136522108704e-09 4.561286154846938094e-09 4.554771871301020103e-09 4.558006197406462549e-09 4.593851026615646410e-09 4.547565391709182808e-09 4.586375241496598370e-09 4.572472039923469683e-09 4.548133929889455191e-09 4.589994359098638421e-09 4.560624255654760962e-09 4.511549710799319048e-09 4.557716615221087770e-09 4.538502515943876904e-09 4.575251585841836416e-09 0.000000000000000000e+00
4.520584708715986776e-09 4.559564173554421237e-09 4.585553524999999211e-09 4.543753741666667463e-09 4.546132900042517073e-09 4.517929352721089341e-09 4.553160479634352761e-09 4.540439958333333549e-09 4.507572038392856690e-09 4.545364725595237064e-09 4.504271697278911539e-09 4.553106195578231832e-09 4.562444033418367078e-09 4.463761809353741466e-09 4.549079110926870907e-09 4.560712893367347131e-09 4.526419244302721502e-09 4.500442561267006659e-09 4.520994217346938022e-09 4.523825865901360687e-09 4.514571138477891063e-09 4.560631724107142001e-09 4.541978079209183274e-09 4.546758549914965911e-09 4.522164615476190516e-09 4.501614110841837049e-09 4.485625746768706864e-09 4.536212078996598644e-09 4.523947189455782541e-09 4.551886375722788524e-09 4.547836501147959191e-09 4.550178126020408680e-09 4.580758005102041325e-09 4.537774079081632769e-09 4.572472039923469683e-09 4.563182278486394906e-09 4.539509840221088713e-09 4.578781802636054148e-09 4.549486478273809520e-09 4.506082167984693721e-09 4.547984569557823297e-09 4.530078195195577817e-09 4.564588163732992408e-09 0.000000000000000000e+00
