2.463068557849829333e-08 2.478122987909523432e-08 2.490729557546980761e-08 2.473004283751020308e-08 2.475159549084650933e-08 2.453479204500169668e-08 2.480913950321853707e-08 2.470407401515220627e-08 2.447475862339029696e-08 2.483643438330314859e-08 2.447534791209184119e-08 2.476391939394344978e-08 2.483963099684268560e-08 2.432697549148895391e-08 2.474105936992177276e-08 2.478513300857058307e-08 2.461046036747533891e-08 2.458138725993707827e-08 2.464513153057822744e-08 2.468751607006547386e-08 2.455013801659141249e-08 2.471939510159141583e-08 2.475710559578527177e-08 2.478732487207822879e-08 2.465617307474446841e-08 2.449466902575169320e-08 2.454712004296002869e-08 2.464228144760075051e-08 2.457237730458758944e-08 2.488682586437414383e-08 2.459661443771089082e-08 2.472734129934268086e-08 2.489556021144854908e-08 2.479090777814625929e-08 2.488125046943792137e-08 2.479042557425978276e-08 2.473120544360582277e-08 2.484621943848639455e-08 2.477205834157186300e-08 2.448789184031930023e-08 2.473386475257951383e-08 2.473534824478656066e-08 2.481310730439497739e-08 0.000000000000000000e+00
2.478122987909523432e-08 2.493879652833333033e-08 2.506418861602380786e-08 2.488445327886606831e-08 2.490517263159523132e-08 2.468463161519642691e-08 2.496447507909523544e-08 2.485445657491368531e-08 2.462311473876785761e-08 2.499198133119047161e-08 2.462160931775297338e-08 2.491799000983333318e-08 2.499554810122617697e-08 2.447073166301488213e-08 2.489487040017261998e-08 2.494066367958928377e-08 2.476149813250595555e-08 2.473132827891963494e-08 2.479546738899403913e-08 2.483914138437500525e-08 2.469922552615179062e-08 2.487308108738094434e-08 2.491231207552380531e-08 2.494178061934821326e-08 2.480718030701785123e-08 2.464399147886309131e-08 2.469435871821726283e-08 2.479616130771130122e-08 2.472285420672023924e-08 2.504289401554762784e-08 2.474652870991963609e-08 2.487964921660118646e-08 2.505375628927678519e-08 2.494616395883036380e-08 2.503887709010118150e-08 2.494547718872322136e-08 2.488411713711130494e-08 2.500272522397023901e-08 2.492828114393452551e-08 2.463534801653570473e-08 2.488717222698511816e-08 2.488910752749404253e-08 2.496947350354761602e-08 0.000000000000000000e+00
2.490729557546980761e-08 2.506418861602380786e-08 2.519275979159438470e-08 2.501083903028528887e-08 2.503151956104123688e-08 2.480990336894685642e-08 2.509159000826445642e-08 2.498120308656633279e-08 2.474851113679251069e-08 2.511903295701105835e-08 2.474788723496343699e-08 2.504514734965773591e-08 2.512270733359310868e-08 2.459634299629336480e-08 2.502160604542389952e-08 2.506698441115901426e-08 2.488786268684354197e-08 2.485776209721642002e-08 2.492124213630527938e-08 2.496643783736011921e-08 2.482496712884651440e-08 2.499925405880484476e-08 2.503879711393367205e-08 2.506892424413860565e-08 2.493372444464667813e-08 2.476948853538435157e-08 2.482071752586352436e-08 2.492252776506462497e-08 2.484869412952336957e-08 2.517032111949531810e-08 2.487241150765986101e-08 2.500707587742643587e-08 2.518064442224829785e-08 2.507296943886692314e-08 2.516564627799192665e-08 2.507221347841836615e-08 2.501069108312266063e-08 2.512958858159184514e-08 2.505503075107228488e-08 2.476120453199574299e-08 2.501339862711438661e-08 2.501584841051360632e-08 2.509605275624533072e-08 0.000000000000000000e+00
2.473004283751020308e-08 2.488445327886606831e-08 2.501083903028528887e-08 2.483304519281376844e-08 2.485337812071258337e-08 2.463390797173978917e-08 2.491199129664710333e-08 2.480381839744090168e-08 2.457292777607482439e-08 2.493904313116028545e-08 2.457235502536564629e-08 2.486547890038095317e-08 2.494283309654803814e-08 2.442307202998297730e-08 2.484286653084439869e-08 2.488803283359735484e-08 2.471078952898128469e-08 2.468077251681505295e-08 2.474543436538476816e-08 2.478809289585713689e-08 2.464861659457652556e-08 2.482036342707652976e-08 2.485991943218408195e-08 2.488979152253060779e-08 2.475629966180399690e-08 2.459335449382312086e-08 2.464532454771896018e-08 2.474415260029124244e-08 2.467184586574532555e-08 2.498994124223427231e-08 2.469595888179718922e-08 2.482817123367304442e-08 2.499969431845451099e-08 2.489358920166412776e-08 2.498594869960159149e-08 2.489317024298298928e-08 2.483184512073379378e-08 2.494961630524828912e-08 2.487534037188137023e-08 2.458592090812583408e-08 2.483511363427295832e-08 2.483676054738478736e-08 2.491626575652593630e-08 0.000000000000000000e+00
2.475159549084650933e-08 2.490517263159523132e-08 2.503151956104123688e-08 2.485337812071258337e-08 2.487545408306972736e-08 2.465543179598681092e-08 2.493308537954591762e-08 2.482629813389327974e-08 2.459441475490220724e-08 2.496050954714540563e-08 2.459448920174660063e-08 2.488681123713095563e-08 2.496389522489625121e-08 2.444516942270025064e-08 2.486459011841878571e-08 2.490870720948427510e-08 2.473185177988902093e-08 2.470190560398766382e-08 2.476734405972703918e-08 2.480993790173214618e-08 2.467036629996344310e-08 2.484201587604677693e-08 2.488085182041921679e-08 2.491081664658121205e-08 2.477788125302720108e-08 2.461492808252849058e-08 2.466744776652848618e-08 2.476551925515135461e-08 2.469407576803998144e-08 2.501123621880866830e-08 2.471778528488648320e-08 2.484962998568793445e-08 2.502006122034141155e-08 2.491479542144982500e-08 2.500689658994983197e-08 2.491377375503358639e-08 2.485344798805225102e-08 2.497039307806377813e-08 2.489586246666710044e-08 2.460757167390560672e-08 2.485693900918067835e-08 2.485798478403954191e-08 2.493720913749617563e-08 0.000000000000000000e+00
2.453479204500169668e-08 2.468463161519642691e-08 2.480990336894685642e-08 2.463390797173978917e-08 2.465543179598681092e-08 2.444228879749829233e-08 2.471269884078145766e-08 2.460902577620195470e-08 2.438076204100552538e-08 2.474037779055101644e-08 2.438293175576232339e-08 2.466782765884821047e-08 2.474181784219897856e-08 2.423652864955271701e-08 2.464502706253656359e-08 2.468907666932525757e-08 2.451623306171215780e-08 2.448740045175042561e-08 2.455060308269259910e-08 2.459225843403868314e-08 2.445764273342941254e-08 2.462348976657526809e-08 2.466093110873553133e-08 2.469060908177592600e-08 2.456150595548469287e-08 2.440157721631080057e-08 2.445452395460246194e-08 2.454725533881589530e-08 2.447771866159991077e-08 2.478973500662585289e-08 2.450314941360161777e-08 2.463233110209481816e-08 2.479724817940562474e-08 2.469477150029123910e-08 2.478352295445790602e-08 2.469384640669855159e-08 2.463510398679624723e-08 2.474970370424277458e-08 2.467474218813646793e-08 2.439542243661819720e-08 2.463815313231631152e-08 2.463882364973427055e-08 2.471599025977167860e-08 0.000000000000000000e+00
2.480913950321853707e-08 2.496447507909523544e-08 2.509159000826445642e-08 2.491199129664710333e-08 2.493308537954591762e-08 2.471269884078145766e-08 2.499266177398044050e-08 2.488324863542006743e-08 2.465124773859565981e-08 2.501924427291028230e-08 2.465077386465731129e-08 2.494549799111011389e-08 2.502319975040221007e-08 2.450073135169132136e-08 2.492298025315689384e-08 2.496815471097235924e-08 2.478974303110628883e-08 2.475931121854421159e-08 2.482432176265561882e-08 2.486799879277380743e-08 2.472758203207652285e-08 2.490037014857653069e-08 2.493932305514243009e-08 2.496992113038477672e-08 2.483545142961648583e-08 2.467191595173979543e-08 2.472369631634396166e-08 2.482404468033291123e-08 2.475108000203698861e-08 2.507080426013011165e-08 2.477505848531803609e-08 2.490830885736055132e-08 2.508024625916283863e-08 2.497351488841412953e-08 2.506614481926827977e-08 2.497296420883716408e-08 2.491189740670254066e-08 2.503001215745662248e-08 2.495541412931888620e-08 2.466480613943834263e-08 2.491510699187711231e-08 2.491692851111394850e-08 2.499616179892176966e-08 0.000000000000000000e+00
2.470407401515220627e-08 2.485445657491368531e-08 2.498120308656633279e-08 2.480381839744090168e-08 2.482629813389327974e-08 2.460902577620195470e-08 2.488324863542006743e-08 2.478018277752295462e-08 2.454756690977593656e-08 2.491148994954549109e-08 2.454969624196811737e-08 2.483774159292559487e-08 2.491421692966285420e-08 2.440151562151019672e-08 2.481582905487670743e-08 2.485865082795408471e-08 2.468434609285289219e-08 2.465486734044430499e-08 2.471997924606079702e-08 2.476209901605654062e-08 2.462432716326658428e-08 2.479326696987075167e-08 2.483111683603954127e-08 2.486129312981079770e-08 2.472999605913009864e-08 2.456803600863945508e-08 2.462206811488945013e-08 2.471661516015859301e-08 2.464681381276531506e-08 2.496096600482610593e-08 2.467105311370919028e-08 2.480214379528784208e-08 2.496848991480229909e-08 2.486573445209737071e-08 2.495514243997236475e-08 2.486393466692687151e-08 2.480466553568805274e-08 2.492012601867601565e-08 2.484514657643366955e-08 2.456171018445364541e-08 2.480804484762371335e-08 2.480877547333161788e-08 2.488732898105527311e-08 0.000000000000000000e+00
2.447475862339029696e-08 2.462311473876785761e-08 2.474851113679251069e-08 2.457292777607482439e-08 2.459441475490220724e-08 2.438076204100552538e-08 2.465124773859565981e-08 2.454756690977593656e-08 2.432204077565390482e-08 2.467809247529251453e-08 2.432212720121513347e-08 2.460682490184225896e-08 2.467998558641580706e-08 2.417623474105781572e-08 2.458394556616240969e-08 2.462771816980229943e-08 2.445528596213860809e-08 2.442694361775382333e-08 2.448958960721257600e-08 2.453143106101487173e-08 2.439663166382312695e-08 2.456191567228145538e-08 2.459968591116155767e-08 2.462935190294175177e-08 2.450106265648724314e-08 2.434142604602635705e-08 2.439377582125551882e-08 2.448545249180144654e-08 2.441697505614923323e-08 2.472836546188264438e-08 2.444226337710203527e-08 2.457070687195748502e-08 2.473598013915051056e-08 2.463300655055866543e-08 2.472266098451700226e-08 2.463234013412031951e-08 2.457462775687465802e-08 2.468773669249744824e-08 2.461393937112414567e-08 2.433463150693877398e-08 2.457715389643026243e-08 2.457833262933757865e-08 2.465428811927848092e-08 0.000000000000000000e+00
2.483643438330314859e-08 2.499198133119047161e-08 2.511903295701105835e-08 2.493904313116028545e-08 2.496050954714540563e-08 2.474037779055101644e-08 2.501924427291028230e-08 2.491148994954549109e-08 2.467809247529251453e-08 2.504798497626105350e-08 2.467856876992176775e-08 2.497279603815773826e-08 2.505045322675978071e-08 2.452794106281419723e-08 2.495023235752806374e-08 2.499476862101317897e-08 2.481699967161436228e-08 2.478702971634140306e-08 2.485128780382610183e-08 2.489528529073511279e-08 2.475520713247151806e-08 2.492797783630485069e-08 2.496690223170450584e-08 2.499656809232610490e-08 2.486248775693833839e-08 2.469947565284269743e-08 2.475161763678018831e-08 2.485151339950213341e-08 2.477879323410671798e-08 2.509765019820365667e-08 2.480235695759734933e-08 2.493570305678061576e-08 2.510720163024829349e-08 2.500149138453357657e-08 2.509290915507525773e-08 2.500020875854336131e-08 2.493882715421432260e-08 2.505742505200850171e-08 2.498223376536392948e-08 2.469164142726658467e-08 2.494203582819770111e-08 2.494358193313860130e-08 2.502405034399532217e-08 0.000000000000000000e+00
2.447534791209184119e-08 2.462160931775297338e-08 2.474788723496343699e-08 2.457235502536564629e-08 2.459448920174660063e-08 2.438293175576232339e-08 2.465077386465731129e-08 2.454969624196811737e-08 2.432212720121513347e-08 2.467856876992176775e-08 2.432666649691580873e-08 2.460722587172023751e-08 2.468043220395322397e-08 2.418050491020110823e-08 2.458402427993282311e-08 2.462667536023043515e-08 2.445691999837329593e-08 2.442846320931463026e-08 2.449159154796301468e-08 2.453253255250594475e-08 2.439900326766793683e-08 2.456298662656377910e-08 2.459959840576106112e-08 2.462959027898384165e-08 2.450203218556930182e-08 2.434238313265815125e-08 2.439664611590816685e-08 2.448648615587118272e-08 2.441840113356208026e-08 2.472764068931674178e-08 2.444362896200807876e-08 2.457247270634906787e-08 2.473437972254889909e-08 2.463283973199787376e-08 2.472076270485203528e-08 2.463233607897192541e-08 2.457474941377087261e-08 2.468744887873469238e-08 2.461281915720323554e-08 2.433763036194515946e-08 2.457756702122745735e-08 2.457784409629634684e-08 2.465395358121257964e-08 0.000000000000000000e+00
2.476391939394344978e-08 2.491799000983333318e-08 2.504514734965773591e-08 2.486547890038095317e-08 2.488681123713095563e-08 2.466782765884821047e-08 2.494549799111011389e-08 2.483774159292559487e-08 2.460682490184225896e-08 2.497279603815773826e-08 2.460722587172023751e-08 2.490040948291667007e-08 2.497626414202976286e-08 2.445707491737201803e-08 2.487667339385713522e-08 2.492111380427379919e-08 2.474452468014880673e-08 2.471470563165773274e-08 2.477839857666368968e-08 2.482243770718750908e-08 2.468300478266964463e-08 2.485465381673214197e-08 2.489305657197023863e-08 2.492361549733035752e-08 2.479025967338392924e-08 2.462708829909821708e-08 2.467936640995237888e-08 2.477778123257440064e-08 2.470578635650596434e-08 2.502386889075297689e-08 2.472985620626190042e-08 2.486258503444642692e-08 2.503321316491963586e-08 2.492711587123809732e-08 2.501894312390476263e-08 2.492607139653867985e-08 2.486604997631608050e-08 2.498305979696428551e-08 2.490888339407143852e-08 2.461994621526785903e-08 2.486896010348213729e-08 2.487084282664285988e-08 2.494989051750296797e-08 0.000000000000000000e+00
2.483963099684268560e-08 2.499554810122617697e-08 2.512270733359310868e-08 2.494283309654803814e-08 2.496389522489625121e-08 2.474181784219897856e-08 2.502319975040221007e-08 2.491421692966285420e-08 2.467998558641580706e-08 2.505045322675978071e-08 2.468043220395322397e-08 2.497626414202976286e-08 2.505630214701105800e-08 2.452883622395663438e-08 2.495360425243027654e-08 2.499824114588265541e-08 2.481966400626062764e-08 2.478882968157525476e-08 2.485495411811139097e-08 2.489833320599404454e-08 2.475632801507015092e-08 2.493143948502848703e-08 2.497071588192049152e-08 2.500131725352806367e-08 2.486507804426998147e-08 2.470056991924064871e-08 2.475248647461564692e-08 2.485490024499787540e-08 2.478136322378911751e-08 2.510165414969217646e-08 2.480434697227763707e-08 2.493890794915688337e-08 2.511193355125169761e-08 2.500458286163307914e-08 2.509768664796640725e-08 2.500400971778996321e-08 2.494240368418358927e-08 2.506136163888732695e-08 2.498663163563605818e-08 2.469354900271258443e-08 2.494571008526062987e-08 2.494721582598639605e-08 2.502821646015050984e-08 0.000000000000000000e+00
2.432697549148895391e-08 2.447073166301488213e-08 2.459634299629336480e-08 2.442307202998297730e-08 2.444516942270025064e-08 2.423652864955271701e-08 2.450073135169132136e-08 2.440151562151019672e-08 2.417623474105781572e-08 2.452794106281419723e-08 2.418050491020110823e-08 2.445707491737201803e-08 2.452883622395663438e-08 2.403803391382398051e-08 2.443443918753316394e-08 2.447702929691709040e-08 2.430886514661054673e-08 2.428125537915348307e-08 2.434394843890433203e-08 2.438376365690476122e-08 2.425258741975042243e-08 2.441311631791708674e-08 2.444978454051062426e-08 2.447935416586267379e-08 2.435438331545365190e-08 2.419657540636521952e-08 2.425138921428188694e-08 2.433745984564455327e-08 2.427085421184014013e-08 2.457667720301530360e-08 2.429715372164158607e-08 2.442338112172746425e-08 2.458191592017601975e-08 2.448279996182568160e-08 2.456940702649234563e-08 2.448179498388648655e-08 2.442497564165765028e-08 2.453660064076572873e-08 2.446194441916496722e-08 2.419187067616921373e-08 2.442833156936054050e-08 2.442765922025849956e-08 2.450260975214030497e-08 0.000000000000000000e+00
2.474105936992177276e-08 2.489487040017261998e-08 2.502160604542389952e-08 2.484286653084439869e-08 2.486459011841878571e-08 2.464502706253656359e-08 2.492298025315689384e-08 2.481582905487670743e-08 2.458394556616240969e-08 2.495023235752806374e-08 2.458402427993282311e-08 2.487667339385713522e-08 2.495360425243027654e-08 2.443443918753316394e-08 2.485479263860969729e-08 2.489860120041326811e-08 2.472169765486565009e-08 2.469131971120961107e-08 2.475648836351531011e-08 2.479966823355357289e-08 2.466014923349659788e-08 2.483175663028826247e-08 2.487019702566496293e-08 2.490048677520281363e-08 2.476719653712074325e-08 2.460424354366156034e-08 2.465672148801573376e-08 2.475549233767687128e-08 2.468343707425807856e-08 2.500125104848171805e-08 2.470711735451318444e-08 2.483984027930527429e-08 2.501014959155016640e-08 2.490449808749872427e-08 2.499639732885288716e-08 2.490342045434566340e-08 2.484308822203252257e-08 2.496012743172831639e-08 2.488593794343027138e-08 2.459719461737542936e-08 2.484632597142814366e-08 2.484814279468197089e-08 2.492716297831505110e-08 0.000000000000000000e+00
2.478513300857058307e-08 2.494066367958928377e-08 2.506698441115901426e-08 2.488803283359735484e-08 2.490870720948427510e-08 2.468907666932525757e-08 2.496815471097235924e-08 2.485865082795408471e-08 2.462771816980229943e-08 2.499476862101317897e-08 2.462667536023043515e-08 2.492111380427379919e-08 2.499824114588265541e-08 2.447702929691709040e-08 2.489860120041326811e-08 2.494471692934183683e-08 2.476584608650255029e-08 2.473543996323639188e-08 2.479998672560756404e-08 2.484368436049107061e-08 2.470361894573766819e-08 2.487633137536267060e-08 2.491500474485841649e-08 2.494515039598256343e-08 2.481156302211479321e-08 2.464852235701275154e-08 2.469954871647108461e-08 2.479973760478698631e-08 2.472665851499022231e-08 2.504661780932696084e-08 2.475120870751913771e-08 2.488354754942432221e-08 2.505634548656207917e-08 2.494934953084693602e-08 2.504157825588860504e-08 2.494928698443792301e-08 2.488775166630514468e-08 2.500586345560629207e-08 2.493113740554932394e-08 2.464088921248852127e-08 2.489075757156504755e-08 2.489265020310756631e-08 2.497185656707695512e-08 0.000000000000000000e+00
2.461046036747533891e-08 2.476149813250595555e-08 2.488786268684354197e-08 2.471078952898128469e-08 2.473185177988902093e-08 2.451623306171215780e-08 2.478974303110628883e-08 2.468434609285289219e-08 2.445528596213860809e-08 2.481699967161436228e-08 2.445691999837329593e-08 2.474452468014880673e-08 2.481966400626062764e-08 2.430886514661054673e-08 2.472169765486565009e-08 2.476584608650255029e-08 2.459205910557993220e-08 2.456242458244175299e-08 2.462624756823851884e-08 2.466826325872023891e-08 2.453178484714838349e-08 2.469979298400254832e-08 2.473782522352210504e-08 2.476779018223852291e-08 2.463700632876360227e-08 2.447553337533716378e-08 2.452844510706632698e-08 2.462340347253400984e-08 2.455270873218664618e-08 2.486723947465434116e-08 2.457735441070365703e-08 2.470830010117729308e-08 2.487585045557695427e-08 2.477143350649574494e-08 2.486177073937074907e-08 2.477120608431887751e-08 2.471144367409383435e-08 2.482676680930271769e-08 2.475274139226062719e-08 2.446956124193197810e-08 2.471443075876743254e-08 2.471582627919685459e-08 2.479334827605016914e-08 0.000000000000000000e+00
2.458138725993707827e-08 2.473132827891963494e-08 2.485776209721642002e-08 2.468077251681505295e-08 2.470190560398766382e-08 2.448740045175042561e-08 2.475931121854421159e-08 2.465486734044430499e-08 2.442694361775382333e-08 2.478702971634140306e-08 2.442846320931463026e-08 2.471470563165773274e-08 2.478882968157525476e-08 2.428125537915348307e-08 2.469131971120961107e-08 2.473543996323639188e-08 2.456242458244175299e-08 2.453411210200510320e-08 2.459636777626955684e-08 2.463850750696428501e-08 2.450305359990305608e-08 2.466987270519472667e-08 2.470800502232652810e-08 2.473748376072789026e-08 2.460797913627465846e-08 2.444754582556292404e-08 2.450010631175042501e-08 2.459323701020747827e-08 2.452358088555315049e-08 2.483660091726020493e-08 2.454856284503188783e-08 2.467857186020025745e-08 2.484480477061734600e-08 2.474129877695323169e-08 2.483075139422406509e-08 2.474074576002848679e-08 2.468171288926968577e-08 2.479639727599659678e-08 2.472202732217942046e-08 2.444060912679336579e-08 2.468450074815008453e-08 2.468569844629039024e-08 2.476296337678103991e-08 0.000000000000000000e+00
2.464513153057822744e-08 2.479546738899403913e-08 2.492124213630527938e-08 2.474543436538476816e-08 2.476734405972703918e-08 2.455060308269259910e-08 2.482432176265561882e-08 2.471997924606079702e-08 2.448958960721257600e-08 2.485128780382610183e-08 2.449159154796301468e-08 2.477839857666368968e-08 2.485495411811139097e-08 2.434394843890433203e-08 2.475648836351531011e-08 2.479998672560756404e-08 2.462624756823851884e-08 2.459636777626955684e-08 2.466296798890136065e-08 2.470257545921726107e-08 2.456628045964922792e-08 2.473424586625340564e-08 2.477258465093919443e-08 2.480258559260969120e-08 2.467172373923341842e-08 2.450974978771343183e-08 2.456336950300510413e-08 2.465763574257312615e-08 2.458808116882526103e-08 2.490160741945578514e-08 2.461207142929932151e-08 2.474284700996555717e-08 2.490960214538733066e-08 2.480571307139710699e-08 2.489675160693877290e-08 2.480534059709183693e-08 2.474616535798413683e-08 2.486138417168835399e-08 2.478669010146555991e-08 2.450445382664540459e-08 2.474966584780101657e-08 2.474984158696386092e-08 2.482793665760161069e-08 0.000000000000000000e+00
2.468751607006547386e-08 2.483914138437500525e-08 2.496643783736011921e-08 2.478809289585713689e-08 2.480993790173214618e-08 2.459225843403868314e-08 2.486799879277380743e-08 2.476209901605654062e-08 2.453143106101487173e-08 2.489528529073511279e-08 2.453253255250594475e-08 2.482243770718750908e-08 2.489833320599404454e-08 2.438376365690476122e-08 2.479966823355357289e-08 2.484368436049107061e-08 2.466826325872023891e-08 2.463850750696428501e-08 2.470257545921726107e-08 2.474695079691666512e-08 2.460721290842856673e-08 2.477698812605357404e-08 2.481530344867261911e-08 2.484573374407142774e-08 2.471395982211904374e-08 2.455187756826785395e-08 2.460431196185118456e-08 2.470099450040178200e-08 2.462988106937797854e-08 2.494595878578273787e-08 2.465466973613095833e-08 2.478598699543154787e-08 2.495400541119940813e-08 2.484988489222321734e-08 2.494046845343155042e-08 2.484888612005059148e-08 2.478924226599136641e-08 2.490497531102380367e-08 2.483033802178571375e-08 2.454534263773808963e-08 2.479190940130356930e-08 2.479346846959225952e-08 2.487152636138690184e-08 0.000000000000000000e+00
2.455013801659141249e-08 2.469922552615179062e-08 2.482496712884651440e-08 2.464861659457652556e-08 2.467036629996344310e-08 2.445764273342941254e-08 2.472758203207652285e-08 2.462432716326658428e-08 2.439663166382312695e-08 2.475520713247151806e-08 2.439900326766793683e-08 2.468300478266964463e-08 2.475632801507015092e-08 2.425258741975042243e-08 2.466014923349659788e-08 2.470361894573766819e-08 2.453178484714838349e-08 2.450305359990305608e-08 2.456628045964922792e-08 2.460721290842856673e-08 2.447395828717516307e-08 2.463841328630017155e-08 2.467589523746258154e-08 2.470559099789923421e-08 2.457699579863562278e-08 2.441698637453358568e-08 2.447042413497108660e-08 2.456197582968282115e-08 2.449310683019855825e-08 2.480445740476445298e-08 2.451822882431080021e-08 2.464775483146598161e-08 2.481181385447874476e-08 2.470935653163860221e-08 2.479809898211777119e-08 2.470846801368792232e-08 2.465058287479472600e-08 2.476431277716879242e-08 2.468971042742432458e-08 2.441136482367601993e-08 2.465341551791921450e-08 2.465423070417006499e-08 2.473064858222278556e-08 0.000000000000000000e+00
2.471939510159141583e-08 2.487308108738094434e-08 2.499925405880484476e-08 2.482036342707652976e-08 2.484201587604677693e-08 2.462348976657526809e-08 2.490037014857653069e-08 2.479326696987075167e-08 2.456191567228145538e-08 2.492797783630485069e-08 2.456298662656377910e-08 2.485465381673214197e-08 2.493143948502848703e-08 2.441311631791708674e-08 2.483175663028826247e-08 2.487633137536267060e-08 2.469979298400254832e-08 2.466987270519472667e-08 2.473424586625340564e-08 2.477698812605357404e-08 2.463841328630017155e-08 2.481088020650850305e-08 2.484792920777508333e-08 2.487830205075340007e-08 2.474521882853146225e-08 2.458258059165858280e-08 2.463493467672108542e-08 2.473346671457865668e-08 2.466153926792771929e-08 2.497872304770195339e-08 2.468504377564413646e-08 2.481742881119515590e-08 2.498834118145790754e-08 2.488180244763860263e-08 2.497316609338860314e-08 2.488152246133375896e-08 2.482090730471139539e-08 2.493828434502295866e-08 2.486372372711182042e-08 2.457554427665518616e-08 2.482420604627338075e-08 2.482554473983673594e-08 2.490471636184778905e-08 0.000000000000000000e+00
2.475710559578527177e-08 2.491231207552380531e-08 2.503879711393367205e-08 2.485991943218408195e-08 2.488085182041921679e-08 2.466093110873553133e-08 2.493932305514243009e-08 2.483111683603954127e-08 2.459968591116155767e-08 2.496690223170450584e-08 2.459959840576106112e-08 2.489305657197023863e-08 2.497071588192049152e-08 2.444978454051062426e-08 2.487019702566496293e-08 2.491500474485841649e-08 2.473782522352210504e-08 2.470800502232652810e-08 2.477258465093919443e-08 2.481530344867261911e-08 2.467589523746258154e-08 2.484792920777508333e-08 2.488805156423128507e-08 2.491716479127253015e-08 2.478358221774489483e-08 2.462062927942304369e-08 2.467209111433970706e-08 2.477172112917473681e-08 2.469923176708885855e-08 2.501739779546556069e-08 2.472292271208248090e-08 2.485568390477465641e-08 2.502728057213519666e-08 2.492108939863179760e-08 2.501368851719429550e-08 2.492042308686479044e-08 2.485950430692444280e-08 2.497717710496981143e-08 2.490285514250382860e-08 2.461263567087967376e-08 2.486270068325127135e-08 2.486402876602253336e-08 2.494412365506972257e-08 0.000000000000000000e+00
2.478732487207822879e-08 2.494178061934821326e-08 2.506892424413860565e-08 2.488979152253060779e-08 2.491081664658121205e-08 2.469060908177592600e-08 2.496992113038477672e-08 2.486129312981079770e-08 2.462935190294175177e-08 2.499656809232610490e-08 2.462959027898384165e-08 2.492361549733035752e-08 2.500131725352806367e-08 2.447935416586267379e-08 2.490048677520281363e-08 2.494515039598256343e-08 2.476779018223852291e-08 2.473748376072789026e-08 2.480258559260969120e-08 2.484573374407142774e-08 2.470559099789923421e-08 2.487830205075340007e-08 2.491716479127253015e-08 2.494821785560969101e-08 2.481336734660841627e-08 2.464944441031759644e-08 2.470208854354676638e-08 2.480180413953145589e-08 2.472920596742942136e-08 2.504805810443494277e-08 2.475281544413265399e-08 2.488619548875722556e-08 2.505761957530399635e-08 2.495080032743877578e-08 2.504374333802210961e-08 2.495024300309183548e-08 2.488960401285497173e-08 2.500736608812585152e-08 2.493317652390305868e-08 2.464292062189541014e-08 2.489288485367602090e-08 2.489464854156802380e-08 2.497393191041411023e-08 0.000000000000000000e+00
2.465617307474446841e-08 2.480718030701785123e-08 2.493372444464667813e-08 2.475629966180399690e-08 2.477788125302720108e-08 2.456150595548469287e-08 2.483545142961648583e-08 2.472999605913009864e-08 2.450106265648724314e-08 2.486248775693833839e-08 2.450203218556930182e-08 2.479025967338392924e-08 2.486507804426998147e-08 2.435438331545365190e-08 2.476719653712074325e-08 2.481156302211479321e-08 2.463700632876360227e-08 2.460797913627465846e-08 2.467172373923341842e-08 2.471395982211904374e-08 2.457699579863562278e-08 2.474521882853146225e-08 2.478358221774489483e-08 2.481336734660841627e-08 2.468322993782057256e-08 2.452154692717219058e-08 2.457392062890135647e-08 2.466853421288477517e-08 2.459849419535756628e-08 2.491313703984098229e-08 2.462319271745620926e-08 2.475370586791580980e-08 2.492134549475468022e-08 2.481704598353783650e-08 2.490753394516283300e-08 2.481651548007865450e-08 2.475738343612257805e-08 2.487243112643494810e-08 2.479800234068664910e-08 2.451477396323044095e-08 2.476019126590943631e-08 2.476123821219174788e-08 2.483896928934098380e-08 0.000000000000000000e+00
2.449466902575169320e-08 2.464399147886309131e-08 2.476948853538435157e-08 2.459335449382312086e-08 2.461492808252849058e-08 2.440157721631080057e-08 2.467191595173979543e-08 2.456803600863945508e-08 2.434142604602635705e-08 2.469947565284269743e-08 2.434238313265815125e-08 2.462708829909821708e-08 2.470056991924064871e-08 2.419657540636521952e-08 2.460424354366156034e-08 2.464852235701275154e-08 2.447553337533716378e-08 2.444754582556292404e-08 2.450974978771343183e-08 2.455187756826785395e-08 2.441698637453358568e-08 2.458258059165858280e-08 2.462062927942304369e-08 2.464944441031759644e-08 2.452154692717219058e-08 2.436257629237330222e-08 2.441400807358163501e-08 2.450631872867006867e-08 2.443734857897491940e-08 2.474905831208418481e-08 2.446286714441412071e-08 2.459133959936564581e-08 2.475647318461394306e-08 2.465409066737457495e-08 2.474291669547874015e-08 2.465330528344855154e-08 2.459493344771292733e-08 2.470898337355527514e-08 2.463401745803231470e-08 2.435485908218069835e-08 2.459752942406632544e-08 2.459817063927593946e-08 2.467522128366751766e-08 0.000000000000000000e+00
2.454712004296002869e-08 2.469435871821726283e-08 2.482071752586352436e-08 2.464532454771896018e-08 2.466744776652848618e-08 2.445452395460246194e-08 2.472369631634396166e-08 2.462206811488945013e-08 2.439377582125551882e-08 2.475161763678018831e-08 2.439664611590816685e-08 2.467936640995237888e-08 2.475248647461564692e-08 2.425138921428188694e-08 2.465672148801573376e-08 2.469954871647108461e-08 2.452844510706632698e-08 2.450010631175042501e-08 2.456336950300510413e-08 2.460431196185118456e-08 2.447042413497108660e-08 2.463493467672108542e-08 2.467209111433970706e-08 2.470208854354676638e-08 2.457392062890135647e-08 2.441400807358163501e-08 2.446937483091496149e-08 2.455843022760756531e-08 2.449036255037074750e-08 2.480060237481335009e-08 2.451571748753911657e-08 2.464422693661564617e-08 2.480706584459311444e-08 2.470595988681207268e-08 2.479443556635374046e-08 2.470435363109438522e-08 2.464597001302542600e-08 2.475989184676360040e-08 2.468563656844898237e-08 2.440859937849319000e-08 2.464977599498299451e-08 2.464992892196343317e-08 2.472638193539668316e-08 0.000000000000000000e+00
2.464228144760075051e-08 2.479616130771130122e-08 2.492252776506462497e-08 2.474415260029124244e-08 2.476551925515135461e-08 2.454725533881589530e-08 2.482404468033291123e-08 2.471661516015859301e-08 2.448545249180144654e-08 2.485151339950213341e-08 2.448648615587118272e-08 2.477778123257440064e-08 2.485490024499787540e-08 2.433745984564455327e-08 2.475549233767687128e-08 2.479973760478698631e-08 2.462340347253400984e-08 2.459323701020747827e-08 2.465763574257312615e-08 2.470099450040178200e-08 2.456197582968282115e-08 2.473346671457865668e-08 2.477172112917473681e-08 2.480180413953145589e-08 2.466853421288477517e-08 2.450631872867006867e-08 2.455843022760756531e-08 2.465824475753486358e-08 2.458525851952933338e-08 2.490189465585246884e-08 2.460884006700510459e-08 2.474109660968536913e-08 2.491102477498043526e-08 2.480535142943835111e-08 2.489701251731335034e-08 2.480496426043622226e-08 2.474404076382831778e-08 2.486177461276445779e-08 2.478716370216454284e-08 2.449926281334693731e-08 2.474743407830485008e-08 2.474882930896895293e-08 2.482799142401913423e-08 0.000000000000000000e+00
2.457237730458758944e-08 2.472285420672023924e-08 2.484869412952336957e-08 2.467184586574532555e-08 2.469407576803998144e-08 2.447771866159991077e-08 2.475108000203698861e-08 2.464681381276531506e-08 2.441697505614923323e-08 2.477879323410671798e-08 2.441840113356208026e-08 2.470578635650596434e-08 2.478136322378911751e-08 2.427085421184014013e-08 2.468343707425807856e-08 2.472665851499022231e-08 2.455270873218664618e-08 2.452358088555315049e-08 2.458808116882526103e-08 2.462988106937797854e-08 2.449310683019855825e-08 2.466153926792771929e-08 2.469923176708885855e-08 2.472920596742942136e-08 2.459849419535756628e-08 2.443734857897491940e-08 2.449036255037074750e-08 2.458525851952933338e-08 2.451569974726020778e-08 2.482832364237713078e-08 2.453929526257695486e-08 2.466987658564328016e-08 2.483641124682653258e-08 2.473285820036352104e-08 2.482295485919685180e-08 2.473176071390263717e-08 2.467296972895939530e-08 2.478815232465901896e-08 2.471362203099744939e-08 2.443087202785799489e-08 2.467603947531164956e-08 2.467687270067942365e-08 2.475490996271046315e-08 0.000000000000000000e+00
2.488682586437414383e-08 2.504289401554762784e-08 2.517032111949531810e-08 2.498994124223427231e-08 2.501123621880866830e-08 2.478973500662585289e-08 2.507080426013011165e-08 2.496096600482610593e-08 2.472836546188264438e-08 2.509765019820365667e-08 2.472764068931674178e-08 2.502386889075297689e-08 2.510165414969217646e-08 2.457667720301530360e-08 2.500125104848171805e-08 2.504661780932696084e-08 2.486723947465434116e-08 2.483660091726020493e-08 2.490160741945578514e-08 2.494595878578273787e-08 2.480445740476445298e-08 2.497872304770195339e-08 2.501739779546556069e-08 2.504805810443494277e-08 2.491313703984098229e-08 2.474905831208418481e-08 2.480060237481335009e-08 2.490189465585246884e-08 2.482832364237713078e-08 2.514998944739540776e-08 2.485233077685544281e-08 2.498599516152550830e-08 2.515941329815135875e-08 2.505188702226062669e-08 2.514501501496896078e-08 2.505133171909863947e-08 2.498999877501228690e-08 2.510860695393069906e-08 2.503378943946301031e-08 2.474138763385756867e-08 2.499304016290433810e-08 2.499508437099744986e-08 2.507486511658290619e-08 0.000000000000000000e+00
2.459661443771089082e-08 2.474652870991963609e-08 2.487241150765986101e-08 2.469595888179718922e-08 2.471778528488648320e-08 2.450314941360161777e-08 2.477505848531803609e-08 2.467105311370919028e-08 2.444226337710203527e-08 2.480235695759734933e-08 2.444362896200807876e-08 2.472985620626190042e-08 2.480434697227763707e-08 2.429715372164158607e-08 2.470711735451318444e-08 2.475120870751913771e-08 2.457735441070365703e-08 2.454856284503188783e-08 2.461207142929932151e-08 2.465466973613095833e-08 2.451822882431080021e-08 2.468504377564413646e-08 2.472292271208248090e-08 2.475281544413265399e-08 2.462319271745620926e-08 2.446286714441412071e-08 2.451571748753911657e-08 2.460884006700510459e-08 2.453929526257695486e-08 2.485233077685544281e-08 2.456524847089200732e-08 2.469422236804846873e-08 2.485934634533758475e-08 2.475711379432227312e-08 2.484635722886394567e-08 2.475574710870408136e-08 2.469715086077563751e-08 2.481179057712457181e-08 2.473648418713180212e-08 2.445615388567729342e-08 2.470016866647449087e-08 2.470076098482015435e-08 2.477790360360543971e-08 0.000000000000000000e+00
2.472734129934268086e-08 2.487964921660118646e-08 2.500707587742643587e-08 2.482817123367304442e-08 2.484962998568793445e-08 2.463233110209481816e-08 2.490830885736055132e-08 2.480214379528784208e-08 2.457070687195748502e-08 2.493570305678061576e-08 2.457247270634906787e-08 2.486258503444642692e-08 2.493890794915688337e-08 2.442338112172746425e-08 2.483984027930527429e-08 2.488354754942432221e-08 2.470830010117729308e-08 2.467857186020025745e-08 2.474284700996555717e-08 2.478598699543154787e-08 2.464775483146598161e-08 2.481742881119515590e-08 2.485568390477465641e-08 2.488619548875722556e-08 2.475370586791580980e-08 2.459133959936564581e-08 2.464422693661564617e-08 2.474109660968536913e-08 2.466987658564328016e-08 2.498599516152550830e-08 2.469422236804846873e-08 2.482686716834438551e-08 2.499433168296003325e-08 2.488980023652891032e-08 2.498031893540391264e-08 2.488863594062330323e-08 2.482926429040858940e-08 2.494545821749149821e-08 2.487055541449021782e-08 2.458516616208758100e-08 2.483195277130229722e-08 2.483361920800722440e-08 2.491212360596300411e-08 0.000000000000000000e+00
2.489556021144854908e-08 2.505375628927678519e-08 2.518064442224829785e-08 2.499969431845451099e-08 2.502006122034141155e-08 2.479724817940562474e-08 2.508024625916283863e-08 2.496848991480229909e-08 2.473598013915051056e-08 2.510720163024829349e-08 2.473437972254889909e-08 2.503321316491963586e-08 2.511193355125169761e-08 2.458191592017601975e-08 2.501014959155016640e-08 2.505634548656207917e-08 2.487585045557695427e-08 2.484480477061734600e-08 2.490960214538733066e-08 2.495400541119940813e-08 2.481181385447874476e-08 2.498834118145790754e-08 2.502728057213519666e-08 2.505761957530399635e-08 2.492134549475468022e-08 2.475647318461394306e-08 2.480706584459311444e-08 2.491102477498043526e-08 2.483641124682653258e-08 2.515941329815135875e-08 2.485934634533758475e-08 2.499433168296003325e-08 2.517132691265731344e-08 2.506124671498681807e-08 2.515540411307015251e-08 2.506170501032184915e-08 2.499905180045276328e-08 2.511870410677593414e-08 2.504494394964753645e-08 2.474840060610161140e-08 2.500180979332695208e-08 2.500464595580399552e-08 2.508533781265136130e-08 0.000000000000000000e+00
2.479090777814625929e-08 2.494616395883036380e-08 2.507296943886692314e-08 2.489358920166412776e-08 2.491479542144982500e-08 2.469477150029123910e-08 2.497351488841412953e-08 2.486573445209737071e-08 2.463300655055866543e-08 2.500149138453357657e-08 2.463283973199787376e-08 2.492711587123809732e-08 2.500458286163307914e-08 2.448279996182568160e-08 2.490449808749872427e-08 2.494934953084693602e-08 2.477143350649574494e-08 2.474129877695323169e-08 2.480571307139710699e-08 2.484988489222321734e-08 2.470935653163860221e-08 2.488180244763860263e-08 2.492108939863179760e-08 2.495080032743877578e-08 2.481704598353783650e-08 2.465409066737457495e-08 2.470595988681207268e-08 2.480535142943835111e-08 2.473285820036352104e-08 2.505188702226062669e-08 2.475711379432227312e-08 2.488980023652891032e-08 2.506124671498681807e-08 2.495613130004676459e-08 2.504728241363010006e-08 2.495440429836734183e-08 2.489316530808031518e-08 2.501120402273256794e-08 2.493644637327890881e-08 2.464625405308162850e-08 2.489630903074574680e-08 2.489790811895960283e-08 2.497813350405229324e-08 0.000000000000000000e+00
2.488125046943792137e-08 2.503887709010118150e-08 2.516564627799192665e-08 2.498594869960159149e-08 2.500689658994983197e-08 2.478352295445790602e-08 2.506614481926827977e-08 2.495514243997236475e-08 2.472266098451700226e-08 2.509290915507525773e-08 2.472076270485203528e-08 2.501894312390476263e-08 2.509768664796640725e-08 2.456940702649234563e-08 2.499639732885288716e-08 2.504157825588860504e-08 2.486177073937074907e-08 2.483075139422406509e-08 2.489675160693877290e-08 2.494046845343155042e-08 2.479809898211777119e-08 2.497316609338860314e-08 2.501368851719429550e-08 2.504374333802210961e-08 2.490753394516283300e-08 2.474291669547874015e-08 2.479443556635374046e-08 2.489701251731335034e-08 2.482295485919685180e-08 2.514501501496896078e-08 2.484635722886394567e-08 2.498031893540391264e-08 2.515540411307015251e-08 2.504728241363010006e-08 2.514270947646343653e-08 2.504656343770068111e-08 2.498470701089281157e-08 2.510401756527423326e-08 2.503014379777890688e-08 2.473485296783163313e-08 2.498829390993324590e-08 2.499004839029293921e-08 2.507075222478146134e-08 0.000000000000000000e+00
2.479042557425978276e-08 2.494547718872322136e-08 2.507221347841836615e-08 2.489317024298298928e-08 2.491377375503358639e-08 2.469384640669855159e-08 2.497296420883716408e-08 2.486393466692687151e-08 2.463234013412031951e-08 2.500020875854336131e-08 2.463233607897192541e-08 2.492607139653867985e-08 2.500400971778996321e-08 2.448179498388648655e-08 2.490342045434566340e-08 2.494928698443792301e-08 2.477120608431887751e-08 2.474074576002848679e-08 2.480534059709183693e-08 2.484888612005059148e-08 2.470846801368792232e-08 2.488152246133375896e-08 2.492042308686479044e-08 2.495024300309183548e-08 2.481651548007865450e-08 2.465330528344855154e-08 2.470435363109438522e-08 2.480496426043622226e-08 2.473176071390263717e-08 2.505133171909863947e-08 2.475574710870408136e-08 2.488863594062330323e-08 2.506170501032184915e-08 2.495440429836734183e-08 2.504656343770068111e-08 2.495512532224064603e-08 2.489295957578056888e-08 2.501104136399490057e-08 2.493643265622746120e-08 2.464595349410671652e-08 2.489575396779804509e-08 2.489763178494600513e-08 2.497721458299446843e-08 0.000000000000000000e+00
