1.672432541907992592e-08 1.686543179257057589e-08 1.697034394906292220e-08 1.686344259014285491e-08 1.681914693266751515e-08 1.669077051148639708e-08 1.689678195183418186e-08 1.676620853315773802e-08 1.658364576822746433e-08 1.682405565557227673e-08 1.658074384220535793e-08 1.682690980510714224e-08 1.694752575234353584e-08 1.650430894684225965e-08 1.683821147124107205e-08 1.692193967866836185e-08 1.677285526974446875e-08 1.667901121891666465e-08 1.670916313300084863e-08 1.679634686000425241e-08 1.661900874151954924e-08 1.679937262019599192e-08 1.686566803134778973e-08 1.686605946191326053e-08 1.674847430499744092e-08 1.664136899146811349e-08 1.655816791541198354e-08 1.681804981681079302e-08 1.672478351436777455e-08 1.686428522574446753e-08 1.675104589748808937e-08 1.682849276892644591e-08 1.695121203412032557e-08 1.686027994228655981e-08 1.694050361825170370e-08 1.687208482849234972e-08 1.678423202551658409e-08 1.691552152923979115e-08 1.689332677865603638e-08 1.662984410527550875e-08 1.682720202229336514e-08 1.676822006894514901e-08 1.685670266553740528e-08 0.000000000000000000e+00
1.686543179257057589e-08 1.701617507962925089e-08 1.712088234052763350e-08 1.701094624622321525e-08 1.696535822153443468e-08 1.683014992436564285e-08 1.704534214451360264e-08 1.690986926789880811e-08 1.672014100691028879e-08 1.696981337607312828e-08 1.671628376266071319e-08 1.697205296233928899e-08 1.709956212210076576e-08 1.663747860128869020e-08 1.698653095833630012e-08 1.707129533206887679e-08 1.691738393066156053e-08 1.681835345743749832e-08 1.684982569757610706e-08 1.694112711144302976e-08 1.675648872370876642e-08 1.694460788057355374e-08 1.701454643577295570e-08 1.701311346004974033e-08 1.688988341406334783e-08 1.678104442815646451e-08 1.669513069450850201e-08 1.696426373159778183e-08 1.686672724605102123e-08 1.701280707947406691e-08 1.689217201610118499e-08 1.697275630444813653e-08 1.710416259311266696e-08 1.700790892635586185e-08 1.709221148315219841e-08 1.701915691521087915e-08 1.692972827645280614e-08 1.706552351842006227e-08 1.704234393972576262e-08 1.676706288142899691e-08 1.697416187829804377e-08 1.691461248693495038e-08 1.700475325557780195e-08 0.000000000000000000e+00
1.697034394906292220e-08 1.712088234052763350e-08 1.722969019633588100e-08 1.711755916114880887e-08 1.707092491252593515e-08 1.693459382868919981e-08 1.715134078333843374e-08 1.701454144709226235e-08 1.682399372944812805e-08 1.707591708101700753e-08 1.681900460864880666e-08 1.707772744068452597e-08 1.720616883741538706e-08 1.673929394319940286e-08 1.709210820240476280e-08 1.717749105061437095e-08 1.702326048577933420e-08 1.692259609314583323e-08 1.695433819638010155e-08 1.704672092719217868e-08 1.686107265336734514e-08 1.705110719648852504e-08 1.712083485756589950e-08 1.711928760843792218e-08 1.699554076625552556e-08 1.688525059932950639e-08 1.679904028782610005e-08 1.706958499617729404e-08 1.697166925774829939e-08 1.711920465240433861e-08 1.699714925336607124e-08 1.707898189195450333e-08 1.721092267832611225e-08 1.711383675869855885e-08 1.719910501811437305e-08 1.712455560587074245e-08 1.703585998318282541e-08 1.717236834687627216e-08 1.714827130158204700e-08 1.687101035636139791e-08 1.708075137307269957e-08 1.701860017415008639e-08 1.711092082468282932e-08 0.000000000000000000e+00
1.686344259014285491e-08 1.701094624622321525e-08 1.711755916114880887e-08 1.700911731158333071e-08 1.696268408581845292e-08 1.682871620207142921e-08 1.704118938200595072e-08 1.690697327370833245e-08 1.672017654323809895e-08 1.696730750633928664e-08 1.671569142562499641e-08 1.696954568637499679e-08 1.709528154213393073e-08 1.663718871900000212e-08 1.698258769866666082e-08 1.706698572715773940e-08 1.691499816150297361e-08 1.681708541429166438e-08 1.684790719544344905e-08 1.693838582017559003e-08 1.675560591132440672e-08 1.694211791303869245e-08 1.701098914564285750e-08 1.701016364453869039e-08 1.688869611491963565e-08 1.677932245802678724e-08 1.669445942359226442e-08 1.696087045919643328e-08 1.686480220047023459e-08 1.700896794175296877e-08 1.689024380470832792e-08 1.697062075725594985e-08 1.709957793125892080e-08 1.700378508788095426e-08 1.708748886919940521e-08 1.701568890809226498e-08 1.692703381834524222e-08 1.706161509588689957e-08 1.703814692069642845e-08 1.676658466047023842e-08 1.697124182690773655e-08 1.691034575872023802e-08 1.700099130874106573e-08 0.000000000000000000e+00
1.681914693266751515e-08 1.696535822153443468e-08 1.707092491252593515e-08 1.696268408581845292e-08 1.691808735276020268e-08 1.678550424406589945e-08 1.699537907711436857e-08 1.686313397353868731e-08 1.667710334237542307e-08 1.692182477899234676e-08 1.667373051906845144e-08 1.692473645803571608e-08 1.704859872468494763e-08 1.659528434129464323e-08 1.693694895028868686e-08 1.702127416847874626e-08 1.687015994599617656e-08 1.677418415085417002e-08 1.680410957401020153e-08 1.689360903684268408e-08 1.671302867679719311e-08 1.689719782864371535e-08 1.696506548106929612e-08 1.696503806093834502e-08 1.684403711809438274e-08 1.673591753832567688e-08 1.665150144458970928e-08 1.691577813289625941e-08 1.682068200787159969e-08 1.696365562085034297e-08 1.684658396539880831e-08 1.692580651172151491e-08 1.705253572671470758e-08 1.695866354006377510e-08 1.704104158220790773e-08 1.696998532180399063e-08 1.688212271680314146e-08 1.701530429923171784e-08 1.699272344330995251e-08 1.672336288943112503e-08 1.692601063985374280e-08 1.686630871694601023e-08 1.695537334419897676e-08 0.000000000000000000e+00
1.669077051148639708e-08 1.683014992436564285e-08 1.693459382868919981e-08 1.682871620207142921e-08 1.678550424406589945e-08 1.666111731823724679e-08 1.686131631019089937e-08 1.673401424025594960e-08 1.655311499036819611e-08 1.678987773660161633e-08 1.655189523748809462e-08 1.679446598226190356e-08 1.691081148585331843e-08 1.647566277586904692e-08 1.680357378148511965e-08 1.688628169506929740e-08 1.673944182364456118e-08 1.664852087839582931e-08 1.667679458425339786e-08 1.676353804251700612e-08 1.658898057801573064e-08 1.676539443567984832e-08 1.683051813405781892e-08 1.683283226756972604e-08 1.671628990113563662e-08 1.661033347997661091e-08 1.652831837058546048e-08 1.678374020515985986e-08 1.669226348980442767e-08 1.682989612745706346e-08 1.671986878570237968e-08 1.679571340001827567e-08 1.691372633510629186e-08 1.682600886389625206e-08 1.690404054584013439e-08 1.683683635321939730e-08 1.675049750017049437e-08 1.687974799706334539e-08 1.685843645097831194e-08 1.659949166176870621e-08 1.679294371152763250e-08 1.673492513836394686e-08 1.682153879954549593e-08 0.000000000000000000e+00
1.689678195183418186e-08 1.704534214451360264e-08 1.715134078333843374e-08 1.704118938200595072e-08 1.699537907711436857e-08 1.686131631019089937e-08 1.707710513746853558e-08 1.694066926076785728e-08 1.675207211243792597e-08 1.700057164067984612e-08 1.674820246942261901e-08 1.700341579726487799e-08 1.712904464022661545e-08 1.666916260702380312e-08 1.701629050876784972e-08 1.710166743133290651e-08 1.694791151982950174e-08 1.684973605527082273e-08 1.688098466059353666e-08 1.697206452542602367e-08 1.678766309963052289e-08 1.697552051043537340e-08 1.704500345054846711e-08 1.704358326154250866e-08 1.692121808984438415e-08 1.681218532295068173e-08 1.672698411619387836e-08 1.699488060604209046e-08 1.689776977255910001e-08 1.704314649112117022e-08 1.692335891689881253e-08 1.700359217701318047e-08 1.713350346204804557e-08 1.703815550043877469e-08 1.712194740212456956e-08 1.704971163384566097e-08 1.696050290967814965e-08 1.709552015094004917e-08 1.707252977593494933e-08 1.679877022536862017e-08 1.700446838587457915e-08 1.694485590913350590e-08 1.703500031134480702e-08 0.000000000000000000e+00
1.676620853315773802e-08 1.690986926789880811e-08 1.701454144709226235e-08 1.690697327370833245e-08 1.686313397353868731e-08 1.673401424025594960e-08 1.694066926076785728e-08 1.681074701745833127e-08 1.662574404808928368e-08 1.686728866168452333e-08 1.662400977854166467e-08 1.687120348268749989e-08 1.699227917208928224e-08 1.654633149939583011e-08 1.688224749985415784e-08 1.696631886972321288e-08 1.681607365040475699e-08 1.672240561852082806e-08 1.675208571135118704e-08 1.684015813631844974e-08 1.666165498401487341e-08 1.684272271719940100e-08 1.690945414609523544e-08 1.691042200411606999e-08 1.679114696536310074e-08 1.668415782908035472e-08 1.660091852602678771e-08 1.686174483608927512e-08 1.676783900872321509e-08 1.690859701057142777e-08 1.679457680635416648e-08 1.687187589537202269e-08 1.699527117246428377e-08 1.690448446843452407e-08 1.698457731278570969e-08 1.691566079302678320e-08 1.682773121236905393e-08 1.695971483934821353e-08 1.693760901206844963e-08 1.667258166993154514e-08 1.687116540791071444e-08 1.681300369407737615e-08 1.690023181786904699e-08 0.000000000000000000e+00
1.658364576822746433e-08 1.672014100691028879e-08 1.682399372944812805e-08 1.672017654323809895e-08 1.667710334237542307e-08 1.655311499036819611e-08 1.675207211243792597e-08 1.662574404808928368e-08 1.644905067070748165e-08 1.668101277468196987e-08 1.644681750482142869e-08 1.668576425822023616e-08 1.680068898088010675e-08 1.637162765520238426e-08 1.669478567463095406e-08 1.677673401298001877e-08 1.663135202088265586e-08 1.654239209929166646e-08 1.656983482431292511e-08 1.665492187625212686e-08 1.648272326836395360e-08 1.665689060008758493e-08 1.672119924529889713e-08 1.672343538885247078e-08 1.660877955999872274e-08 1.650418445351530930e-08 1.642315090202890630e-08 1.667526272012415101e-08 1.658521186123596962e-08 1.672006644550765059e-08 1.661169054972321536e-08 1.668714402624447087e-08 1.680300033011223973e-08 1.671599195355994929e-08 1.679327441543835173e-08 1.672817378426701329e-08 1.664198347016453243e-08 1.676957279353656299e-08 1.674886659135926846e-08 1.649405806428359084e-08 1.668400817445917567e-08 1.662668266106631954e-08 1.671204169043537617e-08 0.000000000000000000e+00
1.682405565557227673e-08 1.696981337607312828e-08 1.707591708101700753e-08 1.696730750633928664e-08 1.692182477899234676e-08 1.678987773660161633e-08 1.700057164067984612e-08 1.686728866168452333e-08 1.668101277468196987e-08 1.692789906934948782e-08 1.667809056481845141e-08 1.692981340328571373e-08 1.705364673211650481e-08 1.659939536764880635e-08 1.694229864764285671e-08 1.702582328023469262e-08 1.687492303063308137e-08 1.677805559233333699e-08 1.680869859959650961e-08 1.689858374456590328e-08 1.671683222684481620e-08 1.690203530252763672e-08 1.696993935797406621e-08 1.696965740117644181e-08 1.684877882829379871e-08 1.674063088268282891e-08 1.665587855731291906e-08 1.692025249876530859e-08 1.682522867746088529e-08 1.696860016219557578e-08 1.685141356252381073e-08 1.693108086549531435e-08 1.705776375212542362e-08 1.696397538762925023e-08 1.704606966215135510e-08 1.697539922500637765e-08 1.688706536780909710e-08 1.702012433477933275e-08 1.699728576424149998e-08 1.672842186770790762e-08 1.693093468240136708e-08 1.687068388836862246e-08 1.696062473589243214e-08 0.000000000000000000e+00
1.658074384220535793e-08 1.671628376266071319e-08 1.681900460864880666e-08 1.671569142562499641e-08 1.667373051906845144e-08 1.655189523748809462e-08 1.674820246942261901e-08 1.662400977854166467e-08 1.644681750482142869e-08 1.667809056481845141e-08 1.644782537166666524e-08 1.668379296687499905e-08 1.679645147175893254e-08 1.637167389668749856e-08 1.669154224477083086e-08 1.677290353844940104e-08 1.662814848221130003e-08 1.654091193737500030e-08 1.656803989108928388e-08 1.665240090386309516e-08 1.648115568649106739e-08 1.665348875035118425e-08 1.671695694447619250e-08 1.672075575445535562e-08 1.660611311529464026e-08 1.650239245023512245e-08 1.642199505109225791e-08 1.667189443175892605e-08 1.658272848874106416e-08 1.671677198616964291e-08 1.661060792241666216e-08 1.668447573673512092e-08 1.679824495944642950e-08 1.671328155831844431e-08 1.678887643984523978e-08 1.672521459417559446e-08 1.663875445472023630e-08 1.676550293344940858e-08 1.674546153992559472e-08 1.649365917405357348e-08 1.668063936974106795e-08 1.662479393982440590e-08 1.670904508284524066e-08 0.000000000000000000e+00
1.682690980510714224e-08 1.697205296233928899e-08 1.707772744068452597e-08 1.696954568637499679e-08 1.692473645803571608e-08 1.679446598226190356e-08 1.700341579726487799e-08 1.687120348268749989e-08 1.668576425822023616e-08 1.692981340328571373e-08 1.668379296687499905e-08 1.693448762279166597e-08 1.705484633632440757e-08 1.660490130756250414e-08 1.694448538635416548e-08 1.702796304842559172e-08 1.687783292899701688e-08 1.678272075154166444e-08 1.681220522118154561e-08 1.690215928586607164e-08 1.672125237009226490e-08 1.690477148977380741e-08 1.697221387764880733e-08 1.697284767354464173e-08 1.685252418224702584e-08 1.674515042843155128e-08 1.666103512290773379e-08 1.692298641715773863e-08 1.682929338271725446e-08 1.697121298564285967e-08 1.685546133345833497e-08 1.693411374772321216e-08 1.705878266511607565e-08 1.696641174572321741e-08 1.704751706284225753e-08 1.697759038461607183e-08 1.688949558371726633e-08 1.702205513340477039e-08 1.700006512284523556e-08 1.673289731325893134e-08 1.693334763363392979e-08 1.687393362642559634e-08 1.696331172173809427e-08 0.000000000000000000e+00
1.694752575234353584e-08 1.709956212210076576e-08 1.720616883741538706e-08 1.709528154213393073e-08 1.704859872468494763e-08 1.691081148585331843e-08 1.712904464022661545e-08 1.699227917208928224e-08 1.680068898088010675e-08 1.705364673211650481e-08 1.679645147175893254e-08 1.705484633632440757e-08 1.718647641076105612e-08 1.671637923672321339e-08 1.707052983050595128e-08 1.715519735234906354e-08 1.700028286951658046e-08 1.689917002816666377e-08 1.693226509455994659e-08 1.702387310936224361e-08 1.683721849096215745e-08 1.702848179007865684e-08 1.709896480924830126e-08 1.709668991159353475e-08 1.697216997463264963e-08 1.686254719274149487e-08 1.677535519920152957e-08 1.704767699519259945e-08 1.694892000756334519e-08 1.709666030614158120e-08 1.697428652986904259e-08 1.705574225786649628e-08 1.718978833549319587e-08 1.709223450980697271e-08 1.717677546249489827e-08 1.710346207546045736e-08 1.701318839545025720e-08 1.715014131738478058e-08 1.712652101121938610e-08 1.684851150469430191e-08 1.705834452074489426e-08 1.699742029724787406e-08 1.708882888045025301e-08 0.000000000000000000e+00
1.650430894684225965e-08 1.663747860128869020e-08 1.673929394319940286e-08 1.663718871900000212e-08 1.659528434129464323e-08 1.647566277586904692e-08 1.666916260702380312e-08 1.654633149939583011e-08 1.637162765520238426e-08 1.659939536764880635e-08 1.637167389668749856e-08 1.660490130756250414e-08 1.671637923672321339e-08 1.629851973041666527e-08 1.661265565793749762e-08 1.669426791367261542e-08 1.655027497947023509e-08 1.646476616993749751e-08 1.649142099187797686e-08 1.657450392872321170e-08 1.640578961831845124e-08 1.657484270850892804e-08 1.663784811477975817e-08 1.664175984823809349e-08 1.652929069794939974e-08 1.642582422754464243e-08 1.634671017893154536e-08 1.659388445313988161e-08 1.650600507319345102e-08 1.663743538947023748e-08 1.653340389043749558e-08 1.660627532533630726e-08 1.671762184403571406e-08 1.663436672739880734e-08 1.670925808486011869e-08 1.664657786866071357e-08 1.656008401490178549e-08 1.668623807290178097e-08 1.666639235674404355e-08 1.641782655140178524e-08 1.660198943254761683e-08 1.654626545469345007e-08 1.663000711798511803e-08 0.000000000000000000e+00
1.683821147124107205e-08 1.698653095833630012e-08 1.709210820240476280e-08 1.698258769866666082e-08 1.693694895028868686e-08 1.680357378148511965e-08 1.701629050876784972e-08 1.688224749985415784e-08 1.669478567463095406e-08 1.694229864764285671e-08 1.669154224477083086e-08 1.694448538635416548e-08 1.707052983050595128e-08 1.661265565793749762e-08 1.695994958049999939e-08 1.704233087366071238e-08 1.689046791150892745e-08 1.679190719074999584e-08 1.682303819133035649e-08 1.691386859642261880e-08 1.673051568743154534e-08 1.691657120953273461e-08 1.698575976482440276e-08 1.698542103617856861e-08 1.686328445661309628e-08 1.675549915905952322e-08 1.666983027311011874e-08 1.693616776038095120e-08 1.683948279047321645e-08 1.698416339061309243e-08 1.686538197481249773e-08 1.694571517543452273e-08 1.707430725400595040e-08 1.697974173572618797e-08 1.706248930670237615e-08 1.699146741148511810e-08 1.690225892588987922e-08 1.703688281157737998e-08 1.701380917875595186e-08 1.674218978924404766e-08 1.694617698443154619e-08 1.688717407232737920e-08 1.697649557022321362e-08 0.000000000000000000e+00
1.692193967866836185e-08 1.707129533206887679e-08 1.717749105061437095e-08 1.706698572715773940e-08 1.702127416847874626e-08 1.688628169506929740e-08 1.710166743133290651e-08 1.696631886972321288e-08 1.677673401298001877e-08 1.702582328023469262e-08 1.677290353844940104e-08 1.702796304842559172e-08 1.715519735234906354e-08 1.669426791367261542e-08 1.704233087366071238e-08 1.712831968929081413e-08 1.697334139255484392e-08 1.687493417754166530e-08 1.690649109210374250e-08 1.699730426487287464e-08 1.681306881355272088e-08 1.700067178124574998e-08 1.707027157640943813e-08 1.706934519139753310e-08 1.694647846608460591e-08 1.683673909710969366e-08 1.675188396924192367e-08 1.702045001170917904e-08 1.692302388682652810e-08 1.706878536311734652e-08 1.694857775415178691e-08 1.702892707898469046e-08 1.715966404242941713e-08 1.706370371583588279e-08 1.714835861783247967e-08 1.707536334106632520e-08 1.698571791108545612e-08 1.712200356719260132e-08 1.709816221845322890e-08 1.682392013532057739e-08 1.703020267068664913e-08 1.697042619278783801e-08 1.706076822183545913e-08 0.000000000000000000e+00
1.677285526974446875e-08 1.691738393066156053e-08 1.702326048577933420e-08 1.691499816150297361e-08 1.687015994599617656e-08 1.673944182364456118e-08 1.694791151982950174e-08 1.681607365040475699e-08 1.663135202088265586e-08 1.687492303063308137e-08 1.662814848221130003e-08 1.687783292899701688e-08 1.700028286951658046e-08 1.655027497947023509e-08 1.689046791150892745e-08 1.697334139255484392e-08 1.682423332630611916e-08 1.672787720464583000e-08 1.675756492885033808e-08 1.684690417291836596e-08 1.666710117241199012e-08 1.684993250821173494e-08 1.691729202737244771e-08 1.691752942716113903e-08 1.679753854171981312e-08 1.669044978536224531e-08 1.660617376715646200e-08 1.686886996729932225e-08 1.677410012802210876e-08 1.691601034907695566e-08 1.680018801336606933e-08 1.687916228077890891e-08 1.700415829536479460e-08 1.691164078427295809e-08 1.699277457374234886e-08 1.692302279840943695e-08 1.683521654499830047e-08 1.696759626842091649e-08 1.694528472803741288e-08 1.667763191848936834e-08 1.687894834980484928e-08 1.681914241621556134e-08 1.690808211785246638e-08 0.000000000000000000e+00
1.667901121891666465e-08 1.681835345743749832e-08 1.692259609314583323e-08 1.681708541429166438e-08 1.677418415085417002e-08 1.664852087839582931e-08 1.684973605527082273e-08 1.672240561852082806e-08 1.654239209929166646e-08 1.677805559233333699e-08 1.654091193737500030e-08 1.678272075154166444e-08 1.689917002816666377e-08 1.646476616993749751e-08 1.679190719074999584e-08 1.687493417754166530e-08 1.672787720464583000e-08 1.663837937691666309e-08 1.666517673743749878e-08 1.675154708033333387e-08 1.657749537429166917e-08 1.675374949687500121e-08 1.681881322422916563e-08 1.682083034768749771e-08 1.670402276743749839e-08 1.659888740264582895e-08 1.651716071808333439e-08 1.677236033427083090e-08 1.668094508441666799e-08 1.681792254820833316e-08 1.670781908462499546e-08 1.678403282041666426e-08 1.690161125331249843e-08 1.681383479991666105e-08 1.689218654212499810e-08 1.682541363862499979e-08 1.673870746254166820e-08 1.686772170212500204e-08 1.684695398249999868e-08 1.658842717102083225e-08 1.678175250927083501e-08 1.672382975035416819e-08 1.680993344381249953e-08 0.000000000000000000e+00
1.670916313300084863e-08 1.684982569757610706e-08 1.695433819638010155e-08 1.684790719544344905e-08 1.680410957401020153e-08 1.667679458425339786e-08 1.688098466059353666e-08 1.675208571135118704e-08 1.656983482431292511e-08 1.680869859959650961e-08 1.656803989108928388e-08 1.681220522118154561e-08 1.693226509455994659e-08 1.649142099187797686e-08 1.682303819133035649e-08 1.690649109210374250e-08 1.675756492885033808e-08 1.666517673743749878e-08 1.669561984526020033e-08 1.678150069628018432e-08 1.660519536198468971e-08 1.678449954908120702e-08 1.685013549565263369e-08 1.685117196893834731e-08 1.673413311805272113e-08 1.662759802913817754e-08 1.654479656571471185e-08 1.680302056700042183e-08 1.671019298953826370e-08 1.684904846710033848e-08 1.673717052389880565e-08 1.681368550170067826e-08 1.693489992252721044e-08 1.684554140089710731e-08 1.692445687516623966e-08 1.685695422622066122e-08 1.676904907230314452e-08 1.689978906348171607e-08 1.687791436835161300e-08 1.661634432755612278e-08 1.681199259858290682e-08 1.675385257017516426e-08 1.684126292290731237e-08 0.000000000000000000e+00
1.679634686000425241e-08 1.694112711144302976e-08 1.704672092719217868e-08 1.693838582017559003e-08 1.689360903684268408e-08 1.676353804251700612e-08 1.697206452542602367e-08 1.684015813631844974e-08 1.665492187625212686e-08 1.689858374456590328e-08 1.665240090386309516e-08 1.690215928586607164e-08 1.702387310936224361e-08 1.657450392872321170e-08 1.691386859642261880e-08 1.699730426487287464e-08 1.684690417291836596e-08 1.675154708033333387e-08 1.678150069628018432e-08 1.687135239838010160e-08 1.669093203802763536e-08 1.687346975778103818e-08 1.694097136861734338e-08 1.694168347123341823e-08 1.682185349676360421e-08 1.671414727983673699e-08 1.663032636876105649e-08 1.689211054091879234e-08 1.679815050048299334e-08 1.693997304771003352e-08 1.682424507382738273e-08 1.690290056206590140e-08 1.702757756207355354e-08 1.693525232138137654e-08 1.701655833618537582e-08 1.694651259612414891e-08 1.685873443751573145e-08 1.699119538128358859e-08 1.696889913346640794e-08 1.670188955355144368e-08 1.690228353343537237e-08 1.684313636927168398e-08 1.693201296080739826e-08 0.000000000000000000e+00
1.661900874151954924e-08 1.675648872370876642e-08 1.686107265336734514e-08 1.675560591132440672e-08 1.671302867679719311e-08 1.658898057801573064e-08 1.678766309963052289e-08 1.666165498401487341e-08 1.648272326836395360e-08 1.671683222684481620e-08 1.648115568649106739e-08 1.672125237009226490e-08 1.683721849096215745e-08 1.640578961831845124e-08 1.673051568743154534e-08 1.681306881355272088e-08 1.666710117241199012e-08 1.657749537429166917e-08 1.660519536198468971e-08 1.669093203802763536e-08 1.651876513702295990e-08 1.669301107849277258e-08 1.675711883721895915e-08 1.675974929462372341e-08 1.664425958512925140e-08 1.653906047471981315e-08 1.645774175950084805e-08 1.671097774563477789e-08 1.662074665698426629e-08 1.675664436143282461e-08 1.664776955056845150e-08 1.672313069819898021e-08 1.683948165091751365e-08 1.675290137492516739e-08 1.683018908065688584e-08 1.676367663834608802e-08 1.667796171295153235e-08 1.680612228793367422e-08 1.678515608414965730e-08 1.652869093676998252e-08 1.672031583082355368e-08 1.666238898590391145e-08 1.674852809909736405e-08 0.000000000000000000e+00
1.679937262019599192e-08 1.694460788057355374e-08 1.705110719648852504e-08 1.694211791303869245e-08 1.689719782864371535e-08 1.676539443567984832e-08 1.697552051043537340e-08 1.684272271719940100e-08 1.665689060008758493e-08 1.690203530252763672e-08 1.665348875035118425e-08 1.690477148977380741e-08 1.702848179007865684e-08 1.657484270850892804e-08 1.691657120953273461e-08 1.700067178124574998e-08 1.684993250821173494e-08 1.675374949687500121e-08 1.678449954908120702e-08 1.687346975778103818e-08 1.669301107849277258e-08 1.687806932002040911e-08 1.694525710096385874e-08 1.694465963992517049e-08 1.682429504100637743e-08 1.671649714946513617e-08 1.663169996468877465e-08 1.689557721604591962e-08 1.680070985729932001e-08 1.694378075852423664e-08 1.682699287184226418e-08 1.690597287581930603e-08 1.703241381468877501e-08 1.693922385474191847e-08 1.702095668401658269e-08 1.694997576076913152e-08 1.686225809692729560e-08 1.699509824860884437e-08 1.697230468678698505e-08 1.670336943691539260e-08 1.690598656957908137e-08 1.684559591827253156e-08 1.693564145546896345e-08 0.000000000000000000e+00
1.686566803134778973e-08 1.701454643577295570e-08 1.712083485756589950e-08 1.701098914564285750e-08 1.696506548106929612e-08 1.683051813405781892e-08 1.704500345054846711e-08 1.690945414609523544e-08 1.672119924529889713e-08 1.696993935797406621e-08 1.671695694447619250e-08 1.697221387764880733e-08 1.709896480924830126e-08 1.663784811477975817e-08 1.698575976482440276e-08 1.707027157640943813e-08 1.691729202737244771e-08 1.681881322422916563e-08 1.685013549565263369e-08 1.694097136861734338e-08 1.675711883721895915e-08 1.694525710096385874e-08 1.701519501319898002e-08 1.701333265984778954e-08 1.689030966139625719e-08 1.678176468470322729e-08 1.669594090356675195e-08 1.696398066340305911e-08 1.686695427748384437e-08 1.701249995480994950e-08 1.689250352725892646e-08 1.697312461709906654e-08 1.710322308665008346e-08 1.700760922604251467e-08 1.709151488749277205e-08 1.701857409618877521e-08 1.692980079734098764e-08 1.706495059721003402e-08 1.704168981660246620e-08 1.676762904743324867e-08 1.697428006505527057e-08 1.691399009756122367e-08 1.700467844319515234e-08 0.000000000000000000e+00
1.686605946191326053e-08 1.701311346004974033e-08 1.711928760843792218e-08 1.701016364453869039e-08 1.696503806093834502e-08 1.683283226756972604e-08 1.704358326154250866e-08 1.691042200411606999e-08 1.672343538885247078e-08 1.696965740117644181e-08 1.672075575445535562e-08 1.697284767354464173e-08 1.709668991159353475e-08 1.664175984823809349e-08 1.698542103617856861e-08 1.706934519139753310e-08 1.691752942716113903e-08 1.682083034768749771e-08 1.685117196893834731e-08 1.694168347123341823e-08 1.675974929462372341e-08 1.694465963992517049e-08 1.701333265984778954e-08 1.701384044270493100e-08 1.689165507422661140e-08 1.678329013653061225e-08 1.669870883837032384e-08 1.696314050591496793e-08 1.686798003707610396e-08 1.701185856507780599e-08 1.689413645925892733e-08 1.697365433963477691e-08 1.710086671030782279e-08 1.700692163355739348e-08 1.708952349291836597e-08 1.701771511209651136e-08 1.692975995209991591e-08 1.706374973905229629e-08 1.704068828405187020e-08 1.677057775648384397e-08 1.697361969052253167e-08 1.691404289125765108e-08 1.700389117999574827e-08 0.000000000000000000e+00
1.674847430499744092e-08 1.688988341406334783e-08 1.699554076625552556e-08 1.688869611491963565e-08 1.684403711809438274e-08 1.671628990113563662e-08 1.692121808984438415e-08 1.679114696536310074e-08 1.660877955999872274e-08 1.684877882829379871e-08 1.660611311529464026e-08 1.685252418224702584e-08 1.697216997463264963e-08 1.652929069794939974e-08 1.686328445661309628e-08 1.694647846608460591e-08 1.679753854171981312e-08 1.670402276743749839e-08 1.673413311805272113e-08 1.682185349676360421e-08 1.664425958512925140e-08 1.682429504100637743e-08 1.689030966139625719e-08 1.689165507422661140e-08 1.677460864313350242e-08 1.666668483043962291e-08 1.658368638931420036e-08 1.684240489749872285e-08 1.674972322930186954e-08 1.688919465328231213e-08 1.677632757726190281e-08 1.685381961591878845e-08 1.697574049071003473e-08 1.688499265643366899e-08 1.696506400341794397e-08 1.689648609896300899e-08 1.680913214544472640e-08 1.694049792013817826e-08 1.691792590959098803e-08 1.665517141118580225e-08 1.685179718604294099e-08 1.679283497134948832e-08 1.688143894934056257e-08 0.000000000000000000e+00
1.664136899146811349e-08 1.678104442815646451e-08 1.688525059932950639e-08 1.677932245802678724e-08 1.673591753832567688e-08 1.661033347997661091e-08 1.681218532295068173e-08 1.668415782908035472e-08 1.650418445351530930e-08 1.674063088268282891e-08 1.650239245023512245e-08 1.674515042843155128e-08 1.686254719274149487e-08 1.642582422754464243e-08 1.675549915905952322e-08 1.683673909710969366e-08 1.669044978536224531e-08 1.659888740264582895e-08 1.662759802913817754e-08 1.671414727983673699e-08 1.653906047471981315e-08 1.671649714946513617e-08 1.678176468470322729e-08 1.678329013653061225e-08 1.666668483043962291e-08 1.656262977059948501e-08 1.647905229860458931e-08 1.673483716332780287e-08 1.664319731933588339e-08 1.678054247752891199e-08 1.666988061766964465e-08 1.674641021862032025e-08 1.686488297045875806e-08 1.677712950817091511e-08 1.685468083115135572e-08 1.678800640581887802e-08 1.670132526916326388e-08 1.683019897073766831e-08 1.680948017542899634e-08 1.655003469691623968e-08 1.674392190371385980e-08 1.668618192484778901e-08 1.677269836324659573e-08 0.000000000000000000e+00
1.655816791541198354e-08 1.669513069450850201e-08 1.679904028782610005e-08 1.669445942359226442e-08 1.665150144458970928e-08 1.652831837058546048e-08 1.672698411619387836e-08 1.660091852602678771e-08 1.642315090202890630e-08 1.665587855731291906e-08 1.642199505109225791e-08 1.666103512290773379e-08 1.677535519920152957e-08 1.634671017893154536e-08 1.666983027311011874e-08 1.675188396924192367e-08 1.660617376715646200e-08 1.651716071808333439e-08 1.654479656571471185e-08 1.663032636876105649e-08 1.645774175950084805e-08 1.663169996468877465e-08 1.669594090356675195e-08 1.669870883837032384e-08 1.658368638931420036e-08 1.647905229860458931e-08 1.639891588139200778e-08 1.664991274554974648e-08 1.656041291487287449e-08 1.669544796101062889e-08 1.658706382145238198e-08 1.666208752143792116e-08 1.677802186274617257e-08 1.669127352762840143e-08 1.676853493617941930e-08 1.670303520704677022e-08 1.661672079715560993e-08 1.674469306150680129e-08 1.672372050101403076e-08 1.646898351700382557e-08 1.665912319526275322e-08 1.660171685795323432e-08 1.668755368557227799e-08 0.000000000000000000e+00
1.681804981681079302e-08 1.696426373159778183e-08 1.706958499617729404e-08 1.696087045919643328e-08 1.691577813289625941e-08 1.678374020515985986e-08 1.699488060604209046e-08 1.686174483608927512e-08 1.667526272012415101e-08 1.692025249876530859e-08 1.667189443175892605e-08 1.692298641715773863e-08 1.704767699519259945e-08 1.659388445313988161e-08 1.693616776038095120e-08 1.702045001170917904e-08 1.686886996729932225e-08 1.677236033427083090e-08 1.680302056700042183e-08 1.689211054091879234e-08 1.671097774563477789e-08 1.689557721604591962e-08 1.696398066340305911e-08 1.696314050591496793e-08 1.684240489749872285e-08 1.673483716332780287e-08 1.664991274554974648e-08 1.691547091279081539e-08 1.681886626196513560e-08 1.696202667477848576e-08 1.684506619709821159e-08 1.692408929522363767e-08 1.705094620936224624e-08 1.695793286051828108e-08 1.703998710298001402e-08 1.696928566435034006e-08 1.688056288081037466e-08 1.701424106693239468e-08 1.699176250346343462e-08 1.672164731601275505e-08 1.692443433287584777e-08 1.686537952123299114e-08 1.695409257097703865e-08 0.000000000000000000e+00
1.672478351436777455e-08 1.686672724605102123e-08 1.697166925774829939e-08 1.686480220047023459e-08 1.682068200787159969e-08 1.669226348980442767e-08 1.689776977255910001e-08 1.676783900872321509e-08 1.658521186123596962e-08 1.682522867746088529e-08 1.658272848874106416e-08 1.682929338271725446e-08 1.694892000756334519e-08 1.650600507319345102e-08 1.683948279047321645e-08 1.692302388682652810e-08 1.677410012802210876e-08 1.668094508441666799e-08 1.671019298953826370e-08 1.679815050048299334e-08 1.662074665698426629e-08 1.680070985729932001e-08 1.686695427748384437e-08 1.686798003707610396e-08 1.674972322930186954e-08 1.664319731933588339e-08 1.656041291487287449e-08 1.681886626196513560e-08 1.672715220419557624e-08 1.686591941641794141e-08 1.675261648752678443e-08 1.683011054052338264e-08 1.695240045047704296e-08 1.686154605410373973e-08 1.694145245818069591e-08 1.687305197015561299e-08 1.678527242737117343e-08 1.691647259383248097e-08 1.689463944895918026e-08 1.663159665052295775e-08 1.682872011082653008e-08 1.676953023999021520e-08 1.685817635574617253e-08 0.000000000000000000e+00
1.686428522574446753e-08 1.701280707947406691e-08 1.711920465240433861e-08 1.700896794175296877e-08 1.696365562085034297e-08 1.682989612745706346e-08 1.704314649112117022e-08 1.690859701057142777e-08 1.672006644550765059e-08 1.696860016219557578e-08 1.671677198616964291e-08 1.697121298564285967e-08 1.709666030614158120e-08 1.663743538947023748e-08 1.698416339061309243e-08 1.706878536311734652e-08 1.691601034907695566e-08 1.681792254820833316e-08 1.684904846710033848e-08 1.693997304771003352e-08 1.675664436143282461e-08 1.694378075852423664e-08 1.701249995480994950e-08 1.701185856507780599e-08 1.688919465328231213e-08 1.678054247752891199e-08 1.669544796101062889e-08 1.696202667477848576e-08 1.686591941641794141e-08 1.701147523876445806e-08 1.689192044842857052e-08 1.697184016417474486e-08 1.710125196428146070e-08 1.700610011623129270e-08 1.708954853947151317e-08 1.701690989730527272e-08 1.692858287701913253e-08 1.706313376354591710e-08 1.703997241691241257e-08 1.676728868851020146e-08 1.697278368190901213e-08 1.691243109819472756e-08 1.700307434458162933e-08 0.000000000000000000e+00
1.675104589748808937e-08 1.689217201610118499e-08 1.699714925336607124e-08 1.689024380470832792e-08 1.684658396539880831e-08 1.671986878570237968e-08 1.692335891689881253e-08 1.679457680635416648e-08 1.661169054972321536e-08 1.685141356252381073e-08 1.661060792241666216e-08 1.685546133345833497e-08 1.697428652986904259e-08 1.653340389043749558e-08 1.686538197481249773e-08 1.694857775415178691e-08 1.680018801336606933e-08 1.670781908462499546e-08 1.673717052389880565e-08 1.682424507382738273e-08 1.664776955056845150e-08 1.682699287184226418e-08 1.689250352725892646e-08 1.689413645925892733e-08 1.677632757726190281e-08 1.666988061766964465e-08 1.658706382145238198e-08 1.684506619709821159e-08 1.675261648752678443e-08 1.689192044842857052e-08 1.678032327150000240e-08 1.685645847877380873e-08 1.697709368109821379e-08 1.688810318385713878e-08 1.696689484779761447e-08 1.689916720030654818e-08 1.681148655469345542e-08 1.694217406533928409e-08 1.692044124288988087e-08 1.665891238708928792e-08 1.685460510761011712e-08 1.679609284481845227e-08 1.688376415302678383e-08 0.000000000000000000e+00
1.682849276892644591e-08 1.697275630444813653e-08 1.707898189195450333e-08 1.697062075725594985e-08 1.692580651172151491e-08 1.679571340001827567e-08 1.700359217701318047e-08 1.687187589537202269e-08 1.668714402624447087e-08 1.693108086549531435e-08 1.668447573673512092e-08 1.693411374772321216e-08 1.705574225786649628e-08 1.660627532533630726e-08 1.694571517543452273e-08 1.702892707898469046e-08 1.687916228077890891e-08 1.678403282041666426e-08 1.681368550170067826e-08 1.690290056206590140e-08 1.672313069819898021e-08 1.690597287581930603e-08 1.697312461709906654e-08 1.697365433963477691e-08 1.685381961591878845e-08 1.674641021862032025e-08 1.666208752143792116e-08 1.692408929522363767e-08 1.683011054052338264e-08 1.697184016417474486e-08 1.685645847877380873e-08 1.693587170430782168e-08 1.705951738802125700e-08 1.696756392065008266e-08 1.704862168690135960e-08 1.697862401771471003e-08 1.689093245737159670e-08 1.702293859644600187e-08 1.700069095180399597e-08 1.673394967166624003e-08 1.693459076250552513e-08 1.687467791049361867e-08 1.696385616362159859e-08 0.000000000000000000e+00
1.695121203412032557e-08 1.710416259311266696e-08 1.721092267832611225e-08 1.709957793125892080e-08 1.705253572671470758e-08 1.691372633510629186e-08 1.713350346204804557e-08 1.699527117246428377e-08 1.680300033011223973e-08 1.705776375212542362e-08 1.679824495944642950e-08 1.705878266511607565e-08 1.718978833549319587e-08 1.671762184403571406e-08 1.707430725400595040e-08 1.715966404242941713e-08 1.700415829536479460e-08 1.690161125331249843e-08 1.693489992252721044e-08 1.702757756207355354e-08 1.683948165091751365e-08 1.703241381468877501e-08 1.710322308665008346e-08 1.710086671030782279e-08 1.697574049071003473e-08 1.686488297045875806e-08 1.677802186274617257e-08 1.705094620936224624e-08 1.695240045047704296e-08 1.710125196428146070e-08 1.697709368109821379e-08 1.705951738802125700e-08 1.719615957760033797e-08 1.709560784873256533e-08 1.718206409109608910e-08 1.710732745271343191e-08 1.701717312759311076e-08 1.715511928409013092e-08 1.713030639311819505e-08 1.685036477837882475e-08 1.706201219399192063e-08 1.700023480149489612e-08 1.709347888892644552e-08 0.000000000000000000e+00
1.686027994228655981e-08 1.700790892635586185e-08 1.711383675869855885e-08 1.700378508788095426e-08 1.695866354006377510e-08 1.682600886389625206e-08 1.703815550043877469e-08 1.690448446843452407e-08 1.671599195355994929e-08 1.696397538762925023e-08 1.671328155831844431e-08 1.696641174572321741e-08 1.709223450980697271e-08 1.663436672739880734e-08 1.697974173572618797e-08 1.706370371583588279e-08 1.691164078427295809e-08 1.681383479991666105e-08 1.684554140089710731e-08 1.693525232138137654e-08 1.675290137492516739e-08 1.693922385474191847e-08 1.700760922604251467e-08 1.700692163355739348e-08 1.688499265643366899e-08 1.677712950817091511e-08 1.669127352762840143e-08 1.695793286051828108e-08 1.686154605410373973e-08 1.700610011623129270e-08 1.688810318385713878e-08 1.696756392065008266e-08 1.709560784873256533e-08 1.700259549324234655e-08 1.708415536739838268e-08 1.701270373844685332e-08 1.692379836101445343e-08 1.705807777725552550e-08 1.703524164416113896e-08 1.676355719139243289e-08 1.696794269964838544e-08 1.690830772686564383e-08 1.699803127080611889e-08 0.000000000000000000e+00
1.694050361825170370e-08 1.709221148315219841e-08 1.719910501811437305e-08 1.708748886919940521e-08 1.704104158220790773e-08 1.690404054584013439e-08 1.712194740212456956e-08 1.698457731278570969e-08 1.679327441543835173e-08 1.704606966215135510e-08 1.678887643984523978e-08 1.704751706284225753e-08 1.717677546249489827e-08 1.670925808486011869e-08 1.706248930670237615e-08 1.714835861783247967e-08 1.699277457374234886e-08 1.689218654212499810e-08 1.692445687516623966e-08 1.701655833618537582e-08 1.683018908065688584e-08 1.702095668401658269e-08 1.709151488749277205e-08 1.708952349291836597e-08 1.696506400341794397e-08 1.685468083115135572e-08 1.676853493617941930e-08 1.703998710298001402e-08 1.694145245818069591e-08 1.708954853947151317e-08 1.696689484779761447e-08 1.704862168690135960e-08 1.718206409109608910e-08 1.708415536739838268e-08 1.717041378866581618e-08 1.709517842725382358e-08 1.700570734791879247e-08 1.714301698160926582e-08 1.711873108314073028e-08 1.684068506394557832e-08 1.705070438143664763e-08 1.698955706851700763e-08 1.708189382550212677e-08 0.000000000000000000e+00
1.687208482849234972e-08 1.701915691521087915e-08 1.712455560587074245e-08 1.701568890809226498e-08 1.696998532180399063e-08 1.683683635321939730e-08 1.704971163384566097e-08 1.691566079302678320e-08 1.672817378426701329e-08 1.697539922500637765e-08 1.672521459417559446e-08 1.697759038461607183e-08 1.710346207546045736e-08 1.664657786866071357e-08 1.699146741148511810e-08 1.707536334106632520e-08 1.692302279840943695e-08 1.682541363862499979e-08 1.685695422622066122e-08 1.694651259612414891e-08 1.676367663834608802e-08 1.694997576076913152e-08 1.701857409618877521e-08 1.701771511209651136e-08 1.689648609896300899e-08 1.678800640581887802e-08 1.670303520704677022e-08 1.696928566435034006e-08 1.687305197015561299e-08 1.701690989730527272e-08 1.689916720030654818e-08 1.697862401771471003e-08 1.710732745271343191e-08 1.701270373844685332e-08 1.709517842725382358e-08 1.702541683332652696e-08 1.693480366260501514e-08 1.706958749974787454e-08 1.704647846358545926e-08 1.677582578128656548e-08 1.697883505442049015e-08 1.691949260148596944e-08 1.700921041993834945e-08 0.000000000000000000e+00
