2.1046e-11 5.4857e-12 1.1546e-12 2.0947e-12 6.5815e-12 4.716e-12 3.8877e-12 2.3232e-12 2.7487e-12 6.3615e-12 4.5128e-12 6.2328e-12 3.3207e-12 6.0829e-12 8.2405e-12 5.9101e-12 4.6356e-12 9.9497e-13 2.4715e-12 2.1189e-12 5.0868e-12 4.3463e-12 5.5775e-12 4.0109e-12 2.0645e-12 -3.0445e-13 6.5674e-13 7.4793e-13 -6.6169e-13 3.1468e-13 2.0839e-12 1.0223e-12 1.0478e-12 -1.5191e-12 1.4589e-12 1.3702e-12 9.774e-13 2.7396e-12 -1.7568e-13 -2.1562e-13 3.656e-13 -1.0989e-12 -1.2126e-12 5.2079e-14 1.3359e-12 1.8727e-13 -1.373e-13 1.0849e-14 -8.4201e-14 -4.4711e-13 -1.431e-13 2.2394e-15
5.4857e-12 2.7807e-11 6.4973e-13 6.9031e-14 3.5024e-12 1.5763e-12 6.0196e-12 4.8841e-12 1.4506e-11 3.0808e-12 1.9481e-12 5.2135e-12 2.3796e-12 7.5448e-12 9.8073e-12 -1.2764e-12 3.376e-12 -1.5695e-12 -1.073e-12 5.4869e-12 2.0074e-12 -5.1844e-14 5.6635e-12 -1.2858e-13 2.2621e-12 6.6725e-13 5.4178e-13 2.4358e-12 2.1545e-12 1.9877e-12 2.0498e-12 1.7784e-12 -1.7948e-12 8.7855e-13 5.4434e-13 1.704e-12 7.641e-13 1.9292e-12 6.6082e-13 3.813e-13 -6.7054e-16 -2.6038e-12 -3.3454e-13 -1.1312e-12 1.1557e-12 -3.005e-13 -5.5916e-13 -2.0007e-13 -2.4696e-14 -3.6537e-13 -1.6977e-13 -1.0609e-14
1.1546e-12 6.4973e-13 1.65e-11 -2.8493e-12 4.8087e-12 1.3784e-12 5.8664e-12 1.8216e-12 6.1728e-12 2.6177e-12 -1.9712e-13 -9.6838e-14 3.6708e-12 -2.0394e-12 3.2788e-12 -1.7971e-12 1.6974e-12 -7.3745e-13 -8.3158e-13 -1.1478e-13 1.9686e-12 1.5698e-12 -5.4444e-13 4.4896e-12 9.4609e-13 -5.3084e-14 4.993e-13 1.0069e-12 -7.3793e-13 -8.3953e-13 -3.7471e-13 -1.7139e-12 -2.1219e-12 -1.5276e-12 8.1713e-13 1.2486e-12 -3.2259e-13 -7.6529e-13 3.0254e-14 1.3353e-12 -7.2255e-13 1.8147e-13 9.1381e-13 1.5514e-12 -1.1136e-13 1.7336e-13 -1.4476e-13 5.2223e-13 1.1381e-13 -2.958e-14 -6.1432e-14 -3.4727e-15
2.0947e-12 6.9031e-14 -2.8493e-12 1.7881e-11 5.4483e-12 -9.1435e-13 6.112e-12 -2.0368e-12 -4.0974e-12 4.3877e-12 1.0008e-11 3.7088e-12 2.5733e-13 4.8386e-12 1.5713e-13 4.8048e-12 -1.937e-12 1.9287e-12 3.9859e-12 2.8878e-12 1.6101e-12 1.5636e-12 -6.6543e-13 6.6874e-13 1.195e-12 8.2524e-13 -6.7761e-13 7.1429e-13 1.5313e-12 1.1369e-12 -1.3676e-13 2.256e-12 1.0416e-12 1.3653e-12 2.1666e-12 -1.5908e-13 1.39e-12 1.1109e-12 -1.5675e-12 3.4533e-13 1.2439e-12 1.7856e-12 4.587e-13 3.7597e-14 5.4124e-13 1.1408e-12 -2.6583e-13 6.4976e-14 3.8376e-13 -2.2716e-13 -1.4927e-13 6.2661e-15
6.5815e-12 3.5024e-12 4.8087e-12 5.4483e-12 2.2087e-11 1.6894e-12 1.1961e-11 3.9997e-12 2.3249e-12 7.1168e-12 7.3204e-12 1.2712e-12 6.6898e-12 6.1394e-12 5.8833e-12 -3.3837e-13 1.0044e-12 3.5004e-12 3.8162e-13 2.9577e-12 3.6373e-12 2.007e-12 3.0467e-12 6.8727e-12 1.3575e-12 1.2077e-12 1.462e-12 3.0103e-12 1.5501e-12 -1.8637e-12 -7.8365e-13 1.8176e-12 1.7999e-12 -1.1272e-12 1.3956e-12 2.9272e-14 -1.8072e-12 5.9646e-13 -2.2104e-13 1.1616e-12 9.6707e-13 3.91e-13 1.1644e-12 7.8094e-13 3.0183e-13 3.4041e-13 2.4365e-13 -2.4878e-13 -4.2819e-14 -3.4822e-13 -1.6068e-13 8.5785e-16
4.716e-12 1.5763e-12 1.3784e-12 -9.1435e-13 1.6894e-12 1.7032e-11 1.1186e-12 -9.2567e-13 2.4634e-12 5.7231e-12 1.384e-12 7.1984e-12 5.8701e-12 4.4143e-13 1.4141e-12 5.0772e-12 1.0844e-12 1.1688e-12 4.0788e-12 1.2244e-12 -1.2423e-12 2.9431e-12 2.7714e-12 -4.5195e-13 3.0489e-12 -1.1338e-12 3.7687e-13 1.1588e-12 2.505e-12 1.5998e-12 2.7989e-12 5.2344e-13 2.2894e-12 6.4585e-13 1.2912e-12 6.9515e-13 -5.3125e-13 6.1347e-13 -1.4892e-12 5.6477e-13 -5.7635e-14 -2.3744e-12 3.4833e-13 1.0306e-13 3.184e-13 -6.9558e-13 -2.1097e-13 3.5086e-13 -3.2988e-13 2.0671e-14 2.2163e-13 4.2493e-15
3.8877e-12 6.0196e-12 5.8664e-12 6.112e-12 1.1961e-11 1.1186e-12 2.9422e-11 4.5251e-12 8.1907e-12 1.0527e-11 4.4996e-12 3.1258e-12 6.2837e-12 6.0311e-12 5.9443e-12 4.8827e-12 4.1385e-12 2.8038e-12 1.0111e-12 3.183e-12 6.1604e-12 3.6911e-12 2.3674e-12 4.8233e-12 3.6602e-12 1.3308e-12 2.2442e-14 2.9705e-12 2.9421e-12 2.4976e-12 1.5235e-12 1.5326e-12 -1.7767e-12 1.2573e-12 1.9451e-12 2.384e-12 -1.2435e-12 1.7489e-12 1.3628e-13 1.4365e-12 4.6421e-13 1.2339e-12 -1.6723e-14 -8.8519e-13 -5.3826e-15 3.4282e-13 -9.0808e-13 -2.725e-13 2.1572e-13 -4.3409e-13 -3.9594e-13 -1.7336e-15
2.3232e-12 4.8841e-12 1.8216e-12 -2.0368e-12 3.9997e-12 -9.2567e-13 4.5251e-12 1.2884e-11 3.3689e-12 1.5892e-12 2.3013e-12 -1.8348e-12 3.2382e-12 2.7987e-12 2.801e-12 1.6078e-13 1.215e-12 1.4323e-12 -1.6324e-12 9.5112e-13 6.4022e-13 1.5797e-12 2.6322e-12 2.8227e-13 2.8567e-12 1.4842e-12 -1.3646e-12 -4.9818e-13 7.6661e-13 2.7342e-13 1.7602e-12 1.0415e-12 -4.7941e-13 -1.1202e-12 -7.4168e-13 -5.4547e-14 -1.1645e-12 -5.6824e-14 -1.5912e-13 -3.5693e-13 -2.7187e-13 -4.902e-15 6.1153e-13 1.3009e-13 7.6504e-14 3.2965e-13 -2.0759e-13 5.1284e-13 4.5753e-13 -1.8006e-13 -1.6551e-13 3.6314e-15
2.7487e-12 1.4506e-11 6.1728e-12 -4.0974e-12 2.3249e-12 2.4634e-12 8.1907e-12 3.3689e-12 2.9082e-11 -3.2994e-12 1.0448e-12 3.8702e-12 4.1457e-12 1.8161e-12 7.703e-12 -2.5775e-13 4.808e-12 2.5256e-12 -2.6426e-12 -1.5471e-12 2.1706e-12 -4.3472e-14 2.6328e-12 2.1463e-12 5.5304e-12 -9.6084e-13 1.5284e-12 9.844e-13 7.8698e-13 3.6323e-12 1.8735e-12 7.0366e-13 -1.7499e-12 -9.8198e-13 -4.0147e-13 1.6664e-12 5.4391e-15 1.1083e-13 8.5519e-13 1.3202e-12 -6.7921e-13 -2.553e-12 7.3392e-13 -2.6237e-12 5.0302e-13 -1.2614e-12 -3.2669e-13 4.7803e-13 2.7491e-13 -3.897e-13 8.9624e-14 -1.5239e-14
6.3615e-12 3.0808e-12 2.6177e-12 4.3877e-12 7.1168e-12 5.7231e-12 1.0527e-11 1.5892e-12 -3.2994e-12 1.7276e-11 4.325e-12 3.7382e-12 5.0298e-12 3.591e-12 4.8258e-12 5.1197e-12 4.2081e-12 2.9466e-12 5.0321e-12 2.0609e-12 2.1834e-12 3.7053e-12 3.6559e-12 3.8177e-12 2.5354e-12 1.6054e-12 7.4252e-13 4.253e-12 2.1347e-12 -9.0157e-13 2.24e-12 -6.1348e-13 1.1093e-12 3.1508e-13 1.1366e-12 2.2735e-12 -9.8231e-13 1.0042e-12 -4.0714e-13 1.0283e-12 5.7836e-13 -7.7552e-13 -9.4555e-13 7.7539e-13 4.7298e-13 2.9483e-13 -5.8207e-13 -2.6529e-13 -1.691e-13 -1.5211e-13 -1.8168e-13 7.7724e-15
4.5128e-12 1.9481e-12 -1.9712e-13 1.0008e-11 7.3204e-12 1.384e-12 4.4996e-12 2.3013e-12 1.0448e-12 4.325e-12 1.7914e-11 5.0941e-12 5.4354e-12 2.6962e-12 4.7655e-12 4.5686e-12 1.9282e-12 5.9215e-12 3.3992e-12 3.4993e-12 1.1499e-12 1.1393e-12 3.3872e-12 -4.3643e-14 1.9454e-12 1.9714e-12 9.2386e-14 1.4912e-12 6.5532e-13 1.0155e-12 1.2282e-12 1.6622e-12 -2.1439e-13 -1.396e-12 -1.877e-13 5.6946e-13 -1.3959e-13 7.514e-13 -2.0456e-12 9.307e-14 8.0272e-13 9.3317e-14 1.2615e-12 -5.7902e-13 6.3247e-13 4.0237e-13 9.1819e-15 2.1721e-13 5.1431e-13 -3.3375e-13 -1.434e-13 1.0042e-15
6.2328e-12 5.2135e-12 -9.6838e-14 3.7088e-12 1.2712e-12 7.1984e-12 3.1258e-12 -1.8348e-12 3.8702e-12 3.7382e-12 5.0941e-12 1.9953e-11 3.6301e-12 3.3658e-12 5.9066e-12 4.626e-12 1.9659e-12 -1.3381e-12 4.1341e-12 2.2712e-12 3.6245e-12 3.2607e-13 3.4687e-12 1.8836e-12 3.9782e-12 6.2835e-13 -1.5676e-12 2.285e-12 1.2543e-12 3.7378e-12 2.7516e-12 1.1502e-12 4.2228e-13 9.9548e-13 4.1279e-13 -1.8916e-13 -1.8333e-13 3.7358e-12 6.6286e-13 5.9919e-13 2.7532e-14 -1.0514e-12 7.0589e-13 -8.0666e-13 3.27e-13 -1.9096e-13 -9.2879e-13 -3.0619e-13 4.7201e-14 3.7163e-15 -5.0274e-14 6.2939e-15
3.3207e-12 2.3796e-12 3.6708e-12 2.5733e-13 6.6898e-12 5.8701e-12 6.2837e-12 3.2382e-12 4.1457e-12 5.0298e-12 5.4354e-12 3.6301e-12 1.441e-11 4.4741e-12 4.7851e-12 4.2108e-12 3.0093e-12 2.1979e-12 1.718e-12 3.021e-12 1.764e-12 8.1552e-13 1.7612e-12 2.1423e-12 2.6819e-12 6.5545e-13 1.4216e-12 7.2878e-13 4.1792e-13 1.3115e-12 2.2257e-12 -1.1605e-12 -6.9073e-13 6.9414e-13 -8.4007e-13 8.454e-13 -1.3862e-12 -5.332e-13 -8.7125e-13 -2.4783e-13 5.3233e-14 -1.6799e-12 9.0149e-13 1.0296e-12 -9.2479e-14 2.5292e-13 -1.2159e-13 -2.3942e-14 1.587e-13 -9.8862e-14 1.1941e-14 7.7714e-15
6.0829e-12 7.5448e-12 -2.0394e-12 4.8386e-12 6.1394e-12 4.4143e-13 6.0311e-12 2.7987e-12 1.8161e-12 3.591e-12 2.6962e-12 3.3658e-12 4.4741e-12 1.762e-11 5.4474e-12 2.9581e-12 -1.844e-12 -2.1459e-13 -2.3505e-12 2.5697e-12 2.7484e-12 3.7855e-12 3.6387e-12 3.5999e-12 3.3804e-13 1.1487e-12 2.7942e-13 4.4728e-13 1.1585e-12 -3.8776e-13 2.9838e-12 9.6438e-13 -8.989e-13 7.7598e-13 4.1889e-13 1.7794e-12 -5.0915e-13 2.5437e-12 -2.2866e-13 4.7697e-14 -3.1076e-13 -2.5833e-13 -5.6274e-13 -4.7337e-13 7.637e-14 7.5593e-13 -1.946e-13 -3.5815e-14 -7.5279e-14 -3.8299e-13 -6.0237e-15 5.5112e-15
8.2405e-12 9.8073e-12 3.2788e-12 1.5713e-13 5.8833e-12 1.4141e-12 5.9443e-12 2.801e-12 7.703e-12 4.8258e-12 4.7655e-12 5.9066e-12 4.7851e-12 5.4474e-12 1.7784e-11 4.2677e-12 5.785e-12 1.9557e-12 -1.2425e-12 4.1264e-12 5.2069e-12 3.6286e-12 2.1114e-12 4.6376e-12 1.4188e-12 -9.2417e-13 9.713e-13 3.5451e-12 1.1129e-12 1.5256e-12 1.2557e-12 -1.9354e-13 -6.8944e-13 -1.2757e-12 7.281e-13 2.2084e-12 5.0113e-13 7.5938e-13 -1.2264e-12 -5.801e-13 1.6782e-14 -6.7799e-13 6.4105e-13 1.5323e-13 1.834e-12 -1.8807e-13 -3.3531e-13 -1.0176e-13 -2.6013e-13 -1.7238e-13 -1.4927e-13 -1.083e-14
5.9101e-12 -1.2764e-12 -1.7971e-12 4.8048e-12 -3.3837e-13 5.0772e-12 4.8827e-12 1.6078e-13 -2.5775e-13 5.1197e-12 4.5686e-12 4.626e-12 4.2108e-12 2.9581e-12 4.2677e-12 1.5057e-11 3.0332e-12 1.4375e-12 2.2522e-12 3.759e-12 2.798e-12 2.6185e-12 1.2249e-12 2.7504e-12 1.6814e-12 -2.7749e-12 1.4837e-12 4.7466e-13 7.6033e-13 3.1827e-12 1.8868e-12 5.0033e-14 -5.1388e-13 1.4528e-12 4.4108e-13 2.883e-12 -1.4012e-13 1.1075e-12 -1.9318e-12 -1.1261e-12 -6.5932e-13 -8.2195e-14 -1.1046e-12 2.3043e-13 5.0535e-13 6.3865e-13 -8.9783e-13 -1.6131e-13 3.4601e-13 -1.7106e-13 -6.8342e-14 1.0482e-14
4.6356e-12 3.376e-12 1.6974e-12 -1.937e-12 1.0044e-12 1.0844e-12 4.1385e-12 1.215e-12 4.808e-12 4.2081e-12 1.9282e-12 1.9659e-12 3.0093e-12 -1.844e-12 5.785e-12 3.0332e-12 1.1164e-11 2.1011e-12 1.9688e-12 3.2218e-12 1.7447e-12 7.1027e-13 1.7382e-12 2.1898e-12 2.3794e-12 1.7284e-12 5.6531e-13 1.9796e-12 1.0347e-12 1.4118e-12 -4.7813e-13 -1.7511e-12 -1.0652e-12 -1.1617e-12 -2.1745e-13 6.4569e-13 6.0116e-13 1.0134e-12 4.511e-13 4.7022e-13 -1.2046e-12 -7.0661e-13 3.7499e-13 3.1965e-13 8.2264e-13 2.6254e-14 1.4501e-13 3.6385e-14 1.7551e-13 -1.4509e-13 -2.81e-14 -7.1444e-15
9.9497e-13 -1.5695e-12 -7.3745e-13 1.9287e-12 3.5004e-12 1.1688e-12 2.8038e-12 1.4323e-12 2.5256e-12 2.9466e-12 5.9215e-12 -1.3381e-12 2.1979e-12 -2.1459e-13 1.9557e-12 1.4375e-12 2.1011e-12 9.5517e-12 1.2158e-12 -2.5842e-13 -6.1202e-13 1.7466e-12 1.2581e-13 1.0765e-12 -1.2743e-12 -3.0222e-13 -4.2198e-13 -1.1841e-13 -1.2221e-12 1.0434e-12 6.3775e-13 2.0153e-13 2.9825e-13 -1.1456e-12 1.2957e-12 3.9625e-13 -4.5749e-13 -5.9995e-13 -7.1916e-13 3.9883e-13 1.4788e-13 9.5153e-14 6.3259e-13 -4.8703e-13 7.8795e-14 -5.255e-13 9.5513e-14 4.4567e-13 1.2669e-13 -6.3993e-14 -1.4599e-13 -6.1797e-15
2.4715e-12 -1.073e-12 -8.3158e-13 3.9859e-12 3.8162e-13 4.0788e-12 1.0111e-12 -1.6324e-12 -2.6426e-12 5.0321e-12 3.3992e-12 4.1341e-12 1.718e-12 -2.3505e-12 -1.2425e-12 2.2522e-12 1.9688e-12 1.2158e-12 1.3039e-11 1.3453e-12 -8.7148e-13 6.8901e-13 1.5233e-12 -7.3569e-13 4.3868e-13 1.6414e-12 -8.3051e-13 2.3642e-12 3.318e-13 1.1369e-12 1.0852e-13 7.4624e-13 1.8553e-12 2.4332e-12 1.3537e-13 -2.4739e-13 -1.0761e-13 -3.0796e-13 -2.5334e-13 4.1351e-13 9.5379e-14 -1.0246e-12 -1.6378e-12 7.5529e-13 -2.9764e-13 2.3564e-13 1.5229e-13 1.8406e-13 1.0755e-14 -5.9885e-14 -5.0743e-14 4.7436e-15
2.1189e-12 5.4869e-12 -1.1478e-13 2.8878e-12 2.9577e-12 1.2244e-12 3.183e-12 9.5112e-13 -1.5471e-12 2.0609e-12 3.4993e-12 2.2712e-12 3.021e-12 2.5697e-12 4.1264e-12 3.759e-12 3.2218e-12 -2.5842e-13 1.3453e-12 9.8881e-12 5.2509e-13 1.6607e-12 1.1709e-12 2.082e-12 -1.8052e-12 6.538e-13 6.0023e-13 -1.6091e-12 9.8754e-13 5.0055e-15 1.6486e-13 9.8899e-13 -1.5588e-12 8.5586e-13 -1.0676e-13 7.1258e-13 8.6076e-13 1.6718e-12 -7.5006e-13 -1.8883e-13 -2.5642e-13 -6.4089e-13 -1.8354e-13 1.4212e-12 4.0739e-13 7.3313e-13 -1.534e-13 -4.2075e-13 2.3828e-13 -2.0839e-14 -1.5668e-13 4.032e-15
5.0868e-12 2.0074e-12 1.9686e-12 1.6101e-12 3.6373e-12 -1.2423e-12 6.1604e-12 6.4022e-13 2.1706e-12 2.1834e-12 1.1499e-12 3.6245e-12 1.764e-12 2.7484e-12 5.2069e-12 2.798e-12 1.7447e-12 -6.1202e-13 -8.7148e-13 5.2509e-13 8.3709e-12 2.046e-12 1.3758e-12 2.6783e-12 4.9935e-13 -2.1659e-13 -2.1945e-13 1.0194e-12 1.2004e-12 3.1135e-12 -1.4575e-13 3.9127e-13 -4.6629e-13 7.1778e-13 1.5261e-12 1.3583e-12 8.9204e-13 1.5655e-12 -4.9685e-13 -2.9981e-13 -2.7701e-13 8.7174e-13 -2.9239e-13 -9.4066e-14 3.1906e-13 2.9925e-13 -4.2678e-13 -2.6137e-13 -6.3996e-14 -1.0478e-13 -9.2029e-14 -1.5543e-15
4.3463e-12 -5.1844e-14 1.5698e-12 1.5636e-12 2.007e-12 2.9431e-12 3.6911e-12 1.5797e-12 -4.3472e-14 3.7053e-12 1.1393e-12 3.2607e-13 8.1552e-13 3.7855e-12 3.6286e-12 2.6185e-12 7.1027e-13 1.7466e-12 6.8901e-13 1.6607e-12 2.046e-12 8.3874e-12 8.6968e-13 1.9537e-12 -1.3872e-12 -1.1472e-12 2.2538e-13 -3.2629e-13 4.1565e-13 -3.3561e-13 3.7693e-13 -3.0372e-13 -2.4435e-13 2.2212e-13 1.0548e-12 1.0536e-12 6.1168e-15 1.761e-12 -9.7795e-13 4.4115e-13 2.6652e-13 -7.4729e-15 -3.4431e-13 5.0413e-13 -1.0163e-13 4.4024e-14 1.47e-13 2.9607e-13 -5.9596e-14 -1.305e-13 3.081e-15 -2.9805e-15
5.5775e-12 5.6635e-12 -5.4444e-13 -6.6543e-13 3.0467e-12 2.7714e-12 2.3674e-12 2.6322e-12 2.6328e-12 3.6559e-12 3.3872e-12 3.4687e-12 1.7612e-12 3.6387e-12 2.1114e-12 1.2249e-12 1.7382e-12 1.2581e-13 1.5233e-12 1.1709e-12 1.3758e-12 8.6968e-13 7.9864e-12 5.8305e-13 2.2596e-12 1.4734e-12 3.9784e-14 2.0145e-13 9.5367e-13 -1.5121e-13 1.4244e-12 1.4683e-12 3.3153e-13 5.2919e-13 4.9491e-13 9.7578e-13 -6.6654e-13 7.6949e-13 2.3286e-13 -5.4801e-13 3.4552e-13 -8.8497e-13 -1.1381e-12 -8.4551e-13 3.0637e-13 -4.787e-14 9.9704e-14 -1.1709e-13 -1.5848e-13 -8.7573e-14 -2.0186e-14 2.1767e-15
4.0109e-12 -1.2858e-13 4.4896e-12 6.6874e-13 6.8727e-12 -4.5195e-13 4.8233e-12 2.8227e-13 2.1463e-12 3.8177e-12 -4.3643e-14 1.8836e-12 2.1423e-12 3.5999e-12 4.6376e-12 2.7504e-12 2.1898e-12 1.0765e-12 -7.3569e-13 2.082e-12 2.6783e-12 1.9537e-12 5.8305e-13 9.6134e-12 -6.938e-15 -1.142e-13 3.5961e-13 1.1096e-12 -4.7066e-13 -1.1067e-12 -2.3284e-13 -1.3091e-12 -1.1138e-13 -9.1551e-13 7.8942e-13 8.0631e-13 7.4921e-13 1.3033e-12 -3.0193e-14 1.3497e-12 -3.5741e-13 1.3976e-13 -5.4365e-14 9.5634e-13 -1.2504e-14 5.5759e-13 -1.2428e-13 -2.4096e-13 -2.7526e-14 -4.6799e-14 -1.2799e-13 8.5486e-16
2.0645e-12 2.2621e-12 9.4609e-13 1.195e-12 1.3575e-12 3.0489e-12 3.6602e-12 2.8567e-12 5.5304e-12 2.5354e-12 1.9454e-12 3.9782e-12 2.6819e-12 3.3804e-13 1.4188e-12 1.6814e-12 2.3794e-12 -1.2743e-12 4.3868e-13 -1.8052e-12 4.9935e-13 -1.3872e-12 2.2596e-12 -6.938e-15 9.0265e-12 1.7096e-12 -2.6252e-13 1.3777e-12 1.9231e-12 2.1705e-13 6.7792e-13 5.5604e-13 4.445e-13 -1.7119e-12 -4.6443e-13 5.5702e-13 3.2388e-13 -7.3547e-13 -6.8046e-13 1.9588e-13 3.3275e-13 -6.4356e-13 3.3461e-13 -5.0703e-13 4.687e-13 3.1192e-13 -2.8267e-13 4.537e-13 1.0301e-13 -1.4653e-13 7.1175e-14 3.6596e-15
-3.0445e-13 6.6725e-13 -5.3084e-14 8.2524e-13 1.2077e-12 -1.1338e-12 1.3308e-12 1.4842e-12 -9.6084e-13 1.6054e-12 1.9714e-12 6.2835e-13 6.5545e-13 1.1487e-12 -9.2417e-13 -2.7749e-12 1.7284e-12 -3.0222e-13 1.6414e-12 6.538e-13 -2.1659e-13 -1.1472e-12 1.4734e-12 -1.142e-13 1.7096e-12 5.0901e-12 -1.0811e-12 4.125e-13 4.873e-13 -8.9488e-13 -8.6357e-14 5.6872e-13 4.0578e-13 -7.0279e-13 -4.3776e-13 -8.9257e-13 8.7094e-13 5.4736e-13 -1.4247e-15 7.1625e-13 2.1121e-13 -5.6285e-13 5.3496e-13 1.0533e-13 -3.555e-13 1.6136e-13 3.9905e-13 -9.0815e-14 1.8076e-13 6.0186e-14 -4.3453e-14 -1.1743e-15
6.5674e-13 5.4178e-13 4.993e-13 -6.7761e-13 1.462e-12 3.7687e-13 2.2442e-14 -1.3646e-12 1.5284e-12 7.4252e-13 9.2386e-14 -1.5676e-12 1.4216e-12 2.7942e-13 9.713e-13 1.4837e-12 5.6531e-13 -4.2198e-13 -8.3051e-13 6.0023e-13 -2.1945e-13 2.2538e-13 3.9784e-14 3.5961e-13 -2.6252e-13 -1.0811e-12 3.6939e-12 6.0988e-13 -3.9601e-14 -8.5488e-13 -7.969e-14 -2.7009e-13 -7.5055e-15 -2.2088e-13 -7.7772e-13 2.6765e-13 -1.3805e-12 -2.7664e-13 9.5171e-14 -2.983e-13 -3.0563e-13 -6.6914e-13 -2.5783e-13 -5.5045e-13 -2.0908e-14 5.2379e-14 -3.2397e-13 -4.344e-13 -9.6059e-14 -3.9443e-14 2.2163e-14 -1.1849e-15
7.4793e-13 2.4358e-12 1.0069e-12 7.1429e-13 3.0103e-12 1.1588e-12 2.9705e-12 -4.9818e-13 9.844e-13 4.253e-12 1.4912e-12 2.285e-12 7.2878e-13 4.4728e-13 3.5451e-12 4.7466e-13 1.9796e-12 -1.1841e-13 2.3642e-12 -1.6091e-12 1.0194e-12 -3.2629e-13 2.0145e-13 1.1096e-12 1.3777e-12 4.125e-13 6.0988e-13 6.7658e-12 9.023e-13 -5.6074e-14 -6.1969e-13 -1.8366e-13 9.7123e-13 -4.0655e-13 4.9734e-15 -1.4623e-13 -1.1486e-12 7.2814e-13 2.4215e-13 6.0284e-13 -3.9508e-13 -5.6728e-13 6.9422e-13 -5.4409e-13 1.2783e-13 3.401e-14 -1.0531e-13 -1.5177e-15 -2.6956e-13 -7.9042e-14 1.7617e-14 -3.9688e-15
-6.6169e-13 2.1545e-12 -7.3793e-13 1.5313e-12 1.5501e-12 2.505e-12 2.9421e-12 7.6661e-13 7.8698e-13 2.1347e-12 6.5532e-13 1.2543e-12 4.1792e-13 1.1585e-12 1.1129e-12 7.6033e-13 1.0347e-12 -1.2221e-12 3.318e-13 9.8754e-13 1.2004e-12 4.1565e-13 9.5367e-13 -4.7066e-13 1.9231e-12 4.873e-13 -3.9601e-14 9.023e-13 6.0122e-12 1.6982e-12 6.0298e-13 7.5319e-13 4.4318e-13 -2.1487e-13 5.1655e-13 7.8665e-13 -4.3634e-14 7.8477e-13 -6.1447e-13 3.4669e-13 -1.7298e-13 2.7608e-13 1.5454e-13 -3.8251e-13 4.7318e-13 3.2484e-13 -3.6998e-13 1.5567e-13 -3.2873e-13 -8.6302e-14 1.0167e-13 4.4713e-15
3.1468e-13 1.9877e-12 -8.3953e-13 1.1369e-12 -1.8637e-12 1.5998e-12 2.4976e-12 2.7342e-13 3.6323e-12 -9.0157e-13 1.0155e-12 3.7378e-12 1.3115e-12 -3.8776e-13 1.5256e-12 3.1827e-12 1.4118e-12 1.0434e-12 1.1369e-12 5.0055e-15 3.1135e-12 -3.3561e-13 -1.5121e-13 -1.1067e-12 2.1705e-13 -8.9488e-13 -8.5488e-13 -5.6074e-14 1.6982e-12 6.4601e-12 1.1402e-12 9.2556e-13 2.1184e-13 1.4329e-12 1.016e-12 9.7883e-13 -1.9473e-13 1.526e-13 -2.4838e-13 -2.5749e-13 -1.3126e-13 5.765e-13 -1.4389e-13 -1.1192e-12 2.7866e-13 -9.7308e-14 -6.0733e-13 4.0661e-14 4.3067e-14 -1.1294e-13 -4.3343e-14 -1.6338e-15
2.0839e-12 2.0498e-12 -3.7471e-13 -1.3676e-13 -7.8365e-13 2.7989e-12 1.5235e-12 1.7602e-12 1.8735e-12 2.24e-12 1.2282e-12 2.7516e-12 2.2257e-12 2.9838e-12 1.2557e-12 1.8868e-12 -4.7813e-13 6.3775e-13 1.0852e-13 1.6486e-13 -1.4575e-13 3.7693e-13 1.4244e-12 -2.3284e-13 6.7792e-13 -8.6357e-14 -7.969e-14 -6.1969e-13 6.0298e-13 1.1402e-12 3.6471e-12 5.5722e-13 -4.9502e-13 2.8205e-14 -1.6452e-13 8.1286e-13 -2.4189e-13 2.7671e-13 2.4274e-13 -2.4162e-13 -3.9736e-13 -6.3197e-13 -3.756e-13 -3.5369e-13 3.3857e-13 -7.0722e-14 -4.9159e-13 7.9825e-14 4.3258e-14 -8.3399e-14 -2.737e-14 5.7751e-15
1.0223e-12 1.7784e-12 -1.7139e-12 2.256e-12 1.8176e-12 5.2344e-13 1.5326e-12 1.0415e-12 7.0366e-13 -6.1348e-13 1.6622e-12 1.1502e-12 -1.1605e-12 9.6438e-13 -1.9354e-13 5.0033e-14 -1.7511e-12 2.0153e-13 7.4624e-13 9.8899e-13 3.9127e-13 -3.0372e-13 1.4683e-12 -1.3091e-12 5.5604e-13 5.6872e-13 -2.7009e-13 -1.8366e-13 7.5319e-13 9.2556e-13 5.5722e-13 4.3847e-12 1.0041e-12 -2.6845e-13 9.8954e-13 1.628e-13 -5.2188e-13 1.0811e-13 9.4447e-14 -4.1662e-13 4.1862e-13 -3.9005e-14 -3.4955e-13 -6.8334e-13 1.9887e-13 1.048e-13 -1.604e-13 2.2496e-14 -1.213e-13 4.9326e-14 -1.4075e-13 -3.6444e-15
1.0478e-12 -1.7948e-12 -2.1219e-12 1.0416e-12 1.7999e-12 2.2894e-12 -1.7767e-12 -4.7941e-13 -1.7499e-12 1.1093e-12 -2.1439e-13 4.2228e-13 -6.9073e-13 -8.989e-13 -6.8944e-13 -5.1388e-13 -1.0652e-12 2.9825e-13 1.8553e-12 -1.5588e-12 -4.6629e-13 -2.4435e-13 3.3153e-13 -1.1138e-13 4.445e-13 4.0578e-13 -7.5055e-15 9.7123e-13 4.4318e-13 2.1184e-13 -4.9502e-13 1.0041e-12 3.7959e-12 2.7313e-13 3.0594e-13 -1.0495e-12 -8.232e-13 -4.0755e-13 -2.1354e-13 6.7454e-14 7.6713e-13 -2.9905e-13 -7.9455e-14 -4.1316e-13 2.3332e-13 -5.1863e-13 2.6226e-14 -2.4682e-13 -2.0249e-13 8.3404e-14 6.5966e-15 -2.6685e-15
-1.5191e-12 8.7855e-13 -1.5276e-12 1.3653e-12 -1.1272e-12 6.4585e-13 1.2573e-12 -1.1202e-12 -9.8198e-13 3.1508e-13 -1.396e-12 9.9548e-13 6.9414e-13 7.7598e-13 -1.2757e-12 1.4528e-12 -1.1617e-12 -1.1456e-12 2.4332e-12 8.5586e-13 7.1778e-13 2.2212e-13 5.2919e-13 -9.1551e-13 -1.7119e-12 -7.0279e-13 -2.2088e-13 -4.0655e-13 -2.1487e-13 1.4329e-12 2.8205e-14 -2.6845e-13 2.7313e-13 4.1517e-12 7.0579e-13 1.476e-13 -3.0906e-13 -2.048e-13 3.7178e-13 -1.3218e-13 -1.3175e-13 -1.0182e-13 -1.1571e-12 -4.1799e-13 -2.5669e-13 -1.0738e-13 -1.4206e-13 -4.0648e-13 7.8617e-14 6.0025e-14 3.4733e-14 2.1243e-15
1.4589e-12 5.4434e-13 8.1713e-13 2.1666e-12 1.3956e-12 1.2912e-12 1.9451e-12 -7.4168e-13 -4.0147e-13 1.1366e-12 -1.877e-13 4.1279e-13 -8.4007e-13 4.1889e-13 7.281e-13 4.4108e-13 -2.1745e-13 1.2957e-12 1.3537e-13 -1.0676e-13 1.5261e-12 1.0548e-12 4.9491e-13 7.8942e-13 -4.6443e-13 -4.3776e-13 -7.7772e-13 4.9734e-15 5.1655e-13 1.016e-12 -1.6452e-13 9.8954e-13 3.0594e-13 7.0579e-13 2.7947e-12 5.0764e-13 9.2432e-13 -4.0835e-14 -1.2196e-13 1.8743e-13 -9.9348e-14 6.2228e-13 -6.1351e-14 -1.3696e-13 1.9136e-13 1.0589e-13 -1.3003e-13 1.5135e-13 -1.6919e-13 9.644e-14 -4.4257e-14 -5.9881e-15
1.3702e-12 1.704e-12 1.2486e-12 -1.5908e-13 2.9272e-14 6.9515e-13 2.384e-12 -5.4547e-14 1.6664e-12 2.2735e-12 5.6946e-13 -1.8916e-13 8.454e-13 1.7794e-12 2.2084e-12 2.883e-12 6.4569e-13 3.9625e-13 -2.4739e-13 7.1258e-13 1.3583e-12 1.0536e-12 9.7578e-13 8.0631e-13 5.5702e-13 -8.9257e-13 2.6765e-13 -1.4623e-13 7.8665e-13 9.7883e-13 8.1286e-13 1.628e-13 -1.0495e-12 1.476e-13 5.0764e-13 3.6798e-12 -1.1593e-13 -4.5382e-13 -5.9712e-13 -3.0417e-13 1.6287e-13 -1.2607e-13 -1.3274e-12 3.7417e-14 2.1416e-13 2.8311e-13 -2.9189e-13 2.7292e-13 -6.0744e-14 -7.997e-14 7.3443e-15 -2.2709e-15
9.774e-13 7.641e-13 -3.2259e-13 1.39e-12 -1.8072e-12 -5.3125e-13 -1.2435e-12 -1.1645e-12 5.4391e-15 -9.8231e-13 -1.3959e-13 -1.8333e-13 -1.3862e-12 -5.0915e-13 5.0113e-13 -1.4012e-13 6.0116e-13 -4.5749e-13 -1.0761e-13 8.6076e-13 8.9204e-13 6.1168e-15 -6.6654e-13 7.4921e-13 3.2388e-13 8.7094e-13 -1.3805e-12 -1.1486e-12 -4.3634e-14 -1.9473e-13 -2.4189e-13 -5.2188e-13 -8.232e-13 -3.0906e-13 9.2432e-13 -1.1593e-13 3.5967e-12 3.8445e-13 -6.9164e-13 4.0413e-14 -1.0835e-13 1.2216e-13 4.506e-14 9.5843e-13 1.628e-13 2.22e-13 1.8608e-13 1.7446e-13 1.4838e-13 2.4069e-14 2.0193e-14 -1.8448e-15
2.7396e-12 1.9292e-12 -7.6529e-13 1.1109e-12 5.9646e-13 6.1347e-13 1.7489e-12 -5.6824e-14 1.1083e-13 1.0042e-12 7.514e-13 3.7358e-12 -5.332e-13 2.5437e-12 7.5938e-13 1.1075e-12 1.0134e-12 -5.9995e-13 -3.0796e-13 1.6718e-12 1.5655e-12 1.761e-12 7.6949e-13 1.3033e-12 -7.3547e-13 5.4736e-13 -2.7664e-13 7.2814e-13 7.8477e-13 1.526e-13 2.7671e-13 1.0811e-13 -4.0755e-13 -2.048e-13 -4.0835e-14 -4.5382e-13 3.8445e-13 3.6355e-12 -6.8444e-15 5.9936e-13 -2.4937e-13 1.2118e-13 2.6955e-13 -3.1778e-13 4.3907e-14 3.2198e-13 -2.0494e-13 -2.1492e-13 1.1739e-13 -1.1579e-13 -5.7284e-14 1.7721e-16
-1.7568e-13 6.6082e-13 3.0254e-14 -1.5675e-12 -2.2104e-13 -1.4892e-12 1.3628e-13 -1.5912e-13 8.5519e-13 -4.0714e-13 -2.0456e-12 6.6286e-13 -8.7125e-13 -2.2866e-13 -1.2264e-12 -1.9318e-12 4.511e-13 -7.1916e-13 -2.5334e-13 -7.5006e-13 -4.9685e-13 -9.7795e-13 2.3286e-13 -3.0193e-14 -6.8046e-13 -1.4247e-15 9.5171e-14 2.4215e-13 -6.1447e-13 -2.4838e-13 2.4274e-13 9.4447e-14 -2.1354e-13 3.7178e-13 -1.2196e-13 -5.9712e-13 -6.9164e-13 -6.8444e-15 2.388e-12 8.7539e-14 -4.5545e-13 -4.3351e-13 -1.3484e-13 -2.2775e-13 -3.0519e-13 -1.6412e-13 -2.8504e-14 -2.2175e-13 -3.5676e-14 1.4847e-13 2.5711e-15 -3.4126e-16
-2.1562e-13 3.813e-13 1.3353e-12 3.4533e-13 1.1616e-12 5.6477e-13 1.4365e-12 -3.5693e-13 1.3202e-12 1.0283e-12 9.307e-14 5.9919e-13 -2.4783e-13 4.7697e-14 -5.801e-13 -1.1261e-12 4.7022e-13 3.9883e-13 4.1351e-13 -1.8883e-13 -2.9981e-13 4.4115e-13 -5.4801e-13 1.3497e-12 1.9588e-13 7.1625e-13 -2.983e-13 6.0284e-13 3.4669e-13 -2.5749e-13 -2.4162e-13 -4.1662e-13 6.7454e-14 -1.3218e-13 1.8743e-13 -3.0417e-13 4.0413e-14 5.9936e-13 8.7539e-14 1.6501e-12 -1.8051e-13 3.4274e-15 2.9485e-13 -3.3903e-13 -2.419e-13 -9.9484e-14 8.9016e-14 2.7053e-15 2.7892e-14 -6.4856e-14 -9.131e-15 -4.4038e-16
3.656e-13 -6.7054e-16 -7.2255e-13 1.2439e-12 9.6707e-13 -5.7635e-14 4.6421e-13 -2.7187e-13 -6.7921e-13 5.7836e-13 8.0272e-13 2.7532e-14 5.3233e-14 -3.1076e-13 1.6782e-14 -6.5932e-13 -1.2046e-12 1.4788e-13 9.5379e-14 -2.5642e-13 -2.7701e-13 2.6652e-13 3.4552e-13 -3.5741e-13 3.3275e-13 2.1121e-13 -3.0563e-13 -3.9508e-13 -1.7298e-13 -1.3126e-13 -3.9736e-13 4.1862e-13 7.6713e-13 -1.3175e-13 -9.9348e-14 1.6287e-13 -1.0835e-13 -2.4937e-13 -4.5545e-13 -1.8051e-13 1.6e-12 1.0238e-13 -4.1103e-14 -3.6426e-14 4.364e-14 -5.3665e-14 1.9114e-13 -1.0166e-13 -4.4377e-14 -9.2712e-15 -3.4745e-14 -3.8868e-16
-1.0989e-12 -2.6038e-12 1.8147e-13 1.7856e-12 3.91e-13 -2.3744e-12 1.2339e-12 -4.902e-15 -2.553e-12 -7.7552e-13 9.3317e-14 -1.0514e-12 -1.6799e-12 -2.5833e-13 -6.7799e-13 -8.2195e-14 -7.0661e-13 9.5153e-14 -1.0246e-12 -6.4089e-13 8.7174e-13 -7.4729e-15 -8.8497e-13 1.3976e-13 -6.4356e-13 -5.6285e-13 -6.6914e-13 -5.6728e-13 2.7608e-13 5.765e-13 -6.3197e-13 -3.9005e-14 -2.9905e-13 -1.0182e-13 6.2228e-13 -1.2607e-13 1.2216e-13 1.2118e-13 -4.3351e-13 3.4274e-15 1.0238e-13 1.9932e-12 1.2787e-13 3.1002e-14 1.2911e-13 2.9779e-13 -4.3748e-14 6.3969e-14 3.882e-14 -1.0176e-13 -7.7765e-14 -3.8027e-16
-1.2126e-12 -3.3454e-13 9.1381e-13 4.587e-13 1.1644e-12 3.4833e-13 -1.6723e-14 6.1153e-13 7.3392e-13 -9.4555e-13 1.2615e-12 7.0589e-13 9.0149e-13 -5.6274e-13 6.4105e-13 -1.1046e-12 3.7499e-13 6.3259e-13 -1.6378e-12 -1.8354e-13 -2.9239e-13 -3.4431e-13 -1.1381e-12 -5.4365e-14 3.3461e-13 5.3496e-13 -2.5783e-13 6.9422e-13 1.5454e-13 -1.4389e-13 -3.756e-13 -3.4955e-13 -7.9455e-14 -1.1571e-12 -6.1351e-14 -1.3274e-12 4.506e-14 2.6955e-13 -1.3484e-13 2.9485e-13 -4.1103e-14 1.2787e-13 1.8966e-12 1.2724e-13 -4.1982e-14 -1.2555e-13 1.7118e-13 9.44e-14 4.4529e-14 3.8787e-14 4.1844e-14 -6.7784e-16
5.2079e-14 -1.1312e-12 1.5514e-12 3.7597e-14 7.8094e-13 1.0306e-13 -8.8519e-13 1.3009e-13 -2.6237e-12 7.7539e-13 -5.7902e-13 -8.0666e-13 1.0296e-12 -4.7337e-13 1.5323e-13 2.3043e-13 3.1965e-13 -4.8703e-13 7.5529e-13 1.4212e-12 -9.4066e-14 5.0413e-13 -8.4551e-13 9.5634e-13 -5.0703e-13 1.0533e-13 -5.5045e-13 -5.4409e-13 -3.8251e-13 -1.1192e-12 -3.5369e-13 -6.8334e-13 -4.1316e-13 -4.1799e-13 -1.3696e-13 3.7417e-14 9.5843e-13 -3.1778e-13 -2.2775e-13 -3.3903e-13 -3.6426e-14 3.1002e-14 1.2724e-13 1.9776e-12 -1.6815e-13 1.9864e-13 3.0319e-13 1.5446e-13 7.5412e-14 8.1647e-14 -7.1184e-15 3.6501e-15
1.3359e-12 1.1557e-12 -1.1136e-13 5.4124e-13 3.0183e-13 3.184e-13 -5.3826e-15 7.6504e-14 5.0302e-13 4.7298e-13 6.3247e-13 3.27e-13 -9.2479e-14 7.637e-14 1.834e-12 5.0535e-13 8.2264e-13 7.8795e-14 -2.9764e-13 4.0739e-13 3.1906e-13 -1.0163e-13 3.0637e-13 -1.2504e-14 4.687e-13 -3.555e-13 -2.0908e-14 1.2783e-13 4.7318e-13 2.7866e-13 3.3857e-13 1.9887e-13 2.3332e-13 -2.5669e-13 1.9136e-13 2.1416e-13 1.628e-13 4.3907e-14 -3.0519e-13 -2.419e-13 4.364e-14 1.2911e-13 -4.1982e-14 -1.6815e-13 7.705e-13 4.3651e-14 -1.0004e-13 1.2161e-14 -5.3577e-14 -7.1085e-14 -1.0434e-14 -1.3299e-15
1.8727e-13 -3.005e-13 1.7336e-13 1.1408e-12 3.4041e-13 -6.9558e-13 3.4282e-13 3.2965e-13 -1.2614e-12 2.9483e-13 4.0237e-13 -1.9096e-13 2.5292e-13 7.5593e-13 -1.8807e-13 6.3865e-13 2.6254e-14 -5.255e-13 2.3564e-13 7.3313e-13 2.9925e-13 4.4024e-14 -4.787e-14 5.5759e-13 3.1192e-13 1.6136e-13 5.2379e-14 3.401e-14 3.2484e-13 -9.7308e-14 -7.0722e-14 1.048e-13 -5.1863e-13 -1.0738e-13 1.0589e-13 2.8311e-13 2.22e-13 3.2198e-13 -1.6412e-13 -9.9484e-14 -5.3665e-14 2.9779e-13 -1.2555e-13 1.9864e-13 4.3651e-14 6.1968e-13 -7.4231e-14 3.1419e-14 3.6449e-14 -1.9898e-14 -1.841e-14 1.3634e-15
-1.373e-13 -5.5916e-13 -1.4476e-13 -2.6583e-13 2.4365e-13 -2.1097e-13 -9.0808e-13 -2.0759e-13 -3.2669e-13 -5.8207e-13 9.1819e-15 -9.2879e-13 -1.2159e-13 -1.946e-13 -3.3531e-13 -8.9783e-13 1.4501e-13 9.5513e-14 1.5229e-13 -1.534e-13 -4.2678e-13 1.47e-13 9.9704e-14 -1.2428e-13 -2.8267e-13 3.9905e-13 -3.2397e-13 -1.0531e-13 -3.6998e-13 -6.0733e-13 -4.9159e-13 -1.604e-13 2.6226e-14 -1.4206e-13 -1.3003e-13 -2.9189e-13 1.8608e-13 -2.0494e-13 -2.8504e-14 8.9016e-14 1.9114e-13 -4.3748e-14 1.7118e-13 3.0319e-13 -1.0004e-13 -7.4231e-14 4.4281e-13 5.3845e-14 -6.4589e-15 1.8851e-14 3.1175e-14 -2.2792e-16
1.0849e-14 -2.0007e-13 5.2223e-13 6.4976e-14 -2.4878e-13 3.5086e-13 -2.725e-13 5.1284e-13 4.7803e-13 -2.6529e-13 2.1721e-13 -3.0619e-13 -2.3942e-14 -3.5815e-14 -1.0176e-13 -1.6131e-13 3.6385e-14 4.4567e-13 1.8406e-13 -4.2075e-13 -2.6137e-13 2.9607e-13 -1.1709e-13 -2.4096e-13 4.537e-13 -9.0815e-14 -4.344e-13 -1.5177e-15 1.5567e-13 4.0661e-14 7.9825e-14 2.2496e-14 -2.4682e-13 -4.0648e-13 1.5135e-13 2.7292e-13 1.7446e-13 -2.1492e-13 -2.2175e-13 2.7053e-15 -1.0166e-13 6.3969e-14 9.44e-14 1.5446e-13 1.2161e-14 3.1419e-14 5.3845e-14 3.3718e-13 -5.466e-15 -3.9775e-14 2.9546e-14 1.2619e-16
-8.4201e-14 -2.4696e-14 1.1381e-13 3.8376e-13 -4.2819e-14 -3.2988e-13 2.1572e-13 4.5753e-13 2.7491e-13 -1.691e-13 5.1431e-13 4.7201e-14 1.587e-13 -7.5279e-14 -2.6013e-13 3.4601e-13 1.7551e-13 1.2669e-13 1.0755e-14 2.3828e-13 -6.3996e-14 -5.9596e-14 -1.5848e-13 -2.7526e-14 1.0301e-13 1.8076e-13 -9.6059e-14 -2.6956e-13 -3.2873e-13 4.3067e-14 4.3258e-14 -1.213e-13 -2.0249e-13 7.8617e-14 -1.6919e-13 -6.0744e-14 1.4838e-13 1.1739e-13 -3.5676e-14 2.7892e-14 -4.4377e-14 3.882e-14 4.4529e-14 7.5412e-14 -5.3577e-14 3.6449e-14 -6.4589e-15 -5.466e-15 1.513e-13 -2.0946e-14 -1.4946e-14 2.8257e-16
-4.4711e-13 -3.6537e-13 -2.958e-14 -2.2716e-13 -3.4822e-13 2.0671e-14 -4.3409e-13 -1.8006e-13 -3.897e-13 -1.5211e-13 -3.3375e-13 3.7163e-15 -9.8862e-14 -3.8299e-13 -1.7238e-13 -1.7106e-13 -1.4509e-13 -6.3993e-14 -5.9885e-14 -2.0839e-14 -1.0478e-13 -1.305e-13 -8.7573e-14 -4.6799e-14 -1.4653e-13 6.0186e-14 -3.9443e-14 -7.9042e-14 -8.6302e-14 -1.1294e-13 -8.3399e-14 4.9326e-14 8.3404e-14 6.0025e-14 9.644e-14 -7.997e-14 2.4069e-14 -1.1579e-13 1.4847e-13 -6.4856e-14 -9.2712e-15 -1.0176e-13 3.8787e-14 8.1647e-14 -7.1085e-14 -1.9898e-14 1.8851e-14 -3.9775e-14 -2.0946e-14 8.5994e-14 -1.6978e-16 -3.6149e-16
-1.431e-13 -1.6977e-13 -6.1432e-14 -1.4927e-13 -1.6068e-13 2.2163e-13 -3.9594e-13 -1.6551e-13 8.9624e-14 -1.8168e-13 -1.434e-13 -5.0274e-14 1.1941e-14 -6.0237e-15 -1.4927e-13 -6.8342e-14 -2.81e-14 -1.4599e-13 -5.0743e-14 -1.5668e-13 -9.2029e-14 3.081e-15 -2.0186e-14 -1.2799e-13 7.1175e-14 -4.3453e-14 2.2163e-14 1.7617e-14 1.0167e-13 -4.3343e-14 -2.737e-14 -1.4075e-13 6.5966e-15 3.4733e-14 -4.4257e-14 7.3443e-15 2.0193e-14 -5.7284e-14 2.5711e-15 -9.131e-15 -3.4745e-14 -7.7765e-14 4.1844e-14 -7.1184e-15 -1.0434e-14 -1.841e-14 3.1175e-14 2.9546e-14 -1.4946e-14 -1.6978e-16 3.4939e-14 3.0959e-16
2.2394e-15 -1.0609e-14 -3.4727e-15 6.2661e-15 8.5785e-16 4.2493e-15 -1.7336e-15 3.6314e-15 -1.5239e-14 7.7724e-15 1.0042e-15 6.2939e-15 7.7714e-15 5.5112e-15 -1.083e-14 1.0482e-14 -7.1444e-15 -6.1797e-15 4.7436e-15 4.032e-15 -1.5543e-15 -2.9805e-15 2.1767e-15 8.5486e-16 3.6596e-15 -1.1743e-15 -1.1849e-15 -3.9688e-15 4.4713e-15 -1.6338e-15 5.7751e-15 -3.6444e-15 -2.6685e-15 2.1243e-15 -5.9881e-15 -2.2709e-15 -1.8448e-15 1.7721e-16 -3.4126e-16 -4.4038e-16 -3.8868e-16 -3.8027e-16 -6.7784e-16 3.6501e-15 -1.3299e-15 1.3634e-15 -2.2792e-16 1.2619e-16 2.8257e-16 -3.6149e-16 3.0959e-16 1.1476e-16
