6.2679e-11 5.3556e-11 5.213e-11 4.8558e-11 4.5259e-11 4.6937e-11 5.9278e-11 4.4602e-11 5.5247e-11 4.5556e-11 5.2335e-11 5.4027e-11 5.3275e-11 4.7669e-11 4.2659e-11 4.0627e-11 4.5871e-11 5.4632e-11 4.2092e-11 4.0391e-11 3.3831e-11 4.3626e-11 4.4366e-11 4.4448e-11 5.0129e-11 4.2849e-11 3.7446e-11 5.3788e-11 3.8204e-11 3.4073e-11 3.4795e-11 3.6343e-11 3.8624e-11 4.3268e-11 3.6691e-11 3.9047e-11 2.821e-11 3.4143e-11 2.6974e-11 2.9118e-11 3.1513e-11 2.539e-11 1.9708e-11 2.0107e-11 1.5197e-11 2.462e-11 1.7068e-11 2.0985e-11 1.2162e-11 1.9954e-11 1.834e-11 1.6091e-11 1.3158e-11 1.4441e-11 9.6212e-12 1.1649e-11 1.623e-11 1.321e-11 9.5677e-12 1.0378e-11 1.0648e-11 7.2244e-12 3.7719e-12 4.2528e-12 7.8046e-12 4.0302e-12 9.8718e-12 6.8192e-12 6.319e-12 5.5586e-12 6.4931e-12 4.883e-12 6.1377e-12 7.0218e-12 2.4698e-12 7.5019e-12 2.0174e-12 1.9473e-13 1.7992e-12 9.2386e-13 1.2288e-13 1.1769e-12 3.4436e-12 1.2166e-14 -2.6409e-12 2.4584e-12 3.0357e-12 -1.0167e-12 1.977e-12 8.3062e-13 4.7705e-12 -1.8061e-14 -5.0888e-14 3.1807e-12 6.5704e-13 1.715e-12 3.1775e-12 -2.5319e-12 3.0603e-13 1.1041e-12 8.1558e-13 2.6214e-12 2.0191e-12 9.1265e-13 7.6728e-13 1.7732e-12 -2.7301e-13 9.6191e-13 -3.5895e-13 2.0011e-12 1.0998e-12 -1.5843e-12 7.8574e-13 9.0088e-13 3.6298e-13 3.6095e-13 4.266e-13 -4.9204e-14 4.4087e-14
5.3556e-11 6.2154e-11 5.0876e-11 4.6382e-11 4.6632e-11 4.6072e-11 6.1275e-11 4.5429e-11 5.1889e-11 4.4327e-11 5.2176e-11 5.181e-11 4.9259e-11 4.6546e-11 4.1518e-11 3.8535e-11 4.4866e-11 5.3551e-11 4.1679e-11 4.1492e-11 3.4013e-11 3.9829e-11 4.0154e-11 4.2363e-11 5.0597e-11 4.4134e-11 3.7616e-11 5.1108e-11 3.8036e-11 3.1216e-11 3.5777e-11 3.4959e-11 3.4241e-11 4.4394e-11 3.4943e-11 4.0109e-11 3.1986e-11 3.5328e-11 2.469e-11 2.7946e-11 3.1772e-11 2.7217e-11 1.7684e-11 1.9374e-11 1.2538e-11 2.1659e-11 1.818e-11 1.9358e-11 1.4582e-11 1.8445e-11 1.683e-11 1.3245e-11 1.2929e-11 1.1814e-11 6.4035e-12 9.0263e-12 1.4439e-11 1.2082e-11 1.0644e-11 7.3057e-12 8.0007e-12 4.7099e-12 4.9264e-12 6.1876e-12 7.7337e-12 4.1744e-12 1.0154e-11 5.7668e-12 6.6148e-12 3.3663e-12 6.4997e-12 4.1724e-12 5.3007e-12 8.7738e-12 5.2624e-12 7.6068e-12 1.6221e-12 1.2895e-12 -9.6827e-14 8.0621e-13 3.9158e-12 1.7307e-12 3.9717e-12 2.5801e-12 -3.0914e-12 3.5364e-12 9.4427e-13 -2.5104e-12 1.8053e-12 3.9009e-13 2.0025e-12 1.2767e-12 -1.0358e-12 5.0911e-12 7.024e-13 -1.0139e-12 3.4189e-12 -2.4136e-12 1.5137e-12 9.706e-15 1.1922e-12 2.8099e-12 2.3144e-12 2.455e-12 4.4463e-13 2.069e-12 2.8826e-13 1.0247e-12 -1.3526e-12 2.1468e-12 1.2024e-12 -1.7468e-12 4.3854e-13 1.0032e-12 2.0824e-13 2.4302e-13 3.6262e-13 -5.8404e-14 2.5531e-14
5.213e-11 5.0876e-11 5.7068e-11 4.6269e-11 4.5819e-11 4.4701e-11 5.6794e-11 4.3764e-11 5.5083e-11 4.3735e-11 4.9103e-11 4.8606e-11 5.0646e-11 4.3353e-11 3.8069e-11 3.737e-11 4.582e-11 4.9753e-11 3.7116e-11 4.1327e-11 3.3966e-11 3.8705e-11 4.1495e-11 3.8521e-11 4.7185e-11 4.3232e-11 3.3053e-11 4.948e-11 3.9388e-11 3.0439e-11 3.3625e-11 3.5027e-11 3.8073e-11 4.3194e-11 3.5757e-11 3.713e-11 2.8328e-11 2.9628e-11 2.3119e-11 2.738e-11 2.9304e-11 2.6093e-11 2.0492e-11 1.8492e-11 1.4861e-11 1.7875e-11 1.7697e-11 1.9656e-11 1.1294e-11 1.6963e-11 1.6061e-11 1.4232e-11 1.2823e-11 1.4182e-11 6.4474e-12 1.0046e-11 1.5051e-11 9.8205e-12 8.4226e-12 9.7669e-12 7.1995e-12 6.4279e-12 5.6736e-12 7.0081e-12 1.0337e-11 3.0145e-12 7.421e-12 3.1019e-12 6.7145e-12 3.3295e-12 4.7705e-12 4.6395e-12 3.9052e-12 8.1395e-12 3.2255e-12 6.0498e-12 3.4738e-13 7.1643e-13 8.9143e-13 2.5709e-12 2.7564e-12 1.4415e-12 3.2054e-12 1.6803e-12 -3.9413e-12 3.5709e-12 1.0144e-12 -8.1507e-13 2.0336e-12 2.0973e-12 2.4406e-12 5.5724e-13 -1.5014e-12 4.7261e-12 5.6621e-13 1.444e-12 4.0536e-12 -2.1988e-12 1.5914e-13 1.8056e-12 2.049e-12 1.6651e-12 2.789e-12 1.9005e-12 1.2779e-13 1.4347e-12 -1.9967e-13 6.6386e-13 -9.7358e-13 1.589e-12 1.0044e-12 -1.4819e-12 2.9592e-13 9.0404e-13 4.8436e-13 2.4825e-13 1.6046e-13 -1.2474e-13 3.4859e-14
4.8558e-11 4.6382e-11 4.6269e-11 4.8508e-11 3.9935e-11 3.8133e-11 5.0855e-11 4.0171e-11 4.9871e-11 3.8216e-11 4.7215e-11 4.3349e-11 4.5018e-11 4.0409e-11 3.4496e-11 3.4154e-11 3.9479e-11 4.4889e-11 3.4483e-11 3.6148e-11 2.8757e-11 3.6054e-11 3.6683e-11 3.774e-11 4.3703e-11 3.6793e-11 2.9574e-11 4.6328e-11 3.5205e-11 2.7904e-11 3.093e-11 3.0918e-11 3.0317e-11 3.6965e-11 3.2568e-11 3.4023e-11 2.5768e-11 2.6761e-11 2.3887e-11 2.6425e-11 2.521e-11 2.5036e-11 1.7516e-11 1.5868e-11 1.4913e-11 1.8621e-11 1.442e-11 2.0287e-11 1.214e-11 1.5865e-11 1.4873e-11 1.2037e-11 1.1431e-11 1.0553e-11 5.4605e-12 1.0225e-11 1.1681e-11 9.3449e-12 8.704e-12 8.8768e-12 7.8704e-12 3.684e-12 4.8186e-12 4.2568e-12 7.2937e-12 3.5757e-12 8.9965e-12 4.9954e-12 5.7026e-12 5.7814e-12 6.5784e-12 3.9528e-12 3.5197e-12 8.7063e-12 1.0435e-12 5.8409e-12 2.3338e-12 9.6462e-14 1.6658e-12 2.701e-12 9.7855e-13 1.9092e-12 3.4003e-12 2.7777e-12 -2.7315e-12 1.4871e-12 2.6168e-12 4.0312e-13 7.5893e-13 1.9431e-12 3.1393e-12 1.3942e-12 -1.2139e-12 4.1609e-12 1.2395e-12 1.9435e-12 3.8559e-12 -2.139e-12 9.9178e-13 1.2081e-12 1.0865e-12 2.2264e-12 2.16e-12 1.5576e-12 5.2586e-13 1.5588e-12 1.8035e-13 5.423e-13 -6.5443e-13 1.4808e-12 8.6201e-13 -1.1358e-12 1.5456e-13 8.1139e-13 5.1063e-13 1.616e-13 3.9282e-13 -1.4883e-13 3.0591e-14
4.5259e-11 4.6632e-11 4.5819e-11 3.9935e-11 4.7448e-11 3.8411e-11 5.0405e-11 3.865e-11 4.9029e-11 3.6789e-11 4.2851e-11 4.3408e-11 4.1638e-11 3.9492e-11 3.6248e-11 3.1684e-11 3.8696e-11 4.3048e-11 3.4077e-11 3.5414e-11 2.9365e-11 3.4719e-11 3.4783e-11 3.3189e-11 4.415e-11 3.6876e-11 3.3691e-11 4.3504e-11 3.4033e-11 2.4714e-11 3.1307e-11 3.2079e-11 3.3321e-11 3.6132e-11 3.1829e-11 3.3758e-11 2.3079e-11 2.7432e-11 2.1303e-11 2.3316e-11 2.4926e-11 2.2402e-11 1.6754e-11 1.4945e-11 1.1598e-11 1.865e-11 1.4824e-11 1.6991e-11 1.2466e-11 1.3614e-11 1.2182e-11 1.3287e-11 1.021e-11 1.085e-11 7.0477e-12 1.003e-11 8.4825e-12 1.0235e-11 1.0743e-11 8.1755e-12 8.0722e-12 4.0257e-12 3.1564e-12 5.2642e-12 5.333e-12 3.7633e-12 1.081e-11 3.272e-12 5.5838e-12 3.8837e-12 6.467e-12 4.4091e-12 3.1128e-12 6.4064e-12 2.9368e-12 6.1665e-12 1.2789e-12 -4.0343e-13 1.523e-12 3.3251e-12 3.6201e-12 9.5281e-13 2.0195e-12 3.7423e-12 -4.0723e-12 3.4496e-12 -1.6477e-13 -1.598e-12 1.7729e-12 1.1464e-12 1.7999e-12 1.0014e-12 -1.9164e-12 4.1604e-12 -1.4077e-13 -2.344e-13 4.1625e-12 -5.9228e-13 5.5326e-13 1.492e-12 1.2761e-12 1.9173e-12 1.3841e-12 1.414e-12 1.4387e-12 1.4621e-12 -4.9521e-13 9.8045e-13 -1.0028e-12 2.0664e-12 6.545e-13 -1.1677e-12 2.4695e-14 6.2378e-13 7.9231e-14 3.7627e-14 2.6041e-13 -1.8379e-13 2.6318e-14
4.6937e-11 4.6072e-11 4.4701e-11 3.8133e-11 3.8411e-11 4.5354e-11 5.2313e-11 3.8824e-11 4.6203e-11 4.0073e-11 4.4413e-11 4.4596e-11 4.3787e-11 4.106e-11 3.5202e-11 3.5336e-11 3.8195e-11 4.7926e-11 3.3948e-11 3.6341e-11 2.9722e-11 3.5705e-11 3.545e-11 3.389e-11 4.3232e-11 3.7866e-11 3.1704e-11 4.3121e-11 3.4426e-11 2.6275e-11 3.2647e-11 3.0426e-11 3.3789e-11 3.64e-11 3.0703e-11 3.3061e-11 2.3643e-11 2.8125e-11 2.0629e-11 2.4278e-11 2.8662e-11 2.3973e-11 1.838e-11 1.5858e-11 1.2561e-11 1.8423e-11 1.4191e-11 1.8605e-11 1.3137e-11 1.7597e-11 1.6964e-11 1.2731e-11 1.0553e-11 1.3181e-11 7.2748e-12 7.83e-12 1.5009e-11 1.1548e-11 9.6814e-12 6.1172e-12 7.8744e-12 5.5688e-12 2.9493e-12 3.509e-12 7.0235e-12 3.1651e-12 7.6895e-12 4.7768e-12 4.5519e-12 4.0398e-12 5.3802e-12 4.3324e-12 4.6206e-12 6.0593e-12 3.7463e-12 6.4423e-12 1.4932e-12 1.44e-12 1.166e-12 1.4054e-12 2.9734e-12 8.8298e-13 2.6817e-12 4.5413e-13 -2.6495e-12 2.3473e-12 1.3605e-12 -1.2412e-12 1.2323e-12 8.8383e-13 3.1818e-12 -4.4248e-13 -7.1693e-13 2.6978e-12 2.4194e-14 6.6577e-13 2.6487e-12 -1.9765e-12 -8.6505e-13 8.6294e-13 9.45e-13 2.8412e-12 1.9413e-12 2.3557e-12 -1.9545e-14 2.0248e-12 2.5072e-13 4.6467e-13 -1.1593e-12 1.5593e-12 1.1476e-12 -1.3428e-12 5.4003e-13 7.2001e-13 3.3672e-13 1.7749e-13 2.5594e-13 2.9076e-14 2.4825e-14
5.9278e-11 6.1275e-11 5.6794e-11 5.0855e-11 5.0405e-11 5.2313e-11 7.6264e-11 5.0221e-11 5.8856e-11 5.1222e-11 5.7459e-11 5.6611e-11 5.2175e-11 4.9246e-11 4.6484e-11 4.0936e-11 4.8893e-11 5.8725e-11 4.2362e-11 4.3995e-11 3.7426e-11 4.4304e-11 4.8262e-11 4.2967e-11 5.585e-11 4.7164e-11 3.9429e-11 5.682e-11 4.5489e-11 3.4662e-11 3.8471e-11 4.1891e-11 4.0428e-11 4.6738e-11 4.2517e-11 4.4534e-11 3.244e-11 3.4598e-11 2.8521e-11 3.2628e-11 3.6495e-11 3.0679e-11 2.1004e-11 2.0095e-11 1.4209e-11 2.3283e-11 1.9855e-11 2.4257e-11 1.6453e-11 2.0305e-11 1.7256e-11 1.3625e-11 1.5327e-11 1.6842e-11 9.1114e-12 9.572e-12 1.5029e-11 1.3052e-11 1.1889e-11 1.1321e-11 9.4016e-12 5.4474e-12 3.6229e-12 6.1889e-12 8.6268e-12 4.7148e-12 9.5535e-12 5.4466e-12 8.7271e-12 5.4287e-12 6.8487e-12 5.2295e-12 4.8758e-12 9.4901e-12 3.9891e-12 4.9559e-12 2.2954e-12 1.4701e-12 1.4446e-12 1.9726e-12 4.6968e-12 8.9267e-13 4.4232e-12 1.88e-12 -1.6103e-12 2.5261e-12 1.5164e-12 -9.6644e-13 5.6739e-13 2.2673e-12 2.686e-12 -8.4332e-13 -9.601e-13 4.6444e-12 9.3254e-13 9.004e-13 4.2948e-12 -2.9226e-12 1.6066e-12 8.4885e-13 1.709e-12 3.1224e-12 2.4174e-12 2.6158e-12 3.1459e-13 2.2683e-12 1.8177e-13 7.2089e-13 -1.2079e-12 2.1415e-12 1.7001e-12 -1.634e-12 3.1046e-13 8.1785e-13 3.6471e-13 3.1108e-13 3.0756e-13 4.6304e-15 6.4628e-14
4.4602e-11 4.5429e-11 4.3764e-11 4.0171e-11 3.865e-11 3.8824e-11 5.0221e-11 4.3434e-11 4.9144e-11 3.7599e-11 4.6258e-11 4.5164e-11 4.2188e-11 4.0105e-11 3.4272e-11 3.1801e-11 3.7028e-11 4.3776e-11 3.4193e-11 3.5357e-11 2.9879e-11 3.7447e-11 3.5388e-11 3.3326e-11 4.2599e-11 3.7269e-11 2.9818e-11 4.3869e-11 3.2703e-11 2.8049e-11 3.0825e-11 2.9411e-11 3.5227e-11 3.4844e-11 3.1946e-11 3.1607e-11 2.5786e-11 2.8839e-11 1.9431e-11 2.3447e-11 2.811e-11 2.3782e-11 1.6215e-11 1.6332e-11 1.3698e-11 1.7496e-11 1.3988e-11 1.6141e-11 1.3328e-11 1.4177e-11 1.3607e-11 1.0677e-11 1.0373e-11 1.1023e-11 6.5982e-12 8.4862e-12 1.1321e-11 1.0922e-11 1.0323e-11 7.7743e-12 8.3355e-12 5.0179e-12 3.1726e-12 4.8494e-12 7.7161e-12 2.3563e-12 8.032e-12 3.4804e-12 4.7619e-12 4.648e-12 6.1439e-12 3.8834e-12 4.8681e-12 5.8254e-12 2.6865e-12 4.9085e-12 1.9659e-12 1.5482e-12 9.0723e-13 7.8242e-13 2.9915e-12 1.0432e-12 1.7421e-12 3.0896e-12 -1.4267e-12 2.1894e-12 1.4937e-12 -4.1416e-14 1.4959e-12 2.6322e-12 3.174e-12 -5.075e-13 -8.1132e-13 4.2722e-12 1.1485e-12 7.6327e-13 2.8281e-12 -2.2585e-12 -1.6445e-13 1.1754e-12 1.1607e-12 1.6921e-12 1.6076e-12 2.9822e-12 -3.2251e-14 7.0302e-13 -4.229e-13 7.6849e-13 -9.7622e-13 1.7486e-12 1.1302e-12 -1.4291e-12 5.2684e-13 6.531e-13 3.6487e-13 1.5785e-13 2.9568e-13 -1.0234e-13 3.3814e-14
5.5247e-11 5.1889e-11 5.5083e-11 4.9871e-11 4.9029e-11 4.6203e-11 5.8856e-11 4.9144e-11 6.7717e-11 4.607e-11 5.6956e-11 5.3879e-11 5.3889e-11 4.7345e-11 4.2821e-11 3.7771e-11 4.6845e-11 5.1817e-11 3.9761e-11 4.5242e-11 3.4833e-11 4.5464e-11 4.3918e-11 4.1302e-11 5.1506e-11 4.4982e-11 3.5643e-11 5.412e-11 3.8868e-11 2.9907e-11 3.7169e-11 3.6007e-11 4.0131e-11 4.0514e-11 4.0476e-11 3.8813e-11 2.9049e-11 3.3537e-11 2.6941e-11 2.8203e-11 3.26e-11 2.835e-11 1.9581e-11 2.1012e-11 1.61e-11 2.2141e-11 1.5855e-11 2.3104e-11 1.4797e-11 1.6124e-11 1.6707e-11 1.6399e-11 1.2741e-11 1.5018e-11 8.26e-12 1.0207e-11 1.5876e-11 1.1124e-11 1.0109e-11 1.3045e-11 1.0753e-11 5.0854e-12 5.6352e-12 4.4143e-12 8.805e-12 2.9239e-12 8.9461e-12 6.3581e-12 5.4155e-12 6.4429e-12 8.0802e-12 5.5118e-12 3.5595e-12 8.2224e-12 4.0057e-12 7.5728e-12 2.8213e-12 -5.7125e-13 2.5583e-12 2.8473e-12 3.552e-13 3.3902e-12 2.2258e-12 3.1613e-12 -1.8919e-12 3.0109e-12 7.6961e-13 -9.1043e-13 2.6256e-12 3.2867e-12 2.3686e-12 -8.4612e-13 7.631e-13 5.1483e-12 1.9768e-12 1.6945e-13 2.9998e-12 -1.8091e-12 5.7297e-13 1.7414e-12 1.7277e-12 2.062e-12 1.159e-12 2.7e-12 6.2094e-13 1.8679e-12 -2.9044e-13 9.0783e-13 -1.1458e-12 2.0875e-12 1.0835e-12 -9.1899e-13 6.6374e-13 6.4951e-13 4.1904e-13 2.3697e-13 3.812e-13 -2.1014e-13 6.1255e-14
4.5556e-11 4.4327e-11 4.3735e-11 3.8216e-11 3.6789e-11 4.0073e-11 5.1222e-11 3.7599e-11 4.607e-11 4.3875e-11 4.3469e-11 4.4526e-11 4.2659e-11 3.9169e-11 3.6791e-11 3.7154e-11 3.8294e-11 4.6132e-11 3.2844e-11 3.5574e-11 2.9831e-11 3.4392e-11 3.6459e-11 3.4378e-11 4.2806e-11 3.7499e-11 2.73e-11 4.2715e-11 3.3239e-11 2.5129e-11 2.7903e-11 3.2115e-11 3.3438e-11 3.4311e-11 3.1418e-11 3.2118e-11 2.2332e-11 2.648e-11 2.1039e-11 2.5501e-11 2.602e-11 2.1198e-11 1.6842e-11 1.6302e-11 1.2628e-11 1.8246e-11 1.4343e-11 1.8397e-11 1.3451e-11 1.6707e-11 1.4216e-11 1.1588e-11 1.3344e-11 1.4987e-11 6.6657e-12 7.6385e-12 1.3206e-11 9.764e-12 8.162e-12 7.1759e-12 8.2165e-12 5.282e-12 3.746e-12 4.8543e-12 7.0656e-12 3.476e-12 8.2436e-12 5.8028e-12 2.8264e-12 2.7071e-12 5.0194e-12 3.7286e-12 3.1561e-12 7.0514e-12 2.9954e-12 3.5638e-12 1.0338e-12 4.1103e-13 3.4037e-12 1.6871e-12 1.8024e-12 2.3844e-12 3.0338e-12 2.613e-13 -2.5537e-12 2.809e-12 1.2121e-12 -2.5564e-13 1.3259e-12 2.5932e-12 3.4715e-12 -1.1935e-12 7.0863e-13 4.3855e-12 1.4313e-12 1.1695e-12 2.7987e-12 -2.5646e-12 -5.1669e-13 1.4792e-12 1.4268e-12 1.9918e-12 1.9585e-12 1.2187e-12 2.3053e-13 1.9904e-12 2.4521e-14 5.324e-13 -4.2646e-13 1.5619e-12 1.2719e-12 -1.2235e-12 2.9567e-13 6.2374e-13 2.5272e-13 5.1901e-13 2.7574e-13 -4.3629e-14 3.2225e-14
5.2335e-11 5.2176e-11 4.9103e-11 4.7215e-11 4.2851e-11 4.4413e-11 5.7459e-11 4.6258e-11 5.6956e-11 4.3469e-11 5.9604e-11 5.0937e-11 4.9139e-11 4.6023e-11 4.0271e-11 3.9037e-11 4.3611e-11 5.5588e-11 3.7951e-11 4.2065e-11 3.1348e-11 4.2581e-11 3.9938e-11 4.0677e-11 5.1081e-11 4.1125e-11 3.3867e-11 5.2264e-11 3.4666e-11 3.2795e-11 3.5813e-11 3.593e-11 3.7061e-11 4.0114e-11 3.6581e-11 3.3994e-11 2.6909e-11 3.2726e-11 2.5462e-11 2.6458e-11 3.1231e-11 2.827e-11 2.0928e-11 1.884e-11 1.6382e-11 1.8615e-11 1.6914e-11 2.184e-11 1.5988e-11 1.6234e-11 1.7646e-11 1.2862e-11 1.2842e-11 1.3034e-11 8.894e-12 1.0759e-11 1.434e-11 1.1408e-11 1.1292e-11 1.0045e-11 1.3276e-11 6.159e-12 6.2519e-12 4.9651e-12 7.1539e-12 1.7614e-12 9.7074e-12 4.8413e-12 4.9183e-12 7.6373e-12 5.4034e-12 3.6435e-12 3.8433e-12 7.2811e-12 4.229e-12 6.2133e-12 3.7914e-12 1.2324e-12 1.7484e-12 1.3194e-12 -1.424e-13 3.071e-12 1.0928e-12 1.2996e-12 6.7291e-13 2.2025e-12 2.6745e-12 -9.5919e-13 2.1771e-12 2.1318e-12 3.4167e-12 -9.9553e-13 6.041e-13 4.277e-12 1.1451e-12 5.4366e-13 3.5147e-12 -2.346e-12 3.5373e-13 1.3262e-12 -1.9913e-13 2.7379e-12 1.507e-12 2.2188e-12 1.1044e-13 2.029e-12 4.5859e-13 5.5542e-13 -1.279e-12 1.6269e-12 1.2777e-12 -1.4413e-12 6.9968e-13 6.6646e-13 2.3295e-13 3.1315e-13 3.9654e-13 -8.558e-14 4.9765e-14
5.4027e-11 5.181e-11 4.8606e-11 4.3349e-11 4.3408e-11 4.4596e-11 5.6611e-11 4.5164e-11 5.3879e-11 4.4526e-11 5.0937e-11 5.7396e-11 4.8853e-11 4.5454e-11 4.0401e-11 3.8322e-11 4.1573e-11 5.085e-11 3.9583e-11 3.7933e-11 3.3946e-11 4.4764e-11 4.0621e-11 4.0771e-11 4.6221e-11 4.2084e-11 3.3619e-11 4.8449e-11 3.7034e-11 3.0092e-11 3.4898e-11 3.5148e-11 3.9317e-11 3.7628e-11 3.4813e-11 3.7078e-11 2.5651e-11 3.398e-11 2.2963e-11 2.7947e-11 3.1439e-11 2.4254e-11 1.8411e-11 1.9433e-11 1.3707e-11 2.3088e-11 1.789e-11 2.1305e-11 1.5792e-11 1.6905e-11 1.6635e-11 1.3454e-11 1.3007e-11 1.4765e-11 8.8783e-12 1.0121e-11 1.5454e-11 1.2027e-11 1.0848e-11 8.6231e-12 9.9153e-12 7.9432e-12 3.0312e-12 3.6937e-12 7.5124e-12 4.8657e-12 9.0672e-12 5.8507e-12 5.0629e-12 5.58e-12 6.6388e-12 2.3644e-12 5.3798e-12 5.6542e-12 3.3558e-12 6.1976e-12 2.0217e-13 1.2919e-12 1.3214e-12 8.213e-13 2.1407e-12 1.9505e-12 8.2391e-13 3.2731e-12 -7.8979e-13 4.6704e-12 8.544e-13 -1.5532e-12 2.1042e-12 1.2613e-12 3.1922e-12 -1.1099e-12 4.2193e-13 3.5887e-12 1.7738e-12 9.1776e-13 3.5053e-12 -2.8678e-12 7.328e-14 1.1105e-12 1.1393e-12 2.2822e-12 2.0026e-12 2.1662e-12 -9.6359e-14 1.1248e-12 -2.017e-13 9.8288e-13 -6.1185e-13 1.9753e-12 1.2358e-12 -1.361e-12 5.8374e-13 1.0135e-12 3.3316e-13 1.9861e-13 3.0278e-13 -7.8778e-14 3.4081e-14
5.3275e-11 4.9259e-11 5.0646e-11 4.5018e-11 4.1638e-11 4.3787e-11 5.2175e-11 4.2188e-11 5.3889e-11 4.2659e-11 4.9139e-11 4.8853e-11 5.7745e-11 4.5643e-11 3.8144e-11 3.5746e-11 4.3012e-11 5.047e-11 3.8627e-11 4.0184e-11 3.2637e-11 4.0396e-11 3.875e-11 4.0003e-11 4.7467e-11 4.2724e-11 3.1771e-11 5.0061e-11 3.3267e-11 2.8734e-11 3.7519e-11 3.2762e-11 3.6243e-11 3.7321e-11 3.5825e-11 3.7482e-11 2.6069e-11 3.3445e-11 2.352e-11 2.4617e-11 2.8512e-11 2.4985e-11 1.8539e-11 2.1266e-11 1.5403e-11 1.9422e-11 1.6941e-11 1.8952e-11 1.3167e-11 1.9244e-11 1.755e-11 1.7209e-11 1.2103e-11 1.3114e-11 7.0456e-12 1.2476e-11 1.5668e-11 1.05e-11 8.7422e-12 8.6577e-12 8.9656e-12 6.5033e-12 6.9662e-12 6.2593e-12 8.9899e-12 2.8937e-12 8.1852e-12 5.7049e-12 4.765e-12 2.26e-12 5.9029e-12 4.4069e-12 2.8677e-12 7.1936e-12 3.9368e-12 6.5004e-12 2.3577e-12 -2.2119e-12 9.9585e-14 1.4056e-12 -8.792e-13 2.9355e-12 5.1272e-12 6.5177e-13 -2.9221e-12 4.8371e-12 2.8521e-12 -2.5321e-12 1.9564e-12 1.5933e-12 1.7643e-12 -5.1938e-13 5.0657e-13 4.7641e-12 1.5046e-12 1.3737e-13 4.3621e-12 -3.2583e-12 -9.2677e-13 2.0654e-13 1.7075e-12 3.2855e-12 2.7508e-12 1.8189e-12 -9.4866e-13 9.719e-13 -4.251e-13 6.9879e-13 -7.0437e-13 1.4178e-12 1.5005e-12 -1.2916e-12 4.9166e-13 9.7563e-13 3.9217e-13 3.2374e-13 2.8816e-13 -1.8163e-14 2.3891e-14
4.7669e-11 4.6546e-11 4.3353e-11 4.0409e-11 3.9492e-11 4.106e-11 4.9246e-11 4.0105e-11 4.7345e-11 3.9169e-11 4.6023e-11 4.5454e-11 4.5643e-11 4.7977e-11 3.5668e-11 3.4149e-11 3.7558e-11 4.6582e-11 3.4463e-11 3.539e-11 2.9342e-11 3.689e-11 3.8071e-11 3.5639e-11 4.3894e-11 3.9915e-11 3.243e-11 4.4599e-11 3.19e-11 2.7617e-11 3.4585e-11 3.0855e-11 3.2306e-11 3.4193e-11 3.2804e-11 3.1118e-11 2.4225e-11 3.2422e-11 2.0695e-11 2.4474e-11 2.8147e-11 2.3109e-11 1.4913e-11 1.7993e-11 1.3251e-11 1.8832e-11 1.6491e-11 1.7403e-11 1.4035e-11 1.7401e-11 1.6361e-11 1.268e-11 1.1168e-11 1.3209e-11 8.9491e-12 9.1914e-12 1.1853e-11 1.0671e-11 8.7283e-12 7.57e-12 7.705e-12 4.873e-12 3.1152e-12 4.0189e-12 5.5541e-12 1.6999e-12 9.0879e-12 4.7277e-12 6.145e-12 4.1947e-12 5.8429e-12 5.7909e-12 2.1579e-12 6.2941e-12 3.2241e-12 7.1487e-12 1.5801e-12 -1.3795e-12 1.7571e-12 7.6373e-13 2.6496e-12 2.4022e-13 2.8346e-12 1.5507e-12 -2.5896e-12 3.5526e-12 2.1331e-12 -2.6968e-12 2.1344e-12 2.6026e-13 2.5612e-12 -4.9099e-13 2.2361e-13 3.6015e-12 4.8491e-13 7.7648e-13 2.9109e-12 -2.735e-12 -1.3905e-12 9.198e-13 4.3559e-13 2.5584e-12 2.4284e-12 2.1322e-12 -2.0185e-13 1.9224e-12 1.8982e-13 6.242e-13 -4.8763e-13 1.8279e-12 1.2664e-12 -1.6569e-12 5.4361e-13 8.6833e-13 3.0271e-13 1.1841e-13 3.889e-13 -3.039e-14 3.1325e-14
4.2659e-11 4.1518e-11 3.8069e-11 3.4496e-11 3.6248e-11 3.5202e-11 4.6484e-11 3.4272e-11 4.2821e-11 3.6791e-11 4.0271e-11 4.0401e-11 3.8144e-11 3.5668e-11 4.151e-11 3.2061e-11 3.6082e-11 4.1651e-11 3.0844e-11 3.3148e-11 2.7193e-11 3.0906e-11 3.0339e-11 3.5145e-11 3.9061e-11 3.5192e-11 2.5414e-11 3.9808e-11 2.8345e-11 2.4594e-11 2.4099e-11 2.8797e-11 2.9208e-11 3.0888e-11 3.0328e-11 2.6688e-11 2.3376e-11 2.4825e-11 2.031e-11 2.3395e-11 2.1482e-11 2.1534e-11 1.6474e-11 1.6019e-11 9.9599e-12 1.7485e-11 1.126e-11 1.6648e-11 1.5069e-11 1.1857e-11 1.2832e-11 1.1217e-11 8.8978e-12 1.404e-11 6.9593e-12 8.1444e-12 1.0874e-11 7.616e-12 7.9872e-12 6.8629e-12 9.1313e-12 5.483e-12 3.0705e-12 2.396e-12 5.3071e-12 2.2913e-12 9.7788e-12 4.7949e-12 4.1571e-12 2.1679e-12 5.6545e-12 2.7987e-12 2.9346e-12 5.1401e-12 2.7242e-12 3.8656e-12 3.194e-12 -1.76e-12 3.0958e-12 -4.4749e-14 1.1172e-12 1.8117e-12 2.4499e-12 1.1891e-12 -9.0606e-13 3.4532e-12 1.2769e-12 -1.8835e-12 2.8268e-14 3.159e-12 3.2642e-12 -9.2719e-13 3.566e-13 2.9484e-12 2.8625e-14 6.6543e-13 2.8039e-12 -2.8726e-12 1.7068e-13 3.277e-13 7.9997e-13 1.5016e-12 9.7595e-13 2.8456e-13 2.8295e-13 1.605e-12 -3.8535e-13 6.0375e-13 -5.0928e-13 1.5401e-12 1.324e-12 -1.3918e-12 1.7834e-13 7.525e-13 2.3795e-13 4.5596e-13 3.2495e-13 -3.745e-14 1.9184e-14
4.0627e-11 3.8535e-11 3.737e-11 3.4154e-11 3.1684e-11 3.5336e-11 4.0936e-11 3.1801e-11 3.7771e-11 3.7154e-11 3.9037e-11 3.8322e-11 3.5746e-11 3.4149e-11 3.2061e-11 4.2383e-11 3.4366e-11 4.2848e-11 2.7607e-11 3.2044e-11 2.5393e-11 3.0201e-11 2.8965e-11 3.1653e-11 3.9672e-11 3.0057e-11 2.3718e-11 3.5957e-11 2.6873e-11 2.4019e-11 2.4941e-11 2.7115e-11 3.2681e-11 2.9687e-11 2.5343e-11 2.6438e-11 1.8199e-11 2.579e-11 2.1506e-11 2.1195e-11 2.0726e-11 1.7797e-11 1.6172e-11 1.1114e-11 1.1287e-11 1.5596e-11 1.2259e-11 1.483e-11 1.1443e-11 1.5718e-11 1.5197e-11 9.3905e-12 1.1064e-11 1.4814e-11 5.1179e-12 8.201e-12 1.1673e-11 9.3002e-12 6.8311e-12 6.7601e-12 8.2119e-12 4.3492e-12 3.0821e-12 2.6814e-12 4.2553e-12 2.1329e-12 7.8902e-12 4.4817e-12 2.4631e-12 3.1422e-12 4.1311e-12 2.6007e-12 3.7342e-12 4.4836e-12 4.6333e-12 4.0906e-12 2.1397e-12 4.8063e-13 3.2666e-12 8.1389e-13 2.196e-14 2.1031e-13 1.3162e-12 -1.2718e-12 -2.8054e-12 2.022e-12 2.277e-12 9.1759e-13 1.6062e-12 1.4678e-12 3.9003e-12 9.5678e-13 -9.653e-14 2.9593e-12 1.6537e-12 1.4475e-12 2.0814e-12 -1.4294e-12 -3.1979e-13 1.936e-12 4.7731e-13 2.1722e-12 1.7201e-12 1.1197e-12 4.6287e-13 1.6759e-12 2.0894e-13 -3.5996e-13 -2.1141e-13 1.0532e-12 1.0526e-12 -1.2362e-12 2.2319e-13 3.9957e-13 1.9683e-13 4.4697e-13 3.6471e-13 -2.8349e-14 8.6602e-15
4.5871e-11 4.4866e-11 4.582e-11 3.9479e-11 3.8696e-11 3.8195e-11 4.8893e-11 3.7028e-11 4.6845e-11 3.8294e-11 4.3611e-11 4.1573e-11 4.3012e-11 3.7558e-11 3.6082e-11 3.4366e-11 4.4898e-11 4.5121e-11 3.3221e-11 3.7638e-11 2.9328e-11 3.236e-11 3.3261e-11 3.6864e-11 4.2671e-11 3.6905e-11 2.7207e-11 4.2821e-11 3.1267e-11 2.673e-11 2.7689e-11 2.8986e-11 3.2021e-11 3.75e-11 3.046e-11 3.0912e-11 2.4119e-11 2.738e-11 1.9236e-11 2.5814e-11 2.2708e-11 2.3562e-11 1.8669e-11 1.5236e-11 1.3491e-11 1.515e-11 1.5185e-11 1.6944e-11 1.0442e-11 1.3478e-11 1.3506e-11 1.3103e-11 1.1279e-11 1.3067e-11 8.2557e-12 9.1765e-12 1.0811e-11 9.4149e-12 8.2762e-12 7.5723e-12 7.7016e-12 3.8288e-12 5.8564e-12 3.3273e-12 7.3383e-12 2.9804e-12 7.7073e-12 4.1424e-12 3.8945e-12 2.5934e-12 4.4906e-12 3.7191e-12 3.713e-12 6.992e-12 3.9697e-12 4.6996e-12 3.726e-12 -4.5487e-13 2.7676e-12 2.2029e-12 1.0595e-12 9.4177e-13 2.8218e-12 1.4687e-12 -2.2672e-12 3.2276e-12 1.9483e-12 -1.7385e-12 1.2559e-12 2.1977e-12 2.002e-12 -1.7912e-13 -4.3468e-13 3.5509e-12 -5.2772e-13 1.0272e-12 3.0519e-12 -3.0089e-12 2.8039e-13 1.411e-12 1.836e-12 2.3786e-12 1.8862e-12 5.965e-13 4.4115e-13 1.8048e-12 -6.1126e-14 5.4091e-14 -6.7067e-13 1.8199e-12 6.4264e-13 -1.1613e-12 1.4413e-13 7.1394e-13 5.094e-13 3.243e-13 1.966e-13 -7.3912e-14 3.696e-14
5.4632e-11 5.3551e-11 4.9753e-11 4.4889e-11 4.3048e-11 4.7926e-11 5.8725e-11 4.3776e-11 5.1817e-11 4.6132e-11 5.5588e-11 5.085e-11 5.047e-11 4.6582e-11 4.1651e-11 4.2848e-11 4.5121e-11 6.7833e-11 3.8671e-11 4.4573e-11 3.3518e-11 4.2065e-11 4.262e-11 4.2423e-11 5.217e-11 4.4715e-11 3.4393e-11 4.9034e-11 3.6524e-11 3.2921e-11 3.369e-11 3.7258e-11 3.7866e-11 3.9938e-11 3.6526e-11 3.5764e-11 2.6631e-11 3.3644e-11 2.5753e-11 2.6666e-11 3.1446e-11 2.9732e-11 2.4892e-11 1.7765e-11 1.5769e-11 1.8732e-11 1.8204e-11 1.9023e-11 1.4356e-11 1.9763e-11 1.6923e-11 1.3069e-11 1.4749e-11 1.5238e-11 1.109e-11 1.209e-11 1.4457e-11 1.2891e-11 1.1218e-11 8.8204e-12 1.4534e-11 7.6138e-12 5.9095e-12 7.7906e-12 6.9134e-12 1.4032e-12 1.1274e-11 5.1836e-12 3.8179e-12 7.7109e-12 3.09e-12 4.6035e-12 6.1105e-12 5.7339e-12 3.8539e-12 7.0551e-12 3.8242e-12 -6.3068e-14 1.1783e-12 3.4771e-13 1.6724e-12 1.182e-12 1.4916e-12 -7.029e-13 -1.6287e-12 4.6076e-12 2.7402e-12 -2.6691e-12 2.689e-12 7.0648e-13 4.3641e-12 7.7434e-13 8.4949e-13 3.4173e-12 7.5391e-13 1.1466e-12 2.917e-12 -3.5025e-12 -2.017e-12 5.9313e-13 -2.2546e-13 3.5391e-12 2.12e-12 2.4914e-12 -1.7042e-13 2.3104e-12 4.0241e-13 6.4254e-13 -1.6e-12 1.634e-12 1.3685e-12 -1.7141e-12 5.5114e-13 4.329e-13 2.6245e-13 2.9141e-13 3.2277e-13 -1.2857e-14 2.7726e-14
4.2092e-11 4.1679e-11 3.7116e-11 3.4483e-11 3.4077e-11 3.3948e-11 4.2362e-11 3.4193e-11 3.9761e-11 3.2844e-11 3.7951e-11 3.9583e-11 3.8627e-11 3.4463e-11 3.0844e-11 2.7607e-11 3.3221e-11 3.8671e-11 3.5766e-11 2.9817e-11 2.7607e-11 3.2989e-11 2.9291e-11 3.1136e-11 3.6826e-11 3.2167e-11 2.5533e-11 3.9683e-11 2.7689e-11 2.4217e-11 2.612e-11 2.5293e-11 2.8828e-11 3.1429e-11 2.6399e-11 2.9904e-11 2.283e-11 2.541e-11 1.81e-11 1.8685e-11 2.3311e-11 2.0677e-11 1.4281e-11 1.3954e-11 1.2358e-11 1.7661e-11 1.1275e-11 1.4388e-11 1.0748e-11 1.2328e-11 1.0822e-11 1.2651e-11 8.5511e-12 9.4543e-12 5.8304e-12 8.2653e-12 1.0794e-11 1.071e-11 7.9528e-12 5.3906e-12 7.7027e-12 4.1131e-12 3.4695e-12 4.5783e-12 5.2919e-12 4.2582e-12 7.7719e-12 5.371e-12 2.7562e-12 2.6334e-12 5.3016e-12 3.7903e-12 4.9629e-12 5.5702e-12 1.8393e-12 4.7809e-12 1.2552e-12 -4.5177e-13 1.9264e-12 1.0542e-12 5.5134e-13 2.6401e-12 2.8413e-12 1.3027e-12 -2.4005e-12 2.7626e-12 3.8886e-13 -1.1277e-12 1.2607e-12 1.9002e-12 3.0183e-12 6.4862e-13 -1.7271e-12 3.7891e-12 3.5013e-13 -4.9372e-13 2.2655e-12 -2.9814e-12 -2.7755e-13 4.0978e-13 1.243e-12 2.6222e-12 1.5803e-12 2.118e-12 -5.9776e-13 1.0967e-12 -5.8936e-13 9.517e-13 -6.6189e-13 1.7596e-12 7.581e-13 -9.1496e-13 4.2681e-13 7.0468e-13 2.4461e-13 1.4134e-13 1.5828e-13 -5.9181e-14 2.4036e-14
4.0391e-11 4.1492e-11 4.1327e-11 3.6148e-11 3.5414e-11 3.6341e-11 4.3995e-11 3.5357e-11 4.5242e-11 3.5574e-11 4.2065e-11 3.7933e-11 4.0184e-11 3.539e-11 3.3148e-11 3.2044e-11 3.7638e-11 4.4573e-11 2.9817e-11 4.0708e-11 2.5454e-11 3.2646e-11 3.2842e-11 3.3365e-11 4.0958e-11 3.6892e-11 2.4767e-11 3.988e-11 2.7273e-11 2.4121e-11 2.8093e-11 2.709e-11 2.8741e-11 3.1618e-11 2.8703e-11 2.7884e-11 2.0841e-11 2.6001e-11 1.9746e-11 2.0556e-11 2.4627e-11 2.1562e-11 1.7312e-11 1.4313e-11 1.3903e-11 1.2932e-11 1.1603e-11 1.5629e-11 1.268e-11 1.3015e-11 1.3877e-11 1.1005e-11 8.0928e-12 1.1951e-11 7.4076e-12 9.1676e-12 1.2246e-11 9.0841e-12 6.8605e-12 7.7942e-12 8.2745e-12 5.1832e-12 6.4174e-12 4.6829e-12 7.4202e-12 2.1268e-12 6.9579e-12 4.9845e-12 2.6855e-12 4.4387e-12 4.4701e-12 3.3326e-12 2.5834e-12 5.5131e-12 3.6655e-12 5.9948e-12 3.7127e-12 -1.0155e-14 1.9453e-12 1.5019e-12 1.0207e-12 1.8287e-12 3.2423e-12 1.455e-12 -2.6901e-12 2.7584e-12 3.7017e-13 -2.6487e-12 1.5666e-12 3.1626e-12 9.3573e-13 -2.7223e-13 1.4684e-13 3.8605e-12 1.095e-12 9.2471e-14 3.0942e-12 -2.0642e-12 -9.4726e-13 5.0713e-13 7.4181e-13 2.1472e-12 1.0664e-12 9.3407e-13 1.0927e-12 1.7685e-12 -9.9233e-14 -5.4901e-14 -1.1401e-12 1.5551e-12 5.4944e-13 -8.9982e-13 5.5093e-13 5.56e-13 4.2484e-13 1.6272e-13 2.268e-13 -1.3544e-13 3.6502e-14
3.3831e-11 3.4013e-11 3.3966e-11 2.8757e-11 2.9365e-11 2.9722e-11 3.7426e-11 2.9879e-11 3.4833e-11 2.9831e-11 3.1348e-11 3.3946e-11 3.2637e-11 2.9342e-11 2.7193e-11 2.5393e-11 2.9328e-11 3.3518e-11 2.7607e-11 2.5454e-11 2.8606e-11 2.7161e-11 2.6496e-11 2.485e-11 3.1465e-11 2.7129e-11 2.0812e-11 3.1799e-11 2.5875e-11 2.0074e-11 2.1881e-11 2.117e-11 2.4914e-11 2.7305e-11 2.3532e-11 2.407e-11 1.8061e-11 2.157e-11 1.5315e-11 1.6874e-11 1.8201e-11 1.7795e-11 1.3078e-11 1.2028e-11 9.1869e-12 1.152e-11 1.1061e-11 1.2546e-11 1.0222e-11 9.3478e-12 1.1922e-11 9.5356e-12 9.5166e-12 1.0847e-11 5.4281e-12 6.8569e-12 7.7697e-12 7.572e-12 6.1472e-12 4.2501e-12 5.4244e-12 4.2732e-12 2.6748e-12 3.9923e-12 6.572e-12 3.2336e-12 5.8859e-12 2.3303e-12 2.6352e-12 9.2099e-13 4.0409e-12 3.2153e-12 3.8629e-12 4.897e-12 1.721e-12 3.2898e-12 -8.6617e-13 -6.7789e-13 1.8113e-12 1.2564e-13 1.265e-12 1.5507e-12 1.131e-12 6.7533e-13 -1.8121e-12 2.0107e-12 -1.1481e-13 1.0421e-13 1.008e-12 1.428e-12 3.2903e-12 6.062e-13 -1.1353e-12 3.4265e-12 8.8359e-13 -9.8688e-14 2.6715e-12 -2.2683e-12 -1.5783e-12 9.8629e-13 1.6467e-12 2.3151e-12 2.1769e-12 1.4413e-12 -1.3232e-12 1.0693e-12 -7.1466e-13 5.4924e-13 -3.4592e-13 1.2779e-12 6.7617e-13 -7.5076e-13 3.4427e-14 6.4404e-13 2.7512e-13 1.4838e-13 9.0789e-14 -1.8136e-14 1.984e-14
4.3626e-11 3.9829e-11 3.8705e-11 3.6054e-11 3.4719e-11 3.5705e-11 4.4304e-11 3.7447e-11 4.5464e-11 3.4392e-11 4.2581e-11 4.4764e-11 4.0396e-11 3.689e-11 3.0906e-11 3.0201e-11 3.236e-11 4.2065e-11 3.2989e-11 3.2646e-11 2.7161e-11 4.5281e-11 3.4534e-11 3.2948e-11 3.7338e-11 3.3643e-11 2.6919e-11 4.1721e-11 2.7772e-11 2.5668e-11 2.9421e-11 2.8277e-11 3.2532e-11 2.8789e-11 3.1084e-11 3.1628e-11 2.1447e-11 3.0803e-11 2.0222e-11 2.0644e-11 2.7312e-11 2.0236e-11 1.7048e-11 1.6037e-11 1.4229e-11 2.0007e-11 1.287e-11 1.604e-11 1.1958e-11 1.375e-11 1.3414e-11 1.1622e-11 1.0328e-11 1.1571e-11 7.8694e-12 9.7432e-12 1.166e-11 1.1095e-11 7.3683e-12 7.5044e-12 9.916e-12 7.3212e-12 2.9924e-12 3.8986e-12 3.547e-12 3.5605e-12 5.6558e-12 2.8908e-12 3.9181e-12 7.2748e-12 5.8826e-12 1.364e-13 5.3458e-12 4.9986e-12 8.4236e-13 5.4674e-12 7.9238e-13 1.4193e-12 1.4775e-12 7.0584e-13 -3.7874e-13 1.429e-12 1.09e-12 2.0553e-12 -1.0112e-12 3.1574e-12 1.4956e-12 -1.613e-12 2.3647e-12 1.829e-12 1.3207e-12 -2.0452e-13 2.2895e-13 3.2352e-12 1.311e-12 -1.124e-13 2.8788e-12 -1.7978e-12 -1.258e-12 4.3481e-13 9.5112e-13 2.8426e-12 7.7546e-13 2.8247e-12 -6.6403e-13 9.521e-13 -8.3083e-13 6.77e-13 -1.1046e-12 1.6115e-12 1.2008e-12 -1.0423e-12 1.0206e-12 5.6572e-13 2.4444e-13 1.8374e-13 4.3295e-13 -8.6407e-14 3.1335e-14
4.4366e-11 4.0154e-11 4.1495e-11 3.6683e-11 3.4783e-11 3.545e-11 4.8262e-11 3.5388e-11 4.3918e-11 3.6459e-11 3.9938e-11 4.0621e-11 3.875e-11 3.8071e-11 3.0339e-11 2.8965e-11 3.3261e-11 4.262e-11 2.9291e-11 3.2842e-11 2.6496e-11 3.4534e-11 4.631e-11 3.3511e-11 3.7409e-11 3.4447e-11 3.1638e-11 3.9434e-11 3.0387e-11 2.3988e-11 2.4111e-11 3.048e-11 2.9575e-11 3.2404e-11 3.0756e-11 2.715e-11 2.2681e-11 2.7542e-11 1.9589e-11 2.5503e-11 2.7145e-11 1.9109e-11 1.3616e-11 1.5231e-11 1.2908e-11 1.8362e-11 1.4983e-11 1.2746e-11 8.0271e-12 1.5871e-11 1.4074e-11 9.9514e-12 1.3413e-11 1.2448e-11 7.0494e-12 8.346e-12 1.2432e-11 9.347e-12 6.4205e-12 8.7897e-12 6.6175e-12 4.3667e-12 2.1712e-12 5.3864e-12 8.3122e-12 1.5382e-12 6.7605e-12 4.2277e-12 4.8507e-12 4.8198e-12 3.9962e-12 4.1531e-12 3.5132e-12 6.3305e-12 1.5608e-12 4.2087e-12 3.7607e-13 2.1167e-12 6.8137e-13 1.3213e-12 3.2816e-12 1.4345e-12 2.6695e-12 1.5078e-13 -4.0676e-12 7.4392e-13 1.1239e-12 -5.6026e-13 1.979e-12 9.6617e-13 2.4552e-12 -1.0669e-12 1.4092e-12 3.3469e-12 1.3075e-12 1.473e-12 1.618e-12 -2.2168e-12 -1.4948e-12 1.315e-12 5.1864e-13 1.4852e-12 2.5875e-12 8.7382e-13 1.4485e-12 1.5408e-12 -2.1573e-13 8.4606e-13 -7.1538e-13 1.5921e-12 6.7328e-13 -1.4295e-12 6.7045e-13 3.8691e-13 2.8858e-13 1.8973e-13 3.9041e-13 -1.0726e-13 5.9663e-14
4.4448e-11 4.2363e-11 3.8521e-11 3.774e-11 3.3189e-11 3.389e-11 4.2967e-11 3.3326e-11 4.1302e-11 3.4378e-11 4.0677e-11 4.0771e-11 4.0003e-11 3.5639e-11 3.5145e-11 3.1653e-11 3.6864e-11 4.2423e-11 3.1136e-11 3.3365e-11 2.485e-11 3.2948e-11 3.3511e-11 4.2568e-11 3.6228e-11 3.4437e-11 2.7115e-11 3.7696e-11 2.8216e-11 2.6051e-11 2.2581e-11 2.6639e-11 2.9218e-11 3.2135e-11 2.7636e-11 2.7375e-11 2.3529e-11 2.6622e-11 2.0496e-11 2.428e-11 2.3816e-11 2.2153e-11 1.5109e-11 1.4997e-11 1.2987e-11 1.9573e-11 1.2939e-11 1.4628e-11 1.2101e-11 1.2987e-11 1.3612e-11 1.1593e-11 1.2673e-11 1.1271e-11 5.1951e-12 1.022e-11 1.2887e-11 7.2352e-12 8.9884e-12 5.0973e-12 7.8832e-12 4.4324e-12 4.0217e-12 2.7215e-12 6.9393e-12 2.3959e-12 6.9669e-12 5.384e-12 3.6612e-12 4.0918e-12 5.5294e-12 1.6697e-12 4.0028e-12 4.8753e-12 2.4673e-12 4.9303e-12 3.5458e-12 7.0463e-13 1.4946e-12 -2.2343e-13 1.3113e-12 2.8554e-12 3.1204e-12 8.3964e-13 -2.0192e-12 2.689e-12 2.0622e-12 -1.8868e-12 -4.5328e-13 1.0741e-12 3.556e-12 -2.3127e-13 1.6988e-12 2.828e-12 2.4439e-13 1.8382e-12 1.9031e-12 -3.267e-12 9.631e-13 -1.3835e-13 2.6197e-13 2.4525e-12 7.3931e-13 -3.7789e-14 1.0718e-12 1.5552e-12 6.6695e-13 3.0909e-13 -7.1867e-13 1.1962e-12 9.0594e-13 -1.1862e-12 4.5246e-13 8.3047e-13 3.5242e-13 4.3757e-13 4.0738e-13 -4.4093e-14 2.2859e-14
5.0129e-11 5.0597e-11 4.7185e-11 4.3703e-11 4.415e-11 4.3232e-11 5.585e-11 4.2599e-11 5.1506e-11 4.2806e-11 5.1081e-11 4.6221e-11 4.7467e-11 4.3894e-11 3.9061e-11 3.9672e-11 4.2671e-11 5.217e-11 3.6826e-11 4.0958e-11 3.1465e-11 3.7338e-11 3.7409e-11 3.6228e-11 5.6318e-11 3.9499e-11 3.3132e-11 4.8416e-11 3.4963e-11 3.0178e-11 3.5824e-11 3.732e-11 3.5215e-11 4.0455e-11 3.5523e-11 3.8123e-11 2.4299e-11 3.3206e-11 2.5747e-11 2.5361e-11 2.9254e-11 2.4323e-11 1.9004e-11 1.7134e-11 1.61e-11 1.727e-11 1.7144e-11 1.8458e-11 1.3595e-11 1.4833e-11 1.5769e-11 1.2016e-11 1.3898e-11 1.4324e-11 9.1028e-12 1.2219e-11 1.0277e-11 1.1909e-11 8.151e-12 1.0787e-11 1.1094e-11 3.1179e-12 5.6133e-12 6.897e-12 5.052e-12 2.8617e-12 1.1023e-11 4.3361e-12 4.5755e-12 3.8309e-12 6.7758e-12 4.9545e-12 4.6765e-12 7.2546e-12 5.4532e-12 5.4276e-12 2.5302e-12 -2.0823e-13 2.0108e-12 1.8975e-14 3.947e-13 1.883e-12 3.1938e-12 9.4631e-13 -1.3638e-12 3.1557e-12 2.4148e-12 -1.2622e-12 1.3891e-12 2.4831e-12 2.5547e-12 -3.6829e-13 -7.7245e-13 4.3528e-12 1.4282e-12 -2.4882e-13 4.5931e-12 -2.0982e-12 -1.7738e-14 1.2414e-12 1.5788e-12 3.1357e-12 2.2541e-12 1.9367e-12 -2.1795e-13 1.5492e-12 6.6801e-14 1.7313e-13 -1.2092e-12 1.7789e-12 9.3907e-13 -1.2552e-12 -3.8136e-15 7.3211e-13 1.5257e-13 2.8324e-13 3.7358e-13 -7.668e-14 3.1166e-14
4.2849e-11 4.4134e-11 4.3232e-11 3.6793e-11 3.6876e-11 3.7866e-11 4.7164e-11 3.7269e-11 4.4982e-11 3.7499e-11 4.1125e-11 4.2084e-11 4.2724e-11 3.9915e-11 3.5192e-11 3.0057e-11 3.6905e-11 4.4715e-11 3.2167e-11 3.6892e-11 2.7129e-11 3.3643e-11 3.4447e-11 3.4437e-11 3.9499e-11 4.2877e-11 2.682e-11 3.9281e-11 3.1256e-11 2.5188e-11 2.9332e-11 2.8862e-11 3.1936e-11 3.0464e-11 2.983e-11 3.1156e-11 2.4402e-11 2.7625e-11 1.9734e-11 2.2197e-11 2.7301e-11 2.2547e-11 1.6392e-11 1.7047e-11 1.2592e-11 1.7365e-11 1.4567e-11 1.6657e-11 1.2407e-11 1.6038e-11 1.1058e-11 1.1554e-11 9.2545e-12 1.3221e-11 7.109e-12 7.6125e-12 1.347e-11 9.093e-12 8.3901e-12 6.7566e-12 6.2231e-12 6.1106e-12 5.4093e-12 5.4744e-12 8.219e-12 2.0114e-12 7.1879e-12 4.3964e-12 5.2405e-12 3.1679e-12 4.2273e-12 4.8592e-12 3.1314e-12 7.327e-12 3.1322e-12 6.6605e-12 1.8417e-12 -8.9362e-13 2.1381e-12 1.2046e-12 3.7023e-12 4.118e-13 3.0337e-12 2.8359e-12 -3.0195e-12 4.4653e-12 1.525e-12 -2.4335e-12 1.8727e-12 2.3189e-12 1.2312e-12 -1.0859e-12 7.0769e-13 3.6082e-12 5.9712e-13 6.2345e-13 2.8927e-12 -3.5694e-12 -5.046e-13 2.7926e-13 1.121e-12 2.0066e-12 2.1504e-12 2.2973e-12 3.1886e-13 1.4203e-12 -2.747e-13 2.4389e-13 -6.7136e-13 1.3546e-12 1.1923e-12 -1.3043e-12 5.3768e-13 7.4475e-13 4.3756e-13 2.7915e-13 2.3508e-13 -6.1605e-14 2.4264e-14
3.7446e-11 3.7616e-11 3.3053e-11 2.9574e-11 3.3691e-11 3.1704e-11 3.9429e-11 2.9818e-11 3.5643e-11 2.73e-11 3.3867e-11 3.3619e-11 3.1771e-11 3.243e-11 2.5414e-11 2.3718e-11 2.7207e-11 3.4393e-11 2.5533e-11 2.4767e-11 2.0812e-11 2.6919e-11 3.1638e-11 2.7115e-11 3.3132e-11 2.682e-11 3.5689e-11 3.2538e-11 2.5845e-11 2.0386e-11 2.2576e-11 2.3116e-11 2.4512e-11 2.9539e-11 2.2521e-11 2.3264e-11 1.7398e-11 2.267e-11 1.6256e-11 1.8167e-11 1.9824e-11 1.7019e-11 1.126e-11 1.3274e-11 8.9659e-12 1.6065e-11 1.0986e-11 9.7878e-12 7.62e-12 1.5095e-11 1.1176e-11 1.1542e-11 8.8753e-12 6.2704e-12 5.4335e-12 6.6174e-12 1.1202e-11 8.397e-12 9.129e-12 5.2066e-12 5.9047e-12 2.2483e-12 4.2381e-14 1.8939e-12 3.8511e-12 -2.1641e-13 8.3884e-12 3.5649e-12 4.9638e-12 3.5738e-12 5.2993e-12 4.487e-12 4.7373e-12 4.7903e-12 3.8704e-12 5.9319e-12 1.6919e-12 2.0279e-12 -1.167e-12 9.4843e-13 3.3157e-12 4.8788e-13 1.9243e-12 3.8164e-13 -4.6406e-12 6.6148e-13 1.2348e-13 -8.3328e-13 1.8525e-12 -2.0233e-12 2.4059e-12 2.598e-13 3.8817e-14 2.5943e-12 -1.726e-12 5.1483e-13 2.3914e-12 4.9907e-13 4.813e-13 1.1563e-12 4.0416e-13 2.646e-12 1.2133e-12 1.626e-12 1.6617e-12 7.0738e-13 -3.2051e-15 1.0351e-12 -9.4514e-13 1.1287e-12 3.7377e-13 -1.3228e-12 3.9331e-13 3.9593e-13 7.7656e-14 1.0185e-13 3.849e-13 -3.169e-14 3.3792e-14
5.3788e-11 5.1108e-11 4.948e-11 4.6328e-11 4.3504e-11 4.3121e-11 5.682e-11 4.3869e-11 5.412e-11 4.2715e-11 5.2264e-11 4.8449e-11 5.0061e-11 4.4599e-11 3.9808e-11 3.5957e-11 4.2821e-11 4.9034e-11 3.9683e-11 3.988e-11 3.1799e-11 4.1721e-11 3.9434e-11 3.7696e-11 4.8416e-11 3.9281e-11 3.2538e-11 5.7861e-11 3.4279e-11 3.2569e-11 3.5566e-11 3.4749e-11 3.5629e-11 3.9515e-11 3.7364e-11 3.7426e-11 2.8313e-11 3.2513e-11 2.5393e-11 2.6408e-11 2.9593e-11 2.4405e-11 1.8654e-11 1.8022e-11 1.5153e-11 2.0344e-11 1.7577e-11 2.0929e-11 1.3538e-11 1.6079e-11 1.6255e-11 1.5892e-11 1.1804e-11 1.318e-11 8.2197e-12 9.8955e-12 1.4432e-11 1.1031e-11 7.5012e-12 9.8365e-12 1.107e-11 4.4389e-12 6.1762e-12 5.2925e-12 4.7295e-12 3.8837e-12 9.2383e-12 4.8628e-12 3.9629e-12 4.7176e-12 6.3309e-12 4.1489e-12 3.2888e-12 8.0861e-12 1.5302e-12 6.0375e-12 2.5508e-12 2.5592e-13 2.7139e-12 1.508e-12 -9.5292e-13 3.3773e-12 4.0346e-12 9.2166e-13 -2.1171e-12 3.0382e-12 1.6333e-12 -2.0066e-12 1.7057e-12 2.6613e-12 3.5154e-12 3.1916e-13 -1.0794e-12 4.7681e-12 1.0465e-12 5.1207e-13 4.2534e-12 -1.9835e-12 -2.422e-13 1.5038e-12 1.1655e-12 1.9011e-12 1.6549e-12 1.4037e-12 -5.7343e-14 2.0266e-12 -5.3313e-13 7.8959e-13 -8.6326e-13 1.9449e-12 1.1247e-12 -1.4759e-12 4.9828e-13 8.9928e-13 5.0933e-13 3.1572e-13 3.5313e-13 -1.1077e-13 4.0014e-14
3.8204e-11 3.8036e-11 3.9388e-11 3.5205e-11 3.4033e-11 3.4426e-11 4.5489e-11 3.2703e-11 3.8868e-11 3.3239e-11 3.4666e-11 3.7034e-11 3.3267e-11 3.19e-11 2.8345e-11 2.6873e-11 3.1267e-11 3.6524e-11 2.7689e-11 2.7273e-11 2.5875e-11 2.7772e-11 3.0387e-11 2.8216e-11 3.4963e-11 3.1256e-11 2.5845e-11 3.4279e-11 3.6902e-11 2.0695e-11 2.3614e-11 2.6722e-11 2.7072e-11 3.1518e-11 2.437e-11 3.1072e-11 1.9934e-11 2.0935e-11 1.7363e-11 2.3056e-11 2.3364e-11 2.0326e-11 1.5979e-11 1.1737e-11 9.2441e-12 1.5857e-11 1.2584e-11 1.6305e-11 9.5035e-12 1.1341e-11 1.0204e-11 1.0478e-11 1.2132e-11 1.0131e-11 3.9797e-12 6.2398e-12 1.1217e-11 6.6372e-12 7.6866e-12 5.4228e-12 4.7998e-12 4.3004e-12 2.1448e-12 4.542e-12 7.0684e-12 4.0677e-12 6.8461e-12 2.7493e-12 4.9467e-12 3.4936e-12 6.1045e-12 4.3571e-12 5.0005e-12 5.791e-12 7.7164e-13 3.8106e-12 4.1134e-13 1.183e-12 2.0392e-12 1.0875e-12 4.0295e-12 1.6471e-12 2.2045e-12 2.0477e-12 -3.1213e-12 4.2547e-13 4.4973e-13 7.6126e-13 -3.918e-13 7.6828e-13 3.5977e-12 1.0827e-12 -1.0416e-12 2.2918e-12 2.4899e-13 1.512e-12 2.0687e-12 -1.228e-12 -6.0495e-13 1.5566e-12 1.2944e-12 1.9907e-12 1.5907e-12 1.8393e-12 1.9213e-13 9.5766e-13 4.9304e-13 2.4452e-13 -4.6836e-13 1.0859e-12 1.0248e-12 -1.0904e-12 -1.4746e-13 6.015e-13 3.561e-13 9.6131e-14 1.8468e-13 -1.1639e-13 3.0255e-14
3.4073e-11 3.1216e-11 3.0439e-11 2.7904e-11 2.4714e-11 2.6275e-11 3.4662e-11 2.8049e-11 2.9907e-11 2.5129e-11 3.2795e-11 3.0092e-11 2.8734e-11 2.7617e-11 2.4594e-11 2.4019e-11 2.673e-11 3.2921e-11 2.4217e-11 2.4121e-11 2.0074e-11 2.5668e-11 2.3988e-11 2.6051e-11 3.0178e-11 2.5188e-11 2.0386e-11 3.2569e-11 2.0695e-11 2.861e-11 1.9773e-11 2.028e-11 2.4402e-11 2.2806e-11 2.2696e-11 1.9954e-11 1.8541e-11 2.0264e-11 1.4914e-11 1.4435e-11 1.9466e-11 1.628e-11 1.2134e-11 9.6659e-12 1.1269e-11 1.2354e-11 1.0342e-11 1.0055e-11 7.6336e-12 9.223e-12 9.1634e-12 7.1314e-12 7.7133e-12 9.1518e-12 5.2501e-12 7.093e-12 8.7573e-12 7.6395e-12 5.4958e-12 5.2159e-12 6.3007e-12 3.721e-12 3.7507e-12 2.9646e-12 3.516e-12 2.4953e-12 5.1473e-12 7.2981e-13 2.2636e-12 2.6296e-12 2.9123e-12 2.703e-12 3.4144e-12 3.1606e-12 1.2442e-12 4.4699e-12 1.4099e-12 8.5568e-13 9.7447e-13 -6.796e-13 -6.4419e-14 6.1472e-13 2.4072e-12 5.5655e-13 3.5777e-13 2.1765e-12 1.8877e-12 -1.0973e-12 4.3355e-13 1.597e-12 3.4212e-12 -5.7535e-13 1.8916e-13 1.5435e-12 4.1705e-13 1.5731e-12 2.0937e-12 -2.4687e-12 9.035e-13 7.7363e-13 2.4844e-13 7.2936e-13 7.4955e-13 1.149e-12 -1.2127e-13 9.7423e-13 1.2508e-13 4.6635e-13 8.7234e-14 8.7121e-13 4.3624e-13 -1.0606e-12 5.1636e-13 6.1792e-13 4.1145e-13 4.2329e-13 2.0338e-13 2.943e-14 1.7661e-14
