1.0449e-10 9.2532e-11 9.6624e-11 8.1918e-11 7.7109e-11 7.0767e-11 9.9181e-11 6.7505e-11 8.2808e-11 5.8073e-11 7.1398e-11 6.7672e-11 7.2442e-11 7.341e-11 5.0101e-11 4.8301e-11 5.6619e-11 6.0043e-11 3.3673e-11 5.2821e-11 2.7633e-11 5.1964e-11 3.3321e-11 3.6649e-11 2.8459e-11 3.6733e-11 1.6008e-11 2.5718e-11 2.3593e-11 1.392e-11 1.8031e-11 1.2839e-11 5.6282e-12 1.4329e-11 8.1896e-12 1.017e-11 9.1295e-12 3.1969e-12 5.2827e-12 9.241e-12 7.4387e-12 3.7536e-12 2.961e-12 2.8575e-12 5.7373e-12 5.2635e-12 -5.8808e-12 -3.7008e-13 3.5722e-12 -2.415e-13 -3.2409e-12 2.0069e-13 -2.336e-12 -6.6163e-12 -3.3377e-12 -6.0956e-12 1.3104e-12 -1.6188e-12 -3.0793e-12 9.1032e-13 -4.2768e-12 3.1191e-12 -2.7958e-12 -1.1639e-12 -7.4806e-13 -4.6258e-13 9.7616e-13 2.4913e-14 -2.5041e-12 -7.0606e-13 -5.4847e-13 -1.0533e-12 1.2098e-12 1.0382e-12 -5.3397e-13 5.3131e-13 -2.3061e-13 1.5152e-13 2.6261e-14
9.2532e-11 9.8649e-11 9.3827e-11 8.4578e-11 8.0396e-11 7.0577e-11 9.649e-11 6.7155e-11 8.4933e-11 5.6457e-11 6.5992e-11 6.8297e-11 6.9948e-11 6.8355e-11 5.1937e-11 4.9336e-11 5.4078e-11 5.9318e-11 3.6524e-11 5.3981e-11 2.6467e-11 4.5765e-11 3.03e-11 3.5728e-11 3.073e-11 3.4456e-11 1.7681e-11 2.4313e-11 2.1757e-11 1.1939e-11 2.2674e-11 1.2181e-11 3.738e-12 1.4003e-11 9.4977e-12 8.0838e-12 7.0478e-12 3.2603e-12 5.9353e-12 3.8106e-12 1.0396e-11 2.7107e-12 2.5268e-12 -4.1215e-13 5.1445e-12 4.4996e-12 -7.1568e-12 -1.2183e-12 3.2821e-12 -2.2285e-13 -1.1642e-12 1.9888e-12 -1.1935e-12 -5.0217e-12 -2.8249e-12 -3.3627e-12 1.4535e-12 8.5997e-14 -2.7303e-12 -5.6648e-13 -5.7091e-12 3.1926e-12 -2.545e-12 -2.1174e-12 -3.2031e-12 -1.9561e-12 3.0161e-15 2.6653e-13 -2.2352e-12 7.4167e-13 5.2578e-14 -1.1443e-12 7.0794e-13 1.0065e-12 -1.7201e-13 5.2368e-13 -1.3854e-13 7.932e-14 2.1339e-14
9.6624e-11 9.3827e-11 1.1607e-10 9.2302e-11 9.1444e-11 7.2511e-11 1.1535e-10 7.3747e-11 8.7766e-11 6.6085e-11 7.8824e-11 7.8151e-11 8.3098e-11 7.3317e-11 5.553e-11 5.441e-11 6.358e-11 6.7224e-11 3.9135e-11 5.5121e-11 3.1692e-11 5.1885e-11 3.5449e-11 3.8e-11 3.4183e-11 3.9861e-11 1.7614e-11 2.7387e-11 2.5965e-11 1.4979e-11 1.7349e-11 1.4496e-11 6.9549e-12 1.6034e-11 7.7619e-12 1.2244e-11 1.2184e-11 5.2845e-12 5.777e-12 9.2935e-12 7.6447e-12 3.2492e-13 3.2222e-12 1.1036e-12 7.3079e-12 3.0854e-12 -7.8884e-12 -2.0266e-14 3.9108e-12 1.1069e-12 -2.1063e-12 -4.889e-13 -2.0715e-12 -3.0933e-12 -4.4447e-12 -6.3567e-12 2.45e-12 -2.9584e-12 -2.915e-12 3.3492e-13 -5.2813e-12 4.5094e-12 -3.0437e-12 -2.5319e-12 -1.9329e-12 -1.1541e-12 -2.164e-13 -2.6582e-13 -1.022e-12 1.7881e-13 -5.9594e-13 -6.7234e-13 1.3413e-12 1.2917e-12 -7.709e-13 8.6786e-13 -2.6776e-13 3.6335e-13 1.4615e-14
8.1918e-11 8.4578e-11 9.2302e-11 9.3264e-11 7.4298e-11 6.622e-11 9.2687e-11 5.9483e-11 7.73e-11 5.8376e-11 6.7375e-11 6.5902e-11 6.8702e-11 5.7771e-11 5.0301e-11 4.5586e-11 5.0516e-11 5.5803e-11 3.4954e-11 4.831e-11 2.7788e-11 4.3319e-11 2.9026e-11 3.0878e-11 2.9055e-11 3.3429e-11 1.6336e-11 2.626e-11 1.9608e-11 1.3712e-11 1.3681e-11 1.3432e-11 7.3031e-12 1.4401e-11 8.0012e-12 8.7693e-12 9.2067e-12 4.761e-12 5.0769e-12 8.7993e-12 8.4293e-12 1.4881e-13 4.9538e-12 1.6852e-12 6.8707e-12 2.1733e-12 -7.6071e-12 -2.1493e-12 4.4529e-12 1.5731e-12 -2.4414e-12 2.5455e-12 -2.1857e-13 -2.6607e-12 -2.4328e-12 -4.2107e-12 1.4376e-13 -7.2405e-13 -2.0915e-12 -1.1071e-14 -5.2591e-12 5.462e-12 -2.904e-12 -2.3617e-12 5.1843e-13 -1.8802e-12 8.6012e-13 -1.3155e-12 -1.1085e-12 1.5021e-12 -7.5318e-13 -3.3117e-13 1.0361e-12 3.3192e-13 -5.4441e-13 5.8842e-13 -2.9379e-13 2.5608e-13 5.6859e-15
7.7109e-11 8.0396e-11 9.1444e-11 7.4298e-11 9.9211e-11 6.3999e-11 1e-10 5.8677e-11 7.3074e-11 5.5376e-11 6.1607e-11 6.5448e-11 6.7321e-11 6.1636e-11 5.0922e-11 4.5623e-11 5.0165e-11 5.4799e-11 3.5792e-11 4.9012e-11 2.0547e-11 4.2981e-11 3.0793e-11 3.2253e-11 3.1123e-11 3.5211e-11 1.1846e-11 2.9367e-11 2.1372e-11 9.0397e-12 1.2114e-11 8.5745e-12 1.5505e-12 1.732e-11 9.2352e-12 8.6026e-12 9.7984e-12 4.1366e-12 5.8414e-12 7.1172e-12 3.7075e-12 -4.3508e-13 2.7922e-12 -9.2264e-13 3.7504e-12 2.9763e-12 -4.5822e-12 -3.0318e-12 3.6296e-12 5.8106e-14 7.1658e-13 4.8076e-13 -2.2807e-12 -5.0126e-12 -4.819e-12 -5.4586e-12 2.9379e-12 -1.727e-12 -3.4221e-12 2.5089e-13 -5.1796e-12 1.3907e-12 -1.8862e-12 -1.3907e-12 -2.6965e-12 -2.013e-12 1.8058e-12 3.2313e-13 -1.7048e-12 5.607e-13 -1.535e-13 -6.1579e-13 1.0498e-12 1.2171e-12 -4.5439e-13 5.6359e-13 -1.5055e-13 2.4673e-13 1.4245e-14
7.0767e-11 7.0577e-11 7.2511e-11 6.622e-11 6.3999e-11 7.3828e-11 8.0008e-11 5.2885e-11 6.0318e-11 4.7322e-11 5.3221e-11 5.5599e-11 5.7173e-11 5.2295e-11 4.4569e-11 4.1689e-11 4.1369e-11 4.4311e-11 2.899e-11 3.5017e-11 2.2462e-11 3.3634e-11 2.363e-11 2.596e-11 2.9524e-11 2.8301e-11 1.5798e-11 2.2414e-11 1.4499e-11 7.2866e-12 1.2789e-11 1.2264e-11 4.1158e-12 1.1483e-11 9.7828e-12 6.4091e-12 7.9179e-12 4.4269e-12 2.6577e-12 3.6207e-12 4.2708e-12 2.5911e-12 3.5901e-12 2.492e-12 3.5704e-12 3.4587e-12 -5.445e-12 -2.797e-12 2.1748e-12 -5.2172e-13 -3.0933e-12 -9.3925e-13 -4.8215e-13 -5.8901e-12 -2.2723e-12 -5.4348e-12 8.7732e-13 1.0655e-13 -2.6694e-12 8.3166e-13 -3.718e-12 3.7981e-12 -3.3471e-12 -1.987e-12 -2.3049e-12 -1.7194e-12 5.5745e-13 -1.4292e-12 -9.9151e-13 5.352e-13 -7.7753e-13 -1.265e-12 4.0604e-13 5.9878e-13 -5.5652e-13 8.2839e-13 -1.9957e-13 4.21e-14 2.1377e-14
9.9181e-11 9.649e-11 1.1535e-10 9.2687e-11 1e-10 8.0008e-11 1.4103e-10 7.9028e-11 9.1073e-11 7.1366e-11 8.4071e-11 7.681e-11 9.1198e-11 8.0209e-11 6.339e-11 5.293e-11 6.6143e-11 7.2411e-11 4.3506e-11 5.9973e-11 3.3455e-11 5.0951e-11 3.5711e-11 4.1302e-11 3.2748e-11 4.0635e-11 1.5671e-11 3.052e-11 2.4092e-11 1.6804e-11 2.0063e-11 1.3722e-11 2.3173e-12 1.55e-11 8.8519e-12 6.092e-12 1.2891e-11 6.2091e-12 9.8217e-12 6.29e-12 3.9775e-12 2.8667e-12 2.6028e-12 1.0619e-12 6.6334e-12 7.1022e-12 -4.8161e-12 -1.3787e-12 2.1345e-12 3.4427e-13 -1.5594e-12 -1.4965e-12 -3.5555e-12 -4.9316e-12 -2.906e-12 -5.7666e-12 3.4161e-12 -3.009e-12 -3.8329e-12 6.6451e-13 -4.2323e-12 2.5346e-12 -4.1897e-12 -9.6562e-13 -2.5783e-12 -2.1045e-12 7.024e-13 -3.2739e-13 -2.6289e-12 -2.1303e-13 -5.7083e-13 -3.2264e-13 5.5403e-13 1.5395e-12 -2.4466e-13 2.8731e-13 -3.7842e-13 3.8462e-13 2.437e-14
6.7505e-11 6.7155e-11 7.3747e-11 5.9483e-11 5.8677e-11 5.2885e-11 7.9028e-11 6.3518e-11 5.742e-11 4.4715e-11 5.0268e-11 5.1398e-11 5.5903e-11 5.3654e-11 3.8519e-11 4.0074e-11 4.0793e-11 4.8612e-11 2.7374e-11 3.7625e-11 2.1689e-11 3.373e-11 2.4805e-11 2.8717e-11 2.5061e-11 2.3912e-11 1.7852e-11 1.7993e-11 1.9389e-11 9.189e-12 1.9947e-11 1.3649e-11 1.0603e-12 9.2045e-12 7.3386e-12 4.4552e-12 5.2099e-12 4.8494e-12 6.4361e-12 -2.3789e-13 2.6136e-12 -3.7874e-13 2.455e-12 6.9016e-13 6.8062e-12 3.5726e-12 -3.7262e-12 -8.3188e-13 2.0888e-12 -1.2294e-12 -2.693e-12 -1.6298e-12 -1.464e-12 -4.1715e-12 -3.4111e-12 -3.4323e-12 2.3369e-12 -1.482e-12 -3.1617e-12 -1.6747e-12 -2.9359e-12 4.5663e-12 -1.5351e-12 -1.1849e-12 -2.6837e-12 -9.2256e-13 -6.0432e-13 -7.0643e-13 -7.0012e-13 -4.2158e-13 2.2792e-14 -6.7635e-13 6.9075e-13 1.6106e-12 -6.6969e-13 5.899e-13 -4.0337e-13 2.2382e-13 2.1527e-14
8.2808e-11 8.4933e-11 8.7766e-11 7.73e-11 7.3074e-11 6.0318e-11 9.1073e-11 5.742e-11 9.411e-11 5.2903e-11 6.7606e-11 5.8325e-11 7.1719e-11 6.1481e-11 4.6271e-11 4.3502e-11 5.1921e-11 5.3477e-11 3.2453e-11 4.8304e-11 2.3181e-11 4.6275e-11 2.4851e-11 3.2073e-11 2.3701e-11 3.2957e-11 1.5229e-11 2.4816e-11 2.3047e-11 1.4333e-11 2.2415e-11 9.6303e-12 3.2922e-12 1.3868e-11 1.1958e-11 8.3712e-12 7.4922e-12 1.1124e-12 6.9816e-12 7.8781e-12 9.6428e-12 2.0597e-12 2.0391e-12 4.8992e-13 4.7396e-12 4.9159e-12 -6.7961e-12 1.6033e-12 4.6806e-12 4.1072e-12 1.4221e-13 1.8221e-12 -1.186e-12 -4.7832e-12 -1.5907e-12 -3.9209e-12 1.692e-12 -1.8214e-12 -2.7047e-12 -1.6994e-13 -3.9111e-12 1.8864e-12 -4.9533e-12 -1.2088e-12 -3.6133e-13 -2.6867e-12 -2.1578e-14 6.0895e-13 -1.9344e-12 1.028e-12 7.0854e-14 -1.2228e-12 8.7918e-13 1.3364e-12 -5.1017e-13 5.2367e-13 4.5161e-13 4.9104e-14 1.3627e-14
5.8073e-11 5.6457e-11 6.6085e-11 5.8376e-11 5.5376e-11 4.7322e-11 7.1366e-11 4.4715e-11 5.2903e-11 5.1388e-11 4.6738e-11 4.5031e-11 4.8798e-11 4.8216e-11 3.4195e-11 3.09e-11 3.5942e-11 4.5055e-11 2.6936e-11 3.7193e-11 2.0691e-11 2.9916e-11 1.9046e-11 2.251e-11 2.4518e-11 2.3719e-11 1.1631e-11 1.9572e-11 1.6188e-11 1.0689e-11 1.1871e-11 9.0529e-12 3.6761e-12 1.2053e-11 7.8434e-12 3.3561e-12 3.168e-12 1.835e-12 2.9673e-12 4.701e-12 1.7927e-12 1.7687e-12 2.6325e-12 -2.9819e-13 2.686e-12 2.6449e-12 -5.2102e-12 -8.2154e-13 1.6871e-12 2.4048e-12 -1.0722e-12 -8.5337e-13 -2.3345e-12 -2.4099e-12 -3.0998e-12 -4.0151e-12 2.9781e-12 -1.4281e-12 -1.4991e-12 2.0815e-13 -4.1019e-12 3.3026e-12 -1.9894e-12 -8.5723e-14 -2.6661e-13 -2.0995e-12 2.0762e-12 -9.6107e-13 -1.7776e-12 -1.5643e-13 -9.3159e-13 -8.398e-13 1.0384e-12 1.0587e-12 -5.2302e-13 3.3294e-13 -4.7883e-14 3.7832e-13 1.0597e-14
7.1398e-11 6.5992e-11 7.8824e-11 6.7375e-11 6.1607e-11 5.3221e-11 8.4071e-11 5.0268e-11 6.7606e-11 4.6738e-11 7.1975e-11 5.3726e-11 6.408e-11 5.228e-11 3.7417e-11 3.7532e-11 4.6373e-11 4.9314e-11 2.9183e-11 3.7695e-11 2.2308e-11 3.6734e-11 2.3746e-11 2.6237e-11 1.9368e-11 2.9769e-11 1.2487e-11 2.0598e-11 1.7597e-11 1.596e-11 1.1314e-11 8.3798e-12 8.969e-12 1.1537e-11 8.0475e-12 4.2245e-12 9.9582e-12 4.2235e-12 4.6595e-12 8.6282e-12 3.6568e-12 2.7769e-12 2.7768e-12 1.443e-12 4.1826e-12 3.5925e-12 -5.8201e-12 1.6841e-12 2.1601e-12 1.8978e-12 1.3095e-12 1.3492e-12 -3.9732e-12 -4.6634e-12 -1.4629e-12 -3.8973e-12 7.0495e-13 -1.4607e-12 -3.3343e-12 -5.0934e-13 -2.6217e-12 2.6825e-12 -3.1001e-12 -8.0614e-13 -1.4059e-12 -3.7406e-13 4.9096e-13 -2.1514e-13 3.8315e-13 1.3589e-12 -1.6859e-13 -1.2641e-12 4.9513e-13 -2.0534e-14 -2.5645e-14 6.2363e-13 8.5423e-14 1.977e-13 1.2003e-14
6.7672e-11 6.8297e-11 7.8151e-11 6.5902e-11 6.5448e-11 5.5599e-11 7.681e-11 5.1398e-11 5.8325e-11 4.5031e-11 5.3726e-11 6.6355e-11 5.5716e-11 5.1331e-11 4.1293e-11 3.8636e-11 4.1769e-11 4.4877e-11 2.3693e-11 3.8436e-11 2.1263e-11 3.943e-11 2.6272e-11 2.6124e-11 2.7202e-11 2.7322e-11 1.2451e-11 1.7163e-11 1.6782e-11 9.6816e-12 1.4591e-11 8.0911e-12 7.648e-12 1.4776e-11 7.1644e-12 8.7007e-12 8.6443e-12 4.8893e-12 1.2576e-12 5.7911e-12 5.0358e-12 1.3147e-12 8.29e-13 1.6401e-12 2.7719e-12 1.8124e-12 -5.9628e-12 -1.1188e-12 2.1502e-12 2.6988e-14 -3.7946e-12 7.3676e-13 -2.1284e-12 -4.5049e-12 -3.8243e-12 -2.1543e-12 -9.7478e-13 -3.5017e-13 -8.8402e-13 7.83e-13 -3.7297e-12 3.3973e-12 -1.9047e-12 -3.1811e-12 -1.0233e-12 -1.9983e-13 4.7755e-13 -2.5087e-12 -8.7958e-13 7.0039e-14 -2.4259e-13 -1.1284e-12 9.6327e-13 1.3141e-12 -2.2398e-13 9.8887e-13 -2.0521e-13 2.3344e-14 1.1915e-14
7.2442e-11 6.9948e-11 8.3098e-11 6.8702e-11 6.7321e-11 5.7173e-11 9.1198e-11 5.5903e-11 7.1719e-11 4.8798e-11 6.408e-11 5.5716e-11 7.6335e-11 5.681e-11 4.2077e-11 3.9161e-11 5.095e-11 5.0375e-11 2.9226e-11 4.0181e-11 2.2893e-11 3.909e-11 2.1554e-11 2.9996e-11 2.3185e-11 2.8668e-11 1.4056e-11 1.9571e-11 1.7511e-11 1.4224e-11 1.6131e-11 1.134e-11 4.5039e-12 1.112e-11 8.219e-12 7.6259e-12 6.2049e-12 4.7044e-12 9.365e-12 9.4417e-12 5.9339e-12 -5.0389e-13 4.0796e-13 1.9233e-12 3.8597e-12 2.4928e-12 -7.0408e-12 1.2242e-12 1.8694e-12 4.3549e-13 -3.1339e-12 2.5623e-13 -1.2811e-12 -6.1074e-12 -3.3693e-12 -3.7303e-12 1.4107e-12 -3.769e-12 -3.8133e-12 2.7311e-13 -2.5776e-12 1.0862e-12 -3.7444e-12 -2.0494e-12 -1.6475e-12 -1.1908e-12 -9.3801e-14 -6.0311e-13 -1.2528e-12 1.1472e-12 -1.3206e-15 -3.5729e-13 6.7878e-13 1.1294e-12 -4.5809e-14 6.4863e-13 -2.0606e-13 1.6943e-13 1.6206e-14
7.341e-11 6.8355e-11 7.3317e-11 5.7771e-11 6.1636e-11 5.2295e-11 8.0209e-11 5.3654e-11 6.1481e-11 4.8216e-11 5.228e-11 5.1331e-11 5.681e-11 6.4361e-11 3.7816e-11 3.6976e-11 4.2575e-11 5.0032e-11 2.7606e-11 4.0397e-11 2.1244e-11 3.5226e-11 2.2516e-11 2.8609e-11 2.5531e-11 2.859e-11 1.1695e-11 1.8217e-11 1.8133e-11 9.9422e-12 1.6953e-11 9.984e-12 3.3987e-12 1.0639e-11 7.4005e-12 7.2726e-12 3.1229e-12 1.987e-12 4.7481e-12 3.7325e-12 2.8389e-12 3.091e-12 2.5213e-12 1.2379e-13 3.0275e-12 6.0144e-12 -3.8443e-12 -1.3135e-12 2.6276e-12 5.8461e-14 -8.5322e-13 -1.3004e-12 -2.1898e-12 -1.9869e-12 -5.0093e-12 -3.6672e-12 3.8601e-12 -2.1704e-12 -2.3236e-12 8.0915e-13 -2.9667e-12 2.6027e-12 -2.6879e-12 -2.7177e-13 -3.032e-12 -1.2245e-12 1.408e-12 -1.0326e-13 -1.9994e-12 -5.2413e-13 -1.8295e-13 -9.7411e-13 6.6181e-13 1.1909e-12 -1.1477e-13 2.7807e-13 -1.5739e-13 3.1713e-13 2.2227e-14
5.0101e-11 5.1937e-11 5.553e-11 5.0301e-11 5.0922e-11 4.4569e-11 6.339e-11 3.8519e-11 4.6271e-11 3.4195e-11 3.7417e-11 4.1293e-11 4.2077e-11 3.7816e-11 4.4231e-11 2.7912e-11 2.7417e-11 3.1993e-11 1.8456e-11 2.9856e-11 1.9095e-11 2.3482e-11 2.2257e-11 2.0728e-11 1.9146e-11 2.1483e-11 9.0764e-12 1.7622e-11 1.2977e-11 5.2856e-12 1.3483e-11 8.3347e-12 9.2324e-13 9.2411e-12 3.8754e-12 3.7431e-12 8.0623e-12 -4.7435e-13 4.9851e-12 1.6419e-12 3.5352e-12 9.0718e-13 3.4475e-13 3.0293e-13 1.8018e-12 1.7657e-12 -2.8049e-12 -2.4312e-12 3.0025e-12 -1.6265e-12 -3.4486e-12 1.4803e-12 -2.5447e-12 -1.7952e-12 -1.7567e-12 -3.2948e-12 1.5356e-13 1.469e-13 -1.2706e-12 2.0412e-12 -2.8362e-12 1.2027e-12 -1.3257e-12 -1.2531e-12 -2.0078e-12 -1.7035e-12 -6.935e-14 -3.7595e-13 -2.5571e-12 -2.7283e-13 -1.6996e-13 -3.0524e-13 8.1829e-14 1.0538e-12 -3.8229e-13 3.74e-13 -2.917e-13 1.684e-13 1.5057e-14
4.8301e-11 4.9336e-11 5.441e-11 4.5586e-11 4.5623e-11 4.1689e-11 5.293e-11 4.0074e-11 4.3502e-11 3.09e-11 3.7532e-11 3.8636e-11 3.9161e-11 3.6976e-11 2.7912e-11 3.8632e-11 2.7591e-11 3.3561e-11 2.0693e-11 2.737e-11 1.4363e-11 2.6144e-11 1.9737e-11 2.0383e-11 1.7647e-11 1.8841e-11 1.3317e-11 1.3625e-11 1.2651e-11 6.9296e-12 1.3167e-11 8.5446e-12 3.2932e-12 5.2253e-12 5.2771e-12 4.5237e-12 7.6768e-12 4.3985e-12 6.2638e-12 2.8789e-12 3.9007e-12 1.6676e-12 4.8655e-12 1.0629e-12 4.3516e-12 4.5667e-13 -3.6923e-12 5.2453e-13 2.9966e-12 -1.599e-13 -1.9051e-13 -8.1793e-13 1.5767e-12 -2.94e-12 -3.3329e-12 -2.6356e-12 1.127e-12 1.0011e-13 -1.6123e-12 -4.1114e-13 -3.9572e-12 2.8018e-12 -1.8833e-12 -7.9816e-13 -2.0946e-12 -1.8391e-12 2.7365e-13 -1.8405e-12 -5.557e-13 -3.9456e-13 -1.5005e-13 -7.4145e-13 4.183e-13 -4.8103e-13 -7.4824e-13 4.6114e-13 -1.5889e-13 1.6766e-13 7.3726e-15
5.6619e-11 5.4078e-11 6.358e-11 5.0516e-11 5.0165e-11 4.1369e-11 6.6143e-11 4.0793e-11 5.1921e-11 3.5942e-11 4.6373e-11 4.1769e-11 5.095e-11 4.2575e-11 2.7417e-11 2.7591e-11 5.0024e-11 3.9487e-11 2.0913e-11 3.3739e-11 1.7842e-11 3.2353e-11 1.8055e-11 2.0836e-11 1.8086e-11 2.183e-11 1.2449e-11 1.6257e-11 1.6885e-11 9.3121e-12 8.3436e-12 1.2906e-11 6.2064e-12 1.0101e-11 3.1469e-12 9.8433e-12 6.2848e-12 5.2417e-12 2.93e-12 6.9357e-12 6.4564e-12 -5.9833e-13 2.276e-12 4.4119e-13 4.3945e-12 5.4293e-12 -5.1014e-12 1.3867e-12 1.66e-12 4.7045e-12 -6.1333e-13 -4.7857e-14 -6.8357e-13 -3.0795e-12 -9.5538e-13 -2.0711e-12 6.2736e-13 -9.7886e-13 -4.3385e-12 3.4595e-13 -3.3587e-12 5.9693e-13 -7.9895e-13 -6.0836e-13 3.9286e-14 -9.7869e-13 -1.4136e-13 5.1524e-14 -4.161e-13 4.9858e-13 -1.9289e-13 -7.1562e-13 2.7912e-13 5.0299e-13 4.2998e-13 -2.4127e-15 -1.047e-13 -4.4937e-14 1.6463e-14
6.0043e-11 5.9318e-11 6.7224e-11 5.5803e-11 5.4799e-11 4.4311e-11 7.2411e-11 4.8612e-11 5.3477e-11 4.5055e-11 4.9314e-11 4.4877e-11 5.0375e-11 5.0032e-11 3.1993e-11 3.3561e-11 3.9487e-11 6.2436e-11 2.8622e-11 3.8146e-11 1.8112e-11 2.9478e-11 2.1694e-11 2.6353e-11 2.2057e-11 2.0233e-11 1.7338e-11 1.5804e-11 1.381e-11 1.101e-11 9.6319e-12 1.2785e-11 6.1539e-12 1.1465e-11 5.3699e-12 5.2679e-12 1.71e-12 8.2216e-12 6.7797e-12 1.2154e-12 1.4418e-12 9.9542e-13 8.4772e-13 -3.004e-12 6.253e-12 2.9449e-12 -2.4874e-12 -1.4708e-12 4.5743e-12 2.4761e-12 3.5099e-12 5.6633e-14 -2.0985e-12 5.1049e-13 -5.4248e-12 -3.9049e-12 2.8448e-12 -2.4847e-12 -3.7476e-12 -5.5984e-13 -4.7937e-12 4.5868e-12 -1.5029e-12 9.0343e-14 -3.4599e-12 -1.0351e-12 9.0484e-13 -8.9486e-13 -1.7548e-12 -7.1545e-13 2.0487e-13 -1.2077e-12 -5.2782e-14 6.1231e-13 -5.1989e-13 -3.2016e-13 -3.2543e-13 3.266e-13 1.4368e-14
3.3673e-11 3.6524e-11 3.9135e-11 3.4954e-11 3.5792e-11 2.899e-11 4.3506e-11 2.7374e-11 3.2453e-11 2.6936e-11 2.9183e-11 2.3693e-11 2.9226e-11 2.7606e-11 1.8456e-11 2.0693e-11 2.0913e-11 2.8622e-11 2.8132e-11 2.2266e-11 9.6676e-12 1.27e-11 1.2816e-11 1.2039e-11 9.731e-12 1.2875e-11 8.246e-12 1.0477e-11 7.5587e-12 6.4369e-12 3.9098e-12 2.4084e-12 1.8612e-12 7.0633e-12 5.0003e-12 1.8987e-12 -1.0623e-12 1.5567e-12 3.5542e-12 1.8598e-12 7.815e-13 7.4117e-13 1.7625e-12 -2.5595e-12 3.3283e-12 1.8532e-12 -1.3896e-12 -2.0823e-12 2.2751e-12 1.0008e-12 3.2922e-12 -1.9667e-12 2.2648e-13 -1.4297e-12 -1.6298e-12 -1.487e-12 1.6988e-12 -7.483e-13 -9.7948e-13 -6.0902e-13 -1.6684e-12 2.0932e-12 -8.5584e-13 9.4198e-13 -2.2732e-12 -7.1662e-13 8.2948e-14 7.4733e-13 -4.1486e-13 3.1604e-13 -2.1209e-13 2.2304e-14 3.635e-13 1.7414e-13 -2.2813e-13 -2.0438e-13 5.5731e-14 1.1921e-13 -3.3049e-15
5.2821e-11 5.3981e-11 5.5121e-11 4.831e-11 4.9012e-11 3.5017e-11 5.9973e-11 3.7625e-11 4.8304e-11 3.7193e-11 3.7695e-11 3.8436e-11 4.0181e-11 4.0397e-11 2.9856e-11 2.737e-11 3.3739e-11 3.8146e-11 2.2266e-11 4.5164e-11 1.5763e-11 2.3884e-11 1.843e-11 1.9509e-11 1.6228e-11 1.8418e-11 6.8943e-12 1.8255e-11 1.2236e-11 9.0348e-12 1.4769e-11 8.2232e-12 3.0631e-12 9.1609e-12 7.0696e-12 2.6289e-12 5.675e-12 2.9059e-12 4.7314e-12 2.1154e-12 4.0827e-12 3.542e-12 1.1777e-14 -3.3303e-12 9.6812e-13 1.7177e-12 -3.7985e-12 -1.3053e-12 2.5037e-12 2.6071e-12 5.3045e-14 -1.6589e-12 -3.0126e-12 -1.8598e-12 -2.0471e-12 -1.7768e-12 2.9104e-13 1.4696e-14 -2.0359e-12 -8.2166e-13 -3.8543e-12 6.6192e-13 -7.3021e-13 -1.9083e-12 -1.1796e-12 -2.5336e-12 7.3541e-13 -5.2167e-13 -2.5851e-12 -7.8566e-13 5.2434e-15 -4.8383e-13 2.639e-13 2.3241e-13 -8.8603e-14 7.0908e-14 -1.9716e-14 4.7232e-15 2.0103e-14
2.7633e-11 2.6467e-11 3.1692e-11 2.7788e-11 2.0547e-11 2.2462e-11 3.3455e-11 2.1689e-11 2.3181e-11 2.0691e-11 2.2308e-11 2.1263e-11 2.2893e-11 2.1244e-11 1.9095e-11 1.4363e-11 1.7842e-11 1.8112e-11 9.6676e-12 1.5763e-11 2.2335e-11 1.6094e-11 7.5797e-12 1.0631e-11 1.6205e-11 1.04e-11 8.2532e-12 6.5762e-12 9.4221e-12 4.5239e-12 8.461e-12 5.1384e-12 1.2364e-12 4.233e-12 9.4841e-13 4.8616e-12 1.3035e-12 -7.7178e-13 2.3316e-12 1.359e-12 2.5297e-12 1.2043e-12 3.626e-12 -4.5257e-13 1.9783e-12 4.3176e-12 -5.0745e-12 -1.4289e-12 1.2248e-12 5.42e-13 -2.302e-12 3.2409e-12 -1.0591e-12 1.6189e-12 -1.1537e-12 -1.725e-12 8.2981e-14 -1.4468e-13 -1.5249e-12 3.6127e-13 -2.2873e-12 1.7908e-12 -9.8181e-13 8.026e-13 -3.2301e-13 -3.8e-13 -6.3685e-13 -1.1693e-12 -1.1152e-12 1.6775e-13 -6.4868e-14 -4.7221e-13 1.2825e-13 6.9859e-13 6.7948e-14 8.6408e-14 -1.0009e-13 2.3347e-13 4.4823e-15
5.1964e-11 4.5765e-11 5.1885e-11 4.3319e-11 4.2981e-11 3.3634e-11 5.0951e-11 3.373e-11 4.6275e-11 2.9916e-11 3.6734e-11 3.943e-11 3.909e-11 3.5226e-11 2.3482e-11 2.6144e-11 3.2353e-11 2.9478e-11 1.27e-11 2.3884e-11 1.6094e-11 4.7734e-11 1.5666e-11 1.7444e-11 1.4555e-11 2.2145e-11 1.1323e-11 9.5414e-12 1.5486e-11 4.3599e-12 6.9013e-12 7.6821e-12 5.3305e-12 9.385e-12 5.1231e-12 1.1931e-11 5.0788e-12 1.6299e-12 5.5095e-12 7.3448e-12 6.9466e-12 2.646e-13 3.5974e-12 3.3222e-12 3.9037e-12 2.5638e-12 -7.1985e-12 2.6559e-12 1.289e-12 1.2157e-12 -1.268e-12 9.9673e-13 1.4703e-12 -5.8585e-12 -2.7743e-12 -2.4071e-12 -2.1912e-12 -3.9809e-13 -2.2486e-12 9.8209e-13 -2.8981e-12 3.412e-13 -1.9666e-12 1.2462e-12 2.9834e-12 3.1449e-13 1.3051e-12 -8.075e-13 -2.0271e-13 -3.6666e-13 2.0534e-13 -2.3677e-13 7.9377e-13 1.3537e-12 -1.3265e-13 5.3997e-13 1.7675e-13 -5.3926e-15 2.0066e-15
3.3321e-11 3.03e-11 3.5449e-11 2.9026e-11 3.0793e-11 2.363e-11 3.5711e-11 2.4805e-11 2.4851e-11 1.9046e-11 2.3746e-11 2.6272e-11 2.1554e-11 2.2516e-11 2.2257e-11 1.9737e-11 1.8055e-11 2.1694e-11 1.2816e-11 1.843e-11 7.5797e-12 1.5666e-11 2.6681e-11 1.2349e-11 8.0086e-12 1.4619e-11 7.0631e-12 8.9e-12 9.5475e-12 1.405e-12 5.2639e-12 5.2812e-12 2.9744e-12 3.3687e-12 1.2051e-12 -4.1922e-13 9.2708e-12 3.4233e-12 2.6661e-12 5.2797e-12 1.5023e-12 1.1092e-12 3.372e-12 -2.1039e-12 9.8896e-13 2.3477e-12 -1.3627e-12 -6.2298e-13 2.0957e-12 8.8209e-13 -3.5951e-13 -1.0957e-12 -4.5317e-12 -1.6985e-12 -3.1356e-13 -3.5154e-12 4.4918e-13 -1.0799e-12 -1.2314e-12 1.1849e-12 -3.3084e-12 6.4267e-13 8.7074e-13 3.8446e-13 -1.113e-12 -8.3156e-13 3.8141e-14 -1.2413e-12 -4.786e-13 -8.2334e-13 -1.7676e-14 3.206e-13 2.1168e-14 6.061e-13 -6.7587e-13 1.6517e-13 -2.0637e-13 1.0236e-13 5.3803e-15
3.6649e-11 3.5728e-11 3.8e-11 3.0878e-11 3.2253e-11 2.596e-11 4.1302e-11 2.8717e-11 3.2073e-11 2.251e-11 2.6237e-11 2.6124e-11 2.9996e-11 2.8609e-11 2.0728e-11 2.0383e-11 2.0836e-11 2.6353e-11 1.2039e-11 1.9509e-11 1.0631e-11 1.7444e-11 1.2349e-11 2.2254e-11 9.4743e-12 1.3195e-11 7.6161e-12 1.2135e-11 9.9169e-12 6.2998e-12 8.4557e-12 6.2267e-12 -1.2735e-12 3.5268e-12 3.7673e-12 2.8319e-12 3.3555e-12 2.5449e-12 5.7413e-12 7.4224e-13 3.379e-12 -1.1473e-12 2.4303e-12 1.0752e-12 4.6183e-12 1.8587e-12 -1.0808e-12 -1.882e-12 1.7703e-12 -1.12e-12 -1.0977e-12 2.0333e-12 1.5764e-12 -4.4737e-13 -1.5803e-12 -1.8523e-12 1.6708e-12 -1.5067e-12 -1.1763e-12 6.7374e-13 -1.5371e-12 1.3133e-12 -1.2645e-12 2.0833e-13 -1.2907e-12 -1.0888e-12 8.252e-13 -1.9536e-13 -1.3769e-12 -5.834e-13 4.1936e-13 -6.9951e-13 5.4219e-13 9.0465e-13 -2.1485e-13 1.5492e-13 -2.5861e-13 2.1599e-13 1.6778e-14
2.8459e-11 3.073e-11 3.4183e-11 2.9055e-11 3.1123e-11 2.9524e-11 3.2748e-11 2.5061e-11 2.3701e-11 2.4518e-11 1.9368e-11 2.7202e-11 2.3185e-11 2.5531e-11 1.9146e-11 1.7647e-11 1.8086e-11 2.2057e-11 9.731e-12 1.6228e-11 1.6205e-11 1.4555e-11 8.0086e-12 9.4743e-12 2.8587e-11 1.0756e-11 7.4732e-12 9.8774e-12 1.0378e-11 2.5745e-12 8.4387e-12 5.2579e-12 8.7935e-13 6.5598e-12 2.0071e-12 5.4309e-12 -1.1042e-12 -1.2208e-13 -3.9243e-12 1.4078e-12 -2.8957e-13 1.2549e-12 2.8862e-12 -9.4035e-13 -1.854e-13 2.3009e-12 -3.9985e-12 -1.9572e-12 2.0594e-12 3.9506e-13 -3.1326e-12 6.3498e-13 -2.2204e-12 9.4537e-13 -3.5307e-12 -2.8966e-12 1.9808e-12 -6.6285e-15 -1.6652e-12 -1.5822e-12 -4.1379e-12 3.0699e-12 -7.1281e-13 -1.4471e-12 -9.3737e-13 -5.772e-13 -1.2105e-13 -6.5697e-13 -1.0761e-12 8.3733e-14 -4.9398e-13 -1.0201e-12 5.5096e-13 7.6898e-13 -1.7272e-13 3.886e-13 -2.6664e-13 1.9423e-13 3.7031e-15
3.6733e-11 3.4456e-11 3.9861e-11 3.3429e-11 3.5211e-11 2.8301e-11 4.0635e-11 2.3912e-11 3.2957e-11 2.3719e-11 2.9769e-11 2.7322e-11 2.8668e-11 2.859e-11 2.1483e-11 1.8841e-11 2.183e-11 2.0233e-11 1.2875e-11 1.8418e-11 1.04e-11 2.2145e-11 1.4619e-11 1.3195e-11 1.0756e-11 2.4942e-11 6.1529e-12 1.2798e-11 9.4764e-12 3.3794e-12 6.5201e-12 6.2111e-12 2.3845e-12 4.6815e-12 6.3361e-12 5.4588e-12 5.4581e-12 2.3248e-12 3.2879e-12 3.6779e-12 3.0794e-12 -3.5419e-13 3.8489e-12 5.9173e-13 3.1783e-13 1.6963e-12 -4.7451e-12 5.2392e-13 5.2558e-13 -1.5887e-12 -2.7566e-13 -9.8107e-13 -2.1672e-12 -1.5761e-12 -1.8839e-12 -3.0873e-12 4.6815e-13 -1.0908e-12 -1.5383e-12 2.4167e-12 -1.0462e-12 9.112e-13 -2.2865e-12 -8.7904e-13 -4.2087e-15 2.006e-13 4.3464e-13 6.8615e-13 3.2651e-13 8.7455e-14 3.1319e-13 -5.2873e-14 3.8104e-13 4.9612e-13 1.6867e-13 5.4154e-13 -5.283e-14 2.7984e-13 8.0209e-15
1.6008e-11 1.7681e-11 1.7614e-11 1.6336e-11 1.1846e-11 1.5798e-11 1.5671e-11 1.7852e-11 1.5229e-11 1.1631e-11 1.2487e-11 1.2451e-11 1.4056e-11 1.1695e-11 9.0764e-12 1.3317e-11 1.2449e-11 1.7338e-11 8.246e-12 6.8943e-12 8.2532e-12 1.1323e-11 7.0631e-12 7.6161e-12 7.4732e-12 6.1529e-12 1.7938e-11 2.8225e-12 7.1471e-12 3.0633e-12 8.1527e-12 8.5095e-12 1.3616e-12 3.8343e-12 2.8088e-12 4.3012e-12 -3.8823e-13 3.3706e-12 3.8601e-12 -1.1228e-12 1.7383e-12 -1.4977e-12 3.8984e-12 1.3279e-12 2.7029e-12 2.7724e-12 -2.2934e-12 1.7631e-12 2.2319e-12 1.2998e-12 -1.1703e-12 1.4082e-12 2.0278e-12 -2.8459e-12 -1.9388e-12 -1.1877e-12 -9.4948e-13 -2.0864e-13 -2.4384e-12 9.0117e-13 -2.1513e-12 3.4397e-12 -4.0095e-13 1.0813e-12 -1.1462e-12 -5.3818e-13 -1.0668e-12 -1.3516e-12 -7.3064e-13 -2.976e-13 -1.1559e-13 -4.2983e-13 -2.6455e-14 5.7482e-13 -4.6337e-13 -1.47e-13 -1.1544e-13 1.144e-14 -1.5845e-15
2.5718e-11 2.4313e-11 2.7387e-11 2.626e-11 2.9367e-11 2.2414e-11 3.052e-11 1.7993e-11 2.4816e-11 1.9572e-11 2.0598e-11 1.7163e-11 1.9571e-11 1.8217e-11 1.7622e-11 1.3625e-11 1.6257e-11 1.5804e-11 1.0477e-11 1.8255e-11 6.5762e-12 9.5414e-12 8.9e-12 1.2135e-11 9.8774e-12 1.2798e-11 2.8225e-12 2.1656e-11 8.9302e-12 3.2345e-12 9.2769e-13 4.5092e-12 -6.5871e-13 5.9935e-12 4.3367e-12 1.4488e-12 5.6012e-12 1.1524e-12 -2.5764e-13 1.6806e-12 -4.2043e-13 -2.1399e-12 2.2259e-12 7.4983e-13 1.2193e-12 8.8338e-13 -4.1135e-14 -2.3247e-12 1.0333e-12 1.927e-13 -2.3312e-13 -1.6928e-12 3.1161e-13 -9.7469e-13 -6.3063e-13 -3.1203e-12 -4.157e-14 3.7662e-13 -2.2979e-12 1.9231e-13 -1.0815e-12 9.105e-13 -1.2929e-12 -1.1443e-12 2.9093e-13 -2.2994e-12 8.09e-13 1.32e-12 -1.1697e-12 -3.6576e-13 -2.6007e-13 -1.5534e-13 3.7649e-13 6.8584e-14 1.5724e-13 6.4142e-14 -1.129e-13 1.2589e-13 1.3668e-14
2.3593e-11 2.1757e-11 2.5965e-11 1.9608e-11 2.1372e-11 1.4499e-11 2.4092e-11 1.9389e-11 2.3047e-11 1.6188e-11 1.7597e-11 1.6782e-11 1.7511e-11 1.8133e-11 1.2977e-11 1.2651e-11 1.6885e-11 1.381e-11 7.5587e-12 1.2236e-11 9.4221e-12 1.5486e-11 9.5475e-12 9.9169e-12 1.0378e-11 9.4764e-12 7.1471e-12 8.9302e-12 1.4135e-11 2.5533e-12 5.4408e-12 5.8707e-12 2.4937e-13 4.9265e-12 1.8123e-12 4.0667e-12 1.512e-12 -1.2371e-12 1.0584e-12 2.2573e-12 4.4878e-14 -2.2658e-12 3.8818e-12 5.7391e-13 2.0968e-12 3.5373e-12 -2.2374e-12 1.2482e-12 2.2415e-12 3.1995e-13 -1.3578e-12 4.9432e-13 1.2132e-14 -1.0956e-12 -3.4532e-13 -1.2938e-12 5.7349e-13 3.6663e-13 -1.6748e-12 -1.4741e-14 -1.0673e-12 1.2288e-12 -4.3761e-13 1.2801e-12 9.2592e-13 -1.5194e-12 1.2174e-13 3.958e-13 -4.9174e-13 -5.1582e-13 -2.2983e-13 -5.1995e-13 7.6977e-13 9.5905e-13 -1.5413e-14 1.6276e-13 -5.5647e-14 1.131e-13 5.0092e-15
1.392e-11 1.1939e-11 1.4979e-11 1.3712e-11 9.0397e-12 7.2866e-12 1.6804e-11 9.189e-12 1.4333e-11 1.0689e-11 1.596e-11 9.6816e-12 1.4224e-11 9.9422e-12 5.2856e-12 6.9296e-12 9.3121e-12 1.101e-11 6.4369e-12 9.0348e-12 4.5239e-12 4.3599e-12 1.405e-12 6.2998e-12 2.5745e-12 3.3794e-12 3.0633e-12 3.2345e-12 2.5533e-12 1.0484e-11 5.8993e-12 9.2679e-13 2.4076e-12 2.4931e-12 1.9988e-12 -3.3077e-13 1.5957e-12 7.6862e-13 -3.0159e-13 3.3094e-12 6.5368e-13 1.2106e-12 5.1322e-13 1.3932e-12 1.2785e-12 -4.5465e-13 -6.7153e-13 1.4511e-12 1.5789e-12 1.3346e-12 -3.5519e-13 9.0035e-13 1.0235e-13 -6.4137e-13 2.8912e-13 8.9051e-13 3.065e-13 -7.067e-13 3.9063e-13 -1.4677e-13 -1.1281e-12 1.1277e-12 -8.1796e-13 2.5079e-13 8.0539e-13 -2.9721e-13 3.7776e-13 -1.2229e-12 -2.6225e-13 6.667e-14 4.2126e-14 -9.3868e-13 4.3232e-13 -1.0397e-14 -2.3199e-14 -9.5193e-14 3.4083e-14 2.6533e-14 4.8095e-16
1.8031e-11 2.2674e-11 1.7349e-11 1.3681e-11 1.2114e-11 1.2789e-11 2.0063e-11 1.9947e-11 2.2415e-11 1.1871e-11 1.1314e-11 1.4591e-11 1.6131e-11 1.6953e-11 1.3483e-11 1.3167e-11 8.3436e-12 9.6319e-12 3.9098e-12 1.4769e-11 8.461e-12 6.9013e-12 5.2639e-12 8.4557e-12 8.4387e-12 6.5201e-12 8.1527e-12 9.2769e-13 5.4408e-12 5.8993e-12 2.8937e-11 3.9318e-12 -2.7895e-12 -1.2376e-12 5.7741e-12 -2.1917e-12 5.2608e-13 -7.4999e-13 3.9621e-12 -2.1177e-12 2.077e-12 3.9736e-12 2.7347e-12 1.5697e-13 -1.8213e-12 1.0546e-12 -2.7688e-12 1.9808e-12 5.3121e-13 1.4704e-12 -5.1907e-12 1.8446e-12 -2.7361e-12 -2.734e-12 -6.2091e-13 5.3622e-13 1.5969e-12 3.66e-13 1.0138e-12 7.1072e-13 -4.4116e-13 1.6124e-12 -1.5477e-12 -1.1427e-12 -1.5633e-12 -7.548e-13 -1.7976e-12 -1.6854e-12 -2.3594e-12 -5.9864e-13 9.0521e-14 -1.0761e-12 3.2011e-13 8.3137e-13 -4.8019e-13 6.8716e-13 -1.02e-13 1.0598e-15 1.2617e-14
1.2839e-11 1.2181e-11 1.4496e-11 1.3432e-11 8.5745e-12 1.2264e-11 1.3722e-11 1.3649e-11 9.6303e-12 9.0529e-12 8.3798e-12 8.0911e-12 1.134e-11 9.984e-12 8.3347e-12 8.5446e-12 1.2906e-11 1.2785e-11 2.4084e-12 8.2232e-12 5.1384e-12 7.6821e-12 5.2812e-12 6.2267e-12 5.2579e-12 6.2111e-12 8.5095e-12 4.5092e-12 5.8707e-12 9.2679e-13 3.9318e-12 1.5732e-11 2.2487e-12 -2.7051e-13 4.8146e-13 3.5399e-12 1.8838e-12 2.1924e-12 3.137e-12 1.9191e-13 7.6563e-13 -1.9026e-12 2.1875e-12 1.3106e-12 2.8204e-12 9.0396e-13 -2.1577e-12 1.3092e-12 1.7689e-12 -1.2435e-13 -1.2157e-12 -1.6098e-13 -6.3904e-14 1.2549e-12 1.8425e-14 -1.2641e-12 -4.5533e-13 4.5771e-13 -1.4464e-12 1.1002e-12 -3.5481e-13 2.147e-12 -3.7494e-13 -4.3435e-13 9.6246e-14 -1.2263e-12 -8.1262e-13 -1.0732e-12 -2.4571e-13 -9.1993e-14 7.0545e-15 -2.5132e-13 -1.4192e-15 5.8501e-13 9.8574e-14 1.3017e-13 -3.9718e-13 5.7867e-14 1.543e-14
5.6282e-12 3.738e-12 6.9549e-12 7.3031e-12 1.5505e-12 4.1158e-12 2.3173e-12 1.0603e-12 3.2922e-12 3.6761e-12 8.969e-12 7.648e-12 4.5039e-12 3.3987e-12 9.2324e-13 3.2932e-12 6.2064e-12 6.1539e-12 1.8612e-12 3.0631e-12 1.2364e-12 5.3305e-12 2.9744e-12 -1.2735e-12 8.7935e-13 2.3845e-12 1.3616e-12 -6.5871e-13 2.4937e-13 2.4076e-12 -2.7895e-12 2.2487e-12 9.8243e-12 1.848e-12 4.2966e-13 2.0025e-12 1.3327e-12 1.6389e-12 -2.4529e-12 3.4469e-12 -1.1027e-12 1.1186e-13 -1.6205e-13 -1.4714e-12 -1.5159e-12 -1.5113e-12 -2.6902e-12 1.1159e-12 1.5485e-12 1.2724e-12 1.4146e-12 -2.7963e-13 -1.8325e-12 4.1863e-13 -9.8299e-14 1.0129e-12 -9.9687e-13 3.4504e-13 -9.0634e-13 3.126e-13 -1.0597e-12 8.6869e-13 7.0208e-13 -2.3758e-13 6.077e-13 -7.0952e-13 1.3847e-13 -9.9092e-13 3.2869e-13 4.3407e-13 -2.8282e-14 -1.0781e-13 -2.4508e-13 -5.6412e-13 2.2325e-13 -3.6047e-14 6.6094e-14 -1.4242e-13 1.5421e-15
1.4329e-11 1.4003e-11 1.6034e-11 1.4401e-11 1.732e-11 1.1483e-11 1.55e-11 9.2045e-12 1.3868e-11 1.2053e-11 1.1537e-11 1.4776e-11 1.112e-11 1.0639e-11 9.2411e-12 5.2253e-12 1.0101e-11 1.1465e-11 7.0633e-12 9.1609e-12 4.233e-12 9.385e-12 3.3687e-12 3.5268e-12 6.5598e-12 4.6815e-12 3.8343e-12 5.9935e-12 4.9265e-12 2.4931e-12 -1.2376e-12 -2.7051e-13 1.848e-12 1.1364e-11 1.5282e-12 3.4392e-12 5.8288e-13 2.8369e-13 -2.5819e-12 1.6791e-12 9.1473e-15 -1.2137e-12 -2.0239e-12 6.5927e-13 3.5938e-13 1.5877e-12 -2.5166e-13 -2.0276e-13 3.6238e-13 5.8489e-13 1.0821e-13 -4.252e-13 -4.4363e-14 -2.6664e-12 -1.0267e-12 -1.1676e-13 -1.3037e-12 4.9002e-13 -9.7082e-13 3.84e-13 -1.332e-12 3.4059e-13 -9.9739e-14 5.2919e-14 1.7581e-13 -2.6955e-13 5.2239e-13 -5.6573e-13 -8.4644e-13 -3.9818e-13 -2.1165e-13 -1.6488e-13 1.7923e-13 6.9044e-13 6.3515e-14 -1.5736e-13 7.6661e-14 -4.3739e-14 -4.6902e-15
8.1896e-12 9.4977e-12 7.7619e-12 8.0012e-12 9.2352e-12 9.7828e-12 8.8519e-12 7.3386e-12 1.1958e-11 7.8434e-12 8.0475e-12 7.1644e-12 8.219e-12 7.4005e-12 3.8754e-12 5.2771e-12 3.1469e-12 5.3699e-12 5.0003e-12 7.0696e-12 9.4841e-13 5.1231e-12 1.2051e-12 3.7673e-12 2.0071e-12 6.3361e-12 2.8088e-12 4.3367e-12 1.8123e-12 1.9988e-12 5.7741e-12 4.8146e-13 4.2966e-13 1.5282e-12 1.0221e-11 1.0315e-13 2.1712e-13 1.0996e-12 2.4066e-12 -1.5551e-12 1.4394e-12 2.0257e-12 -8.1157e-13 5.6445e-14 -1.3063e-12 1.8234e-14 -2.5688e-12 5.299e-13 5.1715e-13 -5.7441e-13 -3.2131e-13 -1.6727e-12 2.6436e-13 -1.2883e-12 -1.074e-13 -7.346e-13 9.916e-13 -1.0836e-12 -1.3406e-12 1.3567e-14 -2.7081e-14 1.1364e-12 -1.9739e-12 1.9544e-13 3.3507e-13 -1.273e-12 1.6058e-13 6.2145e-13 2.3761e-13 4.2203e-14 3.4596e-13 -7.0672e-13 -9.527e-14 4.8476e-13 -6.4443e-14 6.2972e-13 2.6758e-13 -6.6345e-14 9.5629e-15
1.017e-11 8.0838e-12 1.2244e-11 8.7693e-12 8.6026e-12 6.4091e-12 6.092e-12 4.4552e-12 8.3712e-12 3.3561e-12 4.2245e-12 8.7007e-12 7.6259e-12 7.2726e-12 3.7431e-12 4.5237e-12 9.8433e-12 5.2679e-12 1.8987e-12 2.6289e-12 4.8616e-12 1.1931e-11 -4.1922e-13 2.8319e-12 5.4309e-12 5.4588e-12 4.3012e-12 1.4488e-12 4.0667e-12 -3.3077e-13 -2.1917e-12 3.5399e-12 2.0025e-12 3.4392e-12 1.0315e-13 1.1786e-11 -1.9796e-12 2.2075e-13 7.2283e-13 1.5342e-12 2.7195e-12 -1.8022e-12 5.4953e-13 2.075e-12 2.3322e-12 8.3285e-13 -1.5003e-12 6.6928e-13 2.0427e-12 -6.151e-13 -9.4782e-13 4.9389e-13 3.3274e-12 1.17e-12 -1.9002e-12 1.0934e-13 -1.0103e-12 -1.402e-13 -1.17e-12 1.1277e-12 -1.8335e-13 1.1155e-12 -6.4594e-13 -6.3863e-14 7.5311e-13 8.3097e-13 -3.8496e-13 5.4065e-13 3.7747e-13 -4.5716e-14 2.3699e-13 -2.3948e-13 5.1725e-13 3.5043e-13 1.6969e-13 -2.7153e-14 2.4786e-14 -7.7063e-14 -4.3451e-15
9.1295e-12 7.0478e-12 1.2184e-11 9.2067e-12 9.7984e-12 7.9179e-12 1.2891e-11 5.2099e-12 7.4922e-12 3.168e-12 9.9582e-12 8.6443e-12 6.2049e-12 3.1229e-12 8.0623e-12 7.6768e-12 6.2848e-12 1.71e-12 -1.0623e-12 5.675e-12 1.3035e-12 5.0788e-12 9.2708e-12 3.3555e-12 -1.1042e-12 5.4581e-12 -3.8823e-13 5.6012e-12 1.512e-12 1.5957e-12 5.2608e-13 1.8838e-12 1.3327e-12 5.8288e-13 2.1712e-13 -1.9796e-12 1.306e-11 1.8389e-12 -2.2215e-13 3.5581e-12 2.4647e-12 1.2501e-12 1.0284e-12 1.9073e-12 6.4912e-13 7.5376e-13 -3.8869e-13 1.5857e-12 -4.8297e-13 5.7101e-13 -2.397e-13 -8.2216e-13 -4.2234e-13 -1.2992e-12 1.6695e-12 -2.004e-12 -9.6175e-13 1.4692e-13 -1.5082e-13 8.0526e-13 -1.5079e-12 -2.044e-13 -6.9188e-13 -4.7303e-13 2.6177e-13 -1.097e-12 2.863e-13 -1.221e-12 9.5385e-13 -1.016e-13 -2.3877e-14 7.914e-14 -4.6081e-13 -2.4396e-13 -3.0219e-13 3.8832e-13 1.1008e-14 -2.1846e-14 4.5498e-15
3.1969e-12 3.2603e-12 5.2845e-12 4.761e-12 4.1366e-12 4.4269e-12 6.2091e-12 4.8494e-12 1.1124e-12 1.835e-12 4.2235e-12 4.8893e-12 4.7044e-12 1.987e-12 -4.7435e-13 4.3985e-12 5.2417e-12 8.2216e-12 1.5567e-12 2.9059e-12 -7.7178e-13 1.6299e-12 3.4233e-12 2.5449e-12 -1.2208e-13 2.3248e-12 3.3706e-12 1.1524e-12 -1.2371e-12 7.6862e-13 -7.4999e-13 2.1924e-12 1.6389e-12 2.8369e-13 1.0996e-12 2.2075e-13 1.8389e-12 8.3033e-12 1.7923e-12 -4.5895e-13 -3.734e-13 -8.9758e-13 8.1626e-13 -3.0808e-13 1.5333e-12 3.1136e-13 2.6492e-13 -1.734e-13 5.6512e-14 1.1423e-14 1.3173e-12 -8.8597e-13 -5.4669e-13 -7.3975e-13 -6.9199e-13 8.1926e-14 -3.9574e-13 -1.1596e-12 -1.1277e-12 1.727e-13 -4.92e-13 8.3485e-13 -4.5674e-14 -9.325e-13 -3.7772e-13 4.4252e-13 4.9651e-14 -1.4251e-12 8.8672e-13 -1.3269e-13 1.017e-13 -1.7519e-13 -4.0781e-13 -7.2488e-13 -4.8584e-14 -1.5369e-13 -1.7835e-13 3.6381e-15 1.6326e-15
5.2827e-12 5.9353e-12 5.777e-12 5.0769e-12 5.8414e-12 2.6577e-12 9.8217e-12 6.4361e-12 6.9816e-12 2.9673e-12 4.6595e-12 1.2576e-12 9.365e-12 4.7481e-12 4.9851e-12 6.2638e-12 2.93e-12 6.7797e-12 3.5542e-12 4.7314e-12 2.3316e-12 5.5095e-12 2.6661e-12 5.7413e-12 -3.9243e-12 3.2879e-12 3.8601e-12 -2.5764e-13 1.0584e-12 -3.0159e-13 3.9621e-12 3.137e-12 -2.4529e-12 -2.5819e-12 2.4066e-12 7.2283e-13 -2.2215e-13 1.7923e-12 1.1763e-11 -1.1822e-12 1.8896e-12 -8.3388e-13 -5.1246e-14 1.2753e-13 1.9594e-12 -6.578e-13 -1.1181e-12 1.2432e-12 -1.7305e-13 -2.2116e-12 -1.9856e-14 9.5208e-13 2.0526e-12 -6.7437e-13 -9.67e-13 -4.3553e-13 9.6511e-13 -6.4793e-13 -8.6946e-13 1.0342e-12 1.3096e-12 -6.9872e-13 -1.3466e-12 9.5273e-13 -9.3816e-13 -3.9379e-13 2.8518e-13 -2.8178e-13 -1.5644e-13 1.4084e-13 7.5884e-13 1.2855e-14 -4.1915e-14 -1.9479e-13 -6.6877e-14 1.4566e-13 -6.5448e-14 1.3574e-13 7.0604e-15
9.241e-12 3.8106e-12 9.2935e-12 8.7993e-12 7.1172e-12 3.6207e-12 6.29e-12 -2.3789e-13 7.8781e-12 4.701e-12 8.6282e-12 5.7911e-12 9.4417e-12 3.7325e-12 1.6419e-12 2.8789e-12 6.9357e-12 1.2154e-12 1.8598e-12 2.1154e-12 1.359e-12 7.3448e-12 5.2797e-12 7.4224e-13 1.4078e-12 3.6779e-12 -1.1228e-12 1.6806e-12 2.2573e-12 3.3094e-12 -2.1177e-12 1.9191e-13 3.4469e-12 1.6791e-12 -1.5551e-12 1.5342e-12 3.5581e-12 -4.5895e-13 -1.1822e-12 1.1401e-11 3.8522e-13 -3.1338e-13 2.4467e-12 1.1716e-12 -1.3758e-12 -8.2811e-13 -2.3681e-12 1.5969e-12 8.5782e-13 1.3971e-12 -7.1085e-13 6.6999e-13 -1.3451e-12 -1.8668e-12 1.2376e-12 -9.8505e-13 1.3239e-13 -8.0584e-13 3.9578e-13 1.0661e-12 -6.611e-13 -1.5192e-12 -3.0084e-13 2.3672e-13 1.7961e-12 -5.6377e-13 5.9794e-13 -1.5152e-12 8.4943e-14 4.8034e-13 -2.707e-13 4.1491e-13 5.8517e-13 1.2087e-13 6.4175e-16 1.3596e-13 7.8711e-14 -6.5523e-15 -6.0203e-15
7.4387e-12 1.0396e-11 7.6447e-12 8.4293e-12 3.7075e-12 4.2708e-12 3.9775e-12 2.6136e-12 9.6428e-12 1.7927e-12 3.6568e-12 5.0358e-12 5.9339e-12 2.8389e-12 3.5352e-12 3.9007e-12 6.4564e-12 1.4418e-12 7.815e-13 4.0827e-12 2.5297e-12 6.9466e-12 1.5023e-12 3.379e-12 -2.8957e-13 3.0794e-12 1.7383e-12 -4.2043e-13 4.4878e-14 6.5368e-13 2.077e-12 7.6563e-13 -1.1027e-12 9.1473e-15 1.4394e-12 2.7195e-12 2.4647e-12 -3.734e-13 1.8896e-12 3.8522e-13 1.0259e-11 3.3538e-12 -1.82e-12 1.6358e-12 1.693e-12 1.7358e-13 -1.9015e-12 1.2383e-12 -7.437e-13 2.8795e-12 -6.4483e-13 1.4601e-12 2.891e-12 -3.4939e-15 6.258e-13 -5.4454e-13 -5.498e-13 -8.7721e-13 1.8637e-14 1.5811e-13 -2.1128e-12 -1.5443e-12 -1.6665e-13 -4.3194e-13 3.4443e-13 9.2284e-13 -3.0297e-13 6.4581e-13 1.6888e-13 8.7412e-13 2.1609e-13 -9.4189e-14 -2.0569e-13 1.7609e-13 1.263e-13 1.2786e-13 3.206e-13 -5.4692e-14 -2.7547e-15
3.7536e-12 2.7107e-12 3.2492e-13 1.4881e-13 -4.3508e-13 2.5911e-12 2.8667e-12 -3.7874e-13 2.0597e-12 1.7687e-12 2.7769e-12 1.3147e-12 -5.0389e-13 3.091e-12 9.0718e-13 1.6676e-12 -5.9833e-13 9.9542e-13 7.4117e-13 3.542e-12 1.2043e-12 2.646e-13 1.1092e-12 -1.1473e-12 1.2549e-12 -3.5419e-13 -1.4977e-12 -2.1399e-12 -2.2658e-12 1.2106e-12 3.9736e-12 -1.9026e-12 1.1186e-13 -1.2137e-12 2.0257e-12 -1.8022e-12 1.2501e-12 -8.9758e-13 -8.3388e-13 -3.1338e-13 3.3538e-12 8.2906e-12 -2.2019e-12 1.0023e-13 -1.2327e-12 1.2393e-12 -6.8173e-14 6.2003e-13 -1.2445e-13 2.7713e-12 6.6837e-13 -5.737e-14 -1.567e-12 3.5214e-13 7.8579e-13 -5.5995e-13 9.833e-13 -2.2588e-13 1.0226e-12 -3.5232e-13 -1.3123e-12 -7.8239e-13 -1.2723e-14 -7.2606e-14 -3.5374e-13 8.6038e-13 -7.9647e-14 1.9205e-13 -4.0146e-13 -1.2666e-13 -4.0004e-13 -5.8807e-13 -6.056e-13 -3.6172e-13 -1.2071e-13 1.6847e-13 3.4943e-13 -9.3787e-14 1.6474e-16
2.961e-12 2.5268e-12 3.2222e-12 4.9538e-12 2.7922e-12 3.5901e-12 2.6028e-12 2.455e-12 2.0391e-12 2.6325e-12 2.7768e-12 8.29e-13 4.0796e-13 2.5213e-12 3.4475e-13 4.8655e-12 2.276e-12 8.4772e-13 1.7625e-12 1.1777e-14 3.626e-12 3.5974e-12 3.372e-12 2.4303e-12 2.8862e-12 3.8489e-12 3.8984e-12 2.2259e-12 3.8818e-12 5.1322e-13 2.7347e-12 2.1875e-12 -1.6205e-13 -2.0239e-12 -8.1157e-13 5.4953e-13 1.0284e-12 8.1626e-13 -5.1246e-14 2.4467e-12 -1.82e-12 -2.2019e-12 9.6619e-12 1.2542e-14 6.9417e-13 1.5195e-12 -1.0823e-12 -1.1445e-12 1.7713e-12 9.4766e-13 -5.1717e-15 1.3097e-12 6.89e-13 -2.7817e-13 -2.5032e-13 -6.6863e-13 -1.5842e-13 6.6667e-13 -2.2361e-13 4.8958e-13 -3.5742e-13 1.1803e-12 -2.0821e-13 1.3651e-12 2.9967e-13 -8.6017e-13 6.1166e-13 -1.0265e-12 2.8903e-13 -2.265e-13 -2.84e-13 2.0946e-13 4.9759e-13 -2.1074e-13 -2.0556e-13 -3.5686e-14 -1.6899e-13 1.6651e-13 -5.442e-15
2.8575e-12 -4.1215e-13 1.1036e-12 1.6852e-12 -9.2264e-13 2.492e-12 1.0619e-12 6.9016e-13 4.8992e-13 -2.9819e-13 1.443e-12 1.6401e-12 1.9233e-12 1.2379e-13 3.0293e-13 1.0629e-12 4.4119e-13 -3.004e-12 -2.5595e-12 -3.3303e-12 -4.5257e-13 3.3222e-12 -2.1039e-12 1.0752e-12 -9.4035e-13 5.9173e-13 1.3279e-12 7.4983e-13 5.7391e-13 1.3932e-12 1.5697e-13 1.3106e-12 -1.4714e-12 6.5927e-13 5.6445e-14 2.075e-12 1.9073e-12 -3.0808e-13 1.2753e-13 1.1716e-12 1.6358e-12 1.0023e-13 1.2542e-14 5.3882e-12 1.5953e-12 3.1268e-14 8.5093e-13 1.8146e-12 -8.3974e-13 -9.5646e-13 -2.5809e-12 2.4415e-13 2.8663e-12 -2.1147e-12 3.1207e-13 -2.4023e-13 -1.1017e-12 2.1233e-13 4.0924e-13 7.7193e-13 9.3237e-13 6.1045e-13 -1.1974e-12 -2.3951e-13 9.5196e-13 4.4141e-13 4.5618e-14 -3.3633e-13 2.5308e-13 3.8206e-14 -4.35e-13 -2.1183e-13 4.8485e-13 1.1735e-13 -1.0742e-15 2.0482e-13 -4.7307e-14 -2.0526e-14 -1.8818e-15
5.7373e-12 5.1445e-12 7.3079e-12 6.8707e-12 3.7504e-12 3.5704e-12 6.6334e-12 6.8062e-12 4.7396e-12 2.686e-12 4.1826e-12 2.7719e-12 3.8597e-12 3.0275e-12 1.8018e-12 4.3516e-12 4.3945e-12 6.253e-12 3.3283e-12 9.6812e-13 1.9783e-12 3.9037e-12 9.8896e-13 4.6183e-12 -1.854e-13 3.1783e-13 2.7029e-12 1.2193e-12 2.0968e-12 1.2785e-12 -1.8213e-12 2.8204e-12 -1.5159e-12 3.5938e-13 -1.3063e-12 2.3322e-12 6.4912e-13 1.5333e-12 1.9594e-12 -1.3758e-12 1.693e-12 -1.2327e-12 6.9417e-13 1.5953e-12 5.8475e-12 1.3537e-12 1.3673e-12 -3.4155e-13 1.1143e-12 4.2828e-13 8.8764e-13 9.1171e-13 3.1467e-12 1.1894e-12 -2.423e-13 -1.674e-13 -1.5539e-14 -3.3861e-13 6.2466e-13 -3.6438e-13 1.488e-13 1.7126e-12 -1.8152e-13 4.6339e-13 4.4745e-13 1.1086e-12 3.349e-13 -3.8601e-14 1.1215e-12 -3.0924e-14 7.305e-14 -3.2055e-13 2.561e-13 5.628e-14 -2.9687e-13 -1.3384e-13 -7.2925e-14 8.697e-14 -3.5548e-15
