,0,1,2,3,4,5,6,7,8,9,10,11,12,13,14,15,16,17,18,19,20,21,22,23,24,25,26,27,28,29,30,31,32,33,34,35,36,37,38,39,40,41,42,43,44,45,46,47,48,49,50,51,52,53,54,55,56,57,58,59,60,61,62,63
0,1,0.75383,0.54185,0.72783,0.7206,0.42912,0.60039,0.63746,0.57728,0.29534,0.43442,0.27064,0.23714,0.5707,0.13735,0.063718,0.047974,0.21135,-0.10363,-0.11741,-0.25935,0.066722,-0.27401,-0.25797,-0.10876,-0.44583,-0.20519,-0.24977,-0.28927,-0.11118,-0.07948,-0.030647,-0.087046,-0.11676,-0.38673,-0.32134,-0.1429,0.040173,-0.41147,-0.27771,-0.13951,-0.13568,-0.017932,0.036733,-0.10782,0.31009,0.059646,-0.034706,0.24031,-0.046485,-0.0049674,-0.023399,-0.19442,-0.053969,0.14989,0.25988,0.09007,0.055172,0.10754,0.094825,0.13799,0.12745,0.22224,0.14702
1,0.75383,1,0.71271,0.72204,0.60782,0.58126,0.55596,0.68842,0.59829,0.32819,0.34346,0.54035,0.079779,0.29227,0.17353,0.038067,0.30077,0.34469,-0.17972,0.10544,-0.18227,0.097953,0.062694,-0.14344,-0.18392,-0.38158,-0.16351,-0.21554,-0.3924,-0.021957,-0.19414,0.019108,-0.11595,-0.17006,-0.3899,-0.42357,-0.15022,-0.015647,-0.16611,-0.18874,0.029317,-0.017162,-0.031084,0.042523,-0.11548,0.19575,-0.082059,-0.057733,0.1014,-0.026697,-0.098359,-0.064393,-0.11096,-0.11497,-0.029655,0.32214,0.16192,0.046185,0.014084,0.10987,0.012956,0.12264,0.24966,-0.015567
2,0.54185,0.71271,1,0.61738,0.61079,0.40576,0.62824,0.60448,0.53581,0.32238,0.37892,0.47404,0.074615,0.31795,0.1956,0.047193,0.11057,0.33669,-0.048101,0.083281,-0.1489,0.076244,-0.08444,0.065798,-0.16407,-0.41114,-0.10187,-0.098631,-0.47558,-0.15673,-0.20895,-0.13965,-0.059177,-0.29897,-0.28629,-0.27732,-0.020193,0.033784,-0.27256,-0.22149,-0.045782,-0.18033,0.16939,0.1009,-0.2647,0.17172,-0.06479,-0.066157,0.10117,-0.081336,-0.19655,0.084947,0.045149,-0.21982,0.066489,0.23987,0.15392,0.0028035,-0.22768,0.23228,0.17706,0.027143,0.21347,-0.056203
3,0.72783,0.72204,0.61738,1,0.67534,0.46016,0.57107,0.52656,0.44628,0.3135,0.38589,0.30233,0.22696,0.32287,0.33866,0.045835,0.04784,0.23841,-0.17468,-0.028088,-0.34976,-0.10004,-0.18069,-0.12965,-0.18811,-0.39543,-0.16145,-0.36974,-0.42017,0.04615,-0.24739,-0.049991,-0.027756,-0.25802,-0.49578,-0.48567,-0.098196,0.043717,-0.35258,-0.11259,-0.036185,-0.15396,-0.13945,0.097523,-0.2034,0.073299,0.057274,-0.094498,0.062828,-0.043069,-0.0064774,-0.18424,-0.070815,-0.21288,0.048383,0.32852,0.079726,-0.051641,0.11351,0.095907,0.079387,0.13483,-0.019921,0.087808
4,0.7206,0.60782,0.61079,0.67534,1,0.42271,0.66441,0.49481,0.32557,0.29101,0.42514,0.2876,0.13225,0.33046,0.17137,0.10879,0.019043,0.06818,0.0259,-0.18689,-0.32688,-0.028279,-0.14267,-0.1706,-0.15515,-0.41332,-0.37322,-0.27879,-0.30054,-0.053782,-0.27302,0.059995,-0.11002,-0.2136,-0.2867,-0.10204,0.0046644,-0.097736,-0.38706,-0.14249,-0.15272,-0.11259,0.039321,0.22823,-0.2553,0.1005,-0.046683,-0.20484,0.12225,-0.17578,-0.11234,0.028411,0.037695,-0.21459,-0.007928,0.17543,0.11704,0.12222,-0.10336,-0.058237,0.13109,0.13074,0.012245,0.057545
5,0.42912,0.58126,0.40576,0.46016,0.42271,1,0.42641,0.42691,0.27058,0.19734,0.24654,0.17173,0.037904,0.35396,0.21379,0.020623,0.084319,0.015561,-0.01229,-0.095516,-0.19643,0.0097011,0.065664,-0.21975,0.0099134,-0.30225,-0.17851,0.11573,-0.39794,0.24253,-0.28044,-0.00017278,0.031275,-0.18442,-0.36503,-0.12762,-0.18712,0.079305,-0.051969,-0.13099,-0.13175,0.1571,-0.21223,-0.048707,-0.13971,0.1449,0.029953,-0.024824,-0.084734,-0.14092,-0.19134,0.044483,-0.080765,-0.1661,-0.10134,0.31384,-0.18999,-0.24492,-0.075547,0.07986,0.10189,0.15812,0.024417,-0.044564
6,0.60039,0.55596,0.62824,0.57107,0.66441,0.42641,1,0.4186,0.50771,0.23662,0.51346,0.27399,0.13435,0.40706,0.16106,0.11867,-0.015195,0.098869,0.061891,-0.12304,-0.21035,-0.08694,-0.0052238,-0.09255,-0.16658,-0.36712,-0.22368,-0.13158,-0.34738,0.12373,-0.1226,-4.8318e-05,-0.11803,-0.22085,-0.23026,-0.31291,-0.073361,-0.10047,-0.2684,-0.17018,-0.11903,-0.11758,-0.062142,0.11053,-0.10289,0.20325,0.12174,-0.018636,0.1198,-0.24021,-0.24552,0.079485,-0.03721,-0.053981,-0.041395,0.14202,0.17347,0.0018767,-0.081971,0.038736,0.19169,0.22278,0.051139,-0.1128
7,0.63746,0.68842,0.60448,0.52656,0.49481,0.42691,0.4186,1,0.52173,0.24691,0.29383,0.18939,0.14745,0.36053,0.19918,-0.062646,0.083749,0.46806,0.014303,-0.034474,-0.10731,0.084631,-0.020015,0.043991,-0.15342,-0.28038,-0.10866,-0.061694,-0.22019,-0.20584,-0.25297,-0.11769,-0.087023,-0.095224,-0.18169,-0.15711,-0.23337,0.097224,0.029308,-0.18981,0.15695,-0.025289,0.023646,0.030351,-0.022849,0.26636,-0.057082,0.015525,-4.4374e-05,0.036294,-0.014926,-0.054634,-0.15273,-0.089738,0.072765,0.36917,0.13138,-0.012657,0.16312,0.032395,0.09257,-0.090232,0.14672,0.16006
8,0.57728,0.59829,0.53581,0.44628,0.32557,0.27058,0.50771,0.52173,1,0.15381,0.0039274,0.39695,0.109,0.35693,0.064443,0.22675,0.2494,0.3998,0.024212,0.051642,-0.31275,0.01529,-0.10867,-0.22257,-0.17602,-0.41202,0.055386,-0.18356,-0.291,-0.22447,-0.052203,-0.14995,-0.080449,-0.20558,-0.16423,-0.27706,-0.11355,0.19018,-0.225,-0.12348,0.019988,-0.03271,0.039738,0.13428,-0.086208,0.24623,0.0040576,0.31509,0.13758,0.020571,0.069863,-0.16432,0.016988,0.018113,-0.016088,0.065286,0.082057,-0.26346,-0.077557,0.10276,0.11307,0.08446,0.3041,-0.13007
9,0.29534,0.32819,0.32238,0.3135,0.29101,0.19734,0.23662,0.24691,0.15381,1,0.35458,0.17127,0.12408,0.16754,0.23141,-0.018384,-0.02357,0.082981,0.03628,0.10925,0.031026,-0.30048,0.156,0.065219,-0.16234,-0.20653,0.017879,-0.063577,-0.18431,-0.049597,-0.1494,-0.34586,-0.19519,-0.099701,-0.09795,-0.42728,0.013228,0.036053,-0.092495,0.021621,-0.014779,-0.032456,-0.13079,-0.0013299,-0.0067445,0.13372,-0.0409,-0.028515,0.112,0.10354,-0.39658,-0.045837,0.15429,-0.22948,0.018177,0.2647,0.076738,0.04191,0.21353,-0.17337,-0.017777,0.25158,0.097168,0.17414
10,0.43442,0.34346,0.37892,0.38589,0.42514,0.24654,0.51346,0.29383,0.0039274,0.35458,1,0.047666,0.090468,0.30645,0.21249,-0.082961,-0.22308,-0.0033009,-0.27217,-0.034006,-0.24695,-0.16673,0.063724,-0.002774,-0.17693,-0.35324,-0.04223,-0.1318,-0.39523,0.19321,0.0015627,-0.07486,-0.20556,0.17418,-0.17629,-0.28742,0.03983,0.087335,-0.07971,-0.27038,-0.13964,-0.12453,-0.14734,-0.031207,0.015212,0.20191,0.030695,-0.16003,0.13934,-0.04148,-0.14089,0.37692,-0.095656,0.12701,0.26589,0.32653,0.17395,0.33128,0.047863,0.0496,0.14186,-0.045242,-0.10196,0.11147
11,0.27064,0.54035,0.47404,0.30233,0.2876,0.17173,0.27399,0.18939,0.39695,0.17127,0.047666,1,0.12177,0.025547,0.10893,0.062254,0.28866,0.13365,0.005749,0.092533,0.1187,0.087248,0.061082,0.073222,-0.076997,-0.11917,0.16498,-0.12871,-0.15553,0.034519,0.0089251,-0.049927,-0.012736,-0.1402,0.062641,-0.19027,0.058826,-0.2551,0.032098,-0.12326,-0.18212,0.041405,0.074308,0.40838,-0.26775,0.138,0.039348,0.01922,0.17635,0.021679,0.010053,0.11372,0.14036,0.087961,0.070964,0.096386,0.08181,0.029022,0.10213,0.16247,0.0083884,0.064401,0.45629,-0.060257
12,0.23714,0.079779,0.074615,0.22696,0.13225,0.037904,0.13435,0.14745,0.109,0.12408,0.090468,0.12177,1,0.31311,0.25945,-0.15814,-0.19924,0.1421,0.095202,-0.21796,0.071805,-0.24508,-0.25405,-0.070284,0.045439,-0.019509,0.18352,-0.27726,-0.0091992,0.16743,0.14634,0.13084,0.19116,-0.063664,0.019911,0.023311,-0.012884,-0.037726,0.08688,-0.090493,0.0067799,-0.30744,0.15453,0.094744,-0.36455,-0.087792,0.14257,0.076142,0.092419,-0.003689,0.078482,-0.17696,-0.21031,0.066416,-0.17709,0.31341,0.26531,0.099059,0.27441,0.30386,0.1618,0.072159,0.045855,0.26777
13,0.5707,0.29227,0.31795,0.32287,0.33046,0.35396,0.40706,0.36053,0.35693,0.16754,0.30645,0.025547,0.31311,1,0.16753,0.093816,0.062983,0.17376,-0.097105,-0.16877,-0.15159,0.1406,-0.29847,-0.24302,-0.039404,-0.064094,-0.15164,0.077233,-0.076874,-0.035381,-0.031756,-0.084607,0.35969,-0.0064998,-0.072059,-0.064396,-0.10663,0.039687,-0.18545,0.034237,-0.22733,-0.17677,0.14463,0.20076,0.01601,0.2833,0.28063,0.037913,0.20535,0.029453,0.022193,0.11112,-0.32114,-0.056437,0.29047,0.18217,0.12459,0.021058,0.0087036,0.19589,0.12573,0.069973,0.094649,0.025021
14,0.13735,0.17353,0.1956,0.33866,0.17137,0.21379,0.16106,0.19918,0.064443,0.23141,0.21249,0.10893,0.25945,0.16753,1,-0.12364,0.068027,0.19335,-0.057398,-0.0077508,-0.012787,-0.22643,-0.1033,0.17834,0.18001,-0.14277,0.26874,-0.11586,0.061565,0.11408,-0.041289,0.1101,0.033341,0.15818,-0.07256,-0.11184,0.14277,0.16442,0.12626,0.092249,-0.078916,0.15295,-0.12428,0.095671,-0.19972,-0.099649,-0.075363,0.066664,0.16687,-0.086286,-0.14858,0.16596,0.0031294,-0.085355,-0.11246,0.3655,-0.017528,-0.043015,0.11793,0.30644,0.13034,0.081301,-0.054338,-0.12412
15,0.063718,0.038067,0.047193,0.045835,0.10879,0.020623,0.11867,-0.062646,0.22675,-0.018384,-0.082961,0.062254,-0.15814,0.093816,-0.12364,1,-0.026722,-0.035626,0.13473,0.068944,-0.063742,-0.30898,-0.009906,-0.17497,0.16465,-0.059903,-0.045313,-0.00018503,0.10828,0.028678,-0.20278,-0.13846,0.022231,0.0076295,0.037686,-0.056826,0.051067,0.15199,-0.30965,0.2963,-0.20385,-0.0087165,-0.22111,0.28233,0.4338,-0.047252,0.22206,0.19873,0.062586,0.058367,0.31494,0.041924,0.33428,0.033726,0.063039,-0.27547,0.0034618,-0.38723,-0.12619,0.11512,-0.37632,-0.050144,-0.24271,0.043738
16,0.047974,0.30077,0.11057,0.04784,0.019043,0.084319,-0.015195,0.083749,0.2494,-0.02357,-0.22308,0.28866,-0.19924,0.062983,0.068027,-0.026722,1,0.23272,0.077629,0.18393,0.10286,0.074402,0.15964,0.086134,-0.17856,0.22517,0.12209,0.12587,0.020571,-0.18592,0.12594,0.22372,0.068088,-0.0025065,0.060073,0.018493,0.15308,-0.05428,0.084974,0.16155,0.10894,0.3003,0.23392,0.010999,0.041427,-0.017112,-0.22362,-0.047631,0.21271,0.19922,-0.093253,0.21636,-0.064206,0.053358,0.032757,-0.1237,0.1241,-0.018618,-0.08458,-8.6094e-06,-0.079408,0.055998,0.20439,-0.16543
17,0.21135,0.34469,0.33669,0.23841,0.06818,0.015561,0.098869,0.46806,0.3998,0.082981,-0.0033009,0.13365,0.1421,0.17376,0.19335,-0.035626,0.23272,1,0.03579,0.28743,-0.17324,-0.037362,-0.14741,0.09088,-0.37305,-0.14679,0.23885,-0.033597,-0.059782,-0.17671,0.12947,-0.0020867,0.11539,-0.16453,-0.14386,-0.074341,-0.015638,0.1891,0.045475,-0.05722,0.20898,-0.088567,0.090033,-0.09518,0.16458,0.053545,-0.11458,0.11538,-0.21072,-0.0063763,0.10942,-0.1731,-0.080453,0.010572,0.1604,0.18569,0.25139,0.00080569,0.18499,0.09741,-0.092256,-0.31232,0.28959,0.22038
18,-0.10363,-0.17972,-0.048101,-0.17468,0.0259,-0.01229,0.061891,0.014303,0.024212,0.03628,-0.27217,0.005749,0.095202,-0.097105,-0.057398,0.13473,0.077629,0.03579,1,-0.11966,0.16102,-0.16571,-0.0080304,0.16845,0.093998,0.05886,0.045985,-0.061043,0.047924,-0.020785,0.11943,0.056936,0.11567,-0.092523,0.18388,0.16353,0.18241,-0.088205,0.13582,0.11686,0.14289,0.16386,0.080022,0.016567,-0.02506,-0.138,-0.052109,-0.11148,0.11902,-0.05076,-0.22994,0.0437,-0.13274,0.16529,-0.27947,-0.24423,0.15735,-0.379,-0.10261,-0.092881,0.0019869,-0.21217,0.071388,0.055048
19,-0.11741,0.10544,0.083281,-0.028088,-0.18689,-0.095516,-0.12304,-0.034474,0.051642,0.10925,-0.034006,0.092533,-0.21796,-0.16877,-0.0077508,0.068944,0.18393,0.28743,-0.11966,1,-0.076125,0.01605,0.32713,0.14959,0.011366,0.061577,0.12579,0.11029,0.16694,0.13449,0.26961,-0.089859,0.091025,0.044361,-0.19843,-0.3381,0.17873,-0.098214,0.13117,0.10048,-0.062776,0.19581,0.12758,-0.053641,0.064294,0.11842,-0.0046556,-0.15295,0.0018612,0.36491,0.034623,0.091667,0.03727,0.13669,0.24529,-0.13835,0.29576,-0.17583,0.27785,0.086622,-0.40602,-0.055958,0.17902,0.20405
20,-0.25935,-0.18227,-0.1489,-0.34976,-0.32688,-0.19643,-0.21035,-0.10731,-0.31275,0.031026,-0.24695,0.1187,0.071805,-0.15159,-0.012787,-0.063742,0.10286,-0.17324,0.16102,-0.076125,1,0.07237,-0.048376,0.24012,0.37555,0.28355,0.21305,0.29661,0.33364,-0.028736,0.14885,0.090134,-0.073478,0.22581,0.40788,0.20857,-0.13477,-0.18965,0.12821,0.041006,0.10233,0.04745,0.088541,0.085048,0.050689,-0.096601,0.13775,-0.083413,0.00962,-0.11413,-0.18418,0.17485,-0.047204,0.058955,-0.10039,0.013062,-0.093007,-0.094978,0.18248,0.08425,-0.065021,-0.052481,-0.0054065,0.12256
21,0.066722,0.097953,0.076244,-0.10004,-0.028279,0.0097011,-0.08694,0.084631,0.01529,-0.30048,-0.16673,0.087248,-0.24508,0.1406,-0.22643,-0.30898,0.074402,-0.037362,-0.16571,0.01605,0.07237,1,-0.1143,0.029644,0.11592,0.018301,-0.33656,0.11307,0.092849,-0.16611,0.036262,0.1656,0.18529,0.012874,0.18282,0.2376,-0.024882,-0.14304,0.058954,-0.064033,0.022315,-0.036506,0.35862,0.26691,-0.063718,-0.043442,-0.099365,-0.28988,0.11772,0.010695,-0.035041,0.011063,-0.20901,-0.12263,0.1009,-0.098121,-0.13103,0.10258,-0.041792,-0.021842,0.083486,0.06402,0.14172,-0.157
22,-0.27401,0.062694,-0.08444,-0.18069,-0.14267,0.065664,-0.0052238,-0.020015,-0.10867,0.156,0.063724,0.061082,-0.25405,-0.29847,-0.1033,-0.009906,0.15964,-0.14741,-0.0080304,0.32713,-0.048376,-0.1143,1,0.13668,0.10243,0.065376,-0.042205,0.019564,0.054058,0.17391,-0.0049023,-0.14153,-0.05123,0.0093457,0.065183,-0.21376,0.0023104,-0.27986,0.34597,0.18392,0.12476,0.090628,-0.020485,-0.023427,0.097697,0.079198,-0.31389,-0.079127,0.069487,0.0091149,-0.20553,-0.0099734,0.053978,0.022765,0.10976,-0.13637,0.091827,0.045259,-0.017439,-0.071722,-0.17858,0.090327,-0.014552,-0.17977
23,-0.25797,-0.14344,0.065798,-0.12965,-0.1706,-0.21975,-0.09255,0.043991,-0.22257,0.065219,-0.002774,0.073222,-0.070284,-0.24302,0.17834,-0.17497,0.086134,0.09088,0.16845,0.14959,0.24012,0.029644,0.13668,1,0.17117,0.27069,0.42991,0.028984,0.2342,-0.0051061,0.042512,0.15428,-0.11553,-0.12201,0.15485,0.095529,0.056836,0.13268,0.24706,0.20409,0.16372,0.17551,0.25733,-0.02144,-0.014558,-0.054054,-0.35376,-0.081395,0.054847,0.22893,-0.20685,0.11875,0.082378,-0.083226,0.16441,0.070345,-0.054654,-0.054117,0.10226,-0.037937,0.21975,0.21999,0.22783,-0.13612
24,-0.10876,-0.18392,-0.16407,-0.18811,-0.15515,0.0099134,-0.16658,-0.15342,-0.17602,-0.16234,-0.17693,-0.076997,0.045439,-0.039404,0.18001,0.16465,-0.17856,-0.37305,0.093998,0.011366,0.37555,0.11592,0.10243,0.17117,1,-0.0010004,0.016484,-0.055233,0.43889,0.25898,0.021268,0.080999,0.14487,0.1618,0.095493,0.079042,-0.065964,0.046773,0.03258,0.20983,-0.050783,0.15197,0.10679,0.044314,-0.016424,-0.26743,0.064686,0.0046287,0.19638,-0.11413,-0.064394,0.090524,-0.0456,-0.012344,0.04177,-0.20043,-0.26721,-0.28261,-0.13679,0.2913,-0.10501,0.12136,-0.20564,-0.071157
25,-0.44583,-0.38158,-0.41114,-0.39543,-0.41332,-0.30225,-0.36712,-0.28038,-0.41202,-0.20653,-0.35324,-0.11917,-0.019509,-0.064094,-0.14277,-0.059903,0.22517,-0.14679,0.05886,0.061577,0.28355,0.018301,0.065376,0.27069,-0.0010004,1,0.12941,0.34411,0.46484,0.20841,-0.010456,-0.069672,0.39319,0.13532,0.11184,0.18104,-0.034691,-0.18089,0.24136,0.18627,-0.044759,0.2272,0.20112,0.081874,0.14727,-0.061954,0.20303,0.065846,-0.041238,0.40532,0.28616,-0.11391,-0.0054783,0.065093,0.035328,-0.31149,0.24038,0.0019223,0.10644,-0.18903,-0.051216,0.043032,0.014792,-0.11546
26,-0.20519,-0.16351,-0.10187,-0.16145,-0.37322,-0.17851,-0.22368,-0.10866,0.055386,0.017879,-0.04223,0.16498,0.18352,-0.15164,0.26874,-0.045313,0.12209,0.23885,0.045985,0.12579,0.21305,-0.33656,-0.042205,0.42991,0.016484,0.12941,1,0.20986,0.12505,0.086962,0.5037,-0.02075,-0.012129,0.32288,0.10671,-0.06385,0.084063,0.40503,0.099063,0.085707,-0.026171,0.19646,0.0047646,-0.090468,0.0053821,0.10408,-0.26801,0.291,0.15495,0.15259,0.097742,0.10308,0.10454,0.072161,0.089213,0.035122,0.0035106,-0.2168,0.18787,0.069428,0.12755,-0.13825,0.25732,-0.036141
27,-0.24977,-0.21554,-0.098631,-0.36974,-0.27879,0.11573,-0.13158,-0.061694,-0.18356,-0.063577,-0.1318,-0.12871,-0.27726,0.077233,-0.11586,-0.00018503,0.12587,-0.033597,-0.061043,0.11029,0.29661,0.11307,0.019564,0.028984,-0.055233,0.34411,0.20986,1,0.19924,0.039251,0.14728,-0.21515,0.084933,0.3927,0.2036,0.19927,-0.11105,0.0019396,-0.058823,0.06135,-0.11349,0.1737,0.011129,-0.033968,0.15575,0.18865,0.11203,0.017959,-0.10465,0.070636,0.055984,0.23813,0.068116,-0.23207,0.21498,-0.18233,-0.12565,-0.17276,0.13916,-0.071506,-0.039843,-0.16996,0.010121,0.077598
28,-0.28927,-0.3924,-0.47558,-0.42017,-0.30054,-0.39794,-0.34738,-0.22019,-0.291,-0.18431,-0.39523,-0.15553,-0.0091992,-0.076874,0.061565,0.10828,0.020571,-0.059782,0.047924,0.16694,0.33364,0.092849,0.054058,0.2342,0.43889,0.46484,0.12505,0.19924,1,0.21642,0.054734,0.21186,0.24762,0.25278,0.16937,0.10286,-0.023122,-0.087977,0.18485,0.48998,0.066132,0.097526,-0.036462,0.11301,0.28359,-0.10007,0.1434,0.013943,0.043138,0.033677,0.27911,0.074866,0.11266,0.15044,0.12266,-0.23403,-0.078314,-0.024695,0.3354,-0.017092,-0.036028,0.015751,-0.016931,0.20959
29,-0.11118,-0.021957,-0.15673,0.04615,-0.053782,0.24253,0.12373,-0.20584,-0.22447,-0.049597,0.19321,0.034519,0.16743,-0.035381,0.11408,0.028678,-0.18592,-0.17671,-0.020785,0.13449,-0.028736,-0.16611,0.17391,-0.0051061,0.25898,0.20841,0.086962,0.039251,0.21642,1,-0.071023,0.18142,0.23132,0.15471,-0.20872,-0.25844,0.079796,-0.045313,0.24496,0.29264,-0.047111,0.30711,-0.41646,0.0067462,0.043268,-0.13865,0.20962,-0.21118,-0.041438,-0.049871,0.25636,0.022745,0.12026,0.23958,-0.085538,-0.1684,0.11857,0.020237,0.11834,0.017784,0.12463,0.1315,-0.2413,0.017081
30,-0.07948,-0.19414,-0.20895,-0.24739,-0.27302,-0.28044,-0.1226,-0.25297,-0.052203,-0.1494,0.0015627,0.0089251,0.14634,-0.031756,-0.041289,-0.20278,0.12594,0.12947,0.11943,0.26961,0.14885,0.036262,-0.0049023,0.042512,0.021268,-0.010456,0.5037,0.14728,0.054734,-0.071023,1,0.055196,0.025387,0.38974,0.22045,-0.081849,0.062079,0.091497,0.014593,-0.13501,-0.099533,0.067682,0.40186,-0.16806,-0.093376,0.22446,-0.16697,0.09383,0.22676,0.13133,-0.06662,0.25996,-0.2805,0.12193,0.23874,-0.2102,0.15906,0.023935,0.21954,0.14911,-0.15369,-0.24137,0.16254,0.09138
31,-0.030647,0.019108,-0.13965,-0.049991,0.059995,-0.00017278,-4.8318e-05,-0.11769,-0.14995,-0.34586,-0.07486,-0.049927,0.13084,-0.084607,0.1101,-0.13846,0.22372,-0.0020867,0.056936,-0.089859,0.090134,0.1656,-0.14153,0.15428,0.080999,-0.069672,-0.02075,-0.21515,0.21186,0.18142,0.055196,1,-0.1212,0.12502,0.10592,0.26512,0.039791,0.053708,0.19578,0.36526,0.16672,0.049184,-0.028674,-0.050966,-0.18423,-0.16047,-0.15364,-0.2043,0.071807,-0.09163,-0.028849,0.16827,-0.32314,0.25828,-0.33455,0.16963,0.0039861,0.1912,0.057374,0.059458,0.32527,0.091258,-0.12662,-0.089043
32,-0.087046,-0.11595,-0.059177,-0.027756,-0.11002,0.031275,-0.11803,-0.087023,-0.080449,-0.19519,-0.20556,-0.012736,0.19116,0.35969,0.033341,0.022231,0.068088,0.11539,0.11567,0.091025,-0.073478,0.18529,-0.05123,-0.11553,0.14487,0.39319,-0.012129,0.084933,0.24762,0.23132,0.025387,-0.1212,1,0.019111,0.036049,-0.01462,0.11041,-0.17876,-0.045704,0.20182,-0.30864,0.013554,0.16253,0.31302,0.16589,-0.2107,0.19616,-0.071474,0.20008,0.2411,0.11699,-0.055414,-0.17682,0.040952,-0.044967,-0.17333,0.12969,-0.081402,-0.01688,0.15266,-0.15357,-0.041636,0.012458,-0.042025
33,-0.11676,-0.17006,-0.29897,-0.25802,-0.2136,-0.18442,-0.22085,-0.095224,-0.20558,-0.099701,0.17418,-0.1402,-0.063664,-0.0064998,0.15818,0.0076295,-0.0025065,-0.16453,-0.092523,0.044361,0.22581,0.012874,0.0093457,-0.12201,0.1618,0.13532,0.32288,0.3927,0.25278,0.15471,0.38974,0.12502,0.019111,1,0.35169,0.050513,0.070113,0.16416,0.090003,0.19915,-0.093095,0.22644,-0.064807,0.11091,0.16685,0.10082,0.11812,-0.037301,0.28146,0.10248,0.15751,0.28368,-0.23958,0.13926,0.0010654,-0.099095,0.14397,0.015991,0.1927,0.098937,-0.042094,-0.37107,-0.35254,0.0044797
34,-0.38673,-0.3899,-0.28629,-0.49578,-0.2867,-0.36503,-0.23026,-0.18169,-0.16423,-0.09795,-0.17629,0.062641,0.019911,-0.072059,-0.07256,0.037686,0.060073,-0.14386,0.18388,-0.19843,0.40788,0.18282,0.065183,0.15485,0.095493,0.11184,0.10671,0.2036,0.16937,-0.20872,0.22045,0.10592,0.036049,0.35169,1,0.47462,0.055309,-0.019922,0.16799,0.19349,0.0048292,0.038042,0.26771,0.42677,0.12007,-0.026524,-0.0030658,-0.061779,0.18967,0.13122,-0.069006,0.26649,-0.02948,0.050526,-0.067974,-0.0066675,-0.043168,0.08471,0.11367,0.17073,-0.055369,0.0065096,-0.12536,-0.020445
35,-0.32134,-0.42357,-0.27732,-0.48567,-0.10204,-0.12762,-0.31291,-0.15711,-0.27706,-0.42728,-0.28742,-0.19027,0.023311,-0.064396,-0.11184,-0.056826,0.018493,-0.074341,0.16353,-0.3381,0.20857,0.2376,-0.21376,0.095529,0.079042,0.18104,-0.06385,0.19927,0.10286,-0.25844,-0.081849,0.26512,-0.01462,0.050513,0.47462,1,-0.013607,-0.011864,0.075769,-0.0969,-0.022748,-0.075007,0.27253,0.12165,-0.10724,-0.20016,-0.031553,-0.13628,-0.093392,-0.037332,0.073113,0.12782,-0.063857,0.074181,-0.075192,-0.012163,-0.12952,-0.07843,-0.15795,-0.0032042,0.12166,-0.078355,-0.044617,-0.05529
36,-0.1429,-0.15022,-0.020193,-0.098196,0.0046644,-0.18712,-0.073361,-0.23337,-0.11355,0.013228,0.03983,0.058826,-0.012884,-0.10663,0.14277,0.051067,0.15308,-0.015638,0.18241,0.17873,-0.13477,-0.024882,0.0023104,0.056836,-0.065964,-0.034691,0.084063,-0.11105,-0.023122,0.079796,0.062079,0.039791,0.11041,0.070113,0.055309,-0.013607,1,-0.029554,0.23648,0.13681,0.051207,0.14295,0.010565,0.2386,0.079871,-0.31105,-0.063771,-0.36912,0.35816,-0.071613,-0.01805,0.10817,0.22745,0.057568,-0.1432,-0.1516,0.25592,0.13848,-0.11733,0.18984,-0.097049,0.033709,-0.07395,-0.010777
37,0.040173,-0.015647,0.033784,0.043717,-0.097736,0.079305,-0.10047,0.097224,0.19018,0.036053,0.087335,-0.2551,-0.037726,0.039687,0.16442,0.15199,-0.05428,0.1891,-0.088205,-0.098214,-0.18965,-0.14304,-0.27986,0.13268,0.046773,-0.18089,0.40503,0.0019396,-0.087977,-0.045313,0.091497,0.053708,-0.17876,0.16416,-0.019922,-0.011864,-0.029554,1,-0.047126,0.10482,0.26273,0.18841,-0.047659,-0.29955,0.10579,0.13139,-0.21993,0.35585,0.048701,0.13274,0.25741,0.035613,0.0012544,-0.18255,-0.020005,0.13232,-0.077721,-0.27669,-0.087114,-0.008966,0.21621,0.034494,-0.028871,0.065944
38,-0.41147,-0.16611,-0.27256,-0.35258,-0.38706,-0.051969,-0.2684,0.029308,-0.225,-0.092495,-0.07971,0.032098,0.08688,-0.18545,0.12626,-0.30965,0.084974,0.045475,0.13582,0.13117,0.12821,0.058954,0.34597,0.24706,0.03258,0.24136,0.099063,-0.058823,0.18485,0.24496,0.014593,0.19578,-0.045704,0.090003,0.16799,0.075769,0.23648,-0.047126,1,0.17254,0.37513,0.21657,-0.091904,-0.056289,0.015277,-0.10641,-0.05852,0.050292,-0.20675,0.029143,0.05925,0.084566,-0.14171,0.25167,-0.056576,0.036761,0.1847,0.15195,0.17497,0.046059,0.082434,-0.11913,-0.069037,-0.065888
39,-0.27771,-0.18874,-0.22149,-0.11259,-0.14249,-0.13099,-0.17018,-0.18981,-0.12348,0.021621,-0.27038,-0.12326,-0.090493,0.034237,0.092249,0.2963,0.16155,-0.05722,0.11686,0.10048,0.041006,-0.064033,0.18392,0.20409,0.20983,0.18627,0.085707,0.06135,0.48998,0.29264,-0.13501,0.36526,0.20182,0.19915,0.19349,-0.0969,0.13681,0.10482,0.17254,1,0.2089,0.15637,-0.11662,0.22044,0.26482,-0.096636,-0.085787,-0.15246,0.19432,0.0075314,0.064319,-0.031234,0.099126,-0.049013,-0.049126,-0.096651,0.070719,-0.064368,0.075791,-0.078116,-0.016915,0.098192,-0.26299,-0.1632
40,-0.13951,0.029317,-0.045782,-0.036185,-0.15272,-0.13175,-0.11903,0.15695,0.019988,-0.014779,-0.13964,-0.18212,0.0067799,-0.22733,-0.078916,-0.20385,0.10894,0.20898,0.14289,-0.062776,0.10233,0.022315,0.12476,0.16372,-0.050783,-0.044759,-0.026171,-0.11349,0.066132,-0.047111,-0.099533,0.16672,-0.30864,-0.093095,0.0048292,-0.022748,0.051207,0.26273,0.37513,0.2089,1,-0.18863,0.0051265,-0.31802,0.044298,-0.057787,-0.19616,-0.1055,-0.16475,-0.36376,0.085942,-0.22202,-0.16857,-0.20519,-0.12253,0.056775,0.2428,-0.041132,-0.045924,-0.12385,0.15913,-0.08964,0.0069457,0.18538
41,-0.13568,-0.017162,-0.18033,-0.15396,-0.11259,0.1571,-0.11758,-0.025289,-0.03271,-0.032456,-0.12453,0.041405,-0.30744,-0.17677,0.15295,-0.0087165,0.3003,-0.088567,0.16386,0.19581,0.04745,-0.036506,0.090628,0.17551,0.15197,0.2272,0.19646,0.1737,0.097526,0.30711,0.067682,0.049184,0.013554,0.22644,0.038042,-0.075007,0.14295,0.18841,0.21657,0.15637,-0.18863,1,-0.082444,0.035652,0.090461,0.077625,-0.1766,-0.044385,0.093799,0.26679,-0.049324,0.12266,0.21772,0.14693,-0.14666,-0.18613,-0.093846,-0.18866,-0.016471,-0.13293,-0.055895,0.10645,0.037639,-0.16154
42,-0.017932,-0.031084,0.16939,-0.13945,0.039321,-0.21223,-0.062142,0.023646,0.039738,-0.13079,-0.14734,0.074308,0.15453,0.14463,-0.12428,-0.22111,0.23392,0.090033,0.080022,0.12758,0.088541,0.35862,-0.020485,0.25733,0.10679,0.20112,0.0047646,0.011129,-0.036462,-0.41646,0.40186,-0.028674,0.16253,-0.064807,0.26771,0.27253,0.010565,-0.047659,-0.091904,-0.11662,0.0051265,-0.082444,1,0.15715,-0.32787,0.10726,-0.21406,-0.037082,0.29083,0.21214,-0.20668,-0.03757,-0.22987,-0.19313,0.22794,-0.051164,0.32078,0.051493,-0.17166,0.16028,-0.13386,0.011065,0.30594,-0.13249
43,0.036733,0.042523,0.1009,0.097523,0.22823,-0.048707,0.11053,0.030351,0.13428,-0.0013299,-0.031207,0.40838,0.094744,0.20076,0.095671,0.28233,0.010999,-0.09518,0.016567,-0.053641,0.085048,0.26691,-0.023427,-0.02144,0.044314,0.081874,-0.090468,-0.033968,0.11301,0.0067462,-0.16806,-0.050966,0.31302,0.11091,0.42677,0.12165,0.2386,-0.29955,-0.056289,0.22044,-0.31802,0.035652,0.15715,1,0.017608,-0.12521,0.14277,-0.1588,0.23656,0.05812,0.10649,-0.055898,0.2059,0.02169,-0.0016957,0.04225,0.033159,-0.028354,0.12053,0.11208,-0.099933,0.016516,-0.067536,-0.12496
44,-0.10782,-0.11548,-0.2647,-0.2034,-0.2553,-0.13971,-0.10289,-0.022849,-0.086208,-0.0067445,0.015212,-0.26775,-0.36455,0.01601,-0.19972,0.4338,0.041427,0.16458,-0.02506,0.064294,0.050689,-0.063718,0.097697,-0.014558,-0.016424,0.14727,0.0053821,0.15575,0.28359,0.043268,-0.093376,-0.18423,0.16589,0.16685,0.12007,-0.10724,0.079871,0.10579,0.015277,0.26482,0.044298,0.090461,-0.32787,0.017608,1,-0.091804,0.15775,0.026463,-0.10647,-0.02754,0.13126,0.03353,0.23147,0.042609,0.13588,-0.13289,-0.083309,-0.035925,0.055307,-0.056983,-0.38541,-0.11684,-0.26068,0.095172
45,0.31009,0.19575,0.17172,0.073299,0.1005,0.1449,0.20325,0.26636,0.24623,0.13372,0.20191,0.138,-0.087792,0.2833,-0.099649,-0.047252,-0.017112,0.053545,-0.138,0.11842,-0.096601,-0.043442,0.079198,-0.054054,-0.26743,-0.061954,0.10408,0.18865,-0.10007,-0.13865,0.22446,-0.16047,-0.2107,0.10082,-0.026524,-0.20016,-0.31105,0.13139,-0.10641,-0.096636,-0.057787,0.077625,0.10726,-0.12521,-0.091804,1,0.053243,0.12198,0.22733,0.060223,0.071503,0.14021,-0.11146,0.067801,0.32094,0.08589,0.16339,-0.05063,0.24839,-0.027109,0.20376,0.041709,0.42087,0.13839
46,0.059646,-0.082059,-0.06479,0.057274,-0.046683,0.029953,0.12174,-0.057082,0.0040576,-0.0409,0.030695,0.039348,0.14257,0.28063,-0.075363,0.22206,-0.22362,-0.11458,-0.052109,-0.0046556,0.13775,-0.099365,-0.31389,-0.35376,0.064686,0.20303,-0.26801,0.11203,0.1434,0.20962,-0.16697,-0.15364,0.19616,0.11812,-0.0030658,-0.031553,-0.063771,-0.21993,-0.05852,-0.085787,-0.19616,-0.1766,-0.21406,0.14277,0.15775,0.053243,1,0.066983,-0.18912,0.076253,0.34723,0.054245,-0.13884,0.25466,0.048182,-0.04821,0.0085701,-0.064228,0.29743,0.19524,-0.082473,-0.019131,-0.31485,0.25284
47,-0.034706,-0.057733,-0.066157,-0.094498,-0.20484,-0.024824,-0.018636,0.015525,0.31509,-0.028515,-0.16003,0.01922,0.076142,0.037913,0.066664,0.19873,-0.047631,0.11538,-0.11148,-0.15295,-0.083413,-0.28988,-0.079127,-0.081395,0.0046287,0.065846,0.291,0.017959,0.013943,-0.21118,0.09383,-0.2043,-0.071474,-0.037301,-0.061779,-0.13628,-0.36912,0.35585,0.050292,-0.15246,-0.1055,-0.044385,-0.037082,-0.1588,0.026463,0.12198,0.066983,1,-0.2763,0.14594,0.19469,-0.14559,-0.028702,-0.067596,0.060727,-0.033895,-0.1735,-0.13212,-0.025662,0.028785,0.040464,-0.096897,0.042307,-0.18787
48,0.24031,0.1014,0.10117,0.062828,0.12225,-0.084734,0.1198,-4.4374e-05,0.13758,0.112,0.13934,0.17635,0.092419,0.20535,0.16687,0.062586,0.21271,-0.21072,0.11902,0.0018612,0.00962,0.11772,0.069487,0.054847,0.19638,-0.041238,0.15495,-0.10465,0.043138,-0.041438,0.22676,0.071807,0.20008,0.28146,0.18967,-0.093392,0.35816,0.048701,-0.20675,0.19432,-0.16475,0.093799,0.29083,0.23656,-0.10647,0.22733,-0.18912,-0.2763,1,0.12202,-0.19446,0.21319,-0.050095,0.11161,-0.055131,-0.11336,0.31068,-0.028682,-0.050007,0.12144,0.019127,0.22732,0.21295,-0.12401
49,-0.046485,-0.026697,-0.081336,-0.043069,-0.17578,-0.14092,-0.24021,0.036294,0.020571,0.10354,-0.04148,0.021679,-0.003689,0.029453,-0.086286,0.058367,0.19922,-0.0063763,-0.05076,0.36491,-0.11413,0.010695,0.0091149,0.22893,-0.11413,0.40532,0.15259,0.070636,0.033677,-0.049871,0.13133,-0.09163,0.2411,0.10248,0.13122,-0.037332,-0.071613,0.13274,0.029143,0.0075314,-0.36376,0.26679,0.21214,0.05812,-0.02754,0.060223,0.076253,0.14594,0.12202,1,0.21132,0.16686,-0.10981,0.18946,0.10179,-0.092433,0.071908,-0.026638,0.33005,-0.079912,-0.10453,0.22547,0.029701,-0.022816
50,-0.0049674,-0.098359,-0.19655,-0.0064774,-0.11234,-0.19134,-0.24552,-0.014926,0.069863,-0.39658,-0.14089,0.010053,0.078482,0.022193,-0.14858,0.31494,-0.093253,0.10942,-0.22994,0.034623,-0.18418,-0.035041,-0.20553,-0.20685,-0.064394,0.28616,0.097742,0.055984,0.27911,0.25636,-0.06662,-0.028849,0.11699,0.15751,-0.069006,0.073113,-0.01805,0.25741,0.05925,0.064319,0.085942,-0.049324,-0.20668,0.10649,0.13126,0.071503,0.34723,0.19469,-0.19446,0.21132,1,-0.084874,0.080263,0.16993,0.20876,-0.22534,0.074457,-0.038055,0.24535,0.016892,0.080956,-0.1436,-0.12989,0.23779
51,-0.023399,-0.064393,0.084947,-0.18424,0.028411,0.044483,0.079485,-0.054634,-0.16432,-0.045837,0.37692,0.11372,-0.17696,0.11112,0.16596,0.041924,0.21636,-0.1731,0.0437,0.091667,0.17485,0.011063,-0.0099734,0.11875,0.090524,-0.11391,0.10308,0.23813,0.074866,0.022745,0.25996,0.16827,-0.055414,0.28368,0.26649,0.12782,0.10817,0.035613,0.084566,-0.031234,-0.22202,0.12266,-0.03757,-0.055898,0.03353,0.14021,0.054245,-0.14559,0.21319,0.16686,-0.084874,1,-0.018075,0.36837,0.24864,-0.036978,-0.1419,0.125,0.086523,0.22242,0.10534,-0.053939,-0.034831,0.10476
52,-0.19442,-0.11096,0.045149,-0.070815,0.037695,-0.080765,-0.03721,-0.15273,0.016988,0.15429,-0.095656,0.14036,-0.21031,-0.32114,0.0031294,0.33428,-0.064206,-0.080453,-0.13274,0.03727,-0.047204,-0.20901,0.053978,0.082378,-0.0456,-0.0054783,0.10454,0.068116,0.11266,0.12026,-0.2805,-0.32314,-0.17682,-0.23958,-0.02948,-0.063857,0.22745,0.0012544,-0.14171,0.099126,-0.16857,0.21772,-0.22987,0.2059,0.23147,-0.11146,-0.13884,-0.028702,-0.050095,-0.10981,0.080263,-0.018075,1,-0.04433,0.063121,-0.13422,-0.20309,0.054497,-0.12037,-0.046434,-0.13654,0.17831,0.015624,-0.017599
53,-0.053969,-0.11497,-0.21982,-0.21288,-0.21459,-0.1661,-0.053981,-0.089738,0.018113,-0.22948,0.12701,0.087961,0.066416,-0.056437,-0.085355,0.033726,0.053358,0.010572,0.16529,0.13669,0.058955,-0.12263,0.022765,-0.083226,-0.012344,0.065093,0.072161,-0.23207,0.15044,0.23958,0.12193,0.25828,0.040952,0.13926,0.050526,0.074181,0.057568,-0.18255,0.25167,-0.049013,-0.20519,0.14693,-0.19313,0.02169,0.042609,0.067801,0.25466,-0.067596,0.11161,0.18946,0.16993,0.36837,-0.04433,1,0.045656,-0.042162,0.11766,0.13416,0.20296,0.15508,0.12521,-0.21092,0.041319,0.054754
54,0.14989,-0.029655,0.066489,0.048383,-0.007928,-0.10134,-0.041395,0.072765,-0.016088,0.018177,0.26589,0.070964,-0.17709,0.29047,-0.11246,0.063039,0.032757,0.1604,-0.27947,0.24529,-0.10039,0.1009,0.10976,0.16441,0.04177,0.035328,0.089213,0.21498,0.12266,-0.085538,0.23874,-0.33455,-0.044967,0.0010654,-0.067974,-0.075192,-0.1432,-0.020005,-0.056576,-0.049126,-0.12253,-0.14666,0.22794,-0.0016957,0.13588,0.32094,0.048182,0.060727,-0.055131,0.10179,0.20876,0.24864,0.063121,0.045656,1,-0.11848,-0.047177,0.11657,0.19349,0.10946,-0.10987,-0.21589,0.14991,0.16286
55,0.25988,0.32214,0.23987,0.32852,0.17543,0.31384,0.14202,0.36917,0.065286,0.2647,0.32653,0.096386,0.31341,0.18217,0.3655,-0.27547,-0.1237,0.18569,-0.24423,-0.13835,0.013062,-0.098121,-0.13637,0.070345,-0.20043,-0.31149,0.035122,-0.18233,-0.23403,-0.1684,-0.2102,0.16963,-0.17333,-0.099095,-0.0066675,-0.012163,-0.1516,0.13232,0.036761,-0.096651,0.056775,-0.18613,-0.051164,0.04225,-0.13289,0.08589,-0.04821,-0.033895,-0.11336,-0.092433,-0.22534,-0.036978,-0.13422,-0.042162,-0.11848,1,-0.063269,0.17191,0.22184,0.13898,0.092912,0.037736,0.18765,0.16608
56,0.09007,0.16192,0.15392,0.079726,0.11704,-0.18999,0.17347,0.13138,0.082057,0.076738,0.17395,0.08181,0.26531,0.12459,-0.017528,0.0034618,0.1241,0.25139,0.15735,0.29576,-0.093007,-0.13103,0.091827,-0.054654,-0.26721,0.24038,0.0035106,-0.12565,-0.078314,0.11857,0.15906,0.0039861,0.12969,0.14397,-0.043168,-0.12952,0.25592,-0.077721,0.1847,0.070719,0.2428,-0.093846,0.32078,0.033159,-0.083309,0.16339,0.0085701,-0.1735,0.31068,0.071908,0.074457,-0.1419,-0.20309,0.11766,-0.047177,-0.063269,1,0.083115,-0.046593,0.028515,-0.194,-0.23029,0.15533,0.087539
57,0.055172,0.046185,0.0028035,-0.051641,0.12222,-0.24492,0.0018767,-0.012657,-0.26346,0.04191,0.33128,0.029022,0.099059,0.021058,-0.043015,-0.38723,-0.018618,0.00080569,-0.379,-0.17583,-0.094978,0.10258,0.045259,-0.054117,-0.28261,0.0019223,-0.2168,-0.17276,-0.024695,0.020237,0.023935,0.1912,-0.081402,0.015991,0.08471,-0.07843,0.13848,-0.27669,0.15195,-0.064368,-0.041132,-0.18866,0.051493,-0.028354,-0.035925,-0.05063,-0.064228,-0.13212,-0.028682,-0.026638,-0.038055,0.125,0.054497,0.13416,0.11657,0.17191,0.083115,1,0.027582,0.099761,0.13996,0.0591,-0.086252,-0.090868
58,0.10754,0.014084,-0.22768,0.11351,-0.10336,-0.075547,-0.081971,0.16312,-0.077557,0.21353,0.047863,0.10213,0.27441,0.0087036,0.11793,-0.12619,-0.08458,0.18499,-0.10261,0.27785,0.18248,-0.041792,-0.017439,0.10226,-0.13679,0.10644,0.18787,0.13916,0.3354,0.11834,0.21954,0.057374,-0.01688,0.1927,0.11367,-0.15795,-0.11733,-0.087114,0.17497,0.075791,-0.045924,-0.016471,-0.17166,0.12053,0.055307,0.24839,0.29743,-0.025662,-0.050007,0.33005,0.24535,0.086523,-0.12037,0.20296,0.19349,0.22184,-0.046593,0.027582,1,-0.077475,-0.029049,0.080172,0.035545,0.49746
59,0.094825,0.10987,0.23228,0.095907,-0.058237,0.07986,0.038736,0.032395,0.10276,-0.17337,0.0496,0.16247,0.30386,0.19589,0.30644,0.11512,-8.6094e-06,0.09741,-0.092881,0.086622,0.08425,-0.021842,-0.071722,-0.037937,0.2913,-0.18903,0.069428,-0.071506,-0.017092,0.017784,0.14911,0.059458,0.15266,0.098937,0.17073,-0.0032042,0.18984,-0.008966,0.046059,-0.078116,-0.12385,-0.13293,0.16028,0.11208,-0.056983,-0.027109,0.19524,0.028785,0.12144,-0.079912,0.016892,0.22242,-0.046434,0.15508,0.10946,0.13898,0.028515,0.099761,-0.077475,1,0.041631,-0.051179,-0.1047,0.023465
60,0.13799,0.012956,0.17706,0.079387,0.13109,0.10189,0.19169,0.09257,0.11307,-0.017777,0.14186,0.0083884,0.1618,0.12573,0.13034,-0.37632,-0.079408,-0.092256,0.0019869,-0.40602,-0.065021,0.083486,-0.17858,0.21975,-0.10501,-0.051216,0.12755,-0.039843,-0.036028,0.12463,-0.15369,0.32527,-0.15357,-0.042094,-0.055369,0.12166,-0.097049,0.21621,0.082434,-0.016915,0.15913,-0.055895,-0.13386,-0.099933,-0.38541,0.20376,-0.082473,0.040464,0.019127,-0.10453,0.080956,0.10534,-0.13654,0.12521,-0.10987,0.092912,-0.194,0.13996,-0.029049,0.041631,1,0.23998,0.094049,-0.20379
61,0.12745,0.12264,0.027143,0.13483,0.13074,0.15812,0.22278,-0.090232,0.08446,0.25158,-0.045242,0.064401,0.072159,0.069973,0.081301,-0.050144,0.055998,-0.31232,-0.21217,-0.055958,-0.052481,0.06402,0.090327,0.21999,0.12136,0.043032,-0.13825,-0.16996,0.015751,0.1315,-0.24137,0.091258,-0.041636,-0.37107,0.0065096,-0.078355,0.033709,0.034494,-0.11913,0.098192,-0.08964,0.10645,0.011065,0.016516,-0.11684,0.041709,-0.019131,-0.096897,0.22732,0.22547,-0.1436,-0.053939,0.17831,-0.21092,-0.21589,0.037736,-0.23029,0.0591,0.080172,-0.051179,0.23998,1,0.087992,-0.22048
62,0.22224,0.24966,0.21347,-0.019921,0.012245,0.024417,0.051139,0.14672,0.3041,0.097168,-0.10196,0.45629,0.045855,0.094649,-0.054338,-0.24271,0.20439,0.28959,0.071388,0.17902,-0.0054065,0.14172,-0.014552,0.22783,-0.20564,0.014792,0.25732,0.010121,-0.016931,-0.2413,0.16254,-0.12662,0.012458,-0.35254,-0.12536,-0.044617,-0.07395,-0.028871,-0.069037,-0.26299,0.0069457,0.037639,0.30594,-0.067536,-0.26068,0.42087,-0.31485,0.042307,0.21295,0.029701,-0.12989,-0.034831,0.015624,0.041319,0.14991,0.18765,0.15533,-0.086252,0.035545,-0.1047,0.094049,0.087992,1,0.10367
63,0.14702,-0.015567,-0.056203,0.087808,0.057545,-0.044564,-0.1128,0.16006,-0.13007,0.17414,0.11147,-0.060257,0.26777,0.025021,-0.12412,0.043738,-0.16543,0.22038,0.055048,0.20405,0.12256,-0.157,-0.17977,-0.13612,-0.071157,-0.11546,-0.036141,0.077598,0.20959,0.017081,0.09138,-0.089043,-0.042025,0.0044797,-0.020445,-0.05529,-0.010777,0.065944,-0.065888,-0.1632,0.18538,-0.16154,-0.13249,-0.12496,0.095172,0.13839,0.25284,-0.18787,-0.12401,-0.022816,0.23779,0.10476,-0.017599,0.054754,0.16286,0.16608,0.087539,-0.090868,0.49746,0.023465,-0.20379,-0.22048,0.10367,1
