,0,1,2,3,4,5,6,7,8,9,10,11,12,13,14,15,16,17,18,19,20,21,22,23,24,25,26,27,28,29,30,31,32,33,34,35,36,37,38,39,40,41,42,43,44,45,46,47,48,49,50,51,52,53,54,55,56,57
0,1,0.29016,0.020232,0.15696,0.024416,0.27443,0.082697,0.169,0.13841,-0.068714,0.014007,0.18349,0.065728,-0.025483,0.26691,0.041161,0.11059,0.11829,0.040249,-0.0084877,-0.010693,-0.1918,0.046872,0.021549,0.16666,0.32846,-0.044636,0.37047,0.1703,0.084589,0.11264,0.0014624,-0.17414,-0.0045347,0.19379,-0.01047,-0.034185,-0.13915,0.03891,-0.030646,0.034452,0.028586,-0.05121,0.21105,0.024765,-0.13848,0.17701,0.16504,-0.11398,-0.11276,-0.017026,0.1388,0.19962,-0.17948,-0.25154,0.11211,0.026507,-0.33457
1,0.29016,1,0.23691,0.26991,0.093981,0.16188,0.23138,0.28567,0.0036983,0.2241,0.1972,0.21555,0.065451,0.088239,0.046362,0.047186,0.23643,0.087348,0.29291,-0.032076,-0.29613,0.018454,0.27769,0.17276,0.33864,0.16684,0.23639,0.16527,0.38901,0.19942,0.086101,-0.24666,-0.09492,-0.097786,0.14542,0.02463,-0.27097,0.22045,-0.0040584,0.014194,-0.10098,0.050736,-0.06816,-0.075811,0.024292,-0.031058,0.13013,-0.0904,-0.32732,-0.010032,-0.024052,-0.09913,0.075384,-0.032585,0.065519,0.27484,-0.07504,-0.18917
2,0.020232,0.23691,1,0.44989,0.18098,0.52755,0.11055,0.46249,0.26968,0.45207,0.17462,0.20373,0.2103,0.39621,0.32936,0.28461,0.32102,0.38193,-0.069995,0.36352,0.12599,0.1938,0.3503,0.2004,0.19953,0.21589,0.19943,0.18275,0.29567,0.025065,0.2866,0.1202,0.18775,0.062922,0.17787,-0.23502,0.25419,0.11544,0.18141,0.21454,-0.05271,0.056292,0.028693,-0.035754,-0.10286,0.051669,0.13822,-0.048437,0.055295,0.29651,0.042903,0.16471,-0.28615,0.046283,-0.046379,0.22104,0.22312,-0.096243
3,0.15696,0.26991,0.44989,1,0.14953,0.35987,0.28319,0.18198,0.22737,0.1483,0.26107,0.14903,-0.065737,0.24687,0.21121,0.24152,0.4108,0.34368,0.21507,0.15382,0.16334,0.09727,0.18215,0.16678,0.28667,0.13421,0.088125,0.15963,0.23563,0.32775,0.15104,0.10485,0.071913,0.24599,0.34933,-0.14363,-0.038707,0.026971,-0.26182,-0.064198,0.3213,0.12803,-0.1432,0.030733,0.13633,0.068386,-0.024652,-0.055492,0.038134,0.21173,-0.079834,0.16354,-0.18764,0.24986,-0.15286,0.27385,-0.053075,-0.10084
4,0.024416,0.093981,0.18098,0.14953,1,-0.0044339,0.12024,0.18972,0.30391,0.25138,0.16419,0.10873,0.22607,0.19853,0.1613,0.23262,0.21668,-0.0080244,0.060926,0.089849,0.24938,0.31826,0.12521,0.26562,0.062922,-0.015396,0.39071,0.36227,0.34017,0.34974,0.32128,0.39494,0.12287,0.25063,0.073483,-0.040996,-0.032752,-0.12685,-0.075177,0.094241,-0.022601,-0.10928,-0.063146,-0.29857,-0.10738,0.081619,-0.16883,0.048035,-0.053226,0.14504,0.16678,-0.02032,-0.095171,-0.21878,-0.060792,0.039858,-0.24545,0.036925
5,0.27443,0.16188,0.52755,0.35987,-0.0044339,1,0.12068,0.36288,0.26717,0.28852,0.47338,0.13682,0.094712,0.083705,0.2245,0.45191,0.19569,0.25486,0.052049,0.040223,0.02771,0.021055,-0.049398,0.077975,0.062501,0.35995,0.099437,0.17347,0.21016,0.076686,-0.01087,0.12861,-0.09218,0.13415,0.13428,-0.2732,0.35088,-0.081009,0.11537,-0.074897,0.064851,-0.05575,0.075514,-0.036279,0.0044733,0.045584,0.17551,0.15082,-0.17972,-0.020256,-0.23327,0.11142,-0.036782,-0.25464,-0.3137,0.23582,-0.048911,-0.064171
6,0.082697,0.23138,0.11055,0.28319,0.12024,0.12068,1,0.036968,0.18024,0.34071,0.022353,0.22695,0.23417,-0.010011,-0.076424,0.49341,0.20664,0.3682,0.17775,-0.075547,0.047177,-0.023605,-0.02802,0.13792,0.21224,0.29258,0.18523,0.043268,0.1504,0.30589,0.33792,-0.14768,0.29196,0.081788,0.055237,0.094296,-0.059527,0.22645,-0.20817,-0.18741,0.31524,-0.15049,0.064309,0.030625,0.063534,0.28111,0.10223,0.12677,-0.034762,0.22907,0.0074033,-0.21063,-0.064401,-0.030737,-0.20298,-0.075155,0.067544,0.1785
7,0.169,0.28567,0.46249,0.18198,0.18972,0.36288,0.036968,1,0.18091,0.2133,0.3175,0.17583,-0.042546,0.33408,0.046092,0.20648,0.1276,0.31738,0.17485,0.3513,0.0032599,0.10781,0.18165,0.28118,0.1196,0.37263,0.39277,0.12439,0.26885,-0.023319,0.084822,0.059927,-0.078358,0.10533,0.058412,-0.041533,0.34222,0.095332,0.096106,0.33502,-0.081804,-0.23167,-0.025082,-0.10637,-0.027527,0.070196,0.25739,0.055408,-0.16212,-0.027555,-0.039194,0.073023,-0.030736,-0.10622,-0.11022,0.17539,-0.11364,-0.17003
8,0.13841,0.0036983,0.26968,0.22737,0.30391,0.26717,0.18024,0.18091,1,0.18125,0.29205,0.31953,0.27714,0.21207,0.25805,0.26117,0.23021,0.13113,0.19576,0.13066,0.28542,0.28635,0.09686,0.22558,0.11448,-0.062182,0.36925,0.33738,0.076133,0.29771,0.31844,0.12159,0.098131,0.15281,0.072775,-0.23617,0.067775,0.07983,-0.072778,0.062566,-0.084945,-0.11829,0.18355,-0.095405,-0.02612,0.024017,0.23171,0.17252,0.17829,0.13585,0.00043601,0.023167,-0.068472,0.063252,-0.48125,0.11585,0.18458,-0.12259
9,-0.068714,0.2241,0.45207,0.1483,0.25138,0.28852,0.34071,0.2133,0.18125,1,0.22128,0.4551,0.20693,0.37288,0.21199,0.26046,0.20985,0.24869,-0.032161,0.049884,0.079401,0.19612,0.03395,0.057212,0.031058,0.14367,0.23534,0.1969,0.21917,0.22489,0.1446,-0.22533,0.20569,0.1996,-0.050356,-0.031264,0.20693,-0.0025945,0.055174,0.087106,-0.05316,-0.12337,0.19813,-0.19199,-0.18375,0.36302,-0.016899,-0.14992,-0.14177,0.16386,0.17403,-0.23954,-0.13635,0.027123,-0.13662,-0.18132,0.090634,0.19423
10,0.014007,0.1972,0.17462,0.26107,0.16419,0.47338,0.022353,0.3175,0.29205,0.22128,1,0.10294,0.081208,0.15658,0.12283,0.27383,0.057289,0.15556,0.38946,0.16023,0.19133,0.25496,-0.058575,0.078939,0.18313,0.057906,0.22014,-0.040215,-0.048679,0.18138,-0.022019,0.044791,-0.1502,0.055104,0.22262,-0.26486,0.043675,-0.03966,-0.11839,0.12049,0.01232,-0.14178,0.016908,-0.28371,-0.14831,0.049994,0.067238,-0.052447,-0.24237,0.078856,-0.11837,-0.067651,-0.22347,-0.080096,-0.38916,-0.0042244,-0.20723,-0.19455
11,0.18349,0.21555,0.20373,0.14903,0.10873,0.13682,0.22695,0.17583,0.31953,0.4551,0.10294,1,0.27442,0.13517,0.38728,0.26732,0.35682,0.24486,0.056074,0.19106,0.086814,-0.10738,0.28672,0.19768,0.11812,0.27137,0.15661,0.49659,0.27475,0.33824,0.20083,0.027963,0.035264,0.019436,-0.20884,-0.048132,0.066487,-0.15557,0.05659,0.10047,0.17596,-0.22021,-0.031412,0.0033189,-0.16675,0.32043,-0.2217,0.018857,-0.021296,0.25754,0.020815,-0.16566,-0.13986,0.13666,-0.18354,-0.12052,0.10912,-0.13159
12,0.065728,0.065451,0.2103,-0.065737,0.22607,0.094712,0.23417,-0.042546,0.27714,0.20693,0.081208,0.27442,1,0.060269,0.22681,0.21349,0.23893,0.083396,0.0047912,0.081389,0.11483,0.039098,0.085764,0.1484,-0.077629,-0.04549,0.084913,0.32235,-0.03045,0.1344,0.3601,0.29154,0.28624,-0.057415,0.18161,-0.26978,-0.18879,0.058856,0.017154,0.21537,-0.067178,-0.034813,-0.23945,-0.20267,-0.13359,0.04221,0.12961,-0.028919,0.2916,-0.0036104,-0.070157,-0.13602,-0.12627,0.033357,-0.11034,0.0036718,0.042548,-0.11936
13,-0.025483,0.088239,0.39621,0.24687,0.19853,0.083705,-0.010011,0.33408,0.21207,0.37288,0.15658,0.13517,0.060269,1,0.12226,-0.095098,0.22747,0.42775,0.16983,0.33461,0.2026,0.41733,0.055851,-0.029016,0.23433,0.14022,0.1924,0.23518,-0.030247,0.0086244,-0.060855,-0.10646,-0.072111,0.36786,0.056325,-0.13603,0.11211,0.088943,0.086402,0.15772,-0.083315,-0.04031,0.091353,-0.11542,0.31397,0.018334,-0.074258,-0.1069,0.17317,0.08603,0.026661,-0.0073578,-0.32449,-0.0013898,0.047665,-0.095205,0.14318,-0.1188
14,0.26691,0.046362,0.32936,0.21121,0.1613,0.2245,-0.076424,0.046092,0.25805,0.21199,0.12283,0.38728,0.22681,0.12226,1,0.089369,0.36067,0.20347,-0.1464,0.010775,0.14187,0.088944,0.23205,0.14257,0.11328,0.14455,0.16382,0.11989,0.3519,0.079733,0.32043,0.080317,0.01626,0.1416,0.072699,0.019691,0.19102,-0.053882,-0.023148,0.066337,-0.0047612,-0.07169,-0.13342,0.1087,-0.25284,-0.11753,-0.11694,0.024089,0.17276,0.24372,0.13825,-0.0088652,-0.29993,-0.034745,-0.40283,0.26684,0.068676,-0.12788
15,0.041161,0.047186,0.28461,0.24152,0.23262,0.45191,0.49341,0.20648,0.26117,0.26046,0.27383,0.26732,0.21349,-0.095098,0.089369,1,0.15751,0.17162,0.26453,0.077231,0.2451,0.00123,0.056889,0.21455,0.025254,0.27807,0.19005,0.1405,0.25575,0.21572,0.47174,0.10872,0.13694,0.036425,-0.14453,-0.16267,0.19184,0.12216,0.029599,-0.19811,0.15265,-0.27339,0.07614,-0.023142,-0.28614,0.058524,-0.015827,0.097174,-0.14695,0.34595,0.010167,-0.015668,-0.022807,-0.14884,-0.329,0.018933,-0.089569,-0.15179
16,0.11059,0.23643,0.32102,0.4108,0.21668,0.19569,0.20664,0.1276,0.23021,0.20985,0.057289,0.35682,0.23893,0.22747,0.36067,0.15751,1,0.015384,0.042642,0.17009,0.098741,0.20236,0.2731,0.16784,0.17831,0.25632,0.064038,0.076271,0.18059,0.19488,0.21126,0.13288,0.15201,0.2124,-0.062396,-0.14264,-0.18031,-0.098858,-0.068244,0.074797,0.11931,0.1462,0.045141,-0.085254,0.068117,0.22562,0.039286,-0.077363,0.062393,0.33107,0.00052818,0.08424,-0.21826,-0.14061,-0.14486,0.26089,0.20603,0.10323
17,0.11829,0.087348,0.38193,0.34368,-0.0080244,0.25486,0.3682,0.31738,0.13113,0.24869,0.15556,0.24486,0.083396,0.42775,0.20347,0.17162,0.015384,1,0.07219,0.080005,0.36587,0.10564,0.091955,0.30191,0.34603,0.3314,0.38703,0.1578,0.19555,-0.043677,0.21772,-0.25537,-0.068593,0.1076,0.14989,0.024063,0.32559,0.12934,0.10227,0.00060038,0.11119,-0.079438,-0.043438,0.058227,0.13917,0.051304,-0.03419,0.22467,0.2149,0.1782,0.063727,-0.084239,-0.28056,0.12134,-0.071875,-0.23783,-0.035898,-0.15155
18,0.040249,0.29291,-0.069995,0.21507,0.060926,0.052049,0.17775,0.17485,0.19576,-0.032161,0.38946,0.056074,0.0047912,0.16983,-0.1464,0.26453,0.042642,0.07219,1,0.038161,0.001706,0.23217,-0.21458,0.022899,0.1317,0.077792,0.17305,0.014318,0.099969,0.11018,0.0071232,-0.080447,-0.14888,0.035382,0.10243,-0.16386,-0.01975,0.28943,-0.32357,0.13789,-0.00061907,-0.12239,0.29453,0.04857,0.11322,-0.13454,-0.13869,0.0036016,-0.17957,-0.04366,-0.17424,-0.15084,-0.0035233,-0.13177,-0.28206,-0.16807,-0.053117,-0.16187
19,-0.0084877,-0.032076,0.36352,0.15382,0.089849,0.040223,-0.075547,0.3513,0.13066,0.049884,0.16023,0.19106,0.081389,0.33461,0.010775,0.077231,0.17009,0.080005,0.038161,1,0.15279,0.068921,0.24328,0.0023386,0.22407,0.20141,0.11997,0.15715,-0.072416,0.031044,0.060776,0.21614,0.023697,-0.047671,-0.03336,-0.16592,-0.055767,-0.011538,-0.18246,0.088292,-0.021393,-0.1332,-0.23694,0.28777,0.1047,0.09225,-0.085607,-0.038466,0.17839,0.21822,-0.14309,0.28226,-0.15986,-0.020387,0.10342,-0.066715,0.08508,-0.17395
20,-0.010693,-0.29613,0.12599,0.16334,0.24938,0.02771,0.047177,0.0032599,0.28542,0.079401,0.19133,0.086814,0.11483,0.2026,0.14187,0.2451,0.098741,0.36587,0.001706,0.15279,1,0.32656,-0.071777,0.27913,0.31283,-0.026766,0.25654,0.1169,-0.09463,0.079216,0.17543,0.11469,0.22412,0.15685,-0.058031,-0.14409,0.046061,-0.11712,0.16504,0.095852,0.13268,-0.091767,-0.2529,-0.037478,-0.029234,-0.32781,-0.086697,0.0069514,0.25233,0.17579,0.077084,0.062433,-0.12545,-0.020176,-0.081199,-0.041163,0.047072,-0.041988
21,-0.1918,0.018454,0.1938,0.09727,0.31826,0.021055,-0.023605,0.10781,0.28635,0.19612,0.25496,-0.10738,0.039098,0.41733,0.088944,0.00123,0.20236,0.10564,0.23217,0.068921,0.32656,1,-0.25187,0.070996,0.35302,-0.10273,0.34841,0.1183,-0.10386,-0.023754,0.21446,-0.15928,-0.049906,0.02627,-0.040791,-0.030352,-0.090074,0.16806,0.071932,0.19376,-0.12561,0.070832,0.22961,-0.2886,0.13645,-0.14775,0.091498,0.20625,0.043882,0.142,-0.12407,-0.0095442,-0.070758,0.0089941,-0.06212,0.0321,0.179,0.037071
22,0.046872,0.27769,0.3503,0.18215,0.12521,-0.049398,-0.02802,0.18165,0.09686,0.03395,-0.058575,0.28672,0.085764,0.055851,0.23205,0.056889,0.2731,0.091955,-0.21458,0.24328,-0.071777,-0.25187,1,0.21972,0.15689,0.17009,-0.13996,0.28133,0.078664,0.047406,0.23484,0.32043,0.049413,0.12342,-0.044973,0.016382,-0.0028023,0.066454,0.11736,-0.051363,-0.15909,0.072358,-0.1675,-0.065736,-0.17844,0.10451,-0.084861,0.0092122,-0.050631,0.31344,0.39468,0.10953,-0.17156,0.039885,0.108,0.080273,0.13101,-0.33541
23,0.021549,0.17276,0.2004,0.16678,0.26562,0.077975,0.13792,0.28118,0.22558,0.057212,0.078939,0.19768,0.1484,-0.029016,0.14257,0.21455,0.16784,0.30191,0.022899,0.0023386,0.27913,0.070996,0.21972,1,0.16682,-0.12255,0.34523,0.16189,0.35281,0.19647,0.3359,0.24977,0.074507,-0.19617,0.10764,0.23222,-0.10375,0.052169,0.2844,0.14442,-0.15268,-0.021641,-0.27033,-0.17493,0.012289,-0.070713,0.12657,0.10272,-0.1654,0.071913,0.13097,0.065703,-0.045716,-0.12942,-0.082369,0.14966,-0.061488,-0.2735
24,0.16666,0.33864,0.19953,0.28667,0.062922,0.062501,0.21224,0.1196,0.11448,0.031058,0.18313,0.11812,-0.077629,0.23433,0.11328,0.025254,0.17831,0.34603,0.1317,0.22407,0.31283,0.35302,0.15689,0.16682,1,0.19053,0.18102,0.038544,0.044861,-0.019883,0.1133,-0.15641,-0.028572,-0.044728,-0.011179,0.14314,-0.15844,0.099218,0.24213,-0.15132,0.25199,-0.18384,-0.16394,-0.026311,0.17351,-0.14613,0.0087716,0.23253,-0.10726,0.23579,-0.03854,-0.0027797,0.085646,-0.056721,-0.055627,0.097912,0.32286,-0.099817
25,0.32846,0.16684,0.21589,0.13421,-0.015396,0.35995,0.29258,0.37263,-0.062182,0.14367,0.057906,0.27137,-0.04549,0.14022,0.14455,0.27807,0.25632,0.3314,0.077792,0.20141,-0.026766,-0.10273,0.17009,-0.12255,0.19053,1,0.060378,0.083376,0.13475,-0.06058,-0.0054747,-0.0029239,0.11131,0.13855,-0.14285,-0.26153,0.11938,-0.054112,-0.042451,-0.18228,0.32615,-0.13129,0.057899,0.16369,-0.0075024,0.20812,-0.10559,0.15109,-0.099803,0.27599,-0.10131,-0.11854,-0.066849,-0.34545,-0.1118,-0.13649,0.058069,-0.036501
26,-0.044636,0.23639,0.19943,0.088125,0.39071,0.099437,0.18523,0.39277,0.36925,0.23534,0.22014,0.15661,0.084913,0.1924,0.16382,0.19005,0.064038,0.38703,0.17305,0.11997,0.25654,0.34841,-0.13996,0.34523,0.18102,0.060378,1,0.034877,0.37347,0.22078,0.22444,-0.1935,-0.1007,0.0093919,0.034737,0.14959,0.21842,0.19522,0.055356,0.076655,0.021484,-0.15658,0.030441,-0.078834,0.010948,0.038914,0.10173,0.0060255,0.15251,0.075912,-0.10194,-0.090478,-0.13852,0.15035,-0.1072,-0.054014,-0.21124,0.04134
27,0.37047,0.16527,0.18275,0.15963,0.36227,0.17347,0.043268,0.12439,0.33738,0.1969,-0.040215,0.49659,0.32235,0.23518,0.11989,0.1405,0.076271,0.1578,0.014318,0.15715,0.1169,0.1183,0.28133,0.16189,0.038544,0.083376,0.034877,1,0.092582,0.23248,0.16029,0.25451,0.08934,0.14677,0.022358,-0.13633,-0.0035822,-0.18107,0.062237,0.12313,-0.066758,0.1203,-0.01043,-0.18727,0.13951,0.049897,-0.22503,0.35213,-0.091849,-0.11033,-0.082968,-0.068713,0.043702,0.10977,0.090573,-0.0034904,0.083144,-0.27788
28,0.1703,0.38901,0.29567,0.23563,0.34017,0.21016,0.1504,0.26885,0.076133,0.21917,-0.048679,0.27475,-0.03045,-0.030247,0.3519,0.25575,0.18059,0.19555,0.099969,-0.072416,-0.09463,-0.10386,0.078664,0.35281,0.044861,0.13475,0.37347,0.092582,1,0.20468,0.32334,-0.018888,-0.019945,-0.013223,0.21241,0.0021543,0.30455,0.074801,-0.026556,0.14575,0.070948,-0.069401,0.13548,0.052463,-0.22469,-0.13081,-0.13194,0.090309,-0.3412,-0.070167,0.027017,-0.056659,-0.058257,-0.23941,-0.14419,0.15201,-0.13178,0.14703
29,0.084589,0.19942,0.025065,0.32775,0.34974,0.076686,0.30589,-0.023319,0.29771,0.22489,0.18138,0.33824,0.1344,0.0086244,0.079733,0.21572,0.19488,-0.043677,0.11018,0.031044,0.079216,-0.023754,0.047406,0.19647,-0.019883,-0.06058,0.22078,0.23248,0.20468,1,0.025127,0.1935,0.10457,0.27318,0.11001,0.11956,-0.035387,-0.046447,-0.21691,0.065004,-0.033541,-0.14521,-0.12222,0.17446,-0.11249,0.17335,0.010434,-0.26796,-0.056704,-0.0095609,-0.0013933,0.07535,-0.011111,0.086489,0.0088102,0.019068,-0.19063,-0.035502
30,0.11264,0.086101,0.2866,0.15104,0.32128,-0.01087,0.33792,0.084822,0.31844,0.1446,-0.022019,0.20083,0.3601,-0.060855,0.32043,0.47174,0.21126,0.21772,0.0071232,0.060776,0.17543,0.21446,0.23484,0.3359,0.1133,-0.0054747,0.22444,0.16029,0.32334,0.025127,1,-0.0066392,0.06716,-0.23685,-0.012373,-0.0065974,-0.034504,0.09035,0.085204,0.012695,-0.05652,-0.15103,0.035228,-0.04166,-0.48148,-0.19688,0.15831,0.2097,0.15596,0.40151,0.26697,0.06617,-0.13388,-0.0030348,-0.25781,0.11174,0.082415,-0.1727
31,0.0014624,-0.24666,0.1202,0.10485,0.39494,0.12861,-0.14768,0.059927,0.12159,-0.22533,0.044791,0.027963,0.29154,-0.10646,0.080317,0.10872,0.13288,-0.25537,-0.080447,0.21614,0.11469,-0.15928,0.32043,0.24977,-0.15641,-0.0029239,-0.1935,0.25451,-0.018888,0.1935,-0.0066392,1,0.22005,0.042425,0.1673,-0.23481,-0.095602,-0.12905,-0.16345,0.1499,0.053861,-0.093003,-0.32027,-0.063384,-0.027886,-0.032624,-0.060455,-0.10581,0.042472,0.058903,-0.11786,0.26998,-0.19453,-0.24769,0.064961,0.09414,-0.10637,-0.21455
32,-0.17414,-0.09492,0.18775,0.071913,0.12287,-0.09218,0.29196,-0.078358,0.098131,0.20569,-0.1502,0.035264,0.28624,-0.072111,0.01626,0.13694,0.15201,-0.068593,-0.14888,0.023697,0.22412,-0.049906,0.049413,0.074507,-0.028572,0.11131,-0.1007,0.08934,-0.019945,0.10457,0.06716,0.22005,1,-0.0039901,0.13847,-0.35062,-0.19478,-0.20187,-0.11661,0.2157,0.17354,0.15184,-0.065928,-0.045287,-0.14015,0.06942,-0.11153,-0.047173,-0.009451,0.086827,-0.20061,-0.22534,-0.066443,0.019486,0.091289,0.16001,0.26438,0.24031
33,-0.0045347,-0.097786,0.062922,0.24599,0.25063,0.13415,0.081788,0.10533,0.15281,0.1996,0.055104,0.019436,-0.057415,0.36786,0.1416,0.036425,0.2124,0.1076,0.035382,-0.047671,0.15685,0.02627,0.12342,-0.19617,-0.044728,0.13855,0.0093919,0.14677,-0.013223,0.27318,-0.23685,0.042425,-0.0039901,1,-0.17105,-0.0072081,0.35886,0.021275,-0.03795,-0.027696,-0.07791,-0.084342,0.10738,-0.047987,0.15357,0.16561,-0.15261,0.066541,0.047122,-0.1758,0.083366,-0.19309,0.065772,-0.10596,-0.19532,0.029596,0.041752,0.21124
34,0.19379,0.14542,0.17787,0.34933,0.073483,0.13428,0.055237,0.058412,0.072775,-0.050356,0.22262,-0.20884,0.18161,0.056325,0.072699,-0.14453,-0.062396,0.14989,0.10243,-0.03336,-0.058031,-0.040791,-0.044973,0.10764,-0.011179,-0.14285,0.034737,0.022358,0.21241,0.11001,-0.012373,0.1673,0.13847,-0.17105,1,-0.069037,-0.10329,0.037108,-0.24766,0.14174,0.20384,0.31173,-0.027941,0.035641,0.043511,-0.19596,0.18026,0.054285,-0.10894,-0.34975,-0.093263,0.10097,-0.1607,0.12139,-0.070554,0.1705,-0.18041,0.066263
35,-0.01047,0.02463,-0.23502,-0.14363,-0.040996,-0.2732,0.094296,-0.041533,-0.23617,-0.031264,-0.26486,-0.048132,-0.26978,-0.13603,0.019691,-0.16267,-0.14264,0.024063,-0.16386,-0.16592,-0.14409,-0.030352,0.016382,0.23222,0.14314,-0.26153,0.14959,-0.13633,0.0021543,0.11956,-0.0065974,-0.23481,-0.35062,-0.0072081,-0.069037,1,0.12316,0.058994,0.21319,-0.29952,-0.10522,-0.17765,-0.089544,0.077943,0.02182,0.058832,0.017618,0.1272,0.015195,-0.027983,0.29639,0.10418,0.19001,0.19824,0.090563,-0.0013819,-0.14527,0.096991
36,-0.034185,-0.27097,0.25419,-0.038707,-0.032752,0.35088,-0.059527,0.34222,0.067775,0.20693,0.043675,0.066487,-0.18879,0.11211,0.19102,0.19184,-0.18031,0.32559,-0.01975,-0.055767,0.046061,-0.090074,-0.0028023,-0.10375,-0.15844,0.11938,0.21842,-0.0035822,0.30455,-0.035387,-0.034504,-0.095602,-0.19478,0.35886,-0.10329,0.12316,1,-0.0085184,0.14473,0.16712,-0.069732,-0.21166,0.30528,0.062474,-0.22394,0.00093729,-0.093611,0.17158,-0.033976,-0.09404,0.10689,-0.06088,-0.087988,-0.04052,-0.16747,-0.1398,-0.13295,0.14667
37,-0.13915,0.22045,0.11544,0.026971,-0.12685,-0.081009,0.22645,0.095332,0.07983,-0.0025945,-0.03966,-0.15557,0.058856,0.088943,-0.053882,0.12216,-0.098858,0.12934,0.28943,-0.011538,-0.11712,0.16806,0.066454,0.052169,0.099218,-0.054112,0.19522,-0.18107,0.074801,-0.046447,0.09035,-0.12905,-0.20187,0.021275,0.037108,0.058994,-0.0085184,1,-0.10928,0.052415,-0.23463,0.030565,0.14222,-0.021273,0.26874,-0.082462,0.27831,-0.014034,0.07079,-0.064979,0.017012,0.22723,-0.082352,0.037395,-0.23391,-0.12088,0.082197,-0.18711
38,0.03891,-0.0040584,0.18141,-0.26182,-0.075177,0.11537,-0.20817,0.096106,-0.072778,0.055174,-0.11839,0.05659,0.017154,0.086402,-0.023148,0.029599,-0.068244,0.10227,-0.32357,-0.18246,0.16504,0.071932,0.11736,0.2844,0.24213,-0.042451,0.055356,0.062237,-0.026556,-0.21691,0.085204,-0.16345,-0.11661,-0.03795,-0.24766,0.21319,0.14473,-0.10928,1,-0.013129,-0.10342,0.029222,-0.063444,-0.28001,-0.10834,-0.11331,0.10302,0.17737,-0.1453,-0.059877,0.18911,-0.074518,0.24661,-0.078916,-0.0048462,0.1331,0.24177,-0.11343
39,-0.030646,0.014194,0.21454,-0.064198,0.094241,-0.074897,-0.18741,0.33502,0.062566,0.087106,0.12049,0.10047,0.21537,0.15772,0.066337,-0.19811,0.074797,0.00060038,0.13789,0.088292,0.095852,0.19376,-0.051363,0.14442,-0.15132,-0.18228,0.076655,0.12313,0.14575,0.065004,0.012695,0.1499,0.2157,-0.027696,0.14174,-0.29952,0.16712,0.052415,-0.013129,1,-0.27751,0.16457,0.067137,-0.10238,-0.151,-0.20367,0.10183,-0.12287,-0.052804,-0.34478,-0.18644,0.043979,-0.2607,0.021545,0.013906,0.052628,0.15943,-0.099177
40,0.034452,-0.10098,-0.05271,0.3213,-0.022601,0.064851,0.31524,-0.081804,-0.084945,-0.05316,0.01232,0.17596,-0.067178,-0.083315,-0.0047612,0.15265,0.11931,0.11119,-0.00061907,-0.021393,0.13268,-0.12561,-0.15909,-0.15268,0.25199,0.32615,0.021484,-0.066758,0.070948,-0.033541,-0.05652,0.053861,0.17354,-0.07791,0.20384,-0.10522,-0.069732,-0.23463,-0.10342,-0.27751,1,-0.13892,-0.1049,-0.038487,0.078651,0.12233,-0.12353,0.029137,-0.1014,0.18204,-0.049369,-0.26676,-0.12494,0.091204,-0.043666,0.11638,-0.019674,0.29488
41,0.028586,0.050736,0.056292,0.12803,-0.10928,-0.05575,-0.15049,-0.23167,-0.11829,-0.12337,-0.14178,-0.22021,-0.034813,-0.04031,-0.07169,-0.27339,0.1462,-0.079438,-0.12239,-0.1332,-0.091767,0.070832,0.072358,-0.021641,-0.18384,-0.13129,-0.15658,0.1203,-0.069401,-0.14521,-0.15103,-0.093003,0.15184,-0.084342,0.31173,-0.17765,-0.21166,0.030565,0.029222,0.16457,-0.13892,1,0.12007,-0.17102,0.32512,-0.0012833,0.012802,0.18839,-0.041671,-0.24305,-0.10325,0.13268,0.044992,0.19866,0.06567,0.063951,0.068226,0.15367
42,-0.05121,-0.06816,0.028693,-0.1432,-0.063146,0.075514,0.064309,-0.025082,0.18355,0.19813,0.016908,-0.031412,-0.23945,0.091353,-0.13342,0.07614,0.045141,-0.043438,0.29453,-0.23694,-0.2529,0.22961,-0.1675,-0.27033,-0.16394,0.057899,0.030441,-0.01043,0.13548,-0.12222,0.035228,-0.32027,-0.065928,0.10738,-0.027941,-0.089544,0.30528,0.14222,-0.063444,0.067137,-0.1049,0.12007,1,-0.15097,-0.061744,0.10481,0.0012199,0.24664,-0.28607,-0.06831,-0.089121,-0.12295,-0.062056,-0.019259,-0.18978,-0.333,0.34819,0.26305
43,0.21105,-0.075811,-0.035754,0.030733,-0.29857,-0.036279,0.030625,-0.10637,-0.095405,-0.19199,-0.28371,0.0033189,-0.20267,-0.11542,0.1087,-0.023142,-0.085254,0.058227,0.04857,0.28777,-0.037478,-0.2886,-0.065736,-0.17493,-0.026311,0.16369,-0.078834,-0.18727,0.052463,0.17446,-0.04166,-0.063384,-0.045287,-0.047987,0.035641,0.077943,0.062474,-0.021273,-0.28001,-0.10238,-0.038487,-0.17102,-0.15097,1,-0.051345,-0.15976,-0.035492,-0.12027,0.26361,-0.02836,-0.062709,0.20493,0.1063,-0.12139,0.078907,-0.0056961,0.009891,-0.04643
44,0.024765,0.024292,-0.10286,0.13633,-0.10738,0.0044733,0.063534,-0.027527,-0.02612,-0.18375,-0.14831,-0.16675,-0.13359,0.31397,-0.25284,-0.28614,0.068117,0.13917,0.11322,0.1047,-0.029234,0.13645,-0.17844,0.012289,0.17351,-0.0075024,0.010948,0.13951,-0.22469,-0.11249,-0.48148,-0.027886,-0.14015,0.15357,0.043511,0.02182,-0.22394,0.26874,-0.10834,-0.151,0.078651,0.32512,-0.061744,-0.051345,1,0.15143,0.0050607,0.089645,0.010548,-0.22863,-0.25083,0.031467,0.037487,-0.027125,0.15957,-0.02726,0.039555,-0.0011978
45,-0.13848,-0.031058,0.051669,0.068386,0.081619,0.045584,0.28111,0.070196,0.024017,0.36302,0.049994,0.32043,0.04221,0.018334,-0.11753,0.058524,0.22562,0.051304,-0.13454,0.09225,-0.32781,-0.14775,0.10451,-0.070713,-0.14613,0.20812,0.038914,0.049897,-0.13081,0.17335,-0.19688,-0.032624,0.06942,0.16561,-0.19596,0.058832,0.00093729,-0.082462,-0.11331,-0.20367,0.12233,-0.0012833,0.10481,-0.15976,0.15143,1,-0.09654,-0.052719,-0.01584,0.29243,0.065932,-0.25934,0.0073372,0.17833,-0.017549,-0.33944,-0.01349,0.16524
46,0.17701,0.13013,0.13822,-0.024652,-0.16883,0.17551,0.10223,0.25739,0.23171,-0.016899,0.067238,-0.2217,0.12961,-0.074258,-0.11694,-0.015827,0.039286,-0.03419,-0.13869,-0.085607,-0.086697,0.091498,-0.084861,0.12657,0.0087716,-0.10559,0.10173,-0.22503,-0.13194,0.010434,0.15831,-0.060455,-0.11153,-0.15261,0.18026,0.017618,-0.093611,0.27831,0.10302,0.10183,-0.12353,0.012802,0.0012199,-0.035492,0.0050607,-0.09654,1,0.0036525,0.1289,-0.075641,-0.019017,0.21914,0.10879,0.046931,-0.14981,0.25394,-0.046193,-0.045623
47,0.16504,-0.0904,-0.048437,-0.055492,0.048035,0.15082,0.12677,0.055408,0.17252,-0.14992,-0.052447,0.018857,-0.028919,-0.1069,0.024089,0.097174,-0.077363,0.22467,0.0036016,-0.038466,0.0069514,0.20625,0.0092122,0.10272,0.23253,0.15109,0.0060255,0.35213,0.090309,-0.26796,0.2097,-0.10581,-0.047173,0.066541,0.054285,0.1272,0.17158,-0.014034,0.17737,-0.12287,0.029137,0.18839,0.24664,-0.12027,0.089645,-0.052719,0.0036525,1,-0.1269,-0.17194,-0.13682,-0.07804,0.35887,-0.11899,-0.34406,0.063202,0.11213,0.20057
48,-0.11398,-0.32732,0.055295,0.038134,-0.053226,-0.17972,-0.034762,-0.16212,0.17829,-0.14177,-0.24237,-0.021296,0.2916,0.17317,0.17276,-0.14695,0.062393,0.2149,-0.17957,0.17839,0.25233,0.043882,-0.050631,-0.1654,-0.10726,-0.099803,0.15251,-0.091849,-0.3412,-0.056704,0.15596,0.042472,-0.009451,0.047122,-0.10894,0.015195,-0.033976,0.07079,-0.1453,-0.052804,-0.1014,-0.041671,-0.28607,0.26361,0.010548,-0.01584,0.1289,-0.1269,1,0.26677,-0.04605,0.31849,-0.17559,0.39433,0.017184,-0.094405,-0.069755,-0.023154
49,-0.11276,-0.010032,0.29651,0.21173,0.14504,-0.020256,0.22907,-0.027555,0.13585,0.16386,0.078856,0.25754,-0.0036104,0.08603,0.24372,0.34595,0.33107,0.1782,-0.04366,0.21822,0.17579,0.142,0.31344,0.071913,0.23579,0.27599,0.075912,-0.11033,-0.070167,-0.0095609,0.40151,0.058903,0.086827,-0.1758,-0.34975,-0.027983,-0.09404,-0.064979,-0.059877,-0.34478,0.18204,-0.24305,-0.06831,-0.02836,-0.22863,0.29243,-0.075641,-0.17194,0.26677,1,0.23455,0.044671,-0.30117,0.063683,-0.013478,-0.12547,-0.015552,-0.18357
50,-0.017026,-0.024052,0.042903,-0.079834,0.16678,-0.23327,0.0074033,-0.039194,0.00043601,0.17403,-0.11837,0.020815,-0.070157,0.026661,0.13825,0.010167,0.00052818,0.063727,-0.17424,-0.14309,0.077084,-0.12407,0.39468,0.13097,-0.03854,-0.10131,-0.10194,-0.082968,0.027017,-0.0013933,0.26697,-0.11786,-0.20061,0.083366,-0.093263,0.29639,0.10689,0.017012,0.18911,-0.18644,-0.049369,-0.10325,-0.089121,-0.062709,-0.25083,0.065932,-0.019017,-0.13682,-0.04605,0.23455,1,-0.039155,0.0095624,-0.079844,-0.075412,0.015327,-0.045882,-0.020509
51,0.1388,-0.09913,0.16471,0.16354,-0.02032,0.11142,-0.21063,0.073023,0.023167,-0.23954,-0.067651,-0.16566,-0.13602,-0.0073578,-0.0088652,-0.015668,0.08424,-0.084239,-0.15084,0.28226,0.062433,-0.0095442,0.10953,0.065703,-0.0027797,-0.11854,-0.090478,-0.068713,-0.056659,0.07535,0.06617,0.26998,-0.22534,-0.19309,0.10097,0.10418,-0.06088,0.22723,-0.074518,0.043979,-0.26676,0.13268,-0.12295,0.20493,0.031467,-0.25934,0.21914,-0.07804,0.31849,0.044671,-0.039155,1,-0.022589,0.055322,-0.037298,0.12583,-0.074604,-0.20916
52,0.19962,0.075384,-0.28615,-0.18764,-0.095171,-0.036782,-0.064401,-0.030736,-0.068472,-0.13635,-0.22347,-0.13986,-0.12627,-0.32449,-0.29993,-0.022807,-0.21826,-0.28056,-0.0035233,-0.15986,-0.12545,-0.070758,-0.17156,-0.045716,0.085646,-0.066849,-0.13852,0.043702,-0.058257,-0.011111,-0.13388,-0.19453,-0.066443,0.065772,-0.1607,0.19001,-0.087988,-0.082352,0.24661,-0.2607,-0.12494,0.044992,-0.062056,0.1063,0.037487,0.0073372,0.10879,0.35887,-0.17559,-0.30117,0.0095624,-0.022589,1,-0.1138,-0.12889,0.18562,0.036319,0.29269
53,-0.17948,-0.032585,0.046283,0.24986,-0.21878,-0.25464,-0.030737,-0.10622,0.063252,0.027123,-0.080096,0.13666,0.033357,-0.0013898,-0.034745,-0.14884,-0.14061,0.12134,-0.13177,-0.020387,-0.020176,0.0089941,0.039885,-0.12942,-0.056721,-0.34545,0.15035,0.10977,-0.23941,0.086489,-0.0030348,-0.24769,0.019486,-0.10596,0.12139,0.19824,-0.04052,0.037395,-0.078916,0.021545,0.091204,0.19866,-0.019259,-0.12139,-0.027125,0.17833,0.046931,-0.11899,0.39433,0.063683,-0.079844,0.055322,-0.1138,1,0.2121,-0.09721,0.034906,-0.023306
54,-0.25154,0.065519,-0.046379,-0.15286,-0.060792,-0.3137,-0.20298,-0.11022,-0.48125,-0.13662,-0.38916,-0.18354,-0.11034,0.047665,-0.40283,-0.329,-0.14486,-0.071875,-0.28206,0.10342,-0.081199,-0.06212,0.108,-0.082369,-0.055627,-0.1118,-0.1072,0.090573,-0.14419,0.0088102,-0.25781,0.064961,0.091289,-0.19532,-0.070554,0.090563,-0.16747,-0.23391,-0.0048462,0.013906,-0.043666,0.06567,-0.18978,0.078907,0.15957,-0.017549,-0.14981,-0.34406,0.017184,-0.013478,-0.075412,-0.037298,-0.12889,0.2121,1,-0.13861,-0.064652,-0.045928
55,0.11211,0.27484,0.22104,0.27385,0.039858,0.23582,-0.075155,0.17539,0.11585,-0.18132,-0.0042244,-0.12052,0.0036718,-0.095205,0.26684,0.018933,0.26089,-0.23783,-0.16807,-0.066715,-0.041163,0.0321,0.080273,0.14966,0.097912,-0.13649,-0.054014,-0.0034904,0.15201,0.019068,0.11174,0.09414,0.16001,0.029596,0.1705,-0.0013819,-0.1398,-0.12088,0.1331,0.052628,0.11638,0.063951,-0.333,-0.0056961,-0.02726,-0.33944,0.25394,0.063202,-0.094405,-0.12547,0.015327,0.12583,0.18562,-0.09721,-0.13861,1,-0.033711,0.058265
56,0.026507,-0.07504,0.22312,-0.053075,-0.24545,-0.048911,0.067544,-0.11364,0.18458,0.090634,-0.20723,0.10912,0.042548,0.14318,0.068676,-0.089569,0.20603,-0.035898,-0.053117,0.08508,0.047072,0.179,0.13101,-0.061488,0.32286,0.058069,-0.21124,0.083144,-0.13178,-0.19063,0.082415,-0.10637,0.26438,0.041752,-0.18041,-0.14527,-0.13295,0.082197,0.24177,0.15943,-0.019674,0.068226,0.34819,0.009891,0.039555,-0.01349,-0.046193,0.11213,-0.069755,-0.015552,-0.045882,-0.074604,0.036319,0.034906,-0.064652,-0.033711,1,0.072849
57,-0.33457,-0.18917,-0.096243,-0.10084,0.036925,-0.064171,0.1785,-0.17003,-0.12259,0.19423,-0.19455,-0.13159,-0.11936,-0.1188,-0.12788,-0.15179,0.10323,-0.15155,-0.16187,-0.17395,-0.041988,0.037071,-0.33541,-0.2735,-0.099817,-0.036501,0.04134,-0.27788,0.14703,-0.035502,-0.1727,-0.21455,0.24031,0.21124,0.066263,0.096991,0.14667,-0.18711,-0.11343,-0.099177,0.29488,0.15367,0.26305,-0.04643,-0.0011978,0.16524,-0.045623,0.20057,-0.023154,-0.18357,-0.020509,-0.20916,0.29269,-0.023306,-0.045928,0.058265,0.072849,1
