8.9515e-11 5.4874e-11 4.7344e-11 6.6298e-11 4.903e-11 3.8206e-11 4.5336e-11 9.1844e-12 2.6281e-11 3.9716e-12 1.3558e-11 1.2834e-11 1.7581e-11 5.7026e-12 2.3409e-12 1.4151e-11 6.7629e-12 8.3665e-12 -1.677e-12 -2.5821e-12 3.5925e-12 -5.7224e-12 6.414e-12 5.2613e-12 2.1289e-12 -4.1638e-12 -2.3968e-12 1.5849e-12 -1.3185e-12 -1.0214e-11 -3.1702e-12 -1.1967e-11 -3.6056e-12 -1.0214e-11 -3.4463e-12 -1.8671e-11 -1.4981e-12 -7.8738e-12 -9.0338e-12 -1.6124e-12 -6.5069e-12 -5.808e-12 -7.0519e-12 -1.4227e-12 -5.3793e-12 2.6072e-12 1.0375e-12 -4.2921e-12 2.397e-12 1.8076e-12 -2.9341e-12 -5.6893e-12 1.9947e-12 -2.1545e-12 -2.6182e-12 2.1463e-12 -2.947e-13 -1.1866e-12 9.0231e-13 2.237e-12 -1.8193e-12 1.4945e-12 4.2692e-13 1.7218e-12 -7.0937e-13 1.3648e-12 -7.3354e-14 1.002e-12 -5.1098e-14 3.9494e-13 1.1065e-14 -1.3787e-14
5.4874e-11 6.9372e-11 3.7806e-11 5.266e-11 3.6716e-11 3.6399e-11 3.971e-11 6.4704e-12 2.3675e-11 9.1315e-12 8.9375e-12 1.2207e-12 1.1251e-11 3.4196e-12 1.5448e-12 1.1062e-11 5.4957e-12 5.5142e-12 3.0405e-12 3.0069e-12 4.6556e-14 -5.145e-12 7.8896e-12 3.7649e-12 -6.6694e-12 -8.4001e-13 -5.4763e-12 1.8041e-12 4.6147e-12 -7.6704e-12 -5.9383e-12 -9.6749e-12 -2.5263e-12 -5.2019e-12 9.8823e-13 -1.2611e-11 -3.7855e-12 -1.4779e-12 -4.7453e-12 -3.2324e-12 -2.445e-12 -1.0715e-12 -6.6495e-12 -3.1245e-12 -4.0602e-12 2.1628e-12 3.6192e-12 -1.122e-12 5.3459e-12 8.1633e-13 -1.8076e-13 -2.7619e-12 2.8014e-12 9.1131e-13 -1.204e-12 2.5437e-12 1.0852e-12 -4.7962e-14 9.956e-13 3.6319e-13 -2.4797e-12 1.0199e-12 1.7958e-12 2.0555e-12 1.5414e-13 1.2198e-12 1.1016e-12 7.2113e-13 -5.8262e-14 4.3841e-14 -6.0701e-14 5.3078e-15
4.7344e-11 3.7806e-11 5.2353e-11 3.9933e-11 2.9507e-11 2.3808e-11 2.6607e-11 1.8064e-11 2.1387e-11 7.3368e-12 8.5065e-12 2.456e-12 8.9644e-12 1.8518e-13 -1.1921e-12 4.1022e-12 2.2497e-12 1.567e-12 3.7393e-12 3.0773e-12 3.8489e-12 -1.1047e-11 1.0195e-12 2.3721e-13 -1.654e-12 7.9076e-13 6.3455e-14 -3.2927e-13 4.2083e-13 -7.5229e-12 -2.4946e-12 -1.0678e-11 -3.1033e-12 -7.7817e-12 -2.9705e-12 -5.308e-12 -4.1228e-13 -4.8361e-12 -6.6641e-12 2.2147e-13 -3.7827e-12 -5.0619e-12 -9.451e-12 -4.1828e-12 -3.2031e-12 3.0087e-12 -2.7211e-13 -3.3331e-12 1.8952e-12 -4.0472e-13 1.6302e-13 -1.6633e-12 1.1717e-12 -3.6464e-12 -1.9519e-12 2.6895e-14 2.9084e-13 -1.5542e-13 -5.6595e-13 1.4262e-12 -9.6671e-13 -2.459e-13 8.4585e-13 6.3906e-13 -1.5389e-12 2.4287e-13 9.3743e-13 4.5961e-13 -2.9786e-13 2.2213e-13 -2.281e-15 -3.8324e-16
6.6298e-11 5.266e-11 3.9933e-11 8.1385e-11 5.0139e-11 3.3163e-11 4.0175e-11 1.0946e-11 3.0194e-11 5.2207e-12 1.1519e-11 1.2116e-11 1.2935e-11 1.7656e-12 5.882e-12 5.1609e-12 5.2661e-12 1.3452e-11 1.0704e-13 8.6661e-13 4.8909e-12 -7.4246e-12 7.3669e-12 4.5138e-12 2.0872e-13 -2.3787e-12 1.0453e-12 2.3157e-12 -2.5326e-12 -9.1857e-12 -9.3597e-12 -5.9263e-12 -3.2007e-12 -4.8746e-12 -3.9048e-12 -1.27e-11 -5.3288e-13 -3.0264e-12 -7.7892e-12 -4.488e-12 -5.6809e-12 1.0367e-13 -7.7483e-12 -1.5761e-12 -6.0852e-12 2.1257e-12 -7.9366e-13 -4.9581e-12 3.2946e-12 -1.1559e-12 -2.5982e-12 -6.3057e-12 1.862e-12 -2.6643e-12 -3.8746e-12 2.7745e-12 2.5664e-12 -1.8976e-12 6.4033e-13 7.1941e-13 3.5135e-13 2.3354e-12 8.4136e-13 2.7084e-12 -8.2433e-13 8.5921e-13 3.1821e-13 7.9533e-13 4.6457e-13 4.9219e-13 2.7641e-15 -4.3314e-15
4.903e-11 3.6716e-11 2.9507e-11 5.0139e-11 4.9019e-11 2.675e-11 2.4374e-11 5.9313e-12 1.4755e-11 -1.4122e-12 6.3438e-12 1.1051e-11 6.5556e-12 3.5099e-12 -1.3833e-12 7.3142e-12 8.2625e-14 8.4677e-12 -1.0825e-12 -8.6404e-13 -1.5878e-13 -6.1477e-12 3.7406e-12 2.2781e-12 -1.7743e-12 -1.268e-12 -3.3403e-13 2.9558e-12 -2.3222e-12 -9.4712e-12 -1.6489e-12 -6.4824e-12 -1.2499e-12 -4.0272e-12 -1.3899e-12 -9.8683e-12 -1.7263e-12 -2.9629e-12 -6.5331e-12 -2.7764e-12 -4.2567e-12 -2.4363e-12 -4.425e-12 -2.2996e-12 -1.9308e-12 1.5423e-12 7.3972e-13 -2.6368e-12 2.6825e-12 -4.0127e-13 -3.2737e-12 -4.1777e-12 2.1233e-12 -1.811e-13 -2.343e-12 1.9871e-12 2.1825e-12 -2.2038e-12 2.0959e-12 5.7561e-13 -1.8501e-12 1.0287e-12 1.5522e-12 1.7255e-12 -9.916e-13 6.61e-13 9.5129e-13 2.5575e-13 4.7537e-13 1.9343e-13 2.5237e-14 -5.3039e-15
3.8206e-11 3.6399e-11 2.3808e-11 3.3163e-11 2.675e-11 4.146e-11 2.3613e-11 7.6211e-12 1.4165e-11 7.9588e-12 1.0491e-11 5.2004e-12 7.0648e-12 5.9097e-12 1.7978e-12 8.7771e-12 7.1245e-12 5.1154e-12 9.1878e-13 -1.7176e-12 3.9646e-12 -1.8248e-12 5.478e-12 -6.9556e-13 1.9304e-12 3.5655e-13 -7.5949e-13 2.3266e-12 2.6201e-12 -3.161e-12 -3.2962e-12 -7.0819e-12 -2.1823e-12 -2.7573e-12 -8.459e-13 -8.9878e-12 -1.5276e-12 -1.4891e-13 -1.2902e-12 -4.4948e-12 -3.3475e-12 -5.3424e-12 -4.4257e-12 -1.7978e-12 -5.2199e-12 1.9849e-12 -1.6317e-13 4.5337e-13 2.6832e-12 6.1246e-13 -1.3677e-12 -4.8295e-12 2.3388e-12 2.1006e-12 -2.0481e-12 1.5304e-12 1.044e-12 -1.3023e-12 2.7526e-12 3.4417e-13 -1.0963e-12 5.1967e-13 1.5389e-12 1.2924e-12 -2.1585e-13 7.7702e-13 1.1107e-12 4.744e-13 2.9454e-13 1.5461e-13 -1.532e-14 1.3083e-14
4.5336e-11 3.971e-11 2.6607e-11 4.0175e-11 2.4374e-11 2.3613e-11 5.6731e-11 5.1746e-12 2.4127e-11 1.081e-11 7.8638e-12 6.8646e-13 1.1433e-11 3.7805e-12 -5.1749e-13 9.7547e-12 3.3542e-12 7.1287e-12 5.4044e-13 5.3511e-13 9.496e-13 -5.5057e-12 9.5713e-12 3.4479e-12 -2.3236e-12 -7.0759e-13 -2.2025e-12 5.4649e-12 2.2204e-12 -5.5873e-12 -3.2812e-12 -7.6253e-12 -3.1834e-12 -7.4732e-12 5.5022e-14 -8.8442e-12 -8.7875e-13 -9.0448e-12 -3.3219e-12 -1.7675e-12 -3.159e-12 3.6909e-13 -1.6488e-12 -1.0546e-12 -3.9705e-12 1.569e-12 4.4327e-13 -3.6229e-12 4.6075e-12 1.0717e-12 -1.2414e-12 -3.8833e-12 4.8898e-12 1.4473e-12 -2.9154e-13 2.9661e-12 1.4382e-12 5.2236e-13 6.3058e-13 7.781e-13 -2.0981e-12 -3.5917e-13 5.6006e-13 8.2803e-13 -2.412e-13 9.1365e-13 2.423e-13 1.0107e-12 5.219e-14 3.3197e-15 -4.3967e-15 -7.8939e-15
9.1844e-12 6.4704e-12 1.8064e-11 1.0946e-11 5.9313e-12 7.6211e-12 5.1746e-12 2.6847e-11 6.1791e-12 -1.0735e-12 9.3447e-12 5.9592e-13 2.2405e-12 -7.3134e-14 4.6801e-12 3.3681e-12 4.938e-12 6.6287e-13 -6.48e-13 8.663e-13 2.5524e-12 -5.6798e-12 2.8087e-12 -1.1173e-12 -4.9431e-13 3.285e-12 2.9913e-12 -5.8072e-12 4.5943e-12 -2.2111e-12 -2.8616e-12 -7.9817e-13 -2.8999e-13 -4.1255e-12 -1.8582e-12 2.0976e-13 -1.1459e-13 1.671e-12 -1.0203e-12 7.4823e-13 1.5299e-12 -4.4165e-12 -3.1136e-12 -2.3222e-12 -1.0078e-12 2.0686e-12 -8.026e-14 -8.3094e-13 5.0935e-13 7.2774e-13 2.0685e-12 -3.9349e-14 2.0209e-13 -2.7301e-12 -1.9839e-12 -1.9988e-13 1.6934e-14 1.1278e-13 -1.0706e-12 1.0434e-12 -9.7606e-13 -1.0457e-12 1.6936e-13 -3.7617e-13 -2.5949e-13 -1.083e-12 4.4824e-13 2.8928e-13 6.9884e-14 1.2513e-13 -7.6042e-15 1.3113e-14
2.6281e-11 2.3675e-11 2.1387e-11 3.0194e-11 1.4755e-11 1.4165e-11 2.4127e-11 6.1791e-12 3.5263e-11 1.1066e-11 1.4914e-12 -2.1353e-13 7.32e-12 -1.811e-12 8.7913e-12 -8.8029e-13 -1.7008e-12 -1.8383e-13 9.17e-14 6.3223e-12 3.4309e-12 -2.7813e-12 5.0353e-12 1.9657e-12 1.844e-12 -2.1271e-12 -1.1623e-12 3.9289e-12 3.9289e-12 -4.5809e-13 -1.9594e-12 -4.8929e-12 -2.1837e-12 -1.9731e-12 -3.3885e-12 -4.0036e-12 -4.0158e-13 2.9602e-13 -2.4607e-13 -2.9468e-12 -4.4296e-13 2.0282e-13 -2.2867e-12 -2.5811e-12 -3.1642e-12 2.731e-12 -1.0634e-12 -2.7103e-12 3.2836e-12 -1.8539e-12 3.5644e-12 -5.3637e-14 2.5331e-12 -1.5195e-12 -2.2928e-12 4.1272e-12 2.5909e-12 -1.3719e-12 -1.1781e-13 -5.246e-13 4.8013e-13 1.5172e-12 -2.2645e-13 9.9737e-13 -2.5909e-14 1.2438e-12 8.2044e-13 9.6354e-13 -1.781e-13 1.6621e-13 1.0048e-15 -1.8663e-16
3.9716e-12 9.1315e-12 7.3368e-12 5.2207e-12 -1.4122e-12 7.9588e-12 1.081e-11 -1.0735e-12 1.1066e-11 1.5964e-11 6.9862e-13 -1.9147e-12 1.9222e-12 -6.6737e-13 3.0054e-12 1.6643e-12 -1.7325e-12 -1.2269e-12 4.1803e-13 7.0245e-13 3.7699e-12 -2.687e-12 -1.3137e-12 -3.0105e-13 4.094e-12 -3.8516e-13 -3.4312e-13 3.092e-12 1.3755e-12 3.0662e-13 -5.9516e-13 -3.4583e-12 -2.5639e-12 -2.8321e-12 -2.9122e-13 -2.2005e-12 -3.777e-13 -2.7695e-12 5.443e-14 -1.9434e-12 -1.8374e-12 -4.8042e-13 1.1621e-12 7.1849e-14 -1.7383e-12 1.6553e-12 -7.7598e-13 -1.6406e-12 1.3128e-12 1.4454e-12 -4.114e-13 5.1062e-13 6.0776e-13 -1.4179e-12 -1.0652e-12 5.4993e-13 1.4697e-12 1.9587e-13 1.0295e-12 -1.3511e-12 -5.9338e-14 -2.1176e-13 -1.4289e-13 -6.7677e-13 -2.6218e-13 3.3594e-15 3.4811e-13 2.1927e-13 -7.3817e-14 -4.7605e-14 1.154e-14 8.9204e-16
1.3558e-11 8.9375e-12 8.5065e-12 1.1519e-11 6.3438e-12 1.0491e-11 7.8638e-12 9.3447e-12 1.4914e-12 6.9862e-13 2.4288e-11 1.2344e-12 3.6985e-12 6.9371e-12 1.256e-12 3.3167e-12 2.0025e-12 7.1031e-12 -7.9899e-13 -1.0412e-13 4.3927e-12 1.0559e-14 1.1697e-12 1.1384e-12 2.6174e-12 9.9087e-13 -5.5593e-13 -7.8011e-13 1.9111e-12 -1.4352e-13 1.0573e-12 -1.3395e-12 4.7249e-13 -2.9437e-12 -6.9014e-14 2.8864e-13 -2.2658e-13 -1.7467e-12 1.4991e-12 -2.5152e-12 2.0958e-14 1.0976e-12 -4.9919e-12 1.7822e-12 -6.343e-13 2.1076e-12 6.7836e-13 2.5511e-13 1.1496e-12 -6.3551e-13 -3.1258e-13 -1.2854e-12 9.0431e-13 9.6579e-14 -1.5624e-12 7.385e-13 -2.4475e-13 -2.5842e-13 1.7694e-12 2.6194e-12 -1.1233e-13 -4.5941e-15 3.6834e-13 6.4212e-13 -1.2938e-13 4.5834e-13 8.2609e-14 1.0176e-13 2.8752e-13 1.9141e-13 -6.0737e-15 5.9263e-15
1.2834e-11 1.2207e-12 2.456e-12 1.2116e-11 1.1051e-11 5.2004e-12 6.8646e-13 5.9592e-13 -2.1353e-13 -1.9147e-12 1.2344e-12 2.4341e-11 5.7341e-12 4.4603e-12 -3.8653e-13 -1.5643e-12 3.4577e-12 6.9168e-12 -1.8338e-12 -3.6919e-13 8.9455e-13 5.0603e-12 4.3666e-13 2.1875e-12 4.024e-13 -1.8072e-12 6.4929e-12 -7.9297e-13 -2.6957e-12 -2.3304e-12 -1.1631e-12 -8.1728e-14 2.3613e-12 -4.6429e-13 3.8854e-13 4.7423e-13 -3.5692e-12 4.241e-13 -3.8917e-12 -1.6122e-12 -2.3341e-12 -8.088e-13 1.1626e-12 2.4443e-12 1.0239e-12 2.4296e-12 -3.0784e-13 -1.3742e-12 2.0085e-12 3.0156e-13 -1.5695e-12 -1.7802e-12 1.6917e-12 -4.7703e-13 7.7804e-13 -6.3409e-13 8.24e-13 -1.4799e-12 1.9015e-12 9.5129e-13 -1.7361e-13 -2.9975e-13 7.526e-13 -9.392e-13 -4.3752e-13 7.8302e-13 2.5512e-13 -5.1542e-13 -4.7956e-14 2.5683e-13 -1.2068e-14 3.1846e-15
1.7581e-11 1.1251e-11 8.9644e-12 1.2935e-11 6.5556e-12 7.0648e-12 1.1433e-11 2.2405e-12 7.32e-12 1.9222e-12 3.6985e-12 5.7341e-12 1.7569e-11 6.9798e-12 4.88e-12 1.6794e-12 4.6767e-13 -1.4328e-12 1.184e-12 3.5122e-12 9.1477e-13 2.904e-12 1.8996e-12 2.2217e-12 6.956e-13 -1.6773e-12 -3.7818e-13 -3.9403e-12 -1.2924e-12 -2.2673e-12 -1.3887e-12 -5.8515e-13 3.0865e-12 -1.7837e-12 -3.2244e-12 -1.7138e-12 -6.4843e-13 -3.2935e-12 1.5275e-12 2.5209e-12 -2.6519e-12 7.2625e-14 -2.6438e-12 1.3049e-13 -4.0418e-12 -4.364e-13 1.0084e-13 -1.9528e-12 7.3336e-13 1.2839e-12 1.2725e-12 -7.8763e-13 -1.3479e-13 6.6121e-13 7.4995e-13 7.7771e-13 -9.5369e-13 -1.4851e-12 1.8512e-14 1.7831e-12 -7.8397e-13 6.2471e-13 4.9057e-13 1.3547e-12 -3.6935e-13 2.8182e-13 2.0754e-13 4.7806e-14 1.0524e-13 2.0109e-13 8.9484e-15 -8.182e-15
5.7026e-12 3.4196e-12 1.8518e-13 1.7656e-12 3.5099e-12 5.9097e-12 3.7805e-12 -7.3134e-14 -1.811e-12 -6.6737e-13 6.9371e-12 4.4603e-12 6.9798e-12 1.9752e-11 -3.4358e-12 2.5628e-12 1.6678e-13 3.1673e-12 -1.5621e-12 9.9226e-13 -8.6204e-13 4.1711e-12 2.4603e-12 1.3665e-12 1.7551e-12 1.9722e-12 -1.3856e-12 7.3805e-13 -2.2758e-12 -5.6724e-12 -5.728e-13 -9.8154e-13 4.1829e-12 -1.6283e-12 -8.0769e-13 -6.4824e-13 -4.3863e-13 -2.0922e-12 4.1617e-12 -2.3583e-13 -1.3097e-12 2.8612e-13 2.2679e-12 -1.0673e-12 1.3925e-12 3.0061e-12 -9.5462e-13 -9.9805e-13 9.8075e-13 -7.4892e-13 1.244e-12 -1.4075e-12 7.1801e-13 3.6661e-13 2.7179e-12 1.0567e-12 -1.7318e-12 -1.0924e-12 1.706e-12 2.3649e-12 -6.1145e-13 3.6979e-13 9.6258e-13 1.0937e-13 4.579e-14 2.463e-13 2.5965e-13 -4.6211e-15 1.5284e-13 1.8589e-15 1.536e-14 3.4707e-15
2.3409e-12 1.5448e-12 -1.1921e-12 5.882e-12 -1.3833e-12 1.7978e-12 -5.1749e-13 4.6801e-12 8.7913e-12 3.0054e-12 1.256e-12 -3.8653e-13 4.88e-12 -3.4358e-12 2.2833e-11 -4.0567e-12 1.8958e-12 7.4648e-13 -3.3885e-12 5.2697e-14 1.9456e-12 2.2877e-12 -9.6117e-13 2.8672e-12 1.8866e-12 -2.277e-12 1.9912e-12 -1.435e-12 2.5938e-12 4.6779e-13 -3.9212e-12 2.4876e-12 -1.7304e-12 3.4879e-12 -4.9392e-12 9.4975e-13 -9.9782e-13 3.605e-12 5.6587e-13 -3.2127e-13 1.0073e-12 9.7686e-13 1.2531e-12 1.8389e-12 -2.7722e-12 -1.7502e-12 2.4437e-12 -3.0304e-12 -1.0086e-12 -1.4211e-14 2.1108e-12 1.6421e-12 4.261e-13 -2.8797e-12 -2.6646e-12 -5.0272e-13 -4.6089e-13 -1.112e-12 8.5121e-14 -2.716e-12 8.3019e-13 5.9532e-13 -9.163e-13 4.1768e-13 7.3848e-13 -6.9281e-13 2.9299e-13 -2.3864e-14 1.4693e-13 3.2975e-13 8.2785e-15 9.1724e-15
1.4151e-11 1.1062e-11 4.1022e-12 5.1609e-12 7.3142e-12 8.7771e-12 9.7547e-12 3.3681e-12 -8.8029e-13 1.6643e-12 3.3167e-12 -1.5643e-12 1.6794e-12 2.5628e-12 -4.0567e-12 2.5746e-11 5.4148e-12 1.0265e-12 -5.6374e-13 -3.1565e-13 -2.3715e-14 -3.0516e-12 3.8973e-12 1.399e-12 -6.9975e-13 3.01e-12 -4.1691e-12 -2.0119e-12 4.4996e-12 -2.0229e-12 3.1514e-12 -1.2016e-12 -8.5001e-13 -5.4787e-12 3.0506e-13 -4.6484e-12 -2.0235e-13 -2.0988e-13 -1.0287e-12 2.0445e-12 -2.5526e-12 -3.4144e-12 -5.9857e-13 -1.0533e-12 -1.1687e-12 2.6202e-13 1.9595e-12 -7.0596e-13 1.909e-12 4.8266e-12 -2.3192e-13 -1.3618e-12 -2.164e-12 1.6456e-12 4.9977e-14 -2.3025e-13 1.0082e-13 -1.8043e-14 -9.6651e-14 -4.1224e-14 -6.2608e-13 6.5589e-13 4.1446e-13 -1.0826e-13 8.221e-14 -2.7227e-13 -3.3049e-13 2.3631e-13 3.7432e-14 -5.7864e-14 4.7167e-14 7.4362e-15
6.7629e-12 5.4957e-12 2.2497e-12 5.2661e-12 8.2625e-14 7.1245e-12 3.3542e-12 4.938e-12 -1.7008e-12 -1.7325e-12 2.0025e-12 3.4577e-12 4.6767e-13 1.6678e-13 1.8958e-12 5.4148e-12 2.0374e-11 3.0088e-12 4.5226e-12 -2.7256e-12 3.9825e-12 3.202e-13 2.4845e-12 5.1487e-12 -2.7327e-13 7.901e-13 2.3286e-12 -2.6585e-12 4.6709e-12 4.0891e-12 -3.5821e-12 4.2809e-12 8.9967e-14 -1.5074e-12 -2.2665e-12 -9.5998e-13 2.9009e-14 1.9295e-12 -4.1556e-12 1.9658e-12 -1.6232e-13 -1.4781e-13 3.2119e-13 -1.337e-12 -6.2852e-13 1.8024e-12 1.5189e-12 -1.4807e-12 -1.6122e-12 -5.8465e-13 -7.9767e-13 -2.0154e-12 7.4721e-13 2.2584e-12 -1.001e-12 -6.5521e-13 -1.3538e-12 1.4622e-12 1.0991e-12 -4.3916e-13 -1.5505e-13 1.0475e-12 1.142e-12 -3.5348e-13 1.1494e-12 -6.531e-14 7.3371e-14 -1.1775e-13 -2.4549e-13 9.6219e-14 -2.9484e-14 1.5329e-14
8.3665e-12 5.5142e-12 1.567e-12 1.3452e-11 8.4677e-12 5.1154e-12 7.1287e-12 6.6287e-13 -1.8383e-13 -1.2269e-12 7.1031e-12 6.9168e-12 -1.4328e-12 3.1673e-12 7.4648e-13 1.0265e-12 3.0088e-12 2.1664e-11 5.9715e-13 -3.0053e-13 5.0983e-12 5.8953e-12 4.8468e-12 2.9237e-12 1.2984e-12 3.2952e-12 2.4868e-12 5.2001e-12 1.3895e-12 -1.1194e-13 2.0456e-12 1.7592e-12 8.0368e-12 3.6584e-13 -1.0701e-13 3.7898e-12 -1.6954e-12 -1.5624e-12 7.5347e-13 -2.108e-12 -1.4876e-12 2.4195e-12 9.9333e-13 2.0995e-12 2.5216e-12 3.2678e-12 1.1461e-12 -8.4386e-13 2.4771e-12 2.9511e-13 -1.1418e-12 -1.9046e-12 1.7439e-12 -4.7176e-13 8.6506e-14 1.5033e-12 1.2115e-12 9.1304e-13 1.3815e-12 -5.5629e-13 -6.8353e-13 1.5979e-13 1.3667e-12 -3.9299e-13 3.8747e-13 1.4868e-13 -1.8727e-13 1.21e-13 1.597e-13 8.0849e-14 6.5308e-16 1.3257e-14
-1.677e-12 3.0405e-12 3.7393e-12 1.0704e-13 -1.0825e-12 9.1878e-13 5.4044e-13 -6.48e-13 9.17e-14 4.1803e-13 -7.9899e-13 -1.8338e-12 1.184e-12 -1.5621e-12 -3.3885e-12 -5.6374e-13 4.5226e-12 5.9715e-13 1.3436e-11 3.0988e-12 2.441e-12 2.2409e-12 2.6465e-12 1.7511e-12 -1.2173e-12 2.6059e-12 2.463e-13 8.342e-13 7.7778e-13 5.5604e-12 9.8478e-13 2.2249e-12 2.2508e-13 1.6008e-14 -1.9757e-12 -2.2349e-13 -7.2264e-13 6.6445e-13 -1.1582e-12 3.521e-12 -1.0203e-12 1.8592e-12 -2.5093e-12 -2.203e-12 1.9248e-13 1.3352e-12 6.6126e-13 1.4104e-13 -9.9593e-13 -1.0583e-12 -8.9419e-13 1.9965e-13 1.3503e-12 1.0834e-12 1.3801e-12 -2.9833e-13 -5.9009e-13 5.46e-13 5.9793e-13 6.047e-13 -2.1891e-13 8.0826e-13 1.8435e-13 3.9929e-13 -1.4064e-13 3.1948e-13 1.3772e-14 4.1888e-14 -2.95e-13 -3.9723e-15 -2.2886e-14 -1.7954e-15
-2.5821e-12 3.0069e-12 3.0773e-12 8.6661e-13 -8.6404e-13 -1.7176e-12 5.3511e-13 8.663e-13 6.3223e-12 7.0245e-13 -1.0412e-13 -3.6919e-13 3.5122e-12 9.9226e-13 5.2697e-14 -3.1565e-13 -2.7256e-12 -3.0053e-13 3.0988e-12 1.3335e-11 5.6206e-12 2.0847e-12 2.9643e-12 1.293e-12 -2.2537e-12 7.8939e-13 1.4562e-12 4.0831e-12 2.6528e-12 2.8322e-12 1.2693e-12 -8.7024e-13 4.1895e-12 1.5976e-12 2.1075e-12 4.1567e-12 -2.3205e-12 1.4286e-12 3.7199e-13 2.1215e-12 2.5387e-13 4.415e-12 -1.2029e-12 7.3942e-14 2.3867e-12 2.2574e-12 -9.866e-13 7.8997e-13 2.6165e-12 1.7674e-12 3.1219e-12 1.3597e-12 3.4914e-13 3.1789e-13 7.4443e-13 -2.7721e-13 7.4244e-13 -1.4142e-12 -1.1057e-12 6.937e-13 2.4522e-13 8.6077e-13 2.26e-13 7.0523e-13 2.2064e-13 3.8283e-13 4.9165e-13 -2.9398e-14 -2.6078e-13 -4.9287e-14 3.1961e-14 -9.3209e-17
3.5925e-12 4.6556e-14 3.8489e-12 4.8909e-12 -1.5878e-13 3.9646e-12 9.496e-13 2.5524e-12 3.4309e-12 3.7699e-12 4.3927e-12 8.9455e-13 9.1477e-13 -8.6204e-13 1.9456e-12 -2.3715e-14 3.9825e-12 5.0983e-12 2.441e-12 5.6206e-12 1.4711e-11 1.8434e-12 2.3818e-12 2.19e-12 5.9152e-13 -7.2093e-13 3.7955e-12 3.4837e-12 2.8478e-12 4.2063e-12 -9.5909e-13 2.3759e-13 2.356e-12 7.8461e-14 -4.3008e-13 1.6396e-12 -1.7833e-12 6.9254e-13 -1.396e-12 -2.9676e-13 1.3745e-13 2.4064e-12 1.9414e-12 -2.8719e-13 6.8623e-13 2.0552e-12 2.9319e-13 -4.7088e-13 -5.5112e-13 2.3033e-12 7.3379e-13 -9.0376e-13 -1.7705e-13 -1.2947e-12 -1.11e-12 -1.4016e-12 -1.2641e-13 5.692e-13 -6.9916e-14 -4.4742e-13 6.5291e-13 7.3361e-13 2.7048e-13 -4.778e-13 -1.5091e-13 4.4152e-14 1.9718e-14 1.1322e-13 8.112e-14 8.9427e-15 2.543e-14 7.7714e-15
-5.7224e-12 -5.145e-12 -1.1047e-11 -7.4246e-12 -6.1477e-12 -1.8248e-12 -5.5057e-12 -5.6798e-12 -2.7813e-12 -2.687e-12 1.0559e-14 5.0603e-12 2.904e-12 4.1711e-12 2.2877e-12 -3.0516e-12 3.202e-13 5.8953e-12 2.2409e-12 2.0847e-12 1.8434e-12 1.9669e-11 2.0407e-12 6.9674e-13 6.2646e-13 1.5022e-12 -1.2801e-12 1.4543e-12 2.7513e-12 3.3285e-12 2.7535e-12 3.3058e-12 6.7814e-12 3.6226e-12 3.159e-13 1.8599e-12 -1.9592e-12 3.0282e-12 3.5771e-12 -2.0878e-12 7.2134e-13 2.2734e-12 2.5995e-12 1.7684e-12 8.0693e-13 2.5849e-12 1.6736e-12 1.8452e-12 2.8895e-12 -1.2013e-12 5.7102e-13 6.5449e-13 2.051e-12 1.1435e-12 3.4034e-12 8.0925e-13 -6.7123e-13 -1.4025e-13 2.6838e-13 1.218e-13 -5.4002e-13 1.1901e-12 6.6537e-13 5.0015e-13 -2.1573e-14 1.4193e-12 -1.3588e-13 -3.4771e-13 5.4474e-14 9.2583e-14 -1.1764e-14 -6.8356e-16
6.414e-12 7.8896e-12 1.0195e-12 7.3669e-12 3.7406e-12 5.478e-12 9.5713e-12 2.8087e-12 5.0353e-12 -1.3137e-12 1.1697e-12 4.3666e-13 1.8996e-12 2.4603e-12 -9.6117e-13 3.8973e-12 2.4845e-12 4.8468e-12 2.6465e-12 2.9643e-12 2.3818e-12 2.0407e-12 1.2805e-11 4.8087e-12 -3.9841e-12 8.0833e-13 -9.534e-13 1.3482e-12 5.1169e-12 2.5627e-12 -6.8213e-13 3.086e-12 2.3054e-12 -1.9145e-12 -1.0822e-12 -1.1583e-12 -2.9629e-12 1.6571e-12 1.8047e-12 5.8217e-13 -9.8588e-14 6.3018e-13 -1.1731e-12 4.3412e-13 9.9291e-13 9.1568e-13 1.2523e-12 1.6009e-12 2.4912e-12 -6.1858e-13 2.3409e-12 -1.314e-12 2.5155e-12 1.5769e-12 7.7841e-13 1.6388e-12 6.9935e-13 9.8014e-14 5.4205e-13 6.9305e-13 -2.5092e-13 1.0583e-13 5.1671e-13 6.6744e-13 5.9333e-13 8.1852e-14 -4.5947e-14 1.3509e-13 6.2058e-14 -1.1639e-13 -1.3777e-14 9.9875e-15
5.2613e-12 3.7649e-12 2.3721e-13 4.5138e-12 2.2781e-12 -6.9556e-13 3.4479e-12 -1.1173e-12 1.9657e-12 -3.0105e-13 1.1384e-12 2.1875e-12 2.2217e-12 1.3665e-12 2.8672e-12 1.399e-12 5.1487e-12 2.9237e-12 1.7511e-12 1.293e-12 2.19e-12 6.9674e-13 4.8087e-12 1.2181e-11 -3.6553e-13 -1.5127e-12 1.3043e-13 -2.6241e-13 4.123e-12 9.7704e-13 7.6564e-13 1.4989e-12 9.6931e-13 -1.6601e-13 -2.2591e-12 4.8671e-15 6.7126e-13 2.702e-12 5.8886e-13 1.9989e-15 -1.4231e-12 3.1806e-12 -1.1621e-12 1.7773e-12 1.3246e-12 1.0594e-12 1.7371e-12 -9.7259e-13 4.6037e-13 -1.9975e-12 1.389e-12 -8.5171e-14 2.5803e-12 5.4008e-13 -6.5238e-13 -8.4373e-14 -1.0324e-12 5.4186e-13 1.0048e-12 3.9272e-13 5.8539e-14 9.7112e-13 5.3196e-13 1.8504e-13 1.1796e-12 -1.4494e-13 -5.5165e-13 -4.178e-13 -1.5163e-13 1.018e-13 8.6402e-15 5.8033e-15
2.1289e-12 -6.6694e-12 -1.654e-12 2.0872e-13 -1.7743e-12 1.9304e-12 -2.3236e-12 -4.9431e-13 1.844e-12 4.094e-12 2.6174e-12 4.024e-13 6.956e-13 1.7551e-12 1.8866e-12 -6.9975e-13 -2.7327e-13 1.2984e-12 -1.2173e-12 -2.2537e-12 5.9152e-13 6.2646e-13 -3.9841e-12 -3.6553e-13 1.6903e-11 1.1814e-12 1.8377e-13 5.7429e-13 -1.4496e-12 2.4512e-12 3.1543e-12 -2.3857e-12 4.2357e-13 1.3063e-13 -9.4732e-13 8.1788e-14 3.3255e-12 -1.4585e-12 2.5651e-12 -6.8816e-13 -9.2733e-13 -9.865e-13 4.231e-13 2.5403e-12 -1.0197e-12 7.4535e-13 -4.0188e-12 -2.3926e-12 -1.1088e-12 -7.6738e-13 -8.8559e-13 -1.6147e-12 -1.6194e-12 -7.5798e-13 -1.2969e-12 4.8206e-13 7.3248e-14 -4.6723e-13 8.4037e-13 -2.2496e-13 9.2437e-13 1.0376e-12 1.3589e-14 1.8842e-13 -8.2103e-13 -5.1925e-14 -4.3646e-13 4.164e-13 -3.1365e-14 1.2558e-13 2.6944e-14 -3.3017e-15
-4.1638e-12 -8.4001e-13 7.9076e-13 -2.3787e-12 -1.268e-12 3.5655e-13 -7.0759e-13 3.285e-12 -2.1271e-12 -3.8516e-13 9.9087e-13 -1.8072e-12 -1.6773e-12 1.9722e-12 -2.277e-12 3.01e-12 7.901e-13 3.2952e-12 2.6059e-12 7.8939e-13 -7.2093e-13 1.5022e-12 8.0833e-13 -1.5127e-12 1.1814e-12 8.4178e-12 5.7752e-15 -4.5249e-13 2.3584e-12 4.4174e-13 3.1057e-12 1.0673e-12 2.1287e-12 -2.5586e-12 1.1897e-12 2.2566e-12 2.3427e-12 -1.493e-12 1.3419e-12 8.4633e-13 -3.1814e-13 8.6668e-13 -9.3452e-13 -1.689e-12 1.7997e-12 1.2374e-12 -5.6832e-13 3.0416e-13 -3.9791e-13 2.1582e-13 -1.4337e-13 7.9768e-14 -3.3904e-13 -6.188e-13 9.2847e-13 -1.0237e-13 4.8229e-13 4.1483e-14 1.0371e-12 -7.5037e-13 -5.4668e-13 1.9747e-13 3.591e-13 -2.6291e-13 -1.2041e-13 -4.0621e-13 9.7791e-14 2.466e-13 -1.0106e-13 -1.4514e-13 7.1615e-15 5.7171e-15
-2.3968e-12 -5.4763e-12 6.3455e-14 1.0453e-12 -3.3403e-13 -7.5949e-13 -2.2025e-12 2.9913e-12 -1.1623e-12 -3.4312e-13 -5.5593e-13 6.4929e-12 -3.7818e-13 -1.3856e-12 1.9912e-12 -4.1691e-12 2.3286e-12 2.4868e-12 2.463e-13 1.4562e-12 3.7955e-12 -1.2801e-12 -9.534e-13 1.3043e-13 1.8377e-13 5.7752e-15 7.515e-12 1.7596e-12 -5.9336e-14 -1.7855e-12 -2.2951e-12 3.3403e-13 -2.0224e-13 1.4968e-12 5.6705e-13 3.7481e-12 -4.0154e-13 6.6852e-13 -3.2689e-13 3.0666e-13 1.0176e-12 4.4109e-13 2.0088e-12 2.5921e-13 9.7731e-13 1.3792e-12 -3.7409e-13 -1.3248e-13 -5.5735e-13 7.1147e-13 -5.5088e-13 -7.0378e-13 -2.4159e-13 -1.86e-12 -1.0939e-12 -1.5339e-12 -3.9552e-13 2.2991e-13 2.5295e-13 -1.8635e-13 5.3027e-13 -2.1868e-13 -1.1562e-14 -1.0257e-12 8.267e-14 -3.8817e-13 2.0501e-13 -2.5405e-13 -1.2112e-13 1.368e-13 1.9179e-15 6.6025e-15
1.5849e-12 1.8041e-12 -3.2927e-13 2.3157e-12 2.9558e-12 2.3266e-12 5.4649e-12 -5.8072e-12 3.9289e-12 3.092e-12 -7.8011e-13 -7.9297e-13 -3.9403e-12 7.3805e-13 -1.435e-12 -2.0119e-12 -2.6585e-12 5.2001e-12 8.342e-13 4.0831e-12 3.4837e-12 1.4543e-12 1.3482e-12 -2.6241e-13 5.7429e-13 -4.5249e-13 1.7596e-12 1.8443e-11 3.7035e-12 9.9915e-13 -1.7811e-13 5.0181e-13 3.1458e-12 1.0998e-12 1.7761e-12 2.8296e-12 -1.7831e-12 -6.2911e-13 1.3467e-12 -2.8248e-12 4.1895e-13 1.7229e-12 4.0093e-12 2.4257e-12 -1.5591e-13 4.3209e-12 -1.7095e-13 -1.6312e-14 2.0539e-12 1.0872e-12 -1.4969e-12 -2.313e-12 -2.2489e-13 1.1079e-12 1.7926e-12 1.4089e-12 3.593e-13 3.0729e-13 1.3377e-12 -8.8053e-14 -5.9584e-13 -3.2438e-13 2.9957e-13 5.2787e-13 2.2309e-13 8.2532e-13 2.1248e-13 -1.9177e-13 -3.1777e-13 -5.6268e-14 3.1575e-14 3.5761e-15
-1.3185e-12 4.6147e-12 4.2083e-13 -2.5326e-12 -2.3222e-12 2.6201e-12 2.2204e-12 4.5943e-12 3.9289e-12 1.3755e-12 1.9111e-12 -2.6957e-12 -1.2924e-12 -2.2758e-12 2.5938e-12 4.4996e-12 4.6709e-12 1.3895e-12 7.7778e-13 2.6528e-12 2.8478e-12 2.7513e-12 5.1169e-12 4.123e-12 -1.4496e-12 2.3584e-12 -5.9336e-14 3.7035e-12 1.3635e-11 2.4336e-12 6.0322e-13 2.0824e-12 1.9227e-12 -9.0599e-13 -8.8686e-13 3.5018e-12 -1.937e-13 4.0151e-12 1.7914e-12 -2.2371e-12 1.724e-12 8.4363e-14 6.2381e-14 1.5607e-12 7.4264e-14 3.5575e-12 1.7354e-12 1.6198e-12 2.8751e-12 1.4663e-13 1.1935e-12 -1.3291e-13 3.6005e-13 8.0186e-13 -5.561e-13 1.0971e-12 5.143e-13 7.4371e-13 1.0837e-12 -4.1727e-13 -2.2665e-13 7.1289e-13 1.1692e-12 1.0923e-13 9.5405e-13 1.4014e-13 4.0129e-13 -4.1719e-13 -3.6059e-13 1.2312e-14 -1.539e-14 1.2509e-14
-1.0214e-11 -7.6704e-12 -7.5229e-12 -9.1857e-12 -9.4712e-12 -3.161e-12 -5.5873e-12 -2.2111e-12 -4.5809e-13 3.0662e-13 -1.4352e-13 -2.3304e-12 -2.2673e-12 -5.6724e-12 4.6779e-13 -2.0229e-12 4.0891e-12 -1.1194e-13 5.5604e-12 2.8322e-12 4.2063e-12 3.3285e-12 2.5627e-12 9.7704e-13 2.4512e-12 4.4174e-13 -1.7855e-12 9.9915e-13 2.4336e-12 1.8051e-11 2.1541e-12 5.1565e-12 1.2408e-12 2.2556e-13 6.564e-13 6.0993e-13 -2.1818e-13 2.0517e-12 -1.6839e-12 1.2885e-12 -9.3977e-13 3.8548e-12 -3.4867e-12 1.4809e-12 3.7359e-13 -1.1854e-12 5.7259e-13 2.2037e-13 -1.1732e-12 -6.1796e-14 2.1248e-13 4.8621e-13 5.0238e-13 3.1904e-12 6.0113e-13 6.0753e-13 1.1015e-12 -6.523e-13 1.6913e-13 -5.9167e-13 -4.531e-13 2.2428e-13 7.0366e-13 1.0871e-12 3.9861e-13 1.3136e-13 -7.7482e-14 4.2967e-13 -1.6579e-13 -1.6468e-13 1.6764e-15 4.5001e-16
-3.1702e-12 -5.9383e-12 -2.4946e-12 -9.3597e-12 -1.6489e-12 -3.2962e-12 -3.2812e-12 -2.8616e-12 -1.9594e-12 -5.9516e-13 1.0573e-12 -1.1631e-12 -1.3887e-12 -5.728e-13 -3.9212e-12 3.1514e-12 -3.5821e-12 2.0456e-12 9.8478e-13 1.2693e-12 -9.5909e-13 2.7535e-12 -6.8213e-13 7.6564e-13 3.1543e-12 3.1057e-12 -2.2951e-12 -1.7811e-13 6.0322e-13 2.1541e-12 1.1468e-11 -9.8845e-13 2.4848e-12 -5.4094e-13 1.3267e-12 3.182e-12 1.6468e-12 -1.3949e-12 6.7008e-13 1.7573e-12 -9.9634e-13 1.624e-12 -3.5214e-13 1.078e-12 2.2457e-12 1.5785e-12 -1.1629e-12 8.2668e-13 9.1542e-13 1.0972e-12 9.4574e-13 3.9975e-13 -1.1543e-13 1.7401e-12 8.7652e-13 5.612e-13 8.175e-13 -1.7989e-14 6.9398e-13 3.0458e-14 2.4259e-13 -2.6591e-13 1.6352e-14 -3.3895e-13 -2.9656e-13 6.3679e-14 -2.1907e-13 2.6908e-13 -1.3723e-13 -7.2069e-14 9.6394e-15 -6.7965e-15
-1.1967e-11 -9.6749e-12 -1.0678e-11 -5.9263e-12 -6.4824e-12 -7.0819e-12 -7.6253e-12 -7.9817e-13 -4.8929e-12 -3.4583e-12 -1.3395e-12 -8.1728e-14 -5.8515e-13 -9.8154e-13 2.4876e-12 -1.2016e-12 4.2809e-12 1.7592e-12 2.2249e-12 -8.7024e-13 2.3759e-13 3.3058e-12 3.086e-12 1.4989e-12 -2.3857e-12 1.0673e-12 3.3403e-13 5.0181e-13 2.0824e-12 5.1565e-12 -9.8845e-13 1.0788e-11 2.9649e-12 9.0959e-13 -1.2035e-12 2.9995e-12 -5.0988e-13 3.1553e-13 2.4666e-13 5.3929e-13 1.4498e-12 2.3168e-12 1.0929e-13 1.3344e-12 2.9983e-13 -8.2805e-13 -3.0914e-14 6.0296e-13 -1.8312e-12 -4.4504e-13 3.2809e-13 -3.6674e-13 -4.3915e-13 8.5867e-13 8.3051e-13 1.245e-12 5.7521e-13 2.7016e-13 6.2013e-13 -4.0261e-13 -1.8207e-13 -5.6537e-14 -2.1059e-13 3.4008e-13 7.6602e-13 -2.7399e-13 2.8261e-14 -1.8449e-13 8.1878e-14 -1.2138e-13 -6.1615e-16 7.3376e-15
-3.6056e-12 -2.5263e-12 -3.1033e-12 -3.2007e-12 -1.2499e-12 -2.1823e-12 -3.1834e-12 -2.8999e-13 -2.1837e-12 -2.5639e-12 4.7249e-13 2.3613e-12 3.0865e-12 4.1829e-12 -1.7304e-12 -8.5001e-13 8.9967e-14 8.0368e-12 2.2508e-13 4.1895e-12 2.356e-12 6.7814e-12 2.3054e-12 9.6931e-13 4.2357e-13 2.1287e-12 -2.0224e-13 3.1458e-12 1.9227e-12 1.2408e-12 2.4848e-12 2.9649e-12 1.2787e-11 1.9628e-12 -1.9301e-13 4.269e-12 -1.265e-12 -1.2716e-12 2.4814e-12 8.1456e-13 -9.0133e-13 1.6716e-12 8.569e-13 1.6776e-12 2.804e-12 1.7151e-12 -8.0453e-13 -9.7497e-14 1.6377e-12 1.0493e-12 7.5883e-13 4.5428e-13 -1.8726e-13 8.3443e-13 1.019e-12 1.4186e-12 7.9498e-13 -1.3684e-13 -3.6341e-14 1.0614e-12 -2.327e-12 7.5185e-14 1.0993e-12 7.9044e-13 8.405e-14 1.6981e-13 1.1324e-13 -5.2437e-14 -2.0414e-14 -1.1481e-13 2.2031e-14 6.6033e-15
-1.0214e-11 -5.2019e-12 -7.7817e-12 -4.8746e-12 -4.0272e-12 -2.7573e-12 -7.4732e-12 -4.1255e-12 -1.9731e-12 -2.8321e-12 -2.9437e-12 -4.6429e-13 -1.7837e-12 -1.6283e-12 3.4879e-12 -5.4787e-12 -1.5074e-12 3.6584e-13 1.6008e-14 1.5976e-12 7.8461e-14 3.6226e-12 -1.9145e-12 -1.6601e-13 1.3063e-13 -2.5586e-12 1.4968e-12 1.0998e-12 -9.0599e-13 2.2556e-13 -5.4094e-13 9.0959e-13 1.9628e-12 1.5234e-11 6.4061e-13 4.8034e-12 3.8713e-13 3.7242e-12 2.465e-12 -1.5012e-12 2.8897e-12 -7.691e-13 2.3807e-12 6.846e-13 3.3429e-12 -3.429e-13 -1.3222e-12 1.5892e-12 1.2819e-12 -4.8334e-13 5.0143e-13 -2.2665e-13 9.9302e-13 -1.749e-13 -6.9571e-13 -1.5578e-12 -1.1166e-12 -9.2051e-13 -8.8628e-13 -1.0287e-12 -1.8418e-14 9.5533e-13 -5.8725e-13 9.8906e-13 -2.5854e-13 -7.2672e-15 4.06e-13 -5.2373e-14 4.9612e-14 7.7245e-14 -1.2998e-14 5.1552e-15
-3.4463e-12 9.8823e-13 -2.9705e-12 -3.9048e-12 -1.3899e-12 -8.459e-13 5.5022e-14 -1.8582e-12 -3.3885e-12 -2.9122e-13 -6.9014e-14 3.8854e-13 -3.2244e-12 -8.0769e-13 -4.9392e-12 3.0506e-13 -2.2665e-12 -1.0701e-13 -1.9757e-12 2.1075e-12 -4.3008e-13 3.159e-13 -1.0822e-12 -2.2591e-12 -9.4732e-13 1.1897e-12 5.6705e-13 1.7761e-12 -8.8686e-13 6.564e-13 1.3267e-12 -1.2035e-12 -1.9301e-13 6.4061e-13 7.6228e-12 9.3543e-13 3.1375e-13 -1.065e-12 4.1764e-13 -1.2235e-12 2.4244e-12 1.7302e-12 -2.8048e-13 1.0037e-12 2.8105e-12 8.5528e-13 8.9363e-13 2.9241e-12 1.5891e-12 1.295e-12 -2.7661e-13 3.6237e-13 5.6209e-13 9.1061e-13 9.6532e-13 -4.7182e-13 1.1489e-12 -2.1886e-13 -4.7872e-13 -2.2525e-13 -1.1726e-13 -4.7225e-13 2.6516e-13 -1.0915e-13 6.0428e-14 2.7677e-13 5.8652e-14 -4.4859e-14 -5.0547e-14 -2.0736e-13 4.6736e-15 -1.9441e-15
-1.8671e-11 -1.2611e-11 -5.308e-12 -1.27e-11 -9.8683e-12 -8.9878e-12 -8.8442e-12 2.0976e-13 -4.0036e-12 -2.2005e-12 2.8864e-13 4.7423e-13 -1.7138e-12 -6.4824e-13 9.4975e-13 -4.6484e-12 -9.5998e-13 3.7898e-12 -2.2349e-13 4.1567e-12 1.6396e-12 1.8599e-12 -1.1583e-12 4.8671e-15 8.1788e-14 2.2566e-12 3.7481e-12 2.8296e-12 3.5018e-12 6.0993e-13 3.182e-12 2.9995e-12 4.269e-12 4.8034e-12 9.3543e-13 1.3668e-11 1.8587e-12 9.6866e-13 3.33e-12 4.1355e-13 2.0841e-12 2.8542e-12 1.4593e-12 2.3938e-12 3.1045e-12 1.7432e-12 -1.043e-12 1.4218e-12 1.1496e-12 -7.0958e-14 2.1907e-12 -4.6797e-13 -1.0104e-12 5.3847e-13 6.6391e-13 -5.4424e-13 5.2289e-13 4.831e-13 1.1727e-12 -3.8187e-13 1.6247e-12 8.2525e-15 4.369e-13 -6.2067e-13 2.487e-15 -3.3161e-13 2.2238e-13 -5.0938e-13 -2.7341e-13 5.575e-14 -4.8761e-16 1.1147e-14
-1.4981e-12 -3.7855e-12 -4.1228e-13 -5.3288e-13 -1.7263e-12 -1.5276e-12 -8.7875e-13 -1.1459e-13 -4.0158e-13 -3.777e-13 -2.2658e-13 -3.5692e-12 -6.4843e-13 -4.3863e-13 -9.9782e-13 -2.0235e-13 2.9009e-14 -1.6954e-12 -7.2264e-13 -2.3205e-12 -1.7833e-12 -1.9592e-12 -2.9629e-12 6.7126e-13 3.3255e-12 2.3427e-12 -4.0154e-13 -1.7831e-12 -1.937e-13 -2.1818e-13 1.6468e-12 -5.0988e-13 -1.265e-12 3.8713e-13 3.1375e-13 1.8587e-12 7.4906e-12 -1.3532e-12 9.723e-13 -7.0782e-13 -3.8485e-13 9.6859e-13 -1.2262e-12 -8.2779e-13 -3.3735e-13 -8.9298e-13 -6.8901e-13 -3.3978e-13 -1.6718e-12 -5.2745e-13 5.6807e-13 -1.3864e-12 -8.9022e-13 -4.6119e-13 -3.9857e-13 -6.3208e-13 -4.7133e-13 7.0754e-13 6.7998e-13 -3.9067e-13 4.3136e-13 1.1606e-12 1.2523e-13 -1.8551e-13 -2.2405e-13 -4.2683e-13 -5.0214e-13 5.5273e-14 -8.0823e-14 3.2987e-14 9.3397e-15 -5.4515e-16
-7.8738e-12 -1.4779e-12 -4.8361e-12 -3.0264e-12 -2.9629e-12 -1.4891e-13 -9.0448e-12 1.671e-12 2.9602e-13 -2.7695e-12 -1.7467e-12 4.241e-13 -3.2935e-12 -2.0922e-12 3.605e-12 -2.0988e-13 1.9295e-12 -1.5624e-12 6.6445e-13 1.4286e-12 6.9254e-13 3.0282e-12 1.6571e-12 2.702e-12 -1.4585e-12 -1.493e-12 6.6852e-13 -6.2911e-13 4.0151e-12 2.0517e-12 -1.3949e-12 3.1553e-13 -1.2716e-12 3.7242e-12 -1.065e-12 9.6866e-13 -1.3532e-12 9.9951e-12 2.3983e-12 -2.6271e-12 2.3804e-12 6.6268e-14 -1.2024e-13 6.7614e-14 1.1926e-13 7.7444e-13 2.1218e-12 1.1034e-12 1.064e-12 -1.2944e-12 1.0002e-12 1.191e-12 5.8181e-13 6.436e-13 -3.5884e-13 -6.929e-13 -7.3613e-13 -6.0212e-13 -6.7491e-13 5.1348e-14 1.3693e-12 6.8187e-13 8.4341e-14 3.8636e-13 4.0052e-13 1.5623e-13 4.4514e-14 -3.312e-13 9.4802e-16 2.0354e-13 -2.0564e-14 7.9456e-15
-9.0338e-12 -4.7453e-12 -6.6641e-12 -7.7892e-12 -6.5331e-12 -1.2902e-12 -3.3219e-12 -1.0203e-12 -2.4607e-13 5.443e-14 1.4991e-12 -3.8917e-12 1.5275e-12 4.1617e-12 5.6587e-13 -1.0287e-12 -4.1556e-12 7.5347e-13 -1.1582e-12 3.7199e-13 -1.396e-12 3.5771e-12 1.8047e-12 5.8886e-13 2.5651e-12 1.3419e-12 -3.2689e-13 1.3467e-12 1.7914e-12 -1.6839e-12 6.7008e-13 2.4666e-13 2.4814e-12 2.465e-12 4.1764e-13 3.33e-12 9.723e-13 2.3983e-12 1.0892e-11 -1.6151e-12 2.4027e-12 -1.3937e-12 5.3881e-13 4.0265e-13 -1.6394e-13 8.502e-13 6.9347e-13 2.983e-12 1.9424e-12 -1.5211e-12 8.7996e-13 4.3322e-13 1.9601e-13 6.4261e-13 6.3839e-13 1.2363e-12 -8.2701e-13 -1.9359e-13 2.5147e-13 1.0044e-12 1.5048e-13 6.062e-14 2.0201e-13 7.0991e-13 4.289e-13 2.0173e-13 -1.2442e-13 -5.9249e-14 9.7207e-14 3.4508e-14 1.4202e-14 1.5066e-15
-1.6124e-12 -3.2324e-12 2.2147e-13 -4.488e-12 -2.7764e-12 -4.4948e-12 -1.7675e-12 7.4823e-13 -2.9468e-12 -1.9434e-12 -2.5152e-12 -1.6122e-12 2.5209e-12 -2.3583e-13 -3.2127e-13 2.0445e-12 1.9658e-12 -2.108e-12 3.521e-12 2.1215e-12 -2.9676e-13 -2.0878e-12 5.8217e-13 1.9989e-15 -6.8816e-13 8.4633e-13 3.0666e-13 -2.8248e-12 -2.2371e-12 1.2885e-12 1.7573e-12 5.3929e-13 8.1456e-13 -1.5012e-12 -1.2235e-12 4.1355e-13 -7.0782e-13 -2.6271e-12 -1.6151e-12 8.559e-12 -2.9086e-12 8.2019e-13 -1.6071e-13 1.1749e-13 1.1576e-12 -1.7736e-12 1.9827e-13 -9.5759e-13 -1.0778e-12 5.1727e-13 1.0321e-12 2.7079e-13 -1.8082e-12 5.3887e-13 3.6685e-13 -6.3558e-13 -5.5565e-15 1.5235e-14 -3.0457e-13 2.1785e-13 -5.0644e-14 -6.3242e-13 2.8329e-13 2.2662e-13 1.8442e-13 -7.2054e-13 -2.6849e-13 2.7182e-13 -2.609e-13 -7.7432e-14 1.4041e-14 -1.8569e-15
-6.5069e-12 -2.445e-12 -3.7827e-12 -5.6809e-12 -4.2567e-12 -3.3475e-12 -3.159e-12 1.5299e-12 -4.4296e-13 -1.8374e-12 2.0958e-14 -2.3341e-12 -2.6519e-12 -1.3097e-12 1.0073e-12 -2.5526e-12 -1.6232e-13 -1.4876e-12 -1.0203e-12 2.5387e-13 1.3745e-13 7.2134e-13 -9.8588e-14 -1.4231e-12 -9.2733e-13 -3.1814e-13 1.0176e-12 4.1895e-13 1.724e-12 -9.3977e-13 -9.9634e-13 1.4498e-12 -9.0133e-13 2.8897e-12 2.4244e-12 2.0841e-12 -3.8485e-13 2.3804e-12 2.4027e-12 -2.9086e-12 6.3918e-12 -5.352e-13 1.7833e-12 -7.1371e-13 1.3723e-12 5.5445e-13 6.81e-13 2.0553e-12 3.8378e-13 5.4863e-13 6.8779e-13 1.0414e-12 1.207e-12 -5.1874e-13 -1.2844e-13 -4.2515e-13 -1.5568e-13 -2.5694e-14 -6.7107e-13 -2.5559e-13 4.9666e-13 1.545e-14 -8.0974e-13 -3.918e-13 -1.8151e-14 3.1565e-13 4.3702e-13 -7.4424e-14 5.8426e-14 -4.9726e-14 -3.0614e-14 -1.6617e-15
-5.808e-12 -1.0715e-12 -5.0619e-12 1.0367e-13 -2.4363e-12 -5.3424e-12 3.6909e-13 -4.4165e-12 2.0282e-13 -4.8042e-13 1.0976e-12 -8.088e-13 7.2625e-14 2.8612e-13 9.7686e-13 -3.4144e-12 -1.4781e-13 2.4195e-12 1.8592e-12 4.415e-12 2.4064e-12 2.2734e-12 6.3018e-13 3.1806e-12 -9.865e-13 8.6668e-13 4.4109e-13 1.7229e-12 8.4363e-14 3.8548e-12 1.624e-12 2.3168e-12 1.6716e-12 -7.691e-13 1.7302e-12 2.8542e-12 9.6859e-13 6.6268e-14 -1.3937e-12 8.2019e-13 -5.352e-13 9.3158e-12 -9.4048e-14 1.5658e-12 2.1239e-12 -3.9684e-14 7.7112e-13 -9.5461e-13 -1.0944e-12 -6.8291e-13 7.1672e-13 3.1549e-13 -7.2942e-14 8.1671e-13 7.0003e-13 7.6667e-13 8.4645e-13 -4.2467e-13 8.348e-13 -5.1411e-14 1.2013e-12 6.0944e-13 2.3267e-13 2.5972e-13 2.5173e-13 -9.1656e-14 -2.8995e-13 -1.3229e-14 -7.7938e-14 -2.2356e-14 1.0077e-14 -1.9134e-15
-7.0519e-12 -6.6495e-12 -9.451e-12 -7.7483e-12 -4.425e-12 -4.4257e-12 -1.6488e-12 -3.1136e-12 -2.2867e-12 1.1621e-12 -4.9919e-12 1.1626e-12 -2.6438e-12 2.2679e-12 1.2531e-12 -5.9857e-13 3.2119e-13 9.9333e-13 -2.5093e-12 -1.2029e-12 1.9414e-12 2.5995e-12 -1.1731e-12 -1.1621e-12 4.231e-13 -9.3452e-13 2.0088e-12 4.0093e-12 6.2381e-14 -3.4867e-12 -3.5214e-13 1.0929e-13 8.569e-13 2.3807e-12 -2.8048e-13 1.4593e-12 -1.2262e-12 -1.2024e-13 5.3881e-13 -1.6071e-13 1.7833e-12 -9.4048e-14 1.0643e-11 -9.4143e-13 1.2248e-12 1.7162e-12 -2.5976e-13 -9.981e-13 -3.9357e-14 1.7212e-12 -5.255e-13 -9.7531e-13 -3.8879e-13 -7.7326e-13 1.0058e-12 -2.8364e-13 -8.7114e-13 5.9057e-13 1.1353e-12 -1.2877e-12 2.1155e-13 -2.1326e-13 -7.1682e-13 -1.5138e-12 -2.536e-13 -2.6214e-14 -6.3413e-14 2.5881e-14 9.2257e-15 -3.7479e-14 6.6629e-15 -1.8186e-15
-1.4227e-12 -3.1245e-12 -4.1828e-12 -1.5761e-12 -2.2996e-12 -1.7978e-12 -1.0546e-12 -2.3222e-12 -2.5811e-12 7.1849e-14 1.7822e-12 2.4443e-12 1.3049e-13 -1.0673e-12 1.8389e-12 -1.0533e-12 -1.337e-12 2.0995e-12 -2.203e-12 7.3942e-14 -2.8719e-13 1.7684e-12 4.3412e-13 1.7773e-12 2.5403e-12 -1.689e-12 2.5921e-13 2.4257e-12 1.5607e-12 1.4809e-12 1.078e-12 1.3344e-12 1.6776e-12 6.846e-13 1.0037e-12 2.3938e-12 -8.2779e-13 6.7614e-14 4.0265e-13 1.1749e-13 -7.1371e-13 1.5658e-12 -9.4143e-13 5.6981e-12 7.2042e-13 -3.2977e-13 -1.7522e-13 5.1761e-13 1.4275e-12 -2.6374e-13 -8.1891e-14 -4.2444e-13 -5.0426e-13 6.0537e-13 -6.2785e-14 3.5693e-13 1.4263e-12 -3.3337e-13 4.2691e-13 4.565e-13 7.1844e-13 -6.7577e-13 3.4859e-13 5.6049e-13 2.7065e-13 3.7972e-14 -2.9938e-13 -3.0759e-13 -1.3428e-13 4.3419e-14 7.6474e-15 7.899e-16
-5.3793e-12 -4.0602e-12 -3.2031e-12 -6.0852e-12 -1.9308e-12 -5.2199e-12 -3.9705e-12 -1.0078e-12 -3.1642e-12 -1.7383e-12 -6.343e-13 1.0239e-12 -4.0418e-12 1.3925e-12 -2.7722e-12 -1.1687e-12 -6.2852e-13 2.5216e-12 1.9248e-13 2.3867e-12 6.8623e-13 8.0693e-13 9.9291e-13 1.3246e-12 -1.0197e-12 1.7997e-12 9.7731e-13 -1.5591e-13 7.4264e-14 3.7359e-13 2.2457e-12 2.9983e-13 2.804e-12 3.3429e-12 2.8105e-12 3.1045e-12 -3.3735e-13 1.1926e-13 -1.6394e-13 1.1576e-12 1.3723e-12 2.1239e-12 1.2248e-12 7.2042e-13 8.1474e-12 6.495e-13 -3.0277e-13 1.3831e-12 7.3713e-13 -9.2623e-14 3.7984e-13 1.5231e-12 1.4458e-12 -7.7458e-13 -5.6829e-14 -7.294e-13 1.1965e-12 -5.6916e-13 7.2903e-13 -1.9037e-13 -2.3378e-13 -4.0155e-15 -9.3108e-14 -3.7655e-13 1.8223e-13 -4.4808e-13 1.2211e-13 3.3549e-14 -1.9287e-13 -2.0061e-13 -1.6169e-15 4.3484e-15
2.6072e-12 2.1628e-12 3.0087e-12 2.1257e-12 1.5423e-12 1.9849e-12 1.569e-12 2.0686e-12 2.731e-12 1.6553e-12 2.1076e-12 2.4296e-12 -4.364e-13 3.0061e-12 -1.7502e-12 2.6202e-13 1.8024e-12 3.2678e-12 1.3352e-12 2.2574e-12 2.0552e-12 2.5849e-12 9.1568e-13 1.0594e-12 7.4535e-13 1.2374e-12 1.3792e-12 4.3209e-12 3.5575e-12 -1.1854e-12 1.5785e-12 -8.2805e-13 1.7151e-12 -3.429e-13 8.5528e-13 1.7432e-12 -8.9298e-13 7.7444e-13 8.502e-13 -1.7736e-12 5.5445e-13 -3.9684e-14 1.7162e-12 -3.2977e-13 6.495e-13 6.2513e-12 -1.3123e-15 9.7697e-13 2.3788e-12 -1.1078e-13 -3.2198e-13 -2.6822e-13 9.1288e-13 5.3502e-14 7.7135e-13 8.7029e-13 -4.6815e-13 5.1564e-13 4.6269e-13 5.6544e-13 1.5575e-13 5.5937e-13 5.4127e-13 -4.7027e-13 2.0275e-13 5.0874e-13 1.9835e-13 -2.7975e-13 -2.0844e-13 1.0541e-13 5.2416e-15 1.849e-15
1.0375e-12 3.6192e-12 -2.7211e-13 -7.9366e-13 7.3972e-13 -1.6317e-13 4.4327e-13 -8.026e-14 -1.0634e-12 -7.7598e-13 6.7836e-13 -3.0784e-13 1.0084e-13 -9.5462e-13 2.4437e-12 1.9595e-12 1.5189e-12 1.1461e-12 6.6126e-13 -9.866e-13 2.9319e-13 1.6736e-12 1.2523e-12 1.7371e-12 -4.0188e-12 -5.6832e-13 -3.7409e-13 -1.7095e-13 1.7354e-12 5.7259e-13 -1.1629e-12 -3.0914e-14 -8.0453e-13 -1.3222e-12 8.9363e-13 -1.043e-12 -6.8901e-13 2.1218e-12 6.9347e-13 1.9827e-13 6.81e-13 7.7112e-13 -2.5976e-13 -1.7522e-13 -3.0277e-13 -1.3123e-15 6.4667e-12 -2.4053e-14 5.8574e-13 -1.4783e-13 -4.093e-13 9.6245e-13 8.4868e-13 7.6983e-13 7.0926e-13 -5.0934e-13 -2.742e-13 3.5712e-13 3.0028e-13 -7.1313e-13 -2.586e-13 -1.373e-13 8.7268e-13 2.5768e-13 2.2098e-13 5.1578e-16 -2.0204e-13 -3.5182e-13 8.7927e-14 7.6067e-15 -8.0012e-15 5.0233e-15
-4.2921e-12 -1.122e-12 -3.3331e-12 -4.9581e-12 -2.6368e-12 4.5337e-13 -3.6229e-12 -8.3094e-13 -2.7103e-12 -1.6406e-12 2.5511e-13 -1.3742e-12 -1.9528e-12 -9.9805e-13 -3.0304e-12 -7.0596e-13 -1.4807e-12 -8.4386e-13 1.4104e-13 7.8997e-13 -4.7088e-13 1.8452e-12 1.6009e-12 -9.7259e-13 -2.3926e-12 3.0416e-13 -1.3248e-13 -1.6312e-14 1.6198e-12 2.2037e-13 8.2668e-13 6.0296e-13 -9.7497e-14 1.5892e-12 2.9241e-12 1.4218e-12 -3.3978e-13 1.1034e-12 2.983e-12 -9.5759e-13 2.0553e-12 -9.5461e-13 -9.981e-13 5.1761e-13 1.3831e-12 9.7697e-13 -2.4053e-14 4.6411e-12 1.8539e-12 -2.6689e-13 3.9331e-13 4.0397e-13 8.0979e-13 8.2874e-13 2.8682e-13 2.7046e-13 3.7615e-13 9.4903e-14 -1.4163e-13 6.6072e-13 3.3491e-13 -3.8267e-14 -4.3422e-15 5.3869e-14 4.7163e-13 3.6236e-13 1.1469e-13 -2.1157e-13 -7.1431e-14 -5.2821e-14 -9.0388e-15 -1.8846e-15
2.397e-12 5.3459e-12 1.8952e-12 3.2946e-12 2.6825e-12 2.6832e-12 4.6075e-12 5.0935e-13 3.2836e-12 1.3128e-12 1.1496e-12 2.0085e-12 7.3336e-13 9.8075e-13 -1.0086e-12 1.909e-12 -1.6122e-12 2.4771e-12 -9.9593e-13 2.6165e-12 -5.5112e-13 2.8895e-12 2.4912e-12 4.6037e-13 -1.1088e-12 -3.9791e-13 -5.5735e-13 2.0539e-12 2.8751e-12 -1.1732e-12 9.1542e-13 -1.8312e-12 1.6377e-12 1.2819e-12 1.5891e-12 1.1496e-12 -1.6718e-12 1.064e-12 1.9424e-12 -1.0778e-12 3.8378e-13 -1.0944e-12 -3.9357e-14 1.4275e-12 7.3713e-13 2.3788e-12 5.8574e-13 1.8539e-12 4.7197e-12 2.3437e-13 6.4649e-13 1.8445e-13 1.625e-12 7.4892e-13 4.7425e-13 5.6143e-13 9.7099e-13 -4.9023e-13 -1.6759e-13 4.9835e-13 -2.0928e-13 -1.7346e-14 6.7546e-13 3.4016e-13 1.3052e-13 6.3366e-13 3.0495e-13 -2.0665e-13 -9.5054e-14 4.864e-14 -2.6586e-15 -2.0821e-15
