3.5338e-11 7.8152e-12 5.8416e-13 3.7124e-12 6.7277e-13 6.7251e-12 2.7657e-12 5.1505e-12 4.7184e-12 -1.9919e-12 3.2676e-13 5.4751e-12 1.7676e-12 -6.4283e-13 5.8816e-12 1.079e-12 2.3961e-12 3.3958e-12 7.8556e-13 -2.0797e-13 -1.8996e-13 -4.3276e-12 7.1129e-13 4.8344e-13 3.2213e-12 5.9209e-12 -8.4999e-13 6.7748e-12 3.0669e-12 1.4091e-12 1.4917e-12 2.0576e-14 -3.078e-12 -6.6113e-14 2.7522e-12 -1.4611e-13 -4.5112e-13 -1.7477e-12 4.6731e-13 -3.4185e-13 3.7542e-13 2.8048e-13 -5.8e-13 2.3122e-12 2.2571e-13 -1.2496e-12 1.4113e-12 1.388e-12 -8.9485e-13 -8.7071e-13 -7.5615e-14 5.1334e-13 7.8833e-13 -4.8405e-13 -5.8947e-13 1.2994e-13 5.9608e-15 -1.4063e-14
7.8152e-12 2.0528e-11 5.2136e-12 4.8656e-12 1.9737e-12 3.0237e-12 5.8979e-12 6.6356e-12 9.6091e-14 4.9512e-12 3.5063e-12 4.9022e-12 1.3415e-12 1.6965e-12 7.7865e-13 9.4274e-13 3.9046e-12 1.9112e-12 4.3572e-12 -5.9904e-13 -4.0096e-12 3.1736e-13 3.2118e-12 2.954e-12 4.9888e-12 2.2922e-12 3.431e-12 2.3036e-12 5.3397e-12 2.532e-12 8.6903e-13 -2.6451e-12 -1.2788e-12 -1.0866e-12 1.5741e-12 2.6198e-13 -2.7254e-12 2.1105e-12 -3.715e-14 1.2068e-13 -8.3868e-13 3.7942e-13 -5.8838e-13 -6.3303e-13 1.6875e-13 -2.136e-13 7.9079e-13 -5.7945e-13 -1.9587e-12 -5.9045e-14 -8.1411e-14 -2.7944e-13 2.2691e-13 -6.698e-14 1.1703e-13 2.428e-13 -1.2862e-14 -6.0605e-15
5.8416e-13 5.2136e-12 2.3591e-11 8.6939e-12 4.0745e-12 1.0563e-11 3.0207e-12 1.1517e-11 7.5116e-12 1.0707e-11 3.3285e-12 4.967e-12 4.6209e-12 8.1663e-12 5.9299e-12 6.0958e-12 5.6834e-12 8.9586e-12 -1.1162e-12 7.2778e-12 1.8288e-12 3.5729e-12 4.3434e-12 3.6734e-12 3.1512e-12 3.1797e-12 3.1031e-12 2.7306e-12 4.3507e-12 3.4117e-13 3.101e-12 1.3818e-12 2.7115e-12 7.4953e-13 2.064e-12 -2.6798e-12 2.7408e-12 1.1848e-12 1.7802e-12 1.9553e-12 -4.6931e-13 4.5129e-13 2.6552e-13 -3.2005e-13 -7.6598e-13 3.8095e-13 9.0048e-13 -3.3283e-13 3.5472e-13 1.8708e-12 1.5568e-13 4.9774e-13 -9.2334e-13 1.0199e-13 -8.8805e-14 2.0934e-13 4.0995e-14 -3.3053e-15
3.7124e-12 4.8656e-12 8.6939e-12 1.583e-11 2.7576e-12 5.9024e-12 6.3389e-12 3.7119e-12 5.1876e-12 2.8773e-12 4.0763e-12 2.9761e-12 -1.1832e-12 4.168e-12 3.115e-12 4.2373e-12 5.9575e-12 6.6036e-12 2.8095e-12 2.5225e-12 1.9421e-12 1.469e-12 1.85e-12 2.5043e-12 3.7085e-12 1.6192e-12 1.1232e-12 1.9538e-12 2.8402e-12 3.6543e-12 1.3387e-12 9.8741e-13 8.5075e-13 2.4004e-12 3.3204e-12 -1.3415e-12 -3.4187e-13 2.2674e-13 -2.1046e-12 -4.793e-13 2.3434e-12 8.408e-13 -1.0855e-12 2.2535e-13 8.3163e-13 4.1301e-13 -1.3155e-13 -3.1234e-13 2.0038e-13 1.0943e-12 -2.3729e-13 4.0483e-13 -4.9596e-13 4.5101e-13 -2.3976e-13 2.1245e-13 -7.9883e-15 -2.8368e-15
6.7277e-13 1.9737e-12 4.0745e-12 2.7576e-12 2.1485e-11 -8.4723e-14 3.1355e-12 4.5083e-12 8.0781e-12 5.6821e-12 2.9867e-12 2.5297e-12 4.7405e-12 3.9051e-12 2.7715e-12 4.7545e-12 3.6609e-12 -1.7962e-13 9.2719e-13 1.7166e-12 3.4545e-12 5.5993e-12 1.4816e-12 4.6465e-12 9.4831e-13 -2.164e-13 5.8014e-12 5.1656e-12 4.7768e-12 4.5429e-12 3.3174e-12 4.3328e-12 1.6935e-12 2.8491e-12 8.1372e-13 -4.461e-13 -3.37e-13 -1.2424e-12 -7.0401e-13 8.197e-13 -1.9204e-13 -8.3603e-13 -5.5765e-13 -2.5506e-12 -7.6312e-13 5.7427e-13 -1.0496e-12 3.1499e-13 -3.2584e-13 8.7328e-13 5.7751e-13 -5.8602e-14 -2.9307e-13 -4.6007e-13 -1.1109e-13 3.6023e-14 -4.3039e-14 1.2102e-15
6.7251e-12 3.0237e-12 1.0563e-11 5.9024e-12 -8.4723e-14 1.6994e-11 2.7989e-12 7.6694e-12 6.316e-12 5.8001e-12 7.6584e-12 2.8312e-12 1.7663e-12 1.4643e-12 3.4306e-12 8.215e-12 2.9404e-12 5.0739e-12 7.0449e-13 6.8348e-13 3.4138e-13 3.2946e-13 -5.1986e-13 1.2131e-12 8.3777e-13 4.4996e-12 1.3132e-12 2.1999e-12 2.6247e-12 8.8591e-13 -9.9823e-14 1.2549e-12 -1.1299e-12 1.3563e-12 1.3225e-12 -2.6439e-12 3.211e-12 -7.0563e-13 9.6091e-13 -5.7938e-13 4.9007e-13 -3.7934e-13 5.931e-13 -2.7563e-13 2.8273e-14 2.8525e-13 9.7043e-13 8.7959e-13 -9.7852e-13 -1.0847e-13 -7.1843e-13 2.8577e-13 -1.0074e-13 -4.7625e-13 -5.098e-13 1.8955e-13 -7.6276e-15 -1.8705e-15
2.7657e-12 5.8979e-12 3.0207e-12 6.3389e-12 3.1355e-12 2.7989e-12 3.1651e-11 1.0662e-12 5.815e-12 9.3472e-12 4.9351e-13 6.4087e-12 5.9599e-12 -2.39e-13 -1.5938e-12 1.2241e-11 4.2375e-12 1.0004e-11 3.2833e-12 -1.7519e-12 7.9317e-13 -5.0406e-13 -4.0242e-13 2.9283e-12 3.8824e-12 4.9914e-12 3.3383e-12 7.4883e-13 2.5634e-12 4.8225e-12 4.235e-12 -1.9665e-12 4.884e-12 1.1285e-12 7.424e-13 1.2454e-12 -7.4343e-13 2.6919e-12 -2.3661e-12 -1.9784e-12 3.2511e-12 -1.3975e-12 6.8931e-13 3.1753e-13 5.4802e-13 2.4006e-12 7.7144e-13 1.009e-12 -2.583e-13 1.674e-12 3.1116e-14 -7.3726e-13 -2.407e-13 -7.8454e-14 -4.5018e-13 -8.2442e-14 1.4375e-14 7.1009e-15
5.1505e-12 6.6356e-12 1.1517e-11 3.7119e-12 4.5083e-12 7.6694e-12 1.0662e-12 2.6284e-11 5.3187e-12 5.3326e-12 6.3879e-12 4.5247e-12 -9.8676e-13 7.268e-12 8.7592e-13 4.6678e-12 2.3844e-12 7.8579e-12 2.9431e-12 7.4237e-12 4.9945e-14 2.098e-12 2.3774e-12 5.4402e-12 1.9937e-12 5.793e-12 6.4506e-12 1.9619e-12 4.1757e-12 -3.3502e-13 9.6872e-13 7.2717e-13 -1.1945e-12 1.3244e-12 7.1543e-13 -4.9987e-13 3.8948e-12 1.0327e-12 9.9545e-13 3.223e-12 -7.6879e-13 -1.9604e-12 -2.4499e-13 -1.0051e-12 -2.1637e-13 5.4628e-13 1.7699e-12 4.0187e-13 -1.0977e-12 -1.8351e-13 -1.5012e-13 2.3292e-13 -1.0468e-13 -2.4706e-13 -2.2276e-13 1.7533e-13 -2.204e-14 -6.1638e-15
4.7184e-12 9.6091e-14 7.5116e-12 5.1876e-12 8.0781e-12 6.316e-12 5.815e-12 5.3187e-12 3.2885e-11 5.0684e-12 6.5726e-12 9.1976e-12 7.1897e-12 5.1607e-12 5.4854e-12 6.6043e-12 4.812e-12 3.6316e-12 3.6858e-12 3.0884e-12 4.8915e-12 6.2329e-12 1.418e-12 4.8821e-12 2.1346e-12 -1.0813e-12 6.7833e-12 5.9518e-12 1.3227e-12 4.7843e-12 4.0679e-12 1.6503e-12 1.6733e-12 2.1491e-12 9.9702e-13 -3.1794e-12 8.6278e-13 9.6729e-13 -8.432e-13 6.7326e-13 -8.9295e-13 -1.1196e-12 2.0054e-12 -1.0083e-12 -2.2965e-13 2.0906e-13 1.7823e-12 1.3997e-12 1.3504e-12 1.012e-12 1.8679e-15 8.2656e-14 -2.6086e-13 1.6456e-13 -1.088e-12 1.2953e-13 4.0042e-14 -4.9706e-15
-1.9919e-12 4.9512e-12 1.0707e-11 2.8773e-12 5.6821e-12 5.8001e-12 9.3472e-12 5.3326e-12 5.0684e-12 2.378e-11 4.2347e-12 1.1139e-11 4.5649e-12 7.716e-12 3.8319e-12 5.6007e-12 3.73e-12 5.8567e-12 -5.1491e-13 1.0027e-12 1.1571e-12 3.6301e-12 4.2263e-13 1.0529e-12 4.9245e-13 2.1244e-12 3.6763e-12 2.9538e-12 3.2378e-12 3.0732e-12 1.5708e-12 -2.6007e-12 2.9824e-12 2.3871e-12 -5.8664e-13 -3.579e-13 2.2401e-12 -2.6733e-14 5.4358e-13 7.9708e-13 -4.752e-13 -9.9298e-13 1.8408e-12 -1.7254e-12 -1.3738e-12 2.6872e-12 -1.1053e-13 -1.0343e-12 -9.1307e-13 1.038e-12 6.34e-13 -7.2677e-13 -4.4171e-13 6.0007e-14 -2.6264e-13 -1.724e-13 1.672e-14 6.6971e-15
3.2676e-13 3.5063e-12 3.3285e-12 4.0763e-12 2.9867e-12 7.6584e-12 4.9351e-13 6.3879e-12 6.5726e-12 4.2347e-12 1.5401e-11 2.0278e-12 1.4417e-12 2.6076e-12 1.7868e-12 4.7387e-12 8.1948e-13 2.9481e-12 5.0181e-12 2.592e-12 2.2439e-12 3.7977e-12 -5.8682e-13 1.1691e-12 2.3367e-12 6.891e-13 2.7675e-12 -4.8549e-13 -5.7875e-13 1.9948e-12 -1.9249e-13 4.1604e-13 -1.7526e-12 5.3036e-13 2.0871e-12 -2.4401e-12 3.8049e-13 -3.2886e-13 -9.387e-13 8.8731e-13 8.8626e-14 -9.1837e-13 1.2642e-13 -2.0519e-12 -8.9235e-13 2.9781e-13 3.5392e-13 -2.9118e-13 -1.2562e-12 4.0199e-13 -3.4703e-13 -1.6518e-13 -5.8262e-13 -1.4261e-13 -6.0205e-13 -3.2325e-15 -3.0764e-14 -5.3986e-15
5.4751e-12 4.9022e-12 4.967e-12 2.9761e-12 2.5297e-12 2.8312e-12 6.4087e-12 4.5247e-12 9.1976e-12 1.1139e-11 2.0278e-12 2.5195e-11 6.2314e-12 2.8791e-12 7.2059e-12 5.9168e-12 6.5283e-12 5.9356e-12 9.241e-13 3.953e-12 1.3022e-12 -2.0458e-12 3.6739e-12 3.7448e-12 1.9278e-12 4.1305e-12 2.5182e-12 7.668e-12 4.178e-12 4.7577e-12 2.2456e-12 3.3221e-13 5.2632e-13 2.3926e-13 -2.5044e-12 -5.6717e-13 7.4084e-13 -1.6499e-12 5.7388e-13 9.463e-13 1.6191e-12 -1.8244e-12 -3.004e-13 3.0702e-14 -1.2832e-12 2.4414e-12 -1.4926e-12 1.339e-13 -1.4118e-13 1.6792e-12 7.8055e-14 -5.1734e-13 -4.6639e-13 3.1122e-13 -3.6318e-13 -1.1796e-13 2.072e-14 -4.6703e-15
1.7676e-12 1.3415e-12 4.6209e-12 -1.1832e-12 4.7405e-12 1.7663e-12 5.9599e-12 -9.8676e-13 7.1897e-12 4.5649e-12 1.4417e-12 6.2314e-12 2.0465e-11 1.157e-12 3.8034e-12 4.2588e-12 3.9398e-12 1.822e-12 7.1163e-14 1.5177e-12 1.5524e-12 6.7135e-13 9.9044e-13 2.5337e-12 -1.1419e-12 -6.2404e-13 1.2306e-12 4.4861e-12 -4.1731e-13 1.7038e-12 3.629e-12 3.1216e-12 3.8503e-12 -6.3701e-13 1.9628e-12 -2.8651e-12 -1.8959e-12 5.6258e-13 1.5679e-13 1.8283e-12 -5.5709e-13 -2.5995e-13 -2.0638e-12 -1.6897e-12 -9.2657e-13 2.8986e-13 7.8643e-13 -1.8508e-13 1.7423e-12 -2.1217e-14 -2.371e-13 -3.8284e-13 -3.7949e-13 6.8462e-14 -1.9679e-13 3.2389e-15 7.2815e-15 -3.818e-15
-6.4283e-13 1.6965e-12 8.1663e-12 4.168e-12 3.9051e-12 1.4643e-12 -2.39e-13 7.268e-12 5.1607e-12 7.716e-12 2.6076e-12 2.8791e-12 1.157e-12 1.8007e-11 1.9231e-12 -1.7795e-12 3.5183e-12 8.7658e-12 2.3661e-12 5.8528e-12 2.5692e-12 6.7219e-12 6.0502e-13 -4.6468e-13 3.2332e-12 1.8044e-12 2.6155e-12 3.0701e-12 -3.8885e-13 1.0256e-13 -5.7527e-13 -1.0693e-12 -9.0988e-13 3.8285e-12 5.7101e-13 -1.3551e-12 1.0561e-12 7.9749e-13 7.4075e-13 1.2559e-12 -6.4809e-13 -2.8234e-13 7.3857e-13 -9.0263e-13 2.0427e-12 1.181e-13 -4.2266e-13 -6.4177e-13 9.7056e-13 4.7422e-13 8.4522e-14 -1.9426e-14 -9.1479e-13 -2.6757e-15 7.9737e-14 -7.8775e-14 2.2985e-14 -3.5647e-15
5.8816e-12 7.7865e-13 5.9299e-12 3.115e-12 2.7715e-12 3.4306e-12 -1.5938e-12 8.7592e-13 5.4854e-12 3.8319e-12 1.7868e-12 7.2059e-12 3.8034e-12 1.9231e-12 1.3741e-11 1.4608e-12 4.8731e-12 3.6423e-12 -1.7817e-12 1.6464e-13 1.5716e-12 1.2514e-12 2.1959e-12 1.9944e-12 1.3654e-12 1.6248e-12 1.9452e-12 1.3671e-12 3.9519e-12 8.2825e-13 2.646e-12 7.0466e-13 1.7921e-13 1.2873e-12 6.438e-13 1.7135e-13 1.5718e-12 -4.2202e-13 -1.7336e-13 4.6143e-13 -3.2353e-14 -4.3862e-13 -9.4224e-13 7.4258e-13 -1.437e-12 -6.6129e-13 -5.8141e-13 1.2633e-13 8.4578e-13 1.1735e-12 3.8285e-13 -2.0446e-14 -7.3861e-13 -5.8432e-14 -5.8865e-13 1.9286e-13 9.6302e-15 -3.3517e-15
1.079e-12 9.4274e-13 6.0958e-12 4.2373e-12 4.7545e-12 8.215e-12 1.2241e-11 4.6678e-12 6.6043e-12 5.6007e-12 4.7387e-12 5.9168e-12 4.2588e-12 -1.7795e-12 1.4608e-12 1.9445e-11 2.5317e-12 3.6548e-12 3.8298e-12 1.4038e-12 3.2299e-12 2.0587e-14 6.4039e-13 3.5704e-12 3.6209e-13 3.7183e-12 2.6847e-12 1.906e-12 3.4166e-12 2.6657e-12 4.6339e-12 1.1347e-12 1.7955e-12 3.9393e-13 -1.5226e-12 -1.6839e-12 1.8778e-12 1.1382e-12 2.637e-13 -1.6393e-12 1.2339e-12 -1.9898e-12 6.3968e-13 -1.8807e-13 -1.9345e-12 3.9173e-13 -9.3609e-14 6.062e-13 -8.5583e-13 1.9816e-12 3.3495e-14 -4.2986e-14 -6.6811e-14 -2.9776e-13 -5.7192e-13 1.6279e-14 -1.4941e-14 -4.7327e-15
2.3961e-12 3.9046e-12 5.6834e-12 5.9575e-12 3.6609e-12 2.9404e-12 4.2375e-12 2.3844e-12 4.812e-12 3.73e-12 8.1948e-13 6.5283e-12 3.9398e-12 3.5183e-12 4.8731e-12 2.5317e-12 1.3286e-11 2.708e-13 5.1032e-13 2.5554e-12 1.0756e-12 2.7996e-12 2.5411e-12 2.3088e-12 2.1133e-12 2.8331e-12 7.4774e-13 8.5523e-13 1.9941e-12 1.9906e-12 1.7154e-12 1.1464e-12 1.6475e-12 1.8988e-12 -5.4334e-13 -1.2205e-12 -1.459e-12 -7.6137e-13 -5.0256e-13 5.1159e-13 7.9722e-13 8.7958e-13 3.1349e-13 -5.727e-13 3.8067e-13 1.2483e-12 1.9207e-13 -3.9893e-13 3.0037e-13 1.5676e-12 1.4383e-15 1.9104e-13 -5.2853e-13 -2.3253e-13 -2.0816e-13 1.8542e-13 2.8408e-14 2.6606e-15
3.3958e-12 1.9112e-12 8.9586e-12 6.6036e-12 -1.7962e-13 5.0739e-12 1.0004e-11 7.8579e-12 3.6316e-12 5.8567e-12 2.9481e-12 5.9356e-12 1.822e-12 8.7658e-12 3.6423e-12 3.6548e-12 2.708e-13 2.3322e-11 1.1446e-12 1.5926e-12 5.2803e-12 1.9365e-12 1.1336e-12 5.5025e-12 5.4335e-12 4.8532e-12 5.9875e-12 2.3443e-12 2.861e-12 -5.9109e-13 2.3422e-12 -2.919e-12 -9.8496e-13 1.2745e-12 1.7293e-12 2.7281e-13 3.4905e-12 1.3198e-12 9.9779e-13 5.4408e-15 9.8436e-13 -6.332e-13 -3.9968e-13 5.1823e-13 1.0304e-12 3.7609e-13 -2.2146e-13 1.535e-12 1.3707e-12 1.1179e-12 2.2992e-13 -2.5311e-13 -9.0012e-13 2.6586e-13 -1.3684e-13 -2.2395e-13 -6.5582e-15 -5.1751e-15
7.8556e-13 4.3572e-12 -1.1162e-12 2.8095e-12 9.2719e-13 7.0449e-13 3.2833e-12 2.9431e-12 3.6858e-12 -5.1491e-13 5.0181e-12 9.241e-13 7.1163e-14 2.3661e-12 -1.7817e-12 3.8298e-12 5.1032e-13 1.1446e-12 1.078e-11 5.1645e-13 1.6739e-14 2.8933e-12 -1.7985e-12 2.8374e-13 1.406e-12 7.745e-13 1.82e-12 1.4461e-13 9.9436e-13 1.0138e-12 5.2099e-14 -6.2516e-13 -1.4535e-12 2.8491e-13 8.0342e-13 -1.263e-12 -1.4395e-13 2.0078e-12 -2.1463e-12 8.4957e-13 -3.7259e-15 -6.6325e-13 1.8424e-12 2.9389e-13 5.6995e-13 -6.7051e-13 -6.1076e-13 1.6729e-14 -7.7866e-13 -1.8621e-13 -4.2738e-13 -3.0814e-13 -7.6849e-15 -1.9629e-13 -3.6508e-13 -1.0759e-13 -6.5973e-15 -3.7579e-15
-2.0797e-13 -5.9904e-13 7.2778e-12 2.5225e-12 1.7166e-12 6.8348e-13 -1.7519e-12 7.4237e-12 3.0884e-12 1.0027e-12 2.592e-12 3.953e-12 1.5177e-12 5.8528e-12 1.6464e-13 1.4038e-12 2.5554e-12 1.5926e-12 5.1645e-13 1.699e-11 1.8821e-12 1.0783e-12 2.5599e-12 3.6379e-14 3.0031e-12 2.5174e-12 1.5841e-12 1.9927e-12 -9.0429e-13 3.5859e-13 5.5806e-13 2.1087e-12 2.9043e-13 -4.8192e-13 -3.285e-13 -1.6055e-12 -5.1028e-13 -1.0049e-13 -1.5195e-12 6.8292e-13 -1.6165e-13 -9.0621e-13 -1.8608e-12 2.1861e-12 6.6167e-13 5.772e-13 -4.7329e-13 -2.2431e-13 9.7116e-13 1.1684e-12 -4.4063e-13 7.2386e-13 -4.3775e-13 -3.8125e-14 1.6805e-13 -5.362e-14 1.3266e-14 -5.0699e-15
-1.8996e-13 -4.0096e-12 1.8288e-12 1.9421e-12 3.4545e-12 3.4138e-13 7.9317e-13 4.9945e-14 4.8915e-12 1.1571e-12 2.2439e-12 1.3022e-12 1.5524e-12 2.5692e-12 1.5716e-12 3.2299e-12 1.0756e-12 5.2803e-12 1.6739e-14 1.8821e-12 8.9309e-12 3.7043e-12 -5.4758e-13 3.1481e-12 3.0398e-12 -2.4255e-13 2.4559e-12 1.0747e-12 -8.5674e-13 6.6341e-13 1.1679e-12 8.1123e-13 1.9915e-12 1.1496e-12 -4.1431e-13 -1.0109e-12 3.0557e-13 -7.3952e-13 9.9648e-13 5.3752e-13 7.2684e-13 -4.5265e-13 -1.44e-12 -2.0641e-13 -1.3395e-13 -1.487e-12 -3.4751e-13 2.9389e-14 9.9596e-13 6.8244e-13 1.721e-13 1.1608e-13 -2.4907e-13 -2.7355e-14 -9.5661e-14 -2.3986e-14 5.3216e-15 -8.8725e-16
-4.3276e-12 3.1736e-13 3.5729e-12 1.469e-12 5.5993e-12 3.2946e-13 -5.0406e-13 2.098e-12 6.2329e-12 3.6301e-12 3.7977e-12 -2.0458e-12 6.7135e-13 6.7219e-12 1.2514e-12 2.0587e-14 2.7996e-12 1.9365e-12 2.8933e-12 1.0783e-12 3.7043e-12 1.4407e-11 -2.4405e-12 1.017e-12 4.3569e-12 -1.1825e-12 4.2364e-12 1.3813e-12 -1.1943e-12 -2.5266e-13 1.8134e-12 -1.431e-12 -5.6324e-13 2.4455e-13 -3.6989e-13 -2.7045e-13 -7.5896e-13 1.3479e-12 5.5162e-13 1.3801e-12 -8.7399e-13 4.4376e-13 1.6605e-12 -2.0188e-12 7.9409e-13 -8.513e-13 4.6583e-13 1.1075e-12 2.1999e-13 7.0016e-13 -3.5182e-13 -2.2539e-14 -1.7842e-13 1.5488e-14 -9.2952e-14 2.3758e-14 2.5702e-14 9.9494e-16
7.1129e-13 3.2118e-12 4.3434e-12 1.85e-12 1.4816e-12 -5.1986e-13 -4.0242e-13 2.3774e-12 1.418e-12 4.2263e-13 -5.8682e-13 3.6739e-12 9.9044e-13 6.0502e-13 2.1959e-12 6.4039e-13 2.5411e-12 1.1336e-12 -1.7985e-12 2.5599e-12 -5.4758e-13 -2.4405e-12 6.5168e-12 2.1168e-12 1.3023e-12 1.3166e-12 -1.1445e-12 2.2093e-12 6.0837e-13 3.3913e-13 1.3355e-12 1.9361e-12 3.7507e-13 7.727e-13 -2.7427e-13 9.8173e-14 -1.588e-14 3.5845e-13 6.0528e-13 -2.4605e-13 -7.4448e-13 3.0488e-13 -8.1467e-13 -3.0927e-13 -6.9841e-13 4.0498e-13 -2.9056e-13 3.327e-14 -1.7071e-13 1.0394e-12 7.5269e-13 1.7396e-13 -2.9095e-13 4.6193e-14 1.0868e-13 3.9956e-14 1.2652e-14 -6.0542e-15
4.8344e-13 2.954e-12 3.6734e-12 2.5043e-12 4.6465e-12 1.2131e-12 2.9283e-12 5.4402e-12 4.8821e-12 1.0529e-12 1.1691e-12 3.7448e-12 2.5337e-12 -4.6468e-13 1.9944e-12 3.5704e-12 2.3088e-12 5.5025e-12 2.8374e-13 3.6379e-14 3.1481e-12 1.017e-12 2.1168e-12 1.4243e-11 2.0471e-12 -1.4025e-12 4.1737e-12 1.8796e-12 4.0338e-12 2.0778e-12 2.8239e-12 2.2311e-12 8.3609e-13 -1.8157e-12 9.7051e-13 2.0574e-12 -8.6915e-13 4.16e-13 2.1685e-12 1.0227e-12 -1.0562e-12 -1.3481e-13 -1.9438e-12 -1.2167e-12 7.1107e-14 -4.0509e-13 6.4071e-13 5.4843e-13 -8.2444e-13 3.5255e-13 3.6925e-13 1.5427e-13 -1.1462e-13 -2.2158e-13 -1.2255e-13 1.1013e-13 -8.7784e-15 -7.2984e-15
3.2213e-12 4.9888e-12 3.1512e-12 3.7085e-12 9.4831e-13 8.3777e-13 3.8824e-12 1.9937e-12 2.1346e-12 4.9245e-13 2.3367e-12 1.9278e-12 -1.1419e-12 3.2332e-12 1.3654e-12 3.6209e-13 2.1133e-12 5.4335e-12 1.406e-12 3.0031e-12 3.0398e-12 4.3569e-12 1.3023e-12 2.0471e-12 1.0572e-11 1.8786e-12 1.8855e-12 3.8554e-13 4.419e-13 -1.8117e-13 8.2068e-13 -1.2037e-12 -2.7623e-13 -3.5668e-13 -8.6838e-14 1.0926e-12 -1.1436e-12 6.8165e-13 1.5906e-12 -9.2327e-13 1.5019e-12 -9.8664e-13 -1.0156e-12 -1.5766e-13 8.6496e-13 -7.2126e-13 3.8254e-14 1.0696e-12 -4.6062e-13 9.959e-13 -9.3616e-14 -5.6232e-15 1.85e-13 -8.3673e-14 -7.1303e-14 6.2075e-14 3.9712e-14 -2.2949e-15
5.9209e-12 2.2922e-12 3.1797e-12 1.6192e-12 -2.164e-13 4.4996e-12 4.9914e-12 5.793e-12 -1.0813e-12 2.1244e-12 6.891e-13 4.1305e-12 -6.2404e-13 1.8044e-12 1.6248e-12 3.7183e-12 2.8331e-12 4.8532e-12 7.745e-13 2.5174e-12 -2.4255e-13 -1.1825e-12 1.3166e-12 -1.4025e-12 1.8786e-12 9.1952e-12 5.8651e-13 7.7777e-13 1.2379e-12 -5.1479e-13 -3.6982e-14 -2.0986e-14 1.0036e-12 1.0304e-12 -1.0348e-12 -1.8618e-12 8.0363e-13 -3.4671e-13 -2.6007e-13 -1.0372e-12 1.8129e-12 -6.5714e-13 3.3451e-13 9.148e-13 -3.488e-14 9.5797e-13 -4.2948e-13 6.4816e-13 -3.9971e-13 1.0871e-12 -2.295e-13 -2.2364e-13 -1.3467e-13 -4.7525e-13 -1.3365e-13 -8.0704e-14 6.6613e-15 -7.8262e-16
-8.4999e-13 3.431e-12 3.1031e-12 1.1232e-12 5.8014e-12 1.3132e-12 3.3383e-12 6.4506e-12 6.7833e-12 3.6763e-12 2.7675e-12 2.5182e-12 1.2306e-12 2.6155e-12 1.9452e-12 2.6847e-12 7.4774e-13 5.9875e-12 1.82e-12 1.5841e-12 2.4559e-12 4.2364e-12 -1.1445e-12 4.1737e-12 1.8855e-12 5.8651e-13 1.0262e-11 3.437e-13 3.6245e-12 1.9819e-12 1.6016e-12 -1.4671e-12 -9.5914e-13 7.3787e-14 2.6585e-13 1.125e-12 1.5532e-12 1.3214e-12 3.5827e-13 4.6079e-13 1.2616e-13 -8.2793e-13 1.8579e-13 -4.6542e-13 5.377e-14 1.8923e-13 4.371e-13 2.7307e-14 6.4525e-13 3.1589e-13 -2.4397e-13 -1.8033e-13 -2.948e-13 2.1852e-13 -1.3538e-13 -3.3738e-14 -2.5598e-14 9.3639e-16
6.7748e-12 2.3036e-12 2.7306e-12 1.9538e-12 5.1656e-12 2.1999e-12 7.4883e-13 1.9619e-12 5.9518e-12 2.9538e-12 -4.8549e-13 7.668e-12 4.4861e-12 3.0701e-12 1.3671e-12 1.906e-12 8.5523e-13 2.3443e-12 1.4461e-13 1.9927e-12 1.0747e-12 1.3813e-12 2.2093e-12 1.8796e-12 3.8554e-13 7.7777e-13 3.437e-13 9.4636e-12 8.6283e-13 2.0041e-12 1.0984e-12 1.8531e-12 8.172e-13 1.1073e-12 1.6431e-13 -9.8457e-13 -2.4463e-14 -1.177e-12 3.8682e-13 7.1077e-13 -3.7646e-13 6.1085e-13 -6.113e-14 -1.0617e-12 6.5799e-13 2.33e-13 -9.2851e-13 1.5325e-12 -3.7318e-13 -4.4091e-13 -1.9068e-13 -1.3152e-13 8.9314e-14 1.532e-13 1.0984e-13 -2.0937e-15 9.6758e-15 -6.0445e-15
3.0669e-12 5.3397e-12 4.3507e-12 2.8402e-12 4.7768e-12 2.6247e-12 2.5634e-12 4.1757e-12 1.3227e-12 3.2378e-12 -5.7875e-13 4.178e-12 -4.1731e-13 -3.8885e-13 3.9519e-12 3.4166e-12 1.9941e-12 2.861e-12 9.9436e-13 -9.0429e-13 -8.5674e-13 -1.1943e-12 6.0837e-13 4.0338e-12 4.419e-13 1.2379e-12 3.6245e-12 8.6283e-13 9.178e-12 1.7377e-12 2.1822e-12 -1.3544e-13 -1.7967e-13 -9.825e-14 1.5374e-12 1.5321e-14 2.0482e-12 4.7882e-13 -1.6254e-13 8.2859e-13 3.9401e-13 -3.4703e-13 7.82e-13 2.9292e-13 -1.0436e-12 -6.0153e-13 -5.3613e-13 3.8706e-13 -1.3652e-12 -2.7613e-13 6.1146e-14 -1.068e-13 -1.1725e-13 -3.2905e-13 -1.722e-13 8.9795e-14 -1.5102e-14 3.1495e-15
1.4091e-12 2.532e-12 3.4117e-13 3.6543e-12 4.5429e-12 8.8591e-13 4.8225e-12 -3.3502e-13 4.7843e-12 3.0732e-12 1.9948e-12 4.7577e-12 1.7038e-12 1.0256e-13 8.2825e-13 2.6657e-12 1.9906e-12 -5.9109e-13 1.0138e-12 3.5859e-13 6.6341e-13 -2.5266e-13 3.3913e-13 2.0778e-12 -1.8117e-13 -5.1479e-13 1.9819e-12 2.0041e-12 1.7377e-12 7.853e-12 1.5686e-13 1.2834e-12 8.7129e-13 1.8775e-12 7.3652e-13 7.8657e-13 -2.2014e-13 -2.7502e-13 -1.2281e-12 3.4183e-13 -1.723e-13 -6.7164e-13 -6.5257e-13 9.0099e-13 -4.8331e-13 7.3737e-13 3.922e-14 -1.0623e-12 -2.0987e-13 -3.4804e-14 -2.9169e-15 1.3138e-13 -2.0685e-14 1.0996e-13 9.7329e-15 1.0419e-14 -2.0209e-14 -7.0347e-16
1.4917e-12 8.6903e-13 3.101e-12 1.3387e-12 3.3174e-12 -9.9823e-14 4.235e-12 9.6872e-13 4.0679e-12 1.5708e-12 -1.9249e-13 2.2456e-12 3.629e-12 -5.7527e-13 2.646e-12 4.6339e-12 1.7154e-12 2.3422e-12 5.2099e-14 5.5806e-13 1.1679e-12 1.8134e-12 1.3355e-12 2.8239e-12 8.2068e-13 -3.6982e-14 1.6016e-12 1.0984e-12 2.1822e-12 1.5686e-13 4.9624e-12 -3.5006e-14 4.4485e-13 -1.294e-12 -6.5847e-14 -3.4502e-14 -1.7063e-13 4.2527e-13 3.8347e-13 5.3069e-14 -2.308e-13 -5.5531e-13 1.4952e-13 -1.7103e-13 -1.6444e-12 -6.6573e-13 4.7302e-13 6.6088e-13 4.5887e-13 1.1619e-12 4.443e-13 9.1711e-14 -1.9814e-13 -3.0672e-15 -2.2641e-13 4.8537e-14 6.9452e-15 -2.7202e-15
2.0576e-14 -2.6451e-12 1.3818e-12 9.8741e-13 4.3328e-12 1.2549e-12 -1.9665e-12 7.2717e-13 1.6503e-12 -2.6007e-12 4.1604e-13 3.3221e-13 3.1216e-12 -1.0693e-12 7.0466e-13 1.1347e-12 1.1464e-12 -2.919e-12 -6.2516e-13 2.1087e-12 8.1123e-13 -1.431e-12 1.9361e-12 2.2311e-12 -1.2037e-12 -2.0986e-14 -1.4671e-12 1.8531e-12 -1.3544e-13 1.2834e-12 -3.5006e-14 5.602e-12 1.5486e-12 2.4627e-13 9.4596e-13 -1.3047e-12 -5.0231e-13 -6.4536e-13 -7.8162e-13 6.6576e-13 2.3369e-13 -3.6333e-13 -1.4442e-12 -2.7648e-13 -1.0119e-13 -1.1721e-13 -1.9192e-13 -3.543e-13 1.3277e-13 1.811e-13 -2.084e-13 3.9758e-13 -3.0587e-13 -2.6597e-13 6.0612e-14 4.3446e-14 -9.5239e-15 -3.5907e-15
-3.078e-12 -1.2788e-12 2.7115e-12 8.5075e-13 1.6935e-12 -1.1299e-12 4.884e-12 -1.1945e-12 1.6733e-12 2.9824e-12 -1.7526e-12 5.2632e-13 3.8503e-12 -9.0988e-13 1.7921e-13 1.7955e-12 1.6475e-12 -9.8496e-13 -1.4535e-12 2.9043e-13 1.9915e-12 -5.6324e-13 3.7507e-13 8.3609e-13 -2.7623e-13 1.0036e-12 -9.5914e-13 8.172e-13 -1.7967e-13 8.7129e-13 4.4485e-13 1.5486e-12 8.8412e-12 -2.9097e-14 9.8363e-13 -2.4474e-12 -1.2857e-12 -1.2683e-12 -7.005e-13 1.2035e-12 9.459e-13 7.4522e-13 -3.7349e-13 -2.4817e-13 -6.3892e-13 3.1333e-13 -4.448e-13 -1.9843e-13 -3.7115e-14 3.3537e-13 -4.4562e-13 -4.1688e-13 -1.3125e-13 2.6286e-14 1.0701e-13 9.2772e-14 2.9739e-14 5.0523e-15
-6.6113e-14 -1.0866e-12 7.4953e-13 2.4004e-12 2.8491e-12 1.3563e-12 1.1285e-12 1.3244e-12 2.1491e-12 2.3871e-12 5.3036e-13 2.3926e-13 -6.3701e-13 3.8285e-12 1.2873e-12 3.9393e-13 1.8988e-12 1.2745e-12 2.8491e-13 -4.8192e-13 1.1496e-12 2.4455e-13 7.727e-13 -1.8157e-12 -3.5668e-13 1.0304e-12 7.3787e-14 1.1073e-12 -9.825e-14 1.8775e-12 -1.294e-12 2.4627e-13 -2.9097e-14 6.0149e-12 -1.0022e-12 -4.1501e-14 1.9538e-12 1.1025e-13 -1.8804e-13 -1.2746e-13 -3.5027e-13 -3.4142e-13 5.0176e-13 -2.169e-13 5.7744e-13 6.1655e-13 -5.02e-13 2.3087e-13 1.5264e-13 -5.6007e-13 1.5274e-13 -2.9463e-13 1.0716e-13 -1.179e-13 -1.8884e-13 1.4153e-14 3.8737e-15 3.6631e-15
2.7522e-12 1.5741e-12 2.064e-12 3.3204e-12 8.1372e-13 1.3225e-12 7.424e-13 7.1543e-13 9.9702e-13 -5.8664e-13 2.0871e-12 -2.5044e-12 1.9628e-12 5.7101e-13 6.438e-13 -1.5226e-12 -5.4334e-13 1.7293e-12 8.0342e-13 -3.285e-13 -4.1431e-13 -3.6989e-13 -2.7427e-13 9.7051e-13 -8.6838e-14 -1.0348e-12 2.6585e-13 1.6431e-13 1.5374e-12 7.3652e-13 -6.5847e-14 9.4596e-13 9.8363e-13 -1.0022e-12 5.7074e-12 -3.8719e-13 -5.478e-13 1.8731e-13 -1.1953e-12 6.3541e-13 8.9268e-13 1.2292e-12 -1.2718e-13 1.5692e-13 1.5937e-13 -7.1062e-13 5.7761e-13 1.8347e-13 -3.4373e-13 -1.0854e-12 -1.6645e-13 1.5008e-13 -2.5505e-13 1.3157e-13 -6.6448e-14 7.9424e-14 -1.6304e-14 1.1193e-15
-1.4611e-13 2.6198e-13 -2.6798e-12 -1.3415e-12 -4.461e-13 -2.6439e-12 1.2454e-12 -4.9987e-13 -3.1794e-12 -3.579e-13 -2.4401e-12 -5.6717e-13 -2.8651e-12 -1.3551e-12 1.7135e-13 -1.6839e-12 -1.2205e-12 2.7281e-13 -1.263e-12 -1.6055e-12 -1.0109e-12 -2.7045e-13 9.8173e-14 2.0574e-12 1.0926e-12 -1.8618e-12 1.125e-12 -9.8457e-13 1.5321e-14 7.8657e-13 -3.4502e-14 -1.3047e-12 -2.4474e-12 -4.1501e-14 -3.8719e-13 5.5111e-12 6.4185e-13 2.9263e-13 1.0111e-12 -1.3195e-12 -4.5279e-13 -6.8837e-13 -4.005e-13 3.3722e-13 7.8537e-14 2.0965e-13 5.5473e-14 4.2245e-13 4.7114e-14 -8.5336e-14 5.1982e-13 1.5217e-13 2.9634e-13 2.1114e-13 8.3813e-14 -6.3254e-16 -1.2901e-14 1.61e-15
-4.5112e-13 -2.7254e-12 2.7408e-12 -3.4187e-13 -3.37e-13 3.211e-12 -7.4343e-13 3.8948e-12 8.6278e-13 2.2401e-12 3.8049e-13 7.4084e-13 -1.8959e-12 1.0561e-12 1.5718e-12 1.8778e-12 -1.459e-12 3.4905e-12 -1.4395e-13 -5.1028e-13 3.0557e-13 -7.5896e-13 -1.588e-14 -8.6915e-13 -1.1436e-12 8.0363e-13 1.5532e-12 -2.4463e-14 2.0482e-12 -2.2014e-13 -1.7063e-13 -5.0231e-13 -1.2857e-12 1.9538e-12 -5.478e-13 6.4185e-13 4.9279e-12 -3.9956e-14 6.4912e-13 6.9616e-13 -2.8376e-13 -7.7554e-13 1.2912e-12 2.5559e-13 -7.6218e-13 3.1584e-15 -2.7873e-13 5.3885e-13 -9.9615e-14 -2.7118e-13 1.7726e-13 -8.4084e-14 -1.2976e-13 -4.0809e-14 -1.4655e-13 -6.0513e-14 -1.1165e-14 2.3022e-15
-1.7477e-12 2.1105e-12 1.1848e-12 2.2674e-13 -1.2424e-12 -7.0563e-13 2.6919e-12 1.0327e-12 9.6729e-13 -2.6733e-14 -3.2886e-13 -1.6499e-12 5.6258e-13 7.9749e-13 -4.2202e-13 1.1382e-12 -7.6137e-13 1.3198e-12 2.0078e-12 -1.0049e-13 -7.3952e-13 1.3479e-12 3.5845e-13 4.16e-13 6.8165e-13 -3.4671e-13 1.3214e-12 -1.177e-12 4.7882e-13 -2.7502e-13 4.2527e-13 -6.4536e-13 -1.2683e-12 1.1025e-13 1.8731e-13 2.9263e-13 -3.9956e-14 4.4645e-12 -4.6651e-13 2.0782e-13 -9.0878e-13 1.066e-13 5.7252e-13 -8.2838e-14 8.7059e-13 -2.6448e-13 7.8875e-13 -4.1951e-14 1.9755e-13 -1.7835e-13 2.6854e-14 2.9872e-13 -1.156e-13 3.5847e-14 -1.9484e-13 -4.9804e-14 6.5701e-15 -2.7955e-15
4.6731e-13 -3.715e-14 1.7802e-12 -2.1046e-12 -7.0401e-13 9.6091e-13 -2.3661e-12 9.9545e-13 -8.432e-13 5.4358e-13 -9.387e-13 5.7388e-13 1.5679e-13 7.4075e-13 -1.7336e-13 2.637e-13 -5.0256e-13 9.9779e-13 -2.1463e-12 -1.5195e-12 9.9648e-13 5.5162e-13 6.0528e-13 2.1685e-12 1.5906e-12 -2.6007e-13 3.5827e-13 3.8682e-13 -1.6254e-13 -1.2281e-12 3.8347e-13 -7.8162e-13 -7.005e-13 -1.8804e-13 -1.1953e-12 1.0111e-12 6.4912e-13 -4.6651e-13 4.0818e-12 -4.9775e-14 -3.8303e-13 9.7448e-14 -2.4421e-13 -1.0426e-12 -3.3558e-13 -3.475e-13 2.7916e-13 5.0695e-13 -3.8772e-13 -1.5714e-13 2.8544e-13 -9.3669e-14 3.3101e-13 -7.2335e-14 -3.8598e-15 5.2434e-14 1.8478e-14 -1.6205e-15
-3.4185e-13 1.2068e-13 1.9553e-12 -4.793e-13 8.197e-13 -5.7938e-13 -1.9784e-12 3.223e-12 6.7326e-13 7.9708e-13 8.8731e-13 9.463e-13 1.8283e-12 1.2559e-12 4.6143e-13 -1.6393e-12 5.1159e-13 5.4408e-15 8.4957e-13 6.8292e-13 5.3752e-13 1.3801e-12 -2.4605e-13 1.0227e-12 -9.2327e-13 -1.0372e-12 4.6079e-13 7.1077e-13 8.2859e-13 3.4183e-13 5.3069e-14 6.6576e-13 1.2035e-12 -1.2746e-13 6.3541e-13 -1.3195e-12 6.9616e-13 2.0782e-13 -4.9775e-14 3.5212e-12 -9.5459e-13 5.0973e-13 2.4003e-13 -3.5408e-13 -4.3443e-13 -5.8015e-13 2.563e-13 -3.2618e-13 -1.3087e-13 -8.4043e-13 -2.6136e-13 5.1345e-14 -3.25e-13 1.8342e-14 1.0287e-14 1.9256e-14 1.1318e-14 -1.3159e-15
3.7542e-13 -8.3868e-13 -4.6931e-13 2.3434e-12 -1.9204e-13 4.9007e-13 3.2511e-12 -7.6879e-13 -8.9295e-13 -4.752e-13 8.8626e-14 1.6191e-12 -5.5709e-13 -6.4809e-13 -3.2353e-14 1.2339e-12 7.9722e-13 9.8436e-13 -3.7259e-15 -1.6165e-13 7.2684e-13 -8.7399e-13 -7.4448e-13 -1.0562e-12 1.5019e-12 1.8129e-12 1.2616e-13 -3.7646e-13 3.9401e-13 -1.723e-13 -2.308e-13 2.3369e-13 9.459e-13 -3.5027e-13 8.9268e-13 -4.5279e-13 -2.8376e-13 -9.0878e-13 -3.8303e-13 -9.5459e-13 3.3603e-12 -4.2033e-13 -3.6638e-13 -1.3002e-13 2.2105e-13 3.4039e-13 -3.0373e-13 7.5561e-14 -2.4549e-13 4.3349e-13 -6.7609e-14 -3.0424e-13 -1.5215e-13 7.5851e-14 -3.1556e-14 4.1599e-14 -1.3643e-15 3.8222e-15
2.8048e-13 3.7942e-13 4.5129e-13 8.408e-13 -8.3603e-13 -3.7934e-13 -1.3975e-12 -1.9604e-12 -1.1196e-12 -9.9298e-13 -9.1837e-13 -1.8244e-12 -2.5995e-13 -2.8234e-13 -4.3862e-13 -1.9898e-12 8.7958e-13 -6.332e-13 -6.6325e-13 -9.0621e-13 -4.5265e-13 4.4376e-13 3.0488e-13 -1.3481e-13 -9.8664e-13 -6.5714e-13 -8.2793e-13 6.1085e-13 -3.4703e-13 -6.7164e-13 -5.5531e-13 -3.6333e-13 7.4522e-13 -3.4142e-13 1.2292e-12 -6.8837e-13 -7.7554e-13 1.066e-13 9.7448e-14 5.0973e-13 -4.2033e-13 2.7243e-12 3.7759e-13 -5.2022e-13 8.2276e-13 -3.2153e-15 2.8342e-14 4.399e-13 -9.0842e-14 -5.2111e-13 -1.2732e-13 1.3625e-13 4.9336e-14 1.4877e-13 4.2731e-14 2.0582e-14 4.26e-15 1.7934e-15
-5.8e-13 -5.8838e-13 2.6552e-13 -1.0855e-12 -5.5765e-13 5.931e-13 6.8931e-13 -2.4499e-13 2.0054e-12 1.8408e-12 1.2642e-13 -3.004e-13 -2.0638e-12 7.3857e-13 -9.4224e-13 6.3968e-13 3.1349e-13 -3.9968e-13 1.8424e-12 -1.8608e-12 -1.44e-12 1.6605e-12 -8.1467e-13 -1.9438e-12 -1.0156e-12 3.3451e-13 1.8579e-13 -6.113e-14 7.82e-13 -6.5257e-13 1.4952e-13 -1.4442e-12 -3.7349e-13 5.0176e-13 -1.2718e-13 -4.005e-13 1.2912e-12 5.7252e-13 -2.4421e-13 2.4003e-13 -3.6638e-13 3.7759e-13 3.6299e-12 -5.3011e-13 -1.8036e-13 3.0313e-13 3.1175e-15 6.6478e-13 -7.1985e-13 -1.6906e-13 -1.2685e-13 -1.4574e-13 -7.8547e-14 -1.6647e-14 -1.4254e-13 -1.2371e-13 2.5095e-14 3.5437e-15
2.3122e-12 -6.3303e-13 -3.2005e-13 2.2535e-13 -2.5506e-12 -2.7563e-13 3.1753e-13 -1.0051e-12 -1.0083e-12 -1.7254e-12 -2.0519e-12 3.0702e-14 -1.6897e-12 -9.0263e-13 7.4258e-13 -1.8807e-13 -5.727e-13 5.1823e-13 2.9389e-13 2.1861e-12 -2.0641e-13 -2.0188e-12 -3.0927e-13 -1.2167e-12 -1.5766e-13 9.148e-13 -4.6542e-13 -1.0617e-12 2.9292e-13 9.0099e-13 -1.7103e-13 -2.7648e-13 -2.4817e-13 -2.169e-13 1.5692e-13 3.3722e-13 2.5559e-13 -8.2838e-14 -1.0426e-12 -3.5408e-13 -1.3002e-13 -5.2022e-13 -5.3011e-13 3.3965e-12 -1.4508e-13 -4.4693e-13 -8.7735e-14 -3.1358e-13 6.4166e-13 -6.7894e-14 -8.6339e-14 2.3498e-13 1.3015e-13 -1.015e-13 5.7329e-14 -2.0469e-15 6.8958e-16 -6.0504e-16
2.2571e-13 1.6875e-13 -7.6598e-13 8.3163e-13 -7.6312e-13 2.8273e-14 5.4802e-13 -2.1637e-13 -2.2965e-13 -1.3738e-12 -8.9235e-13 -1.2832e-12 -9.2657e-13 2.0427e-12 -1.437e-12 -1.9345e-12 3.8067e-13 1.0304e-12 5.6995e-13 6.6167e-13 -1.3395e-13 7.9409e-13 -6.9841e-13 7.1107e-14 8.6496e-13 -3.488e-14 5.377e-14 6.5799e-13 -1.0436e-12 -4.8331e-13 -1.6444e-12 -1.0119e-13 -6.3892e-13 5.7744e-13 1.5937e-13 7.8537e-14 -7.6218e-13 8.7059e-13 -3.3558e-13 -4.3443e-13 2.2105e-13 8.2276e-13 -1.8036e-13 -1.4508e-13 2.3506e-12 3.5243e-13 1.0407e-14 1.9444e-13 2.136e-14 -4.5535e-13 -2.873e-13 3.0017e-14 3.8183e-14 -1.8868e-14 9.6449e-14 -8.1494e-15 2.2942e-15 -1.2985e-17
-1.2496e-12 -2.136e-13 3.8095e-13 4.1301e-13 5.7427e-13 2.8525e-13 2.4006e-12 5.4628e-13 2.0906e-13 2.6872e-12 2.9781e-13 2.4414e-12 2.8986e-13 1.181e-13 -6.6129e-13 3.9173e-13 1.2483e-12 3.7609e-13 -6.7051e-13 5.772e-13 -1.487e-12 -8.513e-13 4.0498e-13 -4.0509e-13 -7.2126e-13 9.5797e-13 1.8923e-13 2.33e-13 -6.0153e-13 7.3737e-13 -6.6573e-13 -1.1721e-13 3.1333e-13 6.1655e-13 -7.1062e-13 2.0965e-13 3.1584e-15 -2.6448e-13 -3.475e-13 -5.8015e-13 3.4039e-13 -3.2153e-15 3.0313e-13 -4.4693e-13 3.5243e-13 2.3042e-12 -1.9655e-13 -1.1321e-13 -3.1756e-14 5.7663e-13 7.4768e-14 -2.4493e-13 7.3991e-15 1.2281e-13 -1.0502e-14 -1.0047e-13 -7.7464e-16 1.7735e-15
1.4113e-12 7.9079e-13 9.0048e-13 -1.3155e-13 -1.0496e-12 9.7043e-13 7.7144e-13 1.7699e-12 1.7823e-12 -1.1053e-13 3.5392e-13 -1.4926e-12 7.8643e-13 -4.2266e-13 -5.8141e-13 -9.3609e-14 1.9207e-13 -2.2146e-13 -6.1076e-13 -4.7329e-13 -3.4751e-13 4.6583e-13 -2.9056e-13 6.4071e-13 3.8254e-14 -4.2948e-13 4.371e-13 -9.2851e-13 -5.3613e-13 3.922e-14 4.7302e-13 -1.9192e-13 -4.448e-13 -5.02e-13 5.7761e-13 5.5473e-14 -2.7873e-13 7.8875e-13 2.7916e-13 2.563e-13 -3.0373e-13 2.8342e-14 3.1175e-15 -8.7735e-14 1.0407e-14 -1.9655e-13 1.799e-12 6.9307e-15 2.2834e-13 -1.3179e-13 -1.9055e-14 1.8287e-13 9.6937e-14 2.8558e-14 -7.9213e-14 6.6412e-14 -2.3438e-15 -4.3269e-16
1.388e-12 -5.7945e-13 -3.3283e-13 -3.1234e-13 3.1499e-13 8.7959e-13 1.009e-12 4.0187e-13 1.3997e-12 -1.0343e-12 -2.9118e-13 1.339e-13 -1.8508e-13 -6.4177e-13 1.2633e-13 6.062e-13 -3.9893e-13 1.535e-12 1.6729e-14 -2.2431e-13 2.9389e-14 1.1075e-12 3.327e-14 5.4843e-13 1.0696e-12 6.4816e-13 2.7307e-14 1.5325e-12 3.8706e-13 -1.0623e-12 6.6088e-13 -3.543e-13 -1.9843e-13 2.3087e-13 1.8347e-13 4.2245e-13 5.3885e-13 -4.1951e-14 5.0695e-13 -3.2618e-13 7.5561e-14 4.399e-13 6.6478e-13 -3.1358e-13 1.9444e-13 -1.1321e-13 6.9307e-15 2.0014e-12 -2.3712e-13 -3.1598e-13 -1.446e-13 -6.869e-14 3.3729e-13 -7.6374e-14 -1.9189e-13 1.7434e-14 6.0007e-15 2.0064e-15
-8.9485e-13 -1.9587e-12 3.5472e-13 2.0038e-13 -3.2584e-13 -9.7852e-13 -2.583e-13 -1.0977e-12 1.3504e-12 -9.1307e-13 -1.2562e-12 -1.4118e-13 1.7423e-12 9.7056e-13 8.4578e-13 -8.5583e-13 3.0037e-13 1.3707e-12 -7.7866e-13 9.7116e-13 9.9596e-13 2.1999e-13 -1.7071e-13 -8.2444e-13 -4.6062e-13 -3.9971e-13 6.4525e-13 -3.7318e-13 -1.3652e-12 -2.0987e-13 4.5887e-13 1.3277e-13 -3.7115e-14 1.5264e-13 -3.4373e-13 4.7114e-14 -9.9615e-14 1.9755e-13 -3.8772e-13 -1.3087e-13 -2.4549e-13 -9.0842e-14 -7.1985e-13 6.4166e-13 2.136e-14 -3.1756e-14 2.2834e-13 -2.3712e-13 1.7444e-12 4.5768e-13 -4.5437e-14 2.6171e-13 -1.5406e-13 2.3628e-13 8.9473e-15 -2.4312e-14 -3.4851e-15 -2.1623e-16
-8.7071e-13 -5.9045e-14 1.8708e-12 1.0943e-12 8.7328e-13 -1.0847e-13 1.674e-12 -1.8351e-13 1.012e-12 1.038e-12 4.0199e-13 1.6792e-12 -2.1217e-14 4.7422e-13 1.1735e-12 1.9816e-12 1.5676e-12 1.1179e-12 -1.8621e-13 1.1684e-12 6.8244e-13 7.0016e-13 1.0394e-12 3.5255e-13 9.959e-13 1.0871e-12 3.1589e-13 -4.4091e-13 -2.7613e-13 -3.4804e-14 1.1619e-12 1.811e-13 3.3537e-13 -5.6007e-13 -1.0854e-12 -8.5336e-14 -2.7118e-13 -1.7835e-13 -1.5714e-13 -8.4043e-13 4.3349e-13 -5.2111e-13 -1.6906e-13 -6.7894e-14 -4.5535e-13 5.7663e-13 -1.3179e-13 -3.1598e-13 4.5768e-13 1.6874e-12 2.2762e-13 3.6103e-14 -2.5991e-13 3.7531e-14 -6.9018e-15 -3.178e-14 -7.6424e-16 -1.6861e-15
-7.5615e-14 -8.1411e-14 1.5568e-13 -2.3729e-13 5.7751e-13 -7.1843e-13 3.1116e-14 -1.5012e-13 1.8679e-15 6.34e-13 -3.4703e-13 7.8055e-14 -2.371e-13 8.4522e-14 3.8285e-13 3.3495e-14 1.4383e-15 2.2992e-13 -4.2738e-13 -4.4063e-13 1.721e-13 -3.5182e-13 7.5269e-13 3.6925e-13 -9.3616e-14 -2.295e-13 -2.4397e-13 -1.9068e-13 6.1146e-14 -2.9169e-15 4.443e-13 -2.084e-13 -4.4562e-13 1.5274e-13 -1.6645e-13 5.1982e-13 1.7726e-13 2.6854e-14 2.8544e-13 -2.6136e-13 -6.7609e-14 -1.2732e-13 -1.2685e-13 -8.6339e-14 -2.873e-13 7.4768e-14 -1.9055e-14 -1.446e-13 -4.5437e-14 2.2762e-13 5.5812e-13 -1.82e-14 4.7459e-15 -2.7062e-14 -2.221e-14 2.2327e-15 -1.2967e-15 -1.0834e-16
5.1334e-13 -2.7944e-13 4.9774e-13 4.0483e-13 -5.8602e-14 2.8577e-13 -7.3726e-13 2.3292e-13 8.2656e-14 -7.2677e-13 -1.6518e-13 -5.1734e-13 -3.8284e-13 -1.9426e-14 -2.0446e-14 -4.2986e-14 1.9104e-13 -2.5311e-13 -3.0814e-13 7.2386e-13 1.1608e-13 -2.2539e-14 1.7396e-13 1.5427e-13 -5.6232e-15 -2.2364e-13 -1.8033e-13 -1.3152e-13 -1.068e-13 1.3138e-13 9.1711e-14 3.9758e-13 -4.1688e-13 -2.9463e-13 1.5008e-13 1.5217e-13 -8.4084e-14 2.9872e-13 -9.3669e-14 5.1345e-14 -3.0424e-13 1.3625e-13 -1.4574e-13 2.3498e-13 3.0017e-14 -2.4493e-13 1.8287e-13 -6.869e-14 2.6171e-13 3.6103e-14 -1.82e-14 3.871e-13 -9.3368e-15 1.5616e-14 -9.1483e-15 1.5265e-14 -1.7559e-15 -9.2014e-16
7.8833e-13 2.2691e-13 -9.2334e-13 -4.9596e-13 -2.9307e-13 -1.0074e-13 -2.407e-13 -1.0468e-13 -2.6086e-13 -4.4171e-13 -5.8262e-13 -4.6639e-13 -3.7949e-13 -9.1479e-13 -7.3861e-13 -6.6811e-14 -5.2853e-13 -9.0012e-13 -7.6849e-15 -4.3775e-13 -2.4907e-13 -1.7842e-13 -2.9095e-13 -1.1462e-13 1.85e-13 -1.3467e-13 -2.948e-13 8.9314e-14 -1.1725e-13 -2.0685e-14 -1.9814e-13 -3.0587e-13 -1.3125e-13 1.0716e-13 -2.5505e-13 2.9634e-13 -1.2976e-13 -1.156e-13 3.3101e-13 -3.25e-13 -1.5215e-13 4.9336e-14 -7.8547e-14 1.3015e-13 3.8183e-14 7.3991e-15 9.6937e-14 3.3729e-13 -1.5406e-13 -2.5991e-13 4.7459e-15 -9.3368e-15 4.4135e-13 -3.43e-14 -3.3756e-14 2.4045e-14 9.1277e-16 1.3749e-15
-4.8405e-13 -6.698e-14 1.0199e-13 4.5101e-13 -4.6007e-13 -4.7625e-13 -7.8454e-14 -2.4706e-13 1.6456e-13 6.0007e-14 -1.4261e-13 3.1122e-13 6.8462e-14 -2.6757e-15 -5.8432e-14 -2.9776e-13 -2.3253e-13 2.6586e-13 -1.9629e-13 -3.8125e-14 -2.7355e-14 1.5488e-14 4.6193e-14 -2.2158e-13 -8.3673e-14 -4.7525e-13 2.1852e-13 1.532e-13 -3.2905e-13 1.0996e-13 -3.0672e-15 -2.6597e-13 2.6286e-14 -1.179e-13 1.3157e-13 2.1114e-13 -4.0809e-14 3.5847e-14 -7.2335e-14 1.8342e-14 7.5851e-14 1.4877e-13 -1.6647e-14 -1.015e-13 -1.8868e-14 1.2281e-13 2.8558e-14 -7.6374e-14 2.3628e-13 3.7531e-14 -2.7062e-14 1.5616e-14 -3.43e-14 2.0583e-13 3.7935e-14 -8.5995e-15 5.9909e-16 -7.4765e-17
-5.8947e-13 1.1703e-13 -8.8805e-14 -2.3976e-13 -1.1109e-13 -5.098e-13 -4.5018e-13 -2.2276e-13 -1.088e-12 -2.6264e-13 -6.0205e-13 -3.6318e-13 -1.9679e-13 7.9737e-14 -5.8865e-13 -5.7192e-13 -2.0816e-13 -1.3684e-13 -3.6508e-13 1.6805e-13 -9.5661e-14 -9.2952e-14 1.0868e-13 -1.2255e-13 -7.1303e-14 -1.3365e-13 -1.3538e-13 1.0984e-13 -1.722e-13 9.7329e-15 -2.2641e-13 6.0612e-14 1.0701e-13 -1.8884e-13 -6.6448e-14 8.3813e-14 -1.4655e-13 -1.9484e-13 -3.8598e-15 1.0287e-14 -3.1556e-14 4.2731e-14 -1.4254e-13 5.7329e-14 9.6449e-14 -1.0502e-14 -7.9213e-14 -1.9189e-13 8.9473e-15 -6.9018e-15 -2.221e-14 -9.1483e-15 -3.3756e-14 3.7935e-14 1.5541e-13 -1.0654e-14 -9.6416e-16 -1.2802e-16
1.2994e-13 2.428e-13 2.0934e-13 2.1245e-13 3.6023e-14 1.8955e-13 -8.2442e-14 1.7533e-13 1.2953e-13 -1.724e-13 -3.2325e-15 -1.1796e-13 3.2389e-15 -7.8775e-14 1.9286e-13 1.6279e-14 1.8542e-13 -2.2395e-13 -1.0759e-13 -5.362e-14 -2.3986e-14 2.3758e-14 3.9956e-14 1.1013e-13 6.2075e-14 -8.0704e-14 -3.3738e-14 -2.0937e-15 8.9795e-14 1.0419e-14 4.8537e-14 4.3446e-14 9.2772e-14 1.4153e-14 7.9424e-14 -6.3254e-16 -6.0513e-14 -4.9804e-14 5.2434e-14 1.9256e-14 4.1599e-14 2.0582e-14 -1.2371e-13 -2.0469e-15 -8.1494e-15 -1.0047e-13 6.6412e-14 1.7434e-14 -2.4312e-14 -3.178e-14 2.2327e-15 1.5265e-14 2.4045e-14 -8.5995e-15 -1.0654e-14 3.8019e-14 -2.4866e-16 8.0331e-17
5.9608e-15 -1.2862e-14 4.0995e-14 -7.9883e-15 -4.3039e-14 -7.6276e-15 1.4375e-14 -2.204e-14 4.0042e-14 1.672e-14 -3.0764e-14 2.072e-14 7.2815e-15 2.2985e-14 9.6302e-15 -1.4941e-14 2.8408e-14 -6.5582e-15 -6.5973e-15 1.3266e-14 5.3216e-15 2.5702e-14 1.2652e-14 -8.7784e-15 3.9712e-14 6.6613e-15 -2.5598e-14 9.6758e-15 -1.5102e-14 -2.0209e-14 6.9452e-15 -9.5239e-15 2.9739e-14 3.8737e-15 -1.6304e-14 -1.2901e-14 -1.1165e-14 6.5701e-15 1.8478e-14 1.1318e-14 -1.3643e-15 4.26e-15 2.5095e-14 6.8958e-16 2.2942e-15 -7.7464e-16 -2.3438e-15 6.0007e-15 -3.4851e-15 -7.6424e-16 -1.2967e-15 -1.7559e-15 9.1277e-16 5.9909e-16 -9.6416e-16 -2.4866e-16 1.4311e-15 1.9486e-17
-1.4063e-14 -6.0605e-15 -3.3053e-15 -2.8368e-15 1.2102e-15 -1.8705e-15 7.1009e-15 -6.1638e-15 -4.9706e-15 6.6971e-15 -5.3986e-15 -4.6703e-15 -3.818e-15 -3.5647e-15 -3.3517e-15 -4.7327e-15 2.6606e-15 -5.1751e-15 -3.7579e-15 -5.0699e-15 -8.8725e-16 9.9494e-16 -6.0542e-15 -7.2984e-15 -2.2949e-15 -7.8262e-16 9.3639e-16 -6.0445e-15 3.1495e-15 -7.0347e-16 -2.7202e-15 -3.5907e-15 5.0523e-15 3.6631e-15 1.1193e-15 1.61e-15 2.3022e-15 -2.7955e-15 -1.6205e-15 -1.3159e-15 3.8222e-15 1.7934e-15 3.5437e-15 -6.0504e-16 -1.2985e-17 1.7735e-15 -4.3269e-16 2.0064e-15 -2.1623e-16 -1.6861e-15 -1.0834e-16 -9.2014e-16 1.3749e-15 -7.4765e-17 -1.2802e-16 8.0331e-17 1.9486e-17 4.9997e-17
