1.5244e-10 1.3051e-10 1.4045e-10 1.2066e-10 1.0894e-10 8.8637e-11 1.2605e-10 9.2277e-11 1.2865e-10 8.2586e-11 1.1069e-10 9.8724e-11 8.6121e-11 9.4407e-11 8.9882e-11 6.4356e-11 6.7283e-11 7.8841e-11 5.7197e-11 5.8054e-11 4.0963e-11 6.8662e-11 5.3471e-11 5.2682e-11 5.8768e-11 4.6771e-11 2.5018e-11 4.4464e-11 2.653e-11 3.6547e-11 3.2025e-11 3.1259e-11 2.0618e-11 2.0999e-11 1.4944e-11 1.1459e-11 1.2858e-11 9.151e-12 1.3925e-11 7.7434e-12 8.153e-12 2.334e-11 -2.4885e-13 -5.0407e-12 3.5362e-12 -1.2657e-11 1.8266e-12 6.2746e-12 -6.5961e-13 5.2064e-13 -4.6947e-12 -2.6321e-12 2.8672e-12 7.0501e-12 -4.6008e-12 -1.3512e-11 -4.6446e-12 -4.3534e-12 -1.3457e-12 -3.3691e-12 1.2003e-12 -7.7345e-12 -7.0969e-14 -5.9177e-12 3.7075e-12 -2.7918e-12 6.6765e-12 2.4458e-12 1.7658e-12 4.1547e-12 3.9506e-12 3.5171e-12 -2.6203e-12 3.413e-12 -2.1233e-12 3.6787e-12 1.9115e-12 -1.4539e-12 -2.5307e-12 1.9974e-12 -2.757e-12 2.0969e-12 1.7042e-12 2.4409e-13 1.1299e-13 -6.6897e-13 5.7534e-13 2.3276e-13 9.9973e-14 6.4184e-15
1.3051e-10 1.5499e-10 1.3782e-10 1.2558e-10 1.1366e-10 8.35e-11 1.3618e-10 9.0194e-11 1.2738e-10 7.9136e-11 1.1541e-10 1.0192e-10 9.3616e-11 9.9842e-11 8.3597e-11 6.7359e-11 6.5139e-11 8.3183e-11 6.6192e-11 5.9517e-11 3.9402e-11 8.151e-11 5.0269e-11 4.2743e-11 5.6718e-11 4.8882e-11 2.3992e-11 3.9374e-11 3.4392e-11 4.0337e-11 3.9368e-11 3.8975e-11 1.7718e-11 2.1304e-11 1.2671e-11 1.4118e-11 6.7741e-12 7.9423e-12 6.4116e-12 3.5046e-12 3.3844e-12 2.0548e-11 1.6147e-12 -2.7034e-12 3.109e-12 -1.794e-11 3.758e-14 7.8765e-12 -2.8076e-12 -1.5207e-12 1.0573e-12 -3.3767e-12 -1.1077e-12 5.7396e-12 -4.4569e-12 -1.3292e-11 -7.1989e-12 -4.9906e-12 8.0997e-13 -5.0088e-12 7.2043e-14 -1.9393e-12 -2.1316e-12 -1.008e-11 5.6306e-12 -5.0288e-12 3.9387e-12 1.9325e-12 1.6253e-13 2.3894e-12 -3.5918e-13 1.2883e-12 -2.1761e-12 1.9517e-12 -1.7415e-12 1.2609e-12 5.0565e-14 1.9783e-13 -2.5673e-12 1.5175e-12 -1.756e-12 3.1956e-12 1.2913e-12 7.1212e-13 -5.9525e-14 -1.1108e-13 6.6463e-13 7.84e-14 8.9122e-14 -1.988e-14
1.4045e-10 1.3782e-10 1.6154e-10 1.3341e-10 1.1582e-10 9.2792e-11 1.3346e-10 9.33e-11 1.3746e-10 8.5476e-11 1.1034e-10 1.0089e-10 9.9717e-11 1.0149e-10 9.2532e-11 6.8177e-11 7.0045e-11 8.8809e-11 5.9088e-11 5.8869e-11 4.1961e-11 6.5457e-11 5.6002e-11 4.3921e-11 6.2376e-11 4.8025e-11 2.7589e-11 3.9805e-11 3.5657e-11 4.3855e-11 3.9755e-11 3.4552e-11 2.2709e-11 2.0543e-11 1.3312e-11 1.3221e-11 1.3893e-11 1.0546e-11 1.0531e-11 7.5654e-12 9.0952e-12 2.5798e-11 2.6159e-12 -6.9969e-12 -6.8523e-13 -1.3357e-11 2.1384e-12 3.5313e-12 -2.6737e-12 -1.2824e-13 -2.3502e-12 4.9451e-13 -7.9853e-13 7.2281e-12 -1.5549e-12 -1.1665e-11 -4.4161e-12 -5.5476e-12 9.0288e-13 -2.378e-12 2.1197e-13 -5.9829e-12 -2.471e-12 -6.484e-12 1.37e-12 -6.5365e-12 3.6941e-12 1.0449e-12 1.088e-12 3.6733e-12 3.1212e-12 1.5849e-12 -2.9916e-12 2.1048e-12 -1.2748e-12 5.5696e-12 1.1121e-12 -1.0133e-12 -4.3966e-12 3.7557e-12 -2.7811e-12 4.0466e-12 1.6539e-12 4.7541e-13 4.3438e-13 -5.8175e-13 6.4049e-13 1.9312e-13 1.1611e-13 -1.1899e-14
1.2066e-10 1.2558e-10 1.3341e-10 1.36e-10 1.0894e-10 8.0861e-11 1.2558e-10 9.1529e-11 1.2752e-10 7.1499e-11 1.0165e-10 9.3068e-11 9.2986e-11 9.1421e-11 7.8145e-11 6.3933e-11 5.8952e-11 8.3572e-11 5.1613e-11 5.3854e-11 3.703e-11 6.4905e-11 4.8656e-11 4.4152e-11 5.7824e-11 4.0189e-11 2.2181e-11 3.6099e-11 3.042e-11 3.9539e-11 3.1747e-11 2.9249e-11 1.6453e-11 2.1865e-11 1.0329e-11 1.7693e-11 1.102e-11 9.9711e-12 4.358e-12 1.1196e-11 4.3664e-12 1.7973e-11 2.2625e-13 -4.6369e-12 -8.7597e-14 -1.4749e-11 -2.9629e-12 7.8072e-13 -1.3208e-12 -5.6267e-13 -2.1263e-12 -9.2169e-13 -1.0354e-12 4.4553e-12 -2.4369e-12 -7.556e-12 -3.7326e-12 -2.7335e-12 -7.9877e-13 -7.3266e-12 -2.1549e-12 -9.8519e-12 -4.0929e-12 -5.8964e-12 3.1093e-12 -1.8656e-12 3.0563e-12 1.0024e-12 4.2659e-13 2.343e-12 1.5939e-12 4.7073e-13 -1.9047e-12 3.6504e-12 -2.0143e-12 2.6918e-12 1.3657e-12 1.7373e-12 -3.1993e-12 3.0321e-12 -2.4434e-12 3.9389e-12 1.3569e-12 1.7415e-13 4.6757e-13 -4.2258e-13 7.1684e-13 5.1738e-14 9.9235e-14 -4.2663e-15
1.0894e-10 1.1366e-10 1.1582e-10 1.0894e-10 1.1217e-10 7.174e-11 1.1668e-10 7.5836e-11 1.1297e-10 6.5194e-11 9.6213e-11 8.3489e-11 8.2529e-11 8.1128e-11 6.8806e-11 5.4953e-11 5.5372e-11 7.4031e-11 4.8176e-11 4.3363e-11 3.2454e-11 6.2879e-11 4.7982e-11 3.8036e-11 5.757e-11 4.0737e-11 1.9169e-11 3.2218e-11 2.6562e-11 3.1314e-11 2.9027e-11 2.7187e-11 2.0352e-11 1.6868e-11 1.0884e-11 1.4383e-11 1.0421e-11 6.9319e-12 4.8429e-12 8.4852e-12 2.3588e-12 1.7173e-11 2.6614e-12 -3.9426e-12 9.2143e-14 -1.318e-11 -2.0183e-12 1.2736e-12 -1.161e-12 6.3905e-13 -3.9579e-12 -2.4207e-12 1.0833e-12 2.9062e-12 -3.4669e-12 -9.4233e-12 -2.9957e-12 -5.4619e-12 -2.5579e-12 -3.7455e-12 -3.609e-12 -5.8705e-12 -2.2995e-12 -5.921e-12 6.619e-13 -2.1305e-12 1.8685e-12 2.5365e-12 7.6476e-13 1.012e-12 4.1286e-14 6.9902e-13 -6.8519e-13 1.0327e-12 -2.6994e-12 2.4271e-12 -5.8262e-13 9.1757e-13 -2.1804e-12 2.7326e-12 -2.3548e-12 2.3247e-12 8.9121e-13 -2.0895e-13 -1.6674e-13 -4.7121e-13 6.4128e-13 8.9935e-14 3.5921e-14 -1.5257e-14
8.8637e-11 8.35e-11 9.2792e-11 8.0861e-11 7.174e-11 8.0132e-11 8.3447e-11 6.2863e-11 8.7001e-11 5.3648e-11 7.5863e-11 6.5896e-11 5.663e-11 6.2494e-11 5.9626e-11 4.5305e-11 3.9037e-11 5.5433e-11 4.0072e-11 2.9889e-11 2.1225e-11 4.902e-11 3.3483e-11 2.5185e-11 4.0249e-11 3.146e-11 1.4033e-11 2.7626e-11 2.0553e-11 2.5818e-11 1.7657e-11 2.0771e-11 1.2674e-11 1.4921e-11 9.4201e-12 7.1598e-12 7.1255e-12 3.9921e-12 8.6881e-12 1.9996e-12 5.4305e-12 1.7698e-11 -1.738e-12 -9.1978e-13 -3.4059e-14 -7.2906e-12 1.4758e-12 2.9911e-12 -8.4998e-12 4.2943e-13 -4.8177e-12 -3.7531e-12 3.3126e-12 4.6002e-12 1.6656e-13 -9.9764e-12 -3.3585e-12 -8.7121e-13 2.6638e-12 -3.8141e-12 1.4714e-12 -5.1831e-12 -1.4733e-12 -2.7438e-12 1.5621e-13 -2.9371e-12 1.9956e-12 3.4281e-12 9.1795e-13 3.9756e-12 1.5958e-12 1.9083e-12 -3.6353e-13 1.9977e-12 -1.4658e-12 2.0807e-12 1.3179e-12 5.6045e-13 -4.078e-12 2.1087e-12 -3.2337e-12 1.5308e-12 8.6627e-13 5.782e-13 8.1689e-14 -4.9395e-15 2.1778e-13 2.8646e-14 5.5587e-14 -3.6698e-15
1.2605e-10 1.3618e-10 1.3346e-10 1.2558e-10 1.1668e-10 8.3447e-11 1.4872e-10 8.8308e-11 1.323e-10 7.5035e-11 1.1073e-10 9.9412e-11 9.1954e-11 9.2876e-11 8.3379e-11 6.0286e-11 6.5972e-11 7.9786e-11 6.3285e-11 5.4777e-11 3.9508e-11 6.9096e-11 5.1229e-11 4.2157e-11 6.0596e-11 4.3434e-11 2.2126e-11 4.0755e-11 3.3435e-11 3.9579e-11 3.4191e-11 3.3341e-11 1.8347e-11 1.592e-11 1.6433e-11 1.4146e-11 1.6105e-11 8.4307e-12 2.6019e-12 1.2846e-11 5.4128e-12 2.1076e-11 2.4074e-12 -1.567e-12 2.7046e-12 -1.4609e-11 -1.1755e-12 5.2659e-12 -3.8856e-12 -4.2822e-13 -4.3166e-12 -3.8842e-13 3.2994e-12 6.8607e-12 -2.4084e-12 -1.0408e-11 -3.71e-12 -3.6695e-12 4.7087e-12 -7.1807e-12 6.6502e-13 -9.3423e-12 -5.5122e-12 -8.8598e-12 4.4979e-12 -4.1992e-12 1.0377e-13 1.5253e-12 1.4229e-12 3.3883e-12 5.9995e-13 1.9978e-12 -4.4717e-13 3.2893e-12 -3.4152e-12 3.0062e-12 1.7681e-12 7.1685e-13 -1.9064e-12 2.6794e-12 -2.1296e-12 2.4973e-12 1.876e-12 1.7062e-13 3.8952e-13 -4.5875e-14 7.1679e-13 6.111e-14 6.6373e-14 -2.2037e-14
9.2277e-11 9.0194e-11 9.33e-11 9.1529e-11 7.5836e-11 6.2863e-11 8.8308e-11 8.2202e-11 8.9756e-11 4.9789e-11 7.7909e-11 7.049e-11 6.8535e-11 6.5629e-11 5.5176e-11 4.2601e-11 4.7199e-11 6.27e-11 4.3737e-11 4.0111e-11 2.4393e-11 4.8052e-11 3.5286e-11 3.2504e-11 3.9759e-11 3.09e-11 1.6217e-11 3.2127e-11 2.3785e-11 2.8119e-11 2.1579e-11 1.8722e-11 1.3303e-11 1.9293e-11 4.509e-12 1.0605e-11 6.6339e-12 3.5598e-12 4.3497e-12 4.3039e-12 1.7325e-12 1.8437e-11 -1.3402e-12 -7.1374e-12 7.7378e-13 -1.0765e-11 -1.5389e-12 4.017e-12 -3.3692e-12 1.3245e-12 -5.5909e-12 5.3313e-13 1.5489e-12 3.7792e-12 6.5016e-13 -9.1069e-12 -2.739e-12 -1.2767e-13 -1.2063e-12 -6.2161e-12 -2.8245e-12 -7.4397e-12 -7.0347e-13 -5.6823e-12 2.4181e-12 -2.4787e-12 3.6274e-12 1.7408e-12 -6.1483e-13 2.707e-12 2.1937e-12 9.747e-13 -3.4912e-13 9.7667e-13 -2.4738e-12 1.4072e-12 6.3015e-13 6.6193e-14 -9.4038e-13 1.8641e-12 -6.3447e-13 1.6569e-12 1.2345e-12 -5.4786e-13 1.7293e-13 2.7001e-13 4.4235e-13 1.2964e-14 8.1814e-14 -1.8046e-14
1.2865e-10 1.2738e-10 1.3746e-10 1.2752e-10 1.1297e-10 8.7001e-11 1.323e-10 8.9756e-11 1.5484e-10 7.7448e-11 1.0537e-10 9.5238e-11 8.6546e-11 9.4218e-11 7.7788e-11 6.4346e-11 5.6409e-11 8.1642e-11 6.0232e-11 5.7425e-11 4.268e-11 6.7297e-11 4.7258e-11 4.3349e-11 6.2588e-11 4.0883e-11 2.483e-11 3.8347e-11 3.0654e-11 3.182e-11 2.7164e-11 3.6592e-11 2.3335e-11 1.6831e-11 1.4226e-11 1.5441e-11 1.7029e-11 8.9232e-12 9.0849e-13 1.0035e-11 8.8912e-12 1.6308e-11 2.2405e-12 -1.7432e-12 -1.9703e-12 -1.729e-11 -1.669e-12 3.4946e-12 -1.8124e-12 -1.5449e-12 -6.4473e-12 -1.0245e-12 3.9224e-12 2.8665e-12 3.2692e-13 -1.1332e-11 -2.3652e-12 -6.1947e-12 -1.2666e-12 -9.9335e-12 4.7916e-13 -8.9984e-12 -2.612e-12 -3.873e-12 -5.355e-13 -4.5971e-12 1.775e-12 1.828e-12 3.0896e-12 3.669e-12 6.3087e-13 4.67e-13 -5.4007e-13 4.1644e-12 -2.0211e-13 5.5109e-12 1.339e-12 3.4738e-13 -2.5985e-12 2.1534e-12 -2.8966e-12 2.7268e-12 2.4917e-12 1.1093e-12 -3.7442e-13 -4.3556e-13 1.0267e-13 1.8085e-13 8.1774e-14 -1.4581e-14
8.2586e-11 7.9136e-11 8.5476e-11 7.1499e-11 6.5194e-11 5.3648e-11 7.5035e-11 4.9789e-11 7.7448e-11 6.7676e-11 6.4336e-11 6.2527e-11 5.3002e-11 5.6182e-11 5.3521e-11 4.1092e-11 3.9068e-11 4.4758e-11 3.746e-11 3.4095e-11 2.3295e-11 4.3146e-11 3.4983e-11 2.5458e-11 3.5621e-11 2.9338e-11 1.3934e-11 2.7708e-11 1.6513e-11 2.7759e-11 1.9668e-11 2.2428e-11 1.0699e-11 1.5494e-11 1.2001e-11 6.811e-13 8.4494e-12 6.9626e-12 8.783e-12 6.064e-12 4.4472e-12 1.4987e-11 -2.7751e-12 -6.5992e-13 -4.8734e-13 -8.2555e-12 3.2624e-12 4.1995e-13 1.0815e-12 6.7069e-13 1.6333e-12 -5.5742e-13 -4.0008e-13 3.1592e-12 -2.8707e-12 -8.4222e-12 -2.0958e-12 -4.8065e-12 9.4698e-13 1.0824e-12 2.8964e-12 -2.6617e-12 -2.2559e-13 -4.5162e-12 -1.2945e-12 -4.0854e-12 1.8197e-12 -1.6593e-13 2.9097e-12 -1.4905e-13 1.1155e-12 -9.0321e-13 -3.849e-13 2.6674e-12 -3.7926e-13 1.6821e-12 3.9828e-13 -1.1293e-12 -1.812e-12 1.291e-12 -1.691e-12 2.5145e-12 1.0686e-12 6.5235e-13 1.8966e-13 9.9137e-14 2.8482e-13 2.8414e-13 3.3485e-14 6.9311e-15
1.1069e-10 1.1541e-10 1.1034e-10 1.0165e-10 9.6213e-11 7.5863e-11 1.1073e-10 7.7909e-11 1.0537e-10 6.4336e-11 1.1781e-10 8.5373e-11 7.8774e-11 7.5303e-11 7.2147e-11 5.3289e-11 5.9144e-11 6.7686e-11 5.3662e-11 4.6749e-11 3.1129e-11 6.4621e-11 4.5085e-11 4.1543e-11 4.8725e-11 3.9196e-11 2.4155e-11 3.7924e-11 2.8682e-11 3.0292e-11 2.8168e-11 3.007e-11 1.3104e-11 1.6748e-11 9.9627e-12 1.3771e-11 1.0911e-11 6.3999e-12 5.0411e-12 7.8031e-12 1.1355e-11 1.4523e-11 1.7414e-12 -2.8978e-12 2.1623e-12 -1.1995e-11 -8.1941e-13 5.4226e-12 -3.8833e-12 -1.2531e-12 -2.7482e-12 -3.6371e-12 1.7158e-12 1.6158e-12 -3.8363e-12 -1.1155e-11 -4.7756e-12 -4.5004e-12 2.9915e-12 -5.7283e-12 1.8302e-12 -1.9955e-12 -2.0624e-12 -6.8132e-12 3.7978e-12 -4.4505e-12 4.5252e-12 2.1303e-12 5.4925e-13 4.2217e-12 2.0614e-12 1.818e-12 -9.7026e-13 1.2118e-12 -9.146e-13 2.1153e-12 1.3787e-12 3.9416e-13 -1.9374e-13 2.4802e-12 -1.2364e-12 1.5936e-12 2.1918e-12 -6.7834e-13 5.2442e-13 -1.7371e-13 5.6628e-13 7.0895e-14 2.99e-14 -2.3326e-14
9.8724e-11 1.0192e-10 1.0089e-10 9.3068e-11 8.3489e-11 6.5896e-11 9.9412e-11 7.049e-11 9.5238e-11 6.2527e-11 8.5373e-11 8.862e-11 7.0375e-11 6.7266e-11 6.2487e-11 4.822e-11 4.8507e-11 6.4191e-11 4.9258e-11 4.499e-11 2.6464e-11 5.6387e-11 4.3545e-11 3.4573e-11 4.4901e-11 3.511e-11 1.5568e-11 3.4701e-11 2.2795e-11 3.0667e-11 1.9355e-11 2.6832e-11 9.6809e-12 1.5689e-11 1.4215e-11 8.884e-12 9.1781e-12 2.5547e-12 5.2878e-12 8.496e-12 4.7556e-12 1.3702e-11 -9.413e-13 -3.0546e-12 1.5738e-12 -1.3007e-11 1.1866e-14 2.0291e-12 -4.3047e-12 -1.0555e-12 4.2823e-13 -1.8178e-12 2.5376e-12 2.531e-12 -2.8293e-12 -8.0581e-12 -2.6289e-12 -4.3682e-12 3.1128e-12 -4.8131e-12 -1.4146e-12 -2.8e-12 1.5267e-13 -6.2278e-12 3.0966e-12 -2.6754e-12 1.596e-12 2.4161e-12 9.0114e-13 1.0796e-12 1.6941e-12 6.0663e-13 -1.1006e-12 1.2794e-12 -2.6373e-12 1.0497e-12 7.613e-13 1.3191e-12 -2.6229e-12 2.5923e-12 -1.3591e-12 2.2771e-12 1.3133e-12 2.1526e-13 6.419e-13 4.5589e-13 5.181e-13 1.5666e-13 2.2554e-14 -1.0484e-14
8.6121e-11 9.3616e-11 9.9717e-11 9.2986e-11 8.2529e-11 5.663e-11 9.1954e-11 6.8535e-11 8.6546e-11 5.3002e-11 7.8774e-11 7.0375e-11 8.8226e-11 6.9501e-11 5.6417e-11 4.5581e-11 5.2659e-11 6.2198e-11 3.9676e-11 4.5238e-11 2.4027e-11 4.7638e-11 3.8261e-11 2.865e-11 4.4003e-11 3.2974e-11 2.0193e-11 2.9894e-11 2.3376e-11 2.6676e-11 2.3481e-11 1.8269e-11 1.4347e-11 1.1273e-11 9.8314e-12 1.119e-11 7.8757e-12 3.8078e-12 1.229e-12 4.72e-12 8.4353e-13 1.7528e-11 3.8334e-12 -6.5155e-12 2.0035e-13 -1.1937e-11 -2.8954e-12 1.0574e-12 -1.8203e-12 2.8356e-13 2.1019e-13 -1.5208e-12 -1.3491e-12 4.7675e-12 -5.4009e-12 -6.1665e-12 -3.1008e-12 6.8612e-13 -3.074e-13 -1.4488e-12 -3.4012e-12 -5.0105e-12 -1.8675e-12 -4.4558e-12 1.8388e-13 -3.9788e-12 3.7639e-12 1.4497e-12 -1.8344e-12 1.1224e-12 1.234e-12 -9.9009e-13 -2.0836e-12 2.7298e-13 -3.108e-12 2.7981e-12 -6.7792e-13 7.6519e-13 -2.9948e-12 1.8614e-12 -2.1967e-12 3.1942e-12 1.1249e-12 -8.0819e-13 3.964e-13 -3.4854e-13 6.3818e-13 -2.9203e-14 5.6892e-14 -2.0942e-14
9.4407e-11 9.9842e-11 1.0149e-10 9.1421e-11 8.1128e-11 6.2494e-11 9.2876e-11 6.5629e-11 9.4218e-11 5.6182e-11 7.5303e-11 6.7266e-11 6.9501e-11 8.1337e-11 5.8237e-11 4.7715e-11 4.7801e-11 5.9944e-11 4.2504e-11 4.2504e-11 2.7105e-11 4.9363e-11 3.8537e-11 2.625e-11 4.1469e-11 3.6966e-11 1.7582e-11 3.0511e-11 2.4528e-11 2.9037e-11 2.3365e-11 2.4283e-11 1.7829e-11 1.6396e-11 9.9576e-12 1.0544e-11 8.1623e-12 1.0073e-11 4.9394e-12 2.8344e-12 3.8076e-12 1.8705e-11 2.0525e-12 -2.7466e-12 7.9707e-13 -9.5497e-12 -1.7881e-12 2.2218e-12 -7.1617e-14 2.777e-12 1.3805e-12 -2.6775e-12 4.7136e-13 3.3251e-12 -9.0621e-13 -1.1818e-11 -3.6083e-12 -3.3661e-12 -1.7797e-12 -2.6073e-12 -8.1475e-13 -3.1846e-12 -1.386e-12 -4.851e-12 1.1299e-12 -2.8736e-12 2.2238e-12 9.7976e-13 -1.3904e-13 2.4267e-12 -1.5776e-13 -8.3606e-13 -3.2755e-12 1.3134e-12 -8.7644e-13 1.1985e-12 1.0234e-12 3.8219e-13 -2.9126e-12 9.7579e-13 -2.3584e-12 2.0015e-12 2.689e-13 4.5889e-13 -5.1795e-13 -7.3923e-13 4.5281e-13 -4.0382e-14 4.9076e-14 -8.3126e-15
8.9882e-11 8.3597e-11 9.2532e-11 7.8145e-11 6.8806e-11 5.9626e-11 8.3379e-11 5.5176e-11 7.7788e-11 5.3521e-11 7.2147e-11 6.2487e-11 5.6417e-11 5.8237e-11 6.9998e-11 4.5318e-11 4.6436e-11 4.7453e-11 3.5912e-11 3.6295e-11 2.506e-11 4.4114e-11 3.1201e-11 2.9319e-11 3.4665e-11 3.1913e-11 1.9809e-11 2.8003e-11 2.0951e-11 2.8873e-11 2.9193e-11 2.1223e-11 1.1318e-11 9.8199e-12 1.1814e-11 7.2611e-12 6.9203e-12 6.4044e-12 7.9384e-12 8.2516e-12 9.6812e-12 1.5241e-11 3.2318e-12 -1.1812e-12 2.3094e-12 -8.5468e-12 1.1445e-12 2.0443e-13 -9.6612e-13 -4.5987e-13 -3.9134e-12 -8.6296e-13 -1.1603e-12 5.1801e-12 4.9994e-14 -7.003e-12 -3.0161e-12 -3.8682e-12 1.4683e-12 -2.4086e-12 1.2127e-12 -6.2114e-12 -2.4005e-12 -3.6247e-12 9.2914e-13 -3.1397e-12 2.0464e-12 9.7851e-13 2.3242e-12 2.9556e-12 8.8037e-13 4.0697e-12 -9.319e-13 2.7192e-12 -2.3032e-12 2.1872e-12 3.7685e-13 -3.2967e-13 -2.269e-12 2.5196e-13 -2.0518e-12 2.3132e-12 1.0654e-12 3.3223e-13 -9.7792e-14 -1.1978e-13 7.2029e-13 9.0911e-14 8.2958e-14 -6.3512e-16
6.4356e-11 6.7359e-11 6.8177e-11 6.3933e-11 5.4953e-11 4.5305e-11 6.0286e-11 4.2601e-11 6.4346e-11 4.1092e-11 5.3289e-11 4.822e-11 4.5581e-11 4.7715e-11 4.5318e-11 5.4693e-11 2.547e-11 3.4658e-11 3.4027e-11 2.736e-11 1.6681e-11 3.9494e-11 2.6625e-11 2.3216e-11 3.3404e-11 2.5761e-11 1.0423e-11 2.1575e-11 1.0331e-11 1.8539e-11 1.9241e-11 1.37e-11 8.7208e-12 1.039e-11 5.3912e-12 7.8897e-12 2.6974e-12 6.2941e-12 4.2416e-12 3.2282e-12 8.442e-12 1.0697e-11 2.1617e-12 -3.112e-12 -3.5896e-12 -7.0492e-12 -3.5008e-13 -3.3394e-13 -4.9447e-12 -3.4096e-12 5.0072e-12 -1.2164e-12 -5.5668e-12 3.288e-12 -3.2163e-12 -3.2583e-12 -1.9507e-12 -1.685e-12 -2.636e-12 -3.6999e-12 -1.3433e-12 -5.0904e-12 -2.672e-12 -2.9877e-12 6.7553e-13 -3.4267e-12 2.0517e-12 9.1779e-13 2.165e-12 1.2776e-12 5.7488e-13 5.6992e-13 -4.3525e-12 1.1208e-12 -2.2932e-12 5.7719e-14 9.3012e-14 1.2256e-12 -2.2402e-12 3.4477e-13 -1.6882e-12 2.1022e-12 4.3404e-13 1.42e-13 1.9543e-13 -4.2294e-13 2.4989e-13 -7.8138e-14 6.7109e-14 -3.0026e-15
6.7283e-11 6.5139e-11 7.0045e-11 5.8952e-11 5.5372e-11 3.9037e-11 6.5972e-11 4.7199e-11 5.6409e-11 3.9068e-11 5.9144e-11 4.8507e-11 5.2659e-11 4.7801e-11 4.6436e-11 2.547e-11 4.9133e-11 4.0193e-11 2.4875e-11 3.0848e-11 1.7692e-11 3.0719e-11 2.8958e-11 2.3305e-11 2.5907e-11 2.5496e-11 1.2066e-11 2.228e-11 2.0118e-11 1.9559e-11 2.1733e-11 1.5993e-11 9.1287e-12 9.8998e-12 9.965e-12 4.7273e-12 6.1547e-12 4.8667e-12 4.642e-12 7.3919e-12 1.823e-12 1.3389e-11 4.1024e-12 -1.2956e-12 3.0223e-12 -7.8307e-12 1.5896e-12 3.1547e-12 -6.2989e-13 1.9521e-12 -4.2499e-12 2.8245e-13 3.31e-12 4.8261e-12 -1.3068e-12 -5.8911e-12 -1.8968e-12 -1.8765e-12 6.9368e-13 2.2518e-13 1.1398e-12 -2.1394e-12 3.8496e-13 -4.6114e-12 8.3629e-13 -2.1749e-12 1.6321e-12 4.8622e-13 -9.3976e-13 2.7931e-12 1.4945e-12 3.0319e-13 -5.3582e-13 -5.439e-14 -6.6847e-13 1.2575e-12 -1.9898e-13 -8.4185e-13 -6.1995e-13 1.0738e-12 -4.6494e-13 1.6226e-12 4.2467e-13 -5.7192e-13 5.449e-13 -1.3957e-13 7.6763e-13 5.8324e-14 3.8036e-14 -1.9519e-14
7.8841e-11 8.3183e-11 8.8809e-11 8.3572e-11 7.4031e-11 5.5433e-11 7.9786e-11 6.27e-11 8.1642e-11 4.4758e-11 6.7686e-11 6.4191e-11 6.2198e-11 5.9944e-11 4.7453e-11 3.4658e-11 4.0193e-11 6.8541e-11 3.2407e-11 3.385e-11 2.4799e-11 4.3174e-11 3.5186e-11 2.6964e-11 3.5373e-11 2.5981e-11 1.0403e-11 2.4305e-11 2.3216e-11 2.3379e-11 1.7664e-11 2.0372e-11 1.3463e-11 1.3652e-11 1.0264e-12 8.8123e-12 7.0988e-12 3.2047e-12 4.5215e-12 7.3106e-12 1.0116e-14 1.1848e-11 -1.314e-12 -3.5392e-12 -1.2322e-12 -8.4329e-12 -7.622e-13 7.2777e-13 -1.9049e-12 1.0436e-12 -1.5775e-12 -7.3062e-13 3.932e-12 2.88e-12 6.9225e-14 -7.1932e-12 -1.3877e-12 -3.1169e-12 4.1481e-13 -6.2067e-12 -6.9223e-13 -2.225e-12 -2.3257e-13 -3.5716e-12 1.5493e-12 -1.22e-12 8.5661e-13 1.364e-12 6.7608e-16 3.0292e-12 9.9501e-13 -3.042e-13 -5.0715e-13 -4.2038e-13 -9.2611e-13 1.8707e-12 1.075e-13 1.294e-12 -7.6917e-13 1.4789e-12 -1.0763e-12 2.1892e-12 9.8284e-13 -3.0025e-13 4.1356e-13 1.9612e-13 5.9603e-13 3.1125e-14 3.4983e-14 -1.3346e-15
5.7197e-11 6.6192e-11 5.9088e-11 5.1613e-11 4.8176e-11 4.0072e-11 6.3285e-11 4.3737e-11 6.0232e-11 3.746e-11 5.3662e-11 4.9258e-11 3.9676e-11 4.2504e-11 3.5912e-11 3.4027e-11 2.4875e-11 3.2407e-11 4.7855e-11 2.7972e-11 1.4345e-11 4.011e-11 2.2553e-11 1.5468e-11 2.7895e-11 2.2817e-11 1.4508e-11 2.7399e-11 1.1971e-11 2.0385e-11 1.2138e-11 1.511e-11 7.6386e-12 5.6841e-12 5.1821e-12 7.5451e-12 4.0428e-12 1.4934e-12 4.0243e-12 6.3628e-13 5.9945e-12 1.249e-11 -1.3104e-12 -2.7381e-12 -2.1819e-13 -6.5828e-12 -8.269e-13 5.7118e-12 -2.7382e-12 6.7463e-13 1.1949e-12 1.2184e-12 -1.5016e-12 2.8803e-12 2.3477e-13 -6.3742e-12 -2.8891e-12 -2.4116e-12 2.0134e-12 -1.9907e-12 5.9774e-13 -1.881e-12 -1.133e-12 -5.0856e-12 2.284e-12 -4.9665e-12 1.7754e-12 1.3136e-12 3.6477e-13 7.1544e-13 -7.4932e-13 -1.1191e-12 -1.7079e-12 4.454e-13 -2.1464e-12 -2.4901e-13 3.2382e-13 -2.3514e-13 -1.541e-12 1.3073e-12 2.0303e-13 1.1079e-12 8.4497e-13 1.0617e-13 -1.3896e-13 3.6561e-13 -9.0228e-14 6.5856e-14 1.4656e-14 -1.2955e-14
5.8054e-11 5.9517e-11 5.8869e-11 5.3854e-11 4.3363e-11 2.9889e-11 5.4777e-11 4.0111e-11 5.7425e-11 3.4095e-11 4.6749e-11 4.499e-11 4.5238e-11 4.2504e-11 3.6295e-11 2.736e-11 3.0848e-11 3.385e-11 2.7972e-11 4.3143e-11 1.8189e-11 3.0739e-11 2.1139e-11 1.9234e-11 2.483e-11 1.9076e-11 1.4261e-11 1.9781e-11 1.7893e-11 1.4498e-11 1.4828e-11 1.7215e-11 5.4031e-12 7.5095e-12 1.1453e-11 7.9991e-12 4.3024e-12 8.0208e-13 3.0839e-12 6.5139e-12 5.07e-12 7.1206e-12 6.3866e-13 -2.3353e-12 2.8464e-12 -6.2218e-12 -1.5694e-12 1.1334e-12 1.9252e-12 2.5644e-12 -1.8732e-12 -7.3785e-13 7.24e-13 3.9255e-12 -9.0749e-13 -3.4398e-12 -2.1242e-12 -2.3581e-12 2.926e-13 -2.17e-12 7.0327e-13 -2.3697e-12 -5.3568e-13 -2.9379e-12 2.135e-12 -3.0371e-12 3.2544e-12 1.5382e-12 5.2501e-14 7.0584e-13 1.7169e-12 -1.0728e-12 -1.1638e-12 1.4332e-12 7.6127e-14 1.2208e-12 8.1281e-13 4.1845e-13 -2.8272e-12 9.6668e-13 -1.1886e-13 1.7143e-12 4.8721e-13 -1.1165e-13 7.511e-14 5.7021e-14 2.0339e-13 7.8999e-14 6.1574e-14 -2.4631e-17
4.0963e-11 3.9402e-11 4.1961e-11 3.703e-11 3.2454e-11 2.1225e-11 3.9508e-11 2.4393e-11 4.268e-11 2.3295e-11 3.1129e-11 2.6464e-11 2.4027e-11 2.7105e-11 2.506e-11 1.6681e-11 1.7692e-11 2.4799e-11 1.4345e-11 1.8189e-11 2.1552e-11 1.6757e-11 1.6198e-11 1.1073e-11 1.5842e-11 9.9491e-12 5.4326e-12 9.6088e-12 9.0568e-12 1.0682e-11 1.2007e-11 1.3295e-11 7.6558e-12 3.9164e-12 4.3681e-12 5.2968e-12 4.4232e-12 4.6975e-12 1.6257e-12 3.6622e-12 4.0522e-12 4.3801e-12 -9.672e-13 -7.6011e-13 2.2267e-12 -4.0724e-12 -2.7961e-13 1.1098e-12 5.5132e-13 -3.0063e-13 -3.6413e-12 -1.5901e-12 6.2931e-13 2.0034e-13 -8.7961e-13 -3.1882e-12 -1.0127e-12 -3.2694e-12 1.9928e-12 -2.9083e-12 3.0316e-12 -2.6851e-12 -1.1616e-12 -5.7953e-13 1.7311e-12 -1.8086e-12 2.3631e-13 -9.3965e-13 2.5753e-12 1.2638e-12 1.4617e-12 9.1545e-13 1.0613e-12 1.3057e-12 1.6938e-13 2.9609e-12 6.4124e-13 -6.3608e-13 9.0426e-13 3.5013e-13 -1.1865e-12 1.0738e-12 1.1482e-12 4.6022e-13 5.0697e-13 -2.7993e-13 1.1108e-13 8.1334e-14 3.3232e-14 -9.5647e-16
6.8662e-11 8.151e-11 6.5457e-11 6.4905e-11 6.2879e-11 4.902e-11 6.9096e-11 4.8052e-11 6.7297e-11 4.3146e-11 6.4621e-11 5.6387e-11 4.7638e-11 4.9363e-11 4.4114e-11 3.9494e-11 3.0719e-11 4.3174e-11 4.011e-11 3.0739e-11 1.6757e-11 6.0557e-11 2.4401e-11 2.089e-11 3.2493e-11 2.6976e-11 1.5779e-11 2.4895e-11 1.1692e-11 1.8207e-11 1.7029e-11 2.0986e-11 7.8896e-12 1.1184e-11 7.1034e-12 1.0855e-11 8.0856e-13 1.0599e-13 4.2991e-12 8.0244e-13 5.1844e-13 9.7542e-12 -8.0282e-14 -1.9759e-12 1.3548e-12 -1.1294e-11 -1.1836e-12 4.277e-12 -3.3563e-12 1.7399e-12 -9.6473e-13 -2.6912e-12 -9.0664e-13 1.6285e-12 -4.7063e-12 -6.3045e-12 -4.6155e-12 -2.9313e-12 -1.4989e-14 -3.0744e-12 -2.0092e-13 -1.9391e-12 -1.4488e-12 -3.6991e-12 3.4868e-13 -2.7369e-12 4.1987e-12 1.9579e-12 2.6042e-12 5.654e-13 -3.2784e-12 2.2453e-12 -1.3665e-12 -4.0424e-13 -2.0075e-12 1.5318e-13 -1.9205e-12 1.1263e-12 -2.0712e-12 -8.1244e-13 -4.3306e-13 1.2193e-12 -2.3253e-14 1.2893e-13 -4.1898e-13 2.8313e-13 1.3338e-13 3.895e-14 2.2948e-14 -7.2113e-15
5.3471e-11 5.0269e-11 5.6002e-11 4.8656e-11 4.7982e-11 3.3483e-11 5.1229e-11 3.5286e-11 4.7258e-11 3.4983e-11 4.5085e-11 4.3545e-11 3.8261e-11 3.8537e-11 3.1201e-11 2.6625e-11 2.8958e-11 3.5186e-11 2.2553e-11 2.1139e-11 1.6198e-11 2.4401e-11 3.961e-11 1.7829e-11 2.6673e-11 2.3279e-11 3.7358e-12 1.9031e-11 1.3176e-11 1.1837e-11 9.4556e-12 1.1466e-11 8.0711e-12 9.1883e-12 5.6089e-12 6.4136e-12 8.2879e-12 3.711e-12 3.8136e-12 8.829e-12 4.489e-12 9.2672e-12 1.649e-12 -3.7139e-12 9.4878e-13 -6.0789e-12 1.1837e-12 -8.7364e-13 -2.8134e-12 3.2575e-12 4.2721e-13 -2.095e-13 2.5242e-12 3.0879e-12 -3.3216e-12 -5.0109e-12 8.5963e-14 -3.5264e-12 -6.9339e-13 5.4047e-13 1.9305e-12 -2.2509e-12 1.7967e-12 -2.3924e-12 1.7133e-12 -7.0158e-13 5.9532e-13 1.5233e-12 -4.7752e-13 1.5669e-13 2.3565e-12 -1.1341e-12 -2.5161e-12 6.3611e-13 -1.8018e-12 1.0662e-12 1.0089e-12 1.0004e-12 -9.0055e-13 1.8875e-12 -5.6061e-13 1.7037e-12 8.9517e-13 -3.0638e-13 9.2536e-13 9.1196e-15 5.5426e-13 9.8606e-14 -3.2738e-14 -4.8978e-15
5.2682e-11 4.2743e-11 4.3921e-11 4.4152e-11 3.8036e-11 2.5185e-11 4.2157e-11 3.2504e-11 4.3349e-11 2.5458e-11 4.1543e-11 3.4573e-11 2.865e-11 2.625e-11 2.9319e-11 2.3216e-11 2.3305e-11 2.6964e-11 1.5468e-11 1.9234e-11 1.1073e-11 2.089e-11 1.7829e-11 3.9612e-11 2.2316e-11 1.5115e-11 5.4918e-12 1.4905e-11 9.1363e-12 1.0485e-11 9.2794e-12 8.7039e-12 4.8602e-12 9.776e-12 3.3673e-12 4.1932e-12 4.1095e-12 6.1101e-12 2.1369e-12 8.9903e-12 9.0953e-13 4.7223e-12 -4.1611e-13 1.07e-12 3.0294e-12 -6.0525e-12 1.3867e-12 3.5149e-12 3.4637e-12 -5.7394e-13 -8.2171e-15 4.7034e-13 4.2935e-14 4.6677e-12 6.7358e-13 -2.8894e-12 7.4899e-13 -4.8134e-13 2.3134e-14 -2.4354e-12 -2.1785e-12 -4.2798e-12 -3.0756e-13 -2.2587e-12 5.2387e-12 1.202e-12 3.4978e-12 1.548e-12 -2.4623e-13 2.5554e-12 2.9865e-12 9.8278e-13 -1.1143e-12 2.6545e-12 -1.1879e-12 2.2918e-13 4.1306e-13 9.0936e-13 7.8362e-13 6.4993e-14 -3.8049e-13 -9.2348e-14 1.0058e-12 -6.429e-14 2.7136e-13 -2.475e-13 3.1007e-13 1.7939e-13 5.7448e-14 6.4075e-15
5.8768e-11 5.6718e-11 6.2376e-11 5.7824e-11 5.757e-11 4.0249e-11 6.0596e-11 3.9759e-11 6.2588e-11 3.5621e-11 4.8725e-11 4.4901e-11 4.4003e-11 4.1469e-11 3.4665e-11 3.3404e-11 2.5907e-11 3.5373e-11 2.7895e-11 2.483e-11 1.5842e-11 3.2493e-11 2.6673e-11 2.2316e-11 4.134e-11 2.4251e-11 1.2186e-11 1.633e-11 1.1905e-11 1.4664e-11 1.2468e-11 1.1995e-11 1.2635e-11 6.4436e-12 7.2107e-12 1.0207e-11 7.7164e-12 4.4633e-12 2.969e-12 3.8336e-12 1.4821e-12 1.205e-11 2.3893e-12 -3.1026e-12 -3.0952e-13 -8.0445e-12 7.2857e-14 -8.9048e-14 -1.4248e-12 3.0786e-13 -1.825e-12 -1.2295e-12 -1.3529e-12 4.4079e-12 -1.554e-12 -3.889e-12 -2.9317e-12 -4.9119e-13 -1.5017e-12 2.2667e-13 -2.8376e-12 -5.6571e-12 -2.58e-12 -1.7898e-12 1.2386e-12 -7.5667e-13 1.4562e-12 2.2551e-12 4.4905e-13 -2.2033e-13 3.881e-14 3.9733e-13 -1.1802e-12 1.719e-12 -1.9536e-12 1.1635e-12 1.0397e-12 1.696e-13 -2.3776e-12 2.6205e-12 -1.8081e-12 1.2544e-12 5.94e-13 -1.5408e-13 1.3544e-13 -5.6573e-13 2.436e-13 3.6201e-14 -4.2708e-15 -1.3164e-14
4.6771e-11 4.8882e-11 4.8025e-11 4.0189e-11 4.0737e-11 3.146e-11 4.3434e-11 3.09e-11 4.0883e-11 2.9338e-11 3.9196e-11 3.511e-11 3.2974e-11 3.6966e-11 3.1913e-11 2.5761e-11 2.5496e-11 2.5981e-11 2.2817e-11 1.9076e-11 9.9491e-12 2.6976e-11 2.3279e-11 1.5115e-11 2.4251e-11 2.839e-11 9.7783e-12 1.621e-11 1.1455e-11 1.1842e-11 1.1911e-11 1.032e-11 9.3803e-12 8.4659e-12 4.1817e-12 7.6968e-12 6.0159e-12 1.4279e-12 1.7956e-12 3.1715e-12 1.8822e-12 1.1769e-11 3.6833e-12 -2.3309e-12 1.2212e-12 -7.2228e-12 6.4731e-13 1.5241e-12 2.3729e-13 1.8228e-12 -5.3544e-13 -9.6191e-13 -1.24e-12 4.0554e-12 -1.3888e-13 -6.3436e-12 -2.6498e-12 -5.3963e-13 -1.7914e-12 1.2947e-12 -1.0181e-12 -7.0882e-13 2.2903e-13 -1.4846e-12 -8.2679e-13 -5.6232e-13 1.5145e-12 8.2103e-13 -1.3825e-12 -4.4731e-13 -1.1755e-12 9.2166e-13 -1.4782e-12 4.6812e-13 -2.2163e-12 -8.3923e-13 2.5003e-13 4.9066e-13 -1.3718e-12 8.9592e-13 -1.3153e-12 8.0507e-13 1.0297e-13 -1.4909e-13 -1.9667e-13 -3.1088e-13 4.7943e-13 5.4829e-14 -7.1176e-17 -9.7534e-15
2.5018e-11 2.3992e-11 2.7589e-11 2.2181e-11 1.9169e-11 1.4033e-11 2.2126e-11 1.6217e-11 2.483e-11 1.3934e-11 2.4155e-11 1.5568e-11 2.0193e-11 1.7582e-11 1.9809e-11 1.0423e-11 1.2066e-11 1.0403e-11 1.4508e-11 1.4261e-11 5.4326e-12 1.5779e-11 3.7358e-12 5.4918e-12 1.2186e-11 9.7783e-12 2.3253e-11 7.8804e-12 7.4092e-12 8.1372e-12 7.2512e-12 5.0356e-12 3.661e-12 -3.7021e-12 4.4641e-12 4.8775e-12 4.5307e-12 3.0838e-13 2.7465e-12 -3.545e-12 5.8455e-12 5.7508e-12 2.114e-12 -2.5578e-12 -8.6892e-13 -2.8424e-12 6.5728e-13 1.4824e-12 1.6349e-12 1.9919e-12 -2.1388e-12 5.6225e-13 -3.5064e-12 3.0658e-12 -1.6499e-12 -2.773e-12 -4.9683e-12 -8.0874e-13 -1.5474e-12 5.0998e-13 -2.3373e-12 -1.4288e-12 -3.2909e-12 -2.634e-14 6.2547e-14 -1.3091e-12 2.1565e-12 8.4236e-13 6.3599e-13 -6.7086e-13 -2.6328e-13 1.4906e-12 -6.5585e-13 1.1245e-12 -6.6804e-13 8.7359e-13 6.5754e-13 -1.4085e-12 -1.7584e-12 -2.3156e-14 -1.0013e-12 8.9407e-13 4.8678e-13 -1.6573e-13 -1.2456e-12 -4.6816e-13 1.5411e-13 2.8853e-14 2.5088e-15 -1.7039e-14
4.4464e-11 3.9374e-11 3.9805e-11 3.6099e-11 3.2218e-11 2.7626e-11 4.0755e-11 3.2127e-11 3.8347e-11 2.7708e-11 3.7924e-11 3.4701e-11 2.9894e-11 3.0511e-11 2.8003e-11 2.1575e-11 2.228e-11 2.4305e-11 2.7399e-11 1.9781e-11 9.6088e-12 2.4895e-11 1.9031e-11 1.4905e-11 1.633e-11 1.621e-11 7.8804e-12 3.0855e-11 5.3057e-12 1.5974e-11 5.7758e-12 7.5343e-12 4.1759e-12 6.4451e-12 2.3622e-12 5.4213e-12 1.3145e-12 2.003e-12 3.8718e-12 5.5967e-12 6.8399e-12 9.7093e-12 -1.399e-12 -3.2154e-12 -5.4807e-13 -4.0709e-12 -2.0574e-12 2.7501e-13 -4.7726e-13 4.3804e-12 4.1466e-13 -1.0434e-12 -7.7872e-13 -1.2207e-12 -1.0565e-12 -5.6738e-12 1.9099e-13 -1.9709e-12 5.01e-13 1.2427e-12 2.1749e-12 -1.1155e-12 1.6124e-14 -2.8573e-12 4.3687e-13 -1.5724e-12 1.3955e-12 1.2055e-12 1.4766e-13 1.521e-12 1.4355e-12 -1.0022e-12 -4.1901e-13 7.1146e-13 -1.789e-12 5.6295e-13 -2.1453e-13 2.322e-13 2.5248e-13 1.0011e-12 4.0934e-13 8.7636e-13 7.2858e-13 1.4604e-14 1.2918e-13 3.3493e-13 7.3115e-14 9.6326e-14 -2.0538e-15 -3.5524e-15
2.653e-11 3.4392e-11 3.5657e-11 3.042e-11 2.6562e-11 2.0553e-11 3.3435e-11 2.3785e-11 3.0654e-11 1.6513e-11 2.8682e-11 2.2795e-11 2.3376e-11 2.4528e-11 2.0951e-11 1.0331e-11 2.0118e-11 2.3216e-11 1.1971e-11 1.7893e-11 9.0568e-12 1.1692e-11 1.3176e-11 9.1363e-12 1.1905e-11 1.1455e-11 7.4092e-12 5.3057e-12 2.4292e-11 1.1376e-11 1.2279e-11 9.1519e-12 6.5207e-12 3.2278e-12 3.957e-12 2.2586e-12 6.3339e-12 -6.2207e-13 1.06e-12 4.3595e-12 9.2019e-13 4.5502e-12 2.2814e-12 1.8233e-13 1.4176e-12 -3.2053e-12 9.7986e-13 -1.9353e-12 -2.0022e-12 2.1813e-12 -2.204e-12 1.2946e-12 2.4966e-12 4.1144e-12 1.3244e-12 -2.8688e-12 -1.6471e-12 -3.4199e-12 8.7709e-13 -1.5952e-12 -2.7683e-13 1.4339e-13 1.4239e-12 -2.9788e-12 1.9585e-12 -3.0891e-12 -5.5577e-13 1.111e-12 -6.3592e-14 1.8113e-12 1.0992e-12 -7.3806e-13 -5.1778e-13 4.803e-13 1.1513e-12 -7.3182e-13 9.3395e-13 -4.1624e-13 -1.5695e-12 4.3652e-13 -1.9939e-13 1.1455e-12 4.496e-13 -3.8438e-13 -2.4804e-13 6.7397e-14 4.0059e-13 4.2867e-14 3.7816e-14 -3.05e-15
3.6547e-11 4.0337e-11 4.3855e-11 3.9539e-11 3.1314e-11 2.5818e-11 3.9579e-11 2.8119e-11 3.182e-11 2.7759e-11 3.0292e-11 3.0667e-11 2.6676e-11 2.9037e-11 2.8873e-11 1.8539e-11 1.9559e-11 2.3379e-11 2.0385e-11 1.4498e-11 1.0682e-11 1.8207e-11 1.1837e-11 1.0485e-11 1.4664e-11 1.1842e-11 8.1372e-12 1.5974e-11 1.1376e-11 2.7011e-11 1.4817e-11 9.763e-12 3.1337e-12 7.7268e-12 6.8259e-12 1.6874e-12 6.6979e-13 5.3868e-12 6.1139e-12 1.2983e-12 9.4771e-13 1.0426e-11 -2.6597e-12 -3.0074e-13 1.0772e-12 -8.0884e-13 -7.6341e-13 -1.3084e-12 -6.574e-13 -2.578e-13 1.3206e-12 1.4456e-12 -3.2151e-12 7.1647e-13 1.7699e-12 -4.1865e-12 -2.6976e-12 -2.7278e-12 1.5266e-12 1.5839e-12 -1.0232e-12 -1.8521e-12 -1.0432e-12 -3.5428e-12 2.0435e-12 -2.396e-12 2.0221e-14 -2.3327e-13 1.758e-12 1.0434e-12 2.2572e-12 -1.4557e-13 6.2806e-13 1.1651e-12 2.695e-13 -1.2388e-13 5.3976e-13 -1.7397e-12 -1.1866e-12 2.0244e-12 -8.4182e-13 1.3611e-12 4.5593e-13 1.677e-13 1.5555e-13 8.9512e-14 1.2495e-13 5.9796e-14 2.991e-14 -3.4934e-15
3.2025e-11 3.9368e-11 3.9755e-11 3.1747e-11 2.9027e-11 1.7657e-11 3.4191e-11 2.1579e-11 2.7164e-11 1.9668e-11 2.8168e-11 1.9355e-11 2.3481e-11 2.3365e-11 2.9193e-11 1.9241e-11 2.1733e-11 1.7664e-11 1.2138e-11 1.4828e-11 1.2007e-11 1.7029e-11 9.4556e-12 9.2794e-12 1.2468e-11 1.1911e-11 7.2512e-12 5.7758e-12 1.2279e-11 1.4817e-11 2.9709e-11 9.9525e-12 5.8233e-12 7.1298e-12 4.4052e-12 3.271e-12 2.7519e-12 2.9945e-12 8.5421e-13 1.4623e-12 2.0166e-12 6.2834e-12 3.9462e-12 1.8783e-12 7.1274e-13 -3.2477e-12 1.439e-12 -8.6993e-14 -3.4552e-13 -2.2154e-12 -4.7594e-13 2.1989e-12 -3.2317e-12 3.4197e-12 -1.1551e-13 -1.2106e-12 -4.872e-12 -9.4291e-13 -7.8071e-13 -8.4683e-13 2.2287e-13 -4.6072e-13 -9.037e-13 -4.4308e-12 1.1932e-12 -2.889e-12 1.9711e-13 -1.0414e-12 1.1942e-12 1.6342e-12 6.9403e-13 2.8424e-12 -1.3528e-13 1.0924e-12 9.8736e-13 5.8074e-13 -9.7676e-13 -1.3944e-12 -5.6383e-13 3.6911e-13 -2.1281e-13 1.5871e-12 5.1793e-13 -1.9189e-14 -1.2114e-13 -2.1138e-13 3.534e-13 -1.166e-14 8.0344e-14 -1.3128e-14
3.1259e-11 3.8975e-11 3.4552e-11 2.9249e-11 2.7187e-11 2.0771e-11 3.3341e-11 1.8722e-11 3.6592e-11 2.2428e-11 3.007e-11 2.6832e-11 1.8269e-11 2.4283e-11 2.1223e-11 1.37e-11 1.5993e-11 2.0372e-11 1.511e-11 1.7215e-11 1.3295e-11 2.0986e-11 1.1466e-11 8.7039e-12 1.1995e-11 1.032e-11 5.0356e-12 7.5343e-12 9.1519e-12 9.763e-12 9.9525e-12 1.8256e-11 3.4855e-12 6.156e-12 7.2592e-12 2.9178e-12 2.0599e-12 3.7559e-12 2.4229e-12 3.0517e-12 2.8629e-12 1.0307e-12 -1.2286e-12 1.6584e-12 2.6212e-12 -5.1278e-12 9.4252e-13 2.227e-12 9.3367e-14 -7.1584e-13 -1.7694e-12 -1.9388e-12 3.3332e-12 -1.0282e-12 1.0482e-12 -3.9553e-12 -1.3281e-12 -4.5503e-12 1.262e-12 -2.5383e-12 2.4104e-12 4.7423e-13 -1.8508e-13 -1.5791e-12 6.5722e-13 -1.6119e-12 6.0677e-14 -1.6339e-13 2.468e-12 7.0524e-13 -7.0803e-13 1.2218e-12 5.5874e-13 4.5513e-13 1.2913e-12 1.358e-12 -1.3755e-13 -6.6573e-13 2.7555e-13 4.8988e-13 -8.8083e-14 3.3248e-13 2.0307e-13 7.1999e-13 7.7709e-14 1.4174e-13 3.1555e-14 1.0027e-13 1.1258e-14 -1.6123e-15
2.0618e-11 1.7718e-11 2.2709e-11 1.6453e-11 2.0352e-11 1.2674e-11 1.8347e-11 1.3303e-11 2.3335e-11 1.0699e-11 1.3104e-11 9.6809e-12 1.4347e-11 1.7829e-11 1.1318e-11 8.7208e-12 9.1287e-12 1.3463e-11 7.6386e-12 5.4031e-12 7.6558e-12 7.8896e-12 8.0711e-12 4.8602e-12 1.2635e-11 9.3803e-12 3.661e-12 4.1759e-12 6.5207e-12 3.1337e-12 5.8233e-12 3.4855e-12 1.6016e-11 1.1973e-13 -1.1745e-12 8.0746e-13 4.073e-12 1.892e-12 6.7942e-13 1.9448e-12 -1.6757e-12 4.6619e-12 1.8903e-12 -1.7128e-12 1.4822e-12 -4.6804e-12 9.8369e-13 -9.6112e-13 2.3566e-12 2.6948e-12 -5.8113e-13 -1.2589e-12 2.0635e-12 1.479e-12 3.1464e-13 -3.092e-12 9.2836e-13 -2.0853e-12 -1.4318e-12 1.382e-13 -4.6184e-13 -1.9594e-12 1.1629e-12 -1.008e-12 -8.3234e-13 -2.148e-12 1.675e-12 -4.9358e-13 1.1151e-12 8.1598e-13 -2.4592e-12 4.0575e-14 -9.3222e-13 6.295e-13 -4.9743e-13 3.8472e-13 -4.206e-13 7.3259e-14 -8.6214e-13 -1.0107e-12 -7.1576e-13 1.4278e-13 4.8835e-13 -5.5016e-14 -5.282e-13 -5.9759e-13 7.427e-14 -2.5936e-14 3.028e-15 5.563e-15
2.0999e-11 2.1304e-11 2.0543e-11 2.1865e-11 1.6868e-11 1.4921e-11 1.592e-11 1.9293e-11 1.6831e-11 1.5494e-11 1.6748e-11 1.5689e-11 1.1273e-11 1.6396e-11 9.8199e-12 1.039e-11 9.8998e-12 1.3652e-11 5.6841e-12 7.5095e-12 3.9164e-12 1.1184e-11 9.1883e-12 9.776e-12 6.4436e-12 8.4659e-12 -3.7021e-12 6.4451e-12 3.2278e-12 7.7268e-12 7.1298e-12 6.156e-12 1.1973e-13 2.1598e-11 -1.5391e-12 3.1859e-13 -1.0182e-12 9.637e-13 2.4903e-12 2.5747e-12 3.0306e-13 2.998e-12 -1.9681e-12 -1.2982e-12 -5.8511e-14 -1.2512e-12 1.4678e-12 7.3662e-13 -1.6645e-13 2.1349e-13 1.4016e-12 4.9391e-15 -2.338e-13 -3.5288e-13 -4.1287e-13 -3.6982e-12 3.9826e-13 -1.0381e-12 9.0393e-13 -1.7544e-12 -5.8344e-13 1.1568e-12 3.2386e-13 -2.814e-12 -2.5045e-13 -3.2785e-13 1.0116e-12 -1.4217e-12 -2.7939e-13 4.6783e-13 9.3492e-13 -1.091e-13 -1.7126e-13 8.9455e-13 3.5806e-13 -1.3592e-14 -1.7628e-14 8.0432e-14 1.6529e-13 9.5969e-13 -5.2411e-13 8.9795e-14 -1.668e-13 1.4035e-13 3.6329e-13 1.7621e-13 -5.7639e-14 8.1219e-15 3.6156e-14 -1.9204e-16
1.4944e-11 1.2671e-11 1.3312e-11 1.0329e-11 1.0884e-11 9.4201e-12 1.6433e-11 4.509e-12 1.4226e-11 1.2001e-11 9.9627e-12 1.4215e-11 9.8314e-12 9.9576e-12 1.1814e-11 5.3912e-12 9.965e-12 1.0264e-12 5.1821e-12 1.1453e-11 4.3681e-12 7.1034e-12 5.6089e-12 3.3673e-12 7.2107e-12 4.1817e-12 4.4641e-12 2.3622e-12 3.957e-12 6.8259e-12 4.4052e-12 7.2592e-12 -1.1745e-12 -1.5391e-12 1.8017e-11 2.645e-13 2.1082e-12 1.3903e-12 2.3418e-12 -9.4718e-14 4.1575e-13 2.1017e-12 1.2945e-12 2.7873e-12 3.1649e-12 -5.2067e-13 6.8573e-13 1.9568e-14 -1.509e-12 5.8222e-13 -2.237e-12 -7.7327e-13 8.7357e-13 1.3643e-12 -3.9427e-13 -5.797e-13 -2.0133e-12 -4.2164e-13 4.775e-13 2.0741e-12 -3.6798e-13 -2.0011e-12 6.5447e-13 -1.2367e-13 1.285e-12 -8.2472e-13 6.089e-13 1.9856e-12 1.8662e-12 -7.9221e-13 2.3127e-12 5.565e-13 2.395e-13 1.0364e-12 9.7272e-13 5.1257e-13 9.2033e-14 -6.2277e-13 -2.6727e-12 1.1031e-12 -8.7048e-13 4.1693e-14 -4.18e-14 2.79e-13 1.159e-13 -1.1211e-13 -4.72e-14 1.2586e-13 1.1928e-14 -7.3278e-15
1.1459e-11 1.4118e-11 1.3221e-11 1.7693e-11 1.4383e-11 7.1598e-12 1.4146e-11 1.0605e-11 1.5441e-11 6.811e-13 1.3771e-11 8.884e-12 1.119e-11 1.0544e-11 7.2611e-12 7.8897e-12 4.7273e-12 8.8123e-12 7.5451e-12 7.9991e-12 5.2968e-12 1.0855e-11 6.4136e-12 4.1932e-12 1.0207e-11 7.6968e-12 4.8775e-12 5.4213e-12 2.2586e-12 1.6874e-12 3.271e-12 2.9178e-12 8.0746e-13 3.1859e-13 2.645e-13 1.4327e-11 2.0689e-12 4.4361e-13 -3.4534e-12 2.1894e-12 3.4122e-12 1.8115e-12 2.6162e-12 -3.2148e-12 -1.8741e-13 -2.6075e-12 -4.9296e-12 5.4963e-13 -1.7742e-12 1.1454e-12 -3.6547e-12 -6.202e-13 -3.1751e-12 -1.5084e-12 -4.4198e-13 1.5884e-13 -2.7673e-12 4.3066e-13 -1.1051e-12 -3.3801e-13 -1.0764e-12 -1.0116e-12 -1.7873e-12 2.8882e-12 6.0886e-13 5.4124e-13 6.3105e-13 1.5994e-12 -3.5573e-13 -7.2454e-13 3.7147e-14 1.6974e-12 -1.3831e-13 -1.8775e-13 -9.51e-13 9.726e-13 -2.0344e-13 7.1929e-13 5.6614e-13 1.434e-12 1.2663e-15 1.3126e-14 -3.0995e-13 -2.3378e-13 1.0025e-13 -1.7433e-13 5.9712e-14 -1.6611e-15 2.1059e-14 -9.305e-15
1.2858e-11 6.7741e-12 1.3893e-11 1.102e-11 1.0421e-11 7.1255e-12 1.6105e-11 6.6339e-12 1.7029e-11 8.4494e-12 1.0911e-11 9.1781e-12 7.8757e-12 8.1623e-12 6.9203e-12 2.6974e-12 6.1547e-12 7.0988e-12 4.0428e-12 4.3024e-12 4.4232e-12 8.0856e-13 8.2879e-12 4.1095e-12 7.7164e-12 6.0159e-12 4.5307e-12 1.3145e-12 6.3339e-12 6.6979e-13 2.7519e-12 2.0599e-12 4.073e-12 -1.0182e-12 2.1082e-12 2.0689e-12 1.4192e-11 3.2062e-13 -4.3257e-12 4.5056e-12 6.0633e-13 5.5597e-13 1.619e-12 1.8465e-13 7.7087e-14 -1.4644e-12 9.2685e-13 -1.0356e-12 -5.3245e-13 9.0762e-13 -5.6843e-13 2.752e-12 3.3712e-12 2.9344e-12 -6.1434e-13 -5.5804e-13 -9.9426e-13 -3.4889e-13 8.6179e-13 -2.8072e-12 8.8062e-13 -1.5625e-12 -7.3412e-13 7.6766e-13 -1.3368e-12 -3.1147e-13 -9.6293e-13 -1.5057e-12 7.872e-14 3.5416e-13 4.9297e-13 1.8926e-12 -4.3085e-13 7.4583e-13 3.6509e-13 8.0689e-13 2.1523e-12 -8.0655e-14 4.7007e-13 7.5755e-14 -4.6236e-13 6.5146e-14 9.5366e-13 -4.6421e-13 -1.1723e-13 -3.0457e-13 1.0451e-13 1.7346e-14 -2.7005e-14 2.7157e-15
9.151e-12 7.9423e-12 1.0546e-11 9.9711e-12 6.9319e-12 3.9921e-12 8.4307e-12 3.5598e-12 8.9232e-12 6.9626e-12 6.3999e-12 2.5547e-12 3.8078e-12 1.0073e-11 6.4044e-12 6.2941e-12 4.8667e-12 3.2047e-12 1.4934e-12 8.0208e-13 4.6975e-12 1.0599e-13 3.711e-12 6.1101e-12 4.4633e-12 1.4279e-12 3.0838e-13 2.003e-12 -6.2207e-13 5.3868e-12 2.9945e-12 3.7559e-12 1.892e-12 9.637e-13 1.3903e-12 4.4361e-13 3.2062e-13 1.09e-11 1.6443e-12 1.1535e-12 1.7324e-12 1.938e-12 -1.0978e-12 1.4015e-12 9.8183e-13 3.7445e-13 -1.1914e-13 8.2303e-14 2.0933e-12 7.4998e-13 1.5279e-12 -5.635e-13 -1.1574e-12 -5.9832e-13 2.6006e-12 -1.8914e-12 3.1565e-13 -1.3731e-12 -1.161e-13 -6.9282e-13 9.4576e-13 -2.1096e-12 -2.5493e-12 1.2225e-13 1.6043e-12 7.3188e-13 -8.701e-13 -1.1545e-12 7.6651e-13 8.9513e-13 6.2289e-13 5.3338e-14 -6.0122e-13 8.7165e-13 7.8233e-13 4.8183e-13 9.5916e-13 -4.1708e-13 1.3074e-12 -7.7932e-14 -7.326e-14 -1.1071e-13 -2.2594e-13 4.9628e-13 5.8525e-14 -4.8113e-13 6.6365e-14 -4.333e-14 -4.4682e-15 2.6818e-15
1.3925e-11 6.4116e-12 1.0531e-11 4.358e-12 4.8429e-12 8.6881e-12 2.6019e-12 4.3497e-12 9.0849e-13 8.783e-12 5.0411e-12 5.2878e-12 1.229e-12 4.9394e-12 7.9384e-12 4.2416e-12 4.642e-12 4.5215e-12 4.0243e-12 3.0839e-12 1.6257e-12 4.2991e-12 3.8136e-12 2.1369e-12 2.969e-12 1.7956e-12 2.7465e-12 3.8718e-12 1.06e-12 6.1139e-12 8.5421e-13 2.4229e-12 6.7942e-13 2.4903e-12 2.3418e-12 -3.4534e-12 -4.3257e-12 1.6443e-12 1.4532e-11 -1.9386e-12 2.3978e-12 3.2098e-12 -2.5926e-12 -2.5502e-12 9.8595e-13 1.8418e-12 4.8005e-12 -4.5816e-13 -1.0892e-12 3.106e-12 2.1973e-13 -1.2667e-12 5.2569e-13 2.823e-12 -1.1466e-12 -1.3843e-12 -1.1371e-12 -2.0294e-12 -1.8605e-12 2.4622e-12 9.502e-13 -5.8261e-13 6.1764e-13 -1.4773e-12 2.1285e-12 -3.1844e-13 1.4468e-12 7.2673e-13 1.2482e-12 -2.2426e-13 1.558e-12 -6.1264e-13 -9.1558e-13 8.4021e-13 6.5418e-13 -1.1082e-12 5.4856e-13 -1.5796e-12 -6.8348e-13 6.3153e-13 -2.3903e-13 4.3249e-13 -5.9141e-13 2.2236e-14 1.3512e-13 -5.1668e-14 5.3918e-14 6.8117e-14 1.5462e-15 1.0083e-14
