7.815e-11 5.8426e-11 6.0457e-11 6.1716e-11 5.2571e-11 5.6031e-11 7.0929e-11 5.9036e-11 6.2393e-11 5.1778e-11 6.7202e-11 6.9609e-11 5.851e-11 5.6028e-11 6.4047e-11 5.7082e-11 5.9057e-11 6.849e-11 5.584e-11 6.5338e-11 4.7016e-11 5.4159e-11 6.279e-11 6.5906e-11 5.5014e-11 4.6588e-11 5.3244e-11 6.722e-11 5.5493e-11 6.2953e-11 5.6984e-11 4.6118e-11 4.1925e-11 5.6837e-11 4.4175e-11 3.1283e-11 4.8407e-11 3.3041e-11 2.8375e-11 3.8885e-11 3.5711e-11 3.1666e-11 2.4709e-11 2.4506e-11 3.403e-11 2.6791e-11 1.8396e-11 2.9361e-11 3.0468e-11 1.744e-11 2.5981e-11 2.1315e-11 1.8697e-11 1.8414e-11 8.13e-12 2.0753e-11 1.7205e-11 1.9114e-11 1.5251e-11 2.4174e-11 1.0084e-11 1.4759e-11 1.0196e-11 1.6923e-11 1.1856e-11 6.4649e-12 9.8587e-12 1.1247e-11 7.7574e-12 1.0959e-11 1.0026e-11 8.3701e-12 3.9189e-12 4.7198e-12 2.9495e-12 -3.8719e-13 9.4253e-12 3.5747e-12 5.7632e-12 5.1146e-12 6.7318e-12 5.6102e-12 6.1252e-12 2.1871e-12 1.362e-12 8.7907e-12 4.0871e-12 6.5634e-12 2.2431e-12 2.4204e-12 -5.6737e-13 3.4834e-12 1.8473e-12 4.9233e-13 1.7195e-12 9.0224e-13 -9.0818e-13 2.2831e-12 -1.6339e-13 1.041e-13 8.4843e-12 1.0933e-12 8.5646e-13 1.8746e-12 -1.6086e-12 2.815e-12 4.5911e-12 2.8129e-13 -9.6334e-14 3.036e-12 -3.7138e-12 -2.0246e-12 2.6627e-13 -1.4585e-12 -2.6622e-12 3.1223e-12 -1.3264e-12 1.9637e-12 -1.0943e-12 -8.6236e-13 3.6658e-12 2.3633e-12 2.0528e-12 9.388e-13 -6.7281e-15 -7.3715e-13 2.2742e-12 -1.7215e-13 4.0905e-13 6.9139e-13 5.6357e-13 1.431e-13 -2.4734e-13 2.1552e-13 3.4007e-13 8.652e-14 -2.9487e-15
5.8426e-11 5.4525e-11 4.9104e-11 4.9906e-11 3.9875e-11 4.6955e-11 5.6394e-11 4.8898e-11 5.0302e-11 4.0938e-11 5.5852e-11 5.8802e-11 4.7206e-11 4.3706e-11 5.33e-11 4.7257e-11 4.7853e-11 5.4188e-11 4.7652e-11 5.1325e-11 3.9198e-11 4.7205e-11 5.2244e-11 5.329e-11 4.4456e-11 4.0653e-11 4.317e-11 5.3796e-11 4.6708e-11 4.9776e-11 4.7031e-11 3.9356e-11 2.995e-11 4.5604e-11 3.8238e-11 2.9903e-11 4.1237e-11 3.0605e-11 2.2748e-11 2.9514e-11 3.0596e-11 2.4212e-11 2.2549e-11 2.1163e-11 2.895e-11 2.2181e-11 1.2853e-11 2.4611e-11 2.7324e-11 1.6278e-11 2.5276e-11 1.72e-11 1.6635e-11 1.4305e-11 6.007e-12 1.8865e-11 1.0597e-11 1.4728e-11 1.3231e-11 1.7127e-11 6.0962e-12 1.2591e-11 8.8118e-12 1.1699e-11 9.9394e-12 4.835e-12 7.4983e-12 1.054e-11 8.0635e-12 6.5781e-12 1.0461e-11 4.6339e-12 1.02e-12 3.7706e-12 1.9963e-12 2.0979e-12 8.3618e-12 1.4485e-12 2.2857e-12 5.0091e-12 3.6621e-12 7.6407e-12 5.8387e-12 4.6988e-12 1.5652e-13 3.1328e-12 1.197e-12 6.2031e-12 1.4177e-12 1.0841e-13 -4.7017e-13 2.4914e-12 1.6402e-13 -4.3782e-13 2.0844e-13 1.3061e-12 -1.4045e-12 3.8403e-13 -4.5822e-13 2.4453e-12 9.0864e-12 1.3317e-12 -9.4006e-13 3.0219e-12 -1.2463e-12 4.1107e-12 2.3274e-12 -5.2459e-13 1.1529e-12 8.5636e-13 -2.9388e-12 -1.0764e-12 -5.3383e-13 -1.0706e-12 -2.51e-12 2.6101e-12 -1.2529e-12 1.5023e-13 -2.8466e-12 -1.6067e-12 3.7201e-12 2.0343e-12 1.7495e-12 6.9053e-13 6.7389e-13 -9.2973e-15 2.321e-12 1.8091e-13 1.2934e-13 9.6186e-13 4.0182e-13 3.2132e-15 -2.1318e-13 9.972e-14 2.089e-13 9.3422e-14 -5.7957e-15
6.0457e-11 4.9104e-11 6.1897e-11 5.2778e-11 4.7206e-11 5.0797e-11 6.2951e-11 5.2201e-11 5.553e-11 4.2243e-11 5.8354e-11 6.0376e-11 5.0631e-11 4.6262e-11 5.7582e-11 4.6573e-11 5.1754e-11 6.4034e-11 5.1079e-11 5.3926e-11 3.9251e-11 5.3125e-11 5.4371e-11 5.7921e-11 4.9274e-11 4.1663e-11 4.4302e-11 5.9366e-11 5.1036e-11 5.189e-11 5.0998e-11 3.7122e-11 3.3119e-11 5.1084e-11 3.5077e-11 3.1101e-11 4.249e-11 3.1813e-11 2.5092e-11 3.1068e-11 2.6811e-11 2.7119e-11 2.3661e-11 2.3374e-11 2.7777e-11 2.3995e-11 1.7093e-11 2.5232e-11 2.8539e-11 1.5388e-11 2.4458e-11 2.0023e-11 1.758e-11 1.4866e-11 7.2982e-12 1.6237e-11 1.5013e-11 1.395e-11 1.6826e-11 1.8757e-11 7.4364e-12 1.146e-11 7.3525e-12 1.3303e-11 6.9603e-12 8.0535e-12 1.0331e-11 9.9599e-12 4.668e-12 1.1667e-11 8.7054e-12 3.6544e-12 1.4379e-12 5.2155e-12 -1.727e-12 -4.9569e-13 7.7e-12 4.8033e-12 7.2664e-12 5.694e-12 3.8229e-12 2.6787e-12 3.0155e-12 3.9429e-12 1.6042e-12 7.317e-12 5.9996e-12 8.6823e-12 2.1724e-12 3.6207e-12 -9.1344e-13 2.8453e-12 1.5508e-12 -1.2421e-12 6.8959e-14 2.5509e-12 -6.3217e-14 1.6132e-12 -1.7421e-13 2.8049e-12 8.0422e-12 -5.5306e-13 -7.9487e-13 3.5358e-12 -1.4198e-12 4.2867e-12 3.7486e-12 -7.8307e-13 1.2757e-12 1.178e-12 -3.2919e-12 -1.9698e-12 -2.4855e-13 -2.022e-12 -2.9854e-12 3.0969e-12 -1.1266e-12 1.3133e-12 -2.6247e-12 4.156e-13 3.3122e-12 3.4599e-12 1.3224e-12 7.2452e-13 6.1656e-13 -1.1988e-12 1.8399e-12 -1.7389e-13 6.8434e-13 7.6191e-13 6.3317e-13 2.3058e-13 -2.7717e-13 -2.0863e-15 8.785e-14 1.3792e-13 6.9772e-15
6.1716e-11 4.9906e-11 5.2778e-11 6.1061e-11 4.6371e-11 4.9678e-11 6.5595e-11 5.3142e-11 5.7287e-11 4.2174e-11 6.0031e-11 5.8395e-11 5.0429e-11 4.7249e-11 6.0101e-11 5.1259e-11 5.0446e-11 6.1047e-11 4.9546e-11 5.396e-11 4.0537e-11 5.2551e-11 5.7923e-11 5.7761e-11 4.7174e-11 3.9832e-11 4.8155e-11 5.8075e-11 5.1259e-11 5.3026e-11 5.0307e-11 4.0827e-11 3.4387e-11 4.9909e-11 3.8354e-11 2.8041e-11 4.0445e-11 3.0913e-11 2.0829e-11 3.4539e-11 2.9081e-11 2.8099e-11 2.4363e-11 2.1995e-11 2.8615e-11 2.3189e-11 1.5938e-11 2.5001e-11 2.7641e-11 1.3e-11 2.294e-11 1.8078e-11 1.5556e-11 1.4652e-11 8.3864e-12 1.6703e-11 1.2662e-11 1.607e-11 1.4179e-11 2.043e-11 1.0276e-11 9.0998e-12 1.0137e-11 1.0661e-11 8.5052e-12 6.6637e-12 8.5224e-12 7.6225e-12 5.566e-12 1.3097e-11 9.2896e-12 4.7438e-12 9.1834e-13 4.0522e-12 2.2584e-12 -5.1362e-14 8.4945e-12 5.0288e-12 6.4788e-12 3.9543e-12 4.6702e-12 4.5871e-12 4.0483e-12 4.6904e-12 2.2921e-12 6.9113e-12 3.9173e-12 7.7526e-12 3.2161e-12 2.988e-12 -9.3486e-13 2.2976e-12 1.8459e-12 -1.1211e-12 6.2116e-13 4.8201e-13 -1.237e-13 1.945e-12 1.0829e-12 1.6454e-12 8.3446e-12 5.8146e-13 -2.3265e-12 2.0431e-12 -8.4266e-13 4.0337e-12 3.4198e-12 3.449e-13 -2.3848e-14 2.1621e-12 -2.8004e-12 -1.4437e-12 3.0779e-13 -2.3888e-12 -2.4214e-12 2.5261e-12 -1.4584e-12 1.1339e-12 -2.5842e-12 -1.025e-12 4.9255e-12 2.4554e-12 1.7126e-12 9.3347e-13 4.6639e-13 -9.1582e-13 1.8053e-12 3.867e-14 1.3053e-13 4.9003e-13 2.7551e-13 1.0513e-13 8.1332e-14 1.638e-13 1.6982e-13 1.1561e-13 -1.9341e-14
5.2571e-11 3.9875e-11 4.7206e-11 4.6371e-11 4.795e-11 4.0913e-11 5.6015e-11 4.5629e-11 4.9249e-11 3.8313e-11 5.1059e-11 5.0266e-11 4.3904e-11 3.7717e-11 5.0623e-11 3.9839e-11 4.455e-11 5.1998e-11 4.2155e-11 4.7707e-11 3.4283e-11 4.2809e-11 4.4339e-11 4.8842e-11 3.9259e-11 3.361e-11 4.1476e-11 4.9272e-11 4.2631e-11 4.6763e-11 4.283e-11 3.4615e-11 2.975e-11 3.9612e-11 3.031e-11 2.4385e-11 3.6363e-11 2.5735e-11 1.9489e-11 2.8434e-11 2.7145e-11 2.3886e-11 1.8969e-11 1.9959e-11 2.7266e-11 1.8824e-11 1.5888e-11 2.1165e-11 2.1439e-11 1.002e-11 1.9413e-11 1.4802e-11 1.3977e-11 1.4604e-11 7.4335e-12 1.5462e-11 1.2262e-11 1.0494e-11 1.2314e-11 1.6064e-11 1.0507e-11 7.7053e-12 9.6093e-12 1.0624e-11 6.6723e-12 6.2072e-12 1.1337e-11 8.9416e-12 3.6875e-12 1.0637e-11 7.7185e-12 4.1397e-12 6.4644e-13 1.1322e-12 9.1126e-13 -6.6993e-13 6.0064e-12 3.3415e-12 5.2009e-12 5.0077e-12 5.0285e-12 2.6521e-12 1.1654e-12 2.7952e-12 4.0399e-13 6.9518e-12 5.2206e-12 6.7297e-12 -7.3643e-14 6.1818e-12 -2.2134e-12 9.2382e-13 9.4852e-13 -9.2827e-13 1.8354e-13 -2.8966e-13 -6.2322e-13 1.1514e-12 -1.345e-12 8.431e-13 6.9223e-12 -8.2513e-14 -1.2786e-12 2.6115e-12 -9.756e-14 3.2979e-12 2.735e-12 -8.9386e-13 1.5522e-12 9.527e-13 -2.1265e-12 -7.5103e-13 -1.5401e-12 -1.3959e-12 -2.2398e-12 1.7768e-12 -3.789e-13 2.0876e-12 -1.0158e-12 -6.1437e-13 3.1906e-12 2.4274e-12 1.0932e-12 1.0179e-12 5.0289e-13 -1.5107e-12 1.2872e-12 -3.2183e-13 8.6821e-13 5.2269e-13 3.1605e-13 -1.6526e-13 -4.5498e-14 1.211e-13 1.7118e-13 4.1941e-14 4.2568e-15
5.6031e-11 4.6955e-11 5.0797e-11 4.9678e-11 4.0913e-11 5.562e-11 5.7356e-11 4.8169e-11 5.2287e-11 3.8808e-11 5.5101e-11 5.5862e-11 4.7527e-11 4.575e-11 5.5261e-11 4.3988e-11 4.8734e-11 5.6569e-11 4.9408e-11 5.2205e-11 3.8231e-11 4.9824e-11 5.1678e-11 5.0699e-11 4.6145e-11 3.6687e-11 3.9436e-11 5.0068e-11 4.4701e-11 4.8463e-11 4.6439e-11 3.8024e-11 3.3196e-11 4.9691e-11 3.5076e-11 2.6121e-11 3.7486e-11 3.0564e-11 1.9806e-11 2.9747e-11 2.7052e-11 2.5735e-11 2.1883e-11 2.0035e-11 2.7746e-11 2.0669e-11 1.5246e-11 2.585e-11 2.638e-11 1.5226e-11 2.4146e-11 1.6048e-11 1.3958e-11 1.3422e-11 8.0332e-12 1.5229e-11 1.3823e-11 1.0978e-11 1.4103e-11 1.79e-11 5.4664e-12 9.1096e-12 9.6149e-12 1.0376e-11 6.4104e-12 4.296e-12 7.2148e-12 7.1071e-12 5.0468e-12 8.7876e-12 8.0761e-12 3.0231e-12 4.1835e-12 4.1381e-12 -4.5155e-13 1.112e-12 6.0958e-12 4.3717e-12 4.4809e-12 5.3595e-12 4.1908e-12 3.8301e-12 4.533e-12 3.7738e-12 -6.3279e-13 5.57e-12 3.6121e-12 8.7688e-12 1.9016e-12 5.4161e-13 -1.8339e-14 1.9711e-12 -3.7496e-13 7.3477e-14 1.8538e-13 9.7328e-13 -6.1627e-13 1.1486e-12 2.9169e-13 2.5701e-12 9.5107e-12 1.1446e-12 1.3816e-12 5.3878e-12 -2.6603e-12 4.0362e-12 4.2353e-12 -4.9677e-13 3.2393e-13 1.4833e-12 -2.6593e-12 -1.3067e-12 -3.1536e-13 -3.8607e-13 -1.9403e-12 3.768e-12 -1.3751e-12 -5.419e-14 -2.5337e-12 1.7425e-12 3.3268e-12 2.8433e-12 1.1319e-12 3.7062e-13 4.834e-14 -2.7235e-13 1.9909e-12 -3.751e-13 5.8985e-13 7.3574e-13 3.6057e-13 1.2286e-13 -6.7646e-14 2.4061e-13 2.3751e-13 1.5645e-13 1.8876e-14
7.0929e-11 5.6394e-11 6.2951e-11 6.5595e-11 5.6015e-11 5.7356e-11 8.3851e-11 6.1618e-11 6.4747e-11 4.7176e-11 7.0175e-11 6.9419e-11 6.0675e-11 5.5338e-11 7.0309e-11 5.8099e-11 6.0085e-11 7.2623e-11 5.7483e-11 6.5977e-11 4.6224e-11 5.9576e-11 6.2347e-11 6.6853e-11 5.7458e-11 4.6998e-11 5.3371e-11 6.4999e-11 6.0692e-11 6.1261e-11 6.0683e-11 4.7017e-11 4.0969e-11 5.5199e-11 4.1912e-11 3.3552e-11 5.0262e-11 3.7525e-11 2.8468e-11 3.5339e-11 3.3074e-11 2.9982e-11 2.6758e-11 2.5684e-11 3.3735e-11 2.5813e-11 2.0521e-11 2.9421e-11 3.1899e-11 1.4967e-11 2.7006e-11 1.967e-11 1.8683e-11 1.8103e-11 1.0518e-11 2.2787e-11 1.6754e-11 1.8833e-11 1.4015e-11 2.4139e-11 1.2209e-11 1.4743e-11 1.2952e-11 1.0769e-11 1.0689e-11 9.6904e-12 1.1386e-11 8.1049e-12 6.9551e-12 1.6281e-11 1.1686e-11 6.5883e-12 2.582e-12 3.7882e-12 3.3787e-12 -2.3506e-12 9.2159e-12 4.4655e-12 8.3704e-12 4.5179e-12 7.23e-12 3.0114e-12 1.6899e-12 6.2878e-12 1.9422e-12 1.067e-11 6.9803e-12 8.9198e-12 3.519e-12 5.1367e-12 -3.072e-13 1.7068e-12 3.3942e-12 -3.5008e-13 -1.1149e-12 1.785e-13 -7.5823e-13 2.2408e-12 -2.3612e-13 3.6251e-12 1.1957e-11 -6.6028e-13 -1.6417e-12 3.2863e-12 -6.439e-13 3.039e-12 5.1386e-12 5.5228e-13 7.4532e-13 1.1432e-12 -3.3186e-12 -2.0329e-12 -1.2347e-12 -1.2035e-12 -3.5006e-12 3.1166e-12 -2.1934e-12 1.9239e-12 -2.0041e-12 -9.9668e-16 5.1378e-12 3.2206e-12 2.2062e-12 9.648e-13 1.0074e-13 -9.7545e-13 1.8001e-12 4.6428e-14 5.3908e-13 4.487e-13 4.7151e-13 4.7598e-14 4.2606e-15 4.4859e-13 3.4721e-13 1.0802e-13 9.8776e-17
5.9036e-11 4.8898e-11 5.2201e-11 5.3142e-11 4.5629e-11 4.8169e-11 6.1618e-11 5.7567e-11 5.4437e-11 4.411e-11 5.7144e-11 5.879e-11 5.062e-11 4.6491e-11 5.5809e-11 4.8892e-11 4.9941e-11 5.9232e-11 4.7507e-11 5.1573e-11 4.104e-11 5.1116e-11 5.3886e-11 5.5534e-11 4.5159e-11 4.0818e-11 4.686e-11 5.5991e-11 4.9287e-11 5.37e-11 5.0217e-11 3.721e-11 3.3568e-11 4.5761e-11 4.0768e-11 3.1101e-11 3.9974e-11 3.1731e-11 2.2668e-11 3.3882e-11 2.9062e-11 2.719e-11 2.1789e-11 2.2454e-11 2.9003e-11 2.3676e-11 1.6605e-11 2.293e-11 2.7262e-11 1.5737e-11 2.1819e-11 1.7075e-11 1.5742e-11 1.4638e-11 9.3864e-12 1.756e-11 1.3368e-11 1.3853e-11 1.2865e-11 1.6967e-11 9.1184e-12 1.0103e-11 1.0093e-11 1.1518e-11 1.0612e-11 7.0174e-12 9.268e-12 8.5639e-12 7.741e-12 9.5551e-12 9.2151e-12 5.4784e-12 2.2885e-12 3.4551e-12 1.0484e-12 -9.2639e-13 6.015e-12 3.4601e-12 6.8972e-12 3.8975e-12 3.9378e-12 5.0505e-12 3.8945e-12 1.5725e-12 9.7566e-13 4.3976e-12 3.3468e-12 7.7708e-12 2.3302e-12 2.7529e-12 -1.8923e-12 1.8169e-12 1.3528e-12 -8.1901e-13 -3.8658e-13 -2.0806e-12 -1.0339e-12 1.2192e-12 7.3835e-13 2.866e-12 9.7373e-12 6.484e-13 -7.9358e-13 4.0541e-12 -1.0777e-12 3.0689e-12 3.3856e-12 9.4283e-14 5.044e-13 1.0836e-12 -2.6912e-12 -1.2813e-12 3.3522e-13 -8.6708e-13 -1.9566e-12 2.8104e-12 -1.0875e-12 1.6171e-12 -2.5542e-12 -1.075e-12 4.1482e-12 2.3107e-12 1.6171e-12 7.2733e-13 8.7775e-13 -9.8818e-13 2.3419e-12 3.68e-14 5.0522e-14 9.4146e-13 2.8886e-13 -1.3245e-13 -6.9261e-14 2.7293e-13 9.331e-14 1.1443e-13 -1.4328e-14
6.2393e-11 5.0302e-11 5.553e-11 5.7287e-11 4.9249e-11 5.2287e-11 6.4747e-11 5.4437e-11 6.9369e-11 4.5421e-11 5.9538e-11 6.0166e-11 5.3639e-11 4.5221e-11 5.6409e-11 4.8585e-11 5.4243e-11 6.1577e-11 5.0466e-11 5.8357e-11 4.2015e-11 5.1696e-11 5.51e-11 5.5675e-11 4.9063e-11 4.3314e-11 4.8027e-11 5.987e-11 5.0575e-11 5.6024e-11 5.1378e-11 4.0241e-11 3.6054e-11 4.8158e-11 4.2215e-11 3.0381e-11 4.3251e-11 3.2692e-11 2.2943e-11 3.5813e-11 3.3398e-11 2.7262e-11 2.7554e-11 2.1362e-11 3.2216e-11 2.3236e-11 1.7102e-11 2.7405e-11 2.7102e-11 1.1491e-11 2.6157e-11 2.0236e-11 1.7277e-11 2.0795e-11 9.3917e-12 1.9386e-11 1.192e-11 1.5558e-11 1.7562e-11 1.9227e-11 1.198e-11 9.8437e-12 1.2316e-11 1.5349e-11 9.7972e-12 4.3967e-12 6.5279e-12 1.0644e-11 8.2061e-12 8.9516e-12 6.5053e-12 5.3841e-12 -1.2529e-12 3.4501e-12 8.3325e-13 -1.1316e-12 8.5611e-12 6.793e-12 4.7109e-12 5.356e-12 4.8054e-12 6.0371e-12 2.7732e-12 5.3357e-12 -1.3071e-12 6.8171e-12 1.7608e-12 8.0902e-12 3.5175e-13 3.0967e-12 -9.5088e-13 3.1679e-12 1.1054e-12 -1.4735e-13 -1.2399e-12 5.7612e-13 -2.9968e-12 1.9995e-12 2.5393e-13 3.0874e-12 6.9808e-12 1.1731e-12 -1.1009e-12 3.0471e-12 -1.5723e-12 6.633e-12 5.346e-12 2.3739e-13 -1.4308e-13 1.1795e-12 -2.6898e-12 -6.507e-13 1.1755e-13 -3.0421e-12 -4.1023e-12 3.7988e-12 1.5613e-13 1.3399e-12 -2.4672e-12 -3.8153e-13 2.5108e-12 1.3485e-12 1.9344e-12 3.9082e-13 3.1195e-13 -1.5063e-12 1.8792e-12 -1.1105e-13 2.0528e-13 8.54e-13 4.6764e-13 2.8299e-13 -6.6099e-14 2.2909e-13 1.0324e-13 1.1206e-13 -2.2745e-14
5.1778e-11 4.0938e-11 4.2243e-11 4.2174e-11 3.8313e-11 3.8808e-11 4.7176e-11 4.411e-11 4.5421e-11 4.7311e-11 4.8532e-11 5.0137e-11 4.0935e-11 4.0219e-11 4.2688e-11 4.0665e-11 4.2931e-11 4.7989e-11 3.9778e-11 4.6042e-11 3.2641e-11 3.7392e-11 4.4861e-11 4.2096e-11 3.8779e-11 3.4902e-11 3.8939e-11 4.6365e-11 4.0396e-11 4.6476e-11 3.7358e-11 3.4147e-11 2.9611e-11 3.8656e-11 3.2551e-11 2.3242e-11 3.6172e-11 2.7907e-11 1.5605e-11 2.9052e-11 2.4068e-11 2.1007e-11 1.9569e-11 2.0419e-11 2.6593e-11 1.8906e-11 1.2988e-11 2.1128e-11 1.7728e-11 1.4914e-11 1.8566e-11 1.6885e-11 9.7035e-12 1.3974e-11 7.3089e-12 1.4474e-11 1.2878e-11 1.4577e-11 1.3126e-11 1.4881e-11 7.8231e-12 9.565e-12 6.0359e-12 1.3264e-11 7.9329e-12 5.7593e-12 8.2538e-12 7.568e-12 6.2909e-12 6.3954e-12 9.3945e-12 5.3974e-12 6.2578e-13 1.7922e-12 1.8686e-13 3.9802e-13 6.5206e-12 3.2738e-12 4.2179e-12 3.5789e-12 4.4461e-12 2.9841e-12 5.0893e-12 9.98e-13 1.6432e-12 2.9725e-12 2.7533e-12 4.6585e-12 -7.6329e-13 1.7559e-12 -7.8033e-13 2.6203e-12 1.4304e-12 9.7254e-13 -2.8207e-13 -1.2346e-12 -7.4267e-13 1.5624e-12 4.2259e-13 2.0651e-13 6.4668e-12 1.447e-12 1.003e-13 2.5082e-12 -4.8731e-13 4.0798e-12 3.1464e-12 -7.8647e-13 3.2396e-13 1.2007e-12 -1.6369e-12 4.8752e-13 -1.7244e-12 -8.3846e-13 -9.415e-13 2.7872e-12 -1.0949e-13 1.0496e-12 -1.2637e-12 -6.8557e-13 3.2438e-12 2.8104e-12 1.3288e-12 9.9946e-13 6.2805e-13 -9.6344e-13 2.309e-12 -3.3359e-13 6.1432e-14 6.0291e-13 1.9415e-13 -4.3743e-13 -2.0278e-13 1.8413e-13 3.2028e-13 9.46e-14 -4.1404e-14
6.7202e-11 5.5852e-11 5.8354e-11 6.0031e-11 5.1059e-11 5.5101e-11 7.0175e-11 5.7144e-11 5.9538e-11 4.8532e-11 7.396e-11 6.6111e-11 5.5742e-11 5.1751e-11 6.5653e-11 5.4949e-11 5.7249e-11 6.7729e-11 5.6019e-11 6.184e-11 4.0695e-11 5.4073e-11 6.1545e-11 6.0193e-11 5.3028e-11 4.5241e-11 5.14e-11 6.1382e-11 5.4688e-11 5.7306e-11 5.1023e-11 4.7416e-11 4.0965e-11 5.2171e-11 3.8725e-11 3.5356e-11 4.7925e-11 3.7134e-11 2.3094e-11 3.764e-11 3.3352e-11 2.9517e-11 2.7313e-11 2.5395e-11 3.2051e-11 2.441e-11 1.5071e-11 3.046e-11 2.9868e-11 1.6234e-11 2.6186e-11 1.8452e-11 1.7741e-11 1.6777e-11 7.0366e-12 1.9223e-11 1.6107e-11 1.6395e-11 1.533e-11 1.996e-11 6.9196e-12 1.5179e-11 1.192e-11 9.1643e-12 9.3751e-12 8.9996e-12 1.067e-11 9.9402e-12 4.3891e-12 1.3618e-11 1.1122e-11 5.5136e-12 2.1738e-12 3.0411e-12 2.6918e-12 3.963e-13 1.1022e-11 3.8299e-12 4.7986e-12 6.5363e-12 5.8799e-12 6.6961e-12 5.7509e-12 5.0142e-12 2.5073e-12 6.9408e-12 5.1045e-12 8.6756e-12 2.0882e-12 2.6018e-12 -2.2986e-12 3.0402e-12 2.4865e-12 6.8987e-13 -2.3754e-14 3.0693e-13 1.5049e-13 1.1896e-12 3.5953e-13 2.3023e-12 1.174e-11 2.959e-12 2.0435e-13 4.3578e-12 -1.1503e-12 4.634e-12 3.7234e-12 -4.7372e-13 9.8281e-13 7.4868e-13 -4.3235e-12 -2.2356e-12 -1.7903e-12 -7.5661e-13 -2.6481e-12 2.9977e-12 -2.1955e-12 3.1339e-13 -3.2866e-12 -4.8174e-13 3.9727e-12 3.5369e-12 2.0275e-12 8.7863e-13 6.1544e-13 -2.1267e-13 1.8204e-12 -1.1297e-13 2.8399e-13 1.0574e-12 6.4526e-13 -1.9401e-13 -6.909e-14 2.2379e-13 3.4134e-13 1.1602e-13 -6.2238e-15
6.9609e-11 5.8802e-11 6.0376e-11 5.8395e-11 5.0266e-11 5.5862e-11 6.9419e-11 5.879e-11 6.0166e-11 5.0137e-11 6.6111e-11 7.8592e-11 5.8861e-11 4.9724e-11 6.2921e-11 5.59e-11 6.0569e-11 6.6828e-11 5.8626e-11 6.2621e-11 4.5197e-11 5.6205e-11 6.3141e-11 6.1453e-11 5.4377e-11 4.745e-11 4.9166e-11 6.5966e-11 5.8979e-11 6.0463e-11 5.4933e-11 4.6235e-11 3.6553e-11 5.3366e-11 4.4919e-11 3.2642e-11 5.0322e-11 3.7922e-11 2.3533e-11 3.4165e-11 3.4495e-11 2.8964e-11 2.4099e-11 2.4849e-11 3.4306e-11 2.8514e-11 2.0268e-11 2.5811e-11 3.2287e-11 1.893e-11 2.7769e-11 2.0768e-11 1.8223e-11 1.4083e-11 9.0336e-12 2.2948e-11 1.5565e-11 1.7557e-11 1.6991e-11 2.0035e-11 9.772e-12 1.4632e-11 1.075e-11 1.3917e-11 1.0006e-11 8.5142e-12 8.817e-12 1.0755e-11 6.4673e-12 1.1636e-11 1.295e-11 5.404e-12 4.5807e-12 3.8412e-12 2.2361e-12 8.395e-13 1.0184e-11 3.0496e-12 7.5861e-12 6.8369e-12 5.6764e-12 5.0691e-12 5.5362e-12 6.1178e-12 -5.1357e-13 7.2206e-12 3.7286e-12 6.1785e-12 2.9553e-12 3.6771e-13 1.2235e-12 2.7678e-12 1.9619e-12 -9.8455e-13 3.194e-13 -3.0328e-13 -1.3654e-12 2.247e-13 -1.6447e-12 1.8966e-12 9.7765e-12 2.5516e-12 1.2394e-12 3.1851e-12 -2.648e-12 5.5209e-12 3.1843e-12 -3.7545e-13 1.4828e-12 2.0243e-12 -3.262e-12 -1.4568e-12 -1.9955e-13 -1.0447e-12 -2.5341e-12 2.7961e-12 -2.5343e-13 2.0789e-13 -2.6481e-12 -5.3448e-13 4.7484e-12 2.3505e-12 2.6855e-12 3.6551e-13 1.3219e-12 -6.4675e-13 2.298e-12 -8.3279e-13 3.2068e-13 1.1668e-12 4.5964e-13 9.7231e-15 -4.127e-13 1.0761e-13 2.6422e-13 1.0864e-13 -1.7461e-14
5.851e-11 4.7206e-11 5.0631e-11 5.0429e-11 4.3904e-11 4.7527e-11 6.0675e-11 5.062e-11 5.3639e-11 4.0935e-11 5.5742e-11 5.8861e-11 6.1214e-11 4.8405e-11 5.698e-11 4.79e-11 5.2527e-11 5.8939e-11 4.6493e-11 5.4079e-11 4.0934e-11 4.9536e-11 5.3222e-11 5.4251e-11 4.8266e-11 3.9165e-11 4.14e-11 5.6807e-11 5.0648e-11 5.3665e-11 4.6136e-11 3.6915e-11 3.5176e-11 4.1254e-11 4.0134e-11 2.8697e-11 4.1252e-11 3.2517e-11 2.3279e-11 3.2109e-11 3.1037e-11 2.8567e-11 2.2582e-11 2.0883e-11 2.5953e-11 2.3078e-11 1.652e-11 2.4365e-11 3.1152e-11 1.5993e-11 2.2275e-11 2.0961e-11 1.6794e-11 1.6494e-11 5.886e-12 1.5709e-11 1.1219e-11 1.5744e-11 1.4043e-11 1.5157e-11 1.1761e-11 1.1056e-11 9.9354e-12 1.0742e-11 6.8917e-12 7.5595e-12 7.5183e-12 9.5923e-12 6.9109e-12 7.1904e-12 9.878e-12 7.4588e-12 3.434e-12 3.1842e-12 5.1412e-14 -1.5032e-12 8.0569e-12 5.8681e-12 7.1e-12 4.7283e-12 4.4086e-12 4.5802e-12 2.4414e-12 4.2148e-12 -2.1015e-12 5.376e-12 4.4736e-12 6.4566e-12 3.5972e-12 1.4687e-12 -9.3527e-13 1.7604e-12 2.5917e-12 2.7063e-13 -2.6208e-12 4.1708e-13 -2.2188e-12 1.032e-12 -1.2625e-12 2.8461e-12 7.8913e-12 1.1128e-12 -3.1489e-13 3.2877e-12 -2.6024e-12 1.7547e-12 3.359e-12 -6.0319e-13 8.216e-13 2.2572e-12 -1.9383e-12 -5.8033e-13 -5.0624e-13 -1.5144e-12 -2.6636e-12 2.3077e-12 -2.9235e-13 1.8091e-12 -1.7901e-12 -1.3655e-12 3.5364e-12 2.4331e-12 1.7188e-12 5.2771e-13 2.4626e-13 -4.1899e-13 1.6316e-12 -4.1778e-13 1.7533e-13 9.0451e-13 5.1729e-13 4.5538e-13 -2.1494e-13 3.8098e-14 3.0927e-13 1.2185e-13 -1.2242e-14
5.6028e-11 4.3706e-11 4.6262e-11 4.7249e-11 3.7717e-11 4.575e-11 5.5338e-11 4.6491e-11 4.5221e-11 4.0219e-11 5.1751e-11 4.9724e-11 4.8405e-11 5.7671e-11 5.4194e-11 4.664e-11 4.6424e-11 5.4832e-11 4.3277e-11 5.0985e-11 3.6412e-11 4.3147e-11 5.0551e-11 4.9488e-11 4.3791e-11 3.4428e-11 4.1109e-11 5.2092e-11 4.1655e-11 4.7343e-11 4.4867e-11 3.439e-11 3.5903e-11 4.3965e-11 3.3274e-11 2.3627e-11 3.677e-11 2.9804e-11 2.2321e-11 3.0544e-11 2.4419e-11 2.6002e-11 2.2087e-11 1.8406e-11 2.2565e-11 2.0099e-11 1.2601e-11 2.5508e-11 2.3232e-11 1.4225e-11 2.1035e-11 1.7237e-11 1.1651e-11 1.281e-11 6.8111e-12 1.161e-11 1.4255e-11 1.4402e-11 1.1051e-11 1.8091e-11 6.6755e-12 1.4335e-11 7.1595e-12 1.1867e-11 9.1958e-12 6.2385e-12 1.0323e-11 2.2031e-12 5.6649e-12 8.6534e-12 7.8556e-12 6.9813e-12 5.3745e-12 3.7438e-12 -3.6654e-13 7.5862e-13 6.7286e-12 5.5756e-12 6.7202e-12 2.1949e-12 3.7816e-12 2.2891e-12 5.6506e-12 -4.775e-13 2.0991e-12 6.4776e-12 4.7986e-12 5.4631e-12 2.3656e-12 8.6161e-13 1.7253e-12 7.0874e-13 1.5658e-12 -5.9615e-13 -8.1899e-13 -2.0271e-13 -1.1882e-13 2.3172e-12 1.0033e-12 2.3658e-13 8.8606e-12 1.5738e-12 -5.9707e-13 3.1829e-12 3.4544e-13 1.0409e-12 5.3004e-12 -8.9108e-14 -1.7699e-12 2.301e-12 -1.2239e-12 -1.9819e-12 8.117e-13 -1.5294e-12 -2.0548e-12 1.7651e-12 -2.1131e-12 2.5975e-14 1.3418e-13 -9.0349e-14 2.4916e-12 3.929e-12 6.5751e-13 1.0346e-12 7.2182e-14 -3.3127e-13 2.1484e-12 2.5686e-13 1.0556e-12 5.452e-13 3.8256e-13 1.9593e-13 -4.2226e-13 4.3771e-13 3.6466e-13 1.2588e-13 1.0237e-15
6.4047e-11 5.33e-11 5.7582e-11 6.0101e-11 5.0623e-11 5.5261e-11 7.0309e-11 5.5809e-11 5.6409e-11 4.2688e-11 6.5653e-11 6.2921e-11 5.698e-11 5.4194e-11 7.4217e-11 5.4491e-11 5.5321e-11 6.536e-11 5.442e-11 5.8445e-11 4.4846e-11 5.6964e-11 5.8914e-11 6.169e-11 5.4212e-11 4.4317e-11 5.3096e-11 6.2188e-11 5.5758e-11 5.5181e-11 5.6571e-11 4.6549e-11 3.6718e-11 5.3272e-11 3.8835e-11 3.206e-11 4.2958e-11 3.4546e-11 2.3909e-11 3.3814e-11 3.1748e-11 3.0313e-11 2.8055e-11 2.407e-11 3.1354e-11 2.2994e-11 1.7357e-11 3.1227e-11 3.0208e-11 1.4963e-11 2.4056e-11 1.596e-11 1.672e-11 1.6773e-11 9.4646e-12 1.6379e-11 1.4519e-11 1.4885e-11 1.5759e-11 1.9356e-11 9.7715e-12 1.0968e-11 9.2633e-12 1.0585e-11 8.636e-12 7.6263e-12 9.8107e-12 8.042e-12 3.7225e-12 1.244e-11 1.0388e-11 5.3938e-12 3.8957e-12 3.825e-12 4.5493e-13 -1.3115e-12 9.3026e-12 5.14e-12 6.1686e-12 5.7707e-12 4.7286e-12 5.5696e-12 4.977e-12 3.8665e-12 3.0924e-12 7.8359e-12 6.0211e-12 6.4862e-12 2.7475e-12 1.8284e-12 -8.08e-13 2.4062e-12 1.0793e-12 -2.4405e-12 -1.9021e-13 -2.2868e-13 1.0006e-12 1.7534e-12 -6.7618e-13 2.9971e-12 1.0785e-11 1.9008e-12 -1.7751e-12 2.8811e-12 -1.7861e-12 2.9849e-12 3.7343e-12 -4.3497e-13 9.368e-13 2.4033e-12 -2.5076e-12 -2.8425e-12 2.5457e-13 -2.03e-12 -2.3364e-12 1.5303e-12 -2.1629e-12 5.4982e-13 -1.9213e-12 -9.5442e-13 4.5989e-12 3.3385e-12 1.9803e-12 1.4996e-13 6.2949e-13 -3.5808e-13 1.9637e-12 -1.2475e-13 1.1346e-12 3.4955e-13 2.376e-13 4.4374e-13 -3.5807e-13 2.4696e-13 2.0212e-13 1.1069e-13 9.9931e-15
5.7082e-11 4.7257e-11 4.6573e-11 5.1259e-11 3.9839e-11 4.3988e-11 5.8099e-11 4.8892e-11 4.8585e-11 4.0665e-11 5.4949e-11 5.59e-11 4.79e-11 4.664e-11 5.4491e-11 5.2805e-11 4.9778e-11 5.5687e-11 4.4618e-11 5.2153e-11 3.7303e-11 4.6953e-11 5.2296e-11 5.2307e-11 4.2082e-11 3.7981e-11 4.2667e-11 5.6549e-11 4.6772e-11 4.9204e-11 4.4111e-11 3.6336e-11 3.403e-11 4.2309e-11 3.7409e-11 2.8429e-11 3.9267e-11 3.0483e-11 2.053e-11 3.0987e-11 2.5817e-11 2.5072e-11 2.4479e-11 1.929e-11 2.7159e-11 2.3027e-11 1.3417e-11 2.1963e-11 2.6625e-11 1.5111e-11 2.0377e-11 1.7547e-11 1.5076e-11 1.2027e-11 5.6713e-12 1.7126e-11 1.3382e-11 1.5235e-11 1.1488e-11 1.8074e-11 9.4567e-12 1.1745e-11 8.6296e-12 1.2806e-11 1.0564e-11 6.2592e-12 9.074e-12 6.5613e-12 6.2878e-12 1.1239e-11 9.4915e-12 6.2755e-12 1.3287e-12 4.5623e-12 1.508e-12 -8.2706e-13 8.3358e-12 4.7405e-12 6.8217e-12 4.2021e-12 2.0448e-12 4.2153e-12 5.9953e-12 2.0248e-12 3.2859e-12 4.6847e-12 3.9666e-12 5.5009e-12 3.9308e-12 6.0615e-13 -3.9113e-13 2.8085e-12 1.0105e-12 -7.9444e-13 1.8705e-13 -6.3976e-14 -6.1528e-14 6.9161e-13 -2.6388e-13 1.3069e-12 8.759e-12 2.2102e-12 -1.3931e-12 2.6551e-12 -1.7501e-12 2.7476e-12 3.1312e-12 2.4518e-13 -6.4436e-13 1.688e-12 -2.7171e-12 -2.5594e-13 6.9147e-13 -1.002e-12 -1.1474e-12 2.7162e-12 -1.583e-12 6.1068e-13 -1.5022e-12 -1.6392e-12 3.9754e-12 1.596e-12 1.6908e-12 5.6979e-13 7.0317e-13 -6.4027e-13 1.7289e-12 3.7798e-14 2.0422e-13 7.8233e-13 4.7015e-13 -7.7567e-15 -2.9745e-13 1.6036e-13 1.7414e-13 9.0001e-14 -1.5657e-14
5.9057e-11 4.7853e-11 5.1754e-11 5.0446e-11 4.455e-11 4.8734e-11 6.0085e-11 4.9941e-11 5.4243e-11 4.2931e-11 5.7249e-11 6.0569e-11 5.2527e-11 4.6424e-11 5.5321e-11 4.9778e-11 5.8832e-11 6.0881e-11 4.8362e-11 5.5824e-11 3.9816e-11 5.0771e-11 5.4736e-11 5.6081e-11 4.7533e-11 4.1067e-11 4.4129e-11 5.7384e-11 5.1256e-11 5.2173e-11 4.6179e-11 4.0455e-11 3.5831e-11 4.6564e-11 3.7304e-11 2.9685e-11 4.0762e-11 3.2825e-11 2.2064e-11 2.9997e-11 3.0823e-11 2.9256e-11 2.2269e-11 1.8199e-11 3.0037e-11 2.456e-11 1.5399e-11 2.4742e-11 3.006e-11 1.3765e-11 2.5777e-11 1.8175e-11 1.7805e-11 1.449e-11 6.3755e-12 1.8519e-11 1.3779e-11 1.3221e-11 1.618e-11 1.9831e-11 1.0629e-11 1.1642e-11 9.3084e-12 1.3955e-11 6.9686e-12 6.1302e-12 1.0561e-11 7.6505e-12 6.3374e-12 8.7396e-12 6.9486e-12 6.4713e-12 2.978e-12 3.8505e-12 1.34e-12 1.8614e-12 7.321e-12 6.6082e-12 7.2506e-12 7.0594e-12 3.1014e-12 4.3785e-12 4.6374e-12 2.1885e-12 -8.3466e-14 4.3909e-12 4.4125e-12 6.0181e-12 3.5245e-12 1.4756e-12 1.2219e-12 9.144e-13 1.8754e-12 1.6969e-12 -5.9909e-13 6.1486e-13 -1.4532e-12 1.7241e-13 -6.741e-13 1.6311e-12 7.9682e-12 2.82e-12 4.3675e-13 3.5658e-12 -2.1688e-12 4.7626e-12 4.2117e-12 1.91e-13 3.5581e-13 2.5941e-12 -3.3211e-12 -1.3912e-13 -2.8875e-13 -1.3015e-12 -2.6157e-12 2.7638e-12 -1.898e-13 3.3398e-13 -2.1672e-12 -1.0224e-12 3.1066e-12 1.614e-12 1.8812e-12 1.0039e-13 3.6134e-13 -1.0297e-12 1.4807e-12 -6.1972e-13 1.6969e-13 8.6602e-13 3.6327e-13 -1.853e-14 -3.4132e-13 1.6681e-14 3.4526e-13 1.1458e-13 -3.2119e-14
6.849e-11 5.4188e-11 6.4034e-11 6.1047e-11 5.1998e-11 5.6569e-11 7.2623e-11 5.9232e-11 6.1577e-11 4.7989e-11 6.7729e-11 6.6828e-11 5.8939e-11 5.4832e-11 6.536e-11 5.5687e-11 6.0881e-11 7.6367e-11 5.5902e-11 6.1806e-11 4.4879e-11 5.949e-11 6.2658e-11 6.603e-11 5.7585e-11 4.5346e-11 5.0626e-11 6.5432e-11 5.7882e-11 5.9912e-11 5.6445e-11 4.454e-11 4.0208e-11 5.3799e-11 4.2432e-11 3.3399e-11 4.6351e-11 3.845e-11 2.8418e-11 3.491e-11 3.4382e-11 3.2254e-11 2.6365e-11 2.557e-11 3.3188e-11 2.8032e-11 1.7258e-11 2.9672e-11 3.5303e-11 1.716e-11 2.769e-11 2.1539e-11 1.8621e-11 1.6689e-11 1.2036e-11 1.9615e-11 1.7043e-11 1.5966e-11 1.7595e-11 2.3921e-11 7.8711e-12 1.2607e-11 9.7331e-12 1.2333e-11 7.4337e-12 9.1814e-12 1.2429e-11 8.2704e-12 5.8851e-12 1.2331e-11 9.8084e-12 7.3593e-12 2.8369e-12 4.9397e-12 9.2962e-14 1.1386e-12 7.3911e-12 7.2902e-12 8.1415e-12 7.1869e-12 4.5042e-12 2.1062e-12 4.7732e-12 3.0685e-12 7.7438e-13 9.5424e-12 7.767e-12 8.1463e-12 2.7692e-12 3.2185e-12 -3.7885e-14 2.2159e-12 1.935e-12 9.3167e-13 -2.9883e-13 2.3307e-12 -7.0539e-13 7.6968e-13 4.9895e-13 1.2823e-12 9.0662e-12 9.4279e-13 -5.3025e-13 4.819e-12 -1.2908e-12 4.6391e-12 5.6097e-12 -1.7963e-14 7.9265e-14 1.403e-12 -4.4799e-12 -2.7207e-12 -6.2042e-13 -1.8809e-12 -2.9942e-12 2.8661e-12 -2.4185e-12 8.1476e-13 -1.703e-12 3.7807e-13 4.232e-12 4.0629e-12 2.1559e-12 7.6582e-13 6.5926e-13 -1.0208e-12 1.7955e-12 -2.1834e-13 5.6919e-13 5.2586e-13 7.7176e-13 1.5794e-13 -7.1484e-15 3.3117e-13 2.2252e-13 1.3617e-13 5.3008e-15
5.584e-11 4.7652e-11 5.1079e-11 4.9546e-11 4.2155e-11 4.9408e-11 5.7483e-11 4.7507e-11 5.0466e-11 3.9778e-11 5.6019e-11 5.8626e-11 4.6493e-11 4.3277e-11 5.442e-11 4.4618e-11 4.8362e-11 5.5902e-11 5.4618e-11 4.9885e-11 3.5199e-11 4.6235e-11 5.2451e-11 5.3534e-11 4.5511e-11 3.8869e-11 4.2425e-11 5.1795e-11 4.6274e-11 4.7106e-11 4.6248e-11 4.0334e-11 3.2073e-11 4.9441e-11 3.5058e-11 2.7112e-11 4.2072e-11 3.1858e-11 1.7878e-11 2.7357e-11 2.7668e-11 2.5029e-11 2.1267e-11 2.0823e-11 2.793e-11 2.3139e-11 1.3837e-11 2.2974e-11 2.5627e-11 1.4815e-11 2.3366e-11 1.858e-11 1.3244e-11 1.2321e-11 6.9227e-12 1.8438e-11 1.0039e-11 1.2565e-11 1.5e-11 1.9215e-11 5.3971e-12 9.2044e-12 6.8747e-12 1.1844e-11 4.667e-12 6.2149e-12 6.9679e-12 6.7738e-12 5.733e-12 1.0239e-11 1.0588e-11 5.7273e-12 1.6025e-12 4.3881e-12 -2.194e-13 2.6711e-14 7.8757e-12 3.1672e-12 5.4678e-12 7.0454e-12 5.277e-12 3.9405e-12 4.1349e-12 5.6625e-12 -4.9485e-14 6.0031e-12 3.7312e-12 9.076e-12 1.8173e-12 2.9511e-12 9.8716e-13 1.6121e-12 4.2703e-13 -6.4257e-13 5.6966e-14 7.0324e-13 1.0776e-12 6.8243e-13 3.0849e-13 1.5022e-12 8.5471e-12 1.1067e-13 1.1805e-13 4.1879e-12 -1.8802e-12 4.5571e-12 2.78e-12 3.2294e-13 1.5048e-12 2.2261e-12 -2.6478e-12 -1.28e-12 1.6027e-13 -3.968e-13 -2.7831e-12 2.6883e-12 -1.0808e-12 1.8652e-13 -3.0441e-12 -1.3099e-13 3.7484e-12 2.3707e-12 9.5786e-13 7.0914e-13 3.6692e-13 -3.2523e-13 2.0741e-12 -3.497e-13 6.1299e-13 9.3082e-13 2.5826e-13 2.4374e-13 -2.7056e-13 2.897e-13 9.637e-14 9.0026e-14 -4.2058e-15
6.5338e-11 5.1325e-11 5.3926e-11 5.396e-11 4.7707e-11 5.2205e-11 6.5977e-11 5.1573e-11 5.8357e-11 4.6042e-11 6.184e-11 6.2621e-11 5.4079e-11 5.0985e-11 5.8445e-11 5.2153e-11 5.5824e-11 6.1806e-11 4.9885e-11 7.3473e-11 3.9136e-11 4.9096e-11 5.7746e-11 5.5729e-11 4.6566e-11 4.2112e-11 4.219e-11 6.3257e-11 4.744e-11 5.2186e-11 5.3941e-11 4.3238e-11 4.0869e-11 4.7998e-11 3.7655e-11 3.284e-11 4.5536e-11 3.496e-11 2.4716e-11 2.6497e-11 3.1083e-11 2.6092e-11 2.6337e-11 2.1397e-11 2.9957e-11 2.3616e-11 1.6255e-11 2.6745e-11 2.7222e-11 1.3222e-11 2.5371e-11 1.63e-11 1.6079e-11 1.6752e-11 5.519e-12 1.7847e-11 1.7836e-11 1.855e-11 1.1636e-11 1.9635e-11 9.4191e-12 1.2903e-11 1.1052e-11 1.1379e-11 8.9133e-12 6.29e-12 1.3163e-11 8.8908e-12 5.95e-12 1.255e-11 7.6101e-12 8.1434e-12 3.0335e-12 1.6325e-12 2.6793e-12 -3.4306e-13 8.1943e-12 5.823e-12 6.5132e-12 4.277e-12 4.6252e-12 3.9938e-12 3.2216e-12 1.6178e-12 2.774e-12 7.4478e-12 3.643e-12 8.0999e-12 4.7781e-12 2.92e-12 1.3219e-13 6.9973e-13 2.3016e-12 1.2467e-12 2.8675e-13 -4.1198e-13 -2.393e-12 2.1913e-12 -9.4236e-13 2.6455e-12 9.4927e-12 1.5284e-12 2.4823e-13 1.8091e-12 -1.405e-12 3.3661e-12 4.7094e-12 -1.1593e-12 -5.6409e-14 -2.1288e-13 -3.6768e-12 -1.3941e-12 -1.9477e-12 -1.0234e-13 -3.0859e-12 4.7891e-12 -1.178e-12 1.8976e-12 -1.0944e-12 3.0887e-13 1.6152e-12 3.6334e-12 2.1262e-12 1.0888e-12 1.0406e-12 -1.1871e-12 1.9193e-12 1.9348e-13 5.7836e-13 4.9506e-13 1.9516e-13 -3.2485e-14 -4.661e-13 1.3774e-13 4.9025e-13 1.0116e-13 3.6766e-14
4.7016e-11 3.9198e-11 3.9251e-11 4.0537e-11 3.4283e-11 3.8231e-11 4.6224e-11 4.104e-11 4.2015e-11 3.2641e-11 4.0695e-11 4.5197e-11 4.0934e-11 3.6412e-11 4.4846e-11 3.7303e-11 3.9816e-11 4.4879e-11 3.5199e-11 3.9136e-11 4.1193e-11 3.9074e-11 4.2581e-11 4.4661e-11 3.5818e-11 3.0135e-11 3.7549e-11 4.3839e-11 3.9411e-11 4.3261e-11 3.9586e-11 2.9671e-11 2.5581e-11 3.5779e-11 3.2164e-11 2.5957e-11 2.9848e-11 2.4389e-11 1.8251e-11 2.4358e-11 2.696e-11 2.4463e-11 1.5923e-11 1.6077e-11 2.7596e-11 1.7292e-11 1.2756e-11 2.0186e-11 2.4468e-11 1.1206e-11 1.929e-11 1.5128e-11 1.5093e-11 1.1507e-11 8.9529e-12 1.297e-11 1.1767e-11 1.0543e-11 1.1187e-11 1.4192e-11 8.4565e-12 6.5505e-12 6.823e-12 1.2339e-11 7.2079e-12 3.8393e-12 6.349e-12 8.3523e-12 6.3476e-12 5.7097e-12 8.4124e-12 3.6719e-12 2.3846e-12 8.972e-13 1.864e-12 1.7404e-12 3.2337e-12 2.6521e-12 5.3724e-12 4.8358e-12 3.5311e-12 3.8295e-12 3.656e-12 1.4028e-12 -1.9411e-12 2.4527e-12 1.7602e-12 3.42e-12 6.6862e-13 1.2069e-12 -9.9414e-13 1.6479e-12 -6.989e-13 -6.5316e-14 3.646e-13 -6.6508e-13 -1.25e-12 3.2021e-13 1.1878e-12 1.8736e-12 5.1591e-12 1.1258e-12 8.5196e-13 1.8636e-12 -2.6371e-12 1.3441e-12 3.0871e-12 -6.4757e-13 -1.7028e-12 2.8221e-12 -1.7066e-12 -1.5536e-13 -1.6504e-13 -1.058e-12 -2.8222e-12 7.3214e-13 -6.4199e-13 1.9404e-12 -3.132e-13 -2.5319e-13 2.2372e-12 2.1253e-12 1.8503e-12 -2.5296e-13 4.1247e-13 -6.2379e-13 2.2503e-12 -3.2702e-13 6.2821e-13 1.5724e-14 2.9145e-13 2.0728e-13 -1.8836e-13 -3.8279e-14 2.3429e-13 8.3532e-14 -2.2412e-15
5.4159e-11 4.7205e-11 5.3125e-11 5.2551e-11 4.2809e-11 4.9824e-11 5.9576e-11 5.1116e-11 5.1696e-11 3.7392e-11 5.4073e-11 5.6205e-11 4.9536e-11 4.3147e-11 5.6964e-11 4.6953e-11 5.0771e-11 5.949e-11 4.6235e-11 4.9096e-11 3.9074e-11 5.87e-11 5.1728e-11 5.491e-11 4.5918e-11 4.1626e-11 4.3219e-11 5.2488e-11 5.0089e-11 4.9016e-11 4.985e-11 3.7725e-11 2.919e-11 4.7083e-11 3.5976e-11 2.869e-11 3.7234e-11 3.1022e-11 2.1107e-11 3.0964e-11 2.7618e-11 2.961e-11 2.2674e-11 1.8589e-11 2.7527e-11 2.4024e-11 1.6736e-11 2.3433e-11 3.0694e-11 1.1805e-11 2.1405e-11 1.768e-11 1.8495e-11 1.3031e-11 8.0743e-12 1.5509e-11 1.378e-11 1.1491e-11 1.6206e-11 1.5706e-11 7.5796e-12 7.6624e-12 1.1297e-11 1.0141e-11 5.8546e-12 7.3748e-12 9.9431e-12 7.9156e-12 5.4488e-12 9.2543e-12 8.5995e-12 3.9881e-12 1.8453e-12 5.5446e-12 9.3043e-13 -1.0422e-12 5.0747e-12 4.2464e-12 7.4493e-12 4.7313e-12 3.917e-12 3.7022e-12 3.9615e-12 3.759e-12 4.0963e-13 5.3179e-12 5.033e-12 7.6174e-12 5.4353e-12 2.3616e-12 -2.077e-12 5.103e-13 2.1178e-12 -1.3191e-12 5.8126e-13 9.8206e-13 -1.9624e-12 8.2712e-13 9.4906e-15 2.7744e-12 8.3864e-12 1.4542e-12 -2.069e-12 5.4948e-12 -2.7712e-12 4.825e-12 3.4721e-12 -1.1986e-12 1.4585e-12 1.2939e-12 -3.574e-12 -8.7173e-14 6.8322e-13 -1.4433e-12 -1.512e-12 2.6631e-12 -9.4877e-13 1.237e-13 -2.6217e-12 -7.8048e-13 5.2106e-12 2.7178e-12 1.5213e-12 3.5662e-13 9.35e-13 -1.238e-12 1.7703e-12 -8.9049e-13 2.6904e-13 5.5276e-13 4.2196e-13 -1.0449e-13 1.3914e-13 -6.7305e-14 1.4224e-13 9.1327e-14 -1.4879e-14
6.279e-11 5.2244e-11 5.4371e-11 5.7923e-11 4.4339e-11 5.1678e-11 6.2347e-11 5.3886e-11 5.51e-11 4.4861e-11 6.1545e-11 6.3141e-11 5.3222e-11 5.0551e-11 5.8914e-11 5.2296e-11 5.4736e-11 6.2658e-11 5.2451e-11 5.7746e-11 4.2581e-11 5.1728e-11 7.161e-11 6.1256e-11 4.9281e-11 3.91e-11 4.7835e-11 6.2189e-11 5.2824e-11 5.6094e-11 5.3383e-11 4.2716e-11 3.846e-11 5.3924e-11 3.8173e-11 3.4274e-11 4.1772e-11 3.255e-11 2.2247e-11 3.1812e-11 3.1948e-11 3.1608e-11 2.1229e-11 2.0332e-11 2.6924e-11 2.6948e-11 1.4482e-11 2.4114e-11 3.1315e-11 1.4629e-11 2.8416e-11 2.0247e-11 1.5932e-11 1.3075e-11 4.4758e-12 1.9823e-11 1.2636e-11 1.528e-11 9.7616e-12 2.0658e-11 7.3851e-12 1.0702e-11 9.2772e-12 1.2858e-11 8.8318e-12 7.5561e-12 9.0723e-12 7.835e-12 5.0137e-12 1.3493e-11 1.0587e-11 7.4864e-12 4.3104e-12 1.894e-12 -1.7935e-12 2.0941e-12 8.0492e-12 6.5669e-12 6.3856e-12 4.5329e-12 5.4388e-12 6.0593e-12 5.6108e-12 3.0831e-12 -8.6811e-14 4.5655e-12 3.7472e-12 8.559e-12 5.7594e-12 2.7673e-12 -5.3788e-13 6.4901e-13 2.4314e-12 1.6529e-12 8.9569e-13 -1.1872e-12 8.2366e-13 1.0075e-12 1.9582e-12 3.9586e-13 1.047e-11 2.5373e-12 1.1058e-13 1.9521e-12 -6.1858e-13 2.9921e-12 1.4277e-12 4.318e-13 -6.9352e-13 4.2043e-12 -2.0149e-12 -1.1681e-12 -8.8261e-13 -1.35e-12 -3.206e-12 2.843e-12 -2.7079e-12 -7.2307e-14 -3.0862e-12 -1.5497e-12 3.8749e-12 3.2134e-12 2.0666e-12 4.1475e-13 1.4959e-12 -1.2789e-12 2.3116e-12 -8.8262e-13 -2.2761e-13 7.243e-13 6.8178e-14 -3.5564e-14 -3.993e-13 -9.7242e-14 1.6076e-13 1.1581e-13 -1.0655e-14
6.5906e-11 5.329e-11 5.7921e-11 5.7761e-11 4.8842e-11 5.0699e-11 6.6853e-11 5.5534e-11 5.5675e-11 4.2096e-11 6.0193e-11 6.1453e-11 5.4251e-11 4.9488e-11 6.169e-11 5.2307e-11 5.6081e-11 6.603e-11 5.3534e-11 5.5729e-11 4.4661e-11 5.491e-11 6.1256e-11 7.3674e-11 5.2915e-11 4.1677e-11 4.9191e-11 6.2662e-11 5.6432e-11 5.7137e-11 5.5929e-11 4.1916e-11 3.6549e-11 5.3328e-11 4.1034e-11 3.2049e-11 4.3337e-11 3.2432e-11 2.5763e-11 3.3237e-11 3.3293e-11 3.3636e-11 2.116e-11 2.0054e-11 2.9528e-11 2.5659e-11 1.8142e-11 2.6774e-11 3.1849e-11 1.7017e-11 2.6727e-11 1.9105e-11 1.9742e-11 1.4196e-11 8.9513e-12 1.8908e-11 1.2292e-11 1.4083e-11 1.6234e-11 2.3797e-11 8.2366e-12 7.4593e-12 7.8787e-12 1.615e-11 9.3535e-12 7.7873e-12 1.2076e-11 8.4133e-12 9.8706e-12 9.8112e-12 9.7919e-12 8.1293e-12 3.4165e-12 5.3487e-12 1.8104e-13 -2.4937e-13 4.8621e-12 4.8274e-12 8.8135e-12 5.7486e-12 3.8395e-12 5.4105e-12 5.0473e-12 3.4516e-12 2.1493e-12 3.8313e-12 3.9277e-12 9.3424e-12 4.9354e-12 4.8205e-12 -1.5384e-12 1.0458e-12 3.9342e-12 1.4425e-12 6.1105e-13 4.8302e-13 7.2724e-13 1.6462e-12 3.9792e-13 -1.2709e-14 7.2343e-12 -1.3835e-13 -1.1022e-12 2.382e-12 -1.9988e-12 2.5289e-12 1.9438e-12 -3.2618e-13 4.6153e-13 4.4449e-12 -3.6814e-12 -2.6877e-12 -4.3776e-13 -2.8997e-12 -2.6327e-12 1.5735e-12 -3.3974e-13 4.076e-13 -1.7725e-12 -2.7652e-12 3.9965e-12 9.2568e-13 1.5974e-12 5.5684e-13 1.1768e-13 -1.2127e-12 1.3875e-12 -6.365e-13 5.3249e-13 1.0787e-12 2.242e-13 6.7433e-13 1.1541e-14 1.0174e-13 1.5536e-13 6.9806e-14 1.6316e-14
5.5014e-11 4.4456e-11 4.9274e-11 4.7174e-11 3.9259e-11 4.6145e-11 5.7458e-11 4.5159e-11 4.9063e-11 3.8779e-11 5.3028e-11 5.4377e-11 4.8266e-11 4.3791e-11 5.4212e-11 4.2082e-11 4.7533e-11 5.7585e-11 4.5511e-11 4.6566e-11 3.5818e-11 4.5918e-11 4.9281e-11 5.2915e-11 5.6483e-11 3.7507e-11 4.028e-11 5.1053e-11 4.6537e-11 4.798e-11 4.5633e-11 3.8595e-11 3.0017e-11 4.2949e-11 3.2809e-11 2.3285e-11 3.8548e-11 2.9564e-11 2.0914e-11 2.7509e-11 2.8072e-11 2.3186e-11 1.9716e-11 2.0566e-11 2.6142e-11 1.9779e-11 1.3896e-11 2.5918e-11 2.5258e-11 1.5451e-11 2.2981e-11 1.5515e-11 1.3607e-11 1.5979e-11 1.1715e-11 1.7277e-11 1.1108e-11 1.335e-11 1.5342e-11 1.7656e-11 5.8196e-12 1.0158e-11 5.9726e-12 8.668e-12 7.1144e-12 7.3546e-12 6.1892e-12 6.0296e-12 5.5892e-12 6.7044e-12 8.7819e-12 4.6657e-12 5.5834e-12 3.7496e-12 -1.6687e-12 4.638e-13 7.767e-12 6.3112e-12 5.5085e-12 3.9176e-12 5.0624e-12 4.4226e-12 4.8587e-12 5.0798e-12 1.1259e-12 5.634e-12 4.6573e-12 3.8003e-12 6.5391e-13 1.3891e-12 2.8334e-12 3.476e-12 4.07e-12 8.0142e-13 -1.8795e-12 2.281e-12 3.1102e-14 2.4148e-12 1.0677e-13 1.4377e-12 8.6969e-12 1.1695e-12 -8.5057e-14 3.0912e-12 -6.2769e-13 3.5865e-12 3.1394e-12 1.0356e-12 1.3474e-12 3.2282e-12 -3.6571e-12 -1.4206e-12 -8.5598e-13 -2.0092e-12 -1.5545e-12 1.6432e-12 -2.3266e-13 6.0712e-13 -1.3545e-12 -3.6116e-13 3.8611e-12 1.8643e-12 2.7598e-12 -2.3135e-13 1.8757e-13 -5.7408e-13 1.6e-12 -7.3113e-13 1.8382e-13 4.5144e-13 3.3389e-13 3.549e-13 -1.2692e-13 5.1709e-13 2.2399e-13 1.4653e-13 3.3942e-15
4.6588e-11 4.0653e-11 4.1663e-11 3.9832e-11 3.361e-11 3.6687e-11 4.6998e-11 4.0818e-11 4.3314e-11 3.4902e-11 4.5241e-11 4.745e-11 3.9165e-11 3.4428e-11 4.4317e-11 3.7981e-11 4.1067e-11 4.5346e-11 3.8869e-11 4.2112e-11 3.0135e-11 4.1626e-11 3.91e-11 4.1677e-11 3.7507e-11 4.2451e-11 3.7512e-11 4.3505e-11 4.0349e-11 3.9276e-11 4.007e-11 3.2372e-11 2.4909e-11 3.8003e-11 3.1613e-11 2.4527e-11 3.3384e-11 2.6124e-11 1.6601e-11 2.4e-11 2.3637e-11 2.137e-11 2.0732e-11 1.7765e-11 2.4143e-11 1.8517e-11 1.1991e-11 1.9525e-11 2.1069e-11 9.6967e-12 1.8032e-11 1.4065e-11 1.2761e-11 1.4195e-11 5.1358e-12 1.4952e-11 7.999e-12 1.2782e-11 1.4501e-11 1.2085e-11 5.8008e-12 1.1111e-11 7.9073e-12 1.1018e-11 5.166e-12 3.274e-12 6.4292e-12 7.7327e-12 7.3437e-12 5.1395e-12 5.8501e-12 6.4092e-12 2.8845e-13 5.8633e-12 2.9994e-12 -4.5572e-12 8.6566e-12 1.8081e-12 4.747e-12 4.7127e-12 3.648e-12 6.2151e-12 3.8386e-12 4.038e-12 1.37e-12 4.984e-12 2.5614e-12 3.6783e-12 2.7177e-12 2.5097e-12 -1.0578e-12 2.3059e-13 1.8094e-12 -1.1972e-12 1.0507e-13 6.348e-13 -1.625e-12 2.5033e-12 -3.8494e-13 2.9605e-12 5.3296e-12 -1.8288e-13 -1.7494e-12 2.9123e-12 -1.948e-12 4.8474e-12 3.6878e-12 -1.1066e-12 1.6096e-12 9.0705e-13 -2.5727e-12 -7.308e-13 9.3227e-13 -7.1775e-13 -2.1853e-12 2.3459e-12 1.7409e-14 1.1937e-12 -2.3863e-12 -1.1555e-12 2.6542e-12 1.8865e-12 1.2634e-12 6.7629e-13 9.7427e-13 -4.6064e-13 1.576e-12 -2.0748e-14 2.8625e-13 7.8532e-13 3.9207e-13 -3.069e-14 -4.881e-13 1.3292e-13 6.4433e-14 4.334e-14 -4.7934e-14
