,0,1,2,3,4,5,6,7,8,9,10,11,12,13,14,15,16,17,18,19,20,21,22,23,24,25,26,27,28,29,30,31,32,33,34,35,36,37,38,39,40,41,42,43,44,45,46,47,48,49,50,51,52,53,54,55,56,57,58,59,60,61,62,63,64,65,66,67,68,69,70,71,72,73,74,75,76,77,78,79,80,81,82,83,84,85,86,87,88,89,90,91,92,93,94,95,96,97,98,99,100,101,102,103,104,105,106,107,108,109,110,111,112,113,114,115,116,117,118,119,120,121,122,123,124,125,126,127,128,129,130,131,132,133,134,135,136
0,1,0.89505,0.86926,0.89342,0.8588,0.84987,0.8762,0.88017,0.84741,0.85153,0.88393,0.88821,0.84594,0.83456,0.84098,0.88858,0.87097,0.88657,0.85471,0.86226,0.82865,0.79963,0.83935,0.86856,0.82803,0.80885,0.80626,0.87302,0.82198,0.91058,0.7895,0.75135,0.76882,0.82885,0.74584,0.63257,0.83962,0.67425,0.67265,0.75493,0.70009,0.71205,0.56021,0.67157,0.70392,0.70548,0.59478,0.66072,0.65616,0.49552,0.61645,0.60012,0.57326,0.54707,0.2458,0.57808,0.46356,0.67444,0.39988,0.65503,0.29853,0.42963,0.3101,0.48478,0.4196,0.25279,0.307,0.42044,0.31981,0.34533,0.37929,0.33516,0.14938,0.20695,0.11671,-0.013513,0.37145,0.15305,0.21259,0.25108,0.29463,0.21969,0.29748,0.088987,0.055646,0.30049,0.20016,0.28903,0.093161,0.10748,-0.02628,0.19217,0.088267,0.025866,0.094541,0.045403,-0.053556,0.13627,-0.010643,0.006309,0.35846,0.06125,0.04837,0.10728,-0.11103,0.15786,0.24942,0.019232,-0.0062402,0.1832,-0.26489,-0.13416,0.017166,-0.11174,-0.18017,0.21905,-0.10096,0.12982,-0.086971,-0.063043,0.27972,0.17399,0.26837,0.13194,-0.0008513,-0.090812,0.34515,-0.024751,0.070752,0.13668,0.16653,0.033731,-0.077382,0.080145,0.18687,0.12948,-0.0089028
1,0.89505,1,0.84524,0.86491,0.77984,0.85264,0.83402,0.87278,0.8179,0.80601,0.87951,0.89826,0.8171,0.7794,0.83787,0.88072,0.84489,0.83975,0.8732,0.8109,0.82708,0.8344,0.83609,0.8408,0.80108,0.84498,0.78262,0.83647,0.82829,0.86197,0.7801,0.76762,0.65753,0.79618,0.77291,0.7239,0.85632,0.74768,0.64561,0.68598,0.7181,0.65181,0.61206,0.69432,0.71693,0.69929,0.49751,0.66305,0.7045,0.55372,0.71797,0.57973,0.61061,0.50881,0.21743,0.62912,0.34183,0.62215,0.41533,0.55561,0.21606,0.43879,0.32086,0.40123,0.42113,0.22634,0.27955,0.47171,0.39798,0.24816,0.47382,0.22214,0.046546,0.19793,0.094574,0.087653,0.39453,0.074247,0.10094,0.29439,0.19189,0.3582,0.33948,0.22888,0.0076556,0.1282,0.070181,0.32703,0.070491,0.0057634,-0.026072,0.16455,0.0093826,-0.027538,0.01372,0.078688,-0.099154,0.027442,-0.035735,0.17742,0.45961,0.089318,-0.063562,0.20704,-0.10299,0.27597,0.15137,-0.042939,0.089408,0.061866,-0.25094,-0.085399,-0.041201,-0.098192,-0.20338,0.21923,-0.11417,0.011891,-0.27084,-0.14062,0.33984,0.1793,0.27381,0.11618,0.10208,-0.0013712,0.42171,0.031141,0.026784,0.22765,0.14215,0.00090678,-0.079845,0.044396,0.13743,0.16738,-0.020949
2,0.86926,0.84524,1,0.8585,0.8665,0.86574,0.8738,0.87449,0.84745,0.78061,0.86245,0.86565,0.82254,0.7743,0.84957,0.81463,0.85762,0.93137,0.87849,0.79965,0.77731,0.88134,0.81666,0.85772,0.83334,0.81278,0.7538,0.86635,0.84944,0.84337,0.79392,0.67955,0.68244,0.83706,0.66546,0.70664,0.82812,0.72946,0.66838,0.67774,0.59061,0.68519,0.60277,0.71973,0.64561,0.70998,0.621,0.63802,0.69061,0.49129,0.65206,0.63343,0.60564,0.49629,0.24793,0.50821,0.45452,0.5531,0.49572,0.57111,0.24737,0.37483,0.25127,0.42822,0.27679,0.35384,0.36149,0.41837,0.21624,0.4131,0.37007,0.16442,0.061586,0.25696,-0.076786,-0.019438,0.34098,0.23108,0.30118,0.31408,0.18801,0.11786,0.16456,0.18026,0.073644,0.28104,0.33016,0.42961,0.10138,0.18066,-0.04754,0.17638,0.08326,-0.073327,0.0042603,0.14424,-0.0041889,0.1082,-0.012751,0.191,0.38179,-0.034814,-0.050442,0.22737,-0.11011,0.27011,0.22883,-0.060158,0.092849,0.079871,-0.26382,-0.14668,-0.018005,-0.17406,-0.22703,0.24414,-0.096359,0.097563,-0.23439,0.034139,0.28399,0.28622,0.19425,0.11441,0.087658,-0.16595,0.31376,-0.028092,0.133,0.16924,0.21024,0.061073,-0.097437,-0.00087176,0.054241,0.23192,0.02367
3,0.89342,0.86491,0.8585,1,0.85698,0.85246,0.91672,0.89634,0.88022,0.78467,0.8933,0.84295,0.82484,0.79622,0.89279,0.90272,0.84166,0.89399,0.85796,0.80562,0.80827,0.87777,0.87595,0.86119,0.80328,0.78236,0.82496,0.8533,0.85896,0.86772,0.78851,0.7525,0.71339,0.8234,0.73259,0.64147,0.79365,0.71365,0.55861,0.75862,0.64497,0.71481,0.62489,0.6819,0.66965,0.69081,0.58297,0.63649,0.67345,0.41788,0.61577,0.57581,0.5396,0.49249,0.28685,0.52638,0.38596,0.64147,0.42058,0.62628,0.34416,0.29967,0.34879,0.34551,0.34053,0.29477,0.30024,0.32237,0.2596,0.46689,0.3976,0.21489,0.039601,0.20101,0.1011,-0.0020279,0.37873,0.24359,0.27037,0.21961,0.23124,0.20321,0.22243,0.2159,0.10594,0.26727,0.21704,0.38623,0.15111,0.15011,-0.048987,0.1434,0.099782,-0.066636,0.038638,0.027441,-0.0082524,0.13133,0.079801,0.11281,0.39885,0.036852,-0.14865,0.13228,-0.065802,0.2559,0.21019,0.026677,-0.0017476,0.1476,-0.22596,-0.10823,0.022448,-0.20704,-0.1854,0.2005,-0.12559,0.084807,-0.23235,-0.084769,0.4252,0.20451,0.25329,0.14841,0.066761,-0.12764,0.30996,0.0062899,0.025543,0.1096,0.092102,0.028036,0.028787,0.068909,0.10557,0.19574,-0.066063
4,0.8588,0.77984,0.8665,0.85698,1,0.79224,0.8834,0.86848,0.85393,0.80438,0.8574,0.81882,0.81038,0.71724,0.8486,0.79172,0.83878,0.85928,0.82374,0.80375,0.77138,0.80691,0.75667,0.82175,0.75438,0.74496,0.80181,0.81695,0.80616,0.86353,0.75756,0.71995,0.69648,0.73746,0.65332,0.62948,0.8052,0.67044,0.58981,0.70475,0.67939,0.68569,0.54905,0.69828,0.72004,0.63284,0.6558,0.60805,0.58943,0.36348,0.58803,0.53203,0.54709,0.55392,0.28692,0.54986,0.4218,0.47273,0.41221,0.55569,0.39709,0.28634,0.37311,0.38853,0.30146,0.30985,0.4507,0.42673,0.19408,0.4279,0.37279,0.21162,0.031457,0.063376,0.046034,-0.029848,0.3022,0.18265,0.24492,0.31383,0.28097,0.13258,0.072258,0.14519,0.021071,0.30337,0.32641,0.37834,-0.0039047,0.35045,-0.13088,0.065064,0.057859,-0.06226,0.012883,-0.018608,-0.046919,0.087735,-0.11185,0.065229,0.37338,-0.0059012,-0.092192,0.1908,-0.0085969,0.2361,0.18969,-0.078021,0.12836,0.073393,-0.19363,-0.063537,-0.12676,-0.13652,-0.19352,0.15914,-0.036819,0.1762,-0.10306,-0.057338,0.31081,0.22815,0.18246,0.18264,0.081233,-0.23759,0.2494,-0.059073,0.19172,0.13192,0.11923,-0.049733,-0.018172,0.05749,0.12009,0.080127,0.016408
5,0.84987,0.85264,0.86574,0.85246,0.79224,1,0.83986,0.85126,0.84179,0.75652,0.8591,0.84492,0.81451,0.80779,0.86011,0.81167,0.85195,0.86798,0.89642,0.81665,0.79871,0.87198,0.81885,0.792,0.82328,0.75502,0.70786,0.77079,0.78485,0.83094,0.76265,0.7343,0.72159,0.85895,0.70198,0.62607,0.77072,0.7393,0.55654,0.68457,0.62863,0.68594,0.5881,0.65082,0.68031,0.64517,0.5843,0.68955,0.67343,0.51282,0.6791,0.53558,0.5073,0.47267,0.28789,0.50283,0.44147,0.45917,0.43831,0.57495,0.19183,0.31432,0.34664,0.35233,0.26892,0.19911,0.26632,0.31493,0.24663,0.32824,0.36217,0.14349,0.18902,0.21507,-0.02118,0.046004,0.28477,0.22187,0.19593,0.31186,0.21742,0.17778,0.26096,0.18201,-0.030645,0.22569,0.20969,0.45772,0.093614,0.028508,-0.0010069,0.1289,-0.021237,0.0045759,0.012082,0.058056,-0.043078,0.081261,0.022523,0.18463,0.47631,0.076008,0.09249,0.36549,-0.21767,0.26829,0.27274,-0.04026,0.024872,0.1061,-0.22483,-0.10264,-0.024099,-0.035059,-0.15566,0.31336,-0.12407,-0.0042466,-0.23868,0.151,0.30091,0.24813,0.17541,0.061741,0.0072502,-0.03977,0.35815,-0.063927,0.12094,0.17241,0.1263,0.034329,-0.025086,0.10606,0.1547,0.27753,0.067555
6,0.8762,0.83402,0.8738,0.91672,0.8834,0.83986,1,0.88689,0.84895,0.749,0.8911,0.85513,0.8469,0.79578,0.89126,0.87313,0.85546,0.90754,0.84941,0.84057,0.7865,0.84918,0.80459,0.85056,0.8349,0.78774,0.78023,0.81497,0.86788,0.85545,0.81166,0.73949,0.7253,0.77711,0.68315,0.65498,0.84164,0.73926,0.65151,0.66235,0.62597,0.65085,0.58568,0.6795,0.67368,0.65622,0.64052,0.63917,0.66321,0.41055,0.6186,0.53462,0.553,0.51922,0.307,0.6128,0.43581,0.64153,0.35476,0.63146,0.34895,0.41431,0.38029,0.29782,0.36521,0.36579,0.34229,0.29251,0.27681,0.49527,0.42683,0.25468,0.095013,0.16035,0.12907,-0.079195,0.35064,0.18458,0.29808,0.21411,0.30549,0.11384,0.079234,0.24699,0.076603,0.35211,0.33003,0.37921,0.14109,0.22021,-0.013737,0.090901,0.15657,-0.017756,-0.059179,0.0086717,-0.043166,0.12912,-0.014849,0.21209,0.4877,-0.03571,-0.08951,0.18156,-0.042907,0.16452,0.26951,0.036453,0.046609,0.066597,-0.22851,-0.13006,-0.076843,-0.089008,-0.22872,0.21109,-0.16118,0.12279,-0.15377,-7.0341e-05,0.37848,0.22891,0.27845,0.1309,0.012306,-0.11601,0.26375,0.0064443,0.090016,0.085635,0.13451,0.010832,0.0012869,0.16105,0.18419,0.15606,0.00028791
7,0.88017,0.87278,0.87449,0.89634,0.86848,0.85126,0.88689,1,0.86144,0.84522,0.87577,0.87404,0.85273,0.80688,0.85383,0.88679,0.85815,0.89334,0.84725,0.79301,0.84277,0.87932,0.83928,0.85274,0.79196,0.8257,0.82678,0.84727,0.85062,0.90502,0.81064,0.70632,0.71722,0.77754,0.80198,0.73273,0.80786,0.75444,0.6261,0.76642,0.66383,0.71237,0.5756,0.71695,0.69901,0.72641,0.62554,0.60122,0.68408,0.52098,0.60319,0.56012,0.56236,0.50669,0.33065,0.56991,0.41966,0.56952,0.39302,0.53567,0.31453,0.34267,0.35766,0.38445,0.4376,0.3197,0.33627,0.37301,0.37183,0.35082,0.4062,0.2556,0.10164,0.17651,0.048335,-0.03767,0.2762,0.17261,0.29644,0.22292,0.20081,0.23043,0.22038,0.074549,0.046444,0.17515,0.19098,0.39872,0.11276,0.14243,-0.10212,0.11679,0.075313,-0.050135,-0.024765,-0.12199,-0.071038,0.084787,0.05604,0.20237,0.47934,0.042323,-0.05222,0.27033,-0.086672,0.20052,0.2143,0.0075107,0.038069,0.076188,-0.22365,-0.098933,0.02518,-0.077398,-0.15429,0.22973,-0.096446,0.12457,-0.23651,-0.091569,0.3688,0.19821,0.24632,0.1191,0.1294,-0.14184,0.41412,0.0061649,0.010182,0.21685,0.099455,-0.036378,-0.025247,0.11825,0.059741,0.19952,-0.050403
8,0.84741,0.8179,0.84745,0.88022,0.85393,0.84179,0.84895,0.86144,1,0.79285,0.83122,0.81485,0.82313,0.71495,0.78617,0.80276,0.84908,0.84603,0.81989,0.81743,0.78598,0.81014,0.78178,0.77879,0.78382,0.79819,0.77192,0.82531,0.79513,0.86013,0.75553,0.69586,0.70176,0.7454,0.75652,0.65204,0.79626,0.70809,0.57728,0.73798,0.69494,0.65065,0.66308,0.62135,0.70732,0.64944,0.5869,0.65457,0.61951,0.34654,0.65872,0.6047,0.56226,0.65575,0.30138,0.57317,0.34089,0.58269,0.48876,0.55298,0.37643,0.30414,0.3976,0.46669,0.36802,0.18247,0.21576,0.42234,0.35908,0.2994,0.26123,0.22883,-0.050687,0.16057,0.034997,-0.041919,0.35811,0.30871,0.18445,0.27907,0.22324,0.25092,0.14296,0.23043,-0.05668,0.24734,0.091529,0.37814,0.015506,0.14596,-0.046748,0.1855,0.056064,-0.0082167,-0.072358,0.030772,-0.18758,0.12667,0.017557,0.1986,0.31305,0.069751,-0.065995,0.18509,-0.11519,0.3948,0.30827,0.017227,-0.0098373,0.075543,-0.20363,-0.045769,0.0080435,-0.24737,-0.29469,0.28288,0.012614,0.094021,-0.20812,-0.029605,0.20335,0.10537,0.26841,0.058298,0.041894,-0.19696,0.30272,-0.016947,0.037688,0.17919,0.14667,0.070803,-0.021949,0.090423,0.060212,0.178,-0.07289
9,0.85153,0.80601,0.78061,0.78467,0.80438,0.75652,0.749,0.84522,0.79285,1,0.82043,0.82221,0.76065,0.76995,0.7204,0.81359,0.81373,0.79837,0.78252,0.78092,0.73938,0.70955,0.77073,0.71302,0.75015,0.77879,0.75782,0.77393,0.76903,0.864,0.66521,0.71499,0.6979,0.7245,0.70634,0.60401,0.80637,0.73191,0.47544,0.7249,0.60642,0.60709,0.57021,0.71917,0.70698,0.63985,0.53972,0.61107,0.49067,0.54463,0.56614,0.61098,0.38237,0.53358,0.284,0.51819,0.44595,0.66107,0.44233,0.51823,0.29766,0.35785,0.23594,0.48835,0.36083,0.28943,0.33034,0.36361,0.33333,0.25901,0.4568,0.27777,0.030656,0.101,0.0095032,0.017853,0.33028,0.18015,0.19997,0.2258,0.2501,0.15018,0.31767,0.052188,0.086283,0.13059,0.1733,0.26366,-0.040743,0.10021,-0.046453,0.18579,0.08784,0.065669,-0.019932,-0.079849,-0.056287,0.11985,0.03538,0.016085,0.35116,0.10419,0.0072801,0.18449,-0.043231,0.29404,0.21969,-0.069109,0.026971,0.093123,-0.15006,0.041522,-0.14288,-0.082557,-0.081894,0.25132,-0.010711,0.089183,-0.12907,-0.064414,0.31811,0.26593,0.22327,0.18053,0.10213,-0.15254,0.45038,-0.061643,0.013657,0.15319,0.073737,-0.13252,-0.081538,0.088003,0.22619,0.18195,-0.16067
10,0.88393,0.87951,0.86245,0.8933,0.8574,0.8591,0.8911,0.87577,0.83122,0.82043,1,0.86713,0.82844,0.79239,0.88615,0.87928,0.86789,0.90121,0.8814,0.83889,0.73728,0.82066,0.84568,0.81544,0.82044,0.80741,0.80007,0.81947,0.83268,0.85206,0.72664,0.79408,0.77221,0.78205,0.67209,0.73489,0.85448,0.77893,0.56275,0.75118,0.67211,0.68226,0.63655,0.71537,0.68151,0.66074,0.50087,0.70462,0.66119,0.47416,0.63865,0.53401,0.55915,0.51237,0.21868,0.55043,0.44609,0.59466,0.41317,0.55595,0.21057,0.4542,0.37267,0.26986,0.34106,0.36172,0.34156,0.38198,0.186,0.44111,0.43253,0.22695,0.085172,0.13707,0.10949,0.014217,0.4465,0.16856,0.18196,0.32983,0.26454,0.26953,0.2871,0.20971,0.1053,0.24388,0.25698,0.39272,0.089152,0.11876,-0.10944,0.17241,0.12213,0.037256,-0.0013425,0.015877,0.0091225,0.072988,0.024075,0.14342,0.50988,0.1704,0.011863,0.25636,-0.081619,0.26712,0.20793,-0.033293,0.065442,0.04644,-0.31698,-0.15229,-0.11864,-0.059584,-0.18423,0.21619,-0.17178,0.021297,-0.26849,-0.036201,0.3116,0.26767,0.27246,0.12693,0.080047,-0.026931,0.284,-0.016696,0.050494,0.21487,0.196,-0.04701,-0.022219,0.085544,0.1928,0.17848,-0.019316
11,0.88821,0.89826,0.86565,0.84295,0.81882,0.84492,0.85513,0.87404,0.81485,0.82221,0.86713,1,0.84862,0.73858,0.82387,0.86774,0.89074,0.86261,0.89481,0.82407,0.79433,0.8275,0.84166,0.80759,0.81614,0.82149,0.74241,0.85432,0.87114,0.87211,0.75893,0.75113,0.66842,0.77604,0.75627,0.65818,0.87039,0.77166,0.55629,0.66142,0.67434,0.64946,0.54484,0.67906,0.70764,0.74875,0.65345,0.5792,0.69338,0.53636,0.65701,0.58307,0.55713,0.41722,0.27235,0.63743,0.41819,0.61775,0.44425,0.54137,0.28848,0.42473,0.32603,0.39757,0.35311,0.33197,0.27379,0.40092,0.26587,0.36564,0.48857,0.21578,0.17411,0.16795,0.088235,0.029215,0.40024,0.1302,0.27905,0.33468,0.24774,0.19794,0.26812,0.24822,-0.020923,0.24612,0.18209,0.27131,0.12239,0.016282,0.056509,0.15226,0.093478,-0.05158,0.017512,-0.015219,-0.080294,0.013374,-0.10684,0.11462,0.41189,0.14254,0.069802,0.18176,-0.18226,0.30872,0.17251,-0.025597,0.09578,0.12181,-0.232,-0.096268,-0.012828,-0.079809,-0.17102,0.19562,-0.019236,0.013705,-0.20986,-0.038963,0.3613,0.17256,0.35008,0.051224,0.16679,-0.079451,0.34777,-0.1194,0.055311,0.23001,0.13544,0.0022855,-0.12875,0.039904,0.14478,0.16212,-0.05257
12,0.84594,0.8171,0.82254,0.82484,0.81038,0.81451,0.8469,0.85273,0.82313,0.76065,0.82844,0.84862,1,0.81468,0.84536,0.84251,0.87528,0.86204,0.80407,0.80638,0.81516,0.82637,0.80385,0.80784,0.82083,0.7683,0.70834,0.83362,0.84766,0.87707,0.72222,0.67953,0.72884,0.67975,0.76563,0.65565,0.80847,0.74974,0.62352,0.70436,0.68748,0.72579,0.57848,0.64663,0.60657,0.68666,0.6035,0.61951,0.75804,0.51345,0.59717,0.66679,0.58181,0.55368,0.20107,0.49442,0.34155,0.62767,0.41604,0.46404,0.39342,0.36362,0.34143,0.34771,0.27558,0.33398,0.26453,0.40517,0.32192,0.25601,0.42225,0.33746,0.14789,0.15775,0.0022986,-0.059275,0.35877,0.28388,0.29592,0.26226,0.21801,0.20265,0.13398,0.19376,-0.097011,0.20764,0.24755,0.32126,0.1688,0.073689,-0.048947,0.10973,0.13992,0.016065,-0.16282,0.023715,-0.14784,0.069601,-0.09292,0.19489,0.37671,0.070439,-0.020094,0.21259,-0.20296,0.11118,0.20619,-0.046597,0.060133,0.1539,-0.1562,-0.043452,-0.036875,-0.13109,-0.20369,0.18294,-0.025143,0.13514,-0.16075,-0.11279,0.3049,0.2024,0.25389,0.083797,0.035206,-0.058322,0.27979,-0.06787,0.034265,0.20204,0.17271,0.12129,-0.075979,0.016008,0.19202,0.20604,-0.041761
13,0.83456,0.7794,0.7743,0.79622,0.71724,0.80779,0.79578,0.80688,0.71495,0.76995,0.79239,0.73858,0.81468,1,0.82835,0.84517,0.79699,0.82624,0.77111,0.78324,0.74704,0.74158,0.78662,0.75921,0.76727,0.6958,0.72464,0.78755,0.71824,0.79716,0.72361,0.6522,0.76643,0.74634,0.65397,0.55615,0.74243,0.70798,0.61596,0.6903,0.55726,0.68062,0.58293,0.58718,0.54336,0.6161,0.47427,0.66822,0.58242,0.4705,0.58097,0.56493,0.41583,0.44304,0.23971,0.37646,0.4471,0.59158,0.3373,0.57065,0.23005,0.48575,0.25348,0.39573,0.37885,0.28395,0.37422,0.095873,0.27186,0.31742,0.34596,0.32542,0.23847,0.19109,-0.016884,0.030819,0.30868,0.27789,0.28857,0.12543,0.19267,0.10434,0.31946,-0.022616,0.099831,0.25775,0.27357,0.28005,0.11437,0.044538,0.093023,0.045515,0.087095,-0.036459,-0.052418,-0.011874,-0.0081562,0.161,0.076076,0.01669,0.43579,0.10263,-0.039253,0.21204,0.027756,0.067947,0.33521,-0.007092,-0.13346,0.16163,-0.10162,-0.15289,0.060914,-0.13639,-0.16188,0.14416,-0.18723,0.001999,0.012413,-0.0076888,0.22132,0.33672,0.10006,0.16926,0.010632,-0.047506,0.37956,0.04299,0.21255,0.12546,0.1316,0.053762,-0.15378,0.18948,0.23326,0.21929,0.0035979
14,0.84098,0.83787,0.84957,0.89279,0.8486,0.86011,0.89126,0.85383,0.78617,0.7204,0.88615,0.82387,0.84536,0.82835,1,0.87043,0.83721,0.86818,0.85476,0.79146,0.81107,0.86304,0.80813,0.83427,0.8373,0.78954,0.82505,0.82879,0.8475,0.81905,0.80427,0.7782,0.69095,0.79718,0.67283,0.66523,0.7646,0.7234,0.58161,0.67366,0.63868,0.69945,0.65271,0.67687,0.66553,0.62134,0.57585,0.7211,0.66758,0.43626,0.58568,0.4611,0.52606,0.51135,0.29363,0.46819,0.40142,0.53896,0.424,0.5382,0.29685,0.32761,0.28911,0.31114,0.31363,0.306,0.3135,0.3085,0.15748,0.40224,0.4033,0.22163,0.15238,0.1721,0.018473,-0.046968,0.37621,0.22583,0.2335,0.29069,0.21237,0.2238,0.24804,0.16143,0.12965,0.27486,0.30259,0.2931,0.11709,0.083315,-0.038404,0.13622,0.052922,-0.13157,-0.010732,-0.011808,0.060549,0.10739,-0.0452,0.18638,0.46758,0.10927,-0.10288,0.16919,-0.12651,0.17177,0.20818,-0.030517,0.06227,0.14882,-0.18353,-0.19329,0.01684,-0.15959,-0.16226,0.11017,-0.16894,0.0373,-0.15669,-0.071597,0.3601,0.25222,0.26566,0.021627,0.081732,-0.045267,0.30581,-0.018406,0.20139,0.07091,0.072046,0.10733,-0.11496,0.094238,0.11397,0.16998,0.030961
15,0.88858,0.88072,0.81463,0.90272,0.79172,0.81167,0.87313,0.88679,0.80276,0.81359,0.87928,0.86774,0.84251,0.84517,0.87043,1,0.89309,0.87693,0.83083,0.8373,0.79983,0.84336,0.85044,0.83862,0.77054,0.8022,0.786,0.89348,0.84282,0.86584,0.74348,0.72017,0.75918,0.7506,0.76838,0.69934,0.82857,0.75674,0.59206,0.73186,0.61572,0.68586,0.67518,0.6431,0.68344,0.73768,0.52773,0.60126,0.69756,0.52235,0.58816,0.60099,0.56231,0.4347,0.20859,0.58036,0.43862,0.65397,0.36644,0.59582,0.34059,0.41594,0.3193,0.44629,0.45483,0.29774,0.34376,0.29839,0.31536,0.43086,0.43684,0.3057,0.061613,0.24336,0.072594,-0.035114,0.39965,0.24692,0.30613,0.25095,0.10888,0.20081,0.35423,0.10022,0.16332,0.19481,0.23633,0.2947,0.19861,0.032745,-0.022039,0.18849,0.05874,-0.050776,0.012511,-0.0039165,-0.004414,0.050219,-0.020911,0.096353,0.4502,0.15063,-0.095718,0.18485,-0.14695,0.18744,0.20695,0.020393,-0.050778,0.12392,-0.23576,-0.020633,0.05423,-0.093384,-0.09447,0.23183,-0.14659,0.049116,-0.14524,-0.14578,0.36903,0.14295,0.2689,0.097418,0.10824,-0.095957,0.3192,0.0066114,0.042973,0.18815,0.16901,-0.0022244,-0.11321,0.072548,0.11641,0.16385,-0.05751
16,0.87097,0.84489,0.85762,0.84166,0.83878,0.85195,0.85546,0.85815,0.84908,0.81373,0.86789,0.89074,0.87528,0.79699,0.83721,0.89309,1,0.90829,0.85315,0.84909,0.8088,0.86395,0.84329,0.85182,0.82457,0.82176,0.77016,0.85897,0.87503,0.86977,0.73739,0.75962,0.75731,0.78262,0.72591,0.6918,0.81487,0.77202,0.60283,0.6712,0.69643,0.7582,0.5819,0.57482,0.71611,0.74539,0.57382,0.64171,0.74611,0.45077,0.70488,0.58974,0.62919,0.49617,0.22216,0.59455,0.42788,0.53768,0.48895,0.61934,0.36267,0.39058,0.32629,0.46074,0.28424,0.27626,0.37905,0.32962,0.30112,0.3174,0.30298,0.29865,0.13083,0.19458,0.061113,0.07487,0.33253,0.3261,0.30826,0.3994,0.15644,0.19761,0.25958,0.10263,-0.0039302,0.17299,0.24907,0.30544,0.16871,0.07552,0.06523,0.05814,0.10328,0.10275,-0.037963,0.035661,-0.098766,0.011861,-0.05061,0.11393,0.38801,0.18208,0.028429,0.23519,-0.17253,0.30781,0.26371,0.015051,0.026564,0.18042,-0.27301,-0.010626,-0.021455,-0.11492,-0.20403,0.22348,-0.01665,0.025448,-0.19851,-0.086142,0.27321,0.13695,0.28344,0.016261,0.052694,-0.14621,0.259,-0.10269,0.033828,0.19732,0.12372,-0.0050342,-0.12307,0.0071494,0.21866,0.19763,-0.11177
17,0.88657,0.83975,0.93137,0.89399,0.85928,0.86798,0.90754,0.89334,0.84603,0.79837,0.90121,0.86261,0.86204,0.82624,0.86818,0.87693,0.90829,1,0.86558,0.82511,0.80016,0.88853,0.8473,0.8803,0.87679,0.79642,0.77552,0.85967,0.86731,0.87666,0.7911,0.73406,0.74591,0.79365,0.72472,0.6832,0.8133,0.79373,0.6815,0.68562,0.68185,0.73368,0.60469,0.70887,0.69448,0.74674,0.56446,0.67548,0.76911,0.49323,0.66461,0.61345,0.57755,0.50157,0.36812,0.55274,0.46453,0.5699,0.46669,0.6557,0.23572,0.37125,0.29946,0.3574,0.26614,0.36317,0.39154,0.31276,0.24544,0.39308,0.37538,0.2981,0.10939,0.2191,0.0037213,0.040197,0.29467,0.31576,0.30381,0.3569,0.19943,0.083434,0.23451,0.1263,0.032005,0.32997,0.3848,0.3629,0.11635,0.14458,-0.0017751,0.12367,0.093529,0.049516,-0.016621,0.11865,-0.04208,0.046473,0.032879,0.078613,0.38749,0.05343,-0.030295,0.27899,-0.090129,0.26317,0.3083,-0.0012424,0.0051941,0.085645,-0.32324,-0.18239,-0.040461,-0.14577,-0.205,0.20341,-0.18622,0.054491,-0.13691,0.027959,0.32667,0.30259,0.28512,0.10888,0.084384,-0.12722,0.27566,-0.031757,0.099594,0.10516,0.2307,0.037663,-0.0022624,0.12458,0.12369,0.20615,0.01619
18,0.85471,0.8732,0.87849,0.85796,0.82374,0.89642,0.84941,0.84725,0.81989,0.78252,0.8814,0.89481,0.80407,0.77111,0.85476,0.83083,0.85315,0.86558,1,0.78748,0.74208,0.81655,0.83869,0.84393,0.81938,0.80722,0.76846,0.80467,0.81989,0.81503,0.76646,0.78602,0.70354,0.86244,0.70803,0.65577,0.87292,0.77765,0.50696,0.63531,0.64883,0.67322,0.57677,0.68259,0.69108,0.72886,0.53514,0.61842,0.66019,0.50353,0.66314,0.62573,0.48572,0.43788,0.25036,0.61438,0.32356,0.53035,0.47047,0.62283,0.19113,0.3205,0.25011,0.40586,0.19757,0.29068,0.25955,0.30291,0.28272,0.38596,0.47918,0.27432,0.073067,0.23015,-0.010385,0.0011151,0.37128,0.16221,0.24127,0.41371,0.27627,0.18458,0.24021,0.27559,-0.0024184,0.24546,0.21858,0.47809,0.090281,0.15676,0.054694,0.10638,0.024407,-0.040382,0.0037465,0.042331,0.076014,0.048723,0.024038,0.1089,0.43196,0.0074159,0.0079752,0.28669,-0.15524,0.30569,0.18066,0.026411,0.1166,0.16068,-0.22591,-0.10146,0.012359,-0.036363,-0.22531,0.22561,-0.098408,0.01475,-0.28938,-0.011455,0.34213,0.20878,0.14979,0.11921,0.055534,-0.047926,0.37654,-0.060144,0.12683,0.22011,0.091286,0.068725,-0.10125,0.12886,0.063343,0.16115,-0.015189
19,0.86226,0.8109,0.79965,0.80562,0.80375,0.81665,0.84057,0.79301,0.81743,0.78092,0.83889,0.82407,0.80638,0.78324,0.79146,0.8373,0.84909,0.82511,0.78748,1,0.71139,0.74759,0.79611,0.75747,0.72285,0.75405,0.65889,0.84731,0.72471,0.7785,0.77076,0.7265,0.77294,0.72188,0.65568,0.68487,0.81457,0.73575,0.60427,0.53054,0.62845,0.60509,0.61584,0.60476,0.63909,0.64137,0.54204,0.62072,0.60462,0.38746,0.62082,0.47329,0.50843,0.51328,0.17209,0.51271,0.49563,0.67505,0.31465,0.54872,0.28759,0.38737,0.34668,0.33619,0.32533,0.25365,0.42275,0.34278,0.25298,0.40787,0.29693,0.3363,0.11925,0.073821,0.10934,-0.012348,0.33306,0.25713,0.24779,0.21654,0.20878,0.16129,0.16137,0.067887,0.11688,0.26257,0.18401,0.36787,0.20466,0.13373,0.0063145,0.039812,0.11342,0.067551,0.01626,-0.021381,-0.14554,0.13489,-0.063311,0.16535,0.41364,0.088309,0.014459,0.10678,-0.10002,0.19468,0.26387,-0.081748,-0.0037685,-0.013248,-0.27046,-0.095276,-0.1295,-0.0080861,-0.2154,0.34653,-0.092477,0.12939,-0.089703,0.023288,0.12711,0.27588,0.28668,0.15781,0.1358,-0.15083,0.30041,0.02869,0.10317,0.10094,0.059476,-0.0078975,-0.15039,0.052826,0.27783,0.15614,0.11448
20,0.82865,0.82708,0.77731,0.80827,0.77138,0.79871,0.7865,0.84277,0.78598,0.73938,0.73728,0.79433,0.81516,0.74704,0.81107,0.79983,0.8088,0.80016,0.74208,0.71139,1,0.79462,0.784,0.81069,0.74256,0.72063,0.78317,0.78423,0.80406,0.8619,0.75541,0.66582,0.64614,0.71866,0.74797,0.72293,0.7131,0.68549,0.59593,0.65135,0.72799,0.75767,0.49724,0.60684,0.78625,0.62719,0.56804,0.62568,0.72579,0.43855,0.63041,0.58664,0.63738,0.47088,0.37283,0.49763,0.43669,0.51242,0.40401,0.5297,0.34482,0.26264,0.28583,0.48687,0.35136,0.20677,0.27232,0.43006,0.36044,0.24782,0.43837,0.20252,0.12519,0.054185,0.10159,0.08366,0.17553,0.1564,0.27296,0.32697,0.21287,0.20655,0.24457,0.078614,-0.10923,0.11548,0.11874,0.20744,0.038248,0.073816,-0.063423,0.12522,-0.045997,-0.0047265,0.027611,-0.046098,-0.10153,0.026325,0.10658,0.15639,0.30023,0.086866,0.066274,0.1469,-0.25071,0.10382,0.23101,-0.060982,-0.15193,0.23456,-0.16766,-0.014181,-0.014655,-0.11164,-0.26308,0.070749,-0.067307,0.17669,-0.034284,-0.025495,0.23513,0.21552,0.33317,-0.048967,0.071884,-0.10585,0.47041,-0.064761,0.14966,0.0042815,0.11862,0.067299,-0.081168,-0.019607,0.17733,0.17218,-0.00932
21,0.79963,0.8344,0.88134,0.87777,0.80691,0.87198,0.84918,0.87932,0.81014,0.70955,0.82066,0.8275,0.82637,0.74158,0.86304,0.84336,0.86395,0.88853,0.81655,0.74759,0.79462,1,0.79785,0.83497,0.79746,0.83388,0.75513,0.78657,0.85607,0.81806,0.7969,0.70917,0.61764,0.79224,0.70085,0.66937,0.74518,0.73044,0.57732,0.69363,0.62473,0.76825,0.59315,0.58778,0.65699,0.72995,0.62437,0.60845,0.76271,0.38704,0.586,0.57435,0.65429,0.44669,0.28167,0.49849,0.42839,0.46785,0.49029,0.49106,0.25891,0.25736,0.39644,0.3352,0.23907,0.33272,0.35727,0.34143,0.25919,0.33648,0.37539,0.18426,0.081158,0.28051,0.042482,-0.041969,0.23076,0.20978,0.31706,0.26799,0.19781,0.16727,0.22199,0.17647,0.019311,0.20975,0.28441,0.38705,0.26047,0.121,-0.111,0.032483,0.11676,-0.079965,0.036875,0.057022,-0.13353,0.056963,0.00071334,0.194,0.40883,0.093996,-0.13483,0.36284,-0.2207,0.3122,0.21765,-0.094553,0.10901,0.090088,-0.29413,-0.0066654,0.050821,-0.12758,-0.11807,0.21558,-0.083327,0.009436,-0.24041,-0.065834,0.45876,0.23087,0.22947,0.057829,0.1365,-0.17597,0.31,-0.14773,0.053694,0.12608,0.14387,-0.02842,0.050228,-0.028879,0.090186,0.1577,-0.051835
22,0.83935,0.83609,0.81666,0.87595,0.75667,0.81885,0.80459,0.83928,0.78178,0.77073,0.84568,0.84166,0.80385,0.78662,0.80813,0.85044,0.84329,0.8473,0.83869,0.79611,0.784,0.79785,1,0.84334,0.77488,0.70916,0.75671,0.84376,0.81739,0.84762,0.77264,0.72701,0.73679,0.8215,0.6733,0.72399,0.7569,0.69389,0.55093,0.6452,0.65429,0.74248,0.50281,0.58208,0.58182,0.74132,0.48915,0.56689,0.70453,0.43424,0.70432,0.59548,0.5103,0.4058,0.14137,0.57686,0.35565,0.56324,0.26738,0.58477,0.2284,0.32545,0.29476,0.38478,0.32652,0.30865,0.29513,0.30598,0.21593,0.44418,0.41841,0.31316,0.17164,0.086754,-0.074138,0.076346,0.33139,0.29372,0.24607,0.23246,0.24867,0.24787,0.28467,0.13104,-0.0037051,0.16303,0.19172,0.39374,0.24989,0.12837,-0.026027,0.037403,0.12136,0.090716,0.051447,-0.062408,0.050741,0.062823,0.13326,0.025062,0.4621,0.14849,0.0065242,0.1167,-0.044604,0.17529,0.081029,0.030841,-0.04693,0.26503,-0.15013,-0.080866,-0.059441,-0.10804,-0.22667,0.20837,-0.21532,-0.0049938,-0.25622,-0.11835,0.30888,0.24715,0.28223,0.060891,0.19773,-0.16458,0.3665,-0.13257,-0.041127,0.14958,0.021046,-0.0087576,-0.1305,-0.037777,0.09228,0.18105,-0.033606
23,0.86856,0.8408,0.85772,0.86119,0.82175,0.792,0.85056,0.85274,0.77879,0.71302,0.81544,0.80759,0.80784,0.75921,0.83427,0.83862,0.85182,0.8803,0.84393,0.75747,0.81069,0.83497,0.84334,1,0.82028,0.74524,0.76718,0.83819,0.8609,0.85119,0.79807,0.70333,0.69029,0.80096,0.71355,0.66745,0.77419,0.68162,0.62901,0.6646,0.67222,0.77898,0.49409,0.56601,0.62908,0.6959,0.60412,0.62055,0.70643,0.49798,0.65313,0.55399,0.62341,0.43437,0.27873,0.54246,0.34109,0.51181,0.43841,0.66414,0.25114,0.22363,0.2468,0.47649,0.34093,0.3136,0.38731,0.32393,0.41911,0.31842,0.38154,0.33526,0.13412,0.24154,0.0073783,-0.0089633,0.19735,0.21287,0.33484,0.29064,0.17307,0.2182,0.25247,0.14464,0.090439,0.13488,0.19812,0.42372,0.21111,0.22046,-0.073388,0.059422,0.19361,0.078055,0.034602,0.025034,0.044169,0.1012,0.026697,-0.00079327,0.3148,-0.0079823,-0.064113,0.1404,-0.14209,0.14606,0.10876,-0.022968,0.030791,0.27625,-0.27043,-0.18344,-0.029065,-0.22879,-0.18351,0.11369,-0.026634,0.027754,-0.14508,-0.2082,0.31408,0.070191,0.21507,0.080599,0.015336,-0.15386,0.21688,-0.094253,0.09486,0.21962,0.068233,0.16371,0.0037187,0.038967,0.087923,0.10759,0.050737
24,0.82803,0.80108,0.83334,0.80328,0.75438,0.82328,0.8349,0.79196,0.78382,0.75015,0.82044,0.81614,0.82083,0.76727,0.8373,0.77054,0.82457,0.87679,0.81938,0.72285,0.74256,0.79746,0.77488,0.82028,1,0.76596,0.71746,0.77993,0.81083,0.81634,0.74366,0.73961,0.64748,0.73671,0.65158,0.55383,0.78647,0.70964,0.58316,0.6282,0.64733,0.61327,0.52581,0.66295,0.63606,0.61264,0.52848,0.68606,0.63984,0.5164,0.64136,0.51381,0.49073,0.5584,0.4166,0.56609,0.35204,0.55409,0.47317,0.56275,0.20266,0.3478,0.21367,0.29208,0.29616,0.33826,0.22671,0.26513,0.27104,0.2485,0.3908,0.21975,0.25033,0.19338,-0.077669,0.01904,0.36005,0.31785,0.23901,0.22621,0.26062,0.20371,0.27756,0.24312,0.054105,0.22653,0.26829,0.19685,0.031946,0.072557,0.15437,0.22556,0.22875,0.049526,-0.12155,0.13501,0.0021574,0.16954,0.0081808,0.10249,0.43221,0.077063,-0.0056505,0.20809,-0.050962,0.23657,0.20062,0.083283,0.10267,0.22914,-0.30682,-0.11073,-0.064909,-0.18106,-0.12375,0.1356,-0.020831,0.047212,-0.12662,-0.031057,0.34655,0.16145,0.42438,-0.038245,0.027917,-0.083189,0.28563,-0.12365,0.037399,0.10497,0.11606,0.098402,-0.046706,0.22618,0.14477,0.25794,0.012054
25,0.80885,0.84498,0.81278,0.78236,0.74496,0.75502,0.78774,0.8257,0.79819,0.77879,0.80741,0.82149,0.7683,0.6958,0.78954,0.8022,0.82176,0.79642,0.80722,0.75405,0.72063,0.83388,0.70916,0.74524,0.76596,1,0.77071,0.76663,0.81092,0.77082,0.75325,0.71559,0.61977,0.75194,0.7242,0.67291,0.78566,0.72332,0.53396,0.63221,0.62874,0.65198,0.63777,0.66054,0.67761,0.66159,0.52603,0.59617,0.61564,0.37383,0.58051,0.5373,0.53086,0.57219,0.21068,0.56512,0.29242,0.61192,0.51588,0.44433,0.23301,0.43886,0.32631,0.42827,0.24807,0.1737,0.27165,0.39222,0.41078,0.21974,0.3003,0.34821,0.014918,0.34882,0.16104,-0.21579,0.46289,0.10504,0.23759,0.3139,0.21663,0.33021,0.25295,0.22292,0.075942,0.23116,0.17021,0.21978,0.15315,0.15121,-0.066476,0.01726,0.11731,-0.085338,0.007838,0.043342,-0.13002,0.20273,-0.034023,0.24343,0.30553,-0.013901,-0.13405,0.22614,-0.18244,0.36883,0.27184,-0.10266,0.14146,0.074264,-0.24897,-0.065709,0.081546,-0.074608,-0.20067,0.22331,0.001798,0.10708,-0.25732,-0.11462,0.27479,0.18845,0.2241,0.12896,0.16726,-0.076996,0.32453,-0.0040475,0.067178,0.21064,0.1572,-0.0098156,-0.2072,0.067066,0.048039,0.088002,-0.19636
26,0.80626,0.78262,0.7538,0.82496,0.80181,0.70786,0.78023,0.82678,0.77192,0.75782,0.80007,0.74241,0.70834,0.72464,0.82505,0.786,0.77016,0.77552,0.76846,0.65889,0.78317,0.75513,0.75671,0.76718,0.71746,0.77071,1,0.76635,0.74871,0.78219,0.6771,0.67605,0.57366,0.80475,0.6252,0.64263,0.71862,0.65046,0.64016,0.68777,0.7154,0.63476,0.53034,0.52465,0.71778,0.66379,0.48007,0.70408,0.56965,0.35104,0.46882,0.53166,0.46415,0.62133,0.30327,0.53816,0.24293,0.47451,0.3307,0.55278,0.34796,0.26176,0.21442,0.47521,0.28719,0.15829,0.27445,0.28755,0.29885,0.42159,0.3523,0.2826,0.0024379,0.058238,0.15661,-0.040907,0.42029,0.13274,0.15059,0.35214,0.15369,0.29738,0.31852,0.059774,0.092277,0.10637,0.2564,0.25614,-0.05149,0.15147,-0.059355,0.12325,0.061809,-0.050582,-0.075042,-0.038382,0.073757,0.13533,0.19914,0.016587,0.39013,0.14347,-0.066875,0.086252,0.036991,0.27558,0.14891,0.0040744,0.038277,0.17879,-0.091132,-0.074584,0.083089,-0.12859,-0.15377,-0.036017,-0.1207,0.086299,-0.064789,-0.15705,0.25235,0.14584,0.17335,0.053689,0.21083,-0.16308,0.42539,-0.048516,0.053485,0.0022837,0.11514,0.082927,-0.10913,0.010389,0.11853,0.080474,-0.23482
27,0.87302,0.83647,0.86635,0.8533,0.81695,0.77079,0.81497,0.84727,0.82531,0.77393,0.81947,0.85432,0.83362,0.78755,0.82879,0.89348,0.85897,0.85967,0.80467,0.84731,0.78423,0.78657,0.84376,0.83819,0.77993,0.76663,0.76635,1,0.77653,0.82746,0.70077,0.61369,0.73468,0.7418,0.7272,0.70212,0.79145,0.67643,0.6781,0.63062,0.62183,0.6354,0.63123,0.59383,0.60495,0.67731,0.57617,0.57835,0.62684,0.51709,0.61931,0.56513,0.57218,0.55829,0.20735,0.51554,0.38577,0.61334,0.41175,0.51473,0.35252,0.35607,0.28441,0.48722,0.36322,0.32107,0.35806,0.40302,0.33251,0.43058,0.35058,0.24662,0.073666,0.17116,-0.043642,-0.00024007,0.41978,0.28768,0.30349,0.26359,0.0068509,0.13953,0.26961,0.010302,0.16116,0.16086,0.26027,0.29269,0.1603,0.07595,0.068775,0.21993,0.072685,-0.098098,-0.0012774,0.03467,0.049387,0.11091,-0.030927,0.12805,0.35801,0.079711,-0.077823,0.04088,-0.030757,0.19015,0.15069,-0.011153,-0.031269,0.14495,-0.18461,-0.078939,0.078738,-0.24334,-0.19351,0.14867,-0.034552,0.18268,-0.085392,-0.082687,0.19537,0.19401,0.28069,0.075206,0.21195,-0.19905,0.30235,-0.015189,0.091301,0.23781,0.15396,0.19078,-0.13494,-0.0088414,0.021905,0.21402,0.043467
28,0.82198,0.82829,0.84944,0.85896,0.80616,0.78485,0.86788,0.85062,0.79513,0.76903,0.83268,0.87114,0.84766,0.71824,0.8475,0.84282,0.87503,0.86731,0.81989,0.72471,0.80406,0.85607,0.81739,0.8609,0.81083,0.81092,0.74871,0.77653,1,0.8576,0.78554,0.73373,0.69398,0.74616,0.70658,0.7106,0.76076,0.76229,0.53648,0.72381,0.62695,0.7359,0.5283,0.64924,0.66508,0.65517,0.63169,0.64234,0.73353,0.47108,0.67348,0.54699,0.57214,0.4059,0.32601,0.5377,0.40008,0.59633,0.4952,0.60759,0.31927,0.33979,0.24188,0.37804,0.36535,0.32035,0.29433,0.30976,0.28546,0.33859,0.37013,0.24931,0.082783,0.21679,0.019035,-0.041737,0.28669,0.22574,0.31468,0.33201,0.26992,0.16037,0.26021,0.29416,-0.011276,0.17555,0.20618,0.29601,0.15833,0.1632,-0.13191,0.093677,0.25007,0.025266,0.024527,-0.057942,-0.070103,0.071808,-0.028717,0.18937,0.36595,0.0021366,-0.07591,0.17308,-0.15834,0.25925,0.17949,-0.023631,0.065722,0.14667,-0.19833,-0.10428,-0.074894,-0.19795,-0.20926,0.11218,-0.025801,-0.0010891,-0.24274,-0.12476,0.40878,0.14906,0.29145,-0.031169,0.047815,-0.081864,0.24958,-0.081904,-0.012125,0.12175,0.13019,0.020625,-0.10832,-0.01002,0.11966,0.10086,-0.16274
29,0.91058,0.86197,0.84337,0.86772,0.86353,0.83094,0.85545,0.90502,0.86013,0.864,0.85206,0.87211,0.87707,0.79716,0.81905,0.86584,0.86977,0.87666,0.81503,0.7785,0.8619,0.81806,0.84762,0.85119,0.81634,0.77082,0.78219,0.82746,0.8576,1,0.75618,0.77036,0.68714,0.74268,0.84075,0.65081,0.83005,0.65744,0.62277,0.81557,0.68174,0.72138,0.54643,0.66137,0.69621,0.70388,0.66381,0.62358,0.67439,0.53775,0.61931,0.66908,0.57362,0.58392,0.28882,0.59817,0.44338,0.56959,0.40444,0.50418,0.27969,0.3851,0.32708,0.46351,0.4511,0.23886,0.29582,0.4284,0.35221,0.29301,0.42579,0.35777,0.084327,0.14286,0.052012,-0.027205,0.27009,0.27083,0.24131,0.26702,0.30604,0.20865,0.28631,0.14601,-0.0063309,0.20255,0.13286,0.32335,0.10051,0.095771,-0.10792,0.2151,0.060536,0.013415,-0.032776,-0.0053016,-0.082158,0.10412,-0.087854,0.047053,0.35338,0.09346,0.016047,0.21941,-0.16298,0.12362,0.15547,-0.013007,-0.093669,0.16781,-0.16467,-0.069612,-0.0020773,-0.1538,-0.18746,0.1939,-0.085273,0.079095,-0.18895,-0.10457,0.30998,0.15681,0.23035,0.037944,0.045574,-0.12608,0.37256,-0.12328,0.068315,0.20624,0.13413,0.024191,-0.020133,0.034387,0.12533,0.17034,-0.079636
30,0.7895,0.7801,0.79392,0.78851,0.75756,0.76265,0.81166,0.81064,0.75553,0.66521,0.72664,0.75893,0.72222,0.72361,0.80427,0.74348,0.73739,0.7911,0.76646,0.77076,0.75541,0.7969,0.77264,0.79807,0.74366,0.75325,0.6771,0.70077,0.78554,0.75618,1,0.74613,0.59629,0.72933,0.65902,0.65678,0.69613,0.66832,0.53199,0.52226,0.58686,0.7045,0.47338,0.59744,0.6446,0.6721,0.52915,0.58904,0.6561,0.28125,0.62262,0.43241,0.48513,0.39601,0.28843,0.57704,0.45797,0.57765,0.30117,0.54719,0.30646,0.34684,0.17588,0.34717,0.35462,0.17724,0.40087,0.26331,0.25739,0.31111,0.30121,0.29266,0.19584,0.18353,-0.0098096,0.016623,0.17296,0.23269,0.19647,0.2306,0.38896,0.28308,0.09242,0.20965,-0.093063,0.33062,0.093131,0.26361,0.18256,0.29406,-0.061103,-0.065969,0.078105,-0.10921,0.056744,-0.070952,-0.091891,0.18814,0.059519,0.14307,0.29917,-0.038022,-0.14152,0.11772,-0.10598,0.15405,0.28671,-0.011327,0.043508,0.1053,-0.28398,-0.1644,-0.092177,-0.14091,-0.2447,0.27627,-0.069628,0.037797,-0.10042,-0.15363,0.22675,0.27843,0.32515,0.037202,0.17776,-0.20627,0.32414,-0.0066014,0.08764,-0.068067,-0.047741,-0.043521,-0.18323,0.14584,-0.016205,0.0081482,0.070728
31,0.75135,0.76762,0.67955,0.7525,0.71995,0.7343,0.73949,0.70632,0.69586,0.71499,0.79408,0.75113,0.67953,0.6522,0.7782,0.72017,0.75962,0.73406,0.78602,0.7265,0.66582,0.70917,0.72701,0.70333,0.73961,0.71559,0.67605,0.61369,0.73373,0.77036,0.74613,1,0.58069,0.65347,0.66011,0.54919,0.79004,0.63106,0.36979,0.52459,0.61545,0.67242,0.55974,0.55329,0.71668,0.66312,0.44504,0.6534,0.61514,0.33014,0.53199,0.44238,0.39269,0.41271,0.30331,0.59343,0.37736,0.49265,0.37157,0.45832,0.12066,0.28549,0.22052,0.28196,0.29609,0.21835,0.2884,0.21213,0.14123,0.26765,0.35773,0.3547,0.12517,0.011296,0.16407,0.13446,0.32465,0.2445,0.10386,0.29723,0.52342,0.30883,0.19653,0.33108,-0.030627,0.18433,0.075816,0.31949,0.22137,0.10632,-0.023183,0.07601,0.021939,-0.037659,-0.032863,0.089701,-0.090782,0.057768,-0.010437,0.038456,0.34064,0.20434,0.012798,0.13946,-0.14588,0.27199,0.10755,-0.032177,0.041404,0.078769,-0.329,-0.089999,-0.073476,-0.041793,-0.20848,0.12491,-0.087726,0.010323,-0.30193,-0.18776,0.24146,0.12422,0.2015,-0.11326,0.038008,-0.021288,0.36018,-0.05465,0.055746,-0.015766,-0.081319,-0.14133,-0.12183,0.11918,0.21842,0.13443,-0.013808
32,0.76882,0.65753,0.68244,0.71339,0.69648,0.72159,0.7253,0.71722,0.70176,0.6979,0.77221,0.66842,0.72884,0.76643,0.69095,0.75918,0.75731,0.74591,0.70354,0.77294,0.64614,0.61764,0.73679,0.69029,0.64748,0.61977,0.57366,0.73468,0.69398,0.68714,0.59629,0.58069,1,0.63008,0.53338,0.65744,0.68172,0.64442,0.4167,0.60827,0.56649,0.65678,0.55699,0.56056,0.50529,0.5043,0.40327,0.56049,0.57187,0.39615,0.59706,0.45846,0.42831,0.36956,0.20049,0.3248,0.42633,0.52949,0.3436,0.61879,0.26803,0.38504,0.29904,0.33115,0.37514,0.31706,0.2176,0.21733,0.18859,0.27929,0.24472,0.3208,0.11667,0.073905,0.041549,0.014353,0.26757,0.18981,0.34957,0.17537,0.27224,0.06201,0.22677,0.063175,0.0021404,0.22833,0.32254,0.38099,0.13706,0.16328,-0.030529,-0.05725,0.18168,0.075442,0.16008,-0.084337,-0.10097,0.13949,0.024075,0.11257,0.40214,0.088656,0.024938,0.21811,0.012094,0.068914,0.30508,0.060028,-0.035348,-0.0018998,-0.1457,-0.064339,-0.12639,0.0085779,-0.22119,0.18072,-0.10447,0.15866,-0.1219,0.0094068,0.19565,0.2113,0.19732,0.032098,-0.15356,-0.036654,0.23414,0.067492,0.10044,0.14079,0.13373,0.037735,-0.066698,0.18906,0.23089,0.078915,-0.0047402
33,0.82885,0.79618,0.83706,0.8234,0.73746,0.85895,0.77711,0.77754,0.7454,0.7245,0.78205,0.77604,0.67975,0.74634,0.79718,0.7506,0.78262,0.79365,0.86244,0.72188,0.71866,0.79224,0.8215,0.80096,0.73671,0.75194,0.80475,0.7418,0.74616,0.74268,0.72933,0.65347,0.63008,1,0.56689,0.59635,0.68808,0.63105,0.54462,0.60772,0.55595,0.64578,0.52825,0.54117,0.60536,0.59642,0.50772,0.63195,0.54279,0.43923,0.66544,0.54436,0.49394,0.46452,0.21757,0.51273,0.28188,0.46679,0.45408,0.70553,0.17137,0.23739,0.14346,0.44588,0.231,0.13041,0.18571,0.25827,0.24174,0.43215,0.35907,0.1699,0.064134,0.21644,0.070134,-0.061451,0.34655,0.15079,0.19591,0.32121,0.16897,0.23419,0.27967,0.10463,0.076017,0.19099,0.21741,0.42386,0.028931,0.12849,-0.033009,0.0027366,0.099664,-0.037879,0.078735,0.074913,0.077081,0.16459,0.16573,0.086511,0.34072,0.018584,0.014971,0.12843,-0.13741,0.27775,0.2236,-0.033122,0.074806,0.19317,-0.099522,-0.16917,0.014682,-0.026848,-0.15425,0.22041,-0.15625,-0.062106,-0.22568,-0.0053082,0.31278,0.24013,0.092697,0.18471,0.081597,-0.045751,0.37406,-0.029313,0.024582,0.095013,-0.0066257,0.08088,-0.06407,0.01359,0.14917,0.080133,-0.13615
34,0.74584,0.77291,0.66546,0.73259,0.65332,0.70198,0.68315,0.80198,0.75652,0.70634,0.67209,0.75627,0.76563,0.65397,0.67283,0.76838,0.72591,0.72472,0.70803,0.65568,0.74797,0.70085,0.6733,0.71355,0.65158,0.7242,0.6252,0.7272,0.70658,0.84075,0.65902,0.66011,0.53338,0.56689,1,0.57849,0.71485,0.58006,0.51972,0.65299,0.59293,0.65738,0.54818,0.54096,0.6392,0.66464,0.5399,0.49843,0.6615,0.57996,0.53541,0.61461,0.49263,0.4716,0.31314,0.5025,0.35443,0.46415,0.45929,0.33406,0.22743,0.2875,0.32046,0.3747,0.33772,0.071728,0.16341,0.33274,0.51779,0.10517,0.37884,0.44022,0.032538,0.20591,0.11629,-0.032512,0.24536,0.20174,0.21649,0.26952,0.16809,0.26107,0.27545,0.093408,-0.030413,0.1687,-0.030375,0.2819,0.18656,-0.070632,-0.094836,0.21419,-0.098523,-0.090701,-0.012932,0.010602,-0.03926,0.2114,-0.1415,0.18317,0.2268,0.016731,-0.00037177,0.17081,-0.2444,0.15262,0.27741,-0.05838,-0.094826,0.028088,-0.041454,-0.0024363,0.15462,-0.14784,-0.21484,0.17055,-0.037216,-0.020166,-0.26424,-0.12802,0.23804,0.072026,0.15082,0.01674,0.11971,-0.096663,0.40341,-0.020926,-0.049284,0.23992,-0.0081462,0.19912,-0.052817,0.082457,-0.11405,0.18512,0.021479
