2.5703e-11 1.9272e-12 1.5001e-11 4.4493e-12 6.7698e-12 -1.6961e-12 2.731e-12 2.2265e-12 3.681e-12 -2.3559e-12 6.5083e-12 -1.3819e-12 6.0795e-12 1.4647e-12 1.135e-12 5.6003e-12 -7.4158e-13 4.7332e-12 3.3455e-13 6.3381e-12 3.446e-12 -2.4622e-13 1.6796e-12 -2.0907e-13 7.7556e-12 4.3551e-12 -1.6207e-12 2.436e-12 2.0319e-12 1.3118e-12 1.6482e-12 1.0957e-12 -5.0326e-13 1.2327e-12 -2.2759e-12 2.2577e-12 -3.1872e-14 2.579e-12 1.9088e-12 8.6935e-13 1.5753e-12 -1.6825e-12 1.2759e-13 1.4718e-14 1.8988e-12 7.5344e-13 -1.0511e-12 5.7441e-13 4.379e-13 1.7418e-13 9.9922e-13 1.8719e-14 -9.3415e-13 -3.8773e-13 5.8766e-13 -9.2181e-14 2.41e-13 1.4197e-13 1.2202e-13 1.9926e-14 5.1288e-15
1.9272e-12 3.0448e-11 -2.1419e-13 1.5492e-12 -1.929e-12 9.3841e-12 4.3575e-13 6.7335e-12 3.1574e-12 -4.5424e-12 3.928e-12 -1.15e-12 3.2396e-12 2.3692e-12 5.1334e-13 8.3893e-12 -6.2356e-12 -1.366e-13 -2.2649e-12 1.5619e-12 4.5745e-12 2.201e-14 3.6685e-12 -1.7007e-12 -1.5815e-12 1.1277e-12 3.8895e-12 2.0252e-12 9.2574e-13 5.0902e-12 2.4822e-12 3.1535e-13 5.0242e-13 8.6587e-13 -1.9335e-12 -3.9695e-12 -2.5427e-13 1.6868e-12 -1.3201e-12 -1.0904e-12 -6.7367e-13 -1.9712e-12 -1.3128e-12 1.6163e-12 -3.7811e-13 -3.9554e-13 -5.5838e-13 2.9365e-12 -2.3195e-13 3.6703e-13 -2.142e-13 1.5982e-12 2.166e-13 8.204e-13 2.6517e-13 -1.7587e-13 5.6439e-13 -1.9124e-13 -1.2554e-13 -2.193e-14 -6.0607e-15
1.5001e-11 -2.1419e-13 3.9576e-11 2.2024e-12 3.9343e-12 5.6539e-12 6.2021e-13 2.8815e-12 1.8108e-12 -4.2625e-12 6.0109e-12 3.793e-12 6.5537e-13 4.148e-12 4.1406e-12 3.1792e-12 -2.3768e-12 7.2615e-12 5.4661e-13 5.3185e-12 2.4251e-12 -4.0845e-12 2.4735e-12 2.1491e-13 5.5996e-12 -1.8358e-12 1.0123e-12 5.7297e-12 -1.6934e-13 8.7533e-12 2.1732e-12 9.023e-13 -2.4313e-14 1.7739e-12 2.86e-13 4.2893e-12 2.5555e-12 2.8555e-12 6.9823e-14 1.4957e-13 1.1715e-12 2.2826e-12 1.6942e-12 -2.6855e-13 -9.8537e-13 1.425e-12 -6.1022e-13 4.8575e-13 1.4693e-13 5.3959e-13 1.6101e-12 2.8067e-12 -1.5189e-12 4.313e-13 4.4499e-13 -3.1194e-13 5.4409e-13 4.5785e-13 3.1611e-13 1.7438e-14 1.0147e-14
4.4493e-12 1.5492e-12 2.2024e-12 2.4398e-11 6.7135e-12 1.1558e-11 5.7222e-12 7.5083e-12 8.984e-12 -2.1799e-12 6.326e-12 8.0968e-12 3.4266e-12 8.251e-12 1.6301e-12 2.5993e-12 7.5858e-12 7.4817e-12 4.5922e-12 8.7514e-12 4.0485e-12 3.7668e-12 5.7413e-12 2.6587e-12 4.9157e-12 1.2584e-12 1.1789e-12 5.4767e-14 5.781e-12 -5.7664e-13 3.3907e-12 9.1217e-13 1.0099e-12 -1.6999e-12 -1.2908e-12 2.828e-12 1.3922e-12 1.286e-12 1.8728e-12 1.7328e-12 8.4594e-13 5.8959e-14 8.5836e-14 4.3522e-13 4.8081e-13 -3.8874e-13 -7.0729e-13 9.1479e-13 -4.9229e-13 8.6621e-13 1.0321e-14 1.8167e-12 -6.0901e-13 -5.4463e-13 4.3974e-13 -7.4898e-13 -9.1681e-14 6.5829e-14 -7.3293e-14 -2.3319e-15 6.8726e-15
6.7698e-12 -1.929e-12 3.9343e-12 6.7135e-12 2.5255e-11 7.3826e-12 7.132e-12 7.4826e-12 6.536e-12 -1.0231e-12 8.6265e-12 2.4302e-12 3.1086e-12 6.2363e-12 3.2077e-12 3.7768e-12 5.7398e-12 6.7135e-12 2.5254e-12 3.5819e-12 -1.0576e-12 4.2151e-12 2.8793e-12 -2.4355e-12 3.9099e-12 3.8192e-12 2.6507e-12 -1.5255e-12 3.6303e-12 -4.1994e-12 4.1729e-12 -2.3441e-13 3.9973e-12 2.7736e-12 -2.5385e-12 3.0177e-12 -1.1611e-12 1.3137e-12 -8.2992e-13 5.101e-13 3.7061e-12 1.4988e-13 -7.9028e-13 -7.1957e-13 1.3617e-12 -4.8408e-13 1.1927e-12 -2.3265e-12 -1.1992e-12 -1.9935e-12 7.9733e-13 5.755e-13 -5.6006e-13 3.0734e-13 -6.5597e-13 6.3608e-13 2.0782e-13 3.4463e-13 -1.5989e-13 3.4145e-14 5.9204e-15
-1.6961e-12 9.3841e-12 5.6539e-12 1.1558e-11 7.3826e-12 3.6733e-11 4.0531e-12 1.1697e-11 1.5839e-11 -2.3471e-12 4.86e-12 1.1579e-11 -4.6444e-12 7.934e-12 4.0465e-12 4.0219e-12 1.7514e-12 5.7283e-12 2.5027e-12 8.1082e-12 2.9864e-13 2.1259e-12 4.5388e-12 8.1838e-14 2.6973e-13 1.1339e-12 2.885e-13 2.1874e-12 6.6535e-12 9.2732e-13 5.0428e-12 4.3631e-12 3.6938e-12 2.6847e-12 -1.846e-12 2.3081e-12 1.6975e-12 2.1026e-12 -2.1988e-14 -1.6019e-12 -1.4927e-12 4.3214e-12 1.7945e-13 2.318e-13 -2.8718e-12 -1.1813e-12 2.3831e-13 1.1539e-13 1.0569e-12 -1.2356e-13 -7.4505e-13 2.2605e-12 -5.1004e-13 1.0226e-12 -2.5439e-13 1.0589e-14 4.2422e-13 -3.1441e-14 -7.9078e-15 2.4128e-14 1.1172e-14
2.731e-12 4.3575e-13 6.2021e-13 5.7222e-12 7.132e-12 4.0531e-12 2.3985e-11 -2.3114e-12 4.8216e-12 2.2731e-12 -1.2292e-12 2.8362e-12 2.6096e-12 3.3128e-12 3.5553e-12 -3.1508e-12 1.033e-13 5.5893e-12 5.1832e-13 3.3977e-12 -8.2306e-13 2.8272e-12 2.2745e-13 1.5377e-13 1.5403e-12 2.4956e-12 -3.5581e-12 -2.4142e-12 -3.6585e-12 -1.3436e-12 1.0364e-12 -2.4138e-13 3.7019e-12 -2.5649e-12 1.3582e-12 2.8107e-13 -4.3149e-13 2.1773e-12 1.0052e-12 -3.4304e-12 1.4776e-12 4.6784e-13 -2.9339e-13 1.2011e-12 8.2579e-13 -5.1316e-13 5.1092e-13 -1.6975e-13 -1.0217e-12 -1.0959e-12 2.2815e-13 -1.31e-13 -1.8586e-13 3.0386e-13 7.0664e-14 -2.831e-13 2.3941e-13 -2.3364e-13 -2.4445e-13 1.5138e-14 -1.6801e-15
2.2265e-12 6.7335e-12 2.8815e-12 7.5083e-12 7.4826e-12 1.1697e-11 -2.3114e-12 3.9757e-11 1.2088e-11 3.9559e-12 1.1984e-11 8.2251e-12 1.0752e-11 6.3908e-12 2.8285e-12 1.3042e-11 5.1049e-12 1.1105e-11 5.8177e-12 9.8907e-13 2.788e-12 9.234e-12 4.7644e-12 -8.8443e-13 1.8528e-12 1.7729e-12 4.806e-12 4.9731e-12 4.3334e-12 4.3241e-12 5.5156e-12 2.3977e-12 1.2869e-12 7.0901e-12 -7.2623e-13 1.1069e-12 -7.0931e-13 2.5857e-12 2.0795e-12 2.4671e-12 3.2211e-13 1.3928e-12 -1.8154e-12 -2.2298e-13 5.318e-13 -2.9998e-13 -2.5286e-12 -1.12e-12 -3.7532e-12 -3.2088e-13 1.7454e-12 1.5758e-12 3.1897e-14 -6.5354e-13 -8.1202e-15 -1.2662e-12 -4.3886e-13 3.3883e-13 2.1915e-14 3.5214e-14 4.5392e-15
3.681e-12 3.1574e-12 1.8108e-12 8.984e-12 6.536e-12 1.5839e-11 4.8216e-12 1.2088e-11 3.0503e-11 6.165e-12 5.1021e-12 9.2785e-12 -1.9678e-12 8.2055e-12 9.2217e-13 -1.0442e-12 3.496e-12 4.9249e-12 1.1658e-12 3.4148e-12 3.4574e-13 2.0337e-12 3.9068e-12 -4.0557e-12 9.9441e-13 2.4638e-12 -7.0003e-13 5.547e-13 4.5974e-12 4.069e-12 4.378e-12 3.9371e-12 5.5535e-12 -2.7427e-12 -8.3658e-13 2.0989e-12 2.3825e-12 4.2647e-13 -1.6172e-12 9.3961e-13 5.9726e-13 1.1807e-12 2.5833e-13 -1.696e-13 2.0717e-12 -5.0212e-13 -4.3632e-13 -1.3398e-12 -9.7769e-13 3.8337e-13 1.0015e-12 6.0137e-13 1.412e-13 4.5828e-13 -3.7536e-13 -1.2413e-12 3.0269e-14 -5.4148e-14 -2.06e-13 4.9832e-14 1.1282e-14
-2.3559e-12 -4.5424e-12 -4.2625e-12 -2.1799e-12 -1.0231e-12 -2.3471e-12 2.2731e-12 3.9559e-12 6.165e-12 2.161e-11 1.6023e-12 4.9126e-12 1.6065e-12 5.5088e-12 3.0543e-12 -1.0535e-12 3.9268e-12 6.3255e-12 4.2204e-12 1.3452e-12 -2.3667e-12 -1.7894e-13 4.6725e-12 7.9751e-14 -4.8378e-14 -5.4375e-13 4.0619e-12 2.0349e-12 -5.2835e-12 6.259e-13 1.9393e-12 -2.2607e-13 3.591e-12 -2.1525e-12 1.7617e-12 -6.9252e-14 1.8764e-13 -1.8466e-12 8.632e-13 1.1919e-12 -8.9152e-13 7.6401e-13 8.7983e-13 -2.045e-13 1.3817e-13 -2.1742e-13 -6.3588e-13 -7.0494e-13 -1.2803e-12 3.2905e-13 5.7597e-13 3.2747e-13 -3.4474e-13 1.0536e-12 -1.3426e-12 -5.6456e-13 -7.1449e-13 -2.7593e-13 -7.9098e-14 1.0499e-14 3.8215e-15
6.5083e-12 3.928e-12 6.0109e-12 6.326e-12 8.6265e-12 4.86e-12 -1.2292e-12 1.1984e-11 5.1021e-12 1.6023e-12 3.2291e-11 5.5808e-12 9.2251e-12 1.0236e-11 -1.2556e-12 1.2669e-11 4.8697e-12 6.2638e-12 6.8169e-12 4.1745e-12 -7.1631e-13 3.965e-12 2.7733e-12 -7.1654e-13 2.555e-12 2.6277e-12 3.4737e-12 4.8258e-12 4.5531e-12 1.6875e-12 4.6683e-12 3.7666e-12 3.4729e-12 3.0952e-12 -4.4861e-12 1.4842e-12 -9.1304e-13 -3.9646e-13 5.3146e-13 3.2668e-12 -2.3396e-13 -1.6446e-12 1.8222e-12 -1.3936e-12 1.632e-12 -8.5365e-13 -1.1197e-12 2.7026e-12 -1.3108e-12 1.4065e-12 -9.0798e-13 3.2214e-12 -9.7609e-13 2.1491e-13 -1.5496e-13 -1.3063e-12 -4.6167e-13 3.7589e-15 -1.3494e-13 4.1289e-14 7.3733e-16
-1.3819e-12 -1.15e-12 3.793e-12 8.0968e-12 2.4302e-12 1.1579e-11 2.8362e-12 8.2251e-12 9.2785e-12 4.9126e-12 5.5808e-12 2.462e-11 5.0542e-12 5.4836e-12 8.9233e-12 3.6181e-12 7.341e-12 1.0778e-11 3.8815e-12 7.8783e-12 2.1269e-12 3.0582e-12 3.112e-12 -9.6689e-13 8.3481e-13 -5.4578e-13 1.9969e-12 6.4403e-12 4.0781e-12 9.3529e-13 4.0209e-12 3.6501e-12 9.0115e-13 6.7484e-13 -1.1234e-12 1.9695e-12 3.6002e-12 1.7149e-12 3.3616e-12 2.7243e-12 -1.3175e-12 8.4718e-13 8.196e-13 -1.3264e-12 4.32e-13 -1.4976e-12 -1.1414e-12 9.9153e-13 -5.4948e-13 6.539e-13 -5.1816e-13 1.1572e-12 -3.0273e-13 7.5479e-13 -2.9457e-13 1.8626e-13 -4.5958e-13 -2.0658e-13 -2.1836e-13 4.9803e-14 -5.3718e-15
6.0795e-12 3.2396e-12 6.5537e-13 3.4266e-12 3.1086e-12 -4.6444e-12 2.6096e-12 1.0752e-11 -1.9678e-12 1.6065e-12 9.2251e-12 5.0542e-12 2.4383e-11 2.9367e-12 3.0008e-12 8.5483e-12 3.8667e-12 8.9982e-12 4.0195e-12 1.0489e-12 5.4741e-12 4.0779e-12 1.6369e-12 4.5228e-13 1.9713e-12 4.0927e-12 4.6806e-12 5.4132e-12 1.2438e-12 -3.9783e-13 -1.9427e-13 -1.7611e-12 -1.8582e-12 1.5338e-12 -5.9463e-14 -1.1154e-12 5.9182e-13 2.6127e-12 1.7614e-12 7.8744e-13 3.7963e-13 -1.1046e-12 8.796e-13 -3.6089e-13 8.5276e-13 -1.2947e-12 -1.3093e-12 2.6893e-12 -8.5098e-13 1.108e-12 -2.8062e-13 9.6877e-13 7.673e-14 -1.1605e-12 4.5385e-13 -1.0889e-12 -4.7855e-13 -8.2319e-14 -1.1409e-13 1.6445e-14 -1.2865e-14
1.4647e-12 2.3692e-12 4.148e-12 8.251e-12 6.2363e-12 7.934e-12 3.3128e-12 6.3908e-12 8.2055e-12 5.5088e-12 1.0236e-11 5.4836e-12 2.9367e-12 2.7833e-11 4.7261e-12 6.8579e-12 1.0532e-11 5.8792e-12 6.7796e-12 8.855e-12 2.2885e-12 -1.3337e-12 5.7048e-12 -6.4614e-13 6.0966e-12 2.2725e-12 5.7524e-12 -1.0105e-12 3.1239e-12 4.3453e-12 4.0083e-12 1.7101e-12 2.4273e-12 -3.0451e-13 9.5485e-13 8.4937e-13 2.7091e-12 1.3985e-12 1.6535e-12 1.7868e-12 2.7351e-12 3.7101e-13 1.9273e-12 7.2524e-13 1.1728e-12 -6.7856e-13 -5.5863e-13 2.3129e-12 -1.6273e-12 5.2414e-13 3.7653e-13 3.1721e-12 -1.6385e-13 5.9704e-13 -4.6155e-13 -4.7855e-13 -2.1029e-13 1.3258e-13 -3.9088e-14 -8.0617e-15 6.0942e-15
1.135e-12 5.1334e-13 4.1406e-12 1.6301e-12 3.2077e-12 4.0465e-12 3.5553e-12 2.8285e-12 9.2217e-13 3.0543e-12 -1.2556e-12 8.9233e-12 3.0008e-12 4.7261e-12 1.5331e-11 5.6165e-12 5.8235e-12 6.8232e-12 3.7739e-12 7.9824e-12 3.0017e-12 4.2486e-14 2.4585e-12 1.2059e-12 1.099e-12 2.3927e-12 2.5733e-12 1.6164e-12 3.5781e-12 2.0924e-13 2.2179e-12 1.7406e-12 5.2099e-13 -3.1461e-13 2.0051e-13 1.4953e-12 1.8083e-12 1.6758e-12 1.8934e-12 3.5438e-12 1.2575e-12 2.8197e-12 -8.371e-13 1.5867e-13 -1.5019e-13 -1.1905e-12 5.6286e-14 -6.6766e-15 -1.9667e-14 -3.9868e-13 4.174e-13 8.0973e-13 -9.2172e-13 -1.1785e-13 -3.6224e-13 6.6914e-13 5.5957e-14 3.4588e-14 -3.9933e-14 -1.2854e-15 -1.3468e-15
5.6003e-12 8.3893e-12 3.1792e-12 2.5993e-12 3.7768e-12 4.0219e-12 -3.1508e-12 1.3042e-11 -1.0442e-12 -1.0535e-12 1.2669e-11 3.6181e-12 8.5483e-12 6.8579e-12 5.6165e-12 2.2347e-11 9.5755e-13 5.7907e-12 4.9729e-12 4.9947e-12 6.2741e-12 5.2611e-12 3.0711e-12 2.0107e-12 3.1424e-12 4.8941e-12 5.7773e-12 4.4776e-12 7.6153e-12 3.3465e-12 6.1868e-13 8.2118e-13 -6.4056e-13 3.009e-12 -6.782e-13 -4.4391e-13 -8.0255e-13 2.4709e-12 9.9947e-13 2.1056e-12 2.1411e-12 6.9651e-13 -2.4105e-12 -7.5095e-13 6.1385e-13 -2.0135e-12 -2.4398e-12 1.494e-12 -1.9632e-12 -9.2545e-13 2.162e-13 1.9342e-12 -1.5681e-12 -6.4251e-13 1.7202e-13 -3.6498e-13 9.4907e-14 -1.5063e-13 1.1559e-14 -7.4142e-15 -1.226e-15
-7.4158e-13 -6.2356e-12 -2.3768e-12 7.5858e-12 5.7398e-12 1.7514e-12 1.033e-13 5.1049e-12 3.496e-12 3.9268e-12 4.8697e-12 7.341e-12 3.8667e-12 1.0532e-11 5.8235e-12 9.5755e-13 1.6503e-11 6.905e-12 5.6326e-12 5.792e-12 5.3159e-13 -1.4953e-12 4.0532e-12 9.7293e-13 5.0412e-13 2.5862e-12 1.3715e-12 4.7669e-13 3.2106e-12 -2.1973e-12 3.96e-12 3.0759e-12 2.1223e-12 -2.0132e-13 -1.6714e-12 2.5981e-12 2.9018e-12 1.6011e-12 2.9112e-12 4.915e-12 6.4614e-13 8.4527e-13 1.7091e-12 -1.256e-12 1.6787e-12 5.492e-13 -4.4647e-14 6.89e-13 -1.0309e-12 6.7079e-13 -5.3847e-14 5.1842e-13 -6.3152e-14 -3.8167e-13 -1.3596e-13 1.3887e-15 -7.1502e-13 2.799e-13 -1.2959e-13 -6.2825e-15 3.9187e-15
4.7332e-12 -1.366e-13 7.2615e-12 7.4817e-12 6.7135e-12 5.7283e-12 5.5893e-12 1.1105e-11 4.9249e-12 6.3255e-12 6.2638e-12 1.0778e-11 8.9982e-12 5.8792e-12 6.8232e-12 5.7907e-12 6.905e-12 1.9854e-11 5.1946e-12 6.9366e-12 3.0267e-12 3.1413e-12 2.7581e-12 6.1708e-13 2.6135e-12 4.0118e-12 3.4256e-12 3.6008e-12 -2.0053e-12 2.5178e-12 3.7604e-12 1.5374e-12 3.0112e-12 1.7883e-12 -2.748e-13 1.3242e-12 5.001e-13 1.4835e-12 2.6035e-12 5.1972e-13 1.3249e-12 7.0715e-13 9.1442e-13 -1.4829e-12 -4.6422e-14 -2.5613e-14 -2.6248e-12 3.8973e-13 -2.1208e-12 5.9284e-13 8.1597e-13 1.4936e-12 -1.1675e-12 5.7541e-13 -1.7522e-13 8.222e-14 -2.5346e-13 1.0685e-13 2.7173e-14 3.0471e-14 -3.4702e-15
3.3455e-13 -2.2649e-12 5.4661e-13 4.5922e-12 2.5254e-12 2.5027e-12 5.1832e-13 5.8177e-12 1.1658e-12 4.2204e-12 6.8169e-12 3.8815e-12 4.0195e-12 6.7796e-12 3.7739e-12 4.9729e-12 5.6326e-12 5.1946e-12 1.2573e-11 3.3374e-12 1.6806e-12 -4.9452e-14 -1.3265e-12 2.5965e-12 -3.4196e-13 2.7764e-13 7.3796e-13 3.0489e-12 -8.1878e-13 4.4321e-13 1.9515e-12 1.5535e-12 4.8547e-13 5.2519e-13 1.7025e-12 1.6128e-12 -5.0004e-13 -5.1081e-13 2.492e-12 6.2826e-13 -1.2037e-12 7.7977e-13 1.0535e-12 1.7817e-12 -8.0799e-13 -6.1923e-13 5.2729e-13 1.6524e-12 -2.07e-13 4.0773e-13 -3.6398e-13 6.2708e-13 -6.3593e-13 -2.238e-13 2.6962e-13 -8.1863e-13 -3.9577e-13 2.0918e-13 8.201e-14 -5.3366e-15 6.5769e-15
6.3381e-12 1.5619e-12 5.3185e-12 8.7514e-12 3.5819e-12 8.1082e-12 3.3977e-12 9.8907e-13 3.4148e-12 1.3452e-12 4.1745e-12 7.8783e-12 1.0489e-12 8.855e-12 7.9824e-12 4.9947e-12 5.792e-12 6.9366e-12 3.3374e-12 1.6875e-11 1.0419e-12 -3.6123e-13 3.7012e-12 1.9583e-12 4.5091e-12 2.5031e-12 2.5714e-12 1.1226e-12 4.8004e-12 4.2234e-13 3.2313e-12 3.093e-12 1.2165e-12 -1.4524e-12 -1.1134e-12 2.5766e-12 1.2699e-12 3.327e-12 2.495e-12 2.2409e-12 -3.8926e-13 9.7208e-13 6.729e-13 1.2921e-12 5.3162e-13 -1.1685e-12 -2.6132e-12 2.1435e-13 6.4098e-13 3.6087e-14 -1.0814e-12 6.85e-13 -1.5052e-12 1.6736e-13 1.719e-15 4.9257e-13 1.9838e-14 2.4238e-14 3.5459e-14 -4.2399e-15 -9.3033e-16
3.446e-12 4.5745e-12 2.4251e-12 4.0485e-12 -1.0576e-12 2.9864e-13 -8.2306e-13 2.788e-12 3.4574e-13 -2.3667e-12 -7.1631e-13 2.1269e-12 5.4741e-12 2.2885e-12 3.0017e-12 6.2741e-12 5.3159e-13 3.0267e-12 1.6806e-12 1.0419e-12 1.4316e-11 -1.8368e-12 2.979e-12 2.2314e-12 1.634e-12 1.8293e-12 -9.393e-13 1.4499e-12 4.1315e-12 3.0964e-12 9.6074e-13 6.5488e-13 -1.5004e-12 -4.7246e-13 4.5503e-13 -1.6552e-12 1.101e-12 1.1873e-12 1.8482e-12 1.386e-12 2.7068e-12 1.1996e-13 -2.6457e-12 6.9831e-13 3.2062e-13 9.8391e-13 -3.8598e-13 2.2338e-12 8.1721e-13 1.0716e-12 1.436e-12 4.9032e-13 -2.2688e-13 -1.2168e-12 4.4607e-13 1.0542e-13 3.412e-13 6.5418e-14 1.4868e-13 -1.2339e-14 1.7267e-15
-2.4622e-13 2.201e-14 -4.0845e-12 3.7668e-12 4.2151e-12 2.1259e-12 2.8272e-12 9.234e-12 2.0337e-12 -1.7894e-13 3.965e-12 3.0582e-12 4.0779e-12 -1.3337e-12 4.2486e-14 5.2611e-12 -1.4953e-12 3.1413e-12 -4.9452e-14 -3.6123e-13 -1.8368e-12 1.4732e-11 -6.9424e-13 2.0751e-13 3.0186e-12 2.8909e-12 4.9418e-12 -3.4461e-13 4.2102e-12 -2.7916e-13 1.5491e-13 -1.6638e-12 -3.6166e-13 2.7058e-12 -3.1707e-13 1.322e-12 -1.2347e-12 1.1477e-12 -1.0548e-14 -1.5187e-12 1.5749e-12 6.1237e-13 -1.5405e-12 -8.4354e-13 -5.8349e-13 -1.309e-12 -5.0065e-13 -8.0726e-13 -2.362e-12 -8.1616e-13 -8.571e-14 2.1554e-13 -4.7462e-13 1.0069e-13 -3.1005e-13 -4.3796e-14 6.6024e-14 5.4483e-14 -1.3011e-14 9.1466e-16 -5.0825e-15
1.6796e-12 3.6685e-12 2.4735e-12 5.7413e-12 2.8793e-12 4.5388e-12 2.2745e-13 4.7644e-12 3.9068e-12 4.6725e-12 2.7733e-12 3.112e-12 1.6369e-12 5.7048e-12 2.4585e-12 3.0711e-12 4.0532e-12 2.7581e-12 -1.3265e-12 3.7012e-12 2.979e-12 -6.9424e-13 1.4342e-11 2.3318e-13 2.0199e-12 2.2211e-12 3.4975e-12 8.2685e-13 3.4508e-12 2.9124e-12 3.5042e-12 -4.8861e-13 2.2394e-12 7.6574e-13 5.6785e-13 7.8713e-13 1.3857e-12 1.7051e-12 1.23e-12 2.8083e-12 2.0713e-12 6.6002e-15 -1.3566e-12 -5.0412e-13 1.8605e-13 2.3783e-13 -1.2161e-13 7.2381e-13 -1.3529e-12 2.3939e-13 -2.5107e-13 4.747e-13 2.1696e-13 -3.2149e-13 -3.0033e-13 -4.1368e-13 -1.8626e-14 2.9178e-14 6.5932e-14 -2.8799e-15 1.4064e-15
-2.0907e-13 -1.7007e-12 2.1491e-13 2.6587e-12 -2.4355e-12 8.1838e-14 1.5377e-13 -8.8443e-13 -4.0557e-12 7.9751e-14 -7.1654e-13 -9.6689e-13 4.5228e-13 -6.4614e-13 1.2059e-12 2.0107e-12 9.7293e-13 6.1708e-13 2.5965e-12 1.9583e-12 2.2314e-12 2.0751e-13 2.3318e-13 5.7548e-12 1.4324e-12 5.1803e-13 3.012e-13 1.4972e-12 5.3188e-13 -1.4209e-13 -5.8741e-13 -4.6607e-13 -1.7555e-12 -3.6849e-13 1.0443e-12 6.3806e-13 2.0808e-13 -2.8892e-13 1.4511e-12 7.533e-13 -8.6943e-13 7.6123e-13 -8.4876e-14 -4.9774e-13 -1.3776e-12 -1.966e-13 -1.8967e-13 7.6558e-13 8.7819e-13 2.5173e-13 3.9127e-14 -4.2318e-13 -1.2181e-12 -2.962e-13 1.7948e-13 9.4178e-15 -9.5552e-14 2.8774e-15 4.6373e-14 -2.9712e-14 4.4666e-15
7.7556e-12 -1.5815e-12 5.5996e-12 4.9157e-12 3.9099e-12 2.6973e-13 1.5403e-12 1.8528e-12 9.9441e-13 -4.8378e-14 2.555e-12 8.3481e-13 1.9713e-12 6.0966e-12 1.099e-12 3.1424e-12 5.0412e-13 2.6135e-12 -3.4196e-13 4.5091e-12 1.634e-12 3.0186e-12 2.0199e-12 1.4324e-12 1.2395e-11 2.3012e-12 3.7096e-12 2.1076e-13 2.9768e-12 3.8514e-12 -3.5059e-13 -1.8162e-12 -1.804e-12 3.8343e-13 -1.4801e-12 2.8913e-12 -2.0959e-13 -5.2259e-13 1.296e-12 1.5511e-13 1.943e-12 -4.9389e-13 -7.2458e-13 -1.2612e-12 -4.0319e-13 -8.2423e-13 -6.9098e-13 1.5587e-12 1.9081e-13 -8.7022e-14 3.8691e-13 6.0825e-13 -3.2235e-13 2.3523e-13 -4.9704e-13 2.7246e-13 1.4168e-13 1.5367e-13 1.5263e-13 -8.7378e-15 2.8506e-15
4.3551e-12 1.1277e-12 -1.8358e-12 1.2584e-12 3.8192e-12 1.1339e-12 2.4956e-12 1.7729e-12 2.4638e-12 -5.4375e-13 2.6277e-12 -5.4578e-13 4.0927e-12 2.2725e-12 2.3927e-12 4.8941e-12 2.5862e-12 4.0118e-12 2.7764e-13 2.5031e-12 1.8293e-12 2.8909e-12 2.2211e-12 5.1803e-13 2.3012e-12 1.0522e-11 1.3376e-12 -5.6028e-13 3.6537e-12 8.5604e-13 -1.3523e-12 9.3854e-14 3.3248e-13 -5.0986e-13 -8.5125e-13 4.8992e-14 -9.8122e-13 1.477e-12 -2.9121e-13 1.0178e-12 1.9384e-12 -1.5025e-12 -9.7056e-13 -2.5368e-12 7.9966e-13 -4.1153e-13 -2.9223e-14 6.8675e-13 -3.735e-13 -1.5221e-13 -4.9206e-13 6.5293e-14 -1.1636e-12 5.4764e-13 -2.0185e-13 2.7339e-13 3.1456e-13 1.9584e-13 -1.7843e-14 -2.4127e-14 -2.8385e-15
-1.6207e-12 3.8895e-12 1.0123e-12 1.1789e-12 2.6507e-12 2.885e-13 -3.5581e-12 4.806e-12 -7.0003e-13 4.0619e-12 3.4737e-12 1.9969e-12 4.6806e-12 5.7524e-12 2.5733e-12 5.7773e-12 1.3715e-12 3.4256e-12 7.3796e-13 2.5714e-12 -9.393e-13 4.9418e-12 3.4975e-12 3.012e-13 3.7096e-12 1.3376e-12 1.1386e-11 8.7864e-13 1.585e-12 2.086e-12 1.8233e-12 -2.1501e-12 -6.7932e-13 1.4567e-12 5.2901e-13 -4.317e-13 -6.674e-13 6.2746e-14 -3.313e-13 7.114e-13 2.339e-13 -4.4187e-13 -4.0452e-13 -7.2012e-13 -4.8746e-13 -1.6935e-12 -6.745e-13 -9.2847e-14 -6.7926e-13 8.9945e-15 -4.1549e-13 8.5844e-13 -2.8266e-13 4.3098e-13 -7.522e-13 -5.6558e-14 -2.4087e-13 1.6693e-13 1.5493e-16 -1.2733e-14 -3.6096e-15
2.436e-12 2.0252e-12 5.7297e-12 5.4767e-14 -1.5255e-12 2.1874e-12 -2.4142e-12 4.9731e-12 5.547e-13 2.0349e-12 4.8258e-12 6.4403e-12 5.4132e-12 -1.0105e-12 1.6164e-12 4.4776e-12 4.7669e-13 3.6008e-12 3.0489e-12 1.1226e-12 1.4499e-12 -3.4461e-13 8.2685e-13 1.4972e-12 2.1076e-13 -5.6028e-13 8.7864e-13 1.1148e-11 4.9652e-13 3.2023e-12 -3.2054e-13 1.1336e-12 8.363e-13 9.4209e-13 9.4193e-13 1.665e-12 1.1324e-12 -6.3096e-13 2.7192e-12 2.3729e-12 -1.6357e-12 7.9394e-13 5.7812e-13 -2.6628e-13 -5.1507e-13 -1.1539e-12 2.2225e-13 8.3106e-13 2.6469e-13 6.9915e-13 2.8085e-13 4.0545e-13 -1.9199e-13 3.8551e-13 2.6179e-14 -1.7672e-13 -1.8127e-13 -9.7242e-14 8.881e-14 -8.4117e-15 1.7178e-15
2.0319e-12 9.2574e-13 -1.6934e-13 5.781e-12 3.6303e-12 6.6535e-12 -3.6585e-12 4.3334e-12 4.5974e-12 -5.2835e-12 4.5531e-12 4.0781e-12 1.2438e-12 3.1239e-12 3.5781e-12 7.6153e-12 3.2106e-12 -2.0053e-12 -8.1878e-13 4.8004e-12 4.1315e-12 4.2102e-12 3.4508e-12 5.3188e-13 2.9768e-12 3.6537e-12 1.585e-12 4.9652e-13 1.6557e-11 -1.1915e-13 1.9972e-12 2.7376e-12 -5.673e-13 8.0602e-13 -9.8136e-13 1.9601e-12 6.1027e-13 2.6593e-12 -1.005e-13 3.7367e-12 2.0181e-12 8.7159e-13 -9.1639e-13 -4.3278e-13 1.1421e-12 -2.0001e-12 6.1406e-14 8.9932e-14 -1.151e-12 -6.1203e-14 -9.9231e-14 -1.348e-13 -7.5004e-13 -3.5074e-13 6.8609e-14 4.7105e-14 2.7859e-13 -5.7676e-14 -4.3324e-14 -9.332e-15 3.3518e-15
1.3118e-12 5.0902e-12 8.7533e-12 -5.7664e-13 -4.1994e-12 9.2732e-13 -1.3436e-12 4.3241e-12 4.069e-12 6.259e-13 1.6875e-12 9.3529e-13 -3.9783e-13 4.3453e-12 2.0924e-13 3.3465e-12 -2.1973e-12 2.5178e-12 4.4321e-13 4.2234e-13 3.0964e-12 -2.7916e-13 2.9124e-12 -1.4209e-13 3.8514e-12 8.5604e-13 2.086e-12 3.2023e-12 -1.1915e-13 1.2687e-11 8.9756e-14 -5.335e-13 -6.8339e-13 1.5557e-12 1.397e-12 3.985e-14 -2.686e-14 3.7283e-13 9.0631e-13 2.3422e-14 2.0227e-12 -4.6209e-13 -9.1297e-13 -1.8123e-13 -3.1889e-13 -1.1177e-13 -6.1187e-13 1.5111e-12 -6.081e-13 4.1033e-13 8.0943e-13 9.0629e-13 3.0468e-14 6.3267e-13 -1.7225e-13 -5.2485e-13 5.0412e-13 7.7048e-15 1.363e-13 -4.4457e-15 -2.8584e-15
1.6482e-12 2.4822e-12 2.1732e-12 3.3907e-12 4.1729e-12 5.0428e-12 1.0364e-12 5.5156e-12 4.378e-12 1.9393e-12 4.6683e-12 4.0209e-12 -1.9427e-13 4.0083e-12 2.2179e-12 6.1868e-13 3.96e-12 3.7604e-12 1.9515e-12 3.2313e-12 9.6074e-13 1.5491e-13 3.5042e-12 -5.8741e-13 -3.5059e-13 -1.3523e-12 1.8233e-12 -3.2054e-13 1.9972e-12 8.9756e-14 8.2316e-12 2.8268e-12 1.454e-12 2.1321e-12 -4.3635e-13 -2.2373e-13 -2.6341e-13 1.5405e-12 1.3901e-12 1.2401e-12 -1.8797e-13 4.7145e-13 2.42e-13 1.1892e-12 7.3741e-13 1.7255e-13 4.8992e-13 -8.762e-14 -1.4057e-13 4.5089e-13 -9.0056e-14 4.7796e-13 3.0826e-13 -7.9662e-14 9.8413e-14 -1.9474e-13 -4.6948e-13 1.2522e-13 1.2748e-14 2.859e-14 4.6259e-15
1.0957e-12 3.1535e-13 9.023e-13 9.1217e-13 -2.3441e-13 4.3631e-12 -2.4138e-13 2.3977e-12 3.9371e-12 -2.2607e-13 3.7666e-12 3.6501e-12 -1.7611e-12 1.7101e-12 1.7406e-12 8.2118e-13 3.0759e-12 1.5374e-12 1.5535e-12 3.093e-12 6.5488e-13 -1.6638e-12 -4.8861e-13 -4.6607e-13 -1.8162e-12 9.3854e-14 -2.1501e-12 1.1336e-12 2.7376e-12 -5.335e-13 2.8268e-12 5.2347e-12 1.336e-12 8.0591e-13 -1.6501e-12 6.7654e-13 7.9553e-13 1.0116e-13 3.9313e-13 1.6132e-12 -6.0182e-13 6.1614e-13 8.8172e-13 9.1303e-13 1.2194e-12 2.2795e-13 -3.4832e-13 -1.4748e-14 -2.7448e-13 9.528e-13 -1.2946e-13 6.086e-13 -1.162e-13 -1.5684e-14 1.848e-15 -6.1202e-14 -1.9232e-13 1.0251e-14 1.8475e-14 9.3911e-15 5.034e-15
-5.0326e-13 5.0242e-13 -2.4313e-14 1.0099e-12 3.9973e-12 3.6938e-12 3.7019e-12 1.2869e-12 5.5535e-12 3.591e-12 3.4729e-12 9.0115e-13 -1.8582e-12 2.4273e-12 5.2099e-13 -6.4056e-13 2.1223e-12 3.0112e-12 4.8547e-13 1.2165e-12 -1.5004e-12 -3.6166e-13 2.2394e-12 -1.7555e-12 -1.804e-12 3.3248e-13 -6.7932e-13 8.363e-13 -5.673e-13 -6.8339e-13 1.454e-12 1.336e-12 5.856e-12 -1.3323e-12 3.2012e-13 1.0789e-12 4.6518e-13 1.0182e-13 2.3477e-13 3.464e-14 6.4527e-13 1.5178e-12 9.5828e-14 4.5826e-13 6.887e-13 4.8803e-13 -1.4775e-13 -1.3508e-12 -1.274e-12 4.6226e-13 2.2646e-13 6.6694e-15 2.1674e-13 1.978e-13 -3.008e-13 -2.9504e-14 6.3671e-14 1.8777e-14 -5.9289e-14 1.3229e-14 1.1524e-15
1.2327e-12 8.6587e-13 1.7739e-12 -1.6999e-12 2.7736e-12 2.6847e-12 -2.5649e-12 7.0901e-12 -2.7427e-12 -2.1525e-12 3.0952e-12 6.7484e-13 1.5338e-12 -3.0451e-13 -3.1461e-13 3.009e-12 -2.0132e-13 1.7883e-12 5.2519e-13 -1.4524e-12 -4.7246e-13 2.7058e-12 7.6574e-13 -3.6849e-13 3.8343e-13 -5.0986e-13 1.4567e-12 9.4209e-13 8.0602e-13 1.5557e-12 2.1321e-12 8.0591e-13 -1.3323e-12 7.8998e-12 -1.1786e-12 1.1404e-13 -2.3183e-12 1.1861e-12 1.3493e-12 -4.3787e-13 7.9225e-13 2.8208e-13 2.6976e-13 3.1143e-13 -1.111e-13 1.4855e-13 1.0284e-13 -2.1731e-13 -1.2059e-12 -6.0468e-13 1.3903e-13 5.4787e-13 2.418e-13 3.4021e-14 -2.6873e-13 1.2475e-13 -1.1614e-13 2.2079e-14 6.7984e-14 2.3354e-14 -1.3715e-15
-2.2759e-12 -1.9335e-12 2.86e-13 -1.2908e-12 -2.5385e-12 -1.846e-12 1.3582e-12 -7.2623e-13 -8.3658e-13 1.7617e-12 -4.4861e-12 -1.1234e-12 -5.9463e-14 9.5485e-13 2.0051e-13 -6.782e-13 -1.6714e-12 -2.748e-13 1.7025e-12 -1.1134e-12 4.5503e-13 -3.1707e-13 5.6785e-13 1.0443e-12 -1.4801e-12 -8.5125e-13 5.2901e-13 9.4193e-13 -9.8136e-13 1.397e-12 -4.3635e-13 -1.6501e-12 3.2012e-13 -1.1786e-12 5.2549e-12 -1.3668e-12 -1.5471e-13 4.8009e-13 8.8151e-13 -1.543e-12 2.0186e-13 6.3703e-13 -2.5804e-13 9.9177e-13 -8.9384e-13 -8.8751e-13 3.5974e-13 -7.1603e-13 -6.1917e-13 -3.0375e-13 2.2295e-13 -8.9789e-13 4.9283e-14 1.4113e-13 3.4507e-13 -2.8449e-13 2.8974e-14 4.0739e-14 7.0215e-14 -9.1911e-15 -1.4181e-15
2.2577e-12 -3.9695e-12 4.2893e-12 2.828e-12 3.0177e-12 2.3081e-12 2.8107e-13 1.1069e-12 2.0989e-12 -6.9252e-14 1.4842e-12 1.9695e-12 -1.1154e-12 8.4937e-13 1.4953e-12 -4.4391e-13 2.5981e-12 1.3242e-12 1.6128e-12 2.5766e-12 -1.6552e-12 1.322e-12 7.8713e-13 6.3806e-13 2.8913e-12 4.8992e-14 -4.317e-13 1.665e-12 1.9601e-12 3.985e-14 -2.2373e-13 6.7654e-13 1.0789e-12 1.1404e-13 -1.3668e-12 6.3191e-12 1.7493e-12 -2.0858e-14 4.5555e-13 1.4444e-12 -4.7838e-13 2.1168e-12 1.0532e-12 -9.8733e-14 -4.4075e-13 5.9337e-13 7.571e-13 -3.0125e-14 -2.9762e-14 5.3356e-13 -1.591e-13 9.8329e-14 -6.4658e-14 -5.5667e-13 -4.3314e-13 -3.2777e-14 1.8751e-13 1.371e-13 8.3529e-14 -8.9841e-15 7.9791e-15
-3.1872e-14 -2.5427e-13 2.5555e-12 1.3922e-12 -1.1611e-12 1.6975e-12 -4.3149e-13 -7.0931e-13 2.3825e-12 1.8764e-13 -9.1304e-13 3.6002e-12 5.9182e-13 2.7091e-12 1.8083e-12 -8.0255e-13 2.9018e-12 5.001e-13 -5.0004e-13 1.2699e-12 1.101e-12 -1.2347e-12 1.3857e-12 2.0808e-13 -2.0959e-13 -9.8122e-13 -6.674e-13 1.1324e-12 6.1027e-13 -2.686e-14 -2.6341e-13 7.9553e-13 4.6518e-13 -2.3183e-12 -1.5471e-13 1.7493e-12 4.9635e-12 -4.7079e-13 -4.8734e-13 7.0267e-13 -3.4717e-13 1.007e-12 8.6143e-13 -5.9032e-13 1.9919e-13 8.8483e-13 1.1735e-13 6.6463e-13 1.2086e-13 7.556e-13 1.6269e-13 3.9007e-13 8.4772e-14 -2.4771e-13 1.3067e-13 -7.2097e-14 8.4741e-14 7.1283e-14 -4.6835e-14 -1.0726e-14 2.6859e-15
2.579e-12 1.6868e-12 2.8555e-12 1.286e-12 1.3137e-12 2.1026e-12 2.1773e-12 2.5857e-12 4.2647e-13 -1.8466e-12 -3.9646e-13 1.7149e-12 2.6127e-12 1.3985e-12 1.6758e-12 2.4709e-12 1.6011e-12 1.4835e-12 -5.1081e-13 3.327e-12 1.1873e-12 1.1477e-12 1.7051e-12 -2.8892e-13 -5.2259e-13 1.477e-12 6.2746e-14 -6.3096e-13 2.6593e-12 3.7283e-13 1.5405e-12 1.0116e-13 1.0182e-13 1.1861e-12 4.8009e-13 -2.0858e-14 -4.7079e-13 6.0392e-12 2.0063e-12 -2.2776e-13 6.9025e-13 1.0929e-12 2.3626e-13 4.2066e-13 5.4767e-13 1.3153e-13 -4.1254e-13 -5.4814e-14 -8.8114e-13 -2.4194e-13 3.9631e-14 -8.0094e-14 -6.5231e-14 -4.4263e-13 1.9345e-13 8.981e-14 3.2287e-15 -8.5007e-14 -3.8926e-14 6.9936e-15 -3.6624e-15
1.9088e-12 -1.3201e-12 6.9823e-14 1.8728e-12 -8.2992e-13 -2.1988e-14 1.0052e-12 2.0795e-12 -1.6172e-12 8.632e-13 5.3146e-13 3.3616e-12 1.7614e-12 1.6535e-12 1.8934e-12 9.9947e-13 2.9112e-12 2.6035e-12 2.492e-12 2.495e-12 1.8482e-12 -1.0548e-14 1.23e-12 1.4511e-12 1.296e-12 -2.9121e-13 -3.313e-13 2.7192e-12 -1.005e-13 9.0631e-13 1.3901e-12 3.9313e-13 2.3477e-13 1.3493e-12 8.8151e-13 4.5555e-13 -4.8734e-13 2.0063e-12 4.7654e-12 1.5077e-12 -1.1036e-12 8.1808e-13 1.0649e-13 -3.1187e-14 -1.3901e-13 2.1727e-13 1.4656e-13 4.9164e-13 -6.4667e-14 5.9341e-13 4.2191e-13 -5.6103e-13 3.9677e-13 -4.195e-13 1.6132e-13 2.1694e-13 -3.8261e-13 -7.2626e-14 3.7885e-14 2.1494e-15 -3.9049e-16
8.6935e-13 -1.0904e-12 1.4957e-13 1.7328e-12 5.101e-13 -1.6019e-12 -3.4304e-12 2.4671e-12 9.3961e-13 1.1919e-12 3.2668e-12 2.7243e-12 7.8744e-13 1.7868e-12 3.5438e-12 2.1056e-12 4.915e-12 5.1972e-13 6.2826e-13 2.2409e-12 1.386e-12 -1.5187e-12 2.8083e-12 7.533e-13 1.5511e-13 1.0178e-12 7.114e-13 2.3729e-12 3.7367e-12 2.3422e-14 1.2401e-12 1.6132e-12 3.464e-14 -4.3787e-13 -1.543e-12 1.4444e-12 7.0267e-13 -2.2776e-13 1.5077e-12 6.2768e-12 -4.8362e-13 -5.7726e-13 -1.2885e-13 -1.1646e-12 1.0471e-12 -9.358e-14 3.4574e-13 -3.9197e-14 4.0552e-13 4.1716e-13 5.575e-13 -2.2958e-13 -1.3846e-13 -5.5876e-13 -6.5878e-14 2.877e-14 -2.5729e-13 -7.8724e-14 -5.3543e-14 -7.391e-15 5.441e-15
1.5753e-12 -6.7367e-13 1.1715e-12 8.4594e-13 3.7061e-12 -1.4927e-12 1.4776e-12 3.2211e-13 5.9726e-13 -8.9152e-13 -2.3396e-13 -1.3175e-12 3.7963e-13 2.7351e-12 1.2575e-12 2.1411e-12 6.4614e-13 1.3249e-12 -1.2037e-12 -3.8926e-13 2.7068e-12 1.5749e-12 2.0713e-12 -8.6943e-13 1.943e-12 1.9384e-12 2.339e-13 -1.6357e-12 2.0181e-12 2.0227e-12 -1.8797e-13 -6.0182e-13 6.4527e-13 7.9225e-13 2.0186e-13 -4.7838e-13 -3.4717e-13 6.9025e-13 -1.1036e-12 -4.8362e-13 5.4452e-12 -2.3312e-13 -1.6719e-12 6.6409e-13 6.0695e-13 -1.5258e-13 -3.5709e-13 -5.9272e-14 -1.3011e-12 -8.2517e-13 5.9401e-13 6.4331e-13 -2.1983e-13 1.1008e-13 -2.1869e-13 2.35e-13 5.0104e-13 1.1118e-13 8.3623e-14 3.8215e-15 -3.1937e-15
-1.6825e-12 -1.9712e-12 2.2826e-12 5.8959e-14 1.4988e-13 4.3214e-12 4.6784e-13 1.3928e-12 1.1807e-12 7.6401e-13 -1.6446e-12 8.4718e-13 -1.1046e-12 3.7101e-13 2.8197e-12 6.9651e-13 8.4527e-13 7.0715e-13 7.7977e-13 9.7208e-13 1.1996e-13 6.1237e-13 6.6002e-15 7.6123e-13 -4.9389e-13 -1.5025e-12 -4.4187e-13 7.9394e-13 8.7159e-13 -4.6209e-13 4.7145e-13 6.1614e-13 1.5178e-12 2.8208e-13 6.3703e-13 2.1168e-12 1.007e-12 1.0929e-12 8.1808e-13 -5.7726e-13 -2.3312e-13 5.0055e-12 5.2958e-14 6.2608e-13 -1.115e-12 6.7233e-13 3.2825e-13 -8.5673e-13 -9.9405e-14 5.3755e-13 2.8878e-13 9.1228e-13 1.6692e-13 -5.8281e-13 -2.7112e-13 1.7096e-13 -6.2346e-14 -2.5732e-14 6.6464e-14 5.5419e-15 2.9432e-15
1.2759e-13 -1.3128e-12 1.6942e-12 8.5836e-14 -7.9028e-13 1.7945e-13 -2.9339e-13 -1.8154e-12 2.5833e-13 8.7983e-13 1.8222e-12 8.196e-13 8.796e-13 1.9273e-12 -8.371e-13 -2.4105e-12 1.7091e-12 9.1442e-13 1.0535e-12 6.729e-13 -2.6457e-12 -1.5405e-12 -1.3566e-12 -8.4876e-14 -7.2458e-13 -9.7056e-13 -4.0452e-13 5.7812e-13 -9.1639e-13 -9.1297e-13 2.42e-13 8.8172e-13 9.5828e-14 2.6976e-13 -2.5804e-13 1.0532e-12 8.6143e-13 2.3626e-13 1.0649e-13 -1.2885e-13 -1.6719e-12 5.2958e-14 2.8474e-12 -6.5711e-14 1.5296e-13 7.1413e-14 3.5342e-13 4.4687e-13 -2.6723e-13 5.4926e-13 -2.564e-13 4.2887e-13 -1.9946e-14 3.2704e-13 -6.4566e-14 -2.2291e-13 -2.6518e-13 -8.3019e-14 -6.2536e-14 -8.5608e-17 1.8561e-15
1.4718e-14 1.6163e-12 -2.6855e-13 4.3522e-13 -7.1957e-13 2.318e-13 1.2011e-12 -2.2298e-13 -1.696e-13 -2.045e-13 -1.3936e-12 -1.3264e-12 -3.6089e-13 7.2524e-13 1.5867e-13 -7.5095e-13 -1.256e-12 -1.4829e-12 1.7817e-12 1.2921e-12 6.9831e-13 -8.4354e-13 -5.0412e-13 -4.9774e-13 -1.2612e-12 -2.5368e-12 -7.2012e-13 -2.6628e-13 -4.3278e-13 -1.8123e-13 1.1892e-12 9.1303e-13 4.5826e-13 3.1143e-13 9.9177e-13 -9.8733e-14 -5.9032e-13 4.2066e-13 -3.1187e-14 -1.1646e-12 6.6409e-13 6.2608e-13 -6.5711e-14 3.9286e-12 9.6097e-14 -4.3946e-13 2.2884e-13 -2.3978e-13 4.8671e-14 -1.7766e-14 -3.4905e-13 1.7914e-13 4.4747e-13 -3.8243e-13 7.5379e-14 -2.6415e-13 1.0808e-13 -4.0814e-14 4.7409e-14 1.1365e-15 -1.4508e-15
1.8988e-12 -3.7811e-13 -9.8537e-13 4.8081e-13 1.3617e-12 -2.8718e-12 8.2579e-13 5.318e-13 2.0717e-12 1.3817e-13 1.632e-12 4.32e-13 8.5276e-13 1.1728e-12 -1.5019e-13 6.1385e-13 1.6787e-12 -4.6422e-14 -8.0799e-13 5.3162e-13 3.2062e-13 -5.8349e-13 1.8605e-13 -1.3776e-12 -4.0319e-13 7.9966e-13 -4.8746e-13 -5.1507e-13 1.1421e-12 -3.1889e-13 7.3741e-13 1.2194e-12 6.887e-13 -1.111e-13 -8.9384e-13 -4.4075e-13 1.9919e-13 5.4767e-13 -1.3901e-13 1.0471e-12 6.0695e-13 -1.115e-12 1.5296e-13 9.6097e-14 2.2785e-12 2.056e-13 -2.2021e-13 -6.5962e-13 -6.6086e-13 -3.45e-14 2.1875e-13 -5.9036e-14 1.6083e-13 -1.7608e-13 4.4355e-15 -1.4525e-13 -9.9917e-14 -6.6401e-14 -1.214e-13 7.1876e-15 -3.1225e-16
7.5344e-13 -3.9554e-13 1.425e-12 -3.8874e-13 -4.8408e-13 -1.1813e-12 -5.1316e-13 -2.9998e-13 -5.0212e-13 -2.1742e-13 -8.5365e-13 -1.4976e-12 -1.2947e-12 -6.7856e-13 -1.1905e-12 -2.0135e-12 5.492e-13 -2.5613e-14 -6.1923e-13 -1.1685e-12 9.8391e-13 -1.309e-12 2.3783e-13 -1.966e-13 -8.2423e-13 -4.1153e-13 -1.6935e-12 -1.1539e-12 -2.0001e-12 -1.1177e-13 1.7255e-13 2.2795e-13 4.8803e-13 1.4855e-13 -8.8751e-13 5.9337e-13 8.8483e-13 1.3153e-13 2.1727e-13 -9.358e-14 -1.5258e-13 6.7233e-13 7.1413e-14 -4.3946e-13 2.056e-13 2.2627e-12 1.6674e-13 9.2505e-14 1.3667e-13 6.7871e-13 3.7492e-13 1.6785e-13 2.4669e-13 -3.8312e-13 7.5525e-14 8.8163e-14 1.5361e-14 1.2932e-13 4.6764e-14 4.7899e-15 3.1042e-15
-1.0511e-12 -5.5838e-13 -6.1022e-13 -7.0729e-13 1.1927e-12 2.3831e-13 5.1092e-13 -2.5286e-12 -4.3632e-13 -6.3588e-13 -1.1197e-12 -1.1414e-12 -1.3093e-12 -5.5863e-13 5.6286e-14 -2.4398e-12 -4.4647e-14 -2.6248e-12 5.2729e-13 -2.6132e-12 -3.8598e-13 -5.0065e-13 -1.2161e-13 -1.8967e-13 -6.9098e-13 -2.9223e-14 -6.745e-13 2.2225e-13 6.1406e-14 -6.1187e-13 4.8992e-13 -3.4832e-13 -1.4775e-13 1.0284e-13 3.5974e-13 7.571e-13 1.1735e-13 -4.1254e-13 1.4656e-13 3.4574e-13 -3.5709e-13 3.2825e-13 3.5342e-13 2.2884e-13 -2.2021e-13 1.6674e-13 2.6796e-12 2.408e-13 6.5493e-13 2.3207e-14 4.3191e-14 1.1422e-13 5.354e-13 5.5636e-14 -1.7101e-13 1.7584e-14 2.8871e-15 2.3848e-14 -1.3297e-14 -1.0999e-14 4.415e-15
5.7441e-13 2.9365e-12 4.8575e-13 9.1479e-13 -2.3265e-12 1.1539e-13 -1.6975e-13 -1.12e-12 -1.3398e-12 -7.0494e-13 2.7026e-12 9.9153e-13 2.6893e-12 2.3129e-12 -6.6766e-15 1.494e-12 6.89e-13 3.8973e-13 1.6524e-12 2.1435e-13 2.2338e-12 -8.0726e-13 7.2381e-13 7.6558e-13 1.5587e-12 6.8675e-13 -9.2847e-14 8.3106e-13 8.9932e-14 1.5111e-12 -8.762e-14 -1.4748e-14 -1.3508e-12 -2.1731e-13 -7.1603e-13 -3.0125e-14 6.6463e-13 -5.4814e-14 4.9164e-13 -3.9197e-14 -5.9272e-14 -8.5673e-13 4.4687e-13 -2.3978e-13 -6.5962e-13 9.2505e-14 2.408e-13 3.1964e-12 3.9253e-13 5.4113e-13 -3.8567e-13 6.5568e-13 -3.8098e-14 4.9075e-14 2.3285e-13 -2.3765e-13 -8.6018e-15 2.4177e-14 8.9311e-14 -8.6992e-15 3.2334e-16
4.379e-13 -2.3195e-13 1.4693e-13 -4.9229e-13 -1.1992e-12 1.0569e-12 -1.0217e-12 -3.7532e-12 -9.7769e-13 -1.2803e-12 -1.3108e-12 -5.4948e-13 -8.5098e-13 -1.6273e-12 -1.9667e-14 -1.9632e-12 -1.0309e-12 -2.1208e-12 -2.07e-13 6.4098e-13 8.1721e-13 -2.362e-12 -1.3529e-12 8.7819e-13 1.9081e-13 -3.735e-13 -6.7926e-13 2.6469e-13 -1.151e-12 -6.081e-13 -1.4057e-13 -2.7448e-13 -1.274e-12 -1.2059e-12 -6.1917e-13 -2.9762e-14 1.2086e-13 -8.8114e-13 -6.4667e-14 4.0552e-13 -1.3011e-12 -9.9405e-14 -2.6723e-13 4.8671e-14 -6.6086e-13 1.3667e-13 6.5493e-13 3.9253e-13 2.6243e-12 2.5229e-13 -4.1502e-13 -1.9928e-13 1.2525e-14 -1.6662e-13 7.529e-14 2.1951e-13 6.321e-14 3.3403e-14 2.1121e-14 -2.718e-15 1.0971e-15
1.7418e-13 3.6703e-13 5.3959e-13 8.6621e-13 -1.9935e-12 -1.2356e-13 -1.0959e-12 -3.2088e-13 3.8337e-13 3.2905e-13 1.4065e-12 6.539e-13 1.108e-12 5.2414e-13 -3.9868e-13 -9.2545e-13 6.7079e-13 5.9284e-13 4.0773e-13 3.6087e-14 1.0716e-12 -8.1616e-13 2.3939e-13 2.5173e-13 -8.7022e-14 -1.5221e-13 8.9945e-15 6.9915e-13 -6.1203e-14 4.1033e-13 4.5089e-13 9.528e-13 4.6226e-13 -6.0468e-13 -3.0375e-13 5.3356e-13 7.556e-13 -2.4194e-13 5.9341e-13 4.1716e-13 -8.2517e-13 5.3755e-13 5.4926e-13 -1.7766e-14 -3.45e-14 6.7871e-13 2.3207e-14 5.4113e-13 2.5229e-13 1.8459e-12 -3.1333e-14 2.3435e-13 2.4942e-13 -3.3183e-13 -8.7732e-14 -1.2925e-13 -8.5318e-14 1.2554e-14 2.2686e-14 7.503e-16 1.1648e-16
9.9922e-13 -2.142e-13 1.6101e-12 1.0321e-14 7.9733e-13 -7.4505e-13 2.2815e-13 1.7454e-12 1.0015e-12 5.7597e-13 -9.0798e-13 -5.1816e-13 -2.8062e-13 3.7653e-13 4.174e-13 2.162e-13 -5.3847e-14 8.1597e-13 -3.6398e-13 -1.0814e-12 1.436e-12 -8.571e-14 -2.5107e-13 3.9127e-14 3.8691e-13 -4.9206e-13 -4.1549e-13 2.8085e-13 -9.9231e-14 8.0943e-13 -9.0056e-14 -1.2946e-13 2.2646e-13 1.3903e-13 2.2295e-13 -1.591e-13 1.6269e-13 3.9631e-14 4.2191e-13 5.575e-13 5.9401e-13 2.8878e-13 -2.564e-13 -3.4905e-13 2.1875e-13 3.7492e-13 4.3191e-14 -3.8567e-13 -4.1502e-13 -3.1333e-14 1.1802e-12 1.2996e-14 -2.1725e-14 -6.4457e-14 -4.4293e-14 9.1765e-14 3.2946e-14 -3.1342e-14 3.5683e-15 4.1243e-17 2.8647e-15
1.8719e-14 1.5982e-12 2.8067e-12 1.8167e-12 5.755e-13 2.2605e-12 -1.31e-13 1.5758e-12 6.0137e-13 3.2747e-13 3.2214e-12 1.1572e-12 9.6877e-13 3.1721e-12 8.0973e-13 1.9342e-12 5.1842e-13 1.4936e-12 6.2708e-13 6.85e-13 4.9032e-13 2.1554e-13 4.747e-13 -4.2318e-13 6.0825e-13 6.5293e-14 8.5844e-13 4.0545e-13 -1.348e-13 9.0629e-13 4.7796e-13 6.086e-13 6.6694e-15 5.4787e-13 -8.9789e-13 9.8329e-14 3.9007e-13 -8.0094e-14 -5.6103e-13 -2.2958e-13 6.4331e-13 9.1228e-13 4.2887e-13 1.7914e-13 -5.9036e-14 1.6785e-13 1.1422e-13 6.5568e-13 -1.9928e-13 2.3435e-13 1.2996e-14 2.0149e-12 -6.1812e-14 2.2212e-13 -2.3799e-13 -7.634e-14 -4.3309e-14 -1.0256e-14 3.375e-14 1.244e-16 8.8892e-16
-9.3415e-13 2.166e-13 -1.5189e-12 -6.0901e-13 -5.6006e-13 -5.1004e-13 -1.8586e-13 3.1897e-14 1.412e-13 -3.4474e-13 -9.7609e-13 -3.0273e-13 7.673e-14 -1.6385e-13 -9.2172e-13 -1.5681e-12 -6.3152e-14 -1.1675e-12 -6.3593e-13 -1.5052e-12 -2.2688e-13 -4.7462e-13 2.1696e-13 -1.2181e-12 -3.2235e-13 -1.1636e-12 -2.8266e-13 -1.9199e-13 -7.5004e-13 3.0468e-14 3.0826e-13 -1.162e-13 2.1674e-13 2.418e-13 4.9283e-14 -6.4658e-14 8.4772e-14 -6.5231e-14 3.9677e-13 -1.3846e-13 -2.1983e-13 1.6692e-13 -1.9946e-14 4.4747e-13 1.6083e-13 2.4669e-13 5.354e-13 -3.8098e-14 1.2525e-14 2.4942e-13 -2.1725e-14 -6.1812e-14 8.8476e-13 -3.0239e-13 -1.012e-14 -9.4725e-14 -9.1795e-14 -1.5188e-14 6.9367e-15 5.2884e-15 -5.0744e-16
-3.8773e-13 8.204e-13 4.313e-13 -5.4463e-13 3.0734e-13 1.0226e-12 3.0386e-13 -6.5354e-13 4.5828e-13 1.0536e-12 2.1491e-13 7.5479e-13 -1.1605e-12 5.9704e-13 -1.1785e-13 -6.4251e-13 -3.8167e-13 5.7541e-13 -2.238e-13 1.6736e-13 -1.2168e-12 1.0069e-13 -3.2149e-13 -2.962e-13 2.3523e-13 5.4764e-13 4.3098e-13 3.8551e-13 -3.5074e-13 6.3267e-13 -7.9662e-14 -1.5684e-14 1.978e-13 3.4021e-14 1.4113e-13 -5.5667e-13 -2.4771e-13 -4.4263e-13 -4.195e-13 -5.5876e-13 1.1008e-13 -5.8281e-13 3.2704e-13 -3.8243e-13 -1.7608e-13 -3.8312e-13 5.5636e-14 4.9075e-14 -1.6662e-13 -3.3183e-13 -6.4457e-14 2.2212e-13 -3.0239e-13 8.976e-13 -1.6414e-13 1.9146e-13 5.3385e-14 6.7415e-15 -2.2212e-14 -2.4251e-15 -1.177e-15
5.8766e-13 2.6517e-13 4.4499e-13 4.3974e-13 -6.5597e-13 -2.5439e-13 7.0664e-14 -8.1202e-15 -3.7536e-13 -1.3426e-12 -1.5496e-13 -2.9457e-13 4.5385e-13 -4.6155e-13 -3.6224e-13 1.7202e-13 -1.3596e-13 -1.7522e-13 2.6962e-13 1.719e-15 4.4607e-13 -3.1005e-13 -3.0033e-13 1.7948e-13 -4.9704e-13 -2.0185e-13 -7.522e-13 2.6179e-14 6.8609e-14 -1.7225e-13 9.8413e-14 1.848e-15 -3.008e-13 -2.6873e-13 3.4507e-13 -4.3314e-13 1.3067e-13 1.9345e-13 1.6132e-13 -6.5878e-14 -2.1869e-13 -2.7112e-13 -6.4566e-14 7.5379e-14 4.4355e-15 7.5525e-14 -1.7101e-13 2.3285e-13 7.529e-14 -8.7732e-14 -4.4293e-14 -2.3799e-13 -1.012e-14 -1.6414e-13 3.8771e-13 -1.2202e-13 -2.3632e-14 2.4933e-14 1.7198e-14 1.5705e-15 7.0505e-17
-9.2181e-14 -1.7587e-13 -3.1194e-13 -7.4898e-13 6.3608e-13 1.0589e-14 -2.831e-13 -1.2662e-12 -1.2413e-12 -5.6456e-13 -1.3063e-12 1.8626e-13 -1.0889e-12 -4.7855e-13 6.6914e-13 -3.6498e-13 1.3887e-15 8.222e-14 -8.1863e-13 4.9257e-13 1.0542e-13 -4.3796e-14 -4.1368e-13 9.4178e-15 2.7246e-13 2.7339e-13 -5.6558e-14 -1.7672e-13 4.7105e-14 -5.2485e-13 -1.9474e-13 -6.1202e-14 -2.9504e-14 1.2475e-13 -2.8449e-13 -3.2777e-14 -7.2097e-14 8.981e-14 2.1694e-13 2.877e-14 2.35e-13 1.7096e-13 -2.2291e-13 -2.6415e-13 -1.4525e-13 8.8163e-14 1.7584e-14 -2.3765e-13 2.1951e-13 -1.2925e-13 9.1765e-14 -7.634e-14 -9.4725e-14 1.9146e-13 -1.2202e-13 4.6249e-13 6.4286e-14 2.196e-14 9.8272e-15 -2.6987e-15 -1.052e-15
2.41e-13 5.6439e-13 5.4409e-13 -9.1681e-14 2.0782e-13 4.2422e-13 2.3941e-13 -4.3886e-13 3.0269e-14 -7.1449e-13 -4.6167e-13 -4.5958e-13 -4.7855e-13 -2.1029e-13 5.5957e-14 9.4907e-14 -7.1502e-13 -2.5346e-13 -3.9577e-13 1.9838e-14 3.412e-13 6.6024e-14 -1.8626e-14 -9.5552e-14 1.4168e-13 3.1456e-13 -2.4087e-13 -1.8127e-13 2.7859e-13 5.0412e-13 -4.6948e-13 -1.9232e-13 6.3671e-14 -1.1614e-13 2.8974e-14 1.8751e-13 8.4741e-14 3.2287e-15 -3.8261e-13 -2.5729e-13 5.0104e-13 -6.2346e-14 -2.6518e-13 1.0808e-13 -9.9917e-14 1.5361e-14 2.8871e-15 -8.6018e-15 6.321e-14 -8.5318e-14 3.2946e-14 -4.3309e-14 -9.1795e-14 5.3385e-14 -2.3632e-14 6.4286e-14 2.0099e-13 1.8757e-14 8.7135e-15 -2.3159e-15 -5.3936e-16
1.4197e-13 -1.9124e-13 4.5785e-13 6.5829e-14 3.4463e-13 -3.1441e-14 -2.3364e-13 3.3883e-13 -5.4148e-14 -2.7593e-13 3.7589e-15 -2.0658e-13 -8.2319e-14 1.3258e-13 3.4588e-14 -1.5063e-13 2.799e-13 1.0685e-13 2.0918e-13 2.4238e-14 6.5418e-14 5.4483e-14 2.9178e-14 2.8774e-15 1.5367e-13 1.9584e-13 1.6693e-13 -9.7242e-14 -5.7676e-14 7.7048e-15 1.2522e-13 1.0251e-14 1.8777e-14 2.2079e-14 4.0739e-14 1.371e-13 7.1283e-14 -8.5007e-14 -7.2626e-14 -7.8724e-14 1.1118e-13 -2.5732e-14 -8.3019e-14 -4.0814e-14 -6.6401e-14 1.2932e-13 2.3848e-14 2.4177e-14 3.3403e-14 1.2554e-14 -3.1342e-14 -1.0256e-14 -1.5188e-14 6.7415e-15 2.4933e-14 2.196e-14 1.8757e-14 9.4321e-14 3.1724e-14 -1.7768e-15 4.7219e-16
