7.014e-11 5.3782e-11 5.4606e-11 5.4989e-11 5.0169e-11 5.2576e-11 6.4548e-11 5.0582e-11 5.9103e-11 3.8992e-11 6.6484e-11 6.3186e-11 5.3195e-11 6.2533e-11 5.262e-11 5.4281e-11 4.5729e-11 5.6103e-11 5.1407e-11 5.7236e-11 4.6021e-11 5.3526e-11 4.968e-11 4.9594e-11 6.4441e-11 3.8226e-11 4.793e-11 5.6715e-11 5.7587e-11 5.3433e-11 4.8381e-11 4.8252e-11 4.1714e-11 5.9326e-11 4.8704e-11 4.2371e-11 3.4344e-11 4.0752e-11 3.7682e-11 3.5719e-11 3.6273e-11 3.5525e-11 3.1266e-11 2.459e-11 3.0604e-11 2.5425e-11 2.6828e-11 2.1774e-11 2.3645e-11 2.6344e-11 1.8014e-11 1.4038e-11 1.4636e-11 3.0884e-11 2.2839e-11 1.2592e-11 1.4944e-11 5.6359e-12 1.8696e-11 1.2397e-11 2.0803e-11 1.3312e-11 1.6619e-11 2.6712e-12 5.3218e-12 7.1998e-12 9.546e-12 5.2071e-12 1.2049e-11 1.4279e-11 1.6506e-11 9.543e-12 3.8393e-12 -2.5425e-12 3.7314e-12 7.0823e-12 -6.0276e-13 8.2224e-12 6.9008e-12 3.5217e-12 1.0226e-11 4.5175e-12 8.5544e-13 1.598e-12 2.0848e-12 3.5893e-12 4.6242e-12 9.6271e-12 3.5537e-12 4.247e-12 1.2296e-12 2.5535e-12 1.2102e-12 7.0785e-12 4.7195e-12 7.3416e-12 3.7146e-12 -3.0618e-12 3.3505e-12 -1.5419e-12 -4.5129e-12 6.9157e-12 -6.6865e-13 3.43e-12 8.1489e-13 3.4441e-12 7.8745e-13 -4.8433e-12 -3.3555e-12 -2.0908e-12 -5.526e-13 3.0307e-12 -1.9278e-12 -3.3513e-12 2.0317e-13 2.6201e-13 5.5344e-13 1.0851e-12 -1.6621e-12 2.3872e-12 3.475e-12 2.4636e-13 -1.743e-12 -2.1662e-13 3.3618e-13 -2.8371e-13 2.8612e-12 1.2222e-12 -9.6028e-13 2.5118e-12 -2.5376e-12 8.1665e-14 1.2325e-12 3.2792e-12 7.6642e-13 6.4807e-13 7.2803e-13 4.0546e-13 1.5871e-13 -9.325e-14 -3.0446e-13 2.4822e-13 5.7263e-13 7.3435e-13 1.5185e-13 -7.2132e-14 -2.4745e-14
5.3782e-11 5.8864e-11 5.2989e-11 5.0236e-11 4.633e-11 4.9909e-11 5.8393e-11 4.4732e-11 5.5889e-11 3.7292e-11 5.9376e-11 5.5627e-11 4.9639e-11 5.609e-11 4.59e-11 4.8413e-11 4.4637e-11 5.2853e-11 4.8636e-11 5.1962e-11 4.3745e-11 4.8004e-11 4.5742e-11 4.2063e-11 5.6432e-11 3.9742e-11 4.386e-11 5.6255e-11 5.0795e-11 4.7074e-11 4.5894e-11 4.308e-11 3.7845e-11 4.9741e-11 3.8993e-11 3.7133e-11 3.1497e-11 3.3817e-11 3.7739e-11 3.0151e-11 3.2664e-11 3.5711e-11 2.6833e-11 2.4688e-11 2.2685e-11 2.3018e-11 2.67e-11 2.6448e-11 1.9559e-11 2.0398e-11 1.7316e-11 1.4566e-11 1.6372e-11 2.8607e-11 1.9089e-11 1.4195e-11 1.2716e-11 6.7553e-12 1.5055e-11 1.1853e-11 1.68e-11 1.3855e-11 1.6141e-11 1.1028e-13 6.1922e-12 5.1821e-12 7.1968e-12 5.5624e-12 1.1927e-11 9.6797e-12 1.2818e-11 8.2261e-12 4.7983e-12 9.5543e-13 4.773e-12 5.7761e-12 -3.6464e-12 5.3328e-12 4.62e-12 1.4826e-12 7.0739e-12 6.3571e-12 2.3006e-12 2.4106e-12 2.2113e-12 4.0438e-12 8.3751e-12 9.0522e-12 3.4964e-12 2.2924e-12 1.7531e-12 3.7561e-12 3.0739e-12 6.3916e-12 1.3352e-12 4.8402e-12 6.0565e-12 8.7578e-13 1.8878e-12 -1.0217e-13 -1.6444e-12 5.3458e-12 4.3396e-13 4.7852e-12 3.5973e-13 1.7005e-12 -1.618e-12 -1.9402e-12 -3.002e-12 1.8748e-13 2.0811e-12 5.1179e-12 4.0941e-13 -6.8814e-13 2.8205e-13 1.5234e-12 1.5009e-12 5.703e-13 -1.0309e-12 1.8521e-12 5.1022e-12 1.4625e-13 -3.5839e-13 -1.1089e-12 -1.0315e-12 -4.8609e-13 3.02e-12 -5.5637e-13 -1.239e-12 1.0213e-12 -2.127e-12 9.7698e-13 2.0744e-12 3.2437e-12 3.9193e-13 8.1017e-13 4.3668e-13 -4.5404e-14 5.9814e-13 1.3707e-14 -4.9003e-13 3.1996e-13 2.9579e-13 8.8483e-13 2.19e-13 6.8373e-14 -2.1932e-14
5.4606e-11 5.2989e-11 6.2813e-11 5.2291e-11 4.6211e-11 4.588e-11 5.6638e-11 4.6376e-11 5.6226e-11 3.757e-11 5.7654e-11 5.6385e-11 5.0842e-11 5.3927e-11 4.8413e-11 4.9625e-11 4.7309e-11 4.8363e-11 4.7328e-11 5.3022e-11 4.0333e-11 5.1088e-11 4.0724e-11 4.2115e-11 5.5628e-11 3.6406e-11 4.2368e-11 5.2611e-11 5.0974e-11 4.7009e-11 4.4918e-11 4.2467e-11 3.9631e-11 4.9316e-11 4.1958e-11 3.8073e-11 3.0076e-11 3.4091e-11 3.4483e-11 3.1459e-11 3.3568e-11 3.6825e-11 2.4349e-11 1.6711e-11 2.4472e-11 2.1949e-11 2.7293e-11 1.8407e-11 1.9014e-11 2.1344e-11 1.8757e-11 1.5111e-11 1.5066e-11 2.6063e-11 2.0997e-11 1.4119e-11 1.4458e-11 6.271e-12 1.8867e-11 1.1558e-11 1.6453e-11 1.6588e-11 1.5825e-11 -6.9131e-13 1.1818e-12 2.9649e-12 9.3835e-12 8.939e-12 1.0109e-11 1.1619e-11 1.1972e-11 7.2767e-12 5.5249e-12 5.6659e-13 3.4301e-12 4.4966e-12 -3.563e-12 8.1889e-12 3.1768e-12 1.0601e-12 8.5644e-12 7.3809e-12 -1.7854e-12 1.8534e-12 2.2384e-12 5.9673e-12 5.1224e-12 9.3615e-12 5.1469e-12 4.0219e-12 1.0271e-12 1.9935e-12 2.4023e-12 5.0635e-12 4.1817e-12 5.7525e-12 3.7946e-12 5.2213e-13 1.3362e-12 2.1137e-13 -6.0922e-13 5.8858e-12 1.9319e-12 5.7603e-12 1.1531e-12 1.8342e-12 -1.0822e-12 -3.6282e-12 -4.163e-12 7.7044e-13 4.8169e-13 5.0053e-12 -1.0068e-12 1.0204e-12 2.0019e-12 8.9241e-13 2.0111e-12 1.1275e-13 -5.0371e-13 1.0337e-12 3.6197e-12 1.7153e-12 -5.1327e-13 -1.8525e-12 -1.1849e-12 -9.357e-13 2.458e-12 3.0494e-13 -5.9e-13 4.3369e-13 -2.3162e-12 -6.4646e-14 1.4347e-12 2.733e-12 3.836e-13 -1.6955e-13 5.1352e-13 4.78e-13 3.7942e-13 1.5465e-13 -1.4819e-13 -5.8845e-14 4.4344e-13 7.1418e-13 2.084e-14 -1.7494e-14 6.0413e-14
5.4989e-11 5.0236e-11 5.2291e-11 5.6696e-11 4.8904e-11 4.6143e-11 5.8709e-11 4.7246e-11 5.5082e-11 3.8092e-11 6.0191e-11 5.68e-11 5.195e-11 5.6914e-11 4.937e-11 4.955e-11 4.7147e-11 4.984e-11 5.0249e-11 5.3421e-11 4.2844e-11 4.891e-11 4.3026e-11 4.3531e-11 5.5539e-11 3.8734e-11 4.4496e-11 5.1182e-11 4.9666e-11 4.593e-11 4.4024e-11 4.4585e-11 3.9634e-11 5.2547e-11 4.2669e-11 3.8736e-11 2.9839e-11 3.6077e-11 3.4807e-11 3.3358e-11 3.1223e-11 3.3395e-11 2.7229e-11 2.1273e-11 2.6097e-11 2.5609e-11 2.6727e-11 2.1065e-11 2.2155e-11 2.1859e-11 1.9142e-11 1.4417e-11 1.4155e-11 2.5291e-11 1.6194e-11 1.3297e-11 1.5875e-11 6.118e-12 1.5098e-11 1.395e-11 1.9828e-11 1.7518e-11 1.6912e-11 -4.9884e-13 5.2763e-12 5.7156e-12 7.7009e-12 7.5479e-12 7.8762e-12 1.0705e-11 1.207e-11 9.8873e-12 4.2251e-12 3.4924e-12 3.398e-12 7.0131e-12 -1.2891e-12 7.7019e-12 4.6044e-12 8.2336e-13 7.8051e-12 5.3692e-12 1.1155e-12 1.6094e-12 4.1986e-12 3.332e-12 6.6589e-12 1.0277e-11 1.7275e-12 4.2591e-12 -1.3142e-13 2.6344e-12 3.7626e-12 6.147e-12 4.5381e-12 5.0477e-12 4.0461e-12 6.2273e-13 2.2216e-12 -1.1137e-12 -3.1259e-12 7.4453e-12 -2.3355e-13 5.1756e-12 6.3302e-13 1.8773e-12 6.5801e-13 -2.7392e-12 -2.3612e-12 -9.0825e-13 -3.492e-13 3.8424e-12 -1.2369e-12 -2.4085e-12 1.0685e-12 3.2816e-12 1.9797e-12 -3.6321e-14 -1.7647e-12 2.1725e-12 4.4818e-12 1.7355e-12 -8.0842e-13 -6.7796e-13 -1.8283e-12 -4.202e-13 2.7209e-12 4.8346e-13 5.729e-13 9.5544e-14 -1.9189e-12 -4.7731e-13 1.4446e-12 3.3337e-12 8.0146e-13 3.8221e-13 7.4215e-13 -3.9482e-13 1.3493e-13 -6.8041e-13 -6.4557e-14 4.3288e-13 5.2893e-13 8.6056e-13 5.8786e-14 -6.8412e-14 3.1479e-15
5.0169e-11 4.633e-11 4.6211e-11 4.8904e-11 4.8956e-11 4.3554e-11 5.3484e-11 4.1874e-11 4.9701e-11 3.4413e-11 5.5305e-11 5.1226e-11 4.5583e-11 5.0951e-11 4.3957e-11 4.5127e-11 4.0849e-11 4.5526e-11 4.6872e-11 4.7788e-11 4.0755e-11 4.4899e-11 3.7563e-11 3.7718e-11 5.1951e-11 3.4389e-11 4.0172e-11 4.8818e-11 4.7256e-11 4.2158e-11 3.7938e-11 3.7588e-11 3.4747e-11 4.9125e-11 3.9819e-11 3.5971e-11 2.8687e-11 3.3275e-11 3.3031e-11 2.9311e-11 2.9897e-11 2.9558e-11 2.4768e-11 2.054e-11 2.1874e-11 2.3166e-11 2.2007e-11 1.9845e-11 1.7225e-11 1.9425e-11 1.6335e-11 1.2805e-11 1.3961e-11 2.4533e-11 1.4326e-11 1.0896e-11 1.227e-11 2.6254e-12 1.4499e-11 1.0851e-11 1.754e-11 1.3158e-11 1.6381e-11 1.1129e-12 5.8064e-12 5.9843e-12 7.3958e-12 7.0982e-12 1.1005e-11 8.8679e-12 1.0046e-11 8.1624e-12 3.9109e-12 2.9251e-12 2.9723e-12 5.9948e-12 -6.2631e-13 6.8107e-12 4.3329e-12 1.9192e-12 6.4298e-12 3.8128e-12 2.0264e-12 2.8096e-12 4.3126e-12 3.5119e-12 6.0596e-12 7.181e-12 3.062e-12 3.5565e-12 2.7121e-12 2.2048e-12 1.3286e-12 4.8268e-12 4.0475e-12 3.0294e-12 2.9596e-12 2.6311e-13 1.4352e-12 -4.1908e-13 -4.3134e-12 6.0775e-12 -1.1419e-12 4.653e-12 8.2181e-13 1.3904e-12 3.2399e-13 -2.2946e-14 -1.4727e-12 -1.7845e-12 3.8144e-13 3.8014e-12 -1.5134e-12 -1.1883e-12 9.1906e-13 2.4125e-12 1.1654e-12 2.1276e-13 -2.2927e-12 1.733e-12 3.6173e-12 1.9492e-12 -5.9459e-13 -1.0047e-12 -1.7585e-12 4.6728e-14 2.1705e-12 2.4649e-13 2.3924e-13 -7.3033e-13 -1.913e-12 -1.1519e-12 1.6312e-12 2.9774e-12 3.5705e-13 5.8724e-15 6.8938e-13 -2.2907e-13 3.8043e-13 -2.2826e-13 -1.7276e-13 2.5498e-13 3.7599e-13 8.7975e-13 1.8171e-13 9.4311e-16 1.0275e-14
5.2576e-11 4.9909e-11 4.588e-11 4.6143e-11 4.3554e-11 5.2791e-11 5.5835e-11 4.0934e-11 5.2151e-11 3.6321e-11 5.7039e-11 5.2383e-11 4.5871e-11 5.1983e-11 4.3167e-11 4.4832e-11 4.1464e-11 4.7608e-11 4.4237e-11 4.8194e-11 4.295e-11 4.4544e-11 4.4497e-11 4.4131e-11 5.3044e-11 3.5033e-11 4.2517e-11 5.1176e-11 5.3024e-11 4.2951e-11 4.4269e-11 4.2236e-11 3.5364e-11 4.7502e-11 3.8297e-11 3.453e-11 3.2509e-11 3.4784e-11 3.6958e-11 3.0703e-11 3.1955e-11 3.2303e-11 2.4249e-11 1.9542e-11 2.2272e-11 2.2951e-11 2.34e-11 2.3688e-11 2.1066e-11 2.2051e-11 1.7312e-11 1.2991e-11 1.5772e-11 2.8412e-11 1.8275e-11 1.1998e-11 1.3611e-11 4.4592e-12 1.4646e-11 1.1739e-11 1.8254e-11 1.0425e-11 1.4329e-11 1.7805e-12 2.7337e-12 4.1251e-12 7.8615e-12 4.9173e-12 1.1496e-11 1.1358e-11 1.1728e-11 6.3941e-12 4.3923e-12 -6.507e-13 1.5503e-12 5.072e-12 -2.9922e-12 6.7455e-12 7.3565e-12 -4.4097e-13 5.0386e-12 4.6135e-12 1.5629e-12 3.2657e-12 2.0885e-12 4.4706e-12 5.9398e-12 8.7416e-12 4.8204e-12 2.8306e-12 3.47e-12 3.1957e-12 1.0229e-12 6.3326e-12 4.9866e-12 4.781e-12 6.6138e-12 2.8612e-13 2.7501e-12 5.1106e-13 -3.2298e-12 5.7309e-12 -2.3463e-12 4.8489e-12 2.1113e-12 1.8653e-12 3.6977e-13 -1.8161e-12 -2.6534e-12 -1.7551e-13 1.4426e-12 5.1435e-12 -1.6055e-12 -1.4613e-12 -1.6951e-12 3.3347e-13 1.878e-12 1.4724e-12 -1.2574e-12 2.4696e-12 3.4405e-12 1.9463e-13 -8.9507e-13 5.3303e-13 -1.8602e-12 1.5668e-13 2.6927e-12 1.455e-12 -2.4921e-12 1.061e-12 -2.4158e-12 4.7425e-13 1.2712e-12 3.0711e-12 2.2398e-13 5.0692e-13 7.5744e-13 3.2559e-13 1.2636e-13 -1.0972e-13 -4.5329e-13 -1.6701e-13 5.8367e-13 6.211e-13 2.8449e-13 3.4811e-14 -1.4779e-14
6.4548e-11 5.8393e-11 5.6638e-11 5.8709e-11 5.3484e-11 5.5835e-11 7.9636e-11 5.3954e-11 6.1639e-11 4.5382e-11 6.9738e-11 6.816e-11 6.0051e-11 6.7471e-11 5.7111e-11 5.6557e-11 5.135e-11 5.8112e-11 5.7015e-11 6.1373e-11 5.1653e-11 5.621e-11 5.4546e-11 5.3383e-11 6.1477e-11 4.3003e-11 5.324e-11 5.85e-11 6.28e-11 5.3619e-11 5.2493e-11 4.9369e-11 4.4808e-11 6.2343e-11 5.1996e-11 4.1578e-11 3.7438e-11 3.9574e-11 4.3059e-11 3.8357e-11 3.6717e-11 4.013e-11 3.3801e-11 2.7613e-11 2.6028e-11 2.5774e-11 2.6938e-11 2.5986e-11 2.23e-11 2.4976e-11 2.0994e-11 1.6988e-11 2.0424e-11 3.275e-11 2.0552e-11 1.7784e-11 1.58e-11 3.2459e-12 1.8158e-11 1.3247e-11 2.1182e-11 1.7328e-11 1.7231e-11 1.6104e-12 7.6713e-12 8.642e-12 1.0815e-11 1.0414e-11 1.0045e-11 1.4882e-11 1.6046e-11 1.1979e-11 7.0448e-12 -1.2385e-12 2.9532e-12 8.7965e-12 1.5683e-13 6.8254e-12 8.0582e-12 1.8549e-12 9.6156e-12 4.9505e-12 -9.8605e-13 5.5054e-12 2.9162e-12 4.092e-12 9.1897e-12 1.1714e-11 2.7972e-12 6.03e-12 2.3793e-13 2.7013e-12 1.8089e-12 8.4367e-12 6.0238e-12 3.6496e-12 3.6499e-12 -2.2237e-13 4.2457e-12 -2.1549e-12 -2.3951e-12 4.9902e-12 -2.9073e-12 4.334e-12 1.5624e-12 2.1224e-12 5.8171e-13 -1.4575e-12 -1.9566e-12 -1.5572e-13 9.4852e-13 5.0181e-12 -7.2501e-13 -2.0764e-12 4.6801e-13 9.6216e-13 1.7454e-12 -1.1955e-12 -1.9159e-12 2.5892e-12 3.9239e-12 4.739e-14 -1.3097e-12 2.8935e-13 -1.5625e-12 6.3427e-13 3.844e-12 1.1476e-12 2.9847e-13 1.5227e-12 -1.8346e-12 6.3955e-14 1.013e-12 3.5755e-12 7.0714e-13 6.288e-13 8.2302e-13 -5.3848e-14 -8.4596e-14 2.0397e-13 -8.2274e-13 -1.2013e-13 7.0752e-13 7.5977e-13 1.5797e-13 -9.0834e-14 9.0733e-16
5.0582e-11 4.4732e-11 4.6376e-11 4.7246e-11 4.1874e-11 4.0934e-11 5.3954e-11 4.9076e-11 4.8478e-11 3.1948e-11 5.2912e-11 5.2364e-11 4.6578e-11 5.1892e-11 4.3211e-11 4.471e-11 3.9913e-11 4.5422e-11 4.5288e-11 4.6507e-11 3.6831e-11 4.4258e-11 4.0501e-11 3.9253e-11 4.7736e-11 3.3409e-11 3.7896e-11 4.5397e-11 4.672e-11 4.0506e-11 4.0515e-11 3.8819e-11 3.4084e-11 4.8321e-11 3.7125e-11 3.5583e-11 2.7767e-11 3.1515e-11 3.297e-11 2.6897e-11 2.9419e-11 3.1337e-11 2.4735e-11 1.9032e-11 2.3245e-11 2.29e-11 2.4442e-11 1.6851e-11 1.9645e-11 2.1023e-11 1.557e-11 1.2607e-11 1.299e-11 2.526e-11 1.7682e-11 1.0086e-11 1.1323e-11 6.3945e-12 1.3658e-11 1.0919e-11 1.5987e-11 1.4278e-11 1.5695e-11 -8.2891e-13 6.6108e-12 6.2666e-12 8.3278e-12 6.0621e-12 9.2304e-12 1.3551e-11 1.3402e-11 9.3622e-12 5.1914e-12 1.4382e-12 4.3806e-12 4.593e-12 -8.1318e-13 6.9987e-12 5.5483e-12 1.7177e-12 8.2466e-12 5.7133e-12 1.1402e-12 9.448e-14 1.1046e-12 6.0695e-12 5.0819e-12 7.2565e-12 1.9173e-12 5.0372e-12 -6.5179e-13 2.0767e-12 2.4851e-12 6.9529e-12 4.8889e-12 3.871e-12 4.7394e-12 -1.3324e-12 2.5853e-12 -5.5388e-13 -2.0716e-12 3.5982e-12 1.369e-12 5.2088e-12 1.2383e-12 2.8264e-12 -7.4924e-13 -3.341e-12 -1.2382e-12 3.0939e-13 8.8293e-13 1.5482e-12 -6.3959e-13 -3.0152e-13 -1.8859e-13 2.2813e-12 1.2101e-12 -1.0401e-12 -1.4164e-12 2.6266e-12 3.7155e-12 1.6985e-12 -1.0041e-12 2.5655e-13 -1.6628e-12 3.291e-13 2.8634e-12 -4.8855e-13 3.1972e-13 1.2657e-12 -1.9604e-12 -2.5485e-13 7.4918e-13 2.1654e-12 4.6244e-13 3.8568e-13 8.753e-13 3.1317e-13 -4.258e-16 -3.7641e-13 -3.2007e-13 2.1781e-13 -6.5253e-14 6.8191e-13 1.7569e-13 -3.4175e-14 -1.5937e-14
5.9103e-11 5.5889e-11 5.6226e-11 5.5082e-11 4.9701e-11 5.2151e-11 6.1639e-11 4.8478e-11 6.5744e-11 4.1313e-11 6.2115e-11 5.8548e-11 5.5756e-11 5.6971e-11 4.8311e-11 5.1219e-11 4.988e-11 5.2021e-11 5.1301e-11 5.7231e-11 4.555e-11 5.1791e-11 4.742e-11 4.7247e-11 6.0089e-11 3.8984e-11 4.7122e-11 5.8075e-11 5.65e-11 4.8588e-11 4.9349e-11 4.4688e-11 4.1434e-11 5.7731e-11 4.1655e-11 3.855e-11 3.574e-11 3.8311e-11 3.6995e-11 3.8095e-11 3.3927e-11 3.5695e-11 2.8205e-11 2.3364e-11 2.5937e-11 2.5581e-11 2.8462e-11 2.2984e-11 2.1175e-11 2.6274e-11 2.16e-11 1.4813e-11 1.5779e-11 2.806e-11 2.3107e-11 1.4341e-11 1.4091e-11 4.648e-12 1.758e-11 1.3271e-11 2.0341e-11 1.518e-11 1.535e-11 1.2114e-12 5.2578e-12 6.7766e-12 7.65e-12 5.7101e-12 1.2238e-11 1.3405e-11 1.2428e-11 9.5458e-12 4.4104e-12 1.0717e-12 4.3956e-12 4.3786e-12 -4.3434e-12 6.2115e-12 5.4039e-12 -8.2116e-13 9.3332e-12 5.003e-12 -4.6594e-13 2.662e-12 2.4064e-12 4.5766e-12 6.2187e-12 1.1374e-11 4.3154e-12 4.5277e-12 2.3041e-12 4.3694e-12 1.67e-12 5.8493e-12 5.9638e-12 4.0863e-12 6.023e-12 1.383e-12 3.033e-12 -1.2546e-12 -2.8516e-12 6.1936e-12 -5.3164e-13 5.2342e-12 8.9421e-13 1.4842e-12 6.011e-13 -1.1473e-12 -3.6733e-12 1.4607e-12 1.1365e-12 5.1707e-12 -9.6041e-13 -1.3037e-12 -1.8826e-12 8.109e-13 1.9846e-12 1.1152e-12 -2.2725e-12 2.3491e-12 5.367e-12 1.4118e-12 -1.0207e-12 -6.9789e-13 -2.5403e-12 -1.1007e-12 3.203e-12 -2.704e-13 -1.5467e-12 1.3159e-12 -2.9525e-12 8.0138e-13 1.769e-12 2.9664e-12 3.1412e-13 5.9817e-13 7.3067e-13 1.0997e-13 -3.3443e-13 -4.553e-13 -1.4084e-13 2.9409e-13 5.5226e-13 7.4916e-13 1.2616e-13 -1.1088e-14 2.2807e-14
3.8992e-11 3.7292e-11 3.757e-11 3.8092e-11 3.4413e-11 3.6321e-11 4.5382e-11 3.1948e-11 4.1313e-11 3.7606e-11 4.1889e-11 4.3381e-11 3.9328e-11 4.119e-11 3.5981e-11 3.5442e-11 3.4974e-11 3.6971e-11 3.6505e-11 3.9336e-11 3.2663e-11 3.4378e-11 3.5958e-11 3.4846e-11 4.2143e-11 2.4721e-11 3.0662e-11 3.9998e-11 4.1581e-11 3.4806e-11 3.7071e-11 3.1043e-11 2.8551e-11 4.0344e-11 3.2615e-11 2.8475e-11 2.7113e-11 2.5829e-11 3.1157e-11 2.3133e-11 2.3146e-11 3.0514e-11 1.9169e-11 1.8252e-11 1.6268e-11 1.7895e-11 2.0395e-11 1.5015e-11 1.6491e-11 1.7613e-11 1.7082e-11 9.5405e-12 1.036e-11 1.9729e-11 1.3918e-11 1.1e-11 1.2666e-11 3.8164e-12 1.0299e-11 9.6379e-12 1.2495e-11 9.1956e-12 1.1101e-11 -1.5378e-13 1.456e-12 3.9997e-12 5.8037e-12 7.9893e-12 7.9012e-12 8.2348e-12 8.6926e-12 9.267e-12 2.4736e-13 1.4605e-12 2.0775e-12 6.0488e-12 -6.0455e-13 6.1252e-12 3.1864e-12 1.0352e-12 6.9755e-12 3.0212e-12 1.8185e-12 5.8157e-12 3.9836e-12 3.2428e-12 4.719e-12 7.8979e-12 2.1198e-12 2.169e-12 5.4152e-13 3.7209e-12 3.4789e-13 3.4634e-12 7.6813e-12 2.1998e-12 3.7647e-12 1.2853e-12 2.1338e-12 1.0819e-12 -1.2849e-12 4.8048e-12 -1.3035e-12 3.2802e-12 2.9599e-13 1.1514e-12 8.6834e-13 1.5666e-13 -2.387e-12 -7.5125e-13 6.0484e-13 3.4685e-12 -4.2192e-13 -5.7963e-13 -4.0173e-13 1.1388e-12 1.9809e-12 2.3885e-12 -6.6611e-13 1.7835e-12 3.0054e-12 3.9741e-13 -7.6927e-13 1.0858e-12 -1.2684e-12 -2.9692e-13 1.2596e-12 -1.8834e-14 -4.6568e-13 -1.9716e-13 -2.0266e-12 2.3144e-13 3.9299e-13 2.0431e-12 4.1736e-13 6.6022e-13 2.7365e-13 -5.562e-13 -1.3042e-13 -6.0754e-13 -4.8676e-13 -3.1804e-13 4.8406e-13 4.848e-13 -5.3069e-14 -1.2211e-14 2.191e-14
6.6484e-11 5.9376e-11 5.7654e-11 6.0191e-11 5.5305e-11 5.7039e-11 6.9738e-11 5.2912e-11 6.2115e-11 4.1889e-11 7.8878e-11 6.6513e-11 5.7982e-11 6.5676e-11 5.4624e-11 5.6629e-11 5.1499e-11 5.6758e-11 5.5935e-11 5.9249e-11 5.0327e-11 5.7482e-11 5.4767e-11 5.0049e-11 6.8151e-11 4.4786e-11 4.9827e-11 6.3614e-11 6.2152e-11 5.2046e-11 5.1351e-11 4.9402e-11 4.4344e-11 6.081e-11 5.0324e-11 4.4827e-11 3.6813e-11 4.68e-11 4.3714e-11 3.8167e-11 3.6241e-11 3.671e-11 3.214e-11 2.5984e-11 3.0106e-11 2.8942e-11 3.0691e-11 2.3387e-11 2.5716e-11 2.6345e-11 1.8357e-11 1.7454e-11 1.8852e-11 3.3522e-11 2.0609e-11 1.3029e-11 2.1937e-11 5.8777e-12 2.0797e-11 1.6348e-11 2.3529e-11 1.7269e-11 2.0361e-11 -1.9202e-13 8.1877e-12 8.2524e-12 1.1534e-11 7.9153e-12 1.2002e-11 1.4437e-11 1.5544e-11 1.0818e-11 5.476e-12 1.8143e-12 5.0335e-12 6.3785e-12 -6.7643e-13 1.0527e-11 5.0106e-12 5.6035e-13 9.3957e-12 5.4033e-12 6.3385e-13 6.8059e-13 1.1205e-12 6.1029e-12 7.4365e-12 1.2309e-11 3.8864e-12 6.6208e-12 8.324e-13 3.7207e-12 3.2882e-12 7.1e-12 6.1384e-12 4.8212e-12 4.5783e-12 -2.8146e-13 1.0771e-12 -1.8349e-12 -4.8191e-12 7.8264e-12 -1.7216e-12 3.9256e-12 9.6924e-13 3.2929e-12 4.1679e-13 -2.8217e-12 -1.6384e-12 -4.8621e-13 1.0079e-12 4.4648e-12 -1.0213e-12 -2.5719e-12 6.6112e-13 2.9114e-13 2.1641e-12 7.2531e-13 -2.6604e-12 2.149e-12 4.3278e-12 -2.925e-13 -4.5452e-13 -1.8687e-12 -1.2818e-12 6.2664e-14 3.356e-12 2.4402e-12 -8.7968e-13 9.2248e-13 -1.5504e-12 -1.1847e-12 1.2967e-12 3.4201e-12 2.8459e-13 -1.0482e-13 1.1193e-12 -7.6217e-14 -5.6069e-13 -2.0769e-13 -6.7041e-13 1.9226e-13 8.2529e-13 1.1203e-12 3.6448e-13 -8.3912e-14 -1.9182e-14
6.3186e-11 5.5627e-11 5.6385e-11 5.68e-11 5.1226e-11 5.2383e-11 6.816e-11 5.2364e-11 5.8548e-11 4.3381e-11 6.6513e-11 7.399e-11 5.7611e-11 6.1451e-11 5.2396e-11 5.4502e-11 4.7598e-11 5.7264e-11 5.5276e-11 5.68e-11 4.6438e-11 5.2441e-11 4.9932e-11 4.8405e-11 6.055e-11 3.9511e-11 4.6218e-11 5.585e-11 5.9907e-11 5.2408e-11 5.2911e-11 4.6283e-11 4.144e-11 5.6416e-11 4.7391e-11 4.5897e-11 3.3126e-11 3.9837e-11 4.2774e-11 3.4486e-11 3.4965e-11 4.374e-11 2.9942e-11 2.8399e-11 2.7544e-11 2.7669e-11 3.0073e-11 2.3153e-11 2.4067e-11 2.6445e-11 1.9364e-11 1.5119e-11 1.4676e-11 3.2661e-11 2.2389e-11 1.6783e-11 1.7799e-11 6.1841e-12 1.7829e-11 1.14e-11 1.958e-11 1.267e-11 1.7751e-11 9.9921e-13 3.3021e-12 6.1093e-12 1.1204e-11 1.0696e-11 1.137e-11 1.2756e-11 1.4407e-11 1.0713e-11 4.7208e-12 2.4122e-13 2.2883e-12 6.6473e-12 -7.0479e-13 1.0461e-11 8.0446e-12 4.0717e-12 1.0166e-11 4.7376e-12 1.2497e-12 4.4368e-12 3.0639e-12 5.3086e-12 6.9627e-12 9.4252e-12 3.2938e-12 5.4586e-12 1.0918e-12 4.4607e-12 1.3945e-13 6.98e-12 5.1759e-12 5.2403e-12 3.1995e-12 -2.9992e-12 1.9706e-12 -1.4639e-13 -2.3961e-12 6.5622e-12 8.9997e-13 3.5004e-12 1.9605e-12 1.3043e-12 -2.1391e-13 -3.5229e-12 -2.221e-12 -3.3771e-14 1.8299e-12 3.1562e-12 -9.5039e-13 -2.2269e-12 6.801e-14 1.3058e-12 1.4409e-12 5.1434e-13 -1.8879e-13 3.0213e-12 4.3112e-12 1.0548e-12 -1.443e-12 -1.3151e-13 -6.9311e-13 -1.8006e-13 3.1536e-12 1.0823e-13 -1.1149e-12 4.7476e-13 -2.4e-12 4.326e-13 7.8059e-13 2.6062e-12 2.9936e-13 3.9044e-13 6.5185e-13 4.2951e-13 4.3515e-13 -4.4817e-13 -2.429e-13 5.1683e-14 3.9131e-13 5.8833e-13 1.0366e-13 -3.0463e-15 5.1226e-14
5.3195e-11 4.9639e-11 5.0842e-11 5.195e-11 4.5583e-11 4.5871e-11 6.0051e-11 4.6578e-11 5.5756e-11 3.9328e-11 5.7982e-11 5.7611e-11 6.1779e-11 5.7837e-11 4.6371e-11 4.5589e-11 4.5078e-11 4.9147e-11 4.9402e-11 5.3979e-11 4.1377e-11 4.7293e-11 4.1323e-11 4.1713e-11 5.207e-11 3.4399e-11 4.5101e-11 5.2642e-11 5.0381e-11 4.6049e-11 4.5524e-11 4.2882e-11 3.8365e-11 5.3239e-11 4.1342e-11 3.5832e-11 3.3342e-11 3.7268e-11 3.4727e-11 3.4214e-11 3.2627e-11 3.3894e-11 2.4957e-11 2.1846e-11 2.2088e-11 2.3634e-11 2.5925e-11 2.2602e-11 2.1967e-11 1.8845e-11 2.1716e-11 1.4036e-11 1.1396e-11 2.3287e-11 2.0302e-11 1.5324e-11 1.3335e-11 3.025e-12 1.7771e-11 1.18e-11 1.6542e-11 1.6193e-11 1.6285e-11 -1.9079e-12 3.7551e-12 7.9763e-12 9.5054e-12 7.5108e-12 9.3702e-12 1.0541e-11 1.4121e-11 7.9647e-12 4.8554e-12 4.3007e-12 2.6852e-12 4.7208e-12 -1.9762e-12 7.5655e-12 2.8142e-12 1.3695e-12 8.3905e-12 4.4161e-12 1.5015e-13 3.21e-12 2.8411e-12 4.6266e-12 5.2548e-12 1.2718e-11 3.0822e-12 8.7375e-12 -3.1147e-13 2.8731e-12 2.2605e-12 6.0336e-12 4.5444e-12 3.1017e-12 5.2691e-12 8.6173e-13 3.8868e-12 -9.2749e-13 -1.0271e-12 6.3977e-12 1.7582e-12 2.8906e-12 6.9439e-13 2.2008e-12 4.6023e-13 -1.3854e-12 -1.7108e-12 -2.1656e-13 1.5118e-12 3.1623e-12 -6.6087e-14 -2.3832e-12 -2.614e-13 9.1362e-13 1.9204e-12 -5.5829e-13 -7.4603e-13 3.7499e-12 4.0651e-12 -3.0848e-14 -1.2678e-12 -1.7367e-14 -1.6882e-12 1.1531e-12 2.9893e-12 6.5488e-14 -1.0567e-13 1.0393e-12 -2.3877e-12 9.1209e-13 8.5991e-13 2.9125e-12 3.9573e-13 2.5311e-13 7.474e-13 5.3375e-14 -1.3447e-13 -6.3961e-13 -5.345e-13 3.3195e-13 5.9371e-13 6.0807e-13 -1.8375e-14 -1.464e-15 2.3073e-14
6.2533e-11 5.609e-11 5.3927e-11 5.6914e-11 5.0951e-11 5.1983e-11 6.7471e-11 5.1892e-11 5.6971e-11 4.119e-11 6.5676e-11 6.1451e-11 5.7837e-11 7.2956e-11 5.3573e-11 5.3559e-11 5.0095e-11 5.6271e-11 5.3299e-11 5.9025e-11 4.5719e-11 5.3758e-11 4.9001e-11 5.1085e-11 6.0071e-11 4.2071e-11 4.8736e-11 5.7421e-11 5.572e-11 5.1068e-11 5.0022e-11 4.7895e-11 4.4025e-11 5.8221e-11 4.9e-11 3.6648e-11 3.3903e-11 4.1649e-11 4.0236e-11 3.354e-11 3.5366e-11 3.551e-11 3.033e-11 2.6039e-11 2.5527e-11 2.5238e-11 2.629e-11 2.8684e-11 2.542e-11 2.2958e-11 2.164e-11 1.7875e-11 1.5868e-11 2.8939e-11 2.0354e-11 1.2609e-11 1.6777e-11 6.0451e-12 1.704e-11 1.3636e-11 2.0881e-11 1.5541e-11 1.6922e-11 1.0354e-12 9.1416e-12 1.0069e-11 1.0861e-11 6.171e-12 1.1159e-11 1.2169e-11 1.5982e-11 9.6623e-12 5.1337e-12 2.9387e-13 4.583e-12 8.5862e-12 1.1637e-13 9.3603e-12 6.9299e-12 5.0843e-12 9.1101e-12 3.9271e-12 1.3402e-12 3.5791e-12 4.9455e-12 5.6989e-12 8.0422e-12 9.4446e-12 1.5099e-12 6.5632e-12 -1.8195e-12 -6.2441e-13 4.0733e-12 7.7948e-12 4.1864e-12 5.5213e-12 6.2942e-12 -3.2917e-13 3.0933e-12 -8.4606e-13 -3.7602e-12 9.325e-12 -7.0692e-14 3.1073e-12 4.6833e-14 2.4256e-12 -4.6056e-13 -2.8816e-12 -2.6238e-12 -2.4272e-12 -2.5801e-13 4.0162e-12 -9.7282e-13 -2.4856e-12 3.2326e-13 1.1202e-12 1.873e-12 -6.5823e-13 -4.1452e-13 2.0879e-12 3.7799e-12 1.0395e-12 -1.7556e-12 -2.8977e-13 -2.6021e-13 1.8041e-12 4.2717e-12 1.2578e-12 -1.8022e-13 2.0536e-12 -2.2997e-12 3.5927e-13 1.2221e-12 3.5233e-12 4.5884e-13 3.0375e-13 6.7523e-13 -7.8919e-13 3.4808e-13 -2.3983e-13 -6.6351e-13 2.542e-13 5.7582e-13 7.5537e-13 1.2061e-13 -3.2392e-14 -2.8483e-14
5.262e-11 4.59e-11 4.8413e-11 4.937e-11 4.3957e-11 4.3167e-11 5.7111e-11 4.3211e-11 4.8311e-11 3.5981e-11 5.4624e-11 5.2396e-11 4.6371e-11 5.3573e-11 5.1196e-11 4.4698e-11 4.1792e-11 4.7348e-11 4.5592e-11 4.8359e-11 3.908e-11 4.5593e-11 4.0822e-11 4.1286e-11 5.0821e-11 3.5195e-11 4.0781e-11 4.7191e-11 4.725e-11 4.2858e-11 3.9268e-11 3.981e-11 3.5288e-11 4.8065e-11 4.2138e-11 3.5155e-11 2.9032e-11 3.1349e-11 3.2167e-11 3.0724e-11 3.1384e-11 3.1053e-11 2.6511e-11 2.0185e-11 2.1646e-11 2.2705e-11 2.3415e-11 1.9208e-11 1.863e-11 1.9482e-11 1.5772e-11 1.3676e-11 1.4444e-11 2.28e-11 1.587e-11 1.0863e-11 1.3963e-11 5.6365e-12 1.2688e-11 1.0349e-11 1.6361e-11 1.4849e-11 1.6315e-11 8.8544e-13 3.3216e-12 4.47e-12 6.5527e-12 7.8026e-12 7.5581e-12 9.7718e-12 9.5213e-12 9.613e-12 5.0891e-12 2.2469e-12 1.4954e-12 7.2598e-12 2.0498e-14 5.01e-12 4.3758e-12 8.967e-13 7.8835e-12 4.6385e-12 1.3429e-12 3.196e-12 3.444e-12 4.0212e-12 6.1572e-12 9.2974e-12 1.9547e-12 3.4177e-12 3.9705e-13 1.3289e-12 4.5066e-12 6.0524e-12 4.3125e-12 3.8847e-12 4.68e-12 3.1537e-13 2.6396e-12 -6.8213e-13 -2.2353e-12 4.3735e-12 -1.7615e-12 3.1579e-12 6.952e-13 3.4838e-12 -1.7055e-12 -2.6862e-12 -2.3821e-12 -7.0041e-13 -2.7365e-13 4.5072e-12 -9.1689e-13 -1.8272e-12 1.5894e-12 1.8901e-12 1.1979e-12 -5.2591e-13 -1.7532e-12 2.6559e-12 2.0681e-12 1.4967e-12 -7.6566e-13 -1.0972e-12 -1.0318e-12 -7.7346e-14 2.3303e-12 1.5892e-12 7.0734e-13 1.2392e-12 -1.9883e-12 -1.0726e-12 1.058e-12 2.8928e-12 8.2094e-13 5.5766e-13 5.6198e-13 -1.656e-14 4.2218e-13 -2.1775e-13 -4.3461e-13 1.7612e-13 5.1575e-13 6.9148e-13 -2.4736e-15 -8.3802e-14 -1.0248e-14
5.4281e-11 4.8413e-11 4.9625e-11 4.955e-11 4.5127e-11 4.4832e-11 5.6557e-11 4.471e-11 5.1219e-11 3.5442e-11 5.6629e-11 5.4502e-11 4.5589e-11 5.3559e-11 4.4698e-11 5.8289e-11 4.3229e-11 4.9113e-11 4.7547e-11 5.3991e-11 3.9815e-11 4.4579e-11 4.1063e-11 4.2921e-11 5.2324e-11 3.2394e-11 4.2045e-11 4.9502e-11 4.8437e-11 4.2993e-11 4.1404e-11 4.2464e-11 3.5863e-11 4.8539e-11 4.0389e-11 3.7267e-11 2.8969e-11 3.1233e-11 3.6493e-11 3.082e-11 2.7779e-11 3.1655e-11 2.6125e-11 2.1314e-11 2.4138e-11 2.4645e-11 2.7338e-11 1.7988e-11 2.0439e-11 2.1552e-11 1.3606e-11 1.4266e-11 1.3173e-11 2.8833e-11 2.0224e-11 1.4089e-11 1.345e-11 4.4038e-12 1.6445e-11 1.0898e-11 1.8078e-11 1.1022e-11 1.4759e-11 -1.2644e-12 6.0215e-12 6.7385e-12 6.1974e-12 5.6025e-12 1.1459e-11 1.3172e-11 1.4515e-11 7.7532e-12 7.5942e-12 -1.3536e-12 4.5695e-12 9.2377e-12 -1.405e-12 5.3749e-12 4.8073e-12 2.8278e-13 5.6838e-12 6.8712e-12 -2.8713e-13 2.2035e-12 2.0416e-12 4.0402e-12 7.8966e-12 4.6865e-12 2.2886e-12 5.7605e-12 4.9798e-13 2.3032e-12 2.002e-12 3.7597e-12 3.8353e-12 3.1566e-12 5.301e-12 -1.8336e-12 1.0961e-12 4.6734e-13 -2.9865e-12 5.6935e-12 -1.1226e-12 3.3389e-12 1.4274e-12 1.5069e-12 4.2368e-13 -4.1878e-12 -4.8318e-13 -1.6641e-12 9.3277e-14 4.3609e-12 -8.1313e-13 -4.7978e-13 2.3102e-12 1.1648e-12 3.0206e-12 6.3523e-13 -1.9101e-12 9.8863e-13 2.8599e-12 2.381e-12 7.8655e-13 -8.1825e-13 -2.1289e-13 -3.5389e-13 3.7053e-12 5.2722e-13 2.7812e-13 1.0019e-12 -2.0912e-12 -6.3429e-13 5.8467e-13 2.4544e-12 3.4558e-13 1.609e-13 1.1644e-12 1.9231e-13 -8.6937e-14 -3.4244e-13 -8.7907e-14 -5.1445e-14 1.9509e-13 6.638e-13 1.9757e-13 -6.1794e-14 1.9732e-14
4.5729e-11 4.4637e-11 4.7309e-11 4.7147e-11 4.0849e-11 4.1464e-11 5.135e-11 3.9913e-11 4.988e-11 3.4974e-11 5.1499e-11 4.7598e-11 4.5078e-11 5.0095e-11 4.1792e-11 4.3229e-11 4.9624e-11 4.3416e-11 4.4557e-11 4.9615e-11 3.8288e-11 4.5413e-11 3.7088e-11 4.0169e-11 4.6957e-11 3.3893e-11 3.8963e-11 4.4876e-11 4.4551e-11 3.9917e-11 3.9222e-11 3.6618e-11 3.3587e-11 4.3788e-11 3.8302e-11 3.1695e-11 2.671e-11 3.2134e-11 3.4127e-11 2.8488e-11 2.6269e-11 2.9129e-11 2.2431e-11 1.9673e-11 1.8829e-11 2.1863e-11 2.3589e-11 1.8634e-11 1.9419e-11 1.9039e-11 1.6573e-11 1.4532e-11 1.3713e-11 2.1023e-11 1.8149e-11 1.0181e-11 1.2071e-11 4.9833e-12 1.3905e-11 1.2555e-11 1.3166e-11 1.4829e-11 1.2275e-11 -1.348e-13 5.3145e-12 6.1568e-12 8.3021e-12 7.1824e-12 7.5423e-12 1.002e-11 9.5706e-12 8.5379e-12 1.7163e-12 1.9773e-12 2.9058e-12 4.7796e-12 -2.9411e-12 6.946e-12 6.7305e-12 -2.4496e-13 5.4069e-12 5.8531e-12 -1.5125e-12 2.1242e-12 3.573e-12 5.8744e-12 6.2092e-12 1.0021e-11 3.1233e-12 4.5755e-12 -1.1683e-12 1.3762e-12 3.165e-12 6.0506e-12 5.3734e-12 3.2718e-12 4.2837e-12 -1.3532e-13 1.128e-12 -2.477e-12 -1.9966e-12 8.6855e-12 2.4094e-13 3.3502e-12 1.7145e-12 2.9811e-12 -6.1803e-13 -4.4837e-13 -3.6759e-12 4.471e-14 -5.9967e-13 5.1491e-12 -1.6594e-12 -1.1315e-12 -3.818e-13 1.4831e-12 2.9475e-12 7.3919e-13 -2.3242e-12 1.6955e-12 4.805e-12 1.6629e-12 -1.0226e-12 -8.3315e-13 -1.8221e-12 -6.2947e-14 2.2618e-12 6.4602e-13 -4.2728e-13 4.3029e-13 -1.7889e-12 -1.9765e-13 1.364e-12 2.3998e-12 8.2202e-13 1.5098e-13 2.8684e-13 3.4653e-13 -2.9533e-13 -5.4487e-13 -9.4308e-14 7.0914e-15 6.4031e-13 7.1602e-13 1.7344e-13 -7.9424e-14 2.3023e-14
5.6103e-11 5.2853e-11 4.8363e-11 4.984e-11 4.5526e-11 4.7608e-11 5.8112e-11 4.5422e-11 5.2021e-11 3.6971e-11 5.6758e-11 5.7264e-11 4.9147e-11 5.6271e-11 4.7348e-11 4.9113e-11 4.3416e-11 6.0476e-11 4.9462e-11 4.9931e-11 4.2907e-11 4.6599e-11 4.3077e-11 4.0572e-11 5.5251e-11 3.6699e-11 4.5272e-11 4.8807e-11 4.7214e-11 4.4675e-11 4.6641e-11 4.2397e-11 3.7558e-11 4.7367e-11 4.1721e-11 3.9705e-11 3.3859e-11 3.3443e-11 3.9222e-11 2.9167e-11 2.9251e-11 3.652e-11 2.6258e-11 2.5227e-11 2.0157e-11 2.2641e-11 2.6629e-11 2.2088e-11 2.1675e-11 2.264e-11 1.7925e-11 1.5293e-11 1.4136e-11 2.7285e-11 1.8598e-11 1.3352e-11 1.0425e-11 6.5798e-12 1.1908e-11 1.2463e-11 1.5914e-11 1.278e-11 1.383e-11 -1.0204e-13 4.5971e-12 6.8642e-12 7.419e-12 5.2416e-12 9.167e-12 7.7414e-12 1.2764e-11 8.6854e-12 4.8235e-12 2.7903e-12 1.9486e-12 8.1835e-12 -1.6422e-12 4.828e-12 7.1765e-12 2.6078e-12 7.1213e-12 4.8689e-12 4.5846e-12 4.0454e-12 2.1984e-12 5.0002e-12 7.8128e-12 8.3891e-12 1.4144e-12 4.4158e-12 1.1886e-12 3.948e-12 2.992e-12 8.0636e-12 -2.2813e-14 6.5779e-12 5.1023e-12 -2.7311e-12 2.7979e-12 -6.4648e-13 -1.9931e-12 7.7986e-12 3.7702e-13 2.751e-12 1.3004e-12 2.3873e-12 -2.1531e-12 -3.0005e-12 -2.8083e-12 -1.3565e-12 2.8887e-12 5.3809e-12 3.2421e-13 -1.6123e-12 7.7051e-13 7.3924e-13 1.4935e-12 1.1839e-12 -1.6013e-12 4.047e-12 4.5123e-12 1.82e-12 1.6434e-13 -7.8847e-13 6.9797e-13 2.593e-13 1.5786e-12 -4.1498e-13 5.9413e-15 1.6934e-12 -2.48e-12 2.1971e-13 1.5234e-12 2.8932e-12 9.3452e-13 1.5464e-12 6.6355e-13 1.8324e-13 3.0022e-13 -3.6041e-13 -6.3609e-13 2.891e-13 3.8152e-13 7.6213e-13 1.8181e-13 -2.2704e-14 -6.818e-14
5.1407e-11 4.8636e-11 4.7328e-11 5.0249e-11 4.6872e-11 4.4237e-11 5.7015e-11 4.5288e-11 5.1301e-11 3.6505e-11 5.5935e-11 5.5276e-11 4.9402e-11 5.3299e-11 4.5592e-11 4.7547e-11 4.4557e-11 4.9462e-11 5.8746e-11 5.4265e-11 4.1521e-11 4.4893e-11 4.2048e-11 4.3606e-11 5.2864e-11 3.3729e-11 4.1812e-11 5.1403e-11 4.8396e-11 4.3793e-11 4.5588e-11 4.2342e-11 3.4948e-11 4.9319e-11 3.9988e-11 3.8604e-11 2.9239e-11 3.1235e-11 3.5034e-11 3.3087e-11 3.2063e-11 3.3302e-11 2.825e-11 2.4643e-11 1.9403e-11 2.5244e-11 2.4978e-11 2.1319e-11 2.1946e-11 1.9551e-11 1.4404e-11 1.4635e-11 1.1811e-11 2.6836e-11 1.8525e-11 1.2293e-11 1.2204e-11 5.4511e-12 1.4139e-11 1.1113e-11 1.8937e-11 1.7665e-11 1.6465e-11 5.7135e-13 6.5966e-12 8.7185e-12 8.1234e-12 7.7755e-12 1.025e-11 1.164e-11 1.093e-11 8.0785e-12 3.2673e-12 1.9992e-12 3.599e-12 5.7142e-12 -3.9945e-14 4.5225e-12 8.4879e-12 4.6223e-13 7.3963e-12 3.0617e-12 1.1286e-12 3.8755e-12 3.0172e-12 3.7037e-12 6.3043e-12 7.0229e-12 2.7217e-12 4.5324e-12 -5.1141e-13 3.0439e-12 1.2971e-12 7.6009e-12 6.2111e-12 2.5264e-12 4.6651e-12 -5.3395e-13 1.5169e-12 -2.2939e-12 -1.011e-12 7.3368e-12 -2.1231e-13 2.2791e-12 5.0907e-13 2.1121e-12 4.1616e-13 -1.5408e-12 -2.5917e-12 -8.0039e-13 -4.2406e-13 2.2886e-12 -1.8576e-12 -7.2202e-13 2.0028e-12 2.4873e-12 1.492e-12 1.3531e-12 -3.0379e-12 3.2332e-12 5.0673e-12 1.6216e-12 -1.2602e-12 -5.0438e-13 -2.2777e-12 4.9962e-13 2.2764e-12 -6.8875e-13 9.9406e-13 3.8706e-13 -1.5687e-12 -4.6163e-13 1.6759e-12 2.4477e-12 -4.0485e-14 7.1226e-13 5.5529e-13 2.5296e-13 1.5642e-13 -4.5968e-13 -3.5934e-13 4.7238e-14 1.3089e-13 7.63e-13 1.2622e-13 -2.1252e-14 9.1015e-15
5.7236e-11 5.1962e-11 5.3022e-11 5.3421e-11 4.7788e-11 4.8194e-11 6.1373e-11 4.6507e-11 5.7231e-11 3.9336e-11 5.9249e-11 5.68e-11 5.3979e-11 5.9025e-11 4.8359e-11 5.3991e-11 4.9615e-11 4.9931e-11 5.4265e-11 6.8479e-11 4.7146e-11 5.101e-11 4.6336e-11 4.8864e-11 5.873e-11 3.6991e-11 4.6029e-11 5.6645e-11 5.2046e-11 4.8334e-11 4.8619e-11 4.7411e-11 3.8655e-11 5.7415e-11 4.7427e-11 3.6011e-11 3.2056e-11 3.8059e-11 3.8169e-11 3.8191e-11 3.2338e-11 3.3601e-11 2.9133e-11 2.4754e-11 2.2547e-11 2.6152e-11 2.7615e-11 2.3379e-11 2.0789e-11 2.1924e-11 2.2419e-11 1.5447e-11 1.6026e-11 2.6778e-11 2.3991e-11 1.4767e-11 1.5327e-11 6.3175e-12 1.9481e-11 1.0769e-11 1.9028e-11 1.6707e-11 1.2304e-11 8.2124e-13 6.1767e-12 1.0357e-11 9.1179e-12 7.7019e-12 9.8965e-12 1.3236e-11 1.5568e-11 7.4604e-12 5.582e-12 -1.2923e-12 5.2561e-12 5.1953e-12 -3.4996e-12 5.2569e-12 4.8467e-12 1.8471e-13 1.0309e-11 5.3871e-12 -1.4931e-12 2.7745e-12 4.4204e-12 5.4399e-12 7.4143e-12 7.4094e-12 4.8887e-12 6.0934e-12 -4.7177e-13 4.3471e-12 3.2353e-12 4.5138e-12 5.4557e-12 3.6698e-12 6.1381e-12 -2.3921e-12 3.151e-12 -1.7813e-12 -1.3755e-12 7.735e-12 1.2336e-12 1.7546e-12 -4.5173e-13 3.5649e-12 2.15e-12 -2.2789e-12 -2.1486e-12 -8.7357e-13 -4.7159e-13 4.7315e-12 -1.2258e-12 -2.0049e-12 3.8015e-13 1.5475e-12 2.3121e-12 1.7564e-12 -3.6039e-12 1.6754e-12 4.3131e-12 5.4974e-13 -1.0521e-12 -3.2352e-13 -1.5124e-12 1.9013e-13 3.1088e-12 5.4563e-13 -1.5665e-12 1.8209e-12 -2.7644e-12 -3.735e-13 1.1049e-12 2.6617e-12 1.8174e-13 2.2378e-13 8.1825e-13 1.4454e-13 1.4984e-13 -3.1317e-13 -1.131e-13 -2.503e-13 6.2769e-13 9.4884e-13 2.1061e-13 8.7334e-15 1.4349e-14
4.6021e-11 4.3745e-11 4.0333e-11 4.2844e-11 4.0755e-11 4.295e-11 5.1653e-11 3.6831e-11 4.555e-11 3.2663e-11 5.0327e-11 4.6438e-11 4.1377e-11 4.5719e-11 3.908e-11 3.9815e-11 3.8288e-11 4.2907e-11 4.1521e-11 4.7146e-11 4.7192e-11 4.2925e-11 3.9946e-11 3.5005e-11 4.7509e-11 3.1702e-11 3.7823e-11 4.6641e-11 4.6989e-11 3.895e-11 3.8369e-11 3.9543e-11 3.299e-11 4.699e-11 3.6235e-11 3.226e-11 2.77e-11 3.0951e-11 3.3676e-11 2.8033e-11 2.6513e-11 2.9974e-11 2.0096e-11 1.9326e-11 2.0405e-11 2.08e-11 1.8834e-11 2.2354e-11 1.5641e-11 1.9033e-11 1.5451e-11 1.2512e-11 1.3825e-11 2.3463e-11 1.3808e-11 9.8214e-12 9.9641e-12 9.1313e-13 1.2057e-11 1.1273e-11 1.4271e-11 1.1765e-11 1.2985e-11 1.293e-12 6.7637e-12 5.8516e-12 7.7061e-12 8.3895e-12 6.6904e-12 7.7357e-12 1.0633e-11 7.4867e-12 3.0768e-12 -1.0913e-12 1.0318e-12 5.4712e-12 -1.3635e-12 4.7339e-12 7.2337e-12 -1.168e-12 5.2617e-12 4.5912e-12 2.1414e-13 1.0458e-12 4.2398e-12 4.5364e-12 8.2062e-12 7.0758e-12 4.0674e-12 1.3988e-12 3.8187e-12 3.9304e-12 1.0037e-12 6.4228e-12 4.8738e-12 4.1156e-12 2.9029e-12 -7.8953e-13 2.7722e-12 -1.6305e-12 -3.0461e-12 5.1944e-12 1.8411e-12 4.3291e-12 1.6488e-12 3.6354e-12 8.6401e-13 -6.401e-13 -2.0194e-12 -1.2836e-12 1.1165e-12 5.5607e-12 -6.8887e-13 -1.7056e-12 1.2371e-13 1.3352e-12 2.307e-12 1.0566e-12 -1.7961e-12 1.7267e-12 4.347e-12 2.4594e-13 -3.3387e-13 -1.4192e-13 -1.1059e-12 1.1423e-12 1.386e-12 1.1342e-12 -1.1856e-12 1.1355e-12 -2.2569e-12 -2.0065e-13 1.405e-12 2.6434e-12 -4.6129e-13 4.957e-13 3.1827e-14 -3.1134e-13 2.2096e-13 -3.6044e-14 -1.3528e-13 -1.1384e-13 3.8087e-13 8.5862e-13 1.8343e-13 -4.9463e-14 -1.6237e-14
5.3526e-11 4.8004e-11 5.1088e-11 4.891e-11 4.4899e-11 4.4544e-11 5.621e-11 4.4258e-11 5.1791e-11 3.4378e-11 5.7482e-11 5.2441e-11 4.7293e-11 5.3758e-11 4.5593e-11 4.4579e-11 4.5413e-11 4.6599e-11 4.4893e-11 5.101e-11 4.2925e-11 5.4102e-11 4.1705e-11 3.9744e-11 5.3505e-11 3.8383e-11 4.0564e-11 4.9152e-11 4.987e-11 4.522e-11 4.2649e-11 3.915e-11 3.6513e-11 5.1689e-11 4.2506e-11 3.5227e-11 2.8716e-11 3.5418e-11 3.4966e-11 3.1698e-11 3.1129e-11 3.3763e-11 2.393e-11 2.1529e-11 2.3035e-11 2.2607e-11 2.4219e-11 2.0821e-11 1.8849e-11 2.0213e-11 1.9627e-11 1.445e-11 1.5151e-11 2.4414e-11 1.713e-11 8.3627e-12 1.1374e-11 3.7467e-12 1.6591e-11 1.015e-11 1.1849e-11 1.6195e-11 1.3723e-11 1.1608e-12 6.9498e-12 5.7001e-12 9.2129e-12 6.0407e-12 8.7681e-12 1.0708e-11 1.1442e-11 1.0078e-11 2.8649e-12 -1.873e-12 4.5515e-12 3.6566e-12 -1.3725e-12 8.8209e-12 7.1014e-12 1.1933e-12 8.4364e-12 6.0798e-12 -4.2963e-13 1.2424e-12 2.8044e-12 6.1072e-12 6.0801e-12 9.4175e-12 4.9307e-12 4.7571e-12 2.0023e-12 -7.6877e-14 1.9017e-12 7.0299e-12 4.4425e-12 5.1756e-12 3.4656e-12 -5.3635e-13 1.6813e-12 -1.1804e-12 -3.6338e-12 6.1181e-12 6.3383e-13 5.0093e-12 1.7207e-12 5.2427e-12 -1.3779e-12 -1.9919e-12 -2.4666e-12 -2.3852e-13 8.2698e-14 4.4825e-12 -1.3249e-12 -1.5307e-12 1.0611e-12 1.2986e-12 1.469e-12 -4.7674e-13 -1.9837e-12 1.069e-12 3.8903e-12 1.7708e-12 -1.0266e-12 -2.1491e-12 -1.5292e-12 1.1138e-14 2.4529e-12 2.6212e-13 -1.061e-12 1.0607e-12 -1.7964e-12 -7.713e-13 8.0512e-13 3.3345e-12 1.5524e-13 -1.8388e-14 -6.9264e-15 2.1752e-13 8.0174e-14 -2.1444e-13 -2.1756e-13 -7.7639e-14 6.4723e-13 9.514e-13 2.2648e-13 -7.2177e-14 1.4172e-15
4.968e-11 4.5742e-11 4.0724e-11 4.3026e-11 3.7563e-11 4.4497e-11 5.4546e-11 4.0501e-11 4.742e-11 3.5958e-11 5.4767e-11 4.9932e-11 4.1323e-11 4.9001e-11 4.0822e-11 4.1063e-11 3.7088e-11 4.3077e-11 4.2048e-11 4.6336e-11 3.9946e-11 4.1705e-11 5.2627e-11 4.2475e-11 5.1655e-11 3.2542e-11 3.4535e-11 4.7506e-11 4.8966e-11 3.7516e-11 4.6337e-11 3.9257e-11 3.2666e-11 4.9147e-11 3.6421e-11 3.2629e-11 3.181e-11 3.275e-11 3.5893e-11 2.9761e-11 2.6219e-11 3.1027e-11 2.5699e-11 2.2897e-11 2.1855e-11 1.9749e-11 2.4749e-11 2.0733e-11 2.101e-11 2.367e-11 1.4877e-11 1.2276e-11 1.4093e-11 2.5716e-11 1.8013e-11 9.2966e-12 1.599e-11 7.3929e-12 1.5273e-11 1.401e-11 1.8957e-11 1.1576e-11 1.1849e-11 -6.9463e-14 4.2614e-12 4.7722e-12 7.7864e-12 7.7288e-12 8.1279e-12 1.2019e-11 1.2925e-11 8.5548e-12 3.5932e-12 -1.5472e-12 4.1454e-12 5.7005e-12 -9.8615e-13 7.6585e-12 5.3415e-12 1.9422e-13 1.0378e-11 4.0825e-12 2.1671e-12 3.2861e-12 1.3181e-12 4.3539e-12 6.327e-12 7.1506e-12 2.5282e-12 2.5097e-12 -8.8944e-13 4.6827e-12 1.5408e-12 5.9571e-12 4.8135e-12 5.6845e-12 4.9084e-12 9.9333e-13 2.7657e-12 1.3025e-12 -6.8354e-13 4.7981e-12 -1.6847e-12 4.6198e-12 -1.5377e-12 2.4882e-12 1.2251e-12 -2.4705e-12 -2.5835e-12 4.7309e-13 6.0523e-13 3.4914e-12 -1.1074e-12 -1.7739e-12 -1.479e-12 3.2799e-13 7.3782e-13 1.7782e-12 -1.7286e-12 1.2783e-12 3.9245e-12 -1.0103e-12 -9.8068e-13 2.376e-13 -1.7116e-12 8.9045e-13 1.998e-12 6.2864e-13 -1.3312e-12 1.8248e-12 -1.9063e-12 1.1618e-12 4.4529e-14 2.5333e-12 -2.0869e-13 1.2643e-12 3.2703e-13 -4.7658e-13 -3.282e-13 1.4859e-13 -4.9293e-13 1.2997e-15 3.326e-13 9.4538e-13 2.2873e-13 -5.6189e-14 -2.4608e-14
4.9594e-11 4.2063e-11 4.2115e-11 4.3531e-11 3.7718e-11 4.4131e-11 5.3383e-11 3.9253e-11 4.7247e-11 3.4846e-11 5.0049e-11 4.8405e-11 4.1713e-11 5.1085e-11 4.1286e-11 4.2921e-11 4.0169e-11 4.0572e-11 4.3606e-11 4.8864e-11 3.5005e-11 3.9744e-11 4.2475e-11 5.1566e-11 4.9345e-11 3.0516e-11 3.7219e-11 4.5571e-11 4.8229e-11 4.2264e-11 4.2973e-11 3.7586e-11 3.1988e-11 4.4042e-11 3.6197e-11 3.1214e-11 2.5896e-11 2.7758e-11 3.2169e-11 3.1654e-11 2.8707e-11 2.592e-11 2.4697e-11 1.9009e-11 1.956e-11 2.2459e-11 2.2042e-11 2.1012e-11 2.1092e-11 2.3027e-11 1.8137e-11 1.4338e-11 1.5498e-11 2.4907e-11 1.927e-11 1.1468e-11 1.5327e-11 6.8642e-12 1.3071e-11 9.8495e-12 1.8481e-11 1.4083e-11 1.1613e-11 6.9995e-13 3.8955e-12 5.892e-12 7.3479e-12 2.0419e-12 8.9721e-12 1.4831e-11 1.21e-11 7.0317e-12 4.5937e-12 -2.3717e-12 2.6322e-12 4.8683e-12 -1.0919e-14 5.2479e-12 6.954e-12 2.2793e-12 7.878e-12 2.6413e-12 -8.4908e-13 6.6226e-12 1.6979e-12 4.3473e-12 2.9988e-12 5.6089e-12 1.8913e-12 3.6928e-12 -3.6775e-13 7.3745e-13 2.4838e-12 5.2307e-12 6.2364e-12 3.7376e-12 6.7196e-12 -9.8372e-14 2.7231e-12 -1.8396e-12 -3.1662e-12 5.8967e-12 -3.4917e-12 1.5604e-12 1.2624e-12 1.4892e-12 7.4141e-13 -3.6306e-12 -4.1462e-12 -5.7047e-14 -1.269e-12 2.8958e-12 -1.2902e-12 -1.3145e-12 -1.5038e-12 1.2678e-13 1.7494e-12 1.8657e-12 -9.986e-13 1.0101e-12 3.2095e-12 5.1272e-13 -1.9559e-12 1.701e-12 -2.0683e-12 -1.8007e-14 3.5395e-12 1.0145e-12 -8.2492e-13 6.3447e-13 -1.5527e-12 6.3615e-13 9.121e-13 2.3725e-12 3.3951e-13 1.6222e-13 6.5058e-13 8.9719e-14 6.2716e-14 -2.9615e-13 -2.9741e-13 1.4479e-14 6.3039e-13 5.5497e-13 7.4335e-14 7.7528e-15 -4.8278e-14
