,0,1,2,3,4,5,6,7,8,9,10,11,12,13,14,15,16,17,18,19,20,21,22,23,24,25,26,27,28,29,30,31,32,33,34,35,36,37,38,39,40,41,42,43,44,45,46,47,48,49,50,51,52,53,54,55,56,57,58,59,60
0,1,0.068889,0.47034,0.17767,0.26571,-0.055198,0.10999,0.06965,0.13146,-0.099963,0.22591,-0.054935,0.24285,0.054761,0.057178,0.23368,-0.036007,0.20953,0.01861,0.30433,0.17964,-0.012653,0.087479,-0.01719,0.43451,0.26482,-0.094742,0.14391,0.0985,0.072642,0.11331,0.094462,-0.04102,0.086508,-0.19583,0.17715,-0.0028218,0.207,0.17247,0.068444,0.13316,-0.14833,0.014914,0.0014646,0.24813,0.098797,-0.12665,0.063372,0.053319,0.025287,0.18143,0.0026012,-0.19589,-0.080723,0.18616,-0.026736,0.10603,0.091182,0.11926,0.13504,0.12509
1,0.068889,1,-0.0061703,0.056839,-0.069564,0.2806,0.016125,0.19353,0.10361,-0.17708,0.12527,-0.042003,0.1189,0.081387,0.02376,0.32162,-0.27817,-0.0055559,-0.11575,0.068904,0.21911,0.0010392,0.17555,-0.12848,-0.081407,0.063002,0.2089,0.10992,0.041231,0.25898,0.15679,0.024979,0.037626,0.05583,-0.15286,-0.28617,-0.020683,0.12439,-0.1096,-0.078878,-0.052319,-0.15968,-0.14099,0.14779,-0.045397,-0.047655,-0.061818,0.29767,-0.025949,0.048958,-0.035733,0.20404,0.041732,0.15693,0.077178,-0.046867,0.22815,-0.11285,-0.11274,-0.13656,-0.13582
2,0.47034,-0.0061703,1,0.070876,0.12444,0.14829,0.020131,0.072642,0.052119,-0.14575,0.16814,0.12151,0.021097,0.12498,0.1681,0.1069,-0.093005,0.25905,0.024504,0.2058,0.10188,-0.16916,0.10382,0.01424,0.25282,-0.08996,0.047688,0.27279,-0.0066152,0.39063,0.1204,0.062689,-0.0015971,0.10033,0.019832,0.27123,0.18233,0.1847,0.0050843,0.0094897,0.0798,0.16218,0.1596,-0.021537,-0.10377,0.15059,-0.059256,0.043188,0.014417,0.063132,0.2356,0.31431,-0.25669,0.072364,0.1136,-0.072912,0.19292,0.23698,0.24899,0.095242,0.19945
3,0.17767,0.056839,0.070876,1,0.27045,0.38607,0.23655,0.24108,0.32932,-0.094934,0.22537,0.33036,0.14049,0.31663,0.084286,0.11132,0.37804,0.33994,0.26219,0.43129,0.21662,0.19868,0.30692,0.22437,0.28267,0.078541,0.070733,0.0033209,0.28763,-0.032775,0.23926,0.080715,0.084485,-0.12244,-0.114,0.22776,0.12651,0.10595,0.17368,0.14002,0.073393,0.0053352,0.010298,0.044454,0.064487,-0.05232,-0.087475,0.10359,-0.061522,0.12907,0.0019234,0.2591,-0.13108,-0.11638,0.14298,-0.22297,-0.041401,0.043394,-0.073529,-0.016221,0.17205
4,0.26571,-0.069564,0.12444,0.27045,1,0.24238,0.28978,0.23614,0.23549,-0.043792,0.30208,0.097458,0.12527,0.23522,0.16301,0.15898,0.28115,0.29982,0.14172,0.1735,-0.055619,0.21852,0.15129,-0.20202,0.22099,0.23428,0.15631,-0.090914,0.17753,-0.2346,0.28942,-0.020387,0.32869,0.19636,-0.22035,0.23888,-0.10371,0.10637,-0.07565,0.040514,0.31604,0.013331,-0.093191,-0.07224,0.17951,-0.064037,0.14499,-0.25894,-0.1473,-0.29197,0.14605,0.080675,-0.11848,0.06455,-0.20963,0.18612,0.09224,0.22329,-0.15766,0.23345,0.14568
5,-0.055198,0.2806,0.14829,0.38607,0.24238,1,0.13655,0.30607,0.47318,-0.083304,0.14111,0.38503,-0.15519,0.24813,0.17052,0.14038,0.071136,0.21212,0.11645,0.32567,0.013023,0.091386,0.19774,0.0056288,0.012641,0.057677,0.014107,0.1081,0.2698,0.042955,0.29,0.31465,0.25185,0.1576,-0.13287,0.15149,0.12571,0.14117,-0.0016619,-0.1055,-0.10555,0.3187,0.017546,0.019296,-0.31391,-0.12957,0.024021,0.010649,0.10765,-0.015006,-0.11316,0.26276,-0.089467,0.17809,-0.067409,0.002569,0.15613,-0.016891,-0.0064655,0.13678,0.22794
6,0.10999,0.016125,0.020131,0.23655,0.28978,0.13655,1,-0.074852,0.17826,0.099845,-0.04417,0.11671,0.10791,0.12822,0.18541,-0.1361,0.0051922,0.25614,0.029847,0.16888,-0.044417,0.1504,0.012263,0.013089,0.089335,0.15709,-0.21532,-0.14764,-0.18359,-0.077024,0.07376,-0.021542,0.31236,-0.18634,0.12098,0.022831,-0.039547,0.18091,0.094028,-0.27958,0.1293,0.042698,-0.035502,0.12373,0.11171,-0.069659,0.063731,-0.019387,-0.12878,-0.1647,0.042883,-0.018844,-0.040347,0.065489,0.023173,-0.085001,0.10904,-0.15534,-0.24734,0.10621,-0.04242
7,0.06965,0.19353,0.072642,0.24108,0.23614,0.30607,-0.074852,1,0.34711,0.13496,0.33446,0.2629,0.34534,0.19212,0.11457,0.43757,0.1993,0.39527,0.2602,0.038185,0.11686,0.38155,0.19952,-0.058471,0.083462,0.086682,0.22589,0.23623,0.1689,0.19253,0.30489,0.1662,0.084343,0.40007,-0.050245,0.069832,-0.050493,0.16687,0.15108,0.15617,0.021892,0.098734,-0.17062,-0.017842,0.055876,-0.031628,-0.24498,-0.099354,-0.36744,-0.037457,0.25481,0.17606,0.0053781,-0.1094,-0.0020683,-0.2953,-0.15525,0.17497,0.017223,0.19189,0.089018
8,0.13146,0.10361,0.052119,0.32932,0.23549,0.47318,0.17826,0.34711,1,0.24012,0.16257,0.33858,-0.072157,0.28162,0.042644,-0.039994,0.15582,0.20013,0.059529,0.15051,0.016545,0.095938,0.18679,-0.30612,0.051142,0.13753,-0.037564,0.030081,0.20458,0.20684,0.27629,0.31157,0.41553,-0.17669,-0.066079,0.15118,0.19363,0.031422,-0.13414,0.067906,0.046344,0.095557,0.027719,-0.015493,0.24851,-0.06044,-0.048262,-0.13569,-0.10928,0.051092,0.16693,0.076709,0.027181,0.087583,-0.10915,-0.33049,0.012225,-0.031923,-0.18483,0.31002,0.2526
9,-0.099963,-0.17708,-0.14575,-0.094934,-0.043792,-0.083304,0.099845,0.13496,0.24012,1,0.060654,0.21298,0.069986,0.22462,0.1678,-0.047941,0.20794,0.30538,0.25603,0.070442,-0.13455,-0.010029,0.26541,0.0071514,-0.0029559,-0.036059,0.25895,0.13111,-0.27932,0.0378,0.1454,-0.021256,0.31921,-0.16474,0.16532,-0.0059262,0.018117,-0.16164,0.085061,0.10234,-0.082185,0.073459,0.11216,-0.022194,0.019691,-0.031093,-0.083562,-0.084818,-0.17001,0.052099,0.11405,0.049626,-0.078839,0.23923,-0.46385,-0.17858,-0.34283,-0.19327,-0.084315,0.077602,0.10165
10,0.22591,0.12527,0.16814,0.22537,0.30208,0.14111,-0.04417,0.33446,0.16257,0.060654,1,0.19793,0.32876,0.34143,-0.056432,0.47163,0.21095,0.24738,0.33831,0.17883,-0.033315,0.18179,0.12887,-0.052564,0.12771,0.14255,0.18116,0.25435,0.19691,0.083368,0.28633,0.28971,0.25255,0.19379,-0.34438,0.1039,-0.07212,-0.02839,0.042843,0.22946,-0.017644,-0.12936,0.19003,-0.12373,0.19027,-0.099868,-0.12037,0.26602,-0.1424,0.18218,-0.14708,0.39937,-0.18261,0.039919,-0.043795,-0.33802,-0.18122,0.0021539,-0.11767,0.24965,0.016045
11,-0.054935,-0.042003,0.12151,0.33036,0.097458,0.38503,0.11671,0.2629,0.33858,0.21298,0.19793,1,0.20628,0.20948,0.4593,0.15425,0.36419,0.48748,0.22061,0.38651,0.11329,0.16058,0.16561,-0.08123,0.047788,-0.033909,0.11927,0.38875,0.20199,0.052919,0.28245,0.32152,0.07505,0.048389,-0.098763,0.1579,0.32568,0.14064,0.31034,0.21914,-0.11379,0.076314,0.097887,-0.13487,0.057678,-0.20065,-0.14053,0.11177,-0.068359,0.096997,-0.096127,0.16431,-0.064862,0.16056,-0.095344,0.055199,-0.2066,-0.13556,-0.21807,0.34487,-0.13387
12,0.24285,0.1189,0.021097,0.14049,0.12527,-0.15519,0.10791,0.34534,-0.072157,0.069986,0.32876,0.20628,1,0.11273,0.15521,0.3662,0.19276,0.40897,0.22956,0.051708,0.29299,0.21516,0.087531,0.038181,0.11339,0.25551,0.28092,0.32833,0.061902,-0.022618,-0.013713,-0.15588,-0.15551,0.11051,-0.0052531,-0.089859,0.053796,0.2153,0.16341,0.063651,0.032946,-0.099988,0.10556,-0.036873,0.11441,-0.1743,-0.16198,0.30462,-0.10638,0.16516,-0.052313,0.13821,0.01652,-0.24805,0.14761,-0.32425,-0.21617,-0.054281,-0.11449,0.11443,-0.32217
13,0.054761,0.081387,0.12498,0.31663,0.23522,0.24813,0.12822,0.19212,0.28162,0.22462,0.34143,0.20948,0.11273,1,0.22879,0.27498,0.49143,0.2501,0.36241,0.40858,0.11465,-0.065863,0.28553,-0.051055,0.32824,0.13279,0.32314,-0.057368,0.14553,0.23124,0.26482,0.14167,0.19013,-0.020536,0.078954,0.064046,0.23049,0.10787,0.14357,0.13518,0.22217,0.031433,0.2165,0.069356,0.14727,-0.085506,-0.064686,0.24522,-0.1904,0.073125,0.065697,0.42359,-0.033019,0.11945,-0.1405,-0.13338,-0.08891,0.081824,-0.036714,-0.052504,0.14284
14,0.057178,0.02376,0.1681,0.084286,0.16301,0.17052,0.18541,0.11457,0.042644,0.1678,-0.056432,0.4593,0.15521,0.22879,1,0.30344,0.36612,0.39109,0.27182,0.49627,0.20261,0.002827,0.1658,0.12839,0.079725,0.18838,0.19477,0.12364,0.22459,0.015003,0.19743,0.1943,0.054985,-0.028587,0.022339,0.15192,0.2073,0.17416,0.22152,0.36126,0.13763,0.32188,-0.1267,0.020445,-0.025411,-0.20213,0.0087818,-0.00095377,-0.0031006,-0.074945,0.098128,0.14569,-0.25027,-0.031769,-0.14858,0.25129,0.031878,0.028763,-0.050539,-0.011279,-0.042534
15,0.23368,0.32162,0.1069,0.11132,0.15898,0.14038,-0.1361,0.43757,-0.039994,-0.047941,0.47163,0.15425,0.3662,0.27498,0.30344,1,0.049862,0.27492,0.29667,0.2572,0.35078,0.28996,0.17154,0.1773,0.18882,0.31916,0.36219,0.28369,0.39591,0.19874,0.045616,0.075925,-0.055995,0.22646,-0.062585,-0.037356,-0.076203,0.2127,0.096853,0.17779,0.19409,0.065856,-0.30219,-0.080146,0.086027,-0.28316,-0.31529,0.17677,-0.25636,-0.14409,0.0421,0.28825,-0.35265,-0.14346,0.05844,-0.11353,0.044782,-0.10375,0.012116,-0.05389,-0.032068
16,-0.036007,-0.27817,-0.093005,0.37804,0.28115,0.071136,0.0051922,0.1993,0.15582,0.20794,0.21095,0.36419,0.19276,0.49143,0.36612,0.049862,1,0.38147,0.39102,0.34707,0.034585,-0.095897,0.26346,0.099836,0.035248,0.19626,0.10005,0.035145,0.19423,-0.15185,0.33976,0.33093,0.21589,-0.017632,-0.17948,0.25442,0.32062,0.16038,0.32827,0.48292,0.068161,0.093002,0.24932,-0.15599,0.27376,0.089876,-0.0067139,0.094866,-0.15665,0.12154,-0.012201,0.089904,-0.016527,-0.099167,-0.053749,0.00050266,-0.3926,0.22434,-0.15808,-0.053137,0.11928
17,0.20953,-0.0055559,0.25905,0.33994,0.29982,0.21212,0.25614,0.39527,0.20013,0.30538,0.24738,0.48748,0.40897,0.2501,0.39109,0.27492,0.38147,1,0.32878,0.37896,0.17953,0.18368,0.16345,0.05773,0.1666,0.27756,0.22785,0.24204,-0.11061,0.15864,0.29415,0.1508,0.27927,0.1428,-0.026904,0.11823,0.050378,0.13548,0.26766,0.046557,0.12743,0.070936,0.12162,-0.16791,-0.0069022,-0.0038214,-0.35987,0.048923,-0.29382,0.09793,0.16857,0.23615,-0.27855,0.13631,-0.063156,0.027133,-0.12688,0.078082,0.03022,0.23497,-0.096304
18,0.01861,-0.11575,0.024504,0.26219,0.14172,0.11645,0.029847,0.2602,0.059529,0.25603,0.33831,0.22061,0.22956,0.36241,0.27182,0.29667,0.39102,0.32878,1,0.22912,0.12526,-0.0036335,-0.098779,0.30525,-0.027392,0.024137,0.061677,0.25753,-0.056748,0.035091,0.19182,0.19149,0.056576,0.052697,0.20945,0.18093,-0.063297,-0.05862,0.32193,0.07072,-0.14548,0.098292,0.17607,0.2535,-0.15096,-0.11609,0.090842,0.26065,-0.036036,0.084634,-0.094489,0.12459,-0.19066,-0.066617,0.12211,-0.33948,-0.24896,0.19208,0.11461,-0.051711,0.22935
19,0.30433,0.068904,0.2058,0.43129,0.1735,0.32567,0.16888,0.038185,0.15051,0.070442,0.17883,0.38651,0.051708,0.40858,0.49627,0.2572,0.34707,0.37896,0.22912,1,0.067032,-0.02291,0.23791,0.19872,0.31178,0.18784,0.18551,0.081848,0.28719,0.028863,0.27416,0.32909,0.12237,-0.12579,-0.11823,0.24951,0.13875,0.32956,0.27822,0.21773,-0.040608,0.10577,0.097073,0.15869,0.085735,-0.1891,-0.3886,0.029185,0.096318,0.0064658,-0.24232,0.11747,-0.38953,0.043002,0.00067204,0.17632,0.010772,0.019211,0.042773,-0.035463,-0.028004
20,0.17964,0.21911,0.10188,0.21662,-0.055619,0.013023,-0.044417,0.11686,0.016545,-0.13455,-0.033315,0.11329,0.29299,0.11465,0.20261,0.35078,0.034585,0.17953,0.12526,0.067032,1,-0.12648,0.20789,0.24584,0.12266,0.14905,-0.073571,0.11477,0.26835,0.22975,0.088501,0.075649,-0.16387,-0.044427,0.052462,-0.17402,0.13061,0.12768,0.22376,0.14621,0.30658,0.014171,-0.41438,0.093114,0.056139,0.17287,-0.062318,0.33021,0.13333,0.20845,0.34936,0.091295,-0.063748,-0.33943,0.18934,0.040968,0.20114,0.056296,0.19472,-0.11205,0.056431
21,-0.012653,0.0010392,-0.16916,0.19868,0.21852,0.091386,0.1504,0.38155,0.095938,-0.010029,0.18179,0.16058,0.21516,-0.065863,0.002827,0.28996,-0.095897,0.18368,-0.0036335,-0.02291,-0.12648,1,-0.047761,0.022537,0.22339,0.23219,0.38157,-0.026891,0.26958,-0.020419,0.014067,-0.18946,-0.038937,0.25081,-0.036036,0.13701,-0.14439,0.12168,-0.0012589,-0.15794,0.17584,0.071311,-0.23785,-0.11088,-0.10071,-0.22673,-0.079683,-0.11764,-0.37988,-0.15651,-0.020556,0.039562,-0.13146,0.027689,-0.12973,-0.016779,0.038369,0.04622,-0.016798,0.0081879,-0.16374
22,0.087479,0.17555,0.10382,0.30692,0.15129,0.19774,0.012263,0.19952,0.18679,0.26541,0.12887,0.16561,0.087531,0.28553,0.1658,0.17154,0.26346,0.16345,-0.098779,0.23791,0.20789,-0.047761,1,0.025666,0.15149,0.1808,0.27369,0.065392,0.22394,0.2159,0.32251,-0.056391,0.24435,0.071939,0.06541,0.082682,0.16424,0.18321,0.14879,0.29599,0.23438,0.00077898,-0.21229,-0.067159,0.032546,0.041749,-0.019617,0.1069,-0.22052,0.046525,-0.061026,0.088306,0.060906,-0.089603,-0.12736,-0.16062,-0.01097,0.025087,0.08627,-0.026129,0.04592
23,-0.01719,-0.12848,0.01424,0.22437,-0.20202,0.0056288,0.013089,-0.058471,-0.30612,0.0071514,-0.052564,-0.08123,0.038181,-0.051055,0.12839,0.1773,0.099836,0.05773,0.30525,0.19872,0.24584,0.022537,0.025666,1,0.1696,0.066571,0.03721,0.18693,0.05449,-0.016629,-0.085346,-0.084916,-0.30241,-0.054651,0.18989,0.10581,0.038933,-0.049009,0.2771,0.12534,-0.15531,0.14183,-0.020967,-0.10468,-0.38045,-0.054483,-0.0483,0.1785,0.22598,0.077237,0.015014,-0.12428,-0.53984,-0.13033,0.12015,0.0057728,-0.088847,0.0039055,0.095791,-0.42557,0.23024
24,0.43451,-0.081407,0.25282,0.28267,0.22099,0.012641,0.089335,0.083462,0.051142,-0.0029559,0.12771,0.047788,0.11339,0.32824,0.079725,0.18882,0.035248,0.1666,-0.027392,0.31178,0.12266,0.22339,0.15149,0.1696,1,0.2015,0.31226,0.01793,0.2078,0.30712,-0.034708,-0.22547,-0.21174,0.038748,-0.1834,0.32669,-0.026721,-0.060401,0.16863,0.017585,0.23651,-0.062703,-0.12196,-0.18074,-0.075869,-0.15564,-0.1199,0.24763,0.033456,-0.018193,0.10116,0.12171,-0.097339,0.070521,-0.22673,0.1138,0.089764,0.14212,0.21482,-0.085276,0.10012
25,0.26482,0.063002,-0.08996,0.078541,0.23428,0.057677,0.15709,0.086682,0.13753,-0.036059,0.14255,-0.033909,0.25551,0.13279,0.18838,0.31916,0.19626,0.27756,0.024137,0.18784,0.14905,0.23219,0.1808,0.066571,0.2015,1,0.1222,-0.051731,0.27681,0.074088,-0.14531,0.012646,0.042355,-0.055923,-0.11448,0.0060082,-0.13577,0.18529,-0.041124,0.12524,0.25608,-0.20703,-0.17731,-0.39456,0.16332,-0.08434,-0.0055034,0.11842,-0.071077,-0.034536,-0.13963,0.01418,-0.38136,0.1782,-0.099934,0.12393,0.2163,0.19659,-0.027257,-0.25556,-0.1082
26,-0.094742,0.2089,0.047688,0.070733,0.15631,0.014107,-0.21532,0.22589,-0.037564,0.25895,0.18116,0.11927,0.28092,0.32314,0.19477,0.36219,0.10005,0.22785,0.061677,0.18551,-0.073571,0.38157,0.27369,0.03721,0.31226,0.1222,1,0.07799,0.11544,0.17356,0.18834,-0.27851,-0.083195,0.1536,0.068392,-0.050895,-0.088779,0.0075669,-0.044976,0.084152,0.029706,-0.058531,-0.071045,-0.10767,-0.095705,-0.33364,-0.12211,-0.015391,-0.12427,0.001962,-0.11335,0.17923,-0.089057,0.13481,-0.35802,-0.024647,-0.15923,0.16109,0.00022752,-0.12966,-0.13228
27,0.14391,0.10992,0.27279,0.0033209,-0.090914,0.1081,-0.14764,0.23623,0.030081,0.13111,0.25435,0.38875,0.32833,-0.057368,0.12364,0.28369,0.035145,0.24204,0.25753,0.081848,0.11477,-0.026891,0.065392,0.18693,0.01793,-0.051731,0.07799,1,0.036548,0.26927,-0.033461,0.1484,0.10351,0.10039,0.12307,0.19838,0.15223,-0.076898,0.37308,0.28367,-0.20994,0.10629,0.10261,-0.040238,-0.1022,-0.22976,0.040664,0.13922,0.048937,0.15413,0.077431,0.085551,-0.061132,0.12187,0.012592,-0.077829,-0.1211,-0.094833,0.13181,-0.086564,0.063621
28,0.0985,0.041231,-0.0066152,0.28763,0.17753,0.2698,-0.18359,0.1689,0.20458,-0.27932,0.19691,0.20199,0.061902,0.14553,0.22459,0.39591,0.19423,-0.11061,-0.056748,0.28719,0.26835,0.26958,0.22394,0.05449,0.2078,0.27681,0.11544,0.036548,1,-0.0082207,0.17108,0.29406,-0.057614,0.070478,-0.10521,0.19163,0.06732,0.26594,-0.011315,0.36655,0.21255,0.095742,-0.13346,-0.053662,0.18594,-0.32678,0.0092191,0.012362,-0.17461,-0.011071,-0.022449,-0.02334,-0.19597,-0.090983,0.02708,0.017023,0.15272,-0.046153,-0.052762,-0.078801,0.10186
29,0.072642,0.25898,0.39063,-0.032775,-0.2346,0.042955,-0.077024,0.19253,0.20684,0.0378,0.083368,0.052919,-0.022618,0.23124,0.015003,0.19874,-0.15185,0.15864,0.035091,0.028863,0.22975,-0.020419,0.2159,-0.016629,0.30712,0.074088,0.17356,0.26927,-0.0082207,1,0.0087828,-0.065464,-0.079283,0.1554,0.17109,0.0044506,-0.0033848,0.042593,0.11656,0.0026246,0.24335,-0.057985,-0.15189,-0.02567,-0.059311,-0.020861,-0.10494,0.23729,-0.10538,0.08479,0.20918,0.17925,0.0090939,0.18748,-0.077663,-0.21667,0.31569,0.0070431,0.18962,-0.042884,-0.099231
30,0.11331,0.15679,0.1204,0.23926,0.28942,0.29,0.07376,0.30489,0.27629,0.1454,0.28633,0.28245,-0.013713,0.26482,0.19743,0.045616,0.33976,0.29415,0.19182,0.27416,0.088501,0.014067,0.32251,-0.085346,-0.034708,-0.14531,0.18834,-0.033461,0.17108,0.0087828,1,0.43064,0.20943,0.26439,-0.066345,-0.03102,-0.04121,0.21849,0.22196,0.17252,-0.028077,0.073446,0.049986,0.20912,0.17027,0.039981,0.10431,-0.017082,-0.030245,0.11567,-0.028894,0.11736,0.11423,-0.029307,0.055088,-0.099808,-0.365,0.14211,0.022017,0.34239,0.19937
31,0.094462,0.024979,0.062689,0.080715,-0.020387,0.31465,-0.021542,0.1662,0.31157,-0.021256,0.28971,0.32152,-0.15588,0.14167,0.1943,0.075925,0.33093,0.1508,0.19149,0.32909,0.075649,-0.18946,-0.056391,-0.084916,-0.22547,0.012646,-0.27851,0.1484,0.29406,-0.065464,0.43064,1,0.2413,0.12532,-0.31462,0.11763,0.15607,0.017992,0.078712,0.28143,-0.11272,0.12037,0.22838,0.20134,0.35309,0.066233,-0.093002,-0.0036053,-0.074055,0.30652,-0.052084,0.1874,-0.053994,-0.0072355,0.0012972,-0.039334,-0.1875,0.014588,0.040013,0.14103,0.27206
32,-0.04102,0.037626,-0.0015971,0.084485,0.32869,0.25185,0.31236,0.084343,0.41553,0.31921,0.25255,0.07505,-0.15551,0.19013,0.054985,-0.055995,0.21589,0.27927,0.056576,0.12237,-0.16387,-0.038937,0.24435,-0.30241,-0.21174,0.042355,-0.083195,0.10351,-0.057614,-0.079283,0.20943,0.2413,1,-0.19588,0.057707,0.17736,0.086283,0.017121,0.044443,0.0057136,0.11427,0.28035,0.023467,0.095541,0.18854,0.13407,-0.037298,-0.31223,-0.32499,0.1406,0.086143,0.0019416,0.095221,0.086275,-0.19963,-0.017928,0.058689,0.025265,-0.12141,0.18783,0.058885
33,0.086508,0.05583,0.10033,-0.12244,0.19636,0.1576,-0.18634,0.40007,-0.17669,-0.16474,0.19379,0.048389,0.11051,-0.020536,-0.028587,0.22646,-0.017632,0.1428,0.052697,-0.12579,-0.044427,0.25081,0.071939,-0.054651,0.038748,-0.055923,0.1536,0.10039,0.070478,0.1554,0.26439,0.12532,-0.19588,1,-0.18292,0.01614,-0.37023,0.17172,0.21992,-0.062182,0.1208,0.044858,0.056879,0.055902,-0.026186,0.035135,0.022352,-0.043245,-0.26484,-0.15835,0.045532,0.13732,0.091462,0.012776,-0.15355,0.065263,-0.092171,0.025578,0.11986,0.28549,-0.06034
34,-0.19583,-0.15286,0.019832,-0.114,-0.22035,-0.13287,0.12098,-0.050245,-0.066079,0.16532,-0.34438,-0.098763,-0.0052531,0.078954,0.022339,-0.062585,-0.17948,-0.026904,0.20945,-0.11823,0.052462,-0.036036,0.06541,0.18989,-0.1834,-0.11448,0.068392,0.12307,-0.10521,0.17109,-0.066345,-0.31462,0.057707,-0.18292,1,-0.23719,-0.030294,0.085223,0.17615,-0.26867,0.037737,0.12421,-0.066708,0.21828,-0.25832,-0.25738,0.095868,-0.17471,-0.16673,-0.097527,0.089528,-0.27594,0.022856,0.064985,0.24176,-0.18249,0.028193,0.057866,0.15178,-0.13776,-0.076498
35,0.17715,-0.28617,0.27123,0.22776,0.23888,0.15149,0.022831,0.069832,0.15118,-0.0059262,0.1039,0.1579,-0.089859,0.064046,0.15192,-0.037356,0.25442,0.11823,0.18093,0.24951,-0.17402,0.13701,0.082682,0.10581,0.32669,0.0060082,-0.050895,0.19838,0.19163,0.0044506,-0.03102,0.11763,0.17736,0.01614,-0.23719,1,0.31236,-0.0033764,0.083016,0.22934,-0.081552,0.37638,0.2483,-0.019816,-0.11616,0.15692,0.18399,-0.006703,-0.0073084,0.15623,-0.058259,0.027557,-0.027345,-0.23374,-0.27672,-0.019173,0.16639,0.17758,0.16466,-0.1228,0.3925
36,-0.0028218,-0.020683,0.18233,0.12651,-0.10371,0.12571,-0.039547,-0.050493,0.19363,0.018117,-0.07212,0.32568,0.053796,0.23049,0.2073,-0.076203,0.32062,0.050378,-0.063297,0.13875,0.13061,-0.14439,0.16424,0.038933,-0.026721,-0.13577,-0.088779,0.15223,0.06732,-0.0033848,-0.04121,0.15607,0.086283,-0.37023,-0.030294,0.31236,1,-0.085989,-0.10021,0.12589,-0.066778,0.20202,0.22914,-0.13368,0.059231,0.26403,0.032177,0.16686,0.033487,0.24963,0.06722,0.12335,0.040453,-0.11736,0.094199,-0.047585,0.084843,0.10418,-0.10417,-0.16543,0.14908
37,0.207,0.12439,0.1847,0.10595,0.10637,0.14117,0.18091,0.16687,0.031422,-0.16164,-0.02839,0.14064,0.2153,0.10787,0.17416,0.2127,0.16038,0.13548,-0.05862,0.32956,0.12768,0.12168,0.18321,-0.049009,-0.060401,0.18529,0.0075669,-0.076898,0.26594,0.042593,0.21849,0.017992,0.017121,0.17172,0.085223,-0.0033764,-0.085989,1,0.37398,-0.036993,0.12037,0.19879,0.056974,0.086362,0.14764,0.03558,-0.10255,-0.012476,-0.22133,-0.072464,0.014845,-0.022961,-0.02822,-0.19011,0.12642,0.053739,0.0029306,-0.11263,-0.078492,0.097782,-0.18428
38,0.17247,-0.1096,0.0050843,0.17368,-0.07565,-0.0016619,0.094028,0.15108,-0.13414,0.085061,0.042843,0.31034,0.16341,0.14357,0.22152,0.096853,0.32827,0.26766,0.32193,0.27822,0.22376,-0.0012589,0.14879,0.2771,0.16863,-0.041124,-0.044976,0.37308,-0.011315,0.11656,0.22196,0.078712,0.044443,0.21992,0.17615,0.083016,-0.10021,0.37398,1,0.27567,-0.21665,0.1675,0.028909,-0.0072077,-0.042187,0.066168,0.041015,0.12597,-0.018286,0.20008,0.17791,-0.18106,0.19323,-0.20284,0.11869,0.14613,-0.39095,-0.10833,0.085998,0.033831,-0.022119
39,0.068444,-0.078878,0.0094897,0.14002,0.040514,-0.1055,-0.27958,0.15617,0.067906,0.10234,0.22946,0.21914,0.063651,0.13518,0.36126,0.17779,0.48292,0.046557,0.07072,0.21773,0.14621,-0.15794,0.29599,0.12534,0.017585,0.12524,0.084152,0.28367,0.36655,0.0026246,0.17252,0.28143,0.0057136,-0.062182,-0.26867,0.22934,0.12589,-0.036993,0.27567,1,-0.082723,-0.10299,-0.030478,-0.23452,0.27689,-0.024832,0.084304,-0.0087509,0.099917,0.12256,0.20484,-0.064556,-0.058753,-0.2354,-0.04223,0.016886,-0.22907,-0.10231,-0.1059,-0.10136,0.26855
40,0.13316,-0.052319,0.0798,0.073393,0.31604,-0.10555,0.1293,0.021892,0.046344,-0.082185,-0.017644,-0.11379,0.032946,0.22217,0.13763,0.19409,0.068161,0.12743,-0.14548,-0.040608,0.30658,0.17584,0.23438,-0.15531,0.23651,0.25608,0.029706,-0.20994,0.21255,0.24335,-0.028077,-0.11272,0.11427,0.1208,0.037737,-0.081552,-0.066778,0.12037,-0.21665,-0.082723,1,-0.044653,-0.4246,0.14358,0.17231,-0.043468,-0.093483,-0.014207,-0.34419,-0.26027,0.23432,0.19422,-0.10015,0.049794,-0.15051,0.14808,0.47894,0.15514,0.17758,0.056269,-0.16924
41,-0.14833,-0.15968,0.16218,0.0053352,0.013331,0.3187,0.042698,0.098734,0.095557,0.073459,-0.12936,0.076314,-0.099988,0.031433,0.32188,0.065856,0.093002,0.070936,0.098292,0.10577,0.014171,0.071311,0.00077898,0.14183,-0.062703,-0.20703,-0.058531,0.10629,0.095742,-0.057985,0.073446,0.12037,0.28035,0.044858,0.12421,0.37638,0.20202,0.19879,0.1675,-0.10299,-0.044653,1,0.014028,0.14118,-0.33017,0.19978,0.089628,-0.21419,-0.027427,0.17685,0.11882,0.28726,0.07932,-0.27496,-0.19462,0.11236,-0.062158,-0.037449,0.14721,0.085111,0.16267
42,0.014914,-0.14099,0.1596,0.010298,-0.093191,0.017546,-0.035502,-0.17062,0.027719,0.11216,0.19003,0.097887,0.10556,0.2165,-0.1267,-0.30219,0.24932,0.12162,0.17607,0.097073,-0.41438,-0.23785,-0.21229,-0.020967,-0.12196,-0.17731,-0.071045,0.10261,-0.13346,-0.15189,0.049986,0.22838,0.023467,0.056879,-0.066708,0.2483,0.22914,0.056974,0.028909,-0.030478,-0.4246,0.014028,1,-0.019647,0.060052,0.028135,0.12795,0.14813,-0.097756,0.23958,-0.13987,0.17905,-0.012567,0.20457,-0.061451,-0.19425,-0.35053,-0.16019,-0.18365,-0.0017432,0.13601
43,0.0014646,0.14779,-0.021537,0.044454,-0.07224,0.019296,0.12373,-0.017842,-0.015493,-0.022194,-0.12373,-0.13487,-0.036873,0.069356,0.020445,-0.080146,-0.15599,-0.16791,0.2535,0.15869,0.093114,-0.11088,-0.067159,-0.10468,-0.18074,-0.39456,-0.10767,-0.040238,-0.053662,-0.02567,0.20912,0.20134,0.095541,0.055902,0.21828,-0.019816,-0.13368,0.086362,-0.0072077,-0.23452,0.14358,0.14118,-0.019647,1,0.03212,-0.1474,0.07053,-0.067666,0.015158,-0.0065973,-0.1621,0.063671,0.24001,-0.20365,0.061078,-0.19597,0.12163,-0.067049,0.11853,0.019701,-0.090507
44,0.24813,-0.045397,-0.10377,0.064487,0.17951,-0.31391,0.11171,0.055876,0.24851,0.019691,0.19027,0.057678,0.11441,0.14727,-0.025411,0.086027,0.27376,-0.0069022,-0.15096,0.085735,0.056139,-0.10071,0.032546,-0.38045,-0.075869,0.16332,-0.095705,-0.1022,0.18594,-0.059311,0.17027,0.35309,0.18854,-0.026186,-0.25832,-0.11616,0.059231,0.14764,-0.042187,0.27689,0.17231,-0.33017,0.060052,0.03212,1,0.090549,-0.089121,-0.24443,-0.27026,-0.016823,0.1334,-0.027553,0.11328,-0.12313,0.0047192,-0.14149,-0.14765,-0.14324,-0.39856,0.16361,-0.02558
45,0.098797,-0.047655,0.15059,-0.05232,-0.064037,-0.12957,-0.069659,-0.031628,-0.06044,-0.031093,-0.099868,-0.20065,-0.1743,-0.085506,-0.20213,-0.28316,0.089876,-0.0038214,-0.11609,-0.1891,0.17287,-0.22673,0.041749,-0.054483,-0.15564,-0.08434,-0.33364,-0.22976,-0.32678,-0.020861,0.039981,0.066233,0.13407,0.035135,-0.25738,0.15692,0.26403,0.03558,0.066168,-0.024832,-0.043468,0.19978,0.028135,-0.1474,0.090549,1,0.067718,0.034397,0.056086,0.3321,0.22944,0.078611,0.17435,-0.26883,0.080636,0.086183,0.022779,0.27994,0.15406,0.10941,0.25518
46,-0.12665,-0.061818,-0.059256,-0.087475,0.14499,0.024021,0.063731,-0.24498,-0.048262,-0.083562,-0.12037,-0.14053,-0.16198,-0.064686,0.0087818,-0.31529,-0.0067139,-0.35987,0.090842,-0.3886,-0.062318,-0.079683,-0.019617,-0.0483,-0.1199,-0.0055034,-0.12211,0.040664,0.0092191,-0.10494,0.10431,-0.093002,-0.037298,0.022352,0.095868,0.18399,0.032177,-0.10255,0.041015,0.084304,-0.093483,0.089628,0.12795,0.07053,-0.089121,0.067718,1,0.082281,0.24697,0.010435,0.024288,0.049157,0.34772,0.035874,-0.16778,0.015796,0.0039341,0.047437,-0.040252,-0.23086,0.33351
47,0.063372,0.29767,0.043188,0.10359,-0.25894,0.010649,-0.019387,-0.099354,-0.13569,-0.084818,0.26602,0.11177,0.30462,0.24522,-0.00095377,0.17677,0.094866,0.048923,0.26065,0.029185,0.33021,-0.11764,0.1069,0.1785,0.24763,0.11842,-0.015391,0.13922,0.012362,0.23729,-0.017082,-0.0036053,-0.31223,-0.043245,-0.17471,-0.006703,0.16686,-0.012476,0.12597,-0.0087509,-0.014207,-0.21419,0.14813,-0.067666,-0.24443,0.034397,0.082281,1,0.13553,0.22278,-0.19857,0.25837,-0.022655,0.028973,0.20917,-0.19546,-0.010732,0.044032,0.24754,-0.16718,0.022363
48,0.053319,-0.025949,0.014417,-0.061522,-0.1473,0.10765,-0.12878,-0.36744,-0.10928,-0.17001,-0.1424,-0.068359,-0.10638,-0.1904,-0.0031006,-0.25636,-0.15665,-0.29382,-0.036036,0.096318,0.13333,-0.37988,-0.22052,0.22598,0.033456,-0.071077,-0.12427,0.048937,-0.17461,-0.10538,-0.030245,-0.074055,-0.32499,-0.26484,-0.16673,-0.0073084,0.033487,-0.22133,-0.018286,0.099917,-0.34419,-0.027427,-0.097756,0.015158,-0.27026,0.056086,0.24697,0.13553,1,0.11463,-0.23582,-0.086661,0.0082197,-0.10856,0.074642,0.19925,0.087034,0.067139,0.064608,-0.057648,0.083744
49,0.025287,0.048958,0.063132,0.12907,-0.29197,-0.015006,-0.1647,-0.037457,0.051092,0.052099,0.18218,0.096997,0.16516,0.073125,-0.074945,-0.14409,0.12154,0.09793,0.084634,0.0064658,0.20845,-0.15651,0.046525,0.077237,-0.018193,-0.034536,0.001962,0.15413,-0.011071,0.08479,0.11567,0.30652,0.1406,-0.15835,-0.097527,0.15623,0.24963,-0.072464,0.20008,0.12256,-0.26027,0.17685,0.23958,-0.0065973,-0.016823,0.3321,0.010435,0.22278,0.11463,1,-0.021229,0.12152,0.19517,-0.2578,-0.10371,-0.13989,-0.14007,0.030086,0.082742,0.018975,0.010602
50,0.18143,-0.035733,0.2356,0.0019234,0.14605,-0.11316,0.042883,0.25481,0.16693,0.11405,-0.14708,-0.096127,-0.052313,0.065697,0.098128,0.0421,-0.012201,0.16857,-0.094489,-0.24232,0.34936,-0.020556,-0.061026,0.015014,0.10116,-0.13963,-0.11335,0.077431,-0.022449,0.20918,-0.028894,-0.052084,0.086143,0.045532,0.089528,-0.058259,0.06722,0.014845,0.17791,0.20484,0.23432,0.11882,-0.13987,-0.1621,0.1334,0.22944,0.024288,-0.19857,-0.23582,-0.021229,1,0.008428,-0.021261,-0.062627,-0.065481,0.12421,0.067647,-0.093941,0.016276,0.0013044,0.32607
51,0.0026012,0.20404,0.31431,0.2591,0.080675,0.26276,-0.018844,0.17606,0.076709,0.049626,0.39937,0.16431,0.13821,0.42359,0.14569,0.28825,0.089904,0.23615,0.12459,0.11747,0.091295,0.039562,0.088306,-0.12428,0.12171,0.01418,0.17923,0.085551,-0.02334,0.17925,0.11736,0.1874,0.0019416,0.13732,-0.27594,0.027557,0.12335,-0.022961,-0.18106,-0.064556,0.19422,0.28726,0.17905,0.063671,-0.027553,0.078611,0.049157,0.25837,-0.086661,0.12152,0.008428,1,-0.046295,0.16517,-0.26927,-0.079081,-0.068057,-0.023527,0.11782,0.0030112,0.077437
52,-0.19589,0.041732,-0.25669,-0.13108,-0.11848,-0.089467,-0.040347,0.0053781,0.027181,-0.078839,-0.18261,-0.064862,0.01652,-0.033019,-0.25027,-0.35265,-0.016527,-0.27855,-0.19066,-0.38953,-0.063748,-0.13146,0.060906,-0.53984,-0.097339,-0.38136,-0.089057,-0.061132,-0.19597,0.0090939,0.11423,-0.053994,0.095221,0.091462,0.022856,-0.027345,0.040453,-0.02822,0.19323,-0.058753,-0.10015,0.07932,-0.012567,0.24001,0.11328,0.17435,0.34772,-0.022655,0.0082197,0.19517,-0.021261,-0.046295,1,-0.33932,-0.017278,-0.14808,-0.21768,-0.052574,0.036544,0.19318,-0.066709
53,-0.080723,0.15693,0.072364,-0.11638,0.06455,0.17809,0.065489,-0.1094,0.087583,0.23923,0.039919,0.16056,-0.24805,0.11945,-0.031769,-0.14346,-0.099167,0.13631,-0.066617,0.043002,-0.33943,0.027689,-0.089603,-0.13033,0.070521,0.1782,0.13481,0.12187,-0.090983,0.18748,-0.029307,-0.0072355,0.086275,0.012776,0.064985,-0.23374,-0.11736,-0.19011,-0.20284,-0.2354,0.049794,-0.27496,0.20457,-0.20365,-0.12313,-0.26883,0.035874,0.028973,-0.10856,-0.2578,-0.062627,0.16517,-0.33932,1,-0.27824,0.29716,0.12569,0.023169,-0.11618,-0.087948,-0.15361
54,0.18616,0.077178,0.1136,0.14298,-0.20963,-0.067409,0.023173,-0.0020683,-0.10915,-0.46385,-0.043795,-0.095344,0.14761,-0.1405,-0.14858,0.05844,-0.053749,-0.063156,0.12211,0.00067204,0.18934,-0.12973,-0.12736,0.12015,-0.22673,-0.099934,-0.35802,0.012592,0.02708,-0.077663,0.055088,0.0012972,-0.19963,-0.15355,0.24176,-0.27672,0.094199,0.12642,0.11869,-0.04223,-0.15051,-0.19462,-0.061451,0.061078,0.0047192,0.080636,-0.16778,0.20917,0.074642,-0.10371,-0.065481,-0.26927,-0.017278,-0.27824,1,-0.28816,-0.084656,0.13038,0.13687,0.086663,0.014002
55,-0.026736,-0.046867,-0.072912,-0.22297,0.18612,0.002569,-0.085001,-0.2953,-0.33049,-0.17858,-0.33802,0.055199,-0.32425,-0.13338,0.25129,-0.11353,0.00050266,0.027133,-0.33948,0.17632,0.040968,-0.016779,-0.16062,0.0057728,0.1138,0.12393,-0.024647,-0.077829,0.017023,-0.21667,-0.099808,-0.039334,-0.017928,0.065263,-0.18249,-0.019173,-0.047585,0.053739,0.14613,0.016886,0.14808,0.11236,-0.19425,-0.19597,-0.14149,0.086183,0.015796,-0.19546,0.19925,-0.13989,0.12421,-0.079081,-0.14808,0.29716,-0.28816,1,0.21085,0.10514,0.071606,-0.13635,-0.19129
56,0.10603,0.22815,0.19292,-0.041401,0.09224,0.15613,0.10904,-0.15525,0.012225,-0.34283,-0.18122,-0.2066,-0.21617,-0.08891,0.031878,0.044782,-0.3926,-0.12688,-0.24896,0.010772,0.20114,0.038369,-0.01097,-0.088847,0.089764,0.2163,-0.15923,-0.1211,0.15272,0.31569,-0.365,-0.1875,0.058689,-0.092171,0.028193,0.16639,0.084843,0.0029306,-0.39095,-0.22907,0.47894,-0.062158,-0.35053,0.12163,-0.14765,0.022779,0.0039341,-0.010732,0.087034,-0.14007,0.067647,-0.068057,-0.21768,0.12569,-0.084656,0.21085,1,0.13623,0.096312,-0.17749,-0.14876
57,0.091182,-0.11285,0.23698,0.043394,0.22329,-0.016891,-0.15534,0.17497,-0.031923,-0.19327,0.0021539,-0.13556,-0.054281,0.081824,0.028763,-0.10375,0.22434,0.078082,0.19208,0.019211,0.056296,0.04622,0.025087,0.0039055,0.14212,0.19659,0.16109,-0.094833,-0.046153,0.0070431,0.14211,0.014588,0.025265,0.025578,0.057866,0.17758,0.10418,-0.11263,-0.10833,-0.10231,0.15514,-0.037449,-0.16019,-0.067049,-0.14324,0.27994,0.047437,0.044032,0.067139,0.030086,-0.093941,-0.023527,-0.052574,0.023169,0.13038,0.10514,0.13623,1,0.51186,-0.19878,0.19012
58,0.11926,-0.11274,0.24899,-0.073529,-0.15766,-0.0064655,-0.24734,0.017223,-0.18483,-0.084315,-0.11767,-0.21807,-0.11449,-0.036714,-0.050539,0.012116,-0.15808,0.03022,0.11461,0.042773,0.19472,-0.016798,0.08627,0.095791,0.21482,-0.027257,0.00022752,0.13181,-0.052762,0.18962,0.022017,0.040013,-0.12141,0.11986,0.15178,0.16466,-0.10417,-0.078492,0.085998,-0.1059,0.17758,0.14721,-0.18365,0.11853,-0.39856,0.15406,-0.040252,0.24754,0.064608,0.082742,0.016276,0.11782,0.036544,-0.11618,0.13687,0.071606,0.096312,0.51186,1,-0.19295,0.34323
59,0.13504,-0.13656,0.095242,-0.016221,0.23345,0.13678,0.10621,0.19189,0.31002,0.077602,0.24965,0.34487,0.11443,-0.052504,-0.011279,-0.05389,-0.053137,0.23497,-0.051711,-0.035463,-0.11205,0.0081879,-0.026129,-0.42557,-0.085276,-0.25556,-0.12966,-0.086564,-0.078801,-0.042884,0.34239,0.14103,0.18783,0.28549,-0.13776,-0.1228,-0.16543,0.097782,0.033831,-0.10136,0.056269,0.085111,-0.0017432,0.019701,0.16361,0.10941,-0.23086,-0.16718,-0.057648,0.018975,0.0013044,0.0030112,0.19318,-0.087948,0.086663,-0.13635,-0.17749,-0.19878,-0.19295,1,-0.19891
60,0.12509,-0.13582,0.19945,0.17205,0.14568,0.22794,-0.04242,0.089018,0.2526,0.10165,0.016045,-0.13387,-0.32217,0.14284,-0.042534,-0.032068,0.11928,-0.096304,0.22935,-0.028004,0.056431,-0.16374,0.04592,0.23024,0.10012,-0.1082,-0.13228,0.063621,0.10186,-0.099231,0.19937,0.27206,0.058885,-0.06034,-0.076498,0.3925,0.14908,-0.18428,-0.022119,0.26855,-0.16924,0.16267,0.13601,-0.090507,-0.02558,0.25518,0.33351,0.022363,0.083744,0.010602,0.32607,0.077437,-0.066709,-0.15361,0.014002,-0.19129,-0.14876,0.19012,0.34323,-0.19891,1
