1.5746e-10 1.4844e-10 1.293e-10 1.1626e-10 1.2031e-10 1.072e-10 1.5354e-10 9.7924e-11 1.0586e-10 9.1932e-11 1.0846e-10 9.6618e-11 1.0003e-10 9.1668e-11 1.0913e-10 7.3533e-11 7.2413e-11 7.1494e-11 7.6344e-11 6.4836e-11 5.8652e-11 6.0185e-11 5.8876e-11 4.3741e-11 4.1308e-11 4.7995e-11 4.619e-11 3.8405e-11 5.0468e-11 3.2976e-11 3.2827e-11 3.1478e-11 4.7662e-11 3.4746e-11 6.7393e-12 1.7268e-11 1.0411e-12 1.0405e-11 7.2927e-12 3.8884e-12 1.3897e-11 -2.2025e-12 -6.9924e-12 -1.2958e-12 -4.6882e-12 1.3294e-12 -1.6905e-11 -2.8202e-12 -7.5422e-12 -2.9039e-12 -1.2455e-11 -3.7671e-12 -3.5864e-12 -7.3978e-13 7.8461e-12 -4.3575e-12 -4.155e-12 6.1162e-12 9.6049e-13 1.0983e-12 1.6496e-12 -3.3209e-12 -5.2098e-12 -3.6004e-12 6.5434e-13 -9.745e-13 -9.0204e-12 3.5971e-12 -5.8595e-12 -2.6565e-12 -9.2002e-13 -9.6741e-13 -7.0152e-12 -5.0042e-12 -2.7208e-12 4.701e-14 -1.8413e-12 3.0493e-12 -1.5506e-12 -3.8436e-12 2.9684e-12 -3.1295e-12 1.443e-12 1.4484e-12 5.226e-12 2.2975e-12 2.1857e-12 -6.5874e-13 1.7662e-13 7.3619e-13 3.0804e-13 1.9188e-14 -1.4947e-14 1.1451e-13 -4.1354e-15
1.4844e-10 1.797e-10 1.4104e-10 1.2634e-10 1.2638e-10 1.0956e-10 1.7026e-10 1.0624e-10 1.1993e-10 9.5954e-11 1.2188e-10 1.071e-10 1.0948e-10 9.0141e-11 1.1551e-10 8.2779e-11 7.6257e-11 8.1113e-11 7.8882e-11 6.8542e-11 6.4691e-11 6.3706e-11 6.4055e-11 4.9839e-11 5.1117e-11 5.442e-11 4.6521e-11 4.124e-11 5.3605e-11 4.3058e-11 3.8848e-11 3.8705e-11 5.2214e-11 4.3282e-11 8.0787e-12 2.7749e-11 3.0369e-12 5.2972e-12 5.8489e-12 5.446e-12 1.4591e-11 3.3721e-12 -5.2049e-13 2.9374e-12 -4.1258e-12 2.3596e-12 -1.6099e-11 -1.9239e-12 -4.0685e-12 -7.1393e-12 -1.0228e-11 -4.7359e-12 -2.4053e-13 1.6527e-12 4.9815e-12 -9.0615e-12 -4.2533e-12 7.6185e-12 3.2389e-12 3.6577e-12 1.588e-12 -3.5976e-12 -4.6653e-12 2.1346e-13 7.6013e-13 2.0153e-12 -5.7132e-12 5.8931e-12 -6.9336e-12 -5.1559e-12 -4.1132e-12 4.518e-12 -2.5615e-12 -7.0427e-12 3.0811e-13 -2.9011e-12 -1.2366e-12 3.2946e-12 -5.2912e-13 -3.4568e-12 2.4603e-12 -2.8322e-12 1.7948e-12 -1.3472e-12 3.7062e-12 3.8973e-12 3.2945e-12 -3.7794e-13 -4.4216e-13 -3.6895e-14 1.1509e-12 5.5966e-14 -4.3274e-14 2.0874e-13 2.0538e-14
1.293e-10 1.4104e-10 1.5312e-10 1.1682e-10 1.1621e-10 9.7652e-11 1.4762e-10 8.5854e-11 9.9967e-11 8.4442e-11 1.1305e-10 9.4545e-11 1.0142e-10 9.4293e-11 1.0126e-10 7.6224e-11 6.626e-11 6.6343e-11 7.175e-11 6.7231e-11 5.7657e-11 5.801e-11 5.209e-11 3.8734e-11 4.4997e-11 4.5442e-11 4.7834e-11 3.7287e-11 5.4934e-11 3.9101e-11 3.2501e-11 3.9126e-11 4.4249e-11 4.0159e-11 5.3228e-12 1.3507e-11 4.1375e-12 9.4257e-12 1.8558e-12 7.2469e-12 1.2735e-11 6.4246e-12 7.8756e-12 -3.9783e-12 -5.7539e-12 3.661e-12 -1.4812e-11 -4.3554e-12 -1.2511e-12 -1.3768e-12 -6.4614e-12 -5.0064e-12 -1.9663e-12 -3.1694e-12 6.8377e-12 -8.4221e-12 -7.3905e-12 3.917e-12 1.4181e-12 4.7082e-12 5.1814e-12 -1.0227e-12 -2.8409e-12 1.382e-12 -1.9899e-12 5.4921e-12 -6.4808e-12 4.4409e-12 -5.9999e-12 -3.2221e-12 2.648e-13 1.301e-12 -3.0887e-12 -4.0712e-12 1.3364e-12 -3.1253e-12 -3.8929e-12 1.616e-12 -2.1176e-12 -3.6135e-12 4.0926e-12 -1.3142e-12 1.3791e-12 -4.183e-14 1.5116e-12 1.5205e-12 2.247e-12 -1.2401e-13 9.0426e-14 8.0341e-13 1.4066e-12 8.4777e-14 7.3077e-14 1.5019e-13 -3.0112e-16
1.1626e-10 1.2634e-10 1.1682e-10 1.2122e-10 1.1097e-10 9.1013e-11 1.3831e-10 8.2756e-11 9.6217e-11 7.5228e-11 9.6728e-11 8.5793e-11 9.147e-11 7.6965e-11 8.8594e-11 6.6972e-11 6.4953e-11 6.3823e-11 6.6866e-11 5.7186e-11 5.0436e-11 5.4344e-11 5.7839e-11 3.6235e-11 4.4388e-11 4.6007e-11 4.0549e-11 3.5384e-11 4.7814e-11 3.2229e-11 3.3361e-11 3.5226e-11 4.5022e-11 3.5354e-11 3.1516e-12 1.5277e-11 1.5596e-11 7.638e-12 3.1252e-12 7.1212e-12 9.9188e-12 -1.1413e-12 4.4419e-12 1.7931e-12 -5.4558e-13 1.1114e-12 -1.2841e-11 4.8726e-15 -4.8303e-12 -9.1588e-12 -4.7536e-12 -6.2631e-12 -2.6821e-12 4.1661e-13 5.7099e-12 -7.403e-12 -2.2836e-12 4.8153e-12 2.5823e-12 3.4554e-12 2.1422e-12 -6.0891e-12 -3.6022e-13 -2.5147e-12 2.9272e-13 2.8661e-12 -4.0273e-12 3.4869e-12 -5.8607e-12 -2.4818e-12 1.9931e-12 3.8952e-12 -4.5237e-12 -4.0944e-12 -2.1745e-12 -4.4451e-12 -2.1479e-12 2.954e-12 -6.555e-13 -1.7505e-12 2.9791e-12 -1.4526e-12 2.2014e-12 -1.1608e-12 3.1548e-12 2.0513e-12 3.4557e-12 -4.2209e-13 5.0614e-13 2.2767e-13 9.1204e-13 7.2175e-14 8.5126e-14 1.3455e-13 2.3195e-14
1.2031e-10 1.2638e-10 1.1621e-10 1.1097e-10 1.2852e-10 8.9635e-11 1.3909e-10 8.2687e-11 9.735e-11 7.6385e-11 9.9588e-11 8.9069e-11 8.5605e-11 7.5287e-11 9.8439e-11 6.4742e-11 5.8841e-11 6.2789e-11 6.652e-11 5.687e-11 5.4657e-11 5.0913e-11 5.7494e-11 3.8651e-11 4.0594e-11 4.8489e-11 3.8244e-11 2.9915e-11 4.5769e-11 3.2792e-11 3.406e-11 3.5928e-11 4.5203e-11 3.315e-11 8.7915e-12 1.2352e-11 7.0946e-12 1.3324e-11 1.6257e-12 4.2713e-12 1.2912e-11 7.0532e-13 6.5516e-12 -1.9914e-12 -3.8449e-12 3.5849e-12 -1.1755e-11 2.1641e-13 -2.5724e-12 -3.9525e-12 -4.2562e-12 -7.6691e-12 -3.2236e-12 1.0198e-12 9.6212e-12 -8.6487e-12 -1.8975e-12 4.7168e-12 1.2532e-12 7.1939e-12 3.6988e-12 -6.939e-12 6.6195e-13 -1.581e-12 -2.1092e-12 1.2579e-12 -6.7792e-12 1.9832e-12 -6.1718e-12 -5.035e-12 -6.4043e-13 2.817e-12 -3.8516e-12 -4.9275e-12 1.1552e-13 -4.4257e-12 -1.5689e-12 3.5709e-12 1.6684e-12 -3.621e-12 4.9208e-12 -1.9201e-12 1.7897e-12 -8.2562e-13 3.2292e-12 1.6558e-12 3.7132e-12 -4.551e-13 6.5946e-13 7.6254e-13 7.6931e-13 8.1081e-16 6.4085e-14 9.3905e-14 1.146e-14
1.072e-10 1.0956e-10 9.7652e-11 9.1013e-11 8.9635e-11 1.0308e-10 1.2838e-10 7.6501e-11 8.1229e-11 6.5333e-11 8.2642e-11 8.1252e-11 8.0295e-11 6.8714e-11 8.0322e-11 5.9022e-11 5.8669e-11 5.8281e-11 5.8128e-11 4.9581e-11 4.1963e-11 4.9881e-11 4.3915e-11 4.0464e-11 3.3923e-11 3.7432e-11 3.3111e-11 2.8935e-11 3.4807e-11 2.6404e-11 2.3547e-11 2.6456e-11 3.1856e-11 2.9501e-11 7.6744e-12 1.8133e-11 5.377e-12 1.1232e-11 6.9526e-12 5.6653e-12 1.29e-11 3.7226e-12 -1.0091e-12 3.8264e-12 -2.2861e-12 3.6409e-12 -5.7528e-12 -2.0384e-12 -8.3037e-12 1.058e-12 -1.1109e-11 8.574e-13 3.3405e-14 -6.6698e-13 6.5363e-12 -5.5124e-12 -5.0981e-12 3.7229e-12 3.7787e-12 -1.1264e-12 -1.5463e-12 -2.6359e-12 -5.6584e-12 -3.5575e-12 -2.0786e-12 7.5925e-13 -5.3844e-12 2.3052e-12 -2.9695e-12 -3.9757e-12 1.1766e-12 1.4451e-12 -1.9634e-12 -2.9515e-12 -2.5987e-13 -2.9594e-12 -3.4004e-13 3.1602e-12 -2.3884e-12 -2.5351e-12 2.8203e-12 -1.6198e-12 2.0529e-12 6.3122e-13 3.7057e-12 2.0601e-12 3.1222e-12 -1.3837e-12 -2.8307e-13 7.3518e-13 1.0252e-12 -2.1325e-14 7.206e-14 1.1695e-13 1.8449e-14
1.5354e-10 1.7026e-10 1.4762e-10 1.3831e-10 1.3909e-10 1.2838e-10 2.1278e-10 1.1339e-10 1.2889e-10 9.6715e-11 1.3119e-10 1.1687e-10 1.1509e-10 9.7019e-11 1.2256e-10 8.6579e-11 8.6733e-11 8.3517e-11 8.5098e-11 7.8001e-11 6.8429e-11 7.7114e-11 6.7061e-11 6.0224e-11 5.4248e-11 6.0249e-11 5.3627e-11 4.5998e-11 5.4411e-11 4.3619e-11 4.2704e-11 4.6724e-11 4.9159e-11 4.2366e-11 1.179e-11 2.8234e-11 5.5236e-12 7.5818e-12 1.0923e-11 9.4492e-12 1.7109e-11 3.6595e-12 4.0193e-12 1.0021e-11 -2.299e-12 4.1408e-12 -1.8893e-11 2.3643e-15 -8.524e-12 -4.1228e-12 -1.3022e-11 -4.4086e-12 -2.4401e-12 -1.5396e-12 8.3053e-12 -9.3293e-12 -1.6819e-12 6.9185e-12 1.0367e-12 4.6919e-12 3.1747e-12 -3.8205e-12 -3.2933e-12 -3.915e-12 1.6997e-12 1.6651e-12 -3.58e-12 4.7662e-12 -8.5649e-12 -5.3004e-12 -1.6095e-12 1.1071e-12 -5.5284e-12 -7.1227e-12 -4.8028e-12 -4.4522e-12 -7.7503e-13 4.9666e-12 -4.2198e-12 -2.983e-12 5.6003e-12 -2.3277e-12 5.3823e-12 -3.0649e-12 6.0246e-12 3.584e-12 4.1935e-12 -6.9468e-13 1.1064e-12 8.5267e-13 1.2798e-12 3.2735e-13 1.0808e-13 1.1406e-13 4.0558e-15
9.7924e-11 1.0624e-10 8.5854e-11 8.2756e-11 8.2687e-11 7.6501e-11 1.1339e-10 8.608e-11 7.5203e-11 6.2103e-11 8.0609e-11 6.8268e-11 7.6849e-11 6.8874e-11 7.8792e-11 5.5983e-11 4.8697e-11 5.308e-11 5.2247e-11 4.4279e-11 4.1289e-11 4.38e-11 4.016e-11 2.8726e-11 3.585e-11 3.4205e-11 3.3237e-11 2.1156e-11 3.5232e-11 2.0784e-11 2.4532e-11 2.1949e-11 3.0484e-11 2.2664e-11 5.2957e-12 1.4596e-11 3.1591e-12 4.5109e-12 1.0144e-12 4.9317e-12 8.6852e-12 -5.0615e-13 -1.2742e-12 3.9279e-12 -1.9165e-12 5.4453e-12 -8.5746e-12 -3.1357e-12 -6.7989e-12 -6.2176e-12 -8.2876e-12 -5.3414e-12 -2.7693e-12 -1.1895e-12 2.9565e-12 -2.4973e-12 -2.8251e-12 3.9818e-12 4.1444e-13 -1.1744e-13 -1.1356e-12 -3.4977e-12 -1.8412e-12 3.8475e-13 2.2601e-12 1.1991e-13 -5.9364e-12 2.4709e-12 -4.3584e-12 -6.7501e-12 -6.2326e-13 2.4457e-12 -4.3391e-12 -4.0184e-12 1.102e-13 -5.9927e-13 -1.4982e-12 1.4585e-12 -1.0227e-12 -1.9154e-12 2.0941e-12 -1.4762e-12 2.0317e-12 -8.0489e-13 4.661e-12 2.6483e-12 1.9608e-12 -8.3701e-13 -3.4024e-13 -2.0524e-13 3.3167e-13 2.7698e-14 1.8386e-14 1.0715e-13 1.4779e-14
1.0586e-10 1.1993e-10 9.9967e-11 9.6217e-11 9.735e-11 8.1229e-11 1.2889e-10 7.5203e-11 1.0148e-10 6.4437e-11 8.8682e-11 7.6929e-11 7.8802e-11 6.5763e-11 7.8667e-11 5.2001e-11 6.0375e-11 6.0532e-11 6.2875e-11 4.9217e-11 4.4779e-11 5.1661e-11 5.0108e-11 3.8987e-11 3.6077e-11 4.0203e-11 3.1023e-11 3.2026e-11 3.5925e-11 2.9372e-11 2.628e-11 3.1353e-11 3.6716e-11 3.0073e-11 2.1173e-12 1.7542e-11 4.2227e-12 6.4226e-12 1.9035e-12 7.5864e-12 1.3425e-11 -4.1993e-12 5.886e-12 -7.196e-13 -5.1235e-12 4.4671e-13 -1.2921e-11 -3.4338e-12 -2.1657e-12 -4.239e-12 -8.4341e-12 -6.3992e-12 -3.2239e-12 -2.1175e-12 6.9688e-12 -7.8833e-12 -1.1172e-12 5.8799e-12 3.4637e-12 5.7103e-12 1.0545e-12 -3.3705e-12 -4.8232e-12 -1.7338e-12 -1.3506e-12 -1.138e-12 -2.7353e-12 2.5389e-12 -5.3264e-12 -2.0936e-12 -5.8749e-13 3.0663e-13 -2.3304e-12 -5.6588e-12 -1.3165e-12 -2.8537e-12 -1.3797e-12 1.7928e-12 1.4857e-12 -1.9505e-12 2.8604e-12 -3.3182e-12 2.368e-12 -4.6123e-13 3.1779e-12 2.2926e-12 3.0639e-12 -1.4778e-13 -1.0547e-13 1.9906e-13 4.7137e-13 5.5058e-14 -2.3236e-14 7.1909e-14 4.0472e-15
9.1932e-11 9.5954e-11 8.4442e-11 7.5228e-11 7.6385e-11 6.5333e-11 9.6715e-11 6.2103e-11 6.4437e-11 7.2629e-11 6.8723e-11 6.3285e-11 6.241e-11 6.0179e-11 7.0929e-11 5.0878e-11 4.0922e-11 4.9254e-11 4.5945e-11 5.1029e-11 4.2026e-11 3.6224e-11 3.5238e-11 2.7121e-11 3.5024e-11 3.5991e-11 2.9359e-11 2.7257e-11 3.2505e-11 2.0757e-11 2.2752e-11 1.6963e-11 3.0355e-11 2.1835e-11 4.0738e-12 1.0531e-11 3.017e-12 6.2996e-12 6.4519e-12 4.1886e-12 6.982e-12 -7.024e-13 -1.5239e-12 4.022e-12 -3.3319e-12 3.3361e-12 -1.4621e-11 -5.1776e-12 -8.2656e-12 -4.3142e-12 -5.254e-12 -2.9833e-12 -1.9561e-13 -4.9058e-13 3.7594e-12 -3.3974e-12 -3.2203e-12 3.4528e-12 1.7482e-12 3.5931e-12 1.331e-12 -2.9468e-12 -6.5899e-13 2.3902e-13 -3.033e-13 1.5033e-12 -4.8231e-12 -9.7387e-13 -3.8392e-12 -6.2676e-13 -1.8941e-12 1.4132e-12 -1.8466e-12 -1.7646e-12 -4.057e-15 -4.5477e-13 -3.9023e-13 2.5684e-12 -1.0101e-12 -1.4514e-12 2.6897e-12 -9.3254e-13 -8.4514e-13 5.1217e-13 2.7051e-12 2.0834e-12 8.9e-13 -6.956e-13 8.4556e-14 2.2135e-13 3.1424e-13 1.2729e-13 2.7459e-14 1.2054e-13 8.2399e-15
1.0846e-10 1.2188e-10 1.1305e-10 9.6728e-11 9.9588e-11 8.2642e-11 1.3119e-10 8.0609e-11 8.8682e-11 6.8723e-11 1.1903e-10 7.8164e-11 8.4287e-11 7.5011e-11 8.793e-11 6.1744e-11 5.8721e-11 5.7251e-11 6.5426e-11 5.1402e-11 4.6483e-11 5.2227e-11 4.7986e-11 3.3786e-11 4.419e-11 3.6498e-11 3.5821e-11 3.3623e-11 4.0903e-11 3.2106e-11 3.2423e-11 3.6809e-11 3.7137e-11 3.4655e-11 6.7555e-12 1.6562e-11 4.635e-12 8.2334e-12 3.0286e-12 6.2956e-12 1.4234e-11 3.7439e-12 2.4989e-12 -5.3031e-12 -4.6058e-12 2.3471e-12 -9.0821e-12 -6.4026e-12 -3.0309e-12 -3.6376e-12 -8.1046e-12 -7.7278e-12 -1.9654e-12 -5.0631e-13 4.4772e-12 -7.3697e-12 -1.531e-12 5.4902e-12 6.723e-13 3.0116e-12 -1.3108e-12 -4.2531e-13 1.2043e-12 -5.7547e-13 1.0741e-12 1.5191e-12 -6.1449e-12 5.9806e-12 -8.0578e-12 -3.9647e-12 -1.5087e-12 3.0946e-12 -5.1895e-12 -5.5944e-12 -3.0709e-13 -4.1972e-12 -3.4915e-12 3.5135e-12 9.405e-13 -3.0174e-12 3.6579e-12 -4.7539e-13 3.6195e-12 -4.3695e-13 3.2546e-12 2.4589e-12 2.8728e-12 6.2686e-13 4.1358e-13 9.5266e-13 1.2564e-12 -3.9522e-14 5.4755e-14 1.2589e-13 2.0774e-15
9.6618e-11 1.071e-10 9.4545e-11 8.5793e-11 8.9069e-11 8.1252e-11 1.1687e-10 6.8268e-11 7.6929e-11 6.3285e-11 7.8164e-11 9.1168e-11 7.227e-11 6.0679e-11 7.8411e-11 5.5534e-11 5.6766e-11 5.3269e-11 5.1037e-11 4.5092e-11 3.6815e-11 4.6032e-11 4.3632e-11 3.1035e-11 3.2457e-11 3.8195e-11 3.2089e-11 2.8353e-11 3.6895e-11 2.7745e-11 2.4999e-11 2.7059e-11 3.146e-11 2.3051e-11 9.2862e-12 1.2295e-11 -5.3008e-13 6.6676e-12 5.4232e-12 -1.0697e-12 8.3334e-12 4.9974e-12 3.6402e-13 2.4848e-12 -7.1734e-12 2.8776e-12 -1.1598e-11 9.1401e-13 -5.1102e-12 1.6687e-12 -5.8337e-12 -4.7532e-12 -3.2928e-12 1.0371e-13 2.5474e-12 -4.325e-12 -4.6597e-12 2.5608e-12 1.9024e-12 3.7818e-12 -1.5262e-12 -3.0207e-12 -2.0661e-12 -2.2729e-12 -6.5681e-13 1.1597e-12 -5.4697e-12 -1.0847e-13 -5.5898e-12 -3.1557e-12 5.0206e-13 2.07e-12 -1.3422e-12 -4.7884e-12 4.1281e-13 -1.8994e-12 -1.0707e-12 2.3041e-12 9.6359e-13 -1.0007e-12 2.9096e-12 -1.5881e-12 1.5645e-12 -4.2203e-13 3.5853e-13 1.3155e-12 2.6989e-12 -1.0899e-12 2.2195e-15 2.0488e-13 4.318e-13 -7.1963e-14 -1.4272e-13 8.3011e-14 1.8363e-14
1.0003e-10 1.0948e-10 1.0142e-10 9.147e-11 8.5605e-11 8.0295e-11 1.1509e-10 7.6849e-11 7.8802e-11 6.241e-11 8.4287e-11 7.227e-11 8.9001e-11 7.137e-11 7.4388e-11 5.7269e-11 5.403e-11 5.3545e-11 6.0068e-11 4.7507e-11 3.9151e-11 4.7747e-11 3.9258e-11 2.8196e-11 3.6583e-11 3.1593e-11 3.3655e-11 2.9448e-11 3.8304e-11 2.6885e-11 2.5595e-11 2.456e-11 3.2619e-11 2.7518e-11 3.9037e-13 1.6847e-11 9.921e-12 5.8888e-12 1.3421e-12 6.8526e-12 8.9677e-12 2.7818e-12 2.262e-13 -5.2998e-13 -4.5706e-12 3.788e-12 -9.1554e-12 -4.9332e-12 -1.7453e-12 -3.3654e-12 -8.4265e-12 -5.0048e-12 -1.6368e-12 -4.5289e-12 2.6032e-12 -2.759e-12 -3.6914e-12 2.7758e-12 1.2796e-12 2.4632e-12 1.5441e-12 -1.8369e-12 -1.375e-12 -1.7577e-12 1.6075e-12 2.9454e-12 -5.8685e-12 2.6124e-12 -5.5904e-12 -5.047e-12 1.8982e-12 2.6763e-12 -3.1482e-12 -3.7394e-12 5.682e-13 -5.6637e-13 -2.4576e-12 1.5513e-12 -2.6365e-12 -2.1631e-12 2.6936e-12 -1.8323e-12 1.7251e-12 -1.2159e-13 3.8233e-12 1.836e-12 2.0951e-12 -2.8149e-13 -4.9452e-13 3.2218e-13 7.4903e-13 9.5254e-14 1.3623e-14 9.7458e-14 2.7061e-14
9.1668e-11 9.0141e-11 9.4293e-11 7.6965e-11 7.5287e-11 6.8714e-11 9.7019e-11 6.8874e-11 6.5763e-11 6.0179e-11 7.5011e-11 6.0679e-11 7.137e-11 8.4125e-11 7.206e-11 5.173e-11 4.4538e-11 4.8417e-11 5.1559e-11 4.7976e-11 3.995e-11 4.3015e-11 4.0032e-11 2.2014e-11 3.257e-11 3.1148e-11 3.7195e-11 2.431e-11 3.6264e-11 2.3365e-11 1.7153e-11 2.2853e-11 2.7631e-11 2.5935e-11 6.0172e-12 5.779e-12 5.3893e-12 1.1417e-11 4.787e-13 2.49e-12 8.4743e-12 1.1596e-12 -2.5848e-13 -1.3433e-12 -5.4622e-12 2.6248e-12 -8.8389e-12 -6.1972e-12 -8.1218e-12 -2.884e-12 -6.2798e-12 -4.0456e-12 -1.5245e-12 -3.55e-12 3.5246e-12 -2.1281e-12 -3.2751e-12 3.2777e-12 9.9682e-13 5.9089e-13 8.3394e-13 -1.8968e-12 -2.2202e-12 1.7748e-12 3.0006e-13 2.2249e-12 -7.7261e-12 1.824e-12 -5.0915e-12 -3.4942e-12 -2.8978e-12 -1.426e-12 -6.6703e-12 -2.0761e-12 2.8615e-13 6.944e-13 -5.4241e-13 1.1124e-12 -8.2481e-13 -1.7332e-12 3.6566e-12 -1.6328e-12 3.7926e-13 6.2385e-13 2.9863e-12 1.2222e-12 9.9682e-13 -7.224e-13 -1.5121e-13 8.1776e-13 4.9036e-13 1.809e-14 1.0823e-13 1.5228e-13 -1.0437e-14
1.0913e-10 1.1551e-10 1.0126e-10 8.8594e-11 9.8439e-11 8.0322e-11 1.2256e-10 7.8792e-11 7.8667e-11 7.0929e-11 8.793e-11 7.8411e-11 7.4388e-11 7.206e-11 1.016e-10 5.9446e-11 5.0377e-11 6.0212e-11 5.4875e-11 4.9628e-11 4.7254e-11 4.3547e-11 4.5226e-11 3.0437e-11 3.5306e-11 3.9651e-11 3.6646e-11 2.58e-11 3.8311e-11 2.8413e-11 3.0258e-11 2.5232e-11 3.4868e-11 2.5244e-11 9.5332e-12 1.1206e-11 1.584e-12 1.1105e-11 2.5546e-12 -1.2865e-12 7.3872e-12 4.036e-12 -7.3223e-13 7.4999e-13 -3.6039e-12 4.263e-12 -1.3559e-11 -1.9618e-12 -7.3283e-12 -6.993e-13 -9.3015e-12 -3.7984e-12 -5.2946e-13 4.8176e-12 6.536e-12 -6.6664e-12 -3.309e-12 5.6983e-12 -7.5599e-13 2.684e-12 1.0169e-12 -5.7499e-12 -1.1526e-12 1.4084e-13 -1.7662e-13 -4.4903e-13 -7.5338e-12 2.8096e-12 -3.8799e-12 -4.6478e-12 -2.2462e-12 2.1101e-12 -3.9132e-12 -5.7538e-12 -1.3833e-12 -1.504e-12 -7.8421e-13 3.4228e-12 -4.7642e-14 -2.5126e-12 3.758e-12 8.1561e-16 1.1712e-12 -4.4982e-13 2.7598e-12 1.3096e-12 1.8666e-12 -7.5124e-13 6.9367e-13 4.1524e-13 5.4373e-13 -1.1279e-13 3.6973e-14 9.1444e-14 7.5897e-15
7.3533e-11 8.2779e-11 7.6224e-11 6.6972e-11 6.4742e-11 5.9022e-11 8.6579e-11 5.5983e-11 5.2001e-11 5.0878e-11 6.1744e-11 5.5534e-11 5.7269e-11 5.173e-11 5.9446e-11 5.7402e-11 3.9394e-11 4.2333e-11 3.9473e-11 3.8781e-11 3.6591e-11 3.6441e-11 3.4044e-11 2.5284e-11 3.1195e-11 2.9712e-11 3.1068e-11 1.8046e-11 3.1729e-11 2.1772e-11 1.8932e-11 1.8913e-11 2.413e-11 2.0681e-11 6.5463e-12 1.1414e-11 9.5453e-13 7.1624e-12 3.0733e-12 6.6822e-12 3.4589e-13 1.3807e-12 9.4294e-13 -2.9857e-13 6.3385e-13 5.1897e-12 -8.6328e-12 -1.6451e-12 -2.7607e-12 -3.2757e-12 -5.9611e-12 -4.0275e-12 4.3065e-13 -2.5221e-12 4.13e-12 -2.4174e-12 -1.2363e-12 2.525e-12 -1.0615e-13 1.6374e-12 1.0813e-13 -1.3627e-13 -7.3142e-13 2.2012e-13 -4.3838e-13 3.2426e-12 -2.8103e-12 3.8945e-13 -5.2994e-12 -3.4953e-12 3.0702e-13 2.882e-12 -2.8159e-12 -2.2175e-12 8.0526e-13 -1.6915e-12 -1.0037e-12 2.9918e-12 -1.4064e-12 -2.1642e-12 1.6683e-12 6.728e-14 1.7614e-12 1.2506e-13 2.1319e-12 2.3765e-12 1.7297e-12 -7.8684e-13 -1.6169e-13 1.1935e-13 8.5188e-13 1.767e-14 -1.891e-14 1.3809e-13 1.9483e-14
7.2413e-11 7.6257e-11 6.626e-11 6.4953e-11 5.8841e-11 5.8669e-11 8.6733e-11 4.8697e-11 6.0375e-11 4.0922e-11 5.8721e-11 5.6766e-11 5.403e-11 4.4538e-11 5.0377e-11 3.9394e-11 5.8152e-11 3.654e-11 4.1085e-11 3.4028e-11 2.8927e-11 4.2345e-11 3.7191e-11 2.5465e-11 2.4584e-11 2.5483e-11 2.0618e-11 2.312e-11 2.3736e-11 1.8177e-11 1.598e-11 2.2981e-11 1.8094e-11 2.0881e-11 8.5945e-12 1.2989e-11 4.2467e-12 4.0202e-12 3.9486e-12 3.986e-12 4.8226e-12 1.9381e-13 -3.8214e-13 -9.9524e-14 -3.6305e-12 -4.2471e-12 -8.2714e-12 -1.0083e-12 -1.7917e-12 1.6717e-12 -8.256e-12 -3.8102e-12 -6.1738e-13 -4.971e-12 5.6288e-12 -3.8321e-12 1.1857e-13 4.7424e-12 2.0638e-12 2.3574e-12 -2.3774e-12 -1.2557e-12 -3.4662e-12 -4.1576e-12 4.6952e-13 9.8214e-13 -5.8095e-14 3.6545e-12 -2.6631e-12 -1.9286e-14 6.45e-13 -1.0876e-12 -1.955e-12 -1.8702e-12 -3.184e-12 -1.6948e-12 -1.8835e-12 2.4666e-12 1.03e-13 -1.0475e-12 2.2601e-12 -1.1155e-12 3.0529e-12 -2.1176e-13 2.3968e-12 1.271e-12 2.3741e-12 -3.6698e-13 -7.3823e-13 1.0976e-13 8.5458e-15 -1.2579e-13 -5.0153e-14 4.3342e-14 1.9872e-14
7.1494e-11 8.1113e-11 6.6343e-11 6.3823e-11 6.2789e-11 5.8281e-11 8.3517e-11 5.308e-11 6.0532e-11 4.9254e-11 5.7251e-11 5.3269e-11 5.3545e-11 4.8417e-11 6.0212e-11 4.2333e-11 3.654e-11 5.9236e-11 3.7167e-11 3.7848e-11 3.6187e-11 3.1987e-11 3.3048e-11 2.1706e-11 2.9578e-11 2.7419e-11 2.5818e-11 2.0156e-11 2.8978e-11 1.9695e-11 1.732e-11 1.6569e-11 2.0824e-11 1.6245e-11 1.6521e-12 1.7299e-11 6.0518e-12 7.2937e-12 3.3437e-12 1.6147e-13 4.5597e-12 -1.2447e-12 -1.2812e-13 -2.8865e-12 -2.9448e-12 1.3025e-12 -9.2201e-12 -3.7081e-12 -5.9067e-12 -3.0915e-12 -6.1725e-12 -3.3321e-12 1.3251e-13 1.0653e-12 2.1714e-12 -3.7745e-12 8.5808e-13 4.1963e-12 1.8879e-12 2.6878e-12 -4.4639e-13 -5.6226e-12 -1.0077e-12 -1.9721e-12 -9.414e-13 -1.7377e-12 -1.6619e-12 7.6023e-13 -3.4342e-12 -2.1348e-12 1.2461e-13 -9.6573e-13 -3.0671e-12 -3.1176e-12 8.8073e-13 -6.0826e-13 5.0784e-13 1.2288e-12 -6.6449e-14 -2.2661e-12 1.2598e-12 -3.1264e-12 -7.116e-13 2.3625e-13 4.16e-13 1.5706e-12 1.9865e-12 -1.3045e-12 -3.842e-13 2.8412e-13 4.3585e-13 -8.2272e-14 -4.0469e-15 1.0372e-13 1.7541e-14
7.6344e-11 7.8882e-11 7.175e-11 6.6866e-11 6.652e-11 5.8128e-11 8.5098e-11 5.2247e-11 6.2875e-11 4.5945e-11 6.5426e-11 5.1037e-11 6.0068e-11 5.1559e-11 5.4875e-11 3.9473e-11 4.1085e-11 3.7167e-11 6.475e-11 3.5756e-11 3.3022e-11 3.7196e-11 3.5542e-11 2.7896e-11 2.7347e-11 2.1455e-11 2.1795e-11 2.4456e-11 2.7384e-11 1.8512e-11 2.0808e-11 1.8497e-11 2.7003e-11 2.1951e-11 -3.4611e-12 1.3419e-11 7.6826e-12 8.365e-12 2.3846e-12 3.7453e-12 1.2117e-11 -4.0282e-12 -2.5379e-12 -3.9981e-12 -1.4382e-12 3.417e-12 -1.0557e-11 -5.2382e-12 -6.5585e-13 -2.9341e-12 -5.4664e-12 -4.5148e-12 -2.0939e-12 -1.4566e-12 6.1806e-12 -3.2779e-12 -5.2834e-13 4.2376e-12 9.6274e-13 3.5544e-12 2.8725e-12 -9.5689e-13 -4.143e-13 -2.6725e-13 1.0675e-12 1.4008e-12 -4.2525e-12 2.644e-12 -2.5424e-12 -1.0492e-12 -6.5401e-13 9.3605e-13 -4.4882e-12 -8.8398e-13 3.0815e-13 -6.9065e-13 9.4789e-14 1.4913e-12 -1.6209e-13 -1.3145e-12 4.4461e-12 -1.4008e-12 6.8885e-13 1.8281e-12 4.3758e-12 6.7517e-13 2.4302e-12 -5.1808e-13 -3.3977e-13 4.2516e-13 5.3901e-13 -3.6297e-14 6.7075e-14 6.0086e-14 -1.4252e-15
6.4836e-11 6.8542e-11 6.7231e-11 5.7186e-11 5.687e-11 4.9581e-11 7.8001e-11 4.4279e-11 4.9217e-11 5.1029e-11 5.1402e-11 4.5092e-11 4.7507e-11 4.7976e-11 4.9628e-11 3.8781e-11 3.4028e-11 3.7848e-11 3.5756e-11 4.8893e-11 3.5149e-11 3.3051e-11 2.4463e-11 2.3718e-11 2.5591e-11 2.4494e-11 2.2823e-11 1.9222e-11 2.549e-11 1.7236e-11 1.5737e-11 1.4754e-11 2.1785e-11 1.988e-11 6.1879e-12 7.8268e-12 6.7227e-12 3.8058e-12 3.9081e-12 5.79e-12 3.5805e-12 -1.8112e-12 1.6545e-14 1.8584e-12 -1.3919e-12 -8.5338e-14 -1.065e-11 -5.6588e-12 -4.6989e-12 -4.818e-12 -3.4666e-12 -1.8087e-12 3.9249e-13 -1.6811e-12 3.0994e-12 -3.0629e-12 -1.2796e-12 1.8095e-12 -2.2485e-13 1.7676e-12 8.6867e-13 -2.5187e-12 -2.7864e-12 -7.1574e-13 -4.3163e-13 3.0186e-12 -1.9512e-12 1.7637e-13 -4.5833e-12 -1.8295e-13 -1.245e-12 -1.5401e-12 -2.7005e-12 -6.2379e-13 8.3561e-13 -1.3254e-12 5.6813e-13 2.2969e-12 -1.7067e-12 -1.375e-12 2.5104e-12 -6.7323e-14 -6.6495e-14 8.5564e-13 1.7009e-12 1.4941e-12 4.3295e-13 -3.5282e-13 -3.3301e-13 4.4672e-13 6.0996e-13 1.1955e-14 1.3794e-13 1.1172e-13 5.1949e-15
5.8652e-11 6.4691e-11 5.7657e-11 5.0436e-11 5.4657e-11 4.1963e-11 6.8429e-11 4.1289e-11 4.4779e-11 4.2026e-11 4.6483e-11 3.6815e-11 3.9151e-11 3.995e-11 4.7254e-11 3.6591e-11 2.8927e-11 3.6187e-11 3.3022e-11 3.5149e-11 4.2796e-11 2.6911e-11 2.6944e-11 2.3604e-11 2.717e-11 1.7968e-11 2.6477e-11 1.4454e-11 2.4065e-11 1.6812e-11 1.3268e-11 1.595e-11 1.9103e-11 1.4622e-11 4.7621e-12 9.6965e-12 1.0698e-12 7.8448e-12 2.0823e-12 2.7935e-12 4.8405e-12 -2.1593e-12 1.0534e-12 1.2528e-12 -1.2494e-12 -6.8257e-13 -9.1761e-12 -2.0728e-12 -3.9629e-12 -4.2154e-12 -4.1208e-12 -2.3989e-12 -2.3068e-12 -1.7949e-12 4.7993e-12 -5.8086e-12 -4.4772e-13 1.3583e-12 -4.8816e-13 -1.1309e-12 4.0855e-12 -2.2322e-12 9.7326e-13 -3.221e-13 -1.5628e-13 3.6245e-13 -2.7094e-12 1.8573e-12 -1.3247e-12 -1.54e-12 -7.3472e-13 -1.274e-12 -3.6732e-12 -9.7101e-13 7.0786e-13 -1.3546e-12 2.9471e-13 1.3109e-12 -1.184e-12 -2.5965e-12 1.6404e-12 -8.3237e-13 -5.1555e-13 2.5237e-13 9.0644e-13 9.8321e-13 1.599e-12 -1.0519e-13 -2.3703e-13 4.0745e-13 5.9377e-13 1.0414e-13 8.967e-14 6.2091e-14 7.285e-15
6.0185e-11 6.3706e-11 5.801e-11 5.4344e-11 5.0913e-11 4.9881e-11 7.7114e-11 4.38e-11 5.1661e-11 3.6224e-11 5.2227e-11 4.6032e-11 4.7747e-11 4.3015e-11 4.3547e-11 3.6441e-11 4.2345e-11 3.1987e-11 3.7196e-11 3.3051e-11 2.6911e-11 4.4453e-11 2.9589e-11 2.3009e-11 2.2157e-11 1.8556e-11 2.1651e-11 1.8336e-11 1.8251e-11 1.985e-11 1.3124e-11 1.7339e-11 1.8922e-11 1.8695e-11 7.1398e-12 1.0738e-11 4.0019e-12 4.6166e-12 1.0721e-12 6.8135e-12 3.2725e-12 -2.4091e-12 1.1192e-12 -1.1431e-12 -3.2456e-12 -7.1235e-13 -6.9908e-12 -2.2381e-12 -1.3153e-12 1.755e-12 -7.4787e-12 -3.0946e-12 6.4131e-13 -3.5073e-12 6.9811e-12 -2.9761e-12 -1.4956e-12 3.31e-12 2.5175e-12 2.9351e-12 -1.4692e-12 -1.1649e-12 -2.959e-12 -5.2445e-12 1.0542e-12 4.94e-13 -1.9432e-12 1.6891e-12 -3.3305e-12 -5.0626e-13 1.3645e-12 -2.4544e-13 -3.5834e-12 -3.1819e-12 -1.3654e-12 -1.0697e-12 -1.3384e-13 2.6359e-12 -3.6536e-13 -1.8531e-12 2.6147e-12 -1.2262e-12 2.2432e-12 -8.2434e-14 2.8284e-12 6.8762e-13 1.6303e-12 -1.2371e-13 -1.6028e-13 1.9726e-13 1.4142e-13 -5.2637e-14 7.2958e-14 5.1169e-14 1.1376e-14
5.8876e-11 6.4055e-11 5.209e-11 5.7839e-11 5.7494e-11 4.3915e-11 6.7061e-11 4.016e-11 5.0108e-11 3.5238e-11 4.7986e-11 4.3632e-11 3.9258e-11 4.0032e-11 4.5226e-11 3.4044e-11 3.7191e-11 3.3048e-11 3.5542e-11 2.4463e-11 2.6944e-11 2.9589e-11 5.2375e-11 2.4039e-11 2.1319e-11 2.3084e-11 2.0963e-11 1.8534e-11 2.8154e-11 2.134e-11 1.503e-11 2.0256e-11 2.375e-11 1.5707e-11 5.2291e-12 1.0938e-11 3.0092e-12 5.489e-12 2.5686e-12 1.1744e-12 6.5249e-12 8.0521e-13 2.159e-12 -8.2862e-13 -2.4183e-13 -3.1452e-12 -8.6923e-12 1.5348e-13 -4.3354e-12 -6.3394e-12 -4.6862e-12 -3.9609e-12 1.3784e-12 9.5517e-13 6.8486e-12 -2.7126e-12 2.4681e-12 3.975e-12 1.1151e-12 -1.0104e-12 -6.5625e-13 -2.8647e-12 -7.2193e-14 1.4297e-12 -1.267e-12 -3.6384e-12 -2.3082e-12 1.3267e-12 -3.4102e-12 -5.7256e-13 -3.827e-12 1.3376e-12 -3.8976e-12 -2.2989e-14 -1.4323e-12 -2.3186e-12 -7.849e-14 2.2215e-12 1.0756e-12 -1.0185e-12 2.4503e-12 -2.6871e-13 7.2979e-15 -9.8108e-13 2.4045e-12 7.0994e-13 3.1191e-12 -3.3453e-13 2.9625e-13 -1.2653e-14 6.5502e-13 -2.0704e-14 7.0906e-14 1.2068e-13 -6.8096e-15
4.3741e-11 4.9839e-11 3.8734e-11 3.6235e-11 3.8651e-11 4.0464e-11 6.0224e-11 2.8726e-11 3.8987e-11 2.7121e-11 3.3786e-11 3.1035e-11 2.8196e-11 2.2014e-11 3.0437e-11 2.5284e-11 2.5465e-11 2.1706e-11 2.7896e-11 2.3718e-11 2.3604e-11 2.3009e-11 2.4039e-11 3.1571e-11 1.2562e-11 1.3437e-11 1.2943e-11 1.2906e-11 1.3532e-11 1.4648e-11 8.9721e-12 1.509e-11 1.5187e-11 1.3894e-11 5.1521e-12 1.1097e-11 -1.2421e-12 5.1957e-12 3.0473e-12 8.5361e-12 7.0139e-12 -5.3034e-13 2.8509e-12 3.78e-12 7.5985e-13 3.2503e-13 -4.1858e-12 -5.281e-13 -2.9634e-12 -1.1738e-12 -5.7794e-12 -4.2746e-13 2.8869e-13 -1.4573e-12 5.1042e-12 -2.372e-12 -1.2271e-12 -9.5432e-14 2.1584e-12 -1.8149e-12 2.0784e-12 -8.1779e-13 -4.3205e-12 -1.9183e-12 -2.4284e-12 -2.6171e-13 -3.1795e-13 -5.0393e-14 -6.6099e-13 -9.9864e-13 -1.7993e-12 4.4816e-13 -6.1265e-14 -5.0184e-13 -7.7791e-13 -2.252e-12 -8.2907e-13 2.6754e-12 -1.0625e-12 -1.3971e-12 1.6595e-12 1.1107e-14 1.8532e-12 -4.9984e-13 1.8612e-12 1.0968e-12 1.621e-12 -2.5507e-13 2.0033e-13 -5.184e-14 5.7082e-13 2.6333e-14 3.9157e-14 7.8361e-14 -4.0425e-16
4.1308e-11 5.1117e-11 4.4997e-11 4.4388e-11 4.0594e-11 3.3923e-11 5.4248e-11 3.585e-11 3.6077e-11 3.5024e-11 4.419e-11 3.2457e-11 3.6583e-11 3.257e-11 3.5306e-11 3.1195e-11 2.4584e-11 2.9578e-11 2.7347e-11 2.5591e-11 2.717e-11 2.2157e-11 2.1319e-11 1.2562e-11 3.6962e-11 1.8679e-11 1.905e-11 1.3048e-11 2.1227e-11 1.3812e-11 1.514e-11 1.1448e-11 1.6189e-11 9.2994e-12 -2.0115e-13 9.9523e-12 5.7347e-12 2.1395e-12 5.7822e-12 2.8124e-12 4.866e-12 -1.8924e-12 5.645e-13 3.8411e-14 1.1032e-12 4.9531e-12 -5.1332e-12 -3.345e-12 -1.6931e-12 -5.9934e-12 -2.5364e-12 -2.592e-12 -3.5371e-13 -2.8406e-12 1.8812e-12 -3.0283e-12 -1.18e-14 2.8189e-12 2.2983e-13 1.3585e-12 1.0332e-13 -1.1033e-12 2.3506e-12 1.2071e-12 1.582e-12 6.8707e-13 -2.6754e-12 1.4534e-13 -2.5598e-12 -1.5112e-12 7.4349e-13 1.7294e-12 -1.1331e-12 -1.0277e-13 -7.6517e-13 -1.8917e-12 -1.1685e-12 3.0548e-12 -5.2977e-13 -9.044e-13 2.4239e-13 -3.8466e-13 1.7788e-13 5.213e-13 2.7166e-12 1.3494e-12 1.6785e-12 4.3458e-13 3.2777e-13 3.7277e-13 5.7234e-13 1.0484e-13 -2.7943e-14 3.7163e-14 9.095e-15
4.7995e-11 5.442e-11 4.5442e-11 4.6007e-11 4.8489e-11 3.7432e-11 6.0249e-11 3.4205e-11 4.0203e-11 3.5991e-11 3.6498e-11 3.8195e-11 3.1593e-11 3.1148e-11 3.9651e-11 2.9712e-11 2.5483e-11 2.7419e-11 2.1455e-11 2.4494e-11 1.7968e-11 1.8556e-11 2.3084e-11 1.3437e-11 1.8679e-11 3.4331e-11 1.3923e-11 1.4145e-11 1.7111e-11 1.2268e-11 1.46e-11 1.2258e-11 1.76e-11 1.4819e-11 4.4465e-12 5.2439e-12 2.4459e-12 2.1595e-12 6.1669e-12 2.6335e-12 3.1537e-12 1.6537e-12 2.2587e-12 1.2049e-12 1.9409e-12 3.7262e-12 -4.7414e-12 7.0591e-13 -3.2477e-12 -2.6791e-12 -1.0196e-12 -1.5138e-12 5.0236e-13 -2.1855e-13 1.484e-12 -3.2525e-12 -4.5934e-13 3.1408e-12 -4.8486e-13 6.3805e-12 -1.7788e-12 -1.9378e-12 -1.5216e-12 2.3869e-12 -1.6124e-12 2.4461e-12 6.0977e-13 3.9733e-13 -2.8984e-12 -5.7744e-13 -2.7667e-12 1.6094e-12 5.7192e-14 -8.3147e-13 -1.3916e-12 -1.944e-12 8.2184e-13 2.4986e-12 1.094e-12 -8.1453e-13 1.2586e-12 -1.3356e-12 1.3749e-12 -5.9514e-13 2.2042e-12 2.1122e-12 1.4132e-12 -1.0747e-12 1.7344e-13 -4.3601e-14 2.5194e-13 1.7103e-14 -5.7344e-14 7.406e-14 -9.9756e-16
4.619e-11 4.6521e-11 4.7834e-11 4.0549e-11 3.8244e-11 3.3111e-11 5.3627e-11 3.3237e-11 3.1023e-11 2.9359e-11 3.5821e-11 3.2089e-11 3.3655e-11 3.7195e-11 3.6646e-11 3.1068e-11 2.0618e-11 2.5818e-11 2.1795e-11 2.2823e-11 2.6477e-11 2.1651e-11 2.0963e-11 1.2943e-11 1.905e-11 1.3923e-11 3.2932e-11 1.0744e-11 2.0348e-11 1.3557e-11 9.6033e-12 1.3212e-11 1.4852e-11 1.0065e-11 3.6843e-12 4.764e-12 -4.8485e-12 5.7021e-12 1.802e-12 1.0315e-12 -7.1169e-13 -2.6004e-12 -1.0025e-12 6.6812e-13 -7.9887e-13 -9.6018e-13 -3.7499e-12 1.7007e-12 -1.6311e-12 -4.1352e-12 -1.2712e-12 -1.0454e-12 -1.9612e-12 -1.1921e-12 9.432e-13 -3.6264e-12 6.8499e-14 1.3449e-12 -8.6199e-13 -2.9501e-12 2.5449e-12 -8.1628e-13 9.5645e-13 -8.412e-13 -6.2899e-13 1.2487e-12 -5.5547e-12 1.1447e-12 -4.9706e-12 -3.2549e-12 7.6464e-13 -6.0807e-13 -5.1804e-12 -1.7954e-12 1.2203e-12 -2.816e-13 6.6188e-13 1.5182e-12 -1.4201e-12 -1.5505e-12 2.0783e-12 -9.05e-13 8.7443e-13 7.9419e-14 -3.4667e-13 6.0365e-13 4.9064e-13 2.3098e-13 6.0498e-13 5.3292e-13 3.4429e-13 1.6053e-14 1.7278e-14 5.1624e-14 -2.462e-14
3.8405e-11 4.124e-11 3.7287e-11 3.5384e-11 2.9915e-11 2.8935e-11 4.5998e-11 2.1156e-11 3.2026e-11 2.7257e-11 3.3623e-11 2.8353e-11 2.9448e-11 2.431e-11 2.58e-11 1.8046e-11 2.312e-11 2.0156e-11 2.4456e-11 1.9222e-11 1.4454e-11 1.8336e-11 1.8534e-11 1.2906e-11 1.3048e-11 1.4145e-11 1.0744e-11 2.6713e-11 1.5212e-11 9.4965e-12 1.0239e-11 1.2432e-11 7.9643e-12 1.1955e-11 -2.8105e-12 6.1926e-12 4.0479e-12 2.2013e-12 2.7127e-12 1.8795e-12 6.0856e-12 2.3861e-12 1.2615e-12 7.6241e-13 -4.7502e-12 -4.5896e-13 -6.3723e-12 -2.0605e-12 -5.6354e-12 -1.2742e-12 -3.7725e-12 2.0159e-12 4.7273e-13 6.3941e-13 -1.1091e-13 -5.6197e-13 -1.9095e-12 9.0132e-13 1.0576e-12 3.1226e-12 2.2163e-13 3.7212e-13 -5.6949e-13 -1.7479e-12 6.5831e-13 2.2534e-12 -4.005e-13 1.8812e-12 -1.2811e-12 9.2742e-13 -1.262e-12 8.8179e-14 -5.4953e-13 -1.1133e-12 -1.9697e-12 -1.1474e-12 6.3749e-13 2.4469e-12 -2.7416e-12 -1.0356e-12 1.8063e-12 6.253e-13 1.2034e-12 -9.6432e-13 1.2306e-12 -7.4568e-14 6.8587e-13 -2.9588e-13 2.2857e-13 6.1623e-13 3.7067e-13 1.0821e-13 9.219e-15 6.9964e-15 -5.3981e-15
5.0468e-11 5.3605e-11 5.4934e-11 4.7814e-11 4.5769e-11 3.4807e-11 5.4411e-11 3.5232e-11 3.5925e-11 3.2505e-11 4.0903e-11 3.6895e-11 3.8304e-11 3.6264e-11 3.8311e-11 3.1729e-11 2.3736e-11 2.8978e-11 2.7384e-11 2.549e-11 2.4065e-11 1.8251e-11 2.8154e-11 1.3532e-11 2.1227e-11 1.7111e-11 2.0348e-11 1.5212e-11 3.4052e-11 1.4336e-11 1.2578e-11 1.5714e-11 1.8699e-11 1.3174e-11 1.2215e-12 6.8426e-12 1.5452e-12 2.1477e-12 6.9686e-13 1.2093e-12 6.8064e-12 2.3256e-12 8.1775e-13 7.9544e-13 -1.8627e-12 1.9729e-12 -8.3033e-12 -1.503e-12 -3.7738e-12 -5.7184e-12 -8.8396e-13 -1.301e-12 -2.6065e-12 2.267e-12 6.3809e-13 1.3558e-12 6.7792e-13 7.8937e-13 -2.2337e-13 -6.5555e-13 6.2715e-13 -2.3368e-12 -3.4099e-13 3.5954e-12 1.2508e-12 7.5658e-13 -2.3359e-12 6.4935e-13 -3.8321e-12 -1.5686e-12 1.1578e-13 1.6459e-12 -1.8077e-12 -8.0535e-13 4.7662e-13 -1.0927e-12 -2.4053e-12 1.3791e-12 -1.6459e-12 -1.6505e-12 2.0093e-13 1.8352e-14 6.1481e-13 -4.9833e-13 9.0327e-13 2.7458e-13 1.3729e-12 -6.8311e-14 2.2711e-13 2.7423e-13 6.961e-13 9.777e-14 1.133e-14 6.7883e-14 -1.3659e-14
3.2976e-11 4.3058e-11 3.9101e-11 3.2229e-11 3.2792e-11 2.6404e-11 4.3619e-11 2.0784e-11 2.9372e-11 2.0757e-11 3.2106e-11 2.7745e-11 2.6885e-11 2.3365e-11 2.8413e-11 2.1772e-11 1.8177e-11 1.9695e-11 1.8512e-11 1.7236e-11 1.6812e-11 1.985e-11 2.134e-11 1.4648e-11 1.3812e-11 1.2268e-11 1.3557e-11 9.4965e-12 1.4336e-11 2.59e-11 8.615e-12 1.1784e-11 1.7127e-11 8.6379e-12 5.3375e-12 7.1479e-12 9.1698e-13 6.412e-13 2.5042e-12 6.8083e-13 6.4504e-13 5.2041e-12 3.8868e-12 -2.2941e-12 -9.7828e-13 -1.3527e-12 -4.5902e-12 1.4809e-12 5.1145e-13 -2.6921e-13 -2.9875e-12 -2.2833e-12 1.2892e-12 -1.3362e-12 3.3519e-12 -3.1707e-12 -2.8643e-12 9.3991e-13 -3.6344e-13 1.9365e-12 -7.1407e-13 6.9863e-13 -2.6584e-12 -3.7484e-13 -6.291e-13 -1.8535e-12 -9.1648e-13 5.5426e-13 -2.3167e-12 9.0264e-13 -1.2783e-12 2.7375e-12 -2.5172e-12 -2.1181e-12 9.1203e-13 -1.5898e-12 -5.5584e-13 1.1954e-12 1.2023e-12 -1.5833e-12 6.2706e-13 -1.3774e-12 1.0396e-12 2.8549e-14 1.0192e-12 4.2735e-13 1.4871e-12 4.1817e-13 4.8193e-13 1.9139e-13 7.8937e-13 1.288e-13 4.4966e-14 6.8627e-14 2.5282e-14
3.2827e-11 3.8848e-11 3.2501e-11 3.3361e-11 3.406e-11 2.3547e-11 4.2704e-11 2.4532e-11 2.628e-11 2.2752e-11 3.2423e-11 2.4999e-11 2.5595e-11 1.7153e-11 3.0258e-11 1.8932e-11 1.598e-11 1.732e-11 2.0808e-11 1.5737e-11 1.3268e-11 1.3124e-11 1.503e-11 8.9721e-12 1.514e-11 1.46e-11 9.6033e-12 1.0239e-11 1.2578e-11 8.615e-12 1.8188e-11 1.0899e-11 1.3987e-11 7.3555e-12 -4.0576e-13 5.889e-12 6.7365e-12 2.0625e-13 2.7726e-12 -3.0677e-13 4.0305e-12 -1.6336e-12 4.4541e-13 -7.5391e-13 1.7087e-12 1.5628e-12 -3.9857e-12 6.0315e-13 6.5488e-13 -3.5059e-12 -9.2981e-13 -1.5288e-12 1.1199e-12 2.1227e-12 2.123e-12 -3.8105e-12 -2.0122e-13 1.8903e-12 -1.4014e-12 1.8328e-12 2.6446e-12 -1.4192e-12 2.2668e-12 -1.4712e-14 8.9699e-13 5.723e-13 -1.4297e-12 2.459e-12 -1.7913e-12 -1.737e-12 3.402e-13 2.2316e-12 -7.3693e-13 -1.5181e-12 -4.0563e-13 -2.14e-12 -5.2058e-13 9.7285e-13 -1.4286e-12 -1.3234e-12 2.0539e-12 8.7973e-13 7.7431e-13 -7.2038e-13 1.6669e-12 5.3156e-13 7.9013e-13 -1.9666e-13 3.6865e-13 3.9575e-13 3.3488e-13 3.6764e-14 -8.704e-15 -2.1342e-14 8.145e-15
3.1478e-11 3.8705e-11 3.9126e-11 3.5226e-11 3.5928e-11 2.6456e-11 4.6724e-11 2.1949e-11 3.1353e-11 1.6963e-11 3.6809e-11 2.7059e-11 2.456e-11 2.2853e-11 2.5232e-11 1.8913e-11 2.2981e-11 1.6569e-11 1.8497e-11 1.4754e-11 1.595e-11 1.7339e-11 2.0256e-11 1.509e-11 1.1448e-11 1.2258e-11 1.3212e-11 1.2432e-11 1.5714e-11 1.1784e-11 1.0899e-11 2.48e-11 1.0923e-11 1.2945e-11 6.2166e-12 3.4649e-12 1.908e-12 4.4788e-12 -1.1823e-12 4.6406e-12 9.3253e-12 1.4339e-12 7.2488e-12 -5.9126e-13 -1.4134e-12 -1.8618e-12 7.2958e-13 2.2919e-12 -1.322e-12 -1.6454e-12 8.6719e-13 -3.1881e-12 -5.1888e-14 5.8689e-13 2.5361e-12 -4.1904e-12 1.3597e-12 -2.9098e-13 2.4245e-12 1.3288e-12 1.9256e-12 -5.7757e-13 7.2493e-13 -7.9711e-13 7.4101e-13 -1.2759e-13 8.172e-13 3.1333e-12 -2.2293e-12 -2.3346e-12 -1.0996e-12 4.1878e-13 -1.2322e-12 -2.0578e-12 -1.1246e-12 -3.1096e-12 -1.8594e-12 1.5012e-12 4.1277e-13 -1.3784e-12 3.1935e-12 2.8593e-13 2.6471e-12 -1.9559e-12 2.4022e-14 7.1795e-13 1.2723e-12 2.4676e-13 1.9803e-13 5.5696e-13 3.2422e-13 -3.401e-14 -4.3164e-15 1.4661e-15 4.9524e-15
4.7662e-11 5.2214e-11 4.4249e-11 4.5022e-11 4.5203e-11 3.1856e-11 4.9159e-11 3.0484e-11 3.6716e-11 3.0355e-11 3.7137e-11 3.146e-11 3.2619e-11 2.7631e-11 3.4868e-11 2.413e-11 1.8094e-11 2.0824e-11 2.7003e-11 2.1785e-11 1.9103e-11 1.8922e-11 2.375e-11 1.5187e-11 1.6189e-11 1.76e-11 1.4852e-11 7.9643e-12 1.8699e-11 1.7127e-11 1.3987e-11 1.0923e-11 3.0357e-11 1.4314e-11 1.7598e-12 6.0325e-12 2.6109e-12 -3.4271e-13 2.1394e-12 2.1391e-12 6.7561e-12 -1.2195e-13 -1.4398e-12 9.0416e-13 1.5318e-12 -4.5437e-14 -5.1874e-12 -1.222e-13 -4.2495e-13 -7.2453e-12 -7.5723e-13 -2.3889e-12 -2.1717e-12 1.6124e-12 2.8793e-12 -2.1965e-12 -3.0869e-13 8.0711e-13 6.4149e-13 -4.2388e-13 2.6114e-13 -3.5398e-12 -1.0954e-12 2.2671e-12 7.8162e-14 -2.2619e-12 -1.7423e-12 -7.4869e-13 -2.9221e-12 -5.995e-14 9.7259e-14 4.0094e-12 -2.0357e-12 -1.5858e-12 -7.345e-13 -1.5699e-12 -7.3117e-13 1.3352e-12 8.8318e-13 -5.3087e-13 5.6805e-13 -7.7891e-13 1.5962e-14 -1.306e-13 1.7716e-12 1.2947e-12 1.1385e-12 2.7815e-13 1.7762e-13 -3.2926e-13 3.7544e-13 -1.5123e-14 4.4246e-14 6.925e-14 9.8684e-15
3.4746e-11 4.3282e-11 4.0159e-11 3.5354e-11 3.315e-11 2.9501e-11 4.2366e-11 2.2664e-11 3.0073e-11 2.1835e-11 3.4655e-11 2.3051e-11 2.7518e-11 2.5935e-11 2.5244e-11 2.0681e-11 2.0881e-11 1.6245e-11 2.1951e-11 1.988e-11 1.4622e-11 1.8695e-11 1.5707e-11 1.3894e-11 9.2994e-12 1.4819e-11 1.0065e-11 1.1955e-11 1.3174e-11 8.6379e-12 7.3555e-12 1.2945e-11 1.4314e-11 2.3562e-11 4.8814e-12 6.1821e-12 5.4114e-12 3.7026e-12 -6.0738e-13 5.9943e-12 6.747e-12 2.3496e-12 2.4808e-13 -8.4276e-13 -6.7342e-14 -4.2393e-13 -1.2292e-13 -2.2159e-12 -3.7295e-13 6.0781e-13 -1.2545e-12 3.5394e-13 8.2277e-13 2.0327e-12 1.9149e-12 -2.3363e-12 -2.1417e-13 2.3468e-12 2.9364e-12 5.2813e-13 -1.0813e-12 -1.7493e-12 -2.7623e-12 8.2031e-13 -8.4242e-13 4.5713e-12 -1.2027e-12 2.9989e-12 -1.5462e-12 -9.6961e-13 -1.04e-12 1.0956e-12 -1.2034e-13 -5.9251e-13 7.8205e-14 -2.438e-12 -4.0885e-13 2.2631e-12 3.2042e-13 -1.1634e-12 7.4116e-13 -2.8822e-13 1.5167e-12 -5.8396e-13 4.2408e-13 1.0232e-12 8.1571e-13 3.7517e-14 -3.3841e-13 -4.3342e-14 6.4426e-13 -1.5588e-13 9.8978e-14 1.2322e-13 -1.6711e-14
6.7393e-12 8.0787e-12 5.3228e-12 3.1516e-12 8.7915e-12 7.6744e-12 1.179e-11 5.2957e-12 2.1173e-12 4.0738e-12 6.7555e-12 9.2862e-12 3.9037e-13 6.0172e-12 9.5332e-12 6.5463e-12 8.5945e-12 1.6521e-12 -3.4611e-12 6.1879e-12 4.7621e-12 7.1398e-12 5.2291e-12 5.1521e-12 -2.0115e-13 4.4465e-12 3.6843e-12 -2.8105e-12 1.2215e-12 5.3375e-12 -4.0576e-13 6.2166e-12 1.7598e-12 4.8814e-12 1.6071e-11 -4.9195e-13 -1.7811e-12 1.7123e-12 6.5531e-13 6.6115e-13 -2.2892e-12 1.7221e-12 -2.0793e-12 1.6812e-12 -2.8712e-13 -2.7056e-12 -1.7705e-13 2.5374e-12 -1.7057e-12 2.802e-12 -1.199e-12 -6.9811e-13 2.5518e-12 -4.8487e-13 1.8081e-12 -3.9101e-13 9.7977e-13 2.7585e-13 1.2548e-12 -1.3524e-12 -2.6869e-12 -9.7264e-13 -1.5843e-12 -4.2787e-13 -3.2455e-13 2.1677e-13 -1.1231e-12 -1.4356e-13 -1.1704e-12 -6.1544e-13 -2.305e-12 -3.0018e-13 -6.6529e-13 -4.8354e-13 -1.8764e-13 -1.2322e-12 -1.2165e-12 1.164e-12 1.5425e-12 -7.0934e-13 5.6214e-13 -5.2587e-13 1.6328e-12 3.0699e-13 -2.8502e-13 6.9368e-13 5.1307e-13 2.6799e-14 3.1739e-14 4.8972e-14 -6.07e-14 -1.7631e-13 3.3637e-14 6.3507e-14 3.2134e-16
1.7268e-11 2.7749e-11 1.3507e-11 1.5277e-11 1.2352e-11 1.8133e-11 2.8234e-11 1.4596e-11 1.7542e-11 1.0531e-11 1.6562e-11 1.2295e-11 1.6847e-11 5.779e-12 1.1206e-11 1.1414e-11 1.2989e-11 1.7299e-11 1.3419e-11 7.8268e-12 9.6965e-12 1.0738e-11 1.0938e-11 1.1097e-11 9.9523e-12 5.2439e-12 4.764e-12 6.1926e-12 6.8426e-12 7.1479e-12 5.889e-12 3.4649e-12 6.0325e-12 6.1821e-12 -4.9195e-13 2.0748e-11 2.9705e-12 -2.4054e-12 4.2088e-12 7.0251e-13 3.6774e-12 6.059e-13 -2.4765e-12 1.642e-12 8.2373e-13 -3.0245e-12 -1.726e-12 -2.0528e-12 -6.8212e-14 -5.7568e-13 -2.7453e-12 1.8477e-12 1.8204e-12 -2.6181e-13 1.2261e-12 5.4042e-13 1.2635e-12 2.7572e-12 2.8867e-12 -5.0508e-13 2.0369e-13 -4.3314e-12 -1.3665e-12 -1.9571e-12 1.1587e-12 -5.4793e-13 4.1937e-13 1.0316e-12 7.6559e-13 3.7941e-13 5.2897e-13 1.1317e-12 6.1307e-13 2.3381e-13 -5.5606e-13 -9.3877e-13 2.8854e-13 1.4419e-12 -2.1444e-12 -1.1293e-12 -5.8376e-13 -2.458e-12 8.3419e-13 -3.88e-13 1.7792e-12 6.9545e-13 8.7556e-13 -2.4709e-13 -3.3128e-13 -1.8388e-13 6.5901e-14 -5.8824e-14 4.8367e-14 2.9553e-14 -1.206e-14
1.0411e-12 3.0369e-12 4.1375e-12 1.5596e-11 7.0946e-12 5.377e-12 5.5236e-12 3.1591e-12 4.2227e-12 3.017e-12 4.635e-12 -5.3008e-13 9.921e-12 5.3893e-12 1.584e-12 9.5453e-13 4.2467e-12 6.0518e-12 7.6826e-12 6.7227e-12 1.0698e-12 4.0019e-12 3.0092e-12 -1.2421e-12 5.7347e-12 2.4459e-12 -4.8485e-12 4.0479e-12 1.5452e-12 9.1698e-13 6.7365e-12 1.908e-12 2.6109e-12 5.4114e-12 -1.7811e-12 2.9705e-12 2.2311e-11 8.6127e-13 9.1002e-14 2.541e-12 1.6525e-12 -2.1829e-12 -7.711e-13 -3.0803e-12 3.7003e-12 -2.0705e-13 -7.4169e-14 -1.4772e-12 3.5396e-13 -1.759e-12 4.7871e-13 -5.2647e-13 3.3107e-12 2.2265e-13 8.4917e-14 -2.7929e-13 4.4838e-13 7.5553e-13 2.9926e-13 5.2654e-13 2.2734e-12 -3.6403e-12 1.4835e-12 -2.1603e-12 2.0901e-12 2.854e-12 4.237e-13 2.2479e-12 9.5977e-13 9.9349e-13 1.2654e-12 5.675e-13 -1.3196e-13 1.8029e-12 -3.9029e-13 -1.3791e-12 -9.9146e-14 -4.3702e-13 -1.5096e-12 -7.5397e-13 6.2522e-14 -1.7003e-13 -4.1221e-13 1.3515e-13 7.1915e-13 -4.9888e-13 5.1667e-13 -5.9049e-13 -1.5003e-13 2.2848e-13 2.594e-13 2.7499e-14 1.1171e-13 2.7433e-14 2.0616e-14
