1.2004e-10 7.2164e-11 7.2056e-11 5.3607e-11 6.6632e-11 6.1412e-11 5.4666e-11 3.046e-11 3.4568e-11 3.9114e-11 2.6062e-11 3.3185e-11 1.9952e-11 1.553e-11 2.5301e-11 1.1786e-11 9.9797e-12 2.4873e-11 1.0128e-11 9.2483e-12 -1.7438e-12 5.4827e-12 -2.6307e-12 4.814e-12 -1.6902e-11 4.6323e-12 -6.8406e-12 -9.2128e-12 -1.2266e-11 -5.2455e-13 4.2759e-12 -8.2403e-12 3.7322e-13 3.7339e-12 -5.6807e-12 -5.238e-12 -9.745e-12 -1.0867e-11 -1.0816e-11 -2.6166e-12 -1.1355e-11 -5.4638e-12 -7.1806e-12 -8.1974e-12 -5.8757e-12 -6.5536e-12 -5.4324e-12 -9.1784e-12 -1.351e-12 3.2727e-12 -4.2878e-13 -3.4788e-12 8.6604e-13 4.0897e-12 -5.1963e-12 -2.5579e-13 -3.5833e-12 1.4239e-12 3.4241e-15 2.1875e-12 1.8239e-12 -2.9613e-12 1.5429e-12 2.0663e-12 -8.1153e-13 -5.4683e-13 -3.2342e-13 -4.5148e-12 -8.7465e-13 2.1343e-12 9.983e-13 1.2435e-12 5.6063e-13 4.7303e-13 1.3675e-12 -1.2755e-13 5.2187e-14 1.3554e-13 2.1985e-13 4.3188e-14
7.2164e-11 9.1446e-11 6.3196e-11 5.1508e-11 5.0524e-11 3.9851e-11 4.8953e-11 2.4561e-11 3.7155e-11 2.8675e-11 2.7123e-11 2.2947e-11 3.3112e-11 2.429e-11 2.265e-11 1.0823e-11 5.2726e-12 1.7245e-11 2.3975e-12 1.8216e-12 2.9209e-12 8.7415e-12 -3.8678e-12 -8.1877e-12 -1.2108e-11 8.7727e-12 -6.1997e-12 -1.2327e-11 -1.1554e-11 3.8033e-13 -6.6694e-12 -1.2576e-11 4.246e-13 9.0642e-13 -9.3081e-12 -6.0785e-12 -1.1431e-11 -1.0639e-11 -1.273e-11 1.3029e-12 -6.6192e-12 -2.0717e-12 -5.6538e-12 -1.8744e-12 1.2862e-12 -6.6565e-12 -3.5824e-13 -4.9982e-12 2.9241e-12 2.0293e-13 -1.9072e-12 -8.9205e-13 2.2932e-12 3.8325e-12 -6.8831e-12 -2.39e-12 -2.8943e-12 -2.9644e-13 -1.3291e-13 6.8324e-14 1.6303e-12 -2.7963e-12 1.8384e-12 2.0356e-12 6.6495e-14 5.7831e-13 1.0879e-12 -2.2313e-12 -2.8833e-12 1.9092e-12 8.396e-13 5.1434e-13 1.605e-12 1.1204e-13 9.6791e-13 -2.584e-13 1.0175e-13 7.178e-14 1.4325e-13 4.7498e-14
7.2056e-11 6.3196e-11 8.3355e-11 4.704e-11 5.4229e-11 4.3886e-11 4.3675e-11 2.6908e-11 3.4604e-11 3.4542e-11 3.0535e-11 2.4858e-11 2.1942e-11 1.3125e-11 2.3652e-11 1.4054e-12 1.4355e-12 1.5226e-11 1.9051e-12 1.1638e-11 3.0585e-12 1.1571e-11 -2.6521e-13 -4.7729e-12 -1.9529e-11 4.8062e-12 -4.726e-12 -6.8175e-12 -8.8687e-12 7.4518e-12 -6.2986e-12 -8.5953e-12 2.2713e-12 -9.429e-13 -3.9396e-12 -1.7395e-12 -8.3039e-12 -1.3949e-11 -1.5133e-11 -1.351e-12 -7.6552e-12 -1.1426e-12 -5.4452e-12 -8.5466e-12 5.4492e-13 -8.1086e-12 -9.9817e-14 -8.8981e-12 9.5039e-13 5.2782e-12 -4.5471e-12 -2.1982e-13 9.4879e-13 2.2691e-12 -6.3503e-13 5.7708e-13 -2.1986e-12 3.5559e-12 6.6777e-13 2.5397e-12 1.7409e-13 -2.6967e-12 2.2422e-12 2.7779e-12 3.4218e-13 1.2337e-13 -2.0687e-13 -2.2448e-13 1.1347e-12 2.4432e-12 9.8641e-13 5.1695e-13 1.401e-12 7.7599e-13 1.084e-12 8.5833e-14 1.4849e-13 1.0966e-13 1.7278e-13 4.0307e-14
5.3607e-11 5.1508e-11 4.704e-11 5.2798e-11 4.5438e-11 3.2048e-11 3.8486e-11 2.1117e-11 2.1801e-11 2.2617e-11 1.6386e-11 1.7479e-11 2.0326e-11 1.5509e-11 1.4628e-11 6.2832e-12 5.0136e-12 1.7573e-11 -4.7743e-13 7.4506e-12 -2.8877e-12 1.1804e-11 3.3206e-12 -2.1808e-12 -7.4528e-12 3.7626e-12 1.5649e-12 -4.779e-12 -4.3297e-12 2.9664e-12 -1.7597e-12 -4.724e-12 1.8374e-12 7.0629e-13 -6.4261e-12 -2.8593e-12 -6.7315e-12 -7.5593e-12 -7.9112e-12 -2.2206e-12 -6.9304e-12 -1.3183e-12 -3.9568e-12 -4.9564e-12 -7.7421e-13 -6.9921e-12 -2.0429e-12 -3.094e-12 9.8674e-13 3.336e-13 -1.0796e-12 1.6745e-12 3.3999e-12 3.0033e-12 -3.1315e-12 -8.5497e-13 -5.3483e-13 -1.6401e-12 2.179e-12 9.9985e-13 1.1809e-12 -2.0303e-12 -3.8492e-13 8.7284e-13 1.5876e-12 4.3435e-13 9.4552e-13 -1.0886e-13 9.7837e-13 1.8962e-12 9.7978e-13 5.3836e-13 1.017e-12 1.1363e-12 7.8199e-13 4.5457e-14 1.9491e-13 3.2811e-14 1.529e-13 2.9741e-14
6.6632e-11 5.0524e-11 5.4229e-11 4.5438e-11 6.1923e-11 3.2887e-11 3.6438e-11 2.2284e-11 2.3604e-11 2.3224e-11 1.6883e-11 2.3207e-11 1.6916e-11 1.1482e-11 1.6057e-11 4.8477e-12 7.2759e-12 1.7568e-11 -6.2811e-13 6.8645e-12 -2.5728e-12 1.0643e-11 -3.8615e-13 -2.2624e-12 -1.4449e-11 1.3629e-12 -2.5616e-12 -7.3198e-12 -8.8514e-12 5.1851e-12 8.7575e-14 -6.6787e-12 3.9812e-12 -2.1976e-12 -5.6975e-12 3.7392e-14 -4.9699e-12 -1.1549e-11 -7.2215e-12 -3.5332e-12 -5.9817e-12 -2.9019e-12 -6.2562e-12 -8.133e-12 -9.668e-13 -7.4967e-12 -2.001e-12 -3.8894e-12 1.1415e-12 2.6645e-12 -2.8696e-12 2.9205e-13 2.2251e-12 5.7501e-12 -2.0493e-12 -4.5181e-13 -1.2739e-12 -9.626e-13 3.142e-13 2.5785e-12 2.3932e-13 -5.0823e-12 9.5158e-13 -9.9076e-14 1.1312e-12 5.2975e-13 1.579e-12 -4.6294e-13 1.8353e-12 7.4076e-13 -3.8307e-14 5.8629e-13 5.7332e-13 2.9906e-13 9.9968e-13 2.1025e-13 9.5229e-14 -1.081e-14 1.1721e-13 2.7656e-14
6.1412e-11 3.9851e-11 4.3886e-11 3.2048e-11 3.2887e-11 5.4152e-11 4.1078e-11 1.5358e-11 1.8402e-11 1.8752e-11 1.7203e-11 1.6191e-11 8.6947e-12 1.3721e-11 1.5405e-11 1.0082e-12 -6.7324e-13 1.5766e-11 5.6568e-13 1.0633e-11 2.8873e-12 2.2347e-12 -5.1578e-14 -1.6879e-12 -9.2522e-12 4.7461e-12 -2.5386e-12 9.8821e-13 -5.1138e-12 -8.1137e-13 3.8229e-13 4.6735e-13 7.3383e-13 6.8721e-13 -3.5717e-13 -5.1707e-12 -5.1644e-12 -5.4773e-12 -8.3073e-12 -6.8073e-12 -1.1823e-11 -1.9714e-12 -4.9186e-12 -2.1974e-12 7.945e-13 -3.4241e-12 -1.8052e-12 -5.3775e-12 4.3212e-13 3.2312e-12 -1.4854e-12 -7.6399e-13 -1.4093e-12 3.2797e-12 -8.3546e-13 -1.2619e-12 5.0002e-13 -1.9633e-12 -9.0654e-13 -3.528e-13 8.6024e-13 1.1908e-13 -1.1024e-12 1.2626e-12 1.5988e-14 -1.4918e-12 -6.6497e-13 -2.304e-12 2.7416e-14 2.8944e-12 3.3892e-13 3.4045e-13 1.0224e-12 1.516e-13 8.7207e-13 5.1021e-14 -5.4645e-14 -5.9647e-14 1.8206e-13 4.6543e-14
5.4666e-11 4.8953e-11 4.3675e-11 3.8486e-11 3.6438e-11 4.1078e-11 6.0447e-11 1.5449e-11 2.2465e-11 2.4298e-11 1.8063e-11 1.1799e-11 1.3934e-11 1.6024e-11 1.5364e-11 8.482e-12 -1.5027e-13 1.5953e-11 -3.0741e-12 7.8862e-12 -6.9601e-13 1.0812e-12 -2.869e-12 -3.5465e-12 -8.2198e-12 3.8442e-12 -7.5895e-12 -1.0747e-11 -7.1384e-12 5.9006e-12 -5.5991e-14 -8.1515e-12 -2.312e-12 -1.1685e-12 1.9587e-12 -4.1705e-12 -1.1388e-11 -9.4309e-12 -9.1411e-12 -2.6107e-12 -7.562e-12 -8.6143e-13 -5.0079e-12 -1.2304e-12 -1.0394e-12 -6.3858e-12 -1.1896e-12 -2.8079e-12 2.4389e-12 1.5814e-12 -3.3218e-12 4.1611e-13 2.0394e-12 1.005e-12 -1.0287e-12 -8.2654e-13 -2.8003e-12 -2.1314e-12 4.377e-14 8.6062e-13 2.9615e-12 -9.0944e-14 -3.9576e-13 2.0512e-12 3.2608e-13 -9.032e-13 8.7543e-13 -9.5262e-13 2.8812e-13 9.1452e-13 3.7701e-13 -2.7466e-13 1.8614e-12 2.7269e-13 9.2437e-13 -2.7051e-13 3.2742e-13 -7.0614e-15 1.5752e-13 3.1056e-14
3.046e-11 2.4561e-11 2.6908e-11 2.1117e-11 2.2284e-11 1.5358e-11 1.5449e-11 2.8039e-11 9.9758e-12 1.6302e-11 1.0832e-11 1.7927e-11 1.0274e-11 2.6161e-12 1.3017e-11 6.1675e-12 1.1535e-12 1.033e-11 4.0664e-12 4.5083e-12 1.6812e-12 3.8688e-12 1.4975e-12 2.473e-13 -9.0807e-12 4.684e-12 -4.8493e-12 -2.9387e-12 -4.2977e-12 3.1958e-12 -3.4782e-12 -4.1917e-12 2.6157e-12 1.0742e-12 -3.5069e-12 -7.2551e-13 -2.6729e-12 -4.7165e-12 -4.8488e-12 -1.0612e-12 -3.0946e-12 -2.2905e-12 -3.3656e-12 -2.9317e-13 -6.3525e-13 -1.5023e-12 -2.2452e-12 -2.2437e-12 -1.3914e-12 2.3752e-12 9.7025e-13 -2.7647e-12 2.245e-12 1.6863e-12 -8.5871e-13 1.2586e-13 -1.9e-12 3.8484e-14 1.2029e-12 2.7389e-12 1.0017e-12 -2.135e-12 -5.4832e-13 -1.2697e-12 4.2997e-13 9.0073e-14 1.0262e-12 4.916e-14 3.0195e-14 8.1941e-13 -4.3963e-13 -1.0115e-13 1.184e-12 8.0373e-13 7.2721e-13 1.2354e-13 -4.3351e-14 7.4484e-14 2.6007e-14 2.2621e-14
3.4568e-11 3.7155e-11 3.4604e-11 2.1801e-11 2.3604e-11 1.8402e-11 2.2465e-11 9.9758e-12 3.8532e-11 1.7153e-11 1.6335e-11 1.2737e-11 1.9708e-11 7.1846e-12 1.337e-11 2.3873e-12 -1.3327e-13 7.1222e-12 6.3706e-12 3.2723e-12 1.0275e-12 1.0664e-11 -4.0797e-13 -2.8739e-12 -7.7027e-12 3.9877e-12 -1.1356e-12 -6.4162e-12 -5.6741e-13 3.2386e-12 -8.9679e-13 -7.4042e-12 -1.6003e-13 1.659e-12 9.1081e-13 2.9497e-13 -3.0375e-12 -3.5875e-12 -9.0894e-12 1.7043e-14 -3.1879e-12 1.2386e-12 -3.738e-12 -1.2462e-12 3.5795e-13 -2.2576e-12 8.9617e-13 -2.9549e-12 1.5224e-13 2.0909e-12 -3.3904e-14 -9.674e-13 -7.6589e-13 2.3261e-12 -2.18e-12 3.2508e-14 -2.3984e-12 4.2342e-12 5.1711e-14 1.1548e-12 1.1931e-12 -2.3106e-12 1.2178e-12 4.7013e-13 -1.8034e-12 -6.3839e-13 1.1603e-12 5.9406e-13 -5.1342e-13 1.2656e-12 1.1706e-12 -3.49e-13 1.0182e-12 4.7689e-13 -2.5336e-13 -1.0536e-13 4.0848e-13 5.5794e-14 9.2644e-14 3.6081e-14
3.9114e-11 2.8675e-11 3.4542e-11 2.2617e-11 2.3224e-11 1.8752e-11 2.4298e-11 1.6302e-11 1.7153e-11 3.7637e-11 9.9904e-12 1.0437e-11 7.1049e-12 8.4147e-13 5.5591e-12 5.1426e-12 -1.9541e-12 6.0078e-12 1.0967e-12 4.0857e-12 1.6427e-12 4.1592e-12 2.3526e-12 1.8276e-12 -1.266e-11 5.6123e-12 -4.0097e-12 -9.3581e-12 -5.1335e-12 4.3981e-12 -2.6102e-12 -7.9155e-12 1.7563e-12 -2.1267e-12 -7.7787e-13 -7.8137e-13 7.7798e-13 -9.9991e-12 -5.4835e-12 4.7416e-12 -2.0497e-12 6.0714e-14 -3.9592e-12 -3.4812e-12 -1.0193e-12 -3.0511e-12 1.1404e-13 -5.0813e-12 4.3189e-13 3.0563e-12 -5.8855e-13 -1.3841e-12 -1.7519e-13 -3.8966e-13 3.6379e-13 8.1997e-14 -5.5876e-13 -7.9801e-13 -8.7848e-13 3.2621e-12 1.8516e-12 -8.3189e-13 1.5802e-12 2.1705e-13 8.4022e-14 -9.0771e-13 -1.6025e-13 8.3732e-13 -1.6666e-13 6.4614e-13 1.3463e-12 -1.713e-14 4.3916e-14 5.3731e-14 2.9534e-13 8.9921e-14 1.1808e-13 9.1776e-14 1.1028e-13 1.2457e-14
2.6062e-11 2.7123e-11 3.0535e-11 1.6386e-11 1.6883e-11 1.7203e-11 1.8063e-11 1.0832e-11 1.6335e-11 9.9904e-12 3.7499e-11 7.0755e-12 1.2953e-11 7.0079e-12 1.0746e-11 4.4049e-13 -6.0928e-12 1.3021e-11 -3.1358e-13 -1.0606e-12 1.8043e-12 2.9632e-12 -1.4919e-13 -1.1027e-11 -1.2723e-11 7.8511e-13 -2.6262e-12 -7.7808e-12 -3.563e-12 4.5786e-12 -2.2739e-12 -1.1281e-11 -3.8066e-12 1.9345e-12 -5.7869e-12 -5.7461e-12 -4.0216e-12 -7.8298e-12 -7.1948e-12 -3.7899e-13 -5.5221e-12 -3.5717e-12 -5.6043e-12 4.4447e-13 -4.7433e-13 -4.6012e-12 -3.9995e-13 -6.4724e-12 -8.7719e-13 3.7756e-12 -4.8783e-12 -3.0376e-13 1.0631e-12 -3.9188e-13 -1.3243e-12 4.1755e-13 -3.0978e-12 1.939e-12 -1.2863e-12 -5.4658e-13 9.5883e-13 -8.1219e-13 8.4931e-13 1.4729e-12 1.6003e-12 -2.0435e-13 -5.8836e-13 -2.4261e-12 8.0633e-13 1.1391e-12 -4.6402e-13 -3.2811e-13 1.0228e-12 8.2055e-14 1.0348e-12 9.8357e-14 1.576e-13 1.5424e-13 4.3947e-14 8.6138e-15
3.3185e-11 2.2947e-11 2.4858e-11 1.7479e-11 2.3207e-11 1.6191e-11 1.1799e-11 1.7927e-11 1.2737e-11 1.0437e-11 7.0755e-12 2.8457e-11 5.0656e-12 6.5881e-12 1.0069e-11 -1.313e-12 3.4853e-12 6.6455e-12 7.1347e-12 1.3666e-12 2.0573e-12 8.3823e-12 1.9215e-12 5.2185e-12 -5.8512e-12 4.1571e-12 -4.8391e-12 -7.6155e-13 1.3848e-12 -9.0422e-13 -1.1396e-12 -3.3074e-12 -6.8141e-13 2.7003e-12 2.1497e-13 1.5765e-12 -4.1896e-12 -4.7154e-12 -1.6654e-12 -8.9868e-13 -3.0512e-12 -7.5071e-13 -1.8267e-12 -8.4006e-13 1.2764e-12 -2.2744e-12 -3.1042e-13 -2.1194e-12 -1.6998e-12 3.3724e-12 2.1667e-12 -6.3375e-13 -7.9334e-13 3.953e-12 5.9118e-13 2.0915e-12 -2.0884e-12 1.2594e-12 -8.1937e-13 2.2638e-12 -9.1012e-13 -4.9123e-13 8.1e-13 -4.2103e-13 -1.7266e-12 -4.6569e-14 1.0862e-12 -8.5969e-14 -1.8016e-13 1.9813e-12 -2.5735e-13 -2.877e-13 6.5941e-13 5.3768e-13 3.8877e-13 2.0545e-13 -1.1648e-13 -1.0133e-14 7.0336e-14 1.8819e-14
1.9952e-11 3.3112e-11 2.1942e-11 2.0326e-11 1.6916e-11 8.6947e-12 1.3934e-11 1.0274e-11 1.9708e-11 7.1049e-12 1.2953e-11 5.0656e-12 3.8056e-11 9.5054e-12 7.0696e-12 1.2023e-11 2.8027e-12 6.8075e-12 2.891e-12 2.0074e-12 1.7227e-12 5.5602e-12 9.6353e-13 -5.5428e-12 -5.2071e-12 -7.5513e-13 -1.8398e-12 -4.9211e-12 -2.9002e-12 1.9975e-12 -2.1557e-12 -4.3201e-12 2.452e-12 1.7518e-12 -4.4166e-12 -2.1438e-12 -1.3357e-12 -3.3433e-12 -7.4179e-12 2.0255e-12 -4.0997e-12 -4.6879e-12 2.3723e-13 -9.077e-13 2.7845e-13 -3.2158e-12 -3.0909e-12 -2.7512e-12 -1.8054e-12 -2.3871e-12 -1.1504e-12 -2.0516e-13 8.5421e-13 -7.0284e-13 -2.7882e-12 -1.2585e-12 8.4394e-13 1.2818e-12 1.1271e-12 -1.5922e-12 2.0078e-12 -4.2916e-12 7.0259e-14 -9.7514e-13 9.0301e-14 4.4951e-13 7.5984e-13 1.0847e-12 -7.055e-13 1.9707e-14 5.875e-13 -2.7981e-13 1.49e-12 8.76e-13 1.4092e-15 -4.7529e-14 2.5359e-13 1.4075e-13 -3.0167e-14 1.3851e-14
1.553e-11 2.429e-11 1.3125e-11 1.5509e-11 1.1482e-11 1.3721e-11 1.6024e-11 2.6161e-12 7.1846e-12 8.4147e-13 7.0079e-12 6.5881e-12 9.5054e-12 2.5661e-11 2.5176e-12 5.016e-12 3.4065e-12 6.4422e-12 -3.4736e-12 -1.7922e-12 1.7737e-12 -4.9844e-13 -3.4506e-12 -1.1999e-12 3.369e-12 3.8133e-12 -8.4477e-13 -6.0607e-13 1.2403e-12 -2.2304e-12 -1.0342e-13 -3.0241e-13 -7.1688e-13 3.4179e-12 9.4616e-13 7.2455e-13 -4.8672e-12 -2.6952e-12 -1.7711e-12 2.113e-12 -3.0571e-12 -8.519e-13 6.4898e-13 2.9416e-12 2.4247e-12 -1.5144e-12 4.6482e-13 -5.1221e-13 3.4045e-12 -1.4569e-12 -1.4712e-12 8.0435e-13 1.0719e-12 1.5675e-12 -4.5494e-12 1.6941e-12 3.0576e-13 -2.2143e-13 -3.1265e-13 -9.4654e-13 -1.1918e-12 1.1121e-12 -1.4319e-12 2.2506e-13 1.0824e-12 4.7136e-13 2.4327e-12 -1.0477e-12 -1.5713e-13 6.8124e-13 -7.2698e-14 2.3667e-13 3.3107e-13 9.8967e-14 4.593e-13 1.0067e-13 3.3079e-13 1.0061e-13 1.0042e-13 3.9817e-15
2.5301e-11 2.265e-11 2.3652e-11 1.4628e-11 1.6057e-11 1.5405e-11 1.5364e-11 1.3017e-11 1.337e-11 5.5591e-12 1.0746e-11 1.0069e-11 7.0696e-12 2.5176e-12 2.6561e-11 3.136e-12 1.2864e-12 8.2747e-12 5.5832e-12 3.5861e-12 3.3373e-12 3.4372e-12 -3.9949e-12 -3.2439e-12 -6.4675e-12 2.6647e-12 -1.3341e-12 -7.5662e-12 -4.4678e-12 -1.0462e-12 -1.8403e-12 -6.2784e-12 2.0031e-12 3.5291e-12 -6.8434e-12 -5.2278e-12 -3.4015e-12 -3.1172e-12 -4.5302e-12 -4.9473e-12 -1.4066e-12 5.6429e-13 -3.6132e-12 1.7464e-12 6.9192e-14 -1.7131e-12 1.1555e-12 -3.3944e-12 -1.0468e-12 1.1622e-13 1.0914e-13 9.6692e-13 3.8895e-12 1.8556e-12 -5.0024e-13 -2.5358e-13 -7.0152e-14 -1.2065e-13 1.4579e-12 7.9151e-13 1.402e-12 -1.4361e-13 5.0505e-13 2.3468e-13 -2.0223e-13 4.8972e-13 -7.6267e-13 -6.3063e-13 -1.1435e-12 2.3773e-12 1.9946e-13 3.5317e-13 3.6833e-13 9.1881e-13 2.1139e-13 -5.2482e-13 1.6472e-13 -3.4143e-14 6.3405e-14 5.0713e-14
1.1786e-11 1.0823e-11 1.4054e-12 6.2832e-12 4.8477e-12 1.0082e-12 8.482e-12 6.1675e-12 2.3873e-12 5.1426e-12 4.4049e-13 -1.313e-12 1.2023e-11 5.016e-12 3.136e-12 2.3683e-11 6.2908e-12 7.8982e-12 -1.2129e-12 -2.5104e-12 2.3436e-13 -3.1927e-12 -4.6503e-12 2.4797e-13 -6.3559e-13 2.7677e-12 -1.5178e-12 -4.7945e-12 -5.9598e-13 1.407e-13 6.9916e-13 6.8904e-14 6.2874e-12 2.0504e-12 -1.8109e-12 2.3916e-12 1.0484e-12 -1.7597e-12 -4.7584e-12 7.4825e-12 1.7559e-12 -2.6619e-12 -4.1849e-13 3.4229e-12 -2.5375e-12 1.8667e-13 -8.7049e-13 9.5824e-13 9.6367e-13 -1.4324e-12 7.7443e-13 -1.0995e-12 4.007e-12 -1.377e-12 -3.215e-12 -1.9332e-12 -1.0346e-12 2.4258e-13 1.1336e-12 6.42e-14 2.2032e-12 -8.1741e-13 -6.7369e-13 5.4916e-14 -1.0316e-12 -1.0299e-13 5.8381e-13 -1.0255e-12 -7.017e-13 -6.8489e-13 -4.8318e-13 -3.0955e-13 7.3967e-13 2.2673e-15 -4.2357e-13 5.6454e-14 2.3066e-13 1.4623e-14 -5.4441e-14 -8.3764e-15
9.9797e-12 5.2726e-12 1.4355e-12 5.0136e-12 7.2759e-12 -6.7324e-13 -1.5027e-13 1.1535e-12 -1.3327e-13 -1.9541e-12 -6.0928e-12 3.4853e-12 2.8027e-12 3.4065e-12 1.2864e-12 6.2908e-12 1.9303e-11 4.0596e-12 1.3747e-13 -4.3587e-13 -4.4863e-12 6.8879e-13 -5.8939e-12 2.0896e-12 8.1323e-13 1.7871e-12 2.0677e-12 2.7704e-12 4.0625e-12 1.5909e-12 3.3663e-12 -1.081e-13 2.0703e-12 1.311e-12 -2.5769e-12 2.3718e-12 -1.2196e-12 3.5243e-12 -1.2256e-12 4.9783e-13 2.3672e-12 2.6821e-12 2.4757e-12 2.5472e-12 -1.1174e-12 7.7098e-13 -9.8032e-13 1.9662e-12 -1.1036e-12 -4.0478e-12 2.4495e-12 2.5018e-12 2.5199e-12 3.7289e-13 -1.7876e-12 -5.5082e-13 5.519e-14 6.4647e-14 1.2158e-12 1.1524e-13 -3.0693e-13 -2.2038e-12 -3.4832e-13 5.8644e-13 6.4915e-13 1.1742e-12 2.5049e-12 1.0675e-12 -4.8374e-13 -3.5631e-13 9.1687e-13 8.1412e-13 8.973e-14 6.722e-13 3.2818e-14 7.361e-14 -5.1462e-14 -2.7047e-15 -4.7439e-15 4.1292e-15
2.4873e-11 1.7245e-11 1.5226e-11 1.7573e-11 1.7568e-11 1.5766e-11 1.5953e-11 1.033e-11 7.1222e-12 6.0078e-12 1.3021e-11 6.6455e-12 6.8075e-12 6.4422e-12 8.2747e-12 7.8982e-12 4.0596e-12 2.2144e-11 -3.0585e-12 -2.4305e-12 7.3688e-13 2.3276e-12 -1.3654e-12 -2.2234e-12 -5.1404e-12 6.4112e-13 1.5993e-12 -1.0088e-12 5.2615e-13 2.4642e-12 -1.0316e-13 -3.5518e-12 2.9957e-12 -2.0885e-12 -3.568e-12 -2.5181e-12 -3.1176e-12 -2.9337e-12 -4.9269e-12 -8.8835e-13 -3.3562e-12 -1.2733e-12 -2.1892e-12 -1.8077e-12 -1.9457e-12 -5.2671e-13 8.6307e-14 -1.2322e-12 5.6148e-13 2.5061e-12 7.0994e-13 1.1211e-12 2.3431e-12 2.0287e-12 -1.927e-12 1.1076e-13 -4.3161e-14 3.9706e-13 8.309e-13 1.0192e-14 7.6284e-13 -1.5646e-12 -1.9551e-12 1.5997e-13 8.3233e-13 1.1189e-12 1.3778e-12 -9.3111e-13 9.0095e-13 7.1708e-13 -5.5537e-13 -1.0774e-14 4.9651e-13 1.5914e-13 4.3548e-13 2.552e-14 -8.5516e-14 4.2781e-15 5.2092e-14 1.7256e-14
1.0128e-11 2.3975e-12 1.9051e-12 -4.7743e-13 -6.2811e-13 5.6568e-13 -3.0741e-12 4.0664e-12 6.3706e-12 1.0967e-12 -3.1358e-13 7.1347e-12 2.891e-12 -3.4736e-12 5.5832e-12 -1.2129e-12 1.3747e-13 -3.0585e-12 1.666e-11 1.6107e-12 -2.0106e-12 8.3841e-12 3.6636e-12 4.4711e-12 -1.6629e-12 -8.6288e-13 -3.2384e-12 1.0788e-12 1.2316e-12 -6.6327e-12 4.2954e-12 9.2198e-13 -1.5982e-12 -2.4444e-12 -2.4021e-12 -1.6558e-13 -2.5185e-12 2.945e-12 3.1585e-12 -2.673e-12 -1.3115e-12 -3.5071e-12 9.4579e-13 2.4011e-13 -2.1109e-12 2.3444e-12 -1.4784e-12 -1.6535e-12 -3.0456e-12 1.7882e-12 1.9704e-12 -1.802e-12 -2.8022e-12 -1.2285e-12 -4.297e-13 1.4524e-12 -2.4272e-12 9.4897e-13 -9.18e-13 1.1858e-12 -1.0959e-12 1.1577e-12 6.3548e-13 -8.7822e-13 -1.6028e-12 3.2621e-13 -2.0548e-12 -7.9369e-13 -1.1817e-12 2.4181e-13 9.4346e-13 -3.2545e-13 -3.0942e-13 3.3289e-13 1.97e-13 -7.6457e-15 3.0909e-14 5.6489e-14 3.3465e-14 -3.575e-15
9.2483e-12 1.8216e-12 1.1638e-11 7.4506e-12 6.8645e-12 1.0633e-11 7.8862e-12 4.5083e-12 3.2723e-12 4.0857e-12 -1.0606e-12 1.3666e-12 2.0074e-12 -1.7922e-12 3.5861e-12 -2.5104e-12 -4.3587e-13 -2.4305e-12 1.6107e-12 1.629e-11 -1.2329e-12 5.0032e-12 4.319e-12 1.0824e-12 3.8561e-12 1.4984e-12 1.5099e-12 4.5869e-12 -1.4451e-12 1.4498e-12 4.0674e-12 2.1967e-12 -1.4016e-12 2.333e-12 1.7957e-12 4.8012e-13 1.1364e-12 1.8252e-12 -3.1752e-12 -4.2011e-12 -1.0085e-12 -3.3024e-13 -9.4273e-13 -3.4074e-13 1.05e-12 -4.4283e-12 -8.9712e-13 2.6909e-13 -1.1752e-12 1.0774e-13 -1.3424e-12 -7.7474e-13 5.6705e-13 -4.9472e-13 1.5412e-12 -9.8861e-13 -1.2345e-13 1.8855e-13 8.5124e-13 1.7442e-12 -3.6354e-13 -4.4373e-13 1.2913e-12 -2.0845e-13 1.3629e-13 -1.2202e-12 2.944e-13 3.6047e-13 -1.3916e-13 4.5625e-13 6.5937e-13 2.2422e-13 -2.4293e-13 3.5166e-13 5.2168e-13 -1.3689e-13 1.2044e-13 9.1813e-15 2.1563e-14 5.4134e-15
-1.7438e-12 2.9209e-12 3.0585e-12 -2.8877e-12 -2.5728e-12 2.8873e-12 -6.9601e-13 1.6812e-12 1.0275e-12 1.6427e-12 1.8043e-12 2.0573e-12 1.7227e-12 1.7737e-12 3.3373e-12 2.3436e-13 -4.4863e-12 7.3688e-13 -2.0106e-12 -1.2329e-12 1.4856e-11 -3.0028e-12 -2.3236e-13 8.076e-13 -1.3714e-13 4.0634e-12 -1.5189e-12 -3.303e-12 3.0918e-12 3.8731e-12 -1.5083e-12 3.1914e-12 1.1949e-12 6.2769e-13 -1.4429e-12 2.2959e-12 2.969e-12 1.6113e-13 -6.2324e-13 3.635e-12 7.8661e-13 2.4921e-12 1.7983e-12 -1.5926e-12 2.7545e-12 -4.7642e-13 3.0245e-12 -1.4609e-12 2.2919e-12 -1.4696e-12 -2.6855e-14 3.1395e-14 1.0944e-12 1.552e-12 2.2726e-13 2.188e-13 2.2845e-12 -3.6846e-14 -5.8245e-14 -9.8134e-13 -1.0849e-12 5.3544e-13 2.1109e-13 7.6469e-13 -5.202e-13 -2.623e-13 -1.7995e-12 7.0345e-13 -7.5727e-13 9.9686e-13 -6.5642e-13 2.0867e-15 5.0732e-13 -4.6675e-13 -2.0929e-13 -2.1537e-13 -3.5276e-14 1.9222e-14 1.0064e-14 2.3728e-14
5.4827e-12 8.7415e-12 1.1571e-11 1.1804e-11 1.0643e-11 2.2347e-12 1.0812e-12 3.8688e-12 1.0664e-11 4.1592e-12 2.9632e-12 8.3823e-12 5.5602e-12 -4.9844e-13 3.4372e-12 -3.1927e-12 6.8879e-13 2.3276e-12 8.3841e-12 5.0032e-12 -3.0028e-12 2.3906e-11 7.1246e-12 6.2704e-13 -4.2028e-13 -2.2681e-12 4.9835e-12 3.9902e-12 2.469e-12 2.5469e-12 2.5182e-12 -8.6793e-13 1.6226e-12 -1.5161e-12 -3.7875e-12 1.8347e-12 -2.3073e-12 1.3972e-12 -1.2548e-12 -6.4912e-13 -1.3496e-12 -1.6667e-12 -8.6085e-13 -2.22e-12 2.4499e-12 -2.9046e-12 9.6669e-13 -1.0341e-12 -1.6432e-12 2.8219e-12 -1.373e-12 9.1741e-13 -1.9594e-12 -8.2392e-14 3.6721e-13 1.2915e-12 -1.4748e-12 8.9388e-14 -1.1419e-12 2.0488e-12 -1.8209e-12 -1.254e-12 1.7725e-12 -1.266e-12 -1.3828e-12 9.6517e-13 8.8165e-13 3.9341e-13 3.0217e-13 4.9188e-13 1.6626e-12 3.7969e-13 -5.8679e-13 5.6554e-13 3.3677e-13 2.5873e-14 3.5746e-14 -7.2117e-14 5.8721e-14 7.1396e-15
-2.6307e-12 -3.8678e-12 -2.6521e-13 3.3206e-12 -3.8615e-13 -5.1578e-14 -2.869e-12 1.4975e-12 -4.0797e-13 2.3526e-12 -1.4919e-13 1.9215e-12 9.6353e-13 -3.4506e-12 -3.9949e-12 -4.6503e-12 -5.8939e-12 -1.3654e-12 3.6636e-12 4.319e-12 -2.3236e-13 7.1246e-12 1.8769e-11 6.238e-13 4.9369e-14 -2.9796e-12 2.896e-12 4.2293e-12 3.1837e-12 -3.13e-12 -1.0541e-12 1.8271e-12 -4.0321e-13 -2.0189e-12 2.0597e-12 2.0106e-12 1.5345e-12 -9.0377e-13 1.8562e-12 -2.923e-12 -2.6565e-12 -4.2417e-12 -1.6111e-12 -3.5274e-12 -8.186e-13 -1.4605e-12 2.3331e-13 -1.3753e-12 4.5282e-13 2.1832e-12 -1.0478e-12 -2.6431e-13 -2.6918e-12 1.3507e-12 1.372e-12 1.9309e-12 2.0571e-12 6.6836e-13 -1.6777e-12 7.3489e-13 3.614e-14 -4.0939e-13 5.2332e-13 5.984e-13 2.6947e-13 -1.3674e-12 -1.9181e-12 -7.6702e-13 8.1358e-13 1.1315e-12 2.1822e-14 -3.874e-13 -1.3464e-13 5.2637e-14 8.641e-14 -1.4809e-13 -2.6457e-14 7.2541e-14 -1.461e-14 -1.8563e-14
4.814e-12 -8.1877e-12 -4.7729e-12 -2.1808e-12 -2.2624e-12 -1.6879e-12 -3.5465e-12 2.473e-13 -2.8739e-12 1.8276e-12 -1.1027e-11 5.2185e-12 -5.5428e-12 -1.1999e-12 -3.2439e-12 2.4797e-13 2.0896e-12 -2.2234e-12 4.4711e-12 1.0824e-12 8.076e-13 6.2704e-13 6.238e-13 1.5948e-11 6.5447e-12 -4.13e-13 1.6485e-12 1.4623e-12 4.5015e-12 -3.5202e-12 4.6979e-12 3.4598e-12 2.0168e-12 -1.2679e-13 2.5529e-12 1.7251e-12 2.5919e-12 1.9297e-12 4.2264e-13 1.2125e-12 1.0087e-12 4.319e-13 2.2242e-12 -2.1534e-12 -1.399e-12 1.2372e-12 -3.295e-13 2.2284e-12 -1.0459e-12 -1.425e-13 2.5302e-12 -2.2157e-12 -1.1341e-12 1.2191e-12 -2.0207e-14 8.0882e-13 -1.735e-13 5.1657e-13 -9.9295e-13 7.9739e-13 -4.4235e-14 8.333e-13 3.0408e-13 1.5693e-13 -1.7561e-12 4.3412e-13 -6.9034e-13 9.2707e-13 1.6987e-13 -9.9606e-13 -2.7203e-14 5.9156e-13 -1.1024e-12 -2.2164e-13 -1.1908e-13 1.3193e-13 6.2756e-14 3.9755e-14 6.2199e-16 -1.2946e-14
-1.6902e-11 -1.2108e-11 -1.9529e-11 -7.4528e-12 -1.4449e-11 -9.2522e-12 -8.2198e-12 -9.0807e-12 -7.7027e-12 -1.266e-11 -1.2723e-11 -5.8512e-12 -5.2071e-12 3.369e-12 -6.4675e-12 -6.3559e-13 8.1323e-13 -5.1404e-12 -1.6629e-12 3.8561e-12 -1.3714e-13 -4.2028e-13 4.9369e-14 6.5447e-12 1.933e-11 2.3628e-12 4.6285e-12 5.7227e-12 3.4023e-12 -2.3859e-12 5.4433e-12 7.1628e-12 -1.2919e-12 3.438e-12 3.6267e-12 8.7806e-13 1.0414e-12 8.7595e-12 2.3271e-12 2.389e-12 4.0342e-12 3.2869e-12 3.5494e-12 2.2397e-12 1.8976e-12 -9.5304e-13 -5.7421e-13 5.2103e-12 9.8142e-13 -1.6312e-12 1.5276e-12 -1.2475e-12 2.0138e-12 -4.2303e-13 -9.3218e-13 5.1727e-13 7.9471e-13 5.007e-13 1.2381e-12 -4.0116e-13 -8.9607e-13 1.869e-12 3.3777e-13 5.9402e-13 -7.912e-13 1.5398e-13 1.3262e-12 1.8176e-13 -5.1635e-13 -3.0114e-13 -3.6579e-14 7.5266e-13 -1.04e-12 -3.5248e-14 -6.0061e-15 -1.9022e-13 4.4379e-14 3.1306e-15 -2.6954e-14 -1.3562e-14
4.6323e-12 8.7727e-12 4.8062e-12 3.7626e-12 1.3629e-12 4.7461e-12 3.8442e-12 4.684e-12 3.9877e-12 5.6123e-12 7.8511e-13 4.1571e-12 -7.5513e-13 3.8133e-12 2.6647e-12 2.7677e-12 1.7871e-12 6.4112e-13 -8.6288e-13 1.4984e-12 4.0634e-12 -2.2681e-12 -2.9796e-12 -4.13e-13 2.3628e-12 1.2222e-11 -1.8134e-12 -7.9849e-13 1.6089e-12 7.3401e-13 -2.8404e-12 1.6551e-12 -7.5249e-15 2.6319e-12 1.2036e-12 1.5349e-12 1.2579e-12 2.343e-12 6.4015e-13 3.2829e-12 1.5091e-12 3.8129e-12 -5.91e-13 3.2677e-12 2.6655e-12 2.7422e-13 1.0544e-13 -8.9369e-15 1.2348e-12 7.9509e-13 1.989e-12 -7.1599e-13 2.1299e-12 1.6389e-12 4.3942e-13 -3.8412e-13 1.3766e-12 2.5227e-13 2.0233e-13 1.154e-12 -2.3804e-13 1.2963e-12 -4.713e-13 1.0973e-12 8.2087e-14 -5.2784e-13 9.9118e-13 9.1985e-13 -1.3401e-12 1.3095e-12 -3.1172e-14 2.4834e-13 4.7505e-14 -2.2852e-13 -2.7299e-13 -1.0391e-14 -7.3858e-14 3.1135e-14 1.4982e-14 8.8858e-15
-6.8406e-12 -6.1997e-12 -4.726e-12 1.5649e-12 -2.5616e-12 -2.5386e-12 -7.5895e-12 -4.8493e-12 -1.1356e-12 -4.0097e-12 -2.6262e-12 -4.8391e-12 -1.8398e-12 -8.4477e-13 -1.3341e-12 -1.5178e-12 2.0677e-12 1.5993e-12 -3.2384e-12 1.5099e-12 -1.5189e-12 4.9835e-12 2.896e-12 1.6485e-12 4.6285e-12 -1.8134e-12 1.6296e-11 4.5211e-12 5.0845e-12 2.1125e-13 1.4956e-12 1.9302e-12 5.196e-12 1.9996e-12 1.0357e-12 2.8836e-13 3.9706e-12 4.1786e-12 -2.7313e-12 4.9084e-13 1.8943e-12 4.4286e-12 5.016e-13 4.4701e-14 -6.3503e-13 -2.0387e-12 1.3191e-12 1.8333e-12 8.195e-13 -6.4712e-13 9.2409e-14 1.2105e-12 1.5417e-12 2.0428e-12 -1.6145e-12 -8.7293e-13 3.1725e-12 1.5553e-12 -5.4584e-13 -4.2161e-13 2.5243e-13 -2.7324e-12 -1.2269e-13 1.322e-12 8.8218e-13 1.9126e-13 4.8574e-13 -1.2796e-12 3.5194e-13 -3.4422e-13 8.4591e-13 1.0319e-12 -1.0167e-12 3.6639e-13 -1.1515e-13 -9.4097e-15 6.0259e-14 -8.138e-14 1.2677e-14 5.9285e-16
-9.2128e-12 -1.2327e-11 -6.8175e-12 -4.779e-12 -7.3198e-12 9.8821e-13 -1.0747e-11 -2.9387e-12 -6.4162e-12 -9.3581e-12 -7.7808e-12 -7.6155e-13 -4.9211e-12 -6.0607e-13 -7.5662e-12 -4.7945e-12 2.7704e-12 -1.0088e-12 1.0788e-12 4.5869e-12 -3.303e-12 3.9902e-12 4.2293e-12 1.4623e-12 5.7227e-12 -7.9849e-13 4.5211e-12 1.9617e-11 5.5279e-12 -1.9794e-12 2.2326e-12 7.0068e-12 3.8106e-14 -6.4252e-14 3.4249e-12 3.4841e-12 -4.2517e-13 7.5297e-12 6.9255e-13 -3.4667e-12 -8.1451e-13 -2.1762e-12 3.2419e-12 -1.2349e-12 -5.4204e-13 2.7057e-12 -8.2485e-13 8.2151e-13 2.8725e-13 2.8429e-12 9.9775e-13 -1.1168e-12 -3.8408e-12 2.6294e-13 3.3059e-13 -8.2309e-13 9.4011e-13 2.2721e-12 3.9098e-13 -2.2045e-13 -1.6541e-12 8.5136e-13 -1.2986e-12 -1.396e-13 9.0155e-13 -3.5118e-13 1.464e-12 4.994e-13 7.4727e-13 2.0751e-13 2.3538e-14 4.8346e-13 7.4474e-14 2.674e-13 3.6421e-13 3.005e-13 -1.5887e-13 -4.2664e-14 2.1276e-14 -9.1492e-15
-1.2266e-11 -1.1554e-11 -8.8687e-12 -4.3297e-12 -8.8514e-12 -5.1138e-12 -7.1384e-12 -4.2977e-12 -5.6741e-13 -5.1335e-12 -3.563e-12 1.3848e-12 -2.9002e-12 1.2403e-12 -4.4678e-12 -5.9598e-13 4.0625e-12 5.2615e-13 1.2316e-12 -1.4451e-12 3.0918e-12 2.469e-12 3.1837e-12 4.5015e-12 3.4023e-12 1.6089e-12 5.0845e-12 5.5279e-12 1.5684e-11 -1.7643e-13 1.9139e-12 4.1299e-12 2.5305e-15 -1.4231e-12 3.3251e-12 5.5201e-12 1.4328e-12 2.7804e-12 2.3301e-12 1.4712e-12 3.9348e-13 2.51e-12 1.6084e-12 1.9869e-12 1.6868e-13 2.6668e-12 1.6545e-12 2.1067e-12 3.9396e-14 -4.0795e-13 1.7473e-12 2.1855e-12 -1.076e-13 2.0246e-12 7.8502e-13 1.0085e-12 1.5753e-12 1.1658e-12 -3.5033e-13 -6.7354e-13 -1.0774e-12 6.829e-13 -1.5963e-12 1.8512e-12 -1.7274e-13 1.8242e-13 -2.5535e-13 1.0068e-12 5.1457e-13 1.3148e-13 -4.3553e-14 -3.8159e-13 3.1725e-15 9.4481e-14 -3.87e-13 3.0358e-13 3.0967e-14 5.3525e-14 3.9739e-14 -4.6522e-15
-5.2455e-13 3.8033e-13 7.4518e-12 2.9664e-12 5.1851e-12 -8.1137e-13 5.9006e-12 3.1958e-12 3.2386e-12 4.3981e-12 4.5786e-12 -9.0422e-13 1.9975e-12 -2.2304e-12 -1.0462e-12 1.407e-13 1.5909e-12 2.4642e-12 -6.6327e-12 1.4498e-12 3.8731e-12 2.5469e-12 -3.13e-12 -3.5202e-12 -2.3859e-12 7.3401e-13 2.1125e-13 -1.9794e-12 -1.7643e-13 2.1058e-11 9.8812e-13 7.1816e-13 4.8523e-13 4.4988e-12 -1.0499e-12 5.7026e-12 6.7544e-13 1.5406e-12 -1.9421e-12 5.0665e-12 3.7879e-12 5.6331e-12 1.0922e-12 -5.9695e-13 3.7829e-12 -4.0068e-12 2.2208e-12 4.277e-13 1.5458e-12 -9.4334e-13 1.9092e-12 2.0622e-12 1.4717e-12 5.346e-13 8.2611e-13 8.9644e-13 3.8415e-13 -8.8499e-14 2.5076e-12 2.7785e-13 8.0713e-13 -1.5525e-12 6.3133e-13 3.5995e-13 3.2604e-14 3.2164e-13 1.6148e-12 1.1451e-12 1.1646e-12 -1.3196e-12 4.3496e-13 1.3178e-12 1.1288e-12 3.967e-13 4.7124e-14 -3.9727e-13 -6.0775e-14 2.3325e-14 6.9268e-15 1.9843e-14
4.2759e-12 -6.6694e-12 -6.2986e-12 -1.7597e-12 8.7575e-14 3.8229e-13 -5.5991e-14 -3.4782e-12 -8.9679e-13 -2.6102e-12 -2.2739e-12 -1.1396e-12 -2.1557e-12 -1.0342e-13 -1.8403e-12 6.9916e-13 3.3663e-12 -1.0316e-13 4.2954e-12 4.0674e-12 -1.5083e-12 2.5182e-12 -1.0541e-12 4.6979e-12 5.4433e-12 -2.8404e-12 1.4956e-12 2.2326e-12 1.9139e-12 9.8812e-13 1.8119e-11 5.6855e-12 -1.473e-12 -2.9297e-12 -8.2259e-13 -5.9646e-14 2.1855e-13 5.3271e-12 1.5745e-12 -3.1868e-13 3.2458e-12 -1.5498e-12 1.8811e-12 -1.0478e-13 -2.4854e-13 -2.8211e-12 4.6169e-13 3.7819e-12 5.2408e-13 1.3725e-12 2.19e-12 -7.1522e-13 -2.158e-13 -1.1095e-12 -2.2952e-12 2.3008e-13 -1.8639e-12 -6.1548e-13 3.7648e-13 -2.578e-13 5.8667e-13 1.0077e-12 4.8544e-13 -6.2664e-13 -2.1257e-14 -2.9153e-13 -9.597e-13 -2.486e-13 5.1877e-13 -9.3769e-13 6.5032e-13 7.1109e-13 -2.3146e-13 7.303e-14 6.569e-13 1.55e-13 1.36e-13 2.8816e-14 3.2468e-14 -7.7113e-15
-8.2403e-12 -1.2576e-11 -8.5953e-12 -4.724e-12 -6.6787e-12 4.6735e-13 -8.1515e-12 -4.1917e-12 -7.4042e-12 -7.9155e-12 -1.1281e-11 -3.3074e-12 -4.3201e-12 -3.0241e-13 -6.2784e-12 6.8904e-14 -1.081e-13 -3.5518e-12 9.2198e-13 2.1967e-12 3.1914e-12 -8.6793e-13 1.8271e-12 3.4598e-12 7.1628e-12 1.6551e-12 1.9302e-12 7.0068e-12 4.1299e-12 7.1816e-13 5.6855e-12 1.791e-11 3.8532e-12 -1.808e-12 2.6622e-12 5.1934e-12 2.598e-12 8.6408e-12 4.2031e-12 1.0292e-12 1.9075e-12 2.4238e-13 4.3106e-12 -2.5977e-12 3.767e-12 6.8307e-13 -1.5504e-12 3.7225e-12 2.5246e-12 1.692e-12 2.8618e-12 2.5935e-13 -7.0431e-13 2.7345e-13 -3.1838e-13 1.5929e-12 1.8067e-12 4.3406e-14 1.6027e-12 -1.7679e-12 -1.2685e-12 1.3571e-12 -6.7685e-13 1.1762e-12 -7.7813e-13 4.2239e-13 -1.5517e-12 2.3266e-13 6.9994e-13 4.1268e-13 3.0118e-13 5.2992e-13 1.3645e-13 -2.3196e-14 -1.9195e-13 3.3423e-13 -1.5079e-13 -1.691e-15 1.8149e-14 -5.6042e-15
3.7322e-13 4.246e-13 2.2713e-12 1.8374e-12 3.9812e-12 7.3383e-13 -2.312e-12 2.6157e-12 -1.6003e-13 1.7563e-12 -3.8066e-12 -6.8141e-13 2.452e-12 -7.1688e-13 2.0031e-12 6.2874e-12 2.0703e-12 2.9957e-12 -1.5982e-12 -1.4016e-12 1.1949e-12 1.6226e-12 -4.0321e-13 2.0168e-12 -1.2919e-12 -7.5249e-15 5.196e-12 3.8106e-14 2.5305e-15 4.8523e-13 -1.473e-12 3.8532e-12 1.1742e-11 8.3544e-14 -1.0437e-12 1.5159e-12 4.2297e-12 1.1314e-12 -2.5314e-12 7.1449e-13 2.5832e-12 1.4143e-12 1.0748e-12 -6.6738e-13 3.4154e-13 7.9326e-13 1.1567e-12 -6.7733e-13 1.5965e-12 1.9592e-12 1.5692e-12 -1.0096e-13 1.4212e-12 1.7865e-12 -1.0011e-12 -7.2609e-14 1.664e-12 1.5599e-13 -9.6055e-13 -2.2685e-13 8.8146e-13 -1.3007e-12 5.323e-14 -4.4827e-13 -6.1041e-13 4.2766e-13 -4.0835e-13 -6.9658e-13 9.1188e-13 -2.8042e-13 1.5224e-13 5.2843e-13 -5.8387e-14 1.8258e-13 -2.0137e-13 2.4433e-13 9.7858e-15 -8.7123e-14 -1.206e-14 -4.7349e-15
3.7339e-12 9.0642e-13 -9.429e-13 7.0629e-13 -2.1976e-12 6.8721e-13 -1.1685e-12 1.0742e-12 1.659e-12 -2.1267e-12 1.9345e-12 2.7003e-12 1.7518e-12 3.4179e-12 3.5291e-12 2.0504e-12 1.311e-12 -2.0885e-12 -2.4444e-12 2.333e-12 6.2769e-13 -1.5161e-12 -2.0189e-12 -1.2679e-13 3.438e-12 2.6319e-12 1.9996e-12 -6.4252e-14 -1.4231e-12 4.4988e-12 -2.9297e-12 -1.808e-12 8.3544e-14 1.9044e-11 -9.8895e-13 2.1519e-12 2.7467e-12 1.5258e-12 -1.5896e-12 1.8642e-12 3.0157e-12 -4.4905e-13 -8.206e-14 3.9048e-12 2.9732e-12 -2.0864e-12 1.1562e-12 -2.1679e-12 -4.33e-13 -1.1903e-12 1.6373e-12 2.8879e-13 1.5572e-12 1.2416e-12 -7.9621e-13 -5.0566e-13 9.517e-13 1.5835e-12 1.286e-12 -7.6792e-13 3.4482e-13 -4.0083e-15 2.7605e-13 6.8692e-13 -8.5099e-14 -2.5532e-13 2.4198e-12 -1.6155e-12 -1.3356e-12 7.6272e-13 4.7554e-13 6.6536e-13 1.4276e-13 5.6846e-13 -3.5098e-13 -2.9134e-13 2.1217e-13 2.256e-14 1.0295e-14 1.2414e-14
-5.6807e-12 -9.3081e-12 -3.9396e-12 -6.4261e-12 -5.6975e-12 -3.5717e-13 1.9587e-12 -3.5069e-12 9.1081e-13 -7.7787e-13 -5.7869e-12 2.1497e-13 -4.4166e-12 9.4616e-13 -6.8434e-12 -1.8109e-12 -2.5769e-12 -3.568e-12 -2.4021e-12 1.7957e-12 -1.4429e-12 -3.7875e-12 2.0597e-12 2.5529e-12 3.6267e-12 1.2036e-12 1.0357e-12 3.4249e-12 3.3251e-12 -1.0499e-12 -8.2259e-13 2.6622e-12 -1.0437e-12 -9.8895e-13 1.2919e-11 1.7649e-12 -4.1434e-13 1.2306e-12 -4.79e-13 1.1516e-13 3.4987e-13 1.3302e-12 1.4961e-12 -6.4245e-13 -7.3133e-13 -9.9597e-13 2.3876e-14 1.1534e-12 7.5153e-13 2.1089e-12 -1.9862e-14 -4.2041e-13 -1.0903e-12 8.7107e-13 1.3245e-12 1.2661e-12 -7.5704e-14 3.0503e-12 -1.0335e-12 1.0204e-12 -2.6663e-13 8.0753e-13 -4.7731e-13 5.3372e-13 -1.2064e-12 -1.6009e-12 8.4561e-13 2.2389e-13 6.7741e-13 1.2939e-13 -3.7349e-13 -6.3538e-13 2.6675e-13 -1.4328e-13 -2.9396e-13 9.3058e-14 9.5928e-14 3.896e-15 -4.5801e-16 -1.3985e-14
-5.238e-12 -6.0785e-12 -1.7395e-12 -2.8593e-12 3.7392e-14 -5.1707e-12 -4.1705e-12 -7.2551e-13 2.9497e-13 -7.8137e-13 -5.7461e-12 1.5765e-12 -2.1438e-12 7.2455e-13 -5.2278e-12 2.3916e-12 2.3718e-12 -2.5181e-12 -1.6558e-13 4.8012e-13 2.2959e-12 1.8347e-12 2.0106e-12 1.7251e-12 8.7806e-13 1.5349e-12 2.8836e-13 3.4841e-12 5.5201e-12 5.7026e-12 -5.9646e-14 5.1934e-12 1.5159e-12 2.1519e-12 1.7649e-12 1.1798e-11 2.2752e-12 1.228e-12 2.1365e-12 4.005e-12 2.1642e-12 2.1021e-12 1.6115e-12 -1.2642e-13 2.0239e-12 1.0216e-12 1.6486e-12 1.8196e-12 2.1282e-12 6.5626e-14 9.6108e-13 4.7238e-13 -6.2426e-13 1.3424e-12 3.2728e-13 9.8518e-13 7.9577e-13 1.8215e-12 1.3144e-12 3.3636e-13 -8.4113e-13 -7.9481e-13 4.3552e-13 6.8356e-13 -2.2874e-13 -3.4213e-13 8.8008e-13 5.9557e-13 2.8174e-13 -6.7242e-13 6.1411e-14 3.6083e-13 3.6766e-13 -1.1341e-13 -3.9551e-13 9.7796e-14 5.5347e-14 1.1561e-14 -5.9361e-15 -7.6585e-15
-9.745e-12 -1.1431e-11 -8.3039e-12 -6.7315e-12 -4.9699e-12 -5.1644e-12 -1.1388e-11 -2.6729e-12 -3.0375e-12 7.7798e-13 -4.0216e-12 -4.1896e-12 -1.3357e-12 -4.8672e-12 -3.4015e-12 1.0484e-12 -1.2196e-12 -3.1176e-12 -2.5185e-12 1.1364e-12 2.969e-12 -2.3073e-12 1.5345e-12 2.5919e-12 1.0414e-12 1.2579e-12 3.9706e-12 -4.2517e-13 1.4328e-12 6.7544e-13 2.1855e-13 2.598e-12 4.2297e-12 2.7467e-12 -4.1434e-13 2.2752e-12 1.1387e-11 -1.1173e-13 -1.6463e-12 1.6991e-12 3.0707e-12 1.1362e-12 1.2085e-12 2.0267e-12 1.8264e-12 -1.2264e-12 1.6716e-12 1.1934e-12 -7.241e-13 -4.122e-13 1.3491e-12 4.3211e-13 8.6632e-13 1.2586e-12 6.1564e-13 -8.7696e-13 3.2162e-12 -9.678e-13 -4.6048e-13 -1.0738e-13 -1.9605e-13 -1.2079e-12 2.2921e-13 -1.036e-12 -4.2134e-13 -3.7121e-13 -3.0833e-13 5.6014e-13 1.3359e-13 -2.3532e-14 -2.3377e-13 2.4912e-13 -5.6444e-13 -3.019e-13 -2.9788e-13 6.0428e-14 7.8801e-14 -1.3582e-14 -4.4109e-14 -4.2768e-15
-1.0867e-11 -1.0639e-11 -1.3949e-11 -7.5593e-12 -1.1549e-11 -5.4773e-12 -9.4309e-12 -4.7165e-12 -3.5875e-12 -9.9991e-12 -7.8298e-12 -4.7154e-12 -3.3433e-12 -2.6952e-12 -3.1172e-12 -1.7597e-12 3.5243e-12 -2.9337e-12 2.945e-12 1.8252e-12 1.6113e-13 1.3972e-12 -9.0377e-13 1.9297e-12 8.7595e-12 2.343e-12 4.1786e-12 7.5297e-12 2.7804e-12 1.5406e-12 5.3271e-12 8.6408e-12 1.1314e-12 1.5258e-12 1.2306e-12 1.228e-12 -1.1173e-13 1.4978e-11 3.4967e-12 1.5311e-13 3.2214e-12 2.2724e-12 3.6654e-12 -1.9409e-12 1.4692e-12 -5.5466e-13 -1.8172e-12 2.2369e-12 1.2158e-12 -1.7386e-12 2.3118e-12 -9.3746e-13 -9.4588e-13 -1.5145e-12 -1.2352e-12 -5.2871e-13 2.7189e-13 1.3812e-12 9.1239e-13 -8.2062e-13 -8.0175e-13 6.0582e-13 7.9843e-13 8.0262e-13 -3.5068e-13 1.9065e-13 2.9654e-13 7.8012e-13 -1.4674e-13 8.0627e-14 8.7875e-13 1.2655e-12 1.7518e-13 3.5528e-13 -1.1163e-14 -5.6711e-14 -5.8971e-14 -1.662e-14 -2.9384e-14 3.176e-15
-1.0816e-11 -1.273e-11 -1.5133e-11 -7.9112e-12 -7.2215e-12 -8.3073e-12 -9.1411e-12 -4.8488e-12 -9.0894e-12 -5.4835e-12 -7.1948e-12 -1.6654e-12 -7.4179e-12 -1.7711e-12 -4.5302e-12 -4.7584e-12 -1.2256e-12 -4.9269e-12 3.1585e-12 -3.1752e-12 -6.2324e-13 -1.2548e-12 1.8562e-12 4.2264e-13 2.3271e-12 6.4015e-13 -2.7313e-12 6.9255e-13 2.3301e-12 -1.9421e-12 1.5745e-12 4.2031e-12 -2.5314e-12 -1.5896e-12 -4.79e-13 2.1365e-12 -1.6463e-12 3.4967e-12 1.2532e-11 5.3533e-14 8.6958e-13 -4.2452e-13 2.2745e-13 -4.5313e-13 1.1939e-12 2.4669e-12 2.836e-13 -2.0697e-13 1.0143e-12 1.6958e-13 1.7492e-12 8.4384e-13 -1.5489e-12 5.7922e-13 1.5437e-12 1.9288e-12 1.4733e-12 -2.0119e-12 4.2901e-13 -4.2788e-13 -6.4311e-13 2.093e-12 -7.9557e-13 2.4214e-13 8.0658e-13 -6.7669e-15 -1.3057e-12 1.0744e-14 -1.9126e-13 -1.4768e-13 9.0868e-14 1.5468e-13 -5.8834e-13 -2.0707e-13 -2.2314e-13 9.2665e-14 -2.2468e-13 3.3257e-14 6.6877e-16 -6.7802e-15
-2.6166e-12 1.3029e-12 -1.351e-12 -2.2206e-12 -3.5332e-12 -6.8073e-12 -2.6107e-12 -1.0612e-12 1.7043e-14 4.7416e-12 -3.7899e-13 -8.9868e-13 2.0255e-12 2.113e-12 -4.9473e-12 7.4825e-12 4.9783e-13 -8.8835e-13 -2.673e-12 -4.2011e-12 3.635e-12 -6.4912e-13 -2.923e-12 1.2125e-12 2.389e-12 3.2829e-12 4.9084e-13 -3.4667e-12 1.4712e-12 5.0665e-12 -3.1868e-13 1.0292e-12 7.1449e-13 1.8642e-12 1.1516e-13 4.005e-12 1.6991e-12 1.5311e-13 5.3533e-14 1.1233e-11 3.8771e-12 3.2612e-12 8.3319e-13 1.1052e-12 1.4097e-12 -1.342e-12 9.8241e-13 1.3681e-12 1.4175e-12 -1.2415e-12 1.1317e-12 -6.0854e-13 1.3758e-12 -1.3162e-12 -9.6265e-13 4.3519e-14 2.2004e-13 3.7674e-13 9.891e-13 3.3277e-13 -2.5167e-13 -1.7996e-13 5.5852e-13 1.3832e-12 -9.314e-13 1.261e-13 6.7139e-13 -4.0356e-14 -2.3356e-13 -7.8075e-13 6.2946e-14 1.8999e-13 1.9685e-14 -2.4943e-13 -4.2812e-13 -5.9869e-15 -1.3526e-14 2.4051e-14 -2.1112e-14 -4.3079e-15
-1.1355e-11 -6.6192e-12 -7.6552e-12 -6.9304e-12 -5.9817e-12 -1.1823e-11 -7.562e-12 -3.0946e-12 -3.1879e-12 -2.0497e-12 -5.5221e-12 -3.0512e-12 -4.0997e-12 -3.0571e-12 -1.4066e-12 1.7559e-12 2.3672e-12 -3.3562e-12 -1.3115e-12 -1.0085e-12 7.8661e-13 -1.3496e-12 -2.6565e-12 1.0087e-12 4.0342e-12 1.5091e-12 1.8943e-12 -8.1451e-13 3.9348e-13 3.7879e-12 3.2458e-12 1.9075e-12 2.5832e-12 3.0157e-12 3.4987e-13 2.1642e-12 3.0707e-12 3.2214e-12 8.6958e-13 3.8771e-12 8.8085e-12 3.6176e-12 2.7941e-12 3.0562e-12 1.4849e-12 -1.2213e-12 3.6283e-12 2.135e-12 1.2923e-12 1.0863e-12 3.9161e-12 1.0702e-12 2.201e-12 3.0195e-13 -3.8301e-13 6.6587e-13 -2.6735e-13 6.0064e-13 8.9121e-13 4.1267e-13 4.6178e-14 5.149e-13 4.9135e-13 5.392e-13 -2.9217e-13 1.7004e-13 4.5556e-13 -5.8243e-13 -1.0216e-13 -7.6607e-13 2.6651e-13 1.8861e-13 -2.5795e-13 4.9385e-14 -5.6836e-14 -1.1517e-13 -3.0859e-15 -1.8931e-14 -1.222e-14 -2.7263e-15
-5.4638e-12 -2.0717e-12 -1.1426e-12 -1.3183e-12 -2.9019e-12 -1.9714e-12 -8.6143e-13 -2.2905e-12 1.2386e-12 6.0714e-14 -3.5717e-12 -7.5071e-13 -4.6879e-12 -8.519e-13 5.6429e-13 -2.6619e-12 2.6821e-12 -1.2733e-12 -3.5071e-12 -3.3024e-13 2.4921e-12 -1.6667e-12 -4.2417e-12 4.319e-13 3.2869e-12 3.8129e-12 4.4286e-12 -2.1762e-12 2.51e-12 5.6331e-12 -1.5498e-12 2.4238e-13 1.4143e-12 -4.4905e-13 1.3302e-12 2.1021e-12 1.1362e-12 2.2724e-12 -4.2452e-13 3.2612e-12 3.6176e-12 1.2973e-11 8.8405e-13 3.7674e-12 1.6071e-12 2.5e-14 1.924e-12 2.5429e-12 8.8095e-15 -3.029e-12 3.6507e-12 1.1364e-12 2.935e-12 1.1024e-12 8.2286e-13 3.8686e-13 1.055e-12 -3.3929e-13 1.2712e-12 8.255e-13 7.3986e-13 -3.9124e-13 4.9717e-13 9.7588e-13 -1.3971e-13 -3.0457e-13 9.7076e-13 1.0931e-13 3.0621e-13 -5.8402e-13 3.5705e-13 4.9305e-13 -2.3418e-13 3.1741e-13 -3.6423e-13 -3.9167e-13 -1.7321e-13 -7.0408e-14 9.5619e-15 1.8034e-14
-7.1806e-12 -5.6538e-12 -5.4452e-12 -3.9568e-12 -6.2562e-12 -4.9186e-12 -5.0079e-12 -3.3656e-12 -3.738e-12 -3.9592e-12 -5.6043e-12 -1.8267e-12 2.3723e-13 6.4898e-13 -3.6132e-12 -4.1849e-13 2.4757e-12 -2.1892e-12 9.4579e-13 -9.4273e-13 1.7983e-12 -8.6085e-13 -1.6111e-12 2.2242e-12 3.5494e-12 -5.91e-13 5.016e-13 3.2419e-12 1.6084e-12 1.0922e-12 1.8811e-12 4.3106e-12 1.0748e-12 -8.206e-14 1.4961e-12 1.6115e-12 1.2085e-12 3.6654e-12 2.2745e-13 8.3319e-13 2.7941e-12 8.8405e-13 7.7397e-12 -2.6716e-13 -5.0771e-13 -9.3572e-13 7.6668e-13 -6.7777e-13 4.5014e-13 -6.4735e-13 1.3801e-12 7.4359e-13 2.4493e-13 -6.7896e-13 -4.3324e-13 9.5425e-13 5.4663e-13 1.1004e-12 4.9572e-13 -4.2527e-13 -1.6581e-12 9.4648e-13 -1.8083e-13 -4.9096e-13 -2.8878e-14 5.0865e-13 -2.4252e-13 3.9054e-13 -5.5246e-13 -3.9859e-14 4.8378e-13 -3.7585e-14 2.0264e-13 2.868e-13 1.2875e-13 4.0122e-14 4.0433e-14 -2.1765e-14 3.876e-16 -7.5282e-15
-8.1974e-12 -1.8744e-12 -8.5466e-12 -4.9564e-12 -8.133e-12 -2.1974e-12 -1.2304e-12 -2.9317e-13 -1.2462e-12 -3.4812e-12 4.4447e-13 -8.4006e-13 -9.077e-13 2.9416e-12 1.7464e-12 3.4229e-12 2.5472e-12 -1.8077e-12 2.4011e-13 -3.4074e-13 -1.5926e-12 -2.22e-12 -3.5274e-12 -2.1534e-12 2.2397e-12 3.2677e-12 4.4701e-14 -1.2349e-12 1.9869e-12 -5.9695e-13 -1.0478e-13 -2.5977e-12 -6.6738e-13 3.9048e-12 -6.4245e-13 -1.2642e-13 2.0267e-12 -1.9409e-12 -4.5313e-13 1.1052e-12 3.0562e-12 3.7674e-12 -2.6716e-13 1.2991e-11 8.8208e-13 2.5137e-12 2.2685e-12 2.1723e-12 -1.4391e-12 -1.2857e-13 3.1979e-12 1.4876e-12 2.5187e-12 3.7278e-13 1.6591e-13 7.4685e-13 -2.381e-13 -1.7159e-12 -1.8984e-13 2.2826e-13 6.9833e-13 5.4788e-13 -1.8076e-12 -6.2055e-13 1.7951e-13 2.0316e-14 1.02e-12 -2.037e-12 -1.2649e-12 -6.4411e-13 -1.7653e-13 -8.0338e-13 -3.9164e-13 1.2126e-13 9.1194e-14 -1.3202e-13 -1.4437e-14 -2.3558e-14 9.4474e-15 2.1758e-15
