,0,1,2,3,4,5,6,7,8,9,10,11,12,13,14,15,16,17,18,19,20,21,22,23,24,25,26,27,28,29,30,31,32,33,34,35,36,37,38,39,40,41,42,43,44,45,46,47,48,49,50,51,52,53,54,55,56,57,58,59,60,61,62
0,1,0.14867,0.26638,0.26367,0.29844,0.30616,0.06764,0.057542,0.15311,-0.030837,0.076339,-0.11762,0.024266,0.14686,-0.043502,0.23976,0.17733,0.19217,0.047404,0.23464,-0.11701,0.078019,0.207,0.35561,0.12196,0.19472,0.29047,-0.10086,0.3099,0.20238,-0.028253,0.16262,0.11585,0.115,0.059276,0.19202,0.18916,0.15524,0.019455,0.061774,0.26193,0.043467,0.03203,-0.11306,0.011745,-0.085668,0.064599,0.18788,-0.060295,-0.077653,0.057374,0.093841,-0.20775,0.10898,0.10775,0.22475,-0.0022974,-0.12114,-0.20185,0.050415,0.20238,-0.23643,0.20346
1,0.14867,1,0.21301,0.048375,0.23115,0.0014646,0.10637,0.063278,0.057477,0.21751,0.0034794,0.21782,0.25462,0.054144,0.12151,0.10691,0.10305,0.23425,0.30478,0.06547,0.20039,0.24106,0.18072,0.2186,0.19327,0.16905,0.34967,-0.00063575,0.066018,0.23841,0.039917,0.060123,0.48653,0.023156,0.079736,0.18038,-0.075753,-0.01361,0.15078,0.1189,0.16913,0.021833,0.1444,-0.14298,-0.17137,0.011541,-0.04051,0.22856,-0.04518,0.15903,0.3146,-0.053011,-0.022235,-0.091714,-0.19699,0.053717,0.081035,-0.21863,-0.20486,-0.016457,-0.07603,0.09718,0.042968
2,0.26638,0.21301,1,0.3447,0.0188,0.24729,-0.030314,-0.044335,-0.046812,-0.066632,-0.0024829,0.022949,0.035971,0.2668,-0.14182,0.25349,0.17017,0.098996,0.34911,-0.015547,0.081544,0.016972,0.13643,0.17742,-0.17402,0.25347,0.35194,-0.15867,-0.081371,0.39801,0.19856,-0.12857,0.10896,0.12314,0.21778,0.053955,0.10151,0.097236,0.1244,0.18387,0.025423,0.21843,-0.12104,0.026191,-0.071526,-0.11804,-0.14358,-0.13865,-0.19433,-0.099484,0.21876,0.093372,0.0676,-0.059605,0.01139,-0.0077886,-0.40733,-0.43923,-0.35365,0.029976,-0.064999,0.041893,-0.017345
3,0.26367,0.048375,0.3447,1,0.17018,0.1637,0.017947,0.076939,0.10213,0.047733,0.10027,-0.19027,-0.101,0.18888,0.018745,0.32001,0.044954,0.15752,0.095689,0.22757,-0.17299,-0.039386,0.39556,0.22228,-0.01121,0.33783,0.38755,-0.1608,-0.0059693,0.10593,0.04666,-0.048101,0.075955,0.16165,0.058608,0.16442,0.073871,0.22207,0.1561,0.13146,0.10539,-0.060561,-0.10471,0.12426,0.069704,-0.12225,-0.067241,-0.0096515,-0.088646,0.093317,-0.049231,0.16089,0.15418,-0.1233,0.036738,0.11769,-0.064732,-0.079873,-0.046715,0.14631,-0.15452,0.075941,0.14443
4,0.29844,0.23115,0.0188,0.17018,1,0.084938,0.3559,0.36023,0.38222,0.38512,0.23897,0.19286,0.36619,0.30444,0.22807,0.14695,0.40089,0.41388,0.35008,0.36856,-0.0014225,0.29778,0.22965,0.44066,0.22826,-0.022045,0.21448,-0.03164,0.14981,0.24048,0.0040787,-0.012062,0.25407,0.25533,0.030182,0.36134,0.21205,0.35708,0.09377,0.04052,0.38147,0.15401,0.19677,-0.20693,0.049135,0.18627,0.17977,0.17606,-0.11387,-0.087753,-0.060739,0.097978,0.29248,0.21974,-0.0089911,-0.13914,0.2437,0.10569,-0.21977,0.1994,0.21878,-0.044494,-0.15019
5,0.30616,0.0014646,0.24729,0.1637,0.084938,1,0.05614,0.034706,0.18468,0.16765,0.12025,0.01503,0.25291,0.24125,0.15137,0.073455,0.23646,0.19562,0.043352,0.17162,0.37814,-0.032181,0.31511,0.24063,0.18916,0.23713,0.33132,0.1415,0.22801,0.31956,0.089062,0.21122,-0.012025,0.14515,0.20437,0.16246,0.039618,0.26629,-0.23867,0.058954,0.27041,-0.16597,-0.070479,-0.0097801,0.19092,0.036365,0.0034276,0.022126,0.0057879,0.11677,-0.17113,0.038238,0.0040273,-0.14212,-0.29203,0.012517,-0.10047,-0.093347,-0.0070488,-0.12967,0.077279,-0.23958,0.0089495
6,0.06764,0.10637,-0.030314,0.017947,0.3559,0.05614,1,0.36935,0.10922,0.027919,0.023706,0.28309,0.15788,-0.0018741,0.11664,0.20467,0.37658,0.19255,0.060087,0.39043,-0.021059,0.038007,0.32406,0.1024,0.17526,0.055171,-0.06605,-0.34268,0.18534,0.090675,-0.16358,0.082345,0.17244,0.19878,0.037888,-0.067818,0.12423,0.10042,0.12219,-0.014747,0.13782,0.18105,0.15152,0.045614,-0.10368,0.17056,0.18207,0.015099,0.22645,-0.071766,0.011245,0.10234,0.10848,0.097542,-0.28401,0.18243,0.032244,0.25319,0.17267,0.22738,0.065491,0.053247,0.00073018
7,0.057542,0.063278,-0.044335,0.076939,0.36023,0.034706,0.36935,1,0.30088,0.36349,0.1641,0.43225,0.26781,0.16215,0.12437,-0.14404,0.35039,0.22858,0.049394,0.2511,0.20832,-0.080965,0.28285,0.32303,0.28661,-0.036884,0.11502,0.076712,0.2896,0.27544,0.16877,0.086123,0.12069,-0.051304,-0.0899,0.13494,0.10483,0.16595,-0.11989,-0.20029,0.072007,0.21752,0.061968,-0.21862,-0.029618,0.26679,-0.039015,-0.18047,-0.25142,-0.22805,-0.28166,-0.0042491,0.054624,0.079657,-0.026916,0.15688,0.25762,0.0024064,-0.080295,0.060016,0.12316,0.072814,0.071824
8,0.15311,0.057477,-0.046812,0.10213,0.38222,0.18468,0.10922,0.30088,1,0.27651,0.20719,0.37866,0.42221,0.25657,0.16979,0.29303,0.32159,0.043024,0.043393,0.36762,-0.19685,0.2913,0.31863,0.32653,0.12603,0.20768,0.12061,0.16299,0.22997,-0.037322,0.22982,0.059655,0.027378,0.10613,0.14181,0.2607,0.07343,0.10334,0.20725,-0.078489,0.17018,-0.0063568,0.072853,-0.1421,0.12611,0.49704,-0.11226,0.096872,0.18995,0.19867,-0.087482,0.34071,0.18516,0.29459,0.033338,0.099065,0.27725,-0.19607,-0.11116,-0.061916,-0.038652,-0.085933,-0.074768
9,-0.030837,0.21751,-0.066632,0.047733,0.38512,0.16765,0.027919,0.36349,0.27651,1,0.13165,0.20809,0.49112,0.17825,0.16381,0.06503,0.40413,0.36388,0.15092,0.078385,0.091964,0.37322,0.2553,0.21598,0.29988,0.24327,0.27062,0.16861,0.18566,0.24387,0.44132,-0.020905,0.14453,0.15419,-0.13195,0.11632,-0.12265,0.050703,-0.092623,-0.12834,-0.17338,0.16333,0.066902,-0.24973,-0.00064024,0.08931,-0.0098324,0.052379,-0.073317,-0.080461,-0.16866,-0.0051678,-0.055567,-0.11679,-0.033948,-0.0084474,0.19096,0.13845,-0.13139,0.019242,0.15876,-0.0079198,-0.12408
10,0.076339,0.0034794,-0.0024829,0.10027,0.23897,0.12025,0.023706,0.1641,0.20719,0.13165,1,0.025151,0.0021163,0.047693,-0.095179,-0.021702,0.089982,0.23267,0.28215,0.22599,-0.060947,0.13932,-0.13507,0.040204,-0.10826,0.17913,0.078255,0.075372,0.10153,0.042122,-0.08786,0.11777,-0.095521,-0.2359,0.12503,-0.1061,0.023912,0.25413,-0.28419,-0.40892,0.077818,-0.0081237,-0.082384,0.052155,0.29701,0.12384,0.015292,0.16123,-0.15293,-0.12251,-0.28976,0.32982,0.19559,0.23585,-0.054836,0.2032,0.13102,-0.064928,-0.13676,-0.21549,0.014187,-0.29163,0.075338
11,-0.11762,0.21782,0.022949,-0.19027,0.19286,0.01503,0.28309,0.43225,0.37866,0.20809,0.025151,1,0.39206,0.22921,0.24417,-0.046363,0.3411,0.070188,0.19058,0.028066,0.22668,0.25633,0.25248,0.38961,0.34506,0.11777,0.30833,0.30331,0.049689,0.19756,0.067114,0.14012,0.14595,0.10673,0.027014,0.14191,-0.043494,-0.066641,0.24519,0.002114,0.023173,-0.10085,0.10797,0.14872,-0.01033,0.34673,-0.23017,-0.024701,-0.093316,-0.10906,0.08391,-0.036114,-0.011771,0.39806,-0.073177,-0.11195,0.19188,-0.17912,-0.1836,0.041593,-0.01866,-0.093932,-0.13042
12,0.024266,0.25462,0.035971,-0.101,0.36619,0.25291,0.15788,0.26781,0.42221,0.49112,0.0021163,0.39206,1,0.24321,0.32094,-0.033717,0.30514,0.12131,0.04211,0.24554,0.32329,0.5534,0.24177,0.18527,0.22847,0.10474,0.41406,0.064295,-0.0037039,0.16225,0.027715,-0.055976,0.0088968,0.10184,-0.003172,0.15465,0.086292,0.27433,-0.074537,0.096918,-0.010622,-0.0056402,0.059071,-0.13953,-0.058114,0.33535,0.014344,-0.0021716,-0.020356,0.17923,-0.0014521,0.051996,0.098156,0.19921,-0.16727,-0.027226,0.21837,-0.092641,-0.082184,0.023713,0.10191,0.0041089,0.04045
13,0.14686,0.054144,0.2668,0.18888,0.30444,0.24125,-0.0018741,0.16215,0.25657,0.17825,0.047693,0.22921,0.24321,1,-0.096916,0.096458,0.15987,0.16655,0.13748,0.31828,-0.062031,0.013428,0.19323,0.35244,0.14143,0.14744,0.18678,0.10281,0.067675,0.38343,0.11694,-0.081748,-0.007952,0.3257,0.10023,0.41029,0.022151,0.26399,-0.0028566,0.17395,0.17796,0.016249,0.08958,0.036293,-0.044562,-0.024483,-0.086527,0.059773,0.12737,0.060967,-0.11532,0.071361,0.0049086,-0.2288,-0.01135,-0.073694,0.23294,-0.15512,-0.40073,0.064623,-0.10567,-0.034548,-0.0023677
14,-0.043502,0.12151,-0.14182,0.018745,0.22807,0.15137,0.11664,0.12437,0.16979,0.16381,-0.095179,0.24417,0.32094,-0.096916,1,-0.074665,0.38329,0.056713,0.21603,0.038892,0.099472,0.24014,0.13726,0.33723,0.23943,0.035552,0.14423,0.066175,-0.045114,0.024871,0.16342,-0.0079437,0.051994,-0.029581,0.01676,0.24492,-0.086493,0.21186,0.039822,0.18664,0.13028,-0.27504,-0.23068,0.026258,-0.22469,0.1821,0.090298,-0.14672,-0.086031,0.088551,-0.040702,-0.15576,0.025078,0.24298,-0.028746,-0.2293,0.027368,0.034401,0.11111,0.040286,-0.34476,0.17024,-0.078168
15,0.23976,0.10691,0.25349,0.32001,0.14695,0.073455,0.20467,-0.14404,0.29303,0.06503,-0.021702,-0.046363,-0.033717,0.096458,-0.074665,1,0.24153,0.26658,0.19381,0.20697,-0.341,0.24156,0.39742,-0.074494,0.016228,0.24734,0.25829,0.0065385,-0.14575,-0.077556,-0.0098391,0.16112,-0.080645,0.22876,0.24551,0.048588,-0.061654,0.06509,0.19279,0.15514,-0.051684,-0.067755,0.029839,0.12054,-0.19155,-0.19039,0.11838,-0.11027,0.034375,-0.067611,0.1268,0.25413,0.097505,-0.084583,-0.14301,0.13688,0.045765,-0.19455,-0.16892,0.03313,0.040083,0.34448,-0.16369
16,0.17733,0.10305,0.17017,0.044954,0.40089,0.23646,0.37658,0.35039,0.32159,0.40413,0.089982,0.3411,0.30514,0.15987,0.38329,0.24153,1,0.34542,0.36583,0.23424,0.019183,0.30984,0.41361,0.17362,0.3075,0.21984,0.29898,-0.010806,0.20261,0.24335,0.073347,-0.037061,-0.0057398,0.31555,0.15716,0.14441,0.04786,0.34386,0.065122,-0.087827,0.0064396,0.024544,-0.014491,0.0022523,-0.14137,-0.1068,0.028043,-0.068742,-0.039363,-0.25549,-0.1232,0.011017,-0.11808,0.032984,-0.19627,0.034111,-0.097437,0.081224,0.026809,0.051961,0.04448,0.13324,-0.073599
17,0.19217,0.23425,0.098996,0.15752,0.41388,0.19562,0.19255,0.22858,0.043024,0.36388,0.23267,0.070188,0.12131,0.16655,0.056713,0.26658,0.34542,1,0.48796,0.31547,0.13837,0.016835,0.29818,0.085914,0.16555,-0.0010801,0.14219,0.17636,0.12437,0.37659,0.042238,0.12697,0.043629,0.038457,0.22097,0.023632,-0.030367,0.14808,0.027622,-0.007292,-0.042271,0.20954,-0.063293,-0.2017,-0.077446,-0.28583,0.23164,0.089847,-0.26732,-0.26365,-0.18068,0.065438,0.041001,-0.33718,-0.12944,0.15824,0.044852,-0.049416,-0.21933,-0.063282,0.2083,0.21412,0.12307
18,0.047404,0.30478,0.34911,0.095689,0.35008,0.043352,0.060087,0.049394,0.043393,0.15092,0.28215,0.19058,0.04211,0.13748,0.21603,0.19381,0.36583,0.48796,1,0.038193,-0.048529,0.20463,0.29834,0.15169,0.24387,0.075271,0.3336,-0.12416,-0.092962,0.40341,0.131,-0.0565,0.094426,-0.090163,0.097425,0.14336,-0.011122,0.11166,0.17026,-0.053569,0.091988,-0.056621,0.128,0.031235,-0.11805,-0.14496,-0.096704,0.11012,-0.22201,-0.10301,0.085045,0.22343,0.15273,-0.1102,-0.16366,-0.14054,-0.063961,-0.25881,-0.37083,-0.02229,-0.12222,0.18476,-0.36006
19,0.23464,0.06547,-0.015547,0.22757,0.36856,0.17162,0.39043,0.2511,0.36762,0.078385,0.22599,0.028066,0.24554,0.31828,0.038892,0.20697,0.23424,0.31547,0.038193,1,-0.11103,0.1153,0.19167,0.25523,0.12414,0.17753,-0.097333,-0.10944,0.1821,0.21927,-0.17213,0.025513,0.028725,0.27036,0.071236,0.23689,0.19733,0.37464,0.10743,0.0080082,0.15195,-0.17027,0.071315,0.071614,-0.15827,0.16914,0.088166,-0.024559,-0.031104,0.20402,-0.1138,0.36647,0.16151,-0.1182,0.074102,0.37213,0.26852,-0.099424,-0.10734,-0.080789,-0.13834,-0.049248,0.26881
20,-0.11701,0.20039,0.081544,-0.17299,-0.0014225,0.37814,-0.021059,0.20832,-0.19685,0.091964,-0.060947,0.22668,0.32329,-0.062031,0.099472,-0.341,0.019183,0.13837,-0.048529,-0.11103,1,-0.13027,-0.015524,0.099873,0.0048736,-0.098901,0.18121,0.17349,-0.036689,0.19414,-0.040904,0.1418,-0.13333,-0.095842,-0.043951,-0.09213,0.25974,0.28893,-0.099753,-0.012299,0.082719,0.014348,-0.10684,-0.11517,0.22356,-0.086085,0.0078908,-0.10662,-0.34802,-0.068239,0.070251,-0.23126,-0.020318,-0.0051504,-0.20629,-0.031014,0.005397,0.091142,0.064172,0.028405,0.17035,-0.19341,0.067948
21,0.078019,0.24106,0.016972,-0.039386,0.29778,-0.032181,0.038007,-0.080965,0.2913,0.37322,0.13932,0.25633,0.5534,0.013428,0.24014,0.24156,0.30984,0.016835,0.20463,0.1153,-0.13027,1,0.18271,0.034187,0.23932,0.12476,0.41116,-0.055278,-0.18836,0.055176,-0.0026153,0.11375,0.075759,0.21829,-0.1218,0.11664,-0.13942,0.13758,0.10966,-0.12762,-0.04216,-0.18415,0.018053,0.077447,-0.14692,0.15829,-0.011293,-0.019763,-0.10463,0.058045,-0.019003,0.11177,-0.10825,0.41318,0.044464,-0.17919,0.1845,-0.3329,-0.068439,-0.038392,-0.0021476,-0.021001,0.0057865
22,0.207,0.18072,0.13643,0.39556,0.22965,0.31511,0.32406,0.28285,0.31863,0.2553,-0.13507,0.25248,0.24177,0.19323,0.13726,0.39742,0.41361,0.29818,0.29834,0.19167,-0.015524,0.18271,1,0.075742,0.36105,0.33416,0.44667,-0.046649,0.21007,0.27245,0.12506,0.051053,-0.076287,0.30426,0.038101,0.032185,0.049568,0.13912,0.2543,-0.096415,0.0096141,-0.0090404,0.11728,0.16698,0.020863,0.054428,0.022178,0.10434,0.12115,0.10485,0.028939,0.099512,0.085395,-0.16477,-0.32836,-0.011084,0.20895,-0.067339,-0.05221,-0.057693,0.14557,0.20136,-0.00028014
23,0.35561,0.2186,0.17742,0.22228,0.44066,0.24063,0.1024,0.32303,0.32653,0.21598,0.040204,0.38961,0.18527,0.35244,0.33723,-0.074494,0.17362,0.085914,0.15169,0.25523,0.099873,0.034187,0.075742,1,0.12309,0.062192,0.15722,0.053863,0.21003,0.36984,0.32242,0.1107,0.37422,0.14931,-0.097166,0.42259,0.1121,0.0826,0.15221,0.25202,0.15529,-0.025106,0.015957,-0.064426,0.05476,0.34242,-0.25196,0.049476,-0.13712,-0.056723,0.084531,0.11607,-0.044393,0.26632,0.16719,0.0028647,-0.042303,-0.069583,-0.18736,0.15921,-0.17427,-0.34095,-0.019853
24,0.12196,0.19327,-0.17402,-0.01121,0.22826,0.18916,0.17526,0.28661,0.12603,0.29988,-0.10826,0.34506,0.22847,0.14143,0.23943,0.016228,0.3075,0.16555,0.24387,0.12414,0.0048736,0.23932,0.36105,0.12309,1,0.24096,0.34633,0.082254,0.18541,0.32044,0.056675,0.11168,0.08466,0.29597,-0.15416,0.13701,0.00053288,-0.011091,0.10888,0.20055,0.33574,-0.15902,0.24663,-0.20123,-0.15613,0.065687,-0.13619,-0.21134,0.037577,0.0092674,0.079197,-0.19709,-0.17675,-0.09774,-0.19602,-0.14724,0.21052,0.070238,-0.011914,-0.10668,0.078529,-0.048276,-0.28997
25,0.19472,0.16905,0.25347,0.33783,-0.022045,0.23713,0.055171,-0.036884,0.20768,0.24327,0.17913,0.11777,0.10474,0.14744,0.035552,0.24734,0.21984,-0.0010801,0.075271,0.17753,-0.098901,0.12476,0.33416,0.062192,0.24096,1,0.32641,-0.0016714,0.08262,0.30814,0.19713,0.025134,-0.092798,0.38197,0.14569,-0.18736,-0.030834,0.03972,0.099013,-0.0064931,-0.11116,0.042714,0.033207,0.090752,0.011683,0.016258,-0.0037388,0.14732,0.25873,0.20341,0.16201,0.14356,-0.059204,-0.016566,0.11887,0.17565,0.074908,0.0060271,-0.058367,0.044879,-0.16585,-0.16323,0.038869
26,0.29047,0.34967,0.35194,0.38755,0.21448,0.33132,-0.06605,0.11502,0.12061,0.27062,0.078255,0.30833,0.41406,0.18678,0.14423,0.25829,0.29898,0.14219,0.3336,-0.097333,0.18121,0.41116,0.44667,0.15722,0.34633,0.32641,1,0.137,-0.048904,0.27663,0.024761,0.19222,0.057699,0.20693,0.03206,0.262,0.12952,0.18471,0.07397,0.096474,0.17686,-0.20179,0.058761,0.017834,-0.01353,0.025772,-0.062413,0.01859,-0.1496,0.01099,0.14726,-0.071864,0.00028709,0.10648,-0.1832,-0.12481,0.04183,-0.25448,-0.085077,0.015229,0.12338,-0.026329,-0.077317
27,-0.10086,-0.00063575,-0.15867,-0.1608,-0.03164,0.1415,-0.34268,0.076712,0.16299,0.16861,0.075372,0.30331,0.064295,0.10281,0.066175,0.0065385,-0.010806,0.17636,-0.12416,-0.10944,0.17349,-0.055278,-0.046649,0.053863,0.082254,-0.0016714,0.137,1,0.095546,0.15617,0.02092,0.19014,-0.053755,0.069997,-0.0052727,0.068255,-0.11149,0.031387,-0.19042,0.064533,-0.026941,-0.18454,-0.13701,-0.10571,0.14184,-0.013754,0.014205,-0.077029,-0.046368,0.074345,-0.10897,-0.053249,0.016571,0.046877,-0.032578,-0.045645,0.26111,-0.11966,-0.06345,-0.2555,0.19633,0.10615,0.085701
28,0.3099,0.066018,-0.081371,-0.0059693,0.14981,0.22801,0.18534,0.2896,0.22997,0.18566,0.10153,0.049689,-0.0037039,0.067675,-0.045114,-0.14575,0.20261,0.12437,-0.092962,0.1821,-0.036689,-0.18836,0.21007,0.21003,0.18541,0.08262,-0.048904,0.095546,1,0.26541,0.18333,0.17113,0.17856,0.079124,-0.082419,0.018906,0.26252,-0.036362,0.10895,-0.092756,0.13979,0.02178,0.08251,-0.071822,0.23625,0.15478,0.057624,0.2468,0.23521,0.16229,0.066911,0.063042,-0.011134,-0.060376,-0.14578,0.29432,-0.084744,0.17438,-0.12368,-0.14049,0.31637,-0.11384,0.2325
29,0.20238,0.23841,0.39801,0.10593,0.24048,0.31956,0.090675,0.27544,-0.037322,0.24387,0.042122,0.19756,0.16225,0.38343,0.024871,-0.077556,0.24335,0.37659,0.40341,0.21927,0.19414,0.055176,0.27245,0.36984,0.32044,0.30814,0.27663,0.15617,0.26541,1,0.26451,0.13319,0.18115,0.23565,-0.017711,0.12051,0.15175,0.10893,-0.0045167,-0.037558,0.059477,0.16307,0.12792,-0.12713,-0.021368,-0.010887,0.14868,0.047411,-0.11555,0.11328,0.012492,0.16415,-0.052644,-0.21576,0.027544,0.15779,0.078894,-0.19132,-0.23749,-0.059153,0.067096,-0.073378,0.0017651
30,-0.028253,0.039917,0.19856,0.04666,0.0040787,0.089062,-0.16358,0.16877,0.22982,0.44132,-0.08786,0.067114,0.027715,0.11694,0.16342,-0.0098391,0.073347,0.042238,0.131,-0.17213,-0.040904,-0.0026153,0.12506,0.32242,0.056675,0.19713,0.024761,0.02092,0.18333,0.26451,1,0.02865,0.2374,0.043618,0.027291,0.074895,-0.057957,-0.31877,0.20417,-0.0026527,-0.22378,0.27075,-0.14592,-0.1355,-0.032395,0.043094,-0.0050408,-0.095286,-0.11926,-0.013194,0.069164,-0.10809,-0.087753,-0.15138,0.20876,-0.17141,-0.038797,0.0030898,-0.037665,0.20903,-0.21826,-0.19809,-0.17687
31,0.16262,0.060123,-0.12857,-0.048101,-0.012062,0.21122,0.082345,0.086123,0.059655,-0.020905,0.11777,0.14012,-0.055976,-0.081748,-0.0079437,0.16112,-0.037061,0.12697,-0.0565,0.025513,0.1418,0.11375,0.051053,0.1107,0.11168,0.025134,0.19222,0.19014,0.17113,0.13319,0.02865,1,0.0094703,-0.11532,-0.11771,-0.040203,-0.062652,0.001036,-0.071776,-0.22574,0.17766,-0.21007,-0.16099,0.1563,-0.14112,0.075594,0.24565,0.097557,0.036399,0.14726,0.15364,-0.13411,-0.38682,0.2879,-0.17457,0.0083353,0.28332,0.041516,0.10635,-0.31989,0.079017,-0.19659,0.00025407
32,0.11585,0.48653,0.10896,0.075955,0.25407,-0.012025,0.17244,0.12069,0.027378,0.14453,-0.095521,0.14595,0.0088968,-0.007952,0.051994,-0.080645,-0.0057398,0.043629,0.094426,0.028725,-0.13333,0.075759,-0.076287,0.37422,0.08466,-0.092798,0.057699,-0.053755,0.17856,0.18115,0.2374,0.0094703,1,0.10527,-0.047807,0.27025,-0.18636,-0.41113,0.11085,0.31719,0.10521,0.017508,0.13349,-0.086013,-0.24064,0.029662,-0.016506,0.16043,-0.12194,0.13289,0.070322,0.0074086,0.1182,0.032812,0.10722,0.061549,-0.16562,-0.2101,-0.093168,0.25872,-0.017757,-0.03868,0.078797
33,0.115,0.023156,0.12314,0.16165,0.25533,0.14515,0.19878,-0.051304,0.10613,0.15419,-0.2359,0.10673,0.10184,0.3257,-0.029581,0.22876,0.31555,0.038457,-0.090163,0.27036,-0.095842,0.21829,0.30426,0.14931,0.29597,0.38197,0.20693,0.069997,0.079124,0.23565,0.043618,-0.11532,0.10527,1,-0.10759,-0.021047,0.0059598,-6.1098e-05,0.16748,0.31313,0.013977,0.081046,0.12915,-0.068797,-0.042349,-0.058529,-0.057117,-0.030768,0.2152,0.094359,0.12247,-0.068357,-0.060279,-0.042731,0.24787,-0.074868,-0.11133,0.033421,0.078736,0.19641,0.13295,-0.054423,0.12363
34,0.059276,0.079736,0.21778,0.058608,0.030182,0.20437,0.037888,-0.0899,0.14181,-0.13195,0.12503,0.027014,-0.003172,0.10023,0.01676,0.24551,0.15716,0.22097,0.097425,0.071236,-0.043951,-0.1218,0.038101,-0.097166,-0.15416,0.14569,0.03206,-0.0052727,-0.082419,-0.017711,0.027291,-0.11771,-0.047807,-0.10759,1,0.11382,0.10051,-0.096377,0.11485,-0.051115,0.13804,0.13658,0.22747,0.037439,-0.020705,-0.11091,0.038922,0.0052335,-0.16213,-0.14715,-0.35142,0.13984,0.12475,-0.087565,0.01286,0.001115,-0.045725,-0.079899,-0.13775,0.19388,-0.28416,-0.021125,-0.19691
35,0.19202,0.18038,0.053955,0.16442,0.36134,0.16246,-0.067818,0.13494,0.2607,0.11632,-0.1061,0.14191,0.15465,0.41029,0.24492,0.048588,0.14441,0.023632,0.14336,0.23689,-0.09213,0.11664,0.032185,0.42259,0.13701,-0.18736,0.262,0.068255,0.018906,0.12051,0.074895,-0.040203,0.27025,-0.021047,0.11382,1,0.10536,0.27861,0.097306,0.1511,0.45415,-0.35795,-0.079729,-0.097279,-0.33799,0.13712,-0.01729,-0.13753,-0.12056,0.052139,-0.22762,-0.04416,0.050475,-0.11023,-0.018007,-0.23089,0.13042,-0.29995,-0.039803,0.10923,-0.20093,-0.039454,-0.1206
36,0.18916,-0.075753,0.10151,0.073871,0.21205,0.039618,0.12423,0.10483,0.07343,-0.12265,0.023912,-0.043494,0.086292,0.022151,-0.086493,-0.061654,0.04786,-0.030367,-0.011122,0.19733,0.25974,-0.13942,0.049568,0.1121,0.00053288,-0.030834,0.12952,-0.11149,0.26252,0.15175,-0.057957,-0.062652,-0.18636,0.0059598,0.10051,0.10536,1,0.30292,0.38237,-0.030033,0.2497,0.075985,0.28983,-0.27857,0.286,0.10919,0.0077465,-0.020737,-0.085643,-0.10276,0.030544,0.20831,0.32083,0.038066,-0.02792,0.092729,0.037504,0.11538,-0.015493,0.18509,0.15015,-0.24869,-0.040119
37,0.15524,-0.01361,0.097236,0.22207,0.35708,0.26629,0.10042,0.16595,0.10334,0.050703,0.25413,-0.066641,0.27433,0.26399,0.21186,0.06509,0.34386,0.14808,0.11166,0.37464,0.28893,0.13758,0.13912,0.0826,-0.011091,0.03972,0.18471,0.031387,-0.036362,0.10893,-0.31877,0.001036,-0.41113,-6.1098e-05,-0.096377,0.27861,0.30292,1,-0.18829,-0.18276,0.15119,-0.17878,-0.20824,0.064441,0.003016,-0.099579,0.070421,-0.13028,-0.095243,-0.041614,-0.09676,0.095033,0.15229,-0.019541,-0.22463,-0.095715,0.24449,-0.0050412,0.049675,-0.12387,0.021351,0.14867,0.15968
38,0.019455,0.15078,0.1244,0.1561,0.09377,-0.23867,0.12219,-0.11989,0.20725,-0.092623,-0.28419,0.24519,-0.074537,-0.0028566,0.039822,0.19279,0.065122,0.027622,0.17026,0.10743,-0.099753,0.10966,0.2543,0.15221,0.10888,0.099013,0.07397,-0.19042,0.10895,-0.0045167,0.20417,-0.071776,0.11085,0.16748,0.11485,0.097306,0.38237,-0.18829,1,0.24565,0.082097,0.028057,0.18474,0.080253,0.078819,0.10743,-0.16072,-0.010799,0.033691,-0.020933,0.32105,0.23291,0.11506,0.062185,0.19667,-0.039418,0.047736,-0.095954,-0.056929,0.17991,-0.2285,-0.059162,-0.046404
39,0.061774,0.1189,0.18387,0.13146,0.04052,0.058954,-0.014747,-0.20029,-0.078489,-0.12834,-0.40892,0.002114,0.096918,0.17395,0.18664,0.15514,-0.087827,-0.007292,-0.053569,0.0080082,-0.012299,-0.12762,-0.096415,0.25202,0.20055,-0.0064931,0.096474,0.064533,-0.092756,-0.037558,-0.0026527,-0.22574,0.31719,0.31313,-0.051115,0.1511,-0.030033,-0.18276,0.24565,1,0.10903,-0.06468,-0.10447,-0.16763,-0.19184,-0.064478,-0.10783,-0.25365,0.094086,0.016402,0.31175,-0.081234,0.098175,-0.12339,0.030656,-0.0026319,-0.30204,-0.030389,-0.016477,0.16334,-0.10811,0.13293,0.024757
40,0.26193,0.16913,0.025423,0.10539,0.38147,0.27041,0.13782,0.072007,0.17018,-0.17338,0.077818,0.023173,-0.010622,0.17796,0.13028,-0.051684,0.0064396,-0.042271,0.091988,0.15195,0.082719,-0.04216,0.0096141,0.15529,0.33574,-0.11116,0.17686,-0.026941,0.13979,0.059477,-0.22378,0.17766,0.10521,0.013977,0.13804,0.45415,0.2497,0.15119,0.082097,0.10903,1,-0.19387,0.14368,-0.21353,0.018532,0.25217,-0.0045474,-0.10764,0.093779,0.22824,-0.077093,-0.058586,0.02185,0.16661,-0.19701,-0.10055,0.17937,2.0107e-05,-0.018142,-0.13286,0.033115,-0.28035,-0.29084
41,0.043467,0.021833,0.21843,-0.060561,0.15401,-0.16597,0.18105,0.21752,-0.0063568,0.16333,-0.0081237,-0.10085,-0.0056402,0.016249,-0.27504,-0.067755,0.024544,0.20954,-0.056621,-0.17027,0.014348,-0.18415,-0.0090404,-0.025106,-0.15902,0.042714,-0.20179,-0.18454,0.02178,0.16307,0.27075,-0.21007,0.017508,0.081046,0.13658,-0.35795,0.075985,-0.17878,0.028057,-0.06468,-0.19387,1,0.13336,-0.42801,0.22702,0.055317,0.028036,0.10713,0.021745,-0.34048,-0.051994,0.038922,0.064313,-0.071208,0.22667,0.035665,-0.061659,0.24987,0.033929,0.13714,0.19979,-0.026014,-0.024107
42,0.03203,0.1444,-0.12104,-0.10471,0.19677,-0.070479,0.15152,0.061968,0.072853,0.066902,-0.082384,0.10797,0.059071,0.08958,-0.23068,0.029839,-0.014491,-0.063293,0.128,0.071315,-0.10684,0.018053,0.11728,0.015957,0.24663,0.033207,0.058761,-0.13701,0.08251,0.12792,-0.14592,-0.16099,0.13349,0.12915,0.22747,-0.079729,0.28983,-0.20824,0.18474,-0.10447,0.14368,0.13336,1,-0.043214,0.24903,0.12202,-0.31674,0.26104,0.030443,-0.02407,-0.04212,0.33322,0.29456,0.00024922,0.06327,0.12986,0.19686,0.12138,-0.32789,0.21729,0.050531,-0.037057,-0.3567
43,-0.11306,-0.14298,0.026191,0.12426,-0.20693,-0.0097801,0.045614,-0.21862,-0.1421,-0.24973,0.052155,0.14872,-0.13953,0.036293,0.026258,0.12054,0.0022523,-0.2017,0.031235,0.071614,-0.11517,0.077447,0.16698,-0.064426,-0.20123,0.090752,0.017834,-0.10571,-0.071822,-0.12713,-0.1355,0.1563,-0.086013,-0.068797,0.037439,-0.097279,-0.27857,0.064441,0.080253,-0.16763,-0.21353,-0.42801,-0.043214,1,-0.028461,-0.13832,0.023741,0.087278,-0.10284,0.1192,0.19045,0.014732,0.08822,0.15843,-0.11076,0.0013118,0.08624,-0.0067084,-0.057488,-0.14227,-0.18251,0.00020508,0.1167
44,0.011745,-0.17137,-0.071526,0.069704,0.049135,0.19092,-0.10368,-0.029618,0.12611,-0.00064024,0.29701,-0.01033,-0.058114,-0.044562,-0.22469,-0.19155,-0.14137,-0.077446,-0.11805,-0.15827,0.22356,-0.14692,0.020863,0.05476,-0.15613,0.011683,-0.01353,0.14184,0.23625,-0.021368,-0.032395,-0.14112,-0.24064,-0.042349,-0.020705,-0.33799,0.286,0.003016,0.078819,-0.19184,0.018532,0.22702,0.24903,-0.028461,1,0.1991,-0.20072,0.31952,0.020643,-0.12151,-0.0023085,0.20077,0.27938,0.15082,-0.077088,0.094518,-0.040498,0.27189,-0.17303,0.073105,0.2585,-0.33038,-0.013204
45,-0.085668,0.011541,-0.11804,-0.12225,0.18627,0.036365,0.17056,0.26679,0.49704,0.08931,0.12384,0.34673,0.33535,-0.024483,0.1821,-0.19039,-0.1068,-0.28583,-0.14496,0.16914,-0.086085,0.15829,0.054428,0.34242,0.065687,0.016258,0.025772,-0.013754,0.15478,-0.010887,0.043094,0.075594,0.029662,-0.058529,-0.11091,0.13712,0.10919,-0.099579,0.10743,-0.064478,0.25217,0.055317,0.12202,-0.13832,0.1991,1,-0.11536,0.032821,0.28712,0.20569,0.069949,0.21493,0.16271,0.42928,0.017392,0.053348,0.22262,-0.033907,0.027104,-0.22921,-0.04349,-0.25809,-0.1376
46,0.064599,-0.04051,-0.14358,-0.067241,0.17977,0.0034276,0.18207,-0.039015,-0.11226,-0.0098324,0.015292,-0.23017,0.014344,-0.086527,0.090298,0.11838,0.028043,0.23164,-0.096704,0.088166,0.0078908,-0.011293,0.022178,-0.25196,-0.13619,-0.0037388,-0.062413,0.014205,0.057624,0.14868,-0.0050408,0.24565,-0.016506,-0.057117,0.038922,-0.01729,0.0077465,0.070421,-0.16072,-0.10783,-0.0045474,0.028036,-0.31674,0.023741,-0.20072,-0.11536,1,0.20601,0.081099,0.14031,0.01346,-0.22217,0.014377,-0.12326,-0.04729,0.16479,0.21356,0.18128,0.22937,-0.067481,0.16052,0.078135,0.16212
47,0.18788,0.22856,-0.13865,-0.0096515,0.17606,0.022126,0.015099,-0.18047,0.096872,0.052379,0.16123,-0.024701,-0.0021716,0.059773,-0.14672,-0.11027,-0.068742,0.089847,0.11012,-0.024559,-0.10662,-0.019763,0.10434,0.049476,-0.21134,0.14732,0.01859,-0.077029,0.2468,0.047411,-0.095286,0.097557,0.16043,-0.030768,0.0052335,-0.13753,-0.020737,-0.13028,-0.010799,-0.25365,-0.10764,0.10713,0.26104,0.087278,0.31952,0.032821,0.20601,1,0.30381,0.18706,0.098361,0.06605,0.07532,0.060022,0.054196,0.038673,0.061049,0.17934,-0.21448,0.031956,0.052055,-0.10102,0.10306
48,-0.060295,-0.04518,-0.19433,-0.088646,-0.11387,0.0057879,0.22645,-0.25142,0.18995,-0.073317,-0.15293,-0.093316,-0.020356,0.12737,-0.086031,0.034375,-0.039363,-0.26732,-0.22201,-0.031104,-0.34802,-0.10463,0.12115,-0.13712,0.037577,0.25873,-0.1496,-0.046368,0.23521,-0.11555,-0.11926,0.036399,-0.12194,0.2152,-0.16213,-0.12056,-0.085643,-0.095243,0.033691,0.094086,0.093779,0.021745,0.030443,-0.10284,0.020643,0.28712,0.081099,0.30381,1,0.41815,0.22499,0.089665,-0.19071,-0.053106,-0.2105,0.074088,0.050797,0.27826,0.26126,-0.14691,-0.026551,0.045227,-0.013414
49,-0.077653,0.15903,-0.099484,0.093317,-0.087753,0.11677,-0.071766,-0.22805,0.19867,-0.080461,-0.12251,-0.10906,0.17923,0.060967,0.088551,-0.067611,-0.25549,-0.26365,-0.10301,0.20402,-0.068239,0.058045,0.10485,-0.056723,0.0092674,0.20341,0.01099,0.074345,0.16229,0.11328,-0.013194,0.14726,0.13289,0.094359,-0.14715,0.052139,-0.10276,-0.041614,-0.020933,0.016402,0.22824,-0.34048,-0.02407,0.1192,-0.12151,0.20569,0.14031,0.18706,0.41815,1,0.27468,0.2065,-0.056002,-0.0084016,-0.022784,0.060568,0.25653,-0.091525,0.07063,-0.20831,-0.064587,0.068353,0.00021601
50,0.057374,0.3146,0.21876,-0.049231,-0.060739,-0.17113,0.011245,-0.28166,-0.087482,-0.16866,-0.28976,0.08391,-0.0014521,-0.11532,-0.040702,0.1268,-0.1232,-0.18068,0.085045,-0.1138,0.070251,-0.019003,0.028939,0.084531,0.079197,0.16201,0.14726,-0.10897,0.066911,0.012492,0.069164,0.15364,0.070322,0.12247,-0.35142,-0.22762,0.030544,-0.09676,0.32105,0.31175,-0.077093,-0.051994,-0.04212,0.19045,-0.0023085,0.069949,0.01346,0.098361,0.22499,0.27468,1,-0.14758,-0.082919,0.040388,-0.14423,-0.042192,-0.10131,0.12889,-0.070528,-0.073769,0.11041,0.039935,-0.12446
51,0.093841,-0.053011,0.093372,0.16089,0.097978,0.038238,0.10234,-0.0042491,0.34071,-0.0051678,0.32982,-0.036114,0.051996,0.071361,-0.15576,0.25413,0.011017,0.065438,0.22343,0.36647,-0.23126,0.11177,0.099512,0.11607,-0.19709,0.14356,-0.071864,-0.053249,0.063042,0.16415,-0.10809,-0.13411,0.0074086,-0.068357,0.13984,-0.04416,0.20831,0.095033,0.23291,-0.081234,-0.058586,0.038922,0.33322,0.014732,0.20077,0.21493,-0.22217,0.06605,0.089665,0.2065,-0.14758,1,0.28696,0.058104,0.17338,0.45294,0.21379,-0.26622,-0.18964,-0.037522,-0.1314,0.10184,-0.024755
52,-0.20775,-0.022235,0.0676,0.15418,0.29248,0.0040273,0.10848,0.054624,0.18516,-0.055567,0.19559,-0.011771,0.098156,0.0049086,0.025078,0.097505,-0.11808,0.041001,0.15273,0.16151,-0.020318,-0.10825,0.085395,-0.044393,-0.17675,-0.059204,0.00028709,0.016571,-0.011134,-0.052644,-0.087753,-0.38682,0.1182,-0.060279,0.12475,0.050475,0.32083,0.15229,0.11506,0.098175,0.02185,0.064313,0.29456,0.08822,0.27938,0.16271,0.014377,0.07532,-0.19071,-0.056002,-0.082919,0.28696,1,-0.0021926,-0.039167,0.081719,0.031416,-0.10861,-0.21059,0.11157,0.10853,0.16377,0.023505
53,0.10898,-0.091714,-0.059605,-0.1233,0.21974,-0.14212,0.097542,0.079657,0.29459,-0.11679,0.23585,0.39806,0.19921,-0.2288,0.24298,-0.084583,0.032984,-0.33718,-0.1102,-0.1182,-0.0051504,0.41318,-0.16477,0.26632,-0.09774,-0.016566,0.10648,0.046877,-0.060376,-0.21576,-0.15138,0.2879,0.032812,-0.042731,-0.087565,-0.11023,0.038066,-0.019541,0.062185,-0.12339,0.16661,-0.071208,0.00024922,0.15843,0.15082,0.42928,-0.12326,0.060022,-0.053106,-0.0084016,0.040388,0.058104,-0.0021926,1,0.21122,-0.13131,0.053434,-0.085263,0.025484,-0.048476,0.056153,-0.31014,0.012736
54,0.10775,-0.19699,0.01139,0.036738,-0.0089911,-0.29203,-0.28401,-0.026916,0.033338,-0.033948,-0.054836,-0.073177,-0.16727,-0.01135,-0.028746,-0.14301,-0.19627,-0.12944,-0.16366,0.074102,-0.20629,0.044464,-0.32836,0.16719,-0.19602,0.11887,-0.1832,-0.032578,-0.14578,0.027544,0.20876,-0.17457,0.10722,0.24787,0.01286,-0.018007,-0.02792,-0.22463,0.19667,0.030656,-0.19701,0.22667,0.06327,-0.11076,-0.077088,0.017392,-0.04729,0.054196,-0.2105,-0.022784,-0.14423,0.17338,-0.039167,0.21122,1,0.017485,0.027448,-0.22213,-0.00070232,0.1654,-0.27033,-0.11693,0.20433
55,0.22475,0.053717,-0.0077886,0.11769,-0.13914,0.012517,0.18243,0.15688,0.099065,-0.0084474,0.2032,-0.11195,-0.027226,-0.073694,-0.2293,0.13688,0.034111,0.15824,-0.14054,0.37213,-0.031014,-0.17919,-0.011084,0.0028647,-0.14724,0.17565,-0.12481,-0.045645,0.29432,0.15779,-0.17141,0.0083353,0.061549,-0.074868,0.001115,-0.23089,0.092729,-0.095715,-0.039418,-0.0026319,-0.10055,0.035665,0.12986,0.0013118,0.094518,0.053348,0.16479,0.038673,0.074088,0.060568,-0.042192,0.45294,0.081719,-0.13131,0.017485,1,0.003878,-0.0015568,-0.047023,-0.11611,0.10142,-0.041688,0.36557
56,-0.0022974,0.081035,-0.40733,-0.064732,0.2437,-0.10047,0.032244,0.25762,0.27725,0.19096,0.13102,0.19188,0.21837,0.23294,0.027368,0.045765,-0.097437,0.044852,-0.063961,0.26852,0.005397,0.1845,0.20895,-0.042303,0.21052,0.074908,0.04183,0.26111,-0.084744,0.078894,-0.038797,0.28332,-0.16562,-0.11133,-0.045725,0.13042,0.037504,0.24449,0.047736,-0.30204,0.17937,-0.061659,0.19686,0.08624,-0.040498,0.22262,0.21356,0.061049,0.050797,0.25653,-0.10131,0.21379,0.031416,0.053434,0.027448,0.003878,1,0.080495,-0.012184,-0.21334,-0.088114,0.011058,-0.10582
57,-0.12114,-0.21863,-0.43923,-0.079873,0.10569,-0.093347,0.25319,0.0024064,-0.19607,0.13845,-0.064928,-0.17912,-0.092641,-0.15512,0.034401,-0.19455,0.081224,-0.049416,-0.25881,-0.099424,0.091142,-0.3329,-0.067339,-0.069583,0.070238,0.0060271,-0.25448,-0.11966,0.17438,-0.19132,0.0030898,0.041516,-0.2101,0.033421,-0.079899,-0.29995,0.11538,-0.0050412,-0.095954,-0.030389,2.0107e-05,0.24987,0.12138,-0.0067084,0.27189,-0.033907,0.18128,0.17934,0.27826,-0.091525,0.12889,-0.26622,-0.10861,-0.085263,-0.22213,-0.0015568,0.080495,1,0.31759,0.1413,0.083521,-0.20768,-0.26332
58,-0.20185,-0.20486,-0.35365,-0.046715,-0.21977,-0.0070488,0.17267,-0.080295,-0.11116,-0.13139,-0.13676,-0.1836,-0.082184,-0.40073,0.11111,-0.16892,0.026809,-0.21933,-0.37083,-0.10734,0.064172,-0.068439,-0.05221,-0.18736,-0.011914,-0.058367,-0.085077,-0.06345,-0.12368,-0.23749,-0.037665,0.10635,-0.093168,0.078736,-0.13775,-0.039803,-0.015493,0.049675,-0.056929,-0.016477,-0.018142,0.033929,-0.32789,-0.057488,-0.17303,0.027104,0.22937,-0.21448,0.26126,0.07063,-0.070528,-0.18964,-0.21059,0.025484,-0.00070232,-0.047023,-0.012184,0.31759,1,-0.12728,-0.052584,-0.17958,0.15463
59,0.050415,-0.016457,0.029976,0.14631,0.1994,-0.12967,0.22738,0.060016,-0.061916,0.019242,-0.21549,0.041593,0.023713,0.064623,0.040286,0.03313,0.051961,-0.063282,-0.02229,-0.080789,0.028405,-0.038392,-0.057693,0.15921,-0.10668,0.044879,0.015229,-0.2555,-0.14049,-0.059153,0.20903,-0.31989,0.25872,0.19641,0.19388,0.10923,0.18509,-0.12387,0.17991,0.16334,-0.13286,0.13714,0.21729,-0.14227,0.073105,-0.22921,-0.067481,0.031956,-0.14691,-0.20831,-0.073769,-0.037522,0.11157,-0.048476,0.1654,-0.11611,-0.21334,0.1413,-0.12728,1,-0.13639,-0.026118,-0.11671
60,0.20238,-0.07603,-0.064999,-0.15452,0.21878,0.077279,0.065491,0.12316,-0.038652,0.15876,0.014187,-0.01866,0.10191,-0.10567,-0.34476,0.040083,0.04448,0.2083,-0.12222,-0.13834,0.17035,-0.0021476,0.14557,-0.17427,0.078529,-0.16585,0.12338,0.19633,0.31637,0.067096,-0.21826,0.079017,-0.017757,0.13295,-0.28416,-0.20093,0.15015,0.021351,-0.2285,-0.10811,0.033115,0.19979,0.050531,-0.18251,0.2585,-0.04349,0.16052,0.052055,-0.026551,-0.064587,0.11041,-0.1314,0.10853,0.056153,-0.27033,0.10142,-0.088114,0.083521,-0.052584,-0.13639,1,0.0072255,0.11534
61,-0.23643,0.09718,0.041893,0.075941,-0.044494,-0.23958,0.053247,0.072814,-0.085933,-0.0079198,-0.29163,-0.093932,0.0041089,-0.034548,0.17024,0.34448,0.13324,0.21412,0.18476,-0.049248,-0.19341,-0.021001,0.20136,-0.34095,-0.048276,-0.16323,-0.026329,0.10615,-0.11384,-0.073378,-0.19809,-0.19659,-0.03868,-0.054423,-0.021125,-0.039454,-0.24869,0.14867,-0.059162,0.13293,-0.28035,-0.026014,-0.037057,0.00020508,-0.33038,-0.25809,0.078135,-0.10102,0.045227,0.068353,0.039935,0.10184,0.16377,-0.31014,-0.11693,-0.041688,0.011058,-0.20768,-0.17958,-0.026118,0.0072255,1,0.029527
62,0.20346,0.042968,-0.017345,0.14443,-0.15019,0.0089495,0.00073018,0.071824,-0.074768,-0.12408,0.075338,-0.13042,0.04045,-0.0023677,-0.078168,-0.16369,-0.073599,0.12307,-0.36006,0.26881,0.067948,0.0057865,-0.00028014,-0.019853,-0.28997,0.038869,-0.077317,0.085701,0.2325,0.0017651,-0.17687,0.00025407,0.078797,0.12363,-0.19691,-0.1206,-0.040119,0.15968,-0.046404,0.024757,-0.29084,-0.024107,-0.3567,0.1167,-0.013204,-0.1376,0.16212,0.10306,-0.013414,0.00021601,-0.12446,-0.024755,0.023505,0.012736,0.20433,0.36557,-0.10582,-0.26332,0.15463,-0.11671,0.11534,0.029527,1
