6.6955e-11 4.9436e-11 5.5536e-11 4.9351e-11 4.8923e-11 4.8427e-11 6.3303e-11 3.9851e-11 6.5022e-11 3.6873e-11 4.8157e-11 5.2987e-11 5.7303e-11 4.811e-11 4.4681e-11 4.9523e-11 4.9e-11 6.8157e-11 4.4015e-11 4.6369e-11 3.8389e-11 4.9106e-11 4.5277e-11 4.9916e-11 5.0267e-11 4.4637e-11 4.9084e-11 5.4099e-11 3.6803e-11 4.8272e-11 5.3337e-11 4.5176e-11 5.0314e-11 4.9758e-11 3.2107e-11 4.516e-11 3.9023e-11 4.7725e-11 3.6281e-11 3.6907e-11 3.5802e-11 3.0421e-11 2.6903e-11 2.4065e-11 2.7344e-11 2.8821e-11 2.7038e-11 2.2815e-11 2.2458e-11 2.8889e-11 1.5965e-11 2.5624e-11 1.4981e-11 1.4234e-11 2.0374e-11 1.7776e-11 2.3873e-11 1.2507e-11 1.6305e-11 1.0257e-11 1.6054e-11 4.3401e-12 5.8027e-12 6.9728e-12 1.2498e-11 6.3903e-12 1.4772e-11 5.8806e-12 7.5566e-12 1.2011e-11 4.3627e-12 1.1072e-12 5.2569e-12 9.5497e-12 1.0955e-11 2.2272e-12 4.483e-12 4.5208e-12 4.8879e-12 4.496e-12 3.3658e-12 3.7075e-12 4.251e-12 1.2889e-13 4.7681e-12 8.4233e-12 -5.9642e-13 2.5978e-12 5.6387e-12 3.1983e-12 3.8815e-12 3.8229e-12 3.9759e-12 1.0691e-12 3.643e-13 2.0578e-12 1.7669e-12 1.5864e-12 1.7709e-12 2.2138e-12 3.909e-12 -2.1702e-13 2.6823e-12 7.7156e-13 -1.4431e-12 1.2271e-12 8.1302e-13 6.7277e-12 4.0531e-12 -6.414e-13 2.7279e-12 -2.4605e-12 5.163e-13 3.7136e-12 -1.4534e-12 1.3312e-12 1.797e-12 -9.5461e-13 3.1974e-12 -1.4238e-12 -6.2388e-13 1.8762e-12 -2.8288e-13 5.7903e-13 5.1108e-13 1.6471e-12 3.1293e-13 2.9289e-12 -1.132e-12 1.8569e-12 5.9692e-14 -2.1145e-12 8.5112e-14 6.7134e-13 3.5082e-13 -1.3758e-12 3.5355e-13 9.698e-13 -4.6353e-13 4.1758e-13 -8.5546e-13 1.2828e-13 -4.9104e-14 6.5303e-13 1.6128e-12 -1.4279e-13 7.9729e-13 4.6152e-13 1.2372e-13 6.9431e-13 2.8657e-13 1.935e-14 -2.451e-14
4.9436e-11 5.7994e-11 5.3341e-11 4.7271e-11 4.7423e-11 4.4191e-11 5.3229e-11 3.8391e-11 6.0361e-11 3.0507e-11 4.8348e-11 4.8684e-11 5.2498e-11 4.3458e-11 3.9398e-11 4.7666e-11 4.6196e-11 5.9736e-11 4.1599e-11 4.5664e-11 3.7032e-11 4.7901e-11 4.0114e-11 4.5223e-11 4.638e-11 4.652e-11 4.3878e-11 5.1643e-11 4.311e-11 4.9778e-11 5.0583e-11 4.0397e-11 4.6827e-11 5.006e-11 4.3182e-11 4.1475e-11 3.4108e-11 4.2169e-11 3.2062e-11 3.6833e-11 3.3127e-11 3.0654e-11 2.5777e-11 2.1684e-11 2.596e-11 2.4553e-11 2.0389e-11 2.1227e-11 1.9571e-11 2.4841e-11 1.7071e-11 1.968e-11 9.3814e-12 1.4576e-11 1.8919e-11 1.6763e-11 1.6227e-11 1.2313e-11 1.6296e-11 1.0466e-11 1.4406e-11 8.3359e-12 7.1877e-12 7.6445e-12 1.1649e-11 8.8729e-12 1.4124e-11 5.0486e-12 5.0351e-12 1.0633e-11 6.7861e-12 1.6584e-13 3.1294e-12 6.3829e-12 1.5317e-11 7.591e-12 3.252e-12 9.0152e-12 4.8054e-12 3.5162e-12 1.6563e-12 3.3868e-12 3.6295e-12 2.7092e-13 2.5132e-12 2.1818e-12 2.1724e-13 4.8665e-12 4.9964e-12 3.0733e-12 -4.2323e-13 4.3903e-12 3.5302e-12 -2.5062e-12 6.9614e-12 3.6457e-12 1.4892e-12 1.4989e-12 1.0068e-12 1.0841e-12 2.1994e-12 3.1361e-12 3.3524e-12 1.8712e-12 7.6412e-15 2.3549e-12 2.1472e-12 4.6577e-12 3.4731e-12 -6.5807e-13 3.5132e-12 -2.877e-12 -5.1549e-13 2.4788e-12 5.2669e-13 -3.9815e-14 2.2122e-12 -2.4685e-12 1.1199e-12 -9.9178e-13 1.8707e-13 1.0097e-12 1.1959e-12 1.2943e-12 -7.0635e-14 2.1737e-12 7.8445e-13 1.2001e-12 -7.3826e-13 1.9146e-12 9.6634e-13 -2.9887e-12 8.832e-13 -2.0753e-12 -5.0152e-13 -1.3988e-13 -3.1321e-13 1.7558e-13 5.0406e-13 2.3278e-13 -2.2709e-13 -2.4117e-13 -4.719e-13 5.3296e-13 1.3224e-12 1.0341e-13 1.2297e-12 7.8408e-13 -1.2591e-13 6.7293e-13 -9.2687e-14 1.0986e-13 -1.0561e-13
5.5536e-11 5.3341e-11 6.733e-11 4.9818e-11 4.8805e-11 4.8957e-11 6.0076e-11 4.0116e-11 6.619e-11 3.7506e-11 5.0778e-11 5.2491e-11 5.7198e-11 4.9196e-11 4.3933e-11 5.0807e-11 4.8231e-11 6.4527e-11 4.5782e-11 4.7667e-11 3.9566e-11 5.3124e-11 4.6986e-11 5.0166e-11 5.3137e-11 4.6364e-11 4.5746e-11 5.4938e-11 4.4258e-11 5.0554e-11 5.0806e-11 4.3318e-11 5.334e-11 5.5608e-11 4.2708e-11 4.773e-11 3.8526e-11 4.6089e-11 3.6705e-11 4.0452e-11 3.3561e-11 3.1677e-11 2.7185e-11 2.3698e-11 2.9523e-11 3.0102e-11 2.2824e-11 2.3471e-11 2.2825e-11 2.6955e-11 1.8053e-11 2.0708e-11 1.5289e-11 1.5452e-11 1.7243e-11 1.5165e-11 2.4794e-11 1.2321e-11 1.3366e-11 1.0782e-11 1.3051e-11 7.8994e-12 5.1968e-12 6.6105e-12 1.3327e-11 1.0903e-11 1.1778e-11 6.3549e-12 7.707e-12 1.4279e-11 6.1439e-12 -7.3051e-13 3.2293e-12 6.1667e-12 1.2928e-11 5.7733e-12 4.8713e-12 5.2783e-12 4.9102e-12 4.3338e-12 3.8085e-12 2.7813e-12 3.5312e-12 3.0678e-12 3.0123e-12 7.8515e-12 -2.2072e-13 2.5762e-12 6.0275e-12 3.4046e-12 1.3718e-12 5.854e-12 5.9122e-12 2.3233e-13 6.5176e-12 2.0144e-12 1.2365e-12 -1.0902e-12 1.8041e-12 2.9427e-12 3.3603e-12 2.7058e-12 5.1011e-12 5.677e-12 4.1354e-13 1.8748e-12 1.6865e-12 4.1695e-12 3.2881e-12 -6.8146e-13 3.7147e-12 4.4578e-13 -5.7796e-13 4.1129e-12 -3.7012e-13 -1.2403e-12 3.1375e-12 -6.9997e-13 3.2397e-12 -1.1996e-12 1.748e-12 2.4962e-12 -1.7235e-14 2.0358e-12 1.0186e-14 6.363e-13 -5.1243e-13 7.624e-13 -1.2646e-12 3.0293e-12 1.4757e-12 -3.1825e-12 1.0135e-12 -1.4644e-12 -5.8613e-13 -2.1145e-13 -4.2579e-13 -3.9921e-13 5.7771e-13 6.5144e-14 -4.1174e-13 4.1553e-13 -8.7405e-13 6.1001e-13 9.2426e-13 -8.2649e-15 1.0252e-12 3.3002e-13 8.5592e-15 5.3443e-13 -2.1229e-13 1.1346e-13 -2.849e-16
4.9351e-11 4.7271e-11 4.9818e-11 5.0411e-11 4.39e-11 4.0513e-11 5.5359e-11 3.6027e-11 5.8348e-11 2.8654e-11 4.4326e-11 4.8874e-11 5.0442e-11 4.1672e-11 3.9811e-11 4.408e-11 4.3002e-11 5.6731e-11 3.9975e-11 4.2791e-11 3.4738e-11 4.8477e-11 4e-11 4.4991e-11 4.5556e-11 4.1583e-11 4.3021e-11 4.6976e-11 3.6149e-11 4.4351e-11 4.538e-11 4.2311e-11 4.438e-11 4.7179e-11 3.451e-11 4.0304e-11 3.4331e-11 4.1018e-11 3.0579e-11 3.5113e-11 3.2166e-11 2.639e-11 2.3793e-11 1.8363e-11 2.358e-11 2.5263e-11 1.8397e-11 2.0322e-11 1.6355e-11 2.1896e-11 1.5973e-11 1.7618e-11 1.4186e-11 1.6754e-11 1.7821e-11 1.5349e-11 1.9217e-11 1.1349e-11 1.3454e-11 9.751e-12 1.4992e-11 7.0918e-12 8.2659e-12 6.4917e-12 1.1007e-11 5.9485e-12 1.2356e-11 6.5724e-12 7.4905e-12 1.0327e-11 6.4663e-12 5.2953e-13 4.6235e-12 5.8958e-12 1.1275e-11 5.6839e-12 2.2916e-12 6.9636e-12 3.5722e-12 3.243e-12 -7.4701e-13 5.7851e-13 4.1233e-12 2.2315e-14 4.0687e-12 6.4615e-12 -2.1504e-13 2.5044e-12 4.3689e-12 1.7797e-12 2.5631e-12 5.608e-12 3.3469e-12 8.7251e-13 4.0187e-12 4.314e-12 2.7213e-12 7.5873e-13 3.7415e-13 2.2465e-12 2.153e-12 2.1001e-12 4.6617e-12 2.6753e-12 -1.3829e-13 1.2241e-12 1.5634e-12 5.3021e-12 3.8809e-12 6.9576e-13 2.3017e-12 -1.4255e-12 6.5474e-13 1.2502e-12 -4.3974e-13 2.0578e-12 2.7058e-12 -1.2969e-12 2.2017e-12 -1.1864e-12 -4.9688e-13 1.9151e-12 7.6662e-14 5.8764e-13 4.7468e-13 1.5004e-12 8.834e-13 1.0195e-12 -1.573e-12 2.443e-12 1.9413e-13 -2.5819e-12 7.6176e-13 -8.1975e-13 -1.0058e-12 -7.4207e-14 -9.4771e-13 -2.09e-13 3.745e-13 4.8532e-14 -5.823e-13 -2.6905e-13 -2.4145e-13 1.1028e-12 1.5367e-12 8.9868e-14 1.1764e-12 4.3105e-13 1.2399e-14 5.4005e-13 3.5086e-14 1.0645e-13 -3.3246e-14
4.8923e-11 4.7423e-11 4.8805e-11 4.39e-11 5.3533e-11 3.9609e-11 5.474e-11 3.5143e-11 5.9065e-11 3.0288e-11 4.5237e-11 4.7098e-11 5.0437e-11 4.2409e-11 3.9392e-11 4.232e-11 4.4315e-11 5.5359e-11 4.3013e-11 4.1186e-11 3.841e-11 4.7485e-11 4.3707e-11 4.4274e-11 4.541e-11 4.2765e-11 4.4179e-11 5.3941e-11 3.7197e-11 4.2411e-11 4.6771e-11 4.0778e-11 4.3918e-11 4.8293e-11 3.423e-11 3.9782e-11 3.661e-11 4.1943e-11 2.9582e-11 3.2906e-11 3.3715e-11 3.1133e-11 2.6057e-11 2.1783e-11 2.3354e-11 2.0758e-11 2.103e-11 2.1408e-11 2.0863e-11 2.289e-11 1.5311e-11 2.022e-11 1.445e-11 1.0836e-11 1.8588e-11 1.4566e-11 1.6513e-11 1.2764e-11 1.2521e-11 9.9153e-12 1.4294e-11 6.8758e-12 5.5518e-12 6.7876e-12 1.1016e-11 7.3928e-12 1.2265e-11 6.7632e-12 5.6357e-12 8.7869e-12 7.6052e-12 -4.7334e-13 5.6016e-12 6.3295e-12 1.5011e-11 2.115e-12 3.902e-12 7.7312e-12 4.7454e-12 4.1235e-12 1.5283e-12 4.6618e-12 -6.716e-13 8.5132e-13 2.1954e-12 3.8997e-12 -1.079e-12 4.32e-12 5.6569e-12 3.2368e-12 1.1136e-12 5.619e-12 1.5812e-12 4.6832e-13 3.1613e-12 3.9392e-12 3.2022e-12 1.1864e-12 3.1993e-12 4.4833e-12 3.8771e-12 3.3892e-12 4.9581e-12 2.4972e-13 1.5028e-12 -9.9341e-14 2.1563e-12 4.2517e-12 4.1025e-12 -4.5914e-13 4.6638e-12 -1.7523e-12 -3.171e-13 2.0828e-12 -1.033e-12 2.0713e-12 1.8164e-12 -7.8236e-13 2.0346e-12 7.8055e-14 -7.4655e-13 1.8848e-13 2.0601e-13 2.8826e-12 1.3782e-13 2.9234e-12 -3.2793e-13 1.7725e-12 -9.171e-13 2.4871e-12 3.6357e-14 -2.5504e-12 3.5414e-13 -7.2276e-13 5.7021e-13 -9.9768e-13 -5.8206e-13 3.2702e-13 4.7886e-13 -2.0888e-13 -8.3671e-13 -6.3885e-13 -7.999e-13 8.8065e-13 9.5743e-13 2.3962e-13 9.546e-13 1.0804e-12 -9.5932e-14 5.4298e-13 -1.0076e-13 9.3859e-14 -1.728e-14
4.8427e-11 4.4191e-11 4.8957e-11 4.0513e-11 3.9609e-11 4.9691e-11 5.0905e-11 3.458e-11 5.5025e-11 3.0427e-11 4.2594e-11 4.4537e-11 4.8677e-11 4.2218e-11 3.8572e-11 4.2747e-11 4.3601e-11 5.0688e-11 3.8412e-11 4.0753e-11 3.3518e-11 4.2177e-11 3.9501e-11 3.9639e-11 4.5465e-11 3.7763e-11 4.4721e-11 4.4318e-11 3.5223e-11 4.5311e-11 4.5298e-11 3.7742e-11 4.3789e-11 4.4835e-11 3.5307e-11 3.994e-11 3.3567e-11 3.9841e-11 2.9638e-11 3.3916e-11 2.8529e-11 2.5726e-11 1.9395e-11 2.2191e-11 2.4754e-11 2.0874e-11 2.2752e-11 2.1786e-11 1.9582e-11 2.1634e-11 1.5745e-11 1.8509e-11 9.9004e-12 1.7108e-11 1.5158e-11 1.6579e-11 1.8371e-11 9.9029e-12 1.6652e-11 8.0139e-12 1.0971e-11 6.1454e-12 4.4876e-12 6.4964e-12 1.1333e-11 8.6663e-12 1.0598e-11 4.8762e-12 3.9073e-12 1.1017e-11 5.2282e-12 -7.3528e-13 4.3009e-12 6.8301e-12 9.8494e-12 2.4338e-12 2.0714e-12 5.3247e-12 3.7172e-12 3.272e-12 4.3156e-12 2.5038e-12 5.1434e-12 -3.4733e-13 1.1608e-12 5.4076e-12 5.912e-14 5.9972e-12 6.8651e-12 2.8261e-12 6.376e-13 3.7975e-12 4.5656e-12 2.9187e-12 3.087e-12 2.0952e-12 -4.2748e-13 -3.8886e-13 1.2756e-12 3.0269e-13 4.3364e-12 3.2904e-13 3.841e-12 4.2196e-12 -1.0589e-12 6.824e-13 2.2342e-12 6.3936e-12 4.4892e-12 -1.3937e-12 2.8069e-12 -1.2625e-12 -2.6125e-13 1.3508e-12 1.8167e-13 -3.6967e-13 1.6157e-12 -2.2275e-12 3.5182e-12 -3.1359e-13 -3.59e-13 3.5904e-12 -3.0761e-13 3.9805e-13 1.1893e-12 5.3615e-13 -5.0545e-13 1.8866e-12 -8.4858e-13 1.7971e-12 1.9505e-12 -3.0766e-12 2.8679e-13 -1.5947e-12 -5.3022e-13 -1.1075e-12 4.2904e-13 -2.6131e-13 3.5625e-13 1.5814e-12 4.2659e-13 4.7213e-14 2.513e-13 -1.7764e-13 1.3201e-12 -2.3818e-13 7.6868e-13 9.541e-13 1.4901e-13 6.2199e-13 6.7844e-14 6.6774e-14 -2.8355e-14
6.3303e-11 5.3229e-11 6.0076e-11 5.5359e-11 5.474e-11 5.0905e-11 7.8437e-11 4.7142e-11 7.2107e-11 3.9198e-11 5.4937e-11 6.045e-11 6.01e-11 5.2746e-11 5.1231e-11 5.4196e-11 5.3574e-11 7.0232e-11 4.9516e-11 5.1042e-11 4.3808e-11 5.448e-11 5.254e-11 5.3514e-11 5.3273e-11 5.1478e-11 5.2797e-11 6.0107e-11 4.3655e-11 5.2813e-11 5.8279e-11 5.186e-11 5.6233e-11 5.9673e-11 4.0144e-11 5.0176e-11 4.6321e-11 5.2707e-11 3.8809e-11 4.1647e-11 4.0082e-11 3.514e-11 3.3336e-11 2.6469e-11 2.9212e-11 2.8662e-11 2.6588e-11 2.4121e-11 2.3268e-11 2.6975e-11 2.2115e-11 1.955e-11 2.1093e-11 1.5516e-11 2.1766e-11 1.5886e-11 2.2781e-11 1.8378e-11 1.9165e-11 1.3093e-11 1.9773e-11 7.7354e-12 7.8955e-12 7.6902e-12 2.0476e-11 7.7069e-12 1.3349e-11 7.5854e-12 8.8635e-12 1.3443e-11 3.7922e-12 3.6098e-12 8.8506e-12 7.3391e-12 1.3013e-11 3.2975e-12 4.9717e-12 9.6644e-12 5.4196e-12 3.9328e-12 -9.6502e-13 4.7858e-12 1.2264e-12 -1.3212e-12 2.3588e-12 9.2566e-12 8.3282e-13 3.6129e-12 4.1669e-12 5.2587e-12 2.705e-12 6.5733e-12 3.9142e-12 2.4737e-12 8.5089e-13 6.4151e-12 1.3265e-13 1.0908e-12 3.2976e-12 6.5786e-12 3.9392e-12 1.3535e-12 5.5999e-12 4.2078e-12 8.3007e-13 -7.6195e-13 1.7576e-12 6.8265e-12 5.4714e-12 5.1626e-13 1.6984e-12 -3.243e-12 -4.073e-13 3.0078e-12 1.0066e-12 9.8616e-13 4.1028e-12 -2.1056e-12 2.4979e-12 8.3821e-13 -7.4093e-13 1.8891e-12 1.104e-13 4.7289e-13 1.3597e-12 1.2512e-12 -2.7095e-13 2.0599e-12 -1.8493e-12 2.7668e-12 -2.2227e-13 -3.1747e-12 9.4145e-13 -1.2897e-12 -2.6761e-13 -2.3908e-12 3.6422e-13 7.3497e-13 6.1997e-13 -6.1124e-14 -8.7494e-13 -4.5699e-13 -2.8349e-13 3.6341e-13 1.6558e-12 8.1316e-14 1.1881e-12 6.6309e-13 1.4293e-13 7.7097e-13 -1.2344e-13 5.3077e-14 -5.3701e-14
3.9851e-11 3.8391e-11 4.0116e-11 3.6027e-11 3.5143e-11 3.458e-11 4.7142e-11 3.7223e-11 4.7896e-11 2.5401e-11 3.8593e-11 3.8969e-11 3.8497e-11 3.4266e-11 3.3228e-11 3.6214e-11 3.5977e-11 4.5974e-11 3.4241e-11 3.2064e-11 3.1461e-11 3.4839e-11 3.406e-11 3.3733e-11 3.6342e-11 3.4599e-11 3.6715e-11 4.1716e-11 2.9031e-11 3.6372e-11 3.9306e-11 3.3514e-11 3.6306e-11 3.9926e-11 2.9841e-11 3.4102e-11 2.9233e-11 3.4212e-11 2.8009e-11 2.8843e-11 2.8195e-11 2.0746e-11 2.0516e-11 1.804e-11 2.1404e-11 1.9273e-11 1.4109e-11 1.5674e-11 1.6934e-11 2.0069e-11 1.3545e-11 1.493e-11 1.2548e-11 1.3049e-11 1.3246e-11 1.2882e-11 1.3705e-11 9.9762e-12 1.3311e-11 7.6859e-12 1.3608e-11 6.0302e-12 4.5228e-12 5.804e-12 9.749e-12 6.0627e-12 9.6133e-12 3.6406e-12 4.828e-12 8.0227e-12 5.1563e-12 1.5249e-13 3.8181e-12 4.4908e-12 8.3607e-12 3.5534e-12 1.7533e-12 6.2793e-12 9.3219e-13 2.8875e-12 -1.0314e-12 1.9221e-12 9.841e-13 -2.5278e-12 2.4733e-12 4.0856e-12 5.3494e-13 2.0563e-12 2.3849e-12 2.4917e-12 -5.3173e-14 4.1219e-12 3.4474e-12 5.3469e-13 2.2182e-12 3.3679e-12 -7.0227e-14 1.1319e-12 -2.3456e-13 3.5827e-12 6.6167e-13 1.8857e-12 2.1995e-12 3.1338e-12 -2.4078e-13 1.0841e-13 2.0849e-12 2.9466e-12 2.4439e-12 -5.3045e-15 2.1523e-12 -3.1808e-12 -3.9544e-13 1.8657e-12 -1.0656e-12 1.4128e-12 1.0264e-12 -1.0353e-12 1.0317e-12 1.1993e-12 -5.8779e-13 2.1088e-12 2.3268e-12 7.8826e-13 -6.3119e-13 4.4535e-13 -3.39e-13 1.9831e-12 -9.7674e-13 2.1411e-12 -1.2711e-13 -2.267e-12 1.1598e-12 -6.8823e-13 -4.2772e-13 -4.9744e-13 1.1871e-13 4.0234e-13 1.0317e-12 6.9662e-13 -6.8353e-13 7.6428e-13 2.177e-14 2.9613e-13 1.2305e-12 6.2754e-13 9.1194e-13 5.9614e-13 2.1855e-13 5.329e-13 -1.5154e-13 4.076e-14 -7.44e-14
6.5022e-11 6.0361e-11 6.619e-11 5.8348e-11 5.9065e-11 5.5025e-11 7.2107e-11 4.7896e-11 8.183e-11 4.1084e-11 5.6432e-11 6.1734e-11 6.2753e-11 5.5418e-11 5.1374e-11 5.6733e-11 5.5894e-11 7.2809e-11 5.3813e-11 5.2208e-11 4.7631e-11 5.8513e-11 5.4623e-11 5.6511e-11 5.9075e-11 5.6804e-11 5.6922e-11 6.6669e-11 5.122e-11 5.4888e-11 5.9991e-11 5.3491e-11 5.7066e-11 6.373e-11 4.5544e-11 5.0475e-11 4.6124e-11 5.5748e-11 4.013e-11 4.5689e-11 4.3829e-11 3.6511e-11 3.083e-11 2.5874e-11 3.4466e-11 2.9664e-11 2.5824e-11 2.8466e-11 2.511e-11 3.1362e-11 2.2277e-11 2.4219e-11 1.7407e-11 2.0589e-11 2.1323e-11 1.9681e-11 2.6317e-11 1.5078e-11 1.9792e-11 1.1846e-11 1.7657e-11 9.0552e-12 5.3165e-12 7.3493e-12 1.5476e-11 1.0707e-11 1.2552e-11 8.6905e-12 8.3456e-12 1.3314e-11 9.005e-12 -9.3916e-13 7.6491e-12 8.8282e-12 1.5605e-11 5.3455e-12 5.7146e-12 9.8133e-12 4.0959e-12 4.3716e-12 -5.585e-13 3.872e-12 3.4174e-12 4.6282e-13 4.0246e-12 8.5692e-12 -8.9419e-13 6.8027e-12 5.9902e-12 5.3088e-12 2.1544e-12 4.0827e-12 3.4686e-12 2.0328e-12 5.8845e-12 4.7997e-12 1.4852e-12 -6.2945e-13 2.9623e-12 3.4329e-12 4.0408e-12 2.0294e-12 5.9298e-12 3.64e-12 2.0498e-14 1.6447e-12 1.4579e-12 6.3834e-12 4.7385e-12 -5.8664e-13 3.9054e-12 -1.1694e-12 -7.762e-13 3.1391e-12 -3.7919e-13 5.6076e-13 3.0467e-12 -1.9864e-12 3.7141e-12 -1.0388e-12 2.2279e-13 2.296e-12 7.3283e-14 2.9482e-13 -6.9454e-13 2.8855e-12 -8.2707e-13 1.4741e-12 -2.661e-12 2.614e-12 3.4379e-13 -3.94e-12 2.7732e-13 -1.495e-12 -4.1547e-14 -7.6771e-13 2.6122e-13 -3.7486e-15 8.2099e-13 4.2954e-13 -1.0736e-12 -2.6039e-13 -5.8105e-13 5.0839e-13 1.9487e-12 9.1172e-14 9.9834e-13 9.5176e-13 3.5142e-13 8.3402e-13 -3.7396e-14 1.3543e-13 -1.6584e-14
3.6873e-11 3.0507e-11 3.7506e-11 2.8654e-11 3.0288e-11 3.0427e-11 3.9198e-11 2.5401e-11 4.1084e-11 2.9179e-11 3.221e-11 3.2579e-11 3.6931e-11 3.1518e-11 2.8874e-11 3.1423e-11 2.9986e-11 4.116e-11 2.8765e-11 2.6194e-11 2.4824e-11 3.0389e-11 3.0812e-11 3.0974e-11 3.2401e-11 2.8878e-11 2.7257e-11 3.5263e-11 2.3661e-11 2.9537e-11 3.2803e-11 2.7631e-11 3.1085e-11 3.4073e-11 2.3995e-11 2.7311e-11 2.319e-11 3.131e-11 2.2854e-11 2.2649e-11 2.1517e-11 1.9017e-11 1.6234e-11 1.5361e-11 1.7718e-11 1.8627e-11 1.4545e-11 1.6102e-11 1.3837e-11 1.454e-11 1.0624e-11 1.3633e-11 1.0532e-11 8.5579e-12 9.4188e-12 8.7219e-12 1.3725e-11 7.898e-12 9.4732e-12 5.9324e-12 7.8877e-12 3.9964e-12 4.2138e-12 3.768e-12 1.1027e-11 3.6804e-12 8.5038e-12 3.8059e-12 4.4777e-12 9.9162e-12 2.0757e-12 -1.1142e-12 5.5164e-12 3.4228e-12 8.1611e-12 2.3765e-12 3.7319e-12 3.2787e-12 3.0692e-12 2.2581e-12 1.3071e-12 4.1395e-12 6.9103e-13 1.3013e-12 -8.9348e-13 6.0689e-12 1.9164e-12 1.7916e-12 5.3357e-12 3.5545e-12 4.0699e-12 7.7152e-13 4.2382e-12 1.1196e-12 1.7248e-12 2.0812e-12 5.753e-14 3.9924e-13 2.2972e-12 2.5775e-12 1.2016e-12 9.8168e-13 2.065e-12 1.3719e-12 -4.3947e-13 4.6557e-13 5.6056e-13 2.4368e-12 2.5471e-12 -8.5423e-13 5.3045e-15 -3.2265e-14 5.2115e-14 2.7458e-12 1.6432e-13 -3.3237e-13 1.3828e-12 -9.4357e-13 2.2728e-12 -1.2769e-13 6.3598e-13 6.3946e-13 7.929e-13 8.7595e-13 4.3589e-13 7.6088e-13 1.1755e-12 2.0129e-12 -1.6298e-12 1.7347e-12 8.1407e-13 -1.2543e-12 1.0161e-12 -1.0104e-12 1.7273e-13 -1.3725e-12 -5.3423e-14 2.3475e-13 -3.5279e-13 1.3891e-13 -7.0831e-13 1.1132e-13 -4.956e-13 1.2395e-13 1.0403e-12 -4.2689e-13 2.0679e-13 3.3856e-13 1.2373e-13 5.3842e-13 -4.1396e-14 8.3592e-14 -1.5829e-14
4.8157e-11 4.8348e-11 5.0778e-11 4.4326e-11 4.5237e-11 4.2594e-11 5.4937e-11 3.8593e-11 5.6432e-11 3.221e-11 5.6519e-11 4.5456e-11 5.0232e-11 4.5249e-11 4.2726e-11 4.4811e-11 4.3277e-11 5.1203e-11 4.1993e-11 4.0951e-11 3.4799e-11 4.6259e-11 4.1189e-11 4.2865e-11 4.2445e-11 4.0922e-11 4.3394e-11 4.9589e-11 3.5148e-11 4.5848e-11 4.7672e-11 3.6872e-11 4.8545e-11 4.9894e-11 3.7353e-11 4.0251e-11 3.351e-11 4.2445e-11 3.2223e-11 3.5298e-11 2.9702e-11 2.7751e-11 2.3106e-11 2.1801e-11 2.137e-11 2.6489e-11 1.844e-11 2.0365e-11 1.9862e-11 2.1239e-11 1.1115e-11 1.558e-11 1.4822e-11 1.3942e-11 1.7867e-11 1.3618e-11 1.5827e-11 1.2792e-11 1.3829e-11 9.6565e-12 1.2633e-11 3.1822e-12 4.898e-12 8.5352e-12 1.0222e-11 8.5932e-12 1.0754e-11 3.537e-12 4.8782e-12 1.2627e-11 6.367e-12 1.7955e-12 4.5102e-12 3.6019e-12 1.1713e-11 3.1848e-12 3.5503e-12 6.776e-12 6.0979e-12 4.2014e-12 3.0677e-12 4.6115e-12 4.5671e-13 7.5103e-13 2.43e-12 6.3771e-12 4.565e-12 3.5664e-12 4.9149e-12 3.0562e-12 8.1198e-13 4.5639e-12 3.6364e-12 9.16e-13 1.7931e-12 1.5992e-12 -4.2076e-13 3.2033e-12 1.1135e-13 3.9538e-12 1.1117e-13 2.8475e-12 2.3892e-12 3.0166e-12 -6.7354e-13 1.0106e-12 1.5983e-12 6.1205e-12 3.0685e-12 -1.3616e-13 2.8405e-12 -1.4051e-12 -2.6537e-13 2.3164e-13 -7.7395e-13 8.8943e-13 1.5977e-12 -9.8927e-13 1.5438e-12 -2.8657e-13 -8.9902e-13 1.7041e-13 1.198e-12 2.3877e-12 4.0329e-13 1.3381e-12 2.8167e-13 2.0025e-12 -1.2566e-12 2.3339e-12 -3.9176e-13 -2.131e-12 1.1811e-12 -6.5473e-13 1.123e-12 -1.0124e-12 -7.3938e-13 3.5707e-14 3.1568e-13 8.569e-13 -7.7145e-13 5.0152e-13 -3.0663e-14 2.8715e-13 5.5037e-13 -5.4188e-14 8.421e-13 4.736e-13 3.3948e-14 4.5314e-13 -1.3556e-13 1.3266e-13 -8.8853e-14
5.2987e-11 4.8684e-11 5.2491e-11 4.8874e-11 4.7098e-11 4.4537e-11 6.045e-11 3.8969e-11 6.1734e-11 3.2579e-11 4.5456e-11 6.3227e-11 5.439e-11 4.4744e-11 4.6591e-11 4.7048e-11 4.5634e-11 6.1479e-11 4.4037e-11 4.4088e-11 3.8438e-11 5.1467e-11 4.5186e-11 5.1254e-11 5.2442e-11 4.5276e-11 4.7806e-11 5.09e-11 4.1209e-11 5.1404e-11 4.7883e-11 4.6961e-11 4.9745e-11 5.1303e-11 3.8603e-11 4.7527e-11 3.5123e-11 4.1443e-11 3.05e-11 3.8496e-11 3.6452e-11 2.7413e-11 2.475e-11 2.2582e-11 2.4047e-11 2.6729e-11 2.1973e-11 2.4455e-11 1.906e-11 2.6184e-11 2.161e-11 1.8538e-11 1.6514e-11 1.3011e-11 2.0865e-11 1.4214e-11 2.2035e-11 1.1056e-11 1.464e-11 1.2792e-11 1.5076e-11 1.0343e-11 7.3154e-12 5.9976e-12 1.7551e-11 7.7883e-12 1.4699e-11 4.5723e-12 6.7172e-12 1.1301e-11 6.795e-12 1.4317e-12 5.688e-12 7.901e-12 1.0147e-11 5.1509e-12 4.2461e-12 1.041e-11 8.0197e-12 3.8933e-12 1.7602e-12 4.1677e-12 4.1039e-12 -7.0819e-14 3.3705e-13 8.0045e-12 -2.414e-12 7.8645e-13 3.8159e-12 3.4827e-12 3.9448e-12 6.3687e-12 2.8815e-12 9.3594e-13 3.4337e-12 4.6746e-12 1.3891e-12 1.1964e-12 3.8072e-12 2.7493e-12 4.4614e-12 2.0911e-12 5.0128e-12 2.4952e-12 1.7504e-12 1.3188e-12 1.2758e-12 4.7255e-12 4.9001e-12 2.4682e-13 2.4981e-12 -2.2197e-12 -1.3829e-13 3.1343e-12 -1.3585e-13 3.4735e-12 3.3554e-12 -1.6553e-12 2.7288e-12 9.1096e-13 -9.7021e-13 2.3044e-12 -5.2563e-14 1.2391e-12 -1.2089e-12 1.2935e-13 1.6705e-12 1.3152e-12 -1.3223e-12 2.9364e-12 2.4514e-12 -3.7318e-12 5.9256e-14 -4.0805e-13 -1.7314e-12 1.6988e-15 -6.2041e-13 2.8971e-14 4.0595e-13 -9.9087e-14 -7.6491e-13 -2.9088e-13 -5.7771e-13 6.7078e-13 1.6417e-12 5.5659e-13 5.9548e-13 8.9695e-13 -1.4172e-13 7.1537e-13 6.4479e-15 6.121e-15 -4.7096e-14
5.7303e-11 5.2498e-11 5.7198e-11 5.0442e-11 5.0437e-11 4.8677e-11 6.01e-11 3.8497e-11 6.2753e-11 3.6931e-11 5.0232e-11 5.439e-11 6.8865e-11 5.0462e-11 4.3581e-11 5.0717e-11 4.6437e-11 6.4511e-11 4.1448e-11 4.4002e-11 3.8916e-11 5.3003e-11 4.2643e-11 5.226e-11 5.1874e-11 4.5671e-11 4.7905e-11 5.3487e-11 4.1066e-11 5.1726e-11 5.1775e-11 4.622e-11 5.0661e-11 5.5746e-11 3.5578e-11 4.9996e-11 3.5721e-11 4.6759e-11 3.1179e-11 3.6409e-11 3.5939e-11 3.1409e-11 2.7599e-11 2.0901e-11 2.5081e-11 2.7086e-11 2.3293e-11 2.4296e-11 2.0713e-11 2.678e-11 1.8168e-11 1.8123e-11 1.4718e-11 1.3361e-11 2.2103e-11 1.8756e-11 1.9344e-11 1.1252e-11 1.1981e-11 7.5676e-12 1.3642e-11 8.6774e-12 6.1495e-12 7.4454e-12 1.4918e-11 5.616e-12 1.3535e-11 5.7516e-12 6.2473e-12 1.1001e-11 6.5737e-12 -5.0275e-13 3.3788e-12 7.1184e-12 1.3893e-11 3.5898e-12 3.4612e-12 6.5838e-12 5.566e-12 6.0073e-12 3.5448e-12 4.6926e-12 1.507e-12 -1.4104e-12 1.9476e-12 5.9686e-12 2.0371e-12 1.3291e-12 8.5085e-12 2.052e-12 2.9121e-12 9.5142e-13 5.8105e-12 -4.9983e-13 2.6146e-12 5.8865e-12 2.7012e-12 1.6348e-12 3.184e-12 1.9717e-12 4.2833e-12 2.4293e-12 2.2214e-12 1.1921e-12 2.513e-12 5.7603e-13 2.2516e-12 4.754e-12 5.4965e-12 -5.4126e-13 4.0237e-12 -1.1267e-12 1.8788e-12 2.7863e-12 -1.8133e-13 1.0286e-12 2.2152e-12 -1.2849e-12 3.5082e-12 -7.4234e-13 7.5488e-13 2.5969e-12 1.4105e-12 2.3737e-12 1.2412e-12 9.863e-13 3.3196e-12 1.369e-12 -9.7426e-13 2.4967e-12 6.2896e-13 -2.1248e-12 1.1157e-12 -6.9435e-13 -8.7091e-13 -1.1133e-12 -1.3347e-12 -3.0961e-13 -4.0256e-13 1.3374e-13 -5.9998e-13 -1.7244e-13 -1.1972e-12 4.2457e-13 1.5076e-12 -3.5845e-13 1.1995e-12 4.9066e-13 -3.4733e-14 6.3343e-13 2.3939e-13 4.08e-14 -2.0476e-14
4.811e-11 4.3458e-11 4.9196e-11 4.1672e-11 4.2409e-11 4.2218e-11 5.2746e-11 3.4266e-11 5.5418e-11 3.1518e-11 4.5249e-11 4.4744e-11 5.0462e-11 4.9977e-11 4.2115e-11 4.3735e-11 4.0396e-11 5.1316e-11 3.8338e-11 3.7786e-11 3.4738e-11 4.3968e-11 4.0672e-11 4.0974e-11 4.4427e-11 3.9095e-11 3.8884e-11 4.7017e-11 3.4451e-11 4.2348e-11 4.2391e-11 3.6045e-11 4.4325e-11 4.3885e-11 3.0959e-11 4.181e-11 3.3392e-11 3.9741e-11 2.9464e-11 3.172e-11 3.4121e-11 2.5178e-11 2.3375e-11 2.1048e-11 2.1709e-11 2.4612e-11 2.0525e-11 2.1276e-11 1.946e-11 2.1502e-11 1.3359e-11 1.713e-11 1.3548e-11 1.386e-11 1.6854e-11 1.0548e-11 1.8428e-11 9.7882e-12 1.2337e-11 1.0456e-11 1.0466e-11 3.3186e-12 4.711e-12 5.1015e-12 1.3071e-11 8.502e-12 9.9729e-12 2.2636e-12 5.1835e-12 1.1367e-11 5.0517e-12 6.8493e-13 3.9636e-12 5.5463e-12 1.2298e-11 3.1126e-12 4.4567e-12 8.3461e-12 4.982e-12 5.8414e-12 1.6082e-12 3.6453e-12 2.453e-12 5.1508e-13 1.5766e-12 6.7999e-12 3.5843e-12 4.577e-12 3.3988e-12 3.2589e-12 1.498e-12 3.1701e-12 2.8128e-12 1.5444e-12 2.6035e-12 4.3457e-12 -1.353e-12 1.0555e-12 1.8375e-12 2.7758e-12 2.5584e-12 2.5124e-12 3.8595e-12 4.2454e-12 9.2303e-15 -3.7795e-13 1.7342e-12 6.1634e-12 4.2146e-12 -1.0474e-12 2.6287e-12 -2.3384e-12 8.686e-13 9.3347e-13 -1.7936e-13 -6.2596e-13 2.3971e-12 -1.3257e-12 2.9165e-12 -3.1207e-13 6.8007e-13 1.6624e-12 8.6858e-13 5.4012e-13 1.4842e-12 -2.1995e-13 -2.7629e-13 8.7427e-13 -6.912e-13 2.4911e-12 1.2538e-12 -3.1914e-12 2.6547e-12 -1.3791e-12 -7.6587e-13 -2.3282e-12 -1.0405e-12 1.9275e-13 5.0145e-13 5.7415e-13 -9.4796e-13 2.9521e-13 -5.8753e-13 9.6814e-14 1.5147e-12 -2.3362e-13 1.085e-12 2.9448e-13 2.246e-13 5.1235e-13 -1.0621e-13 -2.189e-15 -6.9634e-14
4.4681e-11 3.9398e-11 4.3933e-11 3.9811e-11 3.9392e-11 3.8572e-11 5.1231e-11 3.3228e-11 5.1374e-11 2.8874e-11 4.2726e-11 4.6591e-11 4.3581e-11 4.2115e-11 4.6081e-11 4.1791e-11 3.8583e-11 4.8687e-11 3.7046e-11 3.7868e-11 3.1136e-11 4.1939e-11 3.9485e-11 3.9541e-11 3.9881e-11 3.8336e-11 4.0018e-11 4.5552e-11 3.3298e-11 4.2153e-11 4.1178e-11 3.6102e-11 4.1335e-11 4.1914e-11 3.431e-11 3.7956e-11 3.2795e-11 3.5978e-11 2.6364e-11 3.4321e-11 3.106e-11 2.3227e-11 2.1168e-11 2.1621e-11 1.938e-11 2.4572e-11 2.0264e-11 1.8962e-11 1.8212e-11 2.027e-11 1.705e-11 1.8528e-11 1.4596e-11 1.2358e-11 1.7406e-11 9.7967e-12 1.7978e-11 1.022e-11 1.1161e-11 1.0837e-11 1.0594e-11 3.7047e-12 6.8691e-12 5.1869e-12 1.2605e-11 7.2997e-12 8.7879e-12 1.2398e-12 5.8126e-12 1.2638e-11 4.746e-12 2.1701e-12 6.7017e-12 6.1973e-12 1.0505e-11 1.9908e-12 2.8406e-12 7.7435e-12 5.9936e-12 3.3906e-12 6.3734e-13 5.1841e-12 4.1555e-12 3.6597e-13 1.288e-12 7.514e-12 3.2374e-13 4.2418e-12 3.9348e-12 2.671e-12 3.4087e-12 5.4118e-12 3.7779e-12 2.3113e-12 1.0365e-12 3.5704e-12 -3.3754e-14 1.6924e-12 7.5243e-13 3.7999e-12 1.2743e-12 1.1356e-12 5.6903e-12 3.1536e-12 -5.0676e-13 -9.3556e-13 -2.9574e-13 6.2901e-12 4.1768e-12 2.1573e-14 2.1998e-12 -3.5521e-12 -4.1269e-13 1.7876e-12 -4.9243e-13 1.2146e-12 9.5628e-13 -5.5675e-13 2.2806e-12 5.2671e-13 8.2864e-13 1.1805e-12 -5.8395e-14 1.6413e-12 1.479e-12 5.4841e-13 1.399e-13 1.2347e-12 -1.5271e-12 2.9691e-12 5.3196e-13 -3.7682e-12 1.1192e-12 -1.5633e-12 -7.2258e-13 -1.3281e-12 -4.7751e-13 2.4582e-13 -5.7221e-14 6.5432e-13 -9.5861e-13 2.6103e-13 -2.4457e-13 1.2647e-15 1.2137e-12 1.1608e-13 7.0316e-13 6.0369e-13 3.5341e-13 5.934e-13 -2.2167e-13 4.3623e-14 -1.1715e-13
4.9523e-11 4.7666e-11 5.0807e-11 4.408e-11 4.232e-11 4.2747e-11 5.4196e-11 3.6214e-11 5.6733e-11 3.1423e-11 4.4811e-11 4.7048e-11 5.0717e-11 4.3735e-11 4.1791e-11 5.5293e-11 4.2402e-11 5.515e-11 3.7863e-11 3.9556e-11 3.4386e-11 4.5275e-11 4.1081e-11 4.4527e-11 4.6023e-11 4.3046e-11 3.9796e-11 4.9614e-11 3.9933e-11 4.691e-11 4.5093e-11 4.1034e-11 4.6772e-11 4.9109e-11 3.8659e-11 3.9607e-11 3.4065e-11 4.3317e-11 2.9748e-11 3.6357e-11 3.2118e-11 2.7682e-11 2.5354e-11 2.1179e-11 2.566e-11 2.7182e-11 2.3415e-11 2.1243e-11 2.3067e-11 2.3791e-11 1.7768e-11 1.7851e-11 1.0936e-11 1.497e-11 1.7038e-11 1.4686e-11 2.0993e-11 1.0073e-11 1.6457e-11 1.3092e-11 1.4055e-11 5.1357e-12 4.6306e-12 9.5147e-12 1.2399e-11 1.0268e-11 1.3995e-11 6.7776e-12 3.7636e-12 1.0879e-11 4.7428e-12 4.1174e-13 5.9475e-12 4.4907e-12 1.1139e-11 3.3994e-12 4.3418e-12 6.1278e-12 5.5287e-12 3.8966e-12 1.9648e-12 4.5533e-12 5.8858e-12 1.6009e-13 3.4972e-12 4.523e-12 6.2307e-13 2.4286e-12 4.3547e-12 4.4097e-12 1.343e-12 3.4324e-12 4.411e-12 2.3743e-12 5.1426e-12 3.9995e-12 -5.1621e-13 1.1156e-12 2.2807e-12 1.9886e-12 2.5301e-12 9.8913e-13 4.4036e-12 1.0208e-12 1.3748e-13 -6.2821e-13 2.4323e-12 5.0789e-12 4.038e-12 -1.0871e-13 3.4751e-12 -2.2209e-12 8.9328e-13 1.4651e-12 4.3058e-13 -1.5301e-12 1.7267e-12 -1.0417e-12 3.5965e-12 -1.663e-12 2.5988e-13 1.9816e-12 1.5849e-12 1.2645e-12 1.658e-12 4.5096e-14 2.4885e-12 8.5249e-13 -3.1305e-12 2.3402e-12 4.7878e-13 -3.3153e-12 1.342e-12 -7.7026e-13 -1.2695e-12 3.337e-13 1.4501e-13 -6.3906e-13 -1.2105e-13 5.9502e-13 -4.8408e-13 3.4174e-13 7.9582e-15 2.3738e-13 1.6643e-12 5.6215e-14 6.7979e-13 2.4728e-13 9.0108e-14 9.5061e-13 -1.2888e-13 -7.7966e-14 -8.128e-14
4.9e-11 4.6196e-11 4.8231e-11 4.3002e-11 4.4315e-11 4.3601e-11 5.3574e-11 3.5977e-11 5.5894e-11 2.9986e-11 4.3277e-11 4.5634e-11 4.6437e-11 4.0396e-11 3.8583e-11 4.2402e-11 4.872e-11 5.3989e-11 3.9983e-11 4.0524e-11 3.5417e-11 4.3521e-11 4.0906e-11 4.0848e-11 4.4008e-11 3.9304e-11 4.3789e-11 4.6657e-11 3.6259e-11 4.5286e-11 4.683e-11 4.0621e-11 4.3107e-11 4.7213e-11 3.5641e-11 3.8557e-11 3.4861e-11 3.9384e-11 3.3586e-11 3.3323e-11 2.8647e-11 2.7745e-11 2.2918e-11 2.2097e-11 2.4559e-11 2.1835e-11 2.2298e-11 1.987e-11 1.9622e-11 2.082e-11 1.4469e-11 2.19e-11 1.0774e-11 1.4096e-11 1.5224e-11 1.5355e-11 1.8009e-11 1.3279e-11 1.7148e-11 9.2416e-12 1.2999e-11 6.0653e-12 6.5483e-12 5.9766e-12 1.2112e-11 8.1329e-12 1.2193e-11 6.6576e-12 7.5636e-12 1.0383e-11 6.5054e-12 7.0031e-13 3.8137e-12 6.21e-12 1.1648e-11 2.7054e-12 3.998e-12 5.1232e-12 4.3628e-12 2.8438e-12 1.653e-13 3.8947e-12 2.8512e-12 -7.6039e-13 9.5406e-13 4.6618e-12 -1.326e-12 7.2852e-12 6.5189e-12 3.7113e-12 1.5496e-12 5.9364e-12 3.4058e-12 3.3832e-13 3.929e-12 3.4547e-13 2.2097e-12 3.273e-14 4.5208e-13 2.7857e-12 3.5106e-12 2.6032e-12 5.4686e-12 2.4339e-12 -2.0628e-12 1.9194e-12 3.799e-12 4.6368e-12 4.5551e-12 1.1034e-13 3.0877e-12 -2.0071e-12 1.6168e-15 1.7268e-12 -6.8076e-13 7.6307e-13 2.9117e-12 -2.3753e-12 2.3132e-12 8.7931e-13 -1.6372e-12 1.6517e-12 7.0735e-13 1.3772e-12 7.2807e-13 2.1387e-12 -5.3676e-13 9.5159e-13 -9.2432e-13 2.174e-12 3.2852e-13 -3.4494e-12 -2.8427e-13 -8.0302e-13 -4.0084e-13 -1.4222e-12 4.1944e-13 -7.5116e-15 4.8327e-13 1.1627e-12 -2.0057e-13 -3.0311e-13 -5.9947e-14 5.1963e-13 1.5304e-12 -4.5127e-16 6.648e-13 1.0315e-12 -9.1811e-15 5.8384e-13 -3.0268e-14 1.1132e-13 -7.2439e-14
6.8157e-11 5.9736e-11 6.4527e-11 5.6731e-11 5.5359e-11 5.0688e-11 7.0232e-11 4.5974e-11 7.2809e-11 4.116e-11 5.1203e-11 6.1479e-11 6.4511e-11 5.1316e-11 4.8687e-11 5.515e-11 5.3989e-11 8.632e-11 4.8537e-11 5.0441e-11 4.2797e-11 5.7844e-11 5.3648e-11 5.6973e-11 5.6756e-11 5.3431e-11 5.1632e-11 5.9058e-11 4.4901e-11 5.6049e-11 6.0991e-11 5.4119e-11 5.5292e-11 5.7375e-11 4.527e-11 5.1456e-11 3.8972e-11 4.8413e-11 4.1663e-11 4.4022e-11 4.3197e-11 3.1103e-11 3.0911e-11 2.335e-11 3.149e-11 3.2452e-11 2.6983e-11 2.3573e-11 2.2274e-11 3.0186e-11 2.1387e-11 2.8379e-11 1.4763e-11 1.4529e-11 2.1725e-11 1.7041e-11 2.372e-11 1.6165e-11 1.7023e-11 1.0406e-11 1.7926e-11 7.5676e-12 9.3024e-12 4.9155e-12 1.3059e-11 3.8672e-12 1.5744e-11 9.1381e-12 1.0979e-11 1.6535e-11 3.3336e-12 8.1759e-13 5.6611e-12 1.0928e-11 1.5086e-11 6.727e-12 4.4386e-12 5.8466e-12 3.8221e-12 5.6142e-12 1.3212e-12 4.6405e-12 6.3449e-12 6.557e-14 2.5499e-12 5.3996e-12 -1.0919e-12 2.2371e-12 5.4031e-12 6.325e-12 7.003e-12 3.8894e-12 6.0843e-12 -2.3273e-12 4.2661e-12 2.9005e-12 3.0075e-12 6.9994e-13 -1.11e-13 2.7978e-12 3.8333e-12 5.3208e-13 2.8277e-12 2.3694e-12 -3.7784e-13 1.6677e-12 1.6328e-12 4.0594e-12 5.265e-12 -6.4665e-13 2.6247e-12 -3.1074e-12 1.0103e-12 4.4121e-12 -5.2279e-13 1.6899e-12 2.524e-12 -1.3021e-12 3.2759e-12 1.2608e-12 9.7345e-13 2.8628e-12 1.74e-12 1.6065e-12 -3.2213e-13 1.2131e-12 1.7974e-12 3.0957e-12 2.749e-13 4.2112e-12 3.0555e-12 -2.279e-12 7.122e-13 -6.923e-13 -5.8072e-13 -1.4846e-12 1.7214e-13 5.3037e-13 2.1811e-13 -9.3647e-13 -7.4406e-13 -3.6879e-13 -1.5558e-12 5.1587e-13 2.2331e-12 1.0699e-13 9.3424e-13 7.0785e-13 -8.1874e-14 7.9613e-13 -8.961e-14 3.9361e-14 -5.7298e-14
4.4015e-11 4.1599e-11 4.5782e-11 3.9975e-11 4.3013e-11 3.8412e-11 4.9516e-11 3.4241e-11 5.3813e-11 2.8765e-11 4.1993e-11 4.4037e-11 4.1448e-11 3.8338e-11 3.7046e-11 3.7863e-11 3.9983e-11 4.8537e-11 4.6204e-11 4.0075e-11 3.5679e-11 4.2811e-11 3.9554e-11 3.9879e-11 4.295e-11 4.1323e-11 4.3312e-11 4.5994e-11 3.0423e-11 3.9306e-11 4.3431e-11 3.4493e-11 4.091e-11 4.4909e-11 3.1371e-11 3.8119e-11 3.2993e-11 3.8764e-11 2.7512e-11 3.3799e-11 2.8838e-11 2.5561e-11 2.1327e-11 1.8941e-11 1.9894e-11 1.7202e-11 1.5581e-11 2.0985e-11 1.8385e-11 1.9581e-11 1.3512e-11 1.7304e-11 1.5628e-11 1.2079e-11 1.3578e-11 1.1716e-11 1.6617e-11 1.0158e-11 1.4682e-11 9.8302e-12 1.2512e-11 7.8088e-12 5.8368e-12 6.3682e-12 1.2951e-11 8.1105e-12 1.162e-11 5.2506e-12 6.2147e-12 9.3714e-12 3.9781e-12 -1.7614e-12 5.7451e-12 6.2255e-12 1.2685e-11 3.8888e-12 2.1454e-12 7.7284e-12 2.8882e-12 2.8906e-12 2.3581e-12 2.3801e-12 1.4004e-12 1.3439e-12 1.6275e-12 6.6665e-12 -1.6503e-12 2.3897e-12 4.8191e-12 3.4061e-12 1.5754e-12 5.2287e-12 1.5064e-12 1.6872e-12 2.3634e-12 4.0087e-12 1.7735e-12 1.191e-12 2.2343e-12 3.6138e-12 2.6979e-12 1.5942e-12 2.7189e-12 3.3779e-12 -4.1944e-13 1.2832e-12 2.2344e-12 4.0071e-12 3.9109e-12 -1.8032e-12 3.6069e-12 -4.3867e-13 -1.9408e-12 1.8585e-12 -2.7291e-13 1.549e-12 2.5482e-12 -8.0511e-13 9.288e-13 9.653e-13 -9.9119e-14 6.8198e-13 9.8092e-13 1.3646e-12 -1.1519e-12 1.1452e-12 -4.2795e-13 1.4693e-12 -1.3492e-12 1.7479e-12 1.9371e-13 -2.5411e-12 1.1899e-12 -1.1373e-12 3.0372e-13 -1.3693e-12 3.2868e-13 1.0277e-13 1.2078e-12 2.2385e-13 -7.526e-13 -5.2729e-14 -6.6399e-13 6.8785e-13 1.0911e-12 1.9093e-13 4.0252e-13 6.2709e-13 1.8147e-14 4.6617e-13 -2.5369e-13 1.16e-13 2.3e-14
4.6369e-11 4.5664e-11 4.7667e-11 4.2791e-11 4.1186e-11 4.0753e-11 5.1042e-11 3.2064e-11 5.2208e-11 2.6194e-11 4.0951e-11 4.4088e-11 4.4002e-11 3.7786e-11 3.7868e-11 3.9556e-11 4.0524e-11 5.0441e-11 4.0075e-11 5.2182e-11 3.2536e-11 4.5252e-11 3.6558e-11 4.088e-11 4.2061e-11 4.3065e-11 4.3758e-11 4.5227e-11 3.5856e-11 4.3902e-11 4.7053e-11 3.9145e-11 4.023e-11 4.318e-11 3.2085e-11 3.7488e-11 3.4648e-11 3.7165e-11 2.7093e-11 3.6429e-11 2.3626e-11 2.6326e-11 2.16e-11 2.2806e-11 1.9349e-11 2.0745e-11 1.6832e-11 1.7497e-11 1.7255e-11 2.2443e-11 1.7375e-11 1.6929e-11 1.2418e-11 1.3892e-11 1.6394e-11 1.4416e-11 1.5785e-11 1.0178e-11 1.1015e-11 1.2507e-11 9.8357e-12 8.0465e-12 8.804e-12 8.8812e-12 1.4259e-11 9.2045e-12 1.3197e-11 3.5916e-12 5.9213e-12 9.8978e-12 4.5558e-12 5.2259e-14 6.6614e-12 7.7247e-12 1.1248e-11 3.4773e-12 2.1513e-12 8.2576e-12 4.336e-12 3.9798e-12 3.0852e-12 -1.6509e-13 4.0614e-12 2.0648e-12 2.5547e-12 7.1177e-12 -2.3896e-12 1.9238e-12 3.6998e-12 -1.4545e-13 -4.2487e-13 7.0013e-12 4.6398e-12 1.0951e-12 1.5379e-12 4.3803e-12 2.816e-12 1.5618e-12 2.212e-12 2.1259e-12 3.3273e-12 1.8272e-12 3.5212e-12 3.8481e-12 -6.6193e-13 1.2227e-12 -1.1091e-12 3.8889e-12 3.6584e-12 -5.5121e-13 1.6313e-12 -2.6549e-12 -2.4921e-12 3.49e-12 6.2793e-13 7.9203e-13 1.5617e-12 -4.1422e-13 6.5709e-13 -1.4938e-12 1.4158e-12 1.5214e-12 -2.381e-12 5.6216e-13 5.924e-13 2.6784e-12 -1.3649e-12 1.4195e-12 -1.7374e-12 1.6894e-12 4.5661e-13 -3.1518e-12 -2.9887e-13 -8.4358e-13 -1.1186e-13 -3.8455e-13 -6.1698e-13 6.1632e-13 5.0523e-13 1.3372e-13 -8.5991e-14 -2.016e-14 5.0824e-13 2.2812e-13 7.559e-13 -1.4085e-13 8.4681e-13 4.1358e-13 1.3396e-13 3.7902e-13 -7.1927e-14 8.7506e-14 2.3754e-14
3.8389e-11 3.7032e-11 3.9566e-11 3.4738e-11 3.841e-11 3.3518e-11 4.3808e-11 3.1461e-11 4.7631e-11 2.4824e-11 3.4799e-11 3.8438e-11 3.8916e-11 3.4738e-11 3.1136e-11 3.4386e-11 3.5417e-11 4.2797e-11 3.5679e-11 3.2536e-11 3.738e-11 3.6088e-11 3.3325e-11 3.4514e-11 3.8414e-11 3.3654e-11 3.7392e-11 4.1895e-11 2.8382e-11 3.418e-11 3.6772e-11 3.2514e-11 3.6098e-11 3.9547e-11 2.5626e-11 3.3787e-11 2.7326e-11 3.2027e-11 2.7462e-11 2.691e-11 2.4541e-11 2.1557e-11 1.6982e-11 1.8345e-11 1.9271e-11 1.7586e-11 1.3839e-11 1.7301e-11 1.6004e-11 1.9479e-11 1.3576e-11 1.5335e-11 1.1559e-11 1.2766e-11 1.4962e-11 1.1605e-11 1.4291e-11 8.5985e-12 1.1338e-11 8.4818e-12 1.3383e-11 6.7284e-12 2.5175e-12 4.679e-12 8.0922e-12 5.1146e-12 1.1002e-11 4.5348e-12 5.6388e-12 6.7783e-12 5.5089e-12 -1.4711e-12 3.3494e-12 3.5867e-12 9.4426e-12 3.5271e-12 1.0218e-12 6.3042e-12 1.7803e-13 4.4909e-12 1.2191e-12 2.2933e-12 -9.5424e-13 -4.8539e-13 1.8519e-12 2.5944e-12 -3.5193e-13 1.9895e-12 3.993e-12 1.9594e-12 8.6877e-15 1.3312e-12 3.0175e-12 1.0055e-12 1.5492e-12 4.3936e-12 1.3131e-12 -1.5604e-14 8.2446e-13 4.1326e-12 3.913e-12 1.8344e-12 3.0772e-12 8.3338e-13 1.4581e-13 1.0546e-12 3.1071e-12 3.0606e-12 4.5592e-12 -8.871e-14 3.5844e-12 -2.3249e-12 -1.1031e-12 3.552e-12 3.2004e-14 2.9662e-13 1.4543e-12 -8.6214e-13 1.2593e-12 2.419e-13 -1.1484e-12 2.049e-12 2.0587e-12 1.278e-12 -5.7524e-13 1.2684e-12 8.9286e-14 8.6404e-13 -2.1129e-12 1.8267e-12 1.1074e-16 -2.5079e-12 1.5549e-12 -1.3502e-12 -1.2105e-14 -7.3314e-13 7.6462e-14 1.3742e-13 1.0126e-12 6.0552e-13 -6.9127e-13 5.0289e-13 1.6135e-13 8.5234e-13 1.3921e-12 4.0366e-13 7.9302e-13 6.0697e-13 -1.6548e-13 3.4659e-13 -2.8608e-14 4.0766e-14 1.8681e-15
4.9106e-11 4.7901e-11 5.3124e-11 4.8477e-11 4.7485e-11 4.2177e-11 5.448e-11 3.4839e-11 5.8513e-11 3.0389e-11 4.6259e-11 5.1467e-11 5.3003e-11 4.3968e-11 4.1939e-11 4.5275e-11 4.3521e-11 5.7844e-11 4.2811e-11 4.5252e-11 3.6088e-11 5.9752e-11 4.2878e-11 4.8182e-11 5.0126e-11 4.4096e-11 4.5434e-11 4.8894e-11 3.7157e-11 4.9217e-11 4.4038e-11 4.2916e-11 4.3286e-11 4.7626e-11 3.7326e-11 4.5105e-11 3.4705e-11 4.1015e-11 2.6819e-11 4.0669e-11 3.1151e-11 2.6269e-11 2.4045e-11 2.1852e-11 2.3191e-11 2.7031e-11 1.5247e-11 2.3024e-11 1.6656e-11 1.8405e-11 1.4787e-11 2.03e-11 1.4731e-11 1.4815e-11 1.7966e-11 1.2831e-11 2.1003e-11 1.2351e-11 1.2949e-11 1.1825e-11 1.0505e-11 8.4607e-12 7.8445e-12 1.0055e-11 1.0598e-11 9.5825e-12 1.421e-11 6.5943e-12 9.3425e-12 1.1461e-11 5.7672e-12 -2.9004e-13 3.1957e-12 5.7574e-12 1.2286e-11 4.2095e-12 3.4107e-12 6.044e-12 5.6713e-12 3.7023e-12 -1.7958e-12 2.635e-12 2.9757e-12 5.491e-13 3.8784e-12 6.0636e-12 -1.1114e-12 3.2205e-12 1.7377e-12 2.8949e-12 2.6524e-12 7.7432e-12 4.4299e-12 1.713e-12 4.1461e-12 3.8112e-12 1.567e-12 9.1162e-13 1.0044e-12 2.4077e-12 3.165e-12 1.529e-12 4.7841e-12 2.4146e-12 1.3206e-12 1.4464e-12 1.133e-12 3.505e-12 5.0456e-12 -1.9308e-12 3.3664e-12 -9.5198e-13 -1.3244e-13 1.4061e-12 -9.3624e-13 2.2073e-12 2.1697e-12 7.0079e-13 9.7994e-13 2.8336e-13 6.4557e-13 3.0023e-12 -9.3444e-13 1.2471e-12 5.8072e-13 -1.9135e-13 1.1689e-12 3.2063e-13 -1.2987e-12 3.4553e-12 8.4612e-13 -4.188e-12 4.7003e-13 -4.9568e-13 -9.8175e-13 -6.0101e-13 -1.1123e-12 -9.1571e-13 2.4601e-13 1.908e-13 -3.1739e-13 -1.1257e-13 -5.4513e-13 1.9634e-13 1.4683e-12 -4.5184e-14 1.2843e-12 3.0502e-13 -3.2296e-14 4.4917e-13 -1.364e-13 5.4981e-14 5.2469e-15
4.5277e-11 4.0114e-11 4.6986e-11 4e-11 4.3707e-11 3.9501e-11 5.254e-11 3.406e-11 5.4623e-11 3.0812e-11 4.1189e-11 4.5186e-11 4.2643e-11 4.0672e-11 3.9485e-11 4.1081e-11 4.0906e-11 5.3648e-11 3.9554e-11 3.6558e-11 3.3325e-11 4.2878e-11 4.8549e-11 3.8531e-11 4.3084e-11 3.9367e-11 3.9956e-11 4.8722e-11 3.344e-11 4.1194e-11 4.364e-11 4.0246e-11 4.1607e-11 4.3839e-11 3.6469e-11 3.6622e-11 3.209e-11 3.731e-11 3.1002e-11 3.0026e-11 3.2108e-11 2.3571e-11 2.3666e-11 2.276e-11 2.315e-11 2.2556e-11 2.1485e-11 2.1724e-11 1.9951e-11 1.8446e-11 1.5659e-11 2.01e-11 1.5665e-11 1.3926e-11 1.4239e-11 8.5462e-12 1.8528e-11 1.0815e-11 1.4358e-11 1.1229e-11 1.0826e-11 2.3172e-12 5.5359e-12 5.0847e-12 1.0929e-11 5.8566e-12 1.2066e-11 7.7961e-12 5.0722e-12 1.2599e-11 3.8679e-12 1.5182e-13 6.1989e-12 6.2419e-12 1.0394e-11 2.2748e-12 5.8728e-12 5.5467e-12 3.9614e-12 3.6419e-12 9.4729e-13 3.7492e-12 4.361e-12 1.0317e-12 -8.7797e-13 5.7517e-12 -4.7347e-13 5.4217e-12 3.4267e-12 4.3928e-12 4.3766e-12 5.9713e-12 3.0306e-12 2.1767e-12 4.1693e-12 2.3289e-12 -4.6489e-13 -4.5209e-13 1.5782e-12 3.8257e-12 1.2862e-12 1.4208e-12 5.6494e-12 3.1642e-12 -5.4543e-13 -2.0218e-12 1.8626e-12 4.838e-12 2.0916e-12 3.3791e-13 1.6597e-12 -1.5076e-12 3.1771e-13 4.6511e-13 -5.1497e-13 1.8475e-12 1.8356e-12 -1.7527e-12 2.0168e-12 4.4742e-13 -2.1143e-13 2.4896e-12 1.4185e-14 1.2878e-12 1.7785e-13 7.8018e-13 -4.045e-13 2.2049e-12 -6.8654e-13 3.5503e-12 1.6681e-12 -2.9997e-12 1.4947e-12 -1.2772e-12 -2.4064e-13 -1.466e-12 5.4365e-13 -4.919e-13 1.0474e-12 -3.3789e-13 -7.1587e-13 -4.4574e-13 -7.0761e-13 4.3164e-13 1.3326e-12 1.1744e-13 6.9095e-13 9.0905e-13 -1.1612e-13 5.4219e-13 -3.5073e-13 8.4259e-14 -5.5743e-14
