3.5359e-11 5.5106e-12 7.2953e-12 8.348e-12 9.7012e-12 9.6449e-12 2.0772e-12 1.5204e-12 4.4354e-12 -9.5168e-13 2.3205e-12 -2.9195e-12 7.1292e-13 4.1851e-12 -1.2611e-12 6.718e-12 4.5321e-12 5.3705e-12 1.0084e-12 6.3036e-12 -2.3904e-12 1.9628e-12 4.326e-12 7.504e-12 2.7551e-12 3.6513e-12 4.5652e-12 -1.8813e-12 6.3229e-12 3.7944e-12 -5.5915e-13 2.4493e-12 1.698e-12 2.2703e-12 8.7674e-13 3.6049e-12 3.1627e-12 2.3688e-12 2.9525e-13 9.0194e-13 3.4313e-12 6.1358e-13 3.9575e-13 -1.4745e-12 1.3821e-13 -8.9026e-13 7.8647e-13 2.0245e-12 -5.8294e-13 -7.4976e-13 3.9778e-13 6.6929e-13 -1.8281e-12 7.8854e-13 6.0274e-13 9.7804e-13 -9.0925e-15 -4.6371e-13 -6.6179e-13 1.1462e-13 2.3612e-13 -5.9277e-14 1.1054e-14
5.5106e-12 3.8855e-11 6.1152e-12 1.6055e-12 7.8765e-12 4.8367e-14 3.4242e-12 1.7527e-12 1.7454e-12 7.0367e-12 1.1087e-13 5.6676e-12 7.8414e-12 1.6174e-12 3.6925e-12 3.1401e-12 2.7609e-12 6.8623e-12 6.7966e-12 1.8438e-12 4.2913e-12 6.3573e-12 3.9591e-12 4.8355e-12 4.5767e-12 3.3229e-12 5.7609e-12 -1.2431e-14 1.412e-12 4.6856e-12 8.2812e-13 9.4921e-13 7.4755e-12 4.7917e-13 1.2363e-12 3.55e-12 -1.3277e-12 -2.177e-13 2.3987e-12 1.8198e-12 2.3226e-12 3.2307e-13 1.8703e-12 -1.9548e-12 -2.114e-12 1.2573e-13 -5.1701e-13 2.5817e-12 -4.5788e-13 1.6096e-12 2.2865e-12 -3.9633e-13 -2.0511e-13 -6.9565e-13 -1.1552e-12 2.4504e-13 3.362e-13 -8.773e-13 -7.0408e-13 -3.922e-14 -9.2987e-14 2.554e-14 2.4471e-15
7.2953e-12 6.1152e-12 2.1212e-11 8.4526e-12 4.7333e-13 6.0337e-12 -7.2104e-13 -9.0733e-13 -1.0503e-12 -1.5927e-12 -5.8455e-14 4.4119e-13 8.1852e-13 5.8887e-12 -3.1841e-12 5.5012e-12 3.3684e-12 2.1428e-12 5.7522e-12 -3.2349e-13 1.2903e-12 3.3072e-13 2.2084e-12 2.8997e-12 -3.0448e-12 3.6814e-12 4.2842e-12 -2.2924e-12 -1.2859e-12 5.7796e-12 3.0436e-12 -1.4998e-12 1.2369e-12 1.8828e-12 2.4948e-12 7.8455e-13 1.3145e-12 1.1492e-12 1.4623e-12 2.0793e-12 2.5795e-13 2.3881e-12 -1.1583e-12 2.6457e-13 -6.5193e-13 -9.5011e-13 -1.3539e-12 -1.1572e-12 -1.4552e-12 -7.4397e-13 1.1747e-12 5.1579e-13 4.6073e-13 -3.3404e-13 4.935e-14 -2.6251e-14 -1.2486e-12 -1.3022e-12 -8.9807e-13 5.2785e-14 -5.8737e-14 8.135e-15 -7.2984e-16
8.348e-12 1.6055e-12 8.4526e-12 2.8349e-11 4.9532e-12 4.6174e-12 4.935e-13 1.8203e-12 2.649e-12 1.319e-12 2.7291e-12 -4.2288e-12 -2.657e-12 4.8196e-12 4.8656e-13 8.0286e-12 1.0287e-12 3.9416e-12 1.8227e-12 5.4741e-12 -3.1643e-12 -8.8724e-13 7.402e-12 4.1997e-12 -2.2674e-13 5.6723e-12 5.4538e-12 -2.6856e-12 -1.0905e-13 1.7783e-12 8.2684e-13 -6.4867e-13 9.9684e-13 2.8572e-12 7.7618e-13 2.7639e-12 1.1059e-12 3.0341e-12 2.1212e-12 1.7187e-12 1.2362e-12 -7.6546e-13 -1.1585e-12 1.4511e-12 7.3447e-13 -1.1375e-12 -7.3301e-13 -9.3118e-14 -7.6739e-13 8.0675e-13 -3.0562e-13 1.0274e-12 1.2148e-12 -7.9882e-13 1.8402e-13 4.5857e-13 -2.294e-13 -2.7376e-13 -1.3714e-13 2.9783e-13 -1.6142e-13 1.7048e-14 7.0257e-15
9.7012e-12 7.8765e-12 4.7333e-13 4.9532e-12 2.9884e-11 2.4599e-12 1.0048e-11 8.7502e-12 1.0179e-11 1.0926e-11 6.6778e-12 4.4007e-12 9.8902e-12 7.9756e-12 6.0778e-12 3.7852e-12 9.4189e-12 1.0633e-11 6.8465e-12 9.1026e-12 -2.6717e-14 6.8873e-12 4.4122e-12 8.5484e-12 4.7404e-12 -3.8003e-13 3.0989e-12 -5.4256e-13 2.8099e-12 4.1449e-12 7.4208e-14 -1.6701e-13 3.4235e-12 4.6337e-12 4.104e-13 6.2365e-12 3.2593e-12 5.009e-12 1.3083e-12 5.4389e-13 4.5942e-12 1.9985e-12 2.2351e-12 -2.481e-12 5.3156e-13 1.7795e-12 2.0121e-12 1.744e-12 -1.0121e-12 -7.7892e-13 -3.8714e-13 6.4241e-13 2.3661e-12 1.4617e-12 -4.6239e-14 -5.5665e-13 8.867e-13 3.7193e-13 -6.6241e-13 4.1677e-13 2.3466e-13 -1.0255e-14 -7.5012e-15
9.6449e-12 4.8367e-14 6.0337e-12 4.6174e-12 2.4599e-12 2.8066e-11 1.536e-12 8.17e-13 4.7664e-12 4.6096e-12 3.2565e-12 3.3238e-13 6.6197e-12 6.1252e-12 3.9093e-12 1.8337e-12 5.384e-12 4.8705e-12 8.2166e-13 4.1078e-12 6.8825e-12 -7.2131e-13 5.8672e-12 4.5238e-12 3.8072e-12 3.9616e-12 4.6392e-12 2.3514e-12 4.1447e-12 5.3378e-12 1.5703e-12 2.8342e-12 -1.5703e-13 2.5528e-12 2.6931e-12 2.7174e-12 5.9014e-13 3.6201e-12 -3.2271e-12 7.6689e-13 3.156e-12 -2.0873e-12 -7.7583e-13 -1.1364e-13 2.0016e-12 3.3669e-13 3.7178e-14 2.1241e-13 4.9854e-14 1.0045e-12 -1.0571e-12 2.4297e-13 3.1574e-14 -9.1619e-13 -1.4555e-12 4.853e-14 -3.5427e-13 -3.1835e-13 -2.059e-14 -2.6265e-13 8.0329e-14 -5.3515e-14 4.3318e-16
2.0772e-12 3.4242e-12 -7.2104e-13 4.935e-13 1.0048e-11 1.536e-12 2.6672e-11 8.476e-12 2.7479e-12 7.4833e-13 6.2584e-13 6.1026e-12 4.0285e-12 -4.6384e-14 2.9365e-12 4.9806e-12 8.3589e-12 4.6736e-12 1.1102e-12 9.1098e-12 -3.7365e-13 8.3046e-13 5.8819e-12 1.8767e-12 3.4386e-12 8.9852e-13 -9.0159e-13 -5.5515e-12 3.2843e-12 1.4765e-12 -2.8117e-12 1.0771e-12 2.1952e-12 3.4081e-12 4.8671e-13 -1.1058e-12 1.804e-12 1.3308e-12 1.6106e-12 -1.87e-13 1.5681e-12 2.2196e-12 1.626e-12 5.1668e-13 -1.0596e-12 1.5394e-12 1.9252e-12 1.413e-13 1.9014e-12 -6.0181e-13 6.7714e-14 6.3394e-13 8.2908e-13 6.1299e-13 -1.3799e-12 6.895e-13 1.1083e-13 8.4176e-13 4.9167e-13 4.4897e-13 6.6362e-14 1.1594e-14 3.4453e-17
1.5204e-12 1.7527e-12 -9.0733e-13 1.8203e-12 8.7502e-12 8.17e-13 8.476e-12 1.9745e-11 6.5134e-12 8.3827e-12 3.7275e-12 8.0174e-12 5.8796e-12 3.453e-12 2.6941e-12 -3.016e-12 6.6919e-12 4.7734e-12 7.8522e-13 5.0409e-12 3.1802e-12 -1.5221e-12 4.4173e-12 5.0936e-12 4.8384e-12 -5.1684e-13 1.3508e-12 1.0693e-12 4.4154e-12 3.859e-12 2.4959e-12 9.6928e-13 1.3219e-12 -7.5682e-13 -9.9364e-13 1.8931e-12 1.3098e-12 1.8923e-12 -1.3596e-12 -2.1853e-12 7.0491e-13 2.2945e-12 5.7215e-13 -2.1307e-12 -2.6045e-13 2.0718e-12 -3.5495e-13 -1.4532e-12 -1.8164e-12 -1.6454e-12 -1.4593e-12 -2.2646e-14 3.5919e-13 4.3071e-13 -1.1252e-13 5.1016e-13 7.6193e-13 6.8834e-15 -1.9673e-13 1.0196e-13 1.0738e-13 1.3642e-14 2.9159e-15
4.4354e-12 1.7454e-12 -1.0503e-12 2.649e-12 1.0179e-11 4.7664e-12 2.7479e-12 6.5134e-12 2.3734e-11 6.9913e-12 5.1599e-12 7.7002e-12 1.0163e-11 5.9902e-12 4.0324e-12 6.7268e-12 6.7335e-12 9.8508e-13 7.5629e-13 8.0913e-12 -3.2948e-12 6.0042e-12 5.4557e-12 5.6451e-12 2.3325e-12 3.1906e-12 1.553e-12 2.4908e-12 3.8441e-12 -5.7327e-13 3.7264e-12 7.361e-13 3.2877e-13 1.7164e-12 1.7184e-12 4.0099e-12 1.0058e-12 1.2918e-12 2.5768e-12 -9.389e-13 1.8265e-12 -7.3516e-14 7.3748e-13 -1.5184e-12 1.2158e-12 4.2318e-12 -1.1198e-12 8.5518e-13 1.5045e-12 1.5716e-12 -4.9692e-13 1.9908e-12 1.3349e-12 1.7464e-12 1.5279e-13 3.5319e-13 8.9899e-13 -6.149e-13 -2.986e-13 -1.1533e-13 -3.6946e-14 -1.7651e-14 -3.3279e-15
-9.5168e-13 7.0367e-12 -1.5927e-12 1.319e-12 1.0926e-11 4.6096e-12 7.4833e-13 8.3827e-12 6.9913e-12 2.6936e-11 3.4929e-12 4.5081e-12 1.2593e-11 4.4336e-12 4.1446e-12 1.5903e-12 9.0146e-12 8.8755e-12 2.8022e-12 1.838e-12 1.6398e-12 8.1952e-12 4.6568e-12 3.9778e-12 5.9128e-12 3.9814e-12 3.7123e-12 2.7451e-12 3.3061e-12 3.9907e-12 7.623e-12 -2.7481e-13 1.8489e-12 2.6566e-12 -1.7034e-12 1.906e-12 -1.7898e-12 6.7526e-13 -1.2269e-12 -1.6355e-12 -1.9824e-12 2.0123e-12 7.2147e-13 -2.8428e-12 -6.5759e-15 8.1006e-13 -1.0448e-13 4.9261e-13 -6.1866e-13 -6.7806e-13 -1.0206e-12 -3.2169e-14 -4.2677e-13 -7.3758e-13 -1.6575e-13 -3.2084e-14 6.5965e-13 4.6256e-13 -3.7599e-13 3.8182e-14 1.6167e-13 -1.733e-15 -5.8837e-15
2.3205e-12 1.1087e-13 -5.8455e-14 2.7291e-12 6.6778e-12 3.2565e-12 6.2584e-13 3.7275e-12 5.1599e-12 3.4929e-12 2.6131e-11 5.3667e-13 5.345e-14 1.1684e-12 -2.3719e-12 -5.2274e-13 1.977e-12 5.5899e-12 5.16e-12 5.2193e-12 -1.0704e-12 3.0132e-12 -2.4268e-12 7.2931e-13 -2.1024e-12 2.8876e-12 1.0573e-12 1.2086e-12 1.7808e-12 6.7889e-13 -1.4948e-12 1.5248e-12 -1.2036e-12 -4.0034e-12 1.5898e-12 -1.7124e-12 3.4369e-13 3.3335e-12 -3.7077e-12 -5.1327e-12 8.7637e-13 -9.8583e-14 -8.7507e-13 5.8476e-13 3.0047e-12 1.1064e-12 1.6005e-13 1.4935e-12 -1.2711e-12 -1.0169e-12 -1.727e-12 2.0222e-12 1.4796e-12 1.4671e-12 -2.6371e-13 7.6017e-13 4.4577e-13 -2.1366e-13 -3.8547e-13 -4.2116e-13 1.4229e-14 -6.2855e-14 3.5186e-15
-2.9195e-12 5.6676e-12 4.4119e-13 -4.2288e-12 4.4007e-12 3.3238e-13 6.1026e-12 8.0174e-12 7.7002e-12 4.5081e-12 5.3667e-13 1.7424e-11 8.0855e-12 4.5852e-12 4.9686e-12 -9.119e-13 6.1195e-12 1.3769e-12 2.846e-12 5.2929e-13 3.2507e-12 4.5269e-12 3.704e-12 5.7712e-12 5.4719e-12 1.5502e-12 3.4017e-12 3.9714e-12 7.1167e-13 2.6e-12 9.3238e-13 1.4814e-12 1.5017e-12 1.479e-12 2.8048e-13 1.8702e-12 -5.1048e-13 -7.1381e-13 2.6121e-12 2.1667e-14 2.131e-13 -9.9929e-13 9.3643e-13 1.3615e-12 -8.5333e-14 2.5294e-12 -1.9671e-12 -1.8683e-13 -6.3331e-13 -7.3917e-13 4.0838e-13 -1.8081e-13 -7.2714e-14 2.0219e-12 -2.8736e-13 -3.4196e-13 5.3311e-13 -4.8132e-13 -4.2256e-13 6.638e-14 -1.5283e-14 -1.6532e-14 -4.9737e-15
7.1292e-13 7.8414e-12 8.1852e-13 -2.657e-12 9.8902e-12 6.6197e-12 4.0285e-12 5.8796e-12 1.0163e-11 1.2593e-11 5.345e-14 8.0855e-12 2.441e-11 5.7587e-12 7.7301e-12 -7.8495e-13 6.4796e-12 2.8168e-12 7.4431e-13 5.4808e-12 5.4876e-12 1.1568e-11 4.1982e-12 3.2483e-12 4.2883e-12 1.6318e-12 5.407e-12 9.9645e-13 -6.2791e-14 2.5274e-12 4.5573e-13 -7.0047e-13 1.0835e-13 1.6704e-12 -3.8981e-14 2.4124e-12 1.1988e-12 3.478e-12 -9.3988e-13 1.1757e-12 -1.1562e-13 -6.6152e-14 6.0642e-13 -1.512e-12 -5.6821e-13 2.8956e-12 1.451e-13 -1.9442e-14 -1.6352e-13 1.4378e-12 -8.3649e-15 3.0812e-13 7.1766e-13 1.1977e-12 -7.7746e-13 -9.8442e-14 7.181e-13 -2.9465e-13 -2.2388e-13 4.4793e-14 9.8788e-14 8.5593e-16 1.8259e-15
4.1851e-12 1.6174e-12 5.8887e-12 4.8196e-12 7.9756e-12 6.1252e-12 -4.6384e-14 3.453e-12 5.9902e-12 4.4336e-12 1.1684e-12 4.5852e-12 5.7587e-12 2.2967e-11 -2.2642e-12 2.1782e-12 3.2928e-12 3.7512e-12 2.3571e-12 6.8912e-12 -1.0213e-12 2.7226e-13 3.2546e-12 5.9938e-12 2.575e-12 2.2282e-12 2.3659e-12 1.5455e-12 1.1128e-12 5.7935e-12 1.8651e-12 -9.9226e-13 -9.3937e-14 5.1818e-12 1.1947e-12 6.2078e-12 2.9848e-13 3.2465e-12 -3.4939e-14 2.0469e-12 1.8789e-12 1.8486e-13 8.9203e-13 3.8148e-13 -4.2263e-13 -2.0505e-13 -8.4901e-13 5.1908e-13 9.9245e-13 4.7441e-13 -6.4435e-13 4.1019e-13 3.4812e-14 -1.3342e-12 -5.1169e-14 -2.5846e-13 7.43e-13 -4.7854e-13 -1.0589e-12 1.1841e-13 -9.9362e-14 -6.9808e-15 -1.0367e-16
-1.2611e-12 3.6925e-12 -3.1841e-12 4.8656e-13 6.0778e-12 3.9093e-12 2.9365e-12 2.6941e-12 4.0324e-12 4.1446e-12 -2.3719e-12 4.9686e-12 7.7301e-12 -2.2642e-12 2.3766e-11 -1.7151e-12 8.0308e-12 1.2993e-12 3.7677e-12 8.5658e-13 1.666e-12 4.9531e-12 2.3518e-12 5.8339e-12 4.4342e-12 5.4654e-13 1.8584e-12 1.0119e-12 -7.5463e-13 3.8228e-13 2.6515e-12 -9.8084e-14 6.248e-13 -4.7874e-13 2.0323e-13 3.7696e-12 -1.1856e-12 2.6502e-12 4.9547e-13 2.2341e-12 1.3992e-12 -3.183e-12 -2.3367e-12 2.8075e-13 -2.1677e-12 1.5515e-12 9.0129e-13 -1.2961e-12 -6.8189e-13 7.0094e-13 -2.3135e-13 -9.1078e-13 1.8092e-13 1.4414e-12 -1.3184e-13 -8.1805e-13 8.8801e-14 1.0796e-13 2.9865e-13 7.5087e-14 -3.2977e-13 3.4992e-14 -3.4816e-15
6.718e-12 3.1401e-12 5.5012e-12 8.0286e-12 3.7852e-12 1.8337e-12 4.9806e-12 -3.016e-12 6.7268e-12 1.5903e-12 -5.2274e-13 -9.119e-13 -7.8495e-13 2.1782e-12 -1.7151e-12 2.2203e-11 4.8914e-12 5.9034e-12 3.2671e-12 4.4061e-12 -5.5203e-12 4.8157e-12 6.5816e-12 -1.2456e-12 2.905e-13 3.6753e-12 3.2168e-12 9.6645e-14 -2.3565e-12 -1.1522e-12 -1.543e-13 1.9229e-12 -9.3668e-13 3.5784e-12 2.8776e-12 7.2283e-13 -8.1685e-13 7.8703e-13 2.3185e-12 1.795e-12 -5.3652e-13 -7.579e-13 2.9215e-13 1.2457e-12 -1.7862e-12 -1.5678e-12 1.1421e-12 -9.4153e-13 2.6335e-13 -5.1729e-13 6.9665e-13 1.4363e-12 6.7991e-13 -4.8498e-13 -6.3396e-13 4.7201e-13 1.4353e-13 -5.9013e-13 -4.3886e-13 5.9686e-14 3.7058e-14 6.8439e-14 -7.0469e-15
4.5321e-12 2.7609e-12 3.3684e-12 1.0287e-12 9.4189e-12 5.384e-12 8.3589e-12 6.6919e-12 6.7335e-12 9.0146e-12 1.977e-12 6.1195e-12 6.4796e-12 3.2928e-12 8.0308e-12 4.8914e-12 1.8472e-11 6.9772e-12 5.625e-12 4.5484e-12 2.8326e-13 5.6342e-12 6.2478e-12 2.648e-12 5.0209e-12 2.9796e-12 3.3964e-12 -1.4568e-13 2.988e-12 3.2977e-12 1.0492e-12 -4.0344e-13 -6.0808e-14 4.5024e-12 1.6801e-12 1.9596e-12 5.7838e-13 3.7924e-12 7.1434e-13 -9.2685e-13 6.0975e-14 2.5042e-13 -1.2941e-13 2.1231e-14 -1.2024e-12 -8.0218e-13 2.4677e-13 -5.3538e-13 -2.7506e-13 -1.783e-12 -6.1739e-13 5.6791e-14 -7.5105e-13 1.7251e-13 -7.9358e-13 1.0729e-13 -2.7873e-13 2.2473e-13 6.3532e-14 8.5386e-14 3.7509e-14 2.4146e-14 -2.8901e-15
5.3705e-12 6.8623e-12 2.1428e-12 3.9416e-12 1.0633e-11 4.8705e-12 4.6736e-12 4.7734e-12 9.8508e-13 8.8755e-12 5.5899e-12 1.3769e-12 2.8168e-12 3.7512e-12 1.2993e-12 5.9034e-12 6.9772e-12 2.2087e-11 8.2042e-12 6.6983e-12 2.2342e-12 3.3475e-13 4.9253e-12 1.4329e-12 2.9558e-12 -1.6008e-14 1.7663e-12 2.5999e-12 2.0055e-12 5.5803e-12 6.6066e-13 1.5114e-12 5.0543e-13 6.0001e-13 2.5831e-12 3.5065e-13 -4.0128e-13 1.7858e-12 3.3132e-13 -8.4147e-14 -4.3766e-13 2.3377e-12 -6.1808e-13 -2.0791e-12 -7.2031e-13 -2.3476e-12 2.229e-12 7.6516e-13 -2.0426e-12 -2.012e-12 -9.9005e-13 3.6887e-13 2.8516e-13 -1.9283e-12 -5.7228e-13 5.4424e-13 1.403e-13 -1.495e-13 -5.6834e-13 -1.1371e-13 1.9208e-13 4.2429e-14 5.2846e-15
1.0084e-12 6.7966e-12 5.7522e-12 1.8227e-12 6.8465e-12 8.2166e-13 1.1102e-12 7.8522e-13 7.5629e-13 2.8022e-12 5.16e-12 2.846e-12 7.4431e-13 2.3571e-12 3.7677e-12 3.2671e-12 5.625e-12 8.2042e-12 1.2799e-11 6.1732e-13 -5.9647e-13 3.0973e-12 3.7512e-12 1.9258e-12 3.3145e-12 8.4918e-13 3.1544e-12 -1.3933e-12 -1.1411e-12 4.5503e-12 1.5598e-12 -5.1196e-13 8.3269e-13 -1.0708e-12 8.6695e-13 1.6193e-12 -1.1188e-13 1.025e-12 1.5546e-12 -4.7057e-13 7.2501e-13 -4.8086e-13 9.5148e-13 2.4509e-13 -8.3582e-13 -9.0633e-13 -7.0834e-13 7.1389e-13 -1.2913e-12 -5.9838e-13 3.5474e-13 9.5875e-13 8.0857e-13 -4.7973e-13 -5.5081e-13 -3.6794e-13 -1.523e-13 -5.9605e-13 -7.3148e-13 -3.0489e-14 -8.5789e-14 2.7869e-14 -1.1769e-14
6.3036e-12 1.8438e-12 -3.2349e-13 5.4741e-12 9.1026e-12 4.1078e-12 9.1098e-12 5.0409e-12 8.0913e-12 1.838e-12 5.2193e-12 5.2929e-13 5.4808e-12 6.8912e-12 8.5658e-13 4.4061e-12 4.5484e-12 6.6983e-12 6.1732e-13 2.0412e-11 -1.7233e-12 2.2039e-12 3.0434e-12 4.092e-12 2.1308e-12 2.5293e-12 -1.1623e-12 -1.551e-12 2.8229e-12 3.1234e-12 -2.5882e-12 2.9195e-13 3.1989e-13 4.055e-12 8.0053e-13 3.379e-12 2.5067e-12 4.3433e-12 1.2388e-12 8.8837e-14 1.5124e-12 -1.8261e-12 6.6948e-13 7.0963e-13 -1.4151e-12 1.3354e-12 8.1555e-13 -2.0106e-13 -2.2848e-13 1.4967e-12 -5.9947e-13 1.9859e-12 1.0798e-12 -6.498e-13 3.1495e-13 1.2304e-12 8.0745e-13 -2.8916e-13 -2.6739e-13 -1.3955e-13 -1.2263e-13 -9.3812e-15 1.1096e-14
-2.3904e-12 4.2913e-12 1.2903e-12 -3.1643e-12 -2.6717e-14 6.8825e-12 -3.7365e-13 3.1802e-12 -3.2948e-12 1.6398e-12 -1.0704e-12 3.2507e-12 5.4876e-12 -1.0213e-12 1.666e-12 -5.5203e-12 2.8326e-13 2.2342e-12 -5.9647e-13 -1.7233e-12 1.1803e-11 -1.8935e-12 -1.8745e-13 1.2176e-12 6.361e-14 -1.0715e-12 1.6455e-12 1.8697e-12 -4.325e-13 2.103e-12 -4.6771e-13 1.2339e-12 -1.1291e-12 -1.0931e-12 -3.7559e-13 -9.9932e-13 2.5091e-12 2.5472e-12 -8.7467e-13 -1.0375e-13 6.2609e-13 1.1702e-13 -7.6267e-13 -8.6787e-13 1.52e-12 -5.1686e-13 5.5505e-14 -6.6374e-13 -1.944e-12 -3.8067e-13 2.8141e-13 -9.5295e-13 -1.033e-13 -2.1532e-14 -6.6676e-13 -7.7977e-14 1.2341e-14 2.0157e-13 1.2156e-13 3.7311e-14 1.1483e-13 -2.8017e-14 2.1328e-15
1.9628e-12 6.3573e-12 3.3072e-13 -8.8724e-13 6.8873e-12 -7.2131e-13 8.3046e-13 -1.5221e-12 6.0042e-12 8.1952e-12 3.0132e-12 4.5269e-12 1.1568e-11 2.7226e-13 4.9531e-12 4.8157e-12 5.6342e-12 3.3475e-13 3.0973e-12 2.2039e-12 -1.8935e-12 1.79e-11 2.7168e-12 5.1329e-13 3.8467e-12 1.6646e-12 4.5978e-12 -7.3363e-13 -2.7345e-12 7.3602e-13 -3.6827e-14 1.2189e-12 7.9008e-13 3.066e-12 -1.2818e-12 1.558e-12 -1.6586e-12 1.4936e-12 1.1841e-12 -1.3258e-12 -3.9297e-13 -1.8495e-12 1.587e-13 7.1868e-13 -1.2302e-12 1.1704e-12 -9.7823e-14 -1.5151e-13 -7.1975e-13 3.9876e-13 -9.3743e-14 5.6721e-13 -6.7777e-13 2.1272e-12 1.7698e-13 -5.548e-13 5.1955e-13 -9.0668e-13 -1.5966e-13 -6.2103e-14 -1.7828e-15 -3.7463e-15 2.2368e-16
4.326e-12 3.9591e-12 2.2084e-12 7.402e-12 4.4122e-12 5.8672e-12 5.8819e-12 4.4173e-12 5.4557e-12 4.6568e-12 -2.4268e-12 3.704e-12 4.1982e-12 3.2546e-12 2.3518e-12 6.5816e-12 6.2478e-12 4.9253e-12 3.7512e-12 3.0434e-12 -1.8745e-13 2.7168e-12 1.2352e-11 9.4466e-13 4.8207e-12 3.7035e-12 4.1493e-12 -5.1429e-13 2.5333e-12 3.019e-12 1.4629e-12 4.5446e-13 -6.609e-13 3.55e-12 3.3308e-13 3.5714e-13 4.8983e-13 1.2547e-12 2.2811e-12 -8.3203e-13 7.4441e-14 -7.5426e-14 8.5649e-13 1.2872e-12 1.4511e-13 3.3431e-13 1.5959e-13 6.645e-13 6.923e-13 5.9837e-13 1.1859e-13 4.1949e-13 4.4414e-13 -7.0469e-13 -1.0857e-12 -2.8509e-14 4.8877e-13 -1.5235e-13 -1.0118e-13 -7.7525e-14 1.0039e-13 2.9838e-14 -8.9955e-18
7.504e-12 4.8355e-12 2.8997e-12 4.1997e-12 8.5484e-12 4.5238e-12 1.8767e-12 5.0936e-12 5.6451e-12 3.9778e-12 7.2931e-13 5.7712e-12 3.2483e-12 5.9938e-12 5.8339e-12 -1.2456e-12 2.648e-12 1.4329e-12 1.9258e-12 4.092e-12 1.2176e-12 5.1329e-13 9.4466e-13 1.2593e-11 1.6595e-12 6.9596e-13 1.4747e-12 5.9958e-13 2.5573e-12 4.138e-12 3.808e-12 9.9496e-13 3.2734e-12 1.759e-12 -8.5767e-13 4.7346e-12 1.1185e-12 7.5217e-13 1.3786e-12 2.1959e-12 1.214e-12 -2.115e-13 1.1766e-13 -5.0144e-13 3.8457e-13 2.1236e-12 -1.8306e-12 3.1815e-13 -7.9116e-13 -3.2684e-13 3.4975e-13 4.9404e-13 -2.3313e-13 1.15e-12 5.5814e-13 7.4396e-15 -9.9917e-14 -1.5896e-13 -3.666e-13 2.1601e-13 -1.2134e-13 -5.1014e-14 -6.4367e-16
2.7551e-12 4.5767e-12 -3.0448e-12 -2.2674e-13 4.7404e-12 3.8072e-12 3.4386e-12 4.8384e-12 2.3325e-12 5.9128e-12 -2.1024e-12 5.4719e-12 4.2883e-12 2.575e-12 4.4342e-12 2.905e-13 5.0209e-12 2.9558e-12 3.3145e-12 2.1308e-12 6.361e-14 3.8467e-12 4.8207e-12 1.6595e-12 1.4433e-11 2.8868e-12 3.4775e-12 9.8022e-13 2.4169e-12 3.8383e-12 7.1659e-13 1.0746e-12 7.9279e-13 3.7327e-12 -1.4567e-12 1.6433e-12 5.6921e-15 -1.0812e-13 1.0557e-12 1.8708e-12 2.81e-12 -1.4341e-12 1.9468e-12 -1.6767e-12 -1.1738e-12 4.3612e-13 -1.0593e-12 -1.4549e-12 2.321e-13 5.7167e-14 3.508e-13 -8.9806e-13 -9.9371e-13 -4.5184e-13 -7.0057e-13 -4.0936e-13 5.3232e-13 1.7177e-13 -2.4956e-14 -1.5496e-13 5.8535e-14 -7.7328e-15 -1.0065e-14
3.6513e-12 3.3229e-12 3.6814e-12 5.6723e-12 -3.8003e-13 3.9616e-12 8.9852e-13 -5.1684e-13 3.1906e-12 3.9814e-12 2.8876e-12 1.5502e-12 1.6318e-12 2.2282e-12 5.4654e-13 3.6753e-12 2.9796e-12 -1.6008e-14 8.4918e-13 2.5293e-12 -1.0715e-12 1.6646e-12 3.7035e-12 6.9596e-13 2.8868e-12 9.9444e-12 2.7206e-12 -1.6534e-14 8.9397e-13 3.0637e-12 2.0689e-12 2.0075e-13 -7.2133e-13 3.9988e-12 1.1428e-12 -1.8653e-12 -2.7339e-13 3.2141e-13 7.9689e-13 -5.0277e-14 -7.7229e-13 3.1976e-13 2.1759e-13 6.2769e-13 7.2908e-14 8.9598e-14 -2.414e-14 8.4185e-13 1.3265e-12 1.0415e-12 5.9569e-13 5.43e-13 -2.7629e-13 -6.3569e-14 3.5263e-13 4.0535e-13 1.5722e-13 1.2235e-14 -1.0148e-13 5.4109e-14 -1.0262e-13 -2.1702e-14 1.1199e-15
4.5652e-12 5.7609e-12 4.2842e-12 5.4538e-12 3.0989e-12 4.6392e-12 -9.0159e-13 1.3508e-12 1.553e-12 3.7123e-12 1.0573e-12 3.4017e-12 5.407e-12 2.3659e-12 1.8584e-12 3.2168e-12 3.3964e-12 1.7663e-12 3.1544e-12 -1.1623e-12 1.6455e-12 4.5978e-12 4.1493e-12 1.4747e-12 3.4775e-12 2.7206e-12 6.9858e-12 1.1358e-12 -4.4351e-13 2.3053e-12 2.1781e-13 1.2868e-12 3.7591e-13 1.8157e-12 2.1078e-13 2.1863e-12 9.6251e-13 1.2528e-12 4.9898e-13 6.261e-13 1.0298e-12 -1.2661e-12 3.2271e-13 1.0338e-13 -7.0771e-14 1.1904e-13 -3.3775e-13 8.9035e-14 -6.4288e-13 4.7163e-14 4.5382e-13 -2.2782e-13 1.1229e-15 3.4245e-13 -4.5552e-13 -2.4142e-13 7.3587e-14 -4.3299e-13 -1.2398e-13 1.539e-14 6.3984e-14 -2.9341e-15 -1.8671e-15
-1.8813e-12 -1.2431e-14 -2.2924e-12 -2.6856e-12 -5.4256e-13 2.3514e-12 -5.5515e-12 1.0693e-12 2.4908e-12 2.7451e-12 1.2086e-12 3.9714e-12 9.9645e-13 1.5455e-12 1.0119e-12 9.6645e-14 -1.4568e-13 2.5999e-12 -1.3933e-12 -1.551e-12 1.8697e-12 -7.3363e-13 -5.1429e-13 5.9958e-13 9.8022e-13 -1.6534e-14 1.1358e-12 9.8398e-12 1.0284e-12 1.5446e-12 2.1841e-13 1.5107e-12 -4.1564e-13 7.2893e-13 -4.1141e-14 6.7597e-13 -9.8331e-13 2.5265e-13 -1.5245e-12 4.9705e-13 -1.8618e-13 -1.3742e-12 -8.9304e-13 -7.2729e-13 8.8052e-13 -7.5401e-14 9.1233e-14 -4.3784e-13 -2.3648e-13 3.7867e-13 -3.9854e-13 -2.0034e-13 7.6925e-14 1.7893e-13 -9.614e-14 -1.0478e-13 5.4515e-13 -2.4163e-13 -1.0974e-13 -3.0642e-13 1.2083e-13 1.404e-14 2.4561e-15
6.3229e-12 1.412e-12 -1.2859e-12 -1.0905e-13 2.8099e-12 4.1447e-12 3.2843e-12 4.4154e-12 3.8441e-12 3.3061e-12 1.7808e-12 7.1167e-13 -6.2791e-14 1.1128e-12 -7.5463e-13 -2.3565e-12 2.988e-12 2.0055e-12 -1.1411e-12 2.8229e-12 -4.325e-13 -2.7345e-12 2.5333e-12 2.5573e-12 2.4169e-12 8.9397e-13 -4.4351e-13 1.0284e-12 1.1773e-11 2.8713e-12 2.0935e-12 1.4872e-12 1.5102e-12 9.013e-13 -7.0342e-13 2.0481e-13 2.5327e-12 -3.2016e-13 9.5413e-13 -7.8147e-13 1.0567e-12 1.7741e-13 5.8826e-13 -5.4051e-13 1.6042e-12 9.2815e-13 4.0482e-13 1.5345e-12 1.3122e-12 9.0419e-13 2.6768e-13 2.5945e-13 -5.6534e-14 -2.5209e-13 -4.7057e-13 7.3904e-13 -1.9353e-13 3.8517e-13 -2.3399e-13 -1.843e-13 2.1299e-13 -1.6469e-14 7.2888e-15
3.7944e-12 4.6856e-12 5.7796e-12 1.7783e-12 4.1449e-12 5.3378e-12 1.4765e-12 3.859e-12 -5.7327e-13 3.9907e-12 6.7889e-13 2.6e-12 2.5274e-12 5.7935e-12 3.8228e-13 -1.1522e-12 3.2977e-12 5.5803e-12 4.5503e-12 3.1234e-12 2.103e-12 7.3602e-13 3.019e-12 4.138e-12 3.8383e-12 3.0637e-12 2.3053e-12 1.5446e-12 2.8713e-12 9.9409e-12 2.7757e-12 1.0636e-12 1.4078e-12 2.4665e-12 -1.389e-13 1.1996e-12 1.3453e-12 8.8127e-13 -3.6346e-14 -2.9076e-13 4.1313e-13 1.2205e-12 8.3802e-13 -8.7915e-13 -1.3333e-13 -5.999e-14 9.5977e-13 2.7087e-13 -5.9236e-13 5.7995e-13 4.5923e-14 6.2076e-13 -2.4563e-13 -8.2778e-13 8.17e-14 3.6409e-13 1.6556e-13 -3.8831e-13 -4.1286e-13 -7.1307e-14 4.1507e-14 -9.7546e-15 5.0846e-17
-5.5915e-13 8.2812e-13 3.0436e-12 8.2684e-13 7.4208e-14 1.5703e-12 -2.8117e-12 2.4959e-12 3.7264e-12 7.623e-12 -1.4948e-12 9.3238e-13 4.5573e-13 1.8651e-12 2.6515e-12 -1.543e-13 1.0492e-12 6.6066e-13 1.5598e-12 -2.5882e-12 -4.6771e-13 -3.6827e-14 1.4629e-12 3.808e-12 7.1659e-13 2.0689e-12 2.1781e-13 2.1841e-13 2.0935e-12 2.7757e-12 1.1077e-11 2.4151e-13 1.9476e-12 4.8193e-13 2.2593e-13 7.8698e-13 -5.4236e-13 -2.7224e-12 1.7342e-12 -2.1678e-14 -1.6408e-12 2.1391e-12 -1.0091e-12 -9.8911e-13 -2.1337e-13 2.5066e-13 -3.4349e-14 -5.7466e-13 -6.4533e-13 -7.1304e-14 2.6839e-13 -4.3148e-13 -4.322e-13 -6.1306e-13 6.5362e-13 -4.1748e-13 -8.5943e-14 6.6199e-15 -6.9118e-14 2.6599e-13 -1.4252e-13 -2.7798e-14 -5.3783e-15
2.4493e-12 9.4921e-13 -1.4998e-12 -6.4867e-13 -1.6701e-13 2.8342e-12 1.0771e-12 9.6928e-13 7.361e-13 -2.7481e-13 1.5248e-12 1.4814e-12 -7.0047e-13 -9.9226e-13 -9.8084e-14 1.9229e-12 -4.0344e-13 1.5114e-12 -5.1196e-13 2.9195e-13 1.2339e-12 1.2189e-12 4.5446e-13 9.9496e-13 1.0746e-12 2.0075e-13 1.2868e-12 1.5107e-12 1.4872e-12 1.0636e-12 2.4151e-13 6.4151e-12 5.9125e-14 -9.6967e-13 -7.4159e-13 -3.2148e-13 -4.4618e-13 6.7331e-15 -4.6398e-13 -1.4039e-12 9.9131e-13 -1.2631e-12 -8.4725e-13 8.6825e-13 -7.0735e-13 3.3461e-13 1.2739e-12 4.4775e-13 1.4989e-13 6.0564e-13 4.5373e-13 -4.0741e-13 -1.4499e-12 8.8732e-13 -4.1596e-13 1.545e-14 4.7762e-13 6.7691e-14 1.4852e-13 -3.0978e-13 3.9268e-14 -2.0993e-14 5.8793e-18
1.698e-12 7.4755e-12 1.2369e-12 9.9684e-13 3.4235e-12 -1.5703e-13 2.1952e-12 1.3219e-12 3.2877e-13 1.8489e-12 -1.2036e-12 1.5017e-12 1.0835e-13 -9.3937e-14 6.248e-13 -9.3668e-13 -6.0808e-14 5.0543e-13 8.3269e-13 3.1989e-13 -1.1291e-12 7.9008e-13 -6.609e-13 3.2734e-12 7.9279e-13 -7.2133e-13 3.7591e-13 -4.1564e-13 1.5102e-12 1.4078e-12 1.9476e-12 5.9125e-14 6.0759e-12 8.6146e-13 -2.9312e-13 2.1032e-12 -1.2917e-12 -2.6005e-12 6.9734e-13 1.9198e-12 5.7132e-13 1.0245e-13 6.8373e-13 -4.6501e-13 -1.1739e-12 1.2778e-13 -8.3302e-14 7.1658e-13 -4.8868e-13 5.3189e-13 2.0211e-13 2.1904e-14 4.3115e-13 9.8419e-14 2.4863e-13 1.1103e-13 -2.7172e-13 -3.3338e-13 -1.2663e-13 2.4382e-13 -8.5878e-15 -4.02e-15 1.7746e-15
2.2703e-12 4.7917e-13 1.8828e-12 2.8572e-12 4.6337e-12 2.5528e-12 3.4081e-12 -7.5682e-13 1.7164e-12 2.6566e-12 -4.0034e-12 1.479e-12 1.6704e-12 5.1818e-12 -4.7874e-13 3.5784e-12 4.5024e-12 6.0001e-13 -1.0708e-12 4.055e-12 -1.0931e-12 3.066e-12 3.55e-12 1.759e-12 3.7327e-12 3.9988e-12 1.8157e-12 7.2893e-13 9.013e-13 2.4665e-12 4.8193e-13 -9.6967e-13 8.6146e-13 1.1021e-11 -8.8846e-13 -2.206e-13 5.5631e-14 -5.2049e-16 1.419e-12 2.5524e-12 1.0222e-13 6.3872e-13 8.9086e-13 -5.0093e-13 -2.7823e-13 -3.3957e-13 -3.8823e-13 -1.8509e-13 1.1616e-12 5.0864e-13 4.7407e-13 -2.7218e-13 -2.9614e-13 -1.7262e-13 7.7412e-13 -1.8189e-13 -2.46e-13 7.1424e-14 1.4412e-13 2.493e-13 8.6598e-14 -7.6177e-15 3.7498e-15
8.7674e-13 1.2363e-12 2.4948e-12 7.7618e-13 4.104e-13 2.6931e-12 4.8671e-13 -9.9364e-13 1.7184e-12 -1.7034e-12 1.5898e-12 2.8048e-13 -3.8981e-14 1.1947e-12 2.0323e-13 2.8776e-12 1.6801e-12 2.5831e-12 8.6695e-13 8.0053e-13 -3.7559e-13 -1.2818e-12 3.3308e-13 -8.5767e-13 -1.4567e-12 1.1428e-12 2.1078e-13 -4.1141e-14 -7.0342e-13 -1.389e-13 2.2593e-13 -7.4159e-13 -2.9312e-13 -8.8846e-13 6.1871e-12 8.9386e-13 7.0292e-13 -6.1516e-13 7.2913e-13 -3.1219e-13 7.5646e-13 8.0646e-13 1.1756e-12 2.0425e-13 -1.0192e-13 -4.8211e-13 1.9822e-13 2.3589e-14 -6.5567e-13 -5.9431e-13 -1.0192e-12 4.1719e-13 4.592e-13 -2.6504e-13 3.0093e-14 2.0296e-15 -7.57e-14 -1.2794e-13 -1.8892e-13 1.8438e-13 -1.3868e-13 -2.2155e-15 -4.475e-15
3.6049e-12 3.55e-12 7.8455e-13 2.7639e-12 6.2365e-12 2.7174e-12 -1.1058e-12 1.8931e-12 4.0099e-12 1.906e-12 -1.7124e-12 1.8702e-12 2.4124e-12 6.2078e-12 3.7696e-12 7.2283e-13 1.9596e-12 3.5065e-13 1.6193e-12 3.379e-12 -9.9932e-13 1.558e-12 3.5714e-13 4.7346e-12 1.6433e-12 -1.8653e-12 2.1863e-12 6.7597e-13 2.0481e-13 1.1996e-12 7.8698e-13 -3.2148e-13 2.1032e-12 -2.206e-13 8.9386e-13 9.9679e-12 9.3526e-13 2.2572e-12 7.8408e-13 1.1713e-12 3.1588e-12 -2.6828e-12 -5.2304e-13 -6.7362e-13 -2.1118e-12 7.5657e-13 -1.1177e-13 -7.868e-13 -6.1884e-13 2.6729e-13 -8.379e-13 -1.6722e-13 2.3583e-13 -4.235e-13 -5.3485e-14 -5.3346e-13 2.7406e-13 -6.0963e-13 -6.929e-14 1.3186e-13 -1.2447e-13 -5.252e-15 -3.4786e-15
3.1627e-12 -1.3277e-12 1.3145e-12 1.1059e-12 3.2593e-12 5.9014e-13 1.804e-12 1.3098e-12 1.0058e-12 -1.7898e-12 3.4369e-13 -5.1048e-13 1.1988e-12 2.9848e-13 -1.1856e-12 -8.1685e-13 5.7838e-13 -4.0128e-13 -1.1188e-13 2.5067e-12 2.5091e-12 -1.6586e-12 4.8983e-13 1.1185e-12 5.6921e-15 -2.7339e-13 9.6251e-13 -9.8331e-13 2.5327e-12 1.3453e-12 -5.4236e-13 -4.4618e-13 -1.2917e-12 5.5631e-14 7.0292e-13 9.3526e-13 7.9059e-12 2.1856e-12 2.7439e-12 -2.0735e-13 1.5468e-12 5.0718e-13 1.6933e-12 -1.7179e-12 1.5914e-12 5.3655e-13 4.4596e-14 -1.0566e-13 -3.9152e-13 -4.6914e-13 1.0014e-13 7.025e-13 1.3349e-12 1.3024e-13 -7.3853e-14 1.9081e-13 7.0186e-14 2.0884e-13 -2.4019e-14 1.9898e-13 8.2835e-14 -2.9483e-14 -1.0306e-15
2.3688e-12 -2.177e-13 1.1492e-12 3.0341e-12 5.009e-12 3.6201e-12 1.3308e-12 1.8923e-12 1.2918e-12 6.7526e-13 3.3335e-12 -7.1381e-13 3.478e-12 3.2465e-12 2.6502e-12 7.8703e-13 3.7924e-12 1.7858e-12 1.025e-12 4.3433e-12 2.5472e-12 1.4936e-12 1.2547e-12 7.5217e-13 -1.0812e-13 3.2141e-13 1.2528e-12 2.5265e-13 -3.2016e-13 8.8127e-13 -2.7224e-12 6.7331e-15 -2.6005e-12 -5.2049e-16 -6.1516e-13 2.2572e-12 2.1856e-12 6.5847e-12 -1.2331e-12 -1.1515e-12 8.547e-13 -1.0891e-12 -1.1103e-12 3.6268e-13 1.5316e-14 -4.4657e-13 3.6998e-13 -6.0578e-13 -3.9736e-13 -1.7339e-13 -2.895e-13 2.9249e-13 5.783e-13 -6.1018e-14 -5.4228e-13 -1.7974e-13 4.1758e-13 -8.3275e-15 7.0284e-14 -1.2152e-13 1.075e-14 1.6086e-14 3.7436e-15
2.9525e-13 2.3987e-12 1.4623e-12 2.1212e-12 1.3083e-12 -3.2271e-12 1.6106e-12 -1.3596e-12 2.5768e-12 -1.2269e-12 -3.7077e-12 2.6121e-12 -9.3988e-13 -3.4939e-14 4.9547e-13 2.3185e-12 7.1434e-13 3.3132e-13 1.5546e-12 1.2388e-12 -8.7467e-13 1.1841e-12 2.2811e-12 1.3786e-12 1.0557e-12 7.9689e-13 4.9898e-13 -1.5245e-12 9.5413e-13 -3.6346e-14 1.7342e-12 -4.6398e-13 6.9734e-13 1.419e-12 7.2913e-13 7.8408e-13 2.7439e-12 -1.2331e-12 6.5138e-12 1.5394e-12 4.6161e-13 1.6999e-13 9.797e-13 4.4923e-13 3.981e-13 4.7917e-13 -8.3983e-13 -4.9945e-14 1.398e-13 -8.6747e-14 9.5536e-13 7.1297e-13 4.3457e-13 1.9312e-13 4.7221e-13 -7.3624e-14 8.109e-14 -1.5765e-13 -8.0113e-14 1.7555e-13 -1.1442e-13 -6.3663e-15 -1.082e-15
9.0194e-13 1.8198e-12 2.0793e-12 1.7187e-12 5.4389e-13 7.6689e-13 -1.87e-13 -2.1853e-12 -9.389e-13 -1.6355e-12 -5.1327e-12 2.1667e-14 1.1757e-12 2.0469e-12 2.2341e-12 1.795e-12 -9.2685e-13 -8.4147e-14 -4.7057e-13 8.8837e-14 -1.0375e-13 -1.3258e-12 -8.3203e-13 2.1959e-12 1.8708e-12 -5.0277e-14 6.261e-13 4.9705e-13 -7.8147e-13 -2.9076e-13 -2.1678e-14 -1.4039e-12 1.9198e-12 2.5524e-12 -3.1219e-13 1.1713e-12 -2.0735e-13 -1.1515e-12 1.5394e-12 6.029e-12 5.8978e-13 -3.7701e-13 -5.3301e-13 -9.0277e-13 -9.3222e-13 -2.7669e-13 -5.421e-13 -1.1286e-12 3.7561e-13 6.5392e-14 8.925e-13 -2.3924e-13 3.5673e-13 -3.6866e-13 7.0815e-14 -4.7292e-15 -4.9361e-13 -4.8034e-14 -2.2308e-14 1.5334e-13 -5.2086e-14 1.3762e-14 5.5538e-16
3.4313e-12 2.3226e-12 2.5795e-13 1.2362e-12 4.5942e-12 3.156e-12 1.5681e-12 7.0491e-13 1.8265e-12 -1.9824e-12 8.7637e-13 2.131e-13 -1.1562e-13 1.8789e-12 1.3992e-12 -5.3652e-13 6.0975e-14 -4.3766e-13 7.2501e-13 1.5124e-12 6.2609e-13 -3.9297e-13 7.4441e-14 1.214e-12 2.81e-12 -7.7229e-13 1.0298e-12 -1.8618e-13 1.0567e-12 4.1313e-13 -1.6408e-12 9.9131e-13 5.7132e-13 1.0222e-13 7.5646e-13 3.1588e-12 1.5468e-12 8.547e-13 4.6161e-13 5.8978e-13 4.8535e-12 -1.0139e-12 6.5774e-13 -1.0318e-12 8.0798e-14 9.7091e-13 -2.0512e-14 -4.2972e-13 3.3591e-13 8.1647e-13 -1.9803e-13 -1.5481e-13 7.1236e-14 4.4665e-13 -4.0832e-13 -1.6211e-13 2.6302e-13 2.8516e-17 -2.2037e-14 -1.1191e-13 1.4314e-14 -2.6041e-14 -5.8541e-15
6.1358e-13 3.2307e-13 2.3881e-12 -7.6546e-13 1.9985e-12 -2.0873e-12 2.2196e-12 2.2945e-12 -7.3516e-14 2.0123e-12 -9.8583e-14 -9.9929e-13 -6.6152e-14 1.8486e-13 -3.183e-12 -7.579e-13 2.5042e-13 2.3377e-12 -4.8086e-13 -1.8261e-12 1.1702e-13 -1.8495e-12 -7.5426e-14 -2.115e-13 -1.4341e-12 3.1976e-13 -1.2661e-12 -1.3742e-12 1.7741e-13 1.2205e-12 2.1391e-12 -1.2631e-12 1.0245e-13 6.3872e-13 8.0646e-13 -2.6828e-12 5.0718e-13 -1.0891e-12 1.6999e-13 -3.7701e-13 -1.0139e-12 5.6354e-12 6.5783e-13 -2.2285e-12 1.0665e-12 2.2949e-13 1.3626e-13 4.6083e-13 8.3927e-14 -1.3124e-12 -1.4391e-13 1.1082e-13 2.2593e-13 -2.057e-13 5.0621e-13 6.1959e-14 -9.7422e-14 3.8185e-13 4.441e-14 1.2447e-13 9.3058e-14 -2.6038e-15 -5.2284e-16
3.9575e-13 1.8703e-12 -1.1583e-12 -1.1585e-12 2.2351e-12 -7.7583e-13 1.626e-12 5.7215e-13 7.3748e-13 7.2147e-13 -8.7507e-13 9.3643e-13 6.0642e-13 8.9203e-13 -2.3367e-12 2.9215e-13 -1.2941e-13 -6.1808e-13 9.5148e-13 6.6948e-13 -7.6267e-13 1.587e-13 8.5649e-13 1.1766e-13 1.9468e-12 2.1759e-13 3.2271e-13 -8.9304e-13 5.8826e-13 8.3802e-13 -1.0091e-12 -8.4725e-13 6.8373e-13 8.9086e-13 1.1756e-12 -5.2304e-13 1.6933e-12 -1.1103e-12 9.797e-13 -5.3301e-13 6.5774e-13 6.5783e-13 4.3175e-12 -1.9694e-13 1.024e-12 4.4308e-13 -1.3475e-12 9.8287e-13 1.0285e-13 -8.1208e-14 -1.0204e-13 8.3046e-13 9.0575e-13 6.3012e-16 1.2368e-13 1.9747e-13 2.7225e-13 1.6236e-13 -3.7566e-13 1.7262e-13 2.0601e-14 -3.2465e-15 -6.7717e-15
-1.4745e-12 -1.9548e-12 2.6457e-13 1.4511e-12 -2.481e-12 -1.1364e-13 5.1668e-13 -2.1307e-12 -1.5184e-12 -2.8428e-12 5.8476e-13 1.3615e-12 -1.512e-12 3.8148e-13 2.8075e-13 1.2457e-12 2.1231e-14 -2.0791e-12 2.4509e-13 7.0963e-13 -8.6787e-13 7.1868e-13 1.2872e-12 -5.0144e-13 -1.6767e-12 6.2769e-13 1.0338e-13 -7.2729e-13 -5.4051e-13 -8.7915e-13 -9.8911e-13 8.6825e-13 -4.6501e-13 -5.0093e-13 2.0425e-13 -6.7362e-13 -1.7179e-12 3.6268e-13 4.4923e-13 -9.0277e-13 -1.0318e-12 -2.2285e-12 -1.9694e-13 4.8105e-12 -1.2354e-13 -5.3021e-13 1.0661e-13 3.4688e-13 -3.6672e-13 4.2451e-13 4.8703e-13 3.8754e-14 2.8634e-13 4.2284e-13 -2.2854e-13 2.1056e-15 1.2589e-13 -9.4717e-15 -6.9522e-14 -1.1931e-13 -7.8543e-14 1.8965e-17 2.3386e-15
1.3821e-13 -2.114e-12 -6.5193e-13 7.3447e-13 5.3156e-13 2.0016e-12 -1.0596e-12 -2.6045e-13 1.2158e-12 -6.5759e-15 3.0047e-12 -8.5333e-14 -5.6821e-13 -4.2263e-13 -2.1677e-12 -1.7862e-12 -1.2024e-12 -7.2031e-13 -8.3582e-13 -1.4151e-12 1.52e-12 -1.2302e-12 1.4511e-13 3.8457e-13 -1.1738e-12 7.2908e-14 -7.0771e-14 8.8052e-13 1.6042e-12 -1.3333e-13 -2.1337e-13 -7.0735e-13 -1.1739e-12 -2.7823e-13 -1.0192e-13 -2.1118e-12 1.5914e-12 1.5316e-14 3.981e-13 -9.3222e-13 8.0798e-14 1.0665e-12 1.024e-12 -1.2354e-13 3.9165e-12 6.8861e-13 -8.1329e-13 1.1458e-12 6.6422e-14 -3.9046e-13 -5.3266e-15 4.7657e-13 8.1821e-13 3.6319e-13 -1.4352e-13 1.3689e-13 -5.3344e-14 3.4637e-13 -1.8881e-13 5.5314e-14 1.0037e-13 -2.7567e-14 -2.3875e-16
-8.9026e-13 1.2573e-13 -9.5011e-13 -1.1375e-12 1.7795e-12 3.3669e-13 1.5394e-12 2.0718e-12 4.2318e-12 8.1006e-13 1.1064e-12 2.5294e-12 2.8956e-12 -2.0505e-13 1.5515e-12 -1.5678e-12 -8.0218e-13 -2.3476e-12 -9.0633e-13 1.3354e-12 -5.1686e-13 1.1704e-12 3.3431e-13 2.1236e-12 4.3612e-13 8.9598e-14 1.1904e-13 -7.5401e-14 9.2815e-13 -5.999e-14 2.5066e-13 3.3461e-13 1.2778e-13 -3.3957e-13 -4.8211e-13 7.5657e-13 5.3655e-13 -4.4657e-13 4.7917e-13 -2.7669e-13 9.7091e-13 2.2949e-13 4.4308e-13 -5.3021e-13 6.8861e-13 3.0542e-12 -4.1278e-13 1.0394e-13 8.1584e-13 5.8368e-13 1.4253e-13 4.5052e-13 4.2081e-13 9.1291e-13 2.8595e-14 6.8229e-14 2.5895e-13 -3.8146e-14 2.6117e-14 -1.5315e-13 -1.4912e-14 -1.9018e-14 -2.1971e-15
7.8647e-13 -5.1701e-13 -1.3539e-12 -7.3301e-13 2.0121e-12 3.7178e-14 1.9252e-12 -3.5495e-13 -1.1198e-12 -1.0448e-13 1.6005e-13 -1.9671e-12 1.451e-13 -8.4901e-13 9.0129e-13 1.1421e-12 2.4677e-13 2.229e-12 -7.0834e-13 8.1555e-13 5.5505e-14 -9.7823e-14 1.5959e-13 -1.8306e-12 -1.0593e-12 -2.414e-14 -3.3775e-13 9.1233e-14 4.0482e-13 9.5977e-13 -3.4349e-14 1.2739e-12 -8.3302e-14 -3.8823e-13 1.9822e-13 -1.1177e-13 4.4596e-14 3.6998e-13 -8.3983e-13 -5.421e-13 -2.0512e-14 1.3626e-13 -1.3475e-12 1.0661e-13 -8.1329e-13 -4.1278e-13 4.192e-12 7.6433e-13 2.6997e-13 4.6646e-13 3.2133e-14 -5.4558e-13 4.3561e-14 -3.071e-13 -9.1088e-14 2.4691e-13 2.9102e-13 2.3893e-13 2.5894e-13 -5.2824e-14 6.4486e-14 6.7451e-15 3.0326e-15
2.0245e-12 2.5817e-12 -1.1572e-12 -9.3118e-14 1.744e-12 2.1241e-13 1.413e-13 -1.4532e-12 8.5518e-13 4.9261e-13 1.4935e-12 -1.8683e-13 -1.9442e-14 5.1908e-13 -1.2961e-12 -9.4153e-13 -5.3538e-13 7.6516e-13 7.1389e-13 -2.0106e-13 -6.6374e-13 -1.5151e-13 6.645e-13 3.1815e-13 -1.4549e-12 8.4185e-13 8.9035e-14 -4.3784e-13 1.5345e-12 2.7087e-13 -5.7466e-13 4.4775e-13 7.1658e-13 -1.8509e-13 2.3589e-14 -7.868e-13 -1.0566e-13 -6.0578e-13 -4.9945e-14 -1.1286e-12 -4.2972e-13 4.6083e-13 9.8287e-13 3.4688e-13 1.1458e-12 1.0394e-13 7.6433e-13 3.2836e-12 8.9508e-13 5.5038e-13 2.0782e-13 1.4356e-13 2.0198e-13 1.3235e-13 9.239e-14 5.1285e-14 7.3631e-14 2.0921e-13 -2.143e-13 2.2139e-14 1.8508e-14 -7.7184e-15 1.7062e-15
-5.8294e-13 -4.5788e-13 -1.4552e-12 -7.6739e-13 -1.0121e-12 4.9854e-14 1.9014e-12 -1.8164e-12 1.5045e-12 -6.1866e-13 -1.2711e-12 -6.3331e-13 -1.6352e-13 9.9245e-13 -6.8189e-13 2.6335e-13 -2.7506e-13 -2.0426e-12 -1.2913e-12 -2.2848e-13 -1.944e-12 -7.1975e-13 6.923e-13 -7.9116e-13 2.321e-13 1.3265e-12 -6.4288e-13 -2.3648e-13 1.3122e-12 -5.9236e-13 -6.4533e-13 1.4989e-13 -4.8868e-13 1.1616e-12 -6.5567e-13 -6.1884e-13 -3.9152e-13 -3.9736e-13 1.398e-13 3.7561e-13 3.3591e-13 8.3927e-14 1.0285e-13 -3.6672e-13 6.6422e-14 8.1584e-13 2.6997e-13 8.9508e-13 2.6435e-12 1.1039e-12 4.2652e-13 1.7486e-13 -4.5887e-13 -1.0507e-13 -3.2197e-13 8.8153e-14 5.4971e-14 2.9123e-13 2.3421e-13 -9.1326e-14 -8.4699e-15 3.1004e-15 -1.9926e-16
-7.4976e-13 1.6096e-12 -7.4397e-13 8.0675e-13 -7.7892e-13 1.0045e-12 -6.0181e-13 -1.6454e-12 1.5716e-12 -6.7806e-13 -1.0169e-12 -7.3917e-13 1.4378e-12 4.7441e-13 7.0094e-13 -5.1729e-13 -1.783e-12 -2.012e-12 -5.9838e-13 1.4967e-12 -3.8067e-13 3.9876e-13 5.9837e-13 -3.2684e-13 5.7167e-14 1.0415e-12 4.7163e-14 3.7867e-13 9.0419e-13 5.7995e-13 -7.1304e-14 6.0564e-13 5.3189e-13 5.0864e-13 -5.9431e-13 2.6729e-13 -4.6914e-13 -1.7339e-13 -8.6747e-14 6.5392e-14 8.1647e-13 -1.3124e-12 -8.1208e-14 4.2451e-13 -3.9046e-13 5.8368e-13 4.6646e-13 5.5038e-13 1.1039e-12 2.6365e-12 5.2003e-13 4.0217e-13 -1.3457e-13 -1.66e-14 -3.4804e-14 7.1972e-14 2.7724e-13 -9.5667e-14 6.3234e-14 -1.2932e-13 -2.0577e-14 4.6795e-15 3.2045e-18
3.9778e-13 2.2865e-12 1.1747e-12 -3.0562e-13 -3.8714e-13 -1.0571e-12 6.7714e-14 -1.4593e-12 -4.9692e-13 -1.0206e-12 -1.727e-12 4.0838e-13 -8.3649e-15 -6.4435e-13 -2.3135e-13 6.9665e-13 -6.1739e-13 -9.9005e-13 3.5474e-13 -5.9947e-13 2.8141e-13 -9.3743e-14 1.1859e-13 3.4975e-13 3.508e-13 5.9569e-13 4.5382e-13 -3.9854e-13 2.6768e-13 4.5923e-14 2.6839e-13 4.5373e-13 2.0211e-13 4.7407e-13 -1.0192e-12 -8.379e-13 1.0014e-13 -2.895e-13 9.5536e-13 8.925e-13 -1.9803e-13 -1.4391e-13 -1.0204e-13 4.8703e-13 -5.3266e-15 1.4253e-13 3.2133e-14 2.0782e-13 4.2652e-13 5.2003e-13 1.3594e-12 -2.0639e-13 -1.4307e-13 5.7301e-14 -1.582e-13 -3.6001e-14 -7.8619e-14 9.6742e-14 -4.5341e-14 -3.2885e-14 2.5257e-14 1.9632e-15 -1.3259e-15
6.6929e-13 -3.9633e-13 5.1579e-13 1.0274e-12 6.4241e-13 2.4297e-13 6.3394e-13 -2.2646e-14 1.9908e-12 -3.2169e-14 2.0222e-12 -1.8081e-13 3.0812e-13 4.1019e-13 -9.1078e-13 1.4363e-12 5.6791e-14 3.6887e-13 9.5875e-13 1.9859e-12 -9.5295e-13 5.6721e-13 4.1949e-13 4.9404e-13 -8.9806e-13 5.43e-13 -2.2782e-13 -2.0034e-13 2.5945e-13 6.2076e-13 -4.3148e-13 -4.0741e-13 2.1904e-14 -2.7218e-13 4.1719e-13 -1.6722e-13 7.025e-13 2.9249e-13 7.1297e-13 -2.3924e-13 -1.5481e-13 1.1082e-13 8.3046e-13 3.8754e-14 4.7657e-13 4.5052e-13 -5.4558e-13 1.4356e-13 1.7486e-13 4.0217e-13 -2.0639e-13 1.4386e-12 5.0935e-13 8.4803e-14 1.9564e-13 3.9757e-13 1.7067e-13 -2.0555e-13 -1.2541e-13 -1.7207e-14 -3.0923e-14 5.15e-15 -2.7127e-16
-1.8281e-12 -2.0511e-13 4.6073e-13 1.2148e-12 2.3661e-12 3.1574e-14 8.2908e-13 3.5919e-13 1.3349e-12 -4.2677e-13 1.4796e-12 -7.2714e-14 7.1766e-13 3.4812e-14 1.8092e-13 6.7991e-13 -7.5105e-13 2.8516e-13 8.0857e-13 1.0798e-12 -1.033e-13 -6.7777e-13 4.4414e-13 -2.3313e-13 -9.9371e-13 -2.7629e-13 1.1229e-15 7.6925e-14 -5.6534e-14 -2.4563e-13 -4.322e-13 -1.4499e-12 4.3115e-13 -2.9614e-13 4.592e-13 2.3583e-13 1.3349e-12 5.783e-13 4.3457e-13 3.5673e-13 7.1236e-14 2.2593e-13 9.0575e-13 2.8634e-13 8.1821e-13 4.2081e-13 4.3561e-14 2.0198e-13 -4.5887e-13 -1.3457e-13 -1.4307e-13 5.0935e-13 2.19e-12 -3.9483e-15 -5.4528e-14 8.8501e-14 3.0944e-14 -1.0347e-13 -1.7184e-13 6.3128e-14 3.1513e-14 1.0218e-14 3.178e-16
7.8854e-13 -6.9565e-13 -3.3404e-13 -7.9882e-13 1.4617e-12 -9.1619e-13 6.1299e-13 4.3071e-13 1.7464e-12 -7.3758e-13 1.4671e-12 2.0219e-12 1.1977e-12 -1.3342e-12 1.4414e-12 -4.8498e-13 1.7251e-13 -1.9283e-12 -4.7973e-13 -6.498e-13 -2.1532e-14 2.1272e-12 -7.0469e-13 1.15e-12 -4.5184e-13 -6.3569e-14 3.4245e-13 1.7893e-13 -2.5209e-13 -8.2778e-13 -6.1306e-13 8.8732e-13 9.8419e-14 -1.7262e-13 -2.6504e-13 -4.235e-13 1.3024e-13 -6.1018e-14 1.9312e-13 -3.6866e-13 4.4665e-13 -2.057e-13 6.3012e-16 4.2284e-13 3.6319e-13 9.1291e-13 -3.071e-13 1.3235e-13 -1.0507e-13 -1.66e-14 5.7301e-14 8.4803e-14 -3.9483e-15 1.4807e-12 2.4179e-13 -1.1694e-13 4.3277e-14 -6.6789e-14 1.7098e-14 -2.2553e-14 1.3407e-14 -1.5912e-14 1.4159e-16
6.0274e-13 -1.1552e-12 4.935e-14 1.8402e-13 -4.6239e-14 -1.4555e-12 -1.3799e-12 -1.1252e-13 1.5279e-13 -1.6575e-13 -2.6371e-13 -2.8736e-13 -7.7746e-13 -5.1169e-14 -1.3184e-13 -6.3396e-13 -7.9358e-13 -5.7228e-13 -5.5081e-13 3.1495e-13 -6.6676e-13 1.7698e-13 -1.0857e-12 5.5814e-13 -7.0057e-13 3.5263e-13 -4.5552e-13 -9.614e-14 -4.7057e-13 8.17e-14 6.5362e-13 -4.1596e-13 2.4863e-13 7.7412e-13 3.0093e-14 -5.3485e-14 -7.3853e-14 -5.4228e-13 4.7221e-13 7.0815e-14 -4.0832e-13 5.0621e-13 1.2368e-13 -2.2854e-13 -1.4352e-13 2.8595e-14 -9.1088e-14 9.239e-14 -3.2197e-13 -3.4804e-14 -1.582e-13 1.9564e-13 -5.4528e-14 2.4179e-13 8.8503e-13 1.2038e-14 1.7187e-14 -1.3453e-13 -3.643e-16 5.9492e-14 -4.9899e-14 -4.638e-15 1.7563e-15
9.7804e-13 2.4504e-13 -2.6251e-14 4.5857e-13 -5.5665e-13 4.853e-14 6.895e-13 5.1016e-13 3.5319e-13 -3.2084e-14 7.6017e-13 -3.4196e-13 -9.8442e-14 -2.5846e-13 -8.1805e-13 4.7201e-13 1.0729e-13 5.4424e-13 -3.6794e-13 1.2304e-12 -7.7977e-14 -5.548e-13 -2.8509e-14 7.4396e-15 -4.0936e-13 4.0535e-13 -2.4142e-13 -1.0478e-13 7.3904e-13 3.6409e-13 -4.1748e-13 1.545e-14 1.1103e-13 -1.8189e-13 2.0296e-15 -5.3346e-13 1.9081e-13 -1.7974e-13 -7.3624e-14 -4.7292e-15 -1.6211e-13 6.1959e-14 1.9747e-13 2.1056e-15 1.3689e-13 6.8229e-14 2.4691e-13 5.1285e-14 8.8153e-14 7.1972e-14 -3.6001e-14 3.9757e-13 8.8501e-14 -1.1694e-13 1.2038e-14 5.3556e-13 1.8889e-15 -7.334e-16 -1.8974e-14 -3.2487e-14 1.4562e-14 -1.2863e-15 2.4443e-15
