1.7437e-10 1.6189e-10 1.4289e-10 1.5535e-10 1.1123e-10 1.1491e-10 1.4682e-10 1.1082e-10 1.5872e-10 8.6362e-11 1.1541e-10 1.2882e-10 9.6762e-11 9.7315e-11 9.3953e-11 8.4503e-11 7.2456e-11 7.6516e-11 6.1835e-11 8.1276e-11 6.1336e-11 8.0329e-11 7.0178e-11 4.7893e-11 6.4577e-11 4.9423e-11 5.0155e-11 6.8503e-11 5.0688e-11 4.6349e-11 5.2559e-11 4.074e-11 4.3766e-11 3.4505e-11 2.4635e-11 2.3283e-11 2.3703e-11 1.6121e-11 7.9472e-12 1.5427e-11 1.1584e-11 -7.7783e-12 1.6855e-11 -5.016e-12 -2.4462e-11 -7.8852e-12 -1.0021e-11 -2.9222e-12 -3.6687e-12 -7.5506e-12 -6.5879e-12 -8.2338e-12 -1.1525e-11 -1.1928e-11 -4.7577e-12 5.8398e-12 1.2792e-13 -6.2456e-12 -9.1409e-12 -1.784e-13 -4.2186e-12 9.257e-12 9.2614e-12 -6.6487e-12 2.0066e-12 -7.2164e-12 -6.0702e-12 -4.2651e-12 4.5179e-13 -5.2026e-12 -1.2334e-11 -7.7827e-12 -1.8784e-12 -4.0816e-12 7.0858e-12 5.9923e-12 2.9546e-12 1.2937e-12 4.7813e-13 -8.1962e-13 1.0749e-12 -4.061e-13 -4.0927e-12 -3.6515e-12 3.268e-12 1.4314e-12 6.0334e-13 4.7277e-12 1.3785e-12 2.4022e-12 2.0467e-12 -1.2067e-12 1.2685e-12 -4.0453e-13 3.2615e-13 -4.7198e-13 2.6817e-13 -9.6845e-15 -1.405e-14
1.6189e-10 2.0193e-10 1.6222e-10 1.6339e-10 1.2196e-10 1.2279e-10 1.5869e-10 1.1901e-10 1.6282e-10 8.9269e-11 1.2464e-10 1.3226e-10 1.1171e-10 9.9684e-11 9.9484e-11 9.927e-11 7.2951e-11 8.3054e-11 6.2791e-11 7.5992e-11 7.1643e-11 8.4378e-11 7.5263e-11 5.4559e-11 7.0589e-11 5.0323e-11 4.9956e-11 6.7561e-11 4.7015e-11 5.1091e-11 5.1288e-11 4.7588e-11 4.4338e-11 3.387e-11 2.279e-11 3.1738e-11 3.5202e-11 6.9662e-12 2.557e-12 1.027e-11 2.1159e-12 3.8273e-12 1.7627e-11 -3.4953e-12 -2.5637e-11 -1.1719e-11 -1.0078e-11 -2.7237e-12 1.9998e-12 -6.9321e-12 -6.0149e-12 -7.8491e-12 -3.9517e-12 -1.1655e-11 -3.2264e-12 4.5575e-12 1.3763e-13 -7.3642e-12 -5.733e-12 3.1668e-12 9.393e-13 4.1712e-12 8.2257e-12 -7.116e-12 2.4111e-12 -9.5996e-12 7.0678e-13 -1.4091e-12 6.2522e-12 -6.4802e-12 -9.0921e-12 -2.3044e-12 2.8516e-12 -3.4044e-12 8.9607e-12 4.7343e-12 2.2084e-12 -1.7215e-12 1.3548e-12 -2.8545e-12 1.7403e-13 -6.466e-13 -2.0687e-12 -3.4397e-12 1.8501e-12 1.6966e-12 4.7862e-13 4.0739e-12 1.8833e-12 1.6788e-12 2.365e-12 -1.8707e-12 1.1279e-12 -1.3563e-13 6.2043e-13 -2.8485e-13 3.7902e-13 -5.9054e-14 1.3857e-14
1.4289e-10 1.6222e-10 1.5463e-10 1.4335e-10 1.0406e-10 1.0928e-10 1.407e-10 1.0377e-10 1.4383e-10 7.6345e-11 1.0941e-10 1.135e-10 9.2241e-11 8.8316e-11 8.8831e-11 7.9932e-11 7.0944e-11 7.2253e-11 6.1634e-11 6.8804e-11 6.1558e-11 7.4375e-11 6.5745e-11 4.4778e-11 6.0948e-11 4.8226e-11 4.395e-11 6.1451e-11 4.2453e-11 4.5149e-11 4.6647e-11 3.9944e-11 3.458e-11 3.3001e-11 2.1034e-11 2.3125e-11 3.0099e-11 9.9198e-12 3.3882e-12 8.4201e-12 5.3565e-12 2.9599e-12 9.9984e-12 -4.3336e-12 -1.9444e-11 -8.0446e-12 -6.8372e-12 4.6107e-13 8.0522e-13 -9.582e-12 -8.4779e-12 -7.8015e-12 -6.9282e-12 -8.6668e-12 -3.9072e-12 6.1434e-12 7.759e-13 -6.5765e-12 -6.013e-12 5.0119e-12 -2.1166e-12 3.3991e-12 5.5455e-12 -7.9718e-12 8.1311e-13 -5.2206e-12 -1.2095e-12 -1.1352e-12 2.3456e-12 -4.2626e-12 -1.2062e-11 -2.7926e-12 3.059e-12 -3.5208e-12 6.9364e-12 6.5226e-12 5.2383e-13 2.4928e-13 1.9279e-12 -2.0312e-12 5.9453e-13 -2.2539e-12 -2.4513e-12 -3.0465e-12 7.3241e-13 1.3158e-12 5.084e-13 4.8819e-12 1.281e-12 1.2324e-12 1.1955e-12 -9.8621e-13 6.8302e-13 1.9011e-13 1.5311e-13 -3.7396e-13 2.865e-13 -1.632e-14 3.2546e-14
1.5535e-10 1.6339e-10 1.4335e-10 1.7269e-10 1.0441e-10 1.1792e-10 1.3962e-10 1.0784e-10 1.5517e-10 7.9653e-11 1.1481e-10 1.1872e-10 9.7434e-11 9.6288e-11 9.2244e-11 9.237e-11 6.9065e-11 8.502e-11 5.7157e-11 7.8345e-11 6.0461e-11 7.8783e-11 7.3116e-11 5.2329e-11 6.7159e-11 4.4652e-11 4.8081e-11 6.6094e-11 4.9775e-11 4.2034e-11 4.9537e-11 3.4609e-11 4.4215e-11 3.2106e-11 2.735e-11 2.995e-11 2.5723e-11 1.0426e-11 1.1265e-12 5.8609e-12 1.5948e-11 -8.2512e-12 2.286e-11 -4.4973e-12 -2.2597e-11 -5.2298e-12 -1.3122e-11 3.8482e-13 -1.4923e-12 -4.9464e-12 -6.1716e-12 -8.8326e-12 -5.9486e-12 -1.1524e-11 -4.0714e-12 7.9743e-12 1.9456e-12 -8.1778e-12 -9.3642e-12 2.8424e-12 -3.0397e-12 2.8112e-12 8.3562e-12 -7.2164e-12 2.2675e-12 -6.2746e-12 -4.0484e-12 -2.6243e-12 2.8043e-13 -8.2562e-12 -8.516e-12 -7.6784e-12 1.7292e-12 -3.7321e-12 6.9031e-12 5.1293e-12 -1.0974e-13 -1.4388e-12 -1.6419e-12 -2.1216e-12 -9.8476e-13 1.5733e-13 -3.9403e-12 -4.0489e-12 3.4078e-12 2.4653e-12 3.6915e-13 4.3902e-12 1.4639e-12 1.3792e-12 1.7238e-12 -1.3008e-12 1.0962e-12 -3.9612e-13 5.8163e-13 -4.1523e-13 2.9469e-13 -2.0611e-14 -1.3903e-14
1.1123e-10 1.2196e-10 1.0406e-10 1.0441e-10 1.0169e-10 8.5825e-11 1.106e-10 7.7547e-11 1.043e-10 6.0029e-11 8.1244e-11 9.1527e-11 7.3154e-11 6.7298e-11 6.5718e-11 6.5245e-11 4.4633e-11 6.001e-11 4.5035e-11 5.3619e-11 5.1584e-11 6.032e-11 4.8529e-11 3.3487e-11 4.3681e-11 3.0775e-11 3.1022e-11 4.6406e-11 3.3045e-11 3.3075e-11 3.7029e-11 3.4949e-11 3.1533e-11 1.6817e-11 1.3846e-11 1.9758e-11 1.935e-11 1.0096e-11 6.9363e-12 1.2625e-11 4.4663e-12 -3.1791e-13 1.7714e-11 -2.9581e-12 -1.7772e-11 -7.6257e-12 -6.0289e-12 -5.6372e-12 6.105e-13 -8.6023e-12 -4.1797e-12 -5.4251e-12 -4.1777e-12 -4.6087e-12 -6.083e-12 1.1531e-12 -6.9922e-13 -3.3741e-12 -1.9185e-12 -7.6761e-14 -5.5371e-13 5.3927e-12 5.1147e-12 -4.6679e-12 1.5278e-12 -4.3166e-12 -4.3954e-13 -2.8162e-12 1.9137e-12 -5.0486e-12 -6.2114e-12 2.1406e-14 1.2554e-12 -1.3558e-12 5.391e-12 5.9117e-12 2.7396e-12 -2.1525e-12 9.8917e-13 -2.2794e-13 -6.3913e-13 -3.3348e-12 -1.8658e-12 -9.6033e-13 1.9863e-12 2.0008e-12 1.2882e-12 2.353e-12 6.2782e-13 1.5122e-12 1.7408e-12 -5.6873e-13 3.8291e-13 1.0016e-13 5.0312e-13 -1.3767e-13 2.455e-13 2.4876e-14 3.4331e-14
1.1491e-10 1.2279e-10 1.0928e-10 1.1792e-10 8.5825e-11 1.0782e-10 1.1761e-10 8.8738e-11 1.1649e-10 6.317e-11 8.7265e-11 9.5227e-11 7.4988e-11 7.3981e-11 7.0507e-11 6.7976e-11 5.7398e-11 6.1222e-11 4.6903e-11 5.821e-11 5.3235e-11 6.6431e-11 5.8634e-11 3.724e-11 5.0769e-11 3.2293e-11 3.5414e-11 4.5698e-11 3.3255e-11 3.1871e-11 4.0784e-11 2.9414e-11 2.8611e-11 1.9281e-11 1.7369e-11 2.1853e-11 2.1677e-11 1.409e-11 4.6677e-12 4.9946e-12 1.459e-11 4.5565e-14 1.418e-11 -3.2588e-12 -1.5187e-11 -9.7806e-13 -4.2069e-12 9.4419e-14 -4.5056e-13 -3.3265e-12 -9.0385e-12 -6.5207e-12 -5.2552e-12 -4.539e-12 -2.6355e-12 -1.023e-13 2.6938e-12 -2.5834e-12 -3.2665e-12 5.0362e-12 -1.8724e-12 5.2022e-12 6.2884e-12 -4.6401e-12 -2.0152e-12 -7.5957e-12 -4.8346e-12 -5.0459e-12 1.3024e-12 -6.5696e-12 -7.0315e-12 -2.4737e-12 -1.6466e-13 -1.7782e-12 7.2631e-12 5.6175e-12 -2.1299e-12 -3.7506e-12 -4.0828e-13 -3.5013e-13 1.976e-14 -1.014e-12 -3.4802e-12 -3.2651e-12 2.5524e-12 2.4833e-12 7.5664e-13 3.3799e-12 8.904e-13 9.4852e-13 1.0484e-12 -3.8495e-13 1.4654e-13 5.6872e-14 2.0522e-13 -4.0893e-13 1.5583e-13 1.5525e-14 2.8108e-14
1.4682e-10 1.5869e-10 1.407e-10 1.3962e-10 1.106e-10 1.1761e-10 1.7057e-10 1.1295e-10 1.5008e-10 8.5208e-11 1.116e-10 1.2186e-10 9.533e-11 9.6327e-11 9.3722e-11 8.4807e-11 7.5063e-11 8.0848e-11 6.1454e-11 7.6932e-11 6.8243e-11 7.8948e-11 7.7556e-11 4.5533e-11 6.2297e-11 4.7237e-11 4.6195e-11 6.2851e-11 5.0642e-11 4.377e-11 4.7778e-11 4.1693e-11 3.9075e-11 2.5715e-11 1.7703e-11 2.1474e-11 2.5559e-11 1.1617e-11 6.7767e-12 1.1121e-11 8.0243e-12 5.7871e-12 1.5292e-11 -4.1972e-12 -1.4054e-11 -9.5879e-12 -3.7489e-12 -6.1971e-14 3.7952e-12 -5.3532e-12 -5.3218e-12 -7.6294e-12 -5.0642e-12 -8.1879e-12 -2.8737e-12 4.5414e-12 1.4179e-12 -3.0159e-12 -8.5554e-12 7.4328e-12 -2.5482e-12 6.1359e-12 8.5833e-12 -7.4371e-12 2.8055e-13 -6.4945e-12 -5.231e-12 -3.588e-12 5.0073e-13 -5.3301e-12 -8.8101e-12 9.3079e-13 -3.5719e-13 -2.6877e-12 8.1656e-12 3.769e-12 6.0078e-13 -3.2886e-12 2.2544e-12 7.6161e-13 -2.0965e-12 -2.1419e-12 -1.6435e-12 -5.2407e-13 9.0126e-13 3.4738e-12 1.6312e-12 4.7448e-12 1.9594e-12 1.0863e-12 9.0407e-13 -8.9095e-13 8.7259e-13 -4.566e-13 5.587e-13 -4.0973e-13 2.3785e-13 1.9958e-14 -9.2018e-15
1.1082e-10 1.1901e-10 1.0377e-10 1.0784e-10 7.7547e-11 8.8738e-11 1.1295e-10 1.0364e-10 1.1132e-10 6.4004e-11 8.5606e-11 8.9222e-11 7.4855e-11 7.2379e-11 6.7265e-11 6.4144e-11 6.038e-11 5.4624e-11 4.3378e-11 5.7556e-11 4.742e-11 6.1825e-11 5.5305e-11 3.4439e-11 4.6621e-11 3.4666e-11 3.1548e-11 4.529e-11 3.3125e-11 2.8322e-11 3.628e-11 2.9527e-11 2.9951e-11 1.911e-11 1.8123e-11 1.8966e-11 2.0471e-11 5.9784e-12 3.7749e-13 5.8619e-12 4.6719e-12 3.713e-12 7.6914e-12 -2.4157e-13 -1.2178e-11 -2.8209e-12 -3.6186e-12 4.7719e-13 -6.6265e-13 -1.8443e-12 -4.4092e-12 -7.6345e-12 -4.0431e-12 -9.2846e-12 -2.0312e-12 5.968e-12 1.0349e-13 -3.9088e-12 -7.683e-12 4.0476e-12 -7.8905e-13 6.2656e-12 5.2542e-12 -3.9216e-12 9.1788e-13 -6.9664e-12 -4.1929e-12 -2.3844e-12 2.8184e-12 -4.0923e-12 -4.7714e-12 -3.7102e-12 8.4813e-13 -1.8106e-12 7.3353e-12 4.4154e-12 2.5217e-12 -8.1705e-14 -1.8106e-12 -1.2335e-12 -1.1101e-12 -1.3417e-13 -3.2249e-12 -9.978e-13 1.4027e-12 2.594e-12 9.9342e-13 4.6728e-12 2.0269e-12 1.4664e-12 9.6291e-13 -1.0156e-12 2.7318e-13 -2.9721e-13 3.1282e-13 -2.8178e-13 1.2459e-13 5.6743e-14 3.1598e-14
1.5872e-10 1.6282e-10 1.4383e-10 1.5517e-10 1.043e-10 1.1649e-10 1.5008e-10 1.1132e-10 1.6774e-10 8.5391e-11 1.1533e-10 1.1608e-10 9.8362e-11 9.6983e-11 9.7466e-11 8.9813e-11 7.4103e-11 7.9595e-11 6.003e-11 7.4775e-11 6.337e-11 8.3445e-11 7.0784e-11 4.833e-11 6.7957e-11 4.9037e-11 5.064e-11 6.4731e-11 4.478e-11 4.1795e-11 4.9544e-11 3.7289e-11 4.1908e-11 3.4654e-11 2.2613e-11 2.7096e-11 2.9891e-11 1.4081e-11 2.5667e-12 9.1385e-12 1.1982e-11 -6.0327e-12 1.7284e-11 -1.1207e-12 -1.9312e-11 -5.7441e-12 -7.7368e-12 1.4683e-12 -5.5936e-13 -7.4737e-12 -6.4445e-12 -1.0475e-11 -6.4211e-12 -1.1841e-11 -7.5294e-12 9.4352e-12 2.6319e-12 -8.1733e-12 -1.2521e-11 4.9502e-12 1.2656e-12 8.3036e-12 7.249e-12 -6.4964e-12 1.5172e-12 -7.2791e-12 -5.9946e-12 -5.4013e-12 1.7912e-12 -4.0163e-12 -1.0564e-11 -4.1218e-12 -2.11e-12 -3.8304e-12 7.2137e-12 5.1818e-12 3.3471e-13 8.5692e-15 -4.4742e-13 -1.3603e-12 -2.3213e-13 1.6e-12 -4.418e-12 -3.7347e-12 8.0086e-13 4.2899e-12 3.9873e-13 4.9091e-12 1.6684e-12 1.4255e-12 1.1361e-12 -1.6009e-12 1.4223e-12 -4.0553e-13 6.2227e-14 -4.2425e-13 2.3751e-13 -4.0208e-14 2.1731e-14
8.6362e-11 8.9269e-11 7.6345e-11 7.9653e-11 6.0029e-11 6.317e-11 8.5208e-11 6.4004e-11 8.5391e-11 5.9471e-11 6.4857e-11 6.7051e-11 5.4809e-11 5.497e-11 5.0994e-11 4.508e-11 4.2126e-11 4.2785e-11 3.5222e-11 3.853e-11 3.735e-11 4.0887e-11 4.3257e-11 2.433e-11 3.2968e-11 2.2794e-11 2.613e-11 3.8902e-11 2.6241e-11 2.4961e-11 2.8626e-11 2.2722e-11 2.3555e-11 2.0211e-11 6.8605e-12 2.0392e-11 1.639e-11 1.22e-11 3.1035e-12 4.1413e-12 3.0852e-12 -1.4998e-12 8.5707e-12 -1.5205e-12 -8.5541e-12 -2.2592e-12 -3.0359e-12 -5.7027e-13 -4.3599e-13 1.6905e-12 -3.6484e-12 -4.8283e-12 -2.8525e-12 -4.3267e-12 -2.5909e-12 -1.4982e-12 1.1825e-12 -3.4514e-12 -5.8724e-12 2.6846e-12 3.2087e-14 6.119e-12 4.2382e-12 -3.0315e-12 2.1422e-12 -6.8737e-12 -1.3028e-12 -1.6335e-12 2.045e-12 -1.7452e-12 -5.7808e-12 -9.2068e-13 -1.1366e-12 -1.651e-12 6.1161e-12 3.0599e-12 1.231e-12 2.6776e-13 5.1315e-14 -9.3277e-13 -8.9815e-14 -7.7555e-14 -2.7707e-12 -1.2923e-12 4.365e-13 2.5408e-12 1.2303e-12 1.5625e-12 1.4572e-12 9.5849e-13 5.2704e-13 -1.2054e-12 3.6289e-14 -1.7634e-13 2.5059e-13 -2.196e-13 6.9948e-14 -1.6134e-14 1.3655e-14
1.1541e-10 1.2464e-10 1.0941e-10 1.1481e-10 8.1244e-11 8.7265e-11 1.116e-10 8.5606e-11 1.1533e-10 6.4857e-11 1.0792e-10 9.1659e-11 7.1945e-11 6.3735e-11 7.3735e-11 6.4626e-11 5.7295e-11 5.6103e-11 4.8855e-11 5.4536e-11 5.0963e-11 5.8543e-11 5.2807e-11 3.6567e-11 5.5167e-11 3.9008e-11 3.0677e-11 4.7352e-11 3.9553e-11 3.1083e-11 3.6516e-11 3.0285e-11 2.8733e-11 2.2182e-11 1.5121e-11 2.7853e-11 2.1531e-11 7.9986e-12 4.3554e-12 7.0125e-12 5.3397e-12 7.7055e-13 1.686e-11 -3.0371e-12 -1.4057e-11 -7.2394e-12 -9.1778e-12 -3.478e-12 7.5805e-12 -1.3163e-12 -3.2659e-12 -1.1354e-12 -3.5177e-12 -8.5625e-12 -3.6749e-12 4.1482e-12 4.7767e-13 -8.8407e-12 -2.0208e-12 4.6374e-12 -1.2469e-12 4.9928e-12 3.93e-12 -3.4255e-12 3.4538e-12 -7.1647e-12 -1.2363e-12 -4.147e-12 -5.3942e-13 -4.041e-12 -8.3254e-12 -4.3507e-12 7.436e-13 -4.4199e-13 7.2741e-12 4.6275e-12 1.4502e-12 -2.2202e-12 1.3193e-12 -3.2223e-12 7.5852e-13 -1.118e-12 -4.2603e-12 -2.3242e-12 2.346e-12 1.8352e-12 1.2683e-12 4.0351e-12 1.4332e-12 1.1035e-12 7.117e-13 -1.5843e-12 8.2748e-13 -3.4107e-13 3.5832e-13 -2.4538e-13 2.6165e-13 -7.3038e-15 3.5404e-14
1.2882e-10 1.3226e-10 1.135e-10 1.1872e-10 9.1527e-11 9.5227e-11 1.2186e-10 8.9222e-11 1.1608e-10 6.7051e-11 9.1659e-11 1.291e-10 8.2074e-11 7.965e-11 7.618e-11 6.2741e-11 6.1721e-11 6.7704e-11 5.0862e-11 6.374e-11 4.8912e-11 6.4552e-11 5.9999e-11 3.8741e-11 5.336e-11 3.8728e-11 3.6699e-11 4.8937e-11 3.8007e-11 3.7805e-11 4.2953e-11 3.3491e-11 3.9116e-11 2.1625e-11 2.3082e-11 2.5197e-11 1.6126e-11 1.1403e-11 3.5323e-12 9.2931e-12 7.9262e-12 2.5829e-12 1.7825e-11 -3.1541e-12 -1.8729e-11 -8.5186e-12 -5.7838e-12 -5.2703e-12 -5.3664e-12 -4.3157e-12 -8.3262e-12 -2.441e-12 -6.5541e-12 -9.2016e-12 -1.6969e-12 -1.4277e-12 -1.034e-12 -4.3266e-12 -2.5372e-12 3.5705e-12 -6.4538e-12 3.5446e-12 7.4801e-12 -3.218e-12 -1.0976e-12 -5.7536e-12 -1.9107e-12 -1.6364e-12 1.9404e-12 -6.3508e-12 -6.3863e-12 -3.0641e-12 -6.4741e-13 -1.6394e-12 7.2787e-12 4.6697e-12 1.436e-12 -3.9842e-12 2.786e-13 -4.902e-13 9.4586e-13 -2.0333e-12 -1.257e-12 -6.1053e-13 2.544e-12 4.7525e-13 1.1309e-12 2.4968e-12 8.0914e-13 1.3648e-12 1.9502e-12 -1.6279e-13 9.6839e-13 -7.056e-14 4.6585e-13 -4.6122e-13 3.4571e-13 4.1215e-14 5.1446e-15
9.6762e-11 1.1171e-10 9.2241e-11 9.7434e-11 7.3154e-11 7.4988e-11 9.533e-11 7.4855e-11 9.8362e-11 5.4809e-11 7.1945e-11 8.2074e-11 8.3411e-11 5.8113e-11 5.7774e-11 5.7751e-11 4.7591e-11 4.9155e-11 3.7914e-11 4.5082e-11 4.2214e-11 4.6593e-11 5.0145e-11 2.8843e-11 3.807e-11 3.0249e-11 2.9005e-11 4.0107e-11 2.8369e-11 3.0076e-11 3.0003e-11 3.1926e-11 2.8806e-11 1.7826e-11 1.2202e-11 2.3774e-11 1.7398e-11 7.3579e-12 -2.8216e-12 8.2368e-12 1.4193e-11 1.3094e-12 1.6225e-11 -3.7887e-12 -1.2615e-11 -3.346e-12 -5.8123e-12 -3.0721e-12 1.898e-13 -4.5372e-12 -4.538e-12 -5.2687e-12 6.5836e-13 -5.4823e-12 -4.2096e-12 4.0538e-12 -3.3632e-12 -4.8623e-12 -7.7154e-12 3.3324e-12 4.8959e-14 4.1715e-12 2.6059e-12 -2.1778e-12 2.7059e-12 -4.4789e-12 -4.5348e-13 -1.4839e-12 1.0478e-12 -4.9836e-12 -3.1406e-12 -1.8469e-12 8.172e-13 -4.2893e-12 5.9185e-12 2.6617e-12 2.6608e-12 1.8239e-13 1.076e-12 -7.8711e-13 -1.6038e-12 8.6377e-13 -5.2444e-13 -2.0015e-12 -3.7834e-13 2.6022e-12 1.7012e-12 1.9968e-12 1.2736e-12 -1.3335e-14 1.1374e-12 -7.1811e-13 4.8534e-13 -2.5283e-13 4.4375e-13 -2.6627e-13 2.7515e-13 4.0464e-15 3.9411e-14
9.7315e-11 9.9684e-11 8.8316e-11 9.6288e-11 6.7298e-11 7.3981e-11 9.6327e-11 7.2379e-11 9.6983e-11 5.497e-11 6.3735e-11 7.965e-11 5.8113e-11 8.5163e-11 6.6279e-11 6.0266e-11 4.7331e-11 5.4978e-11 3.7812e-11 4.8412e-11 3.6401e-11 5.5226e-11 4.5641e-11 3.2799e-11 3.5138e-11 2.3367e-11 3.3904e-11 3.9323e-11 2.8694e-11 2.893e-11 3.7592e-11 2.6227e-11 2.8994e-11 1.7764e-11 6.1883e-12 9.501e-12 1.7153e-11 1.1057e-11 9.8817e-12 4.3419e-12 1.1075e-11 -2.8238e-13 9.4145e-12 -8.4286e-13 -9.1212e-12 -7.2843e-12 -4.006e-12 1.391e-12 -4.0614e-12 -1.3302e-12 -3.9217e-12 -1.0541e-11 -4.7148e-12 -8.9736e-12 -3.7238e-13 4.536e-12 2.7733e-12 -2.44e-12 -3.2319e-12 4.4695e-12 3.75e-13 4.3431e-12 5.8019e-12 -5.4605e-12 -2.3181e-12 -5.6483e-12 -4.1033e-12 -4.5095e-13 4.806e-12 -3.6583e-12 -7.6379e-12 -2.4833e-13 -4.5476e-13 -1.6991e-12 5.8739e-12 3.867e-12 1.007e-12 -1.7065e-12 -7.2012e-13 -2.1325e-12 -1.3638e-12 -1.3226e-12 -2.2283e-12 -8.9683e-13 1.5724e-12 3.0423e-12 7.8595e-13 1.6343e-12 8.5888e-13 2.0781e-12 9.8823e-13 -2.7073e-13 6.0701e-13 -4.5059e-13 1.368e-13 -1.779e-13 1.3238e-13 2.0288e-14 1.004e-14
9.3953e-11 9.9484e-11 8.8831e-11 9.2244e-11 6.5718e-11 7.0507e-11 9.3722e-11 6.7265e-11 9.7466e-11 5.0994e-11 7.3735e-11 7.618e-11 5.7774e-11 6.6279e-11 7.5975e-11 5.7602e-11 4.3147e-11 5.3276e-11 3.5486e-11 4.6941e-11 3.5934e-11 5.5203e-11 4.2077e-11 3.3951e-11 3.7288e-11 2.939e-11 2.8163e-11 3.3779e-11 3.0282e-11 2.5418e-11 2.8177e-11 2.5516e-11 2.9972e-11 2.0188e-11 9.0349e-12 1.8179e-11 1.7763e-11 8.1556e-12 6.2481e-12 4.3885e-12 8.9841e-12 2.2199e-12 1.2224e-11 -3.8339e-12 -7.8147e-12 -5.2564e-12 -7.1005e-12 2.9079e-12 6.0342e-12 -3.0286e-12 -4.5771e-12 -3.724e-12 -2.2523e-12 -8.7251e-12 -4.5217e-12 5.8121e-12 2.4351e-12 -4.5941e-12 -4.483e-12 3.8332e-12 9.2547e-13 5.2056e-12 4.0649e-12 -7.174e-13 2.2446e-12 -4.6902e-12 -3.1036e-12 -2.2423e-12 5.2542e-12 -2.7992e-12 -7.4318e-12 -4.8614e-13 1.621e-12 -5.2174e-13 6.5045e-12 3.4209e-12 -5.4054e-13 -2.5666e-12 -6.0987e-13 -3.7279e-12 -2.655e-13 1.5413e-12 -2.8315e-12 -1.5276e-12 -9.3319e-13 2.4945e-12 1.855e-12 3.1898e-12 8.8803e-13 1.3071e-12 3.27e-13 -1.1546e-12 9.8638e-13 -5.2339e-13 1.2761e-13 -1.919e-13 1.912e-13 -3.6415e-14 1.5559e-14
8.4503e-11 9.927e-11 7.9932e-11 9.237e-11 6.5245e-11 6.7976e-11 8.4807e-11 6.4144e-11 8.9813e-11 4.508e-11 6.4626e-11 6.2741e-11 5.7751e-11 6.0266e-11 5.7602e-11 7.1828e-11 3.927e-11 4.8512e-11 3.076e-11 4.48e-11 3.528e-11 5.244e-11 4.0595e-11 3.0671e-11 3.5738e-11 2.6281e-11 3.2882e-11 2.8701e-11 2.8296e-11 2.5555e-11 2.882e-11 2.3632e-11 2.1316e-11 1.167e-11 7.9614e-12 1.7223e-11 1.445e-11 4.1731e-12 1.0393e-12 1.6219e-12 4.6567e-12 -2.65e-12 1.5959e-11 -2.2649e-12 -1.5916e-11 -3.9662e-12 -6.6334e-12 -2.237e-13 4.1434e-13 -3.3856e-12 8.7426e-13 -8.5025e-12 -2.4013e-12 -9.3917e-12 -3.2049e-12 6.9318e-12 -6.3247e-13 -3.8927e-12 -4.1638e-12 2.8047e-12 2.5265e-12 1.5076e-12 3.4664e-12 -2.9754e-12 -2.6457e-13 -3.8647e-12 -2.6797e-12 -1.5406e-12 2.0151e-12 -4.143e-12 -3.0055e-12 2.3376e-13 2.326e-12 -3.5163e-12 3.1595e-12 2.3128e-12 -6.2329e-13 -7.6558e-13 -1.0215e-12 -2.8e-12 -1.0263e-12 2.6939e-13 -1.9072e-12 -2.9178e-12 -1.353e-13 2.2972e-12 1.4056e-12 2.4725e-12 1.1811e-12 6.9515e-13 1.4708e-12 -1.051e-12 5.5238e-13 -3.0654e-13 4.3632e-13 -4.78e-14 1.3125e-13 -4.7082e-14 1.5863e-14
7.2456e-11 7.2951e-11 7.0944e-11 6.9065e-11 4.4633e-11 5.7398e-11 7.5063e-11 6.038e-11 7.4103e-11 4.2126e-11 5.7295e-11 6.1721e-11 4.7591e-11 4.7331e-11 4.3147e-11 3.927e-11 5.2282e-11 3.3843e-11 3.2548e-11 3.6229e-11 3.0816e-11 3.5397e-11 3.8458e-11 2.0103e-11 3.4835e-11 2.8626e-11 2.1844e-11 2.8613e-11 2.4455e-11 2.1367e-11 2.4748e-11 2.0495e-11 1.7533e-11 1.3842e-11 1.0914e-11 8.7103e-12 1.2277e-11 3.3643e-12 1.0596e-12 1.5133e-12 3.6009e-12 3.403e-12 6.913e-12 2.4903e-12 -7.0065e-12 -2.7328e-12 -6.2982e-12 1.1964e-12 -7.3133e-13 -3.0531e-12 -2.8626e-12 -7.4674e-12 -4.9688e-12 -7.6822e-12 1.3354e-12 1.9542e-12 2.4719e-12 -3.8685e-12 -3.5289e-12 4.6598e-12 -2.7209e-12 6.7396e-13 2.36e-12 -3.649e-13 -1.5794e-12 -3.5742e-12 -2.8793e-12 -1.7063e-12 -1.8182e-13 -1.9742e-12 -3.6977e-12 -2.1649e-12 -9.7873e-13 -1.9146e-12 3.2034e-12 2.6212e-12 1.5754e-12 4.6174e-13 6.0039e-13 -1.2992e-12 -1.3884e-12 -6.8946e-13 -6.8007e-13 -1.3137e-12 1.0054e-12 1.2558e-12 -4.6558e-13 1.6402e-12 9.374e-13 4.5801e-13 4.8848e-14 3.4103e-13 2.7965e-13 2.3045e-14 5.3255e-14 -2.7146e-13 1.1401e-13 5.4549e-15 3.7764e-14
7.6516e-11 8.3054e-11 7.2253e-11 8.502e-11 6.001e-11 6.1222e-11 8.0848e-11 5.4624e-11 7.9595e-11 4.2785e-11 5.6103e-11 6.7704e-11 4.9155e-11 5.4978e-11 5.3276e-11 4.8512e-11 3.3843e-11 6.3429e-11 2.7765e-11 4.0235e-11 3.0889e-11 4.438e-11 4.0445e-11 2.4764e-11 3.4151e-11 2.274e-11 2.2855e-11 3.1217e-11 2.6846e-11 2.0095e-11 2.2651e-11 1.6064e-11 2.6759e-11 1.6359e-11 1.0827e-11 1.8656e-11 1.4346e-11 1.0217e-11 1.5643e-13 5.9051e-12 5.5597e-12 -4.1252e-12 1.7102e-11 -3.5614e-12 -9.8718e-12 -5.4592e-12 -3.412e-12 -1.1519e-12 1.3021e-12 -1.085e-12 -2.0718e-12 -3.3539e-12 -1.1836e-12 -3.992e-12 -7.4759e-12 5.1553e-12 2.7065e-12 -5.6125e-12 -3.6429e-12 1.9112e-12 -1.0909e-12 1.9473e-12 5.7557e-12 -1.7129e-12 -3.0184e-13 -4.9125e-12 -2.4075e-12 -2.0169e-12 1.4975e-12 -2.5373e-12 -3.5286e-12 -1.6114e-12 5.5236e-13 7.7765e-13 5.8791e-12 2.6257e-12 -7.7808e-13 -2.122e-12 -1.6887e-12 1.2167e-12 -6.9816e-13 -8.4856e-13 -1.7071e-12 -8.9972e-13 6.4581e-13 9.5358e-13 9.0235e-13 7.4893e-13 -7.385e-14 7.0625e-13 6.5389e-13 -6.6659e-13 5.2364e-13 -3.8784e-13 3.3043e-13 -1.8063e-13 2.2146e-13 -1.6535e-14 2.7231e-15
6.1835e-11 6.2791e-11 6.1634e-11 5.7157e-11 4.5035e-11 4.6903e-11 6.1454e-11 4.3378e-11 6.003e-11 3.5222e-11 4.8855e-11 5.0862e-11 3.7914e-11 3.7812e-11 3.5486e-11 3.076e-11 3.2548e-11 2.7765e-11 4.0565e-11 2.7169e-11 3.1887e-11 2.9837e-11 3.0243e-11 2.0614e-11 2.8396e-11 2.145e-11 2.013e-11 2.9535e-11 2.5766e-11 1.5602e-11 2.3234e-11 1.5156e-11 1.3474e-11 1.5027e-11 7.6491e-12 8.3835e-12 9.125e-12 6.1043e-12 7.509e-12 5.5311e-12 4.549e-12 4.5503e-12 6.7486e-12 1.7761e-12 -6.7328e-12 -5.7923e-12 -6.2834e-12 -4.1831e-12 -1.5423e-12 -3.5836e-12 -5.385e-12 -3.237e-12 -1.683e-12 -9.423e-13 -9.6625e-13 1.0096e-12 -8.4028e-13 -1.0386e-12 2.985e-13 2.6323e-12 -1.8726e-12 1.6434e-12 1.5304e-12 5.4258e-14 4.2255e-13 -1.1418e-12 -4.8267e-13 8.2787e-13 -1.6617e-12 -1.5239e-12 -3.2093e-12 -1.9451e-12 -1.6508e-12 1.1429e-12 1.9082e-12 3.7426e-12 9.8957e-13 -7.2865e-14 2.5123e-12 2.7443e-14 7.7353e-13 -3.9353e-13 -1.9081e-12 -5.5591e-13 1.3699e-12 2.165e-12 4.26e-13 1.3568e-12 6.0598e-13 2.1163e-13 1.0749e-12 -4.0342e-13 3.3155e-13 -2.5662e-14 1.169e-13 -1.7757e-13 1.8647e-13 2.5976e-15 1.2611e-14
8.1276e-11 7.5992e-11 6.8804e-11 7.8345e-11 5.3619e-11 5.821e-11 7.6932e-11 5.7556e-11 7.4775e-11 3.853e-11 5.4536e-11 6.374e-11 4.5082e-11 4.8412e-11 4.6941e-11 4.48e-11 3.6229e-11 4.0235e-11 2.7169e-11 6.4088e-11 2.784e-11 4.5233e-11 3.9075e-11 2.3412e-11 2.8636e-11 1.9969e-11 1.8915e-11 3.2138e-11 2.3767e-11 2.0356e-11 2.2246e-11 1.8482e-11 1.6897e-11 1.0279e-11 1.4211e-11 9.6905e-12 1.1328e-11 1.4994e-12 6.6189e-13 5.7883e-12 1.1835e-11 -6.7986e-13 7.9991e-12 -3.3984e-12 -1.0301e-11 -3.6978e-12 -2.6448e-12 1.5989e-12 -1.517e-12 -6.8998e-12 2.1206e-12 -2.9869e-12 -4.8414e-12 -8.6525e-12 -2.6029e-12 3.3507e-12 -3.7668e-12 -1.4815e-12 -5.1018e-12 4.4896e-12 -3.7719e-12 8.1152e-13 5.9677e-12 -3.296e-12 2.1808e-12 -1.7221e-12 -5.2048e-12 -3.3618e-12 7.1157e-13 -4.7563e-12 -5.788e-12 -1.0509e-12 -3.4422e-13 -2.9642e-12 6.3898e-12 3.336e-12 -1.3473e-13 -8.6186e-13 -5.2985e-13 -2.6715e-12 2.5024e-13 -7.077e-13 -1.17e-12 -1.6941e-12 1.8764e-12 1.9217e-12 -1.4808e-12 8.135e-13 1.4229e-12 1.9775e-12 6.8143e-13 -1.1641e-13 5.4733e-13 -1.9408e-14 1.6986e-13 -2.3789e-13 1.0391e-13 4.554e-14 -5.7878e-15
6.1336e-11 7.1643e-11 6.1558e-11 6.0461e-11 5.1584e-11 5.3235e-11 6.8243e-11 4.742e-11 6.337e-11 3.735e-11 5.0963e-11 4.8912e-11 4.2214e-11 3.6401e-11 3.5934e-11 3.528e-11 3.0816e-11 3.0889e-11 3.1887e-11 2.784e-11 4.2594e-11 3.2476e-11 2.828e-11 2.0636e-11 2.7805e-11 2.1174e-11 2.0732e-11 3.0651e-11 2.0202e-11 1.9404e-11 2.3594e-11 2.0514e-11 1.3417e-11 1.1522e-11 7.1092e-12 1.3311e-11 1.6786e-11 4.5184e-12 6.3377e-12 3.9423e-12 -2.0789e-13 2.995e-12 9.1514e-12 -4.7264e-13 -4.6705e-12 -2.1357e-12 -2.5923e-12 -8.434e-13 -2.1034e-12 -8.6581e-13 -5.8678e-12 -4.5166e-12 -1.8485e-12 -1.5295e-12 -4.537e-12 -1.1467e-14 -1.1217e-12 3.2176e-14 -6.9615e-13 -1.4953e-12 -1.6603e-12 8.3904e-13 3.4612e-12 -1.774e-12 5.1222e-13 -3.385e-12 -2.3855e-12 -6.8276e-13 -1.0212e-12 -3.1898e-12 -1.8982e-12 -9.2564e-13 -2.3186e-12 -6.2858e-13 2.892e-12 1.8979e-12 8.3964e-13 -1.2807e-12 1.8671e-12 1.465e-12 -1.1855e-12 -2.1509e-12 -6.1364e-13 -1.1831e-12 1.682e-12 1.8685e-12 3.5558e-13 1.4424e-12 5.9403e-13 7.4323e-13 8.434e-13 -3.0495e-13 -6.4676e-14 3.3253e-14 2.8181e-13 -9.695e-14 1.2506e-13 1.8361e-14 1.4037e-15
8.0329e-11 8.4378e-11 7.4375e-11 7.8783e-11 6.032e-11 6.6431e-11 7.8948e-11 6.1825e-11 8.3445e-11 4.0887e-11 5.8543e-11 6.4552e-11 4.6593e-11 5.5226e-11 5.5203e-11 5.244e-11 3.5397e-11 4.438e-11 2.9837e-11 4.5233e-11 3.2476e-11 6.0677e-11 3.5688e-11 2.654e-11 3.4473e-11 2.392e-11 2.4332e-11 3.0005e-11 2.2997e-11 2.2251e-11 3.0293e-11 1.8203e-11 2.4419e-11 1.267e-11 1.4254e-11 1.5053e-11 1.5603e-11 8.4765e-12 4.6993e-12 2.3385e-12 5.0738e-12 1.6031e-12 7.7294e-12 -2.5677e-13 -1.3347e-11 -4.1718e-12 -3.6211e-12 -1.5272e-12 -2.5943e-12 -6.5859e-12 -4.6299e-12 -3.6152e-12 -3.0818e-12 -7.6456e-12 -5.3525e-12 1.5457e-12 3.9901e-13 -3.8716e-12 -6.1507e-12 1.9978e-12 -8.0457e-13 1.5894e-12 4.9495e-12 -2.2638e-13 -1.0094e-13 -4.3551e-12 -4.1587e-12 -3.9094e-12 3.2604e-12 -3.3319e-12 -4.4351e-12 -2.4502e-12 -1.4875e-13 -2.439e-12 4.5017e-12 5.1672e-12 -6.4715e-13 -2.3167e-12 -1.1863e-12 -1.4584e-12 9.9173e-13 -5.1098e-13 -2.9362e-12 -2.7279e-12 -4.4735e-13 2.0075e-12 -6.8958e-13 1.7341e-12 1.1471e-12 1.0265e-12 9.9503e-13 -4.4764e-13 3.0255e-13 1.0888e-13 2.2969e-14 -1.3121e-13 1.1586e-13 4.2999e-15 1.5576e-14
7.0178e-11 7.5263e-11 6.5745e-11 7.3116e-11 4.8529e-11 5.8634e-11 7.7556e-11 5.5305e-11 7.0784e-11 4.3257e-11 5.2807e-11 5.9999e-11 5.0145e-11 4.5641e-11 4.2077e-11 4.0595e-11 3.8458e-11 4.0445e-11 3.0243e-11 3.9075e-11 2.828e-11 3.5688e-11 5.3393e-11 2.2526e-11 3.3166e-11 2.0543e-11 1.8352e-11 3.1072e-11 2.9089e-11 2.0589e-11 1.8955e-11 1.388e-11 2.1196e-11 1.3552e-11 5.9967e-12 1.4843e-11 9.88e-12 4.9152e-12 1.0129e-13 2.9359e-12 9.8785e-12 -4.1964e-13 1.2868e-11 -6.5922e-13 -1.3186e-11 -1.6494e-12 -2.1467e-12 -2.5601e-13 -6.943e-14 -2.0384e-12 -3.4262e-12 -3.3824e-12 -2.0492e-12 -4.2915e-12 -1.0194e-13 3.9368e-12 -1.1995e-12 -2.2595e-12 -3.9204e-12 5.066e-12 -2.2028e-12 -1.9449e-12 3.8276e-12 -1.8128e-12 1.4161e-12 -4.2097e-12 -9.4858e-13 -2.9583e-12 6.7553e-15 -3.4778e-12 -2.3472e-12 -3.1748e-13 -9.3278e-13 7.5999e-13 4.9076e-12 1.4397e-12 1.4144e-12 -8.5065e-14 1.325e-12 3.4667e-14 -3.078e-13 -8.7289e-13 -2.2719e-13 -1.5125e-12 4.0783e-13 2.5108e-12 7.0387e-13 7.9261e-13 1.4699e-12 2.2246e-13 9.7051e-13 -4.2475e-13 7.7493e-14 -3.6196e-13 5.2769e-13 -2.7658e-13 1.2028e-13 -9.5391e-15 2.2776e-14
4.7893e-11 5.4559e-11 4.4778e-11 5.2329e-11 3.3487e-11 3.724e-11 4.5533e-11 3.4439e-11 4.833e-11 2.433e-11 3.6567e-11 3.8741e-11 2.8843e-11 3.2799e-11 3.3951e-11 3.0671e-11 2.0103e-11 2.4764e-11 2.0614e-11 2.3412e-11 2.0636e-11 2.654e-11 2.2526e-11 3.5119e-11 2.0807e-11 1.6222e-11 1.3557e-11 1.9912e-11 2.0485e-11 2.1001e-11 1.2776e-11 1.2279e-11 1.3247e-11 9.7044e-12 4.501e-12 1.0355e-11 5.2993e-12 8.8812e-13 5.472e-12 -4.9419e-13 5.925e-13 1.0071e-12 8.5522e-12 8.2674e-13 -7.4107e-12 -4.2865e-12 -5.6692e-12 1.1062e-12 2.9584e-12 -2.2962e-12 -2.1438e-13 5.5937e-13 -1.3574e-12 -1.069e-12 -1.1838e-12 3.6855e-12 1.0837e-12 -7.7297e-13 -7.9587e-13 2.319e-12 -2.7668e-12 -1.1901e-13 1.3828e-12 3.3677e-13 4.0471e-12 -4.6887e-13 -1.568e-12 1.7754e-12 3.8401e-13 -2.8422e-12 -1.6968e-12 1.083e-13 9.4077e-13 3.1308e-12 3.1386e-12 1.2161e-12 4.0735e-13 -1.9893e-12 7.6518e-13 1.1143e-12 -1.8946e-12 4.8284e-13 -1.1404e-12 -7.9578e-13 2.2013e-12 -2.3284e-14 3.4941e-13 1.4504e-12 1.0915e-12 5.6086e-13 8.4927e-13 -1.3707e-12 4.5521e-13 -4.5565e-13 3.8357e-13 -1.0078e-13 9.3724e-14 -2.8084e-14 5.1802e-15
6.4577e-11 7.0589e-11 6.0948e-11 6.7159e-11 4.3681e-11 5.0769e-11 6.2297e-11 4.6621e-11 6.7957e-11 3.2968e-11 5.5167e-11 5.336e-11 3.807e-11 3.5138e-11 3.7288e-11 3.5738e-11 3.4835e-11 3.4151e-11 2.8396e-11 2.8636e-11 2.7805e-11 3.4473e-11 3.3166e-11 2.0807e-11 4.674e-11 2.0693e-11 1.5451e-11 2.276e-11 2.5636e-11 1.5952e-11 2.1167e-11 9.3766e-12 1.7917e-11 9.0277e-12 1.6378e-11 9.5867e-12 1.0746e-11 3.4341e-12 -7.3527e-13 -1.2173e-12 3.0144e-12 -8.6449e-13 9.2535e-12 -5.3105e-13 -9.5191e-12 -6.4633e-12 -5.8447e-12 -1.6141e-12 -3.8773e-13 -4.2439e-12 -5.1913e-12 -1.924e-12 -3.9211e-12 -5.5781e-12 5.0731e-13 4.0214e-12 8.3729e-13 -5.0303e-12 -3.4691e-12 6.4214e-13 -3.1451e-14 7.859e-13 1.6393e-12 1.9259e-12 -8.5127e-14 -3.8281e-12 3.777e-13 -2.1519e-12 2.4148e-13 -2.2769e-12 -4.5343e-12 -3.7701e-12 -9.6225e-13 2.1138e-12 2.4847e-12 1.4112e-12 2.2318e-12 -4.2901e-13 -7.5848e-13 -1.4881e-12 9.0688e-13 -1.0938e-12 -1.1225e-12 -6.8831e-13 2.7389e-12 -5.5348e-13 1.4222e-12 1.4856e-12 5.1095e-13 1.6553e-13 3.222e-13 -3.2378e-13 8.1444e-13 -4.6541e-15 1.184e-13 -2.7578e-13 1.7897e-13 -1.3404e-14 2.1292e-14
4.9423e-11 5.0323e-11 4.8226e-11 4.4652e-11 3.0775e-11 3.2293e-11 4.7237e-11 3.4666e-11 4.9037e-11 2.2794e-11 3.9008e-11 3.8728e-11 3.0249e-11 2.3367e-11 2.939e-11 2.6281e-11 2.8626e-11 2.274e-11 2.145e-11 1.9969e-11 2.1174e-11 2.392e-11 2.0543e-11 1.6222e-11 2.0693e-11 3.2205e-11 1.399e-11 1.9647e-11 1.7375e-11 1.882e-11 1.183e-11 1.7135e-11 1.2843e-11 9.6294e-12 6.6916e-12 9.8279e-12 1.221e-12 -3.9254e-12 5.4994e-13 2.5947e-12 -4.5595e-12 4.6097e-12 8.2309e-12 1.3182e-12 -8.3372e-12 -5.7762e-12 -7.2116e-12 -3.52e-12 8.3418e-13 -2.5144e-12 -1.6182e-12 -2.7018e-12 -4.6204e-12 -3.8591e-12 -3.6611e-12 4.7467e-12 3.034e-12 -4.2362e-12 -3.5059e-12 1.6701e-12 -3.6894e-12 -1.8729e-12 8.7372e-13 2.0923e-13 1.9987e-12 -1.3369e-12 -1.6796e-12 2.3467e-12 -2.3542e-12 -2.2598e-13 -7.217e-13 -1.6023e-12 4.2689e-13 -1.0528e-12 -3.1391e-13 2.7842e-12 1.368e-12 1.4531e-12 3.492e-12 1.0599e-12 -1.5577e-12 2.0007e-13 7.4763e-14 -9.6323e-13 -1.7884e-13 3.3586e-13 -1.0349e-12 1.8924e-12 5.6144e-13 4.4611e-13 -1.1017e-13 -4.2794e-14 2.0321e-13 -1.6568e-13 2.1053e-13 -7.993e-14 1.6836e-13 -2.2659e-14 -8.9577e-15
5.0155e-11 4.9956e-11 4.395e-11 4.8081e-11 3.1022e-11 3.5414e-11 4.6195e-11 3.1548e-11 5.064e-11 2.613e-11 3.0677e-11 3.6699e-11 2.9005e-11 3.3904e-11 2.8163e-11 3.2882e-11 2.1844e-11 2.2855e-11 2.013e-11 1.8915e-11 2.0732e-11 2.4332e-11 1.8352e-11 1.3557e-11 1.5451e-11 1.399e-11 3.1314e-11 2.383e-11 1.3023e-11 1.3493e-11 1.8136e-11 1.2167e-11 1.2996e-11 1.0439e-11 5.76e-12 6.0864e-12 9.5567e-12 6.261e-12 3.8934e-12 4.7399e-12 1.988e-12 -3.6541e-12 2.8758e-12 -3.1152e-12 -7.2216e-12 -1.5051e-12 -1.2118e-12 -6.9715e-13 -6.5857e-12 7.0688e-13 -1.0763e-12 -5.5761e-12 -1.389e-12 -4.7307e-12 1.27e-12 1.2974e-12 -7.0371e-13 -6.5488e-13 -4.1342e-12 -7.6478e-13 6.2967e-13 3.6736e-12 1.6862e-12 -5.252e-12 -3.4817e-12 -7.6601e-13 -2.4011e-12 -1.3282e-12 -6.1409e-13 -2.9672e-12 -1.7604e-12 -2.0486e-12 -1.6614e-13 -4.2766e-12 4.8597e-13 9.3689e-13 -2.2017e-12 -3.3437e-13 -7.3399e-13 1.0852e-12 3.2925e-13 -3.0288e-16 -1.3426e-12 -1.5879e-12 -1.5915e-13 1.2908e-12 1.886e-12 2.0305e-12 6.7473e-13 1.8238e-13 9.3136e-13 -2.2998e-13 3.4799e-13 -5.0617e-14 -3.3866e-14 -9.3122e-14 9.2637e-15 -2.4342e-14 -4.2399e-14
6.8503e-11 6.7561e-11 6.1451e-11 6.6094e-11 4.6406e-11 4.5698e-11 6.2851e-11 4.529e-11 6.4731e-11 3.8902e-11 4.7352e-11 4.8937e-11 4.0107e-11 3.9323e-11 3.3779e-11 2.8701e-11 2.8613e-11 3.1217e-11 2.9535e-11 3.2138e-11 3.0651e-11 3.0005e-11 3.1072e-11 1.9912e-11 2.276e-11 1.9647e-11 2.383e-11 4.6938e-11 2.2414e-11 2.2385e-11 2.1122e-11 2.2125e-11 2.0719e-11 1.5708e-11 1.2601e-11 1.1582e-11 1.4911e-11 5.5381e-12 3.6711e-12 8.4475e-12 5.1604e-12 2.9365e-13 3.8123e-12 -1.6453e-12 -5.5579e-12 -3.2107e-12 -2.9025e-12 -3.6314e-12 -4.0865e-12 -2.96e-12 -2.058e-12 -2.4368e-12 -9.3122e-13 -1.3391e-12 -1.0235e-12 3.8531e-12 -7.5748e-13 -1.2799e-12 -5.1534e-12 6.6502e-13 -2.9892e-12 1.6407e-12 4.2884e-12 -7.4751e-12 5.5694e-13 -2.863e-12 -1.7449e-12 -3.0798e-13 -1.9104e-12 -3.5633e-12 -4.5142e-12 -2.9212e-12 -2.1022e-12 -2.4898e-12 2.8503e-12 2.8148e-12 1.3826e-12 2.969e-13 1.0228e-12 6.6297e-13 4.5349e-13 -1.7621e-12 -1.079e-12 -2.447e-12 2.3818e-12 1.884e-12 -3.8106e-15 1.425e-12 1.0702e-12 6.8353e-13 7.9127e-13 -1.715e-13 3.5691e-14 -2.469e-13 9.3075e-14 -1.304e-13 7.2327e-14 -3.1671e-15 -3.6637e-14
5.0688e-11 4.7015e-11 4.2453e-11 4.9775e-11 3.3045e-11 3.3255e-11 5.0642e-11 3.3125e-11 4.478e-11 2.6241e-11 3.9553e-11 3.8007e-11 2.8369e-11 2.8694e-11 3.0282e-11 2.8296e-11 2.4455e-11 2.6846e-11 2.5766e-11 2.3767e-11 2.0202e-11 2.2997e-11 2.9089e-11 2.0485e-11 2.5636e-11 1.7375e-11 1.3023e-11 2.2414e-11 3.7025e-11 1.9569e-11 1.5915e-11 6.0538e-12 1.6074e-11 8.7052e-12 6.0907e-12 6.3436e-12 3.8936e-12 2.7557e-12 5.3688e-12 1.3681e-12 5.8931e-12 -1.8005e-12 1.0616e-11 -2.1843e-12 -4.9386e-12 -4.8021e-12 -1.0083e-11 -2.1826e-12 7.869e-13 -4.1588e-12 -2.7105e-12 -1.3929e-12 -1.1969e-12 -3.255e-12 7.7262e-13 5.5971e-12 -8.2762e-13 -4.7786e-13 -1.7626e-12 3.084e-12 -3.9888e-12 -2.1095e-12 3.4455e-12 1.5752e-12 1.4602e-12 -1.7619e-13 -6.4762e-14 3.7119e-13 -4.1219e-12 -1.9105e-12 -1.9571e-12 -1.8807e-12 7.5476e-14 2.049e-12 3.3438e-13 -9e-14 7.3007e-13 1.1183e-12 1.1453e-12 2.7295e-13 1.1786e-14 -1.8083e-12 4.9833e-13 -8.4731e-13 1.8529e-12 2.6626e-13 4.3333e-13 1.159e-12 1.2786e-12 -1.815e-13 3.6989e-13 -7.3138e-13 3.7765e-13 -4.1038e-13 4.9491e-13 -1.9418e-13 1.7613e-13 -1.8384e-15 -2.476e-14
4.6349e-11 5.1091e-11 4.5149e-11 4.2034e-11 3.3075e-11 3.1871e-11 4.377e-11 2.8322e-11 4.1795e-11 2.4961e-11 3.1083e-11 3.7805e-11 3.0076e-11 2.893e-11 2.5418e-11 2.5555e-11 2.1367e-11 2.0095e-11 1.5602e-11 2.0356e-11 1.9404e-11 2.2251e-11 2.0589e-11 2.1001e-11 1.5952e-11 1.882e-11 1.3493e-11 2.2385e-11 1.9569e-11 4.3892e-11 1.5559e-11 1.62e-11 1.0598e-11 8.2715e-12 2.5506e-12 1.0186e-11 6.0348e-12 6.102e-12 5.2065e-12 3.5215e-12 2.3673e-12 2.6786e-12 4.5694e-12 -6.2386e-14 -4.6294e-12 -7.2138e-12 -2.6624e-12 -9.8168e-13 -1.2387e-12 -4.8794e-12 -3.1053e-12 -2.555e-12 -5.4523e-12 -1.9894e-12 -7.7532e-13 -6.6519e-13 7.8911e-13 -1.3001e-12 -2.3774e-12 3.2828e-12 -6.4381e-12 -3.9896e-12 3.4949e-12 -5.2473e-12 -2.1296e-13 -4.8114e-13 -1.1364e-12 4.3768e-12 -1.4201e-12 -4.6159e-12 -2.232e-12 1.0082e-12 3.954e-13 -2.1386e-12 -6.0833e-14 4.6269e-13 1.3533e-12 -9.4431e-13 2.4365e-12 -1.5488e-13 -1.0365e-12 -2.0326e-12 1.9898e-12 -3.5737e-14 2.8851e-12 -1.0604e-12 -8.575e-13 1.6463e-12 1.8371e-12 7.4703e-13 -2.8512e-14 -2.1201e-13 -6.7408e-13 1.1579e-13 2.6791e-13 -1.8536e-13 1.0162e-13 4.5027e-15 1.3278e-14
5.2559e-11 5.1288e-11 4.6647e-11 4.9537e-11 3.7029e-11 4.0784e-11 4.7778e-11 3.628e-11 4.9544e-11 2.8626e-11 3.6516e-11 4.2953e-11 3.0003e-11 3.7592e-11 2.8177e-11 2.882e-11 2.4748e-11 2.2651e-11 2.3234e-11 2.2246e-11 2.3594e-11 3.0293e-11 1.8955e-11 1.2776e-11 2.1167e-11 1.183e-11 1.8136e-11 2.1122e-11 1.5915e-11 1.5559e-11 3.0756e-11 1.4858e-11 1.3679e-11 9.6327e-12 6.0719e-12 7.2801e-12 8.6513e-12 1.152e-11 5.1296e-12 1.8337e-12 6.0302e-12 -1.5181e-12 4.1977e-12 1.1506e-12 -5.929e-12 -1.3478e-12 -1.7861e-12 -2.3982e-12 -5.9505e-12 -3.5299e-12 -7.4323e-12 -5.3059e-12 -2.1644e-12 -5.1242e-12 -1.5218e-12 -4.0721e-12 1.7547e-12 5.7409e-13 -1.6096e-12 -1.2186e-12 -2.6346e-12 2.6872e-12 5.0456e-12 -2.2623e-12 -3.0864e-12 -3.1851e-12 -4.0682e-12 -1.8423e-12 -7.6971e-14 -3.51e-12 -4.0446e-12 -2.9074e-12 -1.0642e-12 -3.1485e-12 1.5577e-12 3.5381e-12 6.9371e-13 -4.9175e-13 6.7237e-13 -1.3861e-12 6.5735e-13 -1.4407e-12 -1.7781e-12 -6.6719e-13 1.4811e-12 5.8855e-13 -5.0658e-13 9.5746e-13 5.4221e-13 4.328e-13 9.5647e-13 2.8154e-13 3.2117e-13 1.9848e-13 3.3208e-14 -1.1852e-13 1.0498e-13 3.4608e-14 1.0696e-14
4.074e-11 4.7588e-11 3.9944e-11 3.4609e-11 3.4949e-11 2.9414e-11 4.1693e-11 2.9527e-11 3.7289e-11 2.2722e-11 3.0285e-11 3.3491e-11 3.1926e-11 2.6227e-11 2.5516e-11 2.3632e-11 2.0495e-11 1.6064e-11 1.5156e-11 1.8482e-11 2.0514e-11 1.8203e-11 1.388e-11 1.2279e-11 9.3766e-12 1.7135e-11 1.2167e-11 2.2125e-11 6.0538e-12 1.62e-11 1.4858e-11 3.6223e-11 7.2144e-12 3.9554e-12 4.2176e-12 9.037e-12 6.4962e-12 4.7815e-13 1.3218e-12 4.7894e-12 2.9916e-12 8.7423e-12 6.0555e-12 5.5115e-13 -4e-12 -3.0953e-12 -1.37e-12 -3.7308e-12 2.1017e-12 -2.2269e-12 -5.9916e-13 -4.7174e-12 -2.3179e-12 1.4071e-12 -3.9311e-12 1.5592e-12 2.1681e-12 1.6705e-12 -1.6468e-12 -3.3553e-13 3.1645e-13 1.8985e-12 -2.2386e-13 -2.132e-12 3.5301e-13 -4.265e-12 -9.8107e-13 2.8969e-12 2.0438e-12 -2.5025e-12 -2.2407e-12 1.0833e-12 4.2347e-13 -3.6265e-12 3.108e-12 3.9274e-12 2.6642e-12 -9.2314e-14 1.5637e-12 -2.5039e-12 -2.5515e-12 -5.1532e-13 8.701e-13 -8.1123e-13 -2.7424e-14 5.1249e-13 8.7781e-13 -6.4734e-14 -4.338e-14 7.4217e-14 6.7614e-13 8.4404e-13 2.6276e-13 -3.7287e-13 8.3301e-14 9.9375e-14 5.8959e-14 -8.8833e-15 -2.3092e-15
4.3766e-11 4.4338e-11 3.458e-11 4.4215e-11 3.1533e-11 2.8611e-11 3.9075e-11 2.9951e-11 4.1908e-11 2.3555e-11 2.8733e-11 3.9116e-11 2.8806e-11 2.8994e-11 2.9972e-11 2.1316e-11 1.7533e-11 2.6759e-11 1.3474e-11 1.6897e-11 1.3417e-11 2.4419e-11 2.1196e-11 1.3247e-11 1.7917e-11 1.2843e-11 1.2996e-11 2.0719e-11 1.6074e-11 1.0598e-11 1.3679e-11 7.2144e-12 2.8736e-11 8.1189e-12 7.2154e-12 1.0115e-11 5.8857e-12 3.6885e-12 4.1631e-12 2.5504e-12 4.3196e-12 -1.0786e-12 9.2858e-12 -2.7381e-12 -5.5247e-12 -2.5951e-12 -4.3452e-12 -3.6772e-12 -2.2292e-12 -2.8938e-12 -5.0494e-12 2.3246e-13 5.812e-13 -5.8973e-12 -4.5787e-13 1.5844e-12 1.3407e-12 -3.0687e-12 -4.23e-12 -7.5115e-13 -1.4177e-12 1.7487e-13 3.1555e-12 -2.5001e-13 2.2168e-12 -7.3626e-13 -1.7568e-12 -8.5171e-13 8.9727e-13 -3.4977e-12 -7.5996e-13 -2.4796e-12 -1.1683e-15 -6.9751e-13 1.1087e-12 1.4057e-12 7.7724e-13 -1.1102e-12 -9.1167e-13 4.1017e-14 -5.9151e-14 1.1923e-12 -1.5191e-12 -8.7576e-13 2.8041e-13 8.3256e-13 6.1099e-13 7.8079e-13 5.4217e-13 4.1275e-13 6.2682e-13 -2.5917e-13 5.6192e-13 -8.4349e-14 2.238e-13 -9.7281e-14 1.2543e-13 -1.344e-14 -1.5898e-14
3.4505e-11 3.387e-11 3.3001e-11 3.2106e-11 1.6817e-11 1.9281e-11 2.5715e-11 1.911e-11 3.4654e-11 2.0211e-11 2.2182e-11 2.1625e-11 1.7826e-11 1.7764e-11 2.0188e-11 1.167e-11 1.3842e-11 1.6359e-11 1.5027e-11 1.0279e-11 1.1522e-11 1.267e-11 1.3552e-11 9.7044e-12 9.0277e-12 9.6294e-12 1.0439e-11 1.5708e-11 8.7052e-12 8.2715e-12 9.6327e-12 3.9554e-12 8.1189e-12 2.6435e-11 6.2375e-12 7.9839e-12 1.0003e-11 7.6746e-12 3.8825e-12 4.8553e-12 3.9873e-14 -3.4076e-12 -1.6292e-12 2.7167e-12 -2.7923e-12 -1.7666e-12 -2.2554e-12 3.2e-12 2.8884e-12 1.3968e-13 -2.4579e-12 -3.0069e-12 -3.8028e-12 -1.457e-12 -1.5972e-12 1.2258e-12 3.0061e-14 -2.6301e-14 -1.0062e-12 -1.206e-12 1.2754e-12 2.167e-12 3.4504e-12 -2.2087e-12 1.3751e-12 -1.6633e-12 -4.0829e-13 -1.1756e-12 3.2012e-13 1.0241e-12 -3.1163e-12 -3.1808e-12 -7.9483e-13 3.6441e-13 8.7698e-13 5.4564e-13 1.1597e-12 2.2424e-12 -3.8137e-13 1.5031e-12 6.4404e-13 2.3041e-12 -1.3506e-12 -9.2409e-13 -1.1488e-13 6.572e-13 -7.6983e-13 8.9533e-13 -4.4796e-14 -2.8851e-15 4.9462e-13 -1.2319e-12 3.4001e-13 -1.9667e-13 -3.2804e-14 -1.6274e-13 5.3153e-14 -5.6494e-14 -9.436e-15
2.4635e-11 2.279e-11 2.1034e-11 2.735e-11 1.3846e-11 1.7369e-11 1.7703e-11 1.8123e-11 2.2613e-11 6.8605e-12 1.5121e-11 2.3082e-11 1.2202e-11 6.1883e-12 9.0349e-12 7.9614e-12 1.0914e-11 1.0827e-11 7.6491e-12 1.4211e-11 7.1092e-12 1.4254e-11 5.9967e-12 4.501e-12 1.6378e-11 6.6916e-12 5.76e-12 1.2601e-11 6.0907e-12 2.5506e-12 6.0719e-12 4.2176e-12 7.2154e-12 6.2375e-12 2.7383e-11 2.0117e-12 5.3887e-12 -2.9628e-12 -4.0913e-12 5.5039e-13 1.1692e-13 2.1872e-12 -4.0993e-12 4.443e-13 -2.5369e-12 -1.7403e-12 -1.3101e-12 6.2218e-13 -1.2195e-12 -4.321e-12 -2.5566e-12 1.0047e-12 -3.6704e-12 -1.3945e-12 1.9478e-12 2.5332e-12 -9.9893e-13 -8.6478e-13 -3.0103e-12 -2.7463e-13 4.8389e-14 4.5762e-13 1.5358e-12 -1.6742e-12 -1.0646e-12 -3.1063e-14 1.2878e-12 1.0528e-12 -5.1191e-13 -3.0413e-13 -4.54e-13 -5.3334e-12 6.7086e-13 -1.6723e-12 -6.1025e-14 9.4158e-13 5.4728e-14 -1.5914e-13 -4.0321e-12 -3.1357e-13 5.9424e-13 4.0734e-13 1.1533e-13 -6.3141e-13 1.3708e-12 -8.6308e-13 -2.682e-13 1.7524e-12 -3.6397e-13 -6.8138e-13 3.3681e-13 2.6675e-13 5.7892e-13 3.1595e-14 -2.433e-13 -1.816e-13 3.2624e-14 7.8919e-15 -4.4891e-14
2.3283e-11 3.1738e-11 2.3125e-11 2.995e-11 1.9758e-11 2.1853e-11 2.1474e-11 1.8966e-11 2.7096e-11 2.0392e-11 2.7853e-11 2.5197e-11 2.3774e-11 9.501e-12 1.8179e-11 1.7223e-11 8.7103e-12 1.8656e-11 8.3835e-12 9.6905e-12 1.3311e-11 1.5053e-11 1.4843e-11 1.0355e-11 9.5867e-12 9.8279e-12 6.0864e-12 1.1582e-11 6.3436e-12 1.0186e-11 7.2801e-12 9.037e-12 1.0115e-11 7.9839e-12 2.0117e-12 3.5761e-11 5.7227e-12 3.9329e-12 -5.6155e-12 -2.0323e-12 3.1078e-12 -6.8497e-13 1.1476e-11 -3.7652e-12 -5.1296e-12 2.1277e-12 -1.251e-12 -2.409e-13 1.144e-12 3.9902e-12 -4.2646e-12 5.0266e-12 1.4467e-12 1.5949e-12 -9.81e-12 -1.9378e-12 -4.5066e-13 -1.2037e-12 -1.3965e-12 1.8247e-12 1.9479e-12 2.1037e-13 -1.2369e-12 -1.3498e-12 2.8684e-12 -3.7628e-12 -1.343e-12 -1.8342e-12 -1.8306e-12 -1.9708e-12 2.8357e-12 1.8632e-14 1.3424e-12 -1.1861e-12 4.5613e-12 4.0686e-12 1.9942e-13 1.362e-12 1.4754e-12 -1.9166e-13 4.8075e-13 7.8539e-13 -6.919e-13 -1.6866e-12 -8.6814e-13 1.0814e-12 1.325e-12 5.1531e-13 1.0534e-12 -5.5376e-13 1.9085e-13 -2.0578e-13 -4.9954e-14 -3.1201e-13 2.9882e-13 -4.623e-14 6.517e-14 -1.1735e-14 2.5332e-15
