5.2309e-11 4.6501e-11 4.0854e-11 4.1305e-11 4.1367e-11 3.4884e-11 4.6725e-11 3.9561e-11 5.1167e-11 3.8256e-11 4.4901e-11 4.6702e-11 4.9847e-11 4.2578e-11 4.1481e-11 4.1936e-11 4.2784e-11 5.5431e-11 3.8942e-11 4.8769e-11 3.7299e-11 4.9534e-11 4.1521e-11 4.5171e-11 4.8478e-11 4.0479e-11 4.1616e-11 4.3191e-11 4.9609e-11 4.1246e-11 4.6525e-11 4.7183e-11 3.3858e-11 4.9974e-11 3.5641e-11 4.1444e-11 4.0567e-11 3.7618e-11 3.342e-11 2.826e-11 2.1807e-11 3.71e-11 3.3432e-11 1.9548e-11 3.1626e-11 2.2376e-11 2.774e-11 2.6114e-11 1.299e-11 2.159e-11 1.9873e-11 1.3154e-11 1.5078e-11 1.3555e-11 8.0541e-12 1.3936e-11 1.3039e-11 8.6983e-12 1.3206e-11 1.1669e-11 6.226e-12 1.9217e-11 1.3661e-11 3.6748e-12 9.3021e-12 7.8389e-12 3.9997e-12 6.2768e-12 5.2432e-12 8.5886e-12 7.8141e-12 5.0789e-12 6.308e-12 6.4457e-12 1.1929e-11 2.2947e-12 -1.291e-12 2.6138e-12 6.2868e-12 1.0844e-11 1.2133e-12 1.4571e-12 8.4694e-13 3.6276e-12 1.0038e-12 4.8578e-12 -5.5228e-13 2.2256e-12 5.7218e-12 5.2537e-12 7.7007e-12 -2.0506e-12 2.609e-12 5.1614e-12 4.5467e-13 -1.3713e-13 3.0271e-12 7.7147e-12 -5.9694e-13 7.0887e-12 3.4974e-12 -7.4608e-13 1.045e-12 1.9803e-12 -1.3972e-12 -8.0701e-13 6.3754e-12 5.8798e-12 2.7467e-12 2.2037e-12 -8.534e-13 6.9366e-12 -1.3144e-12 -2.5187e-12 3.6285e-12 -1.0469e-12 -2.2131e-12 2.9135e-12 1.4939e-12 -2.7077e-13 1.2019e-12 2.0188e-12 1.4523e-12 -2.2334e-13 1.2857e-12 -2.5123e-12 8.5421e-13 5.0114e-13 -1.2998e-12 3.4255e-12 -3.7011e-13 5.3982e-12 2.0543e-12 1.9085e-12 6.0293e-13 -1.6274e-14 -3.0739e-12 3.2636e-13 1.7507e-12 -2.4627e-12 1.1318e-12 2.8895e-12 2.5524e-13 -1.5502e-12 9.1074e-13 6.4524e-13 5.9979e-13 -7.149e-13 -2.7115e-13 1.4891e-12 5.9506e-13 8.981e-13 2.3528e-13 -2.2535e-13 1.3021e-13 -4.0144e-13 1.3702e-13 4.7787e-14
4.6501e-11 5.9264e-11 4.7529e-11 4.7016e-11 4.2925e-11 3.9678e-11 5.4146e-11 4.4509e-11 5.348e-11 4.293e-11 4.7704e-11 4.9019e-11 5.1358e-11 4.7401e-11 4.5472e-11 4.8478e-11 4.8398e-11 5.6465e-11 4.0474e-11 5.3485e-11 4.1031e-11 5.5312e-11 4.3291e-11 4.7676e-11 5.1474e-11 3.9986e-11 4.5204e-11 4.6235e-11 5.6381e-11 4.7594e-11 4.6224e-11 4.4926e-11 3.3076e-11 5.2678e-11 4.0797e-11 4.3372e-11 4.7719e-11 4.3469e-11 3.6082e-11 3.1985e-11 2.7266e-11 4.0461e-11 3.6258e-11 2.1573e-11 3.0234e-11 2.6649e-11 2.7834e-11 2.8345e-11 1.5222e-11 1.8463e-11 1.9531e-11 1.4916e-11 1.8032e-11 1.3847e-11 8.9823e-12 1.2179e-11 1.4899e-11 8.8479e-12 1.5091e-11 1.3078e-11 8.8097e-12 1.8363e-11 1.5951e-11 6.9267e-12 1.3127e-11 3.3115e-12 6.0223e-12 7.52e-12 6.7222e-12 7.0634e-12 8.3641e-12 4.9212e-12 4.7925e-12 4.4392e-12 1.2513e-11 8.2497e-13 1.8481e-12 -1.5331e-12 7.0332e-12 9.5708e-12 6.8335e-12 4.1243e-12 -2.164e-12 7.5492e-12 1.0354e-12 4.2866e-12 -9.5461e-13 -1.2825e-12 8.1669e-12 6.9996e-12 7.4556e-12 -8.6176e-13 1.6242e-12 3.1281e-12 -2.749e-13 -1.7983e-13 1.9137e-12 9.2962e-12 -2.5343e-14 1.0556e-11 6.3458e-12 -1.0895e-12 1.6016e-12 3.9707e-12 -5.3142e-12 6.3818e-13 8.3798e-12 7.8279e-12 4.4641e-12 9.7022e-13 1.1511e-12 7.2212e-12 -1.5379e-12 -1.9935e-12 2.4409e-12 -9.5404e-13 -1.647e-12 2.5255e-12 6.0949e-13 1.2808e-12 -9.5721e-13 6.0046e-13 1.83e-12 1.3787e-12 8.1188e-13 -3.7297e-12 -7.7516e-13 8.4623e-13 -9.4079e-13 2.9768e-12 -2.1048e-14 3.8421e-12 1.3175e-12 1.3758e-12 1.5363e-12 -1.1292e-12 -1.261e-12 6.0533e-13 2.4369e-12 -2.3305e-12 -3.6169e-13 2.7858e-12 -2.4526e-13 -2.1203e-12 9.5934e-13 8.991e-13 1.4299e-12 -9.1771e-13 -7.2151e-13 1.8959e-12 3.1253e-13 1.3589e-12 -7.4845e-14 -2.6998e-13 5.2496e-13 -2.6344e-13 1.4669e-13 9.5796e-14
4.0854e-11 4.7529e-11 4.8404e-11 3.9008e-11 3.9462e-11 3.646e-11 4.8653e-11 3.8654e-11 5.0419e-11 3.8485e-11 4.2754e-11 4.3215e-11 4.6268e-11 4.2133e-11 3.923e-11 4.1018e-11 4.2214e-11 5.0747e-11 3.8668e-11 4.5446e-11 3.4563e-11 4.6968e-11 4.2987e-11 4.3185e-11 4.8606e-11 3.8654e-11 3.9208e-11 4.1705e-11 5.0388e-11 3.9951e-11 4.3783e-11 4.0178e-11 3.199e-11 4.4418e-11 3.5501e-11 4.0529e-11 4.0246e-11 3.5903e-11 3.2647e-11 3.2635e-11 2.5214e-11 3.5279e-11 3.0353e-11 2.0795e-11 2.6501e-11 2.4878e-11 2.3986e-11 2.5532e-11 1.1998e-11 1.9453e-11 1.7185e-11 1.4621e-11 1.4595e-11 1.2439e-11 8.4243e-12 1.1107e-11 1.5413e-11 5.1253e-12 1.5114e-11 1.2439e-11 3.7023e-12 1.7582e-11 1.3306e-11 7.0114e-12 7.765e-12 5.9609e-12 5.6009e-12 6.8351e-12 7.144e-12 6.9886e-12 6.9802e-12 8.0992e-12 4.805e-12 4.9702e-12 9.9091e-12 1.1174e-12 1.171e-12 1.5333e-12 6.285e-12 8.711e-12 5.3514e-12 4.6426e-12 1.5657e-12 7.6576e-12 2.4476e-12 5.005e-12 -5.2543e-13 1.5422e-12 6.0363e-12 6.8628e-12 6.4023e-12 -3.0781e-12 -6.0553e-13 2.8065e-12 1.6428e-12 -1.896e-12 2.9673e-12 6.8499e-12 -1.8267e-12 7.7998e-12 5.0058e-12 4.4965e-13 8.1816e-14 4.3224e-12 -1.7109e-12 -1.8123e-13 6.7122e-12 8.6693e-12 4.6281e-12 2.7277e-12 -3.876e-13 8.1482e-12 -2.0774e-13 -3.2457e-13 4.3535e-12 -1.8252e-12 -1.6387e-12 1.6979e-12 3.3879e-13 7.9697e-13 9.785e-13 -4.3039e-13 2.621e-12 -2.8131e-13 7.0701e-13 -2.833e-12 -9.2467e-14 -4.5494e-13 -7.3333e-13 2.2447e-12 -4.7761e-13 2.7117e-12 1.323e-12 1.6742e-12 9.0607e-13 -4.1358e-13 -1.7433e-12 1.3089e-12 2.1538e-12 -2.0155e-12 -4.6782e-13 7.9666e-13 -7.4338e-13 -2.0056e-12 1.3168e-12 9.5849e-13 7.1003e-14 -8.1018e-13 -5.3097e-13 8.7789e-13 1.9374e-13 1.2198e-12 1.4155e-13 -3.5074e-15 2.721e-13 -2.3029e-13 1.9862e-13 1.4083e-13
4.1305e-11 4.7016e-11 3.9008e-11 4.7092e-11 4.0959e-11 3.4202e-11 4.6127e-11 4.159e-11 4.9062e-11 3.6662e-11 4.0482e-11 4.1844e-11 4.4453e-11 4.2008e-11 4.2741e-11 4.2607e-11 4.2252e-11 4.7423e-11 3.7264e-11 4.6146e-11 3.3671e-11 4.5519e-11 3.7178e-11 4.2007e-11 4.61e-11 3.8239e-11 3.8771e-11 4.111e-11 4.8547e-11 4.2645e-11 4.2135e-11 4.1143e-11 2.853e-11 4.8669e-11 3.6158e-11 4.0239e-11 4.2375e-11 3.8541e-11 3.3527e-11 2.7761e-11 2.4116e-11 3.4299e-11 3.3452e-11 2.1086e-11 2.7393e-11 2.2532e-11 2.4678e-11 2.6351e-11 1.2456e-11 1.7324e-11 1.6336e-11 1.5336e-11 1.6029e-11 1.8132e-11 9.166e-12 1.1727e-11 1.6572e-11 9.4412e-12 1.6163e-11 1.3143e-11 1.0731e-11 1.559e-11 1.5127e-11 8.0023e-12 1.1388e-11 5.0415e-12 7.7639e-12 6.9557e-12 4.0897e-12 4.4521e-12 5.9105e-12 5.684e-12 6.5371e-12 7.1988e-12 1.1739e-11 -8.488e-13 -4.7159e-14 1.3567e-12 6.7485e-12 6.3104e-12 3.0776e-12 1.2745e-12 -2.154e-12 4.1717e-12 1.5524e-12 3.6491e-12 -1.1067e-12 -8.2568e-13 5.9059e-12 5.9546e-12 7.5881e-12 -2.6755e-12 3.3154e-12 5.2903e-13 8.6354e-13 -2.0803e-12 2.6561e-12 7.7902e-12 -2.4191e-12 8.179e-12 4.054e-12 -2.3448e-12 2.0953e-12 2.8981e-12 -5.0998e-12 -1.2788e-12 7.6785e-12 6.583e-12 4.6344e-12 1.0771e-12 1.697e-12 9.827e-12 -2.054e-12 -3.545e-12 1.9375e-12 -1.2939e-12 -1.304e-12 2.2036e-12 -1.2621e-12 4.2305e-13 8.7823e-14 1.3423e-12 1.9465e-12 1.1029e-13 1.5643e-13 -3.6941e-12 -1.0402e-12 -3.9324e-13 -1.7305e-12 4.1813e-12 1.1647e-13 3.2608e-12 1.3755e-12 1.3364e-12 1.4395e-13 -5.8377e-13 -2.7342e-13 -8.0259e-14 1.5018e-12 -1.9258e-12 3.5811e-13 3.1541e-12 3.2132e-13 -1.0757e-12 5.6101e-13 1.3356e-12 8.7653e-13 -2.2593e-13 -5.4671e-13 1.4103e-12 5.3163e-13 1.1457e-12 1.8894e-13 -3.3123e-13 5.8775e-13 -1.9921e-13 1.2538e-13 5.1489e-15
4.1367e-11 4.2925e-11 3.9462e-11 4.0959e-11 4.4674e-11 3.3933e-11 4.3625e-11 3.843e-11 4.6224e-11 3.534e-11 3.8056e-11 4.0174e-11 4.3251e-11 4.0171e-11 3.9566e-11 4.104e-11 4.2532e-11 4.9572e-11 3.5742e-11 4.3603e-11 3.154e-11 4.5723e-11 3.9396e-11 4.4047e-11 4.6448e-11 3.8325e-11 3.7091e-11 3.8413e-11 4.5483e-11 4.0208e-11 4.0918e-11 4.007e-11 2.9196e-11 4.5322e-11 3.3715e-11 3.9437e-11 3.9706e-11 3.6416e-11 3.3851e-11 2.7318e-11 2.3542e-11 3.3217e-11 3.0782e-11 1.7503e-11 3.042e-11 2.1249e-11 2.3174e-11 2.5101e-11 9.6851e-12 1.8424e-11 1.731e-11 1.5942e-11 1.325e-11 1.6073e-11 6.4519e-12 1.4798e-11 1.2884e-11 8.6892e-12 1.346e-11 1.1061e-11 9.5294e-12 1.5481e-11 1.2037e-11 6.8921e-12 9.7336e-12 4.047e-12 6.1533e-12 5.5112e-12 3.7506e-12 5.3807e-12 6.0121e-12 6.4322e-12 5.1012e-12 5.7618e-12 8.3911e-12 -2.616e-13 -1.3765e-12 2.3861e-12 6.4556e-12 8.5241e-12 4.429e-12 2.6446e-12 1.2714e-12 4.7498e-12 1.0332e-12 4.8608e-12 6.5589e-13 1.6614e-12 5.7128e-12 6.2923e-12 7.058e-12 -1.0063e-12 2.7729e-12 -9.2719e-14 -3.5437e-14 -1.7022e-12 3.1328e-12 9.2307e-12 -2.0641e-12 7.1121e-12 3.882e-12 -1.5167e-12 1.4735e-12 2.349e-12 -2.2334e-12 -1.4833e-12 5.4549e-12 7.6966e-12 1.4845e-12 1.4941e-12 2.567e-12 8.5659e-12 -1.8157e-12 -2.1161e-12 3.3488e-12 -3.2621e-13 -9.3283e-13 4.694e-12 -1.0679e-13 -3.5038e-13 1.9243e-12 7.3168e-13 2.0543e-12 -9.2161e-14 3.9241e-13 -2.7142e-12 -9.0661e-13 1.0933e-13 -9.5742e-13 3.1749e-12 -4.7931e-13 3.2558e-12 7.3443e-13 1.9464e-12 7.4002e-13 -6.7421e-13 -1.7002e-12 4.9895e-13 9.8497e-13 -1.2378e-12 1.5963e-13 2.0973e-12 -1.1232e-13 -1.025e-12 8.0065e-13 1.239e-12 1.276e-13 -4.237e-13 -3.8449e-13 1.1521e-12 5.7295e-13 1.1504e-12 2.1895e-13 -1.0293e-13 2.6971e-13 -2.7175e-13 1.3978e-13 -1.5047e-14
3.4884e-11 3.9678e-11 3.646e-11 3.4202e-11 3.3933e-11 3.9977e-11 3.8456e-11 3.31e-11 4.1206e-11 3.1992e-11 3.5005e-11 3.7165e-11 3.8976e-11 3.3236e-11 3.4459e-11 3.3367e-11 3.7448e-11 4.4798e-11 3.1063e-11 4.0154e-11 2.9277e-11 3.8637e-11 3.5078e-11 3.6984e-11 3.7933e-11 2.9974e-11 3.2327e-11 3.6683e-11 3.6653e-11 3.1852e-11 3.8613e-11 3.2399e-11 3.0029e-11 3.5906e-11 3.265e-11 3.0136e-11 3.272e-11 3.3001e-11 3.0452e-11 2.2586e-11 1.8118e-11 2.6802e-11 2.8206e-11 1.7355e-11 2.4165e-11 2.1605e-11 2.1408e-11 2.4333e-11 1.2913e-11 1.7517e-11 1.8165e-11 1.0681e-11 9.8046e-12 1.2309e-11 6.3352e-12 7.8973e-12 1.3971e-11 7.4907e-12 1.2567e-11 1.0681e-11 7.731e-12 1.2384e-11 1.0832e-11 6.1267e-12 5.4801e-12 2.996e-12 4.9482e-12 5.5401e-12 5.2816e-12 2.6958e-12 7.2663e-12 4.6486e-12 6.524e-13 5.0701e-12 9.2682e-12 6.5412e-13 -1.3338e-12 1.9425e-12 5.673e-12 7.9182e-12 3.7553e-12 2.2398e-12 1.5818e-12 2.5637e-12 1.2546e-12 3.1739e-12 -1.7216e-12 3.4426e-13 6.177e-12 4.0358e-12 5.1308e-12 -2.039e-12 3.9984e-13 1.4781e-12 1.0619e-12 -1.0642e-12 4.2024e-13 6.7008e-12 1.9924e-13 8.871e-12 3.4897e-12 -1.4084e-12 1.2621e-12 2.0087e-12 -2.4088e-12 -1.1234e-12 4.9304e-12 4.7728e-12 4.7489e-12 1.3006e-12 -5.7308e-13 7.5138e-12 5.2288e-13 -1.6893e-12 2.4648e-12 -4.7447e-13 -4.5471e-13 3.7548e-12 1.6338e-13 -3.198e-13 1.3988e-12 7.5839e-13 1.2585e-12 -4.5831e-13 -3.391e-13 -4.157e-12 -4.6026e-13 -1.4801e-12 -8.6687e-13 2.8304e-12 4.8345e-13 3.7058e-12 1.3828e-12 2.1744e-12 7.1204e-13 -1.321e-12 -1.7398e-12 3.3463e-13 1.0334e-12 -2.2013e-12 -9.4038e-13 1.8241e-12 -4.3951e-13 -1.4857e-12 7.4895e-13 4.19e-13 -1.7861e-13 -2.9001e-13 -6.2265e-13 6.3044e-13 4.6503e-13 5.1518e-13 1.4307e-13 -1.3618e-13 3.9927e-13 -2.5916e-13 1.1965e-13 2.0184e-13
4.6725e-11 5.4146e-11 4.8653e-11 4.6127e-11 4.3625e-11 3.8456e-11 5.9094e-11 4.4422e-11 5.4669e-11 4.3686e-11 4.8356e-11 4.8266e-11 5.1491e-11 4.5887e-11 4.4846e-11 4.6501e-11 4.5766e-11 5.5804e-11 4.0667e-11 5.2852e-11 3.8441e-11 5.2236e-11 4.5478e-11 4.7905e-11 5.3811e-11 4.0715e-11 4.5912e-11 4.7339e-11 5.6019e-11 4.6518e-11 4.9203e-11 4.5263e-11 3.544e-11 5.3447e-11 4.0785e-11 4.499e-11 4.8601e-11 4.3527e-11 3.9348e-11 3.385e-11 2.9132e-11 4.0032e-11 3.6573e-11 2.3784e-11 3.1533e-11 3.1682e-11 2.9747e-11 2.6665e-11 1.3057e-11 1.7787e-11 2.0375e-11 1.6223e-11 2.0706e-11 1.4169e-11 9.5591e-12 1.3248e-11 1.464e-11 6.7216e-12 1.6709e-11 1.486e-11 7.8932e-12 1.9566e-11 1.425e-11 6.0803e-12 1.0765e-11 6.3532e-12 5.593e-12 4.4866e-12 7.6425e-12 6.3422e-12 8.2812e-12 8.1296e-12 5.3785e-12 6.455e-12 8.7143e-12 1.0323e-12 2.1809e-12 -9.9878e-13 5.0199e-12 8.3274e-12 4.6857e-12 3.7969e-12 -1.6685e-12 7.1657e-12 2.0828e-13 5.1242e-12 -1.4187e-12 -6.1063e-13 6.674e-12 7.4653e-12 7.775e-12 -4.067e-12 6.3183e-13 3.7495e-12 1.3501e-12 -6.7856e-13 3.2419e-12 8.8475e-12 1.484e-12 8.7203e-12 3.8338e-12 -9.727e-14 5.0741e-13 3.4262e-12 -4.0648e-12 1.4054e-12 8.9378e-12 9.4265e-12 3.8198e-12 2.5039e-12 8.66e-14 8.1911e-12 5.9889e-14 -9.5749e-13 3.3071e-12 -2.235e-12 -1.6052e-12 3.3658e-12 -1.446e-12 -5.5674e-13 1.212e-12 7.3249e-13 2.0681e-12 -7.7172e-13 2.5727e-13 -3.6997e-12 -8.8531e-13 3.539e-13 -8.091e-13 3.7297e-12 6.4425e-13 2.986e-12 5.043e-13 1.5054e-12 1.0775e-12 -1.3427e-13 -9.6795e-13 6.4679e-13 1.9097e-12 -2.1474e-12 -8.2864e-13 3.2394e-12 5.8857e-14 -2.145e-12 4.9285e-13 1.0482e-12 1.2957e-12 -4.7482e-13 -6.7752e-13 1.7546e-12 2.7365e-13 1.1391e-12 2.4815e-13 -2.8708e-13 4.2725e-13 -2.4609e-13 2.8193e-13 5.2036e-14
3.9561e-11 4.4509e-11 3.8654e-11 4.159e-11 3.843e-11 3.31e-11 4.4422e-11 4.6858e-11 4.6916e-11 3.5968e-11 3.9154e-11 4.0612e-11 4.4808e-11 4.2119e-11 4.0735e-11 3.898e-11 3.8621e-11 4.7659e-11 3.7271e-11 4.5519e-11 3.3716e-11 4.4744e-11 3.6809e-11 4.1089e-11 4.4362e-11 3.7402e-11 3.9e-11 4.038e-11 4.456e-11 4.3197e-11 4.0118e-11 3.9694e-11 2.7445e-11 4.7126e-11 3.6535e-11 3.9244e-11 4.063e-11 3.9047e-11 3.3377e-11 2.9841e-11 2.4889e-11 3.5082e-11 3.1722e-11 2.1363e-11 2.3588e-11 2.2945e-11 2.3336e-11 2.5963e-11 1.6431e-11 1.7106e-11 1.6975e-11 1.4479e-11 1.304e-11 1.5804e-11 1.0341e-11 1.0187e-11 1.6669e-11 6.1428e-12 1.3624e-11 1.2049e-11 6.3981e-12 1.3896e-11 1.5439e-11 4.926e-12 1.2029e-11 8.2781e-12 8.7444e-12 3.7217e-12 5.9645e-12 6.6983e-12 5.3828e-12 4.8626e-12 5.5625e-12 4.4604e-12 1.0206e-11 -4.6869e-13 6.6923e-13 3.1114e-12 1.2848e-12 8.0807e-12 3.3659e-12 3.6559e-13 -1.6108e-12 3.2827e-12 -8.5607e-13 7.0846e-12 -5.6421e-13 2.5249e-13 5.13e-12 6.6948e-12 8.0764e-12 -4.3383e-12 2.6327e-12 3.6468e-12 1.1968e-12 -6.6296e-13 1.4445e-12 5.4479e-12 7.8096e-13 8.2248e-12 2.6486e-12 -1.6858e-12 2.6837e-12 3.5692e-12 -3.4379e-12 -1.3405e-12 5.7367e-12 6.2039e-12 4.0326e-12 2.6337e-12 1.7654e-12 9.5013e-12 -6.0276e-13 -2.991e-12 1.2457e-12 -1.8703e-12 -1.0805e-12 2.3784e-12 -5.3032e-13 -4.9236e-15 1.4515e-12 5.4405e-13 2.8896e-13 6.2418e-13 7.7161e-14 -3.5088e-12 -1.1428e-12 2.8016e-13 -1.3325e-13 2.4478e-12 4.8635e-13 3.7112e-12 1.8807e-12 1.0959e-12 -3.6351e-13 -6.9791e-13 -1.1361e-12 5.8309e-13 1.0278e-12 -1.6455e-12 -2.0088e-13 1.8302e-12 -5.9792e-13 -9.0029e-13 6.3367e-13 1.1481e-12 1.0875e-12 -2.8954e-13 -3.8414e-13 1.7671e-12 3.7875e-13 1.1726e-12 4.2213e-13 -4.7254e-13 3.6685e-13 -1.8591e-13 1.1474e-13 3.016e-15
5.1167e-11 5.348e-11 5.0419e-11 4.9062e-11 4.6224e-11 4.1206e-11 5.4669e-11 4.6916e-11 6.9628e-11 4.6642e-11 5.2242e-11 5.4596e-11 5.5063e-11 4.9342e-11 4.8651e-11 5.0972e-11 4.8367e-11 5.8089e-11 4.6525e-11 5.7339e-11 4.1071e-11 5.4672e-11 5.1554e-11 5.264e-11 6.0607e-11 4.513e-11 4.8125e-11 5.0481e-11 5.8495e-11 4.8821e-11 5.485e-11 5.203e-11 3.9703e-11 5.7492e-11 4.2567e-11 4.486e-11 4.8626e-11 4.316e-11 3.6551e-11 3.688e-11 2.7923e-11 3.9977e-11 3.9775e-11 2.9345e-11 3.305e-11 2.8954e-11 3.1582e-11 3.0434e-11 1.5454e-11 2.5876e-11 2.3023e-11 1.8301e-11 2.0601e-11 1.7789e-11 1.2375e-11 1.5828e-11 2.179e-11 7.1342e-12 2.1499e-11 1.4773e-11 2.6934e-12 1.9368e-11 1.604e-11 6.4355e-12 9.2733e-12 1.0285e-11 6.9341e-12 1.0353e-11 5.9467e-12 5.7111e-12 5.4329e-12 8.6813e-12 6.3005e-12 5.4106e-12 1.3881e-11 -1.7079e-12 1.3551e-12 4.1457e-12 8.3807e-12 9.6878e-12 3.9791e-12 2.7052e-12 5.5311e-13 6.5513e-12 4.1726e-12 8.394e-12 -1.1693e-12 2.659e-13 9.3101e-12 8.416e-12 7.9727e-12 -2.0391e-12 6.8648e-13 3.8251e-12 -1.293e-12 -3.8516e-13 2.7003e-12 9.1942e-12 -3.4061e-12 8.1159e-12 1.4809e-12 -3.7382e-12 -5.9467e-13 5.2645e-12 -2.5965e-12 -3.2592e-12 6.5039e-12 8.5841e-12 6.6517e-12 3.0115e-12 1.2693e-12 1.0914e-11 -2.6484e-12 -3.3647e-12 2.8989e-12 -1.0688e-12 -2.691e-12 1.4954e-12 -1.074e-12 1.2484e-13 2.8908e-13 1.4815e-12 3.0216e-12 -1.1992e-12 1.5541e-12 -3.6345e-12 -1.9018e-12 8.2032e-14 -2.1694e-12 4.5285e-12 2.5797e-14 3.3032e-12 1.5628e-12 2.4738e-12 7.5938e-13 -1.8626e-13 -1.979e-12 9.257e-13 6.0104e-13 -2.2519e-12 5.8477e-13 3.3065e-12 4.1889e-14 -1.8115e-12 1.7222e-12 7.0835e-13 4.1824e-13 -7.1769e-13 -3.4845e-13 1.2417e-12 3.8731e-13 9.5076e-13 1.6491e-13 -9.3243e-14 5.4315e-13 -3.2923e-13 2.4351e-13 1.0138e-13
3.8256e-11 4.293e-11 3.8485e-11 3.6662e-11 3.534e-11 3.1992e-11 4.3686e-11 3.5968e-11 4.6642e-11 4.2127e-11 4.0272e-11 4.0813e-11 4.3514e-11 3.8089e-11 3.5803e-11 3.4069e-11 4.0146e-11 4.6143e-11 3.6846e-11 4.4032e-11 3.3879e-11 4.4027e-11 3.8363e-11 4.0632e-11 4.3017e-11 3.2515e-11 3.7994e-11 3.8222e-11 4.2191e-11 3.6985e-11 3.9221e-11 3.8123e-11 3.0854e-11 4.5507e-11 3.4239e-11 3.6605e-11 3.8294e-11 3.639e-11 3.1041e-11 2.7882e-11 2.5242e-11 3.1845e-11 2.9587e-11 1.8364e-11 2.6274e-11 2.2541e-11 2.292e-11 2.2518e-11 1.3893e-11 1.6879e-11 1.5937e-11 1.3883e-11 1.0399e-11 1.2165e-11 7.7163e-12 1.1445e-11 1.4465e-11 9.3388e-12 1.1811e-11 9.6393e-12 5.0267e-12 1.435e-11 1.1498e-11 2.5495e-12 6.6424e-12 5.4245e-12 4.453e-12 7.2759e-12 6.6528e-12 5.6768e-12 5.3043e-12 3.6219e-12 1.2028e-12 5.5267e-12 9.119e-12 -1.0014e-12 2.5997e-12 1.4107e-12 4.5754e-12 9.6401e-12 3.2784e-12 3.286e-12 -2.8217e-13 5.6987e-12 1.3477e-12 4.7022e-12 -5.9634e-13 1.9896e-12 6.5266e-12 4.3054e-12 6.3308e-12 -1.9561e-12 7.4227e-13 3.0728e-12 2.1413e-12 -1.4547e-12 2.5413e-12 7.6014e-12 -9.9419e-14 8.7065e-12 2.7161e-12 -3.2805e-12 1.1232e-12 2.1666e-12 -4.0853e-12 -1.2022e-12 5.7019e-12 4.6864e-12 3.0624e-12 2.4081e-12 1.9679e-12 7.2148e-12 -3.0602e-12 -1.1277e-12 1.8463e-12 -8.3882e-13 -3.7725e-13 1.866e-12 -7.9487e-13 -2.1008e-13 1.699e-13 5.2464e-13 2.0297e-12 -2.156e-13 8.24e-13 -3.2877e-12 -9.7865e-13 5.9046e-13 -4.0397e-13 2.9824e-12 -4.8498e-13 2.2081e-12 7.9138e-13 2.0746e-12 2.4967e-15 3.7816e-13 -8.9431e-13 -5.358e-13 1.9082e-12 -1.5075e-12 -6.1173e-13 2.5668e-12 -5.948e-13 -1.6864e-12 1.0852e-12 2.7047e-13 5.4847e-13 -6.7946e-13 -4.6697e-13 1.5712e-12 2.4473e-13 5.1567e-13 -2.1242e-13 -1.207e-14 5.5139e-13 -2.343e-13 1.5991e-13 -8.8398e-14
4.4901e-11 4.7704e-11 4.2754e-11 4.0482e-11 3.8056e-11 3.5005e-11 4.8356e-11 3.9154e-11 5.2242e-11 4.0272e-11 5.0284e-11 4.5409e-11 4.7725e-11 4.2196e-11 4.2299e-11 4.0711e-11 4.2466e-11 5.1749e-11 3.6191e-11 5.0498e-11 3.6521e-11 4.8045e-11 4.2252e-11 4.5498e-11 4.8744e-11 3.984e-11 4.2158e-11 4.273e-11 4.5112e-11 4.1187e-11 4.6725e-11 4.5416e-11 3.2857e-11 4.6797e-11 3.4375e-11 4.1869e-11 3.9664e-11 3.943e-11 3.634e-11 2.8702e-11 2.4166e-11 3.3587e-11 3.2363e-11 2.2094e-11 2.9504e-11 2.4929e-11 2.7367e-11 2.342e-11 1.4459e-11 2.2596e-11 1.8066e-11 1.2172e-11 1.6246e-11 1.2594e-11 6.8873e-12 1.1397e-11 1.404e-11 7.1155e-12 1.4632e-11 1.1961e-11 5.6516e-12 1.7605e-11 1.3162e-11 2.8119e-12 9.8735e-12 4.6989e-12 2.6438e-12 7.2964e-12 6.9812e-12 5.9589e-12 7.7837e-12 5.1916e-12 5.2017e-12 5.5068e-12 8.8228e-12 -1.1291e-12 1.6551e-13 2.4601e-12 7.0953e-12 1.0592e-11 5.4233e-12 4.425e-12 2.6009e-13 6.1773e-12 1.144e-12 4.9166e-12 -8.1681e-13 6.4541e-13 6.4204e-12 5.8389e-12 8.0276e-12 -3.8456e-12 1.2631e-12 3.0984e-12 2.201e-12 -9.3489e-13 2.6295e-12 7.931e-12 1.7366e-13 8.7475e-12 3.7498e-12 -2.7487e-12 1.0031e-12 3.5462e-12 -3.0804e-12 -4.8962e-13 5.7283e-12 5.799e-12 4.3249e-12 2.7064e-12 -6.3971e-13 7.7506e-12 -1.4592e-12 -1.3375e-12 2.5431e-12 -6.3507e-13 -1.9649e-12 2.6796e-12 1.5745e-13 8.893e-13 1.2179e-12 1.4273e-12 -6.4976e-13 -1.3268e-13 2.624e-13 -3.9859e-12 -8.2343e-13 1.0762e-12 -1.4195e-12 3.0696e-12 -5.4963e-13 3.2873e-12 1.2061e-12 2.2573e-12 4.7621e-14 1.6452e-13 -1.3292e-12 7.8783e-13 1.3424e-12 -1.5762e-12 3.7001e-13 3.6876e-12 -4.0553e-13 -2.1524e-12 9.315e-13 5.8442e-13 6.8778e-13 -6.1903e-13 -3.6705e-13 1.4398e-12 1.0702e-14 9.2732e-13 -8.4241e-14 -2.8229e-13 4.8277e-13 -2.905e-13 1.6239e-13 5.667e-14
4.6702e-11 4.9019e-11 4.3215e-11 4.1844e-11 4.0174e-11 3.7165e-11 4.8266e-11 4.0612e-11 5.4596e-11 4.0813e-11 4.5409e-11 5.7689e-11 5.1402e-11 4.1541e-11 4.3916e-11 4.5661e-11 4.3225e-11 5.1266e-11 4.2266e-11 4.6839e-11 3.9179e-11 4.766e-11 4.5441e-11 4.6429e-11 4.9863e-11 3.8186e-11 4.3368e-11 4.4595e-11 5.1941e-11 4.4038e-11 4.803e-11 4.466e-11 3.3285e-11 4.882e-11 3.7757e-11 4.1426e-11 4.5355e-11 4.29e-11 3.6046e-11 3.0423e-11 2.67e-11 3.4532e-11 3.8453e-11 2.0938e-11 3.1195e-11 2.4223e-11 2.926e-11 2.4282e-11 1.2972e-11 2.322e-11 2.1397e-11 1.6483e-11 1.8616e-11 1.6972e-11 9.083e-12 1.2988e-11 1.6908e-11 6.8982e-12 1.5716e-11 8.7682e-12 -4.4258e-14 1.8518e-11 1.5034e-11 7.713e-12 7.7896e-12 1.1263e-11 7.9659e-12 6.5674e-12 3.1876e-12 7.0968e-12 8.0857e-12 8.2996e-12 3.9754e-12 4.9192e-12 1.347e-11 -1.5385e-13 7.856e-12 2.0911e-12 5.9172e-12 9.1371e-12 5.0851e-12 1.2297e-12 1.8114e-13 5.5941e-12 1.4142e-12 3.6681e-12 -1.9599e-13 2.4308e-12 5.1034e-12 7.7043e-12 8.0704e-12 -3.4486e-12 2.0688e-12 3.7782e-12 8.2013e-13 2.0945e-12 1.8584e-12 7.7279e-12 1.053e-12 1.0595e-11 2.1399e-12 6.7079e-13 1.5256e-12 4.7791e-12 -2.5185e-12 4.779e-13 7.0199e-12 8.4256e-12 6.3056e-12 1.7362e-12 1.028e-12 9.058e-12 -2.9498e-12 -4.1695e-12 3.3415e-12 -7.9395e-13 -2.4354e-12 2.6589e-12 8.5106e-13 -1.4919e-12 1.6738e-12 4.3087e-13 2.7772e-12 1.5421e-12 1.7415e-12 -2.3252e-12 2.2621e-13 5.912e-13 -1.6877e-12 2.7218e-12 -9.4921e-14 4.3332e-12 3.1548e-12 2.0615e-12 5.0191e-13 -1.1472e-12 -3.1545e-12 3.4037e-14 2.6901e-12 -1.6801e-12 -8.5238e-13 1.8684e-12 1.0012e-13 -2.3324e-12 6.9107e-13 2.2754e-14 5.6807e-13 -1.0578e-12 -2.323e-13 1.5324e-12 1.741e-13 1.0968e-12 -4.5585e-14 8.469e-15 3.1394e-13 -3.1192e-13 1.8267e-13 1.0961e-13
4.9847e-11 5.1358e-11 4.6268e-11 4.4453e-11 4.3251e-11 3.8976e-11 5.1491e-11 4.4808e-11 5.5063e-11 4.3514e-11 4.7725e-11 5.1402e-11 5.9918e-11 4.7673e-11 4.5222e-11 4.5534e-11 4.5724e-11 5.689e-11 4.371e-11 5.4235e-11 3.9777e-11 5.3598e-11 4.7644e-11 4.8965e-11 5.4195e-11 4.2771e-11 4.5656e-11 4.7974e-11 5.5034e-11 4.8543e-11 5.0346e-11 4.7864e-11 3.7386e-11 5.4426e-11 4.0163e-11 4.5357e-11 4.5871e-11 4.0009e-11 3.6829e-11 3.2961e-11 2.4829e-11 4.0632e-11 3.8412e-11 2.3256e-11 3.0924e-11 2.6086e-11 2.8409e-11 2.7786e-11 1.3239e-11 2.364e-11 2.4352e-11 1.5056e-11 1.5706e-11 1.5994e-11 1.2391e-11 1.2274e-11 1.7606e-11 7.9077e-12 1.4103e-11 1.1854e-11 7.4231e-12 1.8779e-11 1.5438e-11 7.9566e-12 1.0524e-11 7.5931e-12 7.878e-12 6.1157e-12 7.5793e-12 1.1125e-11 8.0515e-12 5.2333e-12 5.947e-12 5.732e-12 1.2303e-11 5.6869e-13 3.6482e-12 3.3067e-12 5.76e-12 8.9034e-12 1.3584e-12 2.4446e-12 1.7539e-12 3.7135e-12 1.9304e-12 3.8604e-12 4.1564e-13 1.1882e-12 6.3124e-12 6.2285e-12 7.3884e-12 -4.811e-12 3.8039e-13 4.2634e-12 1.582e-12 3.8344e-13 3.9462e-12 9.7685e-12 4.9285e-13 1.0138e-11 2.9421e-12 -1.4133e-13 -1.0843e-13 3.8708e-12 -2.0692e-12 -4.3064e-13 6.2235e-12 5.4166e-12 3.8658e-12 1.6013e-12 8.2175e-13 9.8387e-12 -1.4006e-12 -3.8642e-12 1.6591e-12 -2.5509e-12 -2.4331e-12 4.3457e-12 -9.137e-13 -5.6908e-13 1.7627e-12 5.109e-13 2.6295e-12 4.9339e-13 1.13e-12 -3.279e-12 1.057e-12 4.3141e-13 -1.8689e-12 2.7373e-12 -1.1785e-13 4.5207e-12 2.2246e-12 1.7678e-12 4.5006e-13 -1.0063e-12 -1.4318e-12 4.997e-13 1.4447e-12 -1.4279e-12 -4.1503e-13 2.5761e-12 -5.2065e-13 -1.7361e-12 7.364e-13 8.1768e-13 9.6075e-13 -8.3766e-13 -6.4303e-13 1.9232e-12 2.2257e-13 7.203e-13 4.0458e-13 -8.413e-14 2.1977e-13 -3.279e-13 2.2075e-13 5.677e-14
4.2578e-11 4.7401e-11 4.2133e-11 4.2008e-11 4.0171e-11 3.3236e-11 4.5887e-11 4.2119e-11 4.9342e-11 3.8089e-11 4.2196e-11 4.1541e-11 4.7673e-11 4.9198e-11 4.0089e-11 4.1948e-11 4.3113e-11 4.9287e-11 3.7225e-11 4.7881e-11 3.4327e-11 4.9381e-11 3.9812e-11 4.4537e-11 4.7608e-11 4.0105e-11 3.7705e-11 4.3026e-11 4.7556e-11 4.3396e-11 4.1735e-11 4.1958e-11 3.2112e-11 4.8003e-11 3.5393e-11 3.9304e-11 4.2544e-11 3.6541e-11 3.2716e-11 3.1015e-11 2.4072e-11 3.6043e-11 3.4698e-11 1.9172e-11 2.6808e-11 2.0784e-11 2.1388e-11 2.7693e-11 1.4542e-11 1.8726e-11 1.669e-11 1.521e-11 1.4526e-11 1.5223e-11 1.0539e-11 1.0659e-11 1.7137e-11 7.3081e-12 1.504e-11 1.2202e-11 7.8863e-12 1.6714e-11 1.3724e-11 5.9651e-12 1.1239e-11 4.8282e-12 5.6804e-12 6.7478e-12 5.9863e-12 1.0061e-11 8.7738e-12 5.0982e-12 6.233e-12 6.7636e-12 9.8424e-12 -5.1695e-13 1.3223e-12 4.5893e-12 5.2306e-12 1.0685e-11 2.8583e-12 3.0911e-12 -4.864e-13 5.9368e-12 5.159e-13 5.0078e-12 5.313e-13 -5.8245e-14 6.7804e-12 6.3529e-12 6.5662e-12 -1.7911e-12 -9.8341e-13 4.3952e-12 -1.1756e-12 -3.0067e-12 2.0312e-12 6.524e-12 -2.2167e-12 7.5327e-12 4.6943e-12 -2.1754e-12 -2.3831e-13 4.3858e-12 -2.3686e-12 -1.0581e-14 5.0871e-12 6.3208e-12 4.2917e-12 2.0465e-12 1.2652e-12 8.5525e-12 3.4584e-13 -2.4684e-12 1.9397e-12 -6.9236e-13 -2.2338e-12 1.2503e-12 2.7751e-13 1.9974e-12 1.2916e-12 5.6818e-13 1.4762e-12 4.4616e-13 1.3579e-12 -3.472e-12 -7.3653e-13 1.0669e-12 -6.3646e-13 2.5287e-12 5.8011e-14 2.8873e-12 2.0788e-12 1.6616e-12 8.3424e-13 -8.5087e-13 -5.7569e-13 1.0595e-12 1.1139e-12 -2.0914e-12 -8.659e-13 2.1348e-12 -3.8855e-13 -1.4007e-12 1.1314e-12 1.3547e-12 8.5405e-13 -7.2562e-13 -2.4352e-13 1.4593e-12 1.6835e-13 1.1217e-12 2.3332e-13 -2.2157e-13 4.4056e-13 -3.5155e-13 9.6927e-14 1.6629e-14
4.1481e-11 4.5472e-11 3.923e-11 4.2741e-11 3.9566e-11 3.4459e-11 4.4846e-11 4.0735e-11 4.8651e-11 3.5803e-11 4.2299e-11 4.3916e-11 4.5222e-11 4.0089e-11 4.8439e-11 4.2072e-11 4.0751e-11 4.8885e-11 3.7025e-11 4.8898e-11 3.3311e-11 4.4095e-11 4.107e-11 4.1212e-11 4.3827e-11 3.7528e-11 4.0246e-11 3.9065e-11 4.525e-11 4.0352e-11 4.078e-11 3.9896e-11 3.2394e-11 4.4862e-11 3.641e-11 3.9891e-11 4.2164e-11 3.8137e-11 3.5104e-11 2.5614e-11 2.2684e-11 3.3351e-11 3.1413e-11 2.219e-11 2.8635e-11 2.1748e-11 2.5745e-11 2.4111e-11 1.4913e-11 1.9725e-11 1.7852e-11 1.2865e-11 1.8836e-11 1.6214e-11 8.9164e-12 1.0627e-11 1.5847e-11 1.0478e-11 1.395e-11 1.1821e-11 7.0227e-12 1.8277e-11 1.6978e-11 7.1754e-12 1.3415e-11 7.5661e-12 6.1872e-12 8.9917e-12 3.8207e-12 5.6049e-12 7.4017e-12 6.4773e-12 4.6934e-12 6.2205e-12 1.1808e-11 -2.6668e-12 1.2328e-12 3.3682e-12 5.3214e-12 6.7913e-12 4.4476e-12 1.5409e-12 -3.6362e-14 4.6204e-12 6.4919e-13 3.1289e-12 7.4592e-13 1.9407e-12 4.6787e-12 5.8245e-12 6.8533e-12 -2.3155e-12 1.8089e-12 4.6991e-13 1.626e-12 -1.4619e-12 3.2783e-12 6.7389e-12 -1.4494e-12 9.4416e-12 3.2791e-12 -1.2217e-12 1.9367e-12 3.852e-12 -2.9268e-12 -1.0966e-12 6.2703e-12 6.9163e-12 3.4636e-12 2.9511e-12 1.8637e-12 1.0352e-11 -1.7486e-12 -2.3462e-12 1.244e-12 -8.2187e-13 -2.3294e-12 3.9213e-12 6.2349e-13 1.6028e-12 2.2842e-12 1.281e-12 8.5588e-13 2.9476e-13 6.5297e-13 -3.5694e-12 -8.8948e-13 -5.5586e-13 -2.0263e-12 4.5349e-12 -1.6493e-12 2.4982e-12 1.3715e-12 1.3581e-12 -3.0913e-13 -2.6655e-13 -1.1321e-12 6.1736e-13 1.512e-12 -1.4606e-12 1.5701e-13 3.2362e-12 -4.8772e-13 -1.7699e-12 7.0127e-13 1.6271e-12 5.9093e-13 -5.2128e-13 -5.7981e-13 1.2601e-12 4.2938e-13 1.1406e-12 5.7957e-14 -3.3143e-13 3.6579e-13 -1.2563e-13 9.9587e-14 3.3828e-14
4.1936e-11 4.8478e-11 4.1018e-11 4.2607e-11 4.104e-11 3.3367e-11 4.6501e-11 3.898e-11 5.0972e-11 3.4069e-11 4.0711e-11 4.5661e-11 4.5534e-11 4.1948e-11 4.2072e-11 5.3899e-11 4.3497e-11 4.8628e-11 3.4906e-11 4.5946e-11 3.5375e-11 4.7254e-11 4.08e-11 4.295e-11 4.8938e-11 3.7353e-11 4.0986e-11 3.963e-11 5.1623e-11 4.3685e-11 4.5422e-11 4.1464e-11 3.2853e-11 4.7139e-11 3.5171e-11 3.9356e-11 4.4805e-11 3.8549e-11 3.0924e-11 2.7646e-11 2.3439e-11 3.3375e-11 3.3256e-11 2.0997e-11 2.8812e-11 2.3088e-11 2.8878e-11 2.5999e-11 7.9711e-12 1.9811e-11 2.1073e-11 1.3468e-11 2.1292e-11 1.3766e-11 7.7238e-12 1.3401e-11 1.6151e-11 4.7803e-12 1.6362e-11 9.9765e-12 8.0396e-12 1.6827e-11 1.5571e-11 7.6938e-12 1.3901e-11 5.8458e-12 5.1663e-12 7.9468e-12 2.1393e-12 6.8902e-12 4.7662e-12 7.7034e-12 7.0158e-12 3.8958e-12 9.2299e-12 -6.6047e-14 2.3772e-12 8.3546e-13 5.7957e-12 6.1047e-12 6.8696e-12 4.6213e-12 2.0641e-13 5.7212e-12 2.5516e-12 4.5675e-12 -2.9327e-13 -8.8504e-13 7.5903e-12 7.5663e-12 9.0056e-12 -2.0471e-12 4.6554e-12 2.5743e-12 -2.1988e-12 1.1631e-12 2.2067e-12 9.1647e-12 -1.1806e-12 7.7613e-12 4.9565e-12 -1.5977e-12 2.2306e-12 4.9144e-12 -1.5881e-12 1.8303e-13 5.81e-12 8.3757e-12 4.8375e-12 1.6939e-12 1.3193e-12 1.1409e-11 -1.1695e-12 -3.3708e-12 2.425e-12 -3.6489e-13 -2.2742e-12 1.9601e-12 -8.2409e-14 -4.9866e-13 8.3622e-13 2.3269e-13 2.5608e-12 1.3709e-12 7.9389e-13 -1.8959e-12 -6.9663e-13 8.5837e-13 -1.2937e-12 2.6686e-12 1.1336e-12 3.6317e-12 -3.5492e-13 1.4635e-12 1.4301e-12 -1.0989e-12 -5.0156e-13 4.7582e-13 7.9673e-13 -9.6749e-13 -3.9313e-13 1.893e-12 6.3267e-13 -2.0577e-12 7.0857e-13 8.7862e-13 6.407e-13 -1.4078e-12 -1.0867e-12 1.2203e-12 5.3134e-13 1.011e-12 3.0068e-13 -1.4253e-13 2.845e-13 -1.7253e-13 1.1738e-13 1.689e-13
4.2784e-11 4.8398e-11 4.2214e-11 4.2252e-11 4.2532e-11 3.7448e-11 4.5766e-11 3.8621e-11 4.8367e-11 4.0146e-11 4.2466e-11 4.3225e-11 4.5724e-11 4.3113e-11 4.0751e-11 4.3497e-11 5.3485e-11 5.2557e-11 3.7504e-11 4.9301e-11 3.4791e-11 4.9829e-11 4.1088e-11 4.5279e-11 4.5066e-11 3.8291e-11 4.0573e-11 4.0724e-11 4.9107e-11 4.2676e-11 4.3266e-11 4.1441e-11 3.172e-11 4.4624e-11 3.6203e-11 3.7555e-11 4.173e-11 4.0302e-11 3.6032e-11 2.8975e-11 2.4186e-11 3.7127e-11 3.2623e-11 1.8707e-11 3.0109e-11 2.2013e-11 2.365e-11 2.6194e-11 1.3897e-11 1.9148e-11 1.6401e-11 1.497e-11 1.4658e-11 1.4685e-11 6.1041e-12 1.0902e-11 1.6289e-11 9.4781e-12 1.4348e-11 1.0054e-11 8.8547e-12 1.3364e-11 1.1574e-11 5.3391e-12 1.1383e-11 3.1423e-12 2.0337e-12 7.7603e-12 3.394e-12 7.29e-12 8.6979e-12 2.8806e-12 4.3664e-12 9.0984e-12 1.2547e-11 1.1032e-12 1.2057e-12 1.1069e-12 6.6424e-12 1.248e-11 6.5687e-12 3.6563e-12 -1.9046e-13 6.8854e-12 2.4525e-12 3.2449e-12 1.7914e-12 2.9362e-13 7.9323e-12 7.3349e-12 7.2056e-12 3.8255e-13 2.2491e-12 1.1664e-13 3.6162e-13 -1.2569e-12 2.8598e-12 8.8722e-12 -8.1561e-13 7.459e-12 6.192e-12 -2.3499e-12 2.9642e-12 2.7906e-12 -2.9326e-12 -1.379e-12 3.6354e-12 7.6593e-12 4.1758e-12 1.4952e-12 2.5747e-12 8.3409e-12 -3.3593e-12 -2.1128e-12 2.2707e-12 5.587e-13 -1.6682e-12 3.3837e-12 -1.5499e-12 1.5821e-12 4.2047e-13 -1.2731e-13 3.614e-12 -4.747e-14 4.3804e-13 -3.5523e-12 -1.4453e-12 1.7942e-13 -3.328e-13 2.9171e-12 -2.6783e-13 2.9036e-12 3.2495e-13 1.5488e-12 1.3313e-12 -1.0063e-12 -6.3675e-13 -3.8107e-14 1.6038e-12 -1.8318e-12 1.8311e-13 2.6805e-12 -7.1489e-13 -1.5026e-12 1.2338e-12 6.0337e-13 2.1383e-13 -1.2449e-12 -1.0758e-12 1.2007e-12 2.4988e-13 8.1373e-13 -2.6924e-13 -9.1834e-14 4.7237e-13 -3.1064e-13 6.6277e-14 7.1106e-14
5.5431e-11 5.6465e-11 5.0747e-11 4.7423e-11 4.9572e-11 4.4798e-11 5.5804e-11 4.7659e-11 5.8089e-11 4.6143e-11 5.1749e-11 5.1266e-11 5.689e-11 4.9287e-11 4.8885e-11 4.8628e-11 5.2557e-11 7.0943e-11 4.5321e-11 5.8252e-11 4.2785e-11 5.8109e-11 4.8165e-11 5.3832e-11 5.5069e-11 4.6355e-11 4.9531e-11 5.0451e-11 5.6878e-11 4.943e-11 5.2201e-11 5.2226e-11 3.9809e-11 5.7435e-11 4.3013e-11 4.9972e-11 4.8346e-11 4.3284e-11 4.1222e-11 3.3311e-11 2.7993e-11 4.4369e-11 3.9054e-11 2.15e-11 3.7591e-11 2.9721e-11 3.0234e-11 2.9998e-11 1.6893e-11 2.465e-11 2.5001e-11 1.7483e-11 1.7132e-11 1.4429e-11 5.3365e-12 1.5753e-11 1.4332e-11 1.1331e-11 1.2208e-11 1.268e-11 1.0498e-11 1.9571e-11 1.4137e-11 6.4639e-12 1.0843e-11 5.762e-12 4.5724e-12 6.2614e-12 9.7493e-12 9.4987e-12 7.0947e-12 4.1839e-12 4.9156e-12 5.6582e-12 1.3739e-11 1.924e-13 -4.1517e-12 1.6775e-12 6.4173e-12 1.4973e-11 3.6305e-12 2.9707e-12 2.184e-12 4.4622e-12 2.0774e-12 4.981e-12 -3.2772e-13 1.9982e-12 8.7055e-12 8.2625e-12 8.4079e-12 -1.8218e-12 1.9371e-12 6.0554e-12 1.7847e-12 -6.7773e-13 4.7507e-12 8.0726e-12 -4.658e-13 1.1208e-11 5.1342e-12 -2.5668e-12 2.6112e-12 2.2816e-12 -1.6243e-12 -1.6749e-12 6.1922e-12 6.5341e-12 3.2544e-12 3.7286e-12 1.0492e-12 9.4287e-12 -5.6413e-13 -9.3014e-13 3.7759e-12 -1.2085e-12 -1.2925e-12 4.1328e-12 1.8277e-12 -7.2852e-13 6.5036e-13 1.3775e-12 2.0228e-12 5.6146e-13 1.361e-12 -3.979e-12 -4.9476e-13 -1.904e-13 -5.409e-13 2.4193e-12 -3.9275e-13 5.3042e-12 6.3552e-13 1.3293e-12 1.624e-12 -1.5683e-13 -3.244e-12 -1.8349e-13 1.9434e-12 -2.5393e-12 -2.8913e-13 2.9826e-12 -1.0956e-12 -1.5104e-12 1.1794e-12 1.0355e-12 3.8013e-13 -9.0049e-13 -5.937e-13 2.0429e-12 7.3381e-13 8.938e-13 1.2087e-13 -1.5031e-13 1.9181e-13 -4.43e-13 1.7757e-13 1.1514e-13
3.8942e-11 4.0474e-11 3.8668e-11 3.7264e-11 3.5742e-11 3.1063e-11 4.0667e-11 3.7271e-11 4.6525e-11 3.6846e-11 3.6191e-11 4.2266e-11 4.371e-11 3.7225e-11 3.7025e-11 3.4906e-11 3.7504e-11 4.5321e-11 4.4756e-11 4.2332e-11 2.9767e-11 4.3345e-11 3.8692e-11 3.7474e-11 4.2732e-11 3.3762e-11 3.7089e-11 3.8423e-11 4.5334e-11 3.5495e-11 3.8581e-11 4.0091e-11 2.9432e-11 4.4184e-11 3.3009e-11 4.049e-11 3.8336e-11 3.2847e-11 3.0137e-11 2.9076e-11 2.5078e-11 3.298e-11 2.8065e-11 1.8198e-11 2.6087e-11 2.3521e-11 1.9204e-11 2.3306e-11 1.6877e-11 1.5777e-11 1.5689e-11 1.8318e-11 1.0218e-11 1.6124e-11 1.0556e-11 1.051e-11 1.749e-11 7.8708e-12 1.4199e-11 1.0742e-11 2.836e-12 1.528e-11 1.4117e-11 6.878e-12 9.3242e-12 8.7191e-12 1.0392e-11 4.3906e-12 5.8883e-12 9.232e-12 5.1041e-12 5.8769e-12 8.1216e-13 4.2753e-12 1.2527e-11 3.2642e-13 3.4537e-12 1.636e-12 3.59e-12 7.4611e-12 2.5722e-12 7.9571e-13 1.0767e-12 3.9425e-12 4.4523e-13 4.1369e-12 -1.6927e-12 2.1278e-12 6.0372e-12 5.892e-12 7.0584e-12 -2.9251e-12 4.4518e-13 2.1975e-12 1.3036e-12 -1.4545e-12 2.3609e-12 6.0118e-12 -3.5107e-12 8.4935e-12 2.6151e-12 -4.3472e-13 8.4066e-13 4.106e-12 -2.7539e-12 -1.177e-12 7.1693e-12 6.5454e-12 4.4235e-12 1.4073e-12 3.6798e-12 9.8521e-12 -3.2184e-12 -3.4025e-12 3.4738e-12 -1.5482e-12 -6.9883e-13 9.1476e-13 -3.1978e-14 1.6739e-13 1.0047e-12 1.3123e-14 3.8756e-12 -5.379e-13 1.7802e-12 -2.415e-12 7.0398e-13 9.5951e-13 -1.5114e-12 4.4385e-12 3.1829e-13 3.0944e-12 1.9414e-12 7.1806e-13 7.6295e-13 -2.7565e-13 -2.0018e-12 1.6372e-13 1.7994e-12 -2.3786e-12 -5.9504e-13 3.6386e-13 -4.9699e-13 -1.4666e-12 4.5108e-13 6.3306e-13 2.5377e-13 -5.958e-13 -5.6183e-13 1.1198e-12 3.7357e-13 8.5069e-13 -1.2043e-13 -1.7971e-13 1.3042e-13 -3.2379e-13 7.582e-14 7.26e-14
4.8769e-11 5.3485e-11 4.5446e-11 4.6146e-11 4.3603e-11 4.0154e-11 5.2852e-11 4.5519e-11 5.7339e-11 4.4032e-11 5.0498e-11 4.6839e-11 5.4235e-11 4.7881e-11 4.8898e-11 4.5946e-11 4.9301e-11 5.8252e-11 4.2332e-11 6.6507e-11 4.0176e-11 5.342e-11 4.6626e-11 5.1281e-11 5.4419e-11 4.3325e-11 4.7788e-11 4.7521e-11 5.205e-11 4.4871e-11 4.9916e-11 4.8494e-11 4.0399e-11 5.4357e-11 4.021e-11 4.3419e-11 4.3963e-11 4.2614e-11 3.9792e-11 3.2434e-11 2.6767e-11 4.2358e-11 3.5522e-11 2.4517e-11 3.3605e-11 2.7186e-11 3.0132e-11 2.6774e-11 2.0066e-11 2.324e-11 2.2241e-11 1.5984e-11 1.9745e-11 1.5101e-11 9.8947e-12 9.3879e-12 1.9571e-11 1.2909e-11 1.5404e-11 1.4263e-11 9.3079e-12 1.5862e-11 1.5121e-11 3.4715e-12 1.4442e-11 4.819e-12 6.3096e-12 7.7198e-12 9.5953e-12 8.615e-12 9.1333e-12 5.7305e-12 4.1193e-12 6.9188e-12 1.1544e-11 1.4148e-12 -3.5998e-13 2.1849e-12 5.4874e-12 1.369e-11 5.7247e-12 2.659e-12 1.1618e-12 7.15e-12 2.9869e-12 4.2693e-12 -6.6352e-13 -7.7599e-13 1.0547e-11 5.3478e-12 7.6831e-12 -1.7328e-12 3.8274e-13 2.7022e-12 -1.0328e-12 -3.3278e-12 3.8182e-12 1.0422e-11 -1.8805e-13 9.7622e-12 -1.8069e-13 -3.094e-12 -8.8439e-13 4.6367e-12 -1.4e-12 -2.9136e-12 4.4453e-12 6.3999e-12 4.4756e-12 2.9759e-12 2.0632e-12 9.1125e-12 -1.9394e-12 -2.1993e-12 4.256e-13 -2.2283e-12 -2.0534e-12 3.3434e-12 -1.8244e-12 1.5625e-12 1.8766e-12 2.3564e-12 1.6663e-12 -9.4193e-13 2.2084e-12 -4.0205e-12 -2.5616e-13 8.5716e-13 1.4069e-13 4.0374e-12 1.7086e-13 3.125e-12 3.4742e-13 2.2249e-12 1.2335e-12 -8.887e-14 -7.5708e-13 2.2763e-12 1.1321e-12 -2.0274e-12 5.065e-14 3.9616e-12 -1.171e-12 -2.4182e-12 1.103e-12 1.171e-12 9.156e-13 -4.015e-13 -7.3155e-13 1.6101e-12 2.9937e-13 8.3265e-13 1.071e-13 -5.7666e-13 4.5182e-13 -3.9384e-13 1.144e-13 6.0105e-14
3.7299e-11 4.1031e-11 3.4563e-11 3.3671e-11 3.154e-11 2.9277e-11 3.8441e-11 3.3716e-11 4.1071e-11 3.3879e-11 3.6521e-11 3.9179e-11 3.9777e-11 3.4327e-11 3.3311e-11 3.5375e-11 3.4791e-11 4.2785e-11 2.9767e-11 4.0176e-11 4.0939e-11 3.8326e-11 3.2407e-11 3.7974e-11 3.8837e-11 3.1253e-11 3.4413e-11 3.5237e-11 3.7707e-11 3.347e-11 3.4732e-11 3.5129e-11 2.9132e-11 4.1604e-11 2.854e-11 3.2385e-11 3.3171e-11 3.4806e-11 2.481e-11 2.4152e-11 2.3701e-11 2.8875e-11 2.7061e-11 1.6035e-11 2.5183e-11 1.5579e-11 2.3884e-11 1.959e-11 1.1208e-11 1.7787e-11 1.3133e-11 1.0042e-11 1.2627e-11 1.3101e-11 7.5447e-12 9.0711e-12 1.3287e-11 6.3122e-12 1.141e-11 5.757e-12 3.5036e-12 1.4237e-11 1.204e-11 1.2462e-12 5.3208e-12 5.0336e-12 3.441e-12 7.0206e-12 5.2599e-12 5.9053e-12 6.0899e-12 4.8981e-12 4.6567e-12 3.6586e-12 8.3874e-12 1.362e-12 5.8344e-14 2.4332e-12 3.0399e-12 9.2087e-12 3.0963e-12 8.6436e-13 1.3339e-12 5.1035e-12 4.3912e-13 3.7494e-12 -1.3654e-12 1.6562e-12 5.183e-12 3.7153e-12 3.5041e-12 -4.2371e-12 4.7208e-12 4.6836e-12 3.405e-12 -1.4856e-12 3.0781e-12 8.2008e-12 2.0135e-12 8.8279e-12 1.8216e-12 -1.1086e-12 2.7654e-12 1.438e-12 -1.3159e-12 -1.4529e-12 5.4082e-12 3.3959e-12 3.5915e-12 1.5449e-12 -3.8998e-13 6.0272e-12 -2.9433e-12 -1.8681e-12 1.8748e-12 -1.1478e-12 -6.3805e-13 9.5646e-13 4.3405e-13 4.1458e-13 -6.1791e-13 1.7865e-12 1.3864e-12 2.5299e-12 1.2711e-12 -3.1727e-12 1.5415e-13 -2.4087e-12 1.3787e-12 1.1305e-12 4.5274e-13 3.432e-12 1.9541e-12 2.0044e-12 -5.2663e-13 -6.0082e-13 -7.0612e-13 -2.1002e-13 3.6278e-12 -1.7266e-12 -4.0314e-13 1.1336e-12 -5.3703e-13 -1.4561e-12 1.3101e-12 2.6828e-13 9.506e-13 -1.0827e-12 -3.0831e-13 1.0597e-12 1.7858e-13 7.6978e-13 -1.3946e-13 -1.5049e-13 3.8976e-13 -1.4931e-13 1.8836e-13 5.3891e-14
4.9534e-11 5.5312e-11 4.6968e-11 4.5519e-11 4.5723e-11 3.8637e-11 5.2236e-11 4.4744e-11 5.4672e-11 4.4027e-11 4.8045e-11 4.766e-11 5.3598e-11 4.9381e-11 4.4095e-11 4.7254e-11 4.9829e-11 5.8109e-11 4.3345e-11 5.342e-11 3.8326e-11 6.2951e-11 4.7901e-11 4.9721e-11 5.394e-11 4.1717e-11 4.3198e-11 4.4224e-11 5.5361e-11 4.8847e-11 4.8334e-11 4.9271e-11 3.242e-11 5.451e-11 4.1526e-11 4.3959e-11 4.504e-11 4.033e-11 3.563e-11 3.246e-11 2.6792e-11 4.3308e-11 3.3625e-11 2.0722e-11 3.1458e-11 3.0274e-11 2.5521e-11 2.8228e-11 1.3661e-11 1.9349e-11 2.022e-11 1.6599e-11 1.4508e-11 1.4982e-11 9.6934e-12 1.3493e-11 1.3094e-11 8.3277e-12 1.5601e-11 1.3633e-11 8.1426e-12 1.9756e-11 1.5621e-11 7.5407e-12 1.3165e-11 3.2606e-12 4.2492e-12 4.4441e-12 8.5952e-12 1.0468e-11 9.5925e-12 3.0224e-12 1.6942e-12 4.3202e-12 9.487e-12 7.4837e-13 8.4982e-13 2.7439e-12 8.1706e-12 1.1553e-11 5.4624e-12 5.3467e-12 6.0942e-13 7.1791e-12 1.0674e-12 5.5377e-12 2.2778e-12 -1.8146e-12 7.8935e-12 6.738e-12 9.0395e-12 3.728e-13 8.0614e-13 2.9629e-12 6.6369e-13 -1.4571e-12 2.0372e-13 1.1997e-11 -1.8613e-12 6.9902e-12 6.9622e-12 -2.4903e-12 1.7858e-12 2.8514e-12 -3.5223e-12 1.7529e-13 7.3325e-12 7.6453e-12 3.7465e-12 1.3289e-12 2.9766e-12 7.4722e-12 -2.3807e-12 -4.6757e-12 3.1406e-12 1.8483e-13 -1.1375e-12 3.6284e-12 7.5156e-13 1.3131e-12 5.2214e-13 7.4787e-13 1.3895e-12 -1.3364e-13 8.0761e-13 -3.8229e-12 -1.1112e-12 1.8366e-12 -1.514e-12 3.6336e-12 -2.2741e-14 4.5293e-12 6.4617e-13 1.831e-12 1.359e-12 -7.591e-13 -1.3811e-12 5.1926e-13 1.1772e-12 -2.3054e-12 8.8576e-13 2.6913e-12 -2.5206e-13 -1.9187e-12 1.1689e-12 7.0317e-13 5.537e-13 -7.4026e-13 -4.4879e-13 2.0038e-12 3.5613e-13 1.0655e-12 -4.3301e-14 -4.436e-14 4.0558e-13 -4.2146e-13 1.0667e-13 5.3444e-14
