2.5221e-11 8.2963e-12 4.0591e-12 4.0919e-12 1.0784e-11 1.0037e-11 6.389e-12 8.8454e-12 -3.9365e-12 5.8177e-12 -1.225e-12 7.6247e-13 7.2429e-12 4.2669e-12 1.873e-12 5.3961e-12 4.2819e-12 1.6767e-12 6.8787e-12 3.0729e-12 7.781e-12 3.7149e-12 1.4246e-12 -5.7441e-13 2.6192e-12 1.8787e-12 1.0261e-12 2.8896e-12 -1.584e-13 -1.2473e-12 1.815e-12 -3.7381e-14 2.2733e-12 7.3519e-12 3.6273e-13 4.2575e-12 3.858e-12 -1.8254e-12 2.124e-12 -3.3309e-12 1.248e-12 -2.4304e-12 1.6066e-12 1.815e-12 5.2052e-13 -3.7669e-14 -2.4157e-12 -9.102e-13 7.2517e-13 9.0204e-13 -1.8367e-12 9.1534e-13 -2.6824e-13 5.0711e-13 7.6648e-13 3.4531e-13 -1.5933e-12 -3.8071e-13 2.4564e-13 4.7146e-13 -3.1447e-15 2.6615e-13 -1.1964e-13 -7.0369e-14 -6.4792e-15 -6.9302e-15
8.2963e-12 2.3384e-11 6.7114e-12 5.539e-12 8.4776e-12 1.1667e-11 1.0479e-11 4.0942e-12 4.1198e-13 3.6455e-12 1.842e-12 6.6341e-12 -1.2035e-13 6.7194e-12 5.2776e-12 2.9355e-13 6.5526e-12 1.8773e-12 2.5725e-12 1.0117e-12 7.8508e-12 2.4974e-12 4.4536e-12 1.4456e-12 4.1518e-12 2.0885e-12 -2.4343e-13 8.837e-13 2.365e-12 -2.503e-13 -5.5988e-13 2.3612e-12 2.0622e-12 7.98e-12 -1.7729e-12 -1.8735e-12 -7.0906e-13 4.6851e-13 -6.4295e-13 -1.0732e-12 1.1055e-12 9.1568e-13 7.1254e-13 1.0271e-12 2.6015e-13 8.7968e-14 -1.5099e-12 1.0764e-13 1.0295e-13 1.3885e-12 -1.7735e-12 3.1065e-13 -1.2877e-12 -3.5526e-13 2.1308e-12 1.0268e-12 -1.908e-12 -1.0773e-13 4.0108e-13 1.344e-13 1.0528e-13 3.7082e-13 5.5349e-15 -6.2471e-14 -8.5643e-15 5.2442e-15
4.0591e-12 6.7114e-12 3.7831e-11 4.7581e-13 5.8333e-13 3.8622e-12 7.7724e-12 1.0193e-11 1.0521e-11 -1.2528e-13 1.2129e-11 2.5998e-12 6.2332e-12 3.4098e-12 3.9041e-12 3.9169e-12 3.9761e-12 7.9612e-14 7.7711e-13 7.647e-12 1.5469e-12 4.224e-12 6.2304e-13 -9.4443e-13 4.3309e-12 -2.2628e-12 5.2635e-12 9.414e-12 4.037e-12 2.0467e-12 2.1813e-12 9.8381e-13 3.8629e-12 -1.6976e-12 -1.3842e-12 -5.2595e-13 6.0125e-12 -4.3234e-13 2.6587e-12 9.892e-13 1.8779e-12 9.4202e-13 4.145e-12 -1.8152e-12 -9.9939e-13 1.9706e-12 2.9329e-13 1.5722e-12 1.3865e-12 1.9994e-12 -1.7307e-12 5.8108e-13 -1.7705e-12 -1.489e-12 -3.6862e-13 -4.9411e-14 -1.1282e-12 -7.2093e-13 -4.6131e-13 -9.2692e-13 2.271e-13 -5.4016e-13 2.1128e-13 -1.5296e-13 2.2963e-14 3.3656e-15
4.0919e-12 5.539e-12 4.7581e-13 1.9562e-11 6.9562e-12 4.8492e-12 5.1908e-12 4.7732e-12 -8.5474e-13 9.2662e-12 5.5451e-13 9.0162e-13 7.3789e-12 5.9013e-12 1.9546e-15 6.3934e-12 6.2687e-12 5.0939e-12 2.5318e-12 4.0756e-12 2.8384e-12 1.2393e-12 -2.0203e-12 2.2367e-12 1.6218e-12 1.0013e-12 -2.2804e-12 3.6203e-12 -4.5431e-12 5.1571e-12 2.8465e-13 5.0381e-13 3.6678e-12 7.7774e-13 2.153e-12 2.8685e-12 1.7817e-12 -1.9279e-12 6.3671e-13 -3.9304e-12 4.1838e-14 2.6461e-12 -1.8252e-12 -4.3357e-13 1.5874e-12 9.1067e-13 7.1374e-14 1.3421e-13 -4.7835e-13 4.2775e-13 -8.8681e-13 3.0496e-12 -1.3339e-12 -7.6822e-13 1.5705e-13 2.5138e-13 6.5009e-13 2.3695e-13 3.589e-14 1.6632e-13 -3.0228e-13 1.8149e-13 -1.0163e-13 -1.0614e-14 -1.07e-14 1.7656e-14
1.0784e-11 8.4776e-12 5.8333e-13 6.9562e-12 3.3502e-11 1.1044e-11 1.0931e-11 7.2305e-12 -1.8452e-12 9.5012e-12 3.9998e-12 2.1755e-12 4.2012e-12 8.014e-12 3.5988e-12 4.8845e-12 8.1393e-12 6.88e-12 9.2569e-12 -8.3357e-13 3.314e-12 2.8593e-12 3.7536e-12 4.1262e-13 1.0578e-11 4.6164e-12 2.5881e-13 4.1864e-12 3.8836e-12 -5.3619e-13 1.29e-12 1.2095e-12 1.8626e-12 2.9617e-12 1.3912e-12 3.7538e-12 -1.6571e-13 1.6252e-12 1.0621e-12 -1.7938e-12 -1.3619e-12 4.1286e-13 1.5969e-12 1.7857e-14 2.0896e-12 3.3027e-12 -7.1607e-13 -1.8496e-12 -2.4388e-13 5.5719e-13 7.0176e-13 -8.5148e-13 -6.4671e-13 1.592e-12 9.3026e-13 2.628e-12 3.9793e-13 -6.6444e-13 -4.8274e-14 -2.5744e-13 3.1098e-13 6.4897e-14 -3.2303e-13 9.0868e-15 -1.8049e-14 -3.5323e-15
1.0037e-11 1.1667e-11 3.8622e-12 4.8492e-12 1.1044e-11 3.1588e-11 9.3975e-12 4.1237e-12 -4.374e-13 5.4267e-12 -6.0344e-12 2.3369e-12 4.0778e-12 3.4441e-12 3.0417e-12 4.4583e-12 4.8405e-12 6.3008e-13 8.6671e-12 -1.337e-12 8.5733e-12 1.6503e-12 1.5847e-12 -1.047e-12 1.3673e-12 3.5425e-12 1.1385e-12 5.2428e-12 4.5446e-12 1.0292e-12 -3.539e-12 2.8905e-12 1.867e-12 6.1664e-12 5.1302e-13 -5.8638e-13 3.1549e-12 -1.1432e-12 2.4729e-14 -2.3837e-12 4.7029e-13 6.4243e-13 2.0289e-12 8.631e-13 3.6338e-12 -1.2108e-14 -3.4331e-12 -1.407e-12 -6.5462e-13 9.9192e-14 -3.6277e-13 1.4942e-12 -3.2883e-12 1.1587e-12 2.7929e-14 -2.7867e-13 -9.0181e-13 2.0809e-13 -4.1447e-14 9.4309e-13 -1.0778e-12 3.4083e-13 -2.5542e-13 -3.6238e-14 -1.124e-14 1.0393e-14
6.389e-12 1.0479e-11 7.7724e-12 5.1908e-12 1.0931e-11 9.3975e-12 3.4072e-11 6.5076e-13 3.3434e-12 8.1441e-12 6.8879e-12 -1.1718e-12 3.0349e-12 9.0757e-12 4.2111e-12 7.6917e-12 6.5457e-12 4.6263e-12 7.9113e-12 -1.0999e-12 4.8634e-12 6.1315e-12 6.3463e-12 -1.2228e-12 -2.1506e-12 5.2774e-12 4.5437e-12 4.6046e-12 4.1102e-12 1.0835e-12 -2.9173e-12 3.9067e-12 2.117e-12 4.6292e-12 3.6923e-12 5.788e-13 -1.5962e-12 1.1301e-12 3.4561e-12 1.0092e-12 -3.076e-12 6.4126e-12 2.1435e-12 4.8548e-13 3.0234e-12 4.9754e-14 -1.0507e-12 -4.75e-13 -1.6725e-13 -1.4346e-12 1.214e-12 -7.8316e-13 -1.1662e-12 2.7934e-13 -6.1167e-13 -8.6232e-13 4.3031e-13 -1.4466e-12 -5.7776e-13 2.4319e-14 -6.4965e-13 -4.6783e-15 -2.2058e-13 7.5881e-14 -3.1517e-14 1.0206e-15
8.8454e-12 4.0942e-12 1.0193e-11 4.7732e-12 7.2305e-12 4.1237e-12 6.5076e-13 2.4604e-11 2.6971e-12 7.0342e-12 3.9544e-12 5.3952e-12 5.1247e-12 6.8584e-12 4.6204e-12 6.5219e-12 1.0518e-11 -6.845e-13 1.2668e-12 5.5993e-12 1.2271e-12 2.4811e-12 5.0136e-12 8.9691e-12 5.9718e-12 1.6853e-12 -1.6879e-12 7.9087e-12 1.3627e-12 3.0856e-12 3.3548e-12 -8.0905e-13 4.2052e-12 4.2954e-12 -2.033e-12 1.3429e-12 2.7137e-12 -1.7715e-12 2.2907e-12 -3.6679e-12 1.5848e-12 -3.209e-12 1.2677e-12 3.2188e-12 1.0287e-12 9.2015e-13 -6.0633e-13 -1.6855e-12 5.229e-13 -4.8366e-13 -4.1733e-13 1.6319e-12 -1.4798e-12 1.3216e-13 -1.0733e-13 3.5267e-13 1.5889e-13 1.8708e-13 1.8843e-14 -3.0835e-13 1.1992e-13 -3.3773e-13 9.8823e-15 -1.0791e-13 7.4499e-16 -2.1945e-15
-3.9365e-12 4.1198e-13 1.0521e-11 -8.5474e-13 -1.8452e-12 -4.374e-13 3.3434e-12 2.6971e-12 2.6705e-11 -4.3605e-12 9.0467e-12 4.0354e-12 4.9905e-12 5.7375e-12 1.1443e-12 2.2876e-12 2.8396e-12 2.7785e-12 -1.614e-12 1.0301e-11 -1.1681e-13 3.5236e-12 2.6769e-12 -3.0171e-12 4.7591e-12 2.0064e-12 2.7915e-12 3.5932e-12 -9.7204e-13 4.1893e-12 4.1776e-12 -7.5643e-13 3.0509e-13 -3.2788e-12 2.7219e-12 -4.6283e-13 -7.068e-13 2.2897e-12 -8.128e-13 4.035e-12 -1.1507e-12 8.2151e-13 -3.3123e-13 2.1555e-12 -4.8855e-13 5.9709e-13 2.338e-12 5.2303e-13 -1.9311e-12 -8.9765e-13 4.3446e-13 -1.1081e-12 -8.9238e-13 -8.7899e-13 5.2136e-13 -5.2458e-13 -2.1938e-12 7.6244e-13 -7.3395e-13 1.5695e-13 4.0362e-13 2.4382e-13 7.6977e-14 -6.36e-14 9.5552e-15 -1.4268e-14
5.8177e-12 3.6455e-12 -1.2528e-13 9.2662e-12 9.5012e-12 5.4267e-12 8.1441e-12 7.0342e-12 -4.3605e-12 2.3951e-11 6.1084e-12 5.044e-12 1.0948e-12 8.744e-12 4.5838e-12 6.5198e-12 5.3388e-12 1.9768e-12 2.3501e-12 3.6134e-12 9.3049e-13 -1.726e-12 2.8019e-12 6.1906e-12 5.2074e-12 2.608e-12 -9.283e-13 3.6067e-12 8.1252e-13 5.4341e-12 5.6111e-13 2.5952e-12 1.7894e-12 2.8319e-12 5.3103e-13 1.868e-12 -2.92e-13 -1.2837e-12 2.0046e-12 -2.2402e-12 -1.0262e-12 1.1645e-12 3.1489e-13 -1.7714e-13 9.2959e-13 -1.5356e-13 -1.7981e-12 1.0938e-12 -4.0021e-14 -9.8491e-13 -6.8396e-14 1.1522e-12 -1.3516e-12 8.9404e-13 2.8276e-13 -1.7935e-13 1.14e-12 8.2318e-14 2.9304e-13 1.0279e-13 -1.7429e-13 2.0385e-13 -3.6836e-13 -2.0075e-14 -4.941e-15 -1.4325e-15
-1.225e-12 1.842e-12 1.2129e-11 5.5451e-13 3.9998e-12 -6.0344e-12 6.8879e-12 3.9544e-12 9.0467e-12 6.1084e-12 3.3086e-11 3.628e-12 -3.8472e-12 4.9989e-12 -2.6181e-13 3.8744e-12 5.7016e-12 1.6979e-12 2.1848e-12 9.4826e-12 -2.2296e-12 -1.747e-12 3.4849e-12 7.1084e-13 2.2432e-12 -3.3107e-13 1.6377e-12 3.0164e-12 3.0372e-12 4.3275e-12 7.4722e-12 -1.4345e-12 2.6425e-12 -1.936e-12 1.2032e-12 3.7606e-13 -2.3352e-12 1.1339e-12 3.4953e-12 4.8814e-12 -1.252e-12 -2.5627e-12 -4.4264e-14 1.7421e-12 -1.6923e-12 -4.3283e-14 -2.802e-12 -2.7674e-12 7.0774e-13 7.4648e-14 2.2279e-12 9.7706e-13 -9.165e-13 4.9027e-13 -1.732e-12 1.9605e-13 -1.5055e-15 -4.4398e-13 -6.6728e-13 1.0958e-13 9.8256e-14 -1.4825e-13 -1.5449e-13 3.8185e-14 1.0135e-14 -1.2058e-14
7.6247e-13 6.6341e-12 2.5998e-12 9.0162e-13 2.1755e-12 2.3369e-12 -1.1718e-12 5.3952e-12 4.0354e-12 5.044e-12 3.628e-12 2.5205e-11 -3.4267e-12 2.1385e-12 1.2666e-12 3.5815e-12 4.776e-12 3.1832e-12 2.4482e-12 3.0498e-12 2.1693e-12 -1.4236e-12 7.186e-12 7.2483e-12 3.9851e-12 1.2376e-12 -4.3084e-13 4.4205e-12 4.1574e-13 3.1334e-12 9.5781e-14 -9.069e-13 -2.5662e-13 3.8943e-12 -2.3038e-12 -1.6522e-12 8.2885e-14 -8.3306e-13 2.0368e-12 -3.2126e-13 1.2871e-12 1.4025e-12 1.9341e-12 1.1624e-12 9.2827e-13 -2.0064e-12 -1.6671e-12 2.6822e-12 2.6169e-13 1.8918e-12 -1.3152e-12 4.5851e-13 -1.6467e-12 4.3627e-13 4.4057e-13 1.2003e-12 3.8638e-13 1.526e-13 -3.5429e-13 1.6969e-13 1.643e-13 -1.2566e-15 2.4694e-13 1.168e-14 -1.2069e-14 -9.5715e-16
7.2429e-12 -1.2035e-13 6.2332e-12 7.3789e-12 4.2012e-12 4.0778e-12 3.0349e-12 5.1247e-12 4.9905e-12 1.0948e-12 -3.8472e-12 -3.4267e-12 1.7597e-11 4.4859e-12 2.5881e-12 3.933e-12 2.9692e-12 3.7805e-12 1.5274e-13 3.8085e-12 2.7941e-12 6.1179e-12 -1.2852e-12 1.57e-12 4.4975e-12 2.0859e-12 2.8229e-12 6.0965e-12 3.9148e-13 3.1792e-12 1.9674e-13 -1.9936e-12 2.6433e-12 1.1739e-12 1.5335e-12 3.827e-12 4.5903e-12 -4.3723e-13 -3.2946e-13 -1.7632e-12 1.6292e-12 -1.6818e-13 -1.8457e-12 -1.246e-12 2.3979e-12 1.0896e-12 -8.7446e-13 -1.6689e-12 -5.5802e-13 6.8283e-13 -1.2914e-12 2.3466e-12 -1.538e-12 -7.5621e-13 3.6979e-13 7.7157e-14 -1.4143e-12 -3.4779e-13 9.1739e-14 -3.156e-13 -5.0017e-13 4.0215e-13 3.6029e-14 -4.6964e-14 -7.8583e-15 -1.7096e-15
4.2669e-12 6.7194e-12 3.4098e-12 5.9013e-12 8.014e-12 3.4441e-12 9.0757e-12 6.8584e-12 5.7375e-12 8.744e-12 4.9989e-12 2.1385e-12 4.4859e-12 3.373e-11 -1.8082e-12 1.0229e-11 5.0329e-12 6.9369e-12 1.653e-12 1.5767e-12 -2.7067e-12 -1.1855e-12 2.7344e-13 1.4634e-12 7.4842e-12 4.4306e-12 4.2386e-12 4.7004e-12 1.6249e-12 3.3041e-12 2.9481e-12 2.3979e-12 -2.7314e-12 1.2536e-12 1.9362e-12 1.6646e-12 -1.7911e-12 2.1319e-12 -3.6716e-12 -2.0357e-12 -1.9395e-12 4.2805e-12 1.0342e-12 -4.2952e-13 1.2553e-12 -9.6336e-13 -9.1371e-13 4.0059e-13 -3.8577e-12 -1.3652e-13 -9.6346e-13 2.3582e-12 -1.1124e-12 5.9655e-13 1.23e-13 -1.6114e-13 5.8691e-13 1.2468e-12 -1.6077e-13 6.8478e-13 -8.6707e-14 3.9523e-13 8.943e-14 -2.5944e-13 -3.4679e-14 -1.2163e-14
1.873e-12 5.2776e-12 3.9041e-12 1.9546e-15 3.5988e-12 3.0417e-12 4.2111e-12 4.6204e-12 1.1443e-12 4.5838e-12 -2.6181e-13 1.2666e-12 2.5881e-12 -1.8082e-12 2.7152e-11 3.9535e-13 2.3836e-12 3.9581e-12 -1.1362e-12 6.0113e-12 2.3613e-12 1.8766e-12 2.5376e-12 7.7316e-12 1.2326e-12 2.6611e-12 -2.0275e-12 1.0406e-12 7.5349e-12 -1.2405e-12 9.1171e-13 -3.1229e-12 2.1629e-12 5.6273e-12 -1.9633e-12 -7.925e-13 4.259e-12 -4.2879e-13 -2.3049e-12 -2.0208e-12 -1.1215e-12 -1.9252e-12 1.0763e-12 9.1762e-13 4.7942e-13 4.0047e-13 2.6544e-12 1.6223e-12 8.2801e-13 -4.4239e-13 1.7927e-12 -1.6557e-12 -6.6035e-13 -6.755e-13 5.9788e-13 -7.0301e-14 -6.7657e-13 -5.3599e-13 -4.6723e-14 -3.505e-13 4.209e-13 6.1975e-13 -1.4898e-13 1.2466e-13 2.3879e-14 -1.3509e-14
5.3961e-12 2.9355e-13 3.9169e-12 6.3934e-12 4.8845e-12 4.4583e-12 7.6917e-12 6.5219e-12 2.2876e-12 6.5198e-12 3.8744e-12 3.5815e-12 3.933e-12 1.0229e-11 3.9535e-13 2.0227e-11 5.6626e-12 7.2235e-12 2.8385e-12 -3.0892e-13 3.0149e-13 9.9005e-13 1.3454e-12 5.0993e-12 -1.0615e-12 1.295e-12 -9.5482e-13 4.837e-12 2.7448e-12 6.9204e-12 2.1247e-12 1.5931e-12 -4.8805e-13 4.0122e-12 1.0876e-12 8.6556e-13 7.2204e-15 -1.7981e-13 3.809e-13 -2.0997e-12 -2.6511e-12 7.7428e-13 4.813e-12 -1.1071e-13 2.1756e-12 -1.7282e-13 -8.7911e-13 8.5304e-13 -3.4473e-13 -1.4843e-13 3.3424e-13 1.2984e-12 -1.2988e-12 4.6596e-13 -5.4855e-13 -6.8557e-13 1.3503e-12 -1.2638e-13 6.9656e-14 1.0291e-13 -1.2538e-13 -4.83e-13 1.1235e-13 -7.6037e-14 -1.5112e-15 1.0797e-15
4.2819e-12 6.5526e-12 3.9761e-12 6.2687e-12 8.1393e-12 4.8405e-12 6.5457e-12 1.0518e-11 2.8396e-12 5.3388e-12 5.7016e-12 4.776e-12 2.9692e-12 5.0329e-12 2.3836e-12 5.6626e-12 1.7045e-11 5.8763e-12 5.5047e-12 1.152e-12 4.1345e-12 1.7116e-12 6.0592e-12 3.777e-12 4.2207e-12 1.9127e-12 -2.0572e-12 2.4143e-12 3.5906e-12 3.7024e-12 1.131e-12 -1.0757e-12 3.4924e-12 5.9841e-12 1.3939e-12 1.8626e-12 6.2702e-13 -1.649e-12 2.2911e-12 -1.507e-12 -8.9042e-14 9.513e-13 1.1577e-12 2.185e-12 2.995e-12 2.0444e-12 -1.1372e-12 -6.1085e-14 -4.2952e-13 -4.2497e-13 1.3643e-12 1.0286e-12 -1.3149e-12 -2.6621e-13 7.7076e-13 -9.5284e-13 -3.3031e-13 2.9148e-13 2.9548e-13 5.7015e-13 -3.0958e-13 -2.0848e-13 -1.9768e-13 1.5614e-14 -3.3634e-14 5.4926e-15
1.6767e-12 1.8773e-12 7.9612e-14 5.0939e-12 6.88e-12 6.3008e-13 4.6263e-12 -6.845e-13 2.7785e-12 1.9768e-12 1.6979e-12 3.1832e-12 3.7805e-12 6.9369e-12 3.9581e-12 7.2235e-12 5.8763e-12 1.9356e-11 6.3701e-12 9.6082e-13 7.245e-13 2.4635e-13 3.0138e-13 -7.7616e-13 2.273e-12 2.6391e-12 1.164e-12 1.5224e-12 4.4647e-12 1.7465e-12 1.8606e-12 -3.6936e-12 -1.1357e-13 5.0195e-12 4.487e-12 5.451e-13 1.0754e-12 1.3675e-13 -5.1578e-13 -1.2802e-13 -6.8323e-13 1.8882e-12 7.6332e-13 -1.6579e-12 9.247e-13 1.3791e-12 5.8939e-14 1.5977e-12 -8.8872e-13 8.9883e-14 2.8989e-13 -3.1049e-13 -1.2077e-12 -5.8309e-13 -7.1045e-13 -2.6116e-13 1.6704e-13 -7.1576e-14 1.0905e-13 -5.3447e-14 -9.3164e-13 2.7016e-13 -1.0295e-13 -2.8549e-14 -3.0734e-14 -5.8082e-15
6.8787e-12 2.5725e-12 7.7711e-13 2.5318e-12 9.2569e-12 8.6671e-12 7.9113e-12 1.2668e-12 -1.614e-12 2.3501e-12 2.1848e-12 2.4482e-12 1.5274e-13 1.653e-12 -1.1362e-12 2.8385e-12 5.5047e-12 6.3701e-12 1.5188e-11 -3.6114e-13 4.3373e-12 1.0435e-13 2.5864e-12 -2.7744e-12 8.582e-13 1.8623e-12 1.5544e-12 8.5632e-13 1.76e-12 5.1565e-13 -1.5563e-12 -4.1762e-13 -4.0925e-14 2.1052e-12 3.6342e-12 7.6097e-13 2.2495e-12 2.328e-13 2.4487e-12 6.4884e-14 -2.1893e-12 1.3859e-12 2.5687e-12 7.6762e-13 1.6442e-12 -3.8237e-13 -1.4296e-12 3.8666e-13 -2.7112e-13 2.438e-13 5.307e-13 1.147e-13 -1.0934e-12 7.9426e-13 -9.4786e-13 -5.5731e-13 -8.8563e-14 -1.9962e-13 -5.2852e-14 2.9323e-13 -1.0883e-12 -3.3136e-13 -1.8625e-13 -1.0813e-14 -3.5023e-14 6.5374e-15
3.0729e-12 1.0117e-12 7.647e-12 4.0756e-12 -8.3357e-13 -1.337e-12 -1.0999e-12 5.5993e-12 1.0301e-11 3.6134e-12 9.4826e-12 3.0498e-12 3.8085e-12 1.5767e-12 6.0113e-12 -3.0892e-13 1.152e-12 9.6082e-13 -3.6114e-13 1.7993e-11 -2.9651e-13 9.984e-13 -1.4275e-12 2.0659e-12 2.9267e-12 -1.1581e-12 1.4348e-12 2.7985e-12 -4.5308e-12 2.7159e-12 6.0449e-12 -1.6848e-12 3.8832e-12 -7.6146e-14 9.5446e-13 1.3837e-12 1.0209e-12 2.766e-13 4.881e-13 9.2752e-14 1.9992e-12 -7.5279e-13 -1.4732e-13 2.199e-12 8.7251e-13 -5.7446e-14 1.4447e-12 3.5631e-13 -2.3614e-13 -1.0222e-12 -9.4463e-13 7.0967e-13 2.1613e-14 -4.2956e-13 5.5405e-13 -1.3974e-13 -6.2693e-13 7.3716e-14 -4.8001e-13 3.6129e-13 2.5941e-13 5.1561e-13 -4.2393e-14 1.133e-14 1.9219e-14 -4.1748e-15
7.781e-12 7.8508e-12 1.5469e-12 2.8384e-12 3.314e-12 8.5733e-12 4.8634e-12 1.2271e-12 -1.1681e-13 9.3049e-13 -2.2296e-12 2.1693e-12 2.7941e-12 -2.7067e-12 2.3613e-12 3.0149e-13 4.1345e-12 7.245e-13 4.3373e-12 -2.9651e-13 1.2763e-11 2.806e-12 3.0108e-12 -1.2675e-12 1.4625e-12 2.2594e-12 1.3131e-12 1.1041e-12 -4.9937e-13 8.2261e-13 -1.9095e-12 -2.231e-13 -3.5525e-13 5.3133e-12 -1.5487e-14 1.548e-12 6.9848e-13 -1.8501e-13 1.1023e-12 -1.4255e-12 7.8987e-14 -1.7122e-13 2.261e-12 1.1229e-12 7.8701e-13 6.2874e-13 -2.2217e-12 5.6886e-13 2.069e-13 -1.0563e-13 1.8036e-13 7.6224e-13 -8.2691e-13 -1.3398e-13 9.4712e-13 -3.1212e-13 -1.2086e-12 -2.2746e-13 2.5124e-13 2.2223e-13 3.5778e-14 1.097e-13 -6.0597e-15 3.5161e-14 -1.4131e-14 8.3949e-15
3.7149e-12 2.4974e-12 4.224e-12 1.2393e-12 2.8593e-12 1.6503e-12 6.1315e-12 2.4811e-12 3.5236e-12 -1.726e-12 -1.747e-12 -1.4236e-12 6.1179e-12 -1.1855e-12 1.8766e-12 9.9005e-13 1.7116e-12 2.4635e-13 1.0435e-13 9.984e-13 2.806e-12 9.1433e-12 3.1764e-13 1.1682e-12 1.3936e-12 3.3263e-12 1.155e-12 3.0936e-12 1.399e-12 -1.4521e-12 -9.7484e-13 4.6667e-13 2.452e-12 3.9741e-13 2.5698e-13 3.5495e-13 -8.7914e-13 3.2103e-13 1.1122e-13 -4.8635e-13 2.9019e-13 1.335e-12 8.7417e-13 2.7143e-13 1.9907e-12 1.1183e-12 -9.8339e-13 -8.4155e-13 3.6067e-13 -2.57e-13 -9.9301e-14 8.6044e-14 -7.2889e-13 4.6506e-13 3.0419e-13 2.0745e-14 -4.9931e-13 -9.061e-13 -4.3306e-13 -3.7682e-13 2.1586e-14 1.8668e-13 1.5867e-13 -1.6498e-14 1.2211e-14 5.4083e-16
1.4246e-12 4.4536e-12 6.2304e-13 -2.0203e-12 3.7536e-12 1.5847e-12 6.3463e-12 5.0136e-12 2.6769e-12 2.8019e-12 3.4849e-12 7.186e-12 -1.2852e-12 2.7344e-13 2.5376e-12 1.3454e-12 6.0592e-12 3.0138e-13 2.5864e-12 -1.4275e-12 3.0108e-12 3.1764e-13 1.2689e-11 3.1125e-12 3.6762e-12 4.0483e-13 7.4754e-13 -5.4391e-14 2.7858e-12 2.1264e-12 -1.3612e-12 5.4048e-13 1.3493e-12 3.4534e-12 -1.8741e-12 -6.0203e-13 2.4197e-13 -5.0478e-13 2.0066e-12 1.345e-12 -7.4203e-13 -8.9817e-14 9.9058e-13 1.0367e-12 2.906e-13 -1.4122e-12 -2.6662e-12 3.0291e-13 3.7699e-13 -6.3537e-14 1.6897e-12 -9.9606e-13 -1.2102e-12 -8.1599e-14 1.0041e-12 1.8911e-13 -1.0522e-12 2.1945e-14 -1.1736e-13 7.2145e-14 1.1604e-14 3.5546e-15 5.8796e-14 7.3483e-15 -1.9147e-14 -5.0154e-15
-5.7441e-13 1.4456e-12 -9.4443e-13 2.2367e-12 4.1262e-13 -1.047e-12 -1.2228e-12 8.9691e-12 -3.0171e-12 6.1906e-12 7.1084e-13 7.2483e-12 1.57e-12 1.4634e-12 7.7316e-12 5.0993e-12 3.777e-12 -7.7616e-13 -2.7744e-12 2.0659e-12 -1.2675e-12 1.1682e-12 3.1125e-12 1.6981e-11 7.0323e-13 1.0234e-12 -2.8241e-12 1.9173e-12 1.9887e-12 6.1442e-13 1.1074e-13 -9.6024e-13 2.6473e-12 2.984e-12 -5.2503e-12 -5.7498e-13 5.9511e-13 -2.453e-12 -1.1226e-12 -2.2212e-12 6.7645e-13 -2.4537e-12 2.5842e-12 1.9095e-13 3.1529e-12 -7.3837e-13 -1.1188e-12 -5.7921e-14 1.1826e-12 -6.408e-13 1.6915e-13 7e-13 -1.1149e-12 5.0842e-13 6.9945e-13 1.3334e-13 8.8734e-13 -5.8375e-13 -6.5431e-14 -3.2153e-13 5.162e-13 -7.159e-14 4.0768e-14 1.3927e-14 1.0218e-14 -3.7028e-15
2.6192e-12 4.1518e-12 4.3309e-12 1.6218e-12 1.0578e-11 1.3673e-12 -2.1506e-12 5.9718e-12 4.7591e-12 5.2074e-12 2.2432e-12 3.9851e-12 4.4975e-12 7.4842e-12 1.2326e-12 -1.0615e-12 4.2207e-12 2.273e-12 8.582e-13 2.9267e-12 1.4625e-12 1.3936e-12 3.6762e-12 7.0323e-13 1.9175e-11 3.078e-12 1.3766e-12 2.0442e-12 1.0548e-12 1.8742e-12 4.6389e-12 1.1762e-13 2.8741e-13 1.1869e-12 -1.5253e-12 1.411e-12 1.2528e-12 -2.6768e-13 -6.4081e-13 -4.0369e-13 8.5883e-13 1.4826e-12 7.706e-14 2.9452e-13 9.1639e-13 1.4581e-12 -6.41e-13 7.3288e-13 -2.1959e-12 6.2318e-13 3.4644e-13 1.029e-12 -1.3431e-12 4.8596e-13 1.4315e-12 1.3112e-12 -1.1237e-12 6.1282e-13 -1.1364e-13 -1.1492e-12 1.9114e-13 5.1893e-13 -1.2009e-13 -3.8914e-14 6.2147e-15 8.0863e-15
1.8787e-12 2.0885e-12 -2.2628e-12 1.0013e-12 4.6164e-12 3.5425e-12 5.2774e-12 1.6853e-12 2.0064e-12 2.608e-12 -3.3107e-13 1.2376e-12 2.0859e-12 4.4306e-12 2.6611e-12 1.295e-12 1.9127e-12 2.6391e-12 1.8623e-12 -1.1581e-12 2.2594e-12 3.3263e-12 4.0483e-13 1.0234e-12 3.078e-12 1.254e-11 1.2261e-13 4.8773e-12 -2.8275e-13 -6.4391e-13 2.7441e-12 2.4524e-13 -8.7528e-13 2.2916e-12 3.6028e-12 2.6502e-13 -2.2313e-12 2.1013e-13 -1.6248e-12 -9.8122e-13 2.7121e-13 1.3241e-12 6.4821e-13 3.4643e-13 2.9728e-12 -5.7573e-13 -2.2517e-12 3.2465e-13 -4.0837e-13 -3.0469e-12 7.5848e-13 8.491e-13 -9.9639e-13 1.8625e-12 -9.5305e-13 3.9505e-13 8.3739e-13 -6.696e-13 -3.4254e-13 -2.3381e-13 8.8347e-14 3.3774e-13 -1.6174e-13 -4.4483e-14 -7.6591e-15 -1.7396e-15
1.0261e-12 -2.4343e-13 5.2635e-12 -2.2804e-12 2.5881e-13 1.1385e-12 4.5437e-12 -1.6879e-12 2.7915e-12 -9.283e-13 1.6377e-12 -4.3084e-13 2.8229e-12 4.2386e-12 -2.0275e-12 -9.5482e-13 -2.0572e-12 1.164e-12 1.5544e-12 1.4348e-12 1.3131e-12 1.155e-12 7.4754e-13 -2.8241e-12 1.3766e-12 1.2261e-13 9.1296e-12 2.4178e-12 4.3331e-13 -9.6289e-13 -5.1721e-13 2.5643e-13 -1.9481e-12 -7.6736e-13 -8.8289e-13 1.4562e-12 2.7759e-13 1.4669e-12 3.5584e-13 2.2567e-12 -6.0542e-13 1.2094e-12 1.1992e-12 -1.2379e-12 1.4495e-12 1.2798e-12 -1.6176e-12 1.1638e-12 -5.026e-14 9.6741e-13 -8.3513e-13 -1.4798e-14 3.7153e-13 6.8047e-13 -7.5095e-14 1.4592e-13 -4.9422e-13 -1.7566e-13 -2.9113e-13 1.7314e-13 -2.4984e-13 2.5801e-13 3.2013e-14 -8.0145e-14 -8.9112e-15 -1.0119e-14
2.8896e-12 8.837e-13 9.414e-12 3.6203e-12 4.1864e-12 5.2428e-12 4.6046e-12 7.9087e-12 3.5932e-12 3.6067e-12 3.0164e-12 4.4205e-12 6.0965e-12 4.7004e-12 1.0406e-12 4.837e-12 2.4143e-12 1.5224e-12 8.5632e-13 2.7985e-12 1.1041e-12 3.0936e-12 -5.4391e-14 1.9173e-12 2.0442e-12 4.8773e-12 2.4178e-12 1.301e-11 1.6921e-12 2.1124e-12 2.3443e-12 1.3862e-12 1.8403e-13 4.9874e-13 2.0483e-12 1.0037e-12 2.2247e-12 -4.6453e-13 5.5425e-13 -2.325e-12 1.284e-12 5.1854e-13 1.4491e-12 5.1262e-13 1.9949e-12 2.0696e-12 -1.2547e-12 2.2646e-13 8.3002e-13 2.0445e-13 9.2006e-14 2.0971e-12 -9.672e-13 6.8588e-13 -1.6704e-12 2.1716e-13 9.5509e-13 -8.8451e-13 -2.5413e-13 -2.6234e-13 -1.8651e-13 4.4369e-14 -5.1438e-14 -8.0299e-14 7.0884e-16 1.5292e-15
-1.584e-13 2.365e-12 4.037e-12 -4.5431e-12 3.8836e-12 4.5446e-12 4.1102e-12 1.3627e-12 -9.7204e-13 8.1252e-13 3.0372e-12 4.1574e-13 3.9148e-13 1.6249e-12 7.5349e-12 2.7448e-12 3.5906e-12 4.4647e-12 1.76e-12 -4.5308e-12 -4.9937e-13 1.399e-12 2.7858e-12 1.9887e-12 1.0548e-12 -2.8275e-13 4.3331e-13 1.6921e-12 1.2688e-11 -1.7354e-12 -4.4862e-13 -1.1852e-12 -2.145e-13 3.4453e-12 -7.211e-13 -1.6701e-12 2.1067e-12 -8.6514e-13 2.5307e-13 1.185e-12 -1.9346e-12 -3.8036e-13 1.1578e-12 -9.5095e-13 4.3407e-13 1.4974e-12 -8.4644e-13 -5.7062e-13 5.4657e-13 9.072e-13 1.751e-12 -1.4921e-12 -1.646e-12 2.441e-13 -5.2831e-13 -5.2858e-13 -9.1077e-13 -5.1173e-13 1.892e-13 -5.8549e-14 -3.4589e-13 -1.9106e-13 -7.6679e-14 3.1102e-14 8.3652e-15 -8.9662e-15
-1.2473e-12 -2.503e-13 2.0467e-12 5.1571e-12 -5.3619e-13 1.0292e-12 1.0835e-12 3.0856e-12 4.1893e-12 5.4341e-12 4.3275e-12 3.1334e-12 3.1792e-12 3.3041e-12 -1.2405e-12 6.9204e-12 3.7024e-12 1.7465e-12 5.1565e-13 2.7159e-12 8.2261e-13 -1.4521e-12 2.1264e-12 6.1442e-13 1.8742e-12 -6.4391e-13 -9.6289e-13 2.1124e-12 -1.7354e-12 9.2699e-12 9.7389e-13 -3.4929e-13 1.425e-13 6.2164e-13 4.8587e-13 5.541e-13 4.689e-13 4.104e-13 2.5544e-13 8.9063e-13 1.0022e-15 3.052e-14 -9.5298e-13 2.8143e-13 -9.0435e-13 -1.383e-12 -4.7226e-13 -2.2764e-13 -1.1097e-12 7.0287e-14 -1.3722e-13 1.8356e-12 -9.002e-13 -9.9808e-13 1.6148e-13 -5.8813e-13 6.6216e-13 8.0273e-13 3.527e-13 6.6336e-14 -3.544e-13 -2.0575e-13 -5.1537e-15 1.4914e-14 -1.2418e-14 5.7271e-15
1.815e-12 -5.5988e-13 2.1813e-12 2.8465e-13 1.29e-12 -3.539e-12 -2.9173e-12 3.3548e-12 4.1776e-12 5.6111e-13 7.4722e-12 9.5781e-14 1.9674e-13 2.9481e-12 9.1171e-13 2.1247e-12 1.131e-12 1.8606e-12 -1.5563e-12 6.0449e-12 -1.9095e-12 -9.7484e-13 -1.3612e-12 1.1074e-13 4.6389e-12 2.7441e-12 -5.1721e-13 2.3443e-12 -4.4862e-13 9.7389e-13 1.0432e-11 -4.431e-13 -1.1285e-13 1.5407e-12 1.0287e-12 1.0319e-13 2.4828e-13 -3.5111e-13 9.3505e-14 -4.0326e-13 9.9986e-13 -2.9158e-13 7.6808e-13 1.2162e-12 1.126e-12 -7.7668e-14 -7.3618e-13 1.3183e-13 -2.8922e-13 -1.5566e-12 2.4177e-13 7.5296e-13 6.6962e-13 6.2821e-13 6.1167e-14 5.8056e-13 -8.9127e-14 2.5245e-13 -3.7145e-13 -1.9253e-13 2.6799e-13 -3.2173e-14 -2.3558e-13 -3.0467e-14 1.6616e-14 2.4437e-15
-3.7381e-14 2.3612e-12 9.8381e-13 5.0381e-13 1.2095e-12 2.8905e-12 3.9067e-12 -8.0905e-13 -7.5643e-13 2.5952e-12 -1.4345e-12 -9.069e-13 -1.9936e-12 2.3979e-12 -3.1229e-12 1.5931e-12 -1.0757e-12 -3.6936e-12 -4.1762e-13 -1.6848e-12 -2.231e-13 4.6667e-13 5.4048e-13 -9.6024e-13 1.1762e-13 2.4524e-13 2.5643e-13 1.3862e-12 -1.1852e-12 -3.4929e-13 -4.431e-13 8.8224e-12 -1.1364e-12 -7.9e-13 3.5762e-13 -7.9857e-13 -7.269e-13 7.5143e-13 6.9762e-14 -1.0438e-12 -1.8219e-12 3.4393e-12 2.6055e-12 -2.1381e-13 1.1587e-12 1.472e-12 -2.5329e-13 1.4201e-12 5.0938e-13 -4.6893e-13 2.489e-13 -8.55e-14 -3.1462e-13 6.52e-13 4.7526e-13 3.7676e-13 8.479e-13 1.5474e-13 -3.0137e-13 -2.9821e-13 1.2412e-13 -6.081e-14 -1.7379e-13 -5.6067e-14 -1.5017e-15 9.74e-15
2.2733e-12 2.0622e-12 3.8629e-12 3.6678e-12 1.8626e-12 1.867e-12 2.117e-12 4.2052e-12 3.0509e-13 1.7894e-12 2.6425e-12 -2.5662e-13 2.6433e-12 -2.7314e-12 2.1629e-12 -4.8805e-13 3.4924e-12 -1.1357e-13 -4.0925e-14 3.8832e-12 -3.5525e-13 2.452e-12 1.3493e-12 2.6473e-12 2.8741e-13 -8.7528e-13 -1.9481e-12 1.8403e-13 -2.145e-13 1.425e-13 -1.1285e-13 -1.1364e-12 5.839e-12 8.8746e-13 9.3693e-14 5.1043e-13 7.2669e-13 -7.6654e-13 1.4469e-12 -5.0055e-15 1.9271e-12 -3.8827e-13 -1.2205e-12 6.8643e-13 1.0675e-12 -3.6353e-13 -4.2212e-13 -1.1966e-12 7.546e-13 -3.9427e-14 -3.0044e-13 2.7139e-13 -4.8711e-13 -6.0729e-13 4.2048e-14 -2.1074e-13 -2.8866e-13 -2.6387e-13 -1.7943e-13 9.3695e-14 -1.3622e-13 1.5402e-13 6.8697e-15 3.6365e-14 1.6413e-15 4.1737e-15
7.3519e-12 7.98e-12 -1.6976e-12 7.7774e-13 2.9617e-12 6.1664e-12 4.6292e-12 4.2954e-12 -3.2788e-12 2.8319e-12 -1.936e-12 3.8943e-12 1.1739e-12 1.2536e-12 5.6273e-12 4.0122e-12 5.9841e-12 5.0195e-12 2.1052e-12 -7.6146e-14 5.3133e-12 3.9741e-13 3.4534e-12 2.984e-12 1.1869e-12 2.2916e-12 -7.6736e-13 4.9874e-13 3.4453e-12 6.2164e-13 1.5407e-12 -7.9e-13 8.8746e-13 1.3016e-11 5.0569e-13 1.1393e-12 1.5192e-13 2.7402e-13 6.1836e-13 -1.2559e-12 1.9997e-13 9.2907e-14 1.9398e-12 1.5533e-12 1.6842e-12 -3.1843e-13 -7.8598e-13 -5.5539e-14 -2.9872e-13 -1.3388e-12 -7.5139e-13 4.4405e-13 -8.4295e-13 2.2544e-13 9.6926e-13 -6.4392e-14 -1.2623e-13 -7.9352e-14 3.9454e-13 -6.197e-14 -2.934e-13 1.8833e-13 -1.1111e-13 1.2051e-13 -1.7713e-14 6.6804e-15
3.6273e-13 -1.7729e-12 -1.3842e-12 2.153e-12 1.3912e-12 5.1302e-13 3.6923e-12 -2.033e-12 2.7219e-12 5.3103e-13 1.2032e-12 -2.3038e-12 1.5335e-12 1.9362e-12 -1.9633e-12 1.0876e-12 1.3939e-12 4.487e-12 3.6342e-12 9.5446e-13 -1.5487e-14 2.5698e-13 -1.8741e-12 -5.2503e-12 -1.5253e-12 3.6028e-12 -8.8289e-13 2.0483e-12 -7.211e-13 4.8587e-13 1.0287e-12 3.5762e-13 9.3693e-14 5.0569e-13 8.368e-12 8.7338e-13 -1.5406e-12 2.0066e-12 7.7425e-13 -8.0794e-13 4.3957e-13 2.1781e-12 -9.8251e-13 9.1762e-13 5.2579e-13 7.6942e-13 9.8239e-13 1.1174e-13 -4.7667e-13 -1.8258e-12 4.5751e-13 6.025e-13 -6.1634e-13 -3.1984e-13 -1.2906e-12 -2.2446e-13 4.7497e-13 -6.933e-14 1.8367e-13 1.9282e-13 -5.3247e-13 -8.9293e-14 -6.6594e-14 5.7553e-15 -1.5735e-14 5.7979e-15
4.2575e-12 -1.8735e-12 -5.2595e-13 2.8685e-12 3.7538e-12 -5.8638e-13 5.788e-13 1.3429e-12 -4.6283e-13 1.868e-12 3.7606e-13 -1.6522e-12 3.827e-12 1.6646e-12 -7.925e-13 8.6556e-13 1.8626e-12 5.451e-13 7.6097e-13 1.3837e-12 1.548e-12 3.5495e-13 -6.0203e-13 -5.7498e-13 1.411e-12 2.6502e-13 1.4562e-12 1.0037e-12 -1.6701e-12 5.541e-13 1.0319e-13 -7.9857e-13 5.1043e-13 1.1393e-12 8.7338e-13 4.603e-12 7.8897e-13 6.9815e-13 2.5386e-13 -8.1772e-13 1.1611e-13 -4.5761e-13 1.2585e-13 2.1976e-13 8.9794e-13 1.2867e-12 7.0847e-13 -2.7763e-13 -4.6007e-13 -6.2184e-14 -5.41e-13 7.5954e-13 3.0032e-13 -2.7781e-13 2.425e-13 -4.6215e-13 4.1729e-14 -1.7226e-13 1.4331e-13 3.4247e-13 7.9559e-14 1.3751e-13 2.3654e-15 7.7575e-15 -1.3692e-14 3.0308e-15
3.858e-12 -7.0906e-13 6.0125e-12 1.7817e-12 -1.6571e-13 3.1549e-12 -1.5962e-12 2.7137e-12 -7.068e-13 -2.92e-13 -2.3352e-12 8.2885e-14 4.5903e-12 -1.7911e-12 4.259e-12 7.2204e-15 6.2702e-13 1.0754e-12 2.2495e-12 1.0209e-12 6.9848e-13 -8.7914e-13 2.4197e-13 5.9511e-13 1.2528e-12 -2.2313e-12 2.7759e-13 2.2247e-12 2.1067e-12 4.689e-13 2.4828e-13 -7.269e-13 7.2669e-13 1.5192e-13 -1.5406e-12 7.8897e-13 8.9703e-12 -1.9068e-12 1.7257e-12 -9.8995e-13 2.8087e-13 -6.4798e-13 -4.9721e-13 -3.2048e-13 4.8538e-15 5.3733e-13 -4.8411e-15 1.1802e-12 -2.8157e-13 9.976e-13 -5.7236e-13 -4.7926e-14 3.6292e-14 -1.673e-12 9.6381e-14 -5.6772e-13 -4.2013e-13 1.1358e-13 -2.1435e-13 -3.4871e-14 -3.6547e-13 -1.1938e-13 -2.7175e-13 -3.3018e-14 -1.8499e-15 3.7392e-15
-1.8254e-12 4.6851e-13 -4.3234e-13 -1.9279e-12 1.6252e-12 -1.1432e-12 1.1301e-12 -1.7715e-12 2.2897e-12 -1.2837e-12 1.1339e-12 -8.3306e-13 -4.3723e-13 2.1319e-12 -4.2879e-13 -1.7981e-13 -1.649e-12 1.3675e-13 2.328e-13 2.766e-13 -1.8501e-13 3.2103e-13 -5.0478e-13 -2.453e-12 -2.6768e-13 2.1013e-13 1.4669e-12 -4.6453e-13 -8.6514e-13 4.104e-13 -3.5111e-13 7.5143e-13 -7.6654e-13 2.7402e-13 2.0066e-12 6.9815e-13 -1.9068e-12 5.4275e-12 2.5925e-13 1.1547e-12 -5.6617e-14 7.1338e-13 8.9773e-13 1.2219e-12 1.7077e-13 9.0821e-14 4.0524e-13 2.5269e-13 -8.4584e-13 -4.5176e-13 -1.0967e-12 1.1181e-13 8.0985e-13 -4.8137e-13 1.6321e-13 1.8864e-13 3.2054e-13 1.5983e-13 -8.1745e-14 1.2171e-13 -3.046e-13 1.7818e-14 1.3702e-13 -3.4304e-14 -1.7367e-14 5.2551e-15
2.124e-12 -6.4295e-13 2.6587e-12 6.3671e-13 1.0621e-12 2.4729e-14 3.4561e-12 2.2907e-12 -8.128e-13 2.0046e-12 3.4953e-12 2.0368e-12 -3.2946e-13 -3.6716e-12 -2.3049e-12 3.809e-13 2.2911e-12 -5.1578e-13 2.4487e-12 4.881e-13 1.1023e-12 1.1122e-13 2.0066e-12 -1.1226e-12 -6.4081e-13 -1.6248e-12 3.5584e-13 5.5425e-13 2.5307e-13 2.5544e-13 9.3505e-14 6.9762e-14 1.4469e-12 6.1836e-13 7.7425e-13 2.5386e-13 1.7257e-12 2.5925e-13 6.2016e-12 1.3177e-12 1.2982e-13 7.1492e-13 6.4539e-13 8.6048e-13 9.3338e-13 3.9199e-13 -1.6808e-12 5.6025e-13 3.7186e-13 -5.9242e-13 -5.3317e-14 -3.1774e-14 4.1758e-13 -4.8412e-13 -1.2719e-13 1.5408e-13 1.264e-13 -1.6281e-13 -3.7604e-13 1.0045e-13 -3.8029e-13 -2.7612e-13 -8.1919e-14 4.1841e-14 -9.0796e-15 8.0796e-15
-3.3309e-12 -1.0732e-12 9.892e-13 -3.9304e-12 -1.7938e-12 -2.3837e-12 1.0092e-12 -3.6679e-12 4.035e-12 -2.2402e-12 4.8814e-12 -3.2126e-13 -1.7632e-12 -2.0357e-12 -2.0208e-12 -2.0997e-12 -1.507e-12 -1.2802e-13 6.4884e-14 9.2752e-14 -1.4255e-12 -4.8635e-13 1.345e-12 -2.2212e-12 -4.0369e-13 -9.8122e-13 2.2567e-12 -2.325e-12 1.185e-12 8.9063e-13 -4.0326e-13 -1.0438e-12 -5.0055e-15 -1.2559e-12 -8.0794e-13 -8.1772e-13 -9.8995e-13 1.1547e-12 1.3177e-12 6.9159e-12 -9.6581e-13 1.911e-13 -5.4736e-13 -6.0429e-13 -7.0642e-13 -6.2621e-13 -9.5711e-13 7.6739e-14 1.7882e-13 -2.9279e-13 1.7149e-13 -1.5104e-12 3.5564e-13 -1.0076e-13 -9.919e-14 -1.8656e-13 -1.3854e-13 3.9145e-13 4.4656e-14 1.1155e-13 1.5924e-13 -1.1742e-13 -1.0662e-13 7.2359e-14 -4.7098e-15 -6.762e-15
1.248e-12 1.1055e-12 1.8779e-12 4.1838e-14 -1.3619e-12 4.7029e-13 -3.076e-12 1.5848e-12 -1.1507e-12 -1.0262e-12 -1.252e-12 1.2871e-12 1.6292e-12 -1.9395e-12 -1.1215e-12 -2.6511e-12 -8.9042e-14 -6.8323e-13 -2.1893e-12 1.9992e-12 7.8987e-14 2.9019e-13 -7.4203e-13 6.7645e-13 8.5883e-13 2.7121e-13 -6.0542e-13 1.284e-12 -1.9346e-12 1.0022e-15 9.9986e-13 -1.8219e-12 1.9271e-12 1.9997e-13 4.3957e-13 1.1611e-13 2.8087e-13 -5.6617e-14 1.2982e-13 -9.6581e-13 4.8078e-12 -6.4476e-13 -1.4668e-12 1.8381e-13 2.212e-13 -2.0963e-14 -8.1577e-13 -4.8528e-13 1.3776e-13 -3.754e-13 -1.0378e-12 1.1439e-12 -1.1549e-13 -9.0829e-13 1.8074e-13 1.7321e-13 5.4991e-14 -1.6288e-13 1.7198e-13 2.1036e-13 -1.9769e-13 8.9052e-14 1.0743e-13 -2.3968e-14 -4.6509e-15 4.9023e-15
-2.4304e-12 9.1568e-13 9.4202e-13 2.6461e-12 4.1286e-13 6.4243e-13 6.4126e-12 -3.209e-12 8.2151e-13 1.1645e-12 -2.5627e-12 1.4025e-12 -1.6818e-13 4.2805e-12 -1.9252e-12 7.7428e-13 9.513e-13 1.8882e-12 1.3859e-12 -7.5279e-13 -1.7122e-13 1.335e-12 -8.9817e-14 -2.4537e-12 1.4826e-12 1.3241e-12 1.2094e-12 5.1854e-13 -3.8036e-13 3.052e-14 -2.9158e-13 3.4393e-12 -3.8827e-13 9.2907e-14 2.1781e-12 -4.5761e-13 -6.4798e-13 7.1338e-13 7.1492e-13 1.911e-13 -6.4476e-13 8.0539e-12 1.4441e-12 -5.4262e-13 2.3953e-12 4.1242e-14 -2.3129e-13 1.899e-12 -9.7009e-13 -1.3447e-12 -1.5498e-14 -2.0687e-13 -8.7853e-13 3.3317e-13 3.6167e-14 -3.9874e-13 9.6019e-13 8.5586e-14 -3.1086e-13 -3.5315e-14 -1.1737e-13 -1.7642e-13 -9.9798e-14 2.4826e-14 -1.5069e-14 1.3564e-14
1.6066e-12 7.1254e-13 4.145e-12 -1.8252e-12 1.5969e-12 2.0289e-12 2.1435e-12 1.2677e-12 -3.3123e-13 3.1489e-13 -4.4264e-14 1.9341e-12 -1.8457e-12 1.0342e-12 1.0763e-12 4.813e-12 1.1577e-12 7.6332e-13 2.5687e-12 -1.4732e-13 2.261e-12 8.7417e-13 9.9058e-13 2.5842e-12 7.706e-14 6.4821e-13 1.1992e-12 1.4491e-12 1.1578e-12 -9.5298e-13 7.6808e-13 2.6055e-12 -1.2205e-12 1.9398e-12 -9.8251e-13 1.2585e-13 -4.9721e-13 8.9773e-13 6.4539e-13 -5.4736e-13 -1.4668e-12 1.4441e-12 7.0238e-12 2.7619e-14 2.6209e-12 6.4195e-13 -9.9649e-13 2.1965e-12 6.7714e-13 -9.7158e-13 3.3759e-13 -2.0544e-13 -2.2193e-13 1.1583e-12 3.3364e-13 -3.1148e-13 3.0465e-13 -4.2433e-13 -1.5851e-13 -4.8465e-14 2.4173e-13 -2.7344e-13 8.8796e-14 -5.4645e-14 -2.4797e-15 1.0484e-14
1.815e-12 1.0271e-12 -1.8152e-12 -4.3357e-13 1.7857e-14 8.631e-13 4.8548e-13 3.2188e-12 2.1555e-12 -1.7714e-13 1.7421e-12 1.1624e-12 -1.246e-12 -4.2952e-13 9.1762e-13 -1.1071e-13 2.185e-12 -1.6579e-12 7.6762e-13 2.199e-12 1.1229e-12 2.7143e-13 1.0367e-12 1.9095e-13 2.9452e-13 3.4643e-13 -1.2379e-12 5.1262e-13 -9.5095e-13 2.8143e-13 1.2162e-12 -2.1381e-13 6.8643e-13 1.5533e-12 9.1762e-13 2.1976e-13 -3.2048e-13 1.2219e-12 8.6048e-13 -6.0429e-13 1.8381e-13 -5.4262e-13 2.7619e-14 3.7738e-12 4.2574e-13 -1.8431e-13 4.7452e-14 -5.7336e-13 -4.0131e-13 -3.9326e-13 5.5786e-14 2.5895e-13 4.8595e-13 -1.8643e-14 -1.7721e-13 -7.381e-14 -4.2976e-14 3.7535e-13 3.1786e-14 2.3714e-13 -1.2484e-14 -1.9913e-14 -1.2549e-13 1.0597e-14 2.4154e-16 5.2651e-15
5.2052e-13 2.6015e-13 -9.9939e-13 1.5874e-12 2.0896e-12 3.6338e-12 3.0234e-12 1.0287e-12 -4.8855e-13 9.2959e-13 -1.6923e-12 9.2827e-13 2.3979e-12 1.2553e-12 4.7942e-13 2.1756e-12 2.995e-12 9.247e-13 1.6442e-12 8.7251e-13 7.8701e-13 1.9907e-12 2.906e-13 3.1529e-12 9.1639e-13 2.9728e-12 1.4495e-12 1.9949e-12 4.3407e-13 -9.0435e-13 1.126e-12 1.1587e-12 1.0675e-12 1.6842e-12 5.2579e-13 8.9794e-13 4.8538e-15 1.7077e-13 9.3338e-13 -7.0642e-13 2.212e-13 2.3953e-12 2.6209e-12 4.2574e-13 5.7966e-12 3.3982e-13 -1.7846e-12 8.3774e-13 -2.0273e-14 -1.3808e-12 -8.9417e-14 7.3552e-13 -4.6008e-13 6.8234e-13 1.2633e-13 -3.821e-13 1.5254e-13 -5.7734e-13 -3.3481e-13 3.0979e-13 -7.1815e-14 -2.9815e-14 -8.2718e-14 -3.9463e-14 -7.8277e-15 7.1659e-15
-3.7669e-14 8.7968e-14 1.9706e-12 9.1067e-13 3.3027e-12 -1.2108e-14 4.9754e-14 9.2015e-13 5.9709e-13 -1.5356e-13 -4.3283e-14 -2.0064e-12 1.0896e-12 -9.6336e-13 4.0047e-13 -1.7282e-13 2.0444e-12 1.3791e-12 -3.8237e-13 -5.7446e-14 6.2874e-13 1.1183e-12 -1.4122e-12 -7.3837e-13 1.4581e-12 -5.7573e-13 1.2798e-12 2.0696e-12 1.4974e-12 -1.383e-12 -7.7668e-14 1.472e-12 -3.6353e-13 -3.1843e-13 7.6942e-13 1.2867e-12 5.3733e-13 9.0821e-14 3.9199e-13 -6.2621e-13 -2.0963e-14 4.1242e-14 6.4195e-13 -1.8431e-13 3.3982e-13 4.8301e-12 1.4967e-12 1.4093e-12 5.2234e-13 4.079e-13 7.1636e-13 -4.0564e-13 5.1937e-13 -2.4305e-13 2.0743e-13 2.4197e-14 3.0317e-13 -1.9724e-13 1.0609e-13 -4.5264e-14 1.2051e-14 9.9299e-14 -1.0985e-13 1.2806e-14 -6.4861e-16 1.7604e-15
-2.4157e-12 -1.5099e-12 2.9329e-13 7.1374e-14 -7.1607e-13 -3.4331e-12 -1.0507e-12 -6.0633e-13 2.338e-12 -1.7981e-12 -2.802e-12 -1.6671e-12 -8.7446e-13 -9.1371e-13 2.6544e-12 -8.7911e-13 -1.1372e-12 5.8939e-14 -1.4296e-12 1.4447e-12 -2.2217e-12 -9.8339e-13 -2.6662e-12 -1.1188e-12 -6.41e-13 -2.2517e-12 -1.6176e-12 -1.2547e-12 -8.4644e-13 -4.7226e-13 -7.3618e-13 -2.5329e-13 -4.2212e-13 -7.8598e-13 9.8239e-13 7.0847e-13 -4.8411e-15 4.0524e-13 -1.6808e-12 -9.5711e-13 -8.1577e-13 -2.3129e-13 -9.9649e-13 4.7452e-14 -1.7846e-12 1.4967e-12 5.6335e-12 7.3159e-13 -4.8608e-13 5.5565e-13 -2.0598e-13 -1.05e-12 8.112e-13 -1.1751e-12 2.2593e-13 -4.4052e-13 1.3572e-13 2.5932e-14 1.8579e-13 -2.7575e-13 3.0027e-13 -3.5728e-14 8.9973e-14 6.764e-14 7.2863e-15 -1.3839e-15
-9.102e-13 1.0764e-13 1.5722e-12 1.3421e-13 -1.8496e-12 -1.407e-12 -4.75e-13 -1.6855e-12 5.2303e-13 1.0938e-12 -2.7674e-12 2.6822e-12 -1.6689e-12 4.0059e-13 1.6223e-12 8.5304e-13 -6.1085e-14 1.5977e-12 3.8666e-13 3.5631e-13 5.6886e-13 -8.4155e-13 3.0291e-13 -5.7921e-14 7.3288e-13 3.2465e-13 1.1638e-12 2.2646e-13 -5.7062e-13 -2.2764e-13 1.3183e-13 1.4201e-12 -1.1966e-12 -5.5539e-14 1.1174e-13 -2.7763e-13 1.1802e-12 2.5269e-13 5.6025e-13 7.6739e-14 -4.8528e-13 1.899e-12 2.1965e-12 -5.7336e-13 8.3774e-13 1.4093e-12 7.3159e-13 4.5241e-12 1.2587e-13 -9.3712e-14 -1.3824e-13 -6.9183e-13 1.0519e-12 -4.7078e-13 5.4807e-13 -3.6696e-13 4.5324e-13 1.8991e-13 -1.9239e-13 1.4608e-13 9.3442e-14 8.7845e-14 -5.4137e-15 -2.6369e-14 -8.0741e-15 4.453e-15
7.2517e-13 1.0295e-13 1.3865e-12 -4.7835e-13 -2.4388e-13 -6.5462e-13 -1.6725e-13 5.229e-13 -1.9311e-12 -4.0021e-14 7.0774e-13 2.6169e-13 -5.5802e-13 -3.8577e-12 8.2801e-13 -3.4473e-13 -4.2952e-13 -8.8872e-13 -2.7112e-13 -2.3614e-13 2.069e-13 3.6067e-13 3.7699e-13 1.1826e-12 -2.1959e-12 -4.0837e-13 -5.026e-14 8.3002e-13 5.4657e-13 -1.1097e-12 -2.8922e-13 5.0938e-13 7.546e-13 -2.9872e-13 -4.7667e-13 -4.6007e-13 -2.8157e-13 -8.4584e-13 3.7186e-13 1.7882e-13 1.3776e-13 -9.7009e-13 6.7714e-13 -4.0131e-13 -2.0273e-14 5.2234e-13 -4.8608e-13 1.2587e-13 1.8668e-12 5.62e-13 3.1321e-13 -4.3304e-13 7.7145e-14 5.1509e-13 -3.8527e-13 3.1742e-13 -9.0335e-14 -3.8982e-13 1.4378e-13 -1.0301e-13 1.6298e-13 -7.5149e-14 -6.1781e-15 9.1396e-15 6.2157e-15 -2.5829e-15
9.0204e-13 1.3885e-12 1.9994e-12 4.2775e-13 5.5719e-13 9.9192e-14 -1.4346e-12 -4.8366e-13 -8.9765e-13 -9.8491e-13 7.4648e-14 1.8918e-12 6.8283e-13 -1.3652e-13 -4.4239e-13 -1.4843e-13 -4.2497e-13 8.9883e-14 2.438e-13 -1.0222e-12 -1.0563e-13 -2.57e-13 -6.3537e-14 -6.408e-13 6.2318e-13 -3.0469e-12 9.6741e-13 2.0445e-13 9.072e-13 7.0287e-14 -1.5566e-12 -4.6893e-13 -3.9427e-14 -1.3388e-12 -1.8258e-12 -6.2184e-14 9.976e-13 -4.5176e-13 -5.9242e-13 -2.9279e-13 -3.754e-13 -1.3447e-12 -9.7158e-13 -3.9326e-13 -1.3808e-12 4.079e-13 5.5565e-13 -9.3712e-14 5.62e-13 3.3665e-12 -4.4371e-13 1.6759e-13 4.4634e-13 -1.6569e-13 -1.4707e-13 3.5413e-13 -6.5703e-13 1.7134e-13 1.5606e-13 -1.3425e-13 -1.1975e-13 1.3481e-13 9.948e-14 -2.6205e-14 4.5381e-15 -4.4947e-15
-1.8367e-12 -1.7735e-12 -1.7307e-12 -8.8681e-13 7.0176e-13 -3.6277e-13 1.214e-12 -4.1733e-13 4.3446e-13 -6.8396e-14 2.2279e-12 -1.3152e-12 -1.2914e-12 -9.6346e-13 1.7927e-12 3.3424e-13 1.3643e-12 2.8989e-13 5.307e-13 -9.4463e-13 1.8036e-13 -9.9301e-14 1.6897e-12 1.6915e-13 3.4644e-13 7.5848e-13 -8.3513e-13 9.2006e-14 1.751e-12 -1.3722e-13 2.4177e-13 2.489e-13 -3.0044e-13 -7.5139e-13 4.5751e-13 -5.41e-13 -5.7236e-13 -1.0967e-12 -5.3317e-14 1.7149e-13 -1.0378e-12 -1.5498e-14 3.3759e-13 5.5786e-14 -8.9417e-14 7.1636e-13 -2.0598e-13 -1.3824e-13 3.1321e-13 -4.4371e-13 2.3616e-12 -3.0153e-13 -3.1724e-13 4.8778e-13 -4.4578e-13 -1.6657e-13 1.5242e-13 -9.0561e-14 -6.408e-14 -8.8982e-14 8.6814e-14 3.9748e-14 -7.7567e-14 5.5262e-14 3.3889e-15 -2.9362e-15
9.1534e-13 3.1065e-13 5.8108e-13 3.0496e-12 -8.5148e-13 1.4942e-12 -7.8316e-13 1.6319e-12 -1.1081e-12 1.1522e-12 9.7706e-13 4.5851e-13 2.3466e-12 2.3582e-12 -1.6557e-12 1.2984e-12 1.0286e-12 -3.1049e-13 1.147e-13 7.0967e-13 7.6224e-13 8.6044e-14 -9.9606e-13 7e-13 1.029e-12 8.491e-13 -1.4798e-14 2.0971e-12 -1.4921e-12 1.8356e-12 7.5296e-13 -8.55e-14 2.7139e-13 4.4405e-13 6.025e-13 7.5954e-13 -4.7926e-14 1.1181e-13 -3.1774e-14 -1.5104e-12 1.1439e-12 -2.0687e-13 -2.0544e-13 2.5895e-13 7.3552e-13 -4.0564e-13 -1.05e-12 -6.9183e-13 -4.3304e-13 1.6759e-13 -3.0153e-13 2.5118e-12 -6.3316e-13 -1.3185e-13 -2.8169e-13 2.2069e-13 2.9366e-13 1.2397e-13 -7.6077e-14 -5.6715e-14 -3.6239e-13 1.1721e-13 1.0099e-13 -1.6553e-14 -6.1212e-15 7.584e-15
-2.6824e-13 -1.2877e-12 -1.7705e-12 -1.3339e-12 -6.4671e-13 -3.2883e-12 -1.1662e-12 -1.4798e-12 -8.9238e-13 -1.3516e-12 -9.165e-13 -1.6467e-12 -1.538e-12 -1.1124e-12 -6.6035e-13 -1.2988e-12 -1.3149e-12 -1.2077e-12 -1.0934e-12 2.1613e-14 -8.2691e-13 -7.2889e-13 -1.2102e-12 -1.1149e-12 -1.3431e-12 -9.9639e-13 3.7153e-13 -9.672e-13 -1.646e-12 -9.002e-13 6.6962e-13 -3.1462e-13 -4.8711e-13 -8.4295e-13 -6.1634e-13 3.0032e-13 3.6292e-14 8.0985e-13 4.1758e-13 3.5564e-13 -1.1549e-13 -8.7853e-13 -2.2193e-13 4.8595e-13 -4.6008e-13 5.1937e-13 8.112e-13 1.0519e-12 7.7145e-14 4.4634e-13 -3.1724e-13 -6.3316e-13 2.3991e-12 -2.0103e-13 2.6926e-13 -1.0003e-13 3.4884e-13 1.613e-13 -6.2423e-14 1.5501e-13 1.3828e-13 6.7947e-14 -6.4375e-14 -2.973e-15 -1.7557e-15 -2.3578e-15
