1.8773e-10 1.5635e-10 1.5225e-10 1.3419e-10 1.4019e-10 1.3296e-10 1.5248e-10 1.0035e-10 1.3091e-10 9.7292e-11 1.5599e-10 1.1851e-10 1.1087e-10 1.0485e-10 1.0213e-10 9.0946e-11 9.4324e-11 1.0403e-10 6.8539e-11 7.5969e-11 5.6739e-11 7.2846e-11 8.0401e-11 5.2907e-11 7.3726e-11 4.5121e-11 4.3969e-11 5.9307e-11 4.665e-11 5.9104e-11 3.277e-11 3.253e-11 3.2305e-11 2.6681e-11 4.4423e-11 2.9314e-11 3.4124e-11 1.7768e-11 1.3381e-11 1.3345e-11 7.9384e-12 1.5277e-11 -5.7962e-12 -1.1341e-11 1.0865e-11 -3.121e-12 -5.725e-12 -8.7338e-12 2.314e-13 -1.0935e-11 -1.5177e-11 -1.5861e-11 4.0693e-13 -1.4841e-11 3.2221e-12 -4.1128e-12 -7.4252e-12 -5.859e-12 -6.0016e-12 -7.5383e-12 1.7819e-12 -1.1076e-11 -7.7352e-12 5.259e-13 3.5492e-12 -3.9498e-12 -1.8804e-14 -1.8031e-12 -9.3649e-14 4.0545e-12 -6.1032e-13 -1.5651e-13 -7.5588e-13 3.7924e-12 -9.0096e-12 -5.6814e-12 -3.1355e-12 -3.3142e-12 1.2413e-11 -5.2345e-13 1.1128e-12 4.4223e-12 -2.9946e-12 -2.0354e-12 -3.2127e-12 3.0028e-12 5.7901e-13 -6.0056e-12 -1.3011e-12 -4.5412e-12 5.2563e-12 3.5053e-12 1.5171e-12 -8.9329e-13 1.5629e-12 1.8952e-13 -2.5965e-13 7.4992e-13 -1.8956e-13 1.8196e-13 -7.6648e-14 1.3464e-13
1.5635e-10 1.6042e-10 1.3911e-10 1.1539e-10 1.2967e-10 1.2278e-10 1.4701e-10 8.5302e-11 1.2622e-10 8.5794e-11 1.4397e-10 1.0835e-10 1.0411e-10 9.1271e-11 9.8491e-11 8.1628e-11 8.4017e-11 8.9811e-11 6.5012e-11 6.4411e-11 5.24e-11 6.6982e-11 6.4361e-11 4.8407e-11 6.0546e-11 4.2e-11 3.865e-11 5.1289e-11 4.4137e-11 5.3459e-11 3.3218e-11 2.3223e-11 2.9796e-11 3.0478e-11 4.3205e-11 2.2794e-11 3.238e-11 1.8694e-11 9.8351e-12 -9.8829e-13 9.848e-12 7.4471e-12 -7.3088e-12 -9.334e-12 1.0206e-11 -6.2303e-12 -3.4424e-12 -1.0013e-11 5.6264e-12 -2.232e-12 -1.8575e-11 -1.4794e-11 -4.3563e-12 -1.2301e-11 2.444e-12 -4.5245e-12 -8.5535e-12 -2.7921e-12 -8.8998e-12 -8.1969e-12 2.4458e-12 -8.7141e-12 -1.1898e-11 -5.0014e-12 4.5677e-12 -2.3207e-12 3.8076e-13 -3.2211e-12 5.2224e-13 4.0577e-12 3.8058e-12 1.4846e-12 -1.0959e-12 1.4616e-12 -3.9335e-12 -2.4994e-12 -1.5978e-12 6.4e-13 9.9103e-12 -1.8882e-12 -4.6994e-13 5.0874e-12 -1.4288e-12 -1.222e-12 -8.8754e-13 2.8701e-12 2.002e-12 -3.2633e-12 -9.0329e-13 -2.4507e-12 3.8848e-12 2.6191e-12 2.2959e-12 -1.2821e-12 1.393e-12 6.367e-14 -4.1586e-14 7.2597e-13 -1.6001e-13 1.9901e-13 -6.5788e-14 1.366e-13
1.5225e-10 1.3911e-10 1.5836e-10 1.2086e-10 1.2195e-10 1.2552e-10 1.4315e-10 8.5816e-11 1.2003e-10 8.7315e-11 1.3849e-10 9.1357e-11 9.8061e-11 9.1047e-11 8.7537e-11 8.0201e-11 8.6738e-11 9.1856e-11 6.6863e-11 6.9662e-11 5.3751e-11 6.7509e-11 6.5322e-11 5.2495e-11 6.7725e-11 4.4582e-11 4.2041e-11 4.8467e-11 4.3949e-11 5.0918e-11 3.5513e-11 2.698e-11 3.2606e-11 2.9924e-11 3.7319e-11 2.3613e-11 3.276e-11 1.3814e-11 1.621e-11 1.0636e-11 3.2236e-12 1.2977e-11 1.7783e-12 -1.1901e-11 1.3284e-11 -5.3492e-12 -3.3834e-12 -7.3679e-12 2.7789e-12 -4.6905e-12 -1.5413e-11 -1.2005e-11 -9.6675e-12 -1.5573e-11 6.3757e-12 -6.1285e-13 -8.9411e-12 -3.8919e-12 -1.0319e-11 -8.7631e-12 2.1657e-12 -8.4322e-12 -8.2876e-12 3.1608e-12 4.3812e-12 -5.1023e-12 -3.3413e-12 -4.7284e-12 9.4932e-13 1.7803e-12 -4.5078e-13 -1.1512e-12 2.4058e-13 5.6899e-13 -7.7191e-12 -5.7891e-12 -2.8379e-12 -3.5232e-12 1.1198e-11 -1.8034e-12 -7.1307e-13 4.5292e-12 -2.3165e-12 1.1875e-12 -3.2309e-12 2.8405e-12 7.7724e-13 -3.7662e-12 -2.5746e-14 -3.989e-12 2.6993e-12 2.7892e-12 1.1022e-12 -1.27e-12 5.7226e-13 2.5292e-13 -1.0356e-13 5.6024e-13 -1.8413e-13 1.8187e-13 -1.3185e-13 6.4507e-14
1.3419e-10 1.1539e-10 1.2086e-10 1.2047e-10 1.1089e-10 1.0496e-10 1.2464e-10 7.8186e-11 1.0284e-10 7.5876e-11 1.1964e-10 8.9392e-11 8.95e-11 8.0497e-11 7.8914e-11 7.1536e-11 7.086e-11 7.7873e-11 5.4829e-11 5.6653e-11 4.3009e-11 5.7701e-11 6.1854e-11 4.147e-11 5.6597e-11 3.7722e-11 3.5319e-11 4.4839e-11 3.8202e-11 4.6429e-11 2.3239e-11 2.1559e-11 2.4975e-11 2.1596e-11 3.2004e-11 2.537e-11 2.9825e-11 1.0648e-11 1.1128e-11 8.03e-12 6.5238e-12 1.2052e-11 -1.3378e-12 -1.2798e-11 8.2826e-12 -4.4572e-12 -7.4456e-12 -1.2819e-12 4.6157e-13 -4.9865e-12 -1.4507e-11 -1.3624e-11 -3.5378e-12 -1.3555e-11 2.3655e-12 -1.6074e-12 -2.4605e-12 -5.7895e-12 -3.286e-12 -4.7825e-12 2.778e-12 -3.8586e-12 -5.1118e-12 -2.6894e-12 5.3258e-12 -4.5833e-12 -2.6845e-12 -4.0723e-12 2.0231e-12 -4.8483e-13 -2.0226e-12 -9.688e-13 4.9736e-13 2.3309e-12 -7.0979e-12 -4.7086e-12 -1.463e-12 -2.9365e-12 7.9564e-12 2.5743e-13 7.9026e-13 4.9482e-12 -3.6661e-13 -2.0085e-12 -4.2259e-12 1.5709e-12 6.1895e-13 -3.7462e-12 -2.1322e-12 -2.9402e-12 3.766e-12 1.7628e-12 7.7528e-13 -7.2037e-13 1.7383e-12 -6.7816e-14 2.9161e-13 2.7806e-13 2.0737e-15 1.6743e-13 -1.2073e-13 7.8771e-14
1.4019e-10 1.2967e-10 1.2195e-10 1.1089e-10 1.3007e-10 1.111e-10 1.2611e-10 8.1264e-11 1.0597e-10 8.1781e-11 1.2958e-10 9.8652e-11 9.0243e-11 8.3314e-11 7.9894e-11 7.254e-11 7.4165e-11 8.5295e-11 5.7938e-11 5.8335e-11 4.3695e-11 6.009e-11 5.8175e-11 4.809e-11 5.6915e-11 3.477e-11 3.6001e-11 4.3713e-11 4.2134e-11 4.6455e-11 2.6193e-11 2.7546e-11 2.1873e-11 2.0437e-11 3.6911e-11 2.0117e-11 3.1294e-11 1.3574e-11 8.5619e-12 -3.2188e-13 8.094e-12 6.6554e-12 -2.2331e-12 -8.2971e-12 8.3362e-12 -8.2248e-12 -2.6936e-12 -4.7305e-12 2.5277e-12 -2.5e-12 -1.6578e-11 -1.168e-11 -2.3806e-12 -1.2552e-11 2.3881e-12 -2.73e-13 -1.9509e-12 -6.3895e-12 -5.2187e-12 -5.1981e-12 -1.5812e-12 -1.1304e-11 -4.1219e-12 -3.8074e-12 2.7976e-12 -2.8117e-12 7.8646e-13 -3.1978e-12 3.2522e-12 4.4775e-13 -1.4764e-12 9.139e-13 6.5084e-13 4.8817e-12 -5.9216e-12 -4.7299e-12 -1.427e-12 -3.6763e-13 9.4477e-12 -1.0768e-12 4.9056e-13 6.1427e-12 -1.5846e-12 4.2313e-13 -2.3158e-12 2.8183e-12 8.0707e-13 -2.1633e-12 -1.1178e-12 -1.6828e-12 3.6938e-12 2.7288e-12 1.4793e-12 -9.5643e-13 1.2341e-12 -4.0336e-13 1.2836e-14 1.7168e-13 -1.3756e-14 1.1765e-13 -1.2525e-13 1.0123e-13
1.3296e-10 1.2278e-10 1.2552e-10 1.0496e-10 1.111e-10 1.2248e-10 1.2533e-10 7.7112e-11 1.054e-10 7.8001e-11 1.2414e-10 8.5699e-11 8.669e-11 8.3063e-11 7.8131e-11 7.2377e-11 6.8213e-11 8.1896e-11 5.4288e-11 5.8499e-11 5.013e-11 5.9819e-11 5.3141e-11 4.3909e-11 5.7023e-11 3.5557e-11 3.1479e-11 4.1415e-11 4.1539e-11 4.838e-11 3.4191e-11 2.1812e-11 2.0559e-11 2.8662e-11 4.0831e-11 2.6246e-11 2.5637e-11 1.4821e-11 1.5229e-11 3.272e-12 7.4939e-12 7.3641e-12 -4.6983e-12 -9.227e-12 6.9137e-12 -5.5195e-12 -4.6926e-12 -2.4779e-12 1.6979e-12 -5.0839e-12 -1.8031e-11 -1.0226e-11 -5.4545e-12 -1.1179e-11 2.0833e-12 -1.8888e-12 -5.7311e-12 -4.2162e-12 -4.829e-12 -5.9657e-12 -8.8181e-13 -9.0217e-12 -5.5049e-12 3.6991e-13 3.3485e-12 -2.5153e-12 -3.2839e-12 -2.8531e-12 9.4337e-13 1.3491e-12 2.0768e-12 -5.9687e-13 3.1048e-12 3.4589e-12 -6.7127e-12 -4.0115e-12 -2.6821e-12 -3.0155e-12 8.4853e-12 -2.5455e-12 -4.7371e-13 5.696e-12 5.8161e-14 -1.6825e-12 -2.1869e-12 2.3868e-12 1.3829e-12 -3.8642e-12 -3.6691e-13 -2.64e-12 3.6739e-12 2.477e-12 8.1244e-13 -1.4719e-12 5.4423e-13 3.4494e-13 -9.5052e-14 3.9092e-13 -1.7218e-13 2.125e-13 -9.287e-14 9.5758e-14
1.5248e-10 1.4701e-10 1.4315e-10 1.2464e-10 1.2611e-10 1.2533e-10 1.6536e-10 8.6871e-11 1.3108e-10 8.8119e-11 1.3325e-10 1.0467e-10 1.0238e-10 9.2585e-11 1.0273e-10 8.3014e-11 8.5174e-11 9.0312e-11 6.6089e-11 6.4815e-11 5.3891e-11 6.945e-11 7.4238e-11 4.8998e-11 5.7938e-11 4.5268e-11 4.6126e-11 5.3669e-11 4.7763e-11 4.9873e-11 3.442e-11 2.1941e-11 2.9452e-11 3.7262e-11 3.7964e-11 2.6899e-11 3.4591e-11 1.6916e-11 1.372e-11 7.7192e-12 1.061e-12 5.0659e-12 -2.8166e-12 -1.3747e-11 1.1295e-11 -5.8896e-12 -5.0155e-12 -5.5193e-12 1.4574e-12 -5.3235e-12 -2.1073e-11 -1.8471e-11 -6.1898e-12 -1.494e-11 4.9295e-12 -1.5828e-12 -5.8384e-12 -2.7721e-12 -7.6032e-12 -5.1279e-12 4.4383e-12 -1.0524e-11 -1.0213e-11 -5.0233e-12 6.6052e-12 -2.6484e-12 -3.6222e-13 -5.6759e-12 1.6763e-12 6.8293e-13 3.7824e-12 -1.2963e-13 -2.6339e-13 1.8829e-12 -3.5648e-12 -5.4808e-12 -2.1235e-12 -1.3266e-12 1.0875e-11 -2.3313e-12 -8.9222e-13 7.0446e-12 6.9658e-13 -2.4528e-12 -2.7428e-12 3.1644e-12 -5.7188e-13 -1.9618e-12 -4.3313e-13 -3.1197e-12 2.5922e-12 1.4441e-12 1.1329e-12 -1.7491e-12 1.2641e-12 -1.4505e-13 2.9536e-13 4.5469e-13 -2.8985e-13 2.022e-13 -6.4426e-14 1.3174e-13
1.0035e-10 8.5302e-11 8.5816e-11 7.8186e-11 8.1264e-11 7.7112e-11 8.6871e-11 7.3636e-11 7.5885e-11 5.6191e-11 8.8535e-11 6.4101e-11 6.8274e-11 6.2529e-11 5.6849e-11 5.5565e-11 4.9484e-11 5.7323e-11 4.2192e-11 4.0712e-11 3.0565e-11 4.973e-11 4.7605e-11 3.4342e-11 3.7313e-11 2.694e-11 2.3483e-11 2.834e-11 2.7009e-11 3.3876e-11 1.6932e-11 1.4413e-11 2.153e-11 2.1218e-11 2.7923e-11 2.31e-11 2.1069e-11 8.8326e-12 8.2359e-12 3.9204e-12 3.8788e-12 1.2043e-11 -5.3981e-12 -4.3014e-12 5.163e-12 -6.2767e-13 -1.8996e-12 -3.3407e-12 9.6556e-13 -2.982e-12 -1.1141e-11 -9.9215e-12 4.1391e-13 -8.4644e-12 2.04e-12 -5.447e-13 -1.3818e-12 -6.543e-12 -4.0629e-12 -4.1898e-12 2.597e-12 -5.4805e-12 -2.7807e-12 -1.3799e-12 1.0413e-12 -1.7306e-12 -6.7938e-13 -3.344e-12 -2.413e-13 2.1485e-12 -9.0255e-14 -7.3583e-13 2.6793e-12 3.5294e-12 -5.9886e-12 -2.7306e-12 -1.0603e-12 1.1634e-12 6.9235e-12 -4.639e-13 3.9801e-13 2.1466e-12 5.4319e-13 -2.6815e-12 -1.7337e-12 -9.1749e-14 4.9919e-13 -2.9187e-12 1.4225e-12 -2.7148e-12 2.5374e-12 2.1683e-12 1.1846e-12 -1.2053e-12 1.0777e-12 3.7686e-13 -2.8551e-14 3.6892e-13 -5.7215e-14 1.8972e-13 -1.0586e-13 6.6583e-14
1.3091e-10 1.2622e-10 1.2003e-10 1.0284e-10 1.0597e-10 1.054e-10 1.3108e-10 7.5885e-11 1.2789e-10 7.0464e-11 1.1549e-10 8.6979e-11 8.2157e-11 7.6684e-11 8.0485e-11 6.47e-11 6.9315e-11 7.3218e-11 5.5921e-11 5.4353e-11 4.0395e-11 5.8516e-11 5.8665e-11 3.5401e-11 4.9846e-11 3.5644e-11 3.1389e-11 4.4852e-11 3.7419e-11 3.9129e-11 3.173e-11 1.9064e-11 2.8264e-11 2.9312e-11 3.4663e-11 2.1998e-11 2.8113e-11 9.1242e-12 5.4043e-12 -2.3116e-13 6.2312e-13 6.6394e-12 -9.6801e-12 -1.367e-11 6.8503e-12 -2.7122e-12 -7.5051e-13 -1.0996e-11 5.7846e-12 -6.8431e-12 -1.5827e-11 -1.456e-11 -2.8146e-12 -9.2248e-12 8.8e-13 -1.6413e-13 -6.0947e-12 -3.7318e-12 -7.5513e-12 -5.7668e-12 2.7864e-12 -1.0373e-11 -7.1321e-12 -6.0848e-12 6.1178e-12 -1.9082e-12 -3.2766e-12 -8.0214e-12 1.8057e-12 1.9961e-12 9.5379e-13 -5.1656e-14 1.7685e-12 1.1243e-12 -4.8988e-12 -2.8641e-12 -1.8875e-12 -8.0774e-13 9.9219e-12 -3.3695e-13 -6.1278e-13 2.3012e-12 -4.4958e-13 -4.4124e-12 -1.318e-12 1.2451e-12 -7.2945e-13 -4.5659e-12 -1.9295e-12 -2.5377e-12 2.2462e-12 1.35e-12 8.7529e-13 -5.7378e-13 1.1558e-12 5.8552e-13 4.8013e-13 5.8672e-13 -2.1719e-14 2.7181e-13 2.3575e-14 1.233e-13
9.7292e-11 8.5794e-11 8.7315e-11 7.5876e-11 8.1781e-11 7.8001e-11 8.8119e-11 5.6191e-11 7.0464e-11 7.7171e-11 8.8316e-11 6.3785e-11 6.489e-11 5.925e-11 5.5128e-11 4.7588e-11 5.2865e-11 5.7977e-11 4.3658e-11 3.7436e-11 3.4808e-11 4.4183e-11 3.7911e-11 3.393e-11 4.0214e-11 2.6362e-11 2.7345e-11 3.1712e-11 2.6892e-11 3.4389e-11 1.9693e-11 1.2809e-11 1.8045e-11 2.0013e-11 2.576e-11 1.5148e-11 1.8827e-11 7.1465e-12 8.9002e-12 4.0449e-12 8.0616e-12 6.2161e-12 3.5935e-13 -7.1378e-12 1.3058e-11 4.7839e-13 2.0815e-13 -5.705e-12 -6.9315e-13 -2.6861e-12 -1.2172e-11 -6.941e-12 -2.5956e-12 -8.1648e-12 6.5386e-12 1.7513e-12 -3.0047e-12 -3.8167e-12 -4.7228e-12 -3.8935e-13 -1.9106e-12 -5.9479e-12 -5.9984e-12 2.3301e-13 1.4473e-12 -3.0029e-12 1.6989e-12 -2.3115e-12 2.6019e-13 3.3084e-13 3.5129e-13 -4.1076e-13 8.871e-13 5.2998e-12 -3.7999e-12 -3.2145e-12 -1.9412e-12 -1.0282e-12 3.7336e-12 2.3631e-12 -3.2767e-14 3.8753e-12 -6.3258e-13 -8.1939e-13 -1.1417e-12 2.7102e-12 1.408e-12 -2.5963e-12 1.406e-12 -2.1569e-12 3.0242e-12 2.4748e-12 -8.8104e-14 -1.6397e-12 1.4157e-12 -3.2038e-13 -4.1265e-14 9.9907e-14 -5.8924e-14 7.7803e-14 -3.2331e-14 1.0654e-13
1.5599e-10 1.4397e-10 1.3849e-10 1.1964e-10 1.2958e-10 1.2414e-10 1.3325e-10 8.8535e-11 1.1549e-10 8.8316e-11 1.5598e-10 1.0312e-10 1.025e-10 9.2216e-11 9.3045e-11 8.4513e-11 7.8094e-11 9.2299e-11 6.3371e-11 6.5658e-11 5.3662e-11 6.8318e-11 5.9679e-11 5.0364e-11 6.8477e-11 4.5088e-11 3.7101e-11 4.977e-11 3.8868e-11 5.3425e-11 2.9081e-11 3.1802e-11 2.6661e-11 2.4056e-11 4.6018e-11 2.7363e-11 2.7825e-11 1.8201e-11 1.4672e-11 1.593e-12 1.2878e-11 8.4374e-12 -3.8377e-12 -6.2403e-12 1.0707e-11 -7.2035e-12 -4.3815e-12 -4.6686e-12 4.5558e-12 -2.3808e-13 -1.7779e-11 -1.1931e-11 -4.8144e-12 -1.2003e-11 3.3143e-12 -1.4598e-12 -6.9878e-12 -5.9298e-12 -8.1989e-12 -7.2021e-12 1.0588e-12 -8.6424e-12 -6.9612e-12 8.2339e-13 1.0248e-12 -1.822e-12 -9.8252e-13 -1.1936e-12 2.3934e-12 1.9377e-12 3.2699e-12 1.2879e-12 -4.2656e-13 2.7073e-12 -5.3277e-12 -3.1793e-12 -1.641e-12 -1.7323e-12 9.9073e-12 -1.1081e-12 -9.5664e-13 3.771e-12 -1.6247e-12 -1.5569e-13 -2.5813e-12 1.9816e-12 2.9105e-12 -5.7059e-12 -1.2212e-12 -2.4357e-12 4.5459e-12 3.2663e-12 1.6623e-12 -1.5169e-12 1.4027e-12 4.7578e-14 -2.0036e-13 3.3357e-13 4.6226e-15 2.6893e-13 -1.2708e-13 1.1349e-13
1.1851e-10 1.0835e-10 9.1357e-11 8.9392e-11 9.8652e-11 8.5699e-11 1.0467e-10 6.4101e-11 8.6979e-11 6.3785e-11 1.0312e-10 1.032e-10 7.5598e-11 6.7245e-11 6.8195e-11 6.1473e-11 6.1603e-11 6.8004e-11 4.9229e-11 4.4475e-11 3.9325e-11 4.8385e-11 5.5777e-11 3.6956e-11 4.309e-11 3.0292e-11 2.8538e-11 4.2018e-11 3.2806e-11 3.882e-11 2.0913e-11 1.5272e-11 2.1406e-11 1.6482e-11 2.9314e-11 1.8807e-11 2.6751e-11 1.3091e-11 8.2844e-12 1.5589e-12 8.2254e-12 2.4943e-12 -8.6163e-12 -8.6071e-12 4.9175e-12 -1.4828e-12 -6.4076e-12 7.5738e-13 1.0536e-12 -1.3372e-12 -1.2453e-11 -8.31e-12 3.746e-13 -8.1297e-12 4.0145e-12 -5.0067e-12 4.4055e-13 -3.8601e-12 -1.2056e-12 -2.5764e-12 -1.3035e-12 -4.7523e-12 -6.159e-12 -4.8336e-12 5.8372e-12 1.0841e-12 1.2063e-12 -3.4801e-12 2.0153e-12 1.4825e-12 2.0586e-12 1.7363e-12 -2.4142e-12 2.3576e-12 -3.5895e-12 -3.328e-12 -1.6059e-12 -1.156e-12 9.5591e-12 6.8294e-13 1.5468e-12 5.3529e-12 -1.8319e-12 -1.8328e-12 -2.6313e-12 2.9665e-12 5.9281e-13 -2.6133e-12 -6.6471e-13 -1.637e-13 1.7136e-12 2.8633e-12 1.8809e-12 -5.4974e-13 6.8298e-13 -3.0176e-13 -2.6231e-13 7.0348e-14 -8.5886e-14 1.0887e-13 -9.9978e-14 1.1555e-13
1.1087e-10 1.0411e-10 9.8061e-11 8.95e-11 9.0243e-11 8.669e-11 1.0238e-10 6.8274e-11 8.2157e-11 6.489e-11 1.025e-10 7.5598e-11 9.9842e-11 7.1362e-11 7.6285e-11 6.4404e-11 5.7999e-11 6.3453e-11 4.5174e-11 4.3028e-11 3.5292e-11 5.3852e-11 4.8952e-11 4.2442e-11 4.6249e-11 2.9817e-11 3.0022e-11 4.4734e-11 2.6552e-11 4.7613e-11 2.1196e-11 1.3663e-11 2.6044e-11 2.2005e-11 2.7232e-11 2.2309e-11 2.4648e-11 1.3918e-11 1.0492e-11 -2.1106e-12 7.0337e-12 6.4016e-12 -2.3339e-12 -6.8297e-12 1.0566e-11 -2.2716e-12 -4.5032e-12 -2.0236e-12 -2.8277e-13 -1.2717e-12 -1.2405e-11 -1.2135e-11 -2.9979e-12 -8.8129e-12 3.9186e-12 -1.6764e-12 -3.2911e-12 -6.6829e-12 -9.3715e-12 -7.3656e-12 4.0457e-12 -4.347e-12 -8.3271e-12 1.6358e-13 3.5781e-12 -2.5997e-12 -1.8075e-12 5.5426e-13 -8.1838e-13 3.7584e-12 5.3258e-12 -1.9648e-12 1.4492e-12 9.788e-13 -2.7847e-12 -1.1623e-12 -1.2344e-12 -6.4989e-13 7.1223e-12 -2.5685e-12 5.2845e-13 3.3761e-12 -1.7139e-12 -1.4582e-12 -2.202e-12 -3.4591e-13 -2.2315e-13 -3.5322e-12 1.0521e-13 -3.6441e-12 4.319e-12 1.5851e-12 1.63e-12 -1.6133e-12 1.7763e-12 2.0175e-13 1.5962e-14 2.0983e-13 -1.2266e-13 2.6376e-13 -9.5853e-14 8.0576e-14
1.0485e-10 9.1271e-11 9.1047e-11 8.0497e-11 8.3314e-11 8.3063e-11 9.2585e-11 6.2529e-11 7.6684e-11 5.925e-11 9.2216e-11 6.7245e-11 7.1362e-11 8.0703e-11 6.2616e-11 5.687e-11 5.4044e-11 5.9068e-11 4.0536e-11 4.3347e-11 3.5265e-11 4.8519e-11 4.2671e-11 3.3195e-11 4.7876e-11 2.8697e-11 2.2898e-11 3.0829e-11 2.9042e-11 3.3473e-11 2.0098e-11 1.6813e-11 1.9974e-11 2.4799e-11 3.2033e-11 1.9305e-11 2.2987e-11 9.1144e-12 8.493e-12 3.6306e-12 4.8976e-12 8.1943e-12 -1.1663e-12 -2.4302e-12 8.8927e-12 -4.9203e-14 -1.7774e-12 -6.0152e-12 1.6152e-12 -1.1396e-12 -9.8069e-12 -1.0375e-11 -4.0342e-12 -8.0307e-12 4.0733e-12 -4.2579e-12 -3.9199e-12 -2.7582e-12 -2.2668e-12 -3.3652e-12 1.5739e-12 -8.7947e-12 -6.5726e-12 -6.6808e-13 2.0357e-12 9.3653e-13 -8.5826e-13 -9.0984e-13 2.0384e-12 2.404e-12 4.0503e-13 -1.5739e-12 1.0782e-12 2.0093e-12 -6.6309e-12 -3.1184e-12 -2.1813e-12 -2.8782e-12 7.7e-12 -1.693e-12 -5.4489e-13 2.8359e-12 -5.7801e-13 -1.5896e-12 -3.066e-12 2.9412e-12 1.0205e-12 -4.0571e-12 -3.1214e-13 -2.2908e-12 2.9762e-12 1.8065e-12 7.6577e-13 -1.1543e-12 1.1044e-12 1.7032e-13 -3.4305e-14 2.1328e-13 -1.1186e-13 1.8065e-13 -1.1954e-13 7.4433e-14
1.0213e-10 9.8491e-11 8.7537e-11 7.8914e-11 7.9894e-11 7.8131e-11 1.0273e-10 5.6849e-11 8.0485e-11 5.5128e-11 9.3045e-11 6.8195e-11 7.6285e-11 6.2616e-11 8.6103e-11 5.9626e-11 5.4608e-11 6.111e-11 3.8952e-11 4.0185e-11 3.395e-11 4.1339e-11 4.9162e-11 3.3891e-11 3.8277e-11 3.1967e-11 2.876e-11 4.5309e-11 2.5616e-11 4.1449e-11 1.9365e-11 2.1774e-11 1.4603e-11 1.9268e-11 2.7573e-11 1.7368e-11 1.9261e-11 1.5534e-11 7.5251e-12 -3.7677e-13 2.3984e-12 1.3498e-12 -1.9939e-12 -5.032e-12 1.111e-11 -1.171e-12 -6.434e-12 -2.781e-12 -1.8991e-12 -2.3105e-12 -1.1283e-11 -1.4189e-11 -2.5549e-12 -1.06e-11 3.9664e-12 -2.6908e-12 -4.4665e-12 -1.2176e-12 -4.6188e-12 -6.6694e-12 4.6114e-12 -4.6199e-12 -6.0603e-12 -2.6738e-12 4.5171e-12 -5.6337e-13 -7.7034e-13 -1.5831e-13 2.8743e-13 3.439e-12 5.4156e-12 -2.4615e-13 -2.0904e-12 -1.7369e-12 -1.2351e-12 -2.5136e-12 4.9235e-13 6.0272e-13 6.5106e-12 -3.2759e-12 -5.6797e-13 3.0275e-12 1.9952e-12 -2.7916e-12 2.5867e-14 1.5611e-12 -9.2292e-15 -1.8816e-12 -1.5249e-12 -2.125e-12 3.1984e-12 5.0172e-13 5.8587e-13 -7.7644e-13 1.4393e-12 -7.5578e-14 3.2548e-13 2.2761e-13 -1.9829e-13 2.978e-13 1.7525e-14 8.6968e-14
9.0946e-11 8.1628e-11 8.0201e-11 7.1536e-11 7.254e-11 7.2377e-11 8.3014e-11 5.5565e-11 6.47e-11 4.7588e-11 8.4513e-11 6.1473e-11 6.4404e-11 5.687e-11 5.9626e-11 6.3813e-11 4.5704e-11 5.6927e-11 4.0151e-11 4.3496e-11 3.366e-11 4.0662e-11 4.1653e-11 3.0523e-11 4.0793e-11 2.9736e-11 2.1699e-11 3.2819e-11 2.6012e-11 3.1773e-11 1.3823e-11 1.5042e-11 1.6322e-11 1.973e-11 2.4271e-11 1.893e-11 2.0828e-11 1.3008e-11 1.0145e-11 5.4202e-12 5.5005e-12 8.5053e-12 -5.5035e-12 -2.5439e-12 2.9033e-12 -3.3557e-12 -8.7559e-12 -1.4524e-14 -6.8674e-13 -1.3815e-12 -1.3384e-11 -9.9165e-12 -2.3537e-12 -8.4005e-12 3.2731e-12 -1.5041e-12 -2.0491e-12 -3.7096e-12 -4.8858e-12 -5.8529e-12 1.3896e-12 -1.8838e-12 -3.2721e-12 3.912e-13 9.0811e-13 -8.8755e-13 3.4712e-13 7.3923e-13 8.8015e-13 3.8253e-12 3.4518e-12 -1.1558e-12 -1.1385e-12 2.2331e-12 -4.2241e-12 -2.9111e-12 -5.1477e-13 1.5927e-13 6.3909e-12 -2.115e-12 -1.1394e-12 2.2088e-12 8.564e-13 -1.6122e-12 -1.624e-12 1.0261e-12 2.663e-12 -2.7539e-12 -1.4306e-13 -1.5986e-12 1.2011e-12 1.3822e-12 8.5035e-13 -1.0939e-12 7.7842e-13 1.8993e-13 5.8765e-14 1.6277e-13 -1.1015e-13 1.2983e-13 -1.0473e-13 7.3377e-14
9.4324e-11 8.4017e-11 8.6738e-11 7.086e-11 7.4165e-11 6.8213e-11 8.5174e-11 4.9484e-11 6.9315e-11 5.2865e-11 7.8094e-11 6.1603e-11 5.7999e-11 5.4044e-11 5.4608e-11 4.5704e-11 6.2686e-11 5.5987e-11 3.7039e-11 3.7859e-11 3.2754e-11 3.5673e-11 4.6657e-11 2.7422e-11 3.6179e-11 2.5505e-11 2.8809e-11 3.25e-11 2.6528e-11 2.8361e-11 1.875e-11 1.4061e-11 1.7427e-11 1.6349e-11 2.577e-11 1.4181e-11 1.8236e-11 7.7932e-12 5.2526e-12 1.0212e-11 1.5115e-13 4.7491e-12 5.509e-13 -7.8483e-12 1.3022e-11 -2.0215e-12 -1.5583e-12 -6.6071e-12 -5.6841e-13 -4.26e-12 -6.2166e-12 -9.2226e-12 -3.475e-12 -7.462e-12 6.0445e-12 2.1873e-13 -6.5779e-12 -6.5823e-13 -3.8886e-12 -2.7228e-12 2.0993e-12 -4.8065e-12 -4.5452e-12 1.2285e-12 4.8854e-12 -3.224e-12 -1.0596e-12 -1.3368e-12 2.2121e-14 1.7481e-12 -2.1045e-12 -5.7502e-13 -1.6149e-12 3.2035e-13 -5.204e-12 -2.7859e-12 -1.6383e-12 -2.8957e-12 6.5538e-12 1.5556e-12 3.2314e-13 3.9238e-12 -3.2878e-12 1.7972e-13 -3.3126e-12 2.7371e-12 2.2109e-13 -4.9928e-13 -1.7098e-12 -2.4969e-12 8.6561e-13 1.3593e-12 2.9113e-13 -3.4407e-13 6.1803e-13 -6.2846e-13 -2.5924e-13 2.9805e-13 -1.843e-13 1.2254e-13 -8.6615e-14 4.622e-14
1.0403e-10 8.9811e-11 9.1856e-11 7.7873e-11 8.5295e-11 8.1896e-11 9.0312e-11 5.7323e-11 7.3218e-11 5.7977e-11 9.2299e-11 6.8004e-11 6.3453e-11 5.9068e-11 6.111e-11 5.6927e-11 5.5987e-11 7.2555e-11 4.1231e-11 4.2622e-11 3.4894e-11 3.9808e-11 4.7251e-11 3.3869e-11 4.055e-11 2.5328e-11 2.6855e-11 3.7392e-11 2.8713e-11 3.4412e-11 1.7687e-11 2.1053e-11 1.7464e-11 1.4961e-11 2.9382e-11 1.6905e-11 1.7612e-11 1.2882e-11 8.7496e-12 6.7919e-12 5.6526e-12 6.9611e-12 -1.6388e-12 -6.7473e-12 6.9924e-12 -4.1708e-12 -3.18e-12 -1.2138e-12 8.6521e-13 -3.4248e-12 -9.9666e-12 -8.8228e-12 3.6368e-14 -1.2385e-11 2.1024e-12 -5.3542e-13 -1.4131e-12 -3.9699e-12 -2.594e-12 -3.3974e-12 1.9513e-12 -6.0684e-12 -2.193e-12 -1.7685e-12 2.5175e-12 -2.9105e-12 -8.0591e-13 1.289e-13 1.8557e-13 1.8934e-12 1.3031e-12 -5.1943e-13 -2.2133e-13 2.2494e-12 -4.7973e-12 -2.7084e-12 -1.4854e-12 -1.3409e-12 7.0078e-12 -2.1187e-12 6.2332e-13 4.7708e-12 -7.266e-13 9.3076e-13 -1.4561e-12 2.6929e-12 1.0191e-12 -2.1837e-12 -3.6053e-13 -1.624e-12 2.0073e-12 2.1775e-12 8.2866e-13 -4.5813e-13 4.918e-13 -1.8463e-13 -1.0325e-13 2.6919e-13 -1.1238e-13 2.0325e-13 -7.7921e-14 6.2465e-14
6.8539e-11 6.5012e-11 6.6863e-11 5.4829e-11 5.7938e-11 5.4288e-11 6.6089e-11 4.2192e-11 5.5921e-11 4.3658e-11 6.3371e-11 4.9229e-11 4.5174e-11 4.0536e-11 3.8952e-11 4.0151e-11 3.7039e-11 4.1231e-11 4.6282e-11 3.2985e-11 2.5655e-11 2.8794e-11 3.0438e-11 2.4616e-11 3.3699e-11 2.1471e-11 2.0287e-11 2.3387e-11 2.2861e-11 1.9922e-11 1.413e-11 1.0369e-11 1.7154e-11 1.486e-11 1.2841e-11 7.579e-12 2.0429e-11 9.089e-12 8.284e-12 3.9886e-12 5.334e-12 6.8037e-12 -3.6279e-12 -5.9085e-12 5.7605e-12 -3.6241e-12 -5.3482e-12 -3.8095e-15 1.9472e-12 1.4993e-12 -8.0015e-12 -6.9831e-12 -2.6697e-12 -5.8841e-12 1.1643e-12 1.2934e-12 -4.4412e-12 -4.4973e-12 -6.8971e-12 -3.1447e-12 8.9996e-13 -3.6417e-12 -3.5653e-12 -1.5488e-12 1.9931e-12 -1.6772e-12 1.431e-12 -4.4642e-12 2.1663e-12 7.7746e-14 -1.3935e-12 -8.761e-13 8.2536e-13 2.4979e-12 -4.1795e-12 -1.7251e-12 -1.1477e-12 9.0159e-14 4.0471e-12 8.6584e-13 3.8771e-14 1.4819e-12 -2.5085e-13 1.2894e-12 -1.5937e-12 1.5003e-12 1.2984e-12 -6.8571e-13 1.7549e-12 -1.022e-12 6.4221e-13 3.1706e-12 8.0084e-13 -1.7464e-12 4.7217e-13 3.5958e-13 1.4784e-13 1.8443e-13 2.6967e-15 5.3051e-14 -1.1565e-13 2.6567e-14
7.5969e-11 6.4411e-11 6.9662e-11 5.6653e-11 5.8335e-11 5.8499e-11 6.4815e-11 4.0712e-11 5.4353e-11 3.7436e-11 6.5658e-11 4.4475e-11 4.3028e-11 4.3347e-11 4.0185e-11 4.3496e-11 3.7859e-11 4.2622e-11 3.2985e-11 5.0928e-11 2.3766e-11 3.2335e-11 3.5434e-11 1.8201e-11 3.1048e-11 2.4546e-11 1.8448e-11 2.156e-11 2.2356e-11 2.459e-11 1.7305e-11 1.8185e-11 1.3015e-11 1.6713e-11 1.6171e-11 1.0507e-11 2.145e-11 9.0279e-12 1.0643e-11 8.5528e-12 4.0363e-13 1.1333e-11 -4.0847e-12 -3.6827e-12 4.6871e-12 -7.8375e-13 -6.0235e-12 -2.4476e-12 -2.1765e-12 -2.4912e-12 -8.5114e-12 -4.4965e-12 -4.8923e-12 -7.3271e-12 3.5533e-12 -3.1334e-12 -6.8007e-12 -8.7982e-13 -3.4708e-12 -6.5738e-12 3.6536e-12 -6.0533e-12 -6.9234e-13 2.0838e-12 1.1481e-12 7.2554e-13 -2.3165e-12 -2.4398e-12 9.0324e-13 1.9296e-12 -5.6292e-13 1.8535e-12 -5.6131e-13 3.5376e-12 -5.5196e-12 -3.6751e-12 -3.8782e-13 -1.1762e-12 6.1486e-12 -7.1817e-13 -1.6018e-12 1.5882e-12 1.9016e-12 -6.3197e-13 -1.372e-12 -6.0784e-13 -4.1583e-13 -2.898e-12 1.4598e-12 -1.76e-12 -4.3375e-14 2.3502e-12 7.0298e-13 -2.6016e-13 4.2798e-13 3.6022e-13 7.9766e-14 1.2502e-13 -2.2645e-13 -2.0148e-14 -5.1162e-14 7.0168e-14
5.6739e-11 5.24e-11 5.3751e-11 4.3009e-11 4.3695e-11 5.013e-11 5.3891e-11 3.0565e-11 4.0395e-11 3.4808e-11 5.3662e-11 3.9325e-11 3.5292e-11 3.5265e-11 3.395e-11 3.366e-11 3.2754e-11 3.4894e-11 2.5655e-11 2.3766e-11 3.4695e-11 2.4166e-11 2.2899e-11 1.8083e-11 2.8091e-11 1.711e-11 1.752e-11 2.0197e-11 1.8272e-11 1.7424e-11 1.1892e-11 9.1363e-12 1.1087e-11 1.2258e-11 1.6975e-11 9.9117e-12 8.1318e-12 8.4316e-12 7.2388e-12 8.7008e-12 1.8418e-12 1.3229e-12 -3.8389e-13 -4.1965e-12 6.9515e-12 -2.8446e-12 -5.7701e-12 -6.8381e-13 2.7182e-12 -2.1263e-12 -6.5587e-12 -2.7826e-12 -5.9705e-12 -4.3417e-12 1.7783e-12 3.3281e-13 -4.7647e-12 1.8889e-12 -1.4177e-12 -2.5156e-12 -3.0522e-12 2.4073e-13 -4.9544e-12 8.0736e-13 3.0031e-12 -1.3461e-12 -8.8516e-14 4.3916e-13 1.7283e-12 -5.0736e-13 2.238e-12 -2.7387e-13 -1.7214e-13 1.0438e-12 -2.1106e-12 -3.1218e-12 -5.4478e-13 -2.69e-12 2.6385e-12 8.2832e-13 -6.0158e-13 2.3315e-12 -2.0324e-12 6.6441e-13 -2.5128e-12 3.4031e-12 2.3862e-12 -1.0691e-12 -7.1348e-13 -5.7218e-13 9.5475e-13 1.9887e-12 7.9625e-14 -7.8091e-13 -2.6515e-14 -2.1423e-13 -1.6059e-13 2.2832e-13 -9.2948e-14 -5.0156e-16 -1.0224e-13 3.5931e-14
7.2846e-11 6.6982e-11 6.7509e-11 5.7701e-11 6.009e-11 5.9819e-11 6.945e-11 4.973e-11 5.8516e-11 4.4183e-11 6.8318e-11 4.8385e-11 5.3852e-11 4.8519e-11 4.1339e-11 4.0662e-11 3.5673e-11 3.9808e-11 2.8794e-11 3.2335e-11 2.4166e-11 5.3297e-11 3.0324e-11 2.7686e-11 2.4835e-11 1.9386e-11 1.8643e-11 1.7273e-11 2.0004e-11 2.7255e-11 1.6096e-11 8.8999e-12 1.8761e-11 1.9934e-11 2.2786e-11 2.1838e-11 1.4517e-11 5.6928e-12 5.3951e-12 1.3707e-13 3.6303e-12 3.9105e-12 -2.2232e-13 -4.9779e-12 6.8404e-12 -2.7129e-12 2.3429e-12 -4.3224e-12 1.2778e-12 3.4602e-13 -1.0238e-11 -3.8912e-12 -4.2298e-12 -9.7526e-12 2.2381e-12 -2.626e-13 -1.9372e-12 -5.2085e-12 -5.7211e-12 -1.9039e-12 8.6279e-13 -5.7434e-12 -5.3296e-12 -6.093e-13 -2.2003e-12 -4.1081e-13 9.5161e-14 -1.9513e-12 1.7204e-13 1.0786e-12 1.6007e-12 -1.4011e-13 -1.6139e-12 1.9641e-12 -1.5226e-12 -1.027e-12 -4.5945e-14 1.4641e-12 6.5983e-12 1.7427e-13 -4.2487e-14 2.9913e-12 -2.5135e-13 -1.4164e-12 -2.1217e-12 -5.2534e-14 -1.8328e-13 -3.6169e-12 1.9104e-12 -2.3656e-12 1.6996e-12 1.0853e-12 6.7731e-13 -7.6977e-13 9.0408e-13 2.7119e-13 -4.243e-13 1.8384e-13 -9.2206e-14 1.3256e-13 -8.9823e-14 8.4952e-14
8.0401e-11 6.4361e-11 6.5322e-11 6.1854e-11 5.8175e-11 5.3141e-11 7.4238e-11 4.7605e-11 5.8665e-11 3.7911e-11 5.9679e-11 5.5777e-11 4.8952e-11 4.2671e-11 4.9162e-11 4.1653e-11 4.6657e-11 4.7251e-11 3.0438e-11 3.5434e-11 2.2899e-11 3.0324e-11 6.3851e-11 2.1964e-11 2.4524e-11 2.376e-11 2.5621e-11 3.4292e-11 1.9133e-11 2.695e-11 1.3679e-11 8.5805e-12 1.7351e-11 1.5294e-11 1.9266e-11 1.3495e-11 1.8821e-11 8.3219e-12 9.9246e-12 1.0612e-11 -2.3049e-12 7.4673e-12 -2.5434e-12 -6.5515e-12 4.3786e-12 5.0924e-12 -7.0019e-12 -2.0619e-13 2.8782e-13 -7.4123e-13 -6.7507e-12 -1.0329e-11 -3.9624e-12 -8.4148e-12 5.9819e-12 -3.464e-12 -2.8195e-12 -2.6464e-12 -3.534e-12 -3.9414e-12 5.3991e-12 -4.6332e-12 -2.2402e-12 -2.107e-12 5.46e-12 1.5685e-12 -1.805e-12 -3.3262e-12 -4.0293e-13 -1.2734e-12 4.6873e-13 4.1826e-13 1.6646e-12 -1.1064e-12 -5.2639e-12 -4.5706e-12 9.8188e-13 -1.8071e-12 8.1088e-12 -4.4448e-13 6.0368e-13 4.0506e-12 4.348e-13 -2.4994e-12 -1.7377e-12 1.0491e-12 -1.2345e-12 -7.0354e-13 7.8929e-13 -3.1015e-12 -3.7935e-13 1.7977e-12 5.9349e-13 -1.403e-13 8.3541e-13 -8.3103e-14 -7.3632e-14 7.1371e-14 -2.5428e-13 6.699e-14 -8.8939e-14 6.8861e-14
5.2907e-11 4.8407e-11 5.2495e-11 4.147e-11 4.809e-11 4.3909e-11 4.8998e-11 3.4342e-11 3.5401e-11 3.393e-11 5.0364e-11 3.6956e-11 4.2442e-11 3.3195e-11 3.3891e-11 3.0523e-11 2.7422e-11 3.3869e-11 2.4616e-11 1.8201e-11 1.8083e-11 2.7686e-11 2.1964e-11 4.0092e-11 2.404e-11 1.4608e-11 1.7159e-11 1.7986e-11 1.9032e-11 2.1481e-11 1.2978e-11 9.332e-12 9.2898e-12 1.0269e-11 1.3289e-11 9.9358e-12 1.4684e-11 2.3305e-12 8.3495e-12 -2.3777e-13 3.4266e-12 4.0611e-12 9.8602e-13 2.4675e-12 4.5934e-12 -1.4718e-12 -1.3418e-12 -9.5119e-13 2.4528e-12 2.289e-13 -8.9885e-12 -4.957e-12 -3.4992e-12 -5.8172e-12 -1.1167e-13 3.1406e-12 -2.1637e-12 -5.6227e-12 -4.9531e-12 -5.0663e-12 -1.4665e-12 -3.3906e-12 -4.9999e-12 2.5185e-12 -6.7913e-13 -1.6898e-12 3.1572e-12 1.3145e-12 -1.4996e-12 1.125e-13 -2.1094e-12 -1.9362e-13 -2.6742e-13 -1.5133e-12 -9.9609e-13 -5.74e-13 6.3461e-13 -6.5157e-13 6.2692e-12 -2.4007e-12 -1.6527e-12 2.296e-12 -5.1008e-13 1.435e-12 -6.0042e-13 1.4446e-12 1.3148e-12 -1.7374e-12 -1.2073e-13 -1.1296e-12 2.635e-12 1.4071e-12 8.0429e-13 -1.1247e-12 1.3538e-13 -1.7637e-14 -1.8125e-13 1.1225e-14 -1.3977e-14 6.5227e-14 -6.4022e-14 2.7767e-14
7.3726e-11 6.0546e-11 6.7725e-11 5.6597e-11 5.6915e-11 5.7023e-11 5.7938e-11 3.7313e-11 4.9846e-11 4.0214e-11 6.8477e-11 4.309e-11 4.6249e-11 4.7876e-11 3.8277e-11 4.0793e-11 3.6179e-11 4.055e-11 3.3699e-11 3.1048e-11 2.8091e-11 2.4835e-11 2.4524e-11 2.404e-11 5.0774e-11 2.072e-11 1.6948e-11 2.7237e-11 1.7968e-11 2.1097e-11 1.298e-11 1.6317e-11 1.3446e-11 9.5597e-12 1.446e-11 5.5142e-12 1.4487e-11 7.9058e-12 9.4928e-12 3.8379e-12 7.774e-12 7.3872e-12 -2.3615e-12 -5.4331e-12 3.2563e-12 -1.5106e-12 -3.5391e-12 -4.9331e-12 3.5977e-13 -2.1903e-12 -6.7219e-12 -5.9334e-12 -8.088e-14 -3.2186e-12 2.6517e-12 -1.1867e-12 -6.3899e-12 -4.6087e-12 -4.7415e-12 -3.1083e-12 -7.0279e-13 -4.3175e-12 -2.7304e-12 5.2633e-12 -2.1998e-13 7.5415e-13 -2.8587e-13 1.2204e-12 1.1618e-12 1.9687e-12 -2.0047e-12 -1.9449e-12 4.8101e-13 5.9498e-13 -4.7481e-12 -1.5246e-12 -2.0578e-12 -4.0944e-12 3.2542e-12 -6.2413e-14 -2.134e-12 -1.3125e-13 -2.2613e-12 4.6572e-13 -2.9695e-12 2.9608e-12 1.5258e-12 -3.3792e-12 -9.3609e-13 -1.5487e-12 3.0026e-12 2.3152e-12 2.3208e-13 -1.0382e-12 7.634e-13 2.0158e-13 6.1601e-15 2.9515e-13 5.4023e-14 6.9621e-14 -1.0315e-13 4.4647e-14
4.5121e-11 4.2e-11 4.4582e-11 3.7722e-11 3.477e-11 3.5557e-11 4.5268e-11 2.694e-11 3.5644e-11 2.6362e-11 4.5088e-11 3.0292e-11 2.9817e-11 2.8697e-11 3.1967e-11 2.9736e-11 2.5505e-11 2.5328e-11 2.1471e-11 2.4546e-11 1.711e-11 1.9386e-11 2.376e-11 1.4608e-11 2.072e-11 3.0005e-11 1.0766e-11 1.8693e-11 1.2276e-11 1.7415e-11 1.1009e-11 7.022e-12 8.2407e-12 1.305e-11 9.123e-12 9.6447e-12 1.2353e-11 7.3019e-12 6.3385e-12 2.4265e-12 1.8424e-12 2.873e-12 -6.1516e-13 -8.5833e-13 5.2963e-12 -2.3183e-12 -5.5389e-12 -2.1595e-13 1.0041e-12 7.7303e-13 -8.3386e-12 -6.7244e-12 -5.1886e-12 -2.7941e-12 1.3748e-12 -2.7218e-12 -7.4037e-13 -1.7526e-12 -2.7533e-12 -3.9072e-12 9.7387e-13 -2.0985e-12 -3.0673e-12 1.8285e-12 1.1911e-12 -4.336e-13 6.6916e-13 -2.9717e-12 2.4201e-12 9.0218e-13 6.4977e-13 9.3845e-13 5.3583e-14 -6.2829e-13 -2.8698e-12 -2.9184e-12 -4.2826e-13 -2.9481e-14 2.4453e-12 -5.4288e-13 -3.6007e-12 -1.2955e-13 1.8577e-13 -1.4804e-12 -1.5478e-12 1.4949e-13 9.9224e-13 -1.2378e-12 -4.69e-13 -2.1514e-12 -7.5893e-13 9.0664e-13 5.8602e-13 -7.6514e-13 2.8536e-13 -4.3069e-13 1.928e-13 -1.641e-13 -5.379e-14 3.2033e-14 -2.453e-14 4.6258e-14
4.3969e-11 3.865e-11 4.2041e-11 3.5319e-11 3.6001e-11 3.1479e-11 4.6126e-11 2.3483e-11 3.1389e-11 2.7345e-11 3.7101e-11 2.8538e-11 3.0022e-11 2.2898e-11 2.876e-11 2.1699e-11 2.8809e-11 2.6855e-11 2.0287e-11 1.8448e-11 1.752e-11 1.8643e-11 2.5621e-11 1.7159e-11 1.6948e-11 1.0766e-11 2.441e-11 1.6522e-11 1.662e-11 1.0657e-11 8.7413e-12 9.3367e-12 1.002e-11 5.7355e-12 7.7627e-12 7.5461e-12 8.7604e-12 4.5376e-12 6.4339e-12 7.1624e-12 -2.1954e-12 -7.8073e-16 2.7207e-12 -3.5751e-12 6.2417e-12 -2.4043e-12 -2.0693e-12 -9.3714e-13 -8.2027e-13 6.2663e-13 -3.1283e-12 -3.6523e-12 -4.9635e-12 -3.787e-12 5.3605e-12 3.6789e-12 -1.2338e-12 4.1573e-13 -4.2911e-12 -1.9426e-12 6.4456e-13 -3.077e-12 -2.544e-12 -1.2634e-12 2.2919e-12 -2.0649e-13 -1.5714e-13 1.0049e-13 -1.2841e-13 1.4974e-13 -1.2165e-12 -2.6079e-13 -1.073e-12 1.4648e-13 -1.1077e-12 -1.2275e-12 -8.2148e-13 -1.9217e-12 3.9861e-12 -1.7826e-13 -3.3198e-13 4.058e-12 -1.2524e-12 2.6685e-12 -1.8389e-12 1.3212e-12 -4.0328e-13 9.2065e-13 -2.6045e-14 -1.8631e-12 2.461e-13 1.1284e-12 2.613e-13 -6.3209e-13 9.9222e-14 -4.6848e-13 -3.6996e-14 1.4262e-13 -8.4202e-14 5.9643e-14 -6.5247e-14 1.1429e-14
5.9307e-11 5.1289e-11 4.8467e-11 4.4839e-11 4.3713e-11 4.1415e-11 5.3669e-11 2.834e-11 4.4852e-11 3.1712e-11 4.977e-11 4.2018e-11 4.4734e-11 3.0829e-11 4.5309e-11 3.2819e-11 3.25e-11 3.7392e-11 2.3387e-11 2.156e-11 2.0197e-11 1.7273e-11 3.4292e-11 1.7986e-11 2.7237e-11 1.8693e-11 1.6522e-11 4.3229e-11 1.2207e-11 2.4404e-11 8.7103e-12 1.1351e-11 1.1497e-11 8.5448e-12 1.2978e-11 1.0195e-11 1.1378e-11 7.0993e-12 2.6724e-12 -1.0095e-13 2.1134e-12 3.9828e-12 -1.6622e-12 -7.1825e-12 5.8629e-12 1.1348e-12 -5.4131e-12 -2.5064e-12 1.6235e-13 -4.2917e-12 -7.2471e-12 -1.001e-11 -9.8787e-14 -5.8739e-12 2.3062e-12 -1.1018e-12 -1.2871e-12 -3.1605e-12 -1.6911e-12 -5.0326e-12 2.55e-12 -1.5039e-12 -2.6502e-12 -2.7291e-13 5.5254e-12 -2.4298e-12 -1.5307e-12 -1.8821e-12 1.0992e-12 8.7117e-13 2.9599e-12 -1.8977e-12 -2.1795e-12 -2.5645e-12 -1.4841e-12 -1.3792e-12 -2.2208e-12 -1.3033e-12 3.3641e-12 -8.4026e-13 -2.2512e-12 2.5352e-12 -3.0216e-13 -1.6266e-12 -4.6717e-13 2.1538e-12 -7.0256e-13 -1.8906e-12 -1.3089e-12 -1.4109e-12 1.4731e-12 7.526e-13 -2.1711e-13 -2.9021e-13 1.0327e-12 -4.6794e-13 -2.4076e-15 1.5632e-13 -4.1055e-14 1.7974e-13 2.7542e-14 5.7237e-14
4.665e-11 4.4137e-11 4.3949e-11 3.8202e-11 4.2134e-11 4.1539e-11 4.7763e-11 2.7009e-11 3.7419e-11 2.6892e-11 3.8868e-11 3.2806e-11 2.6552e-11 2.9042e-11 2.5616e-11 2.6012e-11 2.6528e-11 2.8713e-11 2.2861e-11 2.2356e-11 1.8272e-11 2.0004e-11 1.9133e-11 1.9032e-11 1.7968e-11 1.2276e-11 1.662e-11 1.2207e-11 3.1364e-11 1.1022e-11 1.2167e-11 6.1536e-12 6.9778e-12 1.0182e-11 1.1879e-11 8.1811e-12 1.2843e-11 4.2591e-12 6.6092e-12 3.287e-12 -6.8931e-13 2.9891e-12 2.5485e-12 -9.2878e-13 4.2548e-12 -6.1497e-12 -2.1419e-12 -1.6883e-12 1.9057e-12 -2.0003e-12 -4.0048e-12 -4.965e-12 -4.4992e-12 -3.6012e-12 2.444e-12 1.9888e-12 -4.4611e-13 1.1487e-12 -2.2311e-12 -4.0173e-12 -2.3571e-12 -2.3401e-12 -3.1392e-12 -2.4619e-12 1.535e-12 -2.7442e-13 3.7579e-13 -2.1129e-12 1.3563e-12 2.1149e-12 -3.8019e-12 -2.0823e-13 -8.4375e-13 2.3476e-12 -4.6181e-12 1.2204e-13 -5.1255e-13 -1.6709e-12 4.0118e-12 -1.3652e-12 -1.2005e-12 3.7917e-12 7.7513e-13 1.3494e-12 -1.0551e-12 1.3522e-12 1.0315e-12 1.4774e-12 -1.7872e-12 -1.5894e-13 5.2481e-13 1.1221e-12 4.5815e-13 -1.2214e-12 -6.6379e-13 1.7069e-13 -4.7989e-14 2.5363e-13 8.3865e-14 6.9873e-15 -8.1553e-14 -1.5603e-14
5.9104e-11 5.3459e-11 5.0918e-11 4.6429e-11 4.6455e-11 4.838e-11 4.9873e-11 3.3876e-11 3.9129e-11 3.4389e-11 5.3425e-11 3.882e-11 4.7613e-11 3.3473e-11 4.1449e-11 3.1773e-11 2.8361e-11 3.4412e-11 1.9922e-11 2.459e-11 1.7424e-11 2.7255e-11 2.695e-11 2.1481e-11 2.1097e-11 1.7415e-11 1.0657e-11 2.4404e-11 1.1022e-11 3.5897e-11 1.2736e-11 9.947e-12 6.3097e-12 9.2778e-12 1.5613e-11 1.2465e-11 1.0165e-11 8.4002e-12 6.0928e-12 -2.6725e-12 5.336e-12 2.879e-12 -4.5349e-15 -3.7274e-12 4.514e-12 1.3583e-12 -3.6622e-12 2.469e-13 -2.7094e-12 -3.0846e-12 -6.8344e-12 -4.2188e-12 -3.8323e-13 -9.2832e-12 -3.1762e-13 -2.1787e-12 -2.5677e-12 -4.623e-12 -1.4056e-12 -4.5086e-12 9.5767e-13 -2.7246e-12 -2.5326e-12 1.6625e-12 1.2342e-12 -3.1859e-12 -1.3939e-12 -1.2733e-13 -2.2123e-12 8.9109e-13 2.3136e-12 -6.9035e-13 1.0531e-12 -5.5799e-13 -1.3572e-12 -1.6037e-12 4.0589e-13 4.6128e-13 2.3089e-12 -5.213e-13 -1.3694e-13 2.0794e-12 4.7291e-13 -2.3585e-12 -3.4595e-13 7.0894e-14 -3.6364e-13 -1.7194e-12 7.3986e-14 -2.6075e-12 2.8112e-12 1.0017e-12 9.3085e-13 -5.0537e-14 8.1289e-13 1.2931e-13 7.7462e-14 2.4865e-14 -1.7208e-13 1.3692e-13 1.5052e-15 6.3518e-14
3.277e-11 3.3218e-11 3.5513e-11 2.3239e-11 2.6193e-11 3.4191e-11 3.442e-11 1.6932e-11 3.173e-11 1.9693e-11 2.9081e-11 2.0913e-11 2.1196e-11 2.0098e-11 1.9365e-11 1.3823e-11 1.875e-11 1.7687e-11 1.413e-11 1.7305e-11 1.1892e-11 1.6096e-11 1.3679e-11 1.2978e-11 1.298e-11 1.1009e-11 8.7413e-12 8.7103e-12 1.2167e-11 1.2736e-11 2.2225e-11 2.0258e-12 4.8727e-12 1.1719e-11 9.863e-12 5.0944e-12 8.2675e-12 2.7921e-12 6.3822e-12 2.0333e-12 7.9131e-14 1.0818e-12 -7.4648e-13 -3.4348e-12 2.6643e-12 -1.3472e-12 7.136e-13 -2.736e-12 6.2116e-13 -1.2417e-12 -4.1923e-12 -1.8639e-12 -4.6297e-12 8.0185e-13 2.1548e-12 -2.2109e-12 -4.0531e-12 7.093e-13 -3.0064e-12 -3.7528e-12 -1.1862e-12 -3.7334e-12 -2.5545e-12 1.908e-12 2.6985e-12 1.6945e-12 -1.5138e-12 -2.0055e-12 -1.9779e-12 2.2878e-12 -8.4365e-13 1.1261e-12 2.8691e-12 5.5288e-14 -2.617e-12 -9.9064e-13 -5.0284e-13 -1.5347e-12 4.8703e-12 -7.9545e-13 9.7618e-13 7.1889e-13 3.5665e-13 -9.1698e-13 -5.3934e-14 4.1573e-13 -3.1213e-13 -1.1996e-12 4.3872e-13 -1.6256e-12 -6.9658e-14 1.0976e-12 5.4045e-13 -9.5197e-13 -3.0115e-13 2.1558e-13 -1.3689e-13 -6.2528e-14 -5.0814e-14 -7.3753e-15 1.6659e-14 3.3526e-14
3.253e-11 2.3223e-11 2.698e-11 2.1559e-11 2.7546e-11 2.1812e-11 2.1941e-11 1.4413e-11 1.9064e-11 1.2809e-11 3.1802e-11 1.5272e-11 1.3663e-11 1.6813e-11 2.1774e-11 1.5042e-11 1.4061e-11 2.1053e-11 1.0369e-11 1.8185e-11 9.1363e-12 8.8999e-12 8.5805e-12 9.332e-12 1.6317e-11 7.022e-12 9.3367e-12 1.1351e-11 6.1536e-12 9.947e-12 2.0258e-12 2.7835e-11 3.2337e-15 -1.5716e-12 5.977e-12 1.3796e-12 3.5705e-12 3.7272e-12 1.4268e-12 -4.0478e-13 -7.9763e-13 2.5769e-12 5.6636e-13 1.9736e-12 3.7659e-12 -1.6019e-12 -3.9991e-12 -2.2286e-12 -2.5344e-12 -3.8893e-13 -5.0318e-12 -1.487e-12 1.1978e-12 -4.9603e-12 -8.4238e-13 2.0669e-12 -3.588e-15 -3.1194e-13 -1.7068e-12 -1.6556e-12 3.3601e-12 -6.7135e-12 3.0549e-12 -1.7675e-12 -2.0237e-12 -1.7408e-12 -1.5472e-12 -7.0027e-13 1.9048e-12 -8.5446e-13 -2.3324e-12 1.399e-12 -3.8852e-12 -6.3229e-13 -1.4476e-12 -1.5079e-12 2.322e-13 4.0754e-13 1.5988e-12 -1.1838e-12 -7.5276e-13 1.8908e-13 1.638e-13 9.6478e-13 -4.991e-13 9.3098e-13 -1.4367e-12 -9.9264e-13 -5.6713e-13 -6.17e-15 1.6929e-12 5.2435e-14 -2.2324e-13 8.2908e-13 -8.431e-14 3.1404e-14 2.1789e-13 6.6171e-14 -4.8416e-14 1.3051e-13 3.1139e-14 -1.3796e-14
3.2305e-11 2.9796e-11 3.2606e-11 2.4975e-11 2.1873e-11 2.0559e-11 2.9452e-11 2.153e-11 2.8264e-11 1.8045e-11 2.6661e-11 2.1406e-11 2.6044e-11 1.9974e-11 1.4603e-11 1.6322e-11 1.7427e-11 1.7464e-11 1.7154e-11 1.3015e-11 1.1087e-11 1.8761e-11 1.7351e-11 9.2898e-12 1.3446e-11 8.2407e-12 1.002e-11 1.1497e-11 6.9778e-12 6.3097e-12 4.8727e-12 3.2337e-15 2.391e-11 9.765e-12 2.8928e-12 6.4368e-12 8.4266e-12 3.4217e-12 2.3976e-12 2.1408e-12 2.2887e-12 6.7762e-12 -2.7826e-12 -5.0147e-12 4.2489e-12 2.3893e-12 1.7412e-12 -1.0862e-12 4.7438e-12 1.4025e-12 -3.1764e-12 -1.3011e-12 -6.7808e-13 -1.7073e-12 -1.3279e-12 -1.4673e-12 -6.9893e-13 -1.7179e-12 -4.0051e-12 -7.8569e-13 4.2016e-12 6.9721e-13 -2.6672e-12 -1.3859e-12 1.4251e-12 -1.7911e-12 1.817e-12 -1.425e-12 1.0931e-12 1.4257e-12 2.8253e-12 -2.3575e-13 2.0892e-12 -1.9367e-13 -1.7087e-12 -2.2621e-12 -6.2096e-14 2.485e-13 2.6559e-12 -1.0874e-12 -1.3219e-13 8.6128e-13 -2.843e-12 1.2742e-12 -1.6873e-12 4.8778e-13 5.6511e-13 -1.6542e-12 1.6491e-12 -9.355e-13 5.6254e-13 1.3967e-12 5.3321e-13 -2.461e-13 6.8355e-14 4.0103e-13 -1.7669e-13 3.7855e-13 5.5116e-14 1.3994e-14 -6.1038e-14 6.6124e-15
2.6681e-11 3.0478e-11 2.9924e-11 2.1596e-11 2.0437e-11 2.8662e-11 3.7262e-11 2.1218e-11 2.9312e-11 2.0013e-11 2.4056e-11 1.6482e-11 2.2005e-11 2.4799e-11 1.9268e-11 1.973e-11 1.6349e-11 1.4961e-11 1.486e-11 1.6713e-11 1.2258e-11 1.9934e-11 1.5294e-11 1.0269e-11 9.5597e-12 1.305e-11 5.7355e-12 8.5448e-12 1.0182e-11 9.2778e-12 1.1719e-11 -1.5716e-12 9.765e-12 2.4791e-11 1.2752e-11 1.2924e-11 1.0017e-11 2.4155e-12 5.4738e-12 1.797e-12 4.0434e-13 6.6245e-12 -3.1932e-12 5.7637e-13 4.4365e-12 2.2398e-12 5.605e-13 -4.2652e-12 2.4974e-12 -1.6201e-13 -9.6938e-12 -6.024e-12 -3.7316e-12 -4.736e-13 1.1479e-12 -9.9781e-13 -5.039e-12 2.2993e-13 -7.8956e-13 -1.5723e-12 4.202e-12 -3.5081e-12 -3.4897e-12 -2.2694e-13 6.4878e-13 4.248e-13 1.1298e-12 -2.107e-12 -1.7921e-12 6.8562e-13 3.0599e-12 8.0765e-13 1.9104e-12 4.948e-13 -1.4841e-12 -9.7574e-13 -4.7058e-13 1.0131e-13 2.8238e-12 -1.2101e-13 -2.3779e-12 1.2349e-12 1.6118e-12 -2.8209e-12 -7.8496e-13 5.63e-13 1.3693e-12 -1.6321e-12 2.0498e-12 -9.6617e-13 -3.213e-13 4.8987e-13 1.6813e-14 -1.3933e-12 2.3041e-13 3.0215e-13 -9.3809e-15 4.4779e-14 -1.583e-13 2.9721e-14 3.8991e-15 5.4079e-14
