1.198e-10 9.2922e-11 7.1919e-11 7.4801e-11 6.5689e-11 6.3704e-11 6.3007e-11 3.9677e-11 5.1287e-11 3.0021e-11 2.506e-11 3.8727e-11 1.6078e-11 1.6672e-11 3.0571e-11 1.9554e-11 1.9501e-11 1.665e-11 2.7511e-12 1.464e-11 7.0544e-12 9.975e-12 4.4927e-12 -7.5081e-12 -2.1104e-12 3.6161e-12 8.6347e-12 -1.7479e-11 -6.0077e-12 -1.1257e-12 -1.2178e-12 -1.6742e-11 -9.0943e-12 6.0715e-12 -9.1064e-13 -9.6463e-13 5.9132e-12 1.0335e-12 -1.9991e-12 -4.2236e-12 -5.7044e-12 -5.9532e-12 -5.4732e-12 -6.248e-12 -3.9973e-12 -6.7402e-12 -5.5971e-12 -1.2289e-12 4.6369e-12 3.0482e-12 -3.0136e-12 -4.0246e-12 5.7671e-12 3.5925e-12 -1.0651e-11 5.1496e-12 3.4659e-13 3.383e-12 7.8808e-12 -6.2757e-15 7.9783e-14 2.2543e-12 1.2608e-12 -8.7571e-13 -1.3421e-12 -1.0171e-12 -5.4352e-13 1.1336e-12 1.8351e-13 -3.0797e-12 2.4935e-12 7.3751e-13 2.4498e-12 3.4495e-12 -2.3123e-12 1.8356e-12 1.8329e-12 4.9838e-13 -4.8805e-14 -5.978e-15 9.8258e-14 -6.6914e-15 2.8439e-14
9.2922e-11 1.1982e-10 6.3017e-11 6.3125e-11 6.6645e-11 5.1041e-11 6.0785e-11 3.0854e-11 4.4684e-11 2.5638e-11 3.0256e-11 3.1146e-11 1.7344e-11 1.6873e-11 2.6308e-11 1.5217e-11 1.8153e-11 1.5711e-11 -8.5109e-12 1.4292e-11 1.4652e-11 1.0893e-11 1.0641e-11 -3.113e-12 -4.9642e-12 -1.3551e-13 3.6123e-12 -2.0913e-11 -7.621e-12 1.238e-12 -1.3225e-12 -1.0911e-11 -1.1836e-11 2.541e-12 -4.6481e-12 -1.1953e-11 7.3684e-12 -1.06e-13 -5.0831e-12 -9.0973e-12 -1.9392e-12 1.8596e-12 2.2979e-13 -5.3315e-12 -7.5202e-12 -1.1037e-11 -4.1621e-12 -2.0486e-12 3.1541e-12 -2.1712e-12 -4.9639e-12 -5.0842e-12 3.7617e-12 1.4e-12 -8.3372e-12 4.3291e-12 4.6811e-13 1.0388e-12 5.8428e-12 -2.4996e-13 -1.3533e-12 2.9871e-12 3.3061e-12 -1.7055e-13 -2.3691e-13 2.8627e-13 -1.1628e-12 4.5873e-13 7.884e-13 -1.9425e-12 1.5255e-12 9.2703e-13 2.2873e-12 3.3457e-12 -3.0231e-12 1.7798e-12 8.6477e-13 -1.5429e-13 -6.3792e-14 -1.6721e-15 1.5738e-13 -3.2552e-15 4.5846e-14
7.1919e-11 6.3017e-11 6.9886e-11 5.8001e-11 5.0086e-11 4.3795e-11 4.6177e-11 2.0017e-11 3.5266e-11 2.2955e-11 2.2623e-11 2.5893e-11 5.0311e-12 1.4917e-11 1.6728e-11 8.484e-12 5.5308e-12 1.0572e-11 3.5022e-12 8.7705e-12 2.0184e-12 4.0076e-12 3.8314e-12 -2.1615e-13 -4.5915e-12 -1.9217e-12 1.007e-11 -1.177e-11 -3.385e-12 -3.1173e-12 -4.3968e-12 -1.0529e-11 -5.409e-12 -1.2277e-12 2.1106e-12 -2.5744e-12 3.4795e-12 -3.7892e-12 -2.4755e-12 -9.2713e-12 -8.3196e-12 -2.3179e-12 -3.8388e-12 -3.9947e-12 -5.7317e-12 -5.8058e-12 -4.6268e-14 -3.0021e-12 2.3592e-12 -1.2695e-12 -2.3129e-12 -2.6855e-12 3.3292e-12 3.8264e-12 -6.2027e-12 6.6546e-12 2.3525e-12 2.6353e-12 2.5991e-12 2.5393e-13 1.9058e-12 1.2152e-12 -1.0917e-12 -1.3031e-12 -2.6879e-13 7.9798e-13 -3.0183e-12 -8.2794e-13 -2.5101e-12 -1.7919e-12 -2.8157e-13 5.8828e-14 1.4071e-12 2.0161e-12 -1.0164e-12 1.9136e-12 8.2906e-13 5.7945e-13 1.1702e-14 -7.64e-15 7.4106e-14 -1.6175e-14 3.3024e-14
7.4801e-11 6.3125e-11 5.8001e-11 8.1838e-11 5.0469e-11 4.4644e-11 4.8638e-11 2.4811e-11 4.0226e-11 2.5637e-11 2.7121e-11 3.7338e-11 5.4758e-12 1.4295e-11 1.5091e-11 1.0528e-11 3.5902e-12 1.6428e-11 -5.2941e-12 7.1642e-12 8.2977e-12 6.4038e-12 8.293e-13 -2.5421e-12 -5.8675e-12 1.4653e-12 1.1504e-11 -1.3e-11 -3.1337e-12 1.6984e-12 -2.6703e-12 -1.355e-11 -8.167e-12 2.3727e-12 1.322e-13 1.2026e-12 4.1066e-12 -1.7053e-12 -2.777e-12 -8.403e-12 -3.4578e-12 5.0668e-12 -2.6134e-12 -6.3872e-12 -7.6158e-12 -4.2834e-12 -3.7359e-12 -2.5063e-12 2.825e-12 -1.9151e-12 -2.3663e-12 -3.6676e-12 3.8953e-12 3.5113e-12 -6.2456e-12 3.7745e-12 4.2799e-12 1.9289e-12 2.5064e-12 1.9729e-12 1.3108e-12 -6.4577e-13 -4.7469e-13 -1.9183e-12 4.3101e-13 -3.9295e-12 -2.7346e-12 -1.3036e-12 -1.9217e-12 8.0552e-14 3.7319e-13 2.9092e-13 2.3041e-12 2.0451e-12 -3.6281e-13 1.2e-12 1.0197e-12 -3.6306e-13 -2.0628e-13 -4.141e-14 6.6971e-14 -1.9162e-14 4.556e-15
6.5689e-11 6.6645e-11 5.0086e-11 5.0469e-11 6.4707e-11 3.7563e-11 4.6369e-11 1.6936e-11 3.2466e-11 1.809e-11 2.6346e-11 2.6069e-11 1.0217e-11 9.2444e-12 1.704e-11 5.4174e-12 6.1602e-12 1.4048e-11 -8.3772e-12 8.754e-12 8.2425e-12 9.1877e-12 1.8456e-12 -5.4033e-12 -1.6634e-12 5.0122e-12 1.2781e-12 -9.0236e-12 -9.6807e-12 -1.7659e-12 -2.6524e-12 -8.0849e-12 -1.2784e-11 2.4139e-12 2.2793e-13 -6.9912e-12 3.4339e-12 1.1332e-12 -4.3881e-12 -4.232e-12 5.8545e-13 5.558e-13 -2.8345e-12 -3.6971e-12 -4.0218e-12 -1.0088e-11 -4.5794e-12 -2.4875e-12 1.7052e-12 2.4359e-12 -2.7239e-12 -3.2851e-12 1.8511e-12 -7.9734e-13 -4.9926e-12 3.7138e-12 2.6349e-13 1.2097e-13 3.1277e-12 3.979e-13 -1.4752e-12 1.4424e-12 2.9763e-12 -5.4647e-13 -1.6786e-12 -1.5855e-12 -4.3453e-12 2.677e-13 -1.1924e-12 -1.5032e-12 -8.4543e-13 7.887e-13 9.6314e-14 2.5723e-12 -2.4066e-12 9.6347e-13 7.9147e-13 7.4708e-14 -1.4994e-13 -1.9243e-15 5.8531e-14 2.7954e-14 3.1164e-14
6.3704e-11 5.1041e-11 4.3795e-11 4.4644e-11 3.7563e-11 5.5303e-11 3.6277e-11 2.8976e-11 2.4673e-11 1.9219e-11 2.2793e-11 2.7411e-11 1.0424e-11 1.2596e-11 2.3431e-11 1.163e-11 9.4203e-12 1.1273e-11 3.612e-12 1.1902e-11 1.6763e-12 8.856e-12 -8.1034e-13 -5.3281e-12 -7.4648e-12 -1.1649e-12 6.8355e-12 -1.3163e-11 -2.253e-12 2.4264e-12 -2.2446e-12 -9.269e-12 -5.9555e-12 4.8662e-12 2.9854e-12 1.3606e-13 4.9233e-12 -4.4919e-12 -4.0704e-12 -9.9674e-12 -6.2709e-12 4.5846e-13 -2.618e-12 2.3216e-12 -2.7877e-12 -3.3639e-12 -1.08e-12 -1.8361e-12 3.3327e-12 2.6785e-12 -5.4764e-13 4.6889e-13 3.1431e-13 6.2532e-13 -7.5261e-12 2.8695e-12 2.165e-13 1.9939e-13 5.2379e-12 3.9851e-13 -6.6516e-13 2.5052e-12 -4.9787e-13 9.8411e-13 -1.1959e-12 -1.4217e-12 -1.11e-12 -6.3431e-13 -2.9763e-13 -2.1327e-12 3.504e-13 -4.4514e-13 2.3828e-12 1.5952e-12 -1.5142e-12 9.099e-13 6.1464e-13 4.5102e-13 -1.0131e-13 -1.2327e-13 7.6274e-14 -8.19e-15 -1.7674e-14
6.3007e-11 6.0785e-11 4.6177e-11 4.8638e-11 4.6369e-11 3.6277e-11 6.8472e-11 2.3821e-11 3.5471e-11 2.1067e-11 2.5201e-11 2.7001e-11 1.2739e-11 1.4511e-11 1.8639e-11 3.1116e-12 9.1843e-12 1.7219e-11 -2.4366e-12 1.8875e-11 3.479e-12 1.7405e-12 4.1083e-12 -4.1713e-12 -1.2897e-12 -4.4789e-12 5.1947e-12 -7.98e-12 -6.7235e-12 -3.6356e-12 -2.1594e-13 -9.2017e-12 -1.0153e-11 8.6702e-12 -1.6863e-13 -1.7852e-12 8.8341e-12 3.7056e-13 -8.111e-13 -7.8281e-12 1.62e-12 -6.364e-12 -1.5993e-12 -2.5943e-12 -1.4023e-12 -5.2228e-12 -3.0994e-12 -2.4513e-12 4.8548e-12 4.1653e-12 -3.3728e-12 -2.1589e-12 4.9335e-12 8.8771e-13 -2.7934e-12 2.8455e-12 2.8879e-12 2.092e-13 2.9886e-12 -1.1571e-12 4.5292e-13 3.554e-12 1.1595e-12 -6.6372e-13 2.5536e-12 -1.7958e-12 -2.1161e-12 -2.5921e-12 5.4401e-13 -1.2527e-13 1.2501e-12 2.1648e-13 1.1293e-12 1.7129e-12 -1.9616e-12 2.0797e-12 1.962e-13 -4.5174e-14 -2.0164e-13 -5.9346e-14 5.1632e-14 -2.8457e-14 1.0277e-14
3.9677e-11 3.0854e-11 2.0017e-11 2.4811e-11 1.6936e-11 2.8976e-11 2.3821e-11 3.3864e-11 1.6067e-11 8.4903e-12 1.5186e-11 1.3531e-11 9.5781e-12 9.942e-12 1.8466e-11 1.0392e-11 1.0748e-11 1.2172e-11 1.4047e-12 9.641e-12 3.8269e-12 6.3225e-13 2.8622e-12 -6.7865e-12 -5.0631e-12 -3.4479e-12 2.5087e-12 -9.977e-12 -1.5733e-12 -8.9961e-13 -5.0151e-13 -7.7748e-12 1.1866e-12 3.2016e-12 7.1019e-14 -3.7566e-12 5.1848e-12 -4.8702e-12 -1.6043e-12 -5.0607e-12 9.3461e-13 -7.489e-13 2.2555e-13 1.9466e-12 -1.8478e-13 -1.5912e-12 -2.4301e-12 1.2004e-12 3.1335e-12 6.9143e-13 8.908e-13 -2.1981e-12 1.3819e-12 8.017e-13 -5.9136e-12 2.6504e-12 1.3499e-12 -6.2331e-13 3.0003e-12 -5.9152e-13 -5.0874e-13 4.5083e-12 -5.606e-13 1.2529e-13 1.4493e-12 -2.7015e-12 1.0214e-12 1.4601e-14 5.9575e-13 -1.311e-12 1.5705e-12 -1.0513e-12 1.1606e-12 1.2523e-12 -8.7321e-13 4.3952e-13 1.2377e-13 2.4486e-13 -2.0293e-14 -2.6294e-14 7.9206e-14 6.9685e-15 -1.1289e-14
5.1287e-11 4.4684e-11 3.5266e-11 4.0226e-11 3.2466e-11 2.4673e-11 3.5471e-11 1.6067e-11 4.1507e-11 1.4633e-11 1.8438e-11 1.6506e-11 4.6757e-12 9.6739e-12 1.3807e-11 3.9154e-12 1.2497e-11 9.5331e-12 -3.8297e-12 4.6237e-12 4.0311e-12 2.2085e-12 2.9433e-12 -4.5427e-12 8.4296e-13 2.354e-12 2.9368e-12 -9.961e-12 -7.5392e-12 -2.5458e-12 -2.9712e-12 -1.0814e-11 -8.4687e-12 2.1859e-12 -1.3177e-12 -2.8792e-12 6.4417e-12 -2.4875e-12 2.4801e-12 -2.0465e-12 -2.2311e-13 -1.2721e-12 -4.3133e-12 -3.8878e-12 -4.2711e-12 -1.7368e-12 -3.8898e-12 -3.4399e-12 1.2714e-12 -4.7229e-13 -6.4778e-13 -6.9385e-13 4.45e-12 1.617e-12 -5.0237e-12 4.391e-12 2.3953e-12 3.5159e-12 2.2415e-12 1.1359e-12 2.0535e-12 2.4234e-12 3.5731e-13 -3.5279e-13 4.3963e-14 -1.6608e-12 -1.6836e-12 -4.0647e-13 1.1726e-12 -5.5412e-13 -3.2491e-13 8.5436e-13 7.1193e-13 1.6664e-12 -4.5363e-13 6.117e-13 4.3204e-13 -8.3733e-14 -1.707e-14 3.5458e-14 4.4794e-14 6.9456e-15 1.5274e-14
3.0021e-11 2.5638e-11 2.2955e-11 2.5637e-11 1.809e-11 1.9219e-11 2.1067e-11 8.4903e-12 1.4633e-11 2.8428e-11 6.868e-12 1.6568e-11 -6.8544e-14 3.5913e-12 1.1835e-11 4.3639e-12 2.1489e-12 9.4968e-12 -3.3618e-12 1.1643e-11 2.6896e-12 1.0365e-12 6.7566e-12 -1.1176e-12 -3.4641e-12 1.788e-12 4.9589e-12 -8.5953e-12 2.7144e-12 5.0383e-13 2.1416e-12 -3.1904e-12 -6.0955e-12 -7.1503e-13 -3.3507e-13 -1.7944e-12 1.4744e-12 -1.0807e-12 -3.0071e-12 -3.249e-12 4.4747e-13 4.1523e-12 -5.7232e-13 -1.9487e-12 -8.8006e-13 1.143e-12 -5.2176e-14 -1.0482e-12 4.1467e-12 -9.2082e-13 -8.7335e-13 -2.1035e-12 1.7424e-12 2.4794e-12 -3.6166e-12 2.8173e-12 1.3891e-12 -1.077e-12 3.6156e-12 5.3133e-14 8.5757e-13 8.4368e-13 -7.1544e-13 -1.3772e-12 -1.6347e-13 -9.8364e-13 1.5535e-13 -1.829e-12 1.156e-13 -6.4183e-13 2.3954e-13 -1.3407e-13 1.3748e-12 7.0206e-13 -8.6364e-13 3.4032e-13 6.561e-13 2.9051e-13 -1.251e-13 -3.9573e-14 1.8113e-14 -1.9724e-14 -2.0158e-14
2.506e-11 3.0256e-11 2.2623e-11 2.7121e-11 2.6346e-11 2.2793e-11 2.5201e-11 1.5186e-11 1.8438e-11 6.868e-12 3.4859e-11 1.9162e-11 6.1961e-12 8.4939e-12 1.178e-11 -2.5615e-12 2.2704e-12 7.3524e-12 -2.0133e-12 8.6334e-12 2.5457e-12 4.9761e-12 -3.7184e-13 -3.4934e-13 -1.582e-12 -4.527e-12 -6.3295e-14 -3.7479e-12 -4.5414e-12 -5.7053e-13 -2.4447e-12 -1.0976e-13 -6.4478e-12 2.0422e-12 -3.0476e-12 -1.9758e-12 3.9571e-12 -4.1627e-12 -2.4131e-12 -4.4072e-12 1.8993e-12 2.1392e-12 -4.9002e-12 -5.7973e-13 -8.8221e-13 7.2547e-14 -7.8228e-13 1.3543e-13 2.0763e-12 1.0256e-12 -1.2545e-12 9.6215e-13 1.4942e-12 -1.5788e-12 -3.0817e-12 1.82e-12 1.9191e-12 -1.8246e-12 -9.198e-13 1.4724e-13 -9.2153e-13 3.2321e-12 -1.5628e-13 1.1521e-12 1.4234e-13 -3.51e-12 -1.5267e-12 2.6744e-13 2.5571e-13 8.0174e-13 -1.512e-13 -5.8753e-13 9.0763e-13 1.6639e-12 -2.6041e-13 6.158e-13 3.8392e-14 2.1414e-13 -1.9191e-13 1.1006e-14 1.2054e-13 -8.8918e-15 1.7666e-14
3.8727e-11 3.1146e-11 2.5893e-11 3.7338e-11 2.6069e-11 2.7411e-11 2.7001e-11 1.3531e-11 1.6506e-11 1.6568e-11 1.9162e-11 4.7856e-11 3.4792e-12 -1.9955e-13 7.4658e-12 3.1806e-12 -2.6699e-12 1.7094e-11 6.61e-12 6.5941e-12 3.2264e-12 7.0341e-12 -2.5671e-12 -4.5623e-12 -8.6421e-13 4.4732e-12 4.5946e-12 -3.4642e-12 -2.3782e-12 2.8565e-12 2.5542e-12 -5.9624e-12 -5.358e-12 7.9941e-12 3.8064e-12 4.5151e-13 1.8732e-12 -5.6343e-13 1.647e-12 -3.1051e-13 -1.547e-13 1.4066e-12 -5.9058e-12 -6.8053e-12 -2.6183e-12 9.0032e-13 -3.3239e-14 1.4093e-12 3.234e-12 1.7265e-12 5.5993e-13 1.2183e-12 2.4233e-12 1.0544e-12 1.1861e-12 3.2471e-13 1.4507e-12 -1.5208e-12 2.7129e-12 1.8784e-12 -1.093e-12 -7.1474e-13 1.2366e-12 5.3024e-13 2.1446e-12 2.6132e-13 4.1463e-13 -1.067e-12 -3.155e-13 -5.0758e-13 -8.0687e-13 1.0461e-12 1.9031e-12 2.6956e-13 -6.2541e-14 7.6124e-13 1.2558e-12 5.649e-13 -7.3372e-14 -3.4919e-15 2.5781e-14 -1.1906e-14 -1.5787e-14
1.6078e-11 1.7344e-11 5.0311e-12 5.4758e-12 1.0217e-11 1.0424e-11 1.2739e-11 9.5781e-12 4.6757e-12 -6.8544e-14 6.1961e-12 3.4792e-12 2.276e-11 1.4538e-13 6.0404e-12 6.4617e-12 5.5091e-12 5.7471e-12 1.663e-12 3.1138e-12 3.0255e-12 1.6163e-12 2.2482e-12 -6.6041e-14 3.7662e-12 -1.9843e-12 -3.2599e-12 -1.5498e-12 -5.6925e-13 -7.1993e-14 1.242e-13 -7.393e-13 1.0364e-12 8.3685e-12 2.1102e-13 7.5338e-13 2.1914e-12 2.1339e-12 6.6938e-14 -2.237e-14 7.2842e-13 -9.2533e-13 -4.1833e-14 3.0277e-13 1.219e-12 -1.3772e-12 -3.2096e-12 1.593e-12 5.4973e-13 3.766e-12 -1.394e-12 4.4213e-13 2.6491e-12 -2.3914e-12 -7.2548e-13 -1.1988e-13 -1.1782e-12 1.0485e-12 2.3861e-13 -7.4959e-13 9.0393e-13 1.9099e-12 1.2907e-13 1.5949e-12 -1.0677e-13 -1.4877e-12 -7.1455e-13 3.1032e-13 9.7816e-13 -1.6891e-12 1.4255e-14 -1.0423e-13 4.1584e-13 5.1124e-13 -1.5296e-12 -4.4811e-13 5.034e-13 -1.2916e-13 1.077e-13 -7.9237e-14 4.1938e-15 -1.1562e-14 -1.5208e-15
1.6672e-11 1.6873e-11 1.4917e-11 1.4295e-11 9.2444e-12 1.2596e-11 1.4511e-11 9.942e-12 9.6739e-12 3.5913e-12 8.4939e-12 -1.9955e-13 1.4538e-13 2.4827e-11 9.4405e-12 -3.0817e-13 3.5022e-12 6.0034e-12 3.5295e-13 5.8886e-12 1.7631e-12 3.3562e-12 5.4957e-12 2.1434e-12 -8.5079e-12 -3.4253e-12 1.6409e-12 -5.6467e-12 -1.1528e-13 -3.8519e-12 -2.6342e-12 -1.8038e-12 1.5627e-12 -1.4051e-12 1.1816e-14 1.8391e-13 -1.8415e-12 -5.7183e-13 3.8567e-13 -6.5334e-12 -2.9832e-12 -2.7029e-12 3.3328e-12 -4.0132e-13 -4.2565e-12 2.1488e-12 2.8292e-12 4.903e-13 1.3601e-12 -6.6064e-13 -2.0524e-12 -3.4485e-12 -1.9946e-12 2.2276e-12 -2.7594e-12 1.9741e-12 2.5882e-12 9.6864e-14 2.4338e-12 2.7186e-13 1.0147e-12 5.1728e-12 3.3909e-13 -3.4519e-12 1.5496e-12 -1.5814e-12 -8.3656e-13 -1.3248e-12 -2.7718e-13 8.305e-13 2.4432e-12 -3.8985e-13 1.3589e-12 6.8129e-13 -3.5667e-13 1.0428e-12 -4.2448e-13 -1.7702e-13 -2.6852e-13 2.0604e-14 3.6976e-14 9.7925e-15 -2.4233e-14
3.0571e-11 2.6308e-11 1.6728e-11 1.5091e-11 1.704e-11 2.3431e-11 1.8639e-11 1.8466e-11 1.3807e-11 1.1835e-11 1.178e-11 7.4658e-12 6.0404e-12 9.4405e-12 2.4201e-11 3.5665e-12 1.0183e-11 6.0923e-12 -1.188e-12 1.4638e-11 5.2466e-13 -1.4261e-12 5.3498e-12 -6.4095e-12 -1.3017e-12 -5.5567e-13 1.4981e-12 -8.1806e-12 -2.5607e-12 -4.716e-12 -5.1124e-13 -5.8218e-12 -3.3313e-12 -1.9407e-12 -1.1734e-12 -6.4487e-12 1.8715e-12 -2.8095e-12 -2.8836e-12 -4.8696e-12 5.86e-13 -4.4592e-12 2.9823e-13 9.9305e-13 -9.903e-13 -1.8393e-12 -9.6999e-13 -1.4858e-12 3.0007e-12 3.4829e-13 5.7625e-14 -2.8851e-12 -6.2533e-13 -3.9669e-13 -4.2052e-12 1.6672e-12 8.641e-13 -2.0498e-12 2.0765e-12 -6.4806e-14 -1.3258e-13 3.3654e-12 -7.1085e-13 -1.8202e-12 -7.5494e-13 -1.7232e-12 -3.9057e-13 3.0995e-13 6.2339e-13 -1.8325e-12 4.9232e-13 -1.1902e-12 9.6579e-13 8.5723e-13 -1.3824e-12 8.644e-14 2.568e-13 1.4275e-13 -7.7089e-14 2.2407e-14 4.3632e-14 -1.5947e-14 -1.5093e-14
1.9554e-11 1.5217e-11 8.484e-12 1.0528e-11 5.4174e-12 1.163e-11 3.1116e-12 1.0392e-11 3.9154e-12 4.3639e-12 -2.5615e-12 3.1806e-12 6.4617e-12 -3.0817e-13 3.5665e-12 1.5332e-11 8.6926e-13 5.3778e-13 -3.4306e-13 8.0369e-13 1.7627e-12 2.9042e-13 -1.3265e-12 -9.7067e-13 -1.3669e-12 5.0679e-13 2.7921e-12 -3.6241e-12 2.7909e-12 2.7962e-12 -4.7508e-13 -3.9501e-12 1.4749e-12 2.4278e-12 1.0919e-14 2.2626e-12 -1.0604e-12 -7.8483e-14 -6.7668e-13 -3.4382e-13 -1.4673e-12 -1.3674e-13 4.5058e-12 2.854e-13 -1.5618e-13 -1.7295e-12 -1.7201e-12 1.0371e-12 4.8323e-13 -9.5941e-13 1.4781e-13 -7.9154e-13 3.1064e-12 6.1617e-13 -4.0477e-12 1.1367e-12 7.2027e-13 1.1853e-12 1.3126e-12 -8.2124e-13 4.919e-13 1.4708e-14 -7.2695e-13 1.4436e-12 -5.0733e-13 -1.8376e-13 3.0894e-13 8.8425e-13 -2.8084e-13 -1.6126e-12 3.7585e-13 4.7138e-13 8.0118e-13 3.9725e-13 1.7295e-14 -3.5476e-13 1.7109e-13 7.0692e-14 1.5897e-13 -2.5693e-14 1.1612e-14 6.3196e-15 -2.8797e-15
1.9501e-11 1.8153e-11 5.5308e-12 3.5902e-12 6.1602e-12 9.4203e-12 9.1843e-12 1.0748e-11 1.2497e-11 2.1489e-12 2.2704e-12 -2.6699e-12 5.5091e-12 3.5022e-12 1.0183e-11 8.6926e-13 2.9005e-11 5.0954e-12 1.4438e-12 1.9191e-12 3.7283e-12 -4.751e-12 3.3893e-12 -8.4808e-12 4.7396e-13 -8.1026e-13 8.8596e-13 -1.9541e-12 -3.5906e-12 -1.4175e-12 -1.1033e-13 -2.1682e-12 2.8298e-12 1.3369e-12 1.3817e-12 -4.2779e-12 3.7267e-12 -2.9498e-12 9.2156e-13 1.0527e-12 -8.58e-13 -6.2633e-13 -5.3209e-13 7.261e-13 -4.1517e-14 -1.6627e-12 1.2869e-12 -2.1497e-12 8.2508e-14 -3.1498e-13 -1.0546e-12 -2.5591e-12 5.7623e-13 3.4656e-13 -2.4384e-12 -8.6525e-13 -3.4476e-12 5.8669e-13 1.5176e-12 1.1072e-12 3.9586e-13 1.7408e-12 4.5958e-13 1.7326e-13 -1.6946e-12 7.8418e-13 -5.4086e-13 -5.1112e-13 3.353e-12 1.4947e-13 9.0742e-13 -1.1509e-12 4.0627e-13 5.7602e-13 -5.05e-13 4.4979e-13 -9.7861e-14 -1.2013e-13 1.3713e-14 -1.1528e-13 4.7112e-15 -7.1628e-15 1.2143e-14
1.665e-11 1.5711e-11 1.0572e-11 1.6428e-11 1.4048e-11 1.1273e-11 1.7219e-11 1.2172e-11 9.5331e-12 9.4968e-12 7.3524e-12 1.7094e-11 5.7471e-12 6.0034e-12 6.0923e-12 5.3778e-13 5.0954e-12 2.6237e-11 -1.3331e-12 4.6396e-12 3.3288e-12 3.0649e-12 6.6567e-12 -3.5758e-12 -1.952e-12 -2.8146e-12 9.4956e-13 -2.0029e-12 -1.1898e-12 -8.16e-13 1.9148e-12 -9.5428e-13 5.8192e-13 1.9575e-12 5.8464e-12 -3.1444e-12 2.3924e-12 -1.9663e-12 3.2038e-12 -3.308e-13 2.4719e-12 3.3425e-12 -1.3485e-12 1.6657e-12 -8.4698e-13 1.4425e-12 -7.5442e-13 1.7461e-12 4.7729e-12 1.1151e-12 7.0743e-13 -2.2012e-12 1.598e-12 2.7761e-13 2.5256e-12 1.58e-12 7.1312e-13 -1.5935e-12 8.5396e-13 2.096e-12 -1.2203e-13 3.0792e-12 1.9955e-12 -2.6755e-12 3.1437e-12 2.1478e-13 -6.9011e-13 -2.2016e-12 1.1623e-12 -2.8555e-13 1.4099e-13 -1.4085e-14 1.5965e-13 -2.3145e-13 -6.6198e-13 -3.8686e-14 5.8662e-13 -9.8716e-14 -8.0279e-14 -6.4396e-14 1.3061e-14 1.2284e-14 -2.0972e-14
2.7511e-12 -8.5109e-12 3.5022e-12 -5.2941e-12 -8.3772e-12 3.612e-12 -2.4366e-12 1.4047e-12 -3.8297e-12 -3.3618e-12 -2.0133e-12 6.61e-12 1.663e-12 3.5295e-13 -1.188e-12 -3.4306e-13 1.4438e-12 -1.3331e-12 2.0671e-11 -1.061e-12 -2.1835e-12 -8.5924e-13 -3.3782e-12 1.6305e-12 -2.3722e-12 -2.0735e-13 4.9879e-13 2.2345e-12 4.1148e-12 1.1562e-12 -3.9212e-13 5.8224e-13 5.3827e-12 2.5532e-12 1.451e-12 2.0576e-12 -1.5806e-12 -1.6084e-13 3.3405e-12 -6.5292e-13 -3.6762e-12 -5.4611e-12 -4.1057e-12 -1.4912e-12 1.4444e-12 2.9063e-12 3.7973e-12 1.2959e-12 -1.0626e-13 2.6923e-12 -1.5124e-12 3.4801e-12 -1.9864e-13 1.1346e-12 1.2729e-12 -3.0936e-14 -9.0317e-13 1.0013e-12 5.1245e-13 -1.7032e-12 1.4546e-12 6.7611e-13 -1.6977e-12 3.112e-13 8.8417e-13 2.0701e-12 2.272e-12 4.6077e-13 -9.0972e-13 -1.378e-12 5.12e-13 2.8713e-14 2.0071e-13 -2.9911e-13 4.6606e-15 8.2588e-13 5.3874e-13 5.8237e-13 1.9918e-13 -5.8018e-14 -2.7381e-14 -2.3831e-14 -1.7072e-14
1.464e-11 1.4292e-11 8.7705e-12 7.1642e-12 8.754e-12 1.1902e-11 1.8875e-11 9.641e-12 4.6237e-12 1.1643e-11 8.6334e-12 6.5941e-12 3.1138e-12 5.8886e-12 1.4638e-11 8.0369e-13 1.9191e-12 4.6396e-12 -1.061e-12 2.4496e-11 1.638e-12 -1.7914e-12 9.0019e-12 1.1247e-12 3.0166e-13 -1.7608e-12 3.0148e-12 -2.0202e-12 5.6664e-12 -1.6581e-12 5.9422e-12 1.6718e-12 -1.9106e-12 -5.1086e-13 -5.3401e-13 -6.5807e-13 -2.2896e-12 -1.558e-13 -2.324e-12 -4.3759e-12 2.0064e-12 -4.7264e-12 2.8909e-12 8.3555e-13 2.7348e-12 -2.5811e-13 6.458e-13 5.0578e-13 4.2146e-12 4.5899e-12 -1.6423e-12 -1.7968e-12 2.5236e-12 -3.0355e-13 -1.1663e-12 -1.1765e-12 6.2544e-13 -3.1723e-12 1.1453e-12 -9.8383e-13 1.8755e-12 4.1367e-12 -1.3842e-12 -7.76e-13 1.3364e-12 -1.7831e-12 7.8303e-13 -5.9687e-13 1.2787e-12 -1.0622e-12 1.4836e-12 -1.5615e-12 3.3944e-13 4.7961e-13 -1.2235e-12 4.9377e-13 2.1619e-13 7.4705e-14 -5.7129e-14 9.437e-14 7.2186e-14 -1.7939e-14 -2.6744e-14
7.0544e-12 1.4652e-11 2.0184e-12 8.2977e-12 8.2425e-12 1.6763e-12 3.479e-12 3.8269e-12 4.0311e-12 2.6896e-12 2.5457e-12 3.2264e-12 3.0255e-12 1.7631e-12 5.2466e-13 1.7627e-12 3.7283e-12 3.3288e-12 -2.1835e-12 1.638e-12 1.4628e-11 4.2029e-12 5.6237e-12 5.2625e-12 -4.5647e-12 4.1511e-12 -2.0299e-12 -1.8843e-12 4.7933e-12 4.308e-12 -7.0761e-13 3.1516e-12 -6.8409e-13 4.6807e-12 7.3157e-13 -2.1389e-12 1.6652e-13 1.3565e-12 5.0281e-13 -3.0835e-13 2.2343e-12 5.0784e-12 4.8762e-12 -1.0136e-12 1.2427e-12 -8.8425e-13 5.2092e-13 -7.3639e-13 -6.1151e-13 1.5334e-12 -1.0273e-12 7.0348e-13 2.4976e-12 8.8733e-13 -1.9292e-12 -2.0243e-12 7.8653e-13 -4.7825e-13 6.4023e-13 -9.0797e-15 -1.5505e-13 1.6639e-12 7.3379e-13 -1.5861e-13 5.5215e-13 -1.6261e-12 -2.7193e-14 -2.185e-13 9.2631e-13 -9.3984e-13 2.2843e-13 -2.7096e-14 -1.9436e-13 4.3545e-13 -1.4767e-12 2.1642e-13 4.5874e-13 -4.3268e-13 3.8159e-14 4.0273e-14 3.4644e-14 4.4959e-15 -1.5321e-14
9.975e-12 1.0893e-11 4.0076e-12 6.4038e-12 9.1877e-12 8.856e-12 1.7405e-12 6.3225e-13 2.2085e-12 1.0365e-12 4.9761e-12 7.0341e-12 1.6163e-12 3.3562e-12 -1.4261e-12 2.9042e-13 -4.751e-12 3.0649e-12 -8.5924e-13 -1.7914e-12 4.2029e-12 2.1691e-11 3.6772e-12 2.4658e-12 -7.3927e-13 7.4947e-13 -4.7512e-12 -7.2636e-12 -7.1086e-13 4.1867e-12 -4.2345e-13 -1.5826e-13 -3.9145e-13 4.3889e-12 7.209e-13 -2.4791e-12 -1.0763e-12 9.3394e-13 -1.4697e-12 -1.063e-12 -1.0125e-12 2.5624e-12 -1.2118e-13 -2.0615e-12 -4.225e-12 -1.3119e-12 1.9891e-13 2.5297e-12 -2.2648e-12 8.3982e-13 3.7565e-13 -4.4136e-13 -1.1963e-12 -1.2729e-13 -2.7858e-12 -1.681e-12 4.0148e-13 -1.0265e-12 3.3508e-12 2.5512e-12 -1.4354e-13 -1.0088e-12 1.1804e-12 8.7185e-13 1.2061e-13 -9.0633e-13 -3.0594e-13 3.4882e-13 5.5301e-13 -6.0514e-13 4.0855e-13 7.6492e-13 9.3273e-13 -1.3837e-13 -8.3512e-13 2.4462e-13 7.6576e-13 1.2436e-13 -5.6708e-14 -1.7248e-15 4.6123e-14 3.4866e-14 -7.7655e-15
4.4927e-12 1.0641e-11 3.8314e-12 8.293e-13 1.8456e-12 -8.1034e-13 4.1083e-12 2.8622e-12 2.9433e-12 6.7566e-12 -3.7184e-13 -2.5671e-12 2.2482e-12 5.4957e-12 5.3498e-12 -1.3265e-12 3.3893e-12 6.6567e-12 -3.3782e-12 9.0019e-12 5.6237e-12 3.6772e-12 1.7178e-11 2.3307e-12 -9.0106e-13 -1.8074e-13 -1.4891e-13 -2.4377e-12 3.1392e-12 -2.9259e-13 3.0689e-12 2.0647e-12 8.2761e-13 -1.2601e-12 2.163e-12 -5.3883e-12 -3.979e-12 9.7269e-13 4.3326e-13 -1.409e-13 1.328e-12 1.3917e-12 3.6108e-12 9.6101e-13 6.3275e-13 1.8458e-12 1.8541e-13 1.8638e-12 1.0532e-12 -7.6688e-13 -6.1313e-13 -2.2644e-12 1.6386e-12 2.6721e-12 1.014e-12 -4.8537e-13 7.0848e-13 -1.3784e-12 1.7907e-12 1.7651e-12 1.1836e-12 2.0959e-12 -2.0259e-13 -1.731e-12 1.1181e-12 -7.3604e-13 9.2547e-13 9.353e-14 8.3638e-13 -2.4846e-13 1.0939e-12 -8.1996e-13 1.5663e-13 -1.9518e-13 -8.2033e-13 -1.7869e-13 6.4165e-13 -4.9684e-14 1.0424e-14 4.6653e-14 5.4502e-14 -2.7951e-14 -1.4508e-14
-7.5081e-12 -3.113e-12 -2.1615e-13 -2.5421e-12 -5.4033e-12 -5.3281e-12 -4.1713e-12 -6.7865e-12 -4.5427e-12 -1.1176e-12 -3.4934e-13 -4.5623e-12 -6.6041e-14 2.1434e-12 -6.4095e-12 -9.7067e-13 -8.4808e-12 -3.5758e-12 1.6305e-12 1.1247e-12 5.2625e-12 2.4658e-12 2.3307e-12 1.9963e-11 -4.5958e-12 -3.4597e-12 -1.6624e-12 1.7839e-12 1.0501e-11 4.6393e-12 -4.1695e-13 7.0318e-12 -3.5484e-13 2.8738e-12 -3.9767e-13 1.0092e-12 1.4511e-13 5.2193e-12 5.7497e-13 -5.0937e-13 -1.9092e-12 1.97e-12 9.6919e-13 -2.6478e-14 2.0602e-12 2.2697e-12 1.3543e-12 2.1037e-13 8.8379e-13 3.8109e-12 -1.5255e-12 3.1518e-12 9.3872e-13 7.8306e-14 -1.7997e-12 -1.5535e-12 1.1627e-12 3.6292e-13 -1.1225e-12 -1.3229e-12 1.9374e-12 2.4547e-13 -9.2468e-13 2.4521e-13 5.6823e-13 -1.5878e-12 1.1495e-12 2.6405e-13 -8.6583e-14 2.3906e-13 1.1376e-12 3.8528e-13 -1.0358e-13 2.5841e-13 -6.5718e-13 2.5649e-13 8.819e-14 -1.9506e-13 -2.2889e-13 9.2979e-14 6.3365e-14 1.2817e-15 -9.9857e-15
-2.1104e-12 -4.9642e-12 -4.5915e-12 -5.8675e-12 -1.6634e-12 -7.4648e-12 -1.2897e-12 -5.0631e-12 8.4296e-13 -3.4641e-12 -1.582e-12 -8.6421e-13 3.7662e-12 -8.5079e-12 -1.3017e-12 -1.3669e-12 4.7396e-13 -1.952e-12 -2.3722e-12 3.0166e-13 -4.5647e-12 -7.3927e-13 -9.0106e-13 -4.5958e-12 1.992e-11 1.2922e-12 -2.5995e-12 4.5056e-12 -1.9763e-12 -2.7442e-14 5.3445e-13 -1.7023e-12 -4.3133e-13 -4.0512e-13 -1.6899e-12 -2.9295e-13 1.8547e-12 9.6654e-13 7.9874e-13 4.8114e-12 1.7389e-12 -3.9067e-12 -1.7849e-12 -1.9494e-12 1.265e-12 -1.089e-12 -4.7107e-13 -1.2619e-12 1.8489e-12 8.5703e-14 9.9697e-13 -1.7759e-13 1.1883e-12 -1.9436e-12 2.1979e-12 -1.8233e-12 -3.2572e-12 -5.1688e-13 -1.4636e-12 5.4189e-13 1.134e-12 -9.0057e-13 -3.6216e-13 2.4668e-13 5.0206e-14 -3.4486e-13 -2.7913e-13 1.0183e-12 1.7236e-12 9.5629e-13 -1.9254e-12 4.1997e-13 -2.529e-13 1.4151e-13 5.4767e-13 -6.9251e-13 3.5222e-13 1.4819e-13 1.5005e-13 1.0556e-13 4.7137e-14 -3.1391e-15 1.9703e-14
3.6161e-12 -1.3551e-13 -1.9217e-12 1.4653e-12 5.0122e-12 -1.1649e-12 -4.4789e-12 -3.4479e-12 2.354e-12 1.788e-12 -4.527e-12 4.4732e-12 -1.9843e-12 -3.4253e-12 -5.5567e-13 5.0679e-13 -8.1026e-13 -2.8146e-12 -2.0735e-13 -1.7608e-12 4.1511e-12 7.4947e-13 -1.8074e-13 -3.4597e-12 1.2922e-12 2.2672e-11 -1.011e-12 2.8452e-12 -3.6664e-12 -1.0419e-12 2.7437e-12 -1.7321e-13 -2.9739e-12 -2.3256e-12 1.9545e-12 -4.5922e-12 -1.1525e-12 5.5696e-12 5.4745e-14 4.4138e-12 2.6525e-12 5.0493e-13 6.0961e-13 -1.0591e-12 -1.388e-13 3.5205e-12 -4.9937e-13 -1.1888e-13 2.8204e-13 2.7678e-13 6.3757e-13 6.9413e-14 2.3571e-13 2.5045e-12 2.6161e-12 1.4979e-12 -2.0557e-12 4.9268e-13 1.1131e-12 9.2909e-13 -1.4921e-12 -1.0713e-12 -1.4456e-12 4.9988e-13 -1.2247e-12 5.5512e-13 5.2125e-13 1.9574e-12 1.0245e-13 2.9417e-14 -4.8494e-13 6.4092e-13 -1.2198e-13 2.7561e-13 -1.2292e-13 -3.0527e-13 7.8241e-13 4.1282e-14 -8.2058e-14 6.4779e-14 -1.3813e-14 1.0707e-14 -4.1709e-15
8.6347e-12 3.6123e-12 1.007e-11 1.1504e-11 1.2781e-12 6.8355e-12 5.1947e-12 2.5087e-12 2.9368e-12 4.9589e-12 -6.3295e-14 4.5946e-12 -3.2599e-12 1.6409e-12 1.4981e-12 2.7921e-12 8.8596e-13 9.4956e-13 4.9879e-13 3.0148e-12 -2.0299e-12 -4.7512e-12 -1.4891e-13 -1.6624e-12 -2.5995e-12 -1.011e-12 1.4014e-11 -1.8411e-14 1.5216e-12 6.593e-14 3.1522e-12 1.4006e-13 1.9792e-12 -1.635e-12 2.1503e-12 3.7407e-12 8.7685e-13 -3.6924e-12 1.473e-12 -6.7559e-13 -3.1334e-12 4.0087e-13 6.8722e-13 2.7648e-12 1.6805e-12 3.095e-12 -1.4919e-12 1.2575e-13 -5.1971e-14 -1.8159e-12 6.4546e-14 1.5839e-13 2.3106e-12 2.4561e-12 1.4404e-12 7.6223e-13 2.6083e-12 1.7077e-12 1.2075e-12 1.0594e-12 8.0061e-13 -5.4757e-13 -9.0814e-13 1.9214e-16 1.5361e-13 8.9816e-13 1.0437e-12 3.7419e-13 -1.2168e-12 2.7379e-13 1.6023e-13 -3.2417e-13 2.0311e-13 7.8721e-13 6.0786e-15 3.8594e-13 -1.8123e-13 7.9517e-14 -3.7985e-14 -5.5643e-14 -2.4011e-14 -2.7108e-14 -1.7389e-14
-1.7479e-11 -2.0913e-11 -1.177e-11 -1.3e-11 -9.0236e-12 -1.3163e-11 -7.98e-12 -9.977e-12 -9.961e-12 -8.5953e-12 -3.7479e-12 -3.4642e-12 -1.5498e-12 -5.6467e-12 -8.1806e-12 -3.6241e-12 -1.9541e-12 -2.0029e-12 2.2345e-12 -2.0202e-12 -1.8843e-12 -7.2636e-12 -2.4377e-12 1.7839e-12 4.5056e-12 2.8452e-12 -1.8411e-14 1.8623e-11 6.8978e-13 1.7968e-12 2.4192e-12 6.4398e-12 1.1126e-12 2.1374e-12 2.9303e-12 4.8926e-12 -1.9169e-12 3.6021e-12 2.0222e-12 6.3061e-12 -5.178e-13 -2.0769e-12 9.1227e-13 2.6445e-12 4.4861e-12 4.6501e-12 2.1684e-12 2.1625e-12 5.6268e-13 2.9318e-13 -1.5406e-12 2.2531e-12 2.0445e-12 1.5597e-13 4.9875e-12 -2.523e-12 -1.7108e-12 -1.5677e-12 -3.1306e-12 -9.2937e-13 -8.8777e-13 -8.4632e-13 1.2339e-13 4.9419e-13 1.0011e-12 2.0548e-12 -1.2229e-12 1.877e-12 -5.2039e-14 9.6438e-13 9.6963e-14 -2.6902e-14 -1.1458e-12 -8.251e-14 9.1679e-13 -9.9509e-14 -1.0305e-13 -2.0713e-13 1.2807e-13 1.338e-14 -2.5403e-15 -4.7559e-15 9.0916e-15
-6.0077e-12 -7.621e-12 -3.385e-12 -3.1337e-12 -9.6807e-12 -2.253e-12 -6.7235e-12 -1.5733e-12 -7.5392e-12 2.7144e-12 -4.5414e-12 -2.3782e-12 -5.6925e-13 -1.1528e-13 -2.5607e-12 2.7909e-12 -3.5906e-12 -1.1898e-12 4.1148e-12 5.6664e-12 4.7933e-12 -7.1086e-13 3.1392e-12 1.0501e-11 -1.9763e-12 -3.6664e-12 1.5216e-12 6.8978e-13 1.6698e-11 5.679e-12 -1.2614e-12 5.3535e-12 2.8756e-12 9.9886e-13 2.6342e-12 4.3878e-12 -2.4685e-12 2.5511e-12 2.2391e-13 -1.8026e-12 -1.1959e-12 2.2353e-13 3.4435e-12 1.4781e-12 4.3206e-12 1.8514e-12 2.5191e-12 1.3402e-12 1.4449e-12 2.9838e-12 -9.9283e-13 1.8504e-12 1.9948e-12 7.1534e-13 -1.8024e-12 -3.8758e-12 5.8742e-13 -3.1838e-13 -9.3006e-13 -2.8146e-12 2.7614e-12 2.0181e-12 -1.6521e-12 1.0758e-14 3.6488e-13 -1.4585e-12 2.2278e-12 -5.6684e-13 6.6351e-15 -4.4303e-13 3.6484e-13 -5.7011e-14 6.7315e-13 3.6194e-13 -4.9693e-13 -1.1371e-13 2.8093e-13 -2.0141e-13 -1.0937e-14 2.6714e-14 6.6893e-14 -1.067e-14 -3.6107e-14
-1.1257e-12 1.238e-12 -3.1173e-12 1.6984e-12 -1.7659e-12 2.4264e-12 -3.6356e-12 -8.9961e-13 -2.5458e-12 5.0383e-13 -5.7053e-13 2.8565e-12 -7.1993e-14 -3.8519e-12 -4.716e-12 2.7962e-12 -1.4175e-12 -8.16e-13 1.1562e-12 -1.6581e-12 4.308e-12 4.1867e-12 -2.9259e-13 4.6393e-12 -2.7442e-14 -1.0419e-12 6.593e-14 1.7968e-12 5.679e-12 1.4181e-11 -2.0791e-12 8.5299e-13 -1.2479e-12 1.8186e-12 3.7771e-12 -1.7274e-13 4.363e-13 2.479e-12 2.4021e-13 1.1849e-12 -1.4519e-12 4.7341e-12 1.2392e-12 1.3961e-12 1.0766e-12 -2.768e-14 1.0917e-12 9.4465e-13 -7.3976e-15 2.0924e-13 -1.0021e-12 3.2799e-12 3.2901e-12 -1.1131e-12 -2.1678e-12 -3.5881e-12 -3.2566e-13 -7.2117e-13 1.4598e-12 -1.2848e-12 -6.4756e-13 -7.3551e-13 3.7184e-13 3.1226e-13 -2.1334e-13 -1.2425e-12 5.1745e-13 3.534e-13 4.2689e-13 -5.2177e-13 -2.9497e-13 5.8049e-13 -7.304e-15 2.5497e-13 1.5029e-13 -6.1108e-14 2.6803e-13 4.2447e-14 6.2639e-14 2.12e-14 5.538e-15 -5.3724e-15 -2.4038e-14
-1.2178e-12 -1.3225e-12 -4.3968e-12 -2.6703e-12 -2.6524e-12 -2.2446e-12 -2.1594e-13 -5.0151e-13 -2.9712e-12 2.1416e-12 -2.4447e-12 2.5542e-12 1.242e-13 -2.6342e-12 -5.1124e-13 -4.7508e-13 -1.1033e-13 1.9148e-12 -3.9212e-13 5.9422e-12 -7.0761e-13 -4.2345e-13 3.0689e-12 -4.1695e-13 5.3445e-13 2.7437e-12 3.1522e-12 2.4192e-12 -1.2614e-12 -2.0791e-12 1.6625e-11 3.5929e-13 2.2588e-12 -8.6681e-13 -2.0057e-12 6.6895e-13 -6.4267e-12 3.6032e-12 2.7774e-12 3.2821e-12 -4.7146e-13 2.4511e-12 -6.1185e-13 -5.4712e-13 1.5707e-13 2.5816e-12 -1.6301e-12 1.6535e-12 5.7461e-13 1.8577e-12 3.6213e-15 -4.7523e-13 -1.2984e-13 6.4689e-13 3.4614e-12 -1.398e-13 -1.6478e-12 -1.3279e-12 -3.1322e-14 1.5877e-12 1.1253e-12 -4.7067e-13 -1.7627e-12 7.8331e-13 1.9738e-12 8.7645e-13 1.7853e-12 1.1615e-12 3.6531e-13 5.9405e-13 1.0107e-12 -4.9679e-13 4.1824e-13 -6.3292e-13 -1.2537e-12 4.1734e-13 2.8518e-13 -1.4126e-13 -2.2019e-13 -2.3143e-16 -3.7776e-14 4.7846e-14 -1.8312e-15
-1.6742e-11 -1.0911e-11 -1.0529e-11 -1.355e-11 -8.0849e-12 -9.269e-12 -9.2017e-12 -7.7748e-12 -1.0814e-11 -3.1904e-12 -1.0976e-13 -5.9624e-12 -7.393e-13 -1.8038e-12 -5.8218e-12 -3.9501e-12 -2.1682e-12 -9.5428e-13 5.8224e-13 1.6718e-12 3.1516e-12 -1.5826e-13 2.0647e-12 7.0318e-12 -1.7023e-12 -1.7321e-13 1.4006e-13 6.4398e-12 5.3535e-12 8.5299e-13 3.5929e-13 1.6091e-11 2.5478e-12 1.33e-12 -1.8958e-12 4.4026e-12 -1.3491e-13 5.6788e-13 2.4781e-13 6.5689e-13 8.9666e-13 1.0188e-12 8.0453e-13 4.2991e-12 5.6477e-12 4.0824e-12 1.3609e-12 -3.8639e-13 -2.5174e-13 2.0853e-12 2.6534e-14 2.3632e-12 7.1189e-13 -1.8076e-13 2.8316e-12 -4.6601e-13 -9.9823e-13 -1.4596e-12 -4.7248e-13 -8.2891e-13 -5.2183e-13 6.0958e-13 -4.8083e-13 1.2919e-14 -5.1196e-13 1.3968e-12 7.4714e-13 3.4384e-14 1.1405e-12 -9.7105e-14 8.9302e-13 -7.1674e-13 -1.0994e-12 5.1734e-13 -1.3172e-13 -3.1716e-13 -9.7669e-14 2.0196e-13 1.4383e-13 1.9039e-14 1.5342e-14 -6.1946e-15 -1.7811e-14
-9.0943e-12 -1.1836e-11 -5.409e-12 -8.167e-12 -1.2784e-11 -5.9555e-12 -1.0153e-11 1.1866e-12 -8.4687e-12 -6.0955e-12 -6.4478e-12 -5.358e-12 1.0364e-12 1.5627e-12 -3.3313e-12 1.4749e-12 2.8298e-12 5.8192e-13 5.3827e-12 -1.9106e-12 -6.8409e-13 -3.9145e-13 8.2761e-13 -3.5484e-13 -4.3133e-13 -2.9739e-12 1.9792e-12 1.1126e-12 2.8756e-12 -1.2479e-12 2.2588e-12 2.5478e-12 1.2647e-11 2.8944e-13 -1.297e-12 8.6837e-13 -1.999e-12 -2.4968e-13 2.4639e-12 4.6185e-13 -1.3943e-12 -7.8708e-13 2.1974e-12 3.1207e-14 1.4081e-13 2.0791e-12 2.9352e-12 1.7894e-12 -2.0581e-12 -1.0201e-12 -7.278e-14 -1.2012e-12 -6.3362e-13 1.8865e-12 1.1454e-12 -1.0925e-12 -9.678e-13 -4.1916e-13 9.6543e-13 8.3064e-13 1.9982e-12 -3.7899e-13 -1.1588e-12 3.6661e-13 1.2688e-12 1.1941e-12 1.7637e-13 -2.6785e-13 7.4049e-13 -5.8017e-13 6.4773e-13 -7.3537e-13 4.322e-14 -6.283e-13 1.5816e-13 1.8244e-13 -1.5767e-13 1.3455e-13 1.0724e-13 -3.4989e-14 -1.5312e-15 -9.5589e-15 -1.8863e-14
6.0715e-12 2.541e-12 -1.2277e-12 2.3727e-12 2.4139e-12 4.8662e-12 8.6702e-12 3.2016e-12 2.1859e-12 -7.1503e-13 2.0422e-12 7.9941e-12 8.3685e-12 -1.4051e-12 -1.9407e-12 2.4278e-12 1.3369e-12 1.9575e-12 2.5532e-12 -5.1086e-13 4.6807e-12 4.3889e-12 -1.2601e-12 2.8738e-12 -4.0512e-13 -2.3256e-12 -1.635e-12 2.1374e-12 9.9886e-13 1.8186e-12 -8.6681e-13 1.33e-12 2.8944e-13 1.9521e-11 2.3601e-12 4.9426e-12 2.606e-12 1.551e-12 2.0122e-12 1.5347e-12 6.4061e-13 9.8207e-13 3.7449e-13 2.1744e-12 3.057e-12 2.2794e-12 1.3807e-13 6.326e-13 5.6575e-13 2.476e-12 3.1894e-14 1.7633e-12 5.8589e-13 5.2839e-13 -1.1163e-12 -1.7289e-12 5.8251e-13 3.5049e-13 9.1823e-13 1.1906e-12 1.3301e-12 -9.965e-13 1.9073e-12 3.2189e-12 2.41e-13 -1.5069e-13 -3.8979e-13 -1.4498e-14 9.4974e-13 -4.5504e-15 2.1648e-13 1.8641e-13 2.7201e-13 3.2169e-13 -1.0972e-12 4.3033e-13 5.0461e-14 -8.5914e-15 2.0916e-13 -1.0339e-13 -1.2566e-14 -2.8476e-15 -1.2356e-14
-9.1064e-13 -4.6481e-12 2.1106e-12 1.322e-13 2.2793e-13 2.9854e-12 -1.6863e-13 7.1019e-14 -1.3177e-12 -3.3507e-13 -3.0476e-12 3.8064e-12 2.1102e-13 1.1816e-14 -1.1734e-12 1.0919e-14 1.3817e-12 5.8464e-12 1.451e-12 -5.3401e-13 7.3157e-13 7.209e-13 2.163e-12 -3.9767e-13 -1.6899e-12 1.9545e-12 2.1503e-12 2.9303e-12 2.6342e-12 3.7771e-12 -2.0057e-12 -1.8958e-12 -1.297e-12 2.3601e-12 1.3513e-11 -1.9069e-13 -2.99e-14 4.7727e-13 1.21e-12 1.0272e-12 -1.7919e-12 -3.9795e-13 1.7764e-12 4.5912e-12 3.7487e-13 1.8234e-12 1.1749e-12 2.0389e-12 1.7208e-12 -2.2425e-13 1.321e-12 -2.01e-14 1.966e-12 8.7901e-13 1.4319e-12 -1.6912e-12 1.7334e-12 4.2331e-13 -1.2629e-12 8.8341e-13 -4.8878e-13 1.1408e-12 7.8797e-13 5.9635e-14 -5.5917e-13 5.8921e-13 -3.9266e-13 -4.6418e-13 -7.3094e-13 1.6637e-13 -6.2816e-13 3.2945e-13 5.011e-13 -2.2891e-13 1.0079e-13 2.733e-13 3.7641e-13 -9.7005e-14 -1.0664e-15 -3.9642e-14 -4.5526e-14 8.7202e-15 -1.2418e-14
-9.6463e-13 -1.1953e-11 -2.5744e-12 1.2026e-12 -6.9912e-12 1.3606e-13 -1.7852e-12 -3.7566e-12 -2.8792e-12 -1.7944e-12 -1.9758e-12 4.5151e-13 7.5338e-13 1.8391e-13 -6.4487e-12 2.2626e-12 -4.2779e-12 -3.1444e-12 2.0576e-12 -6.5807e-13 -2.1389e-12 -2.4791e-12 -5.3883e-12 1.0092e-12 -2.9295e-13 -4.5922e-12 3.7407e-12 4.8926e-12 4.3878e-12 -1.7274e-13 6.6895e-13 4.4026e-12 8.6837e-13 4.9426e-12 -1.9069e-13 2.2151e-11 -1.1731e-13 -8.9642e-13 8.9895e-14 -1.7186e-13 -4.224e-12 2.2865e-12 1.6408e-12 -4.1771e-13 2.6687e-12 3.8154e-12 4.4452e-13 2.0336e-12 8.1556e-14 2.3095e-12 5.0116e-14 2.5859e-12 2.571e-12 -1.852e-12 9.4379e-13 2.9856e-13 5.521e-14 1.47e-12 -8.7062e-13 -9.5662e-13 3.7022e-13 1.9169e-12 6.9125e-14 8.6726e-13 8.2252e-13 1.304e-12 -2.3214e-13 -1.2025e-12 -8.6971e-14 -9.7755e-13 8.114e-13 3.089e-13 2.9938e-13 4.7545e-13 7.062e-13 -2.0578e-13 -2.963e-13 -2.3816e-14 2.375e-13 -1.1194e-14 -4.7055e-14 1.1425e-14 1.6616e-15
5.9132e-12 7.3684e-12 3.4795e-12 4.1066e-12 3.4339e-12 4.9233e-12 8.8341e-12 5.1848e-12 6.4417e-12 1.4744e-12 3.9571e-12 1.8732e-12 2.1914e-12 -1.8415e-12 1.8715e-12 -1.0604e-12 3.7267e-12 2.3924e-12 -1.5806e-12 -2.2896e-12 1.6652e-13 -1.0763e-12 -3.979e-12 1.4511e-13 1.8547e-12 -1.1525e-12 8.7685e-13 -1.9169e-12 -2.4685e-12 4.363e-13 -6.4267e-12 -1.3491e-13 -1.999e-12 2.606e-12 -2.99e-14 -1.1731e-13 1.7746e-11 -3.0224e-12 -6.4876e-13 -1.35e-12 2.3929e-13 2.3971e-12 -1.7343e-12 1.3702e-12 1.6026e-12 9.533e-13 -1.2512e-12 -1.021e-12 1.8072e-12 2.5465e-13 7.6061e-13 1.4441e-12 -1.2917e-12 -8.1043e-13 -9.8537e-13 1.3458e-12 5.2014e-13 1.0978e-12 1.9988e-12 -7.1118e-13 -7.129e-13 8.4497e-13 1.6158e-12 1.3031e-12 -1.5294e-13 -2.6839e-13 -9.1869e-13 -7.0524e-13 1.4047e-12 -5.2966e-13 4.6707e-13 5.9733e-13 -1.342e-13 1.2994e-12 -1.143e-13 1.0943e-13 -3.6379e-13 4.8595e-14 -8.8393e-14 -6.479e-14 4.7508e-14 -1.5395e-14 1.7493e-15
1.0335e-12 -1.06e-13 -3.7892e-12 -1.7053e-12 1.1332e-12 -4.4919e-12 3.7056e-13 -4.8702e-12 -2.4875e-12 -1.0807e-12 -4.1627e-12 -5.6343e-13 2.1339e-12 -5.7183e-13 -2.8095e-12 -7.8483e-14 -2.9498e-12 -1.9663e-12 -1.6084e-13 -1.558e-13 1.3565e-12 9.3394e-13 9.7269e-13 5.2193e-12 9.6654e-13 5.5696e-12 -3.6924e-12 3.6021e-12 2.5511e-12 2.479e-12 3.6032e-12 5.6788e-13 -2.4968e-13 1.551e-12 4.7727e-13 -8.9642e-13 -3.0224e-12 1.3371e-11 2.444e-12 3.4286e-12 1.6049e-12 -6.9468e-13 1.1012e-12 -1.0537e-12 1.9321e-13 1.7634e-12 8.6669e-13 8.5478e-13 1.1688e-12 2.3778e-12 -6.1737e-13 5.2765e-13 -2.5684e-13 9.0923e-13 1.5927e-12 -1.855e-12 -1.4556e-12 -4.9029e-13 4.3701e-13 -8.7097e-13 4.8034e-13 -7.9059e-13 -1.4591e-12 7.7823e-13 -2.9735e-13 -1.4417e-12 4.42e-13 1.1038e-12 3.1153e-13 3.6553e-13 8.2864e-13 8.6789e-13 7.8573e-13 4.6043e-14 -7.272e-13 2.657e-14 3.9798e-13 -5.2661e-14 -2.5525e-13 1.3059e-14 -1.7852e-14 8.0734e-16 -8.504e-15
-1.9991e-12 -5.0831e-12 -2.4755e-12 -2.777e-12 -4.3881e-12 -4.0704e-12 -8.111e-13 -1.6043e-12 2.4801e-12 -3.0071e-12 -2.4131e-12 1.647e-12 6.6938e-14 3.8567e-13 -2.8836e-12 -6.7668e-13 9.2156e-13 3.2038e-12 3.3405e-12 -2.324e-12 5.0281e-13 -1.4697e-12 4.3326e-13 5.7497e-13 7.9874e-13 5.4745e-14 1.473e-12 2.0222e-12 2.2391e-13 2.4021e-13 2.7774e-12 2.4781e-13 2.4639e-12 2.0122e-12 1.21e-12 8.9895e-14 -6.4876e-13 2.444e-12 1.0424e-11 2.2298e-12 8.3596e-13 -6.0719e-13 -5.424e-13 8.4951e-13 1.3009e-12 2.5911e-12 -7.3375e-13 -2.0353e-12 6.1301e-13 1.3688e-12 1.1629e-12 1.9959e-12 8.2051e-13 2.2841e-12 3.7831e-12 -5.2537e-13 1.1855e-12 1.7445e-12 2.2785e-13 3.5017e-14 1.3046e-12 5.9023e-13 -4.0811e-13 -4.5337e-14 1.394e-12 -6.1236e-13 4.8184e-13 -2.6529e-14 1.628e-13 -2.4648e-14 1.6957e-13 2.0625e-13 2.6608e-13 -6.4694e-13 -5.8531e-13 2.6328e-13 8.8791e-14 8.4877e-15 -5.9076e-14 -7.6313e-14 -3.9207e-14 -5.6035e-15 -1.5929e-14
-4.2236e-12 -9.0973e-12 -9.2713e-12 -8.403e-12 -4.232e-12 -9.9674e-12 -7.8281e-12 -5.0607e-12 -2.0465e-12 -3.249e-12 -4.4072e-12 -3.1051e-13 -2.237e-14 -6.5334e-12 -4.8696e-12 -3.4382e-13 1.0527e-12 -3.308e-13 -6.5292e-13 -4.3759e-12 -3.0835e-13 -1.063e-12 -1.409e-13 -5.0937e-13 4.8114e-12 4.4138e-12 -6.7559e-13 6.3061e-12 -1.8026e-12 1.1849e-12 3.2821e-12 6.5689e-13 4.6185e-13 1.5347e-12 1.0272e-12 -1.7186e-13 -1.35e-12 3.4286e-12 2.2298e-12 9.48e-12 2.3039e-12 1.3528e-12 -1.0799e-12 -1.9175e-13 2.2021e-12 3.2833e-12 -1.2982e-12 2.4139e-12 -6.7979e-13 2.1786e-13 6.9461e-13 -9.5404e-15 2.1852e-12 -1.2806e-13 2.225e-12 -8.125e-13 -1.4894e-12 1.1283e-13 -7.752e-13 1.0016e-12 -2.0964e-13 -2.0281e-12 8.6188e-13 9.4132e-13 -5.9629e-13 9.1182e-13 6.3511e-13 1.2299e-12 5.5292e-13 6.5386e-13 -2.9412e-14 6.5022e-13 -4.611e-13 -3.3763e-13 1.8422e-13 -3.5429e-13 3.4902e-13 3.5733e-14 -5.7636e-14 4.495e-14 -1.8022e-14 2.3283e-15 1.0096e-14
-5.7044e-12 -1.9392e-12 -8.3196e-12 -3.4578e-12 5.8545e-13 -6.2709e-12 1.62e-12 9.3461e-13 -2.2311e-13 4.4747e-13 1.8993e-12 -1.547e-13 7.2842e-13 -2.9832e-12 5.86e-13 -1.4673e-12 -8.58e-13 2.4719e-12 -3.6762e-12 2.0064e-12 2.2343e-12 -1.0125e-12 1.328e-12 -1.9092e-12 1.7389e-12 2.6525e-12 -3.1334e-12 -5.178e-13 -1.1959e-12 -1.4519e-12 -4.7146e-13 8.9666e-13 -1.3943e-12 6.4061e-13 -1.7919e-12 -4.224e-12 2.3929e-13 1.6049e-12 8.3596e-13 2.3039e-12 9.8403e-12 4.056e-13 2.0547e-12 1.1826e-12 7.6412e-13 6.0674e-13 -1.4891e-13 -1.1805e-13 5.1277e-13 1.0099e-12 1.0028e-12 -9.8905e-13 1.2194e-12 -2.3047e-13 1.9272e-12 -8.758e-14 6.926e-13 -8.3582e-13 -4.6323e-13 6.0518e-13 -2.7987e-13 4.9417e-13 2.583e-13 1.0369e-12 1.3437e-13 -2.5013e-12 2.3892e-13 -3.338e-13 4.0979e-13 2.9112e-13 -3.2664e-13 -1.5808e-13 -6.8593e-13 -3.9601e-13 -2.2075e-13 -4.8075e-13 -1.7735e-13 3.1853e-14 -3.3082e-14 -8.7387e-15 1.539e-14 -3.4939e-14 -3.1097e-15
-5.9532e-12 1.8596e-12 -2.3179e-12 5.0668e-12 5.558e-13 4.5846e-13 -6.364e-12 -7.489e-13 -1.2721e-12 4.1523e-12 2.1392e-12 1.4066e-12 -9.2533e-13 -2.7029e-12 -4.4592e-12 -1.3674e-13 -6.2633e-13 3.3425e-12 -5.4611e-12 -4.7264e-12 5.0784e-12 2.5624e-12 1.3917e-12 1.97e-12 -3.9067e-12 5.0493e-13 4.0087e-13 -2.0769e-12 2.2353e-13 4.7341e-12 2.4511e-12 1.0188e-12 -7.8708e-13 9.8207e-13 -3.9795e-13 2.2865e-12 2.3971e-12 -6.9468e-13 -6.0719e-13 1.3528e-12 4.056e-13 1.5875e-11 1.2594e-13 5.0368e-13 -7.3505e-13 2.0633e-12 -9.5436e-13 1.1434e-12 3.2964e-13 -1.0218e-12 4.9734e-13 3.6407e-13 -5.0795e-13 -1.2127e-12 -1.5483e-13 1.0796e-12 -1.4963e-12 -4.5345e-13 7.43e-13 1.3808e-12 -3.0477e-13 -8.5754e-13 3.1106e-13 7.7401e-13 6.533e-13 -8.7197e-13 -2.3386e-13 -8.1144e-13 8.887e-15 -4.245e-14 -1.9252e-13 -1.5858e-13 2.1075e-13 -1.0319e-13 -5.0888e-13 -5.5517e-13 -1.0265e-13 -1.4397e-13 -1.314e-13 -6.1996e-14 2.4296e-15 8.0587e-15 2.4804e-15
