3.2614e-11 1.2702e-11 1.6173e-11 6.6626e-12 1.224e-11 -4.2102e-12 7.5329e-12 -5.3173e-14 5.2549e-12 2.4523e-12 1.0439e-11 9.6794e-12 -1.8711e-12 5.9067e-13 4.4067e-13 7.3491e-12 3.4867e-12 2.5313e-12 7.3928e-12 1.0199e-12 1.0849e-12 -2.1363e-12 3.2532e-12 -5.2672e-13 -9.5616e-13 -7.5709e-13 6.8606e-13 6.7114e-12 -4.8841e-12 -2.9081e-13 2.3212e-12 9.3888e-13 1.7676e-12 -1.324e-13 3.5755e-12 6.6491e-12 1.8593e-12 1.4645e-12 2.8858e-12 -1.8204e-13 3.745e-12 2.2517e-12 -1.5672e-12 2.2719e-12 -1.2913e-12 1.5524e-12 -1.4576e-13 8.2451e-13 -3.1754e-13 3.8419e-12 -2.0877e-12 -6.3708e-13 8.0795e-13 9.3252e-13 -3.3419e-14 -6.3484e-13 1.0479e-12 1.0861e-12 4.7225e-14 -4.6516e-14 -2.5833e-13 1.6483e-13 4.7219e-13 5.5084e-14 1.2741e-14 -3.4616e-15 1.0216e-14
1.2702e-11 2.9309e-11 1.0331e-11 9.6285e-12 1.0671e-11 -1.7051e-12 1.2721e-11 3.5388e-12 3.3085e-12 1.5772e-12 7.3693e-12 8.2849e-12 -5.1424e-13 5.899e-12 3.7185e-12 7.1128e-12 4.5105e-12 5.1087e-12 3.3166e-12 -1.0486e-12 3.9891e-12 -2.0767e-12 6.2845e-12 1.039e-13 -5.1546e-13 4.3872e-12 5.0217e-12 3.0444e-12 -3.5003e-13 3.3039e-12 3.2736e-13 9.373e-13 3.1577e-12 -2.8606e-12 5.2694e-12 1.7929e-12 -7.4118e-13 5.1344e-13 3.9137e-13 2.8805e-12 -1.7054e-12 -1.138e-12 3.3342e-13 1.4369e-12 -3.8327e-13 4.9466e-13 -1.2122e-12 5.0789e-13 3.2933e-12 2.9315e-12 -2.3448e-12 -5.4291e-13 1.1463e-12 -7.6463e-13 -5.781e-13 1.9646e-13 1.3871e-12 4.0237e-13 2.2033e-13 1.102e-12 -8.033e-13 6.7548e-13 5.657e-13 7.2938e-14 -3.2008e-14 1.1221e-14 -1.537e-14
1.6173e-11 1.0331e-11 3.6134e-11 7.7133e-12 4.7888e-12 -4.1341e-12 9.6078e-12 -6.4411e-12 8.2954e-12 2.7912e-12 4.6242e-12 1.6244e-11 -4.1463e-13 4.2014e-12 1.094e-12 3.6507e-12 2.3117e-12 5.5293e-12 6.5246e-12 2.3366e-12 1.2759e-12 -6.7015e-13 1.4121e-13 -3.6829e-13 -1.6366e-12 1.6189e-12 1.9095e-12 -9.0152e-13 2.6254e-12 7.5736e-13 2.1447e-13 -2.2655e-12 -1.264e-13 -8.7287e-14 4.119e-12 5.2148e-12 1.4064e-14 7.8008e-13 3.5615e-12 3.2904e-12 -4.0115e-13 5.5001e-12 1.6131e-12 -1.0087e-12 3.9335e-12 1.6097e-12 -2.3451e-12 3.7186e-12 1.1469e-12 1.9527e-12 7.2036e-13 2.9701e-13 1.3134e-12 -6.5102e-13 2.1514e-12 1.8348e-13 9.3208e-13 1.0942e-12 6.572e-13 -2.4977e-13 -1.3956e-12 4.8634e-14 5.5573e-13 2.4037e-13 4.9486e-15 -2.7539e-14 2.3259e-14
6.6626e-12 9.6285e-12 7.7133e-12 2.9288e-11 8.0089e-12 7.2724e-12 1.8979e-11 1.0416e-11 1.2737e-11 2.1494e-12 6.042e-12 1.9292e-12 5.1226e-12 5.0173e-12 4.9151e-12 5.4376e-12 1.118e-11 1.256e-11 8.2316e-12 3.1229e-12 6.1701e-12 9.7854e-12 2.1312e-12 5.7991e-12 3.5328e-12 3.4362e-12 3.1055e-12 2.0752e-12 1.0993e-12 2.6438e-12 5.1227e-12 6.226e-13 6.278e-14 -4.8571e-12 4.1714e-12 4.7334e-12 2.9137e-12 9.6583e-13 -1.2563e-13 5.3432e-12 -3.4731e-13 1.2884e-12 -1.7522e-13 1.3034e-12 -2.7682e-12 -2.3469e-12 -7.9224e-13 -3.6798e-13 2.8414e-12 1.3626e-12 -1.1138e-12 -2.3391e-12 1.4868e-12 2.6491e-13 -3.4187e-14 2.2796e-12 -3.0355e-13 2.5931e-13 3.676e-13 -2.1186e-13 -6.9588e-13 6.8281e-13 1.7134e-13 -2.0877e-13 5.3911e-14 1.9667e-14 -2.6627e-14
1.224e-11 1.0671e-11 4.7888e-12 8.0089e-12 2.7471e-11 2.492e-13 1.0771e-11 3.0153e-12 3.3176e-12 7.1144e-12 4.6571e-12 -1.1095e-12 2.4594e-12 -1.2101e-13 9.659e-13 7.5168e-12 1.0176e-11 2.902e-12 5.635e-12 6.9423e-12 3.6595e-12 6.7964e-12 1.5149e-12 -1.3951e-12 -4.6406e-12 3.8281e-13 3.1389e-12 2.71e-12 -8.8733e-13 5.5846e-12 2.5163e-12 3.7749e-12 2.7097e-12 2.7848e-12 2.3504e-12 8.2193e-12 3.1966e-13 2.2361e-12 6.3901e-13 4.3936e-12 -3.8917e-13 1.0024e-12 1.7794e-12 3.8212e-12 -4.2782e-13 1.2132e-14 -7.0196e-13 7.658e-13 -5.2567e-13 9.6414e-13 -1.7219e-13 5.5131e-13 2.5832e-12 -2.0756e-12 -6.1924e-13 6.1845e-13 -3.7942e-14 -5.9298e-13 4.4363e-13 1.8173e-13 -2.6133e-13 5.6668e-13 -1.3297e-13 1.3643e-13 2.1566e-14 -7.7228e-15 7.8468e-15
-4.2102e-12 -1.7051e-12 -4.1341e-12 7.2724e-12 2.492e-13 2.7298e-11 -2.6041e-12 8.3765e-12 1.3416e-11 6.1414e-12 3.4765e-12 1.3391e-12 4.1846e-12 -2.9729e-12 -5.9941e-12 -1.6086e-12 6.0827e-12 -1.5316e-12 1.2584e-12 4.4693e-13 3.5509e-13 5.3697e-12 -1.0644e-12 3.8464e-12 3.1939e-12 3.135e-12 -2.4835e-12 -4.0697e-13 2.0586e-12 2.3151e-12 1.3704e-12 2.9088e-12 1.1048e-13 1.8941e-12 -6.9386e-13 2.2216e-12 -1.1711e-14 -8.3727e-13 -1.6983e-12 3.7317e-13 3.4792e-12 -1.8565e-12 -1.7814e-12 2.5234e-12 1.36e-12 -1.9644e-12 1.6759e-12 -1.3132e-12 1.182e-12 1.8253e-12 1.0353e-12 2.4e-12 2.7321e-13 1.5097e-13 -5.5633e-14 1.8865e-12 3.1211e-14 -8.7903e-13 7.3314e-13 -6.9889e-14 -2.5482e-13 2.2429e-13 -1.7672e-13 -3.3344e-13 2.8086e-14 -1.4757e-14 -5.8484e-15
7.5329e-12 1.2721e-11 9.6078e-12 1.8979e-11 1.0771e-11 -2.6041e-12 4.4154e-11 3.0046e-12 1.1177e-11 6.9623e-12 1.31e-11 9.9779e-12 3.9084e-13 5.4633e-12 5.9799e-12 6.6671e-12 8.7779e-12 1.0958e-11 7.2558e-12 7.6048e-12 6.1346e-12 9.9723e-12 7.7322e-12 3.2676e-12 1.3608e-12 4.3905e-12 6.6831e-12 8.028e-12 2.1436e-12 4.4913e-12 5.5013e-13 4.9954e-12 1.9388e-12 -2.4435e-12 3.5133e-12 1.8978e-12 3.7311e-12 -2.3801e-12 -5.8927e-13 7.2267e-12 4.4639e-13 5.0043e-12 1.8695e-13 7.3982e-13 -2.7155e-12 8.6937e-13 7.4065e-13 -2.839e-13 -6.0292e-13 -1.2715e-12 -7.7245e-13 -2.1575e-12 2.0638e-12 -2.2267e-12 -1.593e-12 2.8083e-12 2.7702e-12 2.2848e-13 8.055e-13 1.2051e-14 -8.7158e-13 2.3439e-13 -2.837e-14 -8.4127e-14 1.9236e-14 7.9441e-15 -3.4306e-14
-5.3173e-14 3.5388e-12 -6.4411e-12 1.0416e-11 3.0153e-12 8.3765e-12 3.0046e-12 2.7282e-11 9.0768e-12 1.9102e-12 2.358e-12 -7.4032e-12 1.3934e-12 2.5661e-12 1.5476e-12 1.717e-12 3.5088e-12 -2.7611e-12 8.0768e-12 1.5714e-12 -6.2246e-13 2.9059e-12 5.106e-12 9.6543e-13 2.6605e-12 5.2093e-12 3.2134e-12 3.4526e-12 -5.8648e-13 1.707e-12 -4.1789e-13 1.3529e-12 9.697e-13 -3.9692e-13 3.8863e-12 -8.376e-13 4.9986e-12 1.8738e-12 9.7497e-14 -3.2014e-13 -1.5767e-13 -1.9386e-12 -3.7386e-12 3.5385e-13 -3.4565e-12 -3.0447e-12 3.6019e-13 -2.2777e-12 3.3368e-12 -4.3117e-13 3.8097e-13 -8.8793e-14 1.7213e-12 -1.0925e-12 -2.0413e-12 2.9659e-12 5.6989e-13 -8.0302e-14 2.929e-13 -9.7099e-14 -5.6576e-13 2.5676e-13 1.6938e-14 -3.2241e-13 3.3809e-14 -8.4736e-15 -2.7085e-14
5.2549e-12 3.3085e-12 8.2954e-12 1.2737e-11 3.3176e-12 1.3416e-11 1.1177e-11 9.0768e-12 3.9253e-11 7.0295e-12 8.7806e-12 2.0227e-12 2.8218e-12 8.0204e-12 2.2496e-13 2.7105e-12 5.87e-12 3.5394e-12 4.2425e-12 4.3028e-12 2.5658e-13 1.7092e-12 -1.2094e-12 -1.541e-13 3.631e-12 -7.5685e-13 -2.606e-13 2.9517e-12 7.2435e-12 2.132e-12 6.0604e-12 4.077e-12 9.9042e-13 6.3784e-13 2.9672e-12 3.836e-12 1.986e-12 9.5307e-13 1.2568e-12 1.5475e-12 3.2045e-12 2.362e-13 -4.4517e-12 2.6339e-12 -4.8178e-13 -2.6695e-12 -1.3481e-12 9.7115e-13 -1.3795e-12 3.0972e-14 5.998e-13 1.1747e-12 1.2881e-12 -1.2258e-12 -1.0824e-14 2.8543e-12 4.187e-13 -6.4475e-13 5.3664e-13 -6.8548e-13 -1.681e-12 -2.5955e-13 -3.3194e-13 -1.9228e-13 -7.6957e-14 -5.9353e-15 2.1583e-15
2.4523e-12 1.5772e-12 2.7912e-12 2.1494e-12 7.1144e-12 6.1414e-12 6.9623e-12 1.9102e-12 7.0295e-12 2.1733e-11 6.7671e-12 1.2762e-12 1.7938e-12 2.6136e-12 -2.7588e-12 6.1871e-12 7.2103e-12 5.5836e-12 8.3209e-12 3.1899e-12 1.9147e-14 4.1203e-12 2.2303e-12 1.1218e-12 2.6155e-12 3.9587e-12 -1.6963e-12 1.2281e-12 4.6396e-12 3.0264e-12 -1.1579e-12 3.4319e-12 -7.4978e-13 1.2885e-12 4.0569e-12 5.6012e-13 3.0485e-12 2.0218e-13 6.3877e-13 1.4264e-12 2.3801e-13 1.3163e-12 -2.5814e-12 5.3969e-12 5.2901e-14 1.4982e-12 -9.3833e-13 -2.2247e-12 -9.4456e-13 -3.1881e-13 -8.6597e-14 2.1762e-12 -8.6781e-13 -2.3107e-12 -2.1114e-13 1.6612e-12 1.3092e-12 -6.9561e-13 3.8145e-13 -4.1195e-13 -8.2835e-13 -6.6087e-14 -1.2574e-13 6.9846e-14 -5.6918e-14 -2.8269e-14 1.8017e-16
1.0439e-11 7.3693e-12 4.6242e-12 6.042e-12 4.6571e-12 3.4765e-12 1.31e-11 2.358e-12 8.7806e-12 6.7671e-12 2.6019e-11 8.0607e-12 8.2793e-12 5.0836e-12 2.5657e-12 5.7582e-12 9.552e-12 6.9885e-12 6.4777e-12 -4.9064e-14 5.1546e-12 4.388e-12 6.9339e-12 3.1197e-12 8.8249e-12 4.9116e-12 4.4169e-13 3.4354e-12 3.7687e-12 4.539e-12 3.2115e-12 4.0551e-12 3.4827e-12 3.022e-13 2.5336e-12 2.041e-12 7.2406e-12 -4.0745e-13 -7.242e-13 -7.8843e-13 3.3695e-12 1.7508e-12 -1.792e-12 2.5388e-12 -2.8549e-12 -5.0219e-13 9.8142e-13 -2.8709e-13 1.6805e-12 -1.0574e-12 -8.9907e-13 1.3672e-12 2.2959e-12 -4.5284e-13 5.372e-13 1.5344e-12 3.5302e-12 3.185e-13 -7.3233e-13 1.3247e-13 3.6262e-13 -7.2165e-13 7.1638e-14 -3.2245e-15 -3.6811e-14 -1.9243e-14 -8.6583e-15
9.6794e-12 8.2849e-12 1.6244e-11 1.9292e-12 -1.1095e-12 1.3391e-12 9.9779e-12 -7.4032e-12 2.0227e-12 1.2762e-12 8.0607e-12 3.4441e-11 2.995e-12 9.8248e-13 -1.5099e-12 3.3129e-12 4.5842e-13 3.466e-12 3.9334e-12 -1.8271e-12 -1.9935e-12 -2.9664e-12 5.4608e-12 2.696e-12 3.1036e-12 3.8198e-12 1.5299e-12 7.3357e-13 1.1711e-12 1.2027e-12 5.4953e-13 1.5917e-12 3.7839e-12 -1.1555e-12 2.5998e-12 3.9567e-12 -1.4601e-12 -3.4513e-12 2.7234e-13 5.5816e-12 2.1731e-12 6.9246e-13 3.4857e-12 2.0878e-12 2.6065e-12 2.1411e-13 -2.461e-13 8.8842e-13 -1.7147e-12 2.4445e-12 1.9922e-13 1.5118e-12 -3.8739e-14 1.6245e-12 -3.2342e-13 -1.4451e-12 2.6203e-12 1.29e-12 5.3194e-13 5.8126e-13 -5.9116e-14 -5.0668e-13 -5.7133e-14 1.0099e-13 -4.0261e-14 -2.5151e-14 7.4994e-15
-1.8711e-12 -5.1424e-13 -4.1463e-13 5.1226e-12 2.4594e-12 4.1846e-12 3.9084e-13 1.3934e-12 2.8218e-12 1.7938e-12 8.2793e-12 2.995e-12 1.9793e-11 2.3298e-12 -7.2546e-13 5.4311e-12 8.6192e-12 3.221e-12 1.2958e-12 -6.3486e-13 6.8248e-12 1.2297e-12 3.4059e-12 1.1878e-12 4.4454e-12 2.7065e-12 2.4984e-12 -4.3404e-12 2.9178e-12 5.08e-12 4.2125e-12 1.1366e-12 1.7706e-12 2.4199e-12 1.2813e-12 1.5482e-12 8.2553e-13 -3.8737e-12 -1.1656e-12 2.711e-12 -7.5311e-13 1.0646e-12 1.0575e-12 1.1312e-12 -2.1582e-13 -3.4903e-12 -3.6855e-13 -1.9611e-12 -4.1176e-13 -4.0152e-13 6.2923e-13 1.6005e-12 1.2497e-12 -2.3741e-13 1.7476e-12 1.534e-12 2.6919e-12 -2.525e-13 -4.0093e-13 -3.3701e-13 -1.1248e-13 -3.5726e-13 -2.7029e-13 3.1357e-14 -7.7001e-14 3.2007e-16 -8.2291e-15
5.9067e-13 5.899e-12 4.2014e-12 5.0173e-12 -1.2101e-13 -2.9729e-12 5.4633e-12 2.5661e-12 8.0204e-12 2.6136e-12 5.0836e-12 9.8248e-13 2.3298e-12 2.1203e-11 4.4046e-12 2.5285e-12 4.5643e-12 7.9237e-12 3.7304e-12 1.7804e-12 2.8146e-12 -3.2047e-13 -4.5393e-13 1.5545e-12 -2.464e-15 7.3034e-13 1.0052e-12 1.4327e-12 2.0885e-12 1.0673e-12 7.2723e-13 2.6007e-12 7.9932e-13 -3.3794e-12 1.9654e-12 4.7947e-13 3.3774e-12 4.3328e-13 -2.3612e-13 7.0237e-13 -8.4785e-13 9.9487e-13 -4.6042e-13 1.8861e-12 -5.8078e-13 -1.4909e-12 -2.7984e-14 4.7266e-13 -9.6934e-13 -4.0838e-12 -1.0819e-12 -1.09e-12 -2.9016e-13 -8.8743e-13 1.4026e-12 9.2343e-13 -1.2899e-12 5.3986e-13 -1.4135e-13 2.633e-13 -1.6543e-13 -3.1612e-13 1.6435e-13 -4.9323e-14 -1.5333e-13 -4.1789e-15 -1.0521e-14
4.4067e-13 3.7185e-12 1.094e-12 4.9151e-12 9.659e-13 -5.9941e-12 5.9799e-12 1.5476e-12 2.2496e-13 -2.7588e-12 2.5657e-12 -1.5099e-12 -7.2546e-13 4.4046e-12 2.7996e-11 6.828e-13 3.7217e-12 4.741e-12 8.5359e-12 3.8073e-12 2.597e-12 2.2579e-12 -1.6797e-13 4.1531e-12 3.4987e-12 6.3932e-12 2.9407e-12 4.6089e-12 1.743e-12 -1.1256e-12 2.7175e-13 -4.5503e-12 3.6024e-12 -3.2777e-12 -1.6434e-12 -2.1212e-12 2.8407e-12 2.7273e-12 1.3792e-13 2.9602e-12 -9.0047e-13 -1.7251e-13 -3.6018e-13 -3.392e-12 -9.6745e-13 -1.1471e-12 -2.687e-13 2.569e-13 1.7891e-12 -3.3481e-12 5.8205e-13 -1.7946e-12 -1.2541e-12 -3.3438e-12 -1.5835e-12 2.1619e-12 -1.7144e-12 -8.3703e-14 -9.4333e-13 -1.3809e-12 -1.3498e-13 -2.4683e-13 -5.8423e-13 5.1161e-14 4.9254e-14 2.7208e-15 -1.5781e-14
7.3491e-12 7.1128e-12 3.6507e-12 5.4376e-12 7.5168e-12 -1.6086e-12 6.6671e-12 1.717e-12 2.7105e-12 6.1871e-12 5.7582e-12 3.3129e-12 5.4311e-12 2.5285e-12 6.828e-13 1.918e-11 8.6639e-12 5.4793e-12 4.0698e-12 3.0903e-12 3.9596e-12 -3.1553e-12 3.1206e-12 1.3852e-12 1.0108e-12 -1.1581e-12 8.4218e-13 1.3926e-12 1.2284e-13 -4.5724e-13 2.598e-12 3.3733e-13 2.7977e-13 -3.3279e-13 9.5352e-13 1.3237e-12 2.29e-12 -5.8894e-13 2.1739e-13 5.2901e-12 7.7234e-13 3.7597e-14 1.052e-12 2.382e-12 -1.6476e-12 1.2437e-13 -2.8398e-12 -1.5332e-12 -1.156e-12 8.159e-13 7.98e-13 1.5918e-12 -1.708e-12 1.0639e-12 1.9899e-12 2.0766e-13 3.9166e-13 5.5299e-13 -4.3123e-13 -1.3077e-13 -1.0449e-12 -2.4864e-13 1.1876e-13 1.6291e-13 -2.5364e-14 -1.0357e-14 -9.1075e-15
3.4867e-12 4.5105e-12 2.3117e-12 1.118e-11 1.0176e-11 6.0827e-12 8.7779e-12 3.5088e-12 5.87e-12 7.2103e-12 9.552e-12 4.5842e-13 8.6192e-12 4.5643e-12 3.7217e-12 8.6639e-12 2.1413e-11 6.7406e-12 5.5481e-12 3.4133e-12 3.8007e-12 5.7587e-12 5.6299e-12 7.2746e-12 2.2929e-12 4.5523e-12 2.0398e-12 9.4662e-14 3.9365e-12 4.3444e-12 6.3354e-12 2.0208e-12 3.7166e-12 9.5081e-13 8.9552e-13 4.4094e-12 4.0726e-12 -4.4626e-13 2.0138e-12 3.897e-12 4.2339e-13 -3.5837e-13 3.0972e-13 4.5516e-12 -1.4364e-12 -7.5238e-13 -1.224e-12 3.0255e-13 -1.0177e-12 -9.314e-13 3.4361e-13 5.9128e-13 4.417e-13 -4.7561e-13 -1.8682e-13 1.6983e-12 1.1469e-13 4.5197e-13 -2.0597e-13 -8.6417e-13 -3.4294e-13 3.8218e-14 -1.8659e-13 -9.4554e-14 -8.0824e-14 -1.538e-14 -1.0945e-14
2.5313e-12 5.1087e-12 5.5293e-12 1.256e-11 2.902e-12 -1.5316e-12 1.0958e-11 -2.7611e-12 3.5394e-12 5.5836e-12 6.9885e-12 3.466e-12 3.221e-12 7.9237e-12 4.741e-12 5.4793e-12 6.7406e-12 2.317e-11 7.3192e-12 5.0212e-12 5.3374e-12 2.4088e-12 1.4254e-12 2.4838e-12 2.5195e-12 3.753e-13 1.2556e-12 -7.8024e-13 4.7113e-13 1.3746e-12 2.4855e-12 7.1339e-13 -2.0918e-12 -2.0919e-12 1.6612e-12 1.8177e-12 -1.9175e-13 -3.3039e-13 1.9758e-13 1.8164e-12 1.7479e-12 2.052e-12 -2.3958e-13 1.2051e-12 -1.7262e-12 -9.3731e-13 -2.6087e-12 4.9911e-13 9.5325e-13 8.0727e-13 -2.1587e-13 -1.4704e-12 -6.6495e-13 -1.8032e-12 -1.8296e-13 4.123e-13 -5.3987e-13 5.6993e-13 3.3356e-13 -1.9032e-13 -4.7796e-13 6.7574e-13 4.3803e-14 -5.6071e-14 -2.788e-14 8.9609e-15 -8.9757e-15
7.3928e-12 3.3166e-12 6.5246e-12 8.2316e-12 5.635e-12 1.2584e-12 7.2558e-12 8.0768e-12 4.2425e-12 8.3209e-12 6.4777e-12 3.9334e-12 1.2958e-12 3.7304e-12 8.5359e-12 4.0698e-12 5.5481e-12 7.3192e-12 1.8002e-11 2.0421e-12 1.3799e-12 5.7239e-12 1.5141e-12 1.2442e-12 3.3084e-12 7.9155e-12 -6.1318e-14 2.086e-12 2.989e-12 -1.7867e-13 -1.5384e-13 -4.9993e-13 8.3511e-14 -7.143e-13 3.6389e-12 1.555e-12 3.2236e-12 3.4226e-12 1.6663e-12 2.2782e-12 -4.7957e-13 4.681e-13 -1.7001e-12 1.8943e-12 -1.1851e-12 8.9123e-13 -9.1647e-13 -7.0649e-13 1.2972e-12 -1.2313e-12 5.944e-13 -2.3341e-14 1.342e-12 -2.3602e-12 -7.9297e-13 2.281e-12 5.3775e-14 2.7147e-13 5.7939e-14 -7.7117e-13 -4.9883e-13 2.3578e-13 -1.6629e-13 5.4381e-14 5.3519e-14 -2.1203e-14 -3.2028e-15
1.0199e-12 -1.0486e-12 2.3366e-12 3.1229e-12 6.9423e-12 4.4693e-13 7.6048e-12 1.5714e-12 4.3028e-12 3.1899e-12 -4.9064e-14 -1.8271e-12 -6.3486e-13 1.7804e-12 3.8073e-12 3.0903e-12 3.4133e-12 5.0212e-12 2.0421e-12 1.6109e-11 4.5308e-12 -1.3094e-13 1.8368e-12 1.0704e-12 -4.7383e-12 2.7175e-12 -1.1187e-12 8.7678e-13 -3.2218e-12 5.3172e-13 6.5024e-13 2.6522e-12 7.36e-13 3.4346e-13 -2.6647e-12 2.0642e-12 -9.904e-13 1.0139e-12 -1.0489e-12 2.7957e-12 -1.0589e-12 1.5438e-12 7.0926e-13 -1.073e-12 5.6895e-13 -6.6759e-13 -6.2579e-13 7.3196e-13 -1.4219e-12 -9.4705e-13 1.5348e-12 -1.6959e-14 -6.5816e-13 -1.9043e-12 -1.2701e-12 1.4595e-13 -3.2808e-13 -4.7263e-13 9.8291e-13 -6.9947e-13 -7.4974e-13 2.3297e-13 -1.9513e-13 -3.6223e-14 -4.289e-14 -4.4175e-15 -1.7174e-15
1.0849e-12 3.9891e-12 1.2759e-12 6.1701e-12 3.6595e-12 3.5509e-13 6.1346e-12 -6.2246e-13 2.5658e-13 1.9147e-14 5.1546e-12 -1.9935e-12 6.8248e-12 2.8146e-12 2.597e-12 3.9596e-12 3.8007e-12 5.3374e-12 1.3799e-12 4.5308e-12 1.3338e-11 4.6258e-13 2.6748e-12 -1.6542e-12 8.5874e-13 2.3368e-12 1.5674e-12 -1.841e-12 -3.0223e-12 1.1026e-12 2.016e-12 3.2938e-13 -3.6774e-13 7.7956e-13 -4.4906e-14 -4.9409e-13 2.5866e-12 -9.0423e-13 -7.2547e-13 2.6436e-12 -1.1294e-12 2.5181e-12 2.1342e-12 -1.381e-12 -8.2691e-13 -1.3022e-12 2.5089e-14 -8.5302e-13 1.5039e-12 -2.5471e-13 -5.2856e-13 -9.1477e-13 4.7902e-13 -8.8104e-13 1.7567e-12 7.6565e-13 5.419e-13 -2.611e-14 2.7871e-14 -3.3835e-13 -2.6944e-13 -7.0298e-14 4.0504e-14 -3.0657e-14 -1.9741e-14 1.0288e-14 -1.3992e-14
-2.1363e-12 -2.0767e-12 -6.7015e-13 9.7854e-12 6.7964e-12 5.3697e-12 9.9723e-12 2.9059e-12 1.7092e-12 4.1203e-12 4.388e-12 -2.9664e-12 1.2297e-12 -3.2047e-13 2.2579e-12 -3.1553e-12 5.7587e-12 2.4088e-12 5.7239e-12 -1.3094e-13 4.6258e-13 2.8374e-11 1.7087e-13 1.276e-12 2.533e-12 5.8268e-12 3.2893e-12 4.4058e-12 5.1385e-12 1.8294e-12 6.4251e-13 3.4675e-12 -2.2615e-12 -2.8236e-12 -1.9272e-12 3.1252e-12 4.3168e-12 6.9959e-13 -3.2087e-12 2.9953e-12 1.6602e-13 1.1818e-12 2.9746e-13 2.7443e-12 -1.1651e-12 1.9205e-12 2.5567e-12 -3.5504e-15 1.0236e-12 -1.5593e-12 -7.4643e-13 -2.2105e-14 2.8766e-12 -1.6894e-12 -5.9706e-13 1.8872e-12 1.7438e-13 -6.8515e-13 -7.1274e-13 -2.5471e-13 -1.4312e-13 1.0841e-13 -1.9985e-13 -4.9107e-14 2.8473e-14 1.4602e-14 -2.0154e-14
3.2532e-12 6.2845e-12 1.4121e-13 2.1312e-12 1.5149e-12 -1.0644e-12 7.7322e-12 5.106e-12 -1.2094e-12 2.2303e-12 6.9339e-12 5.4608e-12 3.4059e-12 -4.5393e-13 -1.6797e-13 3.1206e-12 5.6299e-12 1.4254e-12 1.5141e-12 1.8368e-12 2.6748e-12 1.7087e-13 1.8108e-11 3.9767e-12 -8.4258e-14 6.7764e-12 2.5892e-12 2.5156e-12 -5.8259e-13 2.3333e-12 3.2426e-13 3.9046e-12 3.3248e-12 5.7368e-13 2.9246e-12 8.2565e-13 4.6572e-12 -4.1995e-12 1.2566e-12 6.7961e-13 -1.6144e-12 1.3631e-12 -2.0827e-12 1.4869e-13 -3.2912e-12 3.0055e-13 -2.1144e-12 -1.9698e-13 8.055e-13 1.2548e-12 -8.4633e-13 2.2044e-12 3.7989e-14 4.7334e-13 -1.2142e-12 1.2882e-12 3.0823e-12 -2.3321e-13 6.1182e-14 4.8675e-13 -1.8219e-13 6.0484e-14 -1.5043e-13 1.2435e-13 -1.2014e-14 -1.4138e-14 -1.0981e-14
-5.2672e-13 1.039e-13 -3.6829e-13 5.7991e-12 -1.3951e-12 3.8464e-12 3.2676e-12 9.6543e-13 -1.541e-13 1.1218e-12 3.1197e-12 2.696e-12 1.1878e-12 1.5545e-12 4.1531e-12 1.3852e-12 7.2746e-12 2.4838e-12 1.2442e-12 1.0704e-12 -1.6542e-12 1.276e-12 3.9767e-12 1.4116e-11 -1.1114e-12 3.8387e-12 4.2391e-13 2.3955e-13 -5.7684e-13 -1.3239e-12 3.3911e-12 -3.5266e-13 1.6276e-12 -1.7579e-12 -9.9801e-14 -3.7346e-13 1.9347e-12 -7.9211e-13 1.2069e-12 1.1914e-12 -4.2913e-13 -1.4013e-12 6.0039e-14 -3.462e-13 -1.3926e-12 4.7419e-13 -6.2976e-13 2.4963e-13 3.3182e-13 1.4136e-13 -3.1967e-13 1.6406e-12 -6.2762e-13 8.6433e-13 -3.1956e-13 1.0533e-12 3.0806e-13 4.8026e-13 -7.4053e-14 -3.3665e-13 4.7415e-13 1.8164e-13 -3.8667e-14 4.4931e-14 -4.3298e-15 -9.2509e-15 -8.9446e-15
-9.5616e-13 -5.1546e-13 -1.6366e-12 3.5328e-12 -4.6406e-12 3.1939e-12 1.3608e-12 2.6605e-12 3.631e-12 2.6155e-12 8.8249e-12 3.1036e-12 4.4454e-12 -2.464e-15 3.4987e-12 1.0108e-12 2.2929e-12 2.5195e-12 3.3084e-12 -4.7383e-12 8.5874e-13 2.533e-12 -8.4258e-14 -1.1114e-12 1.7319e-11 1.2948e-12 -1.0654e-12 8.0887e-13 5.6252e-12 1.6895e-12 1.4213e-12 2.6492e-12 8.6533e-13 -3.8501e-12 -1.107e-12 -2.8279e-12 2.5481e-12 -6.9859e-13 -1.4408e-12 -3.9344e-13 2.0317e-12 -1.3709e-12 -2.7399e-12 -1.3111e-13 -9.6352e-13 -1.6217e-12 -5.4794e-13 -4.6235e-13 8.4612e-13 -2.1601e-13 1.3375e-12 5.7743e-13 -1.2064e-12 -5.8018e-13 -1.4474e-13 4.6003e-13 8.8085e-13 -5.4437e-14 -5.7732e-13 -1.9824e-13 1.895e-13 -6.3823e-13 -1.6363e-13 -4.0251e-14 -4.6697e-14 -5.0618e-15 -2.1121e-14
-7.5709e-13 4.3872e-12 1.6189e-12 3.4362e-12 3.8281e-13 3.135e-12 4.3905e-12 5.2093e-12 -7.5685e-13 3.9587e-12 4.9116e-12 3.8198e-12 2.7065e-12 7.3034e-13 6.3932e-12 -1.1581e-12 4.5523e-12 3.753e-13 7.9155e-12 2.7175e-12 2.3368e-12 5.8268e-12 6.7764e-12 3.8387e-12 1.2948e-12 1.6694e-11 9.5261e-13 1.8598e-12 1.9424e-12 1.2841e-12 -8.0243e-13 -1.5645e-12 1.2696e-12 -9.4645e-13 2.2359e-13 2.7971e-13 3.7177e-12 1.1106e-12 5.7611e-13 7.7751e-13 -3.2365e-12 1.2473e-12 -6.2335e-13 -8.6391e-13 -2.0682e-13 1.1259e-13 -2.9133e-13 7.5352e-13 6.5688e-13 -2.0793e-12 -6.063e-13 8.8841e-13 1.5572e-12 -2.4173e-14 -5.6834e-13 1.2073e-12 1.0762e-12 -5.1434e-13 3.7419e-14 -1.3309e-13 -5.7193e-13 -1.9693e-14 -1.4309e-13 3.7803e-14 9.0353e-15 -1.2676e-14 -7.0776e-15
6.8606e-13 5.0217e-12 1.9095e-12 3.1055e-12 3.1389e-12 -2.4835e-12 6.6831e-12 3.2134e-12 -2.606e-13 -1.6963e-12 4.4169e-13 1.5299e-12 2.4984e-12 1.0052e-12 2.9407e-12 8.4218e-13 2.0398e-12 1.2556e-12 -6.1318e-14 -1.1187e-12 1.5674e-12 3.2893e-12 2.5892e-12 4.2391e-13 -1.0654e-12 9.5261e-13 9.6814e-12 -5.4019e-13 7.2382e-13 1.1029e-12 1.0997e-12 -1.6901e-13 -1.1251e-12 1.4523e-12 1.6729e-12 -9.2248e-13 9.8019e-13 -2.1088e-12 -2.6779e-13 2.5315e-12 -6.7752e-14 3.6724e-13 1.2531e-12 -1.7238e-12 2.5874e-13 -1.0601e-12 6.6472e-13 2.525e-13 1.5281e-12 1.0232e-12 -9.927e-13 -9.8861e-13 1.1861e-12 -2.1296e-12 -1.0009e-12 1.2238e-12 8.9812e-13 3.8637e-13 -1.5792e-13 -2.0259e-13 -6.5131e-13 -3.4473e-14 -3.892e-14 -1.1137e-13 -5.0571e-14 6.5988e-15 -1.2099e-14
6.7114e-12 3.0444e-12 -9.0152e-13 2.0752e-12 2.71e-12 -4.0697e-13 8.028e-12 3.4526e-12 2.9517e-12 1.2281e-12 3.4354e-12 7.3357e-13 -4.3404e-12 1.4327e-12 4.6089e-12 1.3926e-12 9.4662e-14 -7.8024e-13 2.086e-12 8.7678e-13 -1.841e-12 4.4058e-12 2.5156e-12 2.3955e-13 8.0887e-13 1.8598e-12 -5.4019e-13 1.073e-11 -1.2665e-12 -4.0394e-13 -2.1715e-12 1.4326e-12 1.2864e-12 -7.5801e-13 -7.8602e-13 1.1412e-12 2.4891e-12 -8.6644e-13 -4.8715e-14 5.2304e-13 3.576e-12 -1.3709e-13 -1.8654e-12 4.3707e-13 -2.568e-12 1.2982e-12 4.146e-13 -2.3671e-13 -6.8989e-13 -1.4864e-12 -1.1185e-12 -5.1159e-13 -1.0815e-12 3.5965e-13 -6.4156e-13 -3.7368e-14 -1.2203e-13 -4.9667e-13 -5.4224e-14 1.1836e-13 3.1366e-13 -1.2317e-13 -9.6411e-14 -3.3263e-14 3.3526e-14 3.6434e-15 -1.3631e-14
-4.8841e-12 -3.5003e-13 2.6254e-12 1.0993e-12 -8.8733e-13 2.0586e-12 2.1436e-12 -5.8648e-13 7.2435e-12 4.6396e-12 3.7687e-12 1.1711e-12 2.9178e-12 2.0885e-12 1.743e-12 1.2284e-13 3.9365e-12 4.7113e-13 2.989e-12 -3.2218e-12 -3.0223e-12 5.1385e-12 -5.8259e-13 -5.7684e-13 5.6252e-12 1.9424e-12 7.2382e-13 -1.2665e-12 1.4032e-11 -1.9932e-13 1.66e-12 1.2955e-12 -7.8984e-13 2.1978e-13 2.3855e-12 -1.4162e-13 -1.1353e-12 1.6623e-12 1.1387e-12 1.4156e-12 -1.8161e-12 8.4888e-13 -1.1355e-12 1.8689e-12 6.9301e-13 5.8408e-13 -5.3105e-13 -1.1186e-13 -8.1097e-13 -7.837e-13 2.5389e-12 4.2811e-13 1.7769e-13 -1.9985e-13 -1.0276e-12 1.1044e-12 7.2107e-13 -3.7584e-13 -1.5945e-13 -1.4075e-15 -7.3709e-13 -4.5096e-13 -3.7171e-13 5.3649e-14 -1.2058e-13 3.6218e-15 1.3076e-15
-2.9081e-13 3.3039e-12 7.5736e-13 2.6438e-12 5.5846e-12 2.3151e-12 4.4913e-12 1.707e-12 2.132e-12 3.0264e-12 4.539e-12 1.2027e-12 5.08e-12 1.0673e-12 -1.1256e-12 -4.5724e-13 4.3444e-12 1.3746e-12 -1.7867e-13 5.3172e-13 1.1026e-12 1.8294e-12 2.3333e-12 -1.3239e-12 1.6895e-12 1.2841e-12 1.1029e-12 -4.0394e-13 -1.9932e-13 7.8622e-12 1.1e-12 2.6725e-12 3.1167e-12 3.7043e-15 -3.2129e-13 1.867e-12 2.4863e-12 -2.3967e-12 -9.9307e-13 -9.294e-14 -1.9222e-13 1.1331e-12 -1.6681e-13 1.2358e-12 3.0426e-13 -1.4579e-12 -1.6703e-13 3.1672e-13 -2.9051e-14 -4.9668e-13 -4.7033e-13 5.7763e-13 1.4699e-12 -1.1465e-12 1.7862e-13 9.9377e-13 8.1783e-13 -3.4235e-13 -7.6372e-14 3.8281e-14 2.1202e-13 -1.4619e-14 -1.5571e-13 -6.9984e-14 -3.6588e-14 -1.2568e-14 1.8436e-15
2.3212e-12 3.2736e-13 2.1447e-13 5.1227e-12 2.5163e-12 1.3704e-12 5.5013e-13 -4.1789e-13 6.0604e-12 -1.1579e-12 3.2115e-12 5.4953e-13 4.2125e-12 7.2723e-13 2.7175e-13 2.598e-12 6.3354e-12 2.4855e-12 -1.5384e-13 6.5024e-13 2.016e-12 6.4251e-13 3.2426e-13 3.3911e-12 1.4213e-12 -8.0243e-13 1.0997e-12 -2.1715e-12 1.66e-12 1.1e-12 1.0408e-11 1.0649e-12 1.5335e-12 -5.8161e-13 -1.682e-13 1.951e-12 7.029e-13 -8.7597e-14 2.1408e-12 1.1108e-12 -3.6315e-13 -7.1891e-13 1.7761e-12 1.1911e-12 -5.7641e-15 -1.6257e-12 -1.4985e-12 5.9587e-13 -1.0484e-12 8.347e-13 -1.7938e-14 7.785e-13 -5.8943e-13 2.923e-15 2.4295e-13 -1.6829e-13 -2.8399e-13 7.8552e-13 -2.6175e-13 -2.668e-13 2.6776e-13 -4.4791e-14 -1.0263e-13 -3.5022e-14 -1.0187e-13 4.1578e-15 -4.3385e-15
9.3888e-13 9.373e-13 -2.2655e-12 6.226e-13 3.7749e-12 2.9088e-12 4.9954e-12 1.3529e-12 4.077e-12 3.4319e-12 4.0551e-12 1.5917e-12 1.1366e-12 2.6007e-12 -4.5503e-12 3.3733e-13 2.0208e-12 7.1339e-13 -4.9993e-13 2.6522e-12 3.2938e-13 3.4675e-12 3.9046e-12 -3.5266e-13 2.6492e-12 -1.5645e-12 -1.6901e-13 1.4326e-12 1.2955e-12 2.6725e-12 1.0649e-12 8.3183e-12 1.1236e-12 -6.835e-13 -7.6172e-13 1.4635e-12 2.7305e-13 -2.2623e-12 -2.6748e-12 6.2317e-13 8.4853e-13 -5.6288e-13 -1.4309e-12 1.3817e-12 -1.0548e-12 8.6532e-13 3.9303e-13 2.8456e-14 -6.2385e-13 5.4718e-13 3.4143e-13 9.5384e-13 -5.0974e-13 -8.3908e-13 -7.2473e-13 -1.7156e-13 8.8231e-13 -5.8358e-13 3.3586e-13 4.4422e-13 3.4524e-13 -1.5306e-13 -1.1556e-13 2.1444e-14 -9.0837e-14 -9.2956e-15 -5.8207e-15
1.7676e-12 3.1577e-12 -1.264e-13 6.278e-14 2.7097e-12 1.1048e-13 1.9388e-12 9.697e-13 9.9042e-13 -7.4978e-13 3.4827e-12 3.7839e-12 1.7706e-12 7.9932e-13 3.6024e-12 2.7977e-13 3.7166e-12 -2.0918e-12 8.3511e-14 7.36e-13 -3.6774e-13 -2.2615e-12 3.3248e-12 1.6276e-12 8.6533e-13 1.2696e-12 -1.1251e-12 1.2864e-12 -7.8984e-13 3.1167e-12 1.5335e-12 1.1236e-12 7.7303e-12 -2.2087e-12 1.3976e-12 1.9483e-12 4.6273e-13 -4.7099e-13 1.2957e-12 -5.9081e-15 8.476e-13 -1.8518e-12 8.1571e-13 1.7233e-12 -1.3807e-12 -1.486e-12 -3.752e-13 -6.2456e-13 -4.8906e-14 -8.114e-13 -8.8889e-13 1.2411e-12 5.623e-13 4.3559e-13 -9.7141e-13 2.3453e-13 7.4227e-13 2.629e-13 1.2758e-13 3.9437e-13 4.5002e-13 4.0036e-14 -1.7922e-13 -5.4431e-14 8.1092e-16 -1.3101e-14 9.9538e-17
-1.324e-13 -2.8606e-12 -8.7287e-14 -4.8571e-12 2.7848e-12 1.8941e-12 -2.4435e-12 -3.9692e-13 6.3784e-13 1.2885e-12 3.022e-13 -1.1555e-12 2.4199e-12 -3.3794e-12 -3.2777e-12 -3.3279e-13 9.5081e-13 -2.0919e-12 -7.143e-13 3.4346e-13 7.7956e-13 -2.8236e-12 5.7368e-13 -1.7579e-12 -3.8501e-12 -9.4645e-13 1.4523e-12 -7.5801e-13 2.1978e-13 3.7043e-15 -5.8161e-13 -6.835e-13 -2.2087e-12 8.218e-12 3.5626e-13 8.748e-13 -1.097e-12 -1.2252e-12 1.404e-12 4.1744e-13 7.2592e-13 9.1876e-13 -4.0245e-13 -7.5968e-13 1.037e-12 3.3513e-13 6.4087e-13 3.8142e-13 -8.523e-13 8.8559e-13 9.0955e-13 -1.3121e-14 3.4068e-13 -9.965e-13 -9.8513e-14 -2.8606e-13 4.1019e-13 -5.3354e-13 2.0488e-13 -3.921e-13 -2.2767e-14 -1.7782e-13 -1.1035e-13 6.6474e-14 3.5283e-14 -8.8326e-15 9.5728e-15
3.5755e-12 5.2694e-12 4.119e-12 4.1714e-12 2.3504e-12 -6.9386e-13 3.5133e-12 3.8863e-12 2.9672e-12 4.0569e-12 2.5336e-12 2.5998e-12 1.2813e-12 1.9654e-12 -1.6434e-12 9.5352e-13 8.9552e-13 1.6612e-12 3.6389e-12 -2.6647e-12 -4.4906e-14 -1.9272e-12 2.9246e-12 -9.9801e-14 -1.107e-12 2.2359e-13 1.6729e-12 -7.8602e-13 2.3855e-12 -3.2129e-13 -1.682e-13 -7.6172e-13 1.3976e-12 3.5626e-13 8.5373e-12 1.7523e-12 -1.1743e-13 1.6158e-12 2.8972e-12 -2.6113e-14 -6.5909e-13 -1.0097e-13 2.7172e-13 2.446e-12 -9.4596e-13 -5.6111e-13 -1.0268e-13 -1.4552e-12 1.8142e-12 8.5395e-13 -1.889e-12 4.5269e-14 8.1333e-13 2.0496e-14 -5.9616e-13 6.3018e-13 1.6734e-12 4.1208e-13 5.055e-13 5.7877e-13 -1.175e-13 4.1411e-13 2.4085e-13 -2.6816e-14 3.8803e-14 -3.002e-15 1.5501e-16
6.6491e-12 1.7929e-12 5.2148e-12 4.7334e-12 8.2193e-12 2.2216e-12 1.8978e-12 -8.376e-13 3.836e-12 5.6012e-13 2.041e-12 3.9567e-12 1.5482e-12 4.7947e-13 -2.1212e-12 1.3237e-12 4.4094e-12 1.8177e-12 1.555e-12 2.0642e-12 -4.9409e-13 3.1252e-12 8.2565e-13 -3.7346e-13 -2.8279e-12 2.7971e-13 -9.2248e-13 1.1412e-12 -1.4162e-13 1.867e-12 1.951e-12 1.4635e-12 1.9483e-12 8.748e-13 1.7523e-12 7.9965e-12 -5.9868e-13 2.2128e-12 1.3385e-12 5.5596e-13 1.0906e-12 7.7459e-13 9.7652e-13 2.4791e-12 8.1622e-13 -5.4644e-13 6.6611e-14 9.8818e-13 -1.3292e-12 7.038e-13 -8.9143e-13 1.3376e-13 1.0652e-12 7.7354e-13 5.9637e-14 -1.035e-12 -2.1304e-13 1.4273e-13 1.7637e-13 4.7022e-13 2.6224e-13 2.7907e-13 9.8544e-14 4.681e-14 6.3996e-14 -8.9861e-15 1.0413e-14
1.8593e-12 -7.4118e-13 1.4064e-14 2.9137e-12 3.1966e-13 -1.1711e-14 3.7311e-12 4.9986e-12 1.986e-12 3.0485e-12 7.2406e-12 -1.4601e-12 8.2553e-13 3.3774e-12 2.8407e-12 2.29e-12 4.0726e-12 -1.9175e-13 3.2236e-12 -9.904e-13 2.5866e-12 4.3168e-12 4.6572e-12 1.9347e-12 2.5481e-12 3.7177e-12 9.8019e-13 2.4891e-12 -1.1353e-12 2.4863e-12 7.029e-13 2.7305e-13 4.6273e-13 -1.097e-12 -1.1743e-13 -5.9868e-13 1.116e-11 -1.1183e-12 2.2617e-13 -8.794e-13 -8.8244e-13 2.6172e-12 5.2663e-14 -4.8235e-13 -1.76e-12 -2.6167e-13 1.3616e-13 2.305e-13 2.371e-13 -2.3625e-12 -1.9244e-12 4.0707e-13 4.363e-13 -2.2879e-13 1.834e-12 1.3595e-12 -7.1447e-14 2.652e-15 -1.0273e-12 -6.8864e-13 2.8989e-13 -6.0177e-13 -6.1359e-14 -4.6588e-14 1.7155e-14 -1.8038e-14 -6.1715e-15
1.4645e-12 5.1344e-13 7.8008e-13 9.6583e-13 2.2361e-12 -8.3727e-13 -2.3801e-12 1.8738e-12 9.5307e-13 2.0218e-13 -4.0745e-13 -3.4513e-12 -3.8737e-12 4.3328e-13 2.7273e-12 -5.8894e-13 -4.4626e-13 -3.3039e-13 3.4226e-12 1.0139e-12 -9.0423e-13 6.9959e-13 -4.1995e-12 -7.9211e-13 -6.9859e-13 1.1106e-12 -2.1088e-12 -8.6644e-13 1.6623e-12 -2.3967e-12 -8.7597e-14 -2.2623e-12 -4.7099e-13 -1.2252e-12 1.6158e-12 2.2128e-12 -1.1183e-12 8.5116e-12 1.2706e-12 -1.227e-12 -8.552e-13 -2.1318e-13 8.5127e-14 1.3505e-12 1.2891e-12 2.7085e-13 -3.7124e-13 -7.6438e-13 5.2864e-13 -7.6189e-13 5.639e-13 -1.19e-12 9.7664e-13 -8.7473e-14 -5.1171e-13 -1.4932e-13 -9.6571e-13 5.9852e-13 -1.4325e-13 1.4318e-13 2.6828e-14 2.6938e-13 5.7597e-14 7.7886e-14 4.9528e-14 8.0538e-16 6.2294e-15
2.8858e-12 3.9137e-13 3.5615e-12 -1.2563e-13 6.3901e-13 -1.6983e-12 -5.8927e-13 9.7497e-14 1.2568e-12 6.3877e-13 -7.242e-13 2.7234e-13 -1.1656e-12 -2.3612e-13 1.3792e-13 2.1739e-13 2.0138e-12 1.9758e-13 1.6663e-12 -1.0489e-12 -7.2547e-13 -3.2087e-12 1.2566e-12 1.2069e-12 -1.4408e-12 5.7611e-13 -2.6779e-13 -4.8715e-14 1.1387e-12 -9.9307e-13 2.1408e-12 -2.6748e-12 1.2957e-12 1.404e-12 2.8972e-12 1.3385e-12 2.2617e-13 1.2706e-12 5.8352e-12 -4.5753e-13 4.6384e-14 7.6154e-13 4.7594e-13 4.4255e-13 2.9648e-13 -8.778e-13 -1.1395e-12 5.7567e-13 -1.3241e-12 6.7596e-13 -1.0776e-13 4.3601e-13 1.4522e-13 6.1714e-13 -5.0386e-13 -4.1649e-14 -3.031e-15 8.6217e-13 1.2522e-13 -4.028e-14 -5.0795e-14 2.7368e-13 1.7787e-14 -2.9805e-14 2.0154e-14 -5.7104e-15 8.1697e-16
-1.8204e-13 2.8805e-12 3.2904e-12 5.3432e-12 4.3936e-12 3.7317e-13 7.2267e-12 -3.2014e-13 1.5475e-12 1.4264e-12 -7.8843e-13 5.5816e-12 2.711e-12 7.0237e-13 2.9602e-12 5.2901e-12 3.897e-12 1.8164e-12 2.2782e-12 2.7957e-12 2.6436e-12 2.9953e-12 6.7961e-13 1.1914e-12 -3.9344e-13 7.7751e-13 2.5315e-12 5.2304e-13 1.4156e-12 -9.294e-14 1.1108e-12 6.2317e-13 -5.9081e-15 4.1744e-13 -2.6113e-14 5.5596e-13 -8.794e-13 -1.227e-12 -4.5753e-13 8.3944e-12 -7.296e-13 -3.1542e-13 2.3106e-12 2.3073e-13 1.4515e-13 8.9474e-14 -2.593e-13 8.076e-13 -7.9354e-13 7.2438e-13 1.5345e-12 2.4389e-13 -8.1943e-13 -2.7208e-13 9.7723e-14 5.1003e-13 -3.3674e-13 -4.6394e-14 3.7515e-13 -4.9439e-13 -3.5461e-13 -1.0496e-13 -2.2049e-13 1.2943e-13 6.0919e-15 -3.9304e-15 -1.0893e-14
3.745e-12 -1.7054e-12 -4.0115e-13 -3.4731e-13 -3.8917e-13 3.4792e-12 4.4639e-13 -1.5767e-13 3.2045e-12 2.3801e-13 3.3695e-12 2.1731e-12 -7.5311e-13 -8.4785e-13 -9.0047e-13 7.7234e-13 4.2339e-13 1.7479e-12 -4.7957e-13 -1.0589e-12 -1.1294e-12 1.6602e-13 -1.6144e-12 -4.2913e-13 2.0317e-12 -3.2365e-12 -6.7752e-14 3.576e-12 -1.8161e-12 -1.9222e-13 -3.6315e-13 8.4853e-13 8.476e-13 7.2592e-13 -6.5909e-13 1.0906e-12 -8.8244e-13 -8.552e-13 4.6384e-14 -7.296e-13 7.193e-12 -1.2894e-12 -6.6615e-13 9.9071e-13 -6.8305e-13 -7.77e-13 6.0477e-13 -5.237e-14 3.1984e-13 5.5617e-13 -1.3526e-14 -2.9055e-13 2.2407e-13 1.3737e-13 -1.8611e-13 -7.7824e-14 3.898e-13 6.0989e-13 -1.0943e-13 1.1376e-13 2.2255e-13 1.7652e-14 -2.138e-14 -1.7276e-13 1.7824e-14 -7.1549e-15 -3.3167e-15
2.2517e-12 -1.138e-12 5.5001e-12 1.2884e-12 1.0024e-12 -1.8565e-12 5.0043e-12 -1.9386e-12 2.362e-13 1.3163e-12 1.7508e-12 6.9246e-13 1.0646e-12 9.9487e-13 -1.7251e-13 3.7597e-14 -3.5837e-13 2.052e-12 4.681e-13 1.5438e-12 2.5181e-12 1.1818e-12 1.3631e-12 -1.4013e-12 -1.3709e-12 1.2473e-12 3.6724e-13 -1.3709e-13 8.4888e-13 1.1331e-12 -7.1891e-13 -5.6288e-13 -1.8518e-12 9.1876e-13 -1.0097e-13 7.7459e-13 2.6172e-12 -2.1318e-13 7.6154e-13 -3.1542e-13 -1.2894e-12 6.5241e-12 4.2383e-13 -1.2072e-12 5.9203e-13 -8.506e-13 6.9153e-14 3.5396e-13 -1.7694e-12 -2.5563e-13 1.123e-12 -1.2805e-12 7.3767e-13 -1.7729e-14 1.2262e-12 6.3963e-13 1.0173e-13 9.2761e-14 -1.7862e-13 -1.7933e-13 -5.1564e-13 -1.1053e-13 -7.2867e-14 4.4056e-14 -1.5766e-14 -6.1527e-16 4.2424e-15
-1.5672e-12 3.3342e-13 1.6131e-12 -1.7522e-13 1.7794e-12 -1.7814e-12 1.8695e-13 -3.7386e-12 -4.4517e-12 -2.5814e-12 -1.792e-12 3.4857e-12 1.0575e-12 -4.6042e-13 -3.6018e-13 1.052e-12 3.0972e-13 -2.3958e-13 -1.7001e-12 7.0926e-13 2.1342e-12 2.9746e-13 -2.0827e-12 6.0039e-14 -2.7399e-12 -6.2335e-13 1.2531e-12 -1.8654e-12 -1.1355e-12 -1.6681e-13 1.7761e-12 -1.4309e-12 8.1571e-13 -4.0245e-13 2.7172e-13 9.7652e-13 5.2663e-14 8.5127e-14 4.7594e-13 2.3106e-12 -6.6615e-13 4.2383e-13 5.4421e-12 -1.3935e-13 1.2893e-12 -6.0151e-13 4.603e-13 3.4178e-13 -5.4475e-13 -4.9952e-13 -5.7045e-13 -2.6108e-13 6.1292e-14 3.5865e-13 9.6054e-13 -1.0687e-12 -3.9693e-13 6.6863e-13 4.0075e-15 -6.5908e-14 4.416e-13 1.9922e-15 2.9477e-14 -3.5196e-14 -1.0283e-14 3.0997e-15 1.5727e-15
2.2719e-12 1.4369e-12 -1.0087e-12 1.3034e-12 3.8212e-12 2.5234e-12 7.3982e-13 3.5385e-13 2.6339e-12 5.3969e-12 2.5388e-12 2.0878e-12 1.1312e-12 1.8861e-12 -3.392e-12 2.382e-12 4.5516e-12 1.2051e-12 1.8943e-12 -1.073e-12 -1.381e-12 2.7443e-12 1.4869e-13 -3.462e-13 -1.3111e-13 -8.6391e-13 -1.7238e-12 4.3707e-13 1.8689e-12 1.2358e-12 1.1911e-12 1.3817e-12 1.7233e-12 -7.5968e-13 2.446e-12 2.4791e-12 -4.8235e-13 1.3505e-12 4.4255e-13 2.3073e-13 9.9071e-13 -1.2072e-12 -1.3935e-13 5.6501e-12 -5.4612e-13 6.8617e-13 -7.0111e-14 -1.4868e-12 -5.2292e-13 -3.2434e-13 -5.1131e-13 7.8798e-13 2.779e-13 6.8683e-13 -3.2896e-13 2.7022e-13 4.4904e-13 3.5169e-13 1.3653e-13 3.3636e-13 2.3047e-14 1.6525e-13 1.5766e-14 -5.8678e-14 -4.369e-14 -8.8673e-16 3.7275e-15
-1.2913e-12 -3.8327e-13 3.9335e-12 -2.7682e-12 -4.2782e-13 1.36e-12 -2.7155e-12 -3.4565e-12 -4.8178e-13 5.2901e-14 -2.8549e-12 2.6065e-12 -2.1582e-13 -5.8078e-13 -9.6745e-13 -1.6476e-12 -1.4364e-12 -1.7262e-12 -1.1851e-12 5.6895e-13 -8.2691e-13 -1.1651e-12 -3.2912e-12 -1.3926e-12 -9.6352e-13 -2.0682e-13 2.5874e-13 -2.568e-12 6.9301e-13 3.0426e-13 -5.7641e-15 -1.0548e-12 -1.3807e-12 1.037e-12 -9.4596e-13 8.1622e-13 -1.76e-12 1.2891e-12 2.9648e-13 1.4515e-13 -6.8305e-13 5.9203e-13 1.2893e-12 -5.4612e-13 4.2642e-12 -5.1101e-13 3.5065e-13 9.0111e-13 -9.3228e-13 2.1864e-13 7.8741e-13 1.0925e-13 2.7491e-14 -1.0044e-12 2.6791e-13 -5.2304e-13 -2.4121e-13 3.5185e-13 -1.4583e-13 -1.6035e-13 -7.4277e-14 -3.3318e-14 4.9716e-14 3.082e-14 -3.602e-15 -5.3454e-15 5.7195e-15
1.5524e-12 4.9466e-13 1.6097e-12 -2.3469e-12 1.2132e-14 -1.9644e-12 8.6937e-13 -3.0447e-12 -2.6695e-12 1.4982e-12 -5.0219e-13 2.1411e-13 -3.4903e-12 -1.4909e-12 -1.1471e-12 1.2437e-13 -7.5238e-13 -9.3731e-13 8.9123e-13 -6.6759e-13 -1.3022e-12 1.9205e-12 3.0055e-13 4.7419e-13 -1.6217e-12 1.1259e-13 -1.0601e-12 1.2982e-12 5.8408e-13 -1.4579e-12 -1.6257e-12 8.6532e-13 -1.486e-12 3.3513e-13 -5.6111e-13 -5.4644e-13 -2.6167e-13 2.7085e-13 -8.778e-13 8.9474e-14 -7.77e-13 -8.506e-13 -6.0151e-13 6.8617e-13 -5.1101e-13 4.8658e-12 1.3832e-14 6.8852e-14 1.1523e-12 1.4493e-13 -4.1556e-13 5.2065e-13 -8.243e-13 7.5099e-13 -6.7469e-14 -7.417e-13 1.9822e-13 -3.538e-13 1.6135e-13 1.0907e-14 3.0425e-13 -3.9315e-14 1.0603e-13 8.4222e-14 -1.585e-15 9.7293e-16 8.1097e-15
-1.4576e-13 -1.2122e-12 -2.3451e-12 -7.9224e-13 -7.0196e-13 1.6759e-12 7.4065e-13 3.6019e-13 -1.3481e-12 -9.3833e-13 9.8142e-13 -2.461e-13 -3.6855e-13 -2.7984e-14 -2.687e-13 -2.8398e-12 -1.224e-12 -2.6087e-12 -9.1647e-13 -6.2579e-13 2.5089e-14 2.5567e-12 -2.1144e-12 -6.2976e-13 -5.4794e-13 -2.9133e-13 6.6472e-13 4.146e-13 -5.3105e-13 -1.6703e-13 -1.4985e-12 3.9303e-13 -3.752e-13 6.4087e-13 -1.0268e-13 6.6611e-14 1.3616e-13 -3.7124e-13 -1.1395e-12 -2.593e-13 6.0477e-13 6.9153e-14 4.603e-13 -7.0111e-14 3.5065e-13 1.3832e-14 3.7506e-12 3.4809e-13 1.6573e-13 -1.6525e-13 -6.8247e-13 -7.4872e-13 6.9753e-13 3.5286e-14 -3.0632e-13 -1.5386e-13 1.935e-13 -8.2627e-15 4.836e-14 -6.7252e-14 2.7176e-13 -1.7313e-13 2.4428e-13 -1.4746e-13 3.0399e-14 2.5892e-15 -5.4128e-15
8.2451e-13 5.0789e-13 3.7186e-12 -3.6798e-13 7.658e-13 -1.3132e-12 -2.839e-13 -2.2777e-12 9.7115e-13 -2.2247e-12 -2.8709e-13 8.8842e-13 -1.9611e-12 4.7266e-13 2.569e-13 -1.5332e-12 3.0255e-13 4.9911e-13 -7.0649e-13 7.3196e-13 -8.5302e-13 -3.5504e-15 -1.9698e-13 2.4963e-13 -4.6235e-13 7.5352e-13 2.525e-13 -2.3671e-13 -1.1186e-13 3.1672e-13 5.9587e-13 2.8456e-14 -6.2456e-13 3.8142e-13 -1.4552e-12 9.8818e-13 2.305e-13 -7.6438e-13 5.7567e-13 8.076e-13 -5.237e-14 3.5396e-13 3.4178e-13 -1.4868e-12 9.0111e-13 6.8852e-14 3.4809e-13 4.0444e-12 -5.2636e-13 1.8408e-13 4.0383e-13 4.1671e-13 2.7246e-13 2.0773e-13 4.9977e-13 -4.634e-13 -7.0256e-13 4.5277e-14 1.1475e-13 -1.8204e-13 1.1272e-13 -1.018e-14 1.8704e-13 5.716e-14 3.0734e-14 -9.8981e-15 5.3175e-15
-3.1754e-13 3.2933e-12 1.1469e-12 2.8414e-12 -5.2567e-13 1.182e-12 -6.0292e-13 3.3368e-12 -1.3795e-12 -9.4456e-13 1.6805e-12 -1.7147e-12 -4.1176e-13 -9.6934e-13 1.7891e-12 -1.156e-12 -1.0177e-12 9.5325e-13 1.2972e-12 -1.4219e-12 1.5039e-12 1.0236e-12 8.055e-13 3.3182e-13 8.4612e-13 6.5688e-13 1.5281e-12 -6.8989e-13 -8.1097e-13 -2.9051e-14 -1.0484e-12 -6.2385e-13 -4.8906e-14 -8.523e-13 1.8142e-12 -1.3292e-12 2.371e-13 5.2864e-13 -1.3241e-12 -7.9354e-13 3.1984e-13 -1.7694e-12 -5.4475e-13 -5.2292e-13 -9.3228e-13 1.1523e-12 1.6573e-13 -5.2636e-13 4.7915e-12 6.4978e-13 -9.6572e-13 9.2306e-14 6.2289e-13 -2.9904e-13 -2.8371e-13 5.7993e-13 8.3991e-13 -5.9589e-14 3.7942e-14 2.6582e-13 1.2928e-13 2.0612e-13 1.9967e-13 -7.6714e-14 3.9926e-14 1.6993e-15 -1.5079e-15
3.8419e-12 2.9315e-12 1.9527e-12 1.3626e-12 9.6414e-13 1.8253e-12 -1.2715e-12 -4.3117e-13 3.0972e-14 -3.1881e-13 -1.0574e-12 2.4445e-12 -4.0152e-13 -4.0838e-12 -3.3481e-12 8.159e-13 -9.314e-13 8.0727e-13 -1.2313e-12 -9.4705e-13 -2.5471e-13 -1.5593e-12 1.2548e-12 1.4136e-13 -2.1601e-13 -2.0793e-12 1.0232e-12 -1.4864e-12 -7.837e-13 -4.9668e-13 8.347e-13 5.4718e-13 -8.114e-13 8.8559e-13 8.5395e-13 7.038e-13 -2.3625e-12 -7.6189e-13 6.7596e-13 7.2438e-13 5.5617e-13 -2.5563e-13 -4.9952e-13 -3.2434e-13 2.1864e-13 1.4493e-13 -1.6525e-13 1.8408e-13 6.4978e-13 3.9593e-12 3.7282e-13 2.6949e-13 -2.1203e-13 4.8167e-13 -7.7667e-13 -6.3551e-13 5.0992e-13 1.7047e-13 2.114e-13 2.3193e-13 -2.5617e-13 2.9536e-13 1.1328e-13 4.7926e-15 2.4626e-14 2.5197e-15 -7.1344e-16
-2.0877e-12 -2.3448e-12 7.2036e-13 -1.1138e-12 -1.7219e-13 1.0353e-12 -7.7245e-13 3.8097e-13 5.998e-13 -8.6597e-14 -8.9907e-13 1.9922e-13 6.2923e-13 -1.0819e-12 5.8205e-13 7.98e-13 3.4361e-13 -2.1587e-13 5.944e-13 1.5348e-12 -5.2856e-13 -7.4643e-13 -8.4633e-13 -3.1967e-13 1.3375e-12 -6.063e-13 -9.927e-13 -1.1185e-12 2.5389e-12 -4.7033e-13 -1.7938e-14 3.4143e-13 -8.8889e-13 9.0955e-13 -1.889e-12 -8.9143e-13 -1.9244e-12 5.639e-13 -1.0776e-13 1.5345e-12 -1.3526e-14 1.123e-12 -5.7045e-13 -5.1131e-13 7.8741e-13 -4.1556e-13 -6.8247e-13 4.0383e-13 -9.6572e-13 3.7282e-13 3.5146e-12 5.0961e-14 -5.8126e-15 -1.3951e-13 -2.8207e-13 5.0092e-13 -1.873e-13 5.9816e-14 2.103e-14 -2.3596e-13 -3.6911e-13 -1.0582e-13 -2.3739e-13 8.1085e-14 -2.7182e-14 -3.2461e-15 3.7841e-16
-6.3708e-13 -5.4291e-13 2.9701e-13 -2.3391e-12 5.5131e-13 2.4e-12 -2.1575e-12 -8.8793e-14 1.1747e-12 2.1762e-12 1.3672e-12 1.5118e-12 1.6005e-12 -1.09e-12 -1.7946e-12 1.5918e-12 5.9128e-13 -1.4704e-12 -2.3341e-14 -1.6959e-14 -9.1477e-13 -2.2105e-14 2.2044e-12 1.6406e-12 5.7743e-13 8.8841e-13 -9.8861e-13 -5.1159e-13 4.2811e-13 5.7763e-13 7.785e-13 9.5384e-13 1.2411e-12 -1.3121e-14 4.5269e-14 1.3376e-13 4.0707e-13 -1.19e-12 4.3601e-13 2.4389e-13 -2.9055e-13 -1.2805e-12 -2.6108e-13 7.8798e-13 1.0925e-13 5.2065e-13 -7.4872e-13 4.1671e-13 9.2306e-14 2.6949e-13 5.0961e-14 3.429e-12 -3.3217e-13 3.8469e-13 2.8775e-13 3.5434e-13 7.7158e-13 -1.3371e-13 1.5557e-13 1.6935e-13 1.6413e-13 -9.3632e-14 3.4317e-14 9.1183e-14 9.5935e-15 -1.1762e-14 4.3895e-15
8.0795e-13 1.1463e-12 1.3134e-12 1.4868e-12 2.5832e-12 2.7321e-13 2.0638e-12 1.7213e-12 1.2881e-12 -8.6781e-13 2.2959e-12 -3.8739e-14 1.2497e-12 -2.9016e-13 -1.2541e-12 -1.708e-12 4.417e-13 -6.6495e-13 1.342e-12 -6.5816e-13 4.7902e-13 2.8766e-12 3.7989e-14 -6.2762e-13 -1.2064e-12 1.5572e-12 1.1861e-12 -1.0815e-12 1.7769e-13 1.4699e-12 -5.8943e-13 -5.0974e-13 5.623e-13 3.4068e-13 8.1333e-13 1.0652e-12 4.363e-13 9.7664e-13 1.4522e-13 -8.1943e-13 2.2407e-13 7.3767e-13 6.1292e-14 2.779e-13 2.7491e-14 -8.243e-13 6.9753e-13 2.7246e-13 6.2289e-13 -2.1203e-13 -5.8126e-15 -3.3217e-13 3.4107e-12 -1.4914e-13 -1.3262e-13 1.1288e-12 8.7909e-13 1.9343e-13 -1.71e-13 1.359e-13 -3.1581e-13 1.135e-13 2.2642e-14 -3.6449e-14 2.7435e-14 6.6615e-16 3.6267e-15
