1.1461e-10 8.9151e-11 9.0013e-11 7.3756e-11 5.8411e-11 5.3482e-11 6.297e-11 4.0358e-11 5.2778e-11 3.5383e-11 3.7403e-11 3.5308e-11 2.2855e-11 2.5971e-11 1.4592e-11 1.979e-11 1.6551e-11 1.6565e-11 -4.0875e-12 7.5664e-12 1.1013e-11 -1.4594e-12 3.822e-12 -1.3628e-11 -1.7492e-12 -6.9857e-13 2.6987e-12 3.1299e-12 5.5852e-12 -1.2199e-11 -5.5421e-14 -1.3467e-11 -1.1507e-11 -1.4467e-11 -5.2078e-12 -4.2812e-12 -1.2303e-11 -4.9472e-12 -1.6326e-12 2.603e-12 4.7651e-12 -1.841e-11 -7.8863e-12 -1.3565e-11 2.0678e-12 -2.8547e-12 -5.7877e-12 -9.0636e-12 -4.0485e-12 2.5113e-12 -9.5783e-13 -2.677e-13 -5.9972e-12 -6.364e-12 4.2782e-12 -2.195e-12 -6.3881e-12 4.3786e-12 2.0022e-13 2.4534e-12 1.0922e-12 -5.9386e-12 -6.1237e-12 -1.1049e-12 -1.5129e-12 5.4844e-12 -6.7386e-13 2.7855e-13 1.5269e-12 2.2736e-12 -7.6147e-13 -4.1253e-12 -2.1131e-12 2.4523e-12 1.3696e-12 -4.8197e-13 5.5397e-14 1.3091e-12 -2.2817e-15 5.7374e-15 6.307e-13 2.3356e-13 2.42e-13 1.8892e-13 1.625e-14
8.9151e-11 1.0543e-10 8.0907e-11 7.4395e-11 6.4748e-11 5.1737e-11 6.1746e-11 4.4805e-11 4.4264e-11 3.5687e-11 4.5045e-11 3.5678e-11 2.9228e-11 3.0308e-11 1.5475e-11 1.3735e-11 1.4196e-11 2.0012e-11 1.6291e-12 9.0441e-12 7.0792e-12 3.2116e-13 6.1709e-12 -7.8113e-12 -9.9356e-12 5.9648e-12 3.1413e-12 5.9774e-12 6.6185e-12 -5.2915e-12 3.8625e-12 -1.0274e-11 -6.5656e-12 -8.027e-12 -7.5999e-12 -6.6661e-12 -1.3215e-11 -8.5725e-12 -1.051e-12 3.1079e-12 3.5622e-12 -1.7955e-11 -6.9864e-12 -1.5816e-11 -3.491e-12 -1.58e-12 -3.4877e-12 -1.1535e-11 -4.3877e-12 3.747e-12 -3.6283e-12 5.4618e-13 -7.8844e-12 -4.4197e-12 2.2628e-12 -1.4478e-12 -5.5544e-12 2.9235e-12 3.9589e-13 2.4874e-12 1.7678e-12 -7.0285e-12 -6.6906e-12 -9.0761e-13 -1.6842e-12 8.464e-12 4.8926e-13 -2.9286e-12 2.7414e-13 2.322e-12 -1.4169e-13 -2.0811e-12 -1.2008e-12 2.2639e-12 1.7098e-12 1.4956e-12 -5.1852e-13 1.1854e-12 3.3065e-13 1.5203e-13 4.2701e-13 1.9132e-13 2.1171e-13 1.9096e-13 9.2099e-15
9.0013e-11 8.0907e-11 9.853e-11 7.2078e-11 6.0132e-11 5.1263e-11 4.7434e-11 4.0291e-11 4.5537e-11 2.9452e-11 4.2849e-11 3.2859e-11 2.6247e-11 2.7961e-11 1.0282e-11 1.7283e-11 1.2126e-11 1.1606e-11 1.1177e-12 5.952e-12 5.3294e-12 -2.677e-12 9.8203e-13 -5.4971e-12 3.7551e-12 3.3069e-12 2.3142e-12 6.9663e-12 4.8077e-12 -1.3305e-11 -1.9823e-12 -6.6127e-12 -2.2633e-12 -1.5071e-11 -7.1599e-12 -4.446e-13 -7.1302e-12 -4.9822e-12 2.2942e-13 -2.1448e-12 2.2461e-12 -1.7578e-11 -2.2526e-12 -1.4551e-11 -2.3576e-12 -6.0856e-12 -8.5457e-12 -6.579e-12 -4.9607e-12 3.8238e-12 -3.796e-13 -2.2338e-12 -8.3321e-12 -3.7751e-12 2.6785e-12 -2.837e-12 -2.9031e-12 2.7681e-12 -7.2989e-13 2.7867e-12 -7.5459e-13 -5.2825e-12 -4.4154e-12 -9.3437e-13 -1.8083e-12 3.7557e-12 9.7614e-13 -9.8578e-13 4.8193e-13 2.9921e-12 -1.9996e-12 -2.9544e-12 -6.0418e-13 1.7614e-12 1.7806e-12 8.598e-13 -2.25e-13 1.0635e-12 3.6419e-13 -2.2594e-13 4.8543e-13 2.1897e-13 1.7263e-13 1.7437e-13 3.9646e-14
7.3756e-11 7.4395e-11 7.2078e-11 8.0435e-11 5.0013e-11 4.1982e-11 5.0523e-11 4.1203e-11 3.5569e-11 2.5011e-11 3.3467e-11 3.4322e-11 2.977e-11 2.3288e-11 1.7322e-11 1.414e-11 1.6181e-11 1.2123e-11 1.6282e-12 1.17e-11 2.6965e-12 9.0262e-13 -5.3014e-12 -3.1871e-12 2.418e-12 6.2074e-12 3.2668e-12 9.7743e-12 6.6491e-12 -7.9929e-12 5.6806e-13 -9.9663e-12 -4.3257e-12 -8.3662e-12 -1.0207e-11 -7.561e-12 -1.4392e-11 -4.0496e-12 -5.3751e-13 2.5118e-12 2.6353e-12 -1.1057e-11 -4.7969e-12 -9.9628e-12 -1.9783e-12 -3.7588e-12 -3.5674e-12 -6.4297e-12 -5.2565e-12 4.4507e-12 -2.7912e-12 -2.3783e-12 -5.1719e-12 -2.381e-12 3.4429e-12 5.7732e-13 -1.0654e-12 3.9099e-12 9.1292e-13 4.6158e-12 -3.0643e-13 -3.6748e-12 -1.9743e-12 -3.8805e-13 7.2355e-13 4.7815e-12 1.8768e-13 -2.0429e-12 9.1673e-13 1.4924e-12 -1.6468e-12 -6.5791e-13 -7.6873e-13 2.008e-12 8.6999e-13 1.6446e-12 -1.8255e-14 1.0647e-12 -1.832e-13 3.2662e-13 3.37e-13 2.1663e-13 1.3126e-13 2.068e-13 2.0645e-14
5.8411e-11 6.4748e-11 6.0132e-11 5.0013e-11 6.2448e-11 3.4963e-11 3.9276e-11 3.1175e-11 3.1237e-11 1.8795e-11 2.5401e-11 2.3996e-11 1.3216e-11 1.4487e-11 8.0157e-12 6.6095e-12 9.0783e-12 9.469e-12 -6.5189e-12 1.2871e-12 6.1615e-12 -1.6051e-12 -2.3554e-12 -4.8208e-12 3.5454e-14 2.394e-12 2.2185e-12 5.3462e-12 2.5859e-12 -7.2003e-12 2.3066e-12 -1.2156e-11 -6.2333e-12 -1.0229e-11 -4.7574e-13 -6.5648e-12 -2.1127e-12 -9.4753e-12 -2.4125e-12 -4.1975e-12 -1.5681e-12 -1.3313e-11 -6.4087e-12 -1.2494e-11 -1.6127e-12 -9.6097e-12 -5.8493e-12 -1.2962e-11 -3.7557e-12 -4.8973e-13 -1.5248e-12 -2.6787e-12 -8.8931e-12 -6.8369e-12 2.8353e-12 1.6954e-13 -3.3841e-12 2.867e-13 -1.7536e-12 1.5911e-13 -1.9973e-12 -6.0451e-12 -4.2847e-12 -1.606e-12 -2.3398e-13 5.1295e-12 1.3573e-12 -3.2504e-12 1.0486e-12 1.9825e-12 -1.4928e-12 -7.0629e-13 -6.9594e-13 1.1742e-12 1.3528e-12 1.6152e-12 -6.1515e-13 -9.7813e-14 6.9822e-13 1.0644e-13 2.2138e-13 1.2759e-13 1.6246e-13 1.2332e-13 1.6296e-14
5.3482e-11 5.1737e-11 5.1263e-11 4.1982e-11 3.4963e-11 4.4661e-11 3.4216e-11 2.5975e-11 2.633e-11 2.0634e-11 1.9539e-11 1.9651e-11 1.8493e-11 1.8942e-11 6.2432e-12 6.4184e-12 5.01e-12 6.6305e-12 -2.7579e-12 2.8141e-12 9.9878e-12 9.6385e-13 1.9532e-12 -5.5316e-12 1.2537e-12 -1.0082e-12 9.8959e-13 5.2927e-12 3.6096e-13 -5.0896e-12 -2.005e-13 -5.3921e-12 -5.5904e-12 -1.0675e-11 -4.4482e-12 -2.1704e-12 -9.9518e-12 -6.8138e-12 -8.2083e-13 1.1816e-13 -3.124e-14 -1.0681e-11 1.8445e-13 -1.0115e-11 -4.0151e-13 -1.4277e-12 -4.7399e-12 -6.2712e-12 -2.6985e-12 -2.2302e-12 -1.6842e-12 -9.2365e-13 -2.4692e-12 -2.69e-12 2.1485e-12 -2.1174e-12 -2.8593e-12 2.6062e-12 -1.2761e-13 1.0743e-12 -8.2154e-13 -3.573e-12 -1.5523e-12 -5.3233e-13 -1.9441e-12 3.2119e-12 -1.0372e-12 -6.2951e-14 5.0508e-14 5.2943e-13 -4.866e-13 -2.4351e-12 9.5761e-13 5.2183e-13 7.0727e-13 4.1323e-13 -5.6288e-13 8.7974e-13 9.1665e-14 7.5647e-14 2.1565e-13 1.9059e-13 1.6954e-13 1.3768e-13 3.2016e-14
6.297e-11 6.1746e-11 4.7434e-11 5.0523e-11 3.9276e-11 3.4216e-11 7.2913e-11 3.0161e-11 3.0585e-11 2.02e-11 2.0836e-11 2.9758e-11 1.5974e-11 1.9561e-11 1.1417e-11 1.5122e-11 8.7401e-12 1.9122e-11 5.4929e-12 8.6413e-12 1.1941e-11 3.7449e-12 -3.5216e-12 -5.9912e-12 -1.2601e-12 5.3348e-12 6.6955e-13 9.0255e-12 2.1055e-12 -3.9861e-12 2.7468e-12 -1.3604e-11 -1.8502e-12 -3.2913e-12 -4.2044e-12 -5.4151e-12 -1.336e-11 -4.9485e-12 2.2146e-13 5.8503e-12 8.0731e-12 -9.0472e-12 -3.0029e-12 -4.3087e-12 -2.277e-12 3.882e-13 8.9429e-13 -6.7074e-12 -4.1074e-12 4.7633e-12 1.5964e-12 1.6499e-12 -3.9268e-12 -4.301e-12 4.598e-12 -3.0303e-12 -5.9948e-12 9.1444e-13 1.0655e-12 6.7743e-13 1.0263e-13 -5.3897e-12 -1.9742e-12 -2.6108e-12 -9.3795e-13 6.027e-12 -4.2526e-13 -1.1512e-12 2.397e-12 -9.7372e-13 1.3842e-12 -1.0001e-13 -7.7538e-13 1.0653e-12 4.6351e-14 -3.1694e-13 1.3087e-14 1.3371e-12 5.0837e-13 1.6451e-13 2.9704e-13 3.211e-13 1.907e-13 1.1166e-13 -3.2566e-15
4.0358e-11 4.4805e-11 4.0291e-11 4.1203e-11 3.1175e-11 2.5975e-11 3.0161e-11 4.5761e-11 2.0679e-11 1.1783e-11 2.1178e-11 2.7046e-11 1.0429e-11 1.9647e-11 4.3042e-12 8.1503e-12 5.7882e-12 1.0792e-11 3.9935e-12 7.1812e-12 1.0715e-12 2.42e-12 -1.2923e-13 -6.6635e-12 4.3115e-12 1.0202e-11 2.8732e-14 1.1738e-12 -2.4354e-12 -3.9259e-12 -6.8445e-13 -5.3614e-12 -3.0139e-12 -3.4825e-12 -3.4182e-12 -1.1275e-12 -5.6868e-12 -6.0172e-12 -1.5666e-12 1.0311e-12 1.2568e-12 -4.2713e-12 -1.1717e-12 -6.7909e-12 -1.3574e-12 1.7412e-12 -3.7068e-12 -5.9117e-12 -7.0749e-13 8.0394e-13 2.2521e-12 -1.3951e-13 -2.1685e-12 -4.5448e-12 1.7098e-12 -1.0967e-12 -2.7944e-12 4.3646e-12 1.5672e-12 -4.3801e-13 -2.973e-12 -4.2573e-12 -2.1515e-13 -9.907e-13 -9.2566e-13 3.2954e-12 5.9298e-13 -8.6259e-13 9.1736e-13 2.7294e-12 -2.2111e-12 1.1818e-14 8.2162e-13 2.5023e-13 5.1603e-13 4.0725e-13 -7.7258e-13 1.0159e-13 7.5102e-13 6.1765e-13 2.6467e-13 1.8073e-13 9.4052e-14 4.7432e-14 9.8738e-15
5.2778e-11 4.4264e-11 4.5537e-11 3.5569e-11 3.1237e-11 2.633e-11 3.0585e-11 2.0679e-11 4.097e-11 1.7483e-11 1.6155e-11 1.852e-11 1.3586e-11 9.2644e-12 5.142e-12 1.3122e-11 5.3363e-12 5.7968e-12 -3.9551e-13 3.982e-13 2.2738e-12 4.6608e-12 3.2158e-12 -2.5017e-12 5.3433e-14 1.1695e-12 1.2714e-12 -2.7517e-12 3.6895e-12 -5.3525e-12 -1.2497e-12 -9.0449e-12 -7.7976e-12 -6.949e-12 1.1077e-12 -1.9404e-12 -7.6327e-12 -1.537e-12 -2.7718e-13 1.0159e-12 3.5402e-12 -7.2707e-12 -2.2659e-12 -4.7803e-12 2.9196e-12 -6.3534e-13 -5.3477e-13 -6.1197e-12 1.1043e-12 1.0171e-12 -2.6685e-13 -4.8112e-13 -2.5836e-12 -3.3642e-12 4.9342e-12 -1.0519e-13 -2.3166e-12 7.8723e-13 6.7948e-13 3.3011e-12 -3.8591e-13 -3.2466e-12 -4.2564e-12 -2.9237e-12 -1.137e-12 2.3148e-12 6.3614e-13 -2.0994e-12 9.335e-14 1.1612e-12 -3.6536e-13 -7.7473e-13 2.4359e-13 1.9729e-12 1.4286e-12 4.1373e-13 -5.4762e-13 5.3669e-13 4.2829e-13 -1.9007e-13 3.1508e-13 7.6066e-14 1.6677e-13 9.6047e-14 2.6002e-14
3.5383e-11 3.5687e-11 2.9452e-11 2.5011e-11 1.8795e-11 2.0634e-11 2.02e-11 1.1783e-11 1.7483e-11 2.9927e-11 1.408e-11 1.0708e-11 1.1883e-11 1.4988e-11 6.5798e-12 8.1027e-12 1.0322e-11 1.0787e-11 3.8861e-12 -1.883e-12 4.5299e-12 3.7818e-13 -2.1863e-13 -5.8458e-12 -6.141e-13 1.6407e-12 1.18e-14 -8.1914e-13 1.446e-12 -2.891e-13 8.0371e-12 -1.9358e-14 6.0536e-13 -2.6274e-12 -3.3696e-12 -4.9591e-12 -5.6495e-12 4.5846e-12 5.3502e-13 2.3663e-12 2.1528e-12 -1.4491e-12 -2.1159e-12 -2.4072e-12 1.6534e-12 -2.653e-13 -2.1961e-12 -5.0345e-12 3.1655e-13 1.5685e-12 -4.7979e-13 1.7818e-13 -2.1424e-12 2.2164e-13 4.6933e-12 -2.1984e-12 -2.6381e-12 1.0592e-12 6.105e-13 2.7807e-12 1.464e-12 -2.5923e-12 -4.1925e-12 -2.0591e-13 -3.3408e-12 1.9295e-12 9.9668e-14 1.0528e-12 -9.4079e-13 7.5243e-13 2.5609e-13 -2.0946e-12 2.5143e-13 1.0362e-12 5.1237e-13 2.7062e-13 -3.1094e-13 1.3962e-12 7.0604e-13 -6.9398e-14 1.9512e-13 1.5743e-13 7.3258e-14 1.5164e-13 -1.2905e-14
3.7403e-11 4.5045e-11 4.2849e-11 3.3467e-11 2.5401e-11 1.9539e-11 2.0836e-11 2.1178e-11 1.6155e-11 1.408e-11 4.3799e-11 1.5325e-11 1.0547e-11 1.3291e-11 6.0387e-12 1.1185e-11 4.7094e-12 7.1762e-12 -9.7303e-13 1.1014e-11 -1.2839e-12 -1.4243e-12 2.9426e-12 -4.1639e-12 -2.4851e-12 6.6614e-12 4.2789e-12 4.5608e-12 -8.2816e-13 -4.4222e-12 -3.1417e-12 -9.8836e-13 1.3511e-12 -6.0882e-12 -6.1999e-12 6.5246e-13 -2.8063e-12 -1.0794e-12 -1.2896e-12 4.0113e-12 1.5061e-14 -8.5256e-12 -2.6745e-12 -7.4996e-12 -3.9752e-12 -3.3191e-12 -3.2923e-12 -8.2116e-13 -4.1611e-12 2.0025e-12 -1.0873e-13 -1.6583e-12 -4.7372e-12 1.0191e-12 -8.4623e-13 -3.0073e-12 -2.5647e-12 3.3842e-12 -1.8336e-12 -1.1401e-13 3.39e-12 -2.826e-12 -4.1652e-12 1.1105e-12 -1.1456e-12 3.473e-12 4.0044e-14 -8.3715e-13 9.7674e-13 9.8593e-13 1.1101e-12 -6.8884e-13 -1.4142e-12 1.6537e-12 1.2351e-12 8.6733e-13 1.5743e-13 5.073e-13 3.3096e-13 -4.8942e-14 2.2225e-13 4.6918e-14 4.5825e-14 9.4919e-14 1.8935e-14
3.5308e-11 3.5678e-11 3.2859e-11 3.4322e-11 2.3996e-11 1.9651e-11 2.9758e-11 2.7046e-11 1.852e-11 1.0708e-11 1.5325e-11 3.8468e-11 6.0862e-12 1.7847e-11 4.0708e-12 1.0612e-11 7.8029e-12 1.0392e-11 1.1243e-12 5.946e-12 6.5096e-12 2.0896e-12 -4.8879e-12 -3.7503e-12 1.6008e-12 4.7864e-12 -1.4713e-12 1.8851e-12 1.3724e-12 -3.0305e-13 -9.7757e-13 -2.6418e-12 -3.1014e-12 -4.5037e-12 2.6512e-13 1.2337e-12 -9.2357e-12 -6.8942e-12 2.6497e-12 -2.5396e-12 3.6955e-12 -5.66e-12 1.2677e-12 -5.7961e-13 -2.0554e-12 2.9602e-12 -1.5712e-12 -3.4275e-12 1.8291e-12 2.7303e-12 2.0685e-12 4.1691e-12 -3.7923e-12 -2.3443e-12 3.1206e-12 6.214e-13 -2.1475e-12 6.9756e-13 3.0234e-12 8.5954e-13 -1.9718e-12 -4.2226e-12 -7.8621e-13 1.1729e-12 -1.4615e-12 4.2425e-12 2.2483e-12 2.6565e-13 8.3573e-13 9.9246e-13 -1.8446e-12 1.8226e-14 1.2169e-12 3.5342e-13 1.7373e-15 2.7784e-13 2.1848e-13 4.6077e-13 -1.906e-13 7.4365e-14 2.4661e-13 2.1711e-13 9.0472e-14 8.0992e-14 4.258e-15
2.2855e-11 2.9228e-11 2.6247e-11 2.977e-11 1.3216e-11 1.8493e-11 1.5974e-11 1.0429e-11 1.3586e-11 1.1883e-11 1.0547e-11 6.0862e-12 3.6744e-11 6.5891e-12 9.4579e-13 4.4612e-12 2.5226e-12 1.9241e-12 6.6475e-12 4.1995e-12 1.8081e-12 3.0981e-12 -1.1496e-13 4.356e-12 2.0033e-12 4.4118e-12 5.2462e-12 -3.5196e-12 4.706e-12 -1.957e-12 -5.1775e-13 3.5168e-12 4.3744e-12 -3.0939e-12 -5.8794e-12 -3.7732e-12 -5.6731e-12 3.5729e-12 6.439e-12 3.0548e-12 2.0232e-12 -2.2367e-12 5.9247e-14 -3.0098e-12 9.4758e-13 -1.7514e-12 2.233e-12 -1.8463e-12 -3.7049e-12 1.5171e-12 -1.1558e-12 -1.7948e-12 -5.4089e-13 1.6538e-12 2.7952e-12 -8.4053e-14 -4.1441e-13 2.4817e-12 6.8286e-13 1.9364e-12 -6.6591e-14 8.2303e-13 -9.8236e-13 -5.6501e-14 1.6914e-12 1.6142e-12 -7.2508e-13 -9.2476e-13 5.1298e-13 3.2582e-13 1.4811e-12 -2.556e-13 2.5809e-13 7.4761e-13 4.3525e-13 7.1855e-15 5.5621e-13 7.129e-13 -4.2172e-13 -7.1053e-16 1.4295e-13 -3.1242e-14 7.2677e-15 9.4977e-14 1.9202e-14
2.5971e-11 3.0308e-11 2.7961e-11 2.3288e-11 1.4487e-11 1.8942e-11 1.9561e-11 1.9647e-11 9.2644e-12 1.4988e-11 1.3291e-11 1.7847e-11 6.5891e-12 3.1161e-11 3.9796e-12 9.3947e-12 1.4259e-11 1.3534e-11 4.8621e-12 6.6263e-12 1.1556e-12 -3.7699e-12 2.5095e-12 -5.303e-12 -5.2393e-13 -1.3299e-12 -4.5398e-13 -2.7924e-12 -3.1269e-12 2.6855e-14 4.2852e-12 9.7896e-13 5.3916e-12 -4.3989e-12 3.0489e-12 2.4406e-12 -3.6624e-12 -4.7972e-12 -2.7104e-14 -1.2423e-12 -1.7571e-13 -3.7478e-12 3.184e-12 -4.0104e-12 -3.2803e-12 3.0137e-12 -4.2167e-12 -1.5858e-12 6.6633e-14 3.6614e-12 3.8691e-12 2.0885e-12 -2.3291e-12 -1.1726e-12 3.7464e-14 -2.8621e-12 -2.7651e-12 1.4298e-12 2.1904e-12 1.6465e-13 -1.1246e-12 -2.5478e-12 1.2751e-12 1.1446e-13 -2.3727e-12 2.5339e-12 -5.2556e-13 8.8212e-13 -1.2047e-12 1.3858e-13 -6.1882e-13 -8.4873e-13 7.3477e-13 -1.5419e-12 8.9763e-13 -1.922e-13 -3.4239e-13 8.8566e-13 1.6356e-13 6.9974e-14 1.9489e-13 7.8666e-14 7.7052e-14 8.317e-14 -1.7511e-15
1.4592e-11 1.5475e-11 1.0282e-11 1.7322e-11 8.0157e-12 6.2432e-12 1.1417e-11 4.3042e-12 5.142e-12 6.5798e-12 6.0387e-12 4.0708e-12 9.4579e-13 3.9796e-12 2.5282e-11 -2.7915e-12 4.4167e-12 6.0946e-12 -9.9267e-13 6.0387e-12 -6.9088e-12 -2.0475e-12 -4.6921e-13 -6.4329e-12 3.2509e-12 -2.2366e-12 -1.7338e-12 7.7599e-12 3.3938e-12 -4.5692e-14 -4.9978e-14 -6.3701e-12 -3.5325e-12 2.6816e-13 -5.4329e-12 -3.8526e-12 -4.7425e-12 -2.2164e-12 -2.8068e-12 4.6395e-12 2.099e-12 -2.6186e-12 -3.6462e-12 -2.958e-12 -1.726e-12 3.4439e-12 -3.0475e-12 -5.2561e-13 -3.4473e-12 -2.6782e-12 -4.4523e-13 -1.1281e-12 6.9618e-13 -2.2885e-13 -1.0532e-12 2.3066e-12 1.726e-12 8.2754e-13 5.7718e-13 9.1869e-13 -1.1538e-13 -1.0711e-12 -2.7404e-12 1.4336e-12 1.4346e-12 -1.5649e-12 1.1038e-14 1.3141e-13 -9.6383e-13 1.0308e-12 -9.9435e-13 3.9807e-13 -1.301e-12 2.3239e-13 1.8012e-13 5.1251e-13 2.6101e-13 -2.6727e-13 -6.5837e-13 6.951e-14 5.8994e-14 1.9354e-13 6.2186e-14 7.5659e-14 -9.2759e-15
1.979e-11 1.3735e-11 1.7283e-11 1.414e-11 6.6095e-12 6.4184e-12 1.5122e-11 8.1503e-12 1.3122e-11 8.1027e-12 1.1185e-11 1.0612e-11 4.4612e-12 9.3947e-12 -2.7915e-12 2.1105e-11 6.6707e-12 3.028e-12 1.9773e-12 3.0723e-12 1.6233e-12 9.3573e-13 -3.4866e-12 1.4235e-12 -2.1533e-12 3.5627e-12 4.0103e-12 -5.2442e-12 6.575e-13 -2.9632e-12 2.847e-13 1.5781e-12 3.3859e-12 -1.8221e-12 1.5963e-12 1.5209e-12 -4.3178e-12 -1.7852e-14 -2.305e-13 1.2067e-12 2.3892e-12 -7.5917e-13 -6.5371e-13 -2.8413e-12 -4.1419e-13 3.4963e-13 1.5447e-12 7.6851e-13 1.2226e-12 4.1821e-12 3.274e-12 -2.0228e-12 -3.7401e-13 -8.9631e-13 1.1484e-12 6.025e-13 -2.3014e-12 2.0736e-12 2.5703e-13 5.8961e-13 1.4453e-12 -1.1119e-12 -7.2465e-13 -1.5011e-12 -1.14e-12 1.4533e-12 -2.1009e-13 -6.8887e-13 1.7237e-13 1.097e-14 -2.1343e-13 -4.629e-13 7.4828e-13 7.2119e-13 -2.2596e-13 3.7224e-14 -6.548e-13 5.5119e-13 4.4329e-13 -3.2938e-13 2.4995e-13 3.0961e-15 4.4257e-14 6.1272e-14 -1.3548e-15
1.6551e-11 1.4196e-11 1.2126e-11 1.6181e-11 9.0783e-12 5.01e-12 8.7401e-12 5.7882e-12 5.3363e-12 1.0322e-11 4.7094e-12 7.8029e-12 2.5226e-12 1.4259e-11 4.4167e-12 6.6707e-12 2.1528e-11 6.6828e-12 -1.8113e-12 5.3618e-12 -2.5125e-12 -2.8857e-12 1.8214e-12 -6.4999e-12 -1.6936e-13 -2.3042e-12 2.1475e-12 -3.0709e-12 -2.2994e-13 5.1354e-13 3.7938e-12 -1.4613e-12 2.9893e-12 -2.4926e-12 2.2816e-12 -3.2443e-12 -4.3888e-13 1.3441e-13 -9.1085e-14 1.7006e-12 -8.042e-13 2.2818e-12 -3.1445e-12 -1.2995e-12 -4.4543e-13 -2.1426e-12 5.7807e-13 -1.6044e-12 1.1321e-12 4.2816e-12 1.0452e-12 5.0124e-13 1.2095e-12 1.3604e-12 4.9101e-13 4.6137e-13 -5.2283e-13 -1.2155e-13 2.0829e-12 1.6427e-12 2.2933e-13 9.1956e-13 -3.1722e-13 -2.7543e-13 -1.3483e-12 1.5387e-12 -3.9271e-14 -1.1048e-12 1.2254e-13 1.0854e-12 8.2481e-13 -2.7498e-13 1.2825e-13 -2.2269e-13 2.8274e-14 2.2785e-15 4.9269e-14 7.0972e-13 -1.3086e-13 2.312e-13 7.756e-14 6.3656e-16 1.4839e-14 6.5125e-14 -1.668e-14
1.6565e-11 2.0012e-11 1.1606e-11 1.2123e-11 9.469e-12 6.6305e-12 1.9122e-11 1.0792e-11 5.7968e-12 1.0787e-11 7.1762e-12 1.0392e-11 1.9241e-12 1.3534e-11 6.0946e-12 3.028e-12 6.6828e-12 2.1847e-11 4.9769e-12 6.859e-12 2.6509e-12 5.0632e-12 6.0807e-12 -3.1839e-12 2.1449e-12 -3.9731e-13 6.9579e-13 1.143e-12 -5.1812e-13 9.3781e-13 4.1002e-12 3.6385e-12 3.7585e-12 2.5149e-12 5.4988e-13 2.3605e-13 -6.9023e-13 1.4328e-12 3.5503e-12 -6.4398e-13 1.8645e-12 -2.6374e-12 1.0576e-12 5.9961e-13 -9.5862e-13 2.7787e-12 2.952e-13 -4.3963e-13 4.4997e-13 3.3785e-12 1.3208e-12 2.8323e-12 1.214e-12 -3.6093e-12 2.6834e-12 1.275e-12 -2.0291e-12 4.4006e-13 3.2107e-12 -1.9739e-13 -1.9988e-12 -1.1891e-12 -2.2434e-12 -1.1669e-12 -4.2551e-13 2.5796e-12 9.1875e-13 2.0433e-12 -3.0345e-13 6.8304e-13 1.0888e-12 6.6401e-13 4.5241e-13 -5.7572e-13 1.6965e-14 3.5251e-14 -9.5727e-14 2.9228e-13 3.0652e-13 -9.5955e-15 5.827e-14 2.0822e-13 8.4227e-15 1.7541e-14 -2.9594e-14
-4.0875e-12 1.6291e-12 1.1177e-12 1.6282e-12 -6.5189e-12 -2.7579e-12 5.4929e-12 3.9935e-12 -3.9551e-13 3.8861e-12 -9.7303e-13 1.1243e-12 6.6475e-12 4.8621e-12 -9.9267e-13 1.9773e-12 -1.8113e-12 4.9769e-12 1.7362e-11 -7.0857e-13 1.1047e-13 -2.1655e-12 1.1922e-12 2.6146e-12 3.7858e-12 5.2989e-12 -1.4388e-12 -1.5498e-12 4.3242e-12 9.4377e-13 2.6426e-12 2.8625e-12 3.3512e-12 5.6099e-12 -2.1449e-12 1.0226e-12 -1.7295e-12 4.6625e-12 3.5474e-12 2.4736e-12 4.8932e-12 3.557e-12 9.5792e-13 2.1502e-12 1.1139e-12 4.5843e-12 7.4308e-15 2.0717e-12 1.7462e-12 3.3479e-12 8.9264e-14 3.6935e-13 2.6264e-13 1.9167e-12 2.4714e-12 -2.2733e-12 9.344e-13 3.4203e-14 1.0911e-12 2.3507e-12 4.1864e-13 -1.2195e-13 8.6556e-13 -1.3354e-13 -2.5892e-13 1.3431e-13 1.0497e-12 1.5851e-12 -5.6229e-13 4.3337e-14 2.491e-13 4.3539e-13 5.926e-13 3.0125e-14 -3.3866e-13 -4.6225e-13 -2.1946e-13 5.4475e-13 5.8329e-13 5.9569e-14 -7.5242e-14 1.064e-13 -4.7761e-14 -2.251e-14 -8.5002e-15
7.5664e-12 9.0441e-12 5.952e-12 1.17e-11 1.2871e-12 2.8141e-12 8.6413e-12 7.1812e-12 3.982e-13 -1.883e-12 1.1014e-11 5.946e-12 4.1995e-12 6.6263e-12 6.0387e-12 3.0723e-12 5.3618e-12 6.859e-12 -7.0857e-13 2.2107e-11 -4.6963e-12 4.6349e-12 1.5203e-12 -7.3752e-13 -1.6268e-12 1.8389e-12 4.1501e-12 -1.6974e-12 -5.4646e-12 9.6614e-13 -2.9455e-12 2.3409e-12 4.4252e-14 -1.9432e-12 -7.9202e-13 1.4956e-12 -2.1828e-12 5.0304e-13 2.9253e-12 6.6269e-13 -2.3238e-13 -2.4014e-12 1.7337e-14 -2.8092e-12 -1.7315e-12 1.127e-12 6.4988e-12 3.3687e-12 -2.9479e-12 1.3297e-12 -1.8895e-13 9.5091e-13 2.5873e-12 7.036e-13 -1.3285e-12 1.2936e-12 -4.577e-13 1.8553e-12 1.4907e-12 -2.7138e-12 -4.6066e-13 5.2021e-13 1.5053e-12 -7.4874e-13 2.4535e-12 -1.5153e-13 -1.281e-12 1.1103e-12 1.1598e-12 1.1427e-12 2.368e-12 -2.8984e-13 9.221e-13 -7.3794e-14 -1.8856e-13 3.7117e-13 6.4333e-13 1.4089e-13 -3.2921e-13 -1.4316e-13 2.708e-13 -1.9276e-14 6.1197e-15 -2.6576e-15 -3.649e-15
1.1013e-11 7.0792e-12 5.3294e-12 2.6965e-12 6.1615e-12 9.9878e-12 1.1941e-11 1.0715e-12 2.2738e-12 4.5299e-12 -1.2839e-12 6.5096e-12 1.8081e-12 1.1556e-12 -6.9088e-12 1.6233e-12 -2.5125e-12 2.6509e-12 1.1047e-13 -4.6963e-12 2.164e-11 3.509e-12 -1.7414e-14 9.0575e-13 1.1429e-12 -1.0613e-12 1.1118e-12 7.4169e-14 3.9591e-12 -1.3644e-12 5.0439e-12 1.8576e-12 -1.4849e-12 -4.627e-13 3.2607e-12 -2.5707e-12 -4.3769e-12 -2.1213e-12 -5.2627e-13 -2.3342e-12 9.9275e-14 6.2709e-13 -1.1792e-12 1.992e-12 6.0604e-13 -6.2088e-13 4.2483e-13 -1.8634e-12 1.9855e-12 2.2222e-12 2.4991e-12 9.0866e-13 -2.1208e-12 -2.397e-12 2.5955e-12 1.4735e-12 -3.6415e-12 -3.1797e-13 -4.9352e-13 -4.1557e-13 2.3173e-12 -1.5415e-12 1.0845e-12 1.86e-12 -3.2185e-12 2.7771e-12 4.5019e-13 1.9138e-12 7.3985e-13 -2.1606e-12 5.4488e-13 -1.6345e-12 7.204e-14 2.6311e-13 -4.077e-13 -8.2817e-13 -6.4176e-13 3.1821e-13 -9.3796e-14 -3.5246e-13 -4.7118e-14 9.2101e-14 3.7022e-14 -3.0628e-14 1.0912e-14
-1.4594e-12 3.2116e-13 -2.677e-12 9.0262e-13 -1.6051e-12 9.6385e-13 3.7449e-12 2.42e-12 4.6608e-12 3.7818e-13 -1.4243e-12 2.0896e-12 3.0981e-12 -3.7699e-12 -2.0475e-12 9.3573e-13 -2.8857e-12 5.0632e-12 -2.1655e-12 4.6349e-12 3.509e-12 2.547e-11 2.4938e-12 5.1944e-12 6.0559e-14 2.1018e-12 7.4355e-12 -2.0771e-12 4.3203e-13 1.9359e-12 -1.4774e-12 6.3823e-12 2.5685e-12 4.6596e-12 3.0687e-12 -8.4551e-13 -4.5157e-13 3.4302e-12 -1.4479e-13 -2.309e-12 -1.7977e-12 -5.1074e-14 5.4796e-12 5.8327e-12 -8.0823e-13 8.1535e-13 3.919e-12 1.708e-12 1.7345e-12 4.4807e-12 3.5302e-12 6.0618e-12 2.3084e-12 -2.9685e-12 4.2246e-12 3.7032e-12 6.3267e-13 -1.5405e-13 2.9006e-12 2.7428e-13 -5.4319e-14 2.2388e-12 -3.0898e-13 -7.3306e-13 -5.6653e-13 4.7167e-13 -9.0509e-13 1.8311e-13 2.5559e-13 1.7029e-12 1.8765e-12 1.1472e-12 9.754e-13 1.3375e-12 9.4299e-14 4.0699e-13 2.8424e-13 2.3422e-13 -3.5878e-13 -3.5538e-14 1.1681e-13 -9.1934e-15 6.2141e-14 8.1222e-15 -2.5727e-14
3.822e-12 6.1709e-12 9.8203e-13 -5.3014e-12 -2.3554e-12 1.9532e-12 -3.5216e-12 -1.2923e-13 3.2158e-12 -2.1863e-13 2.9426e-12 -4.8879e-12 -1.1496e-13 2.5095e-12 -4.6921e-13 -3.4866e-12 1.8214e-12 6.0807e-12 1.1922e-12 1.5203e-12 -1.7414e-14 2.4938e-12 2.3244e-11 -5.5843e-12 -1.762e-12 -5.2493e-12 -1.5457e-12 -2.1398e-12 2.6107e-12 -1.5299e-13 -4.7797e-12 3.1578e-12 -8.5795e-13 1.0023e-12 3.3535e-12 3.6493e-13 3.1992e-12 -9.2404e-13 2.2849e-12 -2.0759e-13 -9.4297e-15 -2.7552e-12 1.9007e-12 -2.0764e-13 -2.3267e-12 1.3224e-12 -7.1199e-13 8.3631e-13 2.0209e-12 1.6982e-12 -5.5221e-13 2.1885e-12 4.9184e-12 1.5999e-13 -7.3525e-13 -2.2596e-13 1.3337e-12 -9.6668e-13 5.4215e-13 6.3955e-13 2.4621e-12 -5.6632e-13 -1.6132e-12 -1.3234e-12 -1.9113e-12 5.3532e-13 -3.5913e-13 3.1533e-13 -4.1445e-13 -8.0941e-14 1.4607e-12 4.1125e-13 5.7483e-13 -1.9972e-13 7.935e-13 -6.8747e-13 -2.5967e-13 -7.8419e-13 -2.2406e-13 6.5139e-14 -5.5539e-14 -6.2968e-15 -8.8186e-15 -5.0217e-15 -7.6851e-15
-1.3628e-11 -7.8113e-12 -5.4971e-12 -3.1871e-12 -4.8208e-12 -5.5316e-12 -5.9912e-12 -6.6635e-12 -2.5017e-12 -5.8458e-12 -4.1639e-12 -3.7503e-12 4.356e-12 -5.303e-12 -6.4329e-12 1.4235e-12 -6.4999e-12 -3.1839e-12 2.6146e-12 -7.3752e-13 9.0575e-13 5.1944e-12 -5.5843e-12 1.9436e-11 -1.0115e-13 4.5368e-13 2.1833e-12 7.3117e-13 3.2572e-12 -3.3175e-13 2.0647e-12 3.4302e-12 2.7876e-12 1.9307e-12 2.1658e-12 2.6777e-12 5.4018e-13 1.547e-12 1.5575e-12 -1.9277e-12 1.6282e-12 6.8949e-13 2.6248e-12 2.1189e-12 5.6929e-13 9.4514e-13 5.0633e-12 2.0933e-12 1.8909e-12 1.0252e-12 -7.0492e-13 -1.0326e-12 -1.4674e-13 -6.4081e-14 -1.5177e-13 7.4401e-13 2.2204e-12 -2.3608e-12 -4.1211e-13 1.5856e-12 1.8831e-13 3.1323e-12 2.6813e-12 -1.0967e-12 8.5742e-13 4.0142e-13 -1.1224e-13 3.8538e-13 -1.0811e-12 -3.8655e-13 8.1492e-13 3.4862e-14 -6.3313e-13 -1.7971e-13 -3.3412e-13 3.9468e-13 -5.0868e-13 2.4971e-13 6.997e-14 -3.5918e-15 -1.1639e-13 -5.7905e-14 -5.2312e-14 -8.1258e-15 2.0199e-15
-1.7492e-12 -9.9356e-12 3.7551e-12 2.418e-12 3.5454e-14 1.2537e-12 -1.2601e-12 4.3115e-12 5.3433e-14 -6.141e-13 -2.4851e-12 1.6008e-12 2.0033e-12 -5.2393e-13 3.2509e-12 -2.1533e-12 -1.6936e-13 2.1449e-12 3.7858e-12 -1.6268e-12 1.1429e-12 6.0559e-14 -1.762e-12 -1.0115e-13 2.9085e-11 2.6379e-14 -5.0905e-12 6.0408e-12 1.0996e-13 -2.3991e-12 -6.0975e-14 2.1463e-12 2.9406e-12 -2.7279e-12 -2.1759e-13 -2.2769e-12 -4.8197e-12 6.0994e-12 1.7937e-12 -1.5976e-13 -9.6471e-13 1.4936e-12 2.6634e-12 1.1984e-12 1.6831e-12 -8.9313e-15 -4.5684e-12 -2.0503e-12 5.2848e-13 -2.517e-12 2.8371e-12 -1.6221e-12 3.1393e-12 2.4405e-12 3.5218e-12 3.3647e-13 9.8613e-13 6.6603e-13 1.3435e-12 9.0439e-13 -2.6915e-12 2.4476e-12 3.1022e-12 2.1102e-12 1.3943e-12 -2.9244e-12 1.2245e-12 2.9227e-12 -9.1167e-13 7.6073e-13 1.0175e-12 8.6629e-13 -1.4449e-13 -7.9337e-13 -3.2504e-13 -3.4016e-13 -5.7178e-13 -3.1723e-13 3.0393e-13 4.7734e-13 -4.9431e-14 2.7967e-13 8.0049e-15 4.7493e-14 1.5448e-14
-6.9857e-13 5.9648e-12 3.3069e-12 6.2074e-12 2.394e-12 -1.0082e-12 5.3348e-12 1.0202e-11 1.1695e-12 1.6407e-12 6.6614e-12 4.7864e-12 4.4118e-12 -1.3299e-12 -2.2366e-12 3.5627e-12 -2.3042e-12 -3.9731e-13 5.2989e-12 1.8389e-12 -1.0613e-12 2.1018e-12 -5.2493e-12 4.5368e-13 2.6379e-14 1.4724e-11 2.6111e-12 5.9181e-13 -4.9117e-13 2.5147e-12 2.453e-12 -1.1408e-12 2.9822e-13 3.3819e-12 -4.1881e-12 -1.8979e-12 -5.0335e-12 1.4139e-12 3.7883e-13 3.7763e-12 3.4361e-12 1.1564e-12 -2.8428e-12 -2.815e-13 -1.4811e-12 6.4636e-13 2.0692e-12 1.3236e-12 -1.2615e-12 4.9893e-13 3.764e-13 4.458e-13 2.0931e-13 2.2488e-12 1.0565e-13 1.7488e-12 -2.211e-12 2.0842e-12 5.8002e-13 -4.7456e-13 2.279e-13 -2.2567e-13 -2.2316e-13 -1.0188e-12 8.7244e-13 8.8778e-13 1.0271e-12 -5.4478e-13 1.0032e-12 1.7526e-12 -7.7244e-13 9.0011e-13 3.6369e-13 1.0218e-12 -3.0562e-13 1.1187e-12 2.5227e-13 1.735e-13 8.001e-13 2.1238e-13 1.2134e-13 -8.057e-14 -6.0602e-15 -8.609e-15 -1.1017e-14
2.6987e-12 3.1413e-12 2.3142e-12 3.2668e-12 2.2185e-12 9.8959e-13 6.6955e-13 2.8732e-14 1.2714e-12 1.18e-14 4.2789e-12 -1.4713e-12 5.2462e-12 -4.5398e-13 -1.7338e-12 4.0103e-12 2.1475e-12 6.9579e-13 -1.4388e-12 4.1501e-12 1.1118e-12 7.4355e-12 -1.5457e-12 2.1833e-12 -5.0905e-12 2.6111e-12 1.4358e-11 -4.2199e-12 2.6018e-12 2.0385e-12 -7.5534e-13 3.3641e-12 2.8178e-12 5.5484e-13 2.0345e-12 -1.2767e-13 2.1441e-12 4.2156e-13 -1.5271e-12 -2.6563e-12 -8.0785e-13 -7.4161e-13 -5.6279e-14 -2.1269e-13 -1.6723e-13 -2.2948e-12 2.2821e-12 3.8519e-12 -6.2054e-13 1.9685e-12 1.2395e-12 -5.3509e-13 -5.2757e-13 -2.5468e-12 6.4302e-13 2.6767e-12 -8.6301e-13 6.3154e-13 -1.061e-12 6.5635e-13 -2.7444e-14 1.4899e-12 -1.9835e-12 -9.9209e-14 8.9162e-13 2.6535e-13 -3.7484e-13 -5.9541e-13 7.921e-13 1.1543e-12 4.7181e-13 2.4236e-13 -3.2747e-13 9.4609e-13 -1.6194e-13 8.5981e-13 4.9114e-13 4.4048e-13 -4.5372e-13 1.6689e-14 2.4332e-14 -1.4813e-13 2.1159e-14 4.3859e-15 5.937e-15
3.1299e-12 5.9774e-12 6.9663e-12 9.7743e-12 5.3462e-12 5.2927e-12 9.0255e-12 1.1738e-12 -2.7517e-12 -8.1914e-13 4.5608e-12 1.8851e-12 -3.5196e-12 -2.7924e-12 7.7599e-12 -5.2442e-12 -3.0709e-12 1.143e-12 -1.5498e-12 -1.6974e-12 7.4169e-14 -2.0771e-12 -2.1398e-12 7.3117e-13 6.0408e-12 5.9181e-13 -4.2199e-12 2.1984e-11 2.4023e-12 -1.3655e-12 -1.4364e-12 -3.0734e-12 -1.7203e-12 -7.5961e-13 -5.962e-12 -2.8874e-12 -5.7041e-12 1.4148e-12 -2.1052e-12 5.9464e-13 2.8157e-12 -5.8787e-12 -7.5573e-13 -2.3942e-12 -3.331e-12 -9.8256e-13 -2.8851e-12 -5.1447e-13 -4.3072e-12 -3.4483e-13 -3.0924e-12 1.0478e-12 8.5404e-13 1.9875e-12 -4.1232e-13 -9.0704e-13 2.2211e-12 -3.2147e-13 -2.4591e-12 9.7466e-13 -9.6971e-13 7.0792e-13 -7.6287e-13 8.3153e-13 1.1197e-12 5.9701e-13 1.2109e-13 1.282e-13 2.8672e-13 1.8591e-13 -4.7329e-13 1.0755e-12 -1.3372e-12 -3.9019e-13 -1.6444e-13 9.958e-13 3.4478e-13 -2.2441e-13 -1.0256e-13 6.2044e-14 -1.8382e-13 1.6528e-13 1.9233e-14 4.3848e-14 -1.6572e-14
5.5852e-12 6.6185e-12 4.8077e-12 6.6491e-12 2.5859e-12 3.6096e-13 2.1055e-12 -2.4354e-12 3.6895e-12 1.446e-12 -8.2816e-13 1.3724e-12 4.706e-12 -3.1269e-12 3.3938e-12 6.575e-13 -2.2994e-13 -5.1812e-13 4.3242e-12 -5.4646e-12 3.9591e-12 4.3203e-13 2.6107e-12 3.2572e-12 1.0996e-13 -4.9117e-13 2.6018e-12 2.4023e-12 1.4521e-11 1.0509e-12 -4.9264e-13 1.2727e-12 -1.2169e-12 2.9589e-12 -1.2623e-13 -3.1668e-12 -2.6837e-12 -8.5113e-13 -6.8697e-13 3.728e-13 3.5483e-12 8.7961e-13 -1.5927e-12 8.6812e-13 8.9919e-13 2.2338e-12 -1.5131e-12 4.779e-13 2.1474e-12 1.7821e-12 -1.1713e-12 2.9229e-13 -8.6822e-15 7.508e-13 1.1096e-12 3.0191e-12 2.0523e-12 -3.6435e-13 3.392e-13 3.727e-12 2.8345e-12 3.4851e-13 -2.1844e-12 8.2415e-13 -1.0073e-13 4.9605e-13 1.0099e-12 -7.8652e-14 -9.333e-13 3.4267e-13 -1.8375e-13 7.7615e-14 -7.7624e-13 4.4866e-13 -3.5607e-14 -1.294e-13 4.0027e-14 7.7354e-14 -2.7959e-13 -4.185e-15 -1.2554e-13 6.3914e-14 1.475e-14 2.5793e-14 1.2907e-15
-1.2199e-11 -5.2915e-12 -1.3305e-11 -7.9929e-12 -7.2003e-12 -5.0896e-12 -3.9861e-12 -3.9259e-12 -5.3525e-12 -2.891e-13 -4.4222e-12 -3.0305e-13 -1.957e-12 2.6855e-14 -4.5692e-14 -2.9632e-12 5.1354e-13 9.3781e-13 9.4377e-13 9.6614e-13 -1.3644e-12 1.9359e-12 -1.5299e-13 -3.3175e-13 -2.3991e-12 2.5147e-12 2.0385e-12 -1.3655e-12 1.0509e-12 1.441e-11 4.7897e-13 2.4329e-12 -6.1307e-13 3.1454e-12 3.4502e-12 -5.5694e-13 -2.5132e-12 -1.9215e-12 -5.1198e-13 2.7752e-13 2.0709e-12 3.9645e-12 1.7211e-12 4.2562e-12 -1.1642e-12 3.0698e-12 4.0803e-12 4.0822e-13 6.3788e-13 -8.3735e-13 -3.1266e-13 2.0223e-12 2.7531e-12 2.7279e-12 -1.2904e-12 4.4779e-14 -2.9533e-13 2.8503e-13 1.1226e-12 1.2575e-13 4.483e-13 1.0834e-12 1.0545e-12 9.3519e-13 -3.8082e-13 -7.1863e-14 5.2573e-13 3.7543e-13 -1.186e-12 -5.8537e-13 5.8003e-13 1.6416e-13 1.9606e-12 -7.6575e-13 2.8928e-13 9.4799e-13 3.3282e-13 1.2837e-13 1.0032e-13 3.6408e-13 -2.1745e-13 -1.0955e-13 -3.62e-14 -4.7555e-15 -6.8523e-15
-5.5421e-14 3.8625e-12 -1.9823e-12 5.6806e-13 2.3066e-12 -2.005e-13 2.7468e-12 -6.8445e-13 -1.2497e-12 8.0371e-12 -3.1417e-12 -9.7757e-13 -5.1775e-13 4.2852e-12 -4.9978e-14 2.847e-13 3.7938e-12 4.1002e-12 2.6426e-12 -2.9455e-12 5.0439e-12 -1.4774e-12 -4.7797e-12 2.0647e-12 -6.0975e-14 2.453e-12 -7.5534e-13 -1.4364e-12 -4.9264e-13 4.7897e-13 1.5351e-11 -1.7602e-12 2.8691e-12 1.8663e-12 5.0331e-13 -2.5075e-13 -2.2932e-12 2.3723e-12 -1.5027e-12 1.5811e-12 -3.6766e-13 3.8464e-12 -1.0611e-12 3.1284e-12 3.4884e-12 -8.2331e-14 7.5027e-13 -1.5382e-12 3.0669e-13 4.0717e-13 2.2897e-12 1.517e-12 -1.3507e-12 -1.0388e-12 3.2195e-13 2.2403e-12 -2.6627e-12 -2.3187e-13 8.5236e-13 5.7325e-14 -4.7039e-13 3.1283e-13 1.3762e-12 1.8574e-13 -1.4798e-12 2.0859e-12 1.0732e-13 1.3195e-12 -2.6956e-13 -1.0552e-12 -2.3809e-13 -1.8269e-13 -7.3267e-13 3.1859e-13 -2.6747e-13 6.1563e-13 -2.5919e-13 6.8239e-13 6.0191e-13 -6.902e-14 -1.3452e-13 -1.5062e-14 7.0196e-15 -2.1748e-14 -1.1555e-14
-1.3467e-11 -1.0274e-11 -6.6127e-12 -9.9663e-12 -1.2156e-11 -5.3921e-12 -1.3604e-11 -5.3614e-12 -9.0449e-12 -1.9358e-14 -9.8836e-13 -2.6418e-12 3.5168e-12 9.7896e-13 -6.3701e-12 1.5781e-12 -1.4613e-12 3.6385e-12 2.8625e-12 2.3409e-12 1.8576e-12 6.3823e-12 3.1578e-12 3.4302e-12 2.1463e-12 -1.1408e-12 3.3641e-12 -3.0734e-12 1.2727e-12 2.4329e-12 -1.7602e-12 1.8921e-11 7.1861e-12 -3.8877e-13 -1.947e-13 3.6249e-12 2.1103e-12 4.6937e-12 3.4578e-12 -3.2266e-12 -1.7558e-12 1.9585e-12 5.5532e-12 1.6141e-12 5.727e-14 8.6342e-13 1.6678e-12 3.5232e-12 1.184e-12 3.8461e-12 2.6304e-12 1.2025e-12 2.2577e-12 1.1019e-13 5.2318e-13 2.4497e-12 2.4341e-12 1.1918e-12 3.4981e-13 -1.7098e-12 -1.9382e-13 2.179e-12 -4.4023e-13 1.3851e-12 8.2906e-14 -1.3895e-12 3.0232e-13 1.6623e-12 -2.9668e-13 7.9582e-13 1.1241e-12 -8.8042e-13 2.3583e-12 -3.7962e-13 -6.9256e-13 -3.6263e-13 2.0271e-14 -4.4501e-14 -1.9449e-13 -5.3554e-13 -3.3157e-14 1.2826e-14 -5.6475e-14 -3.2527e-14 -5.8386e-15
-1.1507e-11 -6.5656e-12 -2.2633e-12 -4.3257e-12 -6.2333e-12 -5.5904e-12 -1.8502e-12 -3.0139e-12 -7.7976e-12 6.0536e-13 1.3511e-12 -3.1014e-12 4.3744e-12 5.3916e-12 -3.5325e-12 3.3859e-12 2.9893e-12 3.7585e-12 3.3512e-12 4.4252e-14 -1.4849e-12 2.5685e-12 -8.5795e-13 2.7876e-12 2.9406e-12 2.9822e-13 2.8178e-12 -1.7203e-12 -1.2169e-12 -6.1307e-13 2.8691e-12 7.1861e-12 1.6824e-11 2.4162e-12 3.011e-13 2.3144e-12 4.0296e-12 4.1709e-12 3.597e-12 -1.2779e-12 -1.4523e-12 1.2898e-12 5.2658e-12 3.8146e-12 -1.2614e-12 -1.2983e-12 -9.3935e-13 2.2457e-12 -9.1363e-13 4.3714e-12 4.5661e-12 3.0532e-13 -3.5489e-13 -3.6023e-13 -4.952e-13 -3.2927e-13 -1.6117e-13 1.9145e-13 -1.1906e-13 -4.9072e-13 -1.7004e-12 1.2479e-12 1.2555e-12 7.6501e-14 -1.1182e-12 -8.6757e-13 2.5962e-13 -3.6748e-13 -5.3717e-13 -8.3824e-13 1.0166e-12 1.0351e-12 -1.4442e-13 -9.1212e-13 -4.2956e-13 -1.7006e-13 3.4844e-13 3.7177e-13 1.7064e-13 -8.531e-14 -8.9816e-14 4.1925e-14 -1.9214e-14 1.4833e-14 -2.484e-15
-1.4467e-11 -8.027e-12 -1.5071e-11 -8.3662e-12 -1.0229e-11 -1.0675e-11 -3.2913e-12 -3.4825e-12 -6.949e-12 -2.6274e-12 -6.0882e-12 -4.5037e-12 -3.0939e-12 -4.3989e-12 2.6816e-13 -1.8221e-12 -2.4926e-12 2.5149e-12 5.6099e-12 -1.9432e-12 -4.627e-13 4.6596e-12 1.0023e-12 1.9307e-12 -2.7279e-12 3.3819e-12 5.5484e-13 -7.5961e-13 2.9589e-12 3.1454e-12 1.8663e-12 -3.8877e-13 2.4162e-12 1.2521e-11 -1.2015e-12 -2.5487e-12 -2.4334e-13 2.5555e-12 -5.7776e-13 1.9517e-12 2.8158e-12 3.0737e-12 -1.855e-12 3.9634e-12 -1.7914e-12 4.5165e-12 1.5722e-12 3.7359e-12 1.5098e-12 2.8105e-12 -4.0731e-13 2.6431e-12 2.0261e-12 -1.2418e-13 4.596e-13 7.4296e-13 -2.639e-14 -3.836e-13 1.5701e-12 2.007e-12 -3.7879e-15 8.3148e-13 -2.5256e-13 1.4763e-13 -8.0836e-13 1.681e-13 9.2864e-14 3.0656e-13 -1.1147e-12 7.0136e-14 -3.8734e-13 1.4023e-12 -8.8347e-14 -5.2526e-14 -1.0066e-14 4.4928e-14 -2.5538e-13 9.5969e-14 -5.3889e-14 2.3852e-13 -4.7145e-14 3.549e-14 -4.2873e-14 -4.4607e-14 -2.2669e-14
-5.2078e-12 -7.5999e-12 -7.1599e-12 -1.0207e-11 -4.7574e-13 -4.4482e-12 -4.2044e-12 -3.4182e-12 1.1077e-12 -3.3696e-12 -6.1999e-12 2.6512e-13 -5.8794e-12 3.0489e-12 -5.4329e-12 1.5963e-12 2.2816e-12 5.4988e-13 -2.1449e-12 -7.9202e-13 3.2607e-12 3.0687e-12 3.3535e-12 2.1658e-12 -2.1759e-13 -4.1881e-12 2.0345e-12 -5.962e-12 -1.2623e-13 3.4502e-12 5.0331e-13 -1.947e-13 3.011e-13 -1.2015e-12 1.3257e-11 1.6038e-12 4.4351e-12 -2.8579e-12 -1.1275e-12 -4.5131e-12 -9.509e-13 2.9908e-12 2.1555e-12 3.0677e-12 -5.0425e-13 1.8926e-14 1.1968e-12 -2.8177e-12 3.2285e-12 1.0413e-12 3.1678e-12 1.6962e-12 5.5725e-14 -1.6207e-12 6.6607e-13 2.0837e-13 -9.4482e-13 -1.5061e-12 9.5663e-13 -2.7888e-13 1.1299e-12 -3.3555e-13 1.9666e-12 -4.3876e-13 -8.5659e-13 7.2891e-13 -3.7823e-13 2.2812e-13 -5.7629e-13 -1.0623e-12 4.2556e-13 1.3988e-13 3.2449e-13 -1.3058e-12 5.3446e-13 -1.827e-13 -2.3218e-13 -3.3711e-13 3.3892e-14 -1.1766e-14 -8.3722e-15 -1.1815e-13 2.6327e-14 -1.8193e-14 -5.1686e-15
-4.2812e-12 -6.6661e-12 -4.446e-13 -7.561e-12 -6.5648e-12 -2.1704e-12 -5.4151e-12 -1.1275e-12 -1.9404e-12 -4.9591e-12 6.5246e-13 1.2337e-12 -3.7732e-12 2.4406e-12 -3.8526e-12 1.5209e-12 -3.2443e-12 2.3605e-13 1.0226e-12 1.4956e-12 -2.5707e-12 -8.4551e-13 3.6493e-13 2.6777e-12 -2.2769e-12 -1.8979e-12 -1.2767e-13 -2.8874e-12 -3.1668e-12 -5.5694e-13 -2.5075e-13 3.6249e-12 2.3144e-12 -2.5487e-12 1.6038e-12 1.1636e-11 3.4302e-12 -1.5595e-12 -2.1396e-13 -1.9703e-12 1.776e-13 -1.657e-12 4.0359e-12 1.9716e-12 1.9392e-12 1.782e-12 -7.1725e-13 2.7518e-12 -5.8034e-13 9.0466e-13 1.7184e-12 4.678e-13 2.4109e-13 -2.1249e-12 -2.1949e-12 -1.2413e-12 -2.335e-13 -1.6174e-14 -3.3108e-13 -1.0216e-12 -1.6716e-12 4.2918e-13 8.0084e-13 1.3575e-13 3.596e-14 6.5337e-13 2.0582e-13 1.1924e-12 6.2072e-13 -1.0148e-12 -7.0231e-13 -5.015e-13 3.997e-13 -2.9393e-13 -3.9242e-13 -2.0289e-13 2.854e-14 -8.2651e-14 -1.5378e-13 -1.9814e-13 -9.4505e-14 -5.441e-14 -4.8654e-15 -6.5513e-14 6.5309e-15
-1.2303e-11 -1.3215e-11 -7.1302e-12 -1.4392e-11 -2.1127e-12 -9.9518e-12 -1.336e-11 -5.6868e-12 -7.6327e-12 -5.6495e-12 -2.8063e-12 -9.2357e-12 -5.6731e-12 -3.6624e-12 -4.7425e-12 -4.3178e-12 -4.3888e-13 -6.9023e-13 -1.7295e-12 -2.1828e-12 -4.3769e-12 -4.5157e-13 3.1992e-12 5.4018e-13 -4.8197e-12 -5.0335e-12 2.1441e-12 -5.7041e-12 -2.6837e-12 -2.5132e-12 -2.2932e-12 2.1103e-12 4.0296e-12 -2.4334e-13 4.4351e-12 3.4302e-12 1.7671e-11 1.3969e-13 2.098e-12 -4.7855e-12 -4.2722e-12 4.3047e-12 1.1132e-12 1.5307e-12 8.6751e-13 -4.4036e-12 -4.7442e-13 -1.3233e-12 1.808e-12 -7.6329e-14 1.6314e-12 -7.5511e-13 -2.8573e-12 -2.4134e-12 -1.3783e-12 -1.5441e-12 2.164e-12 -1.7983e-12 -3.223e-13 -1.8407e-12 1.2851e-13 5.097e-13 -9.6354e-13 -4.0613e-13 -5.126e-13 -5.263e-13 -5.8803e-13 -8.7906e-13 8.8251e-13 8.091e-13 5.3682e-13 6.763e-14 3.2584e-14 -4.7912e-13 1.415e-13 -6.6947e-13 3.6256e-13 -4.499e-13 1.1166e-13 -7.7594e-14 -1.0325e-13 -6.9262e-14 -8.1686e-14 -6.0394e-14 -6.0731e-15
-4.9472e-12 -8.5725e-12 -4.9822e-12 -4.0496e-12 -9.4753e-12 -6.8138e-12 -4.9485e-12 -6.0172e-12 -1.537e-12 4.5846e-12 -1.0794e-12 -6.8942e-12 3.5729e-12 -4.7972e-12 -2.2164e-12 -1.7852e-14 1.3441e-13 1.4328e-12 4.6625e-12 5.0304e-13 -2.1213e-12 3.4302e-12 -9.2404e-13 1.547e-12 6.0994e-12 1.4139e-12 4.2156e-13 1.4148e-12 -8.5113e-13 -1.9215e-12 2.3723e-12 4.6937e-12 4.1709e-12 2.5555e-12 -2.8579e-12 -1.5595e-12 1.3969e-13 1.326e-11 3.5851e-12 5.456e-13 1.0879e-12 1.994e-12 2.6815e-13 3.6908e-12 2.5939e-12 -1.5416e-12 2.0205e-12 1.7629e-12 -1.655e-13 2.0305e-12 -9.774e-13 6.3672e-13 1.5767e-12 1.813e-12 3.6184e-12 -9.6197e-13 6.9788e-13 -2.5298e-13 -1.8375e-13 1.2016e-12 -9.6312e-13 2.6827e-12 -1.3408e-12 -9.1435e-14 5.1722e-13 -1.2212e-12 -3.4939e-13 1.4395e-12 3.6723e-13 8.9815e-13 1.925e-12 3.1916e-13 -1.3063e-13 3.2853e-13 -1.174e-13 -2.2379e-13 2.9638e-13 6.6368e-13 2.2038e-13 -2.1521e-13 3.1663e-14 4.0691e-14 -2.2165e-14 2.0308e-14 -9.0959e-15
-1.6326e-12 -1.051e-12 2.2942e-13 -5.3751e-13 -2.4125e-12 -8.2083e-13 2.2146e-13 -1.5666e-12 -2.7718e-13 5.3502e-13 -1.2896e-12 2.6497e-12 6.439e-12 -2.7104e-14 -2.8068e-12 -2.305e-13 -9.1085e-14 3.5503e-12 3.5474e-12 2.9253e-12 -5.2627e-13 -1.4479e-13 2.2849e-12 1.5575e-12 1.7937e-12 3.7883e-13 -1.5271e-12 -2.1052e-12 -6.8697e-13 -5.1198e-13 -1.5027e-12 3.4578e-12 3.597e-12 -5.7776e-13 -1.1275e-12 -2.1396e-13 2.098e-12 3.5851e-12 1.11e-11 -2.2633e-12 1.091e-12 -8.5303e-13 2.0355e-12 1.109e-12 6.9666e-13 -1.1208e-12 2.8973e-12 -6.0878e-13 1.5763e-12 -6.1513e-13 -2.0204e-12 -1.293e-13 4.8611e-13 1.0855e-12 1.2904e-12 4.265e-13 1.2272e-12 -7.7201e-13 2.1466e-12 -9.2387e-13 -1.4909e-12 3.2726e-13 7.3386e-14 -1.1985e-12 5.7332e-13 -2.9038e-13 1.0652e-12 5.2992e-13 3.3588e-13 1.1179e-12 1.9525e-12 5.8104e-13 1.0446e-12 -3.1171e-13 -4.5313e-13 -2.8198e-13 5.2298e-13 4.6676e-14 2.1562e-13 -2.8477e-13 -2.4504e-14 7.4916e-14 -4.3191e-14 2.4764e-14 -7.2126e-15
2.603e-12 3.1079e-12 -2.1448e-12 2.5118e-12 -4.1975e-12 1.1816e-13 5.8503e-12 1.0311e-12 1.0159e-12 2.3663e-12 4.0113e-12 -2.5396e-12 3.0548e-12 -1.2423e-12 4.6395e-12 1.2067e-12 1.7006e-12 -6.4398e-13 2.4736e-12 6.6269e-13 -2.3342e-12 -2.309e-12 -2.0759e-13 -1.9277e-12 -1.5976e-13 3.7763e-12 -2.6563e-12 5.9464e-13 3.728e-13 2.7752e-13 1.5811e-12 -3.2266e-12 -1.2779e-12 1.9517e-12 -4.5131e-12 -1.9703e-12 -4.7855e-12 5.456e-13 -2.2633e-12 1.614e-11 2.3836e-12 3.3612e-12 -3.1646e-12 1.1585e-12 1.368e-12 1.5318e-12 4.3874e-13 3.4074e-13 -1.2889e-12 -1.072e-12 -2.11e-13 -3.8176e-13 1.7812e-12 2.0762e-12 -5.096e-13 -2.978e-13 7.0056e-13 2.6942e-12 -1.0055e-14 -8.0772e-13 1.3735e-12 8.2304e-13 -3.7196e-13 -2.8868e-13 3.9591e-14 9.7735e-13 4.5628e-13 -1.2959e-12 -5.2744e-13 -6.6347e-13 1.5497e-13 4.4693e-13 -1.2128e-13 1.8683e-13 -2.9672e-13 -8.6218e-13 -1.6478e-14 4.8747e-13 3.2568e-13 3.5564e-13 -8.9786e-14 -1.0814e-14 -2.0931e-14 -3.507e-14 -1.6253e-14
4.7651e-12 3.5622e-12 2.2461e-12 2.6353e-12 -1.5681e-12 -3.124e-14 8.0731e-12 1.2568e-12 3.5402e-12 2.1528e-12 1.5061e-14 3.6955e-12 2.0232e-12 -1.7571e-13 2.099e-12 2.3892e-12 -8.042e-13 1.8645e-12 4.8932e-12 -2.3238e-13 9.9275e-14 -1.7977e-12 -9.4297e-15 1.6282e-12 -9.6471e-13 3.4361e-12 -8.0785e-13 2.8157e-12 3.5483e-12 2.0709e-12 -3.6766e-13 -1.7558e-12 -1.4523e-12 2.8158e-12 -9.509e-13 1.776e-13 -4.2722e-12 1.0879e-12 1.091e-12 2.3836e-12 8.5044e-12 -9.473e-13 -1.2949e-12 9.3999e-13 -1.4545e-12 3.5719e-12 1.441e-12 1.4258e-12 -4.859e-13 1.4886e-12 -1.176e-12 1.171e-12 2.45e-12 5.5293e-13 2.138e-13 -6.1254e-13 1.4797e-13 -4.7842e-13 3.854e-13 1.9257e-12 5.9731e-14 -1.0476e-12 -1.4464e-12 -9.3949e-13 -1.0578e-13 2.8688e-13 2.8602e-13 1.2666e-12 1.834e-13 3.6456e-14 -9.3021e-13 1.2962e-13 -3.7422e-14 -2.9211e-13 -1.0696e-13 -2.1253e-13 -2.2725e-14 1.2506e-13 -7.393e-14 1.4555e-14 4.6699e-15 4.3769e-14 2.1906e-14 -2.9054e-15 -1.6121e-14
