1.5448e-10 1.3746e-10 1.3796e-10 1.1609e-10 1.2281e-10 1.3026e-10 1.4053e-10 9.9111e-11 1.2518e-10 1.0126e-10 1.0663e-10 1.0017e-10 1.0205e-10 8.7462e-11 9.3698e-11 9.5545e-11 9.172e-11 9.6637e-11 7.3068e-11 7.9055e-11 7.6377e-11 6.4075e-11 6.5067e-11 6.9124e-11 7.0391e-11 4.1948e-11 5.1803e-11 5.6083e-11 6.1102e-11 5.3938e-11 4.2615e-11 4.368e-11 3.6302e-11 3.3391e-11 1.084e-11 3.7276e-11 2.7517e-11 3.1356e-11 2.482e-11 8.0669e-12 2.0656e-11 -1.1768e-12 1.3436e-11 1.9843e-11 5.9337e-12 5.48e-12 4.8128e-12 -1.9264e-12 1.1091e-12 -1.8939e-13 -3.3847e-12 -1.0725e-11 -8.1073e-12 -6.1429e-12 -2.4982e-12 -1.1235e-11 2.1414e-12 -2.1617e-13 -6.307e-12 5.9481e-12 -6.6812e-12 -1.9479e-12 -4.356e-12 1.769e-12 -9.0351e-12 5.1173e-12 -7.4713e-12 4.2465e-12 4.0821e-12 -1.9418e-12 -2.0869e-12 -4.9797e-12 -7.3479e-12 -4.5873e-12 -4.5129e-12 -4.9509e-13 1.1125e-11 -1.0615e-12 -2.0726e-12 -4.5692e-12 -5.1634e-12 -3.1655e-13 -1.0091e-12 -1.0437e-13 2.7816e-12 9.1585e-13 -1.7327e-12 -4.8406e-12 -3.42e-13 -1.0465e-12 -7.4719e-13 4.5893e-13 -3.0709e-12 -1.8572e-12 3.259e-12 -1.4229e-12 1.0265e-12 1.6612e-13 6.5458e-13 -7.4183e-15 -1.8215e-13 -3.6841e-14 3.4432e-13 -8.9399e-15 1.4619e-13
1.3746e-10 1.5081e-10 1.3568e-10 1.1265e-10 1.2085e-10 1.2342e-10 1.3612e-10 9.7896e-11 1.2443e-10 9.2867e-11 1.0879e-10 9.9397e-11 1.0041e-10 8.4865e-11 9.4106e-11 9.5222e-11 9.1707e-11 9.4901e-11 6.9246e-11 7.7292e-11 7.2239e-11 6.676e-11 6.6177e-11 7.3366e-11 6.5218e-11 3.81e-11 4.9275e-11 5.2998e-11 6.2437e-11 5.0523e-11 4.0016e-11 4.2229e-11 3.7366e-11 3.1774e-11 1.2246e-11 3.6566e-11 2.7489e-11 3.0507e-11 2.0281e-11 9.5129e-12 2.2778e-11 -2.4997e-12 1.4473e-11 1.465e-11 5.8747e-12 7.0207e-12 1.3746e-11 2.0665e-12 -2.0732e-12 -2.6247e-12 -5.6102e-12 -6.672e-12 -6.4001e-12 -6.3047e-12 -1.3996e-12 -1.3897e-11 2.0331e-12 1.2378e-12 -7.8675e-12 7.7445e-12 -8.9675e-12 -5.3477e-13 -4.4443e-12 5.6513e-12 -6.4946e-12 2.6005e-12 -7.5344e-12 4.5706e-12 1.351e-12 3.8221e-12 -1.0975e-12 -4.3277e-12 -5.7443e-12 -7.0553e-12 -2.3323e-12 -1.5412e-12 9.38e-12 -3.2304e-12 -4.2956e-12 -6.268e-12 -6.8048e-12 1.6257e-12 -9.9456e-13 -1.6158e-12 1.0019e-12 1.3288e-12 -2.6599e-12 -4.1481e-12 -8.051e-13 -1.3882e-12 -1.6911e-12 9.623e-13 -3.8449e-12 -1.6731e-12 3.7865e-12 -2.6718e-12 9.198e-13 -3.8196e-13 2.7679e-13 -6.1834e-14 -4.7254e-14 4.4733e-14 2.4837e-13 1.165e-15 1.7269e-13
1.3796e-10 1.3568e-10 1.476e-10 1.1265e-10 1.1198e-10 1.2167e-10 1.2808e-10 8.9355e-11 1.1771e-10 9.4642e-11 1.0453e-10 9.1517e-11 9.6843e-11 8.0339e-11 8.451e-11 9.1748e-11 8.8172e-11 9.087e-11 7.1344e-11 7.386e-11 6.6922e-11 6.4165e-11 6.2109e-11 6.8077e-11 6.5057e-11 4.0794e-11 5.0047e-11 4.7374e-11 5.8239e-11 4.4406e-11 3.3595e-11 3.7782e-11 3.8013e-11 3.1378e-11 8.2181e-12 3.7319e-11 3.0519e-11 3.4838e-11 2.2451e-11 5.4378e-12 1.9344e-11 -2.1483e-13 1.4454e-11 1.2583e-11 7.3653e-12 5.4752e-12 5.224e-12 -2.0984e-12 -2.488e-12 -2.2598e-12 2.64e-13 -9.1352e-12 -6.5394e-12 -1.0212e-11 -4.0654e-12 -1.3574e-11 2.8755e-12 -8.7108e-13 -3.7096e-12 2.2093e-12 -3.5296e-12 5.8171e-13 -1.155e-12 3.1023e-12 -9.1748e-12 2.4465e-12 -5.3183e-12 4.4789e-12 4.9514e-13 -9.4328e-13 -2.9816e-12 -4.2469e-12 -8.3037e-12 -4.5542e-12 -6.3614e-12 4.8266e-13 1.0985e-11 -3.94e-12 -1.497e-12 -7.8291e-12 -5.6996e-12 2.0297e-12 -1.2189e-12 -4.7885e-13 2.9673e-12 2.494e-12 -3.2291e-12 -3.974e-12 -1.502e-12 -2.039e-12 -9.785e-13 1.3012e-13 -3.7897e-12 -1.1613e-12 2.6857e-12 -1.6279e-12 1.2354e-12 -3.9009e-13 6.6012e-13 -1.036e-13 -1.428e-13 -1.3943e-14 3.03e-13 -2.7477e-14 9.5386e-14
1.1609e-10 1.1265e-10 1.1265e-10 1.1726e-10 9.3024e-11 1.0212e-10 1.048e-10 7.9333e-11 9.7185e-11 8.5561e-11 8.9478e-11 8.5151e-11 8.0938e-11 6.6454e-11 7.4177e-11 7.9479e-11 7.3632e-11 7.4923e-11 6.012e-11 6.2767e-11 6.0238e-11 5.6535e-11 5.0208e-11 5.58e-11 5.6824e-11 3.1334e-11 3.4128e-11 4.6866e-11 5.2927e-11 3.7017e-11 3.3017e-11 2.8266e-11 2.9124e-11 2.4078e-11 1.3227e-11 2.5933e-11 2.3622e-11 2.1846e-11 1.5865e-11 8.0336e-12 2.2747e-11 -3.5801e-12 1.3793e-11 1.2585e-11 3.8937e-12 3.632e-12 2.1137e-12 2.1625e-12 -1.7701e-12 -3.0389e-12 -1.6346e-12 -1.0842e-11 -3.9232e-12 -6.6361e-12 5.7152e-13 -1.3194e-11 -1.0972e-12 2.4116e-12 -9.4679e-13 1.232e-11 -4.4843e-12 -2.2064e-12 -4.8064e-12 2.0655e-12 -3.1472e-12 4.8324e-12 -3.812e-12 1.9371e-12 -1.9142e-12 -1.1628e-16 -2.9286e-12 -3.4985e-12 -6.6547e-12 -4.4332e-12 -2.841e-12 -1.7518e-13 7.8695e-12 -3.2653e-13 -2.0757e-12 -4.5035e-12 -5.7297e-12 8.7816e-13 1.0717e-12 2.1193e-12 1.5959e-12 7.5278e-13 -1.8423e-12 -3.6594e-12 -7.2707e-13 1.741e-13 -3.5197e-14 1.5504e-12 -2.9683e-12 4.068e-13 1.7752e-12 -1.987e-12 1.4349e-12 4.8814e-13 4.9705e-13 4.1789e-14 -1.1599e-13 1.0936e-14 2.3774e-13 -7.8945e-14 1.4056e-13
1.2281e-10 1.2085e-10 1.1198e-10 9.3024e-11 1.2023e-10 1.0872e-10 1.1836e-10 8.5942e-11 1.0517e-10 8.0869e-11 9.5727e-11 8.887e-11 8.7196e-11 6.9951e-11 7.6335e-11 7.7704e-11 8.0949e-11 7.9286e-11 6.0986e-11 6.584e-11 6.7791e-11 5.3533e-11 5.6974e-11 6.0574e-11 5.7902e-11 3.2352e-11 4.1919e-11 4.6594e-11 5.0895e-11 4.6258e-11 3.9458e-11 3.8876e-11 2.7545e-11 2.948e-11 9.8692e-12 3.0388e-11 1.8921e-11 2.7245e-11 2.017e-11 6.7597e-12 1.3041e-11 2.14e-12 8.7687e-12 1.5697e-11 4.3612e-12 3.6914e-12 9.6099e-12 1.9905e-12 8.7436e-14 -1.3431e-12 -5.2013e-12 -6.5047e-12 -6.6388e-12 -4.4298e-12 -3.3888e-12 -9.1324e-12 1.985e-12 -1.3696e-12 -4.4601e-12 4.6269e-12 -5.6009e-12 4.5695e-12 -2.1439e-12 2.5886e-12 -8.6491e-12 2.664e-12 -6.0406e-12 4.1753e-12 2.8209e-12 1.6332e-12 -5.201e-13 -2.8233e-12 -5.4187e-12 -4.2022e-12 -1.6268e-12 -1.3522e-12 9.7492e-12 -2.487e-12 -4.3462e-12 -5.5519e-12 -4.7942e-12 -1.3015e-12 -9.2804e-13 -2.8155e-12 1.2845e-12 -8.6956e-14 -6.1421e-13 -2.3104e-12 -1.3463e-12 -3.6722e-13 -7.5002e-13 9.6989e-13 -2.4555e-12 -1.0791e-12 3.6469e-12 -2.7542e-12 9.0098e-14 -8.9608e-13 1.797e-13 7.0549e-15 -4.455e-14 -5.5347e-14 3.0131e-13 1.0517e-14 1.4681e-13
1.3026e-10 1.2342e-10 1.2167e-10 1.0212e-10 1.0872e-10 1.3269e-10 1.258e-10 8.7191e-11 1.151e-10 9.0782e-11 9.4075e-11 9.2388e-11 9.5617e-11 8.0049e-11 8.0884e-11 8.1512e-11 8.4134e-11 8.5615e-11 6.2484e-11 7.8798e-11 6.8296e-11 5.3323e-11 5.9496e-11 6.3893e-11 6.2351e-11 3.8334e-11 4.1451e-11 5.1822e-11 5.1715e-11 4.7793e-11 3.86e-11 4.0753e-11 3.6104e-11 2.9795e-11 9.0665e-12 2.8782e-11 2.8011e-11 2.882e-11 2.2182e-11 1.2635e-11 1.9579e-11 -2.0536e-12 1.2806e-11 1.8259e-11 6.3478e-12 6.3008e-12 8.0353e-12 -2.8435e-13 2.7161e-13 -3.1007e-12 -2.0842e-12 -1.2081e-11 -4.5055e-12 -4.5707e-12 -3.2681e-12 -8.7667e-12 -6.4997e-13 -1.7192e-12 -6.5989e-12 6.9486e-12 -5.4291e-12 1.4151e-12 -3.5361e-12 1.4745e-12 -9.1816e-12 4.6125e-12 -5.082e-12 3.0645e-12 4.9412e-12 -4.7746e-14 -1.3949e-12 -3.4312e-12 -5.7022e-12 -6.1019e-12 -3.0404e-12 -1.0209e-12 9.7097e-12 1.5103e-13 -2.4274e-12 -4.5635e-12 -3.3933e-12 -7.7268e-13 -4.3972e-13 1.7811e-13 2.0491e-12 -2.7064e-13 -1.4474e-12 -4.1567e-12 -1.0252e-12 -5.5768e-13 -2.1384e-12 1.5984e-12 -2.9579e-12 -1.1882e-12 2.6886e-12 -1.2369e-12 5.4544e-13 -3.0864e-13 9.2272e-14 2.3157e-13 -2.2794e-13 -3.3995e-14 2.7522e-13 2.206e-14 1.5087e-13
1.4053e-10 1.3612e-10 1.2808e-10 1.048e-10 1.1836e-10 1.258e-10 1.5642e-10 9.2483e-11 1.24e-10 9.4724e-11 1.0471e-10 1.0205e-10 1.0408e-10 8.7624e-11 8.8768e-11 9.5392e-11 8.9779e-11 9.2896e-11 6.443e-11 7.8832e-11 7.0397e-11 6.3419e-11 6.6993e-11 6.8785e-11 6.7245e-11 4.3012e-11 4.5677e-11 4.6934e-11 6.0436e-11 5.1934e-11 4.0733e-11 4.6069e-11 3.3914e-11 3.7548e-11 1.1834e-11 3.6211e-11 1.9975e-11 3.4608e-11 2.1079e-11 8.7412e-12 2.8468e-11 -2.3558e-13 1.2104e-11 1.877e-11 9.285e-12 6.3587e-12 1.2457e-11 2.2528e-12 2.0841e-12 -3.5781e-12 -2.1785e-12 -1.264e-11 -8.4793e-12 -1.2184e-11 1.6817e-12 -1.0453e-11 2.7169e-12 -2.5944e-13 -4.3571e-12 7.2007e-12 -8.3816e-12 2.1096e-12 -6.8852e-12 3.7199e-12 -7.7023e-12 2.2051e-12 -7.971e-12 5.0701e-12 2.799e-12 1.8778e-12 2.0352e-13 -4.863e-12 -5.4722e-12 -1.6625e-12 -4.1885e-12 -3.0299e-12 9.9828e-12 1.6797e-12 -4.0515e-12 -3.7782e-12 -3.2183e-12 6.9971e-14 3.7911e-13 -1.1322e-12 1.9663e-12 -1.911e-13 -2.9871e-12 -4.1575e-12 -6.3543e-13 3.739e-13 -2.3613e-12 2.7533e-13 -2.0829e-12 -1.3133e-12 3.5252e-12 -1.5316e-12 9.7551e-13 -5.7601e-13 1.7669e-13 -9.9113e-14 -2.0321e-14 2.9311e-14 3.2997e-13 3.2298e-14 1.5971e-13
9.9111e-11 9.7896e-11 8.9355e-11 7.9333e-11 8.5942e-11 8.7191e-11 9.2483e-11 8.6063e-11 8.1629e-11 6.4822e-11 7.4839e-11 7.3472e-11 7.0106e-11 5.6455e-11 6.4181e-11 6.5668e-11 6.3148e-11 6.5015e-11 4.8016e-11 5.3677e-11 5.3167e-11 4.0309e-11 4.3665e-11 4.8814e-11 4.5575e-11 2.116e-11 3.1784e-11 4.4339e-11 4.4886e-11 3.6815e-11 3.2911e-11 2.9738e-11 2.4466e-11 2.1959e-11 3.8098e-12 1.9454e-11 2.062e-11 1.5078e-11 1.5547e-11 7.674e-12 1.6522e-11 -4.2579e-12 9.8216e-12 1.2493e-11 2.467e-12 4.1155e-12 7.8923e-12 3.1497e-12 2.5739e-12 -2.437e-12 -3.0208e-12 -5.0662e-12 -3.3304e-12 -5.7591e-12 -1.2831e-12 -5.8988e-12 -6.7306e-13 -1.9625e-12 -2.457e-12 7.966e-12 -1.06e-11 -1.675e-12 -7.0464e-12 1.9801e-12 -5.4903e-12 4.68e-12 -6.3638e-12 5.6287e-12 3.8282e-12 1.0457e-13 -6.506e-13 -2.9289e-13 -3.888e-12 -8.9747e-12 1.8922e-12 1.2105e-12 6.549e-12 -8.8904e-13 -1.9644e-12 -3.2653e-12 -5.6382e-12 -5.3335e-13 1.6627e-12 -3.6668e-13 2.1074e-12 -1.0806e-14 -8.5491e-13 -2.3401e-12 2.0031e-13 -1.9743e-12 -1.3541e-12 1.0852e-12 -2.2787e-12 -7.8545e-13 2.349e-12 -2.3663e-12 9.6246e-13 1.7448e-13 1.63e-13 1.8368e-14 8.5848e-14 -3.7583e-14 1.3267e-13 1.5151e-14 9.5198e-14
1.2518e-10 1.2443e-10 1.1771e-10 9.7185e-11 1.0517e-10 1.151e-10 1.24e-10 8.1629e-11 1.3016e-10 8.2912e-11 9.9596e-11 1.007e-10 8.8469e-11 7.4442e-11 8.4837e-11 8.433e-11 8.3352e-11 8.5228e-11 5.9613e-11 7.4672e-11 6.3696e-11 5.6668e-11 5.5251e-11 6.6353e-11 6.1141e-11 3.5007e-11 3.6266e-11 4.6343e-11 5.3209e-11 4.6448e-11 3.8227e-11 3.276e-11 2.8445e-11 3.1976e-11 1.4171e-11 3.3071e-11 2.404e-11 2.8731e-11 1.9556e-11 4.2673e-12 1.7721e-11 -3.3018e-12 9.3652e-12 1.4132e-11 5.471e-12 7.4853e-12 7.7209e-12 5.229e-13 6.2869e-13 -4.1991e-12 -3.7764e-12 -9.4488e-12 -4.0373e-12 -4.493e-12 -1.0909e-12 -1.1969e-11 3.5595e-12 -2.3541e-12 -8.1867e-12 5.3136e-12 -6.9336e-12 2.883e-12 -2.4849e-12 3.35e-12 -5.5345e-12 6.2958e-12 -5.7783e-12 7.1356e-13 -2.1554e-12 8.819e-13 -1.7228e-12 -3.3744e-12 -4.0983e-12 -3.5539e-12 -1.2361e-12 -2.0649e-12 8.7346e-12 -1.0874e-12 -2.5029e-12 -4.9166e-12 -5.2025e-12 1.6336e-12 -1.888e-12 4.9235e-14 1.8492e-12 1.8773e-12 -1.8058e-12 -3.9864e-12 -3.6632e-12 9.9678e-14 -6.7777e-13 1.9239e-12 -2.2195e-12 -1.5217e-12 2.3903e-12 -1.7754e-12 1.17e-12 -2.1223e-13 -1.8137e-13 4.6568e-14 -1.6532e-13 1.6821e-14 2.4943e-13 3.4177e-14 1.5149e-13
1.0126e-10 9.2867e-11 9.4642e-11 8.5561e-11 8.0869e-11 9.0782e-11 9.4724e-11 6.4822e-11 8.2912e-11 8.0038e-11 7.1915e-11 6.7966e-11 6.9747e-11 5.6966e-11 6.5663e-11 6.2406e-11 5.9888e-11 6.7769e-11 4.6901e-11 5.4202e-11 4.938e-11 4.6567e-11 4.4709e-11 4.7178e-11 4.7994e-11 2.9284e-11 3.6653e-11 4.0694e-11 4.0851e-11 3.6929e-11 2.7367e-11 2.8833e-11 2.7486e-11 2.6053e-11 9.4703e-12 2.8488e-11 2.0633e-11 2.1612e-11 1.6578e-11 1.0052e-11 1.532e-11 -3.0713e-12 1.0472e-11 8.1764e-12 2.8831e-12 3.8701e-12 3.7036e-12 3.1753e-13 1.2036e-12 -2.4067e-12 -2.1988e-12 -1.0256e-11 -3.8681e-12 -7.2181e-12 -2.0245e-12 -9.5551e-12 -1.5812e-12 -9.2348e-13 -3.8104e-12 5.3112e-12 -3.28e-12 1.4865e-12 -4.468e-12 1.6334e-12 -4.827e-12 2.2679e-12 -3.9117e-12 2.1075e-12 1.0238e-12 -1.6029e-12 -2.9989e-12 -2.8023e-12 -6.217e-12 -4.1461e-12 -3.5952e-12 -1.6128e-12 6.2737e-12 1.3381e-12 -3.4332e-12 -3.9037e-12 -1.4306e-12 5.164e-13 -6.3453e-13 2.4411e-13 1.5289e-12 4.6474e-13 -2.6454e-12 -2.0182e-12 6.0014e-13 -3.5629e-13 -7.2313e-13 1.6338e-12 -2.5234e-12 -7.4007e-13 1.9439e-12 -1.0431e-12 5.7503e-13 -3.748e-13 3.0322e-13 -1.3468e-14 -1.7386e-13 7.4249e-14 2.0667e-13 -1.6437e-14 9.7298e-14
1.0663e-10 1.0879e-10 1.0453e-10 8.9478e-11 9.5727e-11 9.4075e-11 1.0471e-10 7.4839e-11 9.9596e-11 7.1915e-11 1.0164e-10 8.3086e-11 7.6472e-11 6.012e-11 6.5992e-11 7.9059e-11 7.3083e-11 7.4472e-11 5.6232e-11 5.2347e-11 5.726e-11 5.1691e-11 5.4205e-11 5.5664e-11 4.9944e-11 3.0317e-11 3.3012e-11 3.4501e-11 4.699e-11 3.4868e-11 3.3677e-11 2.7142e-11 2.5199e-11 2.5888e-11 1.1255e-11 2.6761e-11 1.9748e-11 2.6501e-11 1.1905e-11 5.6434e-12 1.6875e-11 -3.4808e-12 7.5502e-12 1.2085e-11 7.3938e-12 4.3522e-12 6.2806e-12 3.671e-12 5.1109e-13 -1.9638e-12 -5.1042e-12 -6.6632e-12 -6.9389e-12 -7.9147e-12 -3.978e-12 -1.2105e-11 -1.112e-12 2.1544e-13 -5.0733e-12 4.3329e-12 -2.9852e-12 1.8152e-12 7.2399e-13 3.9267e-12 -6.1902e-12 4.3837e-12 -3.1798e-12 2.6842e-12 -2.7023e-12 7.4091e-13 -2.3305e-12 -2.2606e-12 -4.709e-12 -1.6502e-12 -2.7714e-12 1.2803e-13 7.0782e-12 -1.3252e-12 -4.7675e-12 -5.3802e-12 -3.9754e-12 9.399e-13 9.8185e-14 -1.0827e-12 1.7828e-12 -6.958e-14 -2.1935e-12 -2.4758e-12 -8.3688e-13 -2.1487e-13 7.765e-13 1.6075e-12 -3.1135e-12 -8.3008e-13 1.5621e-12 -2.3029e-12 6.6591e-13 -6.1624e-13 1.3595e-13 -2.1058e-13 -5.7947e-14 -3.4495e-14 1.9015e-13 -2.2159e-14 1.4859e-13
1.0017e-10 9.9397e-11 9.1517e-11 8.5151e-11 8.887e-11 9.2388e-11 1.0205e-10 7.3472e-11 1.007e-10 6.7966e-11 8.3086e-11 1.0058e-10 7.4687e-11 5.9833e-11 7.1164e-11 7.0002e-11 6.5141e-11 7.0682e-11 5.0685e-11 5.4227e-11 5.3537e-11 4.3026e-11 4.9734e-11 5.5834e-11 4.9036e-11 2.2204e-11 2.3989e-11 3.7399e-11 4.766e-11 3.998e-11 2.897e-11 2.6716e-11 1.9501e-11 2.9526e-11 8.0114e-12 2.3319e-11 1.7613e-11 2.4271e-11 1.485e-11 5.5037e-12 1.448e-11 -3.0064e-12 7.3207e-12 1.6613e-11 8.1926e-12 4.2331e-13 7.9994e-12 9.8416e-12 4.3656e-12 -2.4874e-12 -1.3353e-12 -9.1189e-12 -2.6078e-12 -8.6527e-12 4.953e-12 -9.7782e-12 2.9898e-12 -4.8449e-13 -6.1193e-12 7.2131e-12 -5.7464e-12 3.0336e-12 -2.3604e-12 1.1566e-12 -1.9909e-12 6.5865e-12 -4.5621e-12 2.4577e-12 -1.5663e-12 1.7893e-12 -1.749e-12 -9.4511e-13 -1.8715e-12 -3.2153e-12 9.5231e-13 7.9347e-14 9.3096e-12 -1.616e-12 -1.6985e-12 -3.6039e-12 -7.3916e-12 5.9272e-13 2.2767e-12 -9.8429e-14 4.0354e-13 8.5565e-13 -3.6795e-13 -2.2937e-12 -2.1061e-12 -3.4982e-13 -1.3169e-12 2.2542e-12 -1.161e-12 -7.8594e-13 2.0977e-12 -1.9308e-12 5.755e-13 -1.8451e-13 -5.3375e-15 2.6258e-14 -4.1345e-14 -8.3388e-15 1.7981e-13 8.2979e-15 1.1907e-13
1.0205e-10 1.0041e-10 9.6843e-11 8.0938e-11 8.7196e-11 9.5617e-11 1.0408e-10 7.0106e-11 8.8469e-11 6.9747e-11 7.6472e-11 7.4687e-11 8.6276e-11 6.4431e-11 6.3785e-11 6.6098e-11 6.6007e-11 6.6646e-11 4.6036e-11 5.4417e-11 5.0049e-11 4.3925e-11 4.95e-11 5.3209e-11 5.1755e-11 2.7354e-11 3.3559e-11 3.5605e-11 4.3109e-11 3.5402e-11 3.1706e-11 3.4956e-11 2.8819e-11 2.6548e-11 3.5536e-12 2.4184e-11 1.9653e-11 2.1376e-11 1.7691e-11 9.0606e-12 1.9428e-11 -3.3232e-12 1.0448e-11 1.2442e-11 4.2401e-12 3.7767e-12 8.344e-12 -2.5396e-12 4.5506e-12 -4.1455e-12 3.8876e-13 -6.7052e-12 -3.3942e-12 -8.1115e-12 3.1479e-13 -7.3403e-12 2.9543e-12 -1.0051e-12 -5.0665e-12 6.0474e-12 -5.5358e-12 2.3484e-12 -3.3361e-12 3.1251e-12 -6.6353e-12 2.8879e-12 -6.1383e-12 2.5475e-12 5.2551e-12 -8.2852e-13 -6.5465e-13 -1.8477e-12 -4.4384e-12 -2.9271e-12 -5.8355e-13 -1.4852e-12 8.4237e-12 -8.888e-13 -3.3309e-12 -5.7191e-12 -3.7684e-12 7.4058e-13 6.5156e-13 -1.1708e-12 3.3314e-13 -2.4877e-14 -1.2116e-12 -3.3388e-12 -1.1124e-12 -8.3275e-13 -2.7569e-12 1.2353e-12 -1.3367e-12 -1.7762e-12 2.8239e-12 -8.3636e-13 1.4467e-13 -4.6779e-13 -1.7378e-13 1.2212e-15 -6.2906e-14 -3.631e-14 2.3701e-13 5.6342e-14 1.3315e-13
8.7462e-11 8.4865e-11 8.0339e-11 6.6454e-11 6.9951e-11 8.0049e-11 8.7624e-11 5.6455e-11 7.4442e-11 5.6966e-11 6.012e-11 5.9833e-11 6.4431e-11 6.6854e-11 5.1203e-11 5.7345e-11 5.5778e-11 5.5923e-11 4.4545e-11 4.9024e-11 4.5403e-11 3.8479e-11 4.1166e-11 3.9423e-11 3.8997e-11 2.1309e-11 3.0984e-11 3.3208e-11 3.6264e-11 2.9304e-11 2.7914e-11 2.7543e-11 2.1582e-11 2.448e-11 6.2603e-12 2.388e-11 1.7971e-11 1.587e-11 2.0095e-11 8.0327e-12 1.6689e-11 -1.8945e-12 6.5589e-12 1.0578e-11 6.4506e-12 6.8102e-12 8.0362e-12 1.4738e-12 -3.1231e-12 -2.5279e-12 -5.203e-13 -7.4673e-12 -3.3812e-12 -3.4428e-12 -1.2675e-12 -6.1965e-12 1.402e-14 -2.3834e-13 -3.2808e-12 2.4257e-12 -5.1047e-12 -2.0889e-12 -2.4787e-12 2.5075e-12 -4.9887e-12 -4.9581e-13 -2.9435e-12 3.1463e-12 5.0362e-12 -5.385e-13 -1.3372e-12 -2.2429e-12 -3.4426e-12 -1.4647e-12 -1.144e-12 -1.1177e-12 5.2425e-12 -2.1473e-12 -3.0644e-12 -4.1101e-12 -4.6133e-12 1.0337e-12 -9.7262e-13 -4.2072e-13 1.2634e-12 -3.561e-13 -1.6694e-12 -3.6219e-12 -1.2871e-12 -9.0233e-13 -1.5317e-12 -1.2236e-12 -1.5017e-12 -1.4245e-12 1.9205e-12 2.9085e-13 6.5057e-13 -2.4479e-13 2.4982e-13 1.1388e-13 -2.6554e-14 2.4385e-14 2.9046e-13 9.6448e-15 6.0646e-14
9.3698e-11 9.4106e-11 8.451e-11 7.4177e-11 7.6335e-11 8.0884e-11 8.8768e-11 6.4181e-11 8.4837e-11 6.5663e-11 6.5992e-11 7.1164e-11 6.3785e-11 5.1203e-11 8.6206e-11 5.503e-11 6.0167e-11 6.4096e-11 4.3095e-11 5.211e-11 4.6451e-11 4.267e-11 4.3845e-11 5.2424e-11 4.107e-11 2.5674e-11 3.6352e-11 3.6182e-11 4.1303e-11 3.6132e-11 1.8972e-11 2.8876e-11 2.5137e-11 1.9653e-11 6.87e-12 2.7045e-11 1.8291e-11 1.9601e-11 1.6197e-11 4.3467e-12 1.2294e-11 -5.9537e-12 1.0432e-11 7.6055e-12 1.6194e-12 4.1941e-12 3.7627e-12 2.2049e-13 -3.61e-13 -3.5297e-12 -7.8553e-12 -3.4192e-12 -4.2593e-12 -4.9071e-12 4.4872e-12 -1.1293e-11 -2.0049e-12 -9.4121e-13 -6.5377e-12 6.5895e-12 -5.6721e-12 2.0558e-12 -5.899e-12 5.0324e-12 -1.8663e-12 7.8009e-13 -6.8082e-12 1.2962e-12 2.1784e-12 3.6558e-12 1.8783e-12 -5.1994e-12 -5.3778e-12 -6.4222e-12 -1.0826e-12 2.9771e-13 8.1844e-12 -5.7379e-13 -6.0742e-13 -6.7387e-13 -5.7273e-12 9.0257e-13 1.4472e-12 -7.6106e-13 -4.4858e-13 1.1921e-12 -1.9512e-12 -3.0032e-12 8.7876e-13 -1.4674e-12 -1.3103e-12 2.0255e-12 -1.7947e-12 -2.1159e-12 2.2199e-12 -1.3995e-12 -8.5994e-14 2.2218e-13 3.5502e-13 -1.1959e-13 -2.0507e-13 6.8697e-14 2.173e-13 -1.649e-14 1.2376e-13
9.5545e-11 9.5222e-11 9.1748e-11 7.9479e-11 7.7704e-11 8.1512e-11 9.5392e-11 6.5668e-11 8.433e-11 6.2406e-11 7.9059e-11 7.0002e-11 6.6098e-11 5.7345e-11 5.503e-11 8.0678e-11 6.3761e-11 6.4651e-11 4.6813e-11 5.0417e-11 5.0789e-11 4.6907e-11 5.0008e-11 4.8891e-11 4.6676e-11 2.8908e-11 2.8093e-11 3.6425e-11 4.455e-11 3.2881e-11 3.1401e-11 2.2011e-11 2.0197e-11 2.1803e-11 1.4823e-11 2.1218e-11 1.7396e-11 2.0791e-11 1.0839e-11 7.4848e-12 2.0955e-11 -1.9918e-12 4.1346e-12 1.4236e-11 6.9226e-12 1.6007e-12 6.901e-12 3.9434e-12 4.7349e-13 -1.9962e-12 1.0591e-12 -7.7874e-12 -5.8656e-12 -7.7513e-12 1.3935e-12 -8.0518e-12 -4.1141e-14 1.2954e-12 -4.8661e-12 5.0574e-12 -6.7411e-12 -3.6072e-12 -2.3474e-12 2.8535e-12 -7.3669e-12 2.8798e-12 -1.1334e-12 1.7244e-12 -4.3837e-12 -1.4567e-12 -2.5268e-12 -3.6946e-12 -2.7528e-12 -1.6032e-12 -3.413e-12 -1.3049e-13 5.0862e-12 -1.0513e-12 -2.9194e-12 -2.675e-12 -3.8438e-12 2.299e-13 -3.0885e-13 1.9767e-12 1.6277e-12 1.4575e-12 -2.959e-12 -2.5474e-12 2.141e-13 -8.6966e-13 1.1076e-12 2.4492e-13 -1.6153e-12 -1.3866e-13 1.5442e-12 -1.8839e-12 1.364e-12 -1.781e-13 4.2623e-13 -6.1315e-14 3.3556e-14 2.3337e-14 1.5163e-13 -3.5743e-14 8.1205e-14
9.172e-11 9.1707e-11 8.8172e-11 7.3632e-11 8.0949e-11 8.4134e-11 8.9779e-11 6.3148e-11 8.3352e-11 5.9888e-11 7.3083e-11 6.5141e-11 6.6007e-11 5.5778e-11 6.0167e-11 6.3761e-11 7.6667e-11 5.957e-11 4.4528e-11 5.3352e-11 5.0949e-11 4.09e-11 4.3917e-11 4.6699e-11 3.8688e-11 2.5969e-11 2.7447e-11 3.5011e-11 4.2992e-11 2.9507e-11 2.4242e-11 1.9279e-11 2.278e-11 2.3607e-11 1.0137e-11 2.4705e-11 1.4637e-11 1.6548e-11 1.6484e-11 4.6448e-12 1.6193e-11 -2.4664e-12 3.7103e-12 1.2964e-11 1.5062e-12 4.8535e-12 7.4115e-12 -2.095e-13 -3.5789e-12 -1.6033e-12 2.6079e-13 -4.0239e-12 -2.8906e-12 -5.1359e-12 -3.0084e-12 -7.7223e-12 1.5993e-12 -3.8105e-12 -2.7761e-12 6.5838e-12 -7.264e-12 3.145e-12 -9.343e-13 4.5985e-12 -8.7229e-12 4.8785e-13 -4.9384e-12 -1.0873e-12 -1.4625e-12 -1.271e-12 2.2078e-12 -2.123e-12 -7.4116e-12 -3.9372e-12 -1.2088e-12 1.305e-12 5.4688e-12 5.1774e-13 -3.4704e-12 -3.2318e-12 -3.9267e-12 1.1628e-13 -5.6571e-13 -8.7895e-13 1.9341e-12 -7.1838e-13 -1.4508e-12 -2.699e-12 -1.2987e-12 -1.2102e-12 -1.4998e-12 6.7283e-13 -1.432e-12 -4.3348e-13 2.6411e-12 -9.8566e-13 3.2203e-13 -5.4081e-13 3.1066e-13 -4.0629e-14 9.4793e-14 1.2282e-14 1.9364e-13 -3.2373e-14 9.6968e-14
9.6637e-11 9.4901e-11 9.087e-11 7.4923e-11 7.9286e-11 8.5615e-11 9.2896e-11 6.5015e-11 8.5228e-11 6.7769e-11 7.4472e-11 7.0682e-11 6.6646e-11 5.5923e-11 6.4096e-11 6.4651e-11 5.957e-11 7.4365e-11 4.6337e-11 5.2202e-11 4.8553e-11 4.5317e-11 4.3001e-11 4.7675e-11 4.6867e-11 2.5374e-11 3.1634e-11 3.7234e-11 4.1611e-11 3.3903e-11 2.7284e-11 2.9553e-11 2.5445e-11 2.3502e-11 6.8775e-12 3.0371e-11 1.6669e-11 2.4313e-11 1.2605e-11 1.0951e-11 1.312e-11 -5.1457e-12 1.2036e-11 9.6331e-12 7.2869e-12 7.4496e-12 7.0701e-12 1.3941e-12 2.1017e-12 -6.9828e-13 -3.7562e-12 -6.7466e-12 -4.2614e-12 -6.6198e-12 -1.2471e-12 -9.541e-12 1.8515e-13 -6.0104e-13 -6.8305e-12 2.8181e-12 -1.4793e-12 -9.789e-14 -2.1143e-12 3.4914e-12 -4.5204e-12 3.4907e-12 -3.004e-12 2.8265e-12 5.4382e-13 7.0312e-13 -1.2012e-12 -3.0106e-12 -6.294e-12 -3.2986e-12 -3.7141e-12 -1.4834e-12 6.1585e-12 -8.8156e-13 -8.1638e-13 -2.9873e-12 -3.9037e-12 6.3185e-13 4.1459e-13 -4.4515e-13 1.7553e-12 3.9844e-13 -8.2977e-13 -1.6771e-12 -7.9612e-13 -1.7822e-12 1.628e-14 2.3686e-12 -2.7609e-12 -9.1315e-13 1.784e-12 -1.7652e-12 7.2298e-13 -4.8994e-13 9.568e-14 -7.5968e-14 -1.5226e-13 5.5328e-15 1.8018e-13 -2.1692e-14 8.4969e-14
7.3068e-11 6.9246e-11 7.1344e-11 6.012e-11 6.0986e-11 6.2484e-11 6.443e-11 4.8016e-11 5.9613e-11 4.6901e-11 5.6232e-11 5.0685e-11 4.6036e-11 4.4545e-11 4.3095e-11 4.6813e-11 4.4528e-11 4.6337e-11 4.8052e-11 3.4552e-11 3.5507e-11 3.4217e-11 3.2228e-11 3.3476e-11 3.3517e-11 1.6119e-11 2.56e-11 2.6133e-11 2.5576e-11 2.5246e-11 1.7243e-11 1.6942e-11 1.8641e-11 1.4423e-11 3.5256e-12 2.092e-11 1.5405e-11 1.8143e-11 1.1104e-11 2.4495e-12 6.4988e-12 -2.3631e-13 6.5156e-12 8.5089e-12 6.9556e-12 2.2654e-12 1.6247e-12 1.5386e-12 -6.4712e-12 1.808e-12 -2.4974e-12 -3.7459e-12 -6.1929e-12 -1.4812e-12 -4.0566e-12 -8.797e-12 -1.8664e-12 -2.6506e-14 -4.0356e-13 1.0755e-12 4.2606e-13 -3.7328e-12 1.9893e-12 1.7621e-13 -3.4833e-12 1.951e-12 -2.6644e-13 2.1016e-12 2.2971e-12 4.1499e-13 -9.5844e-13 -2.7622e-12 -5.7194e-12 -3.8726e-13 -1.7148e-12 9.9668e-13 4.5023e-12 -2.6884e-12 -1.6359e-13 -3.084e-12 -4.9823e-12 2.5897e-13 -8.9949e-13 -3.7553e-13 1.8252e-12 1.9991e-13 -3.6572e-13 -3.2888e-12 -8.7621e-13 -5.1752e-13 -3.4258e-15 -5.1299e-13 -2.616e-12 -8.0019e-13 9.9192e-13 -9.1002e-13 1.3389e-12 1.5572e-13 7.2956e-13 -2.1768e-13 -1.0639e-13 -5.0305e-14 2.1266e-13 -3.478e-14 7.7294e-14
7.9055e-11 7.7292e-11 7.386e-11 6.2767e-11 6.584e-11 7.8798e-11 7.8832e-11 5.3677e-11 7.4672e-11 5.4202e-11 5.2347e-11 5.4227e-11 5.4417e-11 4.9024e-11 5.211e-11 5.0417e-11 5.3352e-11 5.2202e-11 3.4552e-11 6.703e-11 4.7122e-11 3.5079e-11 3.0002e-11 3.9536e-11 3.6106e-11 2.7814e-11 2.3611e-11 3.4313e-11 3.8654e-11 3.1302e-11 2.4886e-11 1.8673e-11 2.1624e-11 1.7636e-11 6.6828e-12 1.4631e-11 1.586e-11 1.7879e-11 1.0003e-11 5.6521e-12 1.2173e-11 -1.9372e-12 9.9904e-12 1.2715e-11 -4.4355e-13 9.1772e-12 4.8043e-12 -1.1743e-12 -6.1175e-12 -3.1043e-12 -2.8851e-12 -9.0921e-12 -8.8754e-13 -4.8675e-13 -2.9209e-12 -4.307e-12 1.2764e-12 -1.6624e-12 4.5642e-14 3.6207e-12 -5.7208e-12 1.6393e-12 -5.6486e-12 2.2271e-13 -8.4216e-12 6.7334e-13 -5.9664e-12 1.2437e-12 -3.9104e-13 2.8983e-13 -7.211e-13 -4.4532e-12 -3.3724e-12 -6.1611e-12 -2.4198e-12 -5.9951e-13 4.7891e-12 1.7949e-12 1.3157e-13 -2.226e-12 -2.9944e-12 -8.5323e-13 -1.9952e-12 8.6231e-13 1.2816e-12 6.2197e-13 -1.7447e-12 -3.0698e-12 -1.8811e-12 -6.5753e-13 -1.0583e-12 -1.3576e-12 -2.6965e-13 -1.6249e-14 1.9977e-12 -1.0802e-12 6.8453e-13 -1.6205e-13 1.6329e-13 2.0863e-13 -3.2277e-14 1.3785e-14 2.5619e-13 -4.1532e-14 5.5903e-14
7.6377e-11 7.2239e-11 6.6922e-11 6.0238e-11 6.7791e-11 6.8296e-11 7.0397e-11 5.3167e-11 6.3696e-11 4.938e-11 5.726e-11 5.3537e-11 5.0049e-11 4.5403e-11 4.6451e-11 5.0789e-11 5.0949e-11 4.8553e-11 3.5507e-11 4.7122e-11 5.0424e-11 3.2099e-11 3.6061e-11 3.6805e-11 3.3184e-11 2.4785e-11 2.0859e-11 2.9357e-11 3.6486e-11 2.6687e-11 2.2575e-11 1.9158e-11 1.7949e-11 1.5675e-11 8.5053e-12 1.4115e-11 1.2421e-11 1.5646e-11 1.3668e-11 5.5188e-12 9.237e-12 1.3007e-12 3.546e-12 1.3805e-11 1.1149e-12 5.0725e-12 7.3282e-12 3.1973e-12 -1.8574e-13 7.6296e-13 -2.7065e-12 -5.8004e-12 -2.1836e-12 -3.4852e-12 -3.2002e-12 -3.8421e-12 -1.3199e-12 -3.0231e-13 -3.4019e-12 3.8876e-12 -4.9545e-12 1.0442e-12 -2.7424e-12 7.7563e-13 -6.3762e-12 2.1537e-12 -2.5478e-12 2.8656e-12 3.8955e-13 -8.5271e-15 -1.9762e-12 -1.5354e-12 -2.5763e-12 -2.2848e-12 -2.387e-12 -4.3316e-13 5.0019e-12 -8.8311e-13 -2.8513e-12 -1.115e-12 -4.1493e-12 -1.8648e-12 -1.8549e-12 -3.739e-13 2.0394e-13 2.1641e-13 -6.6868e-13 -1.9716e-12 -9.5743e-13 -9.1047e-13 2.3649e-13 -3.0027e-13 -3.6995e-13 -5.7192e-13 2.2188e-12 -1.3264e-12 3.1922e-13 7.8226e-14 2.0396e-13 9.8202e-14 9.9084e-14 -2.1688e-14 1.8861e-13 -4.7831e-14 6.6642e-14
6.4075e-11 6.676e-11 6.4165e-11 5.6535e-11 5.3533e-11 5.3323e-11 6.3419e-11 4.0309e-11 5.6668e-11 4.6567e-11 5.1691e-11 4.3026e-11 4.3925e-11 3.8479e-11 4.267e-11 4.6907e-11 4.09e-11 4.5317e-11 3.4217e-11 3.5079e-11 3.2099e-11 4.5866e-11 3.2888e-11 3.8194e-11 3.2604e-11 1.733e-11 2.5412e-11 2.2684e-11 2.8905e-11 2.2891e-11 1.8223e-11 1.4941e-11 1.788e-11 1.4524e-11 1.04e-11 2.1976e-11 1.4262e-11 1.2765e-11 6.3311e-12 3.7511e-12 1.6192e-11 -5.4953e-12 5.4932e-12 3.0177e-12 5.6739e-12 1.0286e-13 2.5428e-12 4.5182e-12 -1.7718e-12 -2.9894e-12 -1.9934e-12 -3.6721e-12 -4.9651e-12 -3.3084e-12 -2.1045e-12 -8.3705e-12 -2.4614e-12 -3.5489e-13 -1.9291e-12 1.1774e-12 -6.0464e-13 5.1528e-13 -1.421e-13 1.0201e-12 -3.307e-12 -3.0448e-13 -2.7447e-13 1.4256e-12 -3.3849e-12 -1.3257e-12 -2.2454e-12 -4.7965e-12 -4.5634e-12 -2.6945e-12 -1.8652e-12 -3.0448e-13 2.5404e-12 2.0239e-13 -2.1601e-12 -2.5675e-12 -2.4292e-12 -3.0941e-14 -1.6205e-12 5.052e-13 -3.5562e-13 9.6327e-13 -1.3774e-12 -1.1374e-12 -4.3143e-14 -3.0565e-13 3.4166e-14 2.6519e-13 -1.8736e-12 -5.6955e-13 1.1223e-12 -1.0993e-12 1.0429e-12 -4.0504e-13 3.9017e-14 -3.3561e-13 -6.3902e-15 -4.3172e-14 1.2861e-13 -6.928e-14 6.0208e-14
6.5067e-11 6.6177e-11 6.2109e-11 5.0208e-11 5.6974e-11 5.9496e-11 6.6993e-11 4.3665e-11 5.5251e-11 4.4709e-11 5.4205e-11 4.9734e-11 4.95e-11 4.1166e-11 4.3845e-11 5.0008e-11 4.3917e-11 4.3001e-11 3.2228e-11 3.0002e-11 3.6061e-11 3.2888e-11 5.0129e-11 3.4453e-11 3.0808e-11 2.1664e-11 2.2031e-11 2.2036e-11 2.9382e-11 2.2292e-11 1.7285e-11 1.8026e-11 1.7549e-11 1.4563e-11 7.2354e-12 1.4147e-11 1.5158e-11 1.3745e-11 9.9388e-12 5.1512e-12 1.3012e-11 1.0087e-12 2.2045e-12 4.4352e-12 2.1874e-12 -5.1688e-12 6.87e-12 5.5115e-12 2.8055e-12 -1.3384e-12 -9.4183e-13 -5.7869e-12 -4.21e-12 -6.9958e-12 1.8336e-12 -6.8246e-12 -5.3261e-12 -1.5803e-12 -7.0299e-12 3.2917e-12 -6.5014e-12 1.9999e-12 -7.3298e-13 1.2649e-12 -6.1352e-12 6.7393e-13 -8.4627e-13 2.8456e-12 -1.7098e-12 -9.7722e-13 -1.9926e-12 -5.6122e-13 -1.7776e-12 -3.2625e-12 -3.9451e-12 5.2702e-13 4.2753e-12 -1.7563e-13 -4.808e-12 -2.4716e-12 -2.1825e-12 -7.2598e-13 7.0625e-13 3.4524e-13 -5.8887e-13 5.4722e-13 -1.7971e-12 -1.6902e-12 1.1301e-12 -1.1534e-12 -1.1005e-12 2.6637e-13 -1.5778e-12 -1.5447e-12 2.4173e-12 -3.9655e-13 2.9773e-13 -5.381e-14 -1.612e-13 -4.6295e-14 9.2012e-14 3.1871e-14 6.4404e-14 -6.6351e-15 1.1259e-13
6.9124e-11 7.3366e-11 6.8077e-11 5.58e-11 6.0574e-11 6.3893e-11 6.8785e-11 4.8814e-11 6.6353e-11 4.7178e-11 5.5664e-11 5.5834e-11 5.3209e-11 3.9423e-11 5.2424e-11 4.8891e-11 4.6699e-11 4.7675e-11 3.3476e-11 3.9536e-11 3.6805e-11 3.8194e-11 3.4453e-11 5.2639e-11 3.5509e-11 1.8888e-11 2.4845e-11 2.5205e-11 3.197e-11 2.832e-11 1.4366e-11 1.8701e-11 1.8559e-11 1.8065e-11 7.1139e-12 1.7929e-11 1.4693e-11 1.7022e-11 1.2282e-11 6.5745e-12 1.6142e-11 -4.4739e-12 5.1442e-12 1.0747e-11 6.2652e-12 1.4869e-13 4.8734e-12 3.6401e-12 1.9775e-12 -3.7031e-12 -6.3081e-13 -2.6363e-12 -3.5628e-12 -4.9282e-12 1.7422e-12 -6.7981e-12 1.5577e-12 2.228e-13 -4.7708e-12 4.0238e-13 -4.561e-12 2.2774e-12 -1.7388e-12 1.1693e-12 -5.2596e-12 3.0695e-12 -2.729e-12 -2.5243e-13 2.5471e-15 8.8176e-13 -5.5113e-13 -3.4359e-12 -9.2066e-13 -2.6421e-12 -8.1537e-13 1.7224e-12 4.3842e-12 -1.94e-12 -1.7838e-13 -1.5922e-12 -4.4643e-12 4.6491e-13 -4.1515e-13 -1.9863e-12 -7.2697e-13 1.3434e-12 1.6188e-13 -1.6743e-12 -7.7524e-14 -4.4829e-13 -1.3706e-12 1.1789e-12 -1.0529e-13 -1.5068e-12 1.0517e-12 -1.0459e-12 6.1949e-13 -2.3379e-13 -1.5573e-13 -1.3194e-13 -5.7916e-14 -5.9957e-14 6.4419e-14 -2.1802e-14 8.0935e-14
7.0391e-11 6.5218e-11 6.5057e-11 5.6824e-11 5.7902e-11 6.2351e-11 6.7245e-11 4.5575e-11 6.1141e-11 4.7994e-11 4.9944e-11 4.9036e-11 5.1755e-11 3.8997e-11 4.107e-11 4.6676e-11 3.8688e-11 4.6867e-11 3.3517e-11 3.6106e-11 3.3184e-11 3.2604e-11 3.0808e-11 3.5509e-11 5.0355e-11 1.9473e-11 1.9918e-11 2.624e-11 2.6577e-11 2.707e-11 2.5132e-11 2.2672e-11 1.8785e-11 1.3372e-11 5.3338e-12 1.7466e-11 1.3563e-11 2.2513e-11 1.3032e-11 8.6671e-12 1.2198e-11 6.4324e-14 9.7508e-12 5.5833e-12 1.9558e-12 2.1277e-12 4.2464e-12 -1.3534e-12 2.0365e-12 -1.6239e-12 -2.6256e-12 -5.0977e-12 -2.8092e-12 -4.702e-12 -6.6289e-13 -6.3589e-12 -5.4142e-14 3.153e-12 -4.681e-12 4.6852e-12 -1.7057e-12 -1.0314e-12 -1.8791e-12 6.7579e-13 -2.9607e-12 5.1781e-12 -1.0359e-12 9.4136e-13 7.9468e-13 -1.3359e-12 -2.5065e-12 -2.1208e-12 -2.8813e-12 1.7862e-12 -2.3495e-12 -2.8305e-12 6.598e-12 -3.0673e-13 6.1595e-14 -4.3427e-12 -1.989e-12 -1.03e-12 1.6034e-13 6.546e-13 -4.0983e-13 4.3292e-13 1.2716e-12 -2.939e-12 -8.774e-13 -6.4032e-14 -3.3132e-13 2.2199e-12 -3.8754e-13 -4.5384e-13 1.2403e-12 -1.7802e-12 1.3489e-12 -3.6035e-15 -3.807e-13 2.5382e-15 -1.786e-13 -2.0856e-14 1.1453e-13 6.8873e-15 1.3828e-14
4.1948e-11 3.81e-11 4.0794e-11 3.1334e-11 3.2352e-11 3.8334e-11 4.3012e-11 2.116e-11 3.5007e-11 2.9284e-11 3.0317e-11 2.2204e-11 2.7354e-11 2.1309e-11 2.5674e-11 2.8908e-11 2.5969e-11 2.5374e-11 1.6119e-11 2.7814e-11 2.4785e-11 1.733e-11 2.1664e-11 1.8888e-11 1.9473e-11 2.8994e-11 1.3153e-11 1.3206e-11 1.5702e-11 1.4637e-11 1.0641e-11 1.1138e-11 1.2628e-11 7.4924e-12 8.8702e-12 5.6751e-12 7.8822e-12 1.4184e-11 5.8875e-12 3.6338e-12 8.553e-12 5.0334e-12 6.6225e-12 4.811e-12 -3.2829e-13 -1.123e-13 3.5706e-12 -8.0095e-13 2.7597e-12 -2.4568e-14 -5.236e-13 -8.4417e-12 -3.6331e-12 -3.6336e-12 -2.4279e-12 -4.7186e-12 -2.273e-12 -9.0958e-14 -1.0048e-12 1.1236e-12 -1.4413e-12 8.1781e-13 -1.2741e-12 4.8874e-13 -6.3502e-12 8.2376e-13 -1.5266e-12 3.9269e-13 -7.1236e-13 1.8622e-13 -5.6849e-13 -1.6272e-12 -2.1717e-12 -2.6301e-14 -5.1983e-12 6.759e-13 3.1464e-12 1.5192e-12 -3.1006e-12 4.0292e-13 4.2018e-13 -1.2606e-12 -2.6477e-13 2.3056e-15 1.6558e-12 5.5215e-13 -1.8229e-12 -2.5999e-12 7.6071e-14 -9.776e-14 1.1177e-12 -6.4972e-13 -5.2742e-13 -2.8883e-13 1.2033e-12 -3.5913e-13 2.1544e-13 5.7965e-14 1.9376e-13 -5.9158e-14 -1.2691e-13 5.1674e-14 9.74e-14 -1.2384e-14 5.6447e-14
5.1803e-11 4.9275e-11 5.0047e-11 3.4128e-11 4.1919e-11 4.1451e-11 4.5677e-11 3.1784e-11 3.6266e-11 3.6653e-11 3.3012e-11 2.3989e-11 3.3559e-11 3.0984e-11 3.6352e-11 2.8093e-11 2.7447e-11 3.1634e-11 2.56e-11 2.3611e-11 2.0859e-11 2.5412e-11 2.2031e-11 2.4845e-11 1.9918e-11 1.3153e-11 3.4615e-11 1.8779e-11 1.8509e-11 2.0632e-11 1.3209e-11 1.853e-11 1.4404e-11 1.3571e-11 3.5522e-12 1.6292e-11 1.2984e-11 8.8468e-12 1.1643e-11 3.2818e-12 7.5407e-12 -2.8647e-12 4.7889e-12 2.4483e-12 3.6782e-12 1.5206e-12 -5.1451e-13 -1.4694e-12 -2.4373e-12 -2.8873e-12 -2.0248e-12 -2.8315e-12 -4.5668e-12 1.4404e-12 -2.4407e-12 -5.7586e-12 -5.7367e-13 -9.2442e-13 -5.9223e-13 -3.0933e-12 -1.2114e-12 -9.2572e-13 -1.7341e-12 1.3232e-12 -5.0912e-12 -9.7143e-13 -2.4504e-12 3.1956e-12 5.1916e-12 -3.0492e-13 1.0432e-14 -4.0484e-12 -1.8201e-12 -4.6705e-12 -2.6592e-13 1.449e-12 3.1613e-12 -1.1086e-12 -9.0674e-13 -2.599e-12 -9.2979e-13 1.5302e-13 -6.5871e-13 -1.1698e-12 1.3105e-12 6.8566e-13 -1.9831e-12 -1.1412e-12 2.4713e-12 -7.4382e-13 -7.071e-13 -1.1337e-12 -1.8102e-12 -1.0062e-12 9.1771e-13 -6.9891e-13 -1.0914e-13 -6.1316e-13 5.1017e-13 -5.643e-14 -1.712e-13 2.3664e-14 1.5916e-13 -2.7784e-14 4.4571e-14
5.6083e-11 5.2998e-11 4.7374e-11 4.6866e-11 4.6594e-11 5.1822e-11 4.6934e-11 4.4339e-11 4.6343e-11 4.0694e-11 3.4501e-11 3.7399e-11 3.5605e-11 3.3208e-11 3.6182e-11 3.6425e-11 3.5011e-11 3.7234e-11 2.6133e-11 3.4313e-11 2.9357e-11 2.2684e-11 2.2036e-11 2.5205e-11 2.624e-11 1.3206e-11 1.8779e-11 4.2186e-11 2.3175e-11 2.5576e-11 2.1899e-11 1.2726e-11 1.182e-11 8.5922e-12 8.1981e-12 1.5295e-11 1.7516e-11 7.011e-12 1.1167e-11 1.1159e-11 1.0936e-11 -6.1444e-13 6.116e-12 5.7364e-12 -4.0896e-13 1.2882e-12 4.3656e-13 1.0515e-12 -1.147e-12 -2.6506e-12 -2.5461e-12 -6.0423e-12 -9.9887e-13 3.9339e-13 1.0676e-13 -3.1754e-12 -1.88e-12 -8.8939e-13 -1.9601e-12 3.9369e-12 -5.5881e-12 -1.6002e-12 -4.3959e-12 2.4928e-13 -4.75e-12 -1.6685e-13 1.8292e-12 2.4474e-12 2.1555e-12 -1.5749e-12 -2.4724e-12 -9.7564e-13 -6.5252e-13 -6.7272e-12 2.3431e-12 1.4417e-12 -3.5409e-13 -7.1296e-13 5.1572e-13 1.4936e-12 -1.7396e-12 1.8909e-13 -3.5121e-13 1.3852e-12 2.6376e-12 8.8666e-14 -1.5495e-12 -1.9011e-12 8.9071e-14 -1.8078e-12 -6.3422e-13 2.1068e-12 -2.2283e-12 -2.3984e-13 1.5885e-12 -1.4242e-12 7.1911e-13 7.6035e-14 4.1342e-13 1.3591e-13 -1.4659e-13 4.9928e-14 3.9077e-14 1.9209e-14 6.9463e-14
6.1102e-11 6.2437e-11 5.8239e-11 5.2927e-11 5.0895e-11 5.1715e-11 6.0436e-11 4.4886e-11 5.3209e-11 4.0851e-11 4.699e-11 4.766e-11 4.3109e-11 3.6264e-11 4.1303e-11 4.455e-11 4.2992e-11 4.1611e-11 2.5576e-11 3.8654e-11 3.6486e-11 2.8905e-11 2.9382e-11 3.197e-11 2.6577e-11 1.5702e-11 1.8509e-11 2.3175e-11 4.5823e-11 2.1091e-11 1.5306e-11 1.3781e-11 1.2411e-11 1.5802e-11 3.0047e-12 1.4503e-11 8.2844e-12 1.4893e-11 1.0677e-11 3.4732e-12 1.4419e-11 1.4422e-13 4.6244e-12 1.3391e-11 -5.4745e-13 6.8361e-12 3.8633e-12 5.1552e-12 -3.8399e-12 -1.9088e-13 1.0474e-12 -5.3793e-12 1.977e-12 -1.503e-12 1.5619e-12 -4.8377e-12 3.1697e-12 6.229e-13 -2.8105e-12 3.8629e-12 -4.6261e-12 2.8294e-12 -2.9613e-12 2.0883e-12 -2.2824e-12 6.044e-13 -2.675e-12 1.5236e-12 -5.5737e-12 5.1143e-13 -1.6054e-13 -2.0313e-12 1.4204e-12 -5.1757e-12 -2.4944e-12 6.6063e-14 4.6666e-12 9.0884e-13 -4.088e-13 -1.6116e-12 -3.2004e-12 -2.2005e-13 -7.9244e-14 6.5691e-13 5.0244e-13 7.7564e-13 -1.6486e-12 -2.4011e-13 4.2776e-13 -4.9418e-13 -2.587e-14 1.0039e-13 -6.1246e-13 -5.108e-13 2.5548e-12 -1.1948e-12 6.3823e-14 6.8849e-14 2.5784e-13 2.0543e-13 1.1199e-13 9.8012e-14 1.1882e-13 -5.5986e-14 1.8239e-14
5.3938e-11 5.0523e-11 4.4406e-11 3.7017e-11 4.6258e-11 4.7793e-11 5.1934e-11 3.6815e-11 4.6448e-11 3.6929e-11 3.4868e-11 3.998e-11 3.5402e-11 2.9304e-11 3.6132e-11 3.2881e-11 2.9507e-11 3.3903e-11 2.5246e-11 3.1302e-11 2.6687e-11 2.2891e-11 2.2292e-11 2.832e-11 2.707e-11 1.4637e-11 2.0632e-11 2.5576e-11 2.1091e-11 3.217e-11 1.8852e-11 1.23e-11 1.0706e-11 1.2125e-11 5.2212e-12 1.1921e-11 1.3387e-11 1.261e-11 1.0236e-11 4.1394e-12 6.9549e-12 -2.3562e-12 3.8211e-12 9.6939e-12 2.5659e-12 -2.8244e-12 -7.2722e-13 8.9312e-13 -1.7465e-12 -8.9701e-14 -2.0023e-12 -5.3031e-12 -1.9101e-12 -2.2759e-12 6.5333e-13 -2.6365e-12 -5.5125e-13 1.74e-12 -4.8535e-12 2.4819e-12 -3.422e-12 -9.2044e-13 -2.0562e-12 -1.7453e-12 -2.9175e-12 8.179e-13 -1.702e-12 1.5119e-12 1.7191e-12 7.6823e-13 -1.9237e-12 -2.1515e-12 1.4981e-12 -3.9183e-12 8.4743e-13 1.6793e-12 3.7207e-12 7.99e-13 3.5717e-13 -8.95e-13 -1.4353e-12 9.2579e-14 -9.0131e-13 -5.5621e-13 1.1908e-12 -4.8839e-13 8.4889e-13 -2.6126e-12 1.1911e-12 -2.6714e-13 -7.7077e-13 6.2928e-13 -6.7172e-13 -8.9136e-13 1.4063e-12 -1.133e-12 1.4212e-13 -3.3114e-13 3.3485e-13 5.9896e-14 -1.4471e-13 -3.0183e-14 9.3881e-14 2.1948e-14 8.126e-14
4.2615e-11 4.0016e-11 3.3595e-11 3.3017e-11 3.9458e-11 3.86e-11 4.0733e-11 3.2911e-11 3.8227e-11 2.7367e-11 3.3677e-11 2.897e-11 3.1706e-11 2.7914e-11 1.8972e-11 3.1401e-11 2.4242e-11 2.7284e-11 1.7243e-11 2.4886e-11 2.2575e-11 1.8223e-11 1.7285e-11 1.4366e-11 2.5132e-11 1.0641e-11 1.3209e-11 2.1899e-11 1.5306e-11 1.8852e-11 3.2501e-11 1.3391e-11 6.5902e-12 9.8393e-12 8.7796e-12 6.0729e-12 1.2324e-11 4.7048e-12 8.745e-12 5.4404e-12 6.4926e-12 -3.5614e-12 3.8647e-12 3.5627e-12 2.6962e-12 1.3481e-12 2.9731e-12 -5.6224e-13 1.4417e-12 -3.2345e-12 -2.8235e-12 -5.4228e-12 5.1266e-13 -9.0885e-13 -1.8573e-12 -1.0703e-12 -3.0589e-12 4.0676e-13 -2.3806e-12 4.5421e-12 -3.0732e-12 -2.8751e-12 -1.0234e-12 2.3184e-13 -1.9664e-12 2.1985e-12 6.6991e-13 1.7508e-12 7.2924e-13 -2.0346e-12 -3.2858e-12 -1.9772e-13 1.1062e-13 -1.5624e-12 1.6905e-12 -6.3677e-13 3.1355e-12 8.0718e-13 -1.8709e-12 -3.2393e-12 -9.1535e-13 -1.107e-12 -6.9621e-13 1.3251e-12 1.5699e-12 -6.6089e-13 -1.765e-13 -2.3473e-12 -3.6881e-13 6.7342e-13 3.1202e-13 5.1716e-13 -1.3983e-12 -9.9239e-15 5.6578e-13 -1.3543e-12 1.685e-13 -6.8023e-13 -2.6931e-13 1.9355e-13 -1.3826e-13 2.3888e-14 1.0308e-13 5.8617e-14 5.4228e-14
4.368e-11 4.2229e-11 3.7782e-11 2.8266e-11 3.8876e-11 4.0753e-11 4.6069e-11 2.9738e-11 3.276e-11 2.8833e-11 2.7142e-11 2.6716e-11 3.4956e-11 2.7543e-11 2.8876e-11 2.2011e-11 1.9279e-11 2.9553e-11 1.6942e-11 1.8673e-11 1.9158e-11 1.4941e-11 1.8026e-11 1.8701e-11 2.2672e-11 1.1138e-11 1.853e-11 1.2726e-11 1.3781e-11 1.23e-11 1.3391e-11 3.1086e-11 1.226e-11 8.7815e-12 -7.6764e-13 1.0673e-11 4.5419e-12 1.0233e-11 8.516e-12 4.5684e-12 5.7739e-12 1.7632e-12 8.0789e-12 2.9177e-12 3.8783e-12 3.3359e-12 6.4601e-12 -2.4085e-12 6.2663e-12 -2.514e-12 -2.5119e-12 -8.7622e-13 -4.5299e-12 -7.2681e-13 2.0307e-12 -2.5016e-12 2.6892e-12 1.727e-12 -2.884e-12 4.481e-13 -2.1584e-13 6.1734e-13 -4.4681e-12 2.6215e-12 -5.7589e-13 1.5814e-12 -4.1481e-12 4.5711e-12 7.166e-12 3.4292e-12 1.7787e-12 -1.4045e-12 -1.7406e-12 -6.4126e-13 -1.9962e-12 -4.0169e-12 5.872e-12 -1.9367e-12 -1.9884e-12 -2.1768e-12 -5.6924e-13 -2.6787e-13 1.5883e-12 -1.7041e-12 -5.169e-13 6.5092e-13 -6.4642e-13 3.6314e-14 -1.1988e-13 2.4522e-13 -1.3498e-12 1.0538e-12 -1.5523e-12 -5.7587e-13 1.0615e-12 -7.3321e-13 -4.4619e-13 -2.4038e-13 -3.5998e-13 1.1969e-13 -1.5022e-13 1.8391e-14 1.1551e-13 6.6382e-14 3.6495e-14
3.6302e-11 3.7366e-11 3.8013e-11 2.9124e-11 2.7545e-11 3.6104e-11 3.3914e-11 2.4466e-11 2.8445e-11 2.7486e-11 2.5199e-11 1.9501e-11 2.8819e-11 2.1582e-11 2.5137e-11 2.0197e-11 2.278e-11 2.5445e-11 1.8641e-11 2.1624e-11 1.7949e-11 1.788e-11 1.7549e-11 1.8559e-11 1.8785e-11 1.2628e-11 1.4404e-11 1.182e-11 1.2411e-11 1.0706e-11 6.5902e-12 1.226e-11 1.8472e-11 6.5064e-12 4.4656e-13 1.0267e-11 8.0154e-12 9.4418e-12 5.0338e-12 4.5627e-12 4.0083e-12 -2.8199e-12 6.3474e-12 3.4875e-13 7.1622e-13 3.792e-12 4.0371e-12 -1.6296e-12 1.2054e-12 -8.5265e-13 -1.9249e-12 -1.9411e-12 -2.7489e-12 -1.9104e-12 -3.8918e-12 -4.0907e-12 -2.7334e-12 -1.3966e-12 -1.1151e-12 2.3436e-12 -8.2375e-13 -7.1569e-13 -1.9288e-12 1.1305e-13 -3.3118e-12 7.6383e-13 -3.041e-12 1.2805e-12 3.5158e-12 -4.1295e-13 -9.3482e-13 -9.1359e-13 -5.4505e-12 -1.8982e-12 -1.4868e-12 -9.8617e-13 2.5136e-12 5.3239e-13 -1.2614e-12 -1.7996e-12 -7.2187e-13 -1.6913e-13 -9.614e-13 3.473e-13 -2.9965e-13 7.1585e-14 -1.2333e-12 -1.1487e-12 -5.9829e-13 -1.6531e-12 -1.7266e-12 2.8249e-14 -1.2402e-12 -1.0403e-12 1.1141e-12 -3.7033e-13 5.6609e-13 5.3327e-14 1.204e-13 -9.1772e-14 -5.2547e-14 -1.2872e-15 6.6047e-14 -8.4515e-15 3.6409e-14
