1.1179e-10 7.7244e-11 7.3753e-11 6.5674e-11 5.7887e-11 5.0331e-11 5.601e-11 5.5065e-11 4.9994e-11 2.8638e-11 4.3195e-11 3.203e-11 3.531e-11 2.187e-11 1.9121e-11 1.6344e-11 9.2927e-13 1.3652e-11 1.4718e-11 1.9977e-11 5.0296e-13 -3.5809e-12 -4.8981e-12 -5.7929e-12 3.2391e-12 -4.0504e-12 1.0462e-11 -3.5938e-12 1.7617e-12 -8.3062e-12 -3.2836e-12 4.4875e-12 -1.035e-11 -6.561e-12 -9.6759e-12 -1.5388e-11 -1.1329e-11 -1.481e-11 -1.3857e-11 -3.3745e-12 -8.2539e-12 -3.8871e-12 2.7277e-13 -9.0417e-12 5.2383e-12 -7.4643e-12 -1.2492e-11 -6.9541e-12 -1.1651e-12 -2.0035e-12 -9.109e-12 1.4758e-13 3.651e-12 -5.3058e-12 -3.3061e-12 1.6965e-12 -6.5243e-12 7.1554e-13 4.7627e-12 1.7279e-12 1.2963e-12 -5.8191e-12 -1.5527e-12 1.1831e-12 -4.2236e-12 1.6585e-12 -7.9128e-13 1.8478e-12 7.4376e-13 2.7306e-12 1.8694e-12 3.9616e-13 -1.998e-12 -2.5801e-12 -1.5322e-13 1.689e-12 2.1933e-12 8.4514e-13 4.1291e-13 1.9374e-12 8.5418e-13 1.1737e-12 4.1927e-13 -3.6435e-13 1.679e-13 -2.1274e-13 -1.359e-13 4.0228e-15
7.7244e-11 1.0351e-10 7.2074e-11 6.5557e-11 5.2186e-11 4.2343e-11 6.1031e-11 4.6231e-11 5.5369e-11 2.8291e-11 4.3508e-11 2.5199e-11 4.1947e-11 1.5218e-11 1.2681e-11 2.2671e-11 4.459e-12 1.4026e-11 1.7128e-11 1.509e-11 5.0859e-12 -2.3349e-12 2.6476e-12 -6.8337e-12 5.9737e-12 -1.4542e-11 1.0042e-11 -1.712e-12 1.1887e-11 3.8695e-13 -1.2276e-13 6.3408e-12 -4.941e-12 -6.3123e-12 -1.3965e-11 -8.0517e-12 -7.966e-12 -9.1115e-12 -6.5454e-12 -3.5226e-12 -9.324e-12 8.654e-13 7.1547e-13 -2.4608e-12 9.1124e-14 -5.6028e-12 -7.1724e-12 -7.0514e-12 1.0738e-12 3.172e-12 -3.1534e-13 -2.3233e-12 3.7986e-12 -5.1742e-12 -2.1629e-12 -4.6447e-13 -7.0065e-12 -1.7632e-12 3.1891e-12 -2.9934e-14 2.8678e-12 -2.599e-12 -1.3691e-12 4.0322e-12 -3.9271e-12 6.2396e-13 2.3431e-12 2.3239e-12 4.3983e-12 -1.1626e-12 1.141e-12 9.6176e-13 -2.422e-12 -4.6359e-13 -5.6016e-13 2.5659e-12 2.8107e-12 4.2239e-13 -3.4729e-13 1.8463e-12 9.8235e-13 5.7136e-13 -1.7637e-13 -2.5757e-13 1.9591e-13 -7.5224e-14 8.0855e-14 1.6302e-14
7.3753e-11 7.2074e-11 1.0009e-10 6.2973e-11 4.6251e-11 4.3681e-11 5.6149e-11 4.5898e-11 4.6101e-11 2.2981e-11 4.1844e-11 2.2467e-11 3.6063e-11 2.9438e-11 1.8593e-11 1.8936e-11 1.0616e-11 1.1772e-11 1.4299e-11 2.1943e-11 2.6649e-12 2.2034e-12 -2.2135e-12 -1.2736e-12 7.6584e-12 -7.1705e-12 4.2402e-12 -5.4958e-12 1.0543e-11 -9.1978e-12 3.1032e-12 7.99e-12 -6.3921e-12 -2.3697e-12 -8.7608e-12 -6.249e-12 -1.4929e-11 -9.1176e-12 -1.4156e-11 -1.0061e-11 -5.5124e-12 3.0032e-12 -1.005e-12 -1.0322e-11 1.9643e-12 -6.721e-12 -5.9584e-12 -3.0182e-12 5.077e-13 1.4597e-12 -4.4015e-12 -5.6748e-12 6.2869e-12 -2.0006e-14 -5.0904e-12 3.3964e-12 -8.3309e-12 -2.2111e-13 3.6752e-12 -8.7741e-13 2.5464e-13 -3.2642e-12 -6.3187e-12 3.517e-12 -2.7791e-12 1.4529e-12 2.8785e-12 4.94e-12 4.4175e-12 3.8158e-12 -1.686e-12 1.8043e-12 -1.1689e-12 -2.7279e-13 9.5125e-14 7.4401e-13 2.6005e-12 -6.2439e-13 1.5774e-14 2.1206e-12 3.9875e-13 1.0663e-12 3.5844e-13 4.341e-14 1.7823e-13 -1.6521e-13 -5.3894e-14 -6.0342e-14
6.5674e-11 6.5557e-11 6.2973e-11 7.1423e-11 4.412e-11 3.5616e-11 4.9605e-11 3.9708e-11 4.2783e-11 2.3863e-11 3.7964e-11 2.1825e-11 3.184e-11 2.0603e-11 1.3476e-11 8.2256e-12 4.7097e-12 1.1985e-11 1.2231e-11 1.5173e-11 2.5946e-12 1.8571e-12 1.9102e-12 -3.0543e-12 8.2992e-12 -9.4374e-12 5.5737e-12 8.361e-16 1.0504e-11 1.7284e-12 2.1867e-12 5.2113e-12 -7.8118e-12 -1.5309e-12 -7.7816e-12 -1.2892e-11 -5.7501e-12 -1.3397e-11 -6.2561e-12 -7.4377e-12 -4.5576e-12 -5.8264e-13 2.9722e-12 -9.1606e-12 2.6239e-12 -4.5372e-12 -6.2056e-12 -2.4463e-12 3.1857e-12 -2.1063e-12 -4.4064e-12 -1.3738e-12 5.6042e-12 -4.6986e-12 -2.6461e-12 1.2174e-12 -2.6715e-12 -1.7857e-12 4.9449e-12 4.6944e-13 1.753e-12 -1.9408e-12 -3.6601e-14 2.2271e-12 -2.7811e-12 1.8309e-13 4.1617e-12 4.4426e-12 2.5859e-12 -1.6412e-13 -2.3475e-12 1.1856e-12 -1.8664e-12 -1.1274e-13 5.6687e-13 2.5325e-12 2.7704e-12 -9.9436e-14 3.7593e-13 1.4873e-12 2.7071e-13 4.6284e-13 -3.367e-13 -1.1189e-13 7.6238e-14 -2.3751e-14 -4.711e-14 -1.2733e-14
5.7887e-11 5.2186e-11 4.6251e-11 4.412e-11 6.0118e-11 2.9468e-11 4.206e-11 3.0291e-11 4.1439e-11 1.4622e-11 2.8267e-11 1.7859e-11 2.4239e-11 8.9298e-12 1.7393e-11 7.9956e-12 7.1394e-12 1.0177e-11 1.0322e-11 1.4805e-11 5.8627e-12 1.1413e-12 3.4477e-12 -8.622e-13 9.3061e-12 -5.2315e-12 7.11e-12 -1.275e-11 -1.3056e-12 1.1638e-12 -2.0502e-12 3.1236e-12 -6.6364e-12 7.3738e-14 -6.8861e-12 -7.2601e-12 -3.6535e-12 -6.3336e-12 -8.5358e-12 3.9796e-13 -3.7047e-12 2.3758e-12 -1.1404e-12 -6.6072e-12 2.4882e-12 -1.9557e-12 -2.4001e-12 -5.6544e-12 3.4759e-12 2.7151e-12 -3.6441e-12 -2.0453e-12 4.1997e-12 -4.4688e-12 -1.3025e-13 2.4546e-12 -6.503e-12 -6.3795e-13 2.2525e-12 7.4819e-13 7.6296e-14 -5.9606e-12 -5.2107e-13 1.1945e-12 -2.1279e-12 -3.2958e-13 3.149e-12 2.1747e-12 1.6651e-13 1.4964e-12 6.9131e-13 1.9557e-13 -2.5779e-12 -7.4241e-13 3.0636e-13 -2.249e-13 1.5798e-12 3.441e-13 -6.6951e-13 5.1388e-13 -5.7669e-14 2.2914e-13 1.2918e-13 -1.7528e-13 1.5979e-13 -6.5554e-14 -1.0347e-13 -3.5129e-14
5.0331e-11 4.2343e-11 4.3681e-11 3.5616e-11 2.9468e-11 4.5621e-11 3.8902e-11 2.9814e-11 3.1166e-11 1.1313e-11 1.5542e-11 1.8503e-11 1.871e-11 9.2653e-12 5.509e-12 7.8658e-12 4.8801e-12 9.5641e-12 2.2324e-12 1.0131e-11 4.6544e-13 -6.3279e-12 -3.0073e-12 -4.6147e-12 7.4678e-12 -6.434e-12 8.4178e-13 -1.4659e-12 1.3752e-12 -2.2302e-12 1.1462e-12 7.3678e-13 -3.5933e-12 1.4618e-12 -3.4096e-12 -1.1241e-11 -1.2054e-11 -8.3075e-12 -1.2493e-11 -3.9672e-12 -4.8167e-12 -1.3891e-12 -2.0407e-12 -4.1936e-13 3.2301e-12 -2.5729e-12 -7.6851e-12 -5.003e-12 -1.9472e-13 -9.3724e-13 -4.0135e-12 -2.5524e-12 1.3333e-12 -3.4534e-12 -5.323e-12 -1.4955e-12 -4.8213e-12 -9.4955e-13 -5.086e-13 2.2697e-12 -1.0246e-12 -1.5933e-12 -2.6257e-12 1.0264e-12 -2.835e-12 2.4388e-12 6.4471e-13 9.8906e-13 9.6327e-13 1.0305e-12 -5.4041e-13 1.5375e-12 -2.7859e-13 7.9285e-13 4.6757e-13 1.3379e-12 1.1223e-12 5.2122e-13 -2.2243e-13 -3.2207e-13 -2.6641e-13 3.7654e-13 2.4608e-13 -1.259e-13 3.5822e-14 -8.105e-14 -2.1705e-14 -5.201e-15
5.601e-11 6.1031e-11 5.6149e-11 4.9605e-11 4.206e-11 3.8902e-11 8.1368e-11 3.7276e-11 4.0957e-11 1.518e-11 3.6047e-11 2.9467e-11 3.3118e-11 9.6168e-12 1.2432e-11 3.5278e-12 8.5922e-12 6.862e-12 5.7495e-12 1.4699e-11 5.1333e-12 6.4432e-13 -9.9687e-13 -5.2288e-12 1.3727e-11 -5.8442e-12 8.1258e-12 -8.3659e-12 7.4217e-12 -4.4156e-12 6.9596e-12 5.557e-14 -7.1224e-12 -2.9964e-12 -8.7179e-12 -5.8229e-12 -7.9288e-12 -9.9187e-12 -1.069e-11 -2.7537e-12 -3.2603e-12 -1.9175e-12 -1.8476e-12 -3.5026e-12 2.6723e-12 -6.7706e-12 -5.952e-12 -2.611e-12 3.3064e-12 2.2194e-12 -3.0669e-12 -1.9223e-12 3.022e-12 -5.5301e-12 -1.9426e-12 -7.8559e-13 -4.741e-12 -2.1157e-12 2.9819e-12 -1.8394e-13 -1.417e-12 -4.1501e-12 -2.0393e-12 -4.7834e-13 -3.6094e-12 1.6207e-12 1.8471e-12 1.6679e-12 7.6429e-13 1.8276e-12 -1.7068e-12 1.87e-12 -2.1104e-12 4.7887e-13 1.6737e-12 8.2765e-14 2.822e-12 6.506e-13 -1.2137e-12 4.3421e-13 -6.5357e-14 7.2171e-13 -1.9022e-13 -2.7296e-13 1.9574e-13 -1.2224e-13 3.0096e-16 2.6785e-14
5.5065e-11 4.6231e-11 4.5898e-11 3.9708e-11 3.0291e-11 2.9814e-11 3.7276e-11 4.8098e-11 3.1625e-11 1.9505e-11 1.9552e-11 1.6939e-11 2.0839e-11 1.4781e-11 1.2587e-11 1.1933e-11 2.9585e-12 4.7681e-12 8.3721e-12 1.1464e-11 5.74e-12 -3.0603e-12 -1.1384e-12 -8.2757e-12 5.7621e-12 -2.7218e-13 6.013e-12 -6.3384e-12 4.4611e-12 -5.5956e-12 4.5454e-12 7.8371e-13 -1.6044e-12 1.0258e-12 -6.1779e-12 -9.2191e-12 -6.6655e-12 -9.4292e-12 -5.3938e-12 -4.8515e-12 -4.0438e-12 3.8133e-13 9.4004e-13 -3.5709e-12 3.991e-12 -8.0331e-12 -9.0017e-12 -3.6276e-12 2.8752e-12 1.7542e-12 -4.8246e-12 -1.2036e-12 4.2229e-12 -1.316e-12 -2.4023e-12 2.4265e-13 -4.8351e-12 2.0083e-12 2.2916e-12 8.1494e-13 5.9195e-12 -1.1657e-12 -7.1981e-13 2.4255e-12 -1.1676e-12 2.3562e-12 -1.4596e-12 1.9025e-12 4.3861e-13 7.5721e-13 5.2692e-13 -2.7339e-14 -6.3835e-13 9.2695e-13 -8.7594e-13 7.6487e-13 1.48e-12 8.336e-14 6.6767e-13 6.629e-13 7.4048e-13 3.5341e-13 -1.3298e-13 -2.2499e-13 9.4892e-14 -8.4708e-14 -5.8667e-14 1.5065e-14
4.9994e-11 5.5369e-11 4.6101e-11 4.2783e-11 4.1439e-11 3.1166e-11 4.0957e-11 3.1625e-11 7.078e-11 2.1932e-11 1.8321e-11 1.1353e-11 2.1393e-11 1.7818e-11 1.2012e-11 1.1122e-11 4.1527e-12 6.5049e-12 9.4826e-12 1.2019e-11 -1.3664e-12 -8.0162e-12 1.5508e-12 -6.102e-12 5.9208e-12 -1.3562e-11 4.7684e-12 -3.4749e-12 6.709e-12 3.2472e-12 5.2148e-12 7.3225e-12 -4.1593e-12 -4.9051e-12 -3.7469e-12 -1.5864e-11 -6.5577e-12 -8.392e-12 -6.9858e-12 -6.801e-12 -3.6443e-12 2.261e-12 2.2544e-12 -4.0236e-12 -1.1925e-13 -3.429e-12 -6.3754e-12 -3.7444e-12 4.0365e-12 -9.7718e-13 -7.4578e-13 2.7768e-12 4.5105e-13 -3.5359e-12 -1.8769e-12 9.5973e-13 -7.6442e-12 -1.8474e-12 -4.4988e-13 1.7716e-12 -3.6728e-12 -6.0782e-12 9.9828e-13 4.0899e-12 -5.7537e-12 -1.3237e-12 1.8006e-12 -2.2923e-13 2.421e-12 8.0667e-14 -1.0679e-12 -2.1523e-14 -2.2727e-12 9.4008e-13 -2.3007e-12 1.9393e-12 2.2944e-12 -7.2927e-14 5.7873e-13 1.1644e-12 -1.6042e-14 2.6105e-13 -1.8721e-13 -2.015e-13 3.2782e-13 1.0042e-13 5.9435e-15 -2.8893e-14
2.8638e-11 2.8291e-11 2.2981e-11 2.3863e-11 1.4622e-11 1.1313e-11 1.518e-11 1.9505e-11 2.1932e-11 3.2994e-11 1.3304e-11 7.8354e-12 1.8036e-11 8.867e-12 8.5102e-12 5.8519e-12 5.4815e-13 7.8491e-12 8.2621e-12 -3.6498e-12 8.8998e-13 3.0473e-12 -6.1137e-13 -1.3782e-12 1.3085e-12 1.2299e-12 5.3844e-12 -2.0841e-12 2.7332e-12 -2.5361e-12 -5.6801e-13 4.7563e-12 -2.4411e-12 -2.5688e-12 7.0454e-14 -3.6871e-13 2.3152e-12 -5.4906e-12 -9.6355e-13 -5.6076e-12 -8.8058e-13 -2.3556e-12 1.753e-12 -2.5088e-12 3.5288e-12 -3.1167e-12 -2.9999e-12 -6.1541e-13 1.7921e-12 -3.9578e-12 8.3241e-13 4.2638e-13 2.067e-12 -1.9036e-12 -1.2227e-12 3.3204e-12 -1.8487e-12 1.9537e-12 1.2872e-12 -1.9617e-13 3.9383e-12 5.9087e-13 3.3325e-14 1.4227e-12 -4.0832e-12 1.3857e-12 -1.8623e-13 2.8927e-12 1.7669e-12 -7.7243e-13 -1.2373e-13 6.2533e-13 -1.0612e-12 4.5735e-13 -7.3843e-13 1.0404e-12 1.2398e-12 -1.5869e-13 1.0552e-12 3.9632e-13 1.255e-13 -1.7963e-13 -9.9084e-14 -1.7585e-13 6.0306e-15 5.395e-14 5.7108e-17 -8.6372e-15
4.3195e-11 4.3508e-11 4.1844e-11 3.7964e-11 2.8267e-11 1.5542e-11 3.6047e-11 1.9552e-11 1.8321e-11 1.3304e-11 4.5487e-11 1.8128e-11 2.7335e-11 1.1918e-11 1.0054e-11 2.93e-13 1.7218e-12 6.1536e-12 1.1694e-11 1.1362e-11 4.5851e-12 2.7087e-12 -5.5324e-13 7.5516e-12 1.7946e-12 -4.412e-12 1.2283e-11 -4.39e-12 5.8987e-12 -4.8686e-12 1.0407e-13 9.5285e-13 -1.0393e-11 9.0874e-13 -2.4649e-12 -9.6512e-13 -4.3106e-12 -4.8824e-12 -1.468e-12 -2.2073e-12 -3.5754e-13 1.4941e-13 -1.1549e-12 -7.4136e-12 -1.4903e-12 -4.9886e-12 -1.9208e-12 -3.362e-12 -1.103e-13 2.8081e-13 -1.8631e-12 4.2378e-13 3.429e-12 -5.2026e-12 -3.1857e-12 1.1025e-12 3.2512e-13 -2.0741e-12 4.4635e-12 -4.2525e-12 2.2325e-12 -4.3714e-12 -1.3526e-12 1.0325e-12 -2.4359e-12 -2.546e-12 2.893e-12 2.6897e-12 1.5796e-12 1.1243e-12 -2.9686e-13 3.0846e-12 -5.3464e-13 -2.1496e-13 6.2243e-13 4.5003e-13 2.2977e-12 5.0885e-13 -1.611e-13 1.3732e-12 5.6379e-14 7.5709e-13 4.5718e-13 -1.1097e-13 6.5507e-14 -1.5167e-13 -3.9501e-15 1.9482e-14
3.203e-11 2.5199e-11 2.2467e-11 2.1825e-11 1.7859e-11 1.8503e-11 2.9467e-11 1.6939e-11 1.1353e-11 7.8354e-12 1.8128e-11 3.6907e-11 1.5305e-11 1.3493e-12 8.1546e-12 -1.2523e-12 8.4195e-12 -2.7883e-13 5.4386e-12 1.1749e-11 2.9243e-12 -3.5248e-12 1.3426e-13 1.2086e-12 1.4105e-12 7.7355e-12 4.5497e-12 -2.6379e-12 3.6704e-12 -3.4406e-12 -2.5133e-12 -5.2029e-12 -2.8983e-12 3.8444e-12 -5.5926e-12 -2.6315e-12 -6.0743e-12 -2.2021e-12 -2.441e-12 -1.828e-12 -4.9665e-12 -1.017e-12 -5.1993e-14 1.2932e-12 1.8954e-12 -1.0516e-12 3.7824e-14 -3.1848e-12 6.9276e-13 2.6332e-12 -3.7972e-12 -3.045e-13 9.2461e-13 -4.7859e-12 -3.0452e-12 -2.8046e-12 -1.4957e-13 -1.1886e-12 -1.8066e-12 3.5368e-13 4.4586e-12 -2.3929e-12 -1.3034e-12 -1.7472e-12 -1.2393e-12 1.691e-12 -4.7152e-13 -1.7706e-12 2.364e-13 2.6252e-12 2.2416e-12 3.2417e-12 -1.5294e-12 1.506e-13 1.708e-12 1.8914e-12 6.1982e-13 4.8999e-13 -3.6223e-13 -4.7123e-13 -2.097e-13 1.4668e-13 2.0927e-13 -3.5863e-13 7.1762e-14 -5.2616e-14 -7.4389e-15 4.527e-14
3.531e-11 4.1947e-11 3.6063e-11 3.184e-11 2.4239e-11 1.871e-11 3.3118e-11 2.0839e-11 2.1393e-11 1.8036e-11 2.7335e-11 1.5305e-11 4.0766e-11 6.5723e-12 6.1201e-12 1.0649e-11 4.4835e-12 9.4223e-12 7.2198e-12 5.8683e-12 4.8349e-12 3.8297e-12 2.3009e-12 -2.311e-12 4.4883e-12 -4.0394e-12 6.4933e-12 -4.629e-12 7.7197e-12 -7.9795e-12 -5.5761e-13 1.4033e-12 -7.017e-12 -2.8606e-12 7.7553e-14 6.0673e-13 -3.9445e-12 -5.5088e-12 1.4713e-12 3.6053e-13 -7.2293e-13 -1.0135e-12 -3.1766e-12 -2.6611e-12 1.9164e-12 -1.2508e-12 -4.2279e-12 -1.7996e-12 -2.1491e-13 4.0427e-12 -1.2478e-12 -1.352e-12 2.7026e-12 -7.3537e-13 -2.5941e-13 2.2759e-12 -3.0697e-12 -8.829e-13 8.9423e-13 -1.8166e-12 2.5821e-12 -2.1279e-12 4.0737e-14 1.5325e-12 -1.0694e-12 -5.0946e-13 1.5778e-12 3.1044e-12 2.6585e-12 -3.1414e-13 8.7758e-13 2.7467e-12 -9.2373e-13 1.3837e-12 6.9116e-13 -3.606e-13 1.5047e-12 1.466e-12 6.6912e-13 -1.2947e-14 3.6694e-13 5.4134e-13 1.6911e-13 -2.4891e-13 -1.8793e-14 -1.0377e-13 5.9031e-14 -2.983e-14
2.187e-11 1.5218e-11 2.9438e-11 2.0603e-11 8.9298e-12 9.2653e-12 9.6168e-12 1.4781e-11 1.7818e-11 8.867e-12 1.1918e-11 1.3493e-12 6.5723e-12 3.4906e-11 5.2791e-12 2.6366e-12 -1.5733e-12 1.9275e-12 3.2083e-12 8.217e-12 2.2553e-12 4.4905e-12 -3.1071e-12 -1.3846e-12 6.3648e-13 -6.7728e-12 -1.6151e-12 -2e-12 1.706e-12 -6.1357e-12 -7.0465e-13 -4.572e-13 -7.1274e-14 -2.1274e-13 1.9317e-12 -7.5044e-12 -5.6128e-13 -4.0421e-12 4.2543e-13 -6.3309e-12 1.7473e-12 4.8301e-12 -2.2573e-12 -9.8804e-12 5.6879e-13 2.007e-12 -4.1351e-12 2.8549e-12 -1.8848e-12 1.4512e-12 -1.7161e-12 -1.4901e-12 2.2731e-12 -1.6525e-12 1.7221e-12 4.4328e-12 -1.2275e-12 -5.2878e-13 -1.6432e-12 -1.1609e-12 2.1631e-12 -3.4788e-13 -2.9038e-12 4.1252e-12 -1.5422e-12 4.0439e-13 -5.3697e-13 1.4761e-12 2.3521e-12 1.0291e-12 -7.2263e-13 5.8982e-13 -3.5421e-13 -1.2306e-12 -2.3957e-14 -1.0205e-12 9.7378e-13 -7.7156e-14 1.1953e-12 1.9678e-12 2.1935e-13 5.2194e-13 2.1418e-13 3.2351e-14 4.7944e-14 5.2911e-14 1.594e-14 -5.3898e-15
1.9121e-11 1.2681e-11 1.8593e-11 1.3476e-11 1.7393e-11 5.509e-12 1.2432e-11 1.2587e-11 1.2012e-11 8.5102e-12 1.0054e-11 8.1546e-12 6.1201e-12 5.2791e-12 2.288e-11 -6.1358e-13 1.4416e-13 2.9264e-12 3.6088e-12 8.6826e-12 -2.5394e-12 -4.1524e-12 1.2454e-12 5.3744e-12 -4.4265e-12 1.3085e-12 2.9038e-12 -6.8063e-12 9.4787e-13 -3.8392e-13 -3.9471e-13 -1.7091e-12 -2.0159e-13 -2.9263e-12 -4.5349e-12 -6.9327e-13 -5.5924e-12 -1.8266e-12 -3.9068e-12 -4.9067e-12 -2.2809e-12 1.8527e-12 1.2353e-12 -6.6268e-13 1.2608e-14 -4.309e-12 -2.4478e-12 -1.2847e-12 2.4969e-12 -2.5198e-12 -4.7597e-14 -4.1685e-13 -2.2035e-13 -2.2009e-12 -2.8928e-12 2.0077e-12 -3.0716e-12 1.7338e-12 2.5623e-12 -1.2386e-12 4.2918e-12 -2.5058e-12 -6.6222e-13 -8.211e-13 -9.4041e-13 -1.9492e-12 4.0339e-13 2.4357e-12 1.5545e-12 1.2646e-12 -1.2875e-13 -5.9315e-13 -2.1143e-12 -1.7709e-13 -2.1494e-12 -6.5825e-13 -2.1713e-13 -6.0527e-13 1.6916e-13 3.4395e-13 1.4087e-13 7.6798e-14 1.3832e-15 -1.9425e-14 3.187e-14 -4.8806e-14 -4.297e-14 -6.7206e-15
1.6344e-11 2.2671e-11 1.8936e-11 8.2256e-12 7.9956e-12 7.8658e-12 3.5278e-12 1.1933e-11 1.1122e-11 5.8519e-12 2.93e-13 -1.2523e-12 1.0649e-11 2.6366e-12 -6.1358e-13 3.1447e-11 5.6888e-12 2.5212e-12 -5.9357e-13 -2.0543e-12 4.087e-12 -4.3505e-12 -1.09e-12 -3.859e-12 4.9654e-12 -7.633e-12 -3.8894e-13 1.6567e-12 5.8511e-12 -2.6072e-12 1.4626e-12 6.5599e-12 3.2409e-12 -5.5114e-12 -3.7291e-12 1.1426e-13 -4.9585e-14 -1.0211e-12 4.6639e-12 -4.8052e-13 -2.9801e-12 1.5295e-12 -3.8025e-12 1.1131e-12 -3.4853e-13 -2.3028e-12 -4.7273e-12 -4.4778e-12 -1.9465e-12 1.4716e-12 -2.3815e-12 -1.9949e-13 -1.9353e-12 1.3267e-12 3.6856e-12 -3.0592e-14 -6.5205e-12 3.1735e-12 -6.9842e-13 8.4662e-13 9.4228e-13 -6.3401e-14 -1.7134e-12 4.9708e-13 -1.0369e-12 1.6632e-12 1.0229e-12 -1.8923e-13 1.1125e-12 -2.3781e-12 -1.8202e-13 1.5778e-12 4.0478e-13 -1.8314e-12 4.8184e-13 2.7862e-13 1.6262e-13 4.658e-13 -4.3965e-13 -2.9743e-14 7.1714e-13 -6.7169e-15 3.0435e-13 -7.8777e-14 2.0489e-14 -1.4656e-14 1.618e-14 -3.9119e-14
9.2927e-13 4.459e-12 1.0616e-11 4.7097e-12 7.1394e-12 4.8801e-12 8.5922e-12 2.9585e-12 4.1527e-12 5.4815e-13 1.7218e-12 8.4195e-12 4.4835e-12 -1.5733e-12 1.4416e-13 5.6888e-12 2.1425e-11 -1.4245e-12 -4.5429e-13 -7.4494e-13 9.3449e-12 1.0536e-12 -8.3797e-13 1.1423e-12 7.1227e-12 1.4963e-12 2.4124e-12 6.6798e-13 1.9319e-12 5.3575e-12 -3.2982e-13 -2.8216e-12 8.4992e-13 2.9134e-12 -3.4859e-12 3.6537e-12 4.0327e-12 -2.9912e-12 -5.1761e-14 -3.8272e-12 -1.9366e-13 2.9702e-12 1.4321e-12 2.5067e-12 2.5787e-13 -4.2291e-13 2.205e-12 -3.0612e-12 3.9179e-12 -9.4882e-13 -3.1241e-12 -2.7562e-12 -1.9013e-13 8.7597e-15 6.2492e-13 2.5444e-13 -3.9755e-12 7.5927e-13 -1.1592e-12 3.4404e-13 -1.2706e-12 -1.5508e-12 -1.3474e-12 -4.4516e-13 -2.7185e-13 2.6089e-12 1.2084e-12 -1.4108e-13 1.1596e-12 1.0076e-12 3.6174e-14 6.147e-13 -1.6923e-12 2.8461e-13 1.1422e-12 -7.118e-13 1.1045e-12 -1.5843e-13 -6.6944e-13 -4.638e-13 9.652e-14 1.6313e-14 -3.4271e-14 -1.4374e-13 5.0682e-14 3.095e-14 -2.8199e-14 -1.9069e-14
1.3652e-11 1.4026e-11 1.1772e-11 1.1985e-11 1.0177e-11 9.5641e-12 6.862e-12 4.7681e-12 6.5049e-12 7.8491e-12 6.1536e-12 -2.7883e-13 9.4223e-12 1.9275e-12 2.9264e-12 2.5212e-12 -1.4245e-12 2.5703e-11 3.3374e-12 -7.7496e-13 -3.7259e-13 4.2047e-12 8.6457e-13 2.8368e-13 -3.3326e-12 -7.9358e-12 1.3069e-12 4.9056e-12 3.2642e-12 3.3777e-12 1.4411e-12 2.7026e-13 -5.7123e-12 -2.8177e-12 -4.6616e-13 3.3752e-12 8.1365e-13 -5.5345e-12 -1.5841e-12 4.7932e-13 6.9358e-14 -3.1757e-12 3.3712e-12 -6.9724e-13 4.4972e-13 -1.4118e-12 -2.0879e-12 3.9754e-13 -1.8868e-12 -3.9569e-12 3.4334e-12 4.6696e-13 1.3856e-12 1.4024e-12 1.6122e-13 4.5382e-12 1.704e-12 2.0664e-12 1.1409e-12 1.6798e-12 -4.614e-13 1.8615e-12 2.034e-12 1.7986e-12 -1.784e-12 1.1014e-12 9.3866e-14 3.8693e-12 1.1558e-12 2.0062e-13 -9.3012e-13 3.6341e-13 6.4657e-13 2.1577e-13 2.9675e-13 -1.0123e-12 7.9272e-13 -5.5003e-13 -2.6466e-13 7.9984e-13 -3.8587e-13 2.0877e-14 1.306e-13 5.0769e-14 -4.0184e-14 -6.2381e-14 -5.466e-14 -1.315e-14
1.4718e-11 1.7128e-11 1.4299e-11 1.2231e-11 1.0322e-11 2.2324e-12 5.7495e-12 8.3721e-12 9.4826e-12 8.2621e-12 1.1694e-11 5.4386e-12 7.2198e-12 3.2083e-12 3.6088e-12 -5.9357e-13 -4.5429e-13 3.3374e-12 1.537e-11 4.2329e-12 -2.3152e-12 -9.9286e-14 9.7524e-13 2.0286e-12 -9.2238e-13 1.3048e-12 3.1169e-12 -3.3333e-12 5.9917e-12 3.8595e-12 -6.1929e-13 7.369e-13 -6.681e-13 7.281e-13 -2.1279e-12 5.9524e-13 -1.7845e-12 4.0674e-12 -2.6933e-12 -1.8683e-12 1.9993e-12 -2.3793e-12 5.1136e-12 -2.8857e-12 -4.9881e-13 -2.3657e-12 -6.7857e-14 -1.1724e-12 -1.1595e-12 -1.2381e-13 -1.7529e-12 -1.7881e-13 2.7733e-12 -2.9738e-13 9.6238e-13 2.4967e-12 7.1405e-13 2.0595e-13 1.5783e-12 -1.0464e-12 1.0807e-12 -1.4921e-12 5.2369e-13 1.8227e-12 1.8779e-13 1.0526e-12 6.9502e-13 1.3274e-12 9.0695e-13 1.5565e-12 6.839e-13 -8.4879e-13 -4.8076e-13 4.2414e-13 -5.2476e-13 -1.4262e-13 8.3131e-13 6.7919e-13 -8.0417e-14 7.2944e-13 3.2842e-13 1.5238e-14 -2.5502e-13 -3.3272e-15 2.2573e-14 -2.5128e-14 -2.9085e-14 1.814e-15
1.9977e-11 1.509e-11 2.1943e-11 1.5173e-11 1.4805e-11 1.0131e-11 1.4699e-11 1.1464e-11 1.2019e-11 -3.6498e-12 1.1362e-11 1.1749e-11 5.8683e-12 8.217e-12 8.6826e-12 -2.0543e-12 -7.4494e-13 -7.7496e-13 4.2329e-12 2.7385e-11 -1.8198e-12 2.598e-12 3.0984e-12 5.0432e-12 4.26e-12 3.3082e-13 5.722e-14 -5.5163e-12 3.5935e-12 3.3912e-13 -1.5631e-14 -2.1028e-12 5.2131e-13 -1.5657e-12 -2.2369e-12 -6.3939e-12 -8.5396e-12 -3.5417e-12 -2.6864e-12 -1.9022e-13 -3.1172e-12 2.3394e-12 1.5028e-12 -3.2116e-13 4.7302e-12 -2.4353e-12 2.0927e-12 -1.4102e-12 3.7947e-13 2.3162e-12 1.2686e-12 1.2571e-12 4.4291e-12 -7.6743e-13 -2.5027e-12 -1.1382e-12 5.1439e-13 -1.7437e-12 -8.4637e-13 -9.2165e-13 -4.0907e-13 -3.6028e-12 -1.6277e-12 5.9237e-13 7.5652e-13 -6.7516e-13 -1.5051e-12 1.0298e-13 -8.4178e-13 1.3854e-12 3.8885e-13 -7.155e-13 -2.9931e-13 9.2761e-13 1.884e-13 2.7651e-13 9.0043e-14 5.5583e-14 2.74e-13 1.4368e-12 1.0066e-13 4.9453e-13 -1.8077e-13 1.3476e-13 3.6548e-14 -3.2934e-14 2.3965e-14 1.3172e-14
5.0296e-13 5.0859e-12 2.6649e-12 2.5946e-12 5.8627e-12 4.6544e-13 5.1333e-12 5.74e-12 -1.3664e-12 8.8998e-13 4.5851e-12 2.9243e-12 4.8349e-12 2.2553e-12 -2.5394e-12 4.087e-12 9.3449e-12 -3.7259e-13 -2.3152e-12 -1.8198e-12 2.1149e-11 7.3847e-12 -1.3425e-12 -1.5898e-12 8.5299e-12 4.2254e-13 4.1762e-12 2.4143e-12 -7.5444e-12 -7.3862e-13 -2.9307e-13 -3.0767e-12 2.154e-12 -1.9839e-12 -1.703e-12 2.6016e-12 6.2506e-12 -3.4231e-12 2.0523e-12 4.1575e-12 2.9342e-13 3.8808e-12 -2.6127e-12 1.1725e-12 1.1763e-12 1.369e-12 4.3935e-12 -3.2489e-12 3.6854e-12 2.1799e-12 1.0333e-12 1.8583e-12 5.8472e-13 -1.7647e-14 6.9713e-13 4.1151e-13 -6.4369e-13 -7.5327e-14 -4.0344e-13 -7.49e-14 1.8525e-12 1.4003e-13 -4.6553e-13 1.7088e-13 1.2335e-12 2.5585e-12 2.2333e-13 -1.0327e-12 1.9051e-13 1.0778e-12 6.2831e-13 2.3613e-12 -6.8879e-13 9.3666e-13 6.1258e-13 -8.6494e-13 4.2757e-13 -6.6112e-14 -4.8508e-13 -2.5492e-13 2.4772e-13 -1.349e-14 1.3156e-13 -2.0981e-13 -3.6435e-14 4.6634e-14 1.4672e-14 1.019e-14
-3.5809e-12 -2.3349e-12 2.2034e-12 1.8571e-12 1.1413e-12 -6.3279e-12 6.4432e-13 -3.0603e-12 -8.0162e-12 3.0473e-12 2.7087e-12 -3.5248e-12 3.8297e-12 4.4905e-12 -4.1524e-12 -4.3505e-12 1.0536e-12 4.2047e-12 -9.9286e-14 2.598e-12 7.3847e-12 2.2577e-11 2.3621e-12 -1.0837e-12 1.6997e-12 3.5628e-12 -9.6469e-13 -1.3098e-12 3.2243e-14 -2.1928e-12 9.557e-14 -1.438e-12 1.8417e-12 -1.5499e-12 1.2516e-12 1.8666e-12 5.5076e-12 -4.3455e-12 -3.9729e-13 2.0589e-12 2.8141e-12 1.6135e-12 -3.1276e-12 -5.0182e-12 4.2949e-12 -2.0537e-12 5.1755e-12 3.671e-12 1.25e-12 2.157e-12 4.8451e-12 9.722e-13 2.9353e-12 3.7441e-12 2.4086e-12 1.887e-12 3.1035e-12 -2.3535e-12 -2.8124e-12 -9.535e-13 -1.896e-12 1.8399e-12 -1.6013e-12 5.2372e-13 -7.9271e-14 1.5894e-12 4.3262e-13 1.6177e-12 -1.7867e-13 4.4779e-13 -5.3852e-13 -8.3917e-13 5.207e-13 4.7377e-13 1.4652e-12 -1.2199e-12 4.8493e-13 -4.2524e-13 -6.5518e-14 1.0593e-12 -6.1353e-14 -5.548e-14 -1.8015e-13 1.5405e-13 -1.2008e-13 6.859e-14 -9.3086e-15 -2.1285e-14
-4.8981e-12 2.6476e-12 -2.2135e-12 1.9102e-12 3.4477e-12 -3.0073e-12 -9.9687e-13 -1.1384e-12 1.5508e-12 -6.1137e-13 -5.5324e-13 1.3426e-13 2.3009e-12 -3.1071e-12 1.2454e-12 -1.09e-12 -8.3797e-13 8.6457e-13 9.7524e-13 3.0984e-12 -1.3425e-12 2.3621e-12 1.4528e-11 -2.4344e-12 -4.0797e-12 -5.111e-13 1.4527e-13 -1.452e-12 4.3028e-12 2.2077e-12 1.7895e-12 -5.0878e-13 2.7416e-12 3.7815e-12 -1.8205e-13 -1.0197e-13 4.7385e-13 1.2895e-12 1.9563e-12 4.1852e-12 -8.6223e-13 -1.1786e-12 3.519e-12 1.5554e-13 1.3388e-12 3.8209e-13 3.5564e-12 2.1861e-12 1.1529e-12 1.9664e-12 3.9214e-12 2.2509e-12 1.197e-12 1.1138e-12 -4.5603e-13 1.544e-12 5.1731e-13 1.0498e-13 -1.5306e-13 3.3713e-13 1.9367e-13 1.291e-12 -5.9899e-14 -4.6661e-13 -7.0678e-13 -7.3174e-13 2.639e-12 1.2013e-12 -4.432e-13 9.7976e-14 4.2325e-13 1.8961e-14 7.0953e-13 2.2688e-12 -2.4376e-13 7.106e-14 -1.1859e-12 9.7036e-14 1.0258e-13 3.515e-13 -2.4081e-15 -3.9516e-13 -1.2951e-13 -1.0366e-13 -1.722e-14 6.5527e-14 5.6394e-15 2.3442e-14
-5.7929e-12 -6.8337e-12 -1.2736e-12 -3.0543e-12 -8.622e-13 -4.6147e-12 -5.2288e-12 -8.2757e-12 -6.102e-12 -1.3782e-12 7.5516e-12 1.2086e-12 -2.311e-12 -1.3846e-12 5.3744e-12 -3.859e-12 1.1423e-12 2.8368e-13 2.0286e-12 5.0432e-12 -1.5898e-12 -1.0837e-12 -2.4344e-12 1.8495e-11 1.5068e-12 -7.4271e-13 4.53e-12 1.2797e-12 1.0244e-12 1.9393e-12 -1.7682e-13 4.8067e-13 -2.4148e-12 -1.3265e-12 4.6895e-12 3.1805e-12 -2.0375e-12 2.94e-12 2.4153e-12 -7.127e-13 9.9867e-13 1.0472e-12 3.1721e-12 -6.6957e-13 -2.848e-12 -5.2363e-12 2.2461e-12 -3.4025e-12 -8.3667e-13 -3.7363e-12 1.102e-12 7.227e-14 -2.0399e-13 -3.4639e-12 -1.466e-12 4.7295e-13 2.701e-12 -7.1226e-13 6.9646e-13 -2.517e-12 -3.4103e-14 -2.5548e-12 -1.8547e-12 -4.6254e-13 -1.2912e-12 -2.0077e-12 4.4911e-14 2.0349e-13 7.4668e-13 4.3519e-13 -9.9126e-13 4.0189e-13 -7.0652e-13 1.0949e-13 4.0373e-14 -1.3422e-13 -2.59e-13 -1.3664e-13 -3.7285e-13 1.544e-13 -5.6129e-13 8.2214e-14 1.283e-13 7.3226e-14 -8.1244e-14 -3.6466e-14 2.3623e-14 1.6295e-15
3.2391e-12 5.9737e-12 7.6584e-12 8.2992e-12 9.3061e-12 7.4678e-12 1.3727e-11 5.7621e-12 5.9208e-12 1.3085e-12 1.7946e-12 1.4105e-12 4.4883e-12 6.3648e-13 -4.4265e-12 4.9654e-12 7.1227e-12 -3.3326e-12 -9.2238e-13 4.26e-12 8.5299e-12 1.6997e-12 -4.0797e-12 1.5068e-12 2.2206e-11 -1.1008e-13 9.9166e-13 -3.8647e-12 -2.6308e-12 2.0761e-12 -1.7116e-12 5.1762e-12 2.1119e-12 -2.1479e-12 4.1725e-13 -1.6694e-12 2.4306e-12 -1.449e-12 -5.4439e-13 1.5068e-12 1.237e-12 1.5185e-12 2.0444e-12 8.7921e-13 4.1292e-12 -8.1932e-14 2.9733e-12 -3.2729e-12 3.2066e-12 9.9581e-13 -5.3885e-13 -1.6731e-12 2.954e-12 -1.6384e-12 9.6141e-13 -3.1611e-13 -5.7678e-13 -4.8056e-13 6.0354e-16 2.4153e-12 -1.6297e-12 -1.1273e-12 -5.9993e-13 -6.6419e-13 1.097e-12 2.6133e-12 1.0124e-12 -9.7403e-13 -1.1305e-12 6.0898e-13 -1.1925e-12 5.2435e-13 -3.4761e-14 2.549e-13 1.866e-12 6.7565e-13 1.3827e-12 7.4609e-13 -4.5309e-13 -2.3014e-13 -3.4216e-14 1.42e-13 -4.4295e-13 -6.738e-14 1.3408e-14 2.4649e-14 2.4818e-14 -8.4636e-15
-4.0504e-12 -1.4542e-11 -7.1705e-12 -9.4374e-12 -5.2315e-12 -6.434e-12 -5.8442e-12 -2.7218e-13 -1.3562e-11 1.2299e-12 -4.412e-12 7.7355e-12 -4.0394e-12 -6.7728e-12 1.3085e-12 -7.633e-12 1.4963e-12 -7.9358e-12 1.3048e-12 3.3082e-13 4.2254e-13 3.5628e-12 -5.111e-13 -7.4271e-13 -1.1008e-13 2.3171e-11 -6.7924e-14 -7.3228e-12 -2.5043e-12 -4.2479e-12 -3.3377e-12 -2.4017e-12 3.8954e-12 5.7955e-12 -5.175e-14 6.0262e-12 -1.2279e-12 2.9551e-12 -1.8785e-12 -1.9277e-12 4.3594e-14 1.6717e-12 2.8278e-12 1.8329e-12 1.9865e-12 2.7769e-13 3.2695e-12 1.5288e-12 3.7818e-12 9.6456e-15 -6.4042e-14 -1.6116e-12 2.4412e-12 2.2282e-12 -4.4819e-13 6.5312e-13 2.6936e-12 -2.2077e-13 1.0767e-12 -9.394e-13 2.8659e-12 1.8812e-12 7.9587e-13 -2.8265e-12 2.1238e-12 1.3709e-12 4.9238e-13 -2.2902e-12 -1.5765e-12 2.0848e-12 1.2857e-12 5.8729e-13 1.1677e-13 3.3341e-14 6.0267e-13 5.4715e-13 8.3638e-14 2.3053e-13 -9.2076e-13 -4.9799e-13 -9.5075e-14 -1.0804e-13 -1.6883e-13 3.3518e-14 7.966e-14 -1.6473e-14 7.8329e-15 4.3157e-15
1.0462e-11 1.0042e-11 4.2402e-12 5.5737e-12 7.11e-12 8.4178e-13 8.1258e-12 6.013e-12 4.7684e-12 5.3844e-12 1.2283e-11 4.5497e-12 6.4933e-12 -1.6151e-12 2.9038e-12 -3.8894e-13 2.4124e-12 1.3069e-12 3.1169e-12 5.722e-14 4.1762e-12 -9.6469e-13 1.4527e-13 4.53e-12 9.9166e-13 -6.7924e-14 1.2928e-11 7.4913e-13 -1.7721e-12 -1.6056e-12 1.4866e-12 -3.2329e-13 -3.1834e-12 4.5371e-14 -4.6049e-13 -9.8685e-13 1.9159e-12 -2.0896e-12 2.1369e-12 1.7849e-12 -5.1208e-13 1.816e-12 3.4663e-12 -5.5915e-13 -2.1242e-12 -4.0872e-12 5.5218e-13 -2.2433e-12 3.7701e-12 -2.0142e-12 1.6683e-14 1.3859e-12 8.8063e-13 -2.8815e-12 -1.8846e-12 1.261e-12 6.6529e-13 1.0508e-12 2.7147e-12 -8.0416e-13 1.4186e-12 -1.4252e-12 -3.2744e-13 2.8792e-14 -1.5917e-12 -8.64e-13 3.199e-13 -7.933e-14 3.1346e-13 9.5214e-13 1.0441e-12 1.2235e-12 -3.1918e-13 5.3466e-13 -6.2829e-13 2.2848e-13 9.1413e-13 2.3553e-13 -5.4176e-13 7.2156e-13 -9.4033e-14 3.1986e-13 1.3299e-13 -1.5497e-13 1.8913e-14 -5.0288e-14 -6.5292e-15 2.0399e-14
-3.5938e-12 -1.712e-12 -5.4958e-12 8.361e-16 -1.275e-11 -1.4659e-12 -8.3659e-12 -6.3384e-12 -3.4749e-12 -2.0841e-12 -4.39e-12 -2.6379e-12 -4.629e-12 -2e-12 -6.8063e-12 1.6567e-12 6.6798e-13 4.9056e-12 -3.3333e-12 -5.5163e-12 2.4143e-12 -1.3098e-12 -1.452e-12 1.2797e-12 -3.8647e-12 -7.3228e-12 7.4913e-13 2.3061e-11 5.0495e-13 3.1977e-12 5.8674e-13 6.0032e-13 -2.6671e-12 -7.2915e-12 -1.639e-12 -1.1342e-12 3.9289e-12 -4.2532e-12 -6.0647e-13 -9.1622e-13 -3.1874e-12 -2.3752e-12 2.9392e-12 1.2423e-12 -2.6207e-12 -1.4515e-13 1.9358e-12 -1.3013e-12 -1.6204e-13 -5.3891e-12 -2.7126e-13 2.4225e-12 -4.269e-12 -1.4947e-12 -1.1407e-12 -7.5217e-13 3.9885e-13 -9.86e-13 1.4213e-12 1.5309e-12 -8.5567e-13 2.5446e-12 1.3398e-12 5.6359e-13 -3.5636e-13 -5.0051e-13 -8.227e-13 -2.1728e-13 1.7769e-12 -1.9707e-13 1.9088e-13 6.405e-13 -7.0533e-13 6.1689e-13 9.0543e-15 9.2916e-13 -8.1656e-13 -4.9114e-13 4.0268e-13 4.9515e-13 6.0815e-14 -1.4944e-13 2.2063e-13 -9.1942e-14 -1.1527e-13 6.2833e-14 4.3539e-15 2.5275e-14
1.7617e-12 1.1887e-11 1.0543e-11 1.0504e-11 -1.3056e-12 1.3752e-12 7.4217e-12 4.4611e-12 6.709e-12 2.7332e-12 5.8987e-12 3.6704e-12 7.7197e-12 1.706e-12 9.4787e-13 5.8511e-12 1.9319e-12 3.2642e-12 5.9917e-12 3.5935e-12 -7.5444e-12 3.2243e-14 4.3028e-12 1.0244e-12 -2.6308e-12 -2.5043e-12 -1.7721e-12 5.0495e-13 2.2648e-11 4.4729e-12 3.482e-12 -1.8564e-13 2.04e-12 9.6154e-13 -2.3496e-12 6.1778e-13 -3.0962e-12 1.9466e-12 1.7463e-12 -7.5778e-12 4.8598e-12 -3.7934e-12 2.484e-12 6.2083e-13 -1.307e-12 -5.1868e-12 -3.5164e-12 1.2172e-12 -7.1782e-13 -2.6135e-12 -1.0834e-12 -6.228e-13 -1.0566e-13 1.7958e-13 1.538e-13 1.4865e-12 -8.8698e-13 -5.4442e-13 -1.8657e-12 -4.4898e-13 1.8801e-13 1.4491e-12 3.963e-13 2.1676e-12 -1.2301e-12 -6.5402e-14 2.3235e-12 1.714e-12 2.2817e-12 -1.6768e-12 -1.2671e-12 -4.7186e-13 3.9403e-13 2.7284e-13 8.697e-13 3.3205e-13 1.0614e-12 7.25e-13 -2.6298e-13 4.8755e-13 1.9278e-13 -2.5185e-13 3.5831e-15 2.701e-14 -2.4864e-14 3.8049e-14 4.576e-14 4.3744e-15
-8.3062e-12 3.8695e-13 -9.1978e-12 1.7284e-12 1.1638e-12 -2.2302e-12 -4.4156e-12 -5.5956e-12 3.2472e-12 -2.5361e-12 -4.8686e-12 -3.4406e-12 -7.9795e-12 -6.1357e-12 -3.8392e-13 -2.6072e-12 5.3575e-12 3.3777e-12 3.8595e-12 3.3912e-13 -7.3862e-13 -2.1928e-12 2.2077e-12 1.9393e-12 2.0761e-12 -4.2479e-12 -1.6056e-12 3.1977e-12 4.4729e-12 2.3278e-11 3.5797e-12 4.8965e-14 6.3681e-12 -2.5471e-13 -3.15e-12 3.1481e-12 7.2461e-12 2.096e-12 -2.3385e-12 -4.1993e-12 2.536e-12 -2.0693e-12 2.2999e-12 2.5024e-12 -5.2289e-13 -4.5152e-13 1.8823e-12 -2.0522e-12 4.208e-12 -4.0014e-12 1.442e-12 1.4942e-12 1.8991e-13 -1.461e-12 -3.6905e-13 -3.5712e-13 5.6401e-13 1.9612e-12 2.0946e-12 2.3955e-12 -3.6498e-12 -3.5229e-14 1.926e-12 1.0386e-12 1.1299e-12 1.5468e-12 1.157e-12 5.8744e-13 1.5249e-12 4.6743e-13 -1.9924e-12 -2.3258e-12 -4.0101e-13 1.3395e-12 9.4589e-14 -2.0182e-13 5.1638e-13 -7.5148e-13 1.2826e-13 -5.2104e-14 1.01e-15 -1.3812e-14 -6.0778e-13 7.7772e-14 7.3513e-16 1.2132e-13 -1.7487e-14 5.2141e-15
-3.2836e-12 -1.2276e-13 3.1032e-12 2.1867e-12 -2.0502e-12 1.1462e-12 6.9596e-12 4.5454e-12 5.2148e-12 -5.6801e-13 1.0407e-13 -2.5133e-12 -5.5761e-13 -7.0465e-13 -3.9471e-13 1.4626e-12 -3.2982e-13 1.4411e-12 -6.1929e-13 -1.5631e-14 -2.9307e-13 9.557e-14 1.7895e-12 -1.7682e-13 -1.7116e-12 -3.3377e-12 1.4866e-12 5.8674e-13 3.482e-12 3.5797e-12 2.0381e-11 2.3416e-12 4.3473e-12 6.6735e-13 7.0145e-13 7.7323e-13 4.6864e-13 7.7603e-13 1.4405e-12 -3.75e-12 1.413e-12 -3.3867e-13 -3.3376e-12 4.9592e-13 -7.6403e-13 -4.6166e-12 -1.1989e-12 -4.1197e-13 1.51e-12 1.4502e-12 1.7314e-12 4.8372e-12 3.464e-12 1.4998e-12 -1.2092e-12 5.7987e-13 2.5123e-12 2.6499e-12 2.5854e-12 4.2713e-13 -4.6362e-12 -1.5663e-12 -1.3649e-12 6.458e-13 -1.1435e-12 7.7787e-13 6.4159e-14 2.7792e-13 2.0559e-13 1.4536e-13 -2.2114e-12 -1.2338e-13 1.0187e-12 1.0531e-12 -4.5919e-13 -7.3629e-13 3.4564e-14 -1.4606e-13 4.686e-15 -3.5885e-13 -2.4046e-13 7.1584e-14 -1.1002e-13 7.013e-14 -2.5647e-14 2.8327e-14 -1.6008e-14 -1.2775e-14
4.4875e-12 6.3408e-12 7.99e-12 5.2113e-12 3.1236e-12 7.3678e-13 5.557e-14 7.8371e-13 7.3225e-12 4.7563e-12 9.5285e-13 -5.2029e-12 1.4033e-12 -4.572e-13 -1.7091e-12 6.5599e-12 -2.8216e-12 2.7026e-13 7.369e-13 -2.1028e-12 -3.0767e-12 -1.438e-12 -5.0878e-13 4.8067e-13 5.1762e-12 -2.4017e-12 -3.2329e-13 6.0032e-13 -1.8564e-13 4.8965e-14 2.3416e-12 1.4836e-11 -5.822e-13 -1.8944e-12 9.0356e-13 5.2172e-13 -1.5091e-12 2.6602e-12 -2.6671e-12 -1.5473e-12 -1.7056e-12 -2.2583e-12 -3.4539e-13 -1.3361e-12 5.8297e-13 -3.3057e-12 -5.3187e-13 -3.8901e-13 5.5628e-13 3.8584e-13 -3.7332e-13 6.8188e-13 -1.0584e-12 -2.5002e-13 4.0232e-13 6.7269e-13 -1.1328e-12 7.1007e-13 2.2382e-12 1.5954e-12 -3.4926e-12 1.4298e-13 -8.3266e-13 2.3041e-13 -1.8437e-12 -6.4683e-13 -4.1984e-14 1.0072e-13 5.5886e-13 3.6079e-13 -1.7648e-12 8.0393e-14 7.4049e-13 -4.8015e-13 -1.9207e-13 1.2498e-12 6.9676e-14 -1.8711e-13 2.138e-13 1.7402e-13 -1.8095e-13 -1.379e-13 -9.9069e-14 7.4208e-15 1.4923e-14 2.1341e-14 -2.0508e-15 -4.1718e-14
-1.035e-11 -4.941e-12 -6.3921e-12 -7.8118e-12 -6.6364e-12 -3.5933e-12 -7.1224e-12 -1.6044e-12 -4.1593e-12 -2.4411e-12 -1.0393e-11 -2.8983e-12 -7.017e-12 -7.1274e-14 -2.0159e-13 3.2409e-12 8.4992e-13 -5.7123e-12 -6.681e-13 5.2131e-13 2.154e-12 1.8417e-12 2.7416e-12 -2.4148e-12 2.1119e-12 3.8954e-12 -3.1834e-12 -2.6671e-12 2.04e-12 6.3681e-12 4.3473e-12 -5.822e-13 1.404e-11 -5.8372e-14 -2.1338e-12 -3.41e-13 2.2171e-12 4.601e-12 -6.4427e-13 -1.5935e-12 1.9363e-12 3.3592e-12 -1.2346e-12 1.7964e-12 7.2659e-13 -7.1456e-13 1.5177e-12 -5.209e-13 3.041e-12 6.5555e-13 2.7785e-12 9.283e-13 1.5667e-12 2.1795e-12 3.9146e-13 6.3748e-13 6.8257e-13 5.9189e-13 -1.8342e-12 1.7098e-12 -6.3097e-13 1.1753e-12 -1.505e-12 -1.0122e-14 8.9363e-13 2.0969e-12 1.0475e-12 -1.8239e-12 9.3964e-13 7.261e-13 -2.2646e-13 -6.1723e-13 5.5021e-13 3.8878e-13 -3.994e-13 2.5285e-13 -4.4448e-13 2.3001e-13 -2.0969e-13 -2.2914e-13 1.6144e-13 3.7641e-15 -3.4599e-13 2.7828e-14 -5.4217e-14 1.2348e-13 2.3704e-14 2.8262e-15
-6.561e-12 -6.3123e-12 -2.3697e-12 -1.5309e-12 7.3738e-14 1.4618e-12 -2.9964e-12 1.0258e-12 -4.9051e-12 -2.5688e-12 9.0874e-13 3.8444e-12 -2.8606e-12 -2.1274e-13 -2.9263e-12 -5.5114e-12 2.9134e-12 -2.8177e-12 7.281e-13 -1.5657e-12 -1.9839e-12 -1.5499e-12 3.7815e-12 -1.3265e-12 -2.1479e-12 5.7955e-12 4.5371e-14 -7.2915e-12 9.6154e-13 -2.5471e-13 6.6735e-13 -1.8944e-12 -5.8372e-14 1.5986e-11 1.6278e-12 -4.5884e-13 -1.4205e-12 5.1515e-12 1.5929e-12 -1.1571e-12 7.2877e-13 1.7402e-12 2.2296e-13 -1.9144e-12 -6.2261e-13 1.1641e-12 -4.8502e-13 1.104e-12 1.7383e-13 2.9743e-12 -1.596e-12 -2.7992e-12 2.2682e-12 -1.3729e-13 -1.4058e-12 -8.4885e-13 1.4254e-12 -3.2965e-13 3.6085e-13 -2.5167e-13 2.4097e-12 -8.7315e-14 -6.695e-14 1.4194e-14 -8.4338e-13 -3.5036e-13 7.767e-13 1.1919e-13 -1.0444e-12 -3.4529e-13 3.8236e-13 1.4227e-12 1.4397e-12 1.3169e-12 5.1805e-13 9.3649e-14 9.4426e-14 2.2449e-13 9.6573e-15 -5.5773e-13 -5.6529e-13 -2.8523e-13 1.6191e-13 3.8915e-14 6.9358e-14 -2.7479e-14 -2.875e-14 7.3125e-15
-9.6759e-12 -1.3965e-11 -8.7608e-12 -7.7816e-12 -6.8861e-12 -3.4096e-12 -8.7179e-12 -6.1779e-12 -3.7469e-12 7.0454e-14 -2.4649e-12 -5.5926e-12 7.7553e-14 1.9317e-12 -4.5349e-12 -3.7291e-12 -3.4859e-12 -4.6616e-13 -2.1279e-12 -2.2369e-12 -1.703e-12 1.2516e-12 -1.8205e-13 4.6895e-12 4.1725e-13 -5.175e-14 -4.6049e-13 -1.639e-12 -2.3496e-12 -3.15e-12 7.0145e-13 9.0356e-13 -2.1338e-12 1.6278e-12 1.1184e-11 5.206e-13 7.3913e-13 5.4334e-13 4.292e-12 3.7911e-12 3.1477e-12 9.655e-14 -8.3394e-13 -3.4329e-12 -3.701e-13 1.0154e-12 -1.2682e-12 2.604e-13 -1.456e-12 1.498e-12 1.6802e-12 -3.8408e-13 -8.2219e-13 6.3759e-13 8.4403e-13 1.1794e-12 2.903e-12 -1.1877e-12 -1.6782e-12 -2.052e-12 -1.2542e-12 -1.894e-13 -6.8145e-14 3.9588e-13 -7.9274e-13 -1.6091e-13 -4.0846e-13 -7.391e-13 -5.7166e-13 -5.381e-15 -1.1891e-12 9.7104e-13 8.8493e-13 5.3478e-13 2.9386e-13 -4.6087e-13 -4.8157e-13 4.6153e-13 5.0565e-13 -1.9112e-13 -6.1619e-13 1.1602e-13 -8.1842e-14 1.745e-14 -2.2766e-14 -7.0987e-16 3.5232e-14 -2.1143e-14
-1.5388e-11 -8.0517e-12 -6.249e-12 -1.2892e-11 -7.2601e-12 -1.1241e-11 -5.8229e-12 -9.2191e-12 -1.5864e-11 -3.6871e-13 -9.6512e-13 -2.6315e-12 6.0673e-13 -7.5044e-12 -6.9327e-13 1.1426e-13 3.6537e-12 3.3752e-12 5.9524e-13 -6.3939e-12 2.6016e-12 1.8666e-12 -1.0197e-13 3.1805e-12 -1.6694e-12 6.0262e-12 -9.8685e-13 -1.1342e-12 6.1778e-13 3.1481e-12 7.7323e-13 5.2172e-13 -3.41e-13 -4.5884e-13 5.206e-13 1.9428e-11 4.3356e-12 4.4859e-12 1.9984e-12 -1.2047e-12 1.1476e-12 -2.256e-12 2.5164e-13 4.5057e-12 3.9496e-14 8.9286e-13 3.2634e-12 1.0799e-12 -1.1087e-12 3.8479e-13 1.586e-12 -8.8261e-13 6.9401e-13 9.1334e-13 1.1207e-12 3.45e-12 8.969e-14 4.089e-12 2.6019e-12 -1.0726e-12 -4.7735e-14 2.1105e-12 1.2425e-13 -6.8485e-13 1.8059e-12 4.418e-13 -5.1329e-13 1.0802e-12 7.5321e-13 7.9121e-13 -3.6702e-13 5.6321e-13 1.6771e-14 -8.5545e-13 1.2842e-12 -2.247e-12 -1.1938e-13 -5.3153e-13 -5.7263e-13 -6.1725e-13 7.9286e-14 -8e-14 2.0095e-13 6.9408e-14 2.9708e-14 -1.2111e-14 4.5982e-14 5.2535e-15
-1.1329e-11 -7.966e-12 -1.4929e-11 -5.7501e-12 -3.6535e-12 -1.2054e-11 -7.9288e-12 -6.6655e-12 -6.5577e-12 2.3152e-12 -4.3106e-12 -6.0743e-12 -3.9445e-12 -5.6128e-13 -5.5924e-12 -4.9585e-14 4.0327e-12 8.1365e-13 -1.7845e-12 -8.5396e-12 6.2506e-12 5.5076e-12 4.7385e-13 -2.0375e-12 2.4306e-12 -1.2279e-12 1.9159e-12 3.9289e-12 -3.0962e-12 7.2461e-12 4.6864e-13 -1.5091e-12 2.2171e-12 -1.4205e-12 7.3913e-13 4.3356e-12 1.7913e-11 -2.1652e-12 6.7961e-12 1.6282e-12 2.6372e-12 7.8441e-13 -9.3229e-13 -2.3255e-12 -2.0006e-13 7.8539e-13 2.5479e-12 7.262e-13 3.5377e-12 -6.3232e-13 1.368e-12 1.3192e-12 8.2463e-13 -3.627e-13 3.115e-12 7.6073e-13 1.372e-12 1.605e-12 1.3694e-12 9.3268e-13 -2.4611e-13 1.3655e-12 1.6523e-12 6.2253e-13 3.8583e-13 1.7486e-12 3.4144e-13 -1.3509e-13 -4.4695e-13 -6.8076e-13 -6.0902e-13 -4.2977e-13 -1.8047e-13 -3.2598e-13 4.0513e-13 -9.6597e-13 8.4258e-13 -4.0843e-13 3.3282e-13 2.8547e-13 1.2021e-13 -5.7796e-14 -1.7455e-13 -7.7421e-14 1.9696e-15 9.9588e-14 -1.0604e-14 1.4964e-14
-1.481e-11 -9.1115e-12 -9.1176e-12 -1.3397e-11 -6.3336e-12 -8.3075e-12 -9.9187e-12 -9.4292e-12 -8.392e-12 -5.4906e-12 -4.8824e-12 -2.2021e-12 -5.5088e-12 -4.0421e-12 -1.8266e-12 -1.0211e-12 -2.9912e-12 -5.5345e-12 4.0674e-12 -3.5417e-12 -3.4231e-12 -4.3455e-12 1.2895e-12 2.94e-12 -1.449e-12 2.9551e-12 -2.0896e-12 -4.2532e-12 1.9466e-12 2.096e-12 7.7603e-13 2.6602e-12 4.601e-12 5.1515e-12 5.4334e-13 4.4859e-12 -2.1652e-12 1.724e-11 8.1856e-13 1.272e-12 4.1795e-12 -2.7981e-12 2.9039e-13 2.4889e-12 -2.832e-12 1.4812e-12 1.149e-12 -1.7529e-12 -1.8434e-12 3.6637e-12 -9.0168e-13 -1.7683e-12 -7.7944e-13 -5.3903e-13 -4.2661e-13 6.2231e-13 7.94e-13 2.6231e-13 1.9027e-12 1.6251e-12 4.1049e-13 -1.0504e-12 -5.3227e-13 2.3449e-13 5.5673e-13 -6.0748e-15 3.8517e-13 -7.6e-13 5.0888e-13 5.5719e-13 9.2142e-13 4.5175e-13 1.4375e-13 5.325e-13 -2.2409e-13 -1.1329e-12 -1.0896e-12 1.0027e-12 -2.9348e-13 -8.1444e-13 6.5335e-14 -3.2345e-13 1.8248e-13 5.5496e-15 4.1889e-15 -6.6635e-15 3.4372e-14 4.4027e-15
-1.3857e-11 -6.5454e-12 -1.4156e-11 -6.2561e-12 -8.5358e-12 -1.2493e-11 -1.069e-11 -5.3938e-12 -6.9858e-12 -9.6355e-13 -1.468e-12 -2.441e-12 1.4713e-12 4.2543e-13 -3.9068e-12 4.6639e-12 -5.1761e-14 -1.5841e-12 -2.6933e-12 -2.6864e-12 2.0523e-12 -3.9729e-13 1.9563e-12 2.4153e-12 -5.4439e-13 -1.8785e-12 2.1369e-12 -6.0647e-13 1.7463e-12 -2.3385e-12 1.4405e-12 -2.6671e-12 -6.4427e-13 1.5929e-12 4.292e-12 1.9984e-12 6.7961e-12 8.1856e-13 1.7865e-11 3.7344e-12 8.642e-13 8.1821e-13 1.4868e-12 1.061e-12 -5.699e-13 3.1748e-12 -1.8349e-13 9.3579e-13 -1.3095e-12 2.537e-12 3.0353e-12 4.4884e-13 1.8981e-12 -9.645e-13 1.6279e-12 6.0587e-13 4.0096e-12 1.5077e-12 1.0842e-12 -7.9867e-13 1.4163e-12 -5.3246e-13 2e-12 2.6538e-13 -8.7247e-13 -2.4102e-13 7.9743e-13 -1.5313e-12 -1.1963e-13 -3.7019e-12 5.5469e-13 6.4505e-13 1.0253e-12 -1.4324e-13 2.0419e-13 9.6252e-14 2.1617e-13 4.1667e-13 -1.0156e-13 6.4359e-14 1.4676e-13 5.9419e-14 8.6716e-14 -3.7744e-14 1.5018e-14 -1.282e-14 8.4218e-14 1.3381e-14
-3.3745e-12 -3.5226e-12 -1.0061e-11 -7.4377e-12 3.9796e-13 -3.9672e-12 -2.7537e-12 -4.8515e-12 -6.801e-12 -5.6076e-12 -2.2073e-12 -1.828e-12 3.6053e-13 -6.3309e-12 -4.9067e-12 -4.8052e-13 -3.8272e-12 4.7932e-13 -1.8683e-12 -1.9022e-13 4.1575e-12 2.0589e-12 4.1852e-12 -7.127e-13 1.5068e-12 -1.9277e-12 1.7849e-12 -9.1622e-13 -7.5778e-12 -4.1993e-12 -3.75e-12 -1.5473e-12 -1.5935e-12 -1.1571e-12 3.7911e-12 -1.2047e-12 1.6282e-12 1.272e-12 3.7344e-12 1.5297e-11 -1.2989e-12 -9.4972e-14 1.149e-12 -1.1183e-12 -7.5858e-16 2.4369e-12 1.6049e-12 -8.3054e-13 -2.3101e-12 3.3281e-12 2.8337e-12 8.5139e-13 3.6718e-13 2.1507e-12 1.9546e-12 -7.9393e-13 2.3572e-12 -1.5237e-12 -4.5992e-13 -1.9067e-13 -7.3234e-14 -5.8217e-13 7.8624e-13 -1.151e-12 5.1891e-13 7.0807e-13 -1.0872e-12 -1.5562e-12 -2.4126e-12 3.6605e-13 9.084e-13 1.0713e-12 4.7115e-13 2.7214e-13 -1.7358e-13 -1.4707e-13 -1.0231e-12 4.6469e-13 -2.3821e-13 -1.5698e-14 -2.3281e-13 7.282e-14 -1.7644e-13 -1.6567e-13 1.8421e-14 -7.3053e-14 -6.6904e-16 1.1267e-14
