,0,1,2,3,4,5,6,7,8,9,10,11,12,13,14,15,16,17,18,19,20,21,22,23,24,25,26,27,28,29,30,31,32,33,34,35,36,37,38,39,40,41,42,43,44,45,46,47,48,49,50,51,52,53,54,55,56,57,58,59,60,61,62,63,64,65,66,67,68,69,70,71,72,73,74,75,76,77,78,79,80,81,82,83,84,85,86,87,88,89,90,91,92,93,94,95,96,97,98,99,100,101,102,103,104,105,106,107,108,109,110,111,112,113,114,115,116,117,118,119,120,121,122,123,124,125,126,127,128,129,130,131,132,133,134,135,136,137,138,139,140,141,142,143,144,145,146,147,148,149,150,151,152,153,154,155,156,157,158,159,160,161,162,163,164,165
0,1,0.80658,0.79902,0.86705,0.86244,0.87938,0.83813,0.84438,0.86545,0.80085,0.81251,0.854,0.84405,0.83847,0.85252,0.85769,0.81807,0.81515,0.76252,0.85449,0.73768,0.79019,0.81662,0.77546,0.79739,0.80459,0.85629,0.79654,0.78555,0.79213,0.85071,0.85431,0.81407,0.76814,0.82756,0.83483,0.7849,0.75121,0.70938,0.77186,0.72993,0.69615,0.75234,0.75705,0.72783,0.67661,0.65342,0.77989,0.4478,0.62679,0.63364,0.61126,0.6113,0.55198,0.52549,0.51457,0.32442,0.38055,0.24961,0.40607,0.38313,0.41085,0.37961,0.63875,0.34083,0.31124,0.25678,0.28599,0.24575,0.34572,0.24028,0.27221,0.34953,0.032507,0.36638,0.24277,0.42539,0.23062,0.21285,-0.15826,0.20642,0.38316,0.30883,0.23751,0.21045,0.18254,0.42647,-0.10888,0.38183,-0.017964,0.13211,-0.10927,0.10128,0.15353,0.14307,0.19208,0.25852,0.19699,-0.051402,0.15078,0.13075,-0.17442,0.13868,0.15164,0.13899,0.20926,0.061264,0.1305,-0.066856,-0.028304,-0.028634,0.063227,0.38884,0.054027,0.067253,0.10366,0.0089187,-0.059669,-0.12684,0.25302,0.26962,0.019555,0.21092,0.15999,0.036501,0.0051191,0.086172,0.31708,0.21622,0.16978,-0.17864,-0.20305,0.0060564,0.35976,-0.13113,0.05592,-0.26844,-0.0039643,-0.030189,0.18483,-0.25897,0.24331,0.16939,-0.18178,0.15778,-0.10744,0.18695,0.10578,0.10854,-0.1625,0.11357,0.099698,-0.030244,-0.0297,0.15706,0.045984,0.1998,0.22167,-0.053594,0.13543,0.16377,-0.036682,0.13108,-0.16376,-0.0066753,0.18269
1,0.80658,1,0.87455,0.87512,0.86166,0.87516,0.92523,0.89502,0.86815,0.77069,0.85998,0.74014,0.83943,0.82216,0.79213,0.80314,0.83751,0.82238,0.80944,0.75832,0.77836,0.75997,0.76561,0.85435,0.83103,0.7114,0.84987,0.75406,0.78226,0.7102,0.87617,0.83506,0.69221,0.77454,0.80396,0.84023,0.77354,0.74618,0.68966,0.69247,0.71054,0.70274,0.73262,0.80799,0.71945,0.69608,0.56115,0.61004,0.51505,0.71149,0.57097,0.56166,0.59048,0.45332,0.52586,0.38463,0.40102,0.38957,0.41773,0.50551,0.40591,0.33613,0.50645,0.45201,0.38274,0.20371,0.36146,0.3125,0.45984,0.26727,0.09887,0.39056,0.37059,-0.01169,0.34294,0.28666,0.53098,0.30626,0.27665,-0.0081487,0.2165,0.41328,0.33017,0.12753,0.11055,0.096802,0.44553,-0.11143,0.29199,0.021716,0.088302,-0.018475,0.047031,0.20005,0.12673,0.27009,0.080231,0.19254,-0.18142,-0.036549,0.21845,-0.084936,0.090399,0.057228,0.13409,0.17678,-0.025248,0.20343,-0.029034,-0.0077617,-0.073791,-0.13616,0.36159,-0.018966,0.15135,0.18553,0.069083,-0.023561,-0.14616,0.20851,0.35447,0.084908,0.039334,0.05781,0.066529,-0.081484,-0.064036,0.19259,0.25351,0.098372,-0.10556,-0.10796,-0.062755,0.23617,-0.11863,0.074178,-0.20482,0.1081,-0.011244,0.14263,-0.31202,0.163,0.1148,-0.046872,-0.11763,-0.29133,0.3007,-0.0078451,0.14331,0.027525,0.018962,0.19344,-0.10353,-0.10171,0.29015,0.081583,0.11033,0.17599,0.055195,-0.018087,0.11655,0.057217,0.044371,-0.062465,-0.020393,0.076798
2,0.79902,0.87455,1,0.79245,0.80602,0.82993,0.85156,0.80046,0.84551,0.70655,0.80664,0.77122,0.79482,0.76659,0.78126,0.7956,0.76375,0.83597,0.81369,0.72511,0.73704,0.70117,0.76855,0.76345,0.77937,0.69421,0.82618,0.75712,0.72214,0.68165,0.80024,0.83409,0.76454,0.70419,0.82283,0.82004,0.73312,0.69763,0.71733,0.60236,0.70441,0.61288,0.6924,0.77099,0.64224,0.59123,0.52218,0.65255,0.41293,0.61906,0.63101,0.55627,0.59386,0.41134,0.57078,0.33436,0.41919,0.16932,0.36142,0.46891,0.42107,0.33729,0.4598,0.59676,0.27805,0.23242,0.30854,0.35994,0.36631,0.28777,0.19989,0.29834,0.32136,0.16333,0.34952,0.24223,0.46758,0.28148,0.33887,0.024891,0.23076,0.2274,0.24158,-0.028422,0.18574,0.20831,0.25527,-0.20043,0.30445,0.09709,0.05136,-0.12207,0.14551,0.18148,0.12816,0.34607,0.13358,0.26357,-0.23714,-0.038855,0.037218,-0.13844,0.13975,0.04287,0.091108,0.2649,0.078898,0.21748,-0.043775,-0.13766,0.05007,-0.13493,0.39062,0.013698,0.20256,0.19247,-0.023474,0.0002177,-0.12479,0.33537,0.32571,0.1223,0.0842,0.01596,0.15,-0.14264,-0.024548,0.32697,0.20652,0.016155,-0.095096,-0.041114,-0.075202,0.23582,-0.18422,0.03995,-0.2234,0.11747,-0.035929,0.22205,-0.18924,0.30724,0.077276,-0.095362,-0.11434,-0.17526,0.23161,-0.079712,0.0024466,0.17978,0.10347,0.17073,-0.054961,-0.10249,0.26488,0.050693,0.17191,0.22863,0.0061495,0.026521,0.13623,-0.051989,0.094577,0.011522,-0.009475,0.1228
3,0.86705,0.87512,0.79245,1,0.86505,0.87541,0.89379,0.88606,0.89376,0.83501,0.89234,0.79105,0.83221,0.8531,0.84623,0.87407,0.88685,0.81594,0.83262,0.83382,0.79353,0.84242,0.81945,0.7829,0.82255,0.82726,0.86001,0.83013,0.82432,0.82021,0.85581,0.82418,0.76258,0.77801,0.87132,0.82293,0.80836,0.83133,0.65073,0.70023,0.71148,0.71975,0.76303,0.73914,0.78249,0.7286,0.70373,0.69106,0.53975,0.68481,0.57887,0.51509,0.6167,0.51968,0.499,0.55962,0.43995,0.51443,0.35989,0.52028,0.41252,0.38162,0.52078,0.49222,0.42257,0.28926,0.35376,0.19093,0.29785,0.2733,0.13203,0.27803,0.32749,-0.035051,0.329,0.30401,0.34547,0.26671,0.24503,-0.045141,0.19469,0.42575,0.24543,0.17712,0.096559,0.22205,0.37037,-0.042663,0.39025,-0.036864,0.16281,-0.06182,0.067782,0.15199,0.10836,0.3414,0.14682,0.18796,-0.13026,0.05426,0.20947,-0.12174,0.14817,0.10872,0.10492,0.10426,-0.078084,0.18067,-0.094811,0.01406,-0.011574,-0.069451,0.33644,-0.011805,0.04532,0.18252,0.10266,-0.030512,-0.035477,0.24331,0.36616,-0.041895,0.14561,0.057537,-0.0036483,-0.040755,-0.010365,0.18798,0.17878,0.016922,-0.25278,-0.16963,0.0097165,0.28823,-0.1418,0.037975,-0.20834,-0.0035265,0.058224,0.17017,-0.37071,0.21408,0.15352,0.013981,-0.0054157,-0.22349,0.16786,0.056228,0.26186,-0.025579,0.012407,0.11756,-0.16061,-0.043578,0.26733,0.11452,0.18457,0.23125,-0.014185,0.065242,0.061734,0.11716,0.081618,-0.10086,0.10905,0.17872
4,0.86244,0.86166,0.80602,0.86505,1,0.83837,0.84887,0.85422,0.89179,0.77016,0.78012,0.81508,0.81837,0.80984,0.81619,0.8344,0.79099,0.85803,0.79802,0.82232,0.73653,0.75948,0.78618,0.79046,0.79477,0.68781,0.80873,0.74374,0.7812,0.7674,0.82522,0.79422,0.76849,0.74705,0.81911,0.78123,0.85909,0.76726,0.61632,0.67028,0.77764,0.75867,0.73492,0.76768,0.65095,0.77941,0.6324,0.62561,0.50042,0.71117,0.50609,0.52692,0.56506,0.48425,0.56057,0.46612,0.3798,0.40328,0.22141,0.37064,0.348,0.46851,0.53228,0.6133,0.41134,0.23162,0.31698,0.22896,0.31994,0.30002,0.075191,0.15345,0.26787,-0.013357,0.31442,0.27863,0.3728,0.285,0.26697,0.040877,0.23479,0.32711,0.3351,0.21955,0.18174,0.20897,0.4101,-0.1632,0.21862,0.025602,0.16203,-0.043044,0.058763,0.17563,0.099663,0.33235,0.080792,0.22177,-0.05901,0.067466,0.1328,-0.012194,0.098835,0.034713,0.035913,0.1922,0.048245,0.20685,0.0048516,-0.063243,-0.044368,-0.015078,0.36335,0.073797,0.15255,0.18986,0.092586,0.0099005,-0.098545,0.23745,0.28704,0.022463,0.20016,0.042699,-0.0013166,-0.017888,0.07659,0.19782,0.24134,0.080996,-0.19221,-0.04263,-0.11387,0.31123,-0.13168,0.15511,-0.2953,0.19658,0.018013,0.031072,-0.36383,0.062545,0.23749,0.0064314,-0.15841,-0.24577,0.16688,0.044418,0.12282,-0.11242,0.052422,0.18243,-0.092755,-0.053006,0.11497,0.11402,0.24898,0.27238,-0.15537,-0.0025046,0.21884,0.12669,0.037743,-0.048379,0.065726,0.1731
5,0.87938,0.87516,0.82993,0.87541,0.83837,1,0.87484,0.85866,0.87071,0.75537,0.88338,0.82248,0.85106,0.85963,0.87558,0.86392,0.80533,0.74513,0.75609,0.83896,0.79282,0.74023,0.75246,0.81129,0.74916,0.79576,0.88603,0.77444,0.77897,0.78508,0.84066,0.80273,0.7689,0.74806,0.85906,0.8814,0.83883,0.75557,0.69775,0.68155,0.78111,0.7031,0.75001,0.77149,0.75725,0.71774,0.59225,0.6795,0.49811,0.69606,0.64438,0.49161,0.63821,0.47515,0.48878,0.52397,0.45725,0.34257,0.39246,0.45856,0.43142,0.30651,0.49069,0.6118,0.26437,0.27318,0.26881,0.25541,0.45214,0.35543,0.18411,0.28851,0.28155,0.034446,0.49329,0.34915,0.33948,0.2733,0.3088,-0.067855,0.26681,0.36204,0.32588,0.10408,0.14811,0.1147,0.37053,-0.13669,0.3839,0.057896,0.045916,-0.16565,0.058342,0.21604,0.13374,0.25243,0.21975,0.17573,-0.020071,0.057138,0.24383,-0.21411,0.21419,0.089449,0.075567,0.082661,0.020452,0.043387,-0.030808,0.023458,0.038991,-0.076841,0.43666,0.030134,0.082048,0.21463,0.037037,0.085836,-0.2019,0.2782,0.32699,-0.024111,0.093892,0.0837,0.12921,-0.15684,-0.022695,0.25752,0.21997,-0.016364,-0.25994,-0.087227,-0.012411,0.31531,-0.13527,0.1009,-0.27484,0.046811,-0.00086158,0.18021,-0.20917,0.32082,0.14173,-0.062962,0.013235,-0.18303,0.21968,0.0431,0.15827,-0.12092,0.0045109,0.20758,-0.08517,-0.18052,0.20635,0.0871,0.088839,0.15504,-0.0023515,0.093488,0.04334,-0.084656,0.052632,-0.1705,0.14676,0.04138
6,0.83813,0.92523,0.85156,0.89379,0.84887,0.87484,1,0.89286,0.87432,0.82922,0.88379,0.76453,0.88192,0.87987,0.85528,0.85907,0.83691,0.77834,0.82451,0.82236,0.83578,0.80545,0.8331,0.82922,0.81704,0.79209,0.90471,0.82533,0.82854,0.7397,0.84406,0.83252,0.77918,0.81616,0.83421,0.85561,0.82441,0.82722,0.71635,0.67266,0.73636,0.70319,0.69253,0.79477,0.70127,0.67414,0.64959,0.63398,0.54581,0.66523,0.63088,0.57634,0.67519,0.47708,0.46844,0.50032,0.45514,0.35413,0.36367,0.47315,0.43982,0.31571,0.46789,0.50829,0.39036,0.20754,0.34999,0.19172,0.42868,0.32,0.11603,0.28828,0.39999,-0.0033436,0.31753,0.28008,0.41902,0.27486,0.28189,-0.011504,0.23861,0.35574,0.32498,0.079827,0.21472,0.22697,0.37293,-0.062493,0.35195,0.072406,-0.028254,-0.072978,0.0018422,0.18736,0.15371,0.31461,0.031738,0.19808,-0.11993,0.069291,0.18175,-0.14736,0.081844,0.035225,0.10007,0.23832,-0.0043543,0.21577,-0.012535,0.012414,-0.018842,-0.072519,0.38204,-0.024716,0.13339,0.19545,0.038481,0.041978,-0.19148,0.20601,0.33076,-0.044524,0.068469,0.073109,0.072164,-0.093071,-0.030319,0.20013,0.29591,0.046234,-0.093303,-0.16849,-0.0020547,0.2811,-0.10578,0.0093659,-0.26827,0.035621,-0.086586,0.1151,-0.21014,0.13425,0.10595,0.027989,-0.13173,-0.20295,0.25018,0.012813,0.14745,0.045883,0.073891,0.20163,-0.19564,-0.14183,0.29685,0.081969,0.11636,0.23343,0.043792,0.070554,-0.0095137,-0.01494,0.05898,-0.14852,0.048906,0.14972
7,0.84438,0.89502,0.80046,0.88606,0.85422,0.85866,0.89286,1,0.89956,0.86194,0.86207,0.81757,0.84505,0.88097,0.84526,0.84777,0.8378,0.82628,0.86121,0.80537,0.76129,0.80366,0.8246,0.84346,0.8297,0.77556,0.87082,0.79764,0.83194,0.76574,0.85377,0.79674,0.77369,0.78071,0.88926,0.86301,0.77676,0.82859,0.67537,0.73039,0.78308,0.76416,0.70855,0.76443,0.69001,0.73999,0.61774,0.65865,0.57087,0.59645,0.56644,0.61214,0.67674,0.58377,0.50794,0.53618,0.44004,0.44673,0.36234,0.51128,0.46801,0.37023,0.53462,0.523,0.42345,0.30604,0.2924,0.28324,0.32715,0.28181,0.10071,0.3011,0.48432,-0.090679,0.39318,0.40283,0.4378,0.30689,0.24418,-0.052358,0.30913,0.51095,0.33111,0.17126,0.067296,0.29187,0.37226,-0.048724,0.36558,0.10678,0.085691,-0.18538,0.14522,0.20933,0.044783,0.24354,-0.00041714,0.18347,-0.0012407,-0.043121,0.21691,-0.083251,0.06098,0.024033,0.045305,0.14992,-0.045677,0.20422,-0.080255,0.0090811,-0.020314,-0.1237,0.3611,0.038548,0.12734,0.12199,-0.055641,0.012116,-0.16563,0.17979,0.3975,0.019354,0.051078,0.13613,0.038447,-0.10299,0.023017,0.15336,0.26776,0.12473,-0.18544,-0.14882,0.072237,0.31665,-0.25725,0.039474,-0.28081,0.036622,0.034695,0.16684,-0.30964,0.14713,0.1591,-0.04937,-0.059264,-0.2448,0.24737,0.076266,0.13621,-0.0058369,0.01094,0.25355,-0.24792,-0.016477,0.12718,0.092377,0.10905,0.16367,0.065477,0.10719,0.082874,0.07465,0.1229,0.0049549,-0.067622,0.10909
8,0.86545,0.86815,0.84551,0.89376,0.89179,0.87071,0.87432,0.89956,1,0.75867,0.81918,0.83006,0.81351,0.84872,0.85115,0.86605,0.77079,0.82396,0.84241,0.82315,0.76461,0.77119,0.82625,0.79151,0.78172,0.72226,0.84887,0.80553,0.79666,0.73699,0.82113,0.77468,0.82248,0.74816,0.8792,0.83154,0.80298,0.78502,0.61232,0.69908,0.76869,0.73061,0.703,0.74566,0.71427,0.72455,0.58142,0.69905,0.51784,0.6288,0.54433,0.53743,0.67687,0.67538,0.58126,0.48837,0.41531,0.41637,0.29646,0.42099,0.48079,0.45646,0.44749,0.55305,0.42842,0.26692,0.30585,0.24496,0.25094,0.32231,0.16367,0.24027,0.36019,0.027526,0.35243,0.33855,0.42599,0.25788,0.2495,-0.032927,0.28033,0.34378,0.26967,0.07839,0.083442,0.21185,0.35165,-0.20155,0.3746,0.067185,0.11707,-0.16025,0.12881,0.18429,0.086587,0.36555,0.077219,0.28574,-0.082733,0.068666,0.1481,-0.098842,0.094162,-0.013889,0.18409,0.2169,-0.010129,0.1963,-0.046223,-0.0070692,-0.010548,-0.086677,0.36565,0.1105,0.089817,0.13926,0.085241,0.072698,-0.10591,0.20614,0.41319,0.02405,0.051193,0.1548,0.054571,-0.036361,0.039166,0.24427,0.20152,0.010514,-0.25136,-0.12784,-0.061592,0.34179,-0.19406,0.013807,-0.32465,0.048834,0.050019,0.14069,-0.31601,0.21534,0.22181,0.011052,-0.072042,-0.25861,0.13593,-0.0037128,0.12293,0.028069,0.0031095,0.21053,-0.13879,0.0019662,0.099405,0.13597,0.13084,0.18869,0.0597,0.0081176,0.14624,0.055145,0.062787,-0.0062617,0.029586,0.082911
9,0.80085,0.77069,0.70655,0.83501,0.77016,0.75537,0.82922,0.86194,0.75867,1,0.72631,0.72538,0.75237,0.83682,0.80222,0.77905,0.84709,0.78195,0.79153,0.80818,0.68078,0.81315,0.82737,0.72881,0.80298,0.81817,0.81647,0.71687,0.7761,0.73041,0.79342,0.77199,0.69854,0.69013,0.74382,0.71164,0.72788,0.79698,0.61291,0.69738,0.64298,0.60377,0.73112,0.69698,0.67066,0.63221,0.6919,0.60299,0.46936,0.53765,0.45271,0.5891,0.53176,0.44091,0.41802,0.48035,0.40359,0.41577,0.3176,0.54705,0.43197,0.32188,0.50928,0.48268,0.40062,0.26046,0.30012,0.30327,0.25777,0.18857,0.12889,0.17035,0.44811,-0.12973,0.3433,0.30011,0.38595,0.22161,0.18879,-0.1269,0.17268,0.41505,0.38069,0.35943,-0.013865,0.35403,0.35703,0.082084,0.36361,-0.00096782,-0.003524,-0.13631,0.22327,0.20881,0.1417,0.21034,0.019122,0.1757,-0.072415,0.13743,0.21392,0.0040511,-0.034922,0.055191,0.00016398,0.10054,-0.0021862,0.19181,-0.041159,-0.0064732,-0.036598,-0.077559,0.34764,-0.017221,0.15313,0.22971,-0.010673,-0.057331,-0.056247,0.025036,0.39268,0.069227,0.13065,-0.0021356,0.080548,-0.03602,0.17099,0.30715,0.2614,0.19367,-0.1187,-0.24332,0.094655,0.35686,-0.28868,-0.011397,-0.37566,0.036655,-0.043109,0.11572,-0.26485,0.079239,0.065793,0.012872,0.11578,-0.12671,0.12913,-0.050073,0.15478,-0.034765,0.13244,0.082918,-0.19869,0.0060104,0.13707,0.050737,0.10402,0.22493,0.036492,0.010608,0.10918,0.08524,0.1314,-0.13381,-0.018685,0.15181
10,0.81251,0.85998,0.80664,0.89234,0.78012,0.88338,0.88379,0.86207,0.81918,0.72631,1,0.73721,0.82309,0.82362,0.77933,0.86353,0.81274,0.74676,0.78591,0.75937,0.78887,0.72031,0.7385,0.8143,0.73082,0.77312,0.85214,0.80394,0.79557,0.79643,0.83821,0.7985,0.76263,0.73292,0.85015,0.87414,0.75054,0.783,0.7161,0.68422,0.67892,0.70871,0.69954,0.72198,0.70418,0.64509,0.67587,0.58415,0.49635,0.65728,0.64467,0.5025,0.6829,0.44728,0.41903,0.51315,0.52436,0.38485,0.43522,0.43851,0.46333,0.2944,0.47206,0.48893,0.29923,0.2879,0.32679,0.22245,0.40774,0.38854,0.18997,0.33213,0.34991,-0.016006,0.41135,0.31182,0.29557,0.19966,0.29934,-0.010248,0.25904,0.38847,0.24402,0.01547,0.13565,0.21994,0.30539,-0.015311,0.35202,0.062002,0.10405,-0.13334,-0.045525,0.17058,0.14677,0.24287,0.10575,0.13593,-0.10962,-0.050679,0.23487,-0.23702,0.28125,0.094391,0.1193,0.081176,0.054028,0.098589,-0.093171,-0.053927,0.01443,-0.11714,0.36023,-0.080509,0.11073,0.10797,-0.038758,-0.052153,-0.20723,0.31396,0.30926,0.023308,0.092377,0.14483,0.084225,-0.031309,-0.14623,0.095671,0.2114,0.036795,-0.15473,-0.081836,0.085114,0.25926,-0.11501,0.049517,-0.21153,0.045138,-0.084666,0.23994,-0.25195,0.24411,0.12798,-0.064348,-0.13084,-0.19946,0.34524,-0.0018923,0.28222,-0.051978,-0.005038,0.099173,-0.23624,-0.1894,0.24217,0.15862,0.064025,0.22936,0.064612,0.12233,-0.033776,0.030019,0.066135,-0.088435,0.10407,0.14818
11,0.854,0.74014,0.77122,0.79105,0.81508,0.82248,0.76453,0.81757,0.83006,0.72538,0.73721,1,0.77985,0.85663,0.84392,0.77751,0.76288,0.74449,0.75791,0.79557,0.65293,0.72572,0.73475,0.69352,0.71288,0.70882,0.83208,0.74123,0.73253,0.76244,0.77763,0.74346,0.75908,0.71789,0.80244,0.78999,0.76973,0.71245,0.65832,0.60993,0.78396,0.73739,0.65862,0.74856,0.70807,0.72885,0.56258,0.67864,0.53166,0.63442,0.54869,0.48311,0.64025,0.53323,0.49618,0.57176,0.36565,0.36257,0.24846,0.38335,0.34253,0.4716,0.48522,0.53405,0.37599,0.13205,0.2433,0.18819,0.25506,0.34382,0.23787,0.21995,0.42551,-0.010437,0.2845,0.33083,0.34269,0.25651,0.20671,-0.041637,0.22971,0.35234,0.3913,0.085854,0.18766,0.18037,0.25371,-0.13146,0.3503,-0.004049,0.21895,-0.23041,0.30322,0.11631,0.019304,0.21915,0.1501,0.28664,-0.15127,0.13985,0.0088862,-0.10492,0.16299,0.095427,0.050791,0.23155,0.13037,0.018432,-0.16206,-0.041986,0.045977,-0.054057,0.40535,0.12436,0.12452,0.11748,0.0070857,0.14451,-0.16204,0.3075,0.35815,0.043385,0.23413,0.031303,0.06729,-0.13534,0.1042,0.2329,0.29798,0.15387,-0.285,-0.11641,-0.069434,0.26741,-0.24589,0.22587,-0.17776,-0.14909,-0.10435,0.23997,-0.2854,0.24271,0.24329,-0.047836,0.0022545,-0.2018,0.12429,-0.011748,0.15437,-0.0043412,0.22819,0.14041,-0.054821,-0.051682,0.14859,0.17407,0.18095,0.20148,-0.046575,-0.014262,0.20901,-0.017538,-0.025903,0.039244,0.032241,0.10079
12,0.84405,0.83943,0.79482,0.83221,0.81837,0.85106,0.88192,0.84505,0.81351,0.75237,0.82309,0.77985,1,0.79738,0.82553,0.82709,0.78324,0.76967,0.79606,0.77277,0.78589,0.75163,0.73477,0.72437,0.8013,0.7228,0.86136,0.76748,0.77993,0.76205,0.80535,0.8148,0.75089,0.79219,0.80945,0.8527,0.75174,0.74363,0.77375,0.73525,0.69731,0.74132,0.67486,0.83332,0.63776,0.71952,0.59108,0.64926,0.41596,0.68404,0.5907,0.62594,0.74021,0.47377,0.47027,0.57402,0.50509,0.35195,0.19085,0.51246,0.5188,0.38773,0.47797,0.56456,0.28071,0.29539,0.27085,0.2218,0.30274,0.33019,0.20821,0.22785,0.34484,0.030143,0.40592,0.38455,0.33431,0.13507,0.20657,0.00090902,0.29782,0.30641,0.25834,0.12534,0.18292,0.22291,0.38985,-0.13147,0.36384,-0.058376,0.074593,-0.11975,-0.06323,0.1583,0.16197,0.16636,0.11206,0.22288,-0.011796,0.16325,0.085415,-0.15458,0.19961,0.032649,0.040121,0.17629,0.010682,0.25714,-0.0074408,-0.059626,0.10234,-0.077857,0.32449,-0.054518,-0.0025571,0.23028,0.041652,-0.0058447,-0.33315,0.25745,0.30498,-0.086623,0.0089554,0.13944,0.11082,-0.10702,0.0080881,0.21809,0.36744,-0.0011011,-0.15284,-0.15404,-0.03016,0.29469,-0.10364,0.089449,-0.20411,0.085962,-0.031553,0.067199,-0.18455,0.18498,0.22965,-0.0091355,-0.054237,-0.19388,0.17394,0.021591,0.05468,-0.10297,0.12179,0.19678,-0.10962,-0.11657,0.2508,0.10209,0.13755,0.31209,-0.058035,0.16052,-0.05205,-0.044805,0.12252,-0.31441,0.077429,0.007978
13,0.83847,0.82216,0.76659,0.8531,0.80984,0.85963,0.87987,0.88097,0.84872,0.83682,0.82362,0.85663,0.79738,1,0.85124,0.82396,0.80913,0.74826,0.77715,0.84323,0.80233,0.81914,0.79007,0.77197,0.77158,0.8048,0.88939,0.84063,0.75692,0.79225,0.79541,0.78441,0.7519,0.7796,0.84372,0.80843,0.7708,0.85285,0.70907,0.6593,0.72188,0.75938,0.70936,0.75992,0.72958,0.70068,0.59044,0.67265,0.57767,0.63114,0.54789,0.54648,0.58184,0.54906,0.41297,0.60107,0.42503,0.40145,0.34778,0.43214,0.44492,0.39122,0.46421,0.4879,0.41278,0.26902,0.31626,0.2306,0.39269,0.36123,0.17662,0.19516,0.36704,0.021277,0.31949,0.29293,0.41815,0.26363,0.21798,-0.039827,0.29452,0.45183,0.38525,0.15525,0.1134,0.19526,0.37098,-0.047749,0.30306,-0.045513,0.011157,-0.1533,0.22245,0.18341,0.14726,0.1933,0.21139,0.14408,-0.1615,0.040232,0.28187,-0.089413,0.087319,0.056378,0.00081569,0.29702,0.027244,0.098371,-0.032312,0.11375,-0.093954,-0.066095,0.39593,0.059535,0.13347,0.16376,-0.010774,0.11407,-0.19621,0.24685,0.3083,0.0048172,0.22364,0.050873,0.14488,-0.0036804,0.011197,0.16942,0.29699,0.098586,-0.30824,-0.18228,0.063266,0.31323,-0.26393,0.11992,-0.15229,-0.11257,-0.11142,0.13973,-0.23217,0.18197,0.14654,-0.021886,0.016951,-0.25505,0.11702,0.01403,0.1513,0.01564,0.015799,0.15772,-0.11834,-0.081163,0.16485,0.1237,0.0069401,0.20363,0.036488,0.10019,0.070439,-0.062086,-0.085406,-0.075985,0.10533,0.11449
14,0.85252,0.79213,0.78126,0.84623,0.81619,0.87558,0.85528,0.84526,0.85115,0.80222,0.77933,0.84392,0.82553,0.85124,1,0.86823,0.77883,0.74158,0.80562,0.81564,0.7608,0.75761,0.8004,0.77307,0.72524,0.76269,0.86214,0.77864,0.80081,0.72103,0.80727,0.78386,0.78144,0.74022,0.81303,0.84498,0.77566,0.79719,0.68187,0.63892,0.72137,0.7351,0.67496,0.73947,0.66606,0.69066,0.56155,0.70089,0.46178,0.64546,0.58788,0.41369,0.65272,0.54273,0.50939,0.61377,0.44522,0.29523,0.2188,0.42021,0.3542,0.38833,0.50409,0.59065,0.3806,0.19253,0.40314,0.12656,0.29347,0.34672,0.098891,0.15304,0.35523,0.0096027,0.28932,0.33244,0.32573,0.22666,0.284,-0.079899,0.19233,0.30212,0.30603,0.062137,0.16286,0.29481,0.226,-0.010045,0.29983,-0.06217,0.012925,-0.11559,0.098317,0.17212,0.04577,0.24654,0.085762,0.21743,-0.0069508,0.00411,0.076407,-0.10725,0.11785,0.083253,0.062906,0.15847,-0.0047479,0.077444,-0.041459,-0.079066,0.089385,-0.0060939,0.42351,0.044739,-0.0066797,0.21534,0.074843,0.15255,-0.21853,0.26907,0.37732,-0.13164,0.11582,0.016074,0.060777,-0.18956,0.059335,0.29501,0.28457,0.02948,-0.24785,-0.088623,-0.06536,0.25621,-0.15292,0.0098351,-0.26839,0.061223,-0.084629,0.055012,-0.13024,0.14133,0.23001,-0.047946,-0.0034973,-0.040581,0.14424,-0.054421,0.12632,-0.059258,0.18399,0.22452,-0.085319,0.0017277,0.1553,0.080647,0.20448,0.1863,-0.025823,0.057381,0.10366,-0.084313,0.051264,-0.054405,0.10912,0.079571
15,0.85769,0.80314,0.7956,0.87407,0.8344,0.86392,0.85907,0.84777,0.86605,0.77905,0.86353,0.77751,0.82709,0.82396,0.86823,1,0.77496,0.76102,0.79821,0.81727,0.72393,0.71103,0.76642,0.75642,0.72169,0.72758,0.84952,0.79492,0.78432,0.69673,0.88169,0.76054,0.80181,0.66769,0.82628,0.82607,0.80049,0.80674,0.71507,0.6137,0.73662,0.66575,0.61554,0.72252,0.69941,0.64835,0.65446,0.60971,0.37202,0.58684,0.51475,0.52265,0.64035,0.5566,0.48789,0.6326,0.39673,0.36923,0.27782,0.46586,0.42581,0.32438,0.59002,0.58983,0.3748,0.27415,0.36396,0.27324,0.29,0.39653,0.23629,0.19796,0.37959,0.028809,0.37084,0.32987,0.29312,0.23694,0.17266,-0.1853,0.28881,0.26659,0.28879,0.0746,0.14629,0.24265,0.34902,-0.047608,0.34897,-0.018498,0.028421,-0.16853,0.0038778,0.13672,0.057165,0.29114,0.060569,0.13631,-0.026822,0.041668,0.07932,-0.079017,0.17009,0.13035,0.12999,0.11805,-0.13254,0.1828,-0.019546,0.025397,0.10105,-0.014195,0.37166,-0.00067621,0.087571,0.15642,0.042822,-0.01184,-0.14874,0.27245,0.32518,-0.053307,0.1924,0.08888,0.14926,-0.13353,-0.075942,0.3272,0.26669,0.057351,-0.1249,-0.055959,0.066948,0.31236,-0.20456,0.087362,-0.26628,0.068505,-0.10786,0.21641,-0.30004,0.14726,0.18863,0.071299,-0.090545,-0.16515,0.16161,-0.027777,0.15587,-0.070378,0.014067,0.21049,-0.18934,-0.083256,0.11104,0.16343,0.19621,0.41287,-0.032507,0.090981,0.028583,-0.023898,0.20737,-0.046811,0.034589,0.040163
16,0.81807,0.83751,0.76375,0.88685,0.79099,0.80533,0.83691,0.8378,0.77079,0.84709,0.81274,0.76288,0.78324,0.80913,0.77883,0.77496,1,0.81222,0.76852,0.84325,0.72555,0.75308,0.7562,0.81049,0.81427,0.81378,0.80942,0.74116,0.79637,0.81733,0.84051,0.77478,0.7626,0.78096,0.78518,0.80653,0.72808,0.7177,0.64266,0.74676,0.70458,0.67435,0.70017,0.71398,0.76686,0.64648,0.63703,0.75983,0.58093,0.60257,0.536,0.4963,0.58312,0.321,0.4658,0.48944,0.32915,0.50582,0.45476,0.49254,0.4013,0.3074,0.51426,0.51252,0.35323,0.31075,0.42345,0.2712,0.41671,0.29966,0.14226,0.34708,0.36219,0.055222,0.24908,0.32311,0.48065,0.13665,0.3381,-0.070994,0.18456,0.34614,0.35571,0.1225,0.059089,0.27085,0.38239,-0.023731,0.33848,-0.10886,0.11284,-0.19508,0.23132,0.093975,0.08032,0.30729,0.059991,0.14896,-0.13287,0.028225,0.18866,-0.17151,0.050519,0.045913,0.029096,0.06419,-0.072336,0.19142,-0.085608,-0.056969,-0.011997,-0.093475,0.24823,-0.17972,0.057438,0.28573,-0.02376,-0.026284,-0.061839,0.20933,0.39372,-0.047952,0.16965,0.010015,0.081502,-0.029764,0.18673,0.20692,0.26278,0.14749,-0.16321,-0.26299,0.11496,0.20295,-0.26386,0.10529,-0.21177,0.030644,-0.0065088,0.23446,-0.33285,0.14992,-0.00027735,-0.016459,-0.046364,-0.17389,0.24076,0.0021241,0.23663,0.031395,0.0073615,0.098417,-0.10361,-0.13797,0.25483,0.15171,0.20805,0.24476,0.080027,0.082363,0.10378,0.091108,0.076186,-0.053542,-0.032932,0.076112
17,0.81515,0.82238,0.83597,0.81594,0.85803,0.74513,0.77834,0.82628,0.82396,0.78195,0.74676,0.74449,0.76967,0.74826,0.74158,0.76102,0.81222,1,0.803,0.81219,0.69227,0.7443,0.79947,0.77975,0.79511,0.69907,0.77747,0.79537,0.76631,0.75663,0.80417,0.81558,0.77671,0.72186,0.73688,0.77105,0.70118,0.66503,0.67579,0.72412,0.70542,0.67326,0.69991,0.71307,0.579,0.73509,0.58808,0.6757,0.44507,0.59376,0.4374,0.60063,0.57887,0.46699,0.65473,0.36228,0.38623,0.41196,0.28625,0.49656,0.38864,0.51118,0.41494,0.5576,0.3426,0.29733,0.3366,0.26286,0.20736,0.12052,0.088822,0.24122,0.32201,-0.10624,0.34367,0.17967,0.53791,0.17486,0.18387,0.030785,0.18732,0.30963,0.33816,0.17297,0.051026,0.27801,0.3256,-0.14683,0.27584,-0.084962,0.14332,0.012063,0.084238,0.2609,0.054261,0.29786,0.10027,0.34713,-0.13602,-0.086322,0.20941,0.019186,0.038586,0.048235,0.048193,0.18834,0.095728,0.26454,0.063916,-0.17315,-0.041035,-0.08584,0.30925,-0.012528,0.14291,0.19432,-0.022464,-0.12212,0.038235,0.078164,0.3802,0.17498,0.16338,-0.071961,0.072824,0.039864,0.14192,0.26188,0.19375,0.12289,-0.073246,-0.03216,-0.065028,0.36231,-0.24109,0.084838,-0.31745,0.22287,0.026628,0.18804,-0.28584,0.21365,0.14918,-0.0024597,-0.11863,-0.12679,0.19977,-0.15978,0.028883,0.01264,-0.023927,0.16628,-0.10782,0.083899,0.17693,0.0015934,0.18617,0.25186,-0.026149,0.11085,0.24517,0.12803,-0.004889,-0.037222,0.0057282,0.24694
18,0.76252,0.80944,0.81369,0.83262,0.79802,0.75609,0.82451,0.86121,0.84241,0.79153,0.78591,0.75791,0.79606,0.77715,0.80562,0.79821,0.76852,0.803,1,0.70814,0.74338,0.73373,0.77581,0.72649,0.82974,0.71821,0.7797,0.79241,0.83492,0.72046,0.77359,0.78287,0.71172,0.7264,0.7968,0.79865,0.70048,0.82347,0.67617,0.6312,0.59379,0.6848,0.67055,0.69299,0.52515,0.62218,0.58617,0.60049,0.47525,0.61874,0.4318,0.55104,0.69146,0.5087,0.40591,0.50424,0.46599,0.28199,0.27921,0.44599,0.40957,0.36692,0.55823,0.48903,0.50053,0.17811,0.29538,0.25912,0.19733,0.20925,0.19963,0.29621,0.35091,-0.10035,0.2989,0.30477,0.30277,0.22677,0.23024,0.098327,0.25584,0.32782,0.38333,0.10354,0.16682,0.26569,0.17174,-0.033502,0.29048,0.049861,-0.0084479,-0.14384,0.18818,0.17514,0.058385,0.25932,0.059844,0.22378,-0.07137,-0.030414,0.10753,-0.0653,0.10044,-0.0135,0.040006,0.19533,-0.053588,0.15161,-0.015388,-0.046899,0.016009,-0.070299,0.40108,-0.08393,0.10051,0.16966,-0.039398,0.020488,0.0059356,0.27023,0.39989,0.050049,0.056572,0.092493,0.041134,-0.0559,-0.062103,0.092738,0.15601,0.14395,-0.29165,0.046714,-0.067721,0.34539,-0.2271,-0.052908,-0.27449,0.068252,-0.018255,0.18384,-0.2483,0.19692,0.09712,-0.072442,-0.1073,-0.093347,0.12305,-0.12613,0.053919,0.080114,-0.0020443,0.15626,-0.18278,-0.035436,0.21626,0.1506,0.22092,0.14281,-0.071526,0.049936,0.084109,0.043955,0.030794,0.01996,-0.042005,0.1114
19,0.85449,0.75832,0.72511,0.83382,0.82232,0.83896,0.82236,0.80537,0.82315,0.80818,0.75937,0.79557,0.77277,0.84323,0.81564,0.81727,0.84325,0.81219,0.70814,1,0.72296,0.75973,0.75663,0.74202,0.70189,0.79982,0.82112,0.77359,0.71893,0.80665,0.77055,0.74586,0.80482,0.76055,0.76584,0.77253,0.75663,0.73736,0.60857,0.64869,0.79843,0.66323,0.71779,0.7344,0.74059,0.72265,0.60449,0.70561,0.5017,0.58507,0.44799,0.45355,0.55788,0.50868,0.4713,0.5688,0.317,0.37196,0.34859,0.39086,0.37088,0.369,0.49297,0.59777,0.33773,0.31411,0.31561,0.17819,0.2948,0.28336,0.21324,0.21314,0.31606,-0.019275,0.32744,0.23212,0.4616,0.056211,0.28824,-0.030712,0.2945,0.30942,0.35234,0.21644,0.080301,0.2865,0.41053,-0.16846,0.38535,-0.073639,-0.0019698,-0.22609,0.10505,0.17705,0.06159,0.30702,0.13233,0.25747,-0.0026292,0.10088,0.30677,-0.080815,0.13715,-0.0011119,0.026112,0.20507,-0.015312,0.10803,-0.0688,-0.062835,0.081925,-0.00255,0.23506,0.03807,0.012671,0.21779,0.11084,0.051859,-0.087287,0.13232,0.32264,-0.057255,0.13785,0.067657,0.16113,0.010881,0.14145,0.28291,0.30214,0.066443,-0.14088,-0.11527,-0.024301,0.32854,-0.21987,0.15394,-0.26431,0.067843,0.027626,0.10522,-0.2422,0.11775,0.054501,0.18165,-0.021023,-0.16432,0.19157,0.015521,0.14364,-0.088969,0.027384,0.14847,-0.062679,-0.053569,0.057077,0.084378,0.063459,0.29998,0.035239,0.084294,0.18021,0.052648,-0.014043,-0.18117,0.11918,0.11705
20,0.73768,0.77836,0.73704,0.79353,0.73653,0.79282,0.83578,0.76129,0.76461,0.68078,0.78887,0.65293,0.78589,0.80233,0.7608,0.72393,0.72555,0.69227,0.74338,0.72296,1,0.74408,0.72679,0.73261,0.69369,0.73353,0.81268,0.75567,0.67566,0.76075,0.69587,0.82979,0.70179,0.82028,0.81098,0.76053,0.74326,0.76059,0.71129,0.63015,0.61683,0.68652,0.65724,0.71911,0.58579,0.56227,0.56195,0.61643,0.42218,0.6683,0.55503,0.49241,0.572,0.35287,0.38681,0.58591,0.57709,0.27992,0.37815,0.28989,0.53639,0.22847,0.38738,0.43599,0.28423,0.26277,0.32684,0.059999,0.38557,0.26297,0.15269,0.2761,0.22966,0.12518,0.31619,0.27161,0.28653,0.32701,0.46044,0.13884,0.36249,0.20939,0.29016,0.17483,0.1289,0.10119,0.28761,0.0037139,0.38612,0.015941,-0.087999,-0.073122,0.022223,0.33081,0.29553,0.15616,0.1137,-0.062786,-0.056254,-0.06581,0.36775,-0.15559,0.14849,0.023355,-0.068186,0.32117,0.065575,0.20489,-0.087019,0.02912,-0.050621,-0.031466,0.54775,0.064856,-0.012234,0.37544,-0.013888,-0.079168,-0.15042,0.24889,0.26116,-0.067797,0.14837,0.14022,0.022999,0.027859,-0.035372,0.02809,0.26422,0.0073498,-0.25197,-0.040904,-0.15891,0.33775,0.058656,0.10142,-0.15369,-0.018474,0.012894,0.081814,0.018585,0.24655,0.099738,-0.091127,0.027068,-0.17083,0.19012,-0.044746,0.16829,-0.14083,-0.13739,0.26492,-0.24314,-0.24378,0.24663,0.059943,0.019597,0.12105,-0.014309,0.066397,-0.037153,-0.094467,-0.033576,-0.071429,0.22335,0.078825
21,0.79019,0.75997,0.70117,0.84242,0.75948,0.74023,0.80545,0.80366,0.77119,0.81315,0.72031,0.72572,0.75163,0.81914,0.75761,0.71103,0.75308,0.7443,0.73373,0.75973,0.74408,1,0.8322,0.66733,0.7602,0.83454,0.76492,0.77341,0.70626,0.77825,0.74083,0.79704,0.65795,0.76233,0.76301,0.70432,0.66007,0.81027,0.6308,0.58223,0.59096,0.66195,0.65282,0.66539,0.63142,0.67836,0.70598,0.58811,0.56908,0.52269,0.42483,0.5593,0.52935,0.5458,0.47091,0.42834,0.39911,0.31363,0.25266,0.29955,0.45574,0.37637,0.34304,0.39048,0.36414,0.24065,0.32568,0.10505,0.28749,0.055127,0.13585,0.17793,0.41592,-0.099046,0.29726,0.20273,0.44056,0.27743,0.13543,0.051102,0.30922,0.47576,0.25357,0.29662,0.13961,0.29557,0.32038,0.05291,0.44789,0.031931,0.10513,0.09206,0.097248,0.2522,0.13694,0.11919,0.12174,0.19265,-0.042587,0.1275,0.31018,-0.23244,0.046995,0.02117,0.035129,0.21475,-0.052271,0.1169,-0.040055,0.033347,0.013504,-0.095855,0.31562,0.090963,0.086996,0.17268,0.10137,-0.12493,0.056983,0.19386,0.33165,-0.062186,0.15537,0.0058527,-0.045114,0.089874,-0.0032389,0.26359,0.22489,-0.020996,-0.22596,-0.21607,-0.037833,0.40729,-0.13065,-0.042969,-0.1212,-0.048258,-0.042432,0.062263,-0.33269,0.12509,0.21278,-0.12208,0.20252,-0.087219,0.1444,0.046402,0.094488,-0.072317,0.089395,0.14591,-0.0046315,0.027211,0.20865,-0.03645,0.087204,0.25871,0.014772,0.025593,0.059556,-0.097084,-0.043988,-0.057304,0.14012,0.23038
22,0.81662,0.76561,0.76855,0.81945,0.78618,0.75246,0.8331,0.8246,0.82625,0.82737,0.7385,0.73475,0.73477,0.79007,0.8004,0.76642,0.7562,0.79947,0.77581,0.75663,0.72679,0.8322,1,0.67172,0.71744,0.76243,0.80426,0.80244,0.78343,0.71943,0.71642,0.78526,0.77612,0.76008,0.79983,0.75802,0.78778,0.75005,0.62464,0.66768,0.65197,0.68286,0.7002,0.6381,0.61519,0.60879,0.69382,0.58499,0.47039,0.50783,0.52174,0.55841,0.55477,0.45841,0.49114,0.46729,0.38213,0.34716,0.2693,0.3777,0.39348,0.44647,0.32672,0.47253,0.35397,0.22192,0.33122,0.15821,0.21965,0.17834,0.066196,0.20643,0.42509,-0.033559,0.20122,0.15758,0.37162,0.24077,0.18736,0.02477,0.14768,0.3373,0.30807,0.17653,0.15008,0.35942,0.28801,-0.074614,0.26576,0.049192,0.059471,-0.094718,0.12241,0.25239,0.14292,0.2658,-0.014903,0.34094,-0.0085119,0.061859,0.1844,-0.11599,0.017697,0.10073,0.20963,0.14345,0.00053895,0.21061,-0.073043,0.019252,-0.08865,0.010383,0.46041,0.16763,0.21395,0.15736,-0.044953,-0.081385,0.044876,0.13308,0.32991,0.13354,0.16307,0.053451,0.03302,0.0072583,0.095943,0.25326,0.2968,0.11392,-0.13453,-0.15645,0.0036862,0.31575,-0.22684,-0.11588,-0.30155,0.02556,-0.025086,0.11528,-0.15657,0.17334,0.21698,-0.071524,0.030188,-0.11717,0.1897,-0.035797,0.14771,-0.063769,0.063609,0.20352,-0.17069,0.040594,0.18085,-0.021994,0.11067,0.24542,0.063495,0.055181,0.08354,0.02514,0.01798,0.0059645,0.045458,0.17474
23,0.77546,0.85435,0.76345,0.7829,0.79046,0.81129,0.82922,0.84346,0.79151,0.72881,0.8143,0.69352,0.72437,0.77197,0.77307,0.75642,0.81049,0.77975,0.72649,0.74202,0.73261,0.66733,0.67172,1,0.77864,0.69511,0.79304,0.67573,0.74501,0.6853,0.83538,0.71869,0.72132,0.66062,0.7493,0.78638,0.72395,0.67778,0.54368,0.67708,0.68224,0.6958,0.56908,0.64596,0.61125,0.68926,0.49633,0.65045,0.58829,0.63626,0.57887,0.478,0.61828,0.40694,0.52022,0.35135,0.44772,0.37278,0.42518,0.38459,0.47153,0.34171,0.36964,0.50304,0.39586,0.21933,0.40105,0.32391,0.37254,0.2969,0.053919,0.29394,0.30639,-0.043228,0.33445,0.33982,0.51539,0.31737,0.39441,-0.055862,0.21859,0.36001,0.44259,-0.018557,0.016151,0.15637,0.30224,-0.0067101,0.34288,0.065664,-0.0043705,-0.035563,0.11051,0.12084,-0.030584,0.28109,0.08682,0.061656,-0.12134,-0.15445,0.14111,-0.090162,0.057592,-0.000341,0.047628,0.10985,0.0088159,0.14586,0.068157,0.036775,-0.066249,-0.13557,0.35637,-0.15849,0.12816,0.19857,-0.028379,0.069542,-0.2184,0.18155,0.47652,0.030807,0.16276,0.071143,0.022487,-0.098435,0.060037,0.14591,0.17048,0.12199,-0.19151,-0.082056,0.046356,0.34425,-0.1522,0.025643,-0.38403,0.16549,-0.037,0.17626,-0.20714,0.19749,0.16111,-0.068454,-0.18616,-0.071137,0.31727,-0.029236,0.092085,0.019085,0.00082644,0.108,-0.19692,-0.15971,0.19693,0.099823,0.18822,0.14142,0.042727,0.062914,0.081148,0.016184,0.060429,-0.043669,-0.0047234,0.13531
24,0.79739,0.83103,0.77937,0.82255,0.79477,0.74916,0.81704,0.8297,0.78172,0.80298,0.73082,0.71288,0.8013,0.77158,0.72524,0.72169,0.81427,0.79511,0.82974,0.70189,0.69369,0.7602,0.71744,0.77864,1,0.67995,0.78917,0.67157,0.79192,0.69933,0.80593,0.80899,0.67253,0.74245,0.77935,0.69414,0.71207,0.80477,0.62142,0.71897,0.5619,0.62619,0.6727,0.71516,0.55788,0.64245,0.50645,0.61184,0.54513,0.57313,0.52155,0.60612,0.57207,0.37677,0.39437,0.37445,0.40529,0.47629,0.33331,0.53197,0.43023,0.29035,0.37563,0.53144,0.49536,0.32654,0.24025,0.23926,0.36067,0.12465,0.12122,0.33939,0.37429,-0.051711,0.30979,0.31264,0.41164,0.36801,0.26597,-0.025876,0.20587,0.49448,0.39122,0.21571,0.14581,0.22359,0.26756,-0.084282,0.34644,0.080819,0.1056,-0.036889,0.17751,0.22085,0.097884,0.24649,0.19506,0.19877,-0.12561,0.13648,0.055439,-0.053023,-0.12484,0.0063163,-0.08547,0.20795,-0.021438,0.26866,0.034614,0.0061786,0.04247,-0.1447,0.28086,-0.048127,0.10998,0.19711,-0.015703,0.00078763,-0.05742,0.14214,0.47023,0.10003,0.11445,0.048954,-0.084166,-0.042114,0.10414,0.17436,0.25684,0.0047376,-0.20478,-0.094393,0.030084,0.32546,-0.1353,0.047352,-0.1903,0.048625,0.047951,0.18431,-0.35591,0.20431,0.085825,-0.12248,0.0043323,-0.15766,0.0082674,0.087649,0.011352,0.16393,0.047668,0.065933,-0.055274,-0.0012786,0.35636,0.040375,0.28522,0.16813,0.0057336,0.034305,0.036782,0.092028,-0.029963,-0.15497,0.01327,0.16323
25,0.80459,0.7114,0.69421,0.82726,0.68781,0.79576,0.79209,0.77556,0.72226,0.81817,0.77312,0.70882,0.7228,0.8048,0.76269,0.72758,0.81378,0.69907,0.71821,0.79982,0.73353,0.83454,0.76243,0.69511,0.67995,1,0.7885,0.79747,0.72514,0.75844,0.71636,0.74814,0.74048,0.73092,0.77214,0.72916,0.6435,0.72601,0.59896,0.60574,0.64001,0.60197,0.61019,0.66578,0.68051,0.58397,0.66169,0.7031,0.50315,0.46184,0.57309,0.55486,0.55484,0.47202,0.32957,0.44487,0.33603,0.28032,0.35088,0.40055,0.38548,0.30279,0.35363,0.51482,0.26114,0.21926,0.37809,0.23483,0.27308,0.20558,0.19686,0.19516,0.28738,-0.076114,0.35856,0.26653,0.33878,0.078165,0.21114,-0.051449,0.31368,0.373,0.31823,0.15964,0.075459,0.25432,0.37905,-0.032152,0.42344,-0.012791,-0.071984,-0.15035,0.19788,0.13753,0.17172,0.22261,0.1601,0.16435,0.0081457,-0.0071268,0.36504,-0.19727,0.1129,-0.011232,0.10297,0.052977,0.10688,0.053809,-0.1022,-0.028154,-0.058409,-0.02639,0.31771,-0.025738,0.11622,0.2341,0.031299,-0.018087,-0.0049213,0.2662,0.35231,-0.13875,0.23485,0.11101,0.032537,0.016902,0.085944,0.16159,0.13567,0.13376,-0.14832,-0.18761,0.08684,0.4706,-0.29035,-0.13715,-0.24909,-0.092932,-0.076391,0.26905,-0.21453,0.28111,0.0058125,-0.10723,0.17057,-0.052529,0.32878,-0.017328,0.18519,-0.05987,-0.025165,0.086903,-0.11866,-0.15746,0.19486,0.031843,0.10528,0.11929,0.0083053,0.19719,0.029217,-0.070457,0.055197,-0.086238,0.13275,0.18305
26,0.85629,0.84987,0.82618,0.86001,0.80873,0.88603,0.90471,0.87082,0.84887,0.81647,0.85214,0.83208,0.86136,0.88939,0.86214,0.84952,0.80942,0.77747,0.7797,0.82112,0.81268,0.76492,0.80426,0.79304,0.78917,0.7885,1,0.81708,0.76653,0.73258,0.80077,0.83854,0.77688,0.75331,0.8163,0.84989,0.84552,0.77632,0.73948,0.66705,0.75233,0.78323,0.68217,0.74102,0.68251,0.661,0.61258,0.6792,0.5004,0.62554,0.5798,0.52282,0.59953,0.46064,0.45906,0.52589,0.55576,0.34981,0.38579,0.51761,0.44468,0.37407,0.39782,0.57683,0.41339,0.26414,0.30733,0.23647,0.31594,0.24807,0.053332,0.33279,0.37016,0.049403,0.36274,0.40118,0.43868,0.31053,0.28462,-0.10706,0.17709,0.37895,0.32697,0.083102,0.095218,0.14841,0.30106,-0.048616,0.35738,-0.044139,-0.0068086,-0.1852,0.062892,0.14943,0.11656,0.2342,0.13008,0.19867,-0.16705,0.11093,0.14926,-0.030604,0.10573,0.10967,0.13767,0.17057,0.067259,0.1829,-0.10799,-0.055448,-0.023492,-0.092611,0.41658,0.06463,0.18395,0.22368,-0.045027,0.015974,-0.17875,0.20332,0.40327,0.066222,0.21223,0.059708,0.030047,-0.13901,-0.0023976,0.1861,0.28815,0.11241,-0.15634,-0.14159,-0.095374,0.2893,-0.2427,0.15533,-0.2018,-0.14319,-0.12632,0.193,-0.1529,0.22551,0.20102,0.002541,0.018643,-0.17884,0.11171,-0.071219,0.18505,0.021897,0.044607,0.17837,-0.17066,-0.080579,0.26222,0.13509,0.068302,0.24871,0.1465,0.025742,-0.012066,-0.0045197,0.017792,-0.10662,0.1234,0.12282
27,0.79654,0.75406,0.75712,0.83013,0.74374,0.77444,0.82533,0.79764,0.80553,0.71687,0.80394,0.74123,0.76748,0.84063,0.77864,0.79492,0.74116,0.79537,0.79241,0.77359,0.75567,0.77341,0.80244,0.67573,0.67157,0.79747,0.81708,1,0.75413,0.70296,0.72629,0.7806,0.76263,0.71713,0.77088,0.81435,0.68143,0.75217,0.73585,0.6324,0.67044,0.67856,0.61319,0.60756,0.60635,0.65141,0.62814,0.66256,0.50281,0.55988,0.46443,0.4984,0.61637,0.56051,0.49046,0.46144,0.38845,0.28403,0.27193,0.37815,0.37495,0.44915,0.39165,0.49726,0.30818,0.21557,0.3219,0.14126,0.21832,0.25353,0.19174,0.26714,0.23645,-0.028477,0.33593,0.20035,0.41072,0.11624,0.070134,-0.020052,0.1817,0.35035,0.25843,0.063336,0.24507,0.16924,0.26322,-0.092188,0.21544,-0.15871,0.089119,-0.095021,0.071074,0.22917,0.23481,0.16947,0.18499,0.18189,-0.11936,-0.1291,0.25181,-0.18533,0.15073,0.11644,0.14445,0.25664,0.0031402,0.19871,0.074597,0.024205,-0.065892,0.096567,0.39202,-0.0047663,0.15155,0.089961,-0.09117,-0.096555,0.047484,0.26083,0.18146,0.010864,0.21258,-0.065254,0.18848,0.070383,-0.040408,0.16156,0.17276,0.069731,-0.23715,-0.13893,0.0018408,0.28792,-0.34389,-0.059739,-0.20081,-0.089061,-0.045711,0.12319,-0.15622,0.28694,0.034103,-0.055071,-0.063885,-0.095564,0.10646,-0.054636,0.12207,-0.0067765,-0.083596,0.24542,-0.1405,0.080775,0.33072,0.078668,0.16377,0.2313,0.041899,0.22894,-0.0089954,-0.1163,0.019019,-0.04627,0.095337,0.18219
