2.3482e-11 1.3429e-11 -1.6253e-12 -6.2502e-13 -1.4123e-13 8.5248e-13 1.2096e-11 1.1668e-11 2.4985e-12 5.1257e-12 1.0224e-11 1.7954e-12 1.3486e-12 2.1991e-12 2.9847e-12 1.6076e-12 -7.3921e-13 -1.094e-12 4.0615e-12 5.1555e-12 -3.5248e-12 3.846e-12 4.5375e-12 1.0079e-12 2.3207e-12 -3.6084e-13 9.9265e-13 4.308e-13 2.7788e-12 1.9543e-12 3.6737e-13 1.4727e-12 -3.487e-13 1.5699e-12 -3.2001e-13 2.3328e-12 1.686e-12 3.7067e-12 1.6761e-12 2.3737e-12 3.1403e-12 -4.9002e-13 3.8759e-13 4.8083e-13 2.8568e-13 -1.3774e-12 2.0491e-12 -2.0689e-12 1.0559e-12 -1.3934e-12 5.7319e-13 1.6533e-12 -1.8401e-12 -9.4926e-14 -1.0281e-12 6.176e-13 1.184e-12 3.2809e-13 5.6812e-13 -3.5669e-13 1.9323e-13 9.5779e-13 3.8027e-13 -5.7848e-13 -1.465e-13 3.4979e-13 -4.7168e-14 2.9382e-15 1.5298e-14
1.3429e-11 4.4566e-11 9.1708e-13 1.4299e-12 2.4933e-12 4.3019e-12 1.1569e-11 8.6892e-12 7.9007e-12 1.0141e-11 9.6723e-12 -6.0271e-13 -2.4527e-12 1.4885e-12 3.5157e-12 3.7944e-12 2.3558e-12 9.9804e-13 1.9221e-12 7.6249e-13 -2.636e-12 6.8989e-12 -9.8548e-13 1.1019e-11 4.9056e-12 -2.0986e-12 3.4576e-12 5.4297e-12 1.4048e-12 9.6014e-13 -9.5721e-13 1.2175e-12 3.0964e-12 1.582e-12 1.9585e-12 7.6671e-12 3.2643e-12 1.2276e-12 2.2244e-12 -8.8105e-13 4.1957e-12 -6.8999e-13 -7.2673e-13 1.1899e-12 1.938e-12 -3.4563e-14 2.6763e-12 3.8864e-12 -2.6549e-12 -1.0351e-12 -1.3149e-12 1.1545e-12 -1.7576e-12 4.1797e-12 -2.5395e-12 4.0411e-12 8.8717e-13 1.4045e-13 9.5995e-13 3.0815e-13 -1.8915e-13 -1.3883e-13 6.5471e-13 -9.7667e-13 1.2963e-13 1.5144e-13 9.9913e-14 -1.6997e-14 2.423e-15
-1.6253e-12 9.1708e-13 2.0969e-11 -1.9022e-12 1.3696e-12 -3.8206e-12 -4.0157e-12 -4.9187e-12 -5.0436e-13 -1.7317e-12 1.197e-12 7.9944e-13 4.1312e-12 1.7847e-12 -2.1096e-12 -5.0425e-12 -2.1669e-12 -4.5788e-13 -2.6224e-12 -3.3945e-12 -1.1811e-13 -1.7353e-12 -4.4174e-12 -2.0666e-12 -4.383e-12 2.016e-12 1.5858e-12 5.6705e-12 3.003e-12 2.1568e-12 -2.9092e-12 -3.7952e-13 -2.4771e-12 -6.9835e-13 6.1769e-13 -2.6477e-12 -2.6362e-12 2.3199e-12 2.3601e-12 2.0665e-12 -2.9144e-12 1.2719e-14 -1.0832e-12 4.2502e-13 1.4783e-12 -1.3468e-12 -9.8442e-13 -3.4726e-13 1.0386e-12 -5.2251e-14 9.0199e-13 2.8486e-12 -1.8781e-12 2.4097e-12 5.4403e-13 4.5303e-13 7.8373e-13 8.053e-13 5.8701e-13 1.7676e-13 1.089e-12 -2.6029e-13 8.9696e-14 -3.6588e-13 3.5877e-13 1.3554e-13 8.8159e-14 -2.6436e-15 4.0376e-15
-6.2502e-13 1.4299e-12 -1.9022e-12 3.684e-11 3.0319e-12 5.7936e-12 9.5678e-12 1.4971e-12 5.8487e-12 5.3764e-12 1.0706e-11 1.1898e-11 -1.9633e-12 -4.0266e-14 6.6982e-13 6.3783e-12 8.5122e-12 6.6934e-12 -2.8185e-12 1.8301e-12 4.321e-12 7.2022e-13 -3.2152e-12 2.2421e-12 7.7762e-12 7.0141e-12 3.5424e-12 6.8225e-12 -3.5282e-12 1.5581e-12 1.2625e-14 -5.0323e-13 1.0057e-12 -4.2506e-13 6.5312e-12 -2.4613e-12 4.1938e-12 2.8599e-12 3.1481e-12 3.9034e-12 2.5878e-12 2.7654e-12 1.0104e-12 3.6134e-12 1.4385e-12 -1.2863e-12 1.3928e-12 -3.7362e-13 -1.3994e-12 1.3927e-12 9.5262e-13 3.0523e-13 1.3029e-12 -6.0455e-13 3.382e-13 4.7483e-13 -2.0223e-12 3.813e-13 -1.5993e-12 4.1279e-13 -1.1352e-12 5.2173e-13 9.2365e-13 3.4503e-14 2.7097e-13 -1.7799e-14 3.6567e-14 1.8784e-15 1.2796e-14
-1.4123e-13 2.4933e-12 1.3696e-12 3.0319e-12 1.5974e-11 -9.6986e-13 3.3631e-12 -6.1353e-12 3.1329e-12 3.5477e-12 2.1992e-12 1.2308e-12 2.0106e-12 1.4449e-12 1.262e-12 8.6022e-13 2.4164e-12 -8.2984e-13 8.6679e-13 -5.412e-14 2.4177e-12 -4.6385e-13 2.0468e-12 3.5802e-12 4.2195e-12 2.4994e-12 4.9854e-13 3.6504e-12 1.1126e-12 4.4641e-13 2.0967e-12 2.3226e-12 -6.0392e-13 4.5458e-12 -1.2793e-12 -1.103e-12 -4.9474e-12 3.1157e-12 -8.3585e-13 2.9284e-12 -1.5298e-12 -3.2409e-12 -3.2116e-13 1.8049e-12 1.2772e-12 -1.5449e-12 2.46e-12 -4.0534e-13 1.243e-12 2.2452e-13 -1.5258e-12 1.3961e-12 -9.4131e-13 1.4102e-12 -8.1106e-13 -1.5105e-12 -8.2491e-13 -6.4697e-13 -1.5539e-12 6.5636e-13 -1.0502e-13 8.5304e-13 -3.2563e-13 -1.5529e-13 4.6476e-14 -5.4514e-15 -3.02e-14 5.2649e-15 7.494e-15
8.5248e-13 4.3019e-12 -3.8206e-12 5.7936e-12 -9.6986e-13 3.1206e-11 4.4807e-12 -3.0686e-12 6.9082e-12 3.2014e-12 9.1753e-12 5.0539e-12 7.3423e-12 4.813e-12 6.8746e-12 1.0196e-11 6.8442e-12 6.4203e-12 4.165e-12 1.4461e-12 2.1518e-12 6.1634e-12 6.3306e-12 5.3088e-12 1.5083e-12 7.3515e-12 2.0255e-12 6.0574e-12 2.9467e-12 -1.7508e-12 2.1059e-12 -2.3877e-12 -2.5296e-12 2.9171e-12 2.3861e-12 6.2037e-12 3.9522e-12 -7.7618e-13 -6.0789e-13 3.1617e-12 5.7805e-12 2.2683e-12 6.3086e-13 2.0075e-13 1.5292e-13 2.1144e-12 4.135e-13 -1.1814e-12 -2.0566e-12 9.6389e-13 1.8155e-12 3.1048e-13 -3.4387e-13 -1.006e-13 -1.9048e-12 7.4238e-13 -1.5607e-12 -2.1722e-13 -1.8012e-12 -1.4383e-12 -9.2107e-13 -7.7388e-13 2.9263e-13 3.6025e-14 -9.8056e-14 -3.5602e-13 5.3113e-15 -1.5064e-15 -3.4063e-14
1.2096e-11 1.1569e-11 -4.0157e-12 9.5678e-12 3.3631e-12 4.4807e-12 3.0826e-11 5.4245e-12 8.3391e-12 7.3937e-12 7.2752e-12 1.9899e-12 1.91e-12 4.6687e-12 4.3894e-12 8.0883e-12 2.9324e-12 -1.5996e-12 6.9905e-12 6.6736e-12 1.5124e-12 6.6334e-12 5.3554e-12 2.8622e-12 8.0569e-12 1.2876e-12 5.3797e-12 4.1726e-13 2.4297e-12 2.1812e-12 -1.9994e-12 1.3389e-12 -6.592e-13 4.0978e-12 1.702e-12 4.1818e-12 7.5086e-13 3.3417e-12 -8.8519e-13 2.1423e-12 1.4067e-12 -5.1555e-13 -2.8135e-12 3.9946e-12 2.4825e-12 9.918e-13 5.1716e-13 8.5662e-13 2.9808e-12 2.1803e-13 -9.5842e-13 1.2808e-12 -2.9273e-12 -5.4221e-13 -1.666e-12 1.3017e-12 7.0753e-13 -2.0725e-14 1.1087e-12 9.0523e-13 -8.5358e-13 5.0317e-13 3.6844e-13 -6.6366e-13 2.5018e-14 6.8758e-14 -2.9369e-14 1.7376e-14 1.4499e-14
1.1668e-11 8.6892e-12 -4.9187e-12 1.4971e-12 -6.1353e-12 -3.0686e-12 5.4245e-12 3.5477e-11 3.3108e-12 5.0157e-12 3.8481e-13 4.0101e-12 2.0804e-12 9.8217e-13 9.0535e-12 -2.4214e-12 3.6628e-12 2.3318e-12 5.7399e-12 6.7299e-12 -1.9119e-12 5.3167e-12 8.363e-12 5.4441e-12 8.1493e-12 -8.2958e-13 -8.7046e-13 1.1361e-12 -1.0849e-12 1.5379e-12 -8.1072e-13 -2.5608e-12 -7.5256e-13 1.1534e-12 -6.9024e-13 4.3461e-13 3.2174e-12 2.7385e-12 3.0633e-12 6.0257e-13 4.3241e-13 2.6306e-12 3.0939e-13 -3.2625e-13 -1.4468e-12 1.0829e-12 -1.1005e-12 -1.0226e-12 5.7405e-13 -2.4858e-12 -1.8482e-12 1.0844e-12 1.9611e-12 -1.3839e-12 -6.3815e-13 9.8265e-13 6.5042e-13 -2.3242e-13 4.8164e-13 7.762e-13 -1.2899e-13 1.8816e-13 -1.9821e-13 -6.9094e-13 -5.7661e-13 4.4852e-13 3.6226e-14 6.8431e-15 6.9152e-15
2.4985e-12 7.9007e-12 -5.0436e-13 5.8487e-12 3.1329e-12 6.9082e-12 8.3391e-12 3.3108e-12 2.8173e-11 3.0607e-12 4.3468e-12 1.2495e-11 1.1554e-11 7.7354e-12 8.7452e-12 7.0601e-12 5.6255e-12 1.81e-12 5.5572e-12 1.0416e-11 2.0207e-12 3.41e-12 8.9814e-12 3.0022e-12 4.7144e-12 2.9362e-12 5.9941e-12 -1.0264e-13 -1.1811e-12 3.0496e-12 -1.4849e-12 2.8726e-12 2.2439e-12 5.9826e-12 1.5694e-12 5.9558e-12 5.7169e-12 5.7156e-12 4.7944e-12 4.9598e-12 3.8141e-12 1.5594e-12 7.0659e-13 -1.1028e-12 3.1636e-12 1.5382e-12 4.6096e-12 4.5226e-13 -1.3905e-12 -2.0886e-12 1.5899e-13 1.0895e-12 -3.2226e-13 1.0108e-12 -3.2213e-14 1.0315e-12 -2.8787e-13 9.2916e-13 -1.1242e-12 8.1358e-13 -5.3877e-13 5.0552e-13 -6.4644e-13 -7.7625e-13 -1.7309e-13 -3.8961e-14 1.3705e-14 -2.2682e-14 -6.4924e-15
5.1257e-12 1.0141e-11 -1.7317e-12 5.3764e-12 3.5477e-12 3.2014e-12 7.3937e-12 5.0157e-12 3.0607e-12 2.032e-11 6.7358e-12 2.4689e-12 3.7564e-12 1.0398e-12 1.0001e-11 6.6869e-12 1.0088e-11 2.7277e-12 5.4512e-12 5.8596e-13 4.8283e-12 1.8764e-12 6.7822e-12 5.0942e-12 7.179e-12 6.2662e-12 4.139e-13 3.2623e-12 2.0679e-12 1.2212e-12 2.6708e-12 -9.0937e-13 2.8237e-12 2.3329e-12 3.1408e-12 3.1084e-12 3.2367e-13 7.485e-13 1.4433e-12 3.9196e-12 -3.9815e-13 -2.0728e-12 -7.7051e-13 7.8545e-13 -9.0967e-13 -2.7752e-14 -2.5573e-13 7.1671e-13 1.2555e-12 -2.422e-13 -2.5289e-13 -9.8783e-13 -6.7417e-13 6.8879e-14 -7.0107e-13 -3.4865e-13 2.1437e-13 1.773e-13 -3.6377e-13 5.4722e-14 -2.3109e-13 7.3204e-13 -4.537e-14 -2.3901e-13 -5.3043e-13 1.4815e-14 -5.3616e-14 -3.0642e-14 -5.1915e-15
1.0224e-11 9.6723e-12 1.197e-12 1.0706e-11 2.1992e-12 9.1753e-12 7.2752e-12 3.8481e-13 4.3468e-12 6.7358e-12 3.1405e-11 4.7539e-12 7.215e-12 -4.1662e-12 4.7995e-12 7.9908e-12 1.0946e-11 1.1401e-11 8.2808e-12 6.6128e-12 8.7804e-13 1.8477e-12 4.1243e-12 5.5535e-12 7.5041e-12 9.4827e-12 5.2881e-12 1.0543e-11 1.5117e-12 1.5108e-12 5.5224e-13 3.0043e-12 -1.488e-13 2.8966e-12 -1.3419e-13 4.4883e-12 5.2054e-12 1.9283e-12 2.2378e-12 3.4869e-12 2.7066e-12 1.4467e-12 7.5131e-13 1.4501e-12 1.5497e-12 -5.5841e-13 -7.1685e-13 -1.7761e-12 -1.2671e-12 -6.1628e-13 1.0241e-12 2.0207e-12 -6.547e-13 1.2581e-12 -9.4016e-13 1.4353e-12 1.8876e-13 1.0854e-12 1.6956e-13 -1.0179e-12 -8.7272e-13 -1.9705e-13 4.5274e-13 -3.438e-13 -5.2942e-13 4.1654e-14 -7.194e-14 -8.7598e-15 4.721e-16
1.7954e-12 -6.0271e-13 7.9944e-13 1.1898e-11 1.2308e-12 5.0539e-12 1.9899e-12 4.0101e-12 1.2495e-11 2.4689e-12 4.7539e-12 2.0343e-11 6.2097e-12 3.9109e-12 5.4973e-12 9.3944e-12 3.9859e-12 8.271e-12 3.3477e-12 6.1043e-12 4.8179e-12 1.6978e-12 6.864e-12 -2.0671e-13 5.1091e-12 6.5589e-12 1.129e-14 3.1669e-12 1.2252e-12 2.0436e-12 1.8652e-12 -2.8179e-13 1.4843e-13 1.2063e-12 2.0562e-12 1.3417e-12 6.128e-12 3.7229e-12 2.7437e-12 2.7126e-12 2.0276e-12 -1.3291e-13 9.9039e-13 -1.0477e-12 2.7494e-12 -3.9114e-13 2.5074e-12 7.6149e-13 2.6659e-13 -6.0891e-13 8.1462e-13 1.6478e-12 8.8273e-13 1.4098e-13 -5.2885e-13 -3.0553e-13 2.7674e-13 2.5215e-12 -1.1043e-12 2.4818e-13 -3.3752e-13 3.5699e-13 3.0319e-13 -2.5672e-13 1.1631e-13 -4.3382e-14 -6.2111e-14 -3.7572e-14 -1.0025e-14
1.3486e-12 -2.4527e-12 4.1312e-12 -1.9633e-12 2.0106e-12 7.3423e-12 1.91e-12 2.0804e-12 1.1554e-11 3.7564e-12 7.215e-12 6.2097e-12 2.6e-11 1.588e-12 9.1718e-12 1.2318e-12 1.0755e-11 5.6446e-12 8.9722e-12 3.0122e-12 5.7552e-12 1.3936e-12 1.2419e-11 2.0617e-12 1.9792e-12 7.127e-12 -4.1239e-13 5.1234e-12 3.5363e-12 -7.2699e-13 -6.5222e-13 -3.1921e-12 -1.5604e-12 5.8611e-12 -3.706e-12 2.7822e-12 1.749e-12 2.6813e-12 1.3124e-12 5.5237e-12 1.2755e-12 5.2274e-13 3.8622e-12 -1.6275e-12 1.3719e-12 -1.2214e-12 1.9468e-13 -1.1236e-12 -1.8904e-14 -6.6417e-13 -3.5054e-13 2.4796e-12 6.9617e-13 1.039e-12 -1.8995e-12 1.5391e-12 6.0851e-13 1.2989e-12 -5.5075e-13 -7.0627e-13 6.718e-14 -5.2261e-14 -5.1381e-13 -4.7912e-13 -6.1661e-13 -2.1053e-14 -3.1037e-14 -2.4327e-14 -1.5223e-14
2.1991e-12 1.4885e-12 1.7847e-12 -4.0266e-14 1.4449e-12 4.813e-12 4.6687e-12 9.8217e-13 7.7354e-12 1.0398e-12 -4.1662e-12 3.9109e-12 1.588e-12 2.5594e-11 3.338e-12 6.7541e-12 5.0785e-12 -6.4319e-12 1.3438e-12 3.869e-12 -1.3755e-12 4.2841e-12 4.4587e-12 8.358e-13 1.4717e-12 2.9816e-12 -2.8884e-12 -4.5972e-13 2.4072e-12 3.5648e-12 -6.8775e-13 -1.5914e-12 3.5347e-12 2.1269e-12 9.4558e-13 1.9493e-12 4.354e-13 8.5769e-12 -2.3905e-13 8.2179e-13 9.4627e-13 1.8496e-12 -1.1963e-12 1.2019e-12 -1.4498e-12 1.3067e-12 1.2731e-12 -5.6857e-13 1.7269e-12 -8.9778e-13 4.3654e-13 1.6403e-12 7.4551e-13 -6.3981e-13 1.9554e-13 -2.486e-12 5.2147e-13 1.1222e-12 1.6275e-12 5.8426e-13 3.6422e-13 1.342e-14 -2.8884e-13 -4.3126e-13 5.1201e-14 -6.2309e-13 5.3755e-14 3.3554e-15 -1.1212e-14
2.9847e-12 3.5157e-12 -2.1096e-12 6.6982e-13 1.262e-12 6.8746e-12 4.3894e-12 9.0535e-12 8.7452e-12 1.0001e-11 4.7995e-12 5.4973e-12 9.1718e-12 3.338e-12 1.5804e-11 3.3428e-12 8.0976e-12 5.3163e-12 7.7527e-12 2.8754e-12 4.4545e-12 1.8801e-12 1.018e-11 5.4129e-12 7.2207e-12 5.6505e-12 -8.7365e-13 2.0201e-12 6.5373e-13 -1.4958e-13 4.4169e-13 -2.0088e-12 -3.5991e-14 4.4887e-12 1.0841e-12 3.8296e-12 1.1025e-12 1.3584e-12 1.1817e-12 4.7721e-12 1.8572e-12 3.3183e-13 2.359e-13 -2.4541e-13 -2.855e-13 6.0884e-13 -4.1529e-13 -1.4507e-12 -1.644e-13 -8.4405e-13 -1.818e-12 6.9362e-13 -1.0134e-13 -1.2293e-12 -2.4189e-12 -7.4616e-13 -1.6306e-13 9.1336e-13 -7.2559e-13 -2.5899e-13 -5.1572e-13 2.3752e-13 -3.6928e-13 -5.2899e-13 -4.0994e-13 5.0924e-14 -3.0651e-14 -1.9752e-14 -1.6312e-14
1.6076e-12 3.7944e-12 -5.0425e-12 6.3783e-12 8.6022e-13 1.0196e-11 8.0883e-12 -2.4214e-12 7.0601e-12 6.6869e-12 7.9908e-12 9.3944e-12 1.2318e-12 6.7541e-12 3.3428e-12 2.7976e-11 7.9709e-12 8.8049e-12 5.2357e-12 8.4083e-12 6.0964e-12 2.96e-12 8.7202e-12 4.4496e-12 4.8283e-12 6.4821e-12 5.193e-13 3.6247e-12 4.9618e-12 4.3964e-12 7.9261e-13 5.649e-13 1.2772e-12 2.2655e-12 4.3138e-12 7.6915e-12 2.1686e-12 1.6763e-12 -1.4636e-12 2.4285e-12 1.045e-12 1.0083e-13 -9.7989e-13 -1.7305e-12 2.3749e-12 -9.9586e-13 8.9834e-13 4.2957e-13 5.5162e-13 3.3086e-14 5.3583e-13 -1.1378e-13 -7.7621e-13 1.7048e-12 -1.8893e-12 1.0081e-13 -3.2753e-13 7.8446e-13 7.7121e-13 -3.5469e-14 -6.8447e-13 8.1608e-13 5.1036e-14 -8.7487e-14 -1.5405e-13 -3.2754e-13 -8.9545e-14 -9.691e-15 -1.163e-15
-7.3921e-13 2.3558e-12 -2.1669e-12 8.5122e-12 2.4164e-12 6.8442e-12 2.9324e-12 3.6628e-12 5.6255e-12 1.0088e-11 1.0946e-11 3.9859e-12 1.0755e-11 5.0785e-12 8.0976e-12 7.9709e-12 2.7876e-11 4.5963e-12 9.3544e-12 1.3312e-13 4.4209e-12 5.7427e-12 8.3859e-12 6.0795e-12 7.3268e-12 4.8025e-12 -2.2625e-14 6.9675e-12 1.3289e-12 1.459e-12 1.7711e-12 -2.9226e-12 2.7729e-12 5.1735e-12 -2.3039e-12 3.4998e-12 2.5812e-12 4.2406e-12 -1.724e-12 3.4965e-12 -1.031e-12 2.1139e-12 2.879e-13 1.8891e-12 -8.0575e-13 7.9838e-13 -1.062e-12 -8.9764e-13 -2.8852e-12 -1.4879e-12 6.2601e-13 2.2712e-13 1.3169e-12 1.6968e-12 -5.2654e-13 -6.9783e-13 -2.4144e-13 1.5037e-12 -1.1015e-12 -6.2176e-13 -2.7563e-13 2.805e-13 -7.6027e-13 -4.0051e-13 -8.3468e-13 -2.4779e-13 -1.2278e-15 -9.2359e-15 -7.7673e-15
-1.094e-12 9.9804e-13 -4.5788e-13 6.6934e-12 -8.2984e-13 6.4203e-12 -1.5996e-12 2.3318e-12 1.81e-12 2.7277e-12 1.1401e-11 8.271e-12 5.6446e-12 -6.4319e-12 5.3163e-12 8.8049e-12 4.5963e-12 2.7181e-11 3.2166e-12 1.0327e-12 5.6998e-12 2.4856e-12 3.0085e-12 4.105e-12 4.9916e-12 4.6576e-12 1.3206e-12 2.6848e-12 -5.1728e-14 1.3359e-12 4.1448e-12 -9.9311e-13 -1.8499e-12 -1.105e-12 1.2767e-12 3.3832e-12 1.2263e-12 1.9182e-12 -9.8703e-13 4.466e-12 1.4764e-12 2.7397e-12 4.9283e-13 3.8424e-13 7.6954e-13 -1.9299e-12 2.873e-13 -4.6301e-14 -2.4679e-14 3.6459e-13 -5.9324e-15 1.1776e-12 -5.6658e-14 1.2782e-12 -1.6178e-12 -8.1867e-13 -1.0787e-12 4.1927e-13 5.9012e-13 -1.246e-12 -7.2726e-13 2.3236e-13 1.7827e-13 5.4002e-14 -2.4648e-13 -2.2693e-13 -1.4504e-13 -1.6724e-14 -2.5777e-15
4.0615e-12 1.9221e-12 -2.6224e-12 -2.8185e-12 8.6679e-13 4.165e-12 6.9905e-12 5.7399e-12 5.5572e-12 5.4512e-12 8.2808e-12 3.3477e-12 8.9722e-12 1.3438e-12 7.7527e-12 5.2357e-12 9.3544e-12 3.2166e-12 1.925e-11 5.6965e-12 1.078e-12 2.4865e-12 7.6946e-12 -1.8847e-12 4.1928e-12 4.6828e-12 5.9312e-13 1.975e-12 7.1558e-13 1.2065e-13 5.3991e-13 -1.5192e-12 3.7493e-13 2.4403e-12 -1.0963e-12 5.6659e-12 -3.9496e-14 2.3535e-12 -5.8056e-13 -5.1047e-13 1.6308e-12 6.3772e-13 -5.2427e-13 -3.9478e-13 3.7302e-13 4.6499e-13 -5.3268e-13 -4.3706e-13 -9.5803e-13 -9.9133e-13 -2.7124e-12 8.3098e-13 1.0419e-12 -6.2348e-13 -2.6777e-12 -2.6566e-14 8.4356e-13 2.0211e-12 -8.9608e-13 2.0617e-13 -5.3677e-13 2.014e-13 2.5866e-14 -6.949e-13 -6.3296e-13 8.7938e-14 -1.7283e-13 -2.0613e-14 -4.1031e-15
5.1555e-12 7.6249e-13 -3.3945e-12 1.8301e-12 -5.412e-14 1.4461e-12 6.6736e-12 6.7299e-12 1.0416e-11 5.8596e-13 6.6128e-12 6.1043e-12 3.0122e-12 3.869e-12 2.8754e-12 8.4083e-12 1.3312e-13 1.0327e-12 5.6965e-12 1.7076e-11 -3.4248e-12 3.957e-12 5.9554e-12 2.0986e-12 4.1409e-12 2.9268e-12 2.269e-13 -6.2561e-13 2.3325e-12 2.3785e-12 -2.6129e-12 2.215e-12 1.3032e-12 1.7104e-12 -7.427e-13 3.6489e-12 2.1764e-12 4.1415e-12 2.7214e-12 1.9977e-12 1.3202e-12 6.1346e-13 -2.2576e-12 6.5282e-15 2.004e-12 1.2841e-12 2.5959e-12 7.3643e-15 7.8533e-13 -1.4945e-12 -9.9378e-13 -9.2112e-13 6.5796e-13 -2.471e-12 -3.5039e-13 1.2925e-12 -3.8013e-13 1.1608e-13 3.2509e-13 1.4117e-12 -1.19e-13 6.9276e-13 -4.1116e-13 -3.237e-13 -3.2427e-13 8.7705e-14 -5.6279e-14 4.0107e-15 -7.3664e-15
-3.5248e-12 -2.636e-12 -1.1811e-13 4.321e-12 2.4177e-12 2.1518e-12 1.5124e-12 -1.9119e-12 2.0207e-12 4.8283e-12 8.7804e-13 4.8179e-12 5.7552e-12 -1.3755e-12 4.4545e-12 6.0964e-12 4.4209e-12 5.6998e-12 1.078e-12 -3.4248e-12 1.6976e-11 -4.1198e-13 1.3661e-12 6.0869e-13 2.8447e-12 6.0414e-13 -2.2273e-12 2.3455e-12 5.1279e-14 1.9031e-12 3.5252e-13 -6.8917e-13 -1.259e-12 6.98e-13 1.3404e-12 1.0866e-12 -5.6637e-13 -1.5601e-12 -1.6223e-12 1.7842e-12 1.137e-12 -3.1347e-12 1.5988e-12 -2.4525e-12 -3.2749e-13 -2.5898e-12 -1.2734e-12 6.6611e-14 1.0477e-12 7.1963e-13 6.2296e-13 7.3516e-13 3.2118e-13 1.7762e-12 -1.3632e-12 -1.0559e-12 1.9616e-13 1.3748e-12 1.0489e-13 -1.0515e-12 -6.8875e-13 5.9462e-13 2.5452e-13 6.8741e-15 -1.9052e-13 5.0728e-14 2.6018e-14 -1.9861e-15 2.2157e-14
3.846e-12 6.8989e-12 -1.7353e-12 7.2022e-13 -4.6385e-13 6.1634e-12 6.6334e-12 5.3167e-12 3.41e-12 1.8764e-12 1.8477e-12 1.6978e-12 1.3936e-12 4.2841e-12 1.8801e-12 2.96e-12 5.7427e-12 2.4856e-12 2.4865e-12 3.957e-12 -4.1198e-13 1.8395e-11 1.5556e-12 1.6082e-12 2.2512e-12 -2.7225e-12 -9.9354e-13 1.6432e-12 2.0821e-12 -6.1855e-13 -1.5986e-12 -3.5054e-12 -2.2775e-12 -4.3345e-13 -9.7953e-13 1.8104e-12 -2.1096e-15 3.4926e-12 -1.2496e-12 1.0566e-12 2.5439e-12 -1.2002e-13 -4.1796e-12 4.9083e-13 1.7981e-12 -5.0458e-13 2.0117e-12 8.8129e-13 -3.4548e-13 1.1292e-14 -1.6427e-14 6.1772e-14 8.8653e-13 7.8929e-13 -7.9949e-13 7.2936e-13 -9.804e-13 -1.1207e-12 2.0493e-13 2.3982e-13 3.0615e-13 9.6129e-13 -7.19e-13 -3.6815e-13 -2.6786e-13 -3.0393e-13 1.2542e-14 3.3519e-15 -1.3087e-14
4.5375e-12 -9.8548e-13 -4.4174e-12 -3.2152e-12 2.0468e-12 6.3306e-12 5.3554e-12 8.363e-12 8.9814e-12 6.7822e-12 4.1243e-12 6.864e-12 1.2419e-11 4.4587e-12 1.018e-11 8.7202e-12 8.3859e-12 3.0085e-12 7.6946e-12 5.9554e-12 1.3661e-12 1.5556e-12 2.3357e-11 7.1344e-12 5.0047e-12 5.7574e-12 2.2792e-12 3.138e-12 4.7704e-12 5.1661e-13 7.9098e-13 -3.8379e-13 -3.5551e-13 7.4814e-12 -1.1478e-12 4.4429e-12 2.4233e-12 3.0998e-12 -5.3427e-13 3.3993e-12 -9.9874e-13 -1.4086e-12 5.9566e-13 -6.2017e-13 7.8069e-13 5.0194e-13 5.2518e-13 -1.4702e-12 1.4359e-12 -1.7723e-12 -1.245e-12 3.1559e-13 -7.0527e-13 -5.6215e-13 -1.1453e-12 9.596e-13 2.9363e-15 1.2609e-12 -7.1557e-13 -1.293e-13 5.8211e-14 1.2467e-13 -8.9173e-13 -4.455e-13 -5.9536e-13 1.1121e-14 -1.2787e-13 -3.0626e-14 -2.1687e-14
1.0079e-12 1.1019e-11 -2.0666e-12 2.2421e-12 3.5802e-12 5.3088e-12 2.8622e-12 5.4441e-12 3.0022e-12 5.0942e-12 5.5535e-12 -2.0671e-13 2.0617e-12 8.358e-13 5.4129e-12 4.4496e-12 6.0795e-12 4.105e-12 -1.8847e-12 2.0986e-12 6.0869e-13 1.6082e-12 7.1344e-12 1.7579e-11 4.0834e-12 4.422e-12 -1.6947e-13 2.6202e-12 2.3034e-12 5.9908e-13 1.0269e-12 5.1922e-13 2.8945e-13 3.4366e-12 -2.0835e-13 2.7998e-12 1.8089e-12 1.4059e-12 -3.4682e-13 3.7492e-12 -1.0347e-12 8.3176e-13 -1.7473e-12 1.4096e-12 2.353e-13 1.6467e-12 -4.6211e-13 -1.9033e-13 1.4685e-14 -1.1019e-13 -1.0725e-12 -1.3374e-12 -6.2459e-13 7.3955e-13 5.6982e-14 2.0301e-12 -1.3743e-12 -1.0835e-12 -1.2345e-13 6.6771e-13 -8.0596e-14 -2.4102e-13 -2.0045e-13 -3.2625e-13 -1.6722e-13 -3.3527e-14 1.105e-13 8.7049e-15 -9.0915e-15
2.3207e-12 4.9056e-12 -4.383e-12 7.7762e-12 4.2195e-12 1.5083e-12 8.0569e-12 8.1493e-12 4.7144e-12 7.179e-12 7.5041e-12 5.1091e-12 1.9792e-12 1.4717e-12 7.2207e-12 4.8283e-12 7.3268e-12 4.9916e-12 4.1928e-12 4.1409e-12 2.8447e-12 2.2512e-12 5.0047e-12 4.0834e-12 1.8165e-11 2.128e-12 4.35e-12 4.283e-12 -1.0116e-12 1.6683e-12 9.1166e-13 5.0615e-14 8.3815e-13 3.2793e-12 -2.1596e-13 1.5075e-12 8.7883e-13 2.4132e-12 1.4271e-12 1.7695e-12 -6.0443e-14 8.9725e-13 1.3782e-12 1.9604e-12 -1.8681e-13 1.0037e-12 -3.9618e-13 7.9243e-13 8.7426e-13 9.2909e-13 -5.2657e-13 -1.6969e-13 -1.1276e-12 1.2745e-13 -1.8968e-12 -7.14e-13 -5.0149e-13 2.5929e-13 7.0436e-13 6.4544e-13 -1.1066e-12 7.4773e-13 8.1024e-14 -1.5939e-14 7.9795e-14 1.7891e-14 -1.0167e-14 -1.3334e-14 -1.493e-15
-3.6084e-13 -2.0986e-12 2.016e-12 7.0141e-12 2.4994e-12 7.3515e-12 1.2876e-12 -8.2958e-13 2.9362e-12 6.2662e-12 9.4827e-12 6.5589e-12 7.127e-12 2.9816e-12 5.6505e-12 6.4821e-12 4.8025e-12 4.6576e-12 4.6828e-12 2.9268e-12 6.0414e-13 -2.7225e-12 5.7574e-12 4.422e-12 2.128e-12 1.5929e-11 -1.9888e-12 3.5409e-12 1.5344e-13 1.6683e-12 2.7747e-12 -9.5064e-13 1.3402e-12 2.4803e-12 6.4705e-13 3.2975e-13 1.355e-12 6.7561e-13 2.439e-12 3.9236e-12 -3.5423e-13 2.0006e-12 9.8478e-13 1.1031e-12 -1.9483e-13 -2.4358e-13 -7.3744e-13 -1.3306e-12 2.8328e-13 1.1056e-12 1.0767e-12 5.3651e-14 2.6446e-13 -2.308e-12 -5.7829e-13 -2.5059e-13 6.9085e-14 4.805e-13 -3.2275e-13 -1.6351e-13 -5.245e-15 -7.2695e-13 3.5396e-13 -3.0811e-14 -2.8365e-13 -1.1619e-13 -6.4476e-14 -1.679e-14 -2.1399e-14
9.9265e-13 3.4576e-12 1.5858e-12 3.5424e-12 4.9854e-13 2.0255e-12 5.3797e-12 -8.7046e-13 5.9941e-12 4.139e-13 5.2881e-12 1.129e-14 -4.1239e-13 -2.8884e-12 -8.7365e-13 5.193e-13 -2.2625e-14 1.3206e-12 5.9312e-13 2.269e-13 -2.2273e-12 -9.9354e-13 2.2792e-12 -1.6947e-13 4.35e-12 -1.9888e-12 1.5329e-11 1.8423e-12 -1.8022e-12 2.43e-12 -1.5361e-12 2.7218e-12 -1.4616e-12 2.8045e-13 1.7651e-12 6.1418e-13 4.0878e-12 2.6782e-12 2.1574e-12 -1.011e-12 -3.1471e-13 2.0497e-12 1.1108e-12 9.2074e-13 3.8253e-13 2.5794e-12 7.5621e-13 -7.0044e-14 -8.33e-14 -1.7389e-12 5.8299e-13 -8.6548e-13 -1.507e-12 2.2428e-12 2.3669e-13 1.6075e-12 -1.3993e-14 -4.9461e-13 2.362e-13 1.8469e-13 -1.1079e-12 -5.1261e-13 -4.4547e-14 -3.5543e-13 1.4213e-13 6.8906e-14 5.3138e-14 -7.3951e-15 1.547e-14
4.308e-13 5.4297e-12 5.6705e-12 6.8225e-12 3.6504e-12 6.0574e-12 4.1726e-13 1.1361e-12 -1.0264e-13 3.2623e-12 1.0543e-11 3.1669e-12 5.1234e-12 -4.5972e-13 2.0201e-12 3.6247e-12 6.9675e-12 2.6848e-12 1.975e-12 -6.2561e-13 2.3455e-12 1.6432e-12 3.138e-12 2.6202e-12 4.283e-12 3.5409e-12 1.8423e-12 1.5735e-11 3.8614e-12 1.3509e-12 -1.7195e-12 -6.3502e-13 -1.7399e-12 2.6031e-12 1.8529e-12 1.6737e-12 1.5125e-12 2.2691e-12 1.5911e-12 1.0336e-12 7.0905e-13 6.9494e-13 1.4797e-12 1.2209e-13 1.5393e-12 -1.039e-12 -2.6413e-13 2.1703e-13 -4.3111e-13 -4.0308e-13 -5.9324e-13 2.0493e-12 -3.5773e-13 2.7594e-12 -7.1746e-13 1.4527e-12 -7.547e-14 -7.4252e-14 -5.159e-13 -7.1239e-14 2.5185e-13 -4.4766e-13 3.6703e-13 9.3328e-14 -2.8342e-14 1.0482e-13 1.0423e-14 -1.5713e-14 1.2327e-15
2.7788e-12 1.4048e-12 3.003e-12 -3.5282e-12 1.1126e-12 2.9467e-12 2.4297e-12 -1.0849e-12 -1.1811e-12 2.0679e-12 1.5117e-12 1.2252e-12 3.5363e-12 2.4072e-12 6.5373e-13 4.9618e-12 1.3289e-12 -5.1728e-14 7.1558e-13 2.3325e-12 5.1279e-14 2.0821e-12 4.7704e-12 2.3034e-12 -1.0116e-12 1.5344e-13 -1.8022e-12 3.8614e-12 9.1706e-12 -9.7751e-13 -5.6148e-13 3.0591e-13 -7.8018e-14 1.4154e-12 7.178e-13 1.8787e-12 5.6636e-13 1.7013e-12 -2.1172e-12 3.5313e-13 -1.4042e-12 -1.6417e-12 -1.8249e-12 -1.8775e-13 3.9385e-13 -1.4697e-13 3.5202e-13 3.6264e-13 1.5347e-12 -3.1471e-13 -2.9164e-13 7.8043e-13 -1.0045e-12 1.4928e-12 -4.8875e-13 1.4014e-12 -1.7616e-13 3.1956e-13 3.6114e-13 2.714e-13 4.6684e-13 2.1717e-14 -3.0058e-13 5.0776e-14 3.6958e-14 -5.7651e-14 -4.6003e-14 -1.1174e-14 -6.7784e-15
1.9543e-12 9.6014e-13 2.1568e-12 1.5581e-12 4.4641e-13 -1.7508e-12 2.1812e-12 1.5379e-12 3.0496e-12 1.2212e-12 1.5108e-12 2.0436e-12 -7.2699e-13 3.5648e-12 -1.4958e-13 4.3964e-12 1.459e-12 1.3359e-12 1.2065e-13 2.3785e-12 1.9031e-12 -6.1855e-13 5.1661e-13 5.9908e-13 1.6683e-12 1.6683e-12 2.43e-12 1.3509e-12 -9.7751e-13 7.621e-12 3.2666e-13 6.8895e-13 4.9672e-13 4.9173e-13 1.0133e-12 7.758e-13 1.0281e-12 2.9885e-12 1.638e-12 1.4233e-12 -3.9473e-13 1.1992e-12 2.4606e-13 -7.8958e-13 -1.1451e-12 3.1279e-14 1.3295e-12 -1.559e-13 1.4157e-12 -1.177e-12 7.3764e-13 -9.2147e-13 -1.6169e-13 -8.5499e-14 -1.3653e-13 -6.4476e-13 2.1587e-13 1.2641e-13 1.1623e-12 4.3309e-13 4.8817e-14 1.4285e-13 3.0923e-13 -1.7395e-13 -1.9866e-13 8.3708e-14 4.687e-14 5.1606e-15 1.7193e-14
3.6737e-13 -9.5721e-13 -2.9092e-12 1.2625e-14 2.0967e-12 2.1059e-12 -1.9994e-12 -8.1072e-13 -1.4849e-12 2.6708e-12 5.5224e-13 1.8652e-12 -6.5222e-13 -6.8775e-13 4.4169e-13 7.9261e-13 1.7711e-12 4.1448e-12 5.3991e-13 -2.6129e-12 3.5252e-13 -1.5986e-12 7.9098e-13 1.0269e-12 9.1166e-13 2.7747e-12 -1.5361e-12 -1.7195e-12 -5.6148e-13 3.2666e-13 1.0056e-11 4.1219e-13 1.1092e-13 8.9247e-13 -4.2869e-13 -1.1308e-12 -1.7668e-12 5.572e-13 -4.8438e-13 -9.9879e-13 -1.2305e-12 -1.1548e-12 1.7386e-12 7.3491e-13 -2.1222e-12 4.0853e-13 7.6642e-13 -1.4813e-12 -1.3199e-13 8.4217e-13 5.0906e-13 2.8432e-13 9.0703e-15 -1.2568e-12 5.7542e-13 -1.6296e-12 -3.7449e-13 -6.9314e-14 -1.2806e-12 -4.9803e-13 -2.2097e-13 1.0431e-13 1.4633e-13 3.5327e-14 -2.1737e-13 -1.072e-13 -7.0664e-14 -1.3763e-14 -1.1451e-14
1.4727e-12 1.2175e-12 -3.7952e-13 -5.0323e-13 2.3226e-12 -2.3877e-12 1.3389e-12 -2.5608e-12 2.8726e-12 -9.0937e-13 3.0043e-12 -2.8179e-13 -3.1921e-12 -1.5914e-12 -2.0088e-12 5.649e-13 -2.9226e-12 -9.9311e-13 -1.5192e-12 2.215e-12 -6.8917e-13 -3.5054e-12 -3.8379e-13 5.1922e-13 5.0615e-14 -9.5064e-13 2.7218e-12 -6.3502e-13 3.0591e-13 6.8895e-13 4.1219e-13 6.6609e-12 1.3207e-12 1.5928e-12 4.9291e-13 7.7325e-13 -6.861e-13 5.4171e-13 8.2307e-13 -1.4744e-12 -1.8153e-12 -9.1004e-13 -3.7614e-14 5.6198e-13 -3.1114e-13 1.3728e-12 2.049e-13 2.305e-13 -7.7247e-14 -2.3785e-13 7.1409e-13 -2.9497e-14 -1.3677e-12 3.9449e-13 1.2861e-12 -7.8848e-13 1.1243e-13 4.0161e-13 7.0631e-13 3.1583e-13 -3.8815e-13 4.3018e-14 -3.9285e-13 -1.3431e-13 1.2177e-13 1.0428e-13 -1.5819e-14 5.4959e-15 1.4502e-14
-3.487e-13 3.0964e-12 -2.4771e-12 1.0057e-12 -6.0392e-13 -2.5296e-12 -6.592e-13 -7.5256e-13 2.2439e-12 2.8237e-12 -1.488e-13 1.4843e-13 -1.5604e-12 3.5347e-12 -3.5991e-14 1.2772e-12 2.7729e-12 -1.8499e-12 3.7493e-13 1.3032e-12 -1.259e-12 -2.2775e-12 -3.5551e-13 2.8945e-13 8.3815e-13 1.3402e-12 -1.4616e-12 -1.7399e-12 -7.8018e-14 4.9672e-13 1.1092e-13 1.3207e-12 6.7127e-12 2.115e-13 1.3592e-13 -1.3622e-13 1.9565e-12 1.1421e-12 4.5832e-13 -7.4832e-13 -1.1055e-13 5.5651e-13 1.7815e-13 1.966e-13 -1.6643e-12 5.3449e-13 5.0791e-13 1.5288e-12 -5.3446e-13 -4.8995e-13 8.9165e-13 -1.3352e-12 7.3373e-13 -3.6852e-13 7.1595e-13 5.8997e-13 1.6525e-13 4.9457e-13 7.3976e-13 -2.4016e-13 9.2896e-14 -9.1648e-14 8.3681e-14 2.0052e-13 -3.0352e-14 -1.1799e-13 -1.8992e-14 -8.048e-15 -1.2539e-15
1.5699e-12 1.582e-12 -6.9835e-13 -4.2506e-13 4.5458e-12 2.9171e-12 4.0978e-12 1.1534e-12 5.9826e-12 2.3329e-12 2.8966e-12 1.2063e-12 5.8611e-12 2.1269e-12 4.4887e-12 2.2655e-12 5.1735e-12 -1.105e-12 2.4403e-12 1.7104e-12 6.98e-13 -4.3345e-13 7.4814e-12 3.4366e-12 3.2793e-12 2.4803e-12 2.8045e-13 2.6031e-12 1.4154e-12 4.9173e-13 8.9247e-13 1.5928e-12 2.115e-13 1.2734e-11 -3.6102e-14 6.1573e-13 -1.1686e-12 2.3451e-12 1.3458e-12 1.8145e-12 -2.2196e-12 -1.3151e-12 -2.4869e-12 5.9669e-13 5.0221e-13 5.5249e-14 -7.4161e-13 -1.0377e-12 1.0032e-12 4.5464e-13 -4.6477e-13 1.4585e-12 -1.3901e-13 -6.0922e-14 -8.1569e-14 -1.2775e-12 -4.4339e-13 1.4176e-12 -1.6866e-13 3.1449e-14 1.1554e-13 4.2593e-13 2.9197e-13 -1.3903e-13 -2.0392e-13 1.3684e-13 -3.5814e-14 1.6296e-15 -1.7418e-14
-3.2001e-13 1.9585e-12 6.1769e-13 6.5312e-12 -1.2793e-12 2.3861e-12 1.702e-12 -6.9024e-13 1.5694e-12 3.1408e-12 -1.3419e-13 2.0562e-12 -3.706e-12 9.4558e-13 1.0841e-12 4.3138e-12 -2.3039e-12 1.2767e-12 -1.0963e-12 -7.427e-13 1.3404e-12 -9.7953e-13 -1.1478e-12 -2.0835e-13 -2.1596e-13 6.4705e-13 1.7651e-12 1.8529e-12 7.178e-13 1.0133e-12 -4.2869e-13 4.9291e-13 1.3592e-13 -3.6102e-14 6.8458e-12 1.5004e-12 1.4146e-12 1.3886e-13 1.4128e-12 -5.6307e-13 1.2545e-12 1.5566e-13 -1.7276e-12 -5.239e-13 8.1852e-13 1.9734e-13 3.5714e-13 2.0509e-13 5.4289e-13 3.9889e-13 -5.5525e-13 -3.1447e-13 -5.5036e-13 4.2574e-13 2.2047e-13 -2.4529e-13 -8.0483e-13 -3.7996e-13 7.5012e-14 4.1993e-13 -9.3551e-14 2.2375e-13 6.2575e-13 5.9184e-14 2.7271e-13 2.5934e-15 -3.8892e-15 -8.8701e-15 6.6869e-15
2.3328e-12 7.6671e-12 -2.6477e-12 -2.4613e-12 -1.103e-12 6.2037e-12 4.1818e-12 4.3461e-13 5.9558e-12 3.1084e-12 4.4883e-12 1.3417e-12 2.7822e-12 1.9493e-12 3.8296e-12 7.6915e-12 3.4998e-12 3.3832e-12 5.6659e-12 3.6489e-12 1.0866e-12 1.8104e-12 4.4429e-12 2.7998e-12 1.5075e-12 3.2975e-13 6.1418e-13 1.6737e-12 1.8787e-12 7.758e-13 -1.1308e-12 7.7325e-13 -1.3622e-13 6.1573e-13 1.5004e-12 1.0686e-11 1.2525e-12 -5.0041e-13 -6.2635e-13 1.0177e-12 2.5476e-12 1.1766e-12 6.0941e-13 -4.3144e-13 1.4127e-12 8.738e-13 6.739e-13 -2.1651e-13 -2.0758e-12 -9.5464e-13 6.7455e-13 -3.0696e-13 -1.882e-12 9.3999e-13 -4.4981e-13 5.6919e-13 4.5844e-13 8.2333e-14 1.0504e-13 4.2867e-13 1.2675e-13 3.9412e-13 -1.6558e-13 -1.2925e-13 -2.1376e-14 -1.5155e-13 -8.0575e-14 -2.2112e-14 -5.3338e-15
1.686e-12 3.2643e-12 -2.6362e-12 4.1938e-12 -4.9474e-12 3.9522e-12 7.5086e-13 3.2174e-12 5.7169e-12 3.2367e-13 5.2054e-12 6.128e-12 1.749e-12 4.354e-13 1.1025e-12 2.1686e-12 2.5812e-12 1.2263e-12 -3.9496e-14 2.1764e-12 -5.6637e-13 -2.1096e-15 2.4233e-12 1.8089e-12 8.7883e-13 1.355e-12 4.0878e-12 1.5125e-12 5.6636e-13 1.0281e-12 -1.7668e-12 -6.861e-13 1.9565e-12 -1.1686e-12 1.4146e-12 1.2525e-12 1.1152e-11 3.9864e-13 1.7541e-12 -1.3435e-13 2.16e-12 1.6783e-12 2.3504e-13 -7.1259e-13 1.0613e-12 2.0649e-12 1.1703e-12 1.3516e-12 -1.5016e-13 -1.6329e-12 1.5475e-12 -7.6829e-13 8.4636e-13 8.8876e-13 5.9576e-13 2.119e-12 6.6622e-13 3.9651e-13 1.5365e-13 -1.4706e-13 -7.8536e-14 -1.0208e-12 4.9997e-13 2.0671e-13 -7.3126e-14 -2.2458e-14 5.739e-14 -1.9248e-14 1.081e-15
3.7067e-12 1.2276e-12 2.3199e-12 2.8599e-12 3.1157e-12 -7.7618e-13 3.3417e-12 2.7385e-12 5.7156e-12 7.485e-13 1.9283e-12 3.7229e-12 2.6813e-12 8.5769e-12 1.3584e-12 1.6763e-12 4.2406e-12 1.9182e-12 2.3535e-12 4.1415e-12 -1.5601e-12 3.4926e-12 3.0998e-12 1.4059e-12 2.4132e-12 6.7561e-13 2.6782e-12 2.2691e-12 1.7013e-12 2.9885e-12 5.572e-13 5.4171e-13 1.1421e-12 2.3451e-12 1.3886e-13 -5.0041e-13 3.9864e-13 1.1853e-11 1.1217e-12 2.4401e-13 -2.1009e-13 2.7191e-12 -8.3724e-13 1.3089e-12 -8.3719e-13 5.9269e-13 1.2532e-12 -3.1002e-13 3.9428e-13 -2.6453e-12 -4.8465e-13 3.6471e-13 6.6067e-13 9.0894e-13 1.0568e-13 -1.0887e-12 5.0373e-14 5.2813e-13 4.5779e-13 4.9386e-13 -3.9173e-14 4.4457e-13 2.0766e-13 -3.3489e-13 9.3203e-14 -1.0493e-13 -6.8864e-15 -5.8256e-15 -6.8253e-16
1.6761e-12 2.2244e-12 2.3601e-12 3.1481e-12 -8.3585e-13 -6.0789e-13 -8.8519e-13 3.0633e-12 4.7944e-12 1.4433e-12 2.2378e-12 2.7437e-12 1.3124e-12 -2.3905e-13 1.1817e-12 -1.4636e-12 -1.724e-12 -9.8703e-13 -5.8056e-13 2.7214e-12 -1.6223e-12 -1.2496e-12 -5.3427e-13 -3.4682e-13 1.4271e-12 2.439e-12 2.1574e-12 1.5911e-12 -2.1172e-12 1.638e-12 -4.8438e-13 8.2307e-13 4.5832e-13 1.3458e-12 1.4128e-12 -6.2635e-13 1.7541e-12 1.1217e-12 4.9961e-12 2.7877e-13 8.1755e-14 6.1307e-13 5.5346e-13 -8.3654e-14 9.036e-13 6.5508e-13 7.1138e-13 -1.9106e-13 -3.2243e-13 9.5968e-14 6.3468e-13 2.338e-13 1.1013e-13 -8.4786e-13 6.4852e-13 3.2415e-13 3.8081e-13 7.9839e-15 9.9895e-14 4.0187e-13 1.8587e-13 1.8832e-13 2.8606e-13 -8.3703e-14 3.3554e-14 2.0132e-13 5.8155e-14 -1.3766e-14 8.8007e-16
2.3737e-12 -8.8105e-13 2.0665e-12 3.9034e-12 2.9284e-12 3.1617e-12 2.1423e-12 6.0257e-13 4.9598e-12 3.9196e-12 3.4869e-12 2.7126e-12 5.5237e-12 8.2179e-13 4.7721e-12 2.4285e-12 3.4965e-12 4.466e-12 -5.1047e-13 1.9977e-12 1.7842e-12 1.0566e-12 3.3993e-12 3.7492e-12 1.7695e-12 3.9236e-12 -1.011e-12 1.0336e-12 3.5313e-13 1.4233e-12 -9.9879e-13 -1.4744e-12 -7.4832e-13 1.8145e-12 -5.6307e-13 1.0177e-12 -1.3435e-13 2.4401e-13 2.7877e-13 9.6187e-12 1.0113e-12 9.5122e-13 5.5148e-13 1.1929e-13 6.0103e-13 -1.8023e-12 1.4481e-12 -1.2607e-12 1.005e-12 2.0449e-13 1.0171e-12 -1.8496e-14 -5.8846e-13 1.7473e-13 -2.479e-13 -2.2085e-13 -8.6224e-13 -5.1342e-13 -6.6488e-13 -1.8098e-13 3.2361e-13 5.6185e-13 -3.2273e-13 8.7621e-14 -2.3425e-13 -6.3489e-14 -6.6503e-15 1.3352e-14 -4.256e-15
3.1403e-12 4.1957e-12 -2.9144e-12 2.5878e-12 -1.5298e-12 5.7805e-12 1.4067e-12 4.3241e-13 3.8141e-12 -3.9815e-13 2.7066e-12 2.0276e-12 1.2755e-12 9.4627e-13 1.8572e-12 1.045e-12 -1.031e-12 1.4764e-12 1.6308e-12 1.3202e-12 1.137e-12 2.5439e-12 -9.9874e-13 -1.0347e-12 -6.0443e-14 -3.5423e-13 -3.1471e-13 7.0905e-13 -1.4042e-12 -3.9473e-13 -1.2305e-12 -1.8153e-12 -1.1055e-13 -2.2196e-12 1.2545e-12 2.5476e-12 2.16e-12 -2.1009e-13 8.1755e-14 1.0113e-12 6.8544e-12 9.7986e-13 1.5306e-12 -1.3876e-12 7.8101e-13 -6.1402e-13 1.4948e-12 3.253e-14 -9.7153e-13 -9.8553e-13 -1.1246e-12 -3.7832e-13 6.2784e-13 4.998e-14 -7.3442e-13 1.3034e-12 -4.133e-13 -7.9181e-13 -5.9641e-13 -5.5278e-13 -3.7795e-13 -2.4708e-13 6.0461e-13 -2.3014e-15 6.0105e-14 -8.3468e-14 -1.4876e-14 1.9208e-15 -4.8172e-15
-4.9002e-13 -6.8999e-13 1.2719e-14 2.7654e-12 -3.2409e-12 2.2683e-12 -5.1555e-13 2.6306e-12 1.5594e-12 -2.0728e-12 1.4467e-12 -1.3291e-13 5.2274e-13 1.8496e-12 3.3183e-13 1.0083e-13 2.1139e-12 2.7397e-12 6.3772e-13 6.1346e-13 -3.1347e-12 -1.2002e-13 -1.4086e-12 8.3176e-13 8.9725e-13 2.0006e-12 2.0497e-12 6.9494e-13 -1.6417e-12 1.1992e-12 -1.1548e-12 -9.1004e-13 5.5651e-13 -1.3151e-12 1.5566e-13 1.1766e-12 1.6783e-12 2.7191e-12 6.1307e-13 9.5122e-13 9.7986e-13 6.5635e-12 1.1134e-12 5.1391e-13 -1.4495e-12 3.4303e-13 -2.206e-13 -7.9831e-13 -1.377e-12 -5.3971e-13 9.3841e-13 -5.1895e-13 5.3609e-13 1.2082e-13 -5.1466e-14 -7.9348e-14 -3.3454e-13 -3.7132e-13 9.3471e-14 2.8462e-13 -2.4541e-13 -7.3451e-13 -9.0471e-14 -1.7573e-14 8.2018e-14 -7.2622e-14 -7.5574e-15 4.5711e-15 -6.4047e-15
3.8759e-13 -7.2673e-13 -1.0832e-12 1.0104e-12 -3.2116e-13 6.3086e-13 -2.8135e-12 3.0939e-13 7.0659e-13 -7.7051e-13 7.5131e-13 9.9039e-13 3.8622e-12 -1.1963e-12 2.359e-13 -9.7989e-13 2.879e-13 4.9283e-13 -5.2427e-13 -2.2576e-12 1.5988e-12 -4.1796e-12 5.9566e-13 -1.7473e-12 1.3782e-12 9.8478e-13 1.1108e-12 1.4797e-12 -1.8249e-12 2.4606e-13 1.7386e-12 -3.7614e-14 1.7815e-13 -2.4869e-12 -1.7276e-12 6.0941e-13 2.3504e-13 -8.3724e-13 5.5346e-13 5.5148e-13 1.5306e-12 1.1134e-12 7.4911e-12 -1.1814e-12 -1.9124e-12 -1.5202e-13 6.5915e-13 -1.1225e-12 -1.9857e-12 -1.0201e-12 1.4717e-12 -1.6512e-14 -2.1331e-13 4.1301e-13 -2.3419e-13 8.7667e-13 6.9225e-13 -2.6915e-13 -4.3209e-13 -7.0262e-13 -2.8327e-13 -1.8067e-13 -2.359e-14 6.277e-15 7.1243e-14 1.6685e-14 1.107e-15 -1.2049e-14 1.8271e-15
4.8083e-13 1.1899e-12 4.2502e-13 3.6134e-12 1.8049e-12 2.0075e-13 3.9946e-12 -3.2625e-13 -1.1028e-12 7.8545e-13 1.4501e-12 -1.0477e-12 -1.6275e-12 1.2019e-12 -2.4541e-13 -1.7305e-12 1.8891e-12 3.8424e-13 -3.9478e-13 6.5282e-15 -2.4525e-12 4.9083e-13 -6.2017e-13 1.4096e-12 1.9604e-12 1.1031e-12 9.2074e-13 1.2209e-13 -1.8775e-13 -7.8958e-13 7.3491e-13 5.6198e-13 1.966e-13 5.9669e-13 -5.239e-13 -4.3144e-13 -7.1259e-13 1.3089e-12 -8.3654e-14 1.1929e-13 -1.3876e-12 5.1391e-13 -1.1814e-12 3.9243e-12 5.5159e-13 1.0198e-12 -5.8394e-14 -2.9039e-13 -1.405e-14 7.8576e-13 3.2134e-13 3.8629e-13 -1.2817e-12 -9.9065e-13 5.6014e-13 -7.1504e-13 5.3918e-14 -2.9652e-13 1.1861e-13 2.0269e-13 1.2164e-13 -2.2995e-13 -1.4515e-13 6.5982e-14 7.8132e-14 -4.764e-14 -9.1425e-15 2.9976e-15 4.0236e-16
2.8568e-13 1.938e-12 1.4783e-12 1.4385e-12 1.2772e-12 1.5292e-13 2.4825e-12 -1.4468e-12 3.1636e-12 -9.0967e-13 1.5497e-12 2.7494e-12 1.3719e-12 -1.4498e-12 -2.855e-13 2.3749e-12 -8.0575e-13 7.6954e-13 3.7302e-13 2.004e-12 -3.2749e-13 1.7981e-12 7.8069e-13 2.353e-13 -1.8681e-13 -1.9483e-13 3.8253e-13 1.5393e-12 3.9385e-13 -1.1451e-12 -2.1222e-12 -3.1114e-13 -1.6643e-12 5.0221e-13 8.1852e-13 1.4127e-12 1.0613e-12 -8.3719e-13 9.036e-13 6.0103e-13 7.8101e-13 -1.4495e-12 -1.9124e-12 5.5159e-13 4.6647e-12 -5.1635e-13 4.9462e-13 9.1973e-13 1.3346e-13 6.4885e-13 -8.8583e-13 1.377e-12 -1.0322e-12 7.2153e-13 -4.4769e-14 5.0872e-13 3.6788e-13 -3.2354e-13 -2.5417e-13 2.8904e-13 3.222e-13 3.0121e-13 6.1434e-14 7.9508e-14 1.6054e-13 1.4226e-14 1.1578e-14 -5.4489e-15 3.4679e-15
-1.3774e-12 -3.4563e-14 -1.3468e-12 -1.2863e-12 -1.5449e-12 2.1144e-12 9.918e-13 1.0829e-12 1.5382e-12 -2.7752e-14 -5.5841e-13 -3.9114e-13 -1.2214e-12 1.3067e-12 6.0884e-13 -9.9586e-13 7.9838e-13 -1.9299e-12 4.6499e-13 1.2841e-12 -2.5898e-12 -5.0458e-13 5.0194e-13 1.6467e-12 1.0037e-12 -2.4358e-13 2.5794e-12 -1.039e-12 -1.4697e-13 3.1279e-14 4.0853e-13 1.3728e-12 5.3449e-13 5.5249e-14 1.9734e-13 8.738e-13 2.0649e-12 5.9269e-13 6.5508e-13 -1.8023e-12 -6.1402e-13 3.4303e-13 -1.5202e-13 1.0198e-12 -5.1635e-13 3.9669e-12 -2.9777e-13 4.8659e-13 -1.9999e-13 -1.0057e-12 -2.4091e-14 -1.3032e-12 -3.687e-13 -7.0709e-13 1.1344e-12 2.3119e-13 1.3741e-13 -3.8229e-13 3.4133e-13 5.2331e-13 -1.4576e-13 -4.6105e-13 3.2278e-14 -1.3928e-13 5.6538e-14 -3.3217e-14 4.7708e-14 -2.3236e-16 -4.1675e-15
2.0491e-12 2.6763e-12 -9.8442e-13 1.3928e-12 2.46e-12 4.135e-13 5.1716e-13 -1.1005e-12 4.6096e-12 -2.5573e-13 -7.1685e-13 2.5074e-12 1.9468e-13 1.2731e-12 -4.1529e-13 8.9834e-13 -1.062e-12 2.873e-13 -5.3268e-13 2.5959e-12 -1.2734e-12 2.0117e-12 5.2518e-13 -4.6211e-13 -3.9618e-13 -7.3744e-13 7.5621e-13 -2.6413e-13 3.5202e-13 1.3295e-12 7.6642e-13 2.049e-13 5.0791e-13 -7.4161e-13 3.5714e-13 6.739e-13 1.1703e-12 1.2532e-12 7.1138e-13 1.4481e-12 1.4948e-12 -2.206e-13 6.5915e-13 -5.8394e-14 4.9462e-13 -2.9777e-13 4.5995e-12 -5.1828e-13 7.9189e-14 -5.1599e-13 4.2624e-13 -1.2004e-13 5.9217e-14 -1.8857e-13 -8.8578e-14 3.8893e-13 -6.597e-13 -7.738e-13 -9.4638e-13 4.4358e-13 4.3173e-13 3.1708e-13 -3.8512e-13 -1.3183e-13 -5.8943e-14 5.632e-14 -2.3316e-14 -4.0567e-15 1.1092e-15
-2.0689e-12 3.8864e-12 -3.4726e-13 -3.7362e-13 -4.0534e-13 -1.1814e-12 8.5662e-13 -1.0226e-12 4.5226e-13 7.1671e-13 -1.7761e-12 7.6149e-13 -1.1236e-12 -5.6857e-13 -1.4507e-12 4.2957e-13 -8.9764e-13 -4.6301e-14 -4.3706e-13 7.3643e-15 6.6611e-14 8.8129e-13 -1.4702e-12 -1.9033e-13 7.9243e-13 -1.3306e-12 -7.0044e-14 2.1703e-13 3.6264e-13 -1.559e-13 -1.4813e-12 2.305e-13 1.5288e-12 -1.0377e-12 2.0509e-13 -2.1651e-13 1.3516e-12 -3.1002e-13 -1.9106e-13 -1.2607e-12 3.253e-14 -7.9831e-13 -1.1225e-12 -2.9039e-13 9.1973e-13 4.8659e-13 -5.1828e-13 3.5899e-12 5.4646e-13 1.4548e-13 -8.9532e-13 -7.0101e-13 1.6708e-13 1.0033e-12 -2.7511e-13 5.5149e-13 3.5655e-13 2.9754e-13 9.5763e-13 2.2204e-13 -1.755e-13 -2.3429e-13 2.8253e-13 1.7442e-13 1.2549e-13 -7.6015e-14 2.1362e-14 -4.6748e-15 3.025e-15
1.0559e-12 -2.6549e-12 1.0386e-12 -1.3994e-12 1.243e-12 -2.0566e-12 2.9808e-12 5.7405e-13 -1.3905e-12 1.2555e-12 -1.2671e-12 2.6659e-13 -1.8904e-14 1.7269e-12 -1.644e-13 5.5162e-13 -2.8852e-12 -2.4679e-14 -9.5803e-13 7.8533e-13 1.0477e-12 -3.4548e-13 1.4359e-12 1.4685e-14 8.7426e-13 2.8328e-13 -8.33e-14 -4.3111e-13 1.5347e-12 1.4157e-12 -1.3199e-13 -7.7247e-14 -5.3446e-13 1.0032e-12 5.4289e-13 -2.0758e-12 -1.5016e-13 3.9428e-13 -3.2243e-13 1.005e-12 -9.7153e-13 -1.377e-12 -1.9857e-12 -1.405e-14 1.3346e-13 -1.9999e-13 7.9189e-14 5.4646e-13 3.8435e-12 5.4921e-13 -9.3488e-13 4.3261e-13 6.9845e-14 -3.2313e-13 1.2712e-13 -6.5607e-13 -6.4536e-14 -9.0385e-14 8.2353e-13 3.5677e-13 8.3396e-14 -1.2324e-13 1.379e-13 3.767e-14 -8.5678e-14 2.0982e-14 -1.4852e-15 1.1345e-14 4.5545e-15
-1.3934e-12 -1.0351e-12 -5.2251e-14 1.3927e-12 2.2452e-13 9.6389e-13 2.1803e-13 -2.4858e-12 -2.0886e-12 -2.422e-13 -6.1628e-13 -6.0891e-13 -6.6417e-13 -8.9778e-13 -8.4405e-13 3.3086e-14 -1.4879e-12 3.6459e-13 -9.9133e-13 -1.4945e-12 7.1963e-13 1.1292e-14 -1.7723e-12 -1.1019e-13 9.2909e-13 1.1056e-12 -1.7389e-12 -4.0308e-13 -3.1471e-13 -1.177e-12 8.4217e-13 -2.3785e-13 -4.8995e-13 4.5464e-13 3.9889e-13 -9.5464e-13 -1.6329e-12 -2.6453e-12 9.5968e-14 2.0449e-13 -9.8553e-13 -5.3971e-13 -1.0201e-12 7.8576e-13 6.4885e-13 -1.0057e-12 -5.1599e-13 1.4548e-13 5.4921e-13 3.1983e-12 3.0674e-13 8.6412e-13 -2.7939e-13 -5.9412e-13 -4.1627e-13 -8.2565e-13 -3.4297e-13 2.7088e-13 2.3823e-13 2.0414e-14 -4.4459e-14 1.1768e-13 -1.6627e-13 2.0812e-13 6.941e-14 -2.4392e-14 8.1146e-15 1.1919e-15 1.3551e-15
5.7319e-13 -1.3149e-12 9.0199e-13 9.5262e-13 -1.5258e-12 1.8155e-12 -9.5842e-13 -1.8482e-12 1.5899e-13 -2.5289e-13 1.0241e-12 8.1462e-13 -3.5054e-13 4.3654e-13 -1.818e-12 5.3583e-13 6.2601e-13 -5.9324e-15 -2.7124e-12 -9.9378e-13 6.2296e-13 -1.6427e-14 -1.245e-12 -1.0725e-12 -5.2657e-13 1.0767e-12 5.8299e-13 -5.9324e-13 -2.9164e-13 7.3764e-13 5.0906e-13 7.1409e-13 8.9165e-13 -4.6477e-13 -5.5525e-13 6.7455e-13 1.5475e-12 -4.8465e-13 6.3468e-13 1.0171e-12 -1.1246e-12 9.3841e-13 1.4717e-12 3.2134e-13 -8.8583e-13 -2.4091e-14 4.2624e-13 -8.9532e-13 -9.3488e-13 3.0674e-13 4.4597e-12 -2.7091e-13 -8.6273e-13 1.8725e-13 1.0145e-12 -4.8196e-13 4.9354e-13 6.8046e-14 2.3081e-13 -5.0027e-13 4.4616e-13 3.0304e-13 -1.5537e-13 2.8423e-13 9.8892e-14 -6.7788e-14 9.0961e-15 -5.14e-15 -5.7286e-17
