4.7314e-11 4.0135e-11 3.4011e-11 3.9287e-11 3.9234e-11 4.2922e-11 4.6286e-11 3.6121e-11 4.2989e-11 3.3082e-11 4.39e-11 4.483e-11 3.5338e-11 3.866e-11 4.338e-11 4.4937e-11 3.3607e-11 4.2467e-11 3.3238e-11 3.9861e-11 3.1096e-11 3.7959e-11 4.08e-11 2.9882e-11 3.7952e-11 3.6339e-11 4.0746e-11 3.6624e-11 3.5203e-11 4.1196e-11 4.1227e-11 4.9838e-11 4.1291e-11 3.7599e-11 3.6023e-11 3.7615e-11 3.3902e-11 3.5655e-11 3.2523e-11 3.386e-11 3.3429e-11 2.3419e-11 2.968e-11 3.0195e-11 2.9488e-11 2.9585e-11 2.2672e-11 2.8762e-11 1.2346e-11 2.8358e-11 2.3172e-11 1.9288e-11 1.8934e-11 1.7687e-11 1.5454e-11 1.6498e-11 9.6926e-12 1.0531e-11 7.1758e-12 1.0486e-11 1.0825e-11 1.0915e-11 9.2116e-12 1.8239e-11 7.3749e-12 8.5384e-12 6.5987e-12 7.3582e-12 7.0364e-12 8.5383e-12 6.539e-12 7.3709e-12 1.1437e-11 8.5268e-13 8.8454e-12 5.9254e-12 1.1262e-11 5.8277e-12 5.3142e-12 -3.3978e-12 4.61e-12 8.9969e-12 7.15e-12 5.4007e-12 3.8855e-12 5.0762e-12 1.0196e-11 -2.5039e-12 8.3687e-12 -3.8035e-13 2.6549e-12 -2.2916e-12 2.3383e-12 4.0377e-12 3.4089e-12 3.8561e-12 3.9814e-12 3.9425e-12 -8.774e-13 3.1808e-12 2.8028e-12 -3.1893e-12 2.89e-12 2.7634e-12 3.0855e-12 3.402e-12 1.0998e-12 2.5481e-12 -1.3255e-12 -5.2022e-13 -4.7303e-13 1.1579e-12 7.1012e-12 8.9731e-13 1.1742e-12 1.7454e-12 1.6468e-13 -1.0021e-12 -2.1935e-12 3.9559e-12 4.6858e-12 2.3884e-13 3.5676e-12 2.186e-12 6.0718e-13 6.8629e-14 1.0042e-12 3.41e-12 3.0324e-12 1.8681e-12 -2.377e-12 -3.15e-12 6.8834e-14 4.1496e-12 -1.6299e-12 6.8665e-13 -3.534e-12 -4.3383e-14 -3.1328e-13 2.1496e-12 -2.0971e-12 2.774e-12 2.0975e-12 -1.8535e-12 1.4014e-12 -1.1737e-12 2.1575e-12 1.3154e-12 1.317e-12 -1.5166e-12 6.9945e-13 7.6678e-13 -1.7322e-13 -1.6961e-13 8.1695e-13 2.2034e-13 1.0571e-12 8.7124e-13 -2.1087e-13 5.3572e-13 4.1502e-13 -9.685e-14 2.9492e-13 -2.8613e-13 -8.5568e-15 2.9739e-13
4.0135e-11 5.2333e-11 3.9151e-11 4.1702e-11 4.1225e-11 4.4924e-11 5.3739e-11 4.0267e-11 4.5352e-11 3.3483e-11 4.8868e-11 4.0861e-11 3.6962e-11 3.9869e-11 4.2391e-11 4.4254e-11 3.6184e-11 4.5058e-11 3.7107e-11 3.7204e-11 3.4507e-11 3.8395e-11 4.0229e-11 3.4623e-11 4.1598e-11 3.3791e-11 4.2531e-11 3.6463e-11 3.6868e-11 3.8845e-11 4.4656e-11 5.1233e-11 3.6925e-11 3.9872e-11 3.6805e-11 3.9815e-11 3.5138e-11 3.7248e-11 3.3254e-11 3.1948e-11 3.4223e-11 2.4863e-11 3.0396e-11 3.3893e-11 3.0655e-11 3.2011e-11 2.0477e-11 2.3661e-11 1.4934e-11 3.3855e-11 2.196e-11 1.8639e-11 1.9234e-11 1.5277e-11 1.6264e-11 1.297e-11 1.2601e-11 1.1338e-11 1.263e-11 1.3729e-11 1.2062e-11 9.3919e-12 1.2925e-11 1.3574e-11 8.71e-12 5.8776e-12 9.769e-12 8.4559e-12 1.3847e-11 6.9423e-12 2.8298e-12 1.1122e-11 1.2754e-11 -3.225e-13 8.7075e-12 7.3585e-12 1.4785e-11 8.1391e-12 7.2642e-12 -1.84e-13 5.0851e-12 1.0206e-11 8.0393e-12 3.0498e-12 2.1467e-12 2.8311e-12 1.1202e-11 -2.6952e-12 6.7304e-12 4.8355e-13 1.8663e-12 -4.0749e-13 1.142e-12 5.5332e-12 3.1756e-12 5.7024e-12 1.2995e-12 4.0527e-12 -3.2569e-12 -8.1089e-13 4.9249e-12 -1.6334e-12 1.9812e-12 1.0968e-12 3.1306e-12 3.0226e-12 -4.7666e-13 4.1774e-12 -6.054e-13 -1.5003e-13 -1.282e-12 -2.6224e-12 6.9449e-12 -3.3128e-13 2.7791e-12 3.2856e-12 1.3416e-12 -4.1613e-13 -2.6583e-12 3.4286e-12 6.4789e-12 1.0906e-12 6.9973e-13 8.3071e-13 1.1639e-12 -1.1489e-12 -7.848e-13 2.1782e-12 3.7391e-12 1.1384e-12 -1.4771e-12 -1.7614e-12 -7.5012e-13 2.8649e-12 -1.5508e-12 9.5792e-13 -2.8359e-12 1.2442e-12 -1.2271e-13 1.7446e-12 -2.6573e-12 1.9544e-12 1.495e-12 -5.0263e-13 -1.0988e-12 -3.3471e-12 3.6497e-12 -1.026e-13 1.8287e-12 2.7016e-13 1.2282e-13 1.5646e-12 -6.236e-13 -6.1089e-13 1.5873e-12 4.1114e-13 6.1395e-13 7.2744e-13 2.284e-13 -7.5245e-14 3.1062e-13 1.5888e-13 1.05e-13 -1.1478e-13 -2.7493e-14 1.3148e-13
3.4011e-11 3.9151e-11 3.8295e-11 3.2303e-11 3.2988e-11 3.6443e-11 4.2309e-11 3.0806e-11 3.7784e-11 2.6258e-11 3.9209e-11 3.6422e-11 2.9938e-11 3.1799e-11 3.5765e-11 3.7501e-11 2.8227e-11 3.9181e-11 3.1909e-11 3.0431e-11 2.7951e-11 3.0303e-11 3.4545e-11 2.6467e-11 3.3372e-11 2.8208e-11 3.5368e-11 3.1318e-11 2.9114e-11 3.1893e-11 3.489e-11 4.3775e-11 3.4887e-11 3.101e-11 3.2223e-11 3.3241e-11 2.8488e-11 2.979e-11 2.9587e-11 2.3773e-11 2.9023e-11 1.8549e-11 2.4574e-11 2.7665e-11 2.3409e-11 2.3258e-11 1.63e-11 2.1651e-11 1.0242e-11 2.5198e-11 2.076e-11 1.5791e-11 1.6548e-11 1.1858e-11 1.5101e-11 9.6445e-12 1.1267e-11 4.2152e-12 9.3475e-12 1.0894e-11 1.0703e-11 8.0619e-12 1.0038e-11 1.533e-11 5.4128e-12 5.7364e-12 7.1333e-12 8.3315e-12 9.4361e-12 6.394e-12 4.8941e-12 7.2679e-12 9.4606e-12 3.8544e-12 7.5917e-12 5.319e-12 1.1137e-11 6.399e-12 7.6115e-12 4.8079e-13 4.6364e-12 4.8037e-12 5.0318e-12 -5.8142e-13 3.0851e-12 5.2117e-12 5.4905e-12 -4.147e-12 6.003e-12 1.8493e-12 9.2861e-13 -2.3031e-12 3.0224e-12 4.2938e-12 2.7471e-12 6.2502e-12 1.8508e-12 4.7457e-12 -3.6417e-12 -7.3743e-13 7.1778e-13 -2.2774e-12 2.62e-12 7.0283e-13 1.8196e-12 3.8745e-12 1.2742e-12 3.8201e-12 -7.8081e-13 -2.2763e-12 7.4414e-13 -2.223e-12 6.4178e-12 2.0468e-13 3.1818e-12 2.9156e-12 -3.8996e-13 3.289e-15 -1.9415e-12 4.7174e-12 5.0925e-12 1.3438e-12 1.2813e-12 1.9619e-13 2.2448e-12 -1.7204e-12 -2.5736e-13 3.1634e-12 2.6057e-12 1.5992e-13 -1.1383e-12 -5.738e-13 -7.6894e-13 2.4471e-12 -2.0601e-12 4.4132e-13 -2.646e-12 1.1566e-12 -3.3542e-13 2.3234e-12 -1.3786e-12 3.1513e-12 8.6083e-13 -8.7477e-13 -9.1369e-13 -1.7224e-12 2.4047e-12 -8.9179e-13 2.6707e-14 1.5095e-12 5.7331e-13 1.1814e-12 -2.8319e-13 -5.2656e-13 1.2395e-12 2.1853e-13 8.1829e-13 8.0841e-13 2.1768e-14 9.4379e-14 3.1059e-13 -1.2349e-13 1.9144e-13 1.8111e-14 -1.0927e-14 1.7984e-13
3.9287e-11 4.1702e-11 3.2303e-11 4.3392e-11 3.7687e-11 4.0919e-11 4.7271e-11 3.6299e-11 4.2515e-11 3.3033e-11 4.6172e-11 3.9767e-11 3.3368e-11 3.767e-11 4.1236e-11 4.3856e-11 3.489e-11 4.0708e-11 3.4757e-11 3.725e-11 3.2034e-11 3.8755e-11 3.9208e-11 2.8891e-11 3.7492e-11 3.5781e-11 3.919e-11 3.6552e-11 3.5376e-11 4.085e-11 3.9718e-11 4.6044e-11 3.7042e-11 3.647e-11 3.6322e-11 3.5509e-11 3.3437e-11 3.7788e-11 2.8571e-11 2.9417e-11 3.1204e-11 2.3188e-11 2.8827e-11 2.8232e-11 3.036e-11 3.051e-11 2.3384e-11 2.4407e-11 1.4251e-11 2.9672e-11 2.0273e-11 1.5565e-11 1.8292e-11 1.5947e-11 1.4054e-11 1.7183e-11 1.2588e-11 1.3633e-11 9.9083e-12 1.2867e-11 1.1162e-11 9.7095e-12 1.2102e-11 1.346e-11 8.7565e-12 7.5996e-12 8.7062e-12 4.7044e-12 8.167e-12 6.4641e-12 3.4409e-12 7.2098e-12 1.0263e-11 -8.8049e-13 7.6067e-12 7.1059e-12 8.7592e-12 6.4541e-12 5.8585e-12 -9.2813e-13 4.1641e-12 9.5736e-12 5.4415e-12 3.857e-12 1.7073e-12 5.9135e-12 8.4799e-12 -9.3961e-13 8.191e-12 -7.4745e-13 3.1335e-12 -1.2416e-12 1.4987e-12 3.8278e-12 2.4725e-12 6.5635e-12 2.1654e-12 3.6024e-12 -2.1293e-12 1.0962e-12 4.3002e-12 -2.1318e-12 2.9571e-12 1.8974e-12 2.2306e-12 1.6233e-12 -1.3423e-12 3.3783e-12 -1.8002e-12 2.4749e-13 -1.8311e-13 -1.218e-12 5.884e-12 -1.8776e-13 7.5778e-13 2.9433e-12 1.8154e-12 -4.9071e-13 -5.8755e-13 3.643e-12 6.094e-12 -4.9003e-13 2.3587e-12 7.5286e-13 -5.812e-14 -5.2325e-13 -1.1567e-13 1.936e-12 2.4011e-12 1.7832e-13 -3.2209e-12 -2.52e-12 1.0576e-13 3.1837e-12 -1.6879e-12 4.4655e-13 -2.6267e-12 -3.6958e-14 5.7861e-13 1.8954e-12 -2.8748e-12 2.3374e-12 1.8204e-12 1.3652e-13 -4.6065e-14 -2.3381e-12 1.8552e-12 6.6962e-13 3.0426e-12 -2.2861e-13 7.3178e-14 8.6588e-13 -8.8093e-13 -2.3833e-13 1.3316e-12 5.2551e-13 9.3524e-13 8.7041e-13 -5.3448e-14 2.4715e-13 1.4982e-13 2.9623e-13 1.7587e-13 -1.6876e-13 1.3387e-13 2.7862e-13
3.9234e-11 4.1225e-11 3.2988e-11 3.7687e-11 4.374e-11 3.9344e-11 4.5074e-11 3.5135e-11 4.2591e-11 3.059e-11 4.0527e-11 4.1139e-11 3.2944e-11 3.5902e-11 3.9932e-11 4.2033e-11 3.1243e-11 4.2979e-11 3.3446e-11 3.6883e-11 2.9852e-11 3.5079e-11 3.7766e-11 2.9287e-11 3.6371e-11 2.9868e-11 3.7001e-11 3.288e-11 3.366e-11 3.8373e-11 3.8452e-11 4.4548e-11 3.7478e-11 3.5159e-11 3.4282e-11 3.3844e-11 3.5677e-11 3.5015e-11 2.7168e-11 2.8271e-11 3.4242e-11 2.454e-11 2.7876e-11 2.944e-11 2.5357e-11 3.2768e-11 2.1098e-11 2.2184e-11 1.3266e-11 3.0937e-11 1.7795e-11 1.5986e-11 1.6827e-11 1.4919e-11 1.5851e-11 1.4369e-11 1.091e-11 1.073e-11 6.1199e-12 9.2027e-12 9.454e-12 1.1968e-11 1.2419e-11 1.6838e-11 8.5579e-12 6.1094e-12 7.8322e-12 5.6641e-12 8.8081e-12 7.1242e-12 1.9675e-12 3.9951e-12 8.4278e-12 -3.3687e-13 7.2986e-12 6.5389e-12 9.49e-12 6.9246e-12 6.4087e-12 8.4383e-13 5.0417e-12 7.3849e-12 7.4595e-12 4.8002e-12 3.2262e-12 5.5874e-12 9.4271e-12 -3.6086e-12 4.6071e-12 5.2118e-13 3.1309e-12 -8.6797e-13 1.3045e-12 4.4409e-12 2.2831e-12 6.4151e-12 1.1963e-12 4.2675e-12 -9.6848e-13 1.3684e-12 2.7372e-12 -2.1438e-13 1.9803e-12 6.0822e-13 7.6656e-13 3.0044e-12 8.327e-13 3.8833e-12 9.2486e-14 -1.1176e-12 -7.0472e-13 -2.6549e-13 6.3802e-12 1.1785e-12 2.561e-12 3.0738e-12 1.6438e-12 1.5986e-13 -1.6386e-12 3.5696e-12 4.7965e-12 2.6379e-13 3.2552e-12 5.6095e-13 -2.1058e-14 -2.3058e-13 8.5814e-13 2.0455e-12 3.2544e-12 8.5692e-13 -2.459e-12 -6.3586e-13 -1.2444e-12 3.4516e-12 -1.5737e-12 1.8312e-12 -3.7378e-12 2.0684e-12 1.7972e-13 3.4747e-13 -2.8328e-12 6.8562e-13 2.8274e-12 6.3051e-14 -1.3528e-12 -2.5815e-12 1.8517e-12 5.3109e-13 1.4329e-12 -1.0088e-12 3.1042e-13 1.349e-12 -5.1077e-13 -2.9105e-13 5.7499e-13 5.2532e-13 1.2666e-12 1.0293e-12 -5.8776e-13 -9.526e-15 5.3324e-13 3.2163e-13 8.1651e-14 -8.1273e-14 8.1007e-14 2.7093e-13
4.2922e-11 4.4924e-11 3.6443e-11 4.0919e-11 3.9344e-11 5.0352e-11 4.9841e-11 3.7893e-11 4.4617e-11 3.219e-11 4.9238e-11 4.4539e-11 3.6758e-11 4.0889e-11 4.5961e-11 4.6694e-11 3.4129e-11 4.0046e-11 3.3999e-11 4.0373e-11 3.4476e-11 3.6683e-11 3.8782e-11 3.225e-11 3.6783e-11 3.7076e-11 4.3493e-11 3.6733e-11 3.6011e-11 4.212e-11 4.2028e-11 4.8308e-11 4.0232e-11 3.7774e-11 3.8576e-11 4.0968e-11 3.7376e-11 3.6996e-11 3.3001e-11 3.0843e-11 3.6903e-11 2.4401e-11 3.0523e-11 3.1743e-11 3.1649e-11 3.2376e-11 2.1199e-11 2.5852e-11 1.4167e-11 3.2488e-11 2.431e-11 1.6003e-11 2.0392e-11 1.5706e-11 1.4829e-11 1.733e-11 1.4093e-11 9.7792e-12 1.1639e-11 1.2216e-11 1.2575e-11 8.4006e-12 1.2284e-11 1.8022e-11 5.9012e-12 7.7313e-12 7.1264e-12 6.779e-12 1.3355e-11 9.0555e-12 5.1687e-12 8.0592e-12 9.5043e-12 9.321e-13 1.2286e-11 8.7911e-12 9.2719e-12 7.1245e-12 7.9535e-12 -1.5029e-12 6.1471e-12 8.7697e-12 7.7831e-12 2.4415e-12 2.8209e-12 3.2905e-12 9.1386e-12 -3.243e-12 8.6798e-12 1.2645e-12 9.5193e-13 -3.5839e-12 1.3896e-12 5.8612e-12 3.2873e-12 5.2278e-12 3.4913e-12 3.628e-12 -3.5343e-13 1.2435e-12 5.3921e-12 -4.0387e-12 4.6047e-12 1.6815e-12 1.7306e-12 1.3864e-12 3.7873e-13 8.7389e-13 -6.3011e-13 4.4477e-13 6.6449e-13 -1.4517e-12 8.2265e-12 5.163e-13 1.4778e-12 3.7283e-12 7.055e-13 1.487e-12 -3.6019e-12 4.487e-12 5.8623e-12 -3.0379e-13 1.6383e-12 1.1798e-12 2.2173e-12 -2.1691e-12 -2.7283e-13 2.8569e-12 3.1824e-12 -1.8575e-13 -3.5679e-12 -1.3959e-12 -1.4552e-13 3.7519e-12 -1.7345e-12 1.2781e-12 -3.7327e-12 5.2847e-13 -9.2231e-15 2.1622e-12 -1.7473e-12 3.7732e-12 1.8104e-12 -6.6227e-13 1.2127e-13 -2.0627e-12 2.6153e-12 5.5291e-13 1.981e-12 -1.1641e-12 2.866e-14 1.6469e-12 -5.032e-13 -1.0635e-12 1.1072e-12 4.3055e-13 4.8491e-13 6.2861e-13 -9.5447e-15 3.8149e-13 1.1331e-13 -2.3058e-13 1.2216e-13 -3.0732e-13 1.9407e-13 6.9489e-14
4.6286e-11 5.3739e-11 4.2309e-11 4.7271e-11 4.5074e-11 4.9841e-11 6.4461e-11 4.4582e-11 5.0692e-11 3.9982e-11 5.5737e-11 4.6844e-11 4.3099e-11 4.7354e-11 5.0798e-11 5.2536e-11 4.013e-11 4.733e-11 4.195e-11 4.4777e-11 4.1123e-11 4.5162e-11 4.8583e-11 3.7296e-11 4.539e-11 4.1757e-11 5.0249e-11 4.4293e-11 4.3339e-11 4.4902e-11 4.7745e-11 5.6688e-11 4.613e-11 4.663e-11 4.2384e-11 4.4998e-11 4.1563e-11 4.5829e-11 3.8335e-11 3.4443e-11 3.9363e-11 2.7612e-11 3.1888e-11 3.7e-11 3.3163e-11 3.4407e-11 2.6308e-11 2.7291e-11 1.7565e-11 3.5131e-11 2.6929e-11 2.1227e-11 2.441e-11 1.7844e-11 1.608e-11 1.8724e-11 1.5872e-11 1.1438e-11 1.2203e-11 1.4262e-11 1.4505e-11 9.7903e-12 1.3252e-11 1.6941e-11 9.8592e-12 6.6457e-12 1.0498e-11 5.7575e-12 1.4327e-11 9.2248e-12 3.6858e-12 9.1116e-12 1.5278e-11 -1.0237e-13 8.948e-12 7.9793e-12 1.2949e-11 8.107e-12 8.2148e-12 -2.8829e-13 6.2202e-12 9.7497e-12 8.782e-12 2.1187e-12 4.6272e-12 7.3672e-12 1.0407e-11 -1.6775e-12 9.0036e-12 1.7894e-12 -6.6276e-13 -1.7865e-12 4.9646e-14 5.7515e-12 4.2749e-12 7.3719e-12 5.7052e-13 4.6271e-12 -2.3895e-12 1.7062e-12 4.5477e-12 -3.1451e-12 1.9908e-12 7.4925e-13 2.5929e-12 4.5224e-12 -9.1235e-14 4.9174e-12 -2.9007e-13 2.6632e-13 -3.6332e-13 -1.5501e-12 8.1436e-12 -4.7915e-13 2.7184e-12 3.8415e-12 8.2938e-13 8.2285e-13 -3.8651e-12 3.7596e-12 6.7095e-12 -6.3473e-13 1.3518e-12 1.166e-12 1.4012e-12 -1.4564e-12 -4.124e-13 2.5121e-12 4.8439e-12 5.938e-13 -1.4491e-12 -3.0508e-12 -2.7257e-14 3.7846e-12 -1.5348e-12 1.3424e-13 -4.1224e-12 4.5501e-13 -1.0487e-12 1.5625e-12 -1.9863e-12 1.7865e-12 1.5313e-12 3.331e-13 -1.3657e-12 -2.5878e-12 3.37e-12 1.8598e-13 2.0882e-12 4.9983e-13 5.3118e-13 1.81e-12 -1.3079e-12 -9.4544e-13 1.8022e-12 4.5846e-13 7.186e-13 1.0709e-12 2.0111e-13 3.2576e-13 -2.8142e-14 -4.6041e-14 1.549e-13 -3.029e-13 7.3174e-14 2.8448e-13
3.6121e-11 4.0267e-11 3.0806e-11 3.6299e-11 3.5135e-11 3.7893e-11 4.4582e-11 3.8677e-11 4.04e-11 3.2193e-11 4.2113e-11 3.8803e-11 3.1989e-11 3.6726e-11 3.8887e-11 4.0159e-11 3.1118e-11 3.892e-11 3.3941e-11 3.3968e-11 2.9015e-11 3.4905e-11 3.7249e-11 2.9386e-11 3.5704e-11 3.167e-11 3.7465e-11 3.3159e-11 3.3708e-11 3.6006e-11 3.7409e-11 4.2024e-11 3.5481e-11 3.4551e-11 3.4998e-11 3.5157e-11 3.0334e-11 3.5558e-11 2.7995e-11 2.8969e-11 3.2425e-11 2.3243e-11 2.5272e-11 2.7566e-11 2.5275e-11 2.9255e-11 1.9379e-11 2.1962e-11 1.423e-11 2.4399e-11 1.8729e-11 1.7464e-11 1.8951e-11 1.6913e-11 1.3506e-11 1.5543e-11 1.1887e-11 1.1177e-11 9.4179e-12 1.1938e-11 1.1956e-11 8.8932e-12 1.1729e-11 1.3502e-11 8.2843e-12 7.5908e-12 6.7939e-12 6.5888e-12 8.4693e-12 6.2927e-12 2.478e-12 7.3717e-12 1.4329e-11 -2.1506e-12 8.5826e-12 8.8895e-12 1.048e-11 7.0115e-12 5.5119e-12 -1.0164e-12 6.242e-12 1.0847e-11 6.9309e-12 3.5209e-12 1.1234e-12 7.3385e-12 8.0468e-12 -1.0131e-12 7.2444e-12 2.044e-12 1.557e-12 -3.5152e-12 3.0315e-12 4.9774e-12 9.6472e-13 4.4203e-12 -5.8084e-15 3.3199e-12 -1.9147e-14 -8.2246e-13 4.204e-12 -1.3763e-12 1.1489e-12 3.9596e-13 9.0934e-13 2.2036e-12 -7.4133e-13 3.6051e-12 -1.4386e-12 1.5091e-13 -3.0342e-13 -2.0481e-12 5.9623e-12 5.7884e-13 2.0101e-12 1.8573e-12 -9.2892e-13 1.8397e-13 -2.5897e-12 2.5416e-12 6.2459e-12 2.1372e-13 7.8115e-13 1.6817e-12 5.7825e-13 -1.2483e-12 2.4251e-13 1.4911e-12 3.3952e-12 1.2409e-12 -2.2308e-12 -2.0874e-12 7.423e-13 3.3023e-12 -2.8911e-12 4.3824e-13 -3.3424e-12 3.6235e-13 3.2551e-13 1.7544e-12 -2.267e-12 1.5167e-12 1.7812e-12 -4.5513e-13 -4.7592e-13 -2.4179e-12 2.5811e-12 8.5749e-13 1.4943e-12 -4.9252e-14 6.0921e-14 1.7632e-12 -1.2838e-12 -8.5077e-14 5.9812e-13 4.0021e-13 5.2168e-13 5.8159e-13 2.3292e-13 3.8336e-13 1.8989e-13 1.782e-13 2.5001e-13 7.8274e-15 -7.8372e-14 1.6055e-13
4.2989e-11 4.5352e-11 3.7784e-11 4.2515e-11 4.2591e-11 4.4617e-11 5.0692e-11 4.04e-11 5.2148e-11 3.2902e-11 4.6466e-11 4.5744e-11 3.5758e-11 4.1083e-11 4.5469e-11 4.7636e-11 3.3243e-11 4.5065e-11 3.8551e-11 4.0313e-11 3.3837e-11 3.8893e-11 4.3338e-11 3.202e-11 3.9061e-11 3.4246e-11 4.2406e-11 3.8883e-11 3.748e-11 4.0238e-11 4.1777e-11 4.7445e-11 4.3797e-11 3.8446e-11 4.0178e-11 3.9334e-11 3.6411e-11 3.9117e-11 2.9472e-11 3.2196e-11 3.6958e-11 2.5803e-11 2.9115e-11 3.1223e-11 3.0381e-11 3.3261e-11 2.1179e-11 2.7066e-11 1.4989e-11 2.9868e-11 2.0898e-11 1.7803e-11 2.2009e-11 2.272e-11 1.7946e-11 1.6438e-11 1.3026e-11 1.2096e-11 8.9474e-12 1.1413e-11 1.4262e-11 1.2732e-11 1.14e-11 1.6579e-11 9.7321e-12 7.6876e-12 8.2515e-12 6.6165e-12 7.5431e-12 8.357e-12 4.6762e-12 6.8303e-12 1.2374e-11 7.5802e-13 8.9328e-12 8.6749e-12 1.184e-11 6.8414e-12 6.5398e-12 -7.4218e-13 6.5728e-12 8.4746e-12 6.5545e-12 1.8713e-12 1.6174e-12 6.185e-12 8.8262e-12 -4.8663e-12 8.6194e-12 1.4933e-12 2.4701e-12 -3.5283e-12 3.1222e-12 5.0882e-12 2.1659e-12 7.7041e-12 1.2485e-12 6.0036e-12 -1.4826e-12 1.5208e-12 3.333e-12 -1.8974e-12 2.06e-12 -2.6572e-13 4.2904e-12 3.702e-12 -1.9088e-13 4.0237e-12 -9.6212e-13 -1.3641e-13 -1.8293e-13 -1.6664e-12 7.0105e-12 1.9267e-12 1.6464e-12 2.4618e-12 1.6524e-12 1.2817e-12 -1.9229e-12 3.3836e-12 7.5387e-12 3.0838e-13 9.0907e-13 2.2205e-12 9.5302e-13 -5.1177e-13 4.7915e-13 2.7579e-12 2.967e-12 1.2146e-13 -3.5112e-12 -2.082e-12 -7.3491e-13 4.1388e-12 -2.5324e-12 1.7799e-13 -4.487e-12 5.6105e-13 5.4491e-13 1.7179e-12 -2.6865e-12 2.5775e-12 2.8834e-12 1.183e-13 -6.7177e-13 -2.9659e-12 1.6469e-12 -4.8472e-14 1.5659e-12 2.7502e-13 2.0105e-14 1.6999e-12 -8.3449e-13 1.1788e-14 5.4283e-13 6.8398e-13 7.2677e-13 7.7858e-13 2.466e-13 3.3711e-14 3.8906e-13 1.5286e-13 1.4831e-13 -1.1486e-14 3.9815e-14 1.4169e-13
3.3082e-11 3.3483e-11 2.6258e-11 3.3033e-11 3.059e-11 3.219e-11 3.9982e-11 3.2193e-11 3.2902e-11 3.6066e-11 3.4262e-11 3.3245e-11 2.7502e-11 3.3687e-11 3.564e-11 3.5636e-11 3.0382e-11 3.5567e-11 3.0124e-11 3.2916e-11 2.5055e-11 3.4104e-11 3.609e-11 2.452e-11 3.3367e-11 3.2262e-11 3.392e-11 2.8777e-11 3.0366e-11 3.3165e-11 3.3571e-11 3.932e-11 3.0935e-11 2.9494e-11 2.8269e-11 2.7995e-11 2.7449e-11 3.3027e-11 2.4534e-11 2.671e-11 2.5709e-11 1.7734e-11 2.5182e-11 2.4271e-11 2.3723e-11 2.4135e-11 2.096e-11 1.9416e-11 1.1298e-11 2.1238e-11 1.4454e-11 1.6229e-11 1.438e-11 1.2335e-11 1.0733e-11 1.3446e-11 1.0528e-11 1.0045e-11 7.9715e-12 1.2334e-11 1.0656e-11 7.4663e-12 1.079e-11 1.2033e-11 7.5684e-12 6.2385e-12 6.7338e-12 6.8125e-12 6.4439e-12 4.0662e-12 3.0625e-12 4.0273e-12 1.2802e-11 -2.971e-12 7.2362e-12 6.3953e-12 8.9212e-12 4.8892e-12 4.1152e-12 -2.3787e-12 3.367e-12 8.5087e-12 7.6952e-12 7.1358e-12 -2.235e-13 8.5956e-12 7.4525e-12 1.6482e-12 6.9579e-12 -1.789e-14 -6.1833e-14 -2.4959e-12 4.5007e-12 4.7945e-12 2.9477e-12 3.6867e-12 2.5712e-13 3.0701e-12 -1.0792e-12 2.5313e-12 4.0037e-12 6.4673e-14 -6.3539e-13 8.7811e-13 3.1783e-15 1.4271e-12 -3.4264e-14 3.2697e-12 -7.1246e-13 -1.0388e-13 -5.2786e-13 -1.2401e-12 5.543e-12 -2.4971e-13 2.3342e-12 3.3771e-12 -1.7207e-13 -8.4059e-13 -8.4925e-13 3.4176e-13 5.9583e-12 7.382e-13 1.9295e-12 -2.5476e-14 1.1698e-12 -4.2161e-13 1.7397e-12 2.884e-12 3.2007e-12 1.8606e-12 -1.3789e-12 -3.2956e-12 9.3926e-13 3.5937e-12 -3.133e-12 -1.2218e-13 -4.3179e-12 3.5022e-13 -3.9057e-13 1.1751e-12 -1.8725e-12 7.8874e-13 7.1127e-13 1.1459e-13 8.978e-13 -1.2086e-12 1.3011e-12 -5.4366e-13 1.6396e-12 -2.8327e-13 7.1215e-13 5.5679e-13 -9.9349e-13 2.9968e-14 6.2248e-13 2.1226e-13 4.8053e-13 7.7182e-13 1.2536e-13 3.6638e-14 2.4156e-13 1.9649e-13 2.5812e-13 -2.0412e-13 -2.0912e-14 2.1576e-13
4.39e-11 4.8868e-11 3.9209e-11 4.6172e-11 4.0527e-11 4.9238e-11 5.5737e-11 4.2113e-11 4.6466e-11 3.4262e-11 6.17e-11 4.4192e-11 3.9353e-11 4.3367e-11 4.5285e-11 5.1665e-11 3.8128e-11 4.4427e-11 3.912e-11 4.0452e-11 3.7974e-11 3.9514e-11 4.2134e-11 3.5832e-11 3.9721e-11 3.9874e-11 4.6305e-11 4.2212e-11 4.0713e-11 4.7299e-11 4.6388e-11 5.3194e-11 4.4173e-11 4.0968e-11 4.2259e-11 4.4977e-11 3.7019e-11 4.244e-11 3.7491e-11 3.4276e-11 3.5506e-11 2.7226e-11 3.1514e-11 3.2884e-11 3.258e-11 3.2211e-11 2.678e-11 2.4601e-11 1.5627e-11 3.3959e-11 2.6922e-11 1.8107e-11 2.4154e-11 1.6367e-11 1.4072e-11 1.8788e-11 1.789e-11 1.2161e-11 1.4288e-11 1.2932e-11 1.495e-11 8.932e-12 1.3081e-11 1.5943e-11 7.3938e-12 9.0192e-12 9.5902e-12 6.5359e-12 1.3332e-11 1.0958e-11 5.9037e-12 1.027e-11 1.3075e-11 -4.7944e-13 1.1341e-11 8.6912e-12 8.9361e-12 5.7616e-12 8.5345e-12 -2.5126e-13 6.6066e-12 1.0416e-11 6.4515e-12 4.0172e-13 2.86e-12 6.9844e-12 8.3377e-12 -4.0212e-13 8.8104e-12 1.4991e-12 2.388e-12 -3.1933e-12 -1.2003e-12 5.1228e-12 3.9934e-12 5.5678e-12 1.8599e-12 3.1065e-12 -2.1368e-12 -1.2209e-12 5.7495e-12 -4.9491e-12 6.693e-12 1.9643e-12 3.0245e-12 1.5071e-12 1.1075e-12 2.1982e-12 -2.1095e-12 -1.1319e-12 2.7223e-13 -2.4497e-12 7.5125e-12 -1.5269e-12 2.2077e-12 2.0761e-12 -8.1727e-13 -1.0002e-12 -4.0924e-12 5.6056e-12 6.1377e-12 3.2509e-13 1.7843e-12 2.2598e-12 1.5999e-12 -4.7933e-13 -1.9459e-12 1.1749e-12 3.3856e-12 4.6234e-13 -2.351e-12 -1.4497e-12 1.1047e-12 3.4149e-12 -1.6326e-12 6.9433e-13 -3.18e-12 5.6408e-13 -1.0033e-12 3.1867e-12 -2.3299e-12 3.1781e-12 1.8096e-12 -7.4925e-13 -1.3271e-12 -2.4883e-12 4.5498e-12 -2.6872e-14 3.9103e-12 -5.5396e-13 -3.5432e-14 8.7102e-13 -1.5451e-12 -1.2352e-12 1.4384e-12 8.6796e-13 3.8685e-13 1.0294e-12 2.9031e-13 5.5259e-13 -9.7746e-14 9.0508e-14 1.6993e-13 -1.7645e-13 1.5234e-13 2.7546e-13
4.483e-11 4.0861e-11 3.6422e-11 3.9767e-11 4.1139e-11 4.4539e-11 4.6844e-11 3.8803e-11 4.5744e-11 3.3245e-11 4.4192e-11 5.824e-11 3.6225e-11 4.3822e-11 4.7643e-11 4.5196e-11 3.4771e-11 4.3032e-11 3.6654e-11 4.1175e-11 3.0536e-11 3.8678e-11 4.0728e-11 2.9649e-11 3.7644e-11 3.5518e-11 4.3929e-11 3.7812e-11 3.6421e-11 4.3993e-11 4.1811e-11 4.8119e-11 4.2717e-11 3.8986e-11 3.8753e-11 3.9491e-11 3.6886e-11 3.7518e-11 3.3486e-11 2.9685e-11 3.9834e-11 2.7522e-11 2.8827e-11 3.3125e-11 3.1828e-11 3.5358e-11 2.1657e-11 2.7768e-11 1.6263e-11 3.1846e-11 2.2262e-11 1.6913e-11 2.2001e-11 1.8957e-11 1.6189e-11 2.0338e-11 1.212e-11 1.1132e-11 7.9248e-12 1.0983e-11 1.0737e-11 1.3901e-11 1.3064e-11 1.6919e-11 9.0263e-12 4.0191e-12 6.9368e-12 5.3718e-12 8.1026e-12 9.4209e-12 7.1821e-12 6.6078e-12 1.5448e-11 -3.0375e-13 7.6206e-12 8.9587e-12 1.0066e-11 7.1915e-12 5.7259e-12 -9.9181e-13 5.6919e-12 9.1788e-12 1.0051e-11 2.1659e-12 3.844e-12 5.565e-12 6.7297e-12 -3.3542e-12 8.518e-12 -9.5111e-14 4.8818e-12 -5.3614e-12 7.7671e-12 3.3936e-12 5.1028e-13 4.8811e-12 2.5648e-12 6.3646e-12 -2.8648e-12 3.2732e-12 2.1135e-13 -2.1285e-12 3.7683e-12 1.9293e-12 1.251e-12 4.1766e-12 2.5964e-12 3.9929e-13 -3.5648e-12 -8.5617e-13 8.4268e-13 -1.0983e-12 8.2131e-12 2.2916e-12 2.4121e-12 2.1947e-12 1.4516e-13 2.6925e-12 -3.1089e-12 5.334e-12 6.9058e-12 5.8789e-13 4.3938e-12 4.7452e-13 1.2419e-12 -2.013e-12 1.3472e-12 2.7788e-12 4.6365e-12 1.8784e-12 -4.2073e-12 -2.0035e-12 -8.7555e-13 3.4221e-12 -3.391e-12 3.0771e-12 -2.5965e-12 -1.8102e-12 -1.2014e-12 3.0964e-12 -2.5641e-12 3.07e-12 3.3423e-12 -5.4115e-13 2.2217e-14 -2.4459e-12 1.5914e-12 -1.6209e-13 2.078e-12 -4.495e-14 1.5592e-12 1.1981e-12 -3.4835e-13 -3.2746e-13 8.5749e-13 9.2539e-13 1.0622e-12 8.7857e-13 -2.0331e-13 -6.2592e-14 5.8767e-13 -5.1373e-14 -6.4663e-14 7.6074e-14 4.5852e-14 1.8203e-13
3.5338e-11 3.6962e-11 2.9938e-11 3.3368e-11 3.2944e-11 3.6758e-11 4.3099e-11 3.1989e-11 3.5758e-11 2.7502e-11 3.9353e-11 3.6225e-11 3.7049e-11 3.2534e-11 3.7171e-11 3.8346e-11 2.8472e-11 3.5482e-11 3.0706e-11 3.1899e-11 2.9315e-11 3.195e-11 3.2485e-11 2.47e-11 3.3748e-11 2.8887e-11 3.6269e-11 3.1226e-11 3.0928e-11 3.507e-11 3.4536e-11 4.2061e-11 3.3702e-11 3.4313e-11 3.1179e-11 3.3998e-11 2.8732e-11 3.1233e-11 3.1391e-11 2.8541e-11 2.8259e-11 2.2068e-11 2.3558e-11 2.9411e-11 2.2865e-11 2.784e-11 1.8148e-11 2.1188e-11 1.0148e-11 2.7386e-11 1.9115e-11 1.7478e-11 2.0288e-11 1.3434e-11 1.2238e-11 1.6286e-11 1.3354e-11 8.6181e-12 4.8551e-12 1.171e-11 1.2971e-11 9.1154e-12 1.0263e-11 1.4265e-11 5.3749e-12 7.1708e-12 6.1591e-12 5.0498e-12 7.6705e-12 7.2161e-12 5.014e-12 5.4596e-12 9.9852e-12 6.9966e-13 8.6719e-12 8.3055e-12 7.8321e-12 3.0204e-12 4.5637e-12 1.727e-14 5.8857e-12 6.3666e-12 5.2926e-12 2.522e-12 2.9886e-12 5.4855e-12 8.2477e-12 -2.6755e-12 7.0565e-12 -1.0937e-12 1.3265e-12 -2.2223e-12 -1.2918e-12 3.684e-12 3.4149e-12 2.9553e-12 1.5272e-12 3.9472e-12 -1.7817e-13 3.0474e-12 1.6203e-12 -2.5011e-12 3.6809e-12 5.2649e-13 7.8816e-13 2.5362e-12 1.6968e-13 4.4427e-12 -1.3054e-13 -9.6977e-13 1.4961e-12 -1.2617e-12 5.2438e-12 -8.0125e-13 -3.9507e-14 3.4312e-12 6.8058e-13 -8.6855e-14 -5.0982e-12 3.5618e-12 4.6901e-12 -9.362e-13 1.3404e-13 1.686e-12 1.6313e-12 -1.2696e-12 8.3403e-14 2.0754e-12 4.56e-12 -1.0721e-14 -1.7995e-12 -2.1146e-12 -3.0333e-13 3.0078e-12 -1.14e-12 9.7192e-13 -2.3778e-12 8.3245e-13 -2.8973e-13 6.9159e-13 -1.3224e-12 1.8662e-12 2.5162e-12 -8.2427e-14 -4.2628e-13 -1.8742e-12 1.7763e-12 2.3759e-13 5.8707e-13 -8.5037e-13 6.6375e-13 1.3392e-12 -5.5554e-13 -5.891e-13 1.1544e-12 4.3288e-13 6.4401e-13 1.0854e-12 -2.0206e-13 5.6186e-13 -1.1672e-13 -1.0468e-13 2.4393e-13 -4.8611e-13 8.7828e-14 1.1492e-14
3.866e-11 3.9869e-11 3.1799e-11 3.767e-11 3.5902e-11 4.0889e-11 4.7354e-11 3.6726e-11 4.1083e-11 3.3687e-11 4.3367e-11 4.3822e-11 3.2534e-11 4.4933e-11 4.2211e-11 4.207e-11 3.2393e-11 3.7989e-11 3.3013e-11 3.8333e-11 3.2959e-11 3.8347e-11 3.8467e-11 2.8989e-11 3.5788e-11 3.5422e-11 4.1243e-11 3.7667e-11 3.3056e-11 4.0152e-11 3.7565e-11 4.4594e-11 3.7166e-11 3.7188e-11 3.579e-11 3.5497e-11 3.2444e-11 3.9448e-11 3.168e-11 2.8185e-11 3.2217e-11 2.4895e-11 2.7271e-11 2.9537e-11 2.8806e-11 2.9857e-11 1.9965e-11 2.4175e-11 1.5521e-11 2.7828e-11 1.9526e-11 1.6804e-11 1.7562e-11 1.7145e-11 1.1835e-11 1.878e-11 1.2375e-11 1.0826e-11 9.7434e-12 1.0875e-11 1.2251e-11 1.0129e-11 1.0977e-11 1.3577e-11 8.7041e-12 7.1922e-12 7.9202e-12 5.7818e-12 1.0957e-11 8.6942e-12 4.684e-12 5.1499e-12 1.1705e-11 5.4389e-13 7.5168e-12 6.9675e-12 1.0788e-11 6.492e-12 5.3036e-12 -8.333e-13 6.41e-12 1.0339e-11 8.6921e-12 3.4403e-12 2.0403e-12 5.2916e-12 8.6433e-12 -1.0701e-12 6.473e-12 -9.3906e-13 2.1852e-13 -3.1331e-12 5.0051e-12 4.7006e-12 3.4191e-12 3.7816e-12 3.1727e-12 2.81e-12 -2.6865e-12 8.271e-13 5.8884e-12 -1.5933e-12 1.7733e-12 1.0012e-12 1.7647e-14 4.7059e-12 4.7659e-13 1.8717e-12 -6.2431e-13 2.0374e-12 -1.5125e-12 -1.1795e-12 7.0464e-12 9.6359e-13 2.271e-12 2.6872e-12 -1.9386e-13 1.8669e-12 -3.3067e-12 3.7611e-12 5.2215e-12 5.7337e-14 3.6864e-12 6.7738e-13 2.3486e-12 -4.8085e-14 1.2716e-13 1.7756e-12 4.059e-12 1.0571e-12 -3.9968e-12 -2.7557e-12 7.0072e-13 3.5209e-12 -3.1971e-12 1.435e-12 -1.9538e-12 -1.2005e-12 -1.1267e-12 1.5837e-12 -1.8322e-12 2.0217e-12 1.7683e-12 -2.1747e-13 1.4672e-13 -2.7152e-12 1.3161e-12 1.7002e-13 1.7889e-12 1.4224e-13 9.4823e-14 1.1821e-12 -6.605e-13 -4.5169e-13 8.356e-13 5.7765e-13 3.5785e-14 7.7993e-13 1.3991e-13 3.8623e-13 1.7396e-13 -1.5975e-13 -1.8727e-13 -1.2938e-13 1.3157e-13 1.8163e-13
4.338e-11 4.2391e-11 3.5765e-11 4.1236e-11 3.9932e-11 4.5961e-11 5.0798e-11 3.8887e-11 4.5469e-11 3.564e-11 4.5285e-11 4.7643e-11 3.7171e-11 4.2211e-11 5.4724e-11 4.8922e-11 3.4409e-11 4.1549e-11 3.7766e-11 4.092e-11 3.449e-11 3.914e-11 4.3007e-11 3.2037e-11 3.7122e-11 3.7046e-11 4.412e-11 3.8502e-11 3.8595e-11 4.0328e-11 4.2074e-11 4.9178e-11 4.2627e-11 3.8967e-11 3.8061e-11 4.0945e-11 3.6031e-11 4.0693e-11 3.3621e-11 3.0143e-11 3.553e-11 2.6596e-11 2.8636e-11 3.1719e-11 2.9021e-11 3.2479e-11 2.0955e-11 2.7799e-11 1.3692e-11 3.1407e-11 2.3121e-11 1.4039e-11 2.1742e-11 1.8703e-11 1.6111e-11 2.1163e-11 1.4306e-11 8.7861e-12 6.7647e-12 1.167e-11 1.0763e-11 1.1096e-11 1.3155e-11 1.8138e-11 8.8568e-12 5.6802e-12 1.1142e-11 3.502e-12 9.0369e-12 9.2091e-12 2.8943e-12 4.4568e-12 1.2501e-11 2.7089e-13 7.512e-12 8.7263e-12 9.2745e-12 6.1597e-12 7.6255e-12 -1.8449e-12 4.6196e-12 7.6293e-12 7.6197e-12 1.5195e-12 3.2338e-12 8.8169e-12 5.8108e-12 -2.4843e-13 7.0672e-12 -1.4156e-12 2.7936e-13 -2.6072e-12 2.4412e-12 4.868e-12 1.1728e-12 5.3227e-12 1.4205e-12 4.6799e-12 -1.276e-13 9.3245e-14 1.7615e-12 -2.1091e-12 2.6412e-12 1.6316e-12 1.5019e-12 2.7708e-12 -9.1661e-14 1.6262e-12 -8.8401e-13 -1.5629e-12 1.588e-12 -1.2002e-13 8.3178e-12 7.9912e-13 -1.2543e-13 3.8996e-12 1.4863e-12 2.7551e-12 -4.0644e-12 4.5243e-12 7.0523e-12 -1.7291e-12 2.1069e-12 2.3619e-13 1.0873e-12 -2.7331e-12 7.4361e-13 3.412e-12 4.2921e-12 3.4886e-13 -3.5467e-12 -1.4786e-12 -7.9891e-13 3.1782e-12 -2.0442e-12 1.2988e-13 -3.7999e-12 7.2055e-13 -9.4446e-13 6.8808e-13 -1.1342e-12 1.7328e-12 3.0629e-12 -5.2576e-13 -3.3407e-14 -4.7676e-13 1.7902e-12 -7.2781e-13 1.6483e-12 -5.9476e-13 1.2187e-12 1.8571e-12 -5.2551e-13 1.0611e-14 8.6877e-13 4.156e-13 1.1636e-12 7.8748e-13 -1.0927e-13 2.4411e-13 2.8253e-13 -2.3941e-13 1.2405e-13 -1.0223e-13 1.5043e-13 1.393e-13
4.4937e-11 4.4254e-11 3.7501e-11 4.3856e-11 4.2033e-11 4.6694e-11 5.2536e-11 4.0159e-11 4.7636e-11 3.5636e-11 5.1665e-11 4.5196e-11 3.8346e-11 4.207e-11 4.8922e-11 5.8017e-11 3.5253e-11 4.3903e-11 3.8528e-11 4.2217e-11 3.3792e-11 3.7823e-11 4.2402e-11 3.2276e-11 3.8036e-11 3.6389e-11 4.4763e-11 4.0473e-11 3.8921e-11 4.0124e-11 4.7315e-11 4.913e-11 4.5035e-11 3.6191e-11 3.9828e-11 4.1216e-11 3.8286e-11 4.2402e-11 3.6303e-11 2.9812e-11 3.7356e-11 2.4801e-11 2.689e-11 3.1911e-11 3.1378e-11 3.1393e-11 2.5146e-11 2.49e-11 1.1358e-11 2.9401e-11 2.0845e-11 1.8262e-11 2.1962e-11 1.975e-11 1.5888e-11 2.2459e-11 1.3125e-11 1.1314e-11 8.8441e-12 1.3322e-11 1.3323e-11 9.5433e-12 1.5854e-11 1.865e-11 8.9806e-12 8.3282e-12 1.0357e-11 7.7848e-12 9.1948e-12 1.0844e-11 7.1209e-12 5.9357e-12 1.3754e-11 8.3681e-13 9.9141e-12 8.9155e-12 8.5935e-12 6.6299e-12 4.7735e-12 -4.4053e-12 7.1424e-12 6.9316e-12 7.4038e-12 1.8784e-12 2.991e-12 7.4721e-12 9.2401e-12 -1.2124e-12 8.4694e-12 -4.3369e-13 6.3249e-13 -3.914e-12 9.9142e-14 3.9814e-12 1.5082e-12 6.4719e-12 1.0329e-12 3.0208e-12 -5.0698e-13 9.7338e-13 1.8829e-12 -1.5999e-12 3.9249e-12 2.6303e-12 3.1955e-12 2.1253e-12 -2.6346e-12 3.9522e-12 -4.2911e-13 5.169e-13 1.8485e-12 -2.8786e-13 7.5159e-12 -1.2436e-14 1.6931e-12 2.9167e-12 8.7558e-13 -2.2019e-13 -2.8484e-12 4.7171e-12 6.258e-12 -7.2096e-13 3.6038e-12 1.3448e-12 2.7494e-12 -1.9823e-12 -9.7995e-13 3.8965e-12 4.1416e-12 6.988e-13 -1.8403e-12 -9.6127e-13 8.4258e-13 3.9896e-12 -2.8157e-12 1.1879e-12 -3.8819e-12 8.3016e-13 -1.2394e-12 2.7872e-12 -2.6905e-12 1.8592e-12 2.5864e-12 8.0503e-13 -8.9054e-13 -1.9978e-12 2.0653e-12 -3.825e-13 2.0942e-12 -7.2733e-13 9.5938e-14 1.7927e-12 -1.2008e-12 -5.2649e-13 6.3955e-13 8.6717e-13 1.1496e-12 1.7969e-12 -1.4163e-13 3.9852e-13 8.0212e-14 -6.9872e-14 5.1668e-13 -9.0568e-14 4.9098e-14 7.2398e-14
3.3607e-11 3.6184e-11 2.8227e-11 3.489e-11 3.1243e-11 3.4129e-11 4.013e-11 3.1118e-11 3.3243e-11 3.0382e-11 3.8128e-11 3.4771e-11 2.8472e-11 3.2393e-11 3.4409e-11 3.5253e-11 3.5669e-11 3.674e-11 2.9086e-11 3.4154e-11 2.6555e-11 3.141e-11 3.2803e-11 2.7117e-11 3.3649e-11 3.1912e-11 3.3442e-11 2.9588e-11 3.0987e-11 3.6907e-11 3.5367e-11 3.9243e-11 3.3585e-11 3.3191e-11 2.9675e-11 3.1552e-11 2.7304e-11 2.9577e-11 2.5582e-11 2.8443e-11 2.8017e-11 1.9697e-11 2.3983e-11 2.4725e-11 2.6976e-11 2.4544e-11 1.9191e-11 2.4331e-11 1.3906e-11 2.3671e-11 1.7019e-11 1.3597e-11 1.5681e-11 8.9307e-12 1.1894e-11 1.3625e-11 8.5383e-12 1.2153e-11 1.1351e-11 1.1044e-11 9.8448e-12 7.091e-12 1.0835e-11 1.2707e-11 6.6362e-12 7.4019e-12 9.4482e-12 6.0584e-12 1.036e-11 6.4259e-12 3.3615e-12 8.1601e-12 1.0291e-11 1.2577e-12 5.2213e-12 6.8473e-12 1.1049e-11 2.9981e-12 7.3293e-12 -1.3234e-12 3.5787e-12 7.0568e-12 7.1504e-12 2.4185e-12 9.4723e-13 6.5398e-12 7.9376e-12 -4.7386e-13 6.4411e-12 -2.0012e-12 1.9691e-12 -3.5524e-12 4.6372e-12 2.1458e-12 1.6616e-12 5.3561e-12 8.0219e-13 2.5884e-12 -1.9692e-12 5.1699e-13 3.5114e-12 -2.7229e-12 9.1409e-13 7.2645e-13 5.6083e-13 9.061e-13 -1.1274e-12 3.245e-12 -1.4737e-12 -9.0914e-13 -1.7207e-13 -1.4863e-12 3.936e-12 -2.5916e-12 8.7074e-13 4.1774e-12 -3.8094e-13 -3.8325e-13 -9.2853e-13 2.8417e-12 5.941e-12 -5.0851e-13 2.4916e-12 1.1881e-13 1.1772e-12 -3.4646e-13 1.8893e-12 1.9321e-12 3.1999e-12 1.4091e-12 -1.8856e-12 -3.5423e-12 1.1345e-12 2.0325e-12 -2.8478e-12 1.1226e-12 -2.4207e-12 2.9117e-13 -5.8643e-14 2.3677e-12 -2.3402e-12 1.484e-12 -2.9817e-15 -1.4571e-13 -3.5755e-13 -1.6493e-12 2.4124e-12 2.2935e-14 2.4928e-12 2.544e-13 3.9365e-14 6.5721e-13 -5.1524e-13 -6.8411e-13 1.1509e-12 6.3119e-13 9.5578e-13 8.3525e-13 2.7339e-13 2.8288e-13 2.2836e-13 2.0886e-13 1.4884e-13 -8.1224e-14 -3.6653e-14 1.0758e-13
4.2467e-11 4.5058e-11 3.9181e-11 4.0708e-11 4.2979e-11 4.0046e-11 4.733e-11 3.892e-11 4.5065e-11 3.5567e-11 4.4427e-11 4.3032e-11 3.5482e-11 3.7989e-11 4.1549e-11 4.3903e-11 3.674e-11 5.7363e-11 3.8541e-11 4.1718e-11 3.2131e-11 3.9369e-11 4.3981e-11 3.3084e-11 4.1669e-11 3.4765e-11 4.0735e-11 4.0267e-11 3.7813e-11 4.3327e-11 4.2911e-11 5.2388e-11 4.3379e-11 3.8906e-11 3.5318e-11 3.8253e-11 3.3347e-11 3.4756e-11 3.4115e-11 3.4977e-11 3.5572e-11 2.4939e-11 3.0402e-11 3.1316e-11 2.5829e-11 3.5392e-11 2.2468e-11 2.7439e-11 1.3511e-11 2.958e-11 1.7613e-11 2.0868e-11 1.9742e-11 1.6476e-11 2.1201e-11 1.2789e-11 1.2706e-11 1.2552e-11 9.0611e-12 1.4119e-11 1.2091e-11 1.4954e-11 1.1087e-11 1.7531e-11 8.1626e-12 8.9815e-12 9.5245e-12 7.4467e-12 6.5373e-12 3.2774e-12 2.6616e-12 7.1922e-12 1.1602e-11 -3.0686e-12 9.1359e-12 4.8287e-12 1.5681e-11 4.8653e-12 5.0548e-12 7.2776e-13 4.6063e-12 8.0053e-12 8.6205e-12 4.3307e-12 1.0373e-12 8.5128e-12 8.5714e-12 -3.7182e-12 6.6567e-12 -1.9807e-12 3.1714e-12 2.7855e-13 2.1415e-12 7.555e-12 1.4235e-12 6.5841e-12 1.7003e-12 7.6494e-12 -2.5565e-12 -2.0051e-12 4.9428e-12 3.8628e-13 8.8539e-13 9.6784e-13 1.178e-12 3.3714e-12 1.8921e-12 5.6872e-12 1.3953e-12 -3.5042e-12 -7.4642e-13 -1.7309e-12 6.2185e-12 -2.291e-13 2.7474e-12 3.6029e-12 -4.5674e-13 -2.2582e-12 7.2806e-13 1.3456e-12 7.2755e-12 2.3532e-12 3.0429e-12 -1.0826e-12 1.3339e-12 5.8847e-13 1.8209e-12 3.101e-12 2.9919e-12 1.489e-12 -1.0731e-12 -5.4933e-13 -8.1378e-13 4.6015e-12 -3.2998e-12 1.147e-12 -4.6016e-12 2.6855e-12 3.0426e-13 2.4081e-12 -2.5486e-12 2.682e-12 2.0339e-12 -2.7615e-14 -1.1602e-12 -1.5251e-12 2.5386e-12 -2.1878e-12 3.8587e-13 1.2989e-13 -1.6226e-13 1.4082e-12 -6.7994e-13 5.2757e-13 1.0133e-12 8.4067e-15 1.0846e-12 1.0899e-12 -1.1328e-13 4.8281e-13 6.8411e-13 3.7221e-13 -1.2112e-14 -7.161e-14 8.085e-15 4.4263e-13
3.3238e-11 3.7107e-11 3.1909e-11 3.4757e-11 3.3446e-11 3.3999e-11 4.195e-11 3.3941e-11 3.8551e-11 3.0124e-11 3.912e-11 3.6654e-11 3.0706e-11 3.3013e-11 3.7766e-11 3.8528e-11 2.9086e-11 3.8541e-11 4.0158e-11 3.0433e-11 2.8869e-11 3.2472e-11 3.5709e-11 2.5791e-11 3.6383e-11 2.9884e-11 3.4181e-11 3.3566e-11 3.447e-11 3.4519e-11 3.4539e-11 4.2075e-11 3.3258e-11 3.2757e-11 3.1954e-11 3.3152e-11 2.7874e-11 3.6009e-11 2.856e-11 2.551e-11 2.5053e-11 2.1224e-11 2.4371e-11 2.5464e-11 1.9601e-11 2.5064e-11 1.8738e-11 2.0403e-11 1.2071e-11 2.5791e-11 1.4548e-11 1.6019e-11 1.973e-11 1.5017e-11 1.0998e-11 1.4894e-11 1.2826e-11 7.1891e-12 7.3949e-12 1.0611e-11 1.0661e-11 8.981e-12 1.248e-11 1.2865e-11 9.9779e-12 4.5016e-12 6.9932e-12 6.142e-12 5.2053e-12 4.7611e-12 5.005e-12 7.3893e-12 1.0579e-11 -2.4249e-12 6.6482e-12 6.8531e-12 7.3849e-12 5.2793e-12 5.2959e-12 1.9449e-12 5.264e-12 7.0916e-12 8.1763e-12 2.1689e-12 2.8375e-12 6.807e-12 3.7826e-12 -7.0982e-13 5.8654e-12 9.7257e-13 -1.5641e-13 -2.7793e-12 4.0027e-12 4.2435e-12 1.2816e-12 4.7961e-12 8.491e-13 4.126e-12 -1.1223e-12 -5.9111e-13 2.1235e-12 -1.1e-12 1.9284e-12 -2.2664e-13 8.1821e-13 2.9256e-12 -8.8624e-13 2.7272e-12 -2.8106e-13 -7.9414e-13 2.4364e-13 -1.186e-12 6.7482e-12 -1.2842e-12 1.6167e-12 2.6319e-12 -6.7022e-13 3.1699e-13 9.4568e-14 3.8924e-12 6.4027e-12 5.6316e-13 8.8158e-13 1.1643e-12 6.304e-13 -6.9043e-13 -6.6673e-13 9.1882e-13 2.0157e-12 1.4592e-12 -3.5751e-12 6.6764e-13 -7.0909e-13 3.6703e-12 -2.6007e-12 -5.9852e-13 -3.3292e-12 6.8812e-13 -1.7452e-13 1.9698e-12 -1.8524e-12 2.0683e-12 1.1079e-12 -6.805e-13 -8.78e-13 -9.3947e-13 1.3083e-12 -1.4451e-12 6.0271e-13 6.8883e-13 -1.1599e-14 1.1072e-12 -9.6444e-13 -1.8644e-13 1.0363e-12 6.6483e-13 1.0769e-12 5.1711e-13 -2.5927e-13 1.8198e-13 1.9637e-13 1.0692e-13 6.3833e-14 3.2129e-14 -4.9606e-14 1.6707e-13
3.9861e-11 3.7204e-11 3.0431e-11 3.725e-11 3.6883e-11 4.0373e-11 4.4777e-11 3.3968e-11 4.0313e-11 3.2916e-11 4.0452e-11 4.1175e-11 3.1899e-11 3.8333e-11 4.092e-11 4.2217e-11 3.4154e-11 4.1718e-11 3.0433e-11 4.5993e-11 3.0047e-11 3.5982e-11 3.7271e-11 2.8191e-11 3.2937e-11 3.5616e-11 3.8523e-11 3.5069e-11 3.1765e-11 4.1361e-11 3.6817e-11 4.2899e-11 4.0248e-11 3.6704e-11 3.2867e-11 3.4318e-11 3.2221e-11 3.4506e-11 2.7509e-11 2.8057e-11 3.6052e-11 2.1998e-11 2.7918e-11 2.888e-11 2.9583e-11 3.1154e-11 2.068e-11 2.5657e-11 1.3638e-11 2.6099e-11 1.6153e-11 1.411e-11 1.7036e-11 1.6071e-11 1.3666e-11 1.798e-11 9.3378e-12 1.0148e-11 9.8803e-12 9.9515e-12 1.0332e-11 9.6658e-12 1.1794e-11 1.6829e-11 7.205e-12 8.4962e-12 7.9966e-12 4.5201e-12 8.3222e-12 6.8999e-12 5.7215e-12 5.6903e-12 1.0197e-11 -4.985e-13 7.7942e-12 5.5859e-12 1.2049e-11 1.4005e-12 7.0952e-12 -6.5011e-13 6.4847e-12 7.1632e-12 8.0428e-12 4.8525e-12 1.4618e-12 7.8553e-12 9.6769e-12 -3.8198e-12 8.3271e-12 -1.5372e-12 -3.9031e-14 -4.675e-12 2.3913e-12 4.5908e-12 1.4468e-12 6.0768e-12 2.0093e-12 5.0803e-12 -4.4247e-14 2.0982e-12 6.4838e-12 -1.4569e-12 2.8179e-12 -1.9978e-14 5.7154e-13 3.287e-12 -2.71e-13 2.0796e-12 -1.3449e-12 -1.1387e-12 1.3344e-12 -4.6041e-14 4.2324e-12 6.234e-13 2.1812e-13 3.6157e-12 2.0179e-12 8.5865e-13 -1.4883e-12 2.0398e-12 5.5284e-12 -6.8946e-13 2.299e-12 9.1143e-13 2.6427e-12 1.4383e-13 1.6251e-12 2.9997e-12 4.1778e-12 7.2082e-13 -1.8482e-12 -1.763e-12 -2.723e-13 3.7363e-12 -2.6946e-12 1.8636e-12 -3.4307e-12 7.32e-13 2.8264e-13 1.2066e-12 -1.9337e-12 1.3236e-12 6.6535e-13 1.8261e-12 -1.841e-13 -1.7698e-12 2.1797e-12 1.9029e-13 1.7183e-12 -8.1865e-13 1.6628e-13 1.1259e-12 -3.5393e-13 -3.0162e-13 2.9271e-13 3.9863e-13 3.3104e-13 1.1624e-12 1.367e-13 3.2875e-13 4.5026e-13 1.3705e-13 -3.1153e-14 -3.1209e-13 1.5062e-13 1.8786e-13
3.1096e-11 3.4507e-11 2.7951e-11 3.2034e-11 2.9852e-11 3.4476e-11 4.1123e-11 2.9015e-11 3.3837e-11 2.5055e-11 3.7974e-11 3.0536e-11 2.9315e-11 3.2959e-11 3.449e-11 3.3792e-11 2.6555e-11 3.2131e-11 2.8869e-11 3.0047e-11 3.7556e-11 3.1845e-11 3.2351e-11 2.5151e-11 2.9415e-11 2.9516e-11 3.4453e-11 3.0955e-11 2.6976e-11 3.5249e-11 3.0045e-11 4.3127e-11 3.1714e-11 3.5772e-11 3.1451e-11 3.0529e-11 2.8602e-11 3.2164e-11 2.9054e-11 2.4628e-11 2.5168e-11 2.0576e-11 2.31e-11 2.5553e-11 2.1145e-11 2.1904e-11 1.7372e-11 2.0254e-11 1.037e-11 2.6939e-11 1.8084e-11 1.3843e-11 1.5784e-11 1.0074e-11 1.0135e-11 1.6736e-11 1.5361e-11 6.9012e-12 9.6854e-12 6.6695e-12 1.3503e-11 5.4079e-12 8.3749e-12 1.1092e-11 5.4793e-12 6.4224e-12 7.483e-12 1.3753e-12 9.8358e-12 5.7862e-12 3.7021e-12 6.6608e-12 6.6954e-12 2.9254e-12 6.8012e-12 5.9062e-12 6.7586e-12 7.362e-12 1.0242e-11 2.6558e-12 7.2127e-12 4.3803e-12 5.9852e-12 3.5418e-12 2.1203e-12 2.507e-12 6.1261e-12 7.6096e-14 7.5396e-12 3.0069e-13 -1.5756e-12 -1.3663e-12 4.5713e-13 7.751e-12 6.2733e-12 2.793e-12 1.5601e-12 -1.1195e-12 -8.5548e-13 -1.2369e-12 7.0236e-12 -2.5348e-12 2.7569e-12 3.7918e-13 -1.3486e-12 4.6521e-12 1.0487e-12 3.5641e-12 -1.5371e-12 4.7685e-13 -7.4504e-13 -5.1339e-13 8.9123e-12 9.5968e-13 -1.9031e-13 5.6323e-12 -2.2847e-13 -1.1845e-12 -2.3176e-12 3.4669e-12 4.0438e-12 -7.3773e-13 2.2359e-12 1.7069e-12 3.4085e-13 3.3275e-13 -3.6724e-13 2.6914e-13 3.3014e-12 7.2053e-14 -2.9869e-12 -5.6534e-13 -1.6091e-12 3.4708e-12 6.4958e-13 1.1096e-12 -1.8026e-12 -1.8012e-13 1.1921e-13 8.4775e-13 1.3408e-13 2.5043e-12 1.1003e-12 -8.2782e-13 2.1419e-13 -1.6626e-12 1.9548e-12 -4.9575e-13 1.8192e-12 -1.171e-12 -7.5388e-13 1.8153e-12 -1.2406e-12 -1.2403e-12 1.1429e-12 2.559e-13 9.2378e-14 4.2386e-13 -5.0158e-14 2.34e-13 -8.3885e-14 -2.2222e-13 -6.7306e-14 -1.1119e-13 2.5508e-13 1.1432e-13
