,0,1,2,3,4,5,6,7,8,9,10,11,12,13,14,15,16,17,18,19,20,21,22,23,24,25,26,27,28,29,30,31,32,33,34,35,36,37,38,39,40,41,42,43,44,45,46,47,48,49,50,51,52,53,54,55,56,57,58,59,60,61,62,63,64,65,66,67,68,69,70,71,72,73,74,75,76,77,78,79,80,81,82,83,84,85,86,87
0,1,0.71806,0.69724,0.73497,0.70612,0.70478,0.58727,0.75094,0.56204,0.47155,0.60574,0.49865,0.52306,0.3501,0.37808,0.27566,0.018988,0.25468,0.35506,0.36105,0.010344,-0.071278,-0.12154,-0.1274,0.065012,-0.079583,0.2752,-0.070782,0.035012,-0.16283,-0.068791,0.11019,-0.26124,-0.1552,-0.27365,-0.33019,-0.25317,-0.33734,-0.31008,-0.081603,-0.21985,-0.10919,0.0065701,-0.23225,0.18035,-0.18199,-0.39206,-0.25437,-0.04012,-0.056751,-0.25926,0.0049482,0.12154,-0.21181,-0.1219,0.063394,-0.24285,0.031705,0.16352,0.083709,0.04388,-0.26491,-0.077343,0.072158,-0.22093,0.082958,-0.032835,0.10038,0.046104,0.14956,0.12593,0.022537,-0.16411,-0.15999,-0.013352,0.13215,0.24524,0.09695,0.050932,0.25177,0.18451,0.29708,0.11574,-0.23758,0.16325,-0.29037,-0.24783,0.013555
1,0.71806,1,0.70809,0.76243,0.66153,0.61617,0.665,0.65519,0.64686,0.48409,0.63405,0.40769,0.64574,0.25316,0.26057,0.39735,0.094685,0.27192,0.42942,0.28342,0.1087,-0.048299,0.068273,-0.15618,0.1246,-0.29692,0.27452,-0.03504,0.2455,0.0078829,-0.0026727,0.1618,-0.12961,-0.15518,-0.41045,-0.17955,-0.185,-0.21569,-0.15221,-0.088524,-0.2581,0.025263,0.017909,-0.065688,0.0032603,-0.14196,-0.23393,-0.26804,0.038427,0.093371,-0.0093272,-0.080952,0.13142,-0.21466,-0.082876,-0.018036,-0.27103,-0.081191,0.11378,-0.001507,0.10088,-0.12296,-0.070872,0.25557,-0.21347,0.032434,0.10104,0.1312,0.28333,-0.066173,0.079874,0.056859,-0.20674,-0.029874,-0.050728,0.20862,0.3266,0.050354,-0.044518,0.24934,0.22052,0.15029,-0.050598,-0.17454,0.19795,-0.1067,0.15323,0.057085
2,0.69724,0.70809,1,0.7448,0.59625,0.64642,0.62219,0.66151,0.54772,0.39991,0.62015,0.36965,0.56457,0.49804,0.38854,0.33753,0.22925,0.23209,0.36458,0.41913,0.057921,0.046352,-0.058047,-0.029601,0.16245,-0.1489,0.11788,-0.11439,0.22144,-0.19055,0.068707,0.20734,-0.17051,-0.059243,-0.26185,-0.14171,-0.35257,-0.21949,-0.33477,-0.25712,-0.15517,0.089157,-0.025582,-0.28019,0.071472,-0.17318,-0.19764,-0.11667,0.018476,0.043698,-0.13239,-0.20108,0.22119,-0.00084405,-0.19836,0.13413,-0.32772,-0.010354,0.13335,-0.044922,0.0091097,-0.15704,-0.33263,0.22669,-0.15363,0.076805,0.12623,0.28362,0.2894,0.22087,-0.12003,0.10848,-0.10147,-0.017877,0.0087606,0.061519,0.3073,-0.075698,0.0020563,0.29123,0.09103,0.28524,0.10458,0.029915,0.18314,-0.23831,-0.10387,-0.21489
3,0.73497,0.76243,0.7448,1,0.6733,0.62394,0.65069,0.67747,0.60173,0.49156,0.66606,0.42509,0.59008,0.41264,0.33335,0.17356,0.1204,0.27973,0.36916,0.34309,0.066759,0.046248,0.0593,-0.084036,0.20839,-0.23199,0.18342,2.0602e-05,0.26116,0.04239,0.057314,0.16009,-0.24668,-0.045305,-0.27533,-0.34609,-0.16076,-0.38177,-0.17514,-0.22502,-0.15188,-0.020476,0.089563,-0.29438,0.11302,-0.13839,-0.24366,-0.11195,0.13724,-0.074641,-0.1569,-0.057628,0.23341,-0.23467,-0.12206,0.056913,-0.1244,-0.098989,0.2124,0.028452,0.074238,-0.11054,-0.0022809,0.16993,-0.182,0.011457,0.21605,0.30194,0.20054,-0.011246,-0.19784,0.084386,-0.19179,-0.0087461,0.061802,0.24789,0.38754,-0.014271,0.058013,0.2418,0.073156,0.14657,-0.11629,-0.091278,0.092738,-0.040557,-0.10748,-0.053676
4,0.70612,0.66153,0.59625,0.6733,1,0.56268,0.60137,0.5633,0.63526,0.32832,0.54054,0.37915,0.48963,0.19494,0.46896,0.18389,0.19893,0.25889,0.33957,0.36487,0.16442,0.03098,0.11666,-0.025857,0.2547,-0.14017,0.25504,-0.34244,-0.035382,0.031109,-0.058571,0.10459,-0.22843,0.0023786,-0.26557,-0.21244,-0.11133,-0.19673,-0.26046,0.013123,-0.13456,0.091009,-0.037455,-0.23143,0.11682,-0.065022,-0.10272,-0.28203,0.16321,0.10487,-0.14143,-0.093512,0.19065,-0.24328,-0.0065491,0.12507,-0.33008,-0.038546,0.10546,0.049427,0.0035218,-0.37002,-0.035394,0.099349,-0.15178,-0.022481,0.17819,0.1611,0.014075,0.11176,0.063502,0.015171,-0.28874,-0.062777,0.036405,-0.023994,0.24088,0.053828,-0.11261,0.091062,-0.016987,0.079089,0.048629,-0.15586,0.21186,-0.12201,-0.25731,-0.16142
5,0.70478,0.61617,0.64642,0.62394,0.56268,1,0.6385,0.63646,0.54846,0.29159,0.34117,0.45094,0.43385,0.23218,0.17051,0.20767,0.15609,0.2793,0.084305,0.28664,0.014984,-0.19717,-0.11681,-0.15887,0.23463,-0.19789,0.034662,-0.045196,0.042783,-0.068438,0.037589,0.02832,-0.14198,0.054131,-0.15095,-0.37759,-0.42167,-0.29622,-0.43761,-0.15018,-0.20084,-0.061085,-0.076942,-0.016862,0.17408,-0.098197,-0.37757,-0.28646,-0.010496,-0.041557,-0.17882,-0.13397,0.069482,-0.21581,-0.30724,-0.087477,-0.28092,-0.065861,-0.027334,0.17212,-0.054291,-0.11354,-0.20474,0.097996,-0.23213,0.19096,0.041879,0.08411,0.093471,0.088354,-0.056985,0.13692,-0.03582,0.076961,0.063782,0.16386,0.19644,0.093596,-0.042949,-0.065516,-0.090082,0.14919,0.10634,-0.12851,0.054522,-0.17317,-0.061962,-0.027434
6,0.58727,0.665,0.62219,0.65069,0.60137,0.6385,1,0.59585,0.53969,0.29297,0.59251,0.53771,0.57504,0.18045,0.28814,0.06974,0.20578,0.15005,0.16258,0.31138,0.12374,0.015033,-0.028994,-0.13479,0.32294,-0.13459,0.25054,-0.19313,0.17289,-0.10146,0.1709,0.0015994,-0.21072,-0.083083,-0.289,-0.14646,-0.20768,-0.26482,-0.28038,-0.078054,-0.10179,-0.063136,-0.052162,-0.10546,0.10784,-0.19349,-0.21896,-0.11194,0.13345,0.073687,-0.10232,-0.075546,0.11792,-0.25877,-0.083956,-0.034408,-0.20685,-0.10988,0.12,-0.010445,-0.056222,-0.22145,-0.11906,-0.034196,-0.2213,0.095025,0.08984,0.1062,0.055532,0.11733,-0.13476,0.12469,-0.20318,0.034806,0.17095,0.0075901,0.36986,0.087481,-0.17548,0.066139,-0.016548,0.21412,-0.061552,-0.20862,0.22308,-0.19556,0.00064331,0.10579
7,0.75094,0.65519,0.66151,0.67747,0.5633,0.63646,0.59585,1,0.54202,0.48962,0.41801,0.40204,0.47062,0.36074,0.37942,0.30684,0.092159,0.13561,0.30792,0.31588,0.17997,-0.092868,-0.043066,-0.27747,0.17631,-0.0081529,0.24114,-0.19032,0.13516,-0.16723,0.14518,0.029338,-0.06174,0.036993,-0.26637,-0.30159,-0.22708,-0.32744,-0.18401,-0.17886,-0.16421,0.016331,0.034519,-0.13983,0.20948,-0.29859,-0.43071,-0.20229,0.15094,0.075753,-0.20935,-0.061523,0.21432,-0.080092,-0.13504,0.013823,-0.27438,0.13566,0.11995,0.060189,0.30549,-0.080899,-0.054662,0.22553,-0.093108,0.17968,-0.092337,0.15757,0.04145,0.063227,0.054112,-0.0023711,-0.079935,0.08763,-0.11637,0.091232,0.25229,0.014579,0.12555,0.13133,0.24385,0.13638,-0.055965,-0.22366,0.14066,-0.17626,-0.16311,0.077389
8,0.56204,0.64686,0.54772,0.60173,0.63526,0.54846,0.53969,0.54202,1,0.45384,0.32289,0.22213,0.39826,0.35847,0.29848,0.23574,0.10664,0.15251,0.2875,0.27301,-0.035316,-0.20053,0.048362,-0.16865,0.14934,-0.33488,0.15764,-0.08601,0.16757,0.079999,0.1373,0.22597,-0.13194,-0.14582,-0.13317,-0.42782,-0.18417,-0.24024,-0.19645,-0.20669,-0.12199,0.079821,0.068241,-0.12989,-0.0051598,-0.10507,-0.25147,-0.17213,0.17468,-0.034786,-0.026676,0.11701,0.018871,-0.1774,-0.086972,0.045069,-0.35759,-0.10287,-0.019412,0.10786,-0.15625,-0.34774,0.062493,0.31349,-0.37824,-0.083214,0.093899,-0.01565,0.18861,0.0055525,-0.090405,-0.0015388,-0.2346,0.073261,-0.25197,0.19068,0.32242,-0.010514,0.089714,0.19017,-0.0043548,0.083042,-0.064951,-0.16512,0.40058,0.17225,0.013622,-0.12235
9,0.47155,0.48409,0.39991,0.49156,0.32832,0.29159,0.29297,0.48962,0.45384,1,0.3434,0.22454,0.49178,0.26128,0.30974,0.18167,0.020617,0.26953,0.3669,-0.12142,0.033691,0.11165,-0.027924,-0.055791,0.048343,0.04448,0.26071,-0.075556,0.099987,-0.091512,-0.021904,0.21498,-0.11342,-0.11185,0.0036677,-0.014563,0.095233,-0.23021,-0.039688,-0.24961,-0.043175,-0.1218,0.077722,-0.11862,0.22363,-0.13987,-0.17331,-0.041435,0.11359,-0.20636,0.04361,0.026315,0.12666,-0.13989,-0.082987,0.22838,-0.12667,0.15934,0.081348,-0.017494,0.24539,0.049513,0.0030555,0.15972,-0.39314,0.12759,-0.014225,0.28926,0.20161,-0.077874,-0.015341,0.065483,-0.16045,0.052203,-0.11845,0.14983,0.25517,-0.033509,0.23958,0.094801,0.049902,-0.083694,-0.050349,-0.21106,0.010793,0.13554,0.0001917,-0.053572
10,0.60574,0.63405,0.62015,0.66606,0.54054,0.34117,0.59251,0.41801,0.32289,0.3434,1,0.44243,0.63478,0.29909,0.31164,0.0077469,0.055152,0.17997,0.44226,0.32192,0.14783,0.084525,-0.021521,0.26036,0.056467,-0.1359,0.50651,-0.13554,0.18378,-0.14962,0.003418,0.036679,-0.41125,0.0337,-0.10929,-0.032466,-0.15101,-0.17435,-0.051496,-0.083679,-0.01493,0.0065796,-0.043608,-0.29853,-0.080438,-0.19067,-0.094507,-0.19278,-0.0059542,0.01247,-0.083131,0.022275,0.17896,-0.3256,-0.18414,0.064581,0.018972,-0.14407,0.24024,-0.32297,0.11847,-0.31197,-0.10562,0.098721,-0.19975,-0.19965,0.1882,0.22907,0.1535,0.096533,-0.031349,0.2751,-0.068843,-0.020896,0.085032,0.055198,0.40275,0.09151,-0.031153,0.27976,0.019092,0.30042,0.19786,-0.11344,0.09985,-0.32453,-0.011293,0.10291
11,0.49865,0.40769,0.36965,0.42509,0.37915,0.45094,0.53771,0.40204,0.22213,0.22454,0.44243,1,0.39458,0.037594,0.28062,-0.036758,0.29941,-0.009053,0.22835,0.36958,0.10467,-0.12211,0.005798,0.04626,0.04927,0.26452,0.20829,-0.090422,0.12695,-0.11738,-0.091637,-0.22235,-0.12732,0.15827,-0.27528,-0.098273,-0.23624,-0.087299,-0.095063,-0.076934,-0.23024,-0.049719,-0.0021795,0.057811,0.11357,-0.044624,0.0020661,-0.20274,0.041517,0.12981,-0.18809,-0.017769,0.05357,-0.33252,-0.19541,-0.18239,-0.0096896,-0.091663,-0.10795,0.02982,0.26267,-0.18959,-0.11299,-0.18546,-0.11282,0.14722,-0.034053,-0.16741,0.025504,0.25024,0.2628,0.32096,-0.21863,0.016253,0.25905,0.25754,0.12062,0.097827,-0.077762,-0.10658,-0.078834,0.064617,0.10055,-0.407,0.12144,-0.12499,-0.02361,0.26548
12,0.52306,0.64574,0.56457,0.59008,0.48963,0.43385,0.57504,0.47062,0.39826,0.49178,0.63478,0.39458,1,0.17423,0.20039,0.29741,0.15171,0.29108,0.28843,0.17563,0.16466,0.12624,0.094545,-0.084163,0.14917,-0.13143,0.28285,-0.15098,0.25406,-0.25903,-0.019345,0.057063,-0.2933,-0.11206,0.0036321,0.021559,-0.14597,-0.2078,0.054519,0.014437,-0.031888,-0.047147,-0.1267,-0.11319,0.10926,-0.050502,-0.21974,-0.109,-0.012255,0.18963,-0.05881,-0.07507,0.14899,-0.048615,-0.015839,0.14083,-0.18921,-0.064783,0.050842,-0.14574,0.14474,-0.16041,0.0033603,0.15478,-0.092629,-0.0422,0.10842,0.27928,0.2729,-0.028492,0.097894,0.25876,-0.12564,0.14209,0.099739,-0.04672,0.27862,0.27849,0.13668,-0.0027862,0.13125,0.22691,0.077308,-0.26877,-0.030258,-0.23456,0.17827,-0.16645
13,0.3501,0.25316,0.49804,0.41264,0.19494,0.23218,0.18045,0.36074,0.35847,0.26128,0.29909,0.037594,0.17423,1,0.1868,0.079582,-0.057532,0.064351,0.13852,0.26577,0.083006,0.15996,-0.13798,-0.054493,0.022861,-0.23815,-0.076028,-0.070494,0.060675,-0.21525,-0.026419,-0.020091,-0.0032195,-0.0090061,0.097769,-0.28817,-0.022447,-0.16477,0.017036,-0.27398,0.083291,0.24282,-0.0973,-0.45418,0.035045,0.08757,-0.23226,0.18688,-0.11615,0.073564,-0.087412,-0.089413,0.13542,-0.11806,0.11363,0.29642,-0.081766,-0.041929,-0.10096,-0.10065,0.13104,-0.028341,-0.25885,0.45026,-0.14436,0.0362,-0.039876,0.14351,0.26092,0.10087,-0.087114,0.060049,-0.052066,-0.13656,-0.0037361,-0.14289,0.19485,-0.01584,0.26387,0.45762,0.084793,0.23643,0.10581,0.037751,0.083424,0.12924,0.052021,-0.032502
14,0.37808,0.26057,0.38854,0.33335,0.46896,0.17051,0.28814,0.37942,0.29848,0.30974,0.31164,0.28062,0.20039,0.1868,1,-0.022875,0.0065112,0.12067,0.19244,0.34687,-0.11544,-0.1827,0.068306,0.26126,-0.19638,0.056829,0.16884,-0.29631,0.041639,-0.016636,-0.018278,-0.092763,-0.011247,-0.15301,-0.28349,-0.032882,-0.27624,-0.091971,-0.19324,-0.26228,-0.13429,0.11504,0.065767,-0.037625,0.00095948,-0.23222,-0.16982,-0.10387,0.19005,-0.15776,-0.0029944,-0.030894,-0.016214,-0.19421,-0.23577,0.16583,-0.25272,0.16981,0.19446,-0.13263,0.32113,-0.25215,-0.072913,-0.1107,-0.10873,-0.21552,0.037001,0.29249,0.213,0.1531,-0.01917,-0.074588,-0.38386,-0.024273,-0.41402,-0.11384,-0.053663,-0.15348,0.046122,0.098799,0.06726,0.042968,0.00084403,-0.027997,0.068495,-0.14725,-0.17321,-0.050056
15,0.27566,0.39735,0.33753,0.17356,0.18389,0.20767,0.06974,0.30684,0.23574,0.18167,0.0077469,-0.036758,0.29741,0.079582,-0.022875,1,0.21916,0.088678,-0.026999,-0.070003,0.15848,-0.16327,-0.050995,-0.16001,0.1879,-0.28277,-0.01929,0.06152,0.21925,-0.096362,0.057774,0.3037,0.15424,-0.24581,-0.19885,0.0046226,-0.0020892,-0.043852,0.19677,-0.021909,-0.14966,0.081008,-0.17268,0.053907,-0.022624,-0.10586,-0.27974,-0.30881,-0.12638,0.078593,-0.1278,-0.012611,-0.12147,0.099861,0.25622,-0.0021553,-0.45761,0.26512,-0.045211,0.077331,0.06014,-0.0054419,-0.16092,0.057161,-0.10226,0.15685,0.080032,-0.019383,0.13003,-0.24558,-0.023117,0.16923,0.062686,-0.21412,0.079168,0.0411,0.034284,0.10075,-0.10225,-0.0072873,0.29207,-0.0032056,0.15841,-0.096851,0.037561,-0.037716,0.055632,-0.24853
16,0.018988,0.094685,0.22925,0.1204,0.19893,0.15609,0.20578,0.092159,0.10664,0.020617,0.055152,0.29941,0.15171,-0.057532,0.0065112,0.21916,1,-0.060701,-0.025034,-0.030754,0.439,0.047902,-0.047496,0.057383,0.32655,0.067155,0.14495,0.030052,0.0877,0.2399,-0.015783,-0.15826,0.049004,0.15742,-0.22519,0.17909,0.20585,-0.15564,-0.0026457,-0.2114,-0.011783,0.19059,0.078792,0.14708,0.020279,-0.023552,0.15808,-0.25577,0.30816,-0.06139,-0.20311,-0.21109,-0.014458,0.00079879,0.052633,0.021717,-0.33802,0.076847,-0.090914,0.038071,-0.098248,-0.16126,-0.15331,-0.062018,-0.032482,0.29809,0.11454,-0.017506,0.16419,0.12606,0.0055661,0.079879,-0.31752,0.040314,0.22737,-0.12721,0.2821,-0.041514,-0.18862,-0.13767,0.047624,0.0094318,-0.02161,-0.2141,0.11256,0.096496,-0.11746,-0.14678
17,0.25468,0.27192,0.23209,0.27973,0.25889,0.2793,0.15005,0.13561,0.15251,0.26953,0.17997,-0.009053,0.29108,0.064351,0.12067,0.088678,-0.060701,1,0.16791,-0.02921,-0.015981,0.17454,0.044741,0.013011,-0.13949,-0.32518,0.071696,0.2015,0.13529,0.13809,0.062965,0.01384,-0.3007,-0.13901,-0.027495,0.15104,0.03792,-0.26292,-0.073924,0.024173,0.0038528,-0.18605,0.16934,-0.03735,0.03229,-0.071787,-0.13666,0.030325,-0.13549,-0.23374,0.2038,0.032652,0.096195,0.11676,0.012397,0.35365,0.13228,0.19094,0.081693,0.16971,-0.032573,0.17673,0.21129,0.22877,-0.19461,0.11489,0.0081231,0.43837,0.14942,0.022915,-0.13067,0.043116,0.11076,0.027903,0.053931,-0.16518,0.18485,-0.13159,-0.068082,0.21677,-0.17383,0.011021,0.075191,0.06904,-0.081482,-0.17757,-0.20788,-0.092407
18,0.35506,0.42942,0.36458,0.36916,0.33957,0.084305,0.16258,0.30792,0.2875,0.3669,0.44226,0.22835,0.28843,0.13852,0.19244,-0.026999,-0.025034,0.16791,1,0.20632,-0.12842,-0.0053299,0.065264,0.12032,-0.049928,0.06914,0.22112,-0.17706,0.32114,0.20405,-0.03499,0.0488,-0.04548,0.046451,-0.1623,0.034447,-0.10755,0.24987,-0.16254,-0.12185,0.14362,-0.18026,0.33217,-0.19991,-0.046315,-0.15556,-0.0057437,-0.11565,-0.10768,-0.0094581,-0.13455,-0.016169,0.249,-0.032018,0.0957,0.2516,0.071681,0.024611,0.14615,-0.13672,0.098662,-0.18319,0.070352,0.29981,0.026491,0.142,0.077782,0.19449,0.15162,0.22991,0.12425,-0.13023,-0.1065,0.070932,-0.12333,-0.030093,0.25068,0.21013,-0.026752,0.25565,0.19133,0.010402,-0.18986,-0.0058512,0.059192,-0.092499,-0.14305,0.016485
19,0.36105,0.28342,0.41913,0.34309,0.36487,0.28664,0.31138,0.31588,0.27301,-0.12142,0.32192,0.36958,0.17563,0.26577,0.34687,-0.070003,-0.030754,-0.02921,0.20632,1,-0.075617,0.10448,0.15534,0.22409,0.17275,0.013133,0.0030411,-0.21951,0.14429,0.013431,-0.00066164,-0.10432,0.026586,-0.074831,-0.12782,-0.27721,-0.38557,-0.163,-0.12146,-0.009294,-0.16776,0.13278,0.073133,-0.016668,0.32904,-0.11996,0.1327,-0.10422,0.026401,0.13256,0.072952,0.08516,0.29791,-0.0619,-0.18645,-0.085931,0.038685,-0.1561,-0.058711,-0.090212,-0.027978,-0.33137,-0.16382,0.072996,0.079952,-0.068234,-0.12619,0.011304,-0.10543,0.15331,0.052922,-0.082241,-0.049672,0.11622,0.033171,0.043709,0.020342,0.012883,0.068287,0.37724,0.043929,0.25291,-0.10083,0.17754,0.071798,-0.090823,0.088301,0.089674
20,0.010344,0.1087,0.057921,0.066759,0.16442,0.014984,0.12374,0.17997,-0.035316,0.033691,0.14783,0.10467,0.16466,0.083006,-0.11544,0.15848,0.439,-0.015981,-0.12842,-0.075617,1,0.33795,-0.07659,-0.080385,0.39361,0.019087,0.25256,0.10932,-0.34472,-0.033289,-0.014116,-0.17369,0.125,-0.1079,-0.11073,0.12834,0.32114,-0.17927,0.10558,0.23115,0.017969,0.25064,-0.14468,0.069245,0.093112,0.076739,0.31703,-0.27322,0.29177,0.14196,0.067615,0.14325,0.044753,-0.0016197,0.059096,0.035353,-0.055086,-0.0076736,-0.031846,-0.0083424,0.14417,0.014656,-0.053313,0.023962,0.14834,0.29423,0.021306,-0.12898,0.027151,0.13572,0.097308,0.30885,-0.13007,0.13354,0.12273,-0.15559,0.10992,-0.017436,-0.13756,-0.076162,0.12302,-0.0078506,0.083497,-0.31454,-0.081448,0.14634,0.061515,0.078945
21,-0.071278,-0.048299,0.046352,0.046248,0.03098,-0.19717,0.015033,-0.092868,-0.20053,0.11165,0.084525,-0.12211,0.12624,0.15996,-0.1827,-0.16327,0.047902,0.17454,-0.0053299,0.10448,0.33795,1,0.13043,-0.053032,0.075909,0.15577,-0.056466,-0.057403,0.0014259,-0.095651,0.0044553,-0.078573,0.10344,-0.081583,0.078764,0.089125,0.27387,-0.22026,-0.019782,0.11079,0.16679,0.10086,-0.16763,-0.28682,0.32904,-0.11142,0.36145,0.29879,0.095781,0.13595,0.30686,0.072535,0.21744,0.3326,0.19761,0.1569,0.25705,-0.23204,-0.21486,-0.10279,-0.14282,0.18637,-0.17749,0.071076,-0.0092268,0.17691,0.039947,0.19555,-0.024645,0.054574,-0.080721,-0.10623,0.095169,0.065372,0.28412,-0.21239,0.12065,-0.10855,-0.017983,0.30632,-0.02949,-0.031249,-0.11067,0.22352,-0.2598,0.20832,-0.037774,-0.1596
22,-0.12154,0.068273,-0.058047,0.0593,0.11666,-0.11681,-0.028994,-0.043066,0.048362,-0.027924,-0.021521,0.005798,0.094545,-0.13798,0.068306,-0.050995,-0.047496,0.044741,0.065264,0.15534,-0.07659,0.13043,1,-0.14851,-0.22713,-0.027857,0.0106,-0.079329,0.23721,0.12005,0.10399,-0.034655,0.19196,0.24814,-0.014282,-0.0060696,0.029374,0.081478,0.12143,0.28075,-0.063708,-0.091843,0.23512,0.011082,0.12786,0.025841,0.30962,0.22182,0.11012,0.15451,0.3096,0.20935,0.11054,0.12334,-0.046642,0.16003,0.053414,0.012904,-0.014577,0.045305,0.018185,0.16303,-0.0082765,-0.078943,-0.10255,-0.10153,0.30377,0.18102,-0.076209,0.014886,0.079087,0.0029921,0.16166,0.39026,-0.058924,0.015422,-0.36782,0.030878,0.035098,0.12671,-0.0014429,-0.27745,-0.099176,-0.1875,-0.046444,0.2481,0.028528,0.21911
23,-0.1274,-0.15618,-0.029601,-0.084036,-0.025857,-0.15887,-0.13479,-0.27747,-0.16865,-0.055791,0.26036,0.04626,-0.084163,-0.054493,0.26126,-0.16001,0.057383,0.013011,0.12032,0.22409,-0.080385,-0.053032,-0.14851,1,0.074354,-0.035877,0.29296,0.061965,0.050053,0.093466,-0.0091071,0.029018,-0.14986,-0.077145,0.32606,0.16779,-0.11194,0.16465,0.13288,-0.042372,0.065399,0.07232,0.18784,-0.042284,-0.24107,-0.31387,0.17331,-0.30597,-0.070831,-0.26019,0.077111,0.0059574,-0.016695,-0.33998,-0.13289,0.043448,0.24717,-0.07759,0.058788,-0.29978,-0.0028382,-0.28594,-0.22714,-0.069356,-0.16605,-0.2469,0.0045818,0.027179,0.11379,0.058601,-0.16416,0.05621,-0.14267,0.016692,0.0086496,-0.025818,-0.071198,-0.038536,-0.11307,0.049328,-0.29808,0.051162,0.087075,0.11739,-0.19421,-0.12237,0.10591,0.013499
24,0.065012,0.1246,0.16245,0.20839,0.2547,0.23463,0.32294,0.17631,0.14934,0.048343,0.056467,0.04927,0.14917,0.022861,-0.19638,0.1879,0.32655,-0.13949,-0.049928,0.17275,0.39361,0.075909,-0.22713,0.074354,1,-0.004853,0.058528,-0.17078,-0.11731,0.091316,-0.080457,0.28518,0.1196,-0.114,0.026477,-0.080374,0.12187,-0.074058,-0.027332,0.081754,0.073927,0.095706,0.11048,0.050671,0.31897,-0.004482,0.20938,-0.26861,0.24774,0.063288,-0.034411,-0.12587,0.22065,-0.14675,0.079537,-0.026502,-0.048171,-0.047776,4.6493e-05,0.26254,-0.12377,-0.11514,-0.06705,-0.090891,0.12875,0.2933,0.09426,-0.11873,-0.15724,0.074837,-0.18023,0.06693,-0.0064062,0.035465,0.36484,0.11861,0.34689,0.19203,-0.1254,-0.067104,-0.016583,0.080646,-0.27437,-0.098581,0.029251,0.075487,0.10155,-0.063988
25,-0.079583,-0.29692,-0.1489,-0.23199,-0.14017,-0.19789,-0.13459,-0.0081529,-0.33488,0.04448,-0.1359,0.26452,-0.13143,-0.23815,0.056829,-0.28277,0.067155,-0.32518,0.06914,0.013133,0.019087,0.15577,-0.027857,-0.035877,-0.004853,1,-0.0039245,-0.31679,-0.10932,-0.18291,-0.15359,-0.12954,0.21597,0.30113,-0.0032147,0.28403,-0.06027,0.14785,-0.092329,-0.10239,0.0025505,0.10315,0.14961,0.10341,0.15023,0.014871,0.22539,0.12283,0.28603,0.00060012,-0.0040037,-0.11869,0.1785,0.19538,-0.036299,0.053605,0.22022,-0.021486,0.081198,-0.099962,0.21309,0.18811,0.087077,-0.37865,0.24401,0.15062,0.044878,-0.27328,-0.21465,0.2508,0.19024,0.073386,0.021066,0.0045411,0.11536,0.094029,0.020541,0.058087,-0.24947,-0.14214,-0.045109,-0.060066,-0.10237,0.048007,0.17013,-0.049387,0.031376,0.031942
26,0.2752,0.27452,0.11788,0.18342,0.25504,0.034662,0.25054,0.24114,0.15764,0.26071,0.50651,0.20829,0.28285,-0.076028,0.16884,-0.01929,0.14495,0.071696,0.22112,0.0030411,0.25256,-0.056466,0.0106,0.29296,0.058528,-0.0039245,1,0.043387,-0.10356,-0.092552,0.091583,-0.023344,-0.23629,0.0031561,-0.038297,-0.06227,0.1259,-0.13996,0.14061,0.12693,-0.040109,0.15001,0.24551,-0.042235,-0.21505,-0.29303,0.050962,-0.24129,0.38175,-0.16777,0.0013963,0.13665,0.086209,-0.33827,-0.20434,0.13856,0.07282,0.13691,0.27408,-0.11456,0.14121,-0.19079,-0.047963,0.0051638,-0.24483,-0.12709,0.039035,-0.012673,0.057138,0.15335,0.20683,0.20467,-0.077093,0.097494,-0.161,0.052566,0.30057,0.079452,-0.19651,0.27573,-0.05973,0.23808,0.10796,-0.29715,0.054076,-0.20184,-0.035014,0.20212
27,-0.070782,-0.03504,-0.11439,2.0602e-05,-0.34244,-0.045196,-0.19313,-0.19032,-0.08601,-0.075556,-0.13554,-0.090422,-0.15098,-0.070494,-0.29631,0.06152,0.030052,0.2015,-0.17706,-0.21951,0.10932,-0.057403,-0.079329,0.061965,-0.17078,-0.31679,0.043387,1,0.022095,0.13802,0.027064,0.032456,-0.14823,-0.37977,-0.10206,-0.053587,0.19331,-0.21331,-0.02988,-0.048783,-0.18693,-0.14691,0.15587,0.070259,-0.19866,-0.0077917,0.13377,-0.1048,-0.012285,-0.33609,-0.016998,0.17883,-0.3129,-0.13138,-0.092605,-0.061882,0.032687,-0.096192,0.10744,0.16329,-0.063774,0.25505,0.14694,0.075682,-0.041042,-0.055123,-0.075165,-0.025989,0.24252,-0.023765,0.02831,0.080227,-0.12755,0.084223,0.0017372,0.16006,-0.20102,-0.12405,0.10936,0.14167,0.028924,-0.083285,0.1341,-0.132,-0.24678,0.18883,0.017482,0.18751
28,0.035012,0.2455,0.22144,0.26116,-0.035382,0.042783,0.17289,0.13516,0.16757,0.099987,0.18378,0.12695,0.25406,0.060675,0.041639,0.21925,0.0877,0.13529,0.32114,0.14429,-0.34472,0.0014259,0.23721,0.050053,-0.11731,-0.10932,-0.10356,0.022095,1,0.1948,0.16207,-0.010127,0.1144,0.050534,-0.14763,0.029451,-0.15372,0.098511,0.086816,-0.40712,0.28759,-0.23675,0.13293,0.035429,-0.09997,-0.28096,-0.24519,0.098913,-0.054915,-0.16447,-0.06851,-0.046393,-0.0078151,0.015928,0.012599,0.1234,-0.073351,-0.053594,-0.14231,-0.048324,0.014139,0.14657,0.043857,0.29371,-0.14295,-0.0072682,0.21421,0.20687,0.31423,-0.20404,-0.18964,-0.059639,0.071905,0.037588,0.16838,0.057717,0.26366,0.18477,-0.072069,0.14076,0.092517,-0.14163,0.0021976,0.039129,-0.053712,0.11538,0.1854,0.032748
29,-0.16283,0.0078829,-0.19055,0.04239,0.031109,-0.068438,-0.10146,-0.16723,0.079999,-0.091512,-0.14962,-0.11738,-0.25903,-0.21525,-0.016636,-0.096362,0.2399,0.13809,0.20405,0.013431,-0.033289,-0.095651,0.12005,0.093466,0.091316,-0.18291,-0.092552,0.13802,0.1948,1,0.16434,0.0026348,0.35225,-0.013204,-0.19523,0.14803,0.35485,0.10463,-0.11468,-0.22253,0.14803,-0.12739,0.12139,0.14086,-0.039451,-0.024124,0.12946,-0.1645,0.31754,-0.24838,0.089939,0.10979,0.013854,-0.12782,-0.02982,-0.029243,0.046006,0.19044,0.1576,0.25432,-0.27075,-0.0035145,0.21024,0.13881,0.12952,0.16955,0.10521,0.069936,0.20715,0.056104,-0.29412,-0.28995,-0.072181,0.18202,0.018063,-0.034603,0.12653,-0.18891,0.03467,-0.014838,0.00047808,-0.0076612,-0.36769,0.11113,0.0015664,0.36288,-0.069886,0.038502
30,-0.068791,-0.0026727,0.068707,0.057314,-0.058571,0.037589,0.1709,0.14518,0.1373,-0.021904,0.003418,-0.091637,-0.019345,-0.026419,-0.018278,0.057774,-0.015783,0.062965,-0.03499,-0.00066164,-0.014116,0.0044553,0.10399,-0.0091071,-0.080457,-0.15359,0.091583,0.027064,0.16207,0.16434,1,0.13466,0.25699,0.036972,0.046461,0.038858,0.024527,0.041399,0.07549,-0.21238,0.088144,-0.022281,-0.18827,0.029833,-0.061605,-0.26361,-0.088123,-0.035292,0.12178,0.096206,0.11541,0.37984,0.27007,0.14023,-0.10442,0.050746,0.21901,0.27498,0.20789,0.048461,-0.36755,-0.167,-0.15923,0.092246,-0.14009,0.091127,0.0062353,0.03536,0.029847,0.018645,-0.34887,-0.016439,0.19597,0.15293,-0.093715,-0.13492,0.0090512,-0.039241,0.0013537,-0.10921,-0.12165,0.042436,-0.071131,0.1071,-0.058403,0.09055,-0.068371,-0.10081
31,0.11019,0.1618,0.20734,0.16009,0.10459,0.02832,0.0015994,0.029338,0.22597,0.21498,0.036679,-0.22235,0.057063,-0.020091,-0.092763,0.3037,-0.15826,0.01384,0.0488,-0.10432,-0.17369,-0.078573,-0.034655,0.029018,0.28518,-0.12954,-0.023344,0.032456,-0.010127,0.0026348,0.13466,1,-0.040339,-0.12301,0.070147,0.03073,-0.092571,0.16634,-0.16383,-0.10271,-0.12471,-0.17414,-0.022836,-0.094204,0.055094,-0.22124,-0.045822,-0.039059,0.052581,0.030001,-0.029166,0.062759,-0.096721,-0.027399,0.04072,0.068998,-0.11575,0.086365,0.21094,0.21216,-0.32454,0.017868,-0.11385,0.038575,-0.26473,-0.088814,-0.0047823,0.015019,0.095095,0.054243,-0.32632,0.012554,0.16696,-0.081729,-0.045946,0.26842,0.021386,-0.058921,0.072391,0.062078,-0.1073,-0.095812,-0.075074,0.013283,0.03983,0.079957,-0.010266,-0.38587
32,-0.26124,-0.12961,-0.17051,-0.24668,-0.22843,-0.14198,-0.21072,-0.06174,-0.13194,-0.11342,-0.41125,-0.12732,-0.2933,-0.0032195,-0.011247,0.15424,0.049004,-0.3007,-0.04548,0.026586,0.125,0.10344,0.19196,-0.14986,0.1196,0.21597,-0.23629,-0.14823,0.1144,0.35225,0.25699,-0.040339,1,-0.0038963,-0.17029,-0.020647,0.1398,0.29573,-0.04068,-0.10873,0.14553,0.26627,-0.083911,0.1302,0.070587,-0.049159,0.13441,-0.053763,0.29547,0.052396,0.22314,0.087826,0.14717,0.24551,0.040728,0.067215,0.071692,0.074003,-0.17769,0.23373,-0.060269,0.15098,-0.21154,-0.0017419,0.1319,0.29596,0.12265,-0.27959,0.16436,0.11222,-0.043044,-0.099082,0.12752,0.068027,-0.098209,0.055821,-0.14024,0.074452,-0.072983,-0.084021,0.098402,0.0026885,-0.26952,0.051201,-0.14875,0.47557,0.12198,0.026871
33,-0.1552,-0.15518,-0.059243,-0.045305,0.0023786,0.054131,-0.083083,0.036993,-0.14582,-0.11185,0.0337,0.15827,-0.11206,-0.0090061,-0.15301,-0.24581,0.15742,-0.13901,0.046451,-0.074831,-0.1079,-0.081583,0.24814,-0.077145,-0.114,0.30113,0.0031561,-0.37977,0.050534,-0.013204,0.036972,-0.12301,-0.0038963,1,0.12174,-0.026037,-0.083943,0.31031,0.094262,-0.073999,0.051333,0.12927,0.014201,-0.13004,-0.056686,0.075058,-0.040256,0.10679,0.015829,0.22279,-0.12012,-0.24819,0.19968,-0.014494,-0.13707,-0.083879,0.14031,-0.038626,0.032763,-0.032242,0.21571,-0.010511,-0.008819,0.0022894,-0.11666,-0.046345,0.085231,0.017123,-0.1712,-0.050011,0.068112,0.21403,0.31271,0.21594,0.11938,0.019376,0.02792,0.068101,0.0031501,-0.19166,-0.32291,-0.19092,0.1182,0.067103,0.17834,-0.099183,-0.13865,0.06516
34,-0.27365,-0.41045,-0.26185,-0.27533,-0.26557,-0.15095,-0.289,-0.26637,-0.13317,0.0036677,-0.10929,-0.27528,0.0036321,0.097769,-0.28349,-0.19885,-0.22519,-0.027495,-0.1623,-0.12782,-0.11073,0.078764,-0.014282,0.32606,0.026477,-0.0032147,-0.038297,-0.10206,-0.14763,-0.19523,0.046461,0.070147,-0.17029,0.12174,1,0.035318,0.052221,0.03913,0.30365,0.28985,0.26508,0.008575,-0.063505,-0.27879,-0.040285,0.078274,-0.12584,0.030114,-0.15851,0.13415,0.15119,-0.040714,-0.086536,0.080475,0.098392,0.13933,0.34163,-0.16638,-0.18217,-0.3143,-0.13423,-0.02726,-0.010732,0.076337,-0.1311,-0.025448,-0.053587,-0.12695,-0.11204,-0.00093179,-0.25324,0.17465,0.2298,0.10484,0.080963,-0.114,-0.17024,0.16739,0.19719,-0.078523,-0.42082,0.092845,-0.071432,0.035974,-0.069986,-0.0030633,0.20314,-0.22524
35,-0.33019,-0.17955,-0.14171,-0.34609,-0.21244,-0.37759,-0.14646,-0.30159,-0.42782,-0.014563,-0.032466,-0.098273,0.021559,-0.28817,-0.032882,0.0046226,0.17909,0.15104,0.034447,-0.27721,0.12834,0.089125,-0.0060696,0.16779,-0.080374,0.28403,-0.06227,-0.053587,0.029451,0.14803,0.038858,0.03073,-0.020647,-0.026037,0.035318,1,0.23241,0.24511,0.10727,-0.069884,0.073326,-0.15202,0.014539,0.27762,0.0032618,0.052219,0.24569,0.09475,-0.091575,0.026145,0.10828,-0.070987,0.055421,0.087464,0.09912,0.30924,0.0080083,0.43461,0.21429,-0.12465,-0.0038761,0.23046,0.014846,-0.1002,0.2266,0.053011,-0.051093,0.14077,0.112,0.10395,-0.059305,0.076858,0.0033044,-0.12725,0.26845,-0.42171,-0.03202,-0.14626,-0.16943,-0.19241,0.041083,-0.048574,0.13307,0.10857,0.06929,-0.039653,0.20115,0.042464
36,-0.25317,-0.185,-0.35257,-0.16076,-0.11133,-0.42167,-0.20768,-0.22708,-0.18417,0.095233,-0.15101,-0.23624,-0.14597,-0.022447,-0.27624,-0.0020892,0.20585,0.03792,-0.10755,-0.38557,0.32114,0.27387,0.029374,-0.11194,0.12187,-0.06027,0.1259,0.19331,-0.15372,0.35485,0.024527,-0.092571,0.1398,-0.083943,0.052221,0.23241,1,-0.12321,0.37991,0.09836,0.17548,0.055048,-0.056097,-0.14922,-0.017207,0.047837,0.19977,0.066358,0.30432,-0.044744,0.097267,0.1105,0.06858,-0.036173,0.28692,0.071012,0.12758,0.17766,0.11746,0.11288,-0.020813,0.15529,0.20561,0.094851,0.050418,0.2185,0.035395,-0.018334,-0.069213,-0.093146,-0.10249,-0.061079,-0.037032,-0.050498,0.088196,-0.1888,0.23536,-0.11705,0.10256,0.092675,0.064868,-0.036547,-0.12038,-0.12612,0.0047842,0.33958,-0.048307,0.12597
37,-0.33734,-0.21569,-0.21949,-0.38177,-0.19673,-0.29622,-0.26482,-0.32744,-0.24024,-0.23021,-0.17435,-0.087299,-0.2078,-0.16477,-0.091971,-0.043852,-0.15564,-0.26292,0.24987,-0.163,-0.17927,-0.22026,0.081478,0.16465,-0.074058,0.14785,-0.13996,-0.21331,0.098511,0.10463,0.041399,0.16634,0.29573,0.31031,0.03913,0.24511,-0.12321,1,0.046642,0.078329,0.28348,-0.20016,0.017811,0.16279,-0.24828,0.09196,0.091829,-0.16327,-0.16164,0.26426,-0.06535,-0.15098,-0.066074,-0.054796,-0.040054,0.059214,0.075258,0.029596,0.16635,0.20048,0.035383,-0.12177,-0.067514,0.036419,0.074155,-0.00077376,0.0407,-0.10514,0.080325,0.077711,0.15805,0.065442,0.030067,0.084083,-0.049727,-0.2257,-0.31023,0.2929,-0.092181,-0.26951,0.035937,-0.20848,0.12828,0.0092148,0.010371,-0.02316,0.15961,0.037777
38,-0.31008,-0.15221,-0.33477,-0.17514,-0.26046,-0.43761,-0.28038,-0.18401,-0.19645,-0.039688,-0.051496,-0.095063,0.054519,0.017036,-0.19324,0.19677,-0.0026457,-0.073924,-0.16254,-0.12146,0.10558,-0.019782,0.12143,0.13288,-0.027332,-0.092329,0.14061,-0.02988,0.086816,-0.11468,0.07549,-0.16383,-0.04068,0.094262,0.30365,0.10727,0.37991,0.046642,1,0.22591,0.057583,0.057496,0.089583,0.068176,-0.049082,0.19363,-0.014406,0.085625,-0.11279,0.17977,0.21611,0.037646,0.15807,-0.096319,0.15015,0.056633,0.37335,0.16711,0.093114,-0.096789,0.11993,-0.060635,0.24921,0.040489,-0.11416,-0.030158,0.082776,-0.2081,-0.01855,-0.50719,0.093469,0.091797,0.21066,-0.022218,0.044511,0.018838,0.060463,0.11957,-0.031338,0.020922,0.0793,0.037623,0.059883,-0.061566,0.036527,-0.043772,0.3842,0.11279
39,-0.081603,-0.088524,-0.25712,-0.22502,0.013123,-0.15018,-0.078054,-0.17886,-0.20669,-0.24961,-0.083679,-0.076934,0.014437,-0.27398,-0.26228,-0.021909,-0.2114,0.024173,-0.12185,-0.009294,0.23115,0.11079,0.28075,-0.042372,0.081754,-0.10239,0.12693,-0.048783,-0.40712,-0.22253,-0.21238,-0.10271,-0.10873,-0.073999,0.28985,-0.069884,0.09836,0.078329,0.22591,1,-0.093533,-0.0072122,0.074813,-0.077656,-7.0603e-05,0.16061,0.13617,-0.082126,-0.21505,0.25485,0.21803,0.077171,0.033044,0.23211,0.19483,-0.080199,0.23719,-0.18252,-0.042687,-0.024971,-0.0067017,-0.071646,0.10587,-0.18978,0.073377,0.095747,-0.12196,-0.22855,-0.4043,0.054199,0.16542,0.16475,0.10462,0.04562,-0.040892,-0.031107,-0.30925,0.14411,-0.079433,-0.0055148,-0.13595,0.049829,-0.13167,-0.29204,0.04842,-0.26955,-0.0032983,0.10264
40,-0.21985,-0.2581,-0.15517,-0.15188,-0.13456,-0.20084,-0.10179,-0.16421,-0.12199,-0.043175,-0.01493,-0.23024,-0.031888,0.083291,-0.13429,-0.14966,-0.011783,0.0038528,0.14362,-0.16776,0.017969,0.16679,-0.063708,0.065399,0.073927,0.0025505,-0.040109,-0.18693,0.28759,0.14803,0.088144,-0.12471,0.14553,0.051333,0.26508,0.073326,0.17548,0.28348,0.057583,-0.093533,1,-0.23654,-0.04378,-0.11187,-0.18332,0.12161,0.00097802,0.033711,0.096224,-0.01957,0.094133,-0.20855,-0.10243,0.024927,-0.023882,0.19416,0.18802,0.084196,-0.21204,-0.019561,-0.10518,0.030516,-0.081276,0.21508,-0.022138,0.30282,0.2917,0.25923,-0.091444,-0.14068,-0.2029,-0.13335,0.093172,0.072458,0.16347,-0.33115,0.20183,0.40643,-0.10705,-0.18824,0.041708,0.086279,-0.026293,0.15566,-0.14385,0.11004,0.0012127,-0.052112
41,-0.10919,0.025263,0.089157,-0.020476,0.091009,-0.061085,-0.063136,0.016331,0.079821,-0.1218,0.0065796,-0.049719,-0.047147,0.24282,0.11504,0.081008,0.19059,-0.18605,-0.18026,0.13278,0.25064,0.10086,-0.091843,0.07232,0.095706,0.10315,0.15001,-0.14691,-0.23675,-0.12739,-0.022281,-0.17414,0.26627,0.12927,0.008575,-0.15202,0.055048,-0.20016,0.057496,-0.0072122,-0.23654,1,-0.080935,-0.26552,-0.16138,0.015003,0.085289,-0.050063,0.24049,0.12494,0.14073,-0.13114,0.17174,0.17892,0.14206,0.070823,-0.10897,-0.25223,-0.23163,-0.24964,0.21305,-0.17264,-0.19289,0.052954,0.066485,-0.32968,-0.028827,-0.25847,0.12745,0.092924,0.075747,0.26966,-0.08298,-0.22106,-0.10442,0.089297,0.10251,-0.18669,-0.055789,0.13953,-0.26852,0.21044,-0.082862,0.18048,0.1476,0.19262,0.0015312,-0.18501
42,0.0065701,0.017909,-0.025582,0.089563,-0.037455,-0.076942,-0.052162,0.034519,0.068241,0.077722,-0.043608,-0.0021795,-0.1267,-0.0973,0.065767,-0.17268,0.078792,0.16934,0.33217,0.073133,-0.14468,-0.16763,0.23512,0.18784,0.11048,0.14961,0.24551,0.15587,0.13293,0.12139,-0.18827,-0.022836,-0.083911,0.014201,-0.063505,0.014539,-0.056097,0.017811,0.089583,0.074813,-0.04378,-0.080935,1,0.09555,0.061809,-0.057475,0.21356,0.086896,0.049715,-0.27568,0.1114,-0.075321,0.1963,-0.054695,-0.10615,0.36111,0.21197,0.095303,0.23294,0.23389,0.035492,0.033979,0.24693,-0.1353,-0.10226,-0.0042439,0.1274,0.046902,-0.047673,0.074788,0.14217,-0.19681,-0.071231,0.086552,-0.090518,0.16045,0.059744,0.065889,-0.23179,0.32376,0.09491,-0.030047,-0.27546,-0.018927,0.19862,-0.003094,-0.0037989,0.35353
43,-0.23225,-0.065688,-0.28019,-0.29438,-0.23143,-0.016862,-0.10546,-0.13983,-0.12989,-0.11862,-0.29853,0.057811,-0.11319,-0.45418,-0.037625,0.053907,0.14708,-0.03735,-0.19991,-0.016668,0.069245,-0.28682,0.011082,-0.042284,0.050671,0.10341,-0.042235,0.070259,0.035429,0.14086,0.029833,-0.094204,0.1302,-0.13004,-0.27879,0.27762,-0.14922,0.16279,0.068176,-0.077656,-0.11187,-0.26552,0.09555,1,0.13403,0.12747,0.18516,-0.30662,0.1255,-0.18732,0.14117,0.073753,-0.095519,-0.024226,-0.24927,-0.079328,-0.062581,0.23409,0.045082,0.29809,-0.017642,0.17201,0.14655,-0.079664,0.21336,0.11274,-0.014332,-0.14798,-0.0083478,-0.097348,0.25826,0.0029158,-0.078221,0.049905,-0.062974,-0.0017264,-0.085856,-0.047026,-0.23165,-0.29855,0.28843,-0.21368,0.10159,-0.17435,-0.089623,0.054579,0.34396,0.24342
44,0.18035,0.0032603,0.071472,0.11302,0.11682,0.17408,0.10784,0.20948,-0.0051598,0.22363,-0.080438,0.11357,0.10926,0.035045,0.00095948,-0.022624,0.020279,0.03229,-0.046315,0.32904,0.093112,0.32904,0.12786,-0.24107,0.31897,0.15023,-0.21505,-0.19866,-0.09997,-0.039451,-0.061605,0.055094,0.070587,-0.056686,-0.040285,0.0032618,-0.017207,-0.24828,-0.049082,-7.0603e-05,-0.18332,-0.16138,0.061809,0.13403,1,0.068884,0.20795,0.18239,-0.082435,0.22024,0.16222,0.19182,0.21369,-0.014371,-0.16091,0.17866,-0.050691,0.21706,-0.028012,0.30369,-0.068257,-0.096015,-0.081351,-0.19449,0.010852,0.14573,-0.22202,0.1502,-0.15077,0.084295,0.11663,-0.12337,0.23146,0.07939,0.27498,-0.095105,-0.0785,-0.021276,0.24593,0.12844,0.14449,-0.14015,-0.10967,0.027913,-0.20666,0.14978,-0.058458,0.040649
45,-0.18199,-0.14196,-0.17318,-0.13839,-0.065022,-0.098197,-0.19349,-0.29859,-0.10507,-0.13987,-0.19067,-0.044624,-0.050502,0.08757,-0.23222,-0.10586,-0.023552,-0.071787,-0.15556,-0.11996,0.076739,-0.11142,0.025841,-0.31387,-0.004482,0.014871,-0.29303,-0.0077917,-0.28096,-0.024124,-0.26361,-0.22124,-0.049159,0.075058,0.078274,0.052219,0.047837,0.09196,0.19363,0.16061,0.12161,0.015003,-0.057475,0.12747,0.068884,1,0.21676,0.1355,-0.12101,0.18163,0.091827,-0.29289,0.052726,0.0015743,0.038329,0.15914,0.060364,0.003199,-0.0262,0.079471,-0.024562,0.034211,0.23871,0.012143,0.29188,0.091822,0.16183,-0.12665,0.018141,-0.12198,0.35612,0.047808,-0.019588,-0.040579,0.28094,0.0028422,-0.19238,0.15837,0.016507,-0.20349,0.070371,0.16589,0.075148,-0.00032213,0.068567,0.0034505,0.14407,-0.082006
46,-0.39206,-0.23393,-0.19764,-0.24366,-0.10272,-0.37757,-0.21896,-0.43071,-0.25147,-0.17331,-0.094507,0.0020661,-0.21974,-0.23226,-0.16982,-0.27974,0.15808,-0.13666,-0.0057437,0.1327,0.31703,0.36145,0.30962,0.17331,0.20938,0.22539,0.050962,0.13377,-0.24519,0.12946,-0.088123,-0.045822,0.13441,-0.040256,-0.12584,0.24569,0.19977,0.091829,-0.014406,0.13617,0.00097802,0.085289,0.21356,0.18516,0.20795,0.21676,1,0.074128,0.19324,0.11045,0.40768,0.18616,0.15216,-0.0077922,-0.1564,0.0012159,0.23643,0.00022639,-0.047829,0.14592,-0.061316,0.066869,-0.14081,-0.28548,0.23217,0.00037598,0.23741,0.024057,-0.18296,0.22231,0.2022,0.01262,0.038239,0.25753,0.2434,0.028064,-0.17097,-0.12237,-0.099971,0.066999,0.012046,-0.16683,-0.04705,0.10152,-0.096955,0.31104,0.041556,0.24273
47,-0.25437,-0.26804,-0.11667,-0.11195,-0.28203,-0.28646,-0.11194,-0.20229,-0.17213,-0.041435,-0.19278,-0.20274,-0.109,0.18688,-0.10387,-0.30881,-0.25577,0.030325,-0.11565,-0.10422,-0.27322,0.29879,0.22182,-0.30597,-0.26861,0.12283,-0.24129,-0.1048,0.098913,-0.1645,-0.035292,-0.039059,-0.053763,0.10679,0.030114,0.09475,0.066358,-0.16327,0.085625,-0.082126,0.033711,-0.050063,0.086896,-0.30662,0.18239,0.1355,0.074128,1,-0.1733,0.050707,0.10381,0.12151,0.23694,0.17173,0.12992,0.18677,0.12881,0.15207,-0.068611,-0.056799,-0.10175,0.29033,-0.025566,0.0012041,-0.036793,-0.11367,-0.08897,0.22316,0.02094,-0.055515,-0.095725,-0.30723,0.29658,0.069399,0.084277,0.0032207,0.053709,-0.21946,0.11268,0.19489,-0.067474,-0.012467,-0.042679,0.22956,0.017056,0.065252,0.019089,-0.01845
48,-0.04012,0.038427,0.018476,0.13724,0.16321,-0.010496,0.13345,0.15094,0.17468,0.11359,-0.0059542,0.041517,-0.012255,-0.11615,0.19005,-0.12638,0.30816,-0.13549,-0.10768,0.026401,0.29177,0.095781,0.11012,-0.070831,0.24774,0.28603,0.38175,-0.012285,-0.054915,0.31754,0.12178,0.052581,0.29547,0.015829,-0.15851,-0.091575,0.30432,-0.16164,-0.11279,-0.21505,0.096224,0.24049,0.049715,0.1255,-0.082435,-0.12101,0.19324,-0.1733,1,-0.17998,0.14039,-0.029425,-0.046268,-0.05472,-0.23507,-0.0056325,-0.028771,-0.042147,0.19771,0.13518,0.017832,0.1832,0.11533,-0.0070438,0.097177,0.11563,0.31609,-0.10397,0.13778,0.21999,-0.13528,0.024611,-0.1693,0.27419,-0.16425,0.13778,0.29086,-0.14964,-0.17179,0.098117,-0.014947,0.064772,-0.27117,-0.10141,0.094693,0.29322,0.053631,-0.077962
49,-0.056751,0.093371,0.043698,-0.074641,0.10487,-0.041557,0.073687,0.075753,-0.034786,-0.20636,0.01247,0.12981,0.18963,0.073564,-0.15776,0.078593,-0.06139,-0.23374,-0.0094581,0.13256,0.14196,0.13595,0.15451,-0.26019,0.063288,0.00060012,-0.16777,-0.33609,-0.16447,-0.24838,0.096206,0.030001,0.052396,0.22279,0.13415,0.026145,-0.044744,0.26426,0.17977,0.25485,-0.01957,0.12494,-0.27568,-0.18732,0.22024,0.18163,0.11045,0.050707,-0.17998,1,0.015437,-0.054758,0.0017102,0.059228,0.043013,-0.17,-0.040941,-0.07148,-0.13563,0.021958,0.095026,-0.26662,-0.20362,-0.095632,0.16959,0.022996,-0.12184,-0.043126,-0.13053,0.065933,0.21796,0.066222,0.076647,0.08741,0.20113,-0.24166,-0.25889,0.23988,0.23132,-0.062055,0.15218,-0.02882,-0.084481,0.056721,0.12334,-0.048108,0.16521,-0.046959
50,-0.25926,-0.0093272,-0.13239,-0.1569,-0.14143,-0.17882,-0.10232,-0.20935,-0.026676,0.04361,-0.083131,-0.18809,-0.05881,-0.087412,-0.0029944,-0.1278,-0.20311,0.2038,-0.13455,0.072952,0.067615,0.30686,0.3096,0.077111,-0.034411,-0.0040037,0.0013963,-0.016998,-0.06851,0.089939,0.11541,-0.029166,0.22314,-0.12012,0.15119,0.10828,0.097267,-0.06535,0.21611,0.21803,0.094133,0.14073,0.1114,0.14117,0.16222,0.091827,0.40768,0.10381,0.14039,0.015437,1,0.082898,0.028102,0.10397,-0.27149,0.14434,0.46576,0.041239,-0.039933,0.092241,-0.084219,0.13177,-0.054886,-0.055138,-0.14666,-0.018153,0.28981,-0.007871,0.053656,-0.039936,-0.095977,0.016947,0.43547,0.24003,-0.10663,0.075232,-0.050818,-0.2273,-0.11938,0.15744,-0.19233,0.020228,-0.23659,0.14949,-0.075339,0.1421,0.23416,0.086459
