1.6016e-10 1.3734e-10 1.3121e-10 1.1285e-10 1.2114e-10 1.0275e-10 1.3874e-10 8.7323e-11 1.1306e-10 9.8657e-11 1.1917e-10 1.0722e-10 1.0591e-10 9.3726e-11 7.7954e-11 8.3515e-11 9.56e-11 1.0726e-10 6.6305e-11 9.4013e-11 7.9845e-11 7.1472e-11 6.2604e-11 6.1897e-11 5.9535e-11 5.6923e-11 5.5888e-11 6.9138e-11 4.6663e-11 3.7738e-11 2.8163e-11 3.395e-11 2.9855e-11 5.0624e-11 2.4291e-11 3.2637e-11 1.9484e-11 2.0259e-11 7.6697e-12 1.7083e-11 1.187e-11 4.1048e-12 1.4045e-11 1.3835e-11 5.3843e-12 1.7935e-12 -3.2464e-12 2.1671e-12 1.5572e-11 5.2849e-12 5.7537e-12 -5.5396e-12 -7.9052e-12 -7.0995e-12 -4.2953e-12 -7.19e-12 -2.538e-11 -4.119e-12 -1.4599e-11 -4.4722e-12 -1.3729e-12 -7.9355e-12 -9.0736e-12 -1.7434e-12 -4.8409e-12 -3.6122e-12 -1.1158e-12 -8.5899e-12 6.6271e-13 -1.6055e-12 -9.673e-12 3.6546e-12 -4.2657e-12 -9.7194e-12 -8.9516e-12 1.4585e-13 8.3188e-13 -1.7148e-12 -1.1103e-12 -6.5434e-14 -3.4826e-12 -2.8674e-12 -1.7503e-12 -5.9109e-12 5.256e-12 1.6638e-12 3.0227e-12 2.2435e-12 7.352e-14 1.9655e-12 2.2135e-12 -2.3425e-12 1.9018e-12 -2.1539e-12 1.7936e-13 3.7522e-12 -7.7787e-13 -4.1264e-13 7.1587e-13 -2.745e-13 1.554e-12 1.0318e-12 -6.0296e-14 -2.7547e-14 1.3778e-13 1.0128e-14 -1.8846e-14
1.3734e-10 1.4404e-10 1.2887e-10 1.099e-10 1.1133e-10 9.4525e-11 1.3877e-10 8.1803e-11 1.0203e-10 9.5042e-11 1.0967e-10 1.0549e-10 9.7241e-11 8.8768e-11 8.0285e-11 8.5961e-11 8.7095e-11 1.0222e-10 6.6505e-11 8.7964e-11 7.5435e-11 7.2337e-11 5.7124e-11 6.1925e-11 5.9261e-11 4.7107e-11 5.6487e-11 6.3789e-11 4.8765e-11 3.4073e-11 3.3461e-11 3.6062e-11 2.9492e-11 4.5504e-11 2.7252e-11 2.8173e-11 2.3234e-11 2.1054e-11 8.4019e-12 2.2258e-11 1.3639e-11 2.0057e-12 1.3359e-11 9.1669e-12 2.4136e-12 1.932e-12 -4.1913e-12 1.7051e-12 1.1196e-11 5.8332e-12 1.0653e-11 -1.9752e-12 -7.0578e-12 -1.1399e-11 -5.3869e-12 -6.4508e-12 -2.1941e-11 -2.5164e-12 -1.598e-11 -3.7069e-12 -1.7425e-12 -9.5241e-12 -9.6586e-12 -2.228e-12 5.255e-13 -1.2033e-12 -2.8274e-13 -7.2345e-12 1.0883e-13 -2.1364e-12 -1.023e-11 8.4855e-13 -2.2947e-12 -8.2466e-12 -8.4965e-12 -6.9695e-14 -1.354e-12 1.237e-13 2.0808e-12 -2.305e-12 -1.4954e-12 -2.6662e-12 -4.2194e-12 -6.6036e-12 3.33e-12 6.4881e-13 1.6393e-12 5.1167e-13 5.5246e-13 3.1209e-12 1.4055e-12 -2.504e-12 9.504e-13 -3.3857e-12 1.6882e-12 3.103e-12 -9.3623e-13 -8.2e-13 6.4826e-13 -6.0473e-13 1.1713e-12 6.8882e-13 -1.5147e-13 -4.703e-14 8.8468e-14 1.3935e-14 6.633e-15
1.3121e-10 1.2887e-10 1.4803e-10 1.1055e-10 1.0839e-10 9.5373e-11 1.3426e-10 8.4308e-11 9.4827e-11 9.1295e-11 1.1315e-10 1.0781e-10 8.9109e-11 9.2455e-11 8.1078e-11 8.0447e-11 8.8695e-11 1.0138e-10 6.7612e-11 8.4669e-11 8.0303e-11 7.2048e-11 5.6654e-11 6.0591e-11 5.4362e-11 4.9219e-11 5.3563e-11 6.0681e-11 4.7396e-11 3.1647e-11 2.9642e-11 3.0743e-11 3.3058e-11 3.7985e-11 2.5584e-11 2.3894e-11 1.9541e-11 2.1697e-11 1.2393e-11 1.0254e-11 1.6431e-11 3.243e-12 1.3882e-11 1.1118e-11 6.3314e-12 2.7515e-12 -1.5326e-12 3.9154e-12 1.4821e-11 6.0809e-12 8.5831e-12 -9.1204e-13 -9.9975e-12 -1.2232e-11 -6.1708e-12 -5.2766e-12 -1.5814e-11 -1.8156e-12 -1.6104e-11 -3.8236e-12 -1.3909e-13 -8.7918e-12 -8.6616e-12 2.6168e-12 -4.4467e-13 -4.8932e-12 8.2028e-13 -9.046e-12 2.2679e-12 1.3222e-12 -1.0789e-11 3.122e-12 -3.4639e-12 -6.7385e-12 -6.8214e-12 1.5567e-12 4.413e-13 -1.3606e-12 3.6044e-12 -1.6455e-12 -2.1786e-12 -3.1153e-12 -5.1428e-12 -9.2407e-12 -3.6154e-13 -4.9784e-13 1.2515e-12 2.8496e-12 1.2237e-12 4.9233e-12 2.4183e-12 -5.137e-12 8.4062e-13 -3.2643e-12 1.7592e-12 2.5588e-12 -1.7563e-12 -3.7408e-13 4.6114e-13 1.6567e-13 1.3594e-12 8.0222e-13 -1.7981e-13 2.1313e-14 8.6135e-14 -6.3809e-15 2.4286e-14
1.1285e-10 1.099e-10 1.1055e-10 1.0795e-10 9.2569e-11 7.6712e-11 1.2081e-10 6.9294e-11 8.6918e-11 7.4504e-11 9.2382e-11 9.2253e-11 8.2871e-11 7.4874e-11 6.8362e-11 7.0371e-11 8.312e-11 8.6088e-11 5.5791e-11 7.3128e-11 7.0995e-11 6.1025e-11 4.9102e-11 5.6698e-11 5.1049e-11 4.0943e-11 4.8915e-11 5.9328e-11 4.4795e-11 2.7681e-11 2.1173e-11 2.9313e-11 2.534e-11 3.5453e-11 1.9268e-11 2.4283e-11 1.8619e-11 1.911e-11 6.736e-12 1.1277e-11 1.1828e-11 2.286e-12 9.3352e-12 4.7386e-12 7.1808e-12 5.9884e-12 -3.538e-12 3.5009e-12 9.2697e-12 2.484e-12 6.9824e-12 -2.3859e-12 -2.9039e-12 -9.4336e-12 -5.844e-12 -3.0746e-12 -1.7748e-11 3.4121e-12 -1.3793e-11 -7.5236e-12 -2.2774e-12 -3.6681e-12 -8.7891e-12 -1.4464e-12 -2.1432e-12 -2.016e-12 -2.7928e-13 -1.1495e-11 1.7873e-12 -1.2455e-13 -9.221e-12 4.3334e-12 -3.0572e-12 -5.0597e-12 -5.863e-12 7.0891e-13 7.4315e-13 4.5213e-13 2.1974e-12 -1.3882e-12 -9.6395e-13 -3.0155e-13 -4.5858e-12 -7.5653e-12 -1.6375e-12 -1.2395e-13 2.7484e-13 4.4676e-13 9.1184e-13 3.7389e-12 2.3767e-12 -3.1627e-12 1.4631e-12 -3.0281e-12 4.5162e-13 1.8052e-12 -1.1575e-12 -7.1634e-13 5.3074e-13 6.4263e-13 1.2772e-12 6.5977e-13 -6.9496e-14 -9.9618e-14 8.2689e-14 5.4511e-16 5.7458e-14
1.2114e-10 1.1133e-10 1.0839e-10 9.2569e-11 1.1664e-10 9.04e-11 1.147e-10 7.4107e-11 9.1657e-11 7.7959e-11 9.9508e-11 8.8912e-11 8.7237e-11 8.0447e-11 7.0225e-11 7.0442e-11 7.9059e-11 8.1124e-11 5.207e-11 7.8629e-11 7.3574e-11 6.3176e-11 4.6442e-11 4.8804e-11 4.6492e-11 4.0762e-11 4.6218e-11 6.2293e-11 4.2781e-11 2.7261e-11 2.6135e-11 2.8417e-11 3.088e-11 4.4817e-11 1.9828e-11 2.5691e-11 1.3644e-11 1.7175e-11 7.8711e-12 8.0088e-12 1.5001e-11 3.0428e-12 1.0557e-11 1.1553e-11 7.1212e-12 3.1733e-13 -2.1863e-12 1.2118e-12 9.9622e-12 3.7412e-12 7.2487e-12 -5.6226e-12 -1.3741e-12 -6.0956e-12 -8.394e-12 -2.9848e-12 -1.6489e-11 -3.3433e-13 -1.0964e-11 -3.1387e-12 4.0931e-13 -5.9023e-12 -5.9761e-12 2.9732e-13 -2.2348e-12 -3.5601e-12 -1.1106e-12 -6.1346e-12 1.1725e-12 -1.9754e-13 -8.9832e-12 -4.8965e-14 -2.1944e-12 -6.4762e-12 -4.8318e-12 4.2166e-13 1.4021e-12 -2.1387e-13 -3.2554e-13 -1.128e-12 -1.9488e-12 -2.4296e-12 -1.5783e-12 -5.2583e-12 2.0471e-12 5.8021e-13 2.599e-12 5.5864e-13 6.9815e-13 1.0156e-13 2.5374e-12 -2.9465e-12 9.1251e-13 -2.3544e-12 2.3429e-12 1.5537e-12 -1.7247e-12 -8.6524e-13 1.332e-12 -3.454e-13 1.2754e-12 7.0789e-13 -9.57e-15 -2.8435e-14 1.5463e-13 3.3189e-14 4.2633e-14
1.0275e-10 9.4525e-11 9.5373e-11 7.6712e-11 9.04e-11 8.845e-11 9.9789e-11 6.4104e-11 8.0887e-11 6.5484e-11 8.1594e-11 7.6285e-11 7.0692e-11 6.9246e-11 6.1303e-11 5.9335e-11 6.5753e-11 6.8578e-11 4.2627e-11 6.5013e-11 6.332e-11 5.0693e-11 4.2e-11 4.188e-11 3.6517e-11 3.759e-11 3.7036e-11 4.8912e-11 2.9712e-11 2.4645e-11 2.9036e-11 2.8682e-11 2.9163e-11 3.3962e-11 1.7072e-11 2.0193e-11 1.3093e-11 1.3562e-11 3.4675e-12 9.4503e-12 1.1422e-11 3.3549e-12 9.4215e-12 6.2488e-12 2.0321e-12 -9.8797e-13 -4.3091e-12 -4.1615e-13 7.7682e-12 2.4338e-12 7.0247e-12 -4.6647e-12 -4.9459e-12 -7.0698e-12 -5.7634e-12 -1.4707e-12 -1.3529e-11 -2.0538e-12 -1.4596e-11 -2.8384e-12 2.5244e-12 -7.6656e-12 -7.7441e-12 -2.2496e-13 -2.1045e-12 -2.796e-12 -4.8089e-13 -5.1365e-12 4.6053e-12 -3.2355e-12 -8.8446e-12 -8.3754e-14 -1.9151e-12 -5.5088e-12 -4.2587e-12 2.931e-12 -2.8678e-13 -1.2762e-12 -1.7972e-13 1.2185e-13 -2.6308e-12 -1.7779e-12 -1.732e-12 -5.7346e-12 -2.5208e-13 -8.8674e-13 1.8867e-12 1.9359e-12 1.797e-12 5.3206e-13 7.423e-13 -1.5241e-12 6.9203e-13 -1.7576e-12 1.1869e-12 2.3645e-12 -5.2211e-13 -1.0376e-12 7.3621e-13 -5.8008e-13 5.7487e-13 7.7488e-13 -2.169e-14 -4.4686e-14 6.0813e-14 4.9238e-15 4.9484e-15
1.3874e-10 1.3877e-10 1.3426e-10 1.2081e-10 1.147e-10 9.9789e-11 1.7198e-10 8.7018e-11 1.0288e-10 9.2349e-11 1.1268e-10 1.1124e-10 1.0188e-10 9.5262e-11 8.8638e-11 8.8915e-11 9.9481e-11 1.0281e-10 7.0472e-11 9.0725e-11 8.9298e-11 7.4524e-11 5.6889e-11 6.521e-11 5.6739e-11 5.3495e-11 5.9318e-11 6.8222e-11 6.344e-11 3.3041e-11 3.1509e-11 3.3909e-11 3.1147e-11 3.4656e-11 2.715e-11 2.749e-11 2.6235e-11 2.3047e-11 5.0137e-12 1.5027e-11 1.4651e-11 3.6262e-12 9.0732e-12 1.0682e-11 6.792e-12 5.6407e-12 -1.6986e-12 7.9683e-13 1.093e-11 4.0781e-12 1.0808e-11 5.7515e-13 -7.9394e-12 -1.3352e-11 -4.2875e-12 -1.927e-12 -2.1421e-11 2.6823e-13 -1.295e-11 -6.4256e-12 -1.9738e-12 -4.9371e-12 -8.5011e-12 -9.0079e-13 -5.6822e-12 -6.0625e-12 1.2856e-12 -9.0208e-12 1.6382e-12 -1.613e-12 -9.1268e-12 3.1756e-12 -4.7261e-12 -7.1443e-12 -7.3029e-12 6.5652e-13 -1.3715e-13 -2.4925e-12 5.2302e-13 -3.4807e-12 -2.182e-12 -3.2735e-12 -3.6543e-12 -4.1417e-12 1.8122e-12 -2.6347e-12 3.2302e-12 -1.7816e-12 2.2993e-12 3.1181e-12 1.85e-12 -5.1211e-12 8.7132e-13 -2.2888e-12 2.6165e-12 2.3698e-12 -2.2452e-12 -9.5775e-13 5.6566e-13 -7.2917e-13 1.0439e-12 1.0017e-12 -1.9105e-13 -8.1196e-14 7.2722e-14 5.4933e-14 1.0458e-13
8.7323e-11 8.1803e-11 8.4308e-11 6.9294e-11 7.4107e-11 6.4104e-11 8.7018e-11 6.9234e-11 6.7477e-11 5.869e-11 7.26e-11 6.6425e-11 5.527e-11 6.0249e-11 5.2651e-11 5.3433e-11 5.7462e-11 6.3504e-11 4.13e-11 5.6186e-11 5.1724e-11 4.8014e-11 3.6209e-11 3.7615e-11 3.5125e-11 2.8601e-11 3.264e-11 4.1579e-11 3.0195e-11 1.8736e-11 2.1295e-11 1.9714e-11 2.2027e-11 2.718e-11 1.5454e-11 1.7975e-11 1.0225e-11 1.4962e-11 4.8675e-12 5.5931e-12 1.0634e-11 5.2359e-13 1.1064e-11 4.129e-12 3.2842e-12 2.7633e-12 -2.8767e-12 2.7523e-12 8.2521e-12 4.0128e-12 2.8163e-12 -3.7303e-12 -3.4803e-12 -4.9096e-12 -4.3378e-12 -1.1235e-12 -1.2433e-11 -2.7713e-12 -9.1677e-12 -1.8904e-12 -9.04e-13 -5.8307e-12 -7.2023e-12 1.359e-12 -3.0808e-12 -3.6008e-12 -2.1306e-12 -6.7329e-12 -7.3611e-13 -1.5471e-13 -5.3654e-12 -2.0535e-13 -2.5842e-12 -7.3778e-12 -3.7405e-12 -5.7991e-13 7.9809e-13 2.6849e-13 1.5852e-12 1.9554e-12 -2.3518e-12 -3.0669e-12 -4.1269e-13 -5.2656e-12 2.0638e-12 -1.0594e-12 2.613e-12 1.2462e-12 -4.9819e-13 6.1513e-13 1.2073e-12 -2.9167e-12 6.8741e-13 -1.7025e-12 6.1947e-13 1.9216e-12 -1.342e-12 -8.7964e-13 5.6255e-13 -2.5858e-13 7.6744e-13 5.1194e-13 -8.1786e-14 -8.4473e-14 6.2231e-14 7.6823e-14 -1.2544e-14
1.1306e-10 1.0203e-10 9.4827e-11 8.6918e-11 9.1657e-11 8.0887e-11 1.0288e-10 6.7477e-11 1.0714e-10 7.0982e-11 8.671e-11 8.1938e-11 6.8632e-11 7.2676e-11 5.8694e-11 6.6552e-11 7.374e-11 8.0171e-11 5.104e-11 7.0222e-11 6.0415e-11 5.4381e-11 5.0838e-11 4.702e-11 4.2275e-11 3.9961e-11 4.1172e-11 5.2632e-11 3.268e-11 2.9073e-11 2.8478e-11 2.1796e-11 2.0277e-11 3.6212e-11 1.4291e-11 2.1441e-11 1.7384e-11 1.5555e-11 6.7215e-12 1.8054e-11 1.5227e-11 5.4246e-12 8.4962e-12 3.7698e-12 5.6899e-12 2.8329e-12 -3.1183e-12 -1.9019e-12 8.1925e-12 6.9764e-12 5.7241e-12 -6.9802e-12 -4.6855e-12 -9.7181e-12 -6.6959e-12 -7.086e-12 -1.8004e-11 -1.3665e-12 -1.4353e-11 -1.0044e-11 -5.2554e-12 -6.5024e-12 -5.831e-12 -4.0978e-13 -4.3374e-12 -1.3715e-12 1.4691e-13 -5.8214e-12 -3.4289e-13 -7.7191e-12 -8.7015e-12 -3.1281e-13 -3.6579e-12 -5.04e-12 -6.5706e-12 9.3011e-13 1.2434e-12 1.1771e-12 7.2975e-13 2.3448e-12 -2.6705e-13 -1.1695e-12 -5.9946e-13 -4.0548e-12 1.4671e-12 -1.2218e-12 2.2116e-12 3.3177e-12 -1.4779e-12 2.3917e-12 2.8367e-12 -1.84e-12 2.1718e-12 -8.3549e-13 7.3398e-13 3.2212e-12 3.7312e-13 -7.9603e-13 5.0061e-13 1.8899e-13 8.2796e-13 6.5924e-13 -3.5536e-14 -9.3999e-14 -4.3252e-15 -5.2571e-14 2.9246e-14
9.8657e-11 9.5042e-11 9.1295e-11 7.4504e-11 7.7959e-11 6.5484e-11 9.2349e-11 5.869e-11 7.0982e-11 7.8063e-11 7.8369e-11 7.3811e-11 6.545e-11 6.2734e-11 5.37e-11 5.5878e-11 6.1262e-11 7.2623e-11 4.6053e-11 6.3671e-11 5.5176e-11 4.9698e-11 3.879e-11 4.1202e-11 4.2155e-11 3.3226e-11 3.6306e-11 4.1038e-11 3.3474e-11 2.6145e-11 1.7732e-11 1.8721e-11 2.0016e-11 2.7528e-11 1.9743e-11 1.9851e-11 1.2758e-11 1.449e-11 1.034e-11 1.5664e-11 1.2061e-11 4.9185e-12 9.656e-12 8.1764e-12 5.7888e-12 -1.0038e-12 -5.6908e-12 3.0356e-13 8.8946e-12 4.7728e-12 7.3779e-12 -2.1871e-12 -6.2537e-12 -6.7353e-12 -2.3877e-12 -6.3486e-12 -1.6118e-11 -4.5494e-12 -1.0769e-11 -1.8992e-12 -1.6415e-12 -5.6588e-12 -5.0068e-12 -1.7588e-12 -1.5646e-12 -1.9592e-12 -1.6856e-12 -6.2171e-12 -9.6383e-13 -1.7387e-12 -6.2346e-12 1.1973e-12 -2.3521e-12 -7.833e-12 -5.9369e-12 2.099e-12 6.3843e-14 -6.7477e-13 -1.2217e-12 -1.2153e-12 -2.336e-12 -1.455e-12 -2.9869e-12 -4.6322e-12 1.8701e-12 9.0868e-13 8.8211e-13 1.0973e-12 -7.0467e-13 1.609e-12 2.5389e-13 -2.0483e-12 3.7353e-13 -2.1757e-12 3.7376e-13 2.0864e-12 -2.1813e-13 -2.1528e-13 1.0288e-12 -4.2961e-13 8.2284e-13 7.3925e-13 9.5061e-14 3.8157e-14 9.1396e-14 7.5051e-14 -1.6215e-14
1.1917e-10 1.0967e-10 1.1315e-10 9.2382e-11 9.9508e-11 8.1594e-11 1.1268e-10 7.26e-11 8.671e-11 7.8369e-11 1.1112e-10 8.8456e-11 7.9777e-11 7.6251e-11 6.8906e-11 7.1132e-11 7.8305e-11 8.7577e-11 5.6704e-11 7.1978e-11 7.0462e-11 6.119e-11 5.1111e-11 5.5372e-11 4.9577e-11 4.2451e-11 5.3857e-11 5.7285e-11 4.3053e-11 2.9897e-11 2.3016e-11 2.8085e-11 2.7303e-11 3.2014e-11 1.869e-11 3.0503e-11 1.3785e-11 2.0208e-11 5.3643e-12 3.6778e-12 1.771e-11 4.7762e-12 6.1101e-12 1.2596e-11 5.7054e-12 2.9416e-12 -5.5296e-12 -1.3489e-13 9.8795e-12 5.5261e-12 2.3257e-12 -3.7548e-12 -8.0791e-12 -6.3592e-12 -6.0195e-12 -2.3442e-12 -1.6184e-11 -4.2831e-12 -1.1124e-11 -1.7493e-12 9.9966e-13 -9.598e-12 -6.7991e-12 -7.806e-13 -2.2648e-12 -4.5524e-12 2.4298e-13 -8.3178e-12 9.1879e-13 7.1213e-13 -9.3635e-12 4.3605e-12 -5.0774e-12 -7.8253e-12 -7.7111e-12 1.0395e-12 9.7562e-13 -1.063e-12 3.1654e-13 -1.1783e-12 -2.6586e-12 -4.6662e-12 -3.1463e-12 -4.7168e-12 1.2611e-12 4.4598e-13 2.207e-12 1.4497e-12 -1.19e-12 2.9575e-12 1.1056e-12 -2.9313e-12 1.2411e-12 -1.559e-12 1.2411e-12 1.9918e-12 -1.4086e-12 -1.259e-12 1.3841e-12 -4.5496e-13 1.1604e-12 6.5587e-13 -1.5362e-13 -3.131e-14 1.9728e-13 2.634e-14 2.1556e-14
1.0722e-10 1.0549e-10 1.0781e-10 9.2253e-11 8.8912e-11 7.6285e-11 1.1124e-10 6.6425e-11 8.1938e-11 7.3811e-11 8.8456e-11 1.0445e-10 7.6948e-11 7.0957e-11 6.8344e-11 6.7799e-11 7.3015e-11 9.3608e-11 5.0996e-11 6.868e-11 6.6402e-11 6.1807e-11 4.8704e-11 4.9553e-11 5.1782e-11 3.739e-11 4.3833e-11 5.397e-11 4.0696e-11 2.4763e-11 2.9253e-11 2.711e-11 2.3975e-11 3.7328e-11 2.3726e-11 1.9683e-11 1.3132e-11 1.7765e-11 7.5975e-12 1.4203e-11 1.0744e-11 1.0092e-12 1.4858e-11 6.4233e-12 9.9182e-12 1.2692e-12 -1.9019e-12 3.6381e-12 1.3868e-11 2.8961e-12 7.1123e-12 -3.6807e-12 -2.2779e-12 -7.0773e-12 -4.7367e-12 -9.0054e-13 -1.5584e-11 -1.4967e-12 -1.414e-11 -7.7016e-12 -2.4714e-13 -6.3615e-12 -6.2877e-12 -6.9781e-13 1.4088e-12 -2.1826e-12 -4.1091e-12 -7.5506e-12 -1.4911e-12 -7.801e-13 -8.5324e-12 -6.1409e-13 -1.2104e-12 -5.8033e-12 -5.54e-12 1.9823e-12 -2.2918e-13 -8.7543e-13 4.4712e-12 -1.2562e-12 -7.8993e-13 -4.5475e-13 -2.5092e-12 -6.1873e-12 -3.5914e-13 2.9511e-13 4.2392e-15 7.5653e-13 -9.3662e-13 2.7059e-12 1.7902e-12 -4.3539e-12 2.2581e-12 -3.9665e-12 2.001e-12 3.0505e-12 -7.3566e-13 -1.996e-13 3.9332e-13 2.9397e-13 1.2494e-12 4.807e-13 -4.6128e-14 -6.2282e-14 8.1595e-14 8.7525e-15 -2.0998e-14
1.0591e-10 9.7241e-11 8.9109e-11 8.2871e-11 8.7237e-11 7.0692e-11 1.0188e-10 5.527e-11 6.8632e-11 6.545e-11 7.9777e-11 7.6948e-11 9.9871e-11 5.9853e-11 5.6928e-11 5.6801e-11 6.8176e-11 7.1304e-11 4.6317e-11 6.298e-11 6.0417e-11 5.5275e-11 4.2018e-11 4.3011e-11 3.9919e-11 3.8885e-11 4.3476e-11 4.6051e-11 4.3575e-11 1.9536e-11 1.6551e-11 2.8149e-11 2.1464e-11 3.4604e-11 1.8975e-11 2.2619e-11 8.8241e-12 1.6869e-11 3.7188e-12 7.2201e-12 1.1226e-11 6.5821e-12 1.0719e-11 8.1043e-12 3.287e-12 -5.904e-12 -2.7912e-12 5.1643e-12 1.0955e-11 -5.2028e-12 8.0001e-13 -2.8328e-12 -1.7892e-12 -4.6416e-12 -1.4627e-12 -3.6999e-12 -1.8235e-11 -2.3416e-12 -1.1033e-11 9.7562e-13 3.801e-12 -1.0167e-12 -8.1392e-12 -2.7783e-12 3.722e-13 -1.3091e-12 -1.9301e-12 -3.2321e-12 3.0262e-12 1.0598e-12 -6.1896e-12 4.0606e-12 -3.3332e-12 -5.8824e-12 -4.9963e-12 2.249e-12 1.2581e-12 8.8238e-13 -4.2021e-12 -2.2253e-12 -3.3739e-12 8.4087e-14 -4.9003e-12 -4.6991e-12 2.5604e-12 2.4621e-12 -5.9129e-13 6.9264e-13 3.6446e-13 -3.3382e-14 1.6504e-12 -1.6769e-12 -4.4138e-13 -2.7192e-12 8.0194e-13 2.0875e-12 -9.1714e-13 -5.01e-13 8.0924e-13 -5.2882e-13 7.166e-13 6.8889e-13 1.4328e-13 -3.3969e-14 1.7486e-13 4.7879e-14 -4.3752e-14
9.3726e-11 8.8768e-11 9.2455e-11 7.4874e-11 8.0447e-11 6.9246e-11 9.5262e-11 6.0249e-11 7.2676e-11 6.2734e-11 7.6251e-11 7.0957e-11 5.9853e-11 7.3816e-11 5.5928e-11 5.8306e-11 6.4577e-11 6.5163e-11 4.2942e-11 5.9898e-11 5.4739e-11 4.8458e-11 3.6743e-11 3.7768e-11 3.6665e-11 3.4957e-11 3.6118e-11 4.4687e-11 3.2039e-11 2.5452e-11 2.1566e-11 1.9774e-11 1.8619e-11 2.8882e-11 1.6276e-11 1.8556e-11 1.3988e-11 1.6198e-11 7.1397e-12 1.3716e-11 1.1621e-11 4.121e-12 7.2397e-12 7.4371e-12 1.3812e-12 4.5798e-12 -3.1558e-12 -1.4522e-12 7.8298e-12 7.9717e-12 3.0445e-12 -1.1157e-12 -4.0934e-12 -7.1369e-12 -1.2183e-12 -3.529e-12 -1.4286e-11 6.0568e-13 -1.2296e-11 -2.6746e-12 -2.0498e-13 -8.7653e-12 -5.8463e-12 2.323e-12 -1.4153e-12 -4.1846e-12 1.4576e-12 -6.5241e-12 1.9784e-12 -5.7625e-13 -6.2484e-12 -1.094e-13 -1.4754e-12 -5.5384e-12 -5.2421e-12 -2.2751e-13 -1.0316e-12 -5.6153e-13 1.2897e-12 -1.7131e-12 -4.0515e-14 -1.944e-12 -1.5795e-12 -5.359e-12 -7.6676e-14 -1.846e-12 1.0867e-12 -1.453e-13 1.4481e-12 2.7032e-12 1.0099e-12 -2.3975e-12 1.1217e-12 -1.7279e-12 1.9544e-12 1.713e-12 -4.3148e-13 -6.5856e-13 4.0986e-13 -4.2264e-13 1.0291e-12 5.8535e-13 -1.4951e-13 -8.0341e-14 4.4017e-14 2.4104e-14 3.2312e-14
7.7954e-11 8.0285e-11 8.1078e-11 6.8362e-11 7.0225e-11 6.1303e-11 8.8638e-11 5.2651e-11 5.8694e-11 5.37e-11 6.8906e-11 6.8344e-11 5.6928e-11 5.5928e-11 6.2899e-11 4.8654e-11 5.434e-11 6.3292e-11 3.9278e-11 5.3223e-11 5.4138e-11 4.1945e-11 2.9877e-11 4.0741e-11 3.5525e-11 2.6559e-11 3.4042e-11 4.0174e-11 3.1048e-11 1.9744e-11 2.1424e-11 2.2073e-11 2.3903e-11 2.1245e-11 2.1701e-11 1.8621e-11 1.3199e-11 1.4581e-11 4.2389e-12 7.3489e-12 1.2517e-11 -1.2626e-12 8.0899e-12 6.6064e-12 3.6265e-12 4.9762e-12 -1.4918e-12 5.6329e-12 7.3524e-12 3e-12 6.7346e-12 -1.8516e-12 -5.2111e-12 -4.0085e-12 1.13e-13 1.147e-12 -9.8873e-12 1.5341e-12 -1.0767e-11 -2.2777e-12 -2.6039e-12 -3.9655e-12 -7.6501e-12 2.3649e-14 -1.1613e-12 -1.0496e-12 3.3823e-13 -4.8225e-12 1.9311e-12 -2.3241e-12 -6.8887e-12 4.5487e-13 -6.7083e-13 -3.8645e-12 -1.6542e-12 4.7443e-13 8.231e-13 -5.2659e-13 -5.1135e-13 -2.4945e-13 -2.1856e-12 -6.8213e-13 -1.8439e-12 -5.4398e-12 -1.081e-12 -3.9526e-13 6.0013e-13 5.6834e-13 5.413e-13 2.3106e-12 1.3888e-12 -2.8469e-12 2.5759e-13 -3.2771e-12 1.6725e-12 1.5793e-12 -1.4888e-12 -1.0549e-12 3.1649e-13 -5.6461e-13 7.9889e-13 4.1223e-13 -9.4099e-14 -4.0504e-14 -3.2917e-15 9.3552e-15 3.5065e-14
8.3515e-11 8.5961e-11 8.0447e-11 7.0371e-11 7.0442e-11 5.9335e-11 8.8915e-11 5.3433e-11 6.6552e-11 5.5878e-11 7.1132e-11 6.7799e-11 5.6801e-11 5.8306e-11 4.8654e-11 6.9424e-11 5.2656e-11 6.9804e-11 3.9238e-11 5.5704e-11 5.2429e-11 4.6053e-11 4.2197e-11 3.9254e-11 3.6092e-11 3.33e-11 3.801e-11 4.1391e-11 2.8293e-11 2.372e-11 2.6417e-11 1.9517e-11 1.6861e-11 2.8693e-11 1.1722e-11 1.9035e-11 1.7063e-11 1.4208e-11 4.0958e-12 9.5385e-12 9.5655e-12 5.0469e-12 4.1982e-12 6.3798e-12 2.8277e-12 6.2375e-12 -1.865e-12 8.5687e-14 5.0429e-12 4.5594e-12 5.0617e-12 -5.2758e-12 -2.0821e-12 -1.2883e-11 -5.1701e-12 -5.6032e-13 -1.1098e-11 5.3007e-13 -1.13e-11 -3.4848e-12 1.8969e-12 -9.0372e-12 -3.6542e-12 1.1093e-12 -2.1495e-12 -4.6536e-12 -6.8063e-13 -3.9176e-12 4.3685e-13 -3.3049e-12 -6.9637e-12 3.0214e-13 -3.5764e-12 -5.5477e-12 -6.1158e-12 1.1079e-12 -7.9277e-13 -1.38e-12 4.1938e-12 -2.4331e-12 -6.5968e-13 -8.4311e-13 -3.1954e-12 -5.2533e-12 9.5385e-13 -7.007e-13 2.5658e-12 3.0458e-13 4.1033e-13 2.5784e-12 2.0439e-12 -2.4374e-12 1.0934e-12 -8.5676e-13 2.1673e-12 1.0097e-12 -2.2038e-15 -6.0569e-13 1.0977e-12 9.4415e-15 3.3792e-13 3.5119e-13 -1.368e-13 -1.725e-13 2.6226e-14 -3.8927e-14 7.6861e-14
9.56e-11 8.7095e-11 8.8695e-11 8.312e-11 7.9059e-11 6.5753e-11 9.9481e-11 5.7462e-11 7.374e-11 6.1262e-11 7.8305e-11 7.3015e-11 6.8176e-11 6.4577e-11 5.434e-11 5.2656e-11 7.9729e-11 6.7136e-11 4.5491e-11 5.8412e-11 5.7987e-11 4.8862e-11 3.7297e-11 4.3458e-11 4.0217e-11 3.5347e-11 3.697e-11 4.9509e-11 3.5728e-11 2.2716e-11 1.347e-11 2.4511e-11 2.1468e-11 2.9491e-11 1.4253e-11 1.9339e-11 9.6199e-12 1.5855e-11 3.9057e-12 8.5553e-12 1.182e-11 -4.609e-13 7.6296e-12 6.1348e-12 6.0499e-12 3.5969e-12 -2.939e-12 -3.6886e-12 6.0261e-12 3.0306e-12 3.9498e-12 -1.7762e-12 -6.9613e-12 -2.6534e-12 -2.624e-12 1.4035e-13 -1.6869e-11 -1.3808e-12 -8.5798e-12 -3.2923e-12 6.0015e-13 -3.4028e-12 -5.2158e-12 1.7391e-12 -1.6148e-12 -3.468e-12 -3.0492e-13 -8.1314e-12 -3.0761e-13 -6.5626e-13 -8.6804e-12 3.0842e-12 -4.4363e-12 -6.0554e-12 -6.1892e-12 -1.2186e-13 -6.0502e-13 -8.4571e-13 8.2834e-13 -1.1844e-12 -2.2463e-12 -1.9454e-12 -6.1416e-13 -4.3879e-12 -1.484e-12 -1.6009e-12 8.3917e-13 -1.0528e-12 1.0141e-12 2.8507e-12 -5.0609e-13 -3.2719e-12 1.1121e-12 -1.0512e-12 6.3835e-13 2.0544e-12 -3.6145e-13 -7.2039e-13 -5.2931e-14 -3.7448e-13 1.0679e-12 7.5478e-13 1.6384e-14 -5.7402e-14 1.2179e-13 2.9091e-14 1.8204e-14
1.0726e-10 1.0222e-10 1.0138e-10 8.6088e-11 8.1124e-11 6.8578e-11 1.0281e-10 6.3504e-11 8.0171e-11 7.2623e-11 8.7577e-11 9.3608e-11 7.1304e-11 6.5163e-11 6.3292e-11 6.9804e-11 6.7136e-11 1.047e-10 5.1963e-11 6.6589e-11 6.4531e-11 5.8507e-11 4.9535e-11 4.7081e-11 5.1175e-11 4.0774e-11 4.5735e-11 4.7506e-11 3.1794e-11 2.7041e-11 2.8491e-11 2.4728e-11 2.113e-11 3.2388e-11 1.9792e-11 2.2395e-11 1.8827e-11 1.9099e-11 7.7746e-12 1.7114e-11 9.2554e-12 4.2265e-14 1.056e-11 1.039e-11 9.2663e-12 7.7965e-12 -1.3867e-12 6.4415e-12 9.5108e-12 6.6133e-12 3.7727e-12 -5.257e-12 -5.7722e-12 -1.1099e-11 -2.4164e-12 -3.5813e-12 -1.6635e-11 -2.1203e-12 -1.3577e-11 -4.0617e-12 -2.4949e-12 -3.8608e-12 -3.4285e-12 -4.0823e-12 -7.374e-13 -1.5491e-12 -2.2143e-12 -5.7099e-12 -4.5946e-12 -2.1873e-12 -9.9644e-12 5.8863e-13 -3.3386e-12 -4.7621e-12 -7.4852e-12 4.891e-13 4.1909e-13 -2.7464e-12 2.2341e-12 -6.9069e-14 -2.3392e-12 -1.7334e-13 -2.1081e-12 -5.4085e-12 -3.8765e-13 1.3868e-12 3.0024e-12 1.7181e-12 -3.0665e-13 3.277e-12 3.2997e-12 -3.5472e-12 1.8985e-12 -2.3529e-12 3.5213e-13 2.5908e-12 2.0515e-13 -1.4171e-13 1.9381e-13 -7.8833e-14 1.1984e-12 5.0254e-13 -9.9267e-15 -1.7622e-14 5.2844e-14 -2.7126e-14 -2.2342e-14
6.6305e-11 6.6505e-11 6.7612e-11 5.5791e-11 5.207e-11 4.2627e-11 7.0472e-11 4.13e-11 5.104e-11 4.6053e-11 5.6704e-11 5.0996e-11 4.6317e-11 4.2942e-11 3.9278e-11 3.9238e-11 4.5491e-11 5.1963e-11 4.9982e-11 4.1572e-11 3.5575e-11 3.8683e-11 3.0165e-11 3.4729e-11 2.8459e-11 2.8445e-11 3.0352e-11 2.5277e-11 2.771e-11 1.2742e-11 1.3173e-11 1.8727e-11 1.4843e-11 1.5189e-11 1.0819e-11 1.0255e-11 1.1937e-11 1.2445e-11 4.9609e-12 4.3639e-12 1.1968e-11 3.8821e-12 2.4662e-12 5.3595e-12 3.103e-12 4.8366e-12 -2.0841e-12 4.8324e-12 4.5696e-12 5.6718e-13 4.4788e-12 1.9652e-12 -5.1495e-12 -3.6605e-12 -1.4005e-12 -7.3623e-12 -1.0856e-11 -2.2902e-12 -6.1641e-12 -5.9081e-15 -4.4479e-12 -1.6961e-12 4.8117e-14 -8.307e-13 -1.0421e-14 5.7409e-13 1.8976e-13 -3.1003e-12 1.3788e-12 2.6024e-16 -3.8721e-12 2.1147e-12 -2.3464e-12 -3.8265e-12 -5.8342e-12 1.0873e-12 -2.61e-13 3.0145e-13 -1.6594e-13 5.5032e-13 -1.4337e-12 -1.7021e-12 -2.4899e-13 -2.3038e-12 2.839e-12 -7.7574e-14 2.1659e-12 1.853e-12 -1.2566e-12 2.6801e-12 1.0144e-12 -1.5007e-12 2.1051e-13 -5.1022e-13 -1.0398e-12 1.3371e-12 -8.4744e-13 -8.774e-13 -4.5361e-13 -3.5102e-13 7.2657e-13 4.3699e-13 -1.2649e-13 3.2391e-14 1.0845e-13 8.7232e-15 6.749e-14
9.4013e-11 8.7964e-11 8.4669e-11 7.3128e-11 7.8629e-11 6.5013e-11 9.0725e-11 5.6186e-11 7.0222e-11 6.3671e-11 7.1978e-11 6.868e-11 6.298e-11 5.9898e-11 5.3223e-11 5.5704e-11 5.8412e-11 6.6589e-11 4.1572e-11 7.2515e-11 5.3114e-11 5.0738e-11 4.0012e-11 4.1769e-11 3.5718e-11 3.405e-11 3.3069e-11 4.4559e-11 3.2909e-11 2.3263e-11 2.438e-11 2.0073e-11 2.0473e-11 3.327e-11 1.3969e-11 1.7335e-11 1.5037e-11 1.2283e-11 7.3692e-12 8.9857e-12 6.745e-12 3.443e-12 1.0677e-11 7.9655e-12 8.9582e-13 1.0076e-12 1.9191e-12 1.8599e-12 1.0469e-11 4.8327e-12 6.3111e-12 -5.3019e-12 -4.0685e-12 -7.0054e-12 -2.2486e-12 -3.8922e-12 -1.5195e-11 2.6574e-13 -1.2344e-11 -3.9146e-12 3.3594e-13 -2.2596e-12 -5.9043e-12 -2.5865e-12 -3.2212e-12 -1.0146e-12 -3.2241e-12 -6.3198e-12 7.1489e-14 -3.3084e-12 -8.8409e-12 -9.9302e-13 -2.9015e-12 -4.3268e-12 -6.3691e-12 2.2091e-12 -1.2164e-13 -2.6022e-12 3.2205e-13 -1.2244e-12 -1.8173e-12 -8.7205e-13 -2.5658e-12 -5.5992e-12 1.8788e-12 1.9343e-13 1.6935e-12 4.2267e-13 1.2003e-12 1.5597e-12 1.8741e-12 -2.6879e-12 7.6416e-13 -2.7921e-12 4.3517e-13 1.8009e-12 -1.1811e-12 -6.9997e-13 1.227e-12 1.3241e-13 7.6214e-13 6.1625e-13 8.4227e-15 -5.2258e-14 -2.4946e-15 5.0483e-14 4.3077e-14
7.9845e-11 7.5435e-11 8.0303e-11 7.0995e-11 7.3574e-11 6.332e-11 8.9298e-11 5.1724e-11 6.0415e-11 5.5176e-11 7.0462e-11 6.6402e-11 6.0417e-11 5.4739e-11 5.4138e-11 5.2429e-11 5.7987e-11 6.4531e-11 3.5575e-11 5.3114e-11 7.5291e-11 3.9344e-11 3.6767e-11 3.5291e-11 2.9088e-11 2.7242e-11 4.004e-11 4.0622e-11 3.1679e-11 2.2409e-11 2.4485e-11 1.6179e-11 2.1132e-11 2.0211e-11 1.8637e-11 2.2867e-11 8.3789e-12 1.2412e-11 4.4904e-12 5.1844e-12 9.6932e-12 -1.7444e-12 7.7704e-12 4.8938e-12 3.8094e-12 3.5003e-12 -2.875e-12 4.5362e-13 5.6803e-12 2.204e-12 2.1228e-12 -3.0714e-12 -2.2333e-12 -7.5513e-12 -4.5332e-13 3.1459e-12 -9.4184e-12 -3.5073e-13 -1.2482e-11 -2.7276e-12 8.1548e-13 -2.388e-12 -5.9256e-12 -2.4888e-12 -1.9491e-12 -3.2933e-12 -1.3149e-12 -2.6229e-12 2.7829e-12 -2.2399e-12 -9.1776e-12 6.3449e-13 -5.6826e-12 -2.2161e-12 -2.6945e-12 -8.4655e-13 2.9439e-12 -2.0921e-12 -1.164e-12 -1.4622e-12 -3.0252e-12 6.6982e-13 4.3698e-13 -6.1881e-12 -2.6717e-12 -1.8475e-13 6.1648e-13 -4.8013e-13 1.4365e-12 2.3872e-12 1.9878e-12 -3.4783e-12 -7.8821e-13 -1.7459e-12 -6.0203e-13 1.0517e-12 -4.6682e-13 -2.5983e-13 1.4661e-12 -3.365e-13 4.8593e-13 4.7687e-13 1.848e-13 -3.0448e-14 7.3131e-14 9.4593e-14 6.1397e-14
7.1472e-11 7.2337e-11 7.2048e-11 6.1025e-11 6.3176e-11 5.0693e-11 7.4524e-11 4.8014e-11 5.4381e-11 4.9698e-11 6.119e-11 6.1807e-11 5.5275e-11 4.8458e-11 4.1945e-11 4.6053e-11 4.8862e-11 5.8507e-11 3.8683e-11 5.0738e-11 3.9344e-11 5.6889e-11 3.2937e-11 3.3225e-11 3.0066e-11 2.6304e-11 2.8506e-11 3.3483e-11 2.895e-11 1.2265e-11 1.6969e-11 2.1647e-11 1.4527e-11 2.6596e-11 1.1529e-11 8.0288e-12 1.1173e-11 1.1165e-11 6.0079e-12 5.5276e-12 8.5986e-12 6.8608e-12 6.4572e-12 8.9624e-12 4.3663e-12 -9.9241e-13 -9.8283e-15 3.9403e-12 6.0285e-12 2.978e-12 1.8841e-12 -2.4926e-12 -1.1098e-12 -7.5003e-12 -6.6664e-12 -2.5304e-12 -9.8292e-12 -2.0248e-12 -9.7771e-12 -4.2987e-12 2.9945e-12 -2.0526e-12 -2.8419e-12 -9.4872e-13 2.8583e-12 -5.3754e-13 -3.8507e-12 -5.2004e-12 -3.8977e-12 2.5331e-12 -3.7555e-12 -1.5834e-12 -2.7309e-12 -2.8468e-12 -3.1185e-12 2.6129e-12 9.1854e-13 5.5842e-13 1.4896e-12 -1.645e-12 -2.8275e-12 -2.1892e-12 -3.7888e-12 -3.7241e-12 8.1575e-13 8.3216e-13 2.0307e-12 5.3328e-13 1.8459e-12 -4.1691e-13 9.957e-13 -3.0531e-12 2.2085e-12 -2.2479e-12 1.3857e-12 1.7678e-12 -8.6761e-13 -1.161e-12 -5.5428e-14 -1.7726e-13 7.9436e-13 4.0239e-13 -1.3159e-13 -8.3793e-14 1.6634e-13 7.3999e-14 -1.0344e-14
6.2604e-11 5.7124e-11 5.6654e-11 4.9102e-11 4.6442e-11 4.2e-11 5.6889e-11 3.6209e-11 5.0838e-11 3.879e-11 5.1111e-11 4.8704e-11 4.2018e-11 3.6743e-11 2.9877e-11 4.2197e-11 3.7297e-11 4.9535e-11 3.0165e-11 4.0012e-11 3.6767e-11 3.2937e-11 4.3784e-11 2.8939e-11 2.4018e-11 2.4694e-11 2.6538e-11 2.5782e-11 2.0645e-11 1.5874e-11 2.0437e-11 1.4317e-11 1.0617e-11 1.941e-11 7.1952e-12 1.3992e-11 9.5422e-12 7.3059e-12 1.8518e-12 6.7051e-12 5.9397e-12 3.8272e-12 4.3444e-12 2.0279e-12 2.6589e-13 -2.4337e-12 -7.214e-13 -5.0052e-13 4.363e-12 6.0577e-13 -1.3713e-12 -2.23e-12 -1.0386e-12 -6.7591e-12 -4.3757e-12 -4.8045e-12 -1.0012e-11 -3.8166e-13 -9.5747e-12 -2.4546e-12 7.4761e-13 -3.7418e-12 -4.2513e-12 -2.9246e-12 -3.2662e-12 -3.28e-12 -3.0761e-12 -2.9082e-12 6.0705e-13 -5.0681e-13 -5.2152e-12 -8.0044e-13 -2.8458e-12 -2.4667e-12 -5.2612e-12 1.3282e-12 1.1244e-12 -1.9381e-12 2.2819e-12 2.2029e-13 -1.8184e-12 -1.817e-12 -2.9929e-12 -3.3555e-12 1.9929e-12 -8.9661e-13 5.6512e-13 1.8886e-12 6.3505e-13 2.728e-12 4.7079e-13 -4.3529e-13 5.5845e-13 -6.0575e-13 -3.0881e-13 1.3263e-12 -1.926e-13 -1.2637e-12 7.0523e-13 3.6566e-13 4.7967e-13 1.2147e-13 -1.8345e-14 1.4049e-14 1.6841e-13 -3.6116e-14 -6.0336e-15
6.1897e-11 6.1925e-11 6.0591e-11 5.6698e-11 4.8804e-11 4.188e-11 6.521e-11 3.7615e-11 4.702e-11 4.1202e-11 5.5372e-11 4.9553e-11 4.3011e-11 3.7768e-11 4.0741e-11 3.9254e-11 4.3458e-11 4.7081e-11 3.4729e-11 4.1769e-11 3.5291e-11 3.3225e-11 2.8939e-11 4.341e-11 2.9892e-11 2.3691e-11 2.9343e-11 3.2718e-11 2.4265e-11 1.7562e-11 1.1968e-11 2.1078e-11 1.5812e-11 1.8503e-11 7.5776e-12 1.385e-11 1.1142e-11 1.1005e-11 2.3284e-12 1.0616e-12 1.1527e-11 4.14e-12 1.7524e-12 4.1962e-12 3.0412e-12 5.2452e-12 9.2735e-14 3.6739e-12 4.8181e-12 1.3381e-12 5.3091e-12 -1.7987e-12 -4.9376e-12 -5.6212e-12 5.1152e-14 -2.4048e-13 -9.922e-12 1.5003e-12 -5.7533e-12 -3.6672e-12 -1.9592e-12 -5.3878e-12 -5.2451e-12 -1.9113e-12 -2.6962e-12 -1.681e-12 -1.3493e-12 -5.5468e-12 1.113e-12 -6.5798e-13 -4.7286e-12 3.07e-12 -3.3764e-12 -3.2431e-12 -2.8815e-12 1.6647e-12 -3.8311e-13 7.158e-13 6.7746e-13 -5.0661e-13 -9.338e-13 -2.6885e-12 -1.9005e-12 -4.7245e-12 3.4097e-13 7.9465e-14 -4.6665e-13 1.9063e-12 -7.8409e-13 2.4805e-12 1.1029e-12 -1.6284e-12 1.0514e-12 -2.661e-12 4.305e-13 1.1424e-12 -1.2742e-12 -1.5049e-12 4.312e-13 2.9308e-13 7.278e-13 2.4652e-13 -8.6378e-14 -2.9713e-14 6.0606e-14 -2.7394e-14 7.264e-14
5.9535e-11 5.9261e-11 5.4362e-11 5.1049e-11 4.6492e-11 3.6517e-11 5.6739e-11 3.5125e-11 4.2275e-11 4.2155e-11 4.9577e-11 5.1782e-11 3.9919e-11 3.6665e-11 3.5525e-11 3.6092e-11 4.0217e-11 5.1175e-11 2.8459e-11 3.5718e-11 2.9088e-11 3.0066e-11 2.4018e-11 2.9892e-11 4.0193e-11 2.1335e-11 2.3023e-11 2.9561e-11 2.4218e-11 1.4708e-11 1.067e-11 1.5831e-11 1.6185e-11 2.2154e-11 1.0688e-11 1.1902e-11 6.0161e-12 1.2115e-11 4.9998e-12 1.2232e-11 6.9768e-12 1.4144e-12 5.8597e-12 4.9743e-12 4.6017e-12 3.5356e-12 -2.3215e-12 3.4369e-13 5.167e-12 2.0288e-12 2.6074e-12 -1.5168e-12 -2.5313e-12 -3.2035e-12 -2.5961e-12 8.4185e-13 -1.0634e-11 -1.3251e-12 -4.5595e-12 -2.1573e-12 1.3885e-13 -4.303e-12 -3.647e-12 -9.4012e-13 -4.1437e-13 -1.5318e-12 -2.9956e-13 -6.2188e-12 -3.3714e-12 -1.4951e-12 -2.8582e-12 1.124e-12 -1.0256e-12 -3.8481e-12 -5.221e-12 1.5454e-14 -2.9896e-12 4.8226e-13 5.2393e-13 -2.4345e-12 -1.584e-12 -4.2938e-13 -3.9129e-13 -3.049e-12 9.368e-13 -1.2663e-13 5.3803e-13 5.8656e-13 -1.4417e-12 1.1586e-12 -6.4218e-13 -1.5547e-13 2.5655e-13 -1.6152e-12 1.2803e-12 9.8767e-13 -5.6651e-13 6.066e-14 6.2635e-13 2.1062e-13 9.9251e-13 2.7637e-13 -3.6497e-14 -3.5669e-14 7.7003e-14 -3.8272e-14 -2.1887e-14
5.6923e-11 4.7107e-11 4.9219e-11 4.0943e-11 4.0762e-11 3.759e-11 5.3495e-11 2.8601e-11 3.9961e-11 3.3226e-11 4.2451e-11 3.739e-11 3.8885e-11 3.4957e-11 2.6559e-11 3.33e-11 3.5347e-11 4.0774e-11 2.8445e-11 3.405e-11 2.7242e-11 2.6304e-11 2.4694e-11 2.3691e-11 2.1335e-11 3.4479e-11 1.8854e-11 2.0855e-11 1.5926e-11 1.2719e-11 1.0765e-11 1.3191e-11 1.1706e-11 1.614e-11 3.0039e-12 9.4156e-12 1.0066e-11 7.0429e-12 1.535e-12 2.8792e-12 6.5597e-12 6.1041e-12 2.8615e-12 4.36e-12 2.968e-12 3.8345e-12 -9.6875e-13 1.066e-12 3.6376e-12 2.3873e-12 1.1905e-12 -4.6836e-13 -5.2201e-12 -4.3975e-12 3.1149e-13 -2.6818e-12 -8.7293e-12 -4.0697e-13 -7.5829e-12 1.5296e-12 2.0232e-12 -1.0507e-12 -5.365e-13 7.6434e-14 -5.8765e-12 -3.842e-12 2.2377e-12 -3.4981e-12 3.6372e-12 -9.565e-13 -4.1926e-12 1.2632e-12 -1.4023e-12 -2.2056e-12 -6.1208e-12 2.7774e-12 -4.9311e-13 -1.0657e-12 -7.4761e-13 -9.8074e-13 -2.0382e-12 -1.6117e-12 -1.0722e-12 -1.9928e-12 -3.6977e-13 -1.0526e-12 8.8063e-13 9.1377e-13 1.654e-12 6.5167e-13 2.541e-13 -5.5579e-13 4.6083e-13 -5.9528e-13 1.6399e-13 5.7551e-13 -1.5809e-13 -6.5222e-13 4.8877e-13 -3.0514e-13 4.0997e-13 5.6957e-13 -4.3576e-15 -1.168e-14 -4.7082e-15 -6.948e-14 4.4774e-14
5.5888e-11 5.6487e-11 5.3563e-11 4.8915e-11 4.6218e-11 3.7036e-11 5.9318e-11 3.264e-11 4.1172e-11 3.6306e-11 5.3857e-11 4.3833e-11 4.3476e-11 3.6118e-11 3.4042e-11 3.801e-11 3.697e-11 4.5735e-11 3.0352e-11 3.3069e-11 4.004e-11 2.8506e-11 2.6538e-11 2.9343e-11 2.3023e-11 1.8854e-11 4.625e-11 2.9406e-11 2.1849e-11 1.5207e-11 1.3723e-11 1.5344e-11 6.925e-12 1.0683e-11 1.0863e-11 1.711e-11 6.456e-12 1.3813e-11 4.7968e-12 6.4441e-12 6.0362e-12 2.5778e-12 7.2843e-13 5.3088e-12 3.9574e-12 3.404e-12 -3.0847e-14 5.5464e-12 2.3279e-12 -1.2879e-13 -5.7863e-12 -1.7214e-12 -3.9927e-12 -4.2094e-12 -2.7492e-12 -1.6653e-12 -6.4338e-12 -1.1308e-12 -3.9482e-12 -1.5187e-12 -1.269e-12 -3.5159e-12 -4.7785e-12 -4.3617e-12 1.0019e-13 -3.7484e-12 -1.7776e-13 -2.6056e-12 1.6373e-12 1.5915e-12 -4.9636e-12 3.8353e-12 -5.4625e-12 -1.0403e-12 -1.5771e-12 6.9142e-13 1.7611e-12 -1.3108e-12 -2.0197e-13 -3.1948e-13 1.4267e-12 -1.4009e-13 -2.8417e-12 -3.6403e-12 -2.8718e-14 -3.472e-13 3.281e-13 1.3224e-12 -1.2354e-12 2.5939e-12 2.2892e-12 -5.577e-13 1.1892e-12 -3.6652e-13 -7.223e-14 2.0467e-12 -2.8375e-13 -8.691e-13 5.5731e-13 -1.8678e-13 5.3331e-13 2.606e-13 -1.0434e-13 -4.8995e-14 5.8695e-14 1.0262e-13 8.0854e-14
6.9138e-11 6.3789e-11 6.0681e-11 5.9328e-11 6.2293e-11 4.8912e-11 6.8222e-11 4.1579e-11 5.2632e-11 4.1038e-11 5.7285e-11 5.397e-11 4.6051e-11 4.4687e-11 4.0174e-11 4.1391e-11 4.9509e-11 4.7506e-11 2.5277e-11 4.4559e-11 4.0622e-11 3.3483e-11 2.5782e-11 3.2718e-11 2.9561e-11 2.0855e-11 2.9406e-11 4.9342e-11 2.1087e-11 1.7618e-11 1.1516e-11 2.0035e-11 1.583e-11 2.6405e-11 1.1624e-11 1.9543e-11 1.2383e-11 1.0144e-11 4.0759e-12 2.1574e-12 5.9935e-12 6.0543e-13 4.8434e-12 6.404e-12 9.502e-12 3.7441e-12 9.9131e-14 5.7508e-14 8.8939e-12 4.1997e-12 4.7721e-12 -2.3323e-12 -1.1831e-12 -4.498e-12 -5.6222e-12 3.4695e-12 -6.4778e-12 3.2888e-12 -5.9357e-12 -6.2047e-12 -7.9489e-13 -3.177e-12 -6.2643e-12 6.1037e-13 -3.0545e-13 -3.1547e-12 -3.7741e-14 -7.3872e-12 -1.5336e-12 -3.4213e-13 -6.3127e-12 1.819e-12 -1.9022e-13 -3.7744e-12 -2.2212e-12 -8.9255e-13 1.1834e-12 -6.2273e-13 1.5549e-12 -4.9643e-13 4.9198e-13 -3.5382e-13 -1.861e-12 -4.0793e-12 -7.8593e-13 4.7302e-13 1.1912e-12 1.3952e-13 1.3853e-12 1.396e-12 9.4185e-13 -1.0424e-12 9.1342e-13 -1.3917e-12 1.7007e-12 1.583e-12 -1.2063e-12 -2.5413e-13 4.9739e-13 3.8162e-13 9.0295e-13 3.0634e-13 -1.1883e-13 -4.1163e-14 1.9e-14 2.4434e-14 3.5468e-14
4.6663e-11 4.8765e-11 4.7396e-11 4.4795e-11 4.2781e-11 2.9712e-11 6.344e-11 3.0195e-11 3.268e-11 3.3474e-11 4.3053e-11 4.0696e-11 4.3575e-11 3.2039e-11 3.1048e-11 2.8293e-11 3.5728e-11 3.1794e-11 2.771e-11 3.2909e-11 3.1679e-11 2.895e-11 2.0645e-11 2.4265e-11 2.4218e-11 1.5926e-11 2.1849e-11 2.1087e-11 4.52e-11 1.1409e-11 7.3989e-12 5.8392e-12 1.1169e-11 1.0494e-11 1.145e-11 8.5889e-12 6.0402e-12 1.231e-11 2.4554e-12 1.3155e-12 6.5211e-12 4.9227e-12 5.399e-12 4.3645e-12 -1.6969e-12 -1.1455e-12 -1.1102e-12 -2.5844e-12 4.828e-12 6.3959e-14 4.6038e-13 1.3216e-12 6.9698e-13 -4.2923e-13 2.6707e-13 -1.9117e-12 -1.0397e-11 -5.1014e-12 -4.7449e-12 -3.3543e-12 2.0095e-12 -2.8164e-13 -1.8431e-12 -3.0055e-12 -8.1849e-13 -1.051e-12 -2.3203e-12 -5.3901e-12 2.8589e-12 2.8024e-12 1.1544e-12 5.617e-13 -4.05e-12 -2.6323e-12 -3.1654e-12 1.2616e-12 -1.8645e-12 2.6183e-13 -1.8872e-12 -2.4188e-12 -1.329e-12 -1.847e-12 -1.6195e-12 -3.4648e-13 1.653e-12 -6.5705e-13 -5.5115e-13 -9.9657e-13 -2.2618e-12 1.183e-12 3.6648e-13 -2.9604e-12 1.4386e-13 -1.6407e-12 1.1043e-12 1.1226e-13 -1.8592e-12 -7.9834e-13 1.1404e-12 6.2558e-15 3.5068e-13 3.2321e-13 -3.1027e-14 -6.9837e-15 1.1835e-13 8.5919e-14 3.5456e-15
3.7738e-11 3.4073e-11 3.1647e-11 2.7681e-11 2.7261e-11 2.4645e-11 3.3041e-11 1.8736e-11 2.9073e-11 2.6145e-11 2.9897e-11 2.4763e-11 1.9536e-11 2.5452e-11 1.9744e-11 2.372e-11 2.2716e-11 2.7041e-11 1.2742e-11 2.3263e-11 2.2409e-11 1.2265e-11 1.5874e-11 1.7562e-11 1.4708e-11 1.2719e-11 1.5207e-11 1.7618e-11 1.1409e-11 2.1287e-11 5.1648e-12 7.2431e-12 3.7086e-12 1.0162e-11 4.4471e-12 1.3272e-11 6.3812e-12 6.1047e-12 1.7785e-12 7.8151e-12 3.1435e-12 2.4576e-12 3.1098e-12 5.8214e-13 -1.4233e-12 2.5094e-12 -2.2768e-12 -2.1871e-12 2.1526e-12 4.4439e-12 8.337e-13 -2.3819e-12 -4.7056e-12 -3.2679e-12 3.2535e-12 -2.2748e-12 -7.7912e-12 -2.217e-12 -6.6332e-12 -1.7114e-12 1.1732e-12 -5.7177e-12 -2.1443e-12 -7.359e-13 -2.0878e-12 -1.3079e-12 -5.7351e-13 -2.4077e-12 2.3494e-12 -1.7e-12 -2.3707e-12 -1.4404e-13 -5.5073e-13 -3.2158e-12 -2.8783e-12 3.0235e-13 -1.6302e-13 -4.5994e-13 8.6363e-13 -1.2045e-12 -1.7142e-12 -1.5458e-12 -3.7776e-14 -2.3119e-12 -1.0299e-12 -3.7869e-13 5.6856e-13 1.8303e-12 -2.9485e-13 2.8316e-12 7.8124e-13 -6.6656e-13 6.6902e-13 -1.7498e-12 1.5369e-13 7.7916e-13 3.8729e-13 -1.9763e-13 9.0607e-13 5.4887e-14 2.7957e-13 2.6162e-13 -4.1926e-14 -6.2428e-15 8.8281e-15 -2.4455e-14 2.7899e-14
2.8163e-11 3.3461e-11 2.9642e-11 2.1173e-11 2.6135e-11 2.9036e-11 3.1509e-11 2.1295e-11 2.8478e-11 1.7732e-11 2.3016e-11 2.9253e-11 1.6551e-11 2.1566e-11 2.1424e-11 2.6417e-11 1.347e-11 2.8491e-11 1.3173e-11 2.438e-11 2.4485e-11 1.6969e-11 2.0437e-11 1.1968e-11 1.067e-11 1.0765e-11 1.3723e-11 1.1516e-11 7.3989e-12 5.1648e-12 3.1653e-11 6.6597e-12 1.0881e-11 1.1559e-11 8.2436e-12 1.7928e-12 7.0869e-12 3.5012e-12 3.0751e-12 6.8087e-12 -1.9816e-12 -1.5405e-12 3.6204e-12 1.6171e-12 -4.6058e-12 1.538e-12 -1.3013e-12 -1.4684e-12 1.5962e-12 6.8614e-13 2.3268e-12 -1.5576e-12 4.6799e-13 -5.0878e-12 -3.0087e-12 8.9056e-13 -4.0562e-12 2.2942e-13 -7.1513e-12 -2.1619e-12 8.016e-13 -4.3078e-12 -2.7764e-12 -2.1055e-12 5.8942e-13 3.9882e-13 -2.7117e-12 1.4306e-12 1.6316e-12 -4.9374e-12 -5.866e-12 -4.8426e-12 -1.495e-12 5.26e-13 -2.0329e-12 -4.0663e-13 -1.9003e-12 -2.332e-12 3.659e-13 -9.5617e-14 1.3625e-12 -1.7442e-15 6.2776e-14 -2.9897e-12 9.5615e-13 -1.8119e-12 8.0399e-13 -1.4529e-12 1.5662e-12 1.3973e-13 2.6671e-13 1.7048e-13 -4.7625e-13 -7.0107e-13 -6.3402e-13 6.4857e-13 3.1747e-13 -5.3594e-13 5.0781e-13 5.728e-14 -1.0936e-13 -9.2636e-14 -7.5175e-14 -1.1785e-13 -9.5353e-14 1.4634e-15 1.9754e-14
3.395e-11 3.6062e-11 3.0743e-11 2.9313e-11 2.8417e-11 2.8682e-11 3.3909e-11 1.9714e-11 2.1796e-11 1.8721e-11 2.8085e-11 2.711e-11 2.8149e-11 1.9774e-11 2.2073e-11 1.9517e-11 2.4511e-11 2.4728e-11 1.8727e-11 2.0073e-11 1.6179e-11 2.1647e-11 1.4317e-11 2.1078e-11 1.5831e-11 1.3191e-11 1.5344e-11 2.0035e-11 5.8392e-12 7.2431e-12 6.6597e-12 2.7938e-11 8.6163e-12 1.5888e-11 5.0199e-12 8.2556e-12 5.5245e-12 4.0314e-12 1.0048e-12 2.5468e-12 7.1678e-13 -6.8034e-13 1.0937e-12 3.8524e-13 -3.8236e-13 -1.241e-12 8.3999e-13 1.178e-12 3.1465e-12 -2.3878e-12 3.4767e-12 -4.1899e-14 -3.2232e-12 -4.5382e-12 -2.5928e-12 2.4928e-12 -6.1544e-12 1.9256e-12 -3.5295e-12 1.6361e-12 5.8278e-13 -3.5326e-12 -4.7638e-12 -1.8013e-12 2.1947e-12 1.3964e-12 -5.2225e-13 -8.19e-13 4.4328e-13 1.149e-12 -3.0917e-12 1.8363e-12 1.3387e-12 -2.0653e-12 -2.596e-12 1.1369e-12 -8.3719e-13 -9.9205e-13 2.3594e-12 -1.3081e-12 -2.4914e-12 -1.5341e-12 -8.1861e-13 -1.8288e-12 1.845e-13 5.7117e-13 1.2379e-12 1.3953e-12 2.0272e-12 5.8502e-13 -1.6308e-12 1.6641e-13 -7.357e-14 -1.632e-12 -4.673e-13 8.3368e-13 1.2767e-14 -6.0274e-13 -2.4726e-13 -2.3815e-13 4.8754e-13 9.5385e-14 -1.5385e-13 3.0026e-14 1.0238e-13 -1.2036e-14 3.2483e-15
2.9855e-11 2.9492e-11 3.3058e-11 2.534e-11 3.088e-11 2.9163e-11 3.1147e-11 2.2027e-11 2.0277e-11 2.0016e-11 2.7303e-11 2.3975e-11 2.1464e-11 1.8619e-11 2.3903e-11 1.6861e-11 2.1468e-11 2.113e-11 1.4843e-11 2.0473e-11 2.1132e-11 1.4527e-11 1.0617e-11 1.5812e-11 1.6185e-11 1.1706e-11 6.925e-12 1.583e-11 1.1169e-11 3.7086e-12 1.0881e-11 8.6163e-12 2.3216e-11 1.0137e-11 5.8067e-12 5.0419e-12 3.0218e-12 4.683e-12 -1.9685e-13 -2.4943e-12 7.5786e-12 -8.1025e-13 1.9556e-12 5.3595e-12 2.9822e-12 3.256e-12 -1.9272e-12 8.2712e-13 -1.4499e-13 -1.8637e-12 4.6055e-12 -1.737e-12 -1.759e-12 5.1301e-13 -3.7458e-12 2.4652e-12 -1.7696e-12 2.6971e-14 -3.6711e-12 1.5183e-12 2.47e-12 2.7373e-13 -2.0825e-12 1.9519e-12 -2.666e-13 -7.7833e-13 1.1772e-12 -2.5552e-12 1.8833e-12 -2.9368e-12 -3.8256e-12 1.2231e-12 -6.6952e-13 -2.7789e-12 -1.0028e-12 -3.2236e-13 -1.4128e-12 -3.6694e-14 -1.5667e-12 5.3679e-14 -2.0568e-12 -7.2016e-13 -6.9442e-13 -2.2404e-12 2.8449e-13 -3.4506e-13 1.3259e-12 -1.9208e-13 7.7028e-13 -4.9332e-13 -1.0063e-12 -5.0138e-13 -1.9672e-12 -9.4797e-13 5.4219e-13 -1.1612e-13 -8.2022e-13 -5.0863e-13 2.2283e-13 -1.476e-13 3.8751e-13 2.9199e-13 5.6671e-14 -1.8344e-14 -2.9355e-14 -3.7351e-14 1.1487e-15
