4.7481e-11 1.6359e-11 1.098e-11 8.7685e-12 -4.7154e-12 1.307e-11 -4.1462e-12 4.5644e-12 5.4612e-13 -2.5492e-12 -1.0908e-12 8.9207e-13 2.9341e-12 -7.9298e-12 -2.816e-13 8.9613e-13 1.2646e-12 -5.2156e-12 -6.422e-12 2.8239e-15 -3.3508e-12 -5.3035e-12 5.6679e-13 3.2485e-12 -3.454e-12 2.067e-12 -1.4253e-12 4.3054e-12 -1.4941e-12 1.2525e-12 -1.5938e-12 1.0447e-12 1.5392e-12 5.3665e-12 9.5519e-13 -2.2504e-12 3.7762e-12 3.9422e-12 -5.1551e-12 1.1881e-12 -1.7514e-12 2.5711e-12 7.9596e-14 -1.3068e-12 -5.3911e-13 3.0819e-13 -2.6212e-12 3.6928e-12 4.0771e-12 1.326e-12 2.6021e-12 1.4896e-12 7.1871e-13 1.1462e-12 5.9955e-13 2.7962e-12 -4.164e-14 2.9474e-12 1.9134e-12 3.4219e-13 -4.9215e-13 -8.619e-13 -8.7866e-13 3.6944e-13 2.0704e-14 6.8461e-13 -3.8091e-13 1.0936e-14 4.2001e-14 3.8782e-14 7.1559e-15
1.6359e-11 2.9007e-11 6.1501e-12 8.1087e-12 -7.9348e-12 1.451e-11 9.2092e-13 2.3072e-12 -4.9528e-13 -2.1003e-12 -9.6534e-13 4.009e-12 6.6397e-12 1.7645e-12 7.9984e-12 4.5297e-12 9.1887e-12 6.2108e-12 -1.6297e-13 4.6791e-12 5.9596e-12 4.6525e-12 7.4763e-12 2.5721e-12 6.7914e-12 4.9294e-12 2.0255e-12 6.0392e-12 -1.1321e-12 1.6598e-12 -2.485e-13 -8.0945e-13 3.0116e-12 4.3735e-12 1.424e-12 4.7196e-12 -1.7492e-13 1.176e-12 -3.3364e-12 4.9857e-12 6.0386e-13 4.0204e-12 -1.1881e-12 4.6088e-12 6.1425e-13 1.3671e-12 -2.0846e-12 1.8927e-12 1.4453e-12 1.2171e-12 2.3242e-12 1.6122e-12 1.4908e-12 1.2126e-12 5.0392e-13 1.9269e-12 4.6682e-13 2.4089e-12 -9.4256e-13 2.0072e-12 -7.887e-13 -1.6899e-12 -1.5079e-12 4.566e-13 3.7901e-13 9.5191e-14 -4.9212e-13 -2.674e-13 1.3892e-13 1.4451e-14 -3.9547e-15
1.098e-11 6.1501e-12 2.1332e-11 7.3964e-12 -8.074e-13 8.9358e-12 1.0783e-11 7.1017e-12 4.5388e-12 4.3545e-13 2.5982e-12 2.083e-12 5.2e-12 7.1383e-12 2.6459e-12 2.3706e-12 1.9242e-12 2.49e-12 9.3172e-13 7.3696e-12 3.2695e-12 2.5164e-12 2.5884e-12 2.5646e-12 2.6214e-12 3.5935e-12 -1.1675e-12 3.5302e-12 -7.9888e-13 4.4543e-12 4.0159e-12 -1.0829e-12 1.5939e-12 2.5031e-12 2.5297e-12 -6.9713e-13 1.8445e-12 -1.9116e-13 -7.998e-13 4.2859e-12 6.8268e-13 3.4191e-12 -1.1649e-12 -2.6606e-12 -1.4176e-12 6.5473e-13 1.2859e-12 1.0379e-12 -8.5151e-13 3.0086e-12 -4.3015e-13 8.8658e-13 -1.1342e-12 -1.1247e-12 -7.2172e-13 1.105e-12 6.2925e-13 1.187e-12 5.0495e-13 -8.6691e-13 -1.181e-13 -9.6936e-13 -4.8118e-13 -3.8024e-14 5.4795e-13 3.1737e-13 -3.84e-13 2.3985e-14 8.6662e-14 -3.8268e-16 4.0835e-15
8.7685e-12 8.1087e-12 7.3964e-12 2.8111e-11 -1.3301e-12 7.9044e-12 1.4648e-11 6.0003e-12 4.2681e-13 -5.1893e-12 1.5593e-12 8.4525e-12 4.9617e-12 1.656e-12 6.2256e-12 -4.3245e-13 6.5797e-12 4.9342e-12 2.0953e-12 5.1748e-12 4.8008e-12 1.8795e-12 3.6959e-12 5.1704e-12 5.8583e-12 1.8646e-12 3.4612e-12 2.6034e-12 -1.3009e-12 5.7969e-12 3.7948e-12 -1.9574e-14 9.2107e-13 2.7369e-12 -1.5641e-12 6.1996e-13 1.3134e-12 3.5299e-12 1.0715e-12 5.2024e-12 -9.8365e-13 -3.5555e-12 -2.4939e-12 2.532e-12 -2.2903e-12 -1.9248e-12 -7.8611e-13 6.2296e-13 1.8913e-12 3.4282e-12 4.8756e-13 3.6909e-12 7.3014e-13 1.3504e-12 1.5676e-12 -2.0733e-12 -1.1739e-12 2.29e-12 -1.347e-12 -3.4043e-13 -1.4006e-13 -9.016e-13 -1.5895e-12 7.7745e-13 2.9684e-13 3.3584e-13 -5.4019e-13 -1.6225e-13 3.7578e-14 -1.3004e-14 -2.5087e-14
-4.7154e-12 -7.9348e-12 -8.074e-13 -1.3301e-12 2.1547e-11 4.8008e-13 9.7376e-12 7.399e-12 2.5893e-12 -2.3228e-12 6.2898e-12 6.5844e-12 3.1567e-12 8.076e-12 1.7319e-12 2.2728e-12 -4.1619e-12 3.0574e-12 2.8339e-12 -1.064e-12 -1.6053e-12 4.2368e-12 3.6296e-12 1.2821e-12 -3.5004e-12 -1.7186e-12 5.5434e-13 -3.82e-13 3.5689e-12 2.7706e-12 3.4069e-13 2.9864e-12 1.9654e-12 -1.0523e-12 -2.3734e-12 -9.9276e-13 2.3623e-12 3.2759e-12 -2.7818e-14 6.325e-13 4.2199e-12 4.0741e-13 1.5584e-12 -1.8225e-12 2.075e-12 1.1029e-12 3.4968e-12 2.2609e-13 -1.7404e-13 6.8047e-13 -2.773e-12 -2.3262e-12 3.4464e-13 7.8678e-13 2.0984e-12 -6.6125e-13 -2.2503e-12 1.4143e-12 -1.3446e-12 -7.66e-13 5.244e-13 1.5759e-12 9.705e-14 -5.9488e-14 2.9377e-13 1.479e-15 5.1931e-13 3.1358e-13 -2.4006e-16 -3.1805e-14 -1.0841e-16
1.307e-11 1.451e-11 8.9358e-12 7.9044e-12 4.8008e-13 3.7168e-11 1.4543e-12 9.285e-12 3.0909e-13 -9.4448e-13 3.0308e-12 3.9095e-12 -5.771e-13 6.7098e-12 6.5233e-12 5.7384e-12 6.0549e-12 9.3473e-12 6.9725e-13 -1.162e-12 6.9361e-12 -1.2265e-14 8.2218e-12 -4.1212e-13 6.38e-12 4.1666e-12 3.1803e-13 2.9573e-12 8.6639e-14 4.6297e-12 2.3742e-12 -4.9984e-13 4.5448e-12 -4.0306e-12 1.7306e-12 3.967e-12 2.9609e-12 2.3857e-13 -1.7745e-12 1.5205e-12 -3.6065e-12 1.3141e-12 -1.0536e-12 1.9466e-12 2.0296e-12 1.79e-12 2.931e-12 2.694e-12 -1.9054e-13 2.4669e-12 1.3712e-12 -1.1507e-12 2.1678e-13 9.392e-13 1.9777e-12 -6.1858e-13 1.1561e-13 3.0203e-12 2.5744e-13 2.0086e-12 2.5354e-13 -2.3814e-12 -1.0938e-12 1.0346e-12 8.7244e-13 3.0743e-13 -6.0723e-14 6.8214e-14 9.7426e-14 1.4238e-16 1.277e-16
-4.1462e-12 9.2092e-13 1.0783e-11 1.4648e-11 9.7376e-12 1.4543e-12 4.8641e-11 1.1184e-11 1.3756e-11 -3.1115e-12 5.8571e-12 9.3754e-12 1.083e-11 1.6333e-11 9.8842e-12 1.1699e-11 9.9515e-12 1.1346e-11 1.2632e-11 1.5539e-11 3.6814e-12 1.2905e-11 7.2238e-12 3.8426e-12 1.0175e-11 4.505e-12 6.3709e-12 -1.8652e-12 3.2064e-13 3.2368e-12 2.9952e-12 4.9565e-12 5.019e-12 3.8707e-12 5.0299e-12 3.9392e-12 6.4829e-12 3.3189e-12 2.1858e-12 1.0315e-11 9.3281e-13 3.2573e-13 -3.1576e-12 -4.5306e-13 -6.5653e-14 4.4823e-12 1.0195e-13 3.8143e-13 -2.5413e-12 2.3897e-12 -1.2118e-12 -4.3458e-13 -4.7885e-13 9.8294e-13 1.024e-12 -3.8545e-12 7.5866e-14 8.8638e-13 -1.8566e-12 -1.1382e-12 1.6354e-12 7.8457e-13 -1.6731e-13 2.5444e-13 6.8127e-13 -9.2443e-14 -2.3455e-13 1.9233e-13 2.458e-14 -5.0879e-14 -9.1064e-15
4.5644e-12 2.3072e-12 7.1017e-12 6.0003e-12 7.399e-12 9.285e-12 1.1184e-11 2.5535e-11 -3.8039e-12 -7.2593e-13 1.9209e-12 1.0644e-11 7.3465e-12 8.4638e-12 6.1282e-12 -1.6531e-12 4.8554e-13 7.3848e-12 6.1851e-12 2.7097e-12 1.4733e-13 6.7873e-12 3.8141e-12 -9.9761e-13 1.0603e-12 1.5946e-12 2.7368e-12 3.2677e-12 -6.8013e-13 5.1576e-12 6.2798e-12 -2.5155e-12 -1.8407e-12 4.0095e-12 2.315e-12 1.8045e-12 5.7889e-13 4.3573e-12 4.7979e-14 1.2577e-12 -1.5268e-12 1.4937e-12 -6.2001e-13 7.0227e-14 -7.5272e-13 1.7645e-13 9.7491e-13 -7.0207e-13 -1.5956e-13 3.4954e-13 -4.4621e-12 -1.3379e-12 1.6578e-12 2.9258e-12 1.0557e-12 -3.3623e-12 -1.7573e-12 4.1065e-12 3.3095e-13 1.5094e-14 1.8984e-12 -1.1558e-12 -1.9727e-13 1.3573e-13 2.3772e-13 2.7779e-13 2.002e-13 -1.466e-13 2.0798e-13 -3.7349e-14 -6.6019e-15
5.4612e-13 -4.9528e-13 4.5388e-12 4.2681e-13 2.5893e-12 3.0909e-13 1.3756e-11 -3.8039e-12 2.6971e-11 3.023e-13 1.0198e-11 5.9783e-12 9.3328e-12 6.9848e-12 3.3766e-12 6.7403e-12 5.1507e-12 5.1519e-12 6.4079e-12 6.9251e-12 4.9245e-12 5.6882e-12 4.7501e-12 9.295e-12 6.9511e-12 3.642e-12 5.4161e-12 -1.5751e-12 3.7769e-12 -1.4674e-12 -2.1128e-12 5.0193e-12 4.3888e-12 3.7789e-12 2.4937e-12 -1.0806e-12 2.8719e-12 3.3245e-12 1.0455e-12 5.8854e-12 3.116e-12 -6.3983e-13 9.329e-13 1.7931e-12 8.9749e-13 1.4718e-12 2.3335e-12 1.8754e-12 -1.0499e-12 1.8948e-12 2.213e-12 -2.0217e-13 -5.0955e-13 -4.6149e-13 -1.6678e-13 9.7093e-14 1.2551e-12 -5.1714e-14 1.842e-12 -6.2639e-13 -1.996e-13 -6.959e-13 3.7337e-13 3.7627e-13 2.1578e-13 -1.6884e-13 3.9564e-14 2.19e-13 7.1944e-14 -6.8414e-15 -4.2976e-15
-2.5492e-12 -2.1003e-12 4.3545e-13 -5.1893e-12 -2.3228e-12 -9.4448e-13 -3.1115e-12 -7.2593e-13 3.023e-13 2.4429e-11 5.0498e-12 -3.7241e-12 -1.3866e-13 3.2619e-12 8.5532e-13 1.1697e-11 1.0907e-12 3.6906e-13 1.6579e-12 -1.7134e-12 3.5862e-12 -2.3581e-12 -1.721e-12 2.3673e-12 -3.0229e-12 3.0311e-12 -8.9607e-13 3.6481e-12 -2.1723e-12 2.5597e-12 2.4663e-12 4.8063e-13 -1.5319e-12 -5.0142e-13 -1.0135e-12 -3.6855e-12 -9.6888e-13 -1.0094e-13 1.7205e-12 -1.0119e-12 -7.7681e-13 1.677e-12 3.1472e-12 2.2365e-12 -1.5275e-12 1.2504e-12 1.8997e-12 -2.9721e-13 1.5663e-12 -1.5382e-12 -1.6079e-12 5.074e-13 -4.6237e-13 -3.6197e-13 -1.0653e-12 2.3195e-12 1.2224e-12 -1.1595e-12 -4.3536e-13 5.887e-13 1.4935e-12 9.6319e-13 9.0707e-13 -3.769e-13 2.0591e-13 -3.7646e-13 1.9148e-13 3.2953e-13 1.4192e-13 2.3245e-14 3.4385e-14
-1.0908e-12 -9.6534e-13 2.5982e-12 1.5593e-12 6.2898e-12 3.0308e-12 5.8571e-12 1.9209e-12 1.0198e-11 5.0498e-12 3.9987e-11 6.7199e-12 1.066e-11 6.7276e-12 8.371e-12 7.3843e-13 5.1265e-12 6.9642e-12 6.6745e-12 5.8049e-12 4.2558e-12 7.0267e-12 5.9087e-12 2.9523e-12 3.5288e-12 6.0623e-13 3.0356e-12 2.4073e-13 6.4394e-12 6.2576e-12 2.2862e-13 1.2822e-12 -4.0391e-13 3.4326e-12 -8.2042e-13 -1.0141e-12 6.0376e-12 4.7035e-12 -1.3581e-12 4.7813e-12 3.0333e-12 -3.2362e-13 5.322e-12 1.6494e-12 8.1976e-13 6.7479e-13 7.1772e-12 4.9236e-13 -1.3942e-12 4.7909e-12 -6.049e-13 2.7899e-13 1.4938e-13 1.5153e-12 1.9097e-12 -3.047e-13 -1.1843e-12 7.5455e-13 -1.0751e-12 -6.9566e-13 1.7231e-12 2.6583e-14 -6.3342e-13 7.316e-13 1.5213e-13 -5.4509e-13 1.0605e-13 5.173e-14 5.7184e-14 -2.452e-14 7.7032e-15
8.9207e-13 4.009e-12 2.083e-12 8.4525e-12 6.5844e-12 3.9095e-12 9.3754e-12 1.0644e-11 5.9783e-12 -3.7241e-12 6.7199e-12 3.1791e-11 1.3489e-11 1.2731e-11 9.0703e-12 2.0321e-12 3.2737e-12 7.2851e-12 8.2342e-12 8.2203e-12 6.6046e-12 6.0166e-12 6.8387e-12 3.8869e-12 4.5469e-12 4.3388e-13 7.2196e-12 5.4444e-12 5.8003e-13 5.7539e-12 2.7284e-12 1.4175e-12 -4.0072e-12 7.518e-12 2.1228e-12 -1.5104e-12 3.7889e-12 4.451e-12 7.038e-13 4.1555e-12 7.2934e-13 -8.9864e-13 -2.4228e-12 3.3615e-12 -1.5147e-13 -9.8647e-13 3.7578e-12 8.3818e-13 -2.4123e-12 2.9871e-12 -1.3195e-13 1.6177e-13 1.8539e-12 1.8394e-12 -1.6887e-13 -3.9229e-12 -2.404e-12 2.8466e-12 8.0439e-13 -1.2371e-12 -1.487e-12 -1.9371e-12 -4.9576e-13 -8.2667e-14 -6.4149e-13 -1.1941e-13 -1.8535e-13 -1.1076e-13 9.596e-14 -3.9777e-15 -3.2789e-14
2.9341e-12 6.6397e-12 5.2e-12 4.9617e-12 3.1567e-12 -5.771e-13 1.083e-11 7.3465e-12 9.3328e-12 -1.3866e-13 1.066e-11 1.3489e-11 2.6289e-11 9.3367e-12 1.4153e-11 4.1444e-12 1.3531e-12 8.7862e-12 8.3686e-12 1.3264e-11 6.0571e-12 1.0074e-11 6.4028e-12 2.3964e-12 7.1709e-12 3.9144e-12 5.8985e-12 5.5212e-12 7.5879e-12 5.8335e-12 -5.0295e-13 7.9182e-13 1.3607e-12 9.3552e-12 1.5803e-12 2.4657e-12 8.1112e-13 3.9752e-12 6.1666e-13 8.0533e-12 4.5468e-12 3.3772e-12 5.1117e-12 1.7431e-12 -1.0594e-12 1.6137e-12 9.4419e-13 3.6873e-12 -3.1296e-14 3.1316e-12 -4.6426e-13 1.8197e-13 1.4107e-12 1.4179e-12 -6.0106e-13 -1.96e-12 2.3623e-14 -2.5669e-13 7.5638e-13 9.4082e-13 8.5614e-13 -8.1307e-15 -6.1162e-13 9.1606e-13 2.926e-13 3.0272e-13 -6.0467e-14 -9.6321e-14 1.4364e-13 -2.6466e-14 -8.6785e-15
-7.9298e-12 1.7645e-12 7.1383e-12 1.656e-12 8.076e-12 6.7098e-12 1.6333e-11 8.4638e-12 6.9848e-12 3.2619e-12 6.7276e-12 1.2731e-11 9.3367e-12 2.7575e-11 1.1368e-11 7.709e-12 4.5269e-12 1.0781e-11 7.9819e-12 8.8376e-12 3.5167e-13 7.076e-12 4.5733e-12 4.6269e-12 4.5374e-12 5.5955e-12 1.4333e-13 3.034e-12 4.5302e-12 4.8081e-12 7.031e-13 2.3819e-12 6.419e-13 1.1464e-12 3.2886e-12 7.1381e-13 6.3881e-13 1.5286e-12 2.1286e-12 5.8224e-12 2.0964e-12 5.8419e-12 -1.5143e-13 1.884e-12 -2.4929e-13 8.4405e-13 4.2498e-12 -3.5762e-13 -3.2269e-12 2.7524e-13 7.5864e-13 -1.3664e-13 -9.5698e-13 2.5837e-12 1.52e-13 -1.8155e-12 -6.8124e-13 1.4627e-12 -1.7935e-12 3.8479e-13 -2.2452e-14 1.7473e-13 -4.0857e-13 -5.0695e-13 -1.6538e-13 1.4619e-13 1.0254e-13 2.3192e-13 1.0998e-13 -3.2854e-14 -1.7967e-14
-2.816e-13 7.9984e-12 2.6459e-12 6.2256e-12 1.7319e-12 6.5233e-12 9.8842e-12 6.1282e-12 3.3766e-12 8.5532e-13 8.371e-12 9.0703e-12 1.4153e-11 1.1368e-11 2.7819e-11 2.7483e-12 7.5467e-12 3.4928e-12 9.8381e-12 1.3088e-11 4.7472e-12 9.4932e-12 5.0118e-12 3.2196e-12 1.3137e-11 4.2292e-12 8.8293e-13 6.2344e-12 4.2879e-12 5.1824e-12 -5.8673e-13 4.9713e-13 2.7936e-12 9.4419e-13 1.883e-12 3.7597e-12 1.4369e-12 3.9305e-12 1.2121e-12 5.3241e-12 2.8383e-12 2.2441e-12 -2.8694e-13 9.1949e-13 -1.8934e-12 4.8375e-12 1.3038e-12 1.6096e-12 -2.0178e-13 2.4004e-12 9.3554e-13 1.0638e-12 -8.5254e-13 2.8778e-12 4.9276e-13 -2.562e-12 5.256e-13 2.1567e-13 -7.7268e-13 2.1773e-12 1.002e-12 5.6864e-14 -9.5379e-13 5.343e-13 3.0833e-13 -1.163e-13 2.3026e-13 8.0144e-14 9.5216e-14 -5.0949e-14 9.6067e-15
8.9613e-13 4.5297e-12 2.3706e-12 -4.3245e-13 2.2728e-12 5.7384e-12 1.1699e-11 -1.6531e-12 6.7403e-12 1.1697e-11 7.3843e-13 2.0321e-12 4.1444e-12 7.709e-12 2.7483e-12 2.5505e-11 3.3159e-12 5.0028e-12 4.5973e-12 4.1119e-12 5.3598e-12 2.3913e-12 5.9546e-12 1.4392e-12 4.2806e-12 5.9632e-12 1.45e-12 2.468e-12 -3.0148e-13 3.0859e-12 -3.7082e-14 3.9788e-12 5.4847e-12 -2.2926e-12 5.9406e-13 1.1673e-13 -4.0864e-14 1.0751e-12 1.0453e-12 2.8503e-12 1.4812e-12 6.6803e-13 2.7143e-12 2.4482e-12 1.83e-12 4.2049e-12 2.4055e-12 6.0089e-14 5.3183e-13 -7.5151e-13 -1.9739e-13 6.4843e-13 -1.3396e-12 -4.5912e-13 -1.8067e-12 1.1051e-12 1.7575e-12 -1.8462e-13 -1.3195e-12 1.7808e-13 -8.002e-14 7.7343e-13 1.2407e-12 -1.7423e-13 3.8969e-13 -1.9079e-13 -2.1823e-13 5.2887e-13 2.2607e-14 3.2209e-14 1.752e-14
1.2646e-12 9.1887e-12 1.9242e-12 6.5797e-12 -4.1619e-12 6.0549e-12 9.9515e-12 4.8554e-13 5.1507e-12 1.0907e-12 5.1265e-12 3.2737e-12 1.3531e-12 4.5269e-12 7.5467e-12 3.3159e-12 2.0841e-11 5.1434e-12 4.7805e-12 5.7116e-12 2.3535e-12 3.5174e-12 2.5415e-12 4.2211e-12 8.7093e-12 2.6888e-12 1.4632e-13 4.5774e-12 -5.8745e-13 -1.3e-12 1.5338e-12 3.1081e-12 -1.1323e-13 2.0553e-12 2.1064e-12 2.2612e-12 1.0343e-12 -9.3473e-13 1.4445e-12 3.2904e-12 -3.2859e-12 8.3266e-13 -1.1146e-12 1.7335e-12 -1.3499e-13 2.5519e-12 -1.4101e-13 5.6502e-13 9.778e-14 -3.1139e-13 3.0704e-12 2.4045e-12 1.5316e-12 1.3035e-12 -9.0734e-13 -6.0175e-13 -1.2279e-12 -1.7705e-13 -4.5193e-13 1.6148e-12 1.1547e-12 -5.0076e-13 -1.469e-12 7.4282e-13 -4.61e-13 1.3779e-13 -2.6615e-13 -1.2895e-13 2.5505e-15 -2.5021e-14 -2.9858e-15
-5.2156e-12 6.2108e-12 2.49e-12 4.9342e-12 3.0574e-12 9.3473e-12 1.1346e-11 7.3848e-12 5.1519e-12 3.6906e-13 6.9642e-12 7.2851e-12 8.7862e-12 1.0781e-11 3.4928e-12 5.0028e-12 5.1434e-12 2.6485e-11 7.7271e-12 5.7174e-12 5.0698e-12 7.3342e-12 5.9109e-12 4.9411e-12 8.8524e-12 3.7794e-12 5.4284e-12 2.0465e-12 5.2387e-12 3.6861e-12 5.3965e-13 2.5991e-13 3.4513e-12 3.9713e-12 2.5991e-12 3.7611e-12 2.6387e-12 3.0993e-12 -2.7312e-12 5.0387e-12 -2.9989e-14 9.4416e-13 -6.3178e-15 3.5556e-12 2.5241e-12 1.5093e-12 1.2331e-12 2.4668e-12 -5.8824e-13 2.1736e-12 3e-13 -7.8546e-13 3.8387e-13 -6.5604e-13 -2.348e-13 -2.4889e-12 -2.0268e-12 3.745e-12 3.6013e-14 8.6823e-13 5.5346e-13 -1.344e-13 -7.437e-13 1.0366e-12 1.235e-13 4.0152e-13 1.0149e-13 1.8041e-15 1.109e-13 4.4704e-15 -2.2421e-14
-6.422e-12 -1.6297e-13 9.3172e-13 2.0953e-12 2.8339e-12 6.9725e-13 1.2632e-11 6.1851e-12 6.4079e-12 1.6579e-12 6.6745e-12 8.2342e-12 8.3686e-12 7.9819e-12 9.8381e-12 4.5973e-12 4.7805e-12 7.7271e-12 2.0174e-11 8.0993e-12 5.5346e-12 1.114e-11 2.9609e-12 1.4558e-12 9.0036e-12 6.6046e-12 2.9753e-12 3.3477e-12 3.8311e-12 2.9582e-12 2.8473e-12 2.3237e-12 4.4417e-13 2.9058e-12 3.1599e-13 1.6937e-12 3.4652e-12 2.2107e-12 2.155e-12 4.963e-12 1.5083e-12 -2.1939e-12 2.6692e-12 1.5913e-12 3.9862e-13 2.8588e-12 2.7921e-12 1.644e-12 -1.3049e-12 1.5825e-12 5.6164e-13 1.7302e-13 5.5818e-13 2.4631e-13 -1.6128e-13 -1.4558e-12 -5.4431e-14 9.1924e-13 1.6391e-12 2.8775e-13 8.0089e-13 1.3386e-13 -1.5434e-13 5.6967e-13 2.0837e-13 2.5885e-14 1.4757e-13 1.0092e-13 1.0065e-13 3.346e-15 -8.9392e-15
2.8239e-15 4.6791e-12 7.3696e-12 5.1748e-12 -1.064e-12 -1.162e-12 1.5539e-11 2.7097e-12 6.9251e-12 -1.7134e-12 5.8049e-12 8.2203e-12 1.3264e-11 8.8376e-12 1.3088e-11 4.1119e-12 5.7116e-12 5.7174e-12 8.0993e-12 2.3252e-11 4.9231e-12 6.8683e-12 2.7856e-12 6.3605e-13 9.8754e-12 2.7731e-12 3.5082e-12 3.7229e-12 4.7171e-12 2.9392e-12 8.0337e-13 -9.4396e-14 1.2003e-12 2.2109e-12 5.1206e-12 3.1085e-12 2.5038e-12 3.6596e-12 1.958e-12 4.7447e-12 2.298e-12 5.5293e-12 7.1585e-13 1.7318e-12 -2.3002e-12 1.6162e-12 -1.4482e-12 1.3781e-12 -1.9803e-12 2.6421e-12 3.3668e-13 1.164e-12 -2.7092e-13 1.0917e-12 -4.3393e-13 -2.1974e-12 -3.1912e-13 -1.347e-12 1.0475e-12 3.9908e-13 8.976e-14 -1.6228e-13 -1.1696e-12 -5.5486e-13 -9.6428e-14 -1.4546e-13 -4.6684e-13 -2.8397e-14 5.8048e-14 -3.4848e-14 -1.0762e-14
-3.3508e-12 5.9596e-12 3.2695e-12 4.8008e-12 -1.6053e-12 6.9361e-12 3.6814e-12 1.4733e-13 4.9245e-12 3.5862e-12 4.2558e-12 6.6046e-12 6.0571e-12 3.5167e-13 4.7472e-12 5.3598e-12 2.3535e-12 5.0698e-12 5.5346e-12 4.9231e-12 1.5176e-11 4.8911e-12 4.3676e-12 2.143e-12 6.0469e-12 4.1606e-12 4.1433e-12 4.8549e-12 9.3653e-13 3.0791e-12 2.7894e-12 5.5414e-13 2.0144e-12 1.8994e-12 -1.2575e-13 1.1011e-12 2.5786e-12 1.6028e-12 -2.0854e-13 2.3425e-12 1.1626e-12 -2.3868e-12 3.956e-13 3.1508e-12 -5.61e-13 2.175e-12 5.4858e-13 2.7197e-13 -6.2676e-13 3.5383e-12 2.2943e-13 2.3212e-13 8.3703e-13 -2.6301e-12 3.3004e-13 -1.216e-13 1.0661e-12 -1.069e-13 3.5382e-13 8.8032e-13 -1.5268e-12 -8.4789e-13 3.1818e-13 5.8342e-13 5.3008e-13 5.1219e-14 -1.4302e-13 -4.3137e-14 9.2152e-14 -4.2378e-15 5.7517e-15
-5.3035e-12 4.6525e-12 2.5164e-12 1.8795e-12 4.2368e-12 -1.2265e-14 1.2905e-11 6.7873e-12 5.6882e-12 -2.3581e-12 7.0267e-12 6.0166e-12 1.0074e-11 7.076e-12 9.4932e-12 2.3913e-12 3.5174e-12 7.3342e-12 1.114e-11 6.8683e-12 4.8911e-12 1.8154e-11 6.0394e-12 3.1485e-12 1.0137e-11 3.8266e-12 5.7074e-13 6.9996e-13 3.579e-12 3.0167e-12 5.6377e-13 -2.9066e-13 8.2107e-13 3.6429e-12 1.7605e-12 2.4224e-12 2.0566e-12 1.6427e-12 -8.9628e-13 4.145e-12 3.7865e-12 1.3358e-12 1.9951e-12 3.3107e-13 -4.9086e-13 3.3162e-12 1.5325e-13 5.2681e-13 -4.2298e-13 1.7466e-12 -2.6853e-13 -1.3145e-13 4.3086e-13 5.6805e-13 7.3549e-13 -2.0646e-12 -3.7016e-13 1.7134e-12 6.8246e-13 3.5489e-13 2.2977e-13 1.2919e-14 -2.86e-13 6.7045e-13 3.7911e-13 -4.1893e-14 4.9864e-14 -9.0084e-14 3.9166e-14 -8.1478e-15 -3.1326e-15
5.6679e-13 7.4763e-12 2.5884e-12 3.6959e-12 3.6296e-12 8.2218e-12 7.2238e-12 3.8141e-12 4.7501e-12 -1.721e-12 5.9087e-12 6.8387e-12 6.4028e-12 4.5733e-12 5.0118e-12 5.9546e-12 2.5415e-12 5.9109e-12 2.9609e-12 2.7856e-12 4.3676e-12 6.0394e-12 1.8965e-11 1.0646e-12 5.9892e-12 3.3444e-14 1.4898e-12 -1.3508e-13 3.0765e-12 1.1862e-12 2.6061e-12 1.7003e-12 8.4795e-13 -4.3968e-13 -2.4646e-12 1.8156e-12 2.8173e-12 4.8726e-14 -2.4692e-12 1.3538e-12 1.3901e-13 -4.013e-13 2.3501e-12 2.4575e-12 2.703e-12 -2.5838e-13 5.7265e-13 1.1404e-12 2.4718e-14 1.4743e-12 -7.2606e-13 6.4418e-13 4.3164e-13 -1.3972e-12 4.9803e-13 -3.8844e-13 -6.2804e-13 5.1117e-13 -1.4021e-13 -6.2e-13 -5.8902e-13 -8.0909e-13 -7.4918e-13 6.0645e-13 1.735e-13 -1.6111e-13 1.9922e-14 1.2609e-13 3.3554e-14 2.7091e-14 2.6671e-15
3.2485e-12 2.5721e-12 2.5646e-12 5.1704e-12 1.2821e-12 -4.1212e-13 3.8426e-12 -9.9761e-13 9.295e-12 2.3673e-12 2.9523e-12 3.8869e-12 2.3964e-12 4.6269e-12 3.2196e-12 1.4392e-12 4.2211e-12 4.9411e-12 1.4558e-12 6.3605e-13 2.143e-12 3.1485e-12 1.0646e-12 1.5246e-11 3.4464e-12 3.2258e-12 1.9086e-12 3.3227e-12 2.0612e-12 1.2015e-12 1.2527e-12 1.2989e-12 2.6143e-12 3.3668e-12 -2.8723e-13 -9.1369e-13 2.7741e-12 4.1855e-12 -5.3929e-13 2.3802e-12 1.6191e-12 1.0006e-12 -1.6185e-12 6.6669e-13 1.1091e-13 4.9003e-14 1.0892e-12 3.5818e-13 1.6684e-12 1.0449e-13 2.1153e-12 1.3284e-12 1.0919e-12 7.019e-13 4.7754e-14 4.3382e-13 -1.0121e-12 2.2443e-12 6.6417e-14 1.289e-15 -4.1642e-13 1.9023e-13 -7.1019e-13 6.3583e-14 -3.2127e-13 -1.2983e-13 1.8639e-13 7.0131e-14 5.1893e-14 7.5348e-15 -7.6312e-16
-3.454e-12 6.7914e-12 2.6214e-12 5.8583e-12 -3.5004e-12 6.38e-12 1.0175e-11 1.0603e-12 6.9511e-12 -3.0229e-12 3.5288e-12 4.5469e-12 7.1709e-12 4.5374e-12 1.3137e-11 4.2806e-12 8.7093e-12 8.8524e-12 9.0036e-12 9.8754e-12 6.0469e-12 1.0137e-11 5.9892e-12 3.4464e-12 1.6936e-11 3.8882e-12 9.7131e-13 1.6233e-12 2.5127e-12 1.0694e-12 -8.0094e-14 9.9801e-13 3.3342e-12 -4.8261e-13 1.657e-12 2.3898e-12 9.2588e-13 7.5168e-13 -2.1501e-13 4.9766e-12 6.0581e-13 1.0301e-12 -5.6543e-13 5.1481e-13 -1.3913e-13 3.6385e-12 -2.3153e-13 2.1397e-12 -5.4082e-13 2.3468e-12 2.4785e-12 1.2447e-12 -2.5859e-13 -1.4045e-13 -4.5721e-13 -2.2065e-12 3.4081e-13 3.6352e-13 5.1857e-13 1.5176e-12 3.1614e-13 -8.2737e-13 -5.4168e-13 8.7319e-13 1.8963e-13 -1.1297e-13 -2.1911e-14 5.141e-14 1.8841e-14 -1.198e-15 -3.4875e-16
2.067e-12 4.9294e-12 3.5935e-12 1.8646e-12 -1.7186e-12 4.1666e-12 4.505e-12 1.5946e-12 3.642e-12 3.0311e-12 6.0623e-13 4.3388e-13 3.9144e-12 5.5955e-12 4.2292e-12 5.9632e-12 2.6888e-12 3.7794e-12 6.6046e-12 2.7731e-12 4.1606e-12 3.8266e-12 3.3444e-14 3.2258e-12 3.8882e-12 1.1504e-11 8.4939e-13 4.1748e-12 2.7703e-12 2.3582e-12 2.5697e-12 -2.9299e-13 2.2836e-12 1.9109e-12 -4.0852e-13 1.2302e-12 1.7636e-12 1.723e-13 1.1246e-12 5.1612e-12 2.5695e-12 5.8815e-13 2.0778e-12 1.5125e-12 2.3911e-13 -6.3189e-14 3.7427e-13 1.8965e-12 -7.5474e-13 -1.893e-13 1.3095e-12 1.1818e-12 1.223e-12 2.452e-13 5.1035e-13 1.7745e-12 1.5175e-12 9.2902e-13 9.1054e-13 1.0843e-12 1.4834e-13 -4.6813e-13 1.2433e-13 2.1865e-13 -1.8317e-13 3.002e-13 1.4141e-13 2.0512e-13 1.1408e-13 4.7011e-15 4.3416e-16
-1.4253e-12 2.0255e-12 -1.1675e-12 3.4612e-12 5.5434e-13 3.1803e-13 6.3709e-12 2.7368e-12 5.4161e-12 -8.9607e-13 3.0356e-12 7.2196e-12 5.8985e-12 1.4333e-13 8.8293e-13 1.45e-12 1.4632e-13 5.4284e-12 2.9753e-12 3.5082e-12 4.1433e-12 5.7074e-13 1.4898e-12 1.9086e-12 9.7131e-13 8.4939e-13 1.0384e-11 -1.5645e-12 1.245e-12 1.0506e-12 1.2556e-12 2.4132e-12 2.2634e-12 3.8567e-12 2.046e-12 2.0905e-12 3.6061e-12 3.355e-12 5.4329e-13 1.622e-12 1.404e-13 -8.0224e-13 -1.8439e-12 2.5961e-12 8.9945e-13 1.3203e-13 2.4125e-14 2.8019e-13 -1.3959e-12 1.4904e-12 -1.0132e-12 -8.9824e-13 2.3616e-12 -3.1862e-13 5.9172e-14 -1.5925e-12 -4.332e-13 1.2705e-12 3.0157e-13 -9.9776e-13 -6.6708e-13 -5.51e-13 -1.0749e-13 4.0818e-13 2.2309e-13 -2.1259e-13 -1.0896e-13 -3.7421e-14 1.1987e-13 -2.4739e-14 -2.0617e-15
4.3054e-12 6.0392e-12 3.5302e-12 2.6034e-12 -3.82e-13 2.9573e-12 -1.8652e-12 3.2677e-12 -1.5751e-12 3.6481e-12 2.4073e-13 5.4444e-12 5.5212e-12 3.034e-12 6.2344e-12 2.468e-12 4.5774e-12 2.0465e-12 3.3477e-12 3.7229e-12 4.8549e-12 6.9996e-13 -1.3508e-13 3.3227e-12 1.6233e-12 4.1748e-12 -1.5645e-12 1.4424e-11 8.7218e-13 2.8828e-12 2.8979e-12 -1.6527e-12 -3.0036e-13 3.4669e-12 -2.9573e-13 -6.8616e-14 5.1391e-13 1.2563e-12 1.4584e-12 3.3481e-12 4.5896e-13 1.9142e-12 2.0916e-12 4.1988e-13 2.8038e-13 3.0904e-13 1.8032e-12 4.7748e-13 1.4304e-12 1.0298e-12 4.0414e-14 1.2095e-13 8.7011e-13 1.3469e-12 -1.0598e-12 1.6677e-12 -2.0184e-13 1.9857e-13 5.8119e-13 2.0511e-12 1.6823e-13 -1.0911e-13 -3.6989e-13 -1.3567e-13 -2.832e-13 4.7222e-13 -9.264e-14 -7.5715e-14 2.904e-14 -1.1995e-15 -1.7716e-14
-1.4941e-12 -1.1321e-12 -7.9888e-13 -1.3009e-12 3.5689e-12 8.6639e-14 3.2064e-13 -6.8013e-13 3.7769e-12 -2.1723e-12 6.4394e-12 5.8003e-13 7.5879e-12 4.5302e-12 4.2879e-12 -3.0148e-13 -5.8745e-13 5.2387e-12 3.8311e-12 4.7171e-12 9.3653e-13 3.579e-12 3.0765e-12 2.0612e-12 2.5127e-12 2.7703e-12 1.245e-12 8.7218e-13 1.1724e-11 2.1326e-12 -4.4229e-13 4.1717e-13 1.1155e-12 2.0235e-12 -5.4322e-13 1.135e-12 1.4311e-12 1.2223e-12 1.2515e-12 -5.3409e-13 3.0199e-12 9.9944e-13 3.1238e-12 9.6378e-13 2.088e-13 4.5006e-13 1.8992e-12 1.7169e-12 -5.877e-13 1.0161e-12 2.659e-12 1.0621e-12 -6.8664e-13 -9.063e-13 1.1755e-13 -1.3385e-13 -1.2472e-12 -4.6871e-13 5.284e-13 5.0746e-14 1.0944e-13 2.9381e-13 -5.8392e-13 4.7138e-13 -7.3272e-14 4.5563e-13 2.2701e-13 -2.0281e-14 2.7989e-15 -4.5697e-15 -8.025e-15
1.2525e-12 1.6598e-12 4.4543e-12 5.7969e-12 2.7706e-12 4.6297e-12 3.2368e-12 5.1576e-12 -1.4674e-12 2.5597e-12 6.2576e-12 5.7539e-12 5.8335e-12 4.8081e-12 5.1824e-12 3.0859e-12 -1.3e-12 3.6861e-12 2.9582e-12 2.9392e-12 3.0791e-12 3.0167e-12 1.1862e-12 1.2015e-12 1.0694e-12 2.3582e-12 1.0506e-12 2.8828e-12 2.1326e-12 1.0492e-11 1.4532e-12 -1.74e-12 -3.5849e-13 1.1896e-12 -4.4517e-13 2.2103e-12 9.1257e-14 3.088e-12 6.88e-13 2.3709e-12 1.9523e-12 -2.6534e-14 -5.0389e-13 -5.5293e-13 -8.057e-13 7.6107e-14 1.7029e-12 6.7447e-14 2.0001e-13 1.9039e-12 -1.3996e-12 8.2285e-13 -5.8289e-13 5.7251e-13 6.4645e-13 -2.7361e-13 -7.3318e-13 1.1474e-12 -8.5333e-13 -8.2949e-13 1.5999e-13 -3.3746e-13 -3.5817e-13 -6.1786e-14 2.8318e-13 1.0186e-13 -8.083e-14 -1.0072e-13 8.2937e-14 -4.3272e-15 1.2083e-15
-1.5938e-12 -2.485e-13 4.0159e-12 3.7948e-12 3.4069e-13 2.3742e-12 2.9952e-12 6.2798e-12 -2.1128e-12 2.4663e-12 2.2862e-13 2.7284e-12 -5.0295e-13 7.031e-13 -5.8673e-13 -3.7082e-14 1.5338e-12 5.3965e-13 2.8473e-12 8.0337e-13 2.7894e-12 5.6377e-13 2.6061e-12 1.2527e-12 -8.0094e-14 2.5697e-12 1.2556e-12 2.8979e-12 -4.4229e-13 1.4532e-12 9.4328e-12 -1.8494e-12 -2.9636e-13 3.7329e-13 -1.7635e-12 -7.0218e-13 1.5276e-12 1.0654e-12 2.3555e-13 7.4523e-13 -1.3281e-12 -8.759e-13 7.6183e-13 -4.5436e-13 -1.3755e-13 -1.2725e-12 1.4288e-12 1.0741e-13 -2.3212e-13 -5.2144e-13 -1.4787e-12 1.0716e-12 2.239e-12 2.891e-14 3.4433e-13 -2.9393e-13 -1.3603e-12 4.6474e-13 -1.0115e-13 -9.2317e-13 2.7015e-13 -6.4019e-13 -2.8036e-13 -2.4655e-14 1.2628e-13 7.9736e-14 1.8177e-14 9.8521e-14 9.1564e-14 1.1965e-14 8.171e-16
1.0447e-12 -8.0945e-13 -1.0829e-12 -1.9574e-14 2.9864e-12 -4.9984e-13 4.9565e-12 -2.5155e-12 5.0193e-12 4.8063e-13 1.2822e-12 1.4175e-12 7.9182e-13 2.3819e-12 4.9713e-13 3.9788e-12 3.1081e-12 2.5991e-13 2.3237e-12 -9.4396e-14 5.5414e-13 -2.9066e-13 1.7003e-12 1.2989e-12 9.9801e-13 -2.9299e-13 2.4132e-12 -1.6527e-12 4.1717e-13 -1.74e-12 -1.8494e-12 6.7066e-12 2.3853e-12 -9.2566e-13 2.4341e-13 -7.54e-13 1.4344e-12 1.3671e-14 6.8823e-13 7.4732e-13 -3.6386e-13 -2.6939e-13 -5.0484e-13 1.5161e-14 4.7954e-13 2.2706e-12 2.3744e-13 -9.0172e-14 -7.2904e-13 6.4607e-13 8.6511e-13 -7.2888e-14 8.4058e-13 -1.3218e-12 -2.8796e-13 2.9586e-13 -1.8097e-13 -4.6633e-13 -7.3609e-13 9.3703e-14 -7.779e-13 8.8225e-13 9.4465e-14 4.0621e-13 1.0214e-13 7.3013e-14 -9.543e-15 1.5135e-13 -1.3376e-14 -1.4587e-14 9.2243e-15
1.5392e-12 3.0116e-12 1.5939e-12 9.2107e-13 1.9654e-12 4.5448e-12 5.019e-12 -1.8407e-12 4.3888e-12 -1.5319e-12 -4.0391e-13 -4.0072e-12 1.3607e-12 6.419e-13 2.7936e-12 5.4847e-12 -1.1323e-13 3.4513e-12 4.4417e-13 1.2003e-12 2.0144e-12 8.2107e-13 8.4795e-13 2.6143e-12 3.3342e-12 2.2836e-12 2.2634e-12 -3.0036e-13 1.1155e-12 -3.5849e-13 -2.9636e-13 2.3853e-12 8.7838e-12 -1.9415e-12 -2.6056e-13 1.4044e-12 1.5427e-12 2.4655e-12 -5.9643e-13 2.6397e-12 2.5746e-12 5.2493e-13 -6.4022e-13 -1.3016e-12 1.5278e-12 3.7654e-12 5.7257e-13 6.8104e-13 9.2554e-13 7.0735e-13 -1.1541e-13 -1.3515e-14 3.49e-13 -1.2834e-13 3.9197e-13 3.7482e-13 6.1439e-13 3.5312e-13 -5.083e-13 6.0646e-13 -9.0451e-13 6.7233e-13 -4.3308e-14 4.2675e-13 5.4897e-13 7.308e-14 1.1734e-14 2.7849e-13 1.2743e-14 3.039e-16 6.1179e-15
5.3665e-12 4.3735e-12 2.5031e-12 2.7369e-12 -1.0523e-12 -4.0306e-12 3.8707e-12 4.0095e-12 3.7789e-12 -5.0142e-13 3.4326e-12 7.518e-12 9.3552e-12 1.1464e-12 9.4419e-13 -2.2926e-12 2.0553e-12 3.9713e-12 2.9058e-12 2.2109e-12 1.8994e-12 3.6429e-12 -4.3968e-13 3.3668e-12 -4.8261e-13 1.9109e-12 3.8567e-12 3.4669e-12 2.0235e-12 1.1896e-12 3.7329e-13 -9.2566e-13 -1.9415e-12 1.6276e-11 1.4907e-12 -1.7472e-13 3.8985e-12 1.9741e-12 -3.9128e-13 2.1764e-12 6.0056e-13 3.6813e-13 1.494e-13 1.8763e-12 -6.2443e-13 -8.838e-13 -5.3937e-13 1.2389e-12 -1.3346e-13 7.9018e-13 -1.1742e-12 8.7499e-14 1.7011e-12 1.0928e-12 -1.0485e-13 5.5318e-13 5.5986e-13 1.4583e-12 -1.0057e-13 1.6279e-13 -9.1466e-14 -1.8241e-13 -1.5093e-13 1.8075e-13 -4.9557e-13 2.7044e-13 -2.0192e-13 -1.0769e-13 1.0643e-13 -7.3415e-16 -1.493e-14
9.5519e-13 1.424e-12 2.5297e-12 -1.5641e-12 -2.3734e-12 1.7306e-12 5.0299e-12 2.315e-12 2.4937e-12 -1.0135e-12 -8.2042e-13 2.1228e-12 1.5803e-12 3.2886e-12 1.883e-12 5.9406e-13 2.1064e-12 2.5991e-12 3.1599e-13 5.1206e-12 -1.2575e-13 1.7605e-12 -2.4646e-12 -2.8723e-13 1.657e-12 -4.0852e-13 2.046e-12 -2.9573e-13 -5.4322e-13 -4.4517e-13 -1.7635e-12 2.4341e-13 -2.6056e-13 1.4907e-12 7.442e-12 2.631e-12 2.8438e-13 -2.7664e-13 1.3164e-12 -8.0721e-13 -1.0867e-12 1.6578e-12 -1.994e-12 2.8533e-13 -1.1249e-12 9.8625e-13 -8.1187e-13 -7.4752e-13 -2.1431e-12 7.7963e-13 1.9519e-13 -1.3395e-12 -4.8706e-13 2.7594e-13 -9.0056e-13 -1.3713e-12 -1.0837e-13 -9.081e-14 3.9852e-13 5.8413e-13 -4.9646e-14 -3.3899e-13 3.2266e-13 -2.5996e-13 5.065e-14 5.7569e-15 -2.8692e-13 -2.1937e-13 -9.6556e-15 -2.5577e-14 -4.237e-15
-2.2504e-12 4.7196e-12 -6.9713e-13 6.1996e-13 -9.9276e-13 3.967e-12 3.9392e-12 1.8045e-12 -1.0806e-12 -3.6855e-12 -1.0141e-12 -1.5104e-12 2.4657e-12 7.1381e-13 3.7597e-12 1.1673e-13 2.2612e-12 3.7611e-12 1.6937e-12 3.1085e-12 1.1011e-12 2.4224e-12 1.8156e-12 -9.1369e-13 2.3898e-12 1.2302e-12 2.0905e-12 -6.8616e-14 1.135e-12 2.2103e-12 -7.0218e-13 -7.54e-13 1.4044e-12 -1.7472e-13 2.631e-12 8.641e-12 -5.5081e-13 4.7795e-13 2.7292e-14 1.0324e-12 2.3223e-13 5.4194e-13 -5.725e-13 5.0154e-13 7.1748e-13 2.3905e-13 -1.0565e-12 -6.01e-14 -8.3108e-13 4.2518e-13 -8.3944e-13 -1.2231e-12 7.7577e-13 -2.2655e-13 2.1125e-13 -8.2336e-13 -3.1011e-13 1.2629e-13 -6.7226e-13 9.2874e-13 9.1844e-14 -2.8531e-13 -3.0266e-13 4.8929e-15 1.3536e-13 -9.3774e-14 -1.5433e-13 -1.5853e-13 2.6358e-15 -2.0641e-14 2.9513e-15
3.7762e-12 -1.7492e-13 1.8445e-12 1.3134e-12 2.3623e-12 2.9609e-12 6.4829e-12 5.7889e-13 2.8719e-12 -9.6888e-13 6.0376e-12 3.7889e-12 8.1112e-13 6.3881e-13 1.4369e-12 -4.0864e-14 1.0343e-12 2.6387e-12 3.4652e-12 2.5038e-12 2.5786e-12 2.0566e-12 2.8173e-12 2.7741e-12 9.2588e-13 1.7636e-12 3.6061e-12 5.1391e-13 1.4311e-12 9.1257e-14 1.5276e-12 1.4344e-12 1.5427e-12 3.8985e-12 2.8438e-13 -5.5081e-13 8.8594e-12 1.3729e-12 -1.185e-12 1.4951e-12 -5.3489e-13 -3.3908e-13 -2.7223e-13 1.8539e-13 1.1826e-12 9.3231e-13 5.2275e-13 8.8177e-13 -8.6787e-13 1.441e-12 -3.8422e-13 -6.3203e-13 1.3298e-12 -2.6967e-14 9.3137e-13 4.3634e-14 -2.7436e-13 1.298e-12 1.0299e-12 -7.1293e-13 -6.9497e-13 1.8102e-13 -5.6005e-13 2.5358e-13 -1.0322e-13 -8.6344e-14 4.2845e-14 1.6515e-13 2.1081e-14 -2.6209e-15 1.1373e-15
3.9422e-12 1.176e-12 -1.9116e-13 3.5299e-12 3.2759e-12 2.3857e-13 3.3189e-12 4.3573e-12 3.3245e-12 -1.0094e-13 4.7035e-12 4.451e-12 3.9752e-12 1.5286e-12 3.9305e-12 1.0751e-12 -9.3473e-13 3.0993e-12 2.2107e-12 3.6596e-12 1.6028e-12 1.6427e-12 4.8726e-14 4.1855e-12 7.5168e-13 1.723e-13 3.355e-12 1.2563e-12 1.2223e-12 3.088e-12 1.0654e-12 1.3671e-14 2.4655e-12 1.9741e-12 -2.7664e-13 4.7795e-13 1.3729e-12 7.9064e-12 -9.7565e-13 1.0923e-12 2.1264e-12 1.827e-13 -1.5262e-12 1.28e-12 1.1406e-15 6.5144e-13 8.6174e-13 3.5599e-13 6.0475e-13 4.2013e-13 -1.0576e-12 3.274e-13 1.2144e-12 1.0211e-12 5.999e-13 -1.0478e-12 -5.3744e-13 2.1464e-12 -7.6651e-13 -6.8061e-13 -9.0503e-14 2.9596e-13 -2.1447e-13 4.0667e-14 7.9022e-14 -1.6374e-13 2.2214e-15 6.3648e-14 8.0499e-14 -1.4907e-14 -4.4946e-15
-5.1551e-12 -3.3364e-12 -7.998e-13 1.0715e-12 -2.7818e-14 -1.7745e-12 2.1858e-12 4.7979e-14 1.0455e-12 1.7205e-12 -1.3581e-12 7.038e-13 6.1666e-13 2.1286e-12 1.2121e-12 1.0453e-12 1.4445e-12 -2.7312e-12 2.155e-12 1.958e-12 -2.0854e-13 -8.9628e-13 -2.4692e-12 -5.3929e-13 -2.1501e-13 1.1246e-12 5.4329e-13 1.4584e-12 1.2515e-12 6.88e-13 2.3555e-13 6.8823e-13 -5.9643e-13 -3.9128e-13 1.3164e-12 2.7292e-14 -1.185e-12 -9.7565e-13 6.0011e-12 -2.3352e-13 3.8864e-13 -5.6079e-13 3.681e-13 7.6882e-13 -2.2721e-12 -5.4953e-13 1.4578e-12 -4.979e-13 -8.326e-13 -8.3461e-14 1.6851e-14 8.9817e-13 -5.5156e-13 1.0437e-12 -3.9462e-13 4.1668e-13 -4.7895e-14 -1.6372e-12 4.103e-13 6.1339e-13 4.2241e-13 -1.0894e-13 -2.6211e-14 -3.3364e-13 -4.5903e-14 6.1589e-15 -1.5434e-13 -1.5602e-13 1.5314e-14 -1.5364e-14 -5.1838e-15
1.1881e-12 4.9857e-12 4.2859e-12 5.2024e-12 6.325e-13 1.5205e-12 1.0315e-11 1.2577e-12 5.8854e-12 -1.0119e-12 4.7813e-12 4.1555e-12 8.0533e-12 5.8224e-12 5.3241e-12 2.8503e-12 3.2904e-12 5.0387e-12 4.963e-12 4.7447e-12 2.3425e-12 4.145e-12 1.3538e-12 2.3802e-12 4.9766e-12 5.1612e-12 1.622e-12 3.3481e-12 -5.3409e-13 2.3709e-12 7.4523e-13 7.4732e-13 2.6397e-12 2.1764e-12 -8.0721e-13 1.0324e-12 1.4951e-12 1.0923e-12 -2.3352e-13 1.0113e-11 1.7409e-12 1.4324e-12 1.9129e-12 3.4525e-13 1.9896e-13 3.7348e-14 5.6597e-13 2.2656e-12 9.9812e-14 1.4484e-12 -2.4375e-14 -5.897e-14 1.6396e-12 1.7653e-12 3.737e-13 2.0959e-13 3.8015e-13 1.6474e-13 -2.9619e-13 7.6292e-13 4.6717e-13 -2.2526e-13 -3.5224e-13 3.3301e-13 2.9387e-13 4.9334e-14 -6.7536e-14 1.0379e-13 8.3158e-14 -4.4498e-15 -6.0646e-15
-1.7514e-12 6.0386e-13 6.8268e-13 -9.8365e-13 4.2199e-12 -3.6065e-12 9.3281e-13 -1.5268e-12 3.116e-12 -7.7681e-13 3.0333e-12 7.2934e-13 4.5468e-12 2.0964e-12 2.8383e-12 1.4812e-12 -3.2859e-12 -2.9989e-14 1.5083e-12 2.298e-12 1.1626e-12 3.7865e-12 1.3901e-13 1.6191e-12 6.0581e-13 2.5695e-12 1.404e-13 4.5896e-13 3.0199e-12 1.9523e-12 -1.3281e-12 -3.6386e-13 2.5746e-12 6.0056e-13 -1.0867e-12 2.3223e-13 -5.3489e-13 2.1264e-12 3.8864e-13 1.7409e-12 7.0348e-12 5.2355e-13 9.2733e-13 -4.9053e-13 6.1836e-13 2.22e-13 8.2922e-13 1.5051e-12 4.3743e-15 1.1159e-12 -2.6421e-13 7.4028e-14 1.2812e-13 -9.1684e-13 8.2006e-13 8.3455e-13 3.6311e-13 -1.2162e-13 4.1175e-14 -3.9009e-13 -5.0807e-13 4.7356e-13 1.3732e-13 -1.7393e-14 8.1589e-16 -6.2708e-14 1.0947e-13 1.2011e-13 5.2571e-15 2.0943e-15 -8.4424e-15
2.5711e-12 4.0204e-12 3.4191e-12 -3.5555e-12 4.0741e-13 1.3141e-12 3.2573e-13 1.4937e-12 -6.3983e-13 1.677e-12 -3.2362e-13 -8.9864e-13 3.3772e-12 5.8419e-12 2.2441e-12 6.6803e-13 8.3266e-13 9.4416e-13 -2.1939e-12 5.5293e-12 -2.3868e-12 1.3358e-12 -4.013e-13 1.0006e-12 1.0301e-12 5.8815e-13 -8.0224e-13 1.9142e-12 9.9944e-13 -2.6534e-14 -8.759e-13 -2.6939e-13 5.2493e-13 3.6813e-13 1.6578e-12 5.4194e-13 -3.3908e-13 1.827e-13 -5.6079e-13 1.4324e-12 5.2355e-13 9.3671e-12 1.4579e-13 -9.8755e-13 -2.4697e-13 -3.0824e-13 -1.2031e-12 3.1902e-13 -8.6927e-14 -5.0737e-13 -9.2008e-14 -1.0461e-12 6.7407e-13 1.8449e-12 7.986e-14 3.7055e-13 4.9677e-13 -1.4045e-13 7.1467e-15 1.0378e-12 4.5679e-14 2.2689e-13 -7.4391e-13 -4.9495e-13 -1.238e-13 -2.0793e-13 -1.2433e-13 9.1117e-14 4.9104e-14 -1.6473e-14 3.8686e-15
7.9596e-14 -1.1881e-12 -1.1649e-12 -2.4939e-12 1.5584e-12 -1.0536e-12 -3.1576e-12 -6.2001e-13 9.329e-13 3.1472e-12 5.322e-12 -2.4228e-12 5.1117e-12 -1.5143e-13 -2.8694e-13 2.7143e-12 -1.1146e-12 -6.3178e-15 2.6692e-12 7.1585e-13 3.956e-13 1.9951e-12 2.3501e-12 -1.6185e-12 -5.6543e-13 2.0778e-12 -1.8439e-12 2.0916e-12 3.1238e-12 -5.0389e-13 7.6183e-13 -5.0484e-13 -6.4022e-13 1.494e-13 -1.994e-12 -5.725e-13 -2.7223e-13 -1.5262e-12 3.681e-13 1.9129e-12 9.2733e-13 1.4579e-13 8.179e-12 1.049e-12 2.5409e-13 -8.6234e-13 1.095e-12 1.3497e-12 1.1537e-12 -4.2544e-13 -1.8529e-13 2.2551e-13 9.999e-13 7.0618e-13 -2.4013e-13 1.1288e-12 -6.3825e-13 -1.6528e-12 8.0127e-13 9.2028e-13 9.1677e-13 4.7882e-13 8.7713e-14 2.4162e-13 1.6921e-13 1.5277e-13 1.0492e-13 1.2281e-13 1.4283e-14 1.5596e-14 3.9085e-15
-1.3068e-12 4.6088e-12 -2.6606e-12 2.532e-12 -1.8225e-12 1.9466e-12 -4.5306e-13 7.0227e-14 1.7931e-12 2.2365e-12 1.6494e-12 3.3615e-12 1.7431e-12 1.884e-12 9.1949e-13 2.4482e-12 1.7335e-12 3.5556e-12 1.5913e-12 1.7318e-12 3.1508e-12 3.3107e-13 2.4575e-12 6.6669e-13 5.1481e-13 1.5125e-12 2.5961e-12 4.1988e-13 9.6378e-13 -5.5293e-13 -4.5436e-13 1.5161e-14 -1.3016e-12 1.8763e-12 2.8533e-13 5.0154e-13 1.8539e-13 1.28e-12 7.6882e-13 3.4525e-13 -4.9053e-13 -9.8755e-13 1.049e-12 6.389e-12 -8.8829e-13 -1.7966e-12 -2.709e-13 -2.908e-13 -2.3864e-13 -2.5687e-13 3.6167e-13 8.0656e-13 8.6816e-13 5.1137e-13 9.977e-14 -3.8151e-15 2.7039e-13 5.984e-13 -3.192e-13 4.8252e-13 -2.9083e-14 -6.0386e-13 -2.4174e-13 -7.0357e-15 -9.1746e-14 -1.3704e-13 -1.6658e-13 -7.0127e-14 6.2498e-14 -3.1248e-15 -5.9514e-15
-5.3911e-13 6.1425e-13 -1.4176e-12 -2.2903e-12 2.075e-12 2.0296e-12 -6.5653e-14 -7.5272e-13 8.9749e-13 -1.5275e-12 8.1976e-13 -1.5147e-13 -1.0594e-12 -2.4929e-13 -1.8934e-12 1.83e-12 -1.3499e-13 2.5241e-12 3.9862e-13 -2.3002e-12 -5.61e-13 -4.9086e-13 2.703e-12 1.1091e-13 -1.3913e-13 2.3911e-13 8.9945e-13 2.8038e-13 2.088e-13 -8.057e-13 -1.3755e-13 4.7954e-13 1.5278e-12 -6.2443e-13 -1.1249e-12 7.1748e-13 1.1826e-12 1.1406e-15 -2.2721e-12 1.9896e-13 6.1836e-13 -2.4697e-13 2.5409e-13 -8.8829e-13 4.3092e-12 5.5159e-13 5.0521e-13 8.9282e-13 1.0012e-13 -6.0177e-14 -1.0759e-13 -1.2556e-12 8.2204e-13 -7.7085e-13 -3.4193e-13 1.1457e-13 -1.9546e-13 7.3907e-13 5.5914e-14 -4.666e-13 -2.3433e-14 1.1167e-13 1.6244e-13 3.0376e-13 -1.9528e-13 -8.3955e-15 2.0108e-13 1.6101e-13 -3.6791e-14 1.4409e-14 -8.7099e-15
3.0819e-13 1.3671e-12 6.5473e-13 -1.9248e-12 1.1029e-12 1.79e-12 4.4823e-12 1.7645e-13 1.4718e-12 1.2504e-12 6.7479e-13 -9.8647e-13 1.6137e-12 8.4405e-13 4.8375e-12 4.2049e-12 2.5519e-12 1.5093e-12 2.8588e-12 1.6162e-12 2.175e-12 3.3162e-12 -2.5838e-13 4.9003e-14 3.6385e-12 -6.3189e-14 1.3203e-13 3.0904e-13 4.5006e-13 7.6107e-14 -1.2725e-12 2.2706e-12 3.7654e-12 -8.838e-13 9.8625e-13 2.3905e-13 9.3231e-13 6.5144e-13 -5.4953e-13 3.7348e-14 2.22e-13 -3.0824e-13 -8.6234e-13 -1.7966e-12 5.5159e-13 6.0237e-12 5.8038e-13 -7.7453e-14 3.8942e-13 5.7279e-13 4.2362e-13 1.2454e-13 -8.4459e-13 -4.4711e-13 -8.7387e-13 -5.9792e-13 -1.2514e-13 1.8419e-13 -3.0059e-13 5.4041e-13 -8.0264e-14 7.1902e-13 2.7884e-13 4.4674e-13 3.3086e-13 1.4795e-13 1.1506e-13 5.4191e-14 -1.9989e-14 -4.4027e-15 1.2715e-14
-2.6212e-12 -2.0846e-12 1.2859e-12 -7.8611e-13 3.4968e-12 2.931e-12 1.0195e-13 9.7491e-13 2.3335e-12 1.8997e-12 7.1772e-12 3.7578e-12 9.4419e-13 4.2498e-12 1.3038e-12 2.4055e-12 -1.4101e-13 1.2331e-12 2.7921e-12 -1.4482e-12 5.4858e-13 1.5325e-13 5.7265e-13 1.0892e-12 -2.3153e-13 3.7427e-13 2.4125e-14 1.8032e-12 1.8992e-12 1.7029e-12 1.4288e-12 2.3744e-13 5.7257e-13 -5.3937e-13 -8.1187e-13 -1.0565e-12 5.2275e-13 8.6174e-13 1.4578e-12 5.6597e-13 8.2922e-13 -1.2031e-12 1.095e-12 -2.709e-13 5.0521e-13 5.8038e-13 5.7896e-12 1.5417e-13 -7.7914e-13 7.5219e-13 4.0237e-13 -9.1361e-14 -1.0745e-12 4.2803e-13 -4.7439e-13 1.8088e-13 -7.5463e-13 7.665e-13 -3.8067e-13 -3.8698e-13 3.0433e-13 -1.889e-13 2.914e-13 -1.3429e-14 1.6385e-13 -1.0672e-13 7.0761e-14 7.7716e-14 -5.8884e-16 9.5815e-15 -3.4636e-15
3.6928e-12 1.8927e-12 1.0379e-12 6.2296e-13 2.2609e-13 2.694e-12 3.8143e-13 -7.0207e-13 1.8754e-12 -2.9721e-13 4.9236e-13 8.3818e-13 3.6873e-12 -3.5762e-13 1.6096e-12 6.0089e-14 5.6502e-13 2.4668e-12 1.644e-12 1.3781e-12 2.7197e-13 5.2681e-13 1.1404e-12 3.5818e-13 2.1397e-12 1.8965e-12 2.8019e-13 4.7748e-13 1.7169e-12 6.7447e-14 1.0741e-13 -9.0172e-14 6.8104e-13 1.2389e-12 -7.4752e-13 -6.01e-14 8.8177e-13 3.5599e-13 -4.979e-13 2.2656e-12 1.5051e-12 3.1902e-13 1.3497e-12 -2.908e-13 8.9282e-13 -7.7453e-14 1.5417e-13 4.1989e-12 -1.0001e-13 7.1001e-13 1.0192e-12 -4.5808e-15 1.0373e-12 -6.8468e-13 -1.8532e-13 2.7192e-13 -3.2578e-13 -1.4152e-13 6.6087e-13 3.0386e-13 6.4205e-13 -1.0493e-14 -2.0912e-13 6.1265e-13 -7.6717e-16 1.0086e-13 1.2685e-13 5.7314e-14 2.8336e-14 1.4441e-14 -4.0425e-15
4.0771e-12 1.4453e-12 -8.5151e-13 1.8913e-12 -1.7404e-13 -1.9054e-13 -2.5413e-12 -1.5956e-13 -1.0499e-12 1.5663e-12 -1.3942e-12 -2.4123e-12 -3.1296e-14 -3.2269e-12 -2.0178e-13 5.3183e-13 9.778e-14 -5.8824e-13 -1.3049e-12 -1.9803e-12 -6.2676e-13 -4.2298e-13 2.4718e-14 1.6684e-12 -5.4082e-13 -7.5474e-13 -1.3959e-12 1.4304e-12 -5.877e-13 2.0001e-13 -2.3212e-13 -7.2904e-13 9.2554e-13 -1.3346e-13 -2.1431e-12 -8.3108e-13 -8.6787e-13 6.0475e-13 -8.326e-13 9.9812e-14 4.3743e-15 -8.6927e-14 1.1537e-12 -2.3864e-13 1.0012e-13 3.8942e-13 -7.7914e-13 -1.0001e-13 3.0079e-12 -5.2323e-13 -3.9189e-14 6.7857e-13 -1.463e-13 9.7107e-13 1.04e-13 3.0198e-13 -1.3085e-13 -1.881e-14 4.2915e-13 3.662e-13 1.4851e-13 2.4066e-13 -3.431e-13 1.3269e-13 1.1331e-13 6.0363e-14 2.4267e-14 2.8473e-14 -9.9125e-16 1.7935e-14 2.3788e-15
1.326e-12 1.2171e-12 3.0086e-12 3.4282e-12 6.8047e-13 2.4669e-12 2.3897e-12 3.4954e-13 1.8948e-12 -1.5382e-12 4.7909e-12 2.9871e-12 3.1316e-12 2.7524e-13 2.4004e-12 -7.5151e-13 -3.1139e-13 2.1736e-12 1.5825e-12 2.6421e-12 3.5383e-12 1.7466e-12 1.4743e-12 1.0449e-13 2.3468e-12 -1.893e-13 1.4904e-12 1.0298e-12 1.0161e-12 1.9039e-12 -5.2144e-13 6.4607e-13 7.0735e-13 7.9018e-13 7.7963e-13 4.2518e-13 1.441e-12 4.2013e-13 -8.3461e-14 1.4484e-12 1.1159e-12 -5.0737e-13 -4.2544e-13 -2.5687e-13 -6.0177e-14 5.7279e-13 7.5219e-13 7.1001e-13 -5.2323e-13 3.375e-12 -1.4292e-13 -6.3746e-13 -4.5407e-13 -1.057e-12 2.3424e-13 -4.6454e-13 -9.7967e-14 2.8048e-14 1.6609e-13 1.8267e-13 -6.6755e-13 -2.8618e-13 7.2461e-15 2.8173e-13 2.3162e-13 6.9422e-14 -1.3867e-13 -1.0339e-13 1.455e-16 -2.3808e-15 -5.266e-15
