1.6599e-10 1.3714e-10 1.306e-10 1.0952e-10 1.2324e-10 1.1619e-10 1.4217e-10 9.9786e-11 1.2955e-10 9.1451e-11 1.2955e-10 1.027e-10 1.0753e-10 9.37e-11 9.767e-11 9.0087e-11 8.5855e-11 1.0375e-10 7.6189e-11 8.8772e-11 6.901e-11 8.1766e-11 6.3806e-11 6.3962e-11 6.7658e-11 4.6166e-11 6.2369e-11 6.7007e-11 6.326e-11 4.7319e-11 4.5329e-11 2.893e-11 4.6157e-11 4.9422e-11 3.2452e-11 2.5561e-11 2.8306e-11 3.8266e-11 4.6973e-12 2.6512e-11 1.1429e-11 3.5358e-12 -3.8645e-12 1.481e-11 1.1885e-11 1.8005e-11 -3.6131e-12 -1.6773e-12 -5.0088e-12 1.408e-12 1.1368e-12 -8.7577e-12 4.2129e-12 6.4503e-13 5.6008e-13 -1.0555e-11 1.7479e-12 -1.299e-11 9.4576e-13 2.3198e-12 -2.1973e-11 -1.302e-11 -1.0461e-12 -9.3586e-12 -1.16e-11 -4.3158e-12 -9.1759e-12 -2.6186e-12 1.4362e-12 -3.181e-12 -1.4132e-12 -6.4089e-12 7.1946e-12 6.8414e-12 -2.7071e-12 -2.1477e-12 1.155e-12 4.3885e-12 3.747e-12 1.9063e-12 9.6659e-13 5.7214e-12 -1.1391e-12 1.2049e-12 -1.0503e-12 -5.1976e-12 -4.6372e-12 1.1344e-13 -2.1385e-12 4.5982e-12 -3.5552e-13 1.9273e-12 2.0682e-12 -3.3769e-12 8.3245e-12 2.5062e-13 4.198e-12 1.7387e-12 -9.0849e-14 -1.5065e-12 8.6501e-13 -6.2414e-13 1.6386e-13 -5.6491e-13 7.5145e-13 2.156e-14 1.8347e-13 9.5527e-14 6.1021e-14 2.7768e-13
1.3714e-10 1.4927e-10 1.2448e-10 9.7241e-11 1.1054e-10 9.8034e-11 1.3109e-10 9.2184e-11 1.2349e-10 8.3505e-11 1.1604e-10 9.5704e-11 9.4131e-11 8.4678e-11 8.6348e-11 8.9199e-11 7.7862e-11 1.0057e-10 7.2348e-11 7.3842e-11 6.4504e-11 7.1495e-11 5.7579e-11 6.1133e-11 6.6615e-11 4.5055e-11 5.7658e-11 6.2773e-11 6.281e-11 4.1513e-11 3.9459e-11 2.4475e-11 3.837e-11 3.9902e-11 3.5715e-11 2.2866e-11 2.3086e-11 3.1561e-11 2.3667e-12 2.2496e-11 1.5104e-11 3.9086e-12 -6.6409e-12 9.5902e-12 9.2018e-12 2.5061e-11 -6.4428e-12 -1.9444e-12 -5.3883e-12 6.4545e-12 -1.0366e-12 -9.714e-12 6.5065e-12 -1.6128e-13 4.7071e-12 -6.7342e-12 2.2821e-12 -1.0608e-11 -5.3383e-13 1.4351e-12 -1.8785e-11 -1.316e-11 -2.9111e-12 -9.0385e-12 -7.7651e-12 -7.4587e-12 -1.125e-11 -3.0223e-13 4.5955e-12 -2.5683e-12 1.0786e-12 -4.5678e-12 9.4408e-12 1.0367e-11 -4.8292e-12 7.6668e-13 1.0383e-12 3.3924e-12 5.8638e-12 1.9216e-12 2.0515e-12 1.8864e-12 3.1473e-12 1.617e-12 -1.0287e-12 -7.0763e-12 -5.5277e-12 9.0499e-13 -3.5992e-12 2.2706e-12 8.6373e-14 3.211e-12 2.1607e-12 -2.8291e-12 6.2955e-12 1.3376e-12 3.3272e-12 1.6684e-12 1.5332e-12 -1.1775e-12 1.2319e-12 -1.2688e-12 7.6378e-13 -5.1816e-13 4.3915e-13 6.9646e-15 2.1545e-13 1.3651e-13 1.4889e-13 3.0639e-13
1.306e-10 1.2448e-10 1.3309e-10 9.2667e-11 9.8912e-11 9.1782e-11 1.2624e-10 8.6918e-11 1.1649e-10 7.3459e-11 1.0947e-10 9.1752e-11 9.4295e-11 8.2997e-11 7.7762e-11 8.4882e-11 7.4068e-11 9.5131e-11 7.0007e-11 7.024e-11 5.9654e-11 6.9514e-11 5.4242e-11 6.096e-11 6.4191e-11 4.0547e-11 5.5337e-11 5.5417e-11 5.5333e-11 4.1707e-11 3.9949e-11 2.7954e-11 4.0852e-11 4.7015e-11 3.3279e-11 2.8133e-11 2.1365e-11 2.9714e-11 -3.8612e-13 2.3179e-11 1.1687e-11 4.7666e-12 -7.6675e-12 1.1524e-11 8.7997e-12 2.1402e-11 -8.3888e-12 -3.6236e-12 -1.9515e-12 6.0649e-12 -2.4219e-12 -2.85e-12 9.407e-12 4.4435e-13 8.5852e-13 -4.1846e-12 1.525e-12 -1.0396e-11 5.2195e-12 2.7796e-12 -1.8108e-11 -1.0815e-11 6.6415e-13 -5.1572e-12 -7.7325e-12 -6.3627e-12 -9.7711e-12 -3.0625e-12 2.1703e-12 -5.3233e-12 -5.4924e-13 -4.3461e-12 9.4346e-12 7.2795e-12 8.9503e-13 -1.8462e-12 3.3422e-12 2.8782e-12 2.7597e-12 -3.8318e-13 2.8621e-12 1.856e-12 -2.7137e-12 -1.0278e-12 -8.3961e-13 -7.3483e-12 -6.3457e-12 2.7781e-13 3.5754e-13 2.328e-12 -7.128e-13 2.1006e-12 1.8436e-12 -2.8551e-12 5.3021e-12 1.8842e-12 3.9453e-12 4.0341e-13 -4.2354e-13 -1.4726e-12 4.3392e-13 -6.9731e-13 2.606e-13 -5.348e-14 4.2123e-13 -9.0031e-14 2.9181e-13 6.5265e-14 9.8685e-14 1.7718e-13
1.0952e-10 9.7241e-11 9.2667e-11 8.6693e-11 8.1611e-11 7.6634e-11 9.7842e-11 7.2845e-11 9.1902e-11 6.1694e-11 8.9854e-11 6.6188e-11 7.4965e-11 7.0793e-11 7.1441e-11 6.0927e-11 5.7839e-11 7.3967e-11 5.0958e-11 5.8991e-11 4.9815e-11 5.4921e-11 4.6341e-11 4.5608e-11 4.8219e-11 3.1318e-11 4.592e-11 4.5638e-11 4.1753e-11 3.3565e-11 3.1576e-11 1.6648e-11 3.3161e-11 3.0603e-11 2.3879e-11 1.7084e-11 1.6258e-11 2.6147e-11 3.0993e-12 1.9024e-11 8.079e-12 2.8315e-12 -1.0014e-12 3.3462e-12 1.0145e-11 1.6202e-11 -4.6456e-12 -1.6335e-12 -4.6266e-12 2.192e-12 -7.8911e-13 -8.632e-12 6.0969e-12 3.3997e-12 -2.2003e-12 -6.006e-12 3.973e-13 -5.3626e-12 -1.5213e-12 3.3072e-12 -1.8702e-11 -1.0633e-11 -1.1349e-12 -7.6083e-12 -8.9208e-12 -5.5102e-12 -4.6951e-12 -1.3516e-12 3.5147e-12 -1.6741e-12 -2.4583e-12 -2.8679e-12 4.8214e-12 3.3195e-12 -2.3019e-12 5.2278e-13 2.357e-12 3.6004e-12 3.768e-12 -7.2547e-14 -2.2207e-12 3.0208e-12 -2.381e-12 -1.4022e-12 1.0403e-13 -5.353e-12 -5.2263e-12 -2.2859e-13 -1.7719e-12 3.4343e-12 -6.2442e-13 1.5283e-12 -3.6669e-13 -1.8068e-12 4.8622e-12 1.5377e-12 3.6638e-12 8.9157e-13 -1.9358e-13 -4.968e-13 5.5344e-13 -4.5297e-13 3.164e-13 -3.1422e-13 3.3423e-13 -6.1497e-15 1.6784e-13 1.689e-14 3.6658e-14 1.8705e-13
1.2324e-10 1.1054e-10 9.8912e-11 8.1611e-11 1.1097e-10 8.5613e-11 1.0784e-10 8.1302e-11 1.0438e-10 7.1359e-11 1.0173e-10 7.6185e-11 8.2235e-11 7.2964e-11 7.8536e-11 7.0844e-11 6.8234e-11 7.7761e-11 5.9728e-11 6.8752e-11 5.4736e-11 6.0807e-11 5.4562e-11 5.4063e-11 5.4386e-11 3.841e-11 4.8183e-11 5.2245e-11 4.9608e-11 3.5073e-11 4.0293e-11 1.6302e-11 3.4556e-11 3.7361e-11 2.5036e-11 2.2297e-11 2.3628e-11 2.9936e-11 -2.7956e-12 1.7942e-11 1.2582e-11 6.9382e-12 -2.6957e-12 8.1259e-12 8.6145e-12 1.8615e-11 -1.7076e-12 -1.4464e-12 1.7518e-12 1.1022e-12 2.757e-12 -3.6434e-12 8.1234e-12 -2.4452e-14 5.9819e-12 -1.0171e-11 2.7553e-12 -1.134e-11 3.4787e-12 5.8957e-13 -1.7781e-11 -7.9669e-12 -1.0674e-12 -5.0695e-12 -8.3962e-12 -1.5978e-12 -9.5156e-12 -3.146e-12 3.4554e-12 -1.417e-12 1.2997e-12 -2.3018e-12 7.3297e-12 8.4489e-12 -3.6721e-12 -3.1242e-13 2.2674e-12 2.5586e-12 5.0704e-12 2.6925e-12 2.309e-12 4.8347e-12 2.2594e-12 6.6846e-13 -3.5422e-12 -3.8515e-12 -3.2648e-12 8.3437e-13 -3.2477e-12 1.8921e-12 4.4206e-13 2.55e-12 7.369e-13 -3.952e-12 6.2276e-12 8.9071e-13 2.2233e-12 2.2348e-12 -9.546e-16 -6.9187e-13 3.662e-13 -8.0139e-13 3.9301e-13 -4.5023e-13 6.1112e-13 1.7212e-13 5.2828e-14 5.2697e-14 5.0551e-14 2.1605e-13
1.1619e-10 9.8034e-11 9.1782e-11 7.6634e-11 8.5613e-11 9.8699e-11 1.0531e-10 6.9966e-11 9.1339e-11 6.5466e-11 9.5575e-11 7.6446e-11 7.3389e-11 6.548e-11 7.5178e-11 7.0049e-11 6.2676e-11 7.423e-11 5.7162e-11 6.2469e-11 4.7815e-11 5.8117e-11 4.6705e-11 5.2653e-11 4.9719e-11 3.5773e-11 4.2727e-11 4.523e-11 4.7093e-11 3.5981e-11 3.3854e-11 1.7728e-11 3.3123e-11 3.3136e-11 2.6326e-11 1.3701e-11 1.7701e-11 2.8806e-11 1.0777e-11 1.9534e-11 8.6363e-12 -2.7849e-12 -2.2138e-12 9.7002e-12 8.5885e-12 1.0446e-11 -4.678e-12 4.6362e-13 -9.322e-13 2.7765e-12 -1.8197e-12 -9.0219e-12 1.4325e-12 4.3793e-13 9.5236e-13 -5.5917e-12 1.9577e-12 -1.0829e-11 1.3173e-12 2.746e-12 -1.5837e-11 -6.0855e-12 3.0742e-12 -5.7371e-12 -6.2491e-12 -1.4845e-12 -7.453e-12 -8.7745e-13 -1.9515e-12 -3.8575e-12 3.0692e-12 -7.3523e-12 7.4371e-12 7.4756e-12 1.9431e-12 -3.1127e-12 -5.833e-13 3.6688e-12 2.2902e-12 9.9706e-13 2.2451e-13 1.8959e-12 -2.3298e-13 2.1312e-12 -5.6303e-13 -3.8154e-12 -1.1944e-12 -4.0846e-13 -2.9243e-12 3.3643e-12 -8.5727e-13 1.0141e-12 1.2337e-12 -1.944e-12 4.9566e-12 -3.3679e-13 3.8262e-12 2.445e-12 -4.297e-13 -2.1997e-13 5.4851e-13 -3.1552e-13 1.5278e-13 -5.5426e-13 5.6538e-13 4.3053e-14 8.3774e-14 8.9058e-14 3.2349e-14 2.6725e-13
1.4217e-10 1.3109e-10 1.2624e-10 9.7842e-11 1.0784e-10 1.0531e-10 1.5004e-10 9.1759e-11 1.2807e-10 8.2376e-11 1.2385e-10 9.8488e-11 1.0278e-10 8.6501e-11 8.5694e-11 8.8051e-11 7.8859e-11 1.0204e-10 7.0676e-11 7.7819e-11 5.8705e-11 8.2582e-11 6.0716e-11 6.1123e-11 6.3081e-11 4.6988e-11 5.7266e-11 6.4232e-11 5.8195e-11 4.1973e-11 4.5236e-11 2.9221e-11 3.9365e-11 4.1052e-11 3.6224e-11 2.7724e-11 2.5705e-11 3.6994e-11 9.6716e-12 2.4921e-11 8.1144e-12 7.7686e-12 -4.4458e-12 1.2478e-11 1.0781e-11 1.9764e-11 -6.4367e-12 3.0472e-12 1.9406e-13 3.9834e-12 -3.2712e-12 -7.1352e-12 4.0342e-12 -1.7082e-12 2.1857e-12 -4.3128e-12 4.2365e-12 -1.1573e-11 -8.3142e-13 2.3673e-12 -2.1573e-11 -1.1193e-11 -2.2524e-12 -6.7217e-12 -9.782e-12 -7.0193e-12 -1.2253e-11 -2.4209e-13 2.7015e-12 -3.9641e-12 -1.1032e-12 -5.8402e-12 9.4661e-12 7.8149e-12 -1.476e-12 -1.7535e-12 2.4919e-12 2.3139e-12 4.4555e-12 1.9135e-12 1.6484e-12 2.27e-12 -1.0248e-12 3.2078e-13 -3.8649e-13 -5.7132e-12 -3.7859e-12 1.898e-12 -2.3622e-12 8.949e-13 -1.2166e-12 4.7967e-14 1.7458e-12 -3.8093e-12 7.5987e-12 -2.723e-13 3.9122e-12 1.8894e-12 -1.6966e-15 -1.1143e-12 4.9719e-13 -4.6187e-13 3.7614e-13 -4.3998e-13 6.071e-13 1.4594e-13 3.0295e-13 9.0837e-14 7.4949e-14 2.2965e-13
9.9786e-11 9.2184e-11 8.6918e-11 7.2845e-11 8.1302e-11 6.9966e-11 9.1759e-11 8.5115e-11 8.8358e-11 6.0183e-11 8.5733e-11 6.1689e-11 6.9931e-11 6.7043e-11 6.7835e-11 6.0063e-11 5.8042e-11 7.3006e-11 4.4196e-11 5.8522e-11 4.5488e-11 5.0553e-11 4.4404e-11 4.3342e-11 3.9351e-11 2.7382e-11 4.4493e-11 4.4637e-11 4.2496e-11 3.0954e-11 2.6504e-11 1.7528e-11 3.084e-11 2.3542e-11 2.219e-11 1.8433e-11 1.8105e-11 2.0217e-11 -2.5713e-12 1.0391e-11 8.7532e-12 8.7004e-12 -5.3678e-12 6.5016e-12 4.7503e-12 1.6204e-11 -5.2483e-12 2.9897e-12 -4.8372e-12 3.8024e-12 -1.1979e-12 -5.87e-12 4.4611e-12 2.8078e-12 4.1307e-12 -5.5752e-12 9.5006e-13 -9.256e-12 4.8964e-12 -9.5853e-14 -1.5529e-11 -1.0545e-11 -4.8524e-13 -4.722e-12 -9.0253e-12 -5.7334e-12 -7.6145e-12 -9.5348e-13 1.995e-12 -2.0682e-12 -1.2462e-12 -5.5535e-13 2.2738e-12 3.5467e-12 -3.1737e-12 -4.2146e-13 2.4102e-12 4.6095e-12 3.4466e-12 7.7273e-13 -7.4086e-13 2.2157e-12 -6.4469e-13 1.1467e-12 -2.4015e-12 -3.085e-12 -3.2949e-12 5.3746e-13 -3.699e-12 2.145e-12 1.4268e-13 1.0158e-12 -9.3906e-13 -2.6392e-12 4.594e-12 -2.6525e-13 1.7231e-12 3.7522e-13 -1.4165e-13 -8.2392e-13 -1.7143e-13 -8.69e-13 4.9492e-13 -1.5598e-13 4.6783e-13 1.6641e-13 1.928e-13 1.0519e-14 6.2892e-14 2.3663e-13
1.2955e-10 1.2349e-10 1.1649e-10 9.1902e-11 1.0438e-10 9.1339e-11 1.2807e-10 8.8358e-11 1.2947e-10 7.5448e-11 1.122e-10 8.6985e-11 9.1459e-11 8.2401e-11 8.2009e-11 8.1107e-11 7.3159e-11 9.3018e-11 6.3322e-11 7.2791e-11 5.5319e-11 6.94e-11 5.5115e-11 5.7322e-11 5.7717e-11 4.3925e-11 5.0936e-11 5.4485e-11 5.3856e-11 3.9226e-11 4.3482e-11 2.6116e-11 3.6936e-11 3.5298e-11 3.1247e-11 2.4217e-11 2.5492e-11 3.2852e-11 1.8356e-12 2.0769e-11 8.863e-12 8.2984e-12 -3.596e-12 8.2462e-12 7.3214e-12 1.6567e-11 -7.7821e-12 8.1318e-13 6.4923e-13 3.1979e-12 -2.0212e-12 -4.1235e-12 6.803e-12 3.9478e-13 4.8374e-12 -6.9473e-12 2.4712e-12 -8.3731e-12 -8.7934e-13 6.6937e-12 -2.1189e-11 -9.9215e-12 -2.257e-12 -8.1667e-12 -8.8849e-12 -6.3422e-12 -8.564e-12 -1.1588e-12 4.0082e-12 -4.2998e-12 -4.2648e-12 -4.5195e-12 8.76e-12 9.5322e-12 -4.2529e-12 -4.556e-13 2.0397e-12 1.3615e-12 5.7423e-12 2.5736e-12 2.4053e-12 4.3119e-13 2.5336e-13 7.0337e-13 6.9883e-13 -6.7613e-12 -3.69e-12 2.2281e-12 -3.1088e-12 3.7763e-13 -9.6048e-13 -2.3646e-14 1.8823e-12 -1.7259e-12 6.138e-12 6.844e-13 1.6257e-12 2.3918e-12 7.5702e-13 -6.7405e-13 4.1302e-13 -9.0813e-13 5.6617e-13 -5.2849e-13 4.2727e-13 1.3395e-13 2.3884e-13 1.4943e-13 9.3038e-14 2.4281e-13
9.1451e-11 8.3505e-11 7.3459e-11 6.1694e-11 7.1359e-11 6.5466e-11 8.2376e-11 6.0183e-11 7.5448e-11 6.0087e-11 7.5406e-11 5.9255e-11 6.2203e-11 5.3622e-11 5.8749e-11 5.3384e-11 4.9856e-11 5.9009e-11 4.3217e-11 5.401e-11 3.8991e-11 4.6628e-11 3.5415e-11 3.7838e-11 3.8716e-11 2.623e-11 3.8291e-11 3.9714e-11 3.7143e-11 2.7652e-11 2.8883e-11 1.3592e-11 2.8417e-11 2.8857e-11 1.9975e-11 1.7083e-11 1.8523e-11 2.3099e-11 2.5378e-12 1.1912e-11 5.0195e-12 4.362e-12 -1.88e-12 5.6219e-12 4.8738e-12 1.1904e-11 -3.2822e-12 1.4156e-12 -2.2438e-12 2.5778e-12 -3.142e-12 -3.0927e-12 3.9812e-13 1.8074e-13 2.577e-12 -3.3507e-12 1.2824e-12 -6.1642e-12 1.2579e-12 -1.5814e-12 -1.4457e-11 -7.6251e-12 -2.0492e-12 -4.0289e-12 -5.6584e-12 -3.4684e-12 -9.389e-12 7.193e-13 2.3514e-12 -2.7786e-12 -5.6245e-13 -3.2004e-12 4.2951e-12 4.6754e-12 -3.698e-12 -1.3837e-13 1.1614e-12 1.0268e-12 2.6631e-12 8.9442e-13 2.6278e-13 1.4776e-12 1.054e-12 1.2771e-12 -1.4053e-12 -2.6091e-12 -3.1638e-12 -9.5443e-14 -1.5978e-12 2.5886e-12 -2.31e-13 1.7477e-13 -3.1284e-13 -3.2048e-12 3.9171e-12 -9.8189e-14 2.3277e-12 1.1763e-12 2.7285e-13 -8.8497e-13 1.9574e-13 -3.6124e-13 2.9549e-13 -2.4109e-13 3.3981e-13 1.4939e-13 1.2866e-13 6.815e-14 5.548e-14 1.9437e-13
1.2955e-10 1.1604e-10 1.0947e-10 8.9854e-11 1.0173e-10 9.5575e-11 1.2385e-10 8.5733e-11 1.122e-10 7.5406e-11 1.2793e-10 8.9621e-11 9.0984e-11 7.6945e-11 7.8512e-11 8.1168e-11 7.408e-11 8.5945e-11 6.1565e-11 7.1479e-11 5.3037e-11 6.5206e-11 5.755e-11 5.1789e-11 5.979e-11 3.8993e-11 4.4649e-11 5.6126e-11 5.6709e-11 4.1208e-11 3.8336e-11 2.3554e-11 3.2236e-11 3.9931e-11 2.864e-11 2.4931e-11 3.0533e-11 3.4088e-11 8.0721e-12 1.7176e-11 9.2318e-12 3.7116e-12 -6.8913e-12 8.3344e-12 1.24e-11 2.182e-11 -2.5215e-12 3.6016e-12 -5.8559e-12 2.6889e-12 -3.7825e-12 -5.454e-12 5.4543e-12 4.0257e-12 5.1897e-12 -4.2122e-12 3.2446e-12 -1.1185e-11 3.4162e-12 4.642e-12 -2.0003e-11 -9.1989e-12 1.4216e-12 -4.5317e-12 -6.9108e-12 -6.396e-12 -9.886e-12 -2.4499e-12 1.6446e-12 -2.9529e-12 -2.7465e-12 -5.2083e-12 6.6439e-12 5.5541e-12 -4.8628e-12 4.9958e-13 2.1972e-12 2.5315e-12 5.5115e-12 2.6381e-12 2.1324e-12 5.2509e-12 7.562e-13 2.0212e-12 -3.333e-13 -5.7757e-12 -4.9813e-12 5.1239e-13 -3.6492e-12 3.0995e-12 -1.7566e-12 6.5731e-13 7.4483e-13 -3.9839e-12 6.6171e-12 -2.5853e-13 3.4043e-12 2.121e-12 -7.7885e-13 -8.5358e-13 7.6718e-13 -7.6975e-13 7.3539e-13 -3.2872e-13 5.6665e-13 1.3963e-13 2.0072e-13 8.0342e-14 9.8548e-14 2.1393e-13
1.027e-10 9.5704e-11 9.1752e-11 6.6188e-11 7.6185e-11 7.6446e-11 9.8488e-11 6.1689e-11 8.6985e-11 5.9255e-11 8.9621e-11 8.7913e-11 7.379e-11 5.3689e-11 6.0189e-11 6.9858e-11 5.5978e-11 6.7988e-11 5.1606e-11 5.3703e-11 4.664e-11 5.7334e-11 4.1038e-11 4.1299e-11 4.9782e-11 3.2412e-11 3.9947e-11 4.8572e-11 4.7372e-11 3.1459e-11 3.2873e-11 2.2695e-11 3.0006e-11 3.239e-11 2.6191e-11 1.9985e-11 1.9472e-11 2.5608e-11 7.0134e-12 2.1007e-11 1.0617e-11 8.1006e-13 -7.4547e-12 9.803e-12 2.7399e-12 1.6634e-11 -2.4781e-12 2.8685e-12 -1.4672e-12 3.2166e-12 -4.1956e-12 -4.89e-12 2.8879e-12 1.9211e-12 5.6307e-12 -2.4375e-12 3.3457e-12 -7.1692e-12 3.0874e-12 1.021e-12 -1.4964e-11 -1.081e-11 1.5934e-13 -5.0099e-12 -5.2893e-12 -5.0304e-12 -1.1287e-11 -1.6375e-12 -5.2132e-14 -4.2279e-12 8.2383e-13 -3.7909e-12 6.6212e-12 5.1622e-12 -1.7049e-12 -2.0507e-12 3.723e-13 -1.475e-12 2.5078e-12 1.3411e-12 1.2268e-12 4.9672e-12 1.9176e-12 5.0807e-13 -9.5047e-13 -2.4829e-12 -2.2454e-12 6.1892e-13 -1.0342e-12 2.3472e-12 -9.2322e-13 8.587e-13 1.2348e-12 -1.125e-12 4.194e-12 1.4712e-12 3.2931e-12 1.4303e-12 -8.3931e-14 -1.051e-12 1.0235e-12 -4.5907e-13 9.7419e-14 -3.5397e-13 4.5461e-13 5.1141e-14 1.3369e-13 7.6956e-14 1.1431e-13 1.141e-13
1.0753e-10 9.4131e-11 9.4295e-11 7.4965e-11 8.2235e-11 7.3389e-11 1.0278e-10 6.9931e-11 9.1459e-11 6.2203e-11 9.0984e-11 7.379e-11 9.3048e-11 6.4886e-11 6.3653e-11 6.08e-11 6.3771e-11 7.932e-11 5.5e-11 5.7838e-11 4.5817e-11 5.8538e-11 4.6537e-11 4.3589e-11 4.7971e-11 3.1756e-11 4.2853e-11 5.0586e-11 4.3237e-11 3.2369e-11 3.2715e-11 2.2343e-11 3.4068e-11 3.4982e-11 2.7878e-11 2.059e-11 2.2012e-11 2.5215e-11 5.5109e-13 2.1853e-11 9.1662e-12 7.2984e-12 -2.844e-12 7.7338e-12 6.3138e-12 1.4501e-11 -4.4953e-12 1.4384e-12 1.2446e-12 -2.9366e-13 -4.6789e-12 -3.5684e-12 5.1412e-12 3.1007e-12 2.0339e-12 -6.8118e-13 2.1136e-12 -9.9359e-12 2.7505e-12 3.1777e-12 -1.7019e-11 -8.5651e-12 -6.242e-13 -2.1817e-12 -8.9148e-12 -4.3817e-12 -1.0926e-11 -2.1771e-12 2.0783e-12 -4.6453e-12 -2.3794e-12 -3.5887e-12 5.2763e-12 6.2823e-12 -1.5875e-14 -1.6022e-12 3.4079e-12 8.5836e-14 4.3686e-12 1.3558e-12 -5.4532e-13 4.4689e-12 -2.1214e-12 2.9072e-13 -2.362e-12 -2.6951e-12 -4.5315e-12 8.5258e-13 -2.6239e-13 1.1075e-12 -2.6823e-12 1.2292e-12 -4.2225e-13 -3.1827e-12 3.9298e-12 1.2719e-13 1.3075e-12 3.7105e-13 -6.9702e-13 -9.5673e-13 2.463e-13 -4.0726e-13 1.6183e-13 2.441e-14 5.0324e-13 1.0434e-13 1.3504e-13 -1.9594e-14 7.1564e-14 1.4238e-13
9.37e-11 8.4678e-11 8.2997e-11 7.0793e-11 7.2964e-11 6.548e-11 8.6501e-11 6.7043e-11 8.2401e-11 5.3622e-11 7.6945e-11 5.3689e-11 6.4886e-11 7.4382e-11 6.3526e-11 5.4855e-11 5.4955e-11 6.6604e-11 4.4397e-11 5.1532e-11 4.4636e-11 4.7497e-11 3.9852e-11 4.5231e-11 3.8321e-11 2.8551e-11 3.9057e-11 4.3008e-11 3.5242e-11 2.8625e-11 2.5478e-11 1.242e-11 2.8077e-11 2.3923e-11 1.9025e-11 1.6442e-11 1.3601e-11 2.2546e-11 4.7983e-12 1.8025e-11 4.2513e-12 1.2019e-12 -1.7649e-12 3.8327e-12 1.0811e-11 1.2307e-11 -2.9484e-12 -2.1019e-12 -3.024e-12 5.3839e-12 7.7775e-13 -6.5957e-12 7.6196e-12 5.5586e-12 -2.905e-12 -4.871e-12 -6.9417e-13 -8.3243e-12 6.3241e-13 4.2507e-13 -1.5076e-11 -3.0963e-12 -5.0223e-13 -4.0615e-12 -6.937e-12 -3.8086e-12 -5.8012e-12 -9.6081e-13 3.127e-12 -2.2896e-12 -3.878e-12 -7.438e-13 6.0249e-12 3.1713e-12 -3.1951e-13 1.4348e-12 9.71e-13 4.4589e-12 4.4043e-12 1.5833e-12 -1.4662e-12 1.7948e-12 -1.1329e-12 -1.753e-12 3.2706e-13 -5.1934e-12 -2.7035e-12 -4.102e-13 -1.0842e-13 1.3199e-12 -1.6677e-13 7.9324e-13 1.0686e-12 -3.5269e-12 3.0951e-12 5.6925e-13 3.5074e-12 5.3181e-13 -3.649e-13 -1.3872e-13 -1.2655e-13 -2.1909e-13 5.6642e-13 -5.149e-14 3.5168e-13 3.117e-14 8.1204e-14 5.745e-14 1.38e-14 1.204e-13
9.767e-11 8.6348e-11 7.7762e-11 7.1441e-11 7.8536e-11 7.5178e-11 8.5694e-11 6.7835e-11 8.2009e-11 5.8749e-11 7.8512e-11 6.0189e-11 6.3653e-11 6.3526e-11 7.8079e-11 5.7423e-11 4.9565e-11 6.7835e-11 3.9542e-11 5.7801e-11 4.8063e-11 4.8141e-11 4.3423e-11 4.4636e-11 3.9239e-11 3.0326e-11 4.2094e-11 4.1541e-11 3.8055e-11 2.9655e-11 3.1348e-11 1.2645e-11 2.8059e-11 2.0935e-11 2.1777e-11 1.6368e-11 1.3336e-11 2.3088e-11 6.097e-12 1.3975e-11 4.3332e-12 -8.4568e-14 2.0524e-12 5.22e-12 3.8124e-12 1.3621e-11 -4.1584e-12 -8.1961e-13 -2.1545e-12 4.7064e-12 -1.6238e-12 -7.5756e-12 5.6127e-12 3.0578e-12 1.5398e-13 -7.3989e-12 1.9312e-12 -5.1309e-12 1.4736e-12 -8.2701e-13 -1.5368e-11 -4.4897e-12 -2.6111e-12 -7.4097e-12 -6.0582e-12 -2.9294e-12 -6.5843e-12 -2.2464e-12 -2.4774e-13 -3.6923e-12 6.4167e-13 -3.7012e-12 7.1902e-12 5.9313e-12 6.4194e-13 -1.5584e-12 -1.7752e-13 1.458e-12 4.2289e-12 -9.2392e-14 -8.0837e-13 6.0279e-13 -6.1058e-13 -1.4633e-12 -1.6755e-12 -3.362e-12 -2.3188e-12 9.3131e-13 -2.4301e-12 1.1236e-12 7.2365e-13 6.7538e-13 -8.3415e-13 -3.2509e-12 4.4797e-12 5.5479e-13 3.7917e-12 1.5677e-12 1.747e-13 -3.353e-14 1.8162e-14 -5.8392e-13 3.7285e-13 -9.7148e-14 3.7494e-13 1.5686e-13 4.9548e-14 -1.2713e-14 1.3888e-14 1.5697e-13
9.0087e-11 8.9199e-11 8.4882e-11 6.0927e-11 7.0844e-11 7.0049e-11 8.8051e-11 6.0063e-11 8.1107e-11 5.3384e-11 8.1168e-11 6.9858e-11 6.08e-11 5.4855e-11 5.7423e-11 7.0511e-11 5.2413e-11 6.3055e-11 4.4916e-11 5.0926e-11 3.9718e-11 4.9495e-11 3.7909e-11 4.3518e-11 4.1457e-11 2.8767e-11 3.6707e-11 3.9393e-11 4.2049e-11 2.806e-11 2.8373e-11 1.6192e-11 2.7858e-11 2.6445e-11 2.6481e-11 1.8155e-11 1.398e-11 2.0011e-11 3.549e-12 1.2266e-11 8.1896e-12 2.3867e-12 -8.7999e-12 9.5499e-12 5.5607e-12 1.258e-11 -3.0653e-12 2.4254e-12 -3.7009e-12 5.7274e-12 -2.015e-12 -5.2425e-12 5.425e-12 6.7409e-13 5.6761e-12 -3.4357e-12 3.5628e-12 -8.9602e-12 4.1624e-12 3.4029e-12 -1.3298e-11 -7.9674e-12 9.5648e-14 -4.9047e-12 -4.5736e-12 -6.1804e-12 -6.4762e-12 -3.0097e-12 1.9073e-12 -3.7237e-12 9.5195e-13 -2.2049e-12 6.2074e-12 6.1282e-12 -2.9135e-12 -1.1651e-12 1.1207e-12 8.8312e-13 3.8774e-12 1.3776e-13 3.2159e-12 9.2043e-13 9.9179e-13 -3.3229e-14 4.4553e-13 -3.355e-12 -3.0042e-12 1.2281e-12 -1.9879e-12 2.1905e-12 -8.5689e-13 4.332e-13 1.4392e-12 -1.2733e-12 3.528e-12 7.0989e-13 3.8698e-12 1.1975e-12 4.304e-13 -4.8061e-13 7.6609e-13 -5.0035e-13 6.0255e-13 -3.4278e-13 3.068e-13 -4.3542e-14 2.1306e-13 5.6729e-14 1.1181e-13 1.1618e-13
8.5855e-11 7.7862e-11 7.4068e-11 5.7839e-11 6.8234e-11 6.2676e-11 7.8859e-11 5.8042e-11 7.3159e-11 4.9856e-11 7.408e-11 5.5978e-11 6.3771e-11 5.4955e-11 4.9565e-11 5.2413e-11 6.2132e-11 5.7724e-11 4.3171e-11 4.4971e-11 3.6785e-11 4.2996e-11 3.6245e-11 3.8907e-11 3.3799e-11 2.7026e-11 2.9544e-11 3.8958e-11 3.2852e-11 2.8329e-11 2.6372e-11 1.6846e-11 2.6568e-11 2.4092e-11 1.9745e-11 1.3765e-11 1.7237e-11 2.1024e-11 3.9001e-12 1.1503e-11 9.6911e-12 8.108e-12 -4.0198e-12 3.4626e-12 1.0317e-11 9.4097e-12 -3.7401e-12 8.0162e-13 -1.7821e-12 5.5723e-12 -1.8275e-12 -2.2964e-12 3.8199e-12 3.5364e-12 2.2598e-12 -6.2116e-13 -2.7615e-12 -8.3162e-12 3.3296e-12 3.6985e-12 -1.3362e-11 -5.4583e-12 2.257e-12 -3.9891e-12 -5.4326e-12 -2.9176e-12 -7.4958e-12 -2.5616e-12 1.4824e-12 -3.3199e-12 3.7174e-13 -3.7167e-12 2.3148e-12 6.2708e-12 -1.0733e-12 1.5241e-12 6.9068e-13 -2.9522e-13 3.5398e-12 2.208e-13 5.5406e-13 4.6381e-12 3.3238e-13 1.9861e-12 -1.9869e-12 -2.4263e-12 -2.4925e-13 -1.9754e-12 -1.6261e-12 1.6034e-12 -1.036e-12 -1.7852e-13 1.8462e-13 -1.6043e-12 3.0409e-12 -1.6076e-13 2.428e-12 9.9466e-13 -8.839e-13 -5.3994e-13 2.155e-13 -4.557e-13 3.275e-13 -1.4132e-13 5.279e-13 -3.0562e-14 1.4402e-13 4.292e-14 5.0556e-14 1.4985e-13
1.0375e-10 1.0057e-10 9.5131e-11 7.3967e-11 7.7761e-11 7.423e-11 1.0204e-10 7.3006e-11 9.3018e-11 5.9009e-11 8.5945e-11 6.7988e-11 7.932e-11 6.6604e-11 6.7835e-11 6.3055e-11 5.7724e-11 9.1203e-11 5.3089e-11 5.392e-11 4.4505e-11 5.7062e-11 4.3244e-11 4.5369e-11 4.4029e-11 3.1149e-11 4.4845e-11 4.7674e-11 4.1822e-11 2.9538e-11 2.4625e-11 1.9434e-11 2.7047e-11 2.5353e-11 2.9369e-11 2.0122e-11 2.0856e-11 2.215e-11 2.4557e-12 1.632e-11 1.1691e-11 4.4062e-12 -2.898e-12 1.0918e-11 2.2824e-12 1.647e-11 -6.9948e-12 1.1328e-12 -7.8119e-12 8.4665e-12 -4.9251e-12 -8.2949e-12 7.2322e-12 -1.3741e-12 2.0783e-12 -4.0572e-12 1.8915e-12 -1.0478e-11 1.9391e-12 2.7646e-12 -1.195e-11 -7.0008e-12 -2.877e-12 -6.216e-12 -6.3636e-12 -4.3467e-12 -6.1822e-12 6.6895e-13 -2.058e-12 -2.6839e-12 4.6988e-13 -4.7831e-12 6.1818e-12 6.9208e-12 8.893e-13 -2.6159e-12 4.1576e-13 2.4572e-12 4.5957e-12 3.34e-12 2.0028e-12 1.5318e-12 -3.9135e-13 4.8266e-13 -1.3156e-12 -3.7929e-12 -3.8193e-12 8.573e-13 -1.8801e-12 -9.0643e-13 -1.6349e-12 1.4163e-12 7.4669e-13 -1.2302e-12 4.5068e-12 -4.0258e-13 1.2666e-12 3.1079e-13 5.9845e-13 -1.4742e-12 4.717e-13 -1.0105e-12 2.5167e-13 -1.3115e-13 3.6452e-13 2.8274e-14 1.5694e-13 -6.2022e-16 7.4097e-14 1.5224e-13
7.6189e-11 7.2348e-11 7.0007e-11 5.0958e-11 5.9728e-11 5.7162e-11 7.0676e-11 4.4196e-11 6.3322e-11 4.3217e-11 6.1565e-11 5.1606e-11 5.5e-11 4.4397e-11 3.9542e-11 4.4916e-11 4.3171e-11 5.3089e-11 5.7396e-11 3.9428e-11 3.0281e-11 3.8938e-11 2.7871e-11 3.5293e-11 3.9483e-11 2.4785e-11 2.8693e-11 3.008e-11 3.3279e-11 2.2459e-11 2.3639e-11 1.3469e-11 1.917e-11 2.9316e-11 1.7478e-11 1.4917e-11 1.4227e-11 2.1447e-11 2.2173e-12 1.8958e-11 8.59e-12 8.9708e-13 -6.7079e-12 6.9574e-12 6.7213e-12 1.0617e-11 -4.0514e-12 1.1865e-12 1.8553e-12 3.951e-12 2.0985e-12 -3.0093e-12 3.8937e-12 -2.653e-12 7.4288e-13 -6.4555e-13 1.921e-12 -1.0803e-11 1.6791e-12 5.6875e-13 -8.1976e-12 -3.708e-12 3.3466e-12 -2.3844e-12 -2.5107e-12 3.9562e-13 -4.3594e-12 1.3577e-12 1.7676e-12 2.1976e-13 4.2709e-12 -3.6879e-12 3.8285e-12 4.2956e-12 5.6582e-13 -1.4817e-12 5.9363e-14 3.8535e-12 8.7954e-13 2.3367e-12 3.3678e-12 2.1864e-12 -6.5543e-13 7.8379e-13 -1.4355e-12 -3.9634e-12 -2.4166e-12 6.1858e-13 -1.135e-12 2.0203e-12 -3.4197e-12 2.9308e-12 1.148e-12 -1.0894e-12 2.3429e-12 1.412e-12 1.0841e-12 6.8596e-13 -2.4659e-13 -5.8737e-13 3.8353e-13 -1.7999e-13 6.6318e-14 -3.7479e-13 3.125e-13 1.7549e-15 2.4772e-14 1.2581e-13 8.6297e-14 2.0494e-13
8.8772e-11 7.3842e-11 7.024e-11 5.8991e-11 6.8752e-11 6.2469e-11 7.7819e-11 5.8522e-11 7.2791e-11 5.401e-11 7.1479e-11 5.3703e-11 5.7838e-11 5.1532e-11 5.7801e-11 5.0926e-11 4.4971e-11 5.392e-11 3.9428e-11 6.3297e-11 3.9673e-11 4.1621e-11 3.4615e-11 3.7106e-11 3.3887e-11 2.6797e-11 3.7444e-11 3.1128e-11 3.5024e-11 2.1675e-11 2.5694e-11 1.81e-11 2.9202e-11 2.6502e-11 1.8311e-11 1.3139e-11 1.553e-11 2.2062e-11 -1.4639e-12 1.1883e-11 1.7178e-12 4.8721e-12 -1.2515e-12 3.8723e-12 4.6629e-12 1.0119e-11 -5.9408e-13 9.1305e-13 -7.6401e-14 -1.2206e-12 7.0561e-13 -2.0849e-12 3.2084e-12 -2.1798e-12 2.5566e-12 -4.0712e-12 6.4059e-13 -9.8309e-12 2.0862e-12 -1.6466e-12 -1.2335e-11 -7.0391e-12 -1.1937e-13 -5.1982e-12 -5.5898e-12 -6.4753e-12 -6.8233e-12 -3.3982e-12 2.5508e-12 -1.6275e-12 -5.8392e-12 -1.9288e-12 3.9341e-12 3.1496e-12 -3.4986e-12 -1.6185e-12 -1.0483e-12 2.6591e-12 9.6455e-13 -1.6382e-13 2.0476e-12 -4.3222e-13 -5.0116e-13 -1.2975e-12 -2.9015e-13 -2.2245e-12 -3.5333e-12 2.4488e-12 -1.5312e-12 2.847e-12 -1.4757e-12 2.786e-13 4.0308e-14 -2.5159e-12 4.6666e-12 1.0405e-12 3.3521e-12 1.4287e-12 4.4873e-13 -2.4563e-13 1.7721e-13 -1.6807e-13 3.9451e-13 -1.1204e-13 3.886e-13 7.3182e-14 9.4454e-14 7.8877e-14 5.3108e-14 2.5109e-13
6.901e-11 6.4504e-11 5.9654e-11 4.9815e-11 5.4736e-11 4.7815e-11 5.8705e-11 4.5488e-11 5.5319e-11 3.8991e-11 5.3037e-11 4.664e-11 4.5817e-11 4.4636e-11 4.8063e-11 3.9718e-11 3.6785e-11 4.4505e-11 3.0281e-11 3.9673e-11 4.2202e-11 3.2247e-11 3.0592e-11 3.1171e-11 2.9793e-11 2.585e-11 2.9838e-11 3.283e-11 2.8333e-11 1.9898e-11 1.8389e-11 1.3365e-11 2.1009e-11 1.9045e-11 1.2529e-11 1.305e-11 7.2007e-12 1.4473e-11 1.8827e-12 1.6874e-11 5.2311e-12 -1.8682e-12 -1.2526e-12 5.4119e-12 4.4547e-12 1.1328e-11 1.5922e-12 -1.8321e-12 -1.9658e-12 6.3339e-13 -2.2467e-13 -6.4765e-12 5.7634e-12 1.4267e-12 1.3331e-13 -4.2115e-12 3.7555e-13 -3.5936e-12 2.3473e-12 -2.2614e-12 -9.6328e-12 -6.2434e-12 -2.3667e-12 -2.8271e-12 -3.2519e-12 -3.6097e-12 -4.9683e-12 -1.9824e-12 2.3935e-12 -1.1189e-12 -3.0558e-12 -2.0283e-12 5.3371e-12 1.8889e-12 3.212e-13 -3.8861e-13 3.8265e-13 1.1152e-12 1.5921e-12 -6.0461e-13 -4.1906e-13 1.6931e-12 -1.8779e-13 -1.9824e-12 -9.4408e-13 -2.6432e-12 -2.3492e-12 2.3601e-13 2.6727e-13 2.2495e-12 4.8187e-13 2.0897e-12 2.6714e-13 -2.4803e-12 2.5804e-12 1.1882e-12 2.3964e-12 8.483e-13 7.9145e-15 -1.0049e-13 6.5296e-13 -4.1816e-13 3.5109e-13 7.5894e-14 3.581e-13 -1.3817e-14 3.7806e-14 3.2309e-14 1.6598e-14 9.8762e-14
8.1766e-11 7.1495e-11 6.9514e-11 5.4921e-11 6.0807e-11 5.8117e-11 8.2582e-11 5.0553e-11 6.94e-11 4.6628e-11 6.5206e-11 5.7334e-11 5.8538e-11 4.7497e-11 4.8141e-11 4.9495e-11 4.2996e-11 5.7062e-11 3.8938e-11 4.1621e-11 3.2247e-11 6.4842e-11 3.1668e-11 3.1894e-11 3.4851e-11 2.0837e-11 3.541e-11 3.3244e-11 3.5564e-11 1.9648e-11 2.7509e-11 1.09e-11 2.532e-11 2.1024e-11 2.0683e-11 1.3888e-11 1.4583e-11 1.9576e-11 1.9902e-12 1.3356e-11 9.2496e-13 8.264e-12 -4.827e-12 9.8005e-12 3.0814e-12 7.8164e-12 -5.073e-12 3.1774e-12 -7.7391e-13 -8.6174e-13 4.5903e-15 -2.277e-12 2.4209e-12 -1.5829e-12 3.3595e-12 -3.678e-12 5.2476e-12 -3.9575e-12 -4.1639e-12 2.2553e-12 -1.2076e-11 -8.9929e-12 -1.6709e-12 -1.365e-12 -7.4772e-12 3.639e-14 -7.9219e-12 7.8876e-13 9.7777e-13 -1.1815e-12 5.5316e-13 -2.4554e-12 5.094e-12 2.4478e-12 -8.363e-13 -1.5463e-12 2.8537e-12 2.1016e-12 2.8506e-12 5.8083e-13 -1.3656e-12 3.9671e-12 -2.3398e-12 -1.4256e-12 9.7751e-13 -1.8766e-12 -3.2719e-12 4.613e-13 -2.9135e-13 1.1205e-12 -2.4003e-13 3.9716e-13 1.2005e-12 -1.4465e-12 2.7137e-12 -5.4765e-13 2.09e-12 4.5837e-13 -1.0031e-12 -1.209e-12 3.846e-13 -6.8835e-13 -4.5018e-13 -6.1674e-13 2.5704e-13 -2.9392e-14 2.4361e-13 -3.2399e-14 6.2101e-14 -3.3322e-14
6.3806e-11 5.7579e-11 5.4242e-11 4.6341e-11 5.4562e-11 4.6705e-11 6.0716e-11 4.4404e-11 5.5115e-11 3.5415e-11 5.755e-11 4.1038e-11 4.6537e-11 3.9852e-11 4.3423e-11 3.7909e-11 3.6245e-11 4.3244e-11 2.7871e-11 3.4615e-11 3.0592e-11 3.1668e-11 3.9851e-11 2.938e-11 3.0462e-11 1.8888e-11 2.3444e-11 2.8727e-11 2.5347e-11 1.9184e-11 1.8676e-11 9.9277e-12 1.8148e-11 2.027e-11 1.2999e-11 1.1628e-11 1.0805e-11 1.377e-11 2.2281e-12 8.1742e-12 3.776e-12 -1.8711e-12 -3.7041e-13 3.8452e-12 8.7334e-12 1.143e-11 -3.8457e-12 -7.0512e-13 -2.586e-12 -5.7505e-13 1.3461e-12 -4.8462e-12 4.952e-12 3.154e-12 4.1857e-12 -3.963e-12 -1.1695e-12 -6.4515e-12 3.2165e-13 -1.4256e-13 -1.0448e-11 -4.9784e-12 8.0505e-13 -5.4413e-12 -2.3898e-12 -7.2681e-13 -6.0125e-12 -4.6784e-12 -9.2547e-13 -6.0618e-13 -5.7022e-13 -3.0631e-12 4.4719e-12 5.6199e-12 -4.9439e-13 6.5358e-13 2.2247e-12 1.9346e-12 3.2086e-12 -5.229e-13 -1.3873e-12 2.8984e-12 -1.4743e-12 5.2642e-14 -2.0424e-12 -1.1987e-12 -2.8454e-12 8.2954e-13 -2.7055e-12 -5.9731e-13 5.459e-13 9.8823e-13 2.5249e-14 -2.4529e-12 2.5013e-12 8.1133e-13 1.9263e-12 4.7037e-13 -6.7662e-13 1.3117e-13 -1.5091e-14 -4.941e-13 1.8e-13 -5.0292e-15 3.2542e-13 1.1827e-13 4.7278e-14 4.2541e-14 1.3162e-14 1.3818e-13
6.3962e-11 6.1133e-11 6.096e-11 4.5608e-11 5.4063e-11 5.2653e-11 6.1123e-11 4.3342e-11 5.7322e-11 3.7838e-11 5.1789e-11 4.1299e-11 4.3589e-11 4.5231e-11 4.4636e-11 4.3518e-11 3.8907e-11 4.5369e-11 3.5293e-11 3.7106e-11 3.1171e-11 3.1894e-11 2.938e-11 4.6803e-11 3.1516e-11 2.3779e-11 2.7294e-11 2.4953e-11 2.1641e-11 1.6921e-11 1.7608e-11 9.0896e-12 2.4683e-11 1.9795e-11 1.7745e-11 1.0563e-11 9.8219e-12 1.4372e-11 1.9982e-12 1.0599e-11 6.8491e-12 4.2994e-12 -3.0534e-12 9.5792e-13 3.0891e-12 7.48e-12 -3.3216e-12 -2.5427e-12 2.6371e-12 2.1382e-12 -3.0093e-12 -2.901e-12 4.045e-12 -1.1627e-12 7.4215e-13 -6.0377e-12 -2.1859e-12 -6.9704e-12 -1.8481e-13 1.8033e-12 -9.8995e-12 -1.1336e-12 3.5904e-12 -2.5327e-12 -2.6809e-12 -1.4944e-12 -4.2867e-12 -1.4257e-12 3.3664e-12 -1.1754e-12 1.4323e-12 -4.4288e-12 5.6533e-12 6.2153e-12 1.2199e-12 -1.1877e-12 -1.1125e-12 4.1695e-12 1.8323e-12 7.271e-13 2.5274e-13 3.7384e-13 -9.8198e-13 1.1003e-12 -2.9012e-12 -3.0026e-12 -1.9034e-12 -1.2188e-14 -1.2746e-12 6.8091e-13 -2.0698e-15 1.8138e-12 5.7542e-13 -1.6642e-12 1.4219e-12 1.1467e-12 2.5817e-12 1.0164e-12 -3.1784e-13 -1.198e-13 4.4548e-13 -4.0597e-13 2.1574e-13 -1.3231e-13 1.8597e-13 7.3167e-14 2.126e-14 2.228e-14 -1.4295e-14 1.8347e-13
6.7658e-11 6.6615e-11 6.4191e-11 4.8219e-11 5.4386e-11 4.9719e-11 6.3081e-11 3.9351e-11 5.7717e-11 3.8716e-11 5.979e-11 4.9782e-11 4.7971e-11 3.8321e-11 3.9239e-11 4.1457e-11 3.3799e-11 4.4029e-11 3.9483e-11 3.3887e-11 2.9793e-11 3.4851e-11 3.0462e-11 3.1516e-11 5.289e-11 1.5104e-11 2.4202e-11 2.7387e-11 3.0553e-11 2.3139e-11 2.1149e-11 6.6168e-12 2.1387e-11 2.6898e-11 1.8852e-11 5.9628e-12 1.4729e-11 2.0566e-11 -8.3318e-13 1.7586e-11 6.168e-12 -2.881e-12 -3.103e-12 7.4721e-12 4.6983e-12 1.2238e-11 -3.0559e-12 -3.7117e-12 5.5921e-12 3.9145e-12 -2.9874e-12 -3.0153e-12 3.2278e-12 7.0736e-13 -7.1791e-13 -3.6452e-12 -5.0828e-13 -6.5425e-12 1.9454e-12 1.2751e-12 -1.0135e-11 -4.9346e-12 2.1679e-12 -3.848e-12 1.9228e-13 -2.7637e-12 -6.3638e-12 -2.9649e-12 -2.5305e-12 -4.057e-12 9.3875e-13 -3.2551e-12 4.4424e-12 4.9245e-12 2.0773e-12 -2.3599e-14 2.6507e-12 3.6565e-12 1.7706e-12 1.6984e-12 5.6105e-13 1.382e-12 -1.3861e-12 1.6866e-12 -2.4901e-12 -2.3326e-12 -5.8057e-12 -1.5553e-12 -2.0622e-12 3.7346e-12 5.2687e-13 3.1342e-12 8.9484e-13 -2.9368e-12 1.5967e-12 1.6968e-12 8.0783e-14 7.1391e-13 -9.2528e-13 -7.8318e-13 4.9497e-13 2.276e-14 3.8356e-13 -4.3835e-13 2.3612e-13 5.5089e-14 1.7841e-14 -2.0447e-14 5.6305e-14 1.2567e-13
4.6166e-11 4.5055e-11 4.0547e-11 3.1318e-11 3.841e-11 3.5773e-11 4.6988e-11 2.7382e-11 4.3925e-11 2.623e-11 3.8993e-11 3.2412e-11 3.1756e-11 2.8551e-11 3.0326e-11 2.8767e-11 2.7026e-11 3.1149e-11 2.4785e-11 2.6797e-11 2.585e-11 2.0837e-11 1.8888e-11 2.3779e-11 1.5104e-11 3.3095e-11 1.8987e-11 2.1326e-11 1.8288e-11 8.6966e-12 1.7373e-11 1.2408e-11 1.1824e-11 1.2492e-11 1.3639e-11 1.0914e-11 8.1146e-12 1.1223e-11 2.8229e-12 1.1611e-11 2.3593e-12 2.5511e-12 -1.1378e-12 3.3083e-12 3.8547e-12 7.8848e-12 -2.7481e-14 3.0671e-12 -7.3942e-13 -3.0323e-12 -8.7495e-13 -3.8029e-12 1.4119e-12 -2.5492e-12 -1.4972e-12 -1.7824e-12 1.7804e-12 -1.8887e-12 -1.5739e-12 2.8542e-12 -8.0938e-12 -2.9251e-12 -1.1929e-12 -3.2033e-13 -5.0666e-12 -1.3956e-12 -4.2614e-13 3.4002e-13 4.208e-12 1.0428e-12 -1.0968e-12 -3.7453e-12 5.0171e-12 3.5194e-12 -1.967e-12 -7.3554e-13 -1.8126e-12 -2.6859e-12 1.3891e-13 6.4074e-13 2.9498e-12 8.5999e-14 1.5039e-12 -4.0565e-14 1.4263e-13 -4.8315e-12 1.0135e-12 1.9449e-12 -2.7388e-13 1.1619e-12 4.1403e-13 4.7702e-13 3.1539e-13 -1.6812e-12 3.7186e-12 -5.9885e-13 1.217e-12 1.9398e-12 8.6986e-13 5.7107e-13 -1.6865e-13 -4.843e-13 1.5611e-13 2.5235e-15 2.5333e-13 5.4215e-14 6.0617e-14 8.8181e-14 3.9231e-14 4.9383e-14
6.2369e-11 5.7658e-11 5.5337e-11 4.592e-11 4.8183e-11 4.2727e-11 5.7266e-11 4.4493e-11 5.0936e-11 3.8291e-11 4.4649e-11 3.9947e-11 4.2853e-11 3.9057e-11 4.2094e-11 3.6707e-11 2.9544e-11 4.4845e-11 2.8693e-11 3.7444e-11 2.9838e-11 3.541e-11 2.3444e-11 2.7294e-11 2.4202e-11 1.8987e-11 3.8928e-11 2.7777e-11 2.3623e-11 1.5602e-11 1.627e-11 1.0363e-11 2.1865e-11 1.9239e-11 1.2956e-11 1.142e-11 5.6813e-12 1.0404e-11 -2.74e-13 1.2586e-11 6.2639e-12 4.9847e-12 -1.5761e-12 4.9547e-12 1.9418e-12 1.229e-11 -5.017e-12 1.7109e-12 -9.2967e-13 8.6949e-14 9.6659e-13 -3.2728e-12 -5.8263e-13 -1.5554e-12 -9.1087e-13 -2.4506e-12 1.4878e-12 -5.1679e-12 3.8819e-13 -1.3404e-12 -1.0389e-11 -6.8172e-12 -2.4022e-12 -4.6974e-13 -7.1558e-12 -3.5019e-12 -4.9775e-12 1.099e-12 2.4353e-12 -4.0321e-13 -1.1283e-12 4.115e-13 4.7361e-12 7.2801e-13 -9.2861e-13 -1.565e-12 1.9487e-12 2.0128e-12 1.7414e-13 -1.2441e-12 -1.2762e-12 6.4629e-13 1.3837e-13 -2.0276e-12 -1.1337e-12 -3.6359e-12 -1.9139e-12 7.9679e-13 -6.8286e-13 1.4866e-12 -6.1129e-13 1.3118e-12 -8.4562e-13 -1.2925e-12 2.7451e-12 -2.5017e-13 2.4444e-12 -5.4265e-14 6.7252e-13 -3.0476e-13 1.9992e-13 -3.3549e-13 1.4735e-13 -1.7537e-13 1.7187e-13 5.9259e-14 1.1735e-13 5.9874e-14 3.3604e-14 7.8664e-14
6.7007e-11 6.2773e-11 5.5417e-11 4.5638e-11 5.2245e-11 4.523e-11 6.4232e-11 4.4637e-11 5.4485e-11 3.9714e-11 5.6126e-11 4.8572e-11 5.0586e-11 4.3008e-11 4.1541e-11 3.9393e-11 3.8958e-11 4.7674e-11 3.008e-11 3.1128e-11 3.283e-11 3.3244e-11 2.8727e-11 2.4953e-11 2.7387e-11 2.1326e-11 2.7777e-11 4.565e-11 2.7029e-11 2.4783e-11 1.764e-11 1.0741e-11 1.7387e-11 1.8771e-11 1.1716e-11 1.6129e-11 8.8291e-12 1.6175e-11 6.34e-12 1.3164e-11 9.0463e-12 1.3796e-12 -3.415e-12 6.9986e-12 6.2465e-12 1.2517e-11 1.8328e-12 -9.6683e-13 -1.4157e-12 4.3596e-12 -3.174e-12 -7.8135e-12 4.0368e-13 4.5397e-12 1.6864e-12 -1.3152e-12 2.0337e-12 -4.5863e-12 2.0231e-12 -2.0673e-12 -1.0088e-11 -6.5508e-12 -5.6177e-12 -2.6002e-12 -5.7437e-12 -2.8714e-12 -7.9491e-12 2.1943e-12 9.7364e-13 -2.6051e-12 1.4776e-13 -1.2959e-12 4.5554e-12 1.0087e-12 -1.9099e-12 8.4221e-13 2.2185e-12 -2.3615e-12 2.8305e-12 3.2281e-13 -1.2101e-12 3.0622e-12 1.5528e-12 3.5975e-13 -2.2999e-12 -1.1315e-12 -5.3617e-14 -1.0006e-12 -3.4881e-13 -2.4213e-13 -5.7395e-13 3.4806e-13 -2.6132e-13 -2.2766e-12 2.7094e-12 1.3801e-13 2.1838e-12 3.2778e-13 -1.0378e-13 -8.1092e-13 4.2361e-13 -8.3239e-15 3.4922e-13 -1.1305e-14 2.9435e-13 9.1326e-14 3.2838e-14 5.6127e-14 1.7639e-14 4.3102e-14
6.326e-11 6.281e-11 5.5333e-11 4.1753e-11 4.9608e-11 4.7093e-11 5.8195e-11 4.2496e-11 5.3856e-11 3.7143e-11 5.6709e-11 4.7372e-11 4.3237e-11 3.5242e-11 3.8055e-11 4.2049e-11 3.2852e-11 4.1822e-11 3.3279e-11 3.5024e-11 2.8333e-11 3.5564e-11 2.5347e-11 2.1641e-11 3.0553e-11 1.8288e-11 2.3623e-11 2.7029e-11 3.6963e-11 1.8116e-11 1.833e-11 1.0206e-11 1.7362e-11 1.9215e-11 1.4884e-11 1.1284e-11 1.0865e-11 1.6858e-11 -1.298e-13 9.5793e-12 3.769e-12 -1.8296e-12 -6.0348e-12 7.9901e-12 3.8232e-12 9.9488e-12 -1.2926e-12 -7.036e-14 -1.8628e-12 -2.3114e-13 1.3927e-12 -5.5576e-12 3.4549e-12 9.739e-13 5.0976e-12 -2.7194e-12 4.8795e-12 -5.9068e-12 3.9772e-12 -2.7482e-13 -7.5481e-12 -6.4783e-12 -9.0791e-13 -2.0884e-12 -4.3921e-12 -2.1837e-12 -5.4342e-12 -1.2549e-12 -2.8358e-13 -2.2738e-12 -4.5574e-13 -2.1898e-12 3.3185e-12 2.0599e-12 -2.203e-12 -2.9858e-13 1.8013e-12 1.4635e-12 3.2972e-12 1.1343e-12 1.0054e-12 1.2512e-12 6.7828e-13 4.2357e-13 1.2655e-12 -2.5543e-12 -2.9909e-12 8.0187e-13 -1.583e-12 2.7637e-12 -1.094e-13 1.6214e-12 1.4901e-12 -1.3396e-12 2.5387e-12 1.5301e-13 1.1667e-12 8.2002e-13 4.0243e-13 -7.0012e-14 4.6428e-13 -4.8153e-13 1.202e-13 -3.3957e-13 2.9439e-13 -1.8754e-14 1.1135e-13 6.2424e-14 9.397e-14 7.9313e-14
4.7319e-11 4.1513e-11 4.1707e-11 3.3565e-11 3.5073e-11 3.5981e-11 4.1973e-11 3.0954e-11 3.9226e-11 2.7652e-11 4.1208e-11 3.1459e-11 3.2369e-11 2.8625e-11 2.9655e-11 2.806e-11 2.8329e-11 2.9538e-11 2.2459e-11 2.1675e-11 1.9898e-11 1.9648e-11 1.9184e-11 1.6921e-11 2.3139e-11 8.6966e-12 1.5602e-11 2.4783e-11 1.8116e-11 3.3359e-11 1.9768e-11 9.4671e-12 1.1208e-11 1.768e-11 8.6675e-12 1.029e-11 4.1756e-12 8.7769e-12 6.4978e-12 9.2866e-12 3.6696e-12 -3.0128e-12 1.0843e-12 7.6988e-12 2.4554e-12 2.5646e-12 -2.6923e-12 -1.6413e-12 2.1441e-13 6.5428e-12 -5.7929e-12 -2.0364e-12 -2.3854e-12 5.1698e-12 5.2489e-13 1.0347e-12 3.2619e-12 1.885e-13 4.1561e-12 -6.7979e-13 -6.7482e-12 -4.8247e-12 -8.6752e-13 -3.1704e-12 -4.2569e-13 -2.0845e-12 -5.0071e-12 1.6697e-12 -9.6672e-14 -4.197e-12 1.5688e-12 -9.8312e-13 3.3734e-12 3.008e-12 2.4642e-12 -8.962e-13 2.2781e-12 -1.6942e-13 1.1339e-12 -1.0069e-13 -1.5287e-12 4.962e-13 -4.4947e-13 6.8152e-13 -2.1919e-13 -1.7909e-12 -1.5523e-12 -5.373e-13 7.1603e-13 1.1441e-12 -4.5506e-13 4.7406e-13 -2.9946e-14 -2.0581e-12 1.9092e-12 1.1104e-12 1.5522e-12 6.6468e-13 -9.9437e-13 -1.0143e-12 4.0216e-13 8.3898e-14 6.2966e-13 1.8706e-13 2.5845e-13 -1.2983e-13 5.1779e-14 -1.7467e-14 -2.0697e-14 1.9676e-13
4.5329e-11 3.9459e-11 3.9949e-11 3.1576e-11 4.0293e-11 3.3854e-11 4.5236e-11 2.6504e-11 4.3482e-11 2.8883e-11 3.8336e-11 3.2873e-11 3.2715e-11 2.5478e-11 3.1348e-11 2.8373e-11 2.6372e-11 2.4625e-11 2.3639e-11 2.5694e-11 1.8389e-11 2.7509e-11 1.8676e-11 1.7608e-11 2.1149e-11 1.7373e-11 1.627e-11 1.764e-11 1.833e-11 1.9768e-11 3.2755e-11 9.7234e-12 1.3574e-11 1.5969e-11 1.3622e-11 1.0086e-11 9.732e-12 1.4339e-11 6.5264e-13 6.7263e-12 -1.2927e-12 4.4854e-12 1.481e-12 9.5401e-13 2.1903e-12 3.5875e-12 -3.4927e-12 2.7086e-12 5.9337e-12 5.6295e-13 -1.4683e-12 3.1893e-12 1.1899e-12 1.005e-12 7.0225e-13 6.9028e-13 2.8476e-12 2.3386e-12 -1.3087e-12 5.486e-13 -1.1458e-11 -3.6965e-12 -1.342e-12 -2.9863e-12 -4.2512e-12 -1.4865e-12 -4.9272e-12 -7.6159e-13 3.2598e-12 -2.0256e-12 4.2012e-12 -4.3283e-13 3.7806e-12 5.3217e-12 1.9816e-13 -1.4571e-12 1.4897e-12 -3.5761e-12 1.3765e-12 -8.6526e-13 5.4017e-13 1.5621e-12 -1.4391e-14 -7.7271e-13 2.4455e-13 -2.9487e-12 -6.7614e-13 8.0785e-13 1.2427e-12 9.2279e-13 1.5346e-13 -9.3006e-13 -1.9667e-13 -2.8105e-12 3.0713e-12 1.7037e-12 1.2406e-12 1.8951e-12 -8.4211e-13 -3.6e-13 -4.918e-13 -1.3766e-13 8.2172e-14 -9.3373e-14 2.2071e-13 5.3666e-14 9.7927e-14 -5.8534e-14 4.9008e-14 3.6901e-14
2.893e-11 2.4475e-11 2.7954e-11 1.6648e-11 1.6302e-11 1.7728e-11 2.9221e-11 1.7528e-11 2.6116e-11 1.3592e-11 2.3554e-11 2.2695e-11 2.2343e-11 1.242e-11 1.2645e-11 1.6192e-11 1.6846e-11 1.9434e-11 1.3469e-11 1.81e-11 1.3365e-11 1.09e-11 9.9277e-12 9.0896e-12 6.6168e-12 1.2408e-11 1.0363e-11 1.0741e-11 1.0206e-11 9.4671e-12 9.7234e-12 2.3768e-11 6.1349e-12 7.7485e-12 4.5349e-12 5.0188e-12 6.3371e-12 3.038e-12 2.9019e-12 8.2458e-12 1.5977e-12 4.1521e-12 -4.0948e-13 3.5345e-12 -1.8532e-12 3.6276e-12 1.0739e-13 4.3614e-12 1.4124e-12 -1.8615e-12 -9.6286e-13 -3.1841e-13 3.6298e-13 -2.4192e-12 -1.7307e-12 1.9743e-12 -2.6727e-12 -1.3478e-12 2.8261e-13 -8.9408e-14 -3.7368e-12 -4.7765e-12 2.3956e-13 -1.5974e-12 -2.2656e-12 -6.3005e-12 -1.0882e-12 -2.7003e-12 2.6397e-12 -1.0063e-13 -1.284e-12 -2.0608e-12 2.6225e-13 1.871e-12 5.9199e-13 -2.242e-12 -4.8759e-13 -8.6275e-13 -9.3977e-13 -1.854e-12 2.204e-12 1.1887e-12 -1.0452e-12 6.2793e-14 -3.6918e-13 -1.5855e-12 2.0152e-13 2.2841e-12 5.499e-13 2.7334e-13 -1.8081e-12 1.131e-12 1.255e-12 3.6539e-13 3.4697e-12 5.144e-13 2.5649e-13 -2.7304e-13 3.1236e-13 6.4615e-14 4.6534e-13 -3.5391e-13 1.802e-13 2.5057e-13 3.0016e-13 1.4654e-14 5.4825e-14 2.647e-14 3.8105e-14 1.3104e-13
