,0,1,2,3,4,5,6,7,8,9,10,11,12,13,14,15,16,17,18,19,20,21,22,23,24,25,26,27,28,29,30,31,32,33,34,35,36,37,38,39,40,41,42,43,44,45,46,47,48,49,50,51,52,53,54,55,56,57,58,59,60,61,62,63,64,65,66,67,68,69,70,71,72,73,74,75,76,77,78,79,80,81,82,83,84,85,86,87,88,89,90,91,92,93,94,95,96,97,98,99,100,101,102,103,104,105,106,107,108,109,110,111
0,1,0.88798,0.90069,0.90304,0.91527,0.89992,0.88932,0.8945,0.88333,0.90797,0.89272,0.88967,0.79725,0.80457,0.87159,0.8287,0.86884,0.88666,0.63816,0.84378,0.75973,0.7462,0.80913,0.76066,0.86263,0.66326,0.72747,0.75902,0.61381,0.61023,0.69221,0.56055,0.48709,0.36981,0.57413,0.55889,0.51353,0.46147,0.47762,0.56851,-0.047768,0.27248,0.089959,0.19461,0.35635,0.12364,0.083514,-0.099281,0.082143,-0.26302,-0.013555,-0.033955,-0.10126,-0.051208,0.093229,0.030121,-0.44885,-0.18501,-0.16325,-0.07921,-0.2104,0.034562,-0.025659,0.017097,-0.21187,-0.35344,-0.27352,0.20934,-0.088093,-0.076576,-0.23857,-0.017412,0.034033,-0.0088785,0.18028,0.05258,0.022896,-0.31313,-0.26119,0.47429,-0.1271,0.16917,-0.26812,0.13919,-0.19475,-0.16299,-0.03395,-0.037915,0.098198,0.26701,-0.07736,-0.07109,0.31101,0.10846,-0.014637,0.099275,-0.12107,0.16986,-0.076916,-0.13297,0.46861,-0.093276,-0.00044363,0.12786,0.022178,-0.0025107,0.34448,0.0055868,0.073491,0.23564,-0.038038,-0.10217
1,0.88798,1,0.89855,0.84537,0.88624,0.89465,0.91216,0.8435,0.87001,0.88124,0.78587,0.84998,0.8181,0.78901,0.82703,0.84774,0.83705,0.784,0.70238,0.79582,0.70159,0.70857,0.80752,0.69896,0.76229,0.55706,0.71995,0.77714,0.67484,0.65094,0.7331,0.57464,0.54947,0.33012,0.60306,0.53154,0.48484,0.36686,0.45489,0.55143,-0.0020875,0.30675,0.11465,0.1945,0.3313,0.15644,0.0042244,-0.14911,0.014576,-0.15726,-0.052656,0.033459,-0.12437,-0.036166,0.14193,0.07116,-0.40376,-0.33284,-0.2934,-0.21162,-0.14509,0.063462,0.051222,-0.026217,-0.21242,-0.30539,-0.30497,0.13968,-0.13346,-0.016287,-0.18642,0.085972,0.014149,-0.04715,0.12741,0.065433,-0.11672,-0.33188,-0.38105,0.3342,-0.21021,0.17914,-0.13064,-0.023516,-0.082562,-0.12639,0.11247,-0.1277,0.11135,0.17181,0.025418,-0.1108,0.32482,-0.020483,0.10091,0.023955,-0.089465,0.11962,-0.023122,-0.12088,0.42851,-0.21864,0.068157,0.0196,0.0038141,0.053285,0.22764,0.079481,-0.036952,0.23878,0.0048349,-0.13506
2,0.90069,0.89855,1,0.88683,0.87908,0.88784,0.86206,0.87033,0.825,0.82148,0.80432,0.82349,0.79815,0.80203,0.76884,0.83183,0.82649,0.79929,0.65929,0.77572,0.70139,0.69956,0.80162,0.69917,0.76414,0.61765,0.67144,0.74462,0.6184,0.61073,0.70899,0.55462,0.4786,0.37004,0.49657,0.56536,0.54161,0.37173,0.49856,0.56509,-0.0024582,0.21414,0.13597,0.1534,0.37295,0.090938,-0.037803,-0.028954,0.17231,-0.20364,-0.13059,0.064983,-0.012694,0.0075373,0.14884,0.04784,-0.43775,-0.15328,-0.22629,-0.14262,-0.10524,0.031069,-0.042106,-0.06634,-0.25755,-0.37442,-0.26365,0.17487,-0.14082,0.037704,-0.21468,0.051524,0.047608,-0.11108,0.18173,0.11776,-0.055493,-0.32437,-0.31189,0.39212,-0.19862,0.16532,-0.22647,0.090376,-0.19408,-0.14187,-0.037803,0.030825,0.046256,0.22427,0.045796,-0.15357,0.33457,0.038596,0.021241,0.11672,-0.13649,0.19658,-0.091521,-0.029415,0.54298,-0.15517,0.054954,0.027008,0.040258,0.13355,0.34346,-0.068057,0.0051313,0.22155,0.084295,-0.10172
3,0.90304,0.84537,0.88683,1,0.84537,0.85567,0.89076,0.82297,0.8494,0.86265,0.83938,0.85516,0.82215,0.74505,0.83496,0.79411,0.86469,0.91904,0.55624,0.8391,0.71436,0.74321,0.75205,0.71249,0.76129,0.67486,0.68013,0.76721,0.54006,0.66178,0.63225,0.59676,0.4597,0.42603,0.62407,0.49314,0.49495,0.47974,0.45901,0.53408,0.025977,0.32961,0.056839,0.091478,0.30991,0.17471,0.083154,-0.15217,0.13627,-0.16903,0.050002,0.030599,-0.019017,-0.084049,0.12921,0.11338,-0.34748,-0.235,-0.22715,-0.13314,-0.050819,-0.0074727,0.014882,0.0072005,-0.18468,-0.32217,-0.33569,0.16681,-0.25624,0.023919,-0.14986,0.041217,0.02062,-0.045291,0.16407,0.13008,-0.11555,-0.33506,-0.30323,0.45492,-0.21984,0.17089,-0.21423,0.19263,-0.08733,-0.35877,0.0087673,0.097625,0.084014,0.25163,-0.01161,-0.078243,0.36055,-0.032349,-0.03751,0.18354,-0.1414,0.023848,0.0035689,-0.12389,0.38413,-0.11956,-0.0093698,-0.024126,0.1818,0.00192,0.30663,-0.096521,0.080063,0.24645,0.048826,-0.064059
4,0.91527,0.88624,0.87908,0.84537,1,0.86042,0.84244,0.90406,0.85013,0.83085,0.85959,0.85416,0.76351,0.80334,0.80264,0.80584,0.83615,0.79798,0.62433,0.80284,0.71111,0.71483,0.81656,0.70992,0.79494,0.6248,0.64382,0.71098,0.6083,0.61519,0.67495,0.64353,0.47261,0.46068,0.54624,0.58404,0.50695,0.45334,0.41681,0.58195,-0.007859,0.34661,0.097632,0.18675,0.25317,-0.0067612,0.015472,-0.089801,0.073207,-0.1293,-0.02228,0.052599,-0.12135,0.007366,0.18345,0.055004,-0.34025,-0.20824,-0.20958,-0.19138,-0.23655,0.015189,0.058712,0.061441,-0.24754,-0.31019,-0.34147,0.16824,-0.16223,-0.078185,-0.30535,0.14462,-0.0019989,-0.0354,0.23543,0.047257,-0.13979,-0.29324,-0.30585,0.37443,-0.19092,0.12915,-0.12797,0.1269,-0.12218,-0.11976,0.074045,-0.10304,0.086038,0.21651,-0.0094576,-0.099443,0.2824,0.15158,-0.032307,0.098844,-0.12969,0.21056,-0.09829,-0.14815,0.47417,-0.13071,0.0065845,0.084215,-0.025082,0.024178,0.28747,0.051908,0.09216,0.30551,-0.039772,-0.16403
5,0.89992,0.89465,0.88784,0.85567,0.86042,1,0.87451,0.86038,0.8435,0.87696,0.8227,0.86852,0.82937,0.84424,0.84216,0.86316,0.87149,0.83017,0.68511,0.76813,0.72892,0.73439,0.82776,0.66691,0.8438,0.62416,0.72001,0.81659,0.70935,0.60837,0.71275,0.61522,0.57869,0.31822,0.55864,0.52289,0.5093,0.3954,0.4676,0.59943,0.010618,0.28187,0.11023,0.19659,0.32478,0.065581,0.012019,-0.10326,-0.022361,-0.28893,-0.081767,-0.028277,0.0026178,-0.074212,0.22111,0.15996,-0.43892,-0.25358,-0.17919,-0.1817,-0.17581,0.10571,-0.055771,-0.10811,-0.23959,-0.43891,-0.28642,0.18392,-0.22144,-0.02625,-0.28711,-0.032654,-0.042076,0.0089979,0.1298,0.066818,0.013708,-0.26632,-0.35504,0.33855,-0.075393,0.13786,-0.14176,0.099012,-0.11273,-0.23467,0.098659,0.0038335,-0.013805,0.21679,-0.043749,-0.1879,0.32984,0.047762,-0.047612,0.08502,-0.082252,0.032644,-0.069516,-0.0001148,0.3521,-0.10823,-0.022082,0.036633,-0.053123,0.041276,0.35396,-0.017811,0.070022,0.28641,0.0026092,-0.12469
6,0.88932,0.91216,0.86206,0.89076,0.84244,0.87451,1,0.8172,0.83727,0.88725,0.79157,0.83181,0.84431,0.743,0.8185,0.83948,0.85951,0.82626,0.68944,0.80014,0.70998,0.75183,0.81192,0.68894,0.7672,0.58593,0.72481,0.72472,0.58574,0.72822,0.70726,0.52899,0.53906,0.3181,0.60557,0.49408,0.46544,0.4213,0.49729,0.61639,0.027675,0.27379,0.097233,0.17816,0.32355,0.19901,0.07755,-0.038816,0.0058704,-0.13233,0.041781,-0.090782,-0.14836,0.026079,0.24026,0.13453,-0.47396,-0.29219,-0.23396,-0.18922,-0.1454,0.03917,-0.092843,-0.046217,-0.19113,-0.30581,-0.29289,0.12664,-0.18974,0.018805,-0.15323,-0.0094393,0.054576,-0.097585,0.14173,0.0072942,-0.065103,-0.33798,-0.21119,0.2487,-0.22317,0.13448,-0.12795,0.063365,-0.07658,-0.21012,-0.0046774,-0.039157,0.094448,0.2352,-0.0075051,-0.20948,0.38524,-0.082099,-0.060227,0.077588,-0.13594,0.094195,-0.006923,-0.075348,0.30041,-0.17273,-0.02173,-0.0052508,0.093348,0.016456,0.30791,-0.00242,0.015735,0.22728,-0.012991,0.01036
7,0.8945,0.8435,0.87033,0.82297,0.90406,0.86038,0.8172,1,0.7884,0.79125,0.84234,0.79986,0.72727,0.77105,0.81401,0.78267,0.84868,0.7707,0.62081,0.84153,0.73069,0.6589,0.77053,0.67556,0.81206,0.65226,0.67055,0.70152,0.57329,0.5962,0.69378,0.54389,0.44705,0.41339,0.4425,0.6167,0.42944,0.42355,0.34463,0.63385,-0.065412,0.3568,0.12407,0.15003,0.29007,0.083967,0.059111,-0.055526,0.11453,-0.2207,-0.050885,0.041598,-0.095575,-0.046522,0.11349,0.011098,-0.39533,-0.058291,-0.14203,-0.097678,-0.16862,0.068064,0.017526,-0.018504,-0.25572,-0.32151,-0.21574,0.26138,-0.12417,-0.0033345,-0.18669,0.0031617,-0.0057313,0.049089,0.25213,0.079133,-0.12554,-0.29036,-0.27925,0.35909,-0.11836,0.13546,-0.10146,0.19287,-0.10354,-0.12336,0.020473,0.018499,0.14612,0.25018,-0.027341,-0.20915,0.32428,0.11245,-0.060059,0.10831,-0.10925,0.16073,-0.15466,-0.1516,0.41949,-0.096146,-0.032875,0.1817,-0.022098,0.08112,0.22309,0.065644,0.071441,0.26717,-0.022295,-0.046166
8,0.88333,0.87001,0.825,0.8494,0.85013,0.8435,0.83727,0.7884,1,0.85535,0.79396,0.80591,0.74595,0.72318,0.76145,0.82442,0.80654,0.79035,0.54542,0.80463,0.73995,0.67059,0.822,0.64581,0.77383,0.61441,0.68046,0.75545,0.60984,0.60642,0.59029,0.6609,0.42185,0.3386,0.58085,0.41171,0.50421,0.44479,0.4018,0.51834,-0.035976,0.28553,0.12493,0.18677,0.28738,0.16082,0.11183,-0.227,0.054494,-0.14147,-0.10803,0.0081804,-0.11022,-0.022641,0.080296,0.15253,-0.39306,-0.38069,-0.24978,-0.13994,-0.14996,0.032148,0.08319,0.10477,-0.27249,-0.3417,-0.27233,0.099472,-0.2084,-0.038717,-0.095883,0.13886,0.12207,-0.057032,0.16157,0.030681,-0.048854,-0.45582,-0.28883,0.32232,-0.23814,0.10653,-0.31278,0.091557,-0.11364,-0.18538,0.051774,-0.095692,0.071433,0.13579,0.00014871,-0.14824,0.31142,0.045616,0.034422,0.032253,-0.0082976,0.10008,0.021762,-0.14753,0.34283,-0.10486,0.085947,0.082969,-0.11402,-0.073887,0.32034,-0.076472,0.054607,0.11147,-0.1106,-0.06638
9,0.90797,0.88124,0.82148,0.86265,0.83085,0.87696,0.88725,0.79125,0.85535,1,0.81481,0.85651,0.76305,0.78602,0.81792,0.84242,0.83688,0.81446,0.66756,0.78389,0.7034,0.74123,0.79991,0.69114,0.77283,0.5759,0.69415,0.79405,0.57114,0.59884,0.66618,0.51021,0.52743,0.31706,0.63598,0.44556,0.45005,0.38253,0.43862,0.4773,-0.016432,0.26717,0.022627,0.21488,0.26888,0.13918,0.16818,-0.1457,0.014495,-0.18039,0.067684,-0.0092898,-0.1085,-0.14438,0.20141,0.074498,-0.42698,-0.24912,-0.18869,-0.19931,-0.10605,0.09986,-0.087857,0.065548,-0.08675,-0.27188,-0.22848,0.097913,-0.13925,-0.048577,-0.18554,-0.0090662,-0.04945,-0.069808,0.096166,-0.005424,-0.0435,-0.30504,-0.36837,0.44218,-0.18116,0.18058,-0.20224,0.10486,-0.19439,-0.27712,0.13196,-0.044173,0.15311,0.31994,-0.15314,-0.05758,0.36069,-0.030563,-0.026343,0.031678,-0.21428,0.058882,0.030502,-0.082575,0.4033,-0.11549,-0.045597,0.10822,0.038516,0.03533,0.34058,0.049783,0.025126,0.20449,-0.071797,-0.025544
10,0.89272,0.78587,0.80432,0.83938,0.85959,0.8227,0.79157,0.84234,0.79396,0.81481,1,0.79821,0.74712,0.80238,0.83108,0.75096,0.8412,0.83319,0.6433,0.78827,0.74242,0.60503,0.76372,0.72081,0.8194,0.65151,0.66303,0.71159,0.61658,0.56932,0.67878,0.54491,0.35151,0.41648,0.59224,0.49037,0.51499,0.52736,0.40136,0.52165,0.081749,0.39132,0.036032,0.11217,0.26124,0.039832,0.13178,-0.14301,0.021793,-0.2121,0.041373,-0.064423,-0.056221,-0.062336,0.030237,-0.039088,-0.45283,-0.14282,-0.10323,-0.13992,-0.24113,0.010678,0.016653,0.10443,-0.13561,-0.37522,-0.32105,0.37492,-0.073669,-0.19597,-0.08559,0.0379,-0.10919,-0.016684,0.28173,0.048298,-0.033196,-0.29359,-0.30506,0.45551,-0.19578,0.053988,-0.2679,0.22284,-0.15127,-0.12517,0.089629,0.031542,0.16258,0.30775,-0.049682,0.034294,0.29026,0.14741,0.010171,0.094939,-0.091838,0.13769,-0.056962,-0.12977,0.41678,-0.17046,-0.077705,0.11588,0.044331,-0.12974,0.29267,0.0060847,0.13686,0.23835,-0.031283,0.063478
11,0.88967,0.84998,0.82349,0.85516,0.85416,0.86852,0.83181,0.79986,0.80591,0.85651,0.79821,1,0.81961,0.7776,0.82911,0.81568,0.81164,0.83385,0.59874,0.76707,0.64437,0.72971,0.74457,0.71343,0.75271,0.55948,0.69286,0.78588,0.64547,0.62102,0.70837,0.57446,0.4965,0.37484,0.57714,0.59294,0.4929,0.42666,0.51175,0.5106,0.15822,0.2569,-0.037976,0.2389,0.24493,-0.0063022,-0.0011693,-0.1832,-0.022119,-0.20112,-0.046847,0.043737,-0.082544,-0.052172,0.16683,0.086524,-0.33916,-0.24588,-0.17626,-0.24121,-0.16723,-0.062134,-0.092087,-0.0067687,-0.25229,-0.2845,-0.26388,0.24528,-0.18018,-0.035751,-0.18965,-0.023233,0.10554,-0.091465,0.087038,0.028667,-0.089583,-0.23291,-0.39872,0.48822,-0.056783,0.14471,-0.20503,0.1179,-0.095422,-0.33088,0.013791,-0.0010822,0.032105,0.30407,-0.1581,-0.056446,0.32921,0.13329,0.027165,0.17078,-0.12967,0.1031,-0.01886,-0.099473,0.4184,-0.0027088,0.058683,0.060028,0.1335,0.059317,0.31269,0.10459,-0.12531,0.27461,0.032235,-0.18588
12,0.79725,0.8181,0.79815,0.82215,0.76351,0.82937,0.84431,0.72727,0.74595,0.76305,0.74712,0.81961,1,0.69322,0.72548,0.758,0.74589,0.78829,0.56859,0.74059,0.58612,0.70855,0.77658,0.64445,0.75969,0.57262,0.67528,0.61915,0.654,0.5333,0.60381,0.50943,0.47383,0.24304,0.57599,0.51473,0.47398,0.33137,0.57281,0.6178,0.13744,0.3118,0.096007,0.15716,0.24692,0.16505,-0.087734,-0.1078,0.043794,-0.17527,-0.1373,-0.060406,0.041755,-0.067196,0.15708,0.16355,-0.40604,-0.20668,-0.22971,-0.28024,-0.081876,-0.076866,-0.10252,-0.10813,-0.050613,-0.41147,-0.19229,0.22875,-0.26023,-0.11199,-0.11338,0.049136,0.076265,-0.21891,0.12915,-0.040315,-0.018208,-0.18027,-0.30687,0.31954,-0.18311,-0.0076115,-0.085799,0.10234,-0.078944,-0.14976,0.076342,0.037641,0.12644,0.30822,0.039172,-0.13772,0.26682,0.075405,-0.14709,0.095782,-0.088498,0.14884,-0.074204,-0.019754,0.33397,-0.014431,-0.0066726,0.05268,0.090054,0.02032,0.34599,-0.13823,-0.067813,0.23259,0.11349,-0.18809
13,0.80457,0.78901,0.80203,0.74505,0.80334,0.84424,0.743,0.77105,0.72318,0.78602,0.80238,0.7776,0.69322,1,0.66977,0.75501,0.80558,0.72433,0.52472,0.70111,0.61677,0.65517,0.74282,0.59808,0.66389,0.60536,0.509,0.69569,0.65623,0.54103,0.65239,0.53328,0.48694,0.47361,0.53626,0.53319,0.50471,0.42213,0.4968,0.46535,0.032688,0.32206,0.026199,0.29356,0.24993,-0.01401,0.010913,0.0080761,-0.1074,-0.20062,-0.1722,0.055406,0.045256,0.05392,0.19219,0.090912,-0.46122,-0.066662,-0.22098,-0.25975,-0.22544,-0.0046049,0.063027,0.011911,-0.21076,-0.33871,-0.35432,0.1627,-0.2047,-0.10557,-0.12225,-0.04781,-0.1197,-0.097617,0.22196,0.035906,-0.012661,-0.23632,-0.24815,0.36131,-0.076366,0.13069,-0.17779,0.10867,-0.2055,-0.18346,0.025535,0.059938,-0.010194,0.30256,-0.16083,-0.059316,0.28648,0.14841,0.13344,0.12117,-0.13883,0.021531,-0.027367,-0.1131,0.39961,-0.21366,-0.2019,0.16146,-0.16747,0.020637,0.34585,-0.046666,-0.088623,0.31364,0.049713,-0.059287
14,0.87159,0.82703,0.76884,0.83496,0.80264,0.84216,0.8185,0.81401,0.76145,0.81792,0.83108,0.82911,0.72548,0.66977,1,0.7441,0.83342,0.83804,0.68262,0.76781,0.72853,0.68732,0.69792,0.65293,0.77789,0.55598,0.72847,0.77324,0.62333,0.58306,0.68003,0.4951,0.52398,0.36549,0.57532,0.46267,0.34165,0.42411,0.39318,0.53473,-0.033611,0.24185,0.10344,0.096238,0.28714,0.13447,0.22134,-0.23411,-0.024428,-0.27946,0.0085324,-0.14018,-0.048783,-0.082065,0.059687,0.0096164,-0.28962,-0.25586,-0.11695,-0.090577,-0.12176,0.062354,-0.1248,-0.038328,-0.18525,-0.33403,-0.38135,0.25042,-0.12925,-0.13633,-0.28161,0.021463,-0.077456,0.18391,0.18965,0.070408,-0.086107,-0.27556,-0.34424,0.41613,-0.080771,0.11423,-0.15135,0.18291,-0.076393,-0.23475,0.093927,-0.069226,0.053668,0.22933,-0.023868,-0.031145,0.37104,0.02871,0.05468,0.12362,0.072036,-0.011595,0.031823,0.013595,0.32314,-0.095821,-0.089547,0.034739,0.097712,-0.038086,0.21555,0.15393,0.12521,0.27409,-0.041428,-0.10202
15,0.8287,0.84774,0.83183,0.79411,0.80584,0.86316,0.83948,0.78267,0.82442,0.84242,0.75096,0.81568,0.758,0.75501,0.7441,1,0.77905,0.70723,0.65068,0.73192,0.71746,0.69894,0.75126,0.61035,0.73978,0.50557,0.58737,0.6938,0.69082,0.59664,0.63914,0.55631,0.47925,0.3262,0.47166,0.55892,0.49591,0.33073,0.49576,0.62299,0.024157,0.31999,0.051948,0.22896,0.33764,0.041426,-0.034146,-0.24606,-0.061009,-0.25106,-0.021138,0.034727,-0.13035,0.054952,0.23286,0.22844,-0.46435,-0.25097,-0.18223,-0.11035,-0.097284,0.13625,-0.057713,-0.026826,-0.12384,-0.37318,-0.19323,0.099745,-0.14927,0.04333,-0.10532,0.032419,0.052753,-0.096922,0.14915,0.032729,-0.098083,-0.22737,-0.32366,0.29672,-0.17157,0.11034,-0.17577,0.10398,-0.13329,-0.16463,-0.020542,-0.20766,0.076466,0.32594,0.011694,-0.22907,0.30901,-0.011889,0.0096646,0.1621,-0.15575,0.089839,0.045661,-0.1636,0.30913,-0.11978,-0.067053,0.061422,0.050426,0.14882,0.33625,0.026249,-0.035665,0.23017,-0.038191,-0.050608
16,0.86884,0.83705,0.82649,0.86469,0.83615,0.87149,0.85951,0.84868,0.80654,0.83688,0.8412,0.81164,0.74589,0.80558,0.83342,0.77905,1,0.81218,0.61142,0.84505,0.70893,0.62884,0.78911,0.69237,0.78071,0.62592,0.61544,0.73914,0.5078,0.61176,0.62407,0.57919,0.49366,0.44443,0.55928,0.50419,0.52473,0.51996,0.47452,0.57972,-0.014983,0.39704,-0.0059476,0.071077,0.38567,0.1644,0.040784,-0.1391,-0.081558,-0.23668,0.056767,0.046266,-0.11121,0.046045,0.12842,-0.024631,-0.43914,-0.22155,-0.11959,-0.24126,-0.19629,0.063381,-0.0039649,-0.047405,-0.21283,-0.29105,-0.41578,0.20177,-0.24948,-0.0053958,-0.18517,-0.057189,-0.10742,0.026621,0.31863,-0.035905,0.0045401,-0.30318,-0.34997,0.3629,-0.078948,-0.047878,-0.14064,0.16239,-0.048138,-0.21827,-0.0059384,0.066436,0.03569,0.22658,-0.14088,-0.12131,0.28107,0.085032,0.0033438,0.24774,-0.065708,-0.023621,-0.1062,-0.02998,0.33398,-0.20274,0.0057231,0.026794,-0.030479,-0.0078141,0.19315,0.022415,0.081226,0.27876,-0.084281,-0.039948
17,0.88666,0.784,0.79929,0.91904,0.79798,0.83017,0.82626,0.7707,0.79035,0.81446,0.83319,0.83385,0.78829,0.72433,0.83804,0.70723,0.81218,1,0.48573,0.77372,0.67971,0.72469,0.74193,0.67654,0.81141,0.65508,0.62037,0.74123,0.61805,0.55727,0.58067,0.51287,0.41825,0.40078,0.60042,0.42213,0.48822,0.56528,0.49485,0.43057,-0.057933,0.31825,0.11272,0.065047,0.32031,0.18609,0.1574,-0.22264,0.13928,-0.15903,0.023406,-0.050897,-0.039706,-0.10527,0.091862,0.1041,-0.32856,-0.16737,-0.12184,-0.075159,-0.1618,-0.030244,0.10647,-0.0066741,-0.19975,-0.2373,-0.29935,0.29787,-0.12613,-0.054653,-0.15161,-0.092651,-0.028751,0.039743,0.10695,0.087975,0.047331,-0.21827,-0.25271,0.46337,-0.16828,0.085351,-0.23497,0.26135,-0.089634,-0.37621,0.040907,0.056718,0.14908,0.2537,-0.027709,0.026284,0.35939,0.091379,-0.12546,0.079875,-0.093543,0.021052,-0.0015266,-0.058458,0.29171,-0.021863,-0.084597,0.090848,0.20171,0.0063145,0.27252,-0.089976,0.15554,0.2347,0.0041319,-0.071527
18,0.63816,0.70238,0.65929,0.55624,0.62433,0.68511,0.68944,0.62081,0.54542,0.66756,0.6433,0.59874,0.56859,0.52472,0.68262,0.65068,0.61142,0.48573,1,0.53241,0.61472,0.56394,0.57312,0.60309,0.54871,0.39497,0.71813,0.58309,0.51726,0.37775,0.67499,0.37252,0.3535,0.27234,0.46532,0.44262,0.34633,0.17437,0.33754,0.49416,-0.0069199,0.20301,0.12412,0.0058837,0.26892,0.06261,0.071515,0.00064143,-0.050979,-0.11407,0.02786,-0.010772,-0.14456,0.16614,0.14284,-0.098981,-0.4117,-0.25158,-0.27568,-0.23632,-0.30799,0.030156,-0.38796,0.016932,-0.011814,-0.35553,-0.29941,0.15325,-0.10334,-0.025726,-0.1557,0.038573,0.0081723,-0.037415,0.079619,0.0097785,-0.15393,-0.41704,-0.31474,0.28326,0.074625,0.12218,-0.27549,-0.042239,-0.21697,-0.018539,0.077426,-0.086119,0.11837,0.2128,0.072797,-0.07255,0.30107,0.004801,0.17894,0.035529,0.014671,0.19884,-0.19431,-0.076745,0.33458,-0.22516,0.036852,0.039915,0.064187,0.024279,0.29387,0.17251,-0.20097,0.20025,-0.043982,-0.028337
19,0.84378,0.79582,0.77572,0.8391,0.80284,0.76813,0.80014,0.84153,0.80463,0.78389,0.78827,0.76707,0.74059,0.70111,0.76781,0.73192,0.84505,0.77372,0.53241,1,0.62477,0.57271,0.70775,0.60477,0.70168,0.7189,0.58223,0.70574,0.53984,0.60003,0.59842,0.51716,0.40813,0.34769,0.46395,0.53566,0.49918,0.43484,0.44713,0.49438,-0.0033967,0.34768,0.031506,0.20545,0.19164,0.25953,0.088236,-0.12028,0.052199,-0.20286,0.018185,0.03965,-0.12972,-0.0050784,-0.0066087,-0.15149,-0.32019,-0.241,-0.27527,-0.10155,-0.01951,0.041137,-0.040756,0.085516,-0.19976,-0.26609,-0.23661,0.29343,-0.098957,0.010941,-0.021399,0.027775,0.13758,-0.098638,0.23728,0.048288,-0.06999,-0.40754,-0.28224,0.39687,-0.1701,0.066672,-0.15459,0.21071,-0.10115,-0.22965,-0.0806,0.083078,0.17956,0.23879,0.012455,-0.14365,0.33285,-0.071481,0.047888,0.14454,-0.075101,0.080067,-0.010265,-0.20729,0.18665,0.022016,-0.0018145,0.16454,-0.018118,0.11088,0.20699,0.079775,0.06315,0.12815,-0.023801,-0.11929
20,0.75973,0.70159,0.70139,0.71436,0.71111,0.72892,0.70998,0.73069,0.73995,0.7034,0.74242,0.64437,0.58612,0.61677,0.72853,0.71746,0.70893,0.67971,0.61472,0.62477,1,0.52463,0.6218,0.51659,0.69004,0.51695,0.61542,0.58316,0.54639,0.46098,0.46953,0.48011,0.32836,0.31875,0.58988,0.43159,0.36542,0.38079,0.35121,0.51217,-0.12705,0.30906,0.18153,-0.13104,0.42714,0.10269,0.015405,-0.23633,0.016901,-0.22686,-0.016644,-0.23357,-0.089575,0.021017,-0.028165,0.21526,-0.46274,-0.28707,-0.027165,-0.015552,-0.29782,-0.12261,-0.0060191,0.10785,-0.090661,-0.41664,-0.257,-0.040956,-0.09392,-0.13425,-0.096746,0.1246,-0.056964,0.038477,0.41288,0.088368,-0.040867,-0.49164,-0.23538,0.22298,-0.048585,0.15441,-0.27894,0.2062,-0.23083,-0.18666,-0.070867,-0.15861,0.14772,0.33068,0.017279,-0.016856,0.211,0.0086257,-0.028972,0.09636,-0.042982,0.11887,-0.15096,-0.017705,0.37438,-0.23523,0.010529,0.17684,0.002204,-0.2365,0.45029,0.021292,0.058022,0.13492,-0.064738,-0.014191
21,0.7462,0.70857,0.69956,0.74321,0.71483,0.73439,0.75183,0.6589,0.67059,0.74123,0.60503,0.72971,0.70855,0.65517,0.68732,0.69894,0.62884,0.72469,0.56394,0.57271,0.52463,1,0.6273,0.63588,0.62516,0.53255,0.62617,0.61454,0.49923,0.43146,0.47169,0.41628,0.51948,0.35271,0.56156,0.4846,0.35559,0.23249,0.43848,0.44347,-0.069792,0.22687,0.28923,0.2482,0.28158,0.090312,0.16677,-0.10267,0.065518,-0.15993,-0.14423,-0.097083,-0.04079,-0.022669,0.25094,0.20503,-0.33209,-0.18549,-0.44431,-0.18402,-0.21841,-0.069193,-0.11807,0.014762,-0.025525,-0.24786,-0.31091,0.07217,-0.34689,-0.031578,-0.15124,-0.077943,0.04168,-0.035731,-0.028884,0.041628,-0.12444,-0.21298,-0.12534,0.35125,-0.020205,0.18632,-0.13457,-0.013494,-0.33737,-0.17636,0.087937,-0.054748,0.10733,0.24452,-0.11224,-0.1625,0.37169,0.1044,-0.038829,0.077637,0.023161,0.022828,0.040452,-0.040599,0.23361,-0.079725,-0.26737,0.1992,0.039467,0.036291,0.21349,-0.11157,-0.15945,0.31989,-0.13544,-0.18118
22,0.80913,0.80752,0.80162,0.75205,0.81656,0.82776,0.81192,0.77053,0.822,0.79991,0.76372,0.74457,0.77658,0.74282,0.69792,0.75126,0.78911,0.74193,0.57312,0.70775,0.6218,0.6273,1,0.56349,0.81294,0.52476,0.61346,0.62487,0.60612,0.49522,0.5885,0.61284,0.46474,0.22362,0.56231,0.3404,0.5647,0.45387,0.47778,0.60269,-0.013104,0.19895,0.081234,0.25439,0.30913,0.1374,0.15023,-0.067757,0.13044,-0.033744,-0.072367,0.021861,-0.13146,0.017113,0.2223,0.12592,-0.49084,-0.17381,-0.18925,-0.17332,-0.1398,0.068268,-0.0086046,0.1323,-0.18971,-0.33269,-0.26854,0.17489,-0.13992,-0.072442,-0.15483,-0.067036,-0.087285,-0.11166,0.2011,0.03798,-0.0091894,-0.21296,-0.29857,0.24105,-0.19434,0.031154,-0.22876,0.074251,-0.063235,-0.069659,0.13071,0.033163,0.09469,0.21739,0.012105,-0.090738,0.35956,0.17937,-0.068119,0.10655,-0.016978,0.22091,-0.036633,-0.083183,0.38308,-0.091874,-0.013089,0.10928,-0.071154,-0.028144,0.26875,0.03023,0.059226,0.23687,0.058062,-0.04169
23,0.76066,0.69896,0.69917,0.71249,0.70992,0.66691,0.68894,0.67556,0.64581,0.69114,0.72081,0.71343,0.64445,0.59808,0.65293,0.61035,0.69237,0.67654,0.60309,0.60477,0.51659,0.63588,0.56349,1,0.68468,0.47007,0.60327,0.59693,0.40301,0.48213,0.64894,0.46485,0.24465,0.44155,0.45341,0.57061,0.39787,0.31754,0.32624,0.36383,0.10614,0.3633,0.060488,-0.04092,0.30917,0.11576,0.03017,-0.14897,-0.0068799,-0.15512,0.18434,0.22495,-0.17627,0.031967,-0.047399,-0.0081634,-0.20292,-0.2405,-0.046519,-0.17599,-0.2932,0.0062018,-0.075784,-0.073356,-0.2768,-0.2158,-0.36785,0.23031,-0.23991,0.032632,-0.039337,0.004856,0.02719,-0.024007,-0.026843,-0.063971,-0.10308,-0.20903,-0.22123,0.47971,-0.035434,-0.046116,-0.31165,0.14926,-0.12867,0.018406,-0.095489,0.099458,0.17146,0.22704,-0.14565,-0.10533,0.16677,0.073392,0.036848,0.2051,-0.037519,0.34258,-0.25402,-0.1489,0.45583,-0.20724,0.12882,-0.13589,0.060761,-0.15653,0.079301,-0.0118,-0.11621,0.18675,0.080617,-0.11824
24,0.86263,0.76229,0.76414,0.76129,0.79494,0.8438,0.7672,0.81206,0.77383,0.77283,0.8194,0.75271,0.75969,0.66389,0.77789,0.73978,0.78071,0.81141,0.54871,0.70168,0.69004,0.62516,0.81294,0.68468,1,0.5041,0.64002,0.59671,0.62465,0.48884,0.54338,0.53327,0.4202,0.25704,0.54311,0.4153,0.50933,0.55275,0.28782,0.53422,-0.10431,0.27145,0.038076,0.1652,0.28402,0.080321,0.056168,-0.20049,0.081262,-0.16723,0.057706,-0.040208,-0.078166,-0.15695,0.04332,0.076162,-0.40489,-0.17694,0.013087,0.027775,-0.20713,0.052648,0.040571,-0.073102,-0.17144,-0.33136,-0.14074,0.2694,-0.093026,-0.13977,-0.22985,-0.050869,-0.038179,0.024119,0.21844,0.034713,0.14482,-0.052497,-0.27468,0.34678,-0.1933,-0.025161,-0.19535,0.12439,-0.1134,-0.15689,0.13429,-0.060741,0.18761,0.20804,-0.04512,-0.070326,0.27913,0.086781,-0.17086,0.035671,-0.10052,0.22377,-0.1473,-0.030369,0.37696,-0.0070279,0.10922,0.15319,0.029344,-0.084431,0.16556,-0.032314,0.17058,0.27314,0.09131,0.0016309
25,0.66326,0.55706,0.61765,0.67486,0.6248,0.62416,0.58593,0.65226,0.61441,0.5759,0.65151,0.55948,0.57262,0.60536,0.55598,0.50557,0.62592,0.65508,0.39497,0.7189,0.51695,0.53255,0.52476,0.47007,0.5041,1,0.3882,0.54214,0.45932,0.35982,0.4218,0.39506,0.20192,0.18273,0.37804,0.21768,0.42388,0.31745,0.39374,0.3336,-0.015693,0.26488,0.087927,0.24824,0.014515,0.15949,-0.044896,-0.0865,0.33937,-0.40476,-0.31049,0.017971,-0.19622,0.083638,-0.038915,-0.00089778,-0.19747,-0.082406,-0.45849,-0.02957,-0.072627,0.10033,-0.048283,0.11678,-0.088153,-0.33048,-0.14123,0.27665,-0.15999,0.06026,-0.095602,-0.16533,0.045198,-0.040222,0.1031,0.062785,-0.10423,-0.37171,-0.096288,0.37398,-0.031248,0.080318,-0.1546,0.26414,-0.15725,-0.16471,-0.083362,0.1138,0.24521,0.1575,-0.089255,-0.16386,0.26188,0.012798,-0.026982,0.1693,0.13884,-0.052443,-0.05748,-0.11846,0.13609,0.016519,-0.082261,0.3593,-0.042203,0.0264,0.28917,-0.09516,-0.0029325,0.066287,-0.1686,0.031043
26,0.72747,0.71995,0.67144,0.68013,0.64382,0.72001,0.72481,0.67055,0.68046,0.69415,0.66303,0.69286,0.67528,0.509,0.72847,0.58737,0.61544,0.62037,0.71813,0.58223,0.61542,0.62617,0.61346,0.60327,0.64002,0.3882,1,0.65912,0.4651,0.53382,0.6233,0.36995,0.39115,0.2038,0.57826,0.45834,0.23462,0.1987,0.34671,0.53299,-0.0067894,0.27419,0.18027,0.021633,0.20841,0.11865,0.18137,0.015008,-0.098393,-0.081922,-0.097902,-0.078565,-0.03675,-0.11326,0.091628,-0.057743,-0.37998,-0.30771,-0.25595,-0.15252,-0.26986,-0.15837,-0.29328,0.051282,-0.18224,-0.34035,-0.17464,0.048107,-0.22897,-0.1764,-0.16133,0.1154,0.049166,0.041789,0.098955,0.018593,-0.071225,-0.37407,-0.1287,0.30094,0.019516,0.16729,-0.29112,-0.19421,-0.21368,-0.1115,0.19695,0.16105,-0.12263,0.18359,0.022762,-0.075224,0.3576,0.17597,0.16755,-0.038264,0.043518,0.083686,0.069231,-0.06416,0.38682,-0.16362,0.09695,0.011096,0.01834,-0.11538,0.24843,0.039233,-0.079782,0.34423,0.019264,-0.20984
27,0.75902,0.77714,0.74462,0.76721,0.71098,0.81659,0.72472,0.70152,0.75545,0.79405,0.71159,0.78588,0.61915,0.69569,0.77324,0.6938,0.73914,0.74123,0.58309,0.70574,0.58316,0.61454,0.62487,0.59693,0.59671,0.54214,0.65912,1,0.534,0.56695,0.7183,0.47343,0.48788,0.40349,0.48965,0.42882,0.36422,0.31454,0.30911,0.40595,0.063835,0.1641,0.15171,0.086313,0.25672,0.018328,0.19019,-0.24358,0.011512,-0.31766,-0.009191,0.029406,-0.071814,-0.18059,0.090727,-0.047154,-0.15677,-0.33712,-0.17767,-0.15508,-0.087496,0.082893,-0.072172,-0.048925,-0.32616,-0.223,-0.34127,0.19075,-0.19766,0.040021,-0.16816,-0.015907,-0.074063,0.023637,0.10237,-0.015246,-0.05287,-0.36587,-0.3826,0.40591,-0.12461,0.26395,-0.091526,0.22722,-0.070408,-0.31441,0.18637,0.063552,-0.12501,0.28518,-0.065814,-0.12175,0.42574,0.0013223,0.092606,0.074073,-0.07404,-0.094336,0.087482,-0.010595,0.25747,-0.14585,0.026813,-0.028498,-0.01652,-0.0078578,0.19509,0.059053,0.036482,0.18219,-0.01293,-0.087428
28,0.61381,0.67484,0.6184,0.54006,0.6083,0.70935,0.58574,0.57329,0.60984,0.57114,0.61658,0.64547,0.654,0.65623,0.62333,0.69082,0.5078,0.61805,0.51726,0.53984,0.54639,0.49923,0.60612,0.40301,0.62465,0.45932,0.4651,0.534,1,0.41615,0.57159,0.39799,0.43287,0.15778,0.3925,0.29475,0.43557,0.38292,0.4693,0.37841,0.020842,0.099443,0.25219,0.23462,0.091318,0.10493,-0.070509,-0.147,-0.04523,-0.12515,-0.23956,-0.081887,0.052214,0.055956,0.060551,0.11629,-0.32866,-0.2618,-0.21975,-0.087364,-0.14035,0.060027,0.039533,0.034755,-0.14251,-0.44312,-0.19337,0.33519,0.095126,-0.0001061,-0.11936,0.010113,0.19827,-0.086604,0.033655,0.12986,0.049412,-0.12501,-0.24708,0.1471,-0.20527,0.084605,-0.15607,0.054982,-0.014991,-0.11436,0.12444,-0.14266,0.1673,0.26479,0.14371,0.0067658,0.45072,0.038179,0.070895,-0.13757,0.056419,0.13209,0.018909,-0.0070112,0.14662,0.023378,-0.14539,0.2217,-0.057574,0.058394,0.30101,0.076858,-0.016575,0.054105,0.095569,-0.18491
29,0.61023,0.65094,0.61073,0.66178,0.61519,0.60837,0.72822,0.5962,0.60642,0.59884,0.56932,0.62102,0.5333,0.54103,0.58306,0.59664,0.61176,0.55727,0.37775,0.60003,0.46098,0.43146,0.49522,0.48213,0.48884,0.35982,0.53382,0.56695,0.41615,1,0.51986,0.33532,0.32839,0.20193,0.45082,0.34893,0.4209,0.28233,0.29952,0.43292,0.069598,0.20513,0.0011901,0.2535,0.15637,0.12591,-0.035857,-0.0027375,-0.23044,-0.072744,0.033937,-0.013882,0.025323,-0.0732,0.073547,0.16216,-0.26885,-0.41024,-0.081818,-0.12168,-0.068127,0.04775,0.040318,-0.024508,-0.32013,-0.15767,-0.29563,0.11942,-0.079431,0.023967,-0.065107,0.12261,0.23316,-0.03797,0.052059,0.067031,-0.083356,-0.30126,-0.082322,-0.0020172,-0.25048,0.13249,0.083587,-0.0038992,0.1855,-0.22881,0.055054,0.037214,0.010644,0.1488,0.10097,-0.2219,0.1538,-0.062393,0.088565,-0.11673,-0.17524,0.1119,0.11851,-0.10409,0.19199,-0.15131,0.03856,-0.26259,0.042692,0.053768,0.26796,-0.02614,0.081248,0.19733,0.083705,0.065727
30,0.69221,0.7331,0.70899,0.63225,0.67495,0.71275,0.70726,0.69378,0.59029,0.66618,0.67878,0.70837,0.60381,0.65239,0.68003,0.63914,0.62407,0.58067,0.67499,0.59842,0.46953,0.47169,0.5885,0.64894,0.54338,0.4218,0.6233,0.7183,0.57159,0.51986,1,0.42061,0.39487,0.35771,0.39441,0.5008,0.36694,0.26326,0.3597,0.47624,0.23933,0.14376,0.1372,0.077926,0.19169,0.05617,0.15209,0.068631,-0.071623,-0.10239,0.089492,0.18852,-0.17064,0.043197,0.10614,-0.048772,-0.19515,-0.10964,-0.092347,-0.061883,0.00073312,0.12917,-0.18265,-0.094814,-0.38859,-0.23507,-0.21851,0.3008,0.028022,0.16305,-0.15962,0.085242,-0.047206,-0.10186,-0.019088,0.012347,-0.23076,-0.19802,-0.24134,0.35993,0.0012936,0.2524,-0.1471,0.1149,0.094156,-0.1844,-0.068938,0.1111,-0.14538,0.30448,0.11156,-0.12876,0.48039,-0.007601,0.11552,0.17227,-0.090227,0.14826,-0.094652,-0.13215,0.37649,-0.23583,0.043809,-0.12216,0.1557,0.073139,0.17149,0.16654,-0.06906,0.12694,0.1341,-0.012181
31,0.56055,0.57464,0.55462,0.59676,0.64353,0.61522,0.52899,0.54389,0.6609,0.51021,0.54491,0.57446,0.50943,0.53328,0.4951,0.55631,0.57919,0.51287,0.37252,0.51716,0.48011,0.41628,0.61284,0.46485,0.53327,0.39506,0.36995,0.47343,0.39799,0.33532,0.42061,1,0.098786,0.44136,0.33031,0.33365,0.30793,0.39622,0.13358,0.55516,0.103,0.22831,0.010936,0.15371,0.23785,-0.168,-0.14626,-0.16797,0.16639,-0.025956,0.077327,0.14583,-0.095701,0.10391,0.06758,0.16851,-0.34096,-0.26359,-0.11179,-0.1413,0.014232,0.14814,0.10332,-0.044599,-0.29757,-0.39659,-0.1852,0.17231,-0.32466,0.014873,-0.087121,0.15668,-0.093101,0.071133,0.20333,0.11585,-0.088189,-0.14267,-0.28435,0.19949,-0.11195,0.10945,-0.20974,0.14382,0.076795,-0.18919,0.078335,-0.088028,-0.01274,0.10326,-0.13729,-0.055936,0.12309,0.039653,0.0083252,0.21297,0.063828,-0.067,-0.24586,-0.14895,0.19877,-0.29695,0.080975,-0.16779,-0.069904,-0.1706,0.083593,-0.052574,-0.032141,0.26586,-0.066581,-0.074211
32,0.48709,0.54947,0.4786,0.4597,0.47261,0.57869,0.53906,0.44705,0.42185,0.52743,0.35151,0.4965,0.47383,0.48694,0.52398,0.47925,0.49366,0.41825,0.3535,0.40813,0.32836,0.51948,0.46474,0.24465,0.4202,0.20192,0.39115,0.48788,0.43287,0.32839,0.39487,0.098786,1,0.09552,0.32033,0.31512,0.19592,0.14116,0.43391,0.27647,0.0095885,0.034819,0.15935,0.25161,0.17889,0.29199,0.20986,0.098239,-0.15712,-0.052034,0.015608,-0.20954,0.20394,0.044693,0.45866,2.1216e-05,-0.14545,-0.12997,-0.283,-0.17806,-0.091366,0.10435,0.0025959,-0.074027,0.015588,-0.29845,-0.28121,0.041834,-0.16538,0.19293,-0.51062,-0.13646,0.048555,0.06307,-0.027318,0.23506,-0.053645,-0.026789,-0.11435,0.16206,-0.057636,0.15853,0.11239,0.0076904,-0.10312,-0.032465,0.2223,-0.084019,-0.19224,0.021208,0.014393,-0.18094,0.37543,-0.063476,-0.097103,-0.043465,-0.02204,0.014649,0.27612,0.095086,0.26956,0.04345,-0.11618,-0.02428,-0.1396,0.040446,0.15934,0.1459,0.11272,0.21351,0.076776,-0.32872
33,0.36981,0.33012,0.37004,0.42603,0.46068,0.31822,0.3181,0.41339,0.3386,0.31706,0.41648,0.37484,0.24304,0.47361,0.36549,0.3262,0.44443,0.40078,0.27234,0.34769,0.31875,0.35271,0.22362,0.44155,0.25704,0.18273,0.2038,0.40349,0.15778,0.20193,0.35771,0.44136,0.09552,1,0.25129,0.57516,0.13236,0.40245,0.053594,0.23045,-0.028328,0.26828,-0.016456,-0.07559,0.16284,-0.26314,-0.017683,0.01906,-0.11029,0.12702,0.13951,0.26421,-0.08955,0.24423,-0.083608,-0.11365,-0.058545,0.031963,-0.0086166,-0.21812,-0.0099719,-0.14738,0.016068,-0.11879,-0.20426,-0.14178,-0.37479,0.070141,-0.36688,-0.0051551,-0.079072,0.090269,-0.086241,-0.044989,0.40818,0.11526,-0.10911,-0.18829,-0.14567,0.40277,0.026184,-0.039283,0.0062515,0.3083,-0.13993,-0.20261,-0.056474,0.11451,-0.15555,0.32441,-0.10505,0.09456,0.18419,0.16609,0.08011,0.19869,-0.055088,-0.19565,-0.27905,-0.070872,0.26755,-0.292,-0.14827,-0.041354,-0.046654,0.0098501,0.062885,-0.19036,-0.10428,0.36682,-0.0055985,-0.13241
34,0.57413,0.60306,0.49657,0.62407,0.54624,0.55864,0.60557,0.4425,0.58085,0.63598,0.59224,0.57714,0.57599,0.53626,0.57532,0.47166,0.55928,0.60042,0.46532,0.46395,0.58988,0.56156,0.56231,0.45341,0.54311,0.37804,0.57826,0.48965,0.3925,0.45082,0.39441,0.33031,0.32033,0.25129,1,0.33829,0.31861,0.21583,0.2193,0.19453,-0.024253,0.17727,-0.010718,0.12225,0.11444,0.2439,0.056848,-0.10138,-0.2126,0.092143,-0.021624,-0.07696,-0.070682,-0.22068,-0.0064888,0.10956,-0.25213,-0.256,-0.23419,-0.27571,-0.10399,-0.37217,0.003106,0.41738,0.10916,-0.20168,-0.39591,-0.11131,-0.083281,-0.23544,-0.10251,0.16687,-0.095815,-0.12414,0.25032,0.016696,-0.17404,-0.24273,-0.31297,0.25174,-0.070949,0.083412,-0.1746,-0.21952,-0.05461,-0.41018,0.17989,-0.015995,0.11465,0.20205,0.020797,0.23379,0.22142,-0.0027933,0.12011,0.028514,-0.044766,0.054806,0.035023,-0.1738,0.25587,-0.26979,0.041579,0.020269,0.04426,-0.12213,0.15688,0.12045,-0.05974,0.27032,0.087694,-0.067571
35,0.55889,0.53154,0.56536,0.49314,0.58404,0.52289,0.49408,0.6167,0.41171,0.44556,0.49037,0.59294,0.51473,0.53319,0.46267,0.55892,0.50419,0.42213,0.44262,0.53566,0.43159,0.4846,0.3404,0.57061,0.4153,0.21768,0.45834,0.42882,0.29475,0.34893,0.5008,0.33365,0.31512,0.57516,0.33829,1,0.18952,0.077061,0.29873,0.37675,0.15264,0.36523,0.037907,0.083873,0.27417,0.0015294,-0.11938,0.076349,-0.26555,-0.037908,0.062194,0.11289,-0.026079,0.073483,0.069518,-0.10922,-0.19894,0.0554,-0.042039,-0.31177,-0.060529,-0.2726,-0.17474,-0.032823,-0.082822,-0.19577,-0.19481,0.062019,-0.12891,-0.035499,-0.071271,0.096712,0.11436,-0.089573,0.27796,0.066073,-0.14578,-0.16141,-0.19429,0.36055,0.1955,-0.060312,-0.053699,0.005067,-0.21477,-0.036095,-0.26771,0.093491,-0.06025,0.23069,0.015787,-0.084909,0.051533,0.12107,0.033713,0.2058,-0.1206,0.14321,-0.16029,-0.16672,0.32203,-0.11286,-0.10038,-0.097606,-0.10631,0.24085,0.12678,0.15154,-0.16984,0.44001,0.11032,-0.39119
36,0.51353,0.48484,0.54161,0.49495,0.50695,0.5093,0.46544,0.42944,0.50421,0.45005,0.51499,0.4929,0.47398,0.50471,0.34165,0.49591,0.52473,0.48822,0.34633,0.49918,0.36542,0.35559,0.5647,0.39787,0.50933,0.42388,0.23462,0.36422,0.43557,0.4209,0.36694,0.30793,0.19592,0.13236,0.31861,0.18952,1,0.43519,0.4189,0.26884,-0.070729,0.19205,0.095361,0.18913,0.27636,0.049746,-0.15341,-0.12614,0.030894,-0.14777,0.063658,0.22101,-0.12774,0.1003,-0.13082,0.094601,-0.32902,-0.35368,-0.23443,-0.023948,-0.10894,0.16323,0.083508,0.077066,-0.0083315,-0.11782,-0.28484,0.30278,0.035296,-0.019491,0.045524,-0.083594,0.071489,-0.403,0.13936,0.20609,0.0086718,-0.27717,-0.33005,0.25548,-0.0099513,-0.017702,-0.11436,0.040567,0.035666,-0.016508,-0.18092,0.14331,0.17988,0.10306,0.060717,0.17623,0.13363,0.16826,0.030583,0.15199,0.017796,0.18721,-0.20886,-0.070973,0.31319,0.043857,0.047959,0.15284,0.09502,0.015434,0.27893,-0.1703,-0.032785,0.06677,0.087422,0.040066
37,0.46147,0.36686,0.37173,0.47974,0.45334,0.3954,0.4213,0.42355,0.44479,0.38253,0.52736,0.42666,0.33137,0.42213,0.42411,0.33073,0.51996,0.56528,0.17437,0.43484,0.38079,0.23249,0.45387,0.31754,0.55275,0.31745,0.1987,0.31454,0.38292,0.28233,0.26326,0.39622,0.14116,0.40245,0.21583,0.077061,0.43519,1,0.044291,0.34318,0.017374,0.33883,-0.075778,0.11819,0.11139,-0.06869,0.12089,-0.038958,0.21565,0.11246,0.1632,-0.094453,-0.10424,0.11968,-0.15383,-0.027961,-0.18668,-0.11871,0.041134,-0.036396,-0.098461,0.036644,0.24346,-0.12448,-0.131,-0.058351,-0.23528,0.27531,-0.18003,0.00462,0.0013612,-0.19265,-0.048613,0.026502,0.40357,0.17238,0.20524,-0.089057,-0.14344,0.33576,-0.24582,-0.060156,-0.15843,0.16296,0.11067,-0.24917,0.051025,0.15691,0.19218,0.088891,-0.022114,0.1801,0.27242,0.08698,-0.041582,0.039374,-0.13022,-0.086611,-0.12691,0.028266,0.097571,0.12015,0.074111,0.13443,0.12194,-0.13669,0.11837,-0.16213,0.16248,0.20811,0.12399,0.17267
38,0.47762,0.45489,0.49856,0.45901,0.41681,0.4676,0.49729,0.34463,0.4018,0.43862,0.40136,0.51175,0.57281,0.4968,0.39318,0.49576,0.47452,0.49485,0.33754,0.44713,0.35121,0.43848,0.47778,0.32624,0.28782,0.39374,0.34671,0.30911,0.4693,0.29952,0.3597,0.13358,0.43391,0.053594,0.2193,0.29873,0.4189,0.044291,1,0.29329,0.16622,0.21587,0.15002,0.05243,0.41649,0.27883,0.013058,-0.024421,-0.14659,-0.097383,-0.2464,-0.032765,0.027991,0.35198,0.25786,0.063762,-0.41772,-0.08425,-0.23513,-0.077113,-0.20361,-0.034668,-0.12634,-0.040769,-0.062845,-0.31238,-0.10607,0.20595,-0.018568,0.14013,-0.069608,-0.11836,0.11172,-0.15742,-0.1475,0.00011228,0.088541,-0.15138,0.031724,0.14728,0.1721,-0.15597,-0.18888,0.12895,-0.24043,0.032677,-0.2028,0.086932,-0.057136,0.26026,0.088711,-0.15952,0.20144,0.33116,0.023847,0.10335,0.12773,0.12241,0.14605,0.06306,0.27955,-0.045483,-0.20322,0.077917,0.11445,0.1814,0.39447,-0.086142,-0.15079,0.06745,-0.07976,-0.36931
39,0.56851,0.55143,0.56509,0.53408,0.58195,0.59943,0.61639,0.63385,0.51834,0.4773,0.52165,0.5106,0.6178,0.46535,0.53473,0.62299,0.57972,0.43057,0.49416,0.49438,0.51217,0.44347,0.60269,0.36383,0.53422,0.3336,0.53299,0.40595,0.37841,0.43292,0.47624,0.55516,0.27647,0.23045,0.19453,0.37675,0.26884,0.34318,0.29329,1,-0.012943,0.36184,0.27453,0.074173,0.34964,-0.0053756,-0.08253,-0.039257,0.13773,-0.27598,-0.047178,-0.074863,0.00012548,0.12963,0.20723,0.19865,-0.44067,-0.11599,-0.053488,-0.065643,-0.1152,0.11322,-0.069311,-0.2045,-0.10097,-0.35824,-0.14875,0.088656,-0.29799,-0.016265,-0.11376,-0.070803,-0.096843,0.0063187,0.28012,-0.083608,-0.02053,-0.077407,-0.089442,0.028778,-0.054041,0.13647,-0.0027652,0.09622,0.12895,0.092524,0.093995,-0.036341,-0.056241,0.33367,0.12325,-0.21754,0.10159,0.25069,-0.14191,0.14242,-0.049444,0.092416,-0.16184,-0.1109,0.24386,-0.12732,-0.02523,-0.093202,0.0084747,-0.069411,0.25386,-0.042976,-0.028993,0.36858,0.060275,-0.0014863
40,-0.047768,-0.0020875,-0.0024582,0.025977,-0.007859,0.010618,0.027675,-0.065412,-0.035976,-0.016432,0.081749,0.15822,0.13744,0.032688,-0.033611,0.024157,-0.014983,-0.057933,-0.0069199,-0.0033967,-0.12705,-0.069792,-0.013104,0.10614,-0.10431,-0.015693,-0.0067894,0.063835,0.020842,0.069598,0.23933,0.103,0.0095885,-0.028328,-0.024253,0.15264,-0.070729,0.017374,0.16622,-0.012943,1,0.012315,-0.29448,0.10756,0.096176,-0.19978,0.015406,0.13282,-0.10568,0.1103,0.029946,-0.023253,0.019283,-0.048242,0.046422,-0.075843,0.062317,0.030667,0.034496,-0.080597,0.25896,-0.15863,-0.19686,-0.21678,-0.10607,-0.12011,0.095373,0.14725,0.0047612,0.26217,0.084004,0.0751,0.1265,-0.11084,-0.12639,-0.044198,0.08278,0.017026,-0.12918,0.044467,0.083955,-0.10414,0.13525,-0.0095489,0.03524,-0.056515,-0.093069,0.32247,-0.13221,0.051426,0.16953,-0.22435,0.06821,-0.018598,0.11129,0.11003,-0.092931,-0.062396,0.050878,0.16298,-0.00039358,-0.11616,0.066009,-0.30532,0.15947,0.051323,0.042989,0.059135,-0.14218,-0.018672,0.085824,-0.072838
