,0,1,2,3,4,5,6,7,8,9,10,11,12,13,14,15,16,17,18,19,20,21,22,23,24,25,26,27,28,29,30,31,32,33,34,35,36,37,38,39,40,41,42,43,44,45,46,47,48,49,50,51,52,53,54,55,56,57,58,59,60,61,62,63,64,65,66,67,68,69,70,71,72,73,74,75,76,77,78,79,80,81,82,83,84,85,86,87,88,89,90,91
0,1,0.76667,0.71868,0.51318,0.75164,0.75825,0.72089,0.62926,0.67532,0.53262,0.59515,0.66696,0.46681,0.57288,0.36726,0.47378,0.33413,0.33659,0.45344,0.1866,0.10665,0.21346,0.056191,0.12025,-0.43586,0.30792,-0.1243,-0.086059,-0.09866,0.031638,-0.18674,0.10809,-0.10952,-0.2534,-0.15597,-0.45061,0.20837,0.076279,-0.24304,-0.13818,-0.38368,-0.18529,-0.066103,-0.16171,-0.13686,-0.35794,-0.21834,-0.25142,-0.14908,-0.21232,-0.39832,-0.15684,-0.32379,0.10528,-0.42986,-0.041873,-0.15421,-0.062456,-0.084557,0.071881,-0.031072,-0.078703,0.037745,0.0087024,-0.056894,-0.092481,-0.10982,-0.29066,0.15273,0.018186,0.036637,-0.10211,0.068441,0.25494,-0.076011,0.19016,-0.069848,0.037503,0.10283,0.12521,-0.12997,0.30077,0.023488,0.081465,0.23024,0.31881,0.11807,0.030894,0.14974,-0.17041,0.15522,-0.022137
1,0.76667,1,0.696,0.58011,0.80551,0.78441,0.6956,0.58272,0.72183,0.58622,0.56982,0.7196,0.4631,0.55336,0.47787,0.28177,0.30467,0.13118,0.46002,0.20891,0.10374,0.11295,0.094497,0.19944,-0.19149,0.21299,-0.12235,0.12178,-0.058384,-0.15462,-0.10739,0.030149,0.031851,-0.2288,-0.10835,-0.35784,0.18035,0.03992,-0.24247,-0.14227,-0.16907,-0.35191,-0.10221,-0.29234,-0.22996,-0.23314,-0.30218,-0.29212,-0.091252,-0.15225,-0.36279,-0.28173,-0.31091,0.098978,-0.31304,0.015759,-0.12305,-0.18938,0.011102,0.13126,-0.14384,-0.081867,0.034664,-0.063983,-0.049161,-0.020068,-0.13291,-0.20043,-0.067412,0.0030653,0.090214,-0.069163,0.093438,0.15199,-0.058652,0.19642,0.014657,-0.035086,0.045307,-0.036068,-0.16714,0.27712,0.064799,0.2246,0.21817,0.092493,0.14286,-0.038842,0.14755,-0.26493,-0.0017371,0.073806
2,0.71868,0.696,1,0.65192,0.70551,0.76739,0.62279,0.6467,0.65462,0.61823,0.76725,0.4475,0.47664,0.57331,0.33206,0.32054,0.36031,0.069879,0.44242,0.25151,0.19668,-0.0032865,0.1108,0.11721,-0.24193,0.29104,0.068133,-0.0079943,-0.074317,-0.056238,-0.091628,-0.044409,-0.012003,-0.1317,-0.16596,-0.40365,0.32587,-0.10951,-0.32976,-0.1694,-0.23044,-0.1535,-0.092078,-0.19882,0.0041714,-0.47897,-0.01421,-0.14201,-0.1195,-0.12447,-0.22417,-0.098106,-0.30604,0.056003,-0.37999,0.13293,-0.067565,-0.29524,-0.01409,0.041346,-0.038173,0.042766,-0.11513,0.018051,0.053057,0.11607,-0.2203,-0.035793,-0.0074329,-0.025351,0.028285,-0.26052,0.20495,0.28441,0.0029707,-0.027618,-0.095124,0.13997,0.077306,0.038189,0.013364,0.41208,0.10378,-0.03215,0.28615,0.33729,0.12948,0.15349,0.19354,0.032684,0.085378,-0.014969
3,0.51318,0.58011,0.65192,1,0.52358,0.55249,0.5993,0.48555,0.52781,0.46312,0.71019,0.34438,0.42674,0.34911,0.0070911,0.34444,0.34262,0.18231,0.28203,0.20564,0.24617,0.065839,0.13313,0.063975,-0.1998,0.04741,0.082857,-0.10028,-0.14574,-0.1179,0.049768,-0.023052,-0.12016,0.0008998,0.048285,-0.36285,0.26523,0.25349,-0.15961,-0.11797,-0.062843,-0.24864,0.05029,-0.41427,-0.30207,-0.30181,-0.12991,-0.13195,-0.055874,-0.24936,-0.38436,-0.18303,-0.27094,0.055737,-0.13427,0.032611,-0.032946,-0.12032,-0.036476,0.015288,0.039456,-0.23049,-0.20882,0.38544,-0.042831,0.045724,-0.13948,-0.16682,-0.034684,0.13367,-0.296,-0.13727,-0.11361,0.2266,0.0026921,-0.052559,0.06952,-0.017753,0.028267,0.0048946,-0.12488,0.14245,0.08817,-0.0043571,0.29389,0.099247,-0.20726,0.039905,0.21272,0.069987,0.031485,0.19226
4,0.75164,0.80551,0.70551,0.52358,1,0.79742,0.77354,0.61811,0.73144,0.4912,0.59796,0.68988,0.40471,0.55641,0.43106,0.3524,0.37649,0.16386,0.4547,0.14976,0.19079,0.18694,0.094285,0.15783,-0.26973,0.36743,-0.057123,0.0035218,0.052437,-0.056347,0.10383,0.042801,-0.13783,-0.18892,-0.21971,-0.37038,0.40753,-0.18019,-0.21815,-0.10173,-0.25996,-0.3371,-0.10561,-0.27164,-0.040282,-0.28737,-0.13071,-0.073815,-0.047261,-0.15875,-0.22276,-0.09627,-0.30393,-0.049545,-0.29975,-0.12892,-0.17276,-0.20225,0.083117,0.069671,-0.085481,-0.0973,-0.14412,0.034594,-0.049575,-0.072805,-0.13506,-0.084552,-0.089913,0.0079807,0.12814,-0.23314,0.13996,0.22738,-0.024851,0.23094,-0.084664,0.006897,0.030906,0.032626,-0.11023,0.24821,0.090093,0.12978,0.24583,0.22723,0.027234,0.078311,0.15824,-0.22836,0.02706,-0.081911
5,0.75825,0.78441,0.76739,0.55249,0.79742,1,0.73811,0.63886,0.76807,0.47486,0.58876,0.7055,0.53209,0.47139,0.39337,0.25677,0.4682,0.12236,0.49055,0.12862,0.16547,0.0012954,-0.0047701,0.08054,-0.20736,0.31409,-0.11166,0.16375,-0.056078,-0.20813,-0.036876,-0.058781,0.034188,-0.30826,-0.25667,-0.39797,0.25638,-0.045582,-0.33988,-0.14149,-0.35532,-0.28446,-0.20341,-0.29637,-0.10066,-0.3263,-0.14063,-0.098618,-0.039999,-0.023044,-0.25277,-0.15942,-0.3298,0.052922,-0.28968,-0.034408,-0.20997,-0.25097,-0.011641,0.1748,-0.050402,-0.019499,0.014836,0.19739,0.027468,-0.11363,-0.25471,-0.045257,0.1077,-0.06898,0.028024,-0.16707,0.12242,0.28501,-0.095056,0.24699,-0.052501,0.19798,0.19412,0.058415,0.038079,0.44175,-0.072118,0.11549,0.21781,0.1771,0.012925,0.22231,0.076441,-0.12184,0.10043,-0.045787
6,0.72089,0.6956,0.62279,0.5993,0.77354,0.73811,1,0.58627,0.73444,0.41438,0.63914,0.61709,0.50725,0.35437,0.22428,0.51207,0.54545,0.14836,0.41288,0.25578,0.12892,0.28118,-0.060698,0.067269,-0.25417,0.32856,-0.033858,0.11893,0.041451,-0.079351,0.14235,-0.011408,-0.1809,-0.099978,-0.16426,-0.43399,0.26193,-0.071471,-0.13883,-0.052048,-0.29533,-0.19218,-0.046105,-0.21683,-0.16399,-0.26161,-0.18052,-0.22711,-0.044602,-0.2788,-0.27851,-0.025847,-0.17448,0.025878,-0.31152,-0.073954,-0.10237,-0.095833,0.064673,0.1021,-0.11546,-0.11604,-0.063809,0.1302,0.011387,0.0069199,-0.060641,-0.11031,0.12269,-0.016726,-0.019761,-0.16876,-0.07801,0.45513,-0.13863,0.085594,0.086465,0.024061,0.029249,0.094686,-0.033677,0.10525,0.1161,0.14878,0.26753,0.095531,-0.064438,0.1824,0.241,-0.15749,0.15392,-0.038227
7,0.62926,0.58272,0.6467,0.48555,0.61811,0.63886,0.58627,1,0.55413,0.582,0.62477,0.54356,0.51328,0.40991,0.18083,0.25128,0.16023,0.36985,0.36081,0.28033,0.12427,0.018611,0.03625,-0.1681,-0.39602,0.15649,0.043285,-0.20004,0.066931,0.081401,-0.037836,-0.10877,-0.14685,-0.22278,-0.17146,-0.28712,0.14429,-0.069269,-0.22709,-0.16274,-0.22341,-0.19822,0.098777,0.073681,-0.093963,-0.33019,-0.15454,-0.34402,-0.21819,-0.14654,-0.059176,-0.15175,-0.34624,0.061108,-0.23335,-0.010367,-0.14495,-0.29293,-0.0085669,0.0024979,-0.08757,-0.094611,-0.11608,0.0093801,0.085459,-0.020144,-0.23324,-0.10734,-0.0043431,0.15389,0.050096,-0.25333,0.1947,0.22861,-0.18713,0.24333,0.043939,0.082026,0.16817,0.18683,-0.030415,0.29875,0.058935,0.22421,0.2694,0.2029,0.00044837,0.095395,0.085199,-0.047654,0.082859,-0.037715
8,0.67532,0.72183,0.65462,0.52781,0.73144,0.76807,0.73444,0.55413,1,0.27731,0.62175,0.61479,0.55835,0.472,0.20514,0.37071,0.23634,0.15434,0.37347,0.36818,0.32217,-0.083625,0.071833,0.068463,-0.18638,0.24515,0.066274,0.0019654,0.048943,-0.19069,0.070604,0.020964,-0.038589,-0.16594,-0.30798,-0.34957,0.24545,0.085387,-0.28992,-0.12262,-0.27181,-0.078448,-0.13289,-0.28342,-0.079876,-0.39605,-0.027003,-0.15201,-0.078128,-0.14775,-0.29101,-0.11568,-0.24935,-0.09292,-0.29978,-0.044437,-0.046494,-0.032079,0.098637,0.3375,-0.23642,-0.2227,0.067637,0.14811,0.09205,-0.035238,-0.16021,-0.027459,-0.048587,-0.010026,-0.085484,-0.20804,0.079708,0.21503,0.040844,0.085497,-0.10644,0.17008,0.03934,0.0064572,0.019553,0.30231,0.22487,0.097151,0.099584,0.17911,0.1596,0.24783,0.1019,-0.14342,0.035019,0.25761
9,0.53262,0.58622,0.61823,0.46312,0.4912,0.47486,0.41438,0.582,0.27731,1,0.55853,0.50929,0.39991,0.45013,0.28107,0.14541,0.26211,0.1405,0.49932,0.012073,0.0082166,0.04296,0.086404,0.063427,-0.27507,0.10433,0.020309,-0.2294,0.10671,0.20009,-0.015146,-0.10532,-0.062663,0.076065,0.15894,-0.16939,0.2325,0.0044781,-0.1369,-0.28844,-0.085836,-0.041341,0.156,0.1246,-0.019732,-0.13551,-0.076325,-0.23441,-0.22547,-0.055397,-0.12365,-0.074742,-0.21521,0.12975,-0.21192,0.2574,-0.061657,-0.2951,0.051987,0.15129,0.18574,-0.046879,0.084077,-0.17304,0.072432,-0.018801,-0.15228,-0.1204,0.091113,0.055806,0.18935,-0.35337,0.21169,0.16469,-0.18039,-0.022421,-0.0187,-0.14683,-0.0064395,0.15079,-0.023114,0.2938,-0.044545,0.16778,0.45938,0.36685,-0.079826,-0.20558,0.13444,-0.10494,-0.03321,-0.082266
10,0.59515,0.56982,0.76725,0.71019,0.59796,0.58876,0.63914,0.62477,0.62175,0.55853,1,0.45541,0.45329,0.41666,0.087891,0.30471,0.33958,0.25637,0.32419,0.30006,0.27144,0.13793,0.04153,-0.030315,-0.3286,0.15795,0.05245,-0.11689,0.0060532,-0.12575,-0.06381,-0.051725,0.0077243,-0.089312,0.015194,-0.19091,0.16426,0.1166,-0.23504,-0.030763,-0.18078,-0.02638,0.038697,-0.1711,-0.096476,-0.25357,-0.15933,-0.16865,-0.19855,-0.29252,-0.23915,-0.087999,-0.39214,0.075554,-0.16327,0.078949,-0.059791,-0.27031,0.099612,0.16582,0.11964,-0.15318,-0.065041,0.18978,0.060473,0.18552,-0.11764,-0.1802,-0.085867,0.047178,-0.14316,-0.042823,-0.010126,0.33075,0.0049496,-0.078364,-0.11256,0.047547,0.038896,0.038187,-0.00088202,0.19471,0.18661,0.0081094,0.33322,0.38727,-0.0074484,0.17777,0.28836,0.11045,-0.04695,0.0046361
11,0.66696,0.7196,0.4475,0.34438,0.68988,0.7055,0.61709,0.54356,0.61479,0.50929,0.45541,1,0.4711,0.36621,0.46288,0.18709,0.24608,0.25269,0.27559,0.2038,0.072499,0.15551,0.07943,-0.01816,-0.31011,0.28008,0.010025,-0.0028187,0.23957,-0.018609,0.012834,-0.091401,0.12423,-0.24539,-0.019469,-0.1836,0.16715,0.16524,-0.11457,-0.016374,-0.46484,-0.27236,-0.043052,-0.16343,-0.041683,-0.062799,-0.16809,-0.24433,-0.0020848,-0.031544,-0.17518,-0.1062,-0.29916,0.085596,-0.10274,-0.013337,-0.2016,-0.15737,0.092508,0.34743,-0.080433,-0.12971,0.17181,0.10028,0.046401,-0.22453,-0.1028,-0.14535,0.021847,0.13865,0.082721,-0.078716,0.12131,0.29413,-0.035995,0.18892,-0.068671,-0.062006,0.18535,0.026229,-0.074925,0.19222,-0.14894,0.38057,0.26391,0.28472,-0.047442,-0.062937,0.16052,-0.14435,0.051995,-0.066297
12,0.46681,0.4631,0.47664,0.42674,0.40471,0.53209,0.50725,0.51328,0.55835,0.39991,0.45329,0.4711,1,0.3459,0.27051,0.10158,0.14133,0.31725,0.22156,0.22707,0.096481,-0.16645,-0.046818,-0.2269,-0.34897,0.19894,0.067398,-0.0098329,0.1307,-0.13257,-0.010243,0.01318,-0.063123,-0.25814,0.046098,-0.23365,0.069431,0.12406,-0.034262,-0.24107,-0.14665,-0.16848,-0.066488,0.011804,-0.064423,-0.29022,-0.11995,-0.20805,-0.149,-0.068518,-0.16159,-0.14884,-0.2145,0.14305,-0.038287,0.24295,-0.13737,-0.17471,0.14319,0.085833,-0.0091917,-0.24253,0.0005269,-0.021631,-0.021745,-0.099402,-0.20652,0.10471,0.28588,-0.1723,-0.12775,-0.31776,0.16286,0.058925,0.017353,0.043774,0.10662,0.253,0.2789,-0.10509,0.26041,0.16241,0.14561,0.14086,0.14247,0.2815,0.14104,0.14431,0.16191,-0.14283,0.12909,0.12948
13,0.57288,0.55336,0.57331,0.34911,0.55641,0.47139,0.35437,0.40991,0.472,0.45013,0.41666,0.36621,0.3459,1,0.3869,0.19352,0.10355,0.11619,0.33779,0.05452,0.081366,-0.036446,0.29987,0.25806,-0.12527,0.38152,0.028685,-0.13657,-0.06641,0.15321,-0.18364,0.13004,-0.014059,-0.0068983,-0.17488,-0.22668,0.36305,0.039083,-0.12035,-0.12176,0.094535,-0.10327,0.14666,-0.097034,0.29233,-0.49586,-0.076797,-0.12846,0.12392,0.010587,-0.37641,0.12807,-0.039288,0.026052,-0.38534,0.1494,0.10252,-0.072898,0.050272,-0.038552,0.12403,-0.10617,-0.063056,-0.25321,-0.15743,-0.19526,-0.24273,-0.11449,0.11426,0.01861,0.13822,-0.12887,0.22646,-0.021334,-0.068287,-0.030838,-0.094456,0.046479,-0.07746,-0.094654,0.085301,0.26417,0.10545,0.017216,-0.1043,0.30422,0.15134,0.077605,0.17743,-0.14231,0.11956,0.059049
14,0.36726,0.47787,0.33206,0.0070911,0.43106,0.39337,0.22428,0.18083,0.20514,0.28107,0.087891,0.46288,0.27051,0.3869,1,0.15941,0.25764,-0.022301,0.17718,-0.12806,-0.044205,0.084564,0.025425,0.16662,0.012284,0.34422,0.045055,0.24446,0.1021,-0.067194,-0.1344,0.24804,0.06654,-0.17069,-0.0329,-0.15993,0.25518,0.0023622,-0.092057,-0.20366,-0.10566,-0.25043,-0.034712,-0.2021,0.039178,-0.14124,0.022671,-0.22078,0.28472,0.254,-0.066413,0.12586,-0.24423,0.21804,-0.26858,0.22641,-0.20557,-0.18924,-0.03493,-0.072202,-0.020395,0.10462,0.10801,-0.24343,-0.23305,-0.091966,-0.24464,-0.13505,0.3195,-0.2313,0.084601,-0.057452,0.21529,-0.027412,0.18863,0.09306,-0.024739,-0.010086,0.10308,-0.25818,0.11423,0.17199,-0.14725,0.082461,0.0047862,0.20226,0.12097,-0.13688,0.047731,0.053181,0.05805,-0.23998
15,0.47378,0.28177,0.32054,0.34444,0.3524,0.25677,0.51207,0.25128,0.37071,0.14541,0.30471,0.18709,0.10158,0.19352,0.15941,1,0.28219,0.25039,0.27715,0.020586,-0.0035948,0.23752,-0.0094094,0.0087715,-0.23772,0.23927,0.038461,-0.11774,-0.013541,0.065,0.077057,0.097447,-0.10309,0.11484,-0.20056,-0.19237,0.37004,-0.014441,-0.20564,-0.085082,-0.14614,-0.14545,0.18642,-0.26719,-0.22646,-0.25661,0.18005,-0.1492,0.064566,0.09297,-0.073348,0.082837,-0.20888,0.041373,-0.50737,-0.12406,0.16462,0.019048,-0.31528,0.013132,-0.073833,-0.019139,-0.1255,0.028167,-0.020665,-0.11155,-0.13585,-0.21409,0.051567,-0.019526,-0.00080415,-0.19139,-0.099515,0.27172,0.11467,0.11101,0.21041,-0.094767,-0.17833,0.20371,-0.21175,-0.11454,0.30714,0.031091,-0.063235,-0.019672,-0.13437,-0.07245,-0.021992,-0.05746,0.10299,0.016359
16,0.33413,0.30467,0.36031,0.34262,0.37649,0.4682,0.54545,0.16023,0.23634,0.26211,0.33958,0.24608,0.14133,0.10355,0.25764,0.28219,1,-0.041023,0.20662,-0.11224,0.035215,0.27447,-0.053897,0.099924,-0.021156,0.18168,-0.14807,0.25101,-0.11181,0.041044,0.042326,-0.058422,-0.10181,-0.12379,-0.1295,-0.43581,0.11796,0.050489,-0.27922,-0.076007,-0.35635,-0.14686,-0.20038,-0.15138,-0.15367,-0.22464,-0.070587,0.015605,0.12585,0.20825,-0.20977,0.163,-0.055119,0.071734,-0.10863,-4.7708e-05,-0.19762,-0.11759,-0.17759,-0.11373,0.074325,0.027461,0.12557,0.14916,-0.17791,-0.027216,-0.13529,-0.17354,0.32078,-0.12509,-0.16025,-0.04477,-0.39502,0.26573,-0.14986,-0.091644,-0.02863,0.065903,0.0752,0.19023,0.064256,0.17154,-0.09512,-0.03623,0.36036,0.0077102,-0.14625,0.26881,0.23007,0.23299,0.076752,-0.34511
17,0.33659,0.13118,0.069879,0.18231,0.16386,0.12236,0.14836,0.36985,0.15434,0.1405,0.25637,0.25269,0.31725,0.11619,-0.022301,0.25039,-0.041023,1,0.033398,-0.067042,0.13872,0.38482,0.096643,-0.179,-0.58358,0.061921,0.04378,-0.4187,0.057266,0.097998,0.13871,-0.041721,-0.094577,-0.16012,0.1013,0.075729,0.13509,0.21926,0.13925,-0.0018182,-0.1331,-0.11937,0.11741,-0.015318,-0.2424,-0.007317,-0.061328,-0.13129,-0.17641,-0.036491,0.01202,0.026321,-0.020598,0.14353,0.043917,0.069093,-0.09732,-0.1675,0.023655,-0.015871,0.21161,-0.052592,-0.014652,0.11335,0.0016587,-0.15397,-0.23415,-0.073125,0.11031,0.1987,0.015565,0.072464,0.028702,0.11796,0.01262,0.12849,0.085033,0.14831,0.1455,-0.049637,0.021899,0.062955,-0.0042472,0.18882,-0.029368,0.17292,-0.05207,0.052626,0.21255,0.10169,0.098337,0.030548
18,0.45344,0.46002,0.44242,0.28203,0.4547,0.49055,0.41288,0.36081,0.37347,0.49932,0.32419,0.27559,0.22156,0.33779,0.17718,0.27715,0.20662,0.033398,1,-0.0023324,0.038274,0.027337,-0.057054,0.19887,-0.043486,-0.0028202,-0.11449,0.051074,0.036605,-0.017334,0.21678,-0.19053,-0.10183,0.1418,-0.045059,-0.28448,0.12404,-0.084081,-0.027764,0.0581,0.15529,0.17467,0.14332,0.10322,-0.10655,-0.28084,0.075937,-0.15486,-0.046489,-0.12005,-0.13344,-0.2029,-0.045541,-0.11177,-0.24398,-0.039227,-0.10377,-0.078521,0.15159,0.12984,0.11737,-0.080014,0.050028,0.040613,0.025043,-0.061793,-0.012686,-0.11865,-0.050941,-0.11077,0.35664,-0.27313,0.045988,0.023146,-0.082486,0.01622,0.027778,0.089276,-0.042386,0.31291,0.096825,0.097016,-0.024757,-0.20583,-0.023151,0.18826,0.01545,-0.17174,-0.040793,-0.28007,-0.0079662,-0.088428
19,0.1866,0.20891,0.25151,0.20564,0.14976,0.12862,0.25578,0.28033,0.36818,0.012073,0.30006,0.2038,0.22707,0.05452,-0.12806,0.020586,-0.11224,-0.067042,-0.0023324,1,-0.02454,-0.064218,-0.009521,-0.15345,-0.10751,-0.034147,0.11001,-0.11215,0.019256,-0.1403,-0.039923,0.0083019,-0.0096505,-0.14644,-0.15683,-0.24229,0.016446,0.12159,-0.2746,0.29219,-0.18433,0.072206,0.037849,0.18494,-0.00019838,-0.31186,-0.023362,-0.18142,-0.13415,-0.28262,0.075272,0.051939,-0.22928,-0.24948,-0.13462,-0.068287,0.15579,0.013462,-0.015799,0.30569,-0.13976,-0.418,0.021834,0.1746,0.2691,0.15153,0.40707,-0.033111,-0.12654,0.2411,-0.15047,0.21139,0.018181,0.21382,0.05684,-0.12398,-0.091964,-0.058474,0.0052056,0.033219,-0.10986,0.051656,0.14713,0.1772,0.1305,0.16065,0.40965,0.064419,0.02193,0.13733,-0.04071,0.28212
20,0.10665,0.10374,0.19668,0.24617,0.19079,0.16547,0.12892,0.12427,0.32217,0.0082166,0.27144,0.072499,0.096481,0.081366,-0.044205,-0.0035948,0.035215,0.13872,0.038274,-0.02454,1,-0.0090878,0.15566,0.011661,0.069754,-0.14895,-0.11506,-0.21295,0.063317,-0.11095,-0.12212,0.12039,0.076151,-0.070398,0.15218,0.00011821,0.098655,0.1482,-0.022133,-0.17666,0.0719,0.16443,-0.076033,-0.15437,-0.082065,-0.14828,0.049182,0.12484,0.054979,-0.29179,-0.013828,-0.030633,-0.078267,-0.28998,0.053574,0.16798,-0.0081366,-0.039219,0.21267,0.039324,-0.15761,-0.18194,0.17138,0.24107,-0.053858,-0.076799,-0.11145,0.12719,-0.11709,-0.052624,-0.2486,-0.16531,0.1772,-0.058819,0.33192,0.049529,-0.092502,0.067399,-0.15933,0.00038956,-0.10436,0.22315,-0.20615,-0.2931,0.16063,0.136,-0.22913,-0.12215,0.23229,0.15546,-0.01383,0.097658
21,0.21346,0.11295,-0.0032865,0.065839,0.18694,0.0012954,0.28118,0.018611,-0.083625,0.04296,0.13793,0.15551,-0.16645,-0.036446,0.084564,0.23752,0.27447,0.38482,0.027337,-0.064218,-0.0090878,1,-0.090569,0.032311,-0.01695,0.19108,0.063166,-0.087934,0.065441,0.24724,0.096357,0.11159,0.0024511,-0.04715,0.066067,0.1284,0.24097,0.1175,0.25648,0.19815,-0.1087,-0.068624,0.17266,-0.013924,-0.21767,0.078129,-0.096289,0.086539,0.12221,-0.13737,0.078504,0.089714,0.032285,0.079139,0.0035729,-0.015747,0.053246,-0.12635,0.026244,-0.21032,0.099969,0.19557,0.11513,0.053517,0.014615,0.065757,0.15028,-0.19462,0.024298,0.22519,0.096059,0.20306,-0.27816,0.14732,-0.11441,-0.039458,-0.054035,-0.035609,0.030363,-0.015274,-0.10866,-0.15878,-0.07242,-0.086998,0.17431,0.0057832,-0.18063,0.042359,0.25216,-0.023408,0.033807,-0.32059
22,0.056191,0.094497,0.1108,0.13313,0.094285,-0.0047701,-0.060698,0.03625,0.071833,0.086404,0.04153,0.07943,-0.046818,0.29987,0.025425,-0.0094094,-0.053897,0.096643,-0.057054,-0.009521,0.15566,-0.090569,1,0.20469,-0.10214,0.11356,0.10794,-0.27935,0.012324,0.1987,0.04496,-0.19764,-0.16588,0.3005,0.16763,-0.16953,0.22988,0.17106,-0.11358,-0.15311,0.040569,-0.03996,0.23761,-0.023405,0.038584,-0.070577,0.045763,-0.17724,0.08371,0.016765,-0.12668,0.28011,0.17483,0.064201,-0.12783,0.1841,-0.10238,-0.0306,0.33338,-0.047721,-0.12441,0.15892,0.061218,-0.072242,-0.043951,-0.17885,-0.06229,-0.044033,-0.037824,0.20627,-0.034043,-0.19151,-0.023261,0.061588,0.062462,-0.086005,0.34844,0.019812,-0.073317,-0.062924,-0.092724,0.037908,0.045493,0.25753,-0.044781,0.11164,-0.076453,-0.0036662,-0.04868,-0.066718,-0.075206,0.27673
23,0.12025,0.19944,0.11721,0.063975,0.15783,0.08054,0.067269,-0.1681,0.068463,0.063427,-0.030315,-0.01816,-0.2269,0.25806,0.16662,0.0087715,0.099924,-0.179,0.19887,-0.15345,0.011661,0.032311,0.20469,1,0.14921,0.058344,-0.2737,0.11396,-0.098013,-0.21328,0.13986,0.099189,-0.034537,0.30403,0.11771,-0.098124,0.21552,-0.16072,0.05007,0.13469,0.16732,0.037336,-0.090331,-0.13935,0.062227,-0.19466,-0.091392,0.056887,0.33735,-0.052009,-0.42382,0.16459,0.29653,-0.035825,-0.15548,-0.034059,0.0018703,0.14953,0.30251,-0.11884,-0.053603,0.13021,0.099805,-0.0060461,-0.11875,0.12712,-0.14025,-0.036929,-0.01752,0.082354,0.42888,0.20252,-0.03416,-0.098212,0.078705,-0.030616,-0.043157,-0.19353,-0.44238,-0.23229,0.026834,0.16323,-0.086551,-0.22707,-0.26904,0.017569,0.16024,0.088528,0.19668,-0.064244,0.083114,0.076643
24,-0.43586,-0.19149,-0.24193,-0.1998,-0.26973,-0.20736,-0.25417,-0.39602,-0.18638,-0.27507,-0.3286,-0.31011,-0.34897,-0.12527,0.012284,-0.23772,-0.021156,-0.58358,-0.043486,-0.10751,0.069754,-0.01695,-0.10214,0.14921,1,0.030005,0.046638,0.39003,-0.14577,-0.075175,-0.14125,0.20533,0.23125,0.23411,0.10377,0.19397,-0.0060036,0.098065,0.019894,-0.038643,0.29835,0.13291,0.20619,-0.025568,0.034721,0.014854,0.12398,0.27212,0.36139,0.14923,-0.019249,0.086624,0.20009,-0.23711,0.0735,0.082267,0.29977,0.0093534,-0.083272,0.041469,-0.10304,-0.03683,0.092685,-0.074025,-0.050869,-0.011166,-0.0084473,0.13062,-0.06231,-0.047076,0.016526,0.033909,-0.13669,-0.29152,0.18021,-0.20255,0.061029,-0.067315,-0.11414,0.022761,0.12984,-0.1552,-0.11845,-0.35433,-0.14644,-0.19334,-0.12491,-0.08055,-0.030541,-0.12,0.029327,0.099276
25,0.30792,0.21299,0.29104,0.04741,0.36743,0.31409,0.32856,0.15649,0.24515,0.10433,0.15795,0.28008,0.19894,0.38152,0.34422,0.23927,0.18168,0.061921,-0.0028202,-0.034147,-0.14895,0.19108,0.11356,0.058344,0.030005,1,0.06282,0.18195,-0.12848,-0.086909,0.14966,0.24698,-0.015571,-0.13617,-0.16386,-0.035959,0.41098,0.039931,-0.14472,-0.17585,-0.066263,-0.075539,0.11594,-0.15321,0.10923,-0.1794,0.061767,0.19909,0.10084,0.18629,0.043882,0.29366,-0.019792,0.17313,-0.11837,0.0001882,0.10437,-0.18334,-0.012941,-0.076503,-0.090889,0.2052,-0.13641,-0.16392,-0.057432,-0.1124,-0.319,-0.086406,0.2056,-0.034997,0.081114,-0.19873,-0.056903,0.36686,0.043234,0.10581,0.29645,0.1491,-0.094843,-0.076006,0.35091,0.10604,0.068128,0.21371,-0.062354,0.35969,0.015989,0.1802,0.12614,-0.28305,0.028019,-0.039127
26,-0.1243,-0.12235,0.068133,0.082857,-0.057123,-0.11166,-0.033858,0.043285,0.066274,0.020309,0.05245,0.010025,0.067398,0.028685,0.045055,0.038461,-0.14807,0.04378,-0.11449,0.11001,-0.11506,0.063166,0.10794,-0.2737,0.046638,0.06282,1,-0.20662,0.088275,0.17524,0.20196,0.055269,0.19968,0.28263,-0.070517,-0.12712,0.23553,0.1854,0.15183,-0.093841,0.072597,0.095404,0.25756,0.082361,0.14696,0.016792,0.1923,-0.13403,0.013911,0.0091809,0.068186,0.14137,0.13298,0.067845,-0.11135,0.037297,0.24556,-0.086499,-0.0040659,0.096163,0.039218,0.093644,-0.23909,-0.092199,0.28874,0.053635,0.029727,0.14135,0.11718,0.13362,-0.10672,-0.22112,0.10558,-0.079184,0.096998,-0.43311,-0.118,-0.046302,0.13087,-0.0055735,0.12444,-0.23086,0.1698,0.066924,0.13141,0.08983,-0.080956,0.093518,-0.026526,0.060107,0.031659,0.09265
27,-0.086059,0.12178,-0.0079943,-0.10028,0.0035218,0.16375,0.11893,-0.20004,0.0019654,-0.2294,-0.11689,-0.0028187,-0.0098329,-0.13657,0.24446,-0.11774,0.25101,-0.4187,0.051074,-0.11215,-0.21295,-0.087934,-0.27935,0.11396,0.39003,0.18195,-0.20662,1,-0.099989,-0.25739,-0.14878,0.10707,0.12879,-0.19579,-0.15765,-0.12397,-0.33396,-0.11048,0.15985,0.091487,-0.013791,-0.15848,-0.23475,-0.23117,0.050698,0.033019,-0.19603,-0.047278,0.088045,0.020175,-0.19195,-0.08459,0.080821,0.22766,0.10082,-0.12677,0.05197,0.067094,-0.043921,-0.14941,-0.1414,0.21118,-0.032951,-0.047998,-0.23637,0.26689,-0.031614,0.078658,0.062848,-0.28479,0.017413,0.11772,-0.16107,0.2641,0.073615,0.19423,0.15664,0.066682,0.056309,-0.090075,0.24757,0.0024076,-0.078481,0.023778,-0.14178,-0.1962,0.08959,0.040067,-0.046676,-0.13427,-0.076582,-0.079799
28,-0.09866,-0.058384,-0.074317,-0.14574,0.052437,-0.056078,0.041451,0.066931,0.048943,0.10671,0.0060532,0.23957,0.1307,-0.06641,0.1021,-0.013541,-0.11181,0.057266,0.036605,0.019256,0.063317,0.065441,0.012324,-0.098013,-0.14577,-0.12848,0.088275,-0.099989,1,0.2659,0.28033,-0.24263,0.12113,0.18978,0.058077,0.12398,0.023909,-0.15288,0.41783,0.080284,-0.13057,0.12977,0.15118,0.10773,0.20165,0.17277,0.31058,-0.36141,0.059981,-0.044479,0.33118,0.021587,0.083642,0.020395,0.19905,-0.053828,0.10471,0.13426,0.2735,0.098589,-0.20126,0.10387,0.35961,-0.024587,-0.13089,0.085982,0.31329,0.077292,-0.014161,-0.055227,0.17727,-0.088839,0.015636,0.093695,-0.0034246,-0.17988,-0.27272,-0.044881,0.18873,0.12735,-0.073374,-0.18293,-0.1179,0.11961,-0.13093,-0.065005,-0.22301,-0.12128,-0.062898,-0.084119,0.16061,-0.085727
29,0.031638,-0.15462,-0.056238,-0.1179,-0.056347,-0.20813,-0.079351,0.081401,-0.19069,0.20009,-0.12575,-0.018609,-0.13257,0.15321,-0.067194,0.065,0.041044,0.097998,-0.017334,-0.1403,-0.11095,0.24724,0.1987,-0.21328,-0.075175,-0.086909,0.17524,-0.25739,0.2659,1,-0.030441,0.026891,-0.26795,0.16814,-0.093866,-0.0023504,0.024772,-0.089328,0.15286,-0.21795,-0.17349,0.08418,0.33847,0.18975,0.24233,0.093731,0.10071,-0.13525,0.12542,0.16987,0.12979,0.20708,0.17487,-0.041007,-0.11909,0.15709,-0.025424,0.021621,-0.096975,-0.21244,0.11078,0.23804,0.089147,-0.36753,-0.094483,-0.12401,0.11267,0.11104,0.081626,0.17731,-0.0044469,-0.37839,0.060171,0.052168,-0.10429,-0.093301,-0.11926,0.15764,0.16401,0.1879,-0.15104,-0.02238,-0.046972,0.0528,0.11363,-0.0067641,-0.24089,0.063021,-0.076817,-0.037457,0.14789,-0.25045
30,-0.18674,-0.10739,-0.091628,0.049768,0.10383,-0.036876,0.14235,-0.037836,0.070604,-0.015146,-0.06381,0.012834,-0.010243,-0.18364,-0.1344,0.077057,0.042326,0.13871,0.21678,-0.039923,-0.12212,0.096357,0.04496,0.13986,-0.14125,0.14966,0.20196,-0.14878,0.28033,-0.030441,1,-0.23304,-0.23209,0.31113,0.04878,-0.050044,0.26509,-0.13113,0.17444,0.072524,0.10704,0.065338,0.061925,0.042009,-0.069697,0.10475,0.31055,0.012832,0.12799,0.12149,0.2587,0.1732,0.21732,-0.090903,0.114,-0.025446,-0.078348,-0.045234,0.30306,0.13936,0.15434,0.1727,-0.043659,0.17929,0.18352,0.11696,-0.088035,0.23541,-0.041532,0.095477,0.21822,-0.26394,-0.23595,0.1352,-0.091726,-0.10599,0.14333,0.079435,-0.099687,0.048186,0.11438,-0.15334,-0.03693,0.067623,-0.048276,-0.07306,-0.16205,0.16513,-0.078898,0.0045501,-0.097002,0.10698
31,0.10809,0.030149,-0.044409,-0.023052,0.042801,-0.058781,-0.011408,-0.10877,0.020964,-0.10532,-0.051725,-0.091401,0.01318,0.13004,0.24804,0.097447,-0.058422,-0.041721,-0.19053,0.0083019,0.12039,0.11159,-0.19764,0.099189,0.20533,0.24698,0.055269,0.10707,-0.24263,0.026891,-0.23304,1,0.11472,-0.14938,0.071712,-0.028788,0.16355,0.12388,-0.092466,-0.34743,-0.0035417,0.0065864,0.27283,-0.27133,0.078978,0.071478,-0.20842,0.14956,0.20772,0.025484,-0.069879,0.039801,-0.23059,-0.08835,-0.16407,-0.026864,0.24375,-0.13194,-0.10736,-0.21888,0.078361,-0.067595,-0.029307,-0.28209,-0.0046642,0.016653,-0.080135,0.081577,0.29117,-0.16005,-0.18407,-0.056154,0.099271,-0.15644,0.26029,0.044258,-0.095185,0.046706,-0.1808,-0.033689,0.043645,-0.1867,-0.020161,-0.21649,-0.019718,0.16966,-0.073925,0.015281,0.16021,-0.17347,0.0055747,0.11677
32,-0.10952,0.031851,-0.012003,-0.12016,-0.13783,0.034188,-0.1809,-0.14685,-0.038589,-0.062663,0.0077243,0.12423,-0.063123,-0.014059,0.06654,-0.10309,-0.10181,-0.094577,-0.10183,-0.0096505,0.076151,0.0024511,-0.16588,-0.034537,0.23125,-0.015571,0.19968,0.12879,0.12113,-0.26795,-0.23209,0.11472,1,0.036651,0.15486,0.19719,-0.094076,0.12789,0.12371,-0.0039276,-0.07283,0.076529,0.10115,-0.1109,0.13501,0.15633,-0.020004,-0.00074422,0.09393,0.051679,0.08297,-0.23316,0.12806,-0.0023187,0.05388,-0.23818,0.4361,-0.23033,-0.029425,0.11831,-8.0964e-05,0.19747,0.19766,0.030116,0.073173,-0.034865,-0.076852,0.040259,-0.085156,-0.18925,0.11783,0.26813,-0.0075643,-0.13314,0.087588,-0.04922,-0.18061,-0.17631,0.18626,0.27808,0.04225,-0.26946,-0.17207,0.069952,-0.20997,-0.090033,-0.095202,-0.052553,0.03371,-0.14976,0.031128,-0.089421
33,-0.2534,-0.2288,-0.1317,0.0008998,-0.18892,-0.30826,-0.099978,-0.22278,-0.16594,0.076065,-0.089312,-0.24539,-0.25814,-0.0068983,-0.17069,0.11484,-0.12379,-0.16012,0.1418,-0.14644,-0.070398,-0.04715,0.3005,0.30403,0.23411,-0.13617,0.28263,-0.19579,0.18978,0.16814,0.31113,-0.14938,0.036651,1,0.3977,0.042595,0.21087,-0.015598,0.15255,-0.022768,0.29975,0.42762,0.45843,0.14795,0.033981,0.19061,0.24223,-0.093632,0.23048,-0.10933,-0.029468,0.27521,0.54379,0.020431,-0.1053,0.17716,0.18904,0.09156,0.35514,0.16044,0.18343,0.12634,0.031036,-0.076032,0.10247,0.033886,-0.091671,0.011509,0.00031784,0.10455,0.2838,-0.1606,-0.050642,-0.10697,0.022966,-0.33402,0.26474,-0.15259,-0.11746,0.20416,-0.024999,-0.30586,0.18039,-0.046563,-0.26739,-0.061846,-0.19377,-0.05115,-0.11662,-0.046684,-0.016396,0.12524
34,-0.15597,-0.10835,-0.16596,0.048285,-0.21971,-0.25667,-0.16426,-0.17146,-0.30798,0.15894,0.015194,-0.019469,0.046098,-0.17488,-0.0329,-0.20056,-0.1295,0.1013,-0.045059,-0.15683,0.15218,0.066067,0.16763,0.11771,0.10377,-0.16386,-0.070517,-0.15765,0.058077,-0.093866,0.04878,0.071712,0.15486,0.3977,1,0.16829,-0.14992,0.24501,0.08171,-0.061595,0.10553,0.075586,0.28376,0.12682,-0.25156,0.48577,-0.19857,-0.063065,0.244,-0.14846,-0.044146,-0.060751,0.055107,0.22561,0.14884,0.36412,-0.036259,-0.25011,0.30591,0.035316,0.24661,-0.088385,0.042553,-0.1311,0.072235,-0.041955,-0.032204,-0.091709,0.090261,-0.10886,0.11878,-0.0092606,-0.084839,-0.22358,0.11325,-0.23067,0.26324,0.00031178,0.03366,0.022858,0.012731,-0.39415,-0.29357,-0.19088,-0.020122,0.12032,-0.22239,-0.29596,0.25585,-0.012367,-0.058958,0.15775
35,-0.45061,-0.35784,-0.40365,-0.36285,-0.37038,-0.39797,-0.43399,-0.28712,-0.34957,-0.16939,-0.19091,-0.1836,-0.23365,-0.22668,-0.15993,-0.19237,-0.43581,0.075729,-0.28448,-0.24229,0.00011821,0.1284,-0.16953,-0.098124,0.19397,-0.035959,-0.12712,-0.12397,0.12398,-0.0023504,-0.050044,-0.028788,0.19719,0.042595,0.16829,1,0.0039283,0.037277,0.20901,0.12281,0.22358,0.10896,0.14171,-0.022985,0.0095035,0.26222,0.22679,0.26142,0.082526,0.22566,0.26049,-0.029203,0.094993,-0.08125,0.33774,0.081923,-0.01744,0.092401,0.053557,0.11195,0.05475,0.036048,0.17916,0.079409,0.10853,-0.13305,-0.20327,0.00051321,-0.27261,-0.017742,0.1074,0.043628,0.074425,-0.10925,-0.0093494,0.12909,0.00075629,0.023244,0.029683,-0.16253,0.24194,-0.07583,0.0031888,0.076897,-0.16988,0.012552,-0.12383,-0.15953,-0.17894,-0.024501,-0.066183,-0.0549
36,0.20837,0.18035,0.32587,0.26523,0.40753,0.25638,0.26193,0.14429,0.24545,0.2325,0.16426,0.16715,0.069431,0.36305,0.25518,0.37004,0.11796,0.13509,0.12404,0.016446,0.098655,0.24097,0.22988,0.21552,-0.0060036,0.41098,0.23553,-0.33396,0.023909,0.024772,0.26509,0.16355,-0.094076,0.21087,-0.14992,0.0039283,1,-0.022233,-0.10086,-0.066589,0.082064,-0.010777,0.26889,-0.1275,0.14534,-0.30439,0.34334,0.19824,0.1419,0.20312,0.070413,0.22785,-0.011715,-0.15664,-0.054062,0.12621,0.17545,-0.20896,0.13908,0.22524,-0.052936,0.019537,-0.093934,0.17291,0.11096,-0.078215,-0.18648,-0.011886,0.03655,0.26467,0.17328,-0.21718,0.26709,0.047143,0.068513,-0.098937,-0.052816,-0.098274,-0.16798,-0.052425,0.083189,0.12038,0.19983,0.050171,-0.035633,0.34054,-0.27227,0.16966,0.03682,-0.062958,0.052964,-0.055092
37,0.076279,0.03992,-0.10951,0.25349,-0.18019,-0.045582,-0.071471,-0.069269,0.085387,0.0044781,0.1166,0.16524,0.12406,0.039083,0.0023622,-0.014441,0.050489,0.21926,-0.084081,0.12159,0.1482,0.1175,0.17106,-0.16072,0.098065,0.039931,0.1854,-0.11048,-0.15288,-0.089328,-0.13113,0.12388,0.12789,-0.015598,0.24501,0.037277,-0.022233,1,-0.044784,0.15072,-0.037044,0.092983,0.24203,-0.025217,-0.28656,-0.082055,0.13135,-0.063939,0.06134,0.083336,-0.14244,0.017217,-0.12638,0.019707,0.15864,0.2162,0.11215,0.11554,-0.014902,0.25991,0.11443,-0.29296,0.19474,0.30865,0.14606,-0.23253,-0.016119,-0.30588,0.1998,0.2835,-0.41528,0.11126,-0.24332,-0.1269,0.11775,-0.23329,0.069601,-0.087279,0.062571,0.061489,0.19611,-0.10365,-0.017631,0.041555,0.11713,0.10703,-0.17817,-0.18273,0.098235,0.14697,-0.12608,0.29961
38,-0.24304,-0.24247,-0.32976,-0.15961,-0.21815,-0.33988,-0.13883,-0.22709,-0.28992,-0.1369,-0.23504,-0.11457,-0.034262,-0.12035,-0.092057,-0.20564,-0.27922,0.13925,-0.027764,-0.2746,-0.022133,0.25648,-0.11358,0.05007,0.019894,-0.14472,0.15183,0.15985,0.41783,0.15286,0.17444,-0.092466,0.12371,0.15255,0.08171,0.20901,-0.10086,-0.044784,1,0.13091,0.23748,0.1829,0.13285,0.049065,0.17644,0.14691,0.085367,-0.12727,0.042678,-0.27178,0.075078,-0.079346,0.47081,0.11519,0.30779,-0.10859,0.3037,0.14965,0.31721,-0.19559,0.025336,0.25708,0.053136,0.094121,-0.13434,0.28367,0.12457,0.16212,-0.045036,0.069759,0.23346,0.095195,-0.028276,0.079363,-0.080944,-0.040095,-0.1272,-0.27664,0.18831,-0.090787,0.12601,-0.26062,-0.13307,-0.026934,-0.26075,-0.10412,-0.21661,-0.15056,0.0013174,-0.15917,0.0397,-0.21515
39,-0.13818,-0.14227,-0.1694,-0.11797,-0.10173,-0.14149,-0.052048,-0.16274,-0.12262,-0.28844,-0.030763,-0.016374,-0.24107,-0.12176,-0.20366,-0.085082,-0.076007,-0.0018182,0.0581,0.29219,-0.17666,0.19815,-0.15311,0.13469,-0.038643,-0.17585,-0.093841,0.091487,0.080284,-0.21795,0.072524,-0.34743,-0.0039276,-0.022768,-0.061595,0.12281,-0.066589,0.15072,0.13091,1,0.089223,-0.021025,-0.12327,0.26061,-0.021154,-0.09438,0.097646,-0.0013106,0.094666,-0.097544,0.018548,0.029597,0.019458,-0.16846,0.23559,-0.10086,0.019342,0.30491,0.048162,0.21306,0.031447,-0.21352,-0.20272,0.3342,0.19068,0.065418,0.41518,-0.15237,-0.30384,0.42423,0.22777,0.49615,0.016654,-0.054087,0.069283,-0.20535,-0.21215,-0.22031,-0.15303,-0.051606,0.014715,-0.14908,0.12117,-0.10583,-0.18535,-0.11097,0.14354,-0.031366,0.13208,0.16401,0.047225,-0.05974
40,-0.38368,-0.16907,-0.23044,-0.062843,-0.25996,-0.35532,-0.29533,-0.22341,-0.27181,-0.085836,-0.18078,-0.46484,-0.14665,0.094535,-0.10566,-0.14614,-0.35635,-0.1331,0.15529,-0.18433,0.0719,-0.1087,0.040569,0.16732,0.29835,-0.066263,0.072597,-0.013791,-0.13057,-0.17349,0.10704,-0.0035417,-0.07283,0.29975,0.10553,0.22358,0.082064,-0.037044,0.23748,0.089223,1,0.22465,0.14939,0.2428,-0.08475,-0.02206,-0.04589,-0.0063634,0.11956,-0.11981,-0.084049,0.013545,0.25293,-0.068877,0.16782,0.18897,0.11569,0.20875,0.10268,-0.094741,0.052016,-0.031276,-0.19234,-0.11217,-0.10045,0.12713,-0.015238,-0.026621,-0.13897,0.015815,0.22289,-0.029529,0.041221,-0.38448,0.19919,-0.12435,0.24682,-0.091696,-0.33249,-0.19246,0.069963,-0.05806,0.095117,-0.21519,-0.20611,0.038724,-0.007708,-0.18905,-0.19919,-0.17933,-0.067159,0.068072
41,-0.18529,-0.35191,-0.1535,-0.24864,-0.3371,-0.28446,-0.19218,-0.19822,-0.078448,-0.041341,-0.02638,-0.27236,-0.16848,-0.10327,-0.25043,-0.14545,-0.14686,-0.11937,0.17467,0.072206,0.16443,-0.068624,-0.03996,0.037336,0.13291,-0.075539,0.095404,-0.15848,0.12977,0.08418,0.065338,0.0065864,0.076529,0.42762,0.075586,0.10896,-0.010777,0.092983,0.1829,-0.021025,0.22465,1,0.18344,0.26588,0.21089,0.042647,0.25596,0.085792,-0.015173,-0.29894,0.16667,0.20917,0.36853,-0.14969,0.11822,0.10238,0.16256,0.16936,0.35992,0.18038,0.051488,-0.032286,0.36197,0.1076,0.18326,0.1483,0.053434,-0.13329,0.013844,-0.0053799,0.076171,-0.030747,-0.010252,0.0060467,-0.080754,-0.29126,-0.14654,0.037452,-0.010223,0.2961,0.29822,-0.036203,0.072328,-0.19114,-0.14354,0.36349,0.029454,0.0028628,-0.099176,0.045747,-0.21067,-0.16172
42,-0.066103,-0.10221,-0.092078,0.05029,-0.10561,-0.20341,-0.046105,0.098777,-0.13289,0.156,0.038697,-0.043052,-0.066488,0.14666,-0.034712,0.18642,-0.20038,0.11741,0.14332,0.037849,-0.076033,0.17266,0.23761,-0.090331,0.20619,0.11594,0.25756,-0.23475,0.15118,0.33847,0.061925,0.27283,0.10115,0.45843,0.28376,0.14171,0.26889,0.24203,0.13285,-0.12327,0.14939,0.18344,1,0.057605,0.055423,0.12314,0.12978,-0.084377,0.13663,0.086897,0.23648,0.036251,0.10808,-0.10538,-0.028643,-0.030063,0.29466,-0.2638,0.060018,0.070524,0.11413,0.039392,-0.021461,-0.15843,0.11522,-0.12653,0.011732,0.0011463,0.042403,0.18318,0.17764,-0.14393,-0.027016,0.0494,0.024658,-0.29175,0.27066,-0.044737,0.078475,0.25337,0.0034697,-0.46361,0.053601,0.0076757,-0.2603,0.095357,-0.36161,-0.12891,0.1156,-0.26459,0.18517,0.094343
43,-0.16171,-0.29234,-0.19882,-0.41427,-0.27164,-0.29637,-0.21683,0.073681,-0.28342,0.1246,-0.1711,-0.16343,0.011804,-0.097034,-0.2021,-0.26719,-0.15138,-0.015318,0.10322,0.18494,-0.15437,-0.013924,-0.023405,-0.13935,-0.025568,-0.15321,0.082361,-0.23117,0.10773,0.18975,0.042009,-0.27133,-0.1109,0.14795,0.12682,-0.022985,-0.1275,-0.025217,0.049065,0.26061,0.2428,0.26588,0.057605,1,0.10946,-0.063628,-0.064333,-0.13976,-0.14447,-0.025707,0.14832,0.11937,0.12223,0.011546,0.12089,0.28877,0.021271,0.059475,0.09871,0.18543,0.12587,-0.022614,0.038406,-0.25099,0.12152,0.18601,0.25703,-0.022968,-0.017147,0.17081,0.31777,-0.07594,0.11904,-0.27192,-0.047343,-0.10418,0.018162,-0.14094,-0.1189,0.1991,0.016945,0.0012787,0.074342,-0.059318,0.093721,0.13722,0.22267,0.025496,-0.13308,-0.033216,-0.081082,-0.060396
44,-0.13686,-0.22996,0.0041714,-0.30207,-0.040282,-0.10066,-0.16399,-0.093963,-0.079876,-0.019732,-0.096476,-0.041683,-0.064423,0.29233,0.039178,-0.22646,-0.15367,-0.2424,-0.10655,-0.00019838,-0.082065,-0.21767,0.038584,0.062227,0.034721,0.10923,0.14696,0.050698,0.20165,0.24233,-0.069697,0.078978,0.13501,0.033981,-0.25156,0.0095035,0.14534,-0.28656,0.17644,-0.021154,-0.08475,0.21089,0.055423,0.10946,1,-0.18444,0.13383,0.17639,-0.12105,-0.059945,0.03659,0.21199,0.16545,-0.16176,0.063417,-0.10862,0.18291,-0.016024,0.15733,0.075559,0.01857,0.076787,0.0062509,-0.13966,-0.016275,0.020407,0.049983,0.2678,-0.07645,-0.079879,0.19311,-0.051313,0.30439,0.091479,-0.20491,-0.11166,-0.32043,-0.020759,-0.024008,-0.014183,0.28953,-0.012224,0.036711,-0.013317,-0.13802,0.19392,0.11191,0.11888,0.15787,0.041724,-0.0326,-0.11664
45,-0.35794,-0.23314,-0.47897,-0.30181,-0.28737,-0.3263,-0.26161,-0.33019,-0.39605,-0.13551,-0.25357,-0.062799,-0.29022,-0.49586,-0.14124,-0.25661,-0.22464,-0.007317,-0.28084,-0.31186,-0.14828,0.078129,-0.070577,-0.19466,0.014854,-0.1794,0.016792,0.033019,0.17277,0.093731,0.10475,0.071478,0.15633,0.19061,0.48577,0.26222,-0.30439,-0.082055,0.14691,-0.09438,-0.02206,0.042647,0.12314,-0.063628,-0.18444,1,-0.21626,-0.069545,0.11344,-0.040574,0.28153,-0.10698,0.047825,0.19557,0.20085,0.027909,-0.071958,-0.20827,0.098227,0.063645,0.13235,0.26855,-0.087598,-0.22253,0.1171,0.020765,0.19171,0.057584,-0.016671,-0.079168,0.053542,0.096595,0.010198,-0.049019,0.051438,-0.03782,0.052593,0.036317,0.18202,0.018175,-0.17315,-0.42966,-0.20721,0.14849,-0.064808,-0.2126,-0.35769,-0.053867,-0.06046,-0.21423,-0.053942,-0.13609
46,-0.21834,-0.30218,-0.01421,-0.12991,-0.13071,-0.14063,-0.18052,-0.15454,-0.027003,-0.076325,-0.15933,-0.16809,-0.11995,-0.076797,0.022671,0.18005,-0.070587,-0.061328,0.075937,-0.023362,0.049182,-0.096289,0.045763,-0.091392,0.12398,0.061767,0.1923,-0.19603,0.31058,0.10071,0.31055,-0.20842,-0.020004,0.24223,-0.19857,0.22679,0.34334,0.13135,0.085367,0.097646,-0.04589,0.25596,0.12978,-0.064333,0.13383,-0.21626,1,0.075727,0.12644,0.31242,0.46881,0.30764,0.16247,-0.4139,-0.073558,0.054021,0.22392,0.10113,0.0087987,0.19871,-0.021659,0.054954,0.11229,0.27808,0.25668,-0.27722,-0.043928,0.21671,0.094187,0.14694,-0.030093,-0.21919,0.082812,0.024429,0.091771,-0.23173,-0.11878,-0.052741,0.10753,0.15507,0.33077,0.027856,0.020109,0.025279,-0.11474,-0.051754,-0.22405,-0.15154,-0.24339,0.20531,0.0959,-0.03584
47,-0.25142,-0.29212,-0.14201,-0.13195,-0.073815,-0.098618,-0.22711,-0.34402,-0.15201,-0.23441,-0.16865,-0.24433,-0.20805,-0.12846,-0.22078,-0.1492,0.015605,-0.13129,-0.15486,-0.18142,0.12484,0.086539,-0.17724,0.056887,0.27212,0.19909,-0.13403,-0.047278,-0.36141,-0.13525,0.012832,0.14956,-0.00074422,-0.093632,-0.063065,0.26142,0.19824,-0.063939,-0.12727,-0.0013106,-0.0063634,0.085792,-0.084377,-0.13976,0.17639,-0.069545,0.075727,1,0.018335,0.099805,0.24593,0.03686,-0.011057,-0.19781,0.1664,-0.085384,0.043325,-0.20293,-0.040505,-0.041326,0.11413,-0.085275,-0.13745,0.1472,0.22849,-0.13508,-0.1716,0.22129,-0.23727,0.073069,0.094735,-0.036637,0.025262,-0.071697,-0.056679,0.060826,-0.023564,0.15864,-0.11365,-0.19406,0.11348,0.1379,0.10074,-0.41008,0.026915,0.14227,0.1135,0.11992,0.27169,0.062921,-0.22495,-0.14194
48,-0.14908,-0.091252,-0.1195,-0.055874,-0.047261,-0.039999,-0.044602,-0.21819,-0.078128,-0.22547,-0.19855,-0.0020848,-0.149,0.12392,0.28472,0.064566,0.12585,-0.17641,-0.046489,-0.13415,0.054979,0.12221,0.08371,0.33735,0.36139,0.10084,0.013911,0.088045,0.059981,0.12542,0.12799,0.20772,0.09393,0.23048,0.244,0.082526,0.1419,0.06134,0.042678,0.094666,0.11956,-0.015173,0.13663,-0.14447,-0.12105,0.11344,0.12644,0.018335,1,0.35349,0.049755,0.38239,0.14128,-0.057284,-0.23492,0.25423,0.076017,-0.075809,0.0040034,-0.18454,0.15585,0.13647,-0.036647,-0.041923,0.037394,-0.1727,-0.14729,0.098654,0.21638,0.084993,0.13783,-0.00047986,-0.064134,-0.20238,0.3123,-0.10781,-0.00012353,0.10238,0.024884,-0.16313,0.062673,-0.097967,-0.34002,-0.26966,-0.31904,-0.088773,-0.22626,0.14343,-0.034734,0.10575,0.16577,-0.20692
