4.9703e-11 3.8118e-11 3.9124e-11 3.3441e-11 3.3869e-11 3.705e-11 4.3997e-11 3.3375e-11 4.7779e-11 3.4314e-11 3.8588e-11 3.7542e-11 3.3744e-11 4.3106e-11 3.5471e-11 3.8638e-11 3.5127e-11 4.5886e-11 3.8687e-11 4.8404e-11 3.6931e-11 3.9174e-11 3.2465e-11 3.4864e-11 4.3856e-11 3.5568e-11 3.7053e-11 4.2666e-11 4.0315e-11 4.1095e-11 4.3337e-11 4.0941e-11 3.4731e-11 5.4614e-11 3.5862e-11 4.5744e-11 3.1852e-11 3.8736e-11 3.0133e-11 3.3269e-11 3.1837e-11 2.9903e-11 2.4604e-11 2.2944e-11 2.6924e-11 3.3417e-11 2.4785e-11 2.6628e-11 2.3269e-11 1.9419e-11 1.9636e-11 1.969e-11 2.5791e-11 1.9023e-11 1.2515e-11 1.886e-11 2.3311e-11 1.2259e-11 1.6181e-11 1.5257e-11 1.0518e-11 1.4565e-11 8.8429e-12 1.7939e-11 1.5754e-11 6.6387e-12 1.6504e-11 -7.3596e-13 1.1885e-11 7.9856e-12 1.4885e-12 8.9236e-12 5.2533e-12 5.8316e-12 6.6145e-12 1.5088e-11 1.4392e-12 7.0211e-12 9.5806e-13 1.2181e-11 8.5279e-12 4.9825e-12 2.2802e-12 6.0969e-12 4.1742e-12 6.3614e-13 7.4219e-12 -4.838e-13 7.9296e-13 2.4022e-12 1.0596e-12 6.3298e-12 -1.9434e-13 7.6798e-12 1.8994e-12 1.0252e-12 9.4931e-13 1.5171e-12 -4.3588e-12 8.1997e-12 4.3726e-12 4.1881e-12 8.6539e-12 5.6926e-13 3.5179e-12 -1.9123e-12 5.009e-12 7.5596e-12 4.4615e-12 1.5515e-12 5.6925e-12 1.9817e-13 5.059e-12 2.3467e-12 -1.0556e-12 -2.3134e-12 1.0638e-12 3.2043e-12 -9.9007e-13 2.3898e-12 -3.7209e-14 9.6682e-13 6.0038e-13 -1.7897e-12 -6.4092e-13 -2.4157e-13 -1.625e-12 3.0753e-12 1.6905e-12 6.5364e-13 2.0543e-12 -1.3345e-12 -2.2095e-12 -4.1867e-13 6.8403e-13 1.5404e-12 2.6645e-12 -3.2586e-12 2.4131e-13 -3.5108e-13 -2.5926e-12 2.3647e-14 -1.7713e-12 -7.5741e-14 1.4144e-12 2.0973e-13 1.138e-12 1.1092e-12 1.7048e-12 7.7386e-13 6.9877e-13 -2.6073e-12 -1.2355e-14 -9.2147e-14 -1.1367e-12 1.0358e-12 -4.809e-13 -3.0888e-13 -4.8898e-13 1.1379e-12 1.828e-12 1.0744e-12 3.8229e-13 3.4452e-13 -3.6826e-13 6.4857e-13 2.551e-13 -1.2807e-13 -1.0903e-13 2.2084e-13 -2.4612e-15 4.5538e-13
3.8118e-11 3.8911e-11 3.2844e-11 2.983e-11 2.8276e-11 3.1621e-11 4.0596e-11 2.9425e-11 4.0127e-11 2.7895e-11 3.3926e-11 3.4572e-11 3.0836e-11 3.6436e-11 3.2291e-11 3.291e-11 3.1463e-11 3.8859e-11 3.005e-11 4.0701e-11 3.2475e-11 3.5512e-11 2.59e-11 2.8372e-11 3.7575e-11 3.2364e-11 3.2525e-11 3.8001e-11 3.6904e-11 3.545e-11 3.5916e-11 3.4871e-11 2.7759e-11 4.8246e-11 3.3118e-11 4.0874e-11 2.6764e-11 3.4747e-11 2.5293e-11 3.141e-11 2.7838e-11 2.5497e-11 2.1314e-11 1.9318e-11 2.6939e-11 2.6791e-11 2.3969e-11 2.476e-11 2.0554e-11 1.6748e-11 1.7814e-11 1.7967e-11 2.5397e-11 1.926e-11 9.6714e-12 1.6699e-11 1.9734e-11 1.364e-11 1.2097e-11 1.185e-11 1.0207e-11 1.3758e-11 6.3393e-12 1.5067e-11 1.4893e-11 7.6274e-12 1.5888e-11 2.5471e-13 1.3027e-11 6.8504e-12 -5.9681e-13 7.3579e-12 5.5717e-12 5.0853e-12 4.4327e-12 1.4963e-11 2.5136e-12 2.7037e-12 9.9909e-13 1.0621e-11 6.01e-12 4.8751e-12 1.9413e-12 4.8448e-12 2.8287e-12 8.821e-13 4.2725e-12 3.1226e-12 -2.1547e-12 1.7388e-12 1.4782e-12 3.7403e-12 -8.9086e-14 4.6198e-12 3.1942e-12 1.69e-12 -1.072e-12 1.8316e-12 -2.1287e-12 4.3144e-12 3.3373e-12 3.5372e-12 7.8768e-12 -1.0477e-12 4.1979e-12 -7.4786e-13 6.5554e-13 5.233e-12 4.2814e-12 1.938e-12 5.0085e-12 -5.1937e-13 3.2983e-12 4.0635e-12 -9.3523e-13 -2.0187e-12 5.3326e-13 2.8262e-12 1.0895e-13 1.4863e-12 1.7085e-12 1.6274e-12 3.3141e-13 -3.0059e-13 -9.6819e-13 -9.0072e-13 -1.8773e-12 1.4886e-12 1.5893e-12 1.6849e-12 1.9678e-12 -2.8173e-12 -8.6911e-13 -1.746e-12 -1.1227e-14 1.6526e-12 1.9999e-12 -1.1227e-12 1.0573e-14 -4.3592e-13 -2.8922e-12 -9.0355e-13 -1.2901e-12 -1.1523e-13 2.1741e-12 3.9732e-13 -3.6759e-13 9.9737e-13 6.6856e-13 1.2192e-12 -1.6563e-13 -9.5333e-13 5.6253e-13 2.92e-13 -9.5028e-13 7.5981e-13 1.8638e-13 3.6182e-13 -7.4301e-13 5.3055e-13 1.8129e-12 1.0955e-12 2.9733e-13 6.1747e-14 -1.1443e-13 1.0189e-13 2.9935e-13 -1.2984e-13 -3.6772e-13 2.8808e-13 2.576e-14 2.0197e-13
3.9124e-11 3.2844e-11 4.2618e-11 3.1761e-11 2.9362e-11 3.3821e-11 3.7875e-11 2.8145e-11 4.2378e-11 2.9575e-11 3.236e-11 3.2102e-11 3.411e-11 3.6306e-11 3.1961e-11 3.4152e-11 3.19e-11 4.0605e-11 3.1329e-11 4.3928e-11 3.225e-11 3.4724e-11 2.6301e-11 3.2498e-11 4.0175e-11 3.429e-11 3.3769e-11 3.7531e-11 3.6635e-11 3.5742e-11 3.8966e-11 3.6669e-11 2.9559e-11 4.5193e-11 3.0539e-11 4.3122e-11 2.8841e-11 3.673e-11 2.5521e-11 2.9946e-11 2.9378e-11 2.7091e-11 2.4971e-11 1.8443e-11 2.4963e-11 2.9292e-11 2.0182e-11 2.1578e-11 1.93e-11 1.8489e-11 1.6776e-11 1.6787e-11 2.2873e-11 1.5658e-11 1.0199e-11 1.5463e-11 1.9164e-11 1.4636e-11 1.7208e-11 1.3227e-11 1.1832e-11 1.5266e-11 1.1277e-11 1.3589e-11 1.5483e-11 4.8204e-12 1.172e-11 3.7569e-12 1.0284e-11 8.3649e-12 1.7265e-12 4.9706e-12 6.5906e-12 5.9289e-12 4.6912e-12 1.6743e-11 2.8641e-12 6.6706e-12 2.0849e-12 9.2626e-12 9.1091e-12 3.8454e-12 -1.7859e-13 4.2618e-12 3.207e-12 -5.2171e-14 8.0018e-12 -1.737e-12 -1.591e-12 6.3898e-13 7.1565e-13 4.8488e-12 -3.5479e-13 7.8481e-12 5.528e-13 5.9176e-13 1.8482e-12 1.8418e-12 -3.7245e-12 4.2985e-12 3.0183e-12 3.4975e-12 7.4095e-12 -8.1692e-13 4.1759e-12 1.4325e-12 5.4034e-12 7.3466e-12 1.6895e-12 3.0216e-12 3.4346e-12 7.3313e-13 7.278e-12 1.5473e-12 -2.8636e-13 -7.9406e-13 1.1003e-12 1.2995e-12 2.7473e-13 1.5911e-12 -1.1505e-12 1.7338e-12 -3.5576e-13 -1.9639e-12 1.1911e-12 3.9564e-13 -4.4842e-12 2.0093e-12 2.038e-12 -1.1332e-12 2.2178e-12 -2.3114e-12 -1.71e-13 -1.443e-12 5.7826e-13 2.8574e-12 1.0831e-12 -1.0533e-12 4.0561e-13 3.5136e-14 -2.6126e-12 9.2194e-13 -1.2727e-12 3.7122e-13 1.1925e-12 -1.8331e-13 5.335e-13 1.0568e-12 1.6768e-12 3.7603e-13 4.9811e-13 -1.0511e-12 -3.0002e-13 -3.8536e-13 -8.6979e-13 -9.4126e-14 -4.1662e-13 -7.3978e-13 -2.9866e-13 4.3297e-13 1.2485e-12 1.1965e-12 6.629e-13 7.0885e-14 -5.9702e-13 3.0733e-13 1.8653e-13 7.2702e-15 -2.4299e-13 -3.6111e-14 8.1696e-14 5.1535e-13
3.3441e-11 2.983e-11 3.1761e-11 3.6571e-11 2.7444e-11 3.215e-11 3.6273e-11 2.7937e-11 3.9973e-11 2.6245e-11 3.0831e-11 3.0606e-11 2.8057e-11 3.3869e-11 2.9132e-11 3.2248e-11 3.1789e-11 3.6348e-11 2.7116e-11 3.8468e-11 2.8387e-11 3.2576e-11 2.641e-11 3.2332e-11 3.7287e-11 3.0142e-11 3.0931e-11 3.318e-11 3.3817e-11 3.2591e-11 3.6216e-11 3.0569e-11 2.8982e-11 4.6578e-11 3.22e-11 3.5687e-11 2.7162e-11 3.4795e-11 2.555e-11 2.9591e-11 2.8889e-11 2.569e-11 1.9989e-11 1.8368e-11 2.2764e-11 2.3826e-11 2.1122e-11 2.123e-11 1.7275e-11 1.7313e-11 1.6715e-11 1.5406e-11 2.1373e-11 1.49e-11 1.1449e-11 1.4596e-11 2.0082e-11 1.487e-11 1.3746e-11 1.5436e-11 1.0997e-11 9.5093e-12 7.927e-12 1.2246e-11 1.1464e-11 3.3883e-12 1.3035e-11 2.3434e-12 1.0504e-11 3.7454e-12 5.3678e-13 5.4788e-12 6.1016e-12 6.1684e-12 5.2775e-12 1.4422e-11 2.8852e-12 3.0598e-12 -1.1479e-12 1.0171e-11 6.296e-12 2.5859e-12 1.4175e-12 3.568e-12 2.9457e-13 3.6427e-13 3.4946e-12 6.9783e-13 -2.0742e-12 -2.4919e-13 3.1239e-13 4.4724e-12 -2.0341e-12 4.4738e-12 2.3564e-12 2.0738e-12 3.0982e-12 3.0181e-12 -2.2958e-12 4.2576e-12 4.1037e-12 5.3156e-12 8.7912e-12 -4.142e-13 4.905e-12 -3.2919e-13 4.238e-12 6.6119e-12 5.1611e-12 3.3106e-12 3.6451e-12 -1.4351e-12 5.6508e-12 2.1882e-12 -1.4146e-12 -1.7518e-12 2.5891e-13 1.5221e-12 2.5398e-12 1.2238e-12 -7.3521e-13 6.8964e-13 -5.8627e-13 -6.81e-13 1.8418e-12 4.7629e-13 -2.9684e-12 3.1782e-12 1.0862e-12 2.352e-12 1.5652e-12 2.8823e-13 -1.9374e-12 -1.0316e-12 1.8902e-12 2.3676e-12 1.1687e-12 7.4287e-13 2.0329e-13 6.2605e-13 -3.116e-12 9.5075e-13 -7.4792e-13 3.0608e-13 2.6432e-12 1.3449e-12 -1.7951e-13 4.4438e-13 7.8387e-13 -1.4217e-13 -2.8827e-13 -1.4491e-13 -1.8571e-12 -1.8867e-13 -1.2298e-12 -1.9218e-13 -2.1674e-13 -4.5534e-13 -8.3731e-13 4.9681e-13 1.4009e-12 5.1231e-13 4.482e-13 -4.7507e-13 1.2374e-13 3.8359e-13 -1.555e-15 1.0016e-13 -3.3764e-13 -8.4834e-15 8.7102e-14 2.0267e-13
3.3869e-11 2.8276e-11 2.9362e-11 2.7444e-11 3.102e-11 2.9555e-11 3.6396e-11 2.6519e-11 3.7105e-11 2.5219e-11 2.8708e-11 2.8159e-11 2.6651e-11 3.2451e-11 2.8104e-11 3.0655e-11 2.7999e-11 3.5066e-11 2.8068e-11 3.7274e-11 2.7953e-11 3.0775e-11 2.1842e-11 2.804e-11 3.4662e-11 2.603e-11 2.5823e-11 3.2345e-11 3.4507e-11 2.9718e-11 3.0672e-11 3.0844e-11 2.6107e-11 4.1389e-11 3.0017e-11 3.3121e-11 2.5161e-11 2.8797e-11 2.3433e-11 2.6812e-11 2.2182e-11 2.2583e-11 1.9412e-11 1.6094e-11 2.2011e-11 2.306e-11 1.8261e-11 1.9496e-11 1.6136e-11 1.5818e-11 1.3693e-11 1.5844e-11 2.2686e-11 1.4224e-11 9.5612e-12 1.3955e-11 1.8376e-11 1.083e-11 1.4412e-11 1.278e-11 5.7334e-12 1.2795e-11 6.8846e-12 1.0731e-11 1.2389e-11 6.6041e-12 1.356e-11 2.0853e-12 6.9224e-12 6.3291e-12 1.6199e-12 7.2695e-12 5.6097e-12 5.2818e-12 3.6414e-12 1.2489e-11 1.5614e-12 3.2744e-12 -1.61e-13 8.1453e-12 5.365e-12 3.6496e-12 -2.0208e-12 2.4769e-12 2.9889e-12 5.3147e-13 5.5667e-12 2.5543e-12 8.409e-13 1.5221e-12 9.3823e-13 4.3142e-12 5.0432e-13 4.471e-12 2.3532e-13 -1.2036e-12 2.3127e-12 5.7221e-13 -6.3548e-12 4.8765e-12 1.4301e-12 2.8428e-12 5.3837e-12 3.5297e-13 3.1135e-12 -2.2595e-13 2.9547e-12 2.5404e-12 5.5194e-12 2.3075e-12 3.4205e-12 -9.2372e-13 3.1927e-12 4.4087e-12 -4.5596e-13 -2.1085e-12 1.881e-12 1.7861e-12 3.6319e-13 -8.2465e-13 -6.4919e-13 4.9235e-13 3.3217e-13 -1.1344e-12 2.4986e-13 -1.038e-13 -2.6781e-12 2.1316e-12 2.0219e-12 1.5234e-12 1.5596e-12 -9.1278e-13 -1.0321e-12 -7.4418e-13 7.4813e-13 2.3937e-12 1.3277e-12 -1.041e-12 4.1998e-13 -5.621e-13 -3.0143e-12 1.2511e-12 -1.0259e-12 -4.8675e-13 1.1561e-12 -8.7084e-13 2.3352e-13 9.2099e-13 1.7146e-12 -1.5838e-13 -3.2207e-14 -1.2976e-12 -6.0321e-14 1.8847e-13 -6.8527e-13 2.1747e-13 -4.3583e-13 1.4804e-13 -3.8582e-13 7.0147e-13 1.1562e-12 4.0492e-13 3.5836e-13 4.6163e-13 -4.8195e-13 -1.2533e-13 5.0332e-13 1.3832e-13 -2.4873e-13 1.6325e-13 2.0545e-14 -2.0531e-13
3.705e-11 3.1621e-11 3.3821e-11 3.215e-11 2.9555e-11 3.9254e-11 3.5735e-11 2.7166e-11 3.8516e-11 2.6597e-11 3.3507e-11 3.3486e-11 3.0988e-11 3.6243e-11 2.9882e-11 3.4974e-11 3.2492e-11 3.9294e-11 3.0478e-11 4.2252e-11 3.0966e-11 3.5002e-11 2.8597e-11 3.1639e-11 3.8352e-11 3.0685e-11 3.193e-11 3.4815e-11 3.4712e-11 3.4899e-11 3.8407e-11 3.4766e-11 2.8236e-11 4.6662e-11 3.0308e-11 3.817e-11 2.8601e-11 3.6745e-11 2.6125e-11 2.8409e-11 2.7587e-11 2.6786e-11 2.1659e-11 1.6999e-11 2.1214e-11 2.4655e-11 1.9659e-11 2.1441e-11 1.9338e-11 1.8268e-11 1.6934e-11 1.7485e-11 2.2151e-11 1.5195e-11 9.4728e-12 1.7021e-11 2.0537e-11 1.4343e-11 1.6057e-11 1.485e-11 7.5671e-12 1.199e-11 8.8044e-12 1.5594e-11 1.2711e-11 4.5201e-12 1.1478e-11 4.2842e-12 1.2108e-11 8.6616e-12 -2.2154e-14 7.9785e-12 3.6518e-12 4.4285e-12 4.6611e-12 1.548e-11 1.0027e-13 6.9005e-12 -1.3273e-13 1.1223e-11 4.6376e-12 4.9176e-12 1.8885e-12 2.1818e-12 2.2665e-12 -1.9093e-12 6.2029e-12 6.3576e-13 -9.2072e-13 2.6418e-13 1.2022e-12 4.7216e-12 -1.8097e-13 3.2367e-12 2.5773e-12 1.6553e-12 1.5293e-12 2.2916e-12 -3.1955e-12 3.332e-12 2.5881e-12 4.5549e-12 1.0103e-11 7.0075e-13 3.1165e-12 -1.0096e-12 4.7081e-12 3.4039e-12 4.4184e-12 3.2829e-12 4.0325e-12 -1.9688e-12 2.2429e-12 3.3288e-12 -8.5656e-13 -2.8602e-12 2.1648e-12 2.5675e-12 -1.1584e-13 5.2922e-13 1.144e-13 9.2016e-13 -5.7875e-13 -1.3286e-12 -1.0802e-12 8.0751e-13 -2.5046e-12 2.8049e-12 3.7854e-13 4.6664e-14 1.6645e-12 -1.5226e-12 -2.4677e-12 -1.42e-14 1.3165e-12 1.6078e-12 2.1625e-12 -1.4319e-12 3.5281e-13 1.3062e-12 -3.4904e-12 9.9499e-13 -1.1198e-12 1.4766e-12 1.8407e-12 5.0661e-14 -8.5554e-13 3.9504e-13 1.3228e-12 2.5741e-13 5.4309e-13 1.4608e-13 -8.7981e-13 2.747e-13 -8.0539e-13 1.5824e-13 -3.9627e-13 -6.9269e-13 -8.2679e-13 2.7387e-13 1.5195e-12 5.0829e-13 8.4896e-13 -3.0852e-13 -8.1917e-13 2.1002e-13 2.0803e-13 5.0054e-14 -1.6064e-13 2.8981e-13 -2.2345e-14 2.2409e-13
4.3997e-11 4.0596e-11 3.7875e-11 3.6273e-11 3.6396e-11 3.5735e-11 5.5761e-11 3.51e-11 4.8435e-11 3.2131e-11 3.7182e-11 3.808e-11 3.434e-11 4.2998e-11 3.5472e-11 3.7473e-11 3.8142e-11 4.6492e-11 3.712e-11 4.873e-11 3.8958e-11 3.6543e-11 2.9484e-11 3.2008e-11 4.4525e-11 3.4234e-11 3.6809e-11 4.232e-11 4.3876e-11 4.1452e-11 4.2051e-11 3.8208e-11 3.4692e-11 5.3047e-11 3.9729e-11 4.514e-11 3.4539e-11 3.9752e-11 3.2744e-11 3.6732e-11 3.0728e-11 3.0618e-11 2.1943e-11 2.0615e-11 3.1356e-11 3.0682e-11 2.7234e-11 2.8844e-11 2.1497e-11 2.1208e-11 1.9962e-11 2.1714e-11 3.144e-11 2.1518e-11 1.1677e-11 1.9134e-11 2.3347e-11 1.0061e-11 1.5752e-11 1.6635e-11 1.2079e-11 1.6122e-11 5.9451e-12 1.4248e-11 1.6748e-11 9.2989e-12 1.8882e-11 9.0425e-13 9.339e-12 7.7425e-12 -7.9569e-13 1.0182e-11 1.0227e-11 7.2841e-12 5.0677e-12 1.8364e-11 3.7283e-12 2.0799e-12 -4.835e-14 1.1229e-11 7.3445e-12 4.2047e-12 1.7206e-12 6.2462e-12 5.0444e-12 2.6334e-12 5.4479e-12 2.3887e-12 -3.4564e-12 2.8124e-12 3.0889e-12 6.989e-12 1.5186e-12 6.2317e-12 3.3134e-12 -1.3958e-12 -1.4538e-12 1.2182e-12 -5.053e-12 5.0371e-12 2.4666e-12 6.2621e-12 8.4493e-12 -1.0032e-13 6.3401e-12 -1.2743e-12 1.8989e-12 6.286e-12 6.1637e-12 3.6695e-12 2.4482e-12 2.5509e-14 5.331e-12 4.7657e-12 -2.9938e-12 -1.5756e-12 -1.8344e-12 2.2929e-12 -3.5523e-13 2.5744e-12 -1.7659e-12 1.5406e-12 1.4727e-13 -3.7225e-13 8.4022e-13 -5.986e-13 -2.3645e-12 1.0158e-12 1.4377e-12 2.9266e-12 2.1848e-12 -1.5856e-12 -1.3171e-12 -1.9877e-12 8.5844e-13 4.1851e-12 1.2192e-12 -2.117e-12 -1.1979e-12 -5.4148e-13 -2.481e-12 -5.905e-13 -1.9271e-12 -7.7331e-13 1.832e-12 9.1018e-13 1.0316e-12 2.691e-12 1.6283e-12 8.2831e-13 -8.233e-13 -1.7008e-12 -2.2297e-12 -9.0116e-13 -1.2523e-12 -7.1305e-13 -2.0242e-13 2.2779e-14 -6.5016e-13 1.6772e-12 1.9398e-12 1.0436e-12 -6.6858e-14 3.7428e-13 1.9008e-14 -4.0386e-15 1.7434e-13 -4.5077e-14 -6.2539e-13 2.9194e-13 2.0893e-13 -3.3211e-14
3.3375e-11 2.9425e-11 2.8145e-11 2.7937e-11 2.6519e-11 2.7166e-11 3.51e-11 3.0489e-11 3.6957e-11 2.5341e-11 2.8484e-11 2.8153e-11 2.4867e-11 3.0879e-11 2.7248e-11 2.9918e-11 2.5655e-11 3.5031e-11 2.6812e-11 3.6294e-11 2.6872e-11 3.0246e-11 2.1774e-11 2.6789e-11 3.6282e-11 2.7207e-11 3.0086e-11 2.9921e-11 3.1932e-11 3.1529e-11 3.1057e-11 2.8436e-11 2.698e-11 4.247e-11 2.8276e-11 3.4891e-11 2.4176e-11 3.0762e-11 2.3745e-11 2.7216e-11 2.4462e-11 2.3213e-11 1.979e-11 1.7931e-11 2.3964e-11 2.0991e-11 1.9362e-11 2.2115e-11 1.8034e-11 1.4582e-11 1.5448e-11 1.4107e-11 2.0293e-11 1.491e-11 9.2267e-12 1.2689e-11 1.5898e-11 1.2723e-11 1.1376e-11 1.3544e-11 9.149e-12 1.2023e-11 5.6719e-12 1.3126e-11 1.0881e-11 6.904e-12 1.488e-11 1.989e-12 8.0758e-12 4.3976e-12 5.0106e-13 5.9432e-12 5.5175e-12 5.3867e-12 4.7759e-12 1.2728e-11 2.1425e-12 1.7746e-12 1.6437e-12 1.0068e-11 5.1422e-12 2.8333e-12 -2.643e-13 2.4199e-12 1.2101e-12 1.8183e-12 3.6668e-12 1.8963e-12 -9.834e-13 2.4823e-12 2.6285e-12 4.6998e-12 9.6283e-13 4.2852e-12 -8.7674e-14 -1.3332e-12 1.3885e-12 1.1382e-12 -4.4788e-12 3.5928e-12 3.6895e-12 2.8366e-12 5.899e-12 -1.3931e-12 4.864e-12 -1.865e-13 9.6651e-13 3.583e-12 3.8619e-12 1.7285e-12 3.5105e-12 -1.6233e-12 3.3032e-12 3.3785e-12 -1.4221e-12 -2.5631e-12 3.1645e-13 1.1636e-12 5.7378e-13 2.3847e-12 -9.7575e-13 -7.5028e-13 3.5664e-14 6.5968e-13 1.1447e-12 -9.3317e-13 -1.803e-12 1.8993e-12 7.0467e-13 1.4379e-12 1.0786e-12 -1.0551e-12 -1.0013e-12 -2.0387e-12 1.7875e-12 1.4075e-12 1.5253e-12 -1.5319e-12 5.123e-13 -6.9636e-13 -1.44e-12 2.3923e-13 -3.2105e-13 -5.5594e-13 6.9607e-13 6.7709e-13 -1.0165e-13 5.0572e-13 1.0421e-12 6.0669e-13 2.0994e-14 -1.3289e-12 -8.2407e-13 3.2224e-13 -4.4434e-13 -4.153e-14 -6.6806e-14 6.6904e-13 -3.6981e-13 9.1204e-13 1.4202e-12 7.3648e-13 2.892e-13 -1.3528e-13 -3.5631e-13 -2.2791e-13 2.9514e-13 -7.7071e-14 -2.746e-13 2.4188e-13 2.5614e-13 -7.3529e-15
4.7779e-11 4.0127e-11 4.2378e-11 3.9973e-11 3.7105e-11 3.8516e-11 4.8435e-11 3.6957e-11 5.8542e-11 3.7039e-11 4.2084e-11 4.2689e-11 3.7703e-11 4.3427e-11 3.8629e-11 4.1562e-11 3.9931e-11 5.0329e-11 3.7099e-11 5.3024e-11 3.9017e-11 4.213e-11 3.3307e-11 3.9695e-11 4.8788e-11 3.97e-11 4.2823e-11 4.3138e-11 4.3957e-11 4.5682e-11 4.6251e-11 4.2208e-11 3.7971e-11 6.03e-11 4.0797e-11 4.785e-11 3.7593e-11 4.1967e-11 3.5025e-11 3.7904e-11 3.514e-11 3.1367e-11 2.8753e-11 2.5839e-11 3.2725e-11 3.2954e-11 2.9015e-11 2.6772e-11 2.4875e-11 1.9868e-11 2.147e-11 2.1619e-11 3.1869e-11 2.1549e-11 1.1809e-11 1.8205e-11 2.3446e-11 1.557e-11 1.8593e-11 1.6949e-11 8.6725e-12 1.5333e-11 8.0205e-12 1.5426e-11 1.6224e-11 8.6299e-12 1.8834e-11 1.6954e-12 1.2727e-11 4.2346e-12 8.7502e-13 8.2412e-12 8.7805e-12 6.0853e-12 7.1135e-12 1.6822e-11 3.0233e-12 6.6037e-12 1.2531e-12 1.2142e-11 1.0943e-11 3.9108e-12 -1.0599e-12 4.3528e-12 3.2892e-12 3.09e-12 6.6239e-12 5.6609e-13 -1.607e-13 1.0993e-12 2.0246e-12 6.5179e-12 1.6838e-13 7.3362e-12 2.9951e-12 3.4397e-12 2.9826e-12 3.8385e-12 -4.0232e-12 8.9133e-12 3.1868e-12 4.6273e-12 7.18e-12 -1.5491e-12 7.1894e-12 2.4852e-12 5.4655e-12 8.1831e-12 5.8782e-12 8.7903e-13 6.027e-12 -6.3538e-14 7.2158e-12 2.0357e-12 -1.2338e-12 -2.6439e-12 1.8099e-12 2.5474e-12 2.4281e-12 2.3175e-12 -1.3426e-12 -4.0055e-13 1.0818e-12 -1.6592e-12 3.5617e-13 -6.2693e-13 -4.02e-12 4.7799e-12 1.5379e-12 2.9141e-12 2.7744e-12 -8.9416e-13 -1.7003e-12 -1.4392e-12 9.856e-13 1.9268e-12 2.9154e-12 -1.063e-12 9.1793e-13 -1.4114e-12 -4.2554e-12 -5.6022e-14 -1.5091e-12 -6.7771e-13 2.9854e-12 -2.2015e-13 2.3603e-13 1.1225e-12 2.4517e-12 9.4214e-13 -6.2801e-14 -1.2172e-12 -1.6611e-12 -6.6968e-13 -1.7201e-12 1.4672e-13 9.0547e-14 2.9897e-13 -1.035e-12 9.8451e-13 2.462e-12 9.5658e-13 8.4694e-13 -2.5467e-13 -6.9933e-14 1.5552e-13 -5.0438e-14 1.9024e-13 -3.5314e-13 4.8166e-14 2.3405e-13 2.7487e-13
3.4314e-11 2.7895e-11 2.9575e-11 2.6245e-11 2.5219e-11 2.6597e-11 3.2131e-11 2.5341e-11 3.7039e-11 3.0232e-11 2.9868e-11 3.1563e-11 2.6443e-11 3.1482e-11 2.7745e-11 2.9476e-11 2.6508e-11 3.3504e-11 2.7194e-11 3.6981e-11 2.7991e-11 2.9632e-11 2.616e-11 2.9958e-11 3.4398e-11 2.8023e-11 2.8055e-11 3.1314e-11 3.2358e-11 3.078e-11 3.2461e-11 3.0101e-11 2.5021e-11 4.1525e-11 2.9481e-11 3.4359e-11 2.4711e-11 2.801e-11 2.3582e-11 2.5214e-11 2.3837e-11 2.2861e-11 1.8102e-11 1.6606e-11 2.254e-11 2.3414e-11 2.2359e-11 1.9165e-11 1.8325e-11 1.3315e-11 1.6086e-11 1.4543e-11 1.9329e-11 1.5762e-11 8.2867e-12 1.4395e-11 1.7069e-11 1.0559e-11 1.0272e-11 1.1574e-11 8.1107e-12 1.053e-11 7.9205e-12 1.1616e-11 1.0736e-11 6.4587e-12 1.1938e-11 1.5842e-12 8.9277e-12 6.1562e-12 2.9521e-12 6.0817e-12 1.5808e-12 4.9186e-12 4.1956e-12 1.1528e-11 1.3066e-12 5.3844e-12 5.7195e-13 8.6119e-12 7.1756e-12 3.8051e-12 7.8444e-14 2.682e-12 2.9968e-12 2.2549e-12 4.5089e-12 1.9113e-12 -7.7789e-13 1.442e-12 7.0414e-13 3.2548e-12 2.4106e-13 4.4812e-12 2.63e-12 4.3969e-13 2.4484e-12 6.1949e-14 -5.2901e-12 6.1447e-12 3.8745e-12 1.8671e-12 5.2263e-12 -1.6748e-12 1.5419e-12 7.4369e-14 5.0108e-12 5.0413e-12 9.0513e-13 2.9567e-12 4.5636e-12 -2.5129e-13 3.0598e-12 1.5186e-12 -1.2244e-12 -2.3267e-12 2.447e-12 3.2706e-12 3.2546e-13 9.7697e-14 9.165e-14 9.3236e-13 1.0725e-12 -3.0087e-13 -1.0666e-12 -5.3468e-13 -1.5152e-12 2.5513e-12 1.7886e-12 9.9522e-13 2.1381e-12 -5.7496e-13 -2.7013e-12 -1.781e-12 1.3448e-12 1.432e-12 1.5997e-12 -1.3277e-12 1.6751e-12 -7.5643e-13 -2.6309e-12 -7.452e-13 -6.8227e-13 -6.1479e-13 2.5402e-12 9.6203e-13 3.9805e-13 8.6279e-13 1.7394e-12 5.8051e-13 9.5783e-14 -1.7272e-12 -7.9381e-13 -3.436e-13 -3.8145e-13 9.524e-13 -3.8281e-13 1.5503e-13 -3.2505e-13 5.9065e-13 1.1932e-12 6.0971e-13 5.4075e-13 2.0957e-13 -1.2062e-13 7.0457e-14 1.2268e-13 6.4684e-15 -4.6694e-14 7.8544e-15 7.0132e-14 5.3384e-13
3.8588e-11 3.3926e-11 3.236e-11 3.0831e-11 2.8708e-11 3.3507e-11 3.7182e-11 2.8484e-11 4.2084e-11 2.9868e-11 4.1178e-11 3.5348e-11 2.854e-11 3.7526e-11 3.0622e-11 3.6026e-11 3.2713e-11 3.8009e-11 3.1225e-11 4.047e-11 3.0423e-11 3.6265e-11 2.838e-11 3.2724e-11 3.7212e-11 3.2339e-11 3.3915e-11 3.626e-11 3.6205e-11 3.4342e-11 3.7812e-11 3.5091e-11 2.7915e-11 4.8834e-11 3.052e-11 3.8767e-11 2.9733e-11 3.5315e-11 2.6476e-11 2.8791e-11 2.7285e-11 2.4797e-11 2.038e-11 1.9405e-11 2.4903e-11 2.6542e-11 2.6325e-11 1.9205e-11 2.2205e-11 1.8809e-11 1.6008e-11 1.7359e-11 2.5254e-11 1.6713e-11 8.589e-12 1.8453e-11 1.9943e-11 1.2852e-11 1.4554e-11 1.2809e-11 9.0947e-12 1.2985e-11 6.7391e-12 1.3552e-11 1.1125e-11 6.7153e-12 1.502e-11 4.5681e-13 9.9179e-12 7.0147e-12 -1.8131e-12 6.0845e-12 4.8732e-12 3.8583e-12 6.5552e-12 1.3869e-11 -9.6426e-13 4.1865e-12 1.0999e-12 1.1421e-11 4.5024e-12 3.6311e-12 2.1014e-12 3.0566e-12 3.0672e-12 1.6045e-13 4.2246e-12 1.0277e-12 -1.6664e-12 2.4142e-12 2.5913e-12 4.8501e-12 1.6283e-13 5.2874e-12 2.3447e-12 2.7529e-12 -2.8499e-13 2.9995e-12 -3.0479e-12 6.647e-12 2.7719e-12 5.1723e-12 6.437e-12 -1.952e-13 4.4315e-12 2.2276e-14 4.4333e-12 7.1522e-12 3.6384e-12 3.7419e-12 6.2094e-12 -1.1033e-12 3.2808e-12 1.9722e-12 -1.2566e-12 -3.3985e-12 3.3722e-12 4.1018e-12 -1.3417e-13 -5.303e-13 1.3274e-13 3.6682e-13 1.2772e-12 -9.4507e-13 4.1668e-13 1.1399e-12 -2.9263e-12 2.8028e-12 1.794e-12 1.6107e-12 1.4132e-12 -1.4423e-12 -2.8224e-12 -2.1339e-12 -3.2e-13 8.7375e-13 3.0615e-12 -9.4605e-13 2.5134e-12 -1.9974e-13 -3.6765e-12 -1.787e-13 -5.2662e-13 -6.875e-13 3.1147e-12 8.8776e-13 -1.8318e-13 1.9102e-12 8.6514e-13 9.0655e-13 6.8652e-13 -1.4995e-12 -6.7417e-13 -5.2828e-13 -1.701e-12 -5.2977e-14 1.7162e-13 2.7772e-13 -5.8721e-13 4.0198e-13 1.7998e-12 2.2272e-13 4.5906e-13 -2.7354e-13 -9.0313e-14 -1.7942e-15 3.7418e-13 2.6141e-13 -2.3638e-13 2.1345e-13 3.3298e-14 1.7717e-13
3.7542e-11 3.4572e-11 3.2102e-11 3.0606e-11 2.8159e-11 3.3486e-11 3.808e-11 2.8153e-11 4.2689e-11 3.1563e-11 3.5348e-11 4.8404e-11 3.1849e-11 3.7245e-11 3.5321e-11 3.3809e-11 3.4801e-11 4.1944e-11 3.134e-11 4.4666e-11 3.2518e-11 3.7601e-11 3.226e-11 3.258e-11 4.1412e-11 3.4182e-11 3.4191e-11 3.8072e-11 3.4014e-11 3.8554e-11 3.748e-11 3.4274e-11 3.0449e-11 4.912e-11 3.6245e-11 4.2513e-11 3.3083e-11 3.471e-11 3.0794e-11 3.168e-11 2.7163e-11 2.7619e-11 2.1245e-11 1.8853e-11 2.4708e-11 2.2856e-11 2.5846e-11 2.6361e-11 2.1478e-11 1.5434e-11 1.7085e-11 1.7498e-11 2.5395e-11 1.768e-11 9.353e-12 1.7646e-11 2.0117e-11 1.1989e-11 1.1569e-11 1.5726e-11 9.0879e-12 1.2238e-11 1.1031e-11 1.5446e-11 1.2573e-11 4.3271e-12 1.6818e-11 -7.0945e-13 1.1067e-11 5.3455e-12 2.3961e-12 7.2877e-12 5.5762e-12 4.9806e-12 2.3874e-12 1.6881e-11 5.0587e-14 7.0003e-12 -2.1354e-12 1.0773e-11 4.8891e-12 4.8124e-12 -6.8524e-13 4.2988e-12 2.1546e-12 1.903e-12 3.5387e-12 3.3514e-12 -4.4784e-14 2.3941e-12 2.7649e-12 2.3155e-12 -1.2177e-12 1.5114e-12 1.9148e-12 1.2118e-12 3.2327e-12 4.3521e-12 -2.8114e-12 4.0233e-12 3.0537e-12 4.8125e-12 8.577e-12 -4.3179e-12 9.0838e-13 1.6241e-12 5.7796e-12 4.4897e-12 2.6395e-12 2.3727e-12 6.5351e-12 -1.5303e-12 1.4025e-12 3.5743e-12 -2.0362e-12 -2.9727e-12 2.5267e-12 4.874e-12 -1.5692e-13 1.2945e-12 3.5737e-13 2.1401e-12 1.7213e-13 -6.0931e-13 -9.69e-13 -5.0659e-14 -1.0852e-12 2.6286e-12 1.2789e-12 2.3181e-12 1.8819e-12 -1.9707e-12 -2.6564e-12 -1.6271e-13 2.4937e-12 1.1463e-12 2.179e-12 -1.4622e-12 3.2668e-12 5.8143e-13 -3.4219e-12 -2.4889e-12 -4.0241e-13 1.3566e-13 3.6341e-12 -1.6702e-13 -2.0195e-12 1.208e-12 2.4749e-12 2.3271e-14 8.2665e-13 -1.1248e-12 1.3463e-12 1.1095e-12 -9.2456e-13 1.18e-12 4.4037e-14 -2.0145e-13 -5.1212e-13 3.0371e-13 2.4561e-12 1.1384e-12 8.2413e-13 -2.5872e-13 -4.6509e-13 9.6252e-14 -3.6974e-13 5.1273e-14 -2.6867e-13 2.5507e-13 7.0985e-14 3.1593e-14
3.3744e-11 3.0836e-11 3.411e-11 2.8057e-11 2.6651e-11 3.0988e-11 3.434e-11 2.4867e-11 3.7703e-11 2.6443e-11 2.854e-11 3.1849e-11 3.8525e-11 3.1987e-11 3.1094e-11 3.1719e-11 3.0928e-11 3.9141e-11 2.8616e-11 3.8261e-11 3.0777e-11 3.1925e-11 2.3668e-11 2.7028e-11 3.8084e-11 3.2992e-11 3.1058e-11 3.2643e-11 3.2849e-11 3.4313e-11 3.396e-11 3.2132e-11 2.6048e-11 4.3383e-11 2.95e-11 3.7078e-11 2.6743e-11 3.3186e-11 2.5449e-11 2.7954e-11 2.4868e-11 2.4138e-11 2.1884e-11 1.9894e-11 2.3425e-11 2.4954e-11 1.8081e-11 2.3296e-11 1.7048e-11 1.427e-11 1.7846e-11 1.4671e-11 2.3928e-11 1.4688e-11 8.7737e-12 1.3253e-11 1.897e-11 1.2097e-11 1.2604e-11 1.2435e-11 7.4953e-12 1.1453e-11 1.0087e-11 1.1103e-11 1.6844e-11 6.981e-12 1.2282e-11 2.5986e-12 1.1707e-11 7.3598e-12 5.2995e-13 6.3531e-12 4.5905e-12 5.1834e-12 2.591e-12 1.4166e-11 2.8783e-12 6.0284e-12 5.5807e-13 8.8567e-12 5.8011e-12 4.1007e-12 1.3146e-12 6.4402e-12 2.7091e-12 9.6704e-13 7.9697e-12 3.187e-12 -2.5435e-12 7.1393e-13 2.4774e-12 2.5594e-12 -5.0338e-14 6.0426e-12 2.1515e-12 -6.938e-13 1.8481e-12 2.046e-12 -3.4661e-12 2.7002e-12 3.1601e-12 3.1603e-12 7.3153e-12 -2.354e-12 4.8638e-12 2.3116e-12 4.0677e-12 4.4427e-12 1.2975e-12 4.0148e-13 4.3586e-12 -4.6615e-13 4.5783e-12 2.31e-12 -1.6012e-13 -7.8423e-13 2.1904e-12 3.0504e-12 5.2064e-13 2.4721e-12 2.0945e-13 2.0767e-12 -3.2023e-13 -3.0193e-12 4.291e-13 -1.623e-12 -2.4341e-12 3.0667e-12 7.4428e-13 2.6709e-13 2.0835e-12 -2.5299e-12 -1.2262e-12 -1.9563e-12 8.9907e-13 3.181e-12 7.3885e-13 -1.4428e-12 4.964e-13 -2.5032e-13 -2.0657e-12 1.7205e-13 -3.0824e-14 2.0794e-12 2.253e-14 5.4961e-14 -1.6008e-12 1.3424e-12 1.1587e-12 2.4487e-13 1.6694e-12 -5.9477e-13 3.238e-13 5.1439e-13 -7.9153e-13 8.7918e-13 -5.3286e-13 2.1211e-13 -1.7939e-13 1.625e-13 1.4913e-12 9.1616e-13 4.2748e-13 5.249e-14 -7.2355e-13 9.6954e-14 7.448e-14 -3.5908e-13 -2.3449e-13 -5.1778e-14 -2.4147e-14 6.0488e-13
4.3106e-11 3.6436e-11 3.6306e-11 3.3869e-11 3.2451e-11 3.6243e-11 4.2998e-11 3.0879e-11 4.3427e-11 3.1482e-11 3.7526e-11 3.7245e-11 3.1987e-11 4.9092e-11 3.3958e-11 3.7442e-11 3.4008e-11 4.2421e-11 3.6573e-11 4.5708e-11 3.4149e-11 3.836e-11 3.2532e-11 3.1497e-11 4.0017e-11 3.4919e-11 3.5625e-11 3.9534e-11 3.6904e-11 3.8509e-11 4.1725e-11 3.7127e-11 3.2178e-11 5.286e-11 3.4838e-11 4.491e-11 3.2777e-11 3.6159e-11 3.064e-11 3.3243e-11 2.9917e-11 2.9716e-11 2.5658e-11 1.9164e-11 2.6085e-11 2.878e-11 2.5836e-11 2.6145e-11 2.0209e-11 2.3261e-11 2.0449e-11 2.3899e-11 2.1626e-11 2.0777e-11 1.4073e-11 1.7531e-11 2.4431e-11 1.3145e-11 1.8041e-11 1.3399e-11 1.0945e-11 1.3918e-11 5.4708e-12 1.8343e-11 1.6161e-11 6.1195e-12 1.521e-11 -1.4297e-12 1.0502e-11 1.0269e-11 -2.0348e-12 6.7256e-12 7.726e-12 5.695e-12 5.3992e-12 1.6172e-11 2.4099e-12 4.269e-12 -1.0568e-12 1.1747e-11 6.1688e-12 4.0129e-12 4.3447e-12 2.6198e-12 3.0576e-12 4.4715e-13 6.4042e-12 5.8128e-13 -2.153e-12 1.3542e-12 -8.604e-13 5.5166e-12 1.051e-12 5.0236e-12 3.096e-12 -5.968e-13 -1.2786e-13 2.7013e-12 -6.3177e-12 6.6936e-12 3.0706e-12 4.9355e-12 7.7775e-12 8.5796e-13 2.4482e-12 -1.7486e-12 4.9979e-12 5.8386e-12 5.2356e-12 2.7769e-12 4.8541e-12 -3.6463e-13 3.7345e-12 3.9667e-12 -3.3068e-12 -1.2213e-12 1.8339e-12 3.7311e-12 -1.1042e-13 1.5719e-12 6.1911e-13 4.0399e-14 1.145e-13 -9.9187e-13 -3.712e-13 4.9374e-13 -1.9952e-12 1.7029e-12 5.5894e-13 4.9998e-13 1.412e-12 -1.3896e-12 -8.4093e-13 -2.5366e-12 1.7309e-13 2.2295e-12 1.2943e-12 -2.8562e-12 1.5818e-13 8.1042e-13 -1.756e-12 1.2998e-12 -1.9086e-12 3.8643e-13 3.9952e-12 1.2984e-12 -6.1861e-14 7.4161e-13 5.2757e-13 5.6033e-13 -6.5309e-13 -1.6781e-12 -1.782e-13 -2.031e-13 -1.7727e-12 6.8592e-13 -3.9584e-13 -8.8418e-14 -3.2176e-13 1.02e-12 1.8047e-12 9.8869e-13 -2.6655e-13 2.357e-13 -3.4865e-13 3.6915e-13 9.9944e-14 -2.307e-13 -2.714e-13 3.9946e-13 9.3899e-14 7.7404e-14
3.5471e-11 3.2291e-11 3.1961e-11 2.9132e-11 2.8104e-11 2.9882e-11 3.5472e-11 2.7248e-11 3.8629e-11 2.7745e-11 3.0622e-11 3.5321e-11 3.1094e-11 3.3958e-11 3.7001e-11 3.2138e-11 3.1109e-11 3.8043e-11 3.0766e-11 4.0261e-11 2.9166e-11 3.4816e-11 2.511e-11 2.9664e-11 3.9308e-11 3.0871e-11 3.0328e-11 3.5372e-11 3.4756e-11 3.2735e-11 3.2675e-11 3.1392e-11 2.8114e-11 4.4781e-11 3.133e-11 3.9312e-11 2.857e-11 3.0677e-11 2.5383e-11 2.8563e-11 2.537e-11 2.5817e-11 2.2633e-11 1.6209e-11 2.2623e-11 2.4882e-11 2.0052e-11 2.6412e-11 1.9191e-11 1.6265e-11 1.5402e-11 1.681e-11 2.2438e-11 1.5831e-11 9.3638e-12 1.2721e-11 2.1082e-11 1.3507e-11 1.3005e-11 1.4257e-11 9.2988e-12 1.2094e-11 9.3619e-12 1.5094e-11 1.442e-11 6.6947e-12 1.4691e-11 -1.3687e-12 1.1035e-11 3.9615e-12 2.6551e-12 6.1959e-12 6.415e-12 6.949e-12 2.7254e-12 1.4269e-11 1.1336e-12 3.8175e-12 -2.0648e-13 1.0641e-11 4.9668e-12 2.9971e-12 -1.5918e-12 4.6642e-12 1.0475e-12 5.4204e-13 5.8621e-12 1.984e-12 -4.8211e-13 4.1583e-12 -3.6128e-13 1.3024e-12 -5.5749e-13 3.3721e-12 1.0765e-13 -8.5166e-14 2.3849e-12 1.4357e-12 -6.0158e-12 2.1014e-12 3.0631e-12 3.2655e-12 4.9382e-12 -3.5548e-12 2.2267e-12 5.1346e-14 4.4169e-12 4.4604e-12 2.7323e-12 1.9268e-12 3.6609e-12 -1.5016e-12 3.4438e-12 3.9502e-12 -1.3444e-12 -3.1248e-12 2.658e-12 2.4044e-12 1.0391e-12 1.819e-12 1.1848e-12 1.0022e-12 1.6647e-12 -3.4079e-13 1.4978e-12 -8.6723e-13 -9.4505e-13 3.0689e-12 1.8706e-12 2.1904e-12 2.4066e-12 -2.8007e-12 -1.7579e-12 -3.7673e-13 1.3085e-12 2.4422e-12 1.1793e-12 -1.7593e-12 4.5692e-13 -9.564e-14 -3.4349e-12 3.6477e-13 -8.9464e-13 9.0724e-13 1.2351e-13 6.0839e-13 -1.8454e-12 -1.361e-13 2.0423e-12 2.3103e-13 6.4484e-13 -1.4627e-12 1.5323e-12 3.9957e-13 -1.0718e-12 1.4433e-12 -1.0014e-12 -4.4015e-13 -5.6163e-14 1.4619e-13 1.1352e-12 1.2023e-12 3.5352e-13 1.0118e-13 -5.3852e-13 2.1258e-13 2.6844e-13 2.0904e-13 -1.6871e-14 1.7594e-13 -3.8498e-14 3.3927e-13
3.8638e-11 3.291e-11 3.4152e-11 3.2248e-11 3.0655e-11 3.4974e-11 3.7473e-11 2.9918e-11 4.1562e-11 2.9476e-11 3.6026e-11 3.3809e-11 3.1719e-11 3.7442e-11 3.2138e-11 4.0353e-11 3.2009e-11 4.0408e-11 3.2711e-11 4.2536e-11 3.0855e-11 3.7192e-11 2.745e-11 3.2183e-11 4.0481e-11 3.4489e-11 3.0359e-11 3.5964e-11 3.7713e-11 3.4805e-11 3.6042e-11 3.5357e-11 2.9331e-11 4.7916e-11 3.0751e-11 4.1192e-11 3.0557e-11 3.4642e-11 2.4905e-11 2.9348e-11 2.7691e-11 2.6164e-11 2.1944e-11 1.9115e-11 2.4311e-11 2.7503e-11 2.1917e-11 2.2912e-11 2.12e-11 1.5809e-11 1.522e-11 1.87e-11 2.3798e-11 1.6883e-11 1.1657e-11 1.7802e-11 2.0597e-11 1.3502e-11 1.6331e-11 1.4132e-11 9.3943e-12 1.3255e-11 9.9298e-12 1.4175e-11 1.0691e-11 6.009e-12 1.4425e-11 1.5493e-12 1.0853e-11 7.105e-12 -1.7673e-12 6.3394e-12 4.4356e-12 3.7537e-12 8.211e-12 1.4661e-11 2.0432e-12 5.0756e-12 9.1032e-13 1.1186e-11 5.0211e-12 2.7201e-12 7.315e-13 2.621e-12 2.1487e-12 -3.2537e-13 4.5803e-12 9.0475e-13 -1.9578e-12 2.1815e-12 1.0715e-13 4.173e-12 4.1868e-13 4.67e-12 -1.3145e-13 1.3389e-12 1.2295e-12 9.6822e-13 -5.5723e-12 4.3089e-12 3.1303e-12 3.6883e-12 6.9662e-12 -1.1297e-12 3.9554e-12 -1.6471e-13 4.2695e-12 4.8898e-12 4.5949e-12 2.7426e-12 4.9848e-12 -2.7202e-12 3.9586e-12 2.579e-12 -1.4605e-12 -2.7161e-12 2.444e-12 2.6762e-12 -7.2486e-14 4.5533e-13 4.0085e-13 -8.7839e-13 7.2972e-13 -7.1038e-13 1.9114e-13 1.3643e-12 -3.1861e-12 3.1677e-12 9.6395e-13 1.3724e-12 1.2852e-12 -1.8038e-12 -1.8652e-12 -1.0557e-12 2.4528e-13 1.0753e-12 3.1847e-12 -1.2363e-12 1.6023e-12 3.8188e-13 -3.3522e-12 8.1464e-13 -7.5671e-13 -1.3283e-13 4.7629e-13 6.2163e-13 -1.255e-12 1.0544e-12 7.4255e-13 5.1363e-13 1.3497e-12 -9.1304e-13 -6.1584e-13 2.7768e-13 -7.862e-13 4.8429e-13 -4.0181e-13 -1.7677e-13 -2.1775e-13 1.0956e-12 2.054e-12 1.8808e-13 4.0008e-13 -1.5911e-13 -6.4503e-13 2.1819e-13 5.0642e-13 1.2846e-13 -2.5093e-13 2.4843e-13 -2.2333e-14 1.8482e-13
3.5127e-11 3.1463e-11 3.19e-11 3.1789e-11 2.7999e-11 3.2492e-11 3.8142e-11 2.5655e-11 3.9931e-11 2.6508e-11 3.2713e-11 3.4801e-11 3.0928e-11 3.4008e-11 3.1109e-11 3.2009e-11 4.2929e-11 4.0356e-11 2.9396e-11 4.0882e-11 3.0241e-11 3.3714e-11 2.704e-11 3.1247e-11 3.9043e-11 3.4467e-11 3.4029e-11 3.7577e-11 3.2549e-11 3.4234e-11 3.8578e-11 3.2702e-11 2.8078e-11 4.4061e-11 3.4234e-11 3.9048e-11 2.9763e-11 3.2206e-11 2.9124e-11 2.9098e-11 2.4973e-11 2.7301e-11 2.0016e-11 1.6212e-11 2.4825e-11 2.4055e-11 2.4755e-11 2.268e-11 1.8526e-11 1.828e-11 2.0361e-11 2.0002e-11 2.4656e-11 1.378e-11 6.9718e-12 1.2196e-11 2.119e-11 9.6795e-12 1.2117e-11 1.6259e-11 5.2219e-12 1.2822e-11 7.2065e-12 1.2718e-11 1.489e-11 5.3717e-12 1.6717e-11 -3.0462e-13 1.1213e-11 5.9095e-12 3.8659e-12 7.5021e-12 5.8354e-12 4.5243e-12 -6.6506e-13 1.3931e-11 8.6218e-14 3.3684e-12 -2.4194e-12 9.1231e-12 8.6917e-12 4.4509e-12 1.5303e-13 5.5897e-12 5.7098e-12 -1.2574e-12 2.6527e-12 1.1034e-12 -1.9136e-12 4.1275e-13 4.3113e-12 3.9673e-12 -9.546e-15 4.2407e-12 4.0964e-12 2.5955e-13 3.8329e-12 3.0456e-12 -1.5813e-12 4.0756e-12 2.8088e-12 7.9744e-12 7.5056e-12 -2.4319e-12 1.7189e-12 -1.5105e-14 5.8019e-12 5.9177e-12 5.5146e-12 2.2762e-12 6.891e-12 9.7602e-14 2.3899e-12 1.0672e-12 -7.5918e-13 -2.0683e-12 1.2482e-13 3.958e-12 1.0987e-12 9.1065e-13 -9.5036e-13 -2.175e-14 -6.278e-13 -3.3905e-12 6.4501e-13 -2.5492e-12 -1.8406e-12 2.8652e-12 1.1231e-12 8.7521e-13 1.0548e-12 -1.3215e-12 -2.7077e-12 -1.8515e-13 1.7137e-12 2.3805e-12 2.2731e-12 -1.4589e-12 -2.791e-13 -4.8295e-13 -2.9633e-12 -6.3887e-13 8.25e-13 -5.0576e-13 2.9107e-12 1.0249e-13 -1.4169e-12 1.5877e-12 5.3857e-13 3.1236e-13 9.1852e-13 -1.2427e-12 -9.6877e-13 1.3873e-12 -1.1675e-12 2.8843e-13 7.2119e-14 -7.949e-13 -1.2225e-13 4.6139e-13 1.1378e-12 7.6216e-13 6.6396e-13 -3.8688e-13 2.4478e-13 2.026e-13 -2.7349e-13 2.0465e-13 -4.2843e-13 3.3534e-13 -9.3864e-14 -2.1892e-14
4.5886e-11 3.8859e-11 4.0605e-11 3.6348e-11 3.5066e-11 3.9294e-11 4.6492e-11 3.5031e-11 5.0329e-11 3.3504e-11 3.8009e-11 4.1944e-11 3.9141e-11 4.2421e-11 3.8043e-11 4.0408e-11 4.0356e-11 5.6169e-11 3.8228e-11 4.8797e-11 3.7821e-11 4.1785e-11 2.9947e-11 3.4963e-11 4.8558e-11 4.0846e-11 4.1308e-11 4.201e-11 4.2882e-11 4.3505e-11 4.3136e-11 3.8901e-11 3.5513e-11 5.3953e-11 4.0058e-11 4.8922e-11 3.649e-11 4.3321e-11 3.3757e-11 3.6758e-11 3.3657e-11 3.3517e-11 2.8092e-11 2.4989e-11 2.9054e-11 3.2451e-11 2.4414e-11 2.8762e-11 2.3959e-11 2.1294e-11 2.1045e-11 2.2468e-11 2.9302e-11 1.8563e-11 1.0565e-11 1.7043e-11 2.0991e-11 1.4443e-11 1.535e-11 1.923e-11 9.9437e-12 1.656e-11 1.0571e-11 1.8258e-11 1.8788e-11 7.2337e-12 1.8071e-11 2.6726e-12 1.264e-11 6.3508e-12 1.8578e-12 8.3643e-12 7.6652e-12 6.2078e-12 5.8164e-12 1.6745e-11 2.3957e-12 8.2547e-12 7.5782e-13 1.1561e-11 9.5689e-12 5.9327e-12 6.3687e-13 6.4254e-12 4.3292e-12 -9.3865e-14 6.3283e-12 1.8505e-12 9.4106e-13 1.337e-12 3.8573e-12 6.5179e-12 1.6278e-12 3.611e-12 1.0273e-12 3.6947e-13 3.4024e-12 3.9216e-12 -5.1819e-12 5.6102e-12 3.8266e-12 5.6822e-12 1.0019e-11 -1.9919e-12 4.8151e-12 3.0009e-13 4.1685e-12 5.3492e-12 7.3029e-12 2.2672e-12 4.7889e-12 -1.858e-12 4.8476e-12 1.8888e-12 -1.9722e-12 -2.0784e-12 -4.8538e-14 4.5943e-12 3.735e-13 2.6041e-12 -6.9769e-13 1.4277e-13 6.4276e-13 -1.899e-12 7.6312e-13 -6.1943e-13 -1.5422e-12 4.2084e-12 2.7193e-14 1.4493e-12 3.6673e-13 -2.8211e-12 -8.9887e-13 -1.3141e-13 1.3952e-12 2.0999e-12 1.3056e-12 -3.521e-12 1.0874e-12 -9.4925e-13 -3.0055e-12 5.5567e-13 -1.1397e-12 -4.9774e-13 1.2115e-12 1.2587e-12 -9.3491e-13 7.4839e-13 1.6161e-12 -1.1364e-13 9.3832e-13 -1.3094e-12 -2.8438e-13 1.108e-12 -6.8163e-13 1.275e-12 -2.1304e-13 -2.5353e-13 -6.5347e-13 9.0206e-13 1.7134e-12 1.0864e-12 8.1954e-13 -6.8778e-13 -9.1145e-13 -1.7321e-13 -8.5951e-14 -1.8709e-13 -3.477e-13 3.3771e-13 2.5011e-14 3.2879e-13
3.8687e-11 3.005e-11 3.1329e-11 2.7116e-11 2.8068e-11 3.0478e-11 3.712e-11 2.6812e-11 3.7099e-11 2.7194e-11 3.1225e-11 3.134e-11 2.8616e-11 3.6573e-11 3.0766e-11 3.2711e-11 2.9396e-11 3.8228e-11 3.7815e-11 4.0811e-11 2.8852e-11 3.217e-11 2.7554e-11 2.6479e-11 3.6729e-11 2.8955e-11 3.0693e-11 3.4366e-11 3.2863e-11 3.212e-11 3.4672e-11 3.0708e-11 3.0005e-11 4.5616e-11 2.9126e-11 4.2175e-11 2.734e-11 3.0206e-11 2.4728e-11 2.742e-11 2.5509e-11 2.5378e-11 2.0391e-11 1.5789e-11 2.1279e-11 2.6486e-11 1.7458e-11 2.329e-11 1.8874e-11 1.6942e-11 1.4705e-11 1.9101e-11 2.1923e-11 1.4289e-11 9.8105e-12 1.2629e-11 2.0867e-11 7.5177e-12 1.2863e-11 1.2655e-11 9.3021e-12 1.2676e-11 8.7327e-12 1.4567e-11 1.5522e-11 7.4669e-12 1.5423e-11 3.0273e-13 1.0251e-11 8.404e-12 2.031e-12 6.8797e-12 6.6711e-12 4.3349e-12 6.7265e-12 1.2343e-11 2.3445e-12 6.7012e-12 3.8721e-14 1.1598e-11 5.5004e-12 3.5379e-12 1.832e-12 3.579e-12 2.1898e-12 -4.2587e-13 4.9599e-12 -2.4839e-13 -2.3025e-12 3.5048e-12 4.2788e-13 3.1615e-12 1.2251e-12 5.3855e-12 8.5492e-13 -1.8433e-12 1.1044e-13 1.483e-12 -6.0913e-12 4.3445e-12 1.6986e-12 3.6898e-12 6.6503e-12 1.8855e-13 4.5201e-12 -1.26e-12 3.8834e-12 4.1286e-12 3.9697e-12 2.0821e-12 2.7141e-12 4.8034e-14 2.8287e-12 3.0602e-12 -3.0052e-12 -1.6579e-12 2.961e-13 3.8349e-12 -1.1543e-12 3.3562e-12 -3.7743e-13 1.0242e-12 1.6436e-12 -1.4755e-12 -1.7671e-13 9.6239e-13 -1.2482e-12 1.4704e-12 1.1762e-12 2.6917e-13 3.2511e-13 -1.3691e-12 -1.8623e-12 1.4963e-13 -2.6883e-13 2.1475e-12 2.4186e-12 -3.7893e-12 -7.1907e-14 3.6109e-13 -1.3966e-12 7.9049e-13 -3.6718e-13 1.0871e-12 1.2206e-12 -1.5985e-13 5.0316e-13 1.2946e-13 1.1834e-12 4.318e-13 9.9075e-13 -2.1746e-12 6.951e-13 -2.296e-13 -8.3082e-13 2.9335e-13 -4.8565e-13 -6.759e-13 -5.615e-13 1.0908e-12 1.5701e-12 1.0057e-12 -1.0139e-13 3.3153e-13 -5.1211e-13 4.3274e-13 1.9642e-13 -7.2137e-15 3.9982e-15 3.4539e-13 -8.9737e-16 2.9066e-13
4.8404e-11 4.0701e-11 4.3928e-11 3.8468e-11 3.7274e-11 4.2252e-11 4.873e-11 3.6294e-11 5.3024e-11 3.6981e-11 4.047e-11 4.4666e-11 3.8261e-11 4.5708e-11 4.0261e-11 4.2536e-11 4.0882e-11 4.8797e-11 4.0811e-11 6.3039e-11 4.0733e-11 4.3972e-11 3.705e-11 4.2568e-11 5.1746e-11 4.0004e-11 4.162e-11 4.8494e-11 4.4154e-11 4.6682e-11 4.7769e-11 4.4921e-11 3.958e-11 6.0674e-11 4.4434e-11 5.0475e-11 3.8872e-11 4.113e-11 3.6881e-11 3.5288e-11 3.3889e-11 3.3936e-11 3.0459e-11 2.068e-11 3.0093e-11 3.4177e-11 2.8435e-11 3.177e-11 2.749e-11 1.9788e-11 2.2483e-11 2.6707e-11 3.1714e-11 2.0805e-11 1.3903e-11 1.6622e-11 2.493e-11 1.3563e-11 1.716e-11 1.8132e-11 8.8459e-12 1.4899e-11 9.6515e-12 1.873e-11 1.658e-11 8.2015e-12 1.8277e-11 6.3821e-13 1.4075e-11 8.9618e-12 2.7708e-12 1.1449e-11 8.669e-12 4.7846e-12 6.2472e-12 1.6916e-11 1.8991e-12 7.2941e-12 2.1637e-12 1.3626e-11 7.3571e-12 4.7507e-12 1.7868e-12 3.9711e-12 3.4064e-12 -9.5849e-13 7.5992e-12 7.9994e-13 -2.5349e-12 1.1162e-12 2.6091e-12 5.8065e-12 6.7532e-13 7.2481e-12 1.9975e-12 -7.6403e-13 1.7942e-12 2.0923e-12 -6.827e-12 5.8926e-12 2.1317e-12 3.1096e-12 9.5376e-12 -2.8617e-12 5.0165e-12 -1.7618e-13 6.812e-12 4.8986e-12 4.2166e-12 2.9562e-12 5.231e-12 -1.0696e-12 3.1549e-12 4.5228e-12 -2.0222e-12 -1.6953e-12 3.7909e-12 1.0168e-12 1.429e-12 3.3286e-12 -1.3334e-12 -1.8117e-12 1.1434e-12 -9.2453e-13 -6.1694e-13 -1.7808e-13 -4.751e-12 3.744e-12 -3.6597e-13 2.9057e-12 2.9968e-12 -1.6705e-12 -2.4987e-12 -1.3777e-12 1.9894e-12 3.0784e-12 3.0066e-12 -2.9017e-12 2.0202e-13 -4.0963e-13 -3.367e-12 3.0439e-13 -1.4245e-12 1.1908e-12 2.3803e-12 9.2951e-15 -1.6988e-12 1.2226e-12 2.48e-12 9.1985e-13 -6.3091e-13 -1.5827e-12 -1.8942e-12 -2.5741e-14 -1.1204e-12 -2.6872e-13 2.3514e-13 -5.8614e-13 -2.7515e-13 1.5021e-12 1.7817e-12 9.7878e-13 5.6984e-13 9.9122e-13 -8.08e-13 4.4307e-13 1.5858e-13 1.1066e-13 -5.7697e-13 3.8735e-13 1.4935e-13 8.1605e-14
