1.2549e-10 9.867e-11 7.7261e-11 4.8689e-11 7.0322e-11 6.6626e-11 7.1829e-11 4.9981e-11 5.9545e-11 3.9933e-11 4.4624e-11 4.7802e-11 2.7798e-11 3.5728e-11 2.0518e-11 2.4642e-11 2.0067e-11 2.0825e-11 2.0783e-11 8.5861e-12 4.3827e-12 1.0581e-11 2.4044e-12 5.8647e-12 -2.322e-11 1.384e-11 -6.4822e-12 -3.6437e-12 -4.2862e-12 1.4268e-12 -8.78e-12 4.7586e-12 -4.84e-12 -1.4267e-11 -5.9603e-12 -2.2753e-11 7.7092e-12 3.8096e-12 -1.2482e-11 -5.1774e-12 -1.7677e-11 -9.1773e-12 -2.604e-12 -5.7798e-12 -5.1257e-12 -1.5181e-11 -6.772e-12 -1.0029e-11 -6.3588e-12 -6.9099e-12 -1.3964e-11 -5.4491e-12 -1.0813e-11 3.1021e-12 -1.2621e-11 -1.0663e-12 -4.759e-12 -1.51e-12 -2.0359e-12 1.7006e-12 -9.5347e-13 -1.8773e-12 1.0633e-12 2.1071e-13 -1.1951e-12 -1.8049e-12 -2.1941e-12 -6.5267e-12 3.4018e-12 3.2711e-13 6.2565e-13 -1.8484e-12 1.3901e-12 4.1995e-12 -1.3245e-12 3.3724e-12 -1.1579e-12 5.7808e-13 1.5112e-12 1.2788e-12 -1.2895e-12 2.7513e-12 1.7072e-13 6.4937e-13 1.1343e-12 1.1869e-12 3.1402e-13 4.9561e-14 1.3284e-13 -1.273e-13 8.1231e-14 -8.5123e-15
9.867e-11 1.3199e-10 7.6734e-11 5.6445e-11 7.7287e-11 7.0685e-11 7.1079e-11 4.7466e-11 6.5271e-11 4.5074e-11 4.3816e-11 5.2892e-11 2.8281e-11 3.5391e-11 2.7379e-11 1.503e-11 1.8765e-11 8.3234e-12 2.1623e-11 9.8581e-12 4.3722e-12 5.7418e-12 4.1469e-12 9.9753e-12 -1.0462e-11 9.8179e-12 -6.5432e-12 5.2878e-12 -2.6012e-12 -7.1508e-12 -5.1782e-12 1.3612e-12 1.4435e-12 -1.3211e-11 -4.2462e-12 -1.853e-11 6.8428e-12 2.0446e-12 -1.277e-11 -5.4668e-12 -7.9883e-12 -1.7875e-11 -4.1294e-12 -1.0716e-11 -8.8328e-12 -1.014e-11 -9.6117e-12 -1.195e-11 -3.9917e-12 -5.0814e-12 -1.3044e-11 -1.0038e-11 -1.0648e-11 2.9909e-12 -9.4255e-12 4.1155e-13 -3.8943e-12 -4.6956e-12 2.7413e-13 3.1848e-12 -4.5265e-12 -2.0027e-12 1.0014e-12 -1.5888e-12 -1.0591e-12 -4.0167e-13 -2.7233e-12 -4.6156e-12 -1.5399e-12 5.6543e-14 1.5799e-12 -1.284e-12 1.9463e-12 2.5677e-12 -1.0481e-12 3.5723e-12 2.4918e-13 -5.5462e-13 6.8286e-13 -3.7778e-13 -1.7006e-12 2.5997e-12 4.8302e-13 1.8361e-12 1.1023e-12 3.5313e-13 3.8968e-13 -6.3902e-14 1.3424e-13 -2.0296e-13 -9.3234e-16 2.9106e-14
7.7261e-11 7.6734e-11 9.2094e-11 5.2986e-11 5.6545e-11 5.7764e-11 5.3159e-11 4.4003e-11 4.9446e-11 3.9707e-11 4.9281e-11 2.7475e-11 2.4314e-11 3.0629e-11 1.5892e-11 1.4282e-11 1.8537e-11 3.7037e-12 1.7371e-11 9.9139e-12 6.924e-12 -1.3956e-13 4.0615e-12 4.8972e-12 -1.1041e-11 1.1206e-11 3.0437e-12 -2.8995e-13 -2.7658e-12 -2.1726e-12 -3.6905e-12 -1.6748e-12 -4.544e-13 -6.352e-12 -5.433e-12 -1.746e-11 1.0328e-11 -4.6853e-12 -1.4508e-11 -5.4374e-12 -9.0947e-12 -6.513e-12 -3.1073e-12 -6.0878e-12 1.3384e-13 -1.7402e-11 -3.7754e-13 -4.8527e-12 -4.3665e-12 -3.47e-12 -6.7325e-12 -2.9199e-12 -8.7551e-12 1.4136e-12 -9.5569e-12 2.8998e-12 -1.7862e-12 -6.1147e-12 -2.9063e-13 8.3797e-13 -1.0034e-12 8.7388e-13 -2.7783e-12 3.7442e-13 9.5477e-13 1.9405e-12 -3.7707e-12 -6.8851e-13 -1.4183e-13 -3.9063e-13 4.1379e-13 -4.04e-12 3.5659e-12 4.0135e-12 4.4344e-14 -4.1958e-13 -1.3508e-12 1.8483e-12 9.7327e-13 3.3412e-13 1.1358e-13 3.2291e-12 6.4622e-13 -2.1954e-13 1.2077e-12 1.0757e-12 2.9501e-13 2.1093e-13 1.4708e-13 2.0916e-14 3.8277e-14 -4.9311e-15
4.8689e-11 5.6445e-11 5.2986e-11 7.173e-11 3.7034e-11 3.6702e-11 4.5146e-11 2.9157e-11 3.5185e-11 2.6251e-11 4.0258e-11 1.866e-11 1.9212e-11 1.646e-11 2.9951e-13 1.3545e-11 1.5557e-11 8.528e-12 9.773e-12 7.1538e-12 7.6485e-12 2.4674e-12 4.3069e-12 2.3589e-12 -8.0472e-12 1.611e-12 3.2667e-12 -3.2098e-12 -4.7867e-12 -4.0197e-12 1.7691e-12 -7.6728e-13 -4.0147e-12 3.83e-14 1.395e-12 -1.3852e-11 7.4189e-12 9.5713e-12 -6.197e-12 -3.3419e-12 -2.1889e-12 -9.3104e-12 1.4978e-12 -1.1195e-11 -8.5532e-12 -9.6774e-12 -3.0463e-12 -3.9793e-12 -1.8018e-12 -6.1353e-12 -1.0188e-11 -4.8076e-12 -6.8405e-12 1.2417e-12 -2.9804e-12 6.2783e-13 -7.6866e-13 -2.1992e-12 -6.64e-13 2.7346e-13 9.1535e-13 -4.1566e-12 -4.4472e-12 7.0558e-12 -6.8022e-13 6.7466e-13 -2.1069e-12 -2.832e-12 -5.8406e-13 1.8177e-12 -3.8215e-12 -1.8787e-12 -1.7445e-12 2.822e-12 3.5465e-14 -7.047e-13 8.7127e-13 -2.0688e-13 3.1408e-13 3.7793e-14 -9.3668e-13 9.8514e-13 4.8451e-13 -2.6257e-14 1.0946e-12 2.7934e-13 -4.1676e-13 4.8397e-14 1.4267e-13 3.9526e-14 1.2457e-14 5.5894e-14
7.0322e-11 7.7287e-11 5.6545e-11 3.7034e-11 6.975e-11 5.2237e-11 5.7461e-11 3.6601e-11 4.8081e-11 2.7456e-11 3.3425e-11 3.6862e-11 1.7967e-11 2.587e-11 1.7954e-11 1.3665e-11 1.6857e-11 7.5582e-12 1.5537e-11 5.1374e-12 5.8455e-12 6.9085e-12 3.0078e-12 5.7389e-12 -1.0713e-11 1.2312e-11 -2.2208e-12 1.1116e-13 1.6983e-12 -1.8944e-12 3.6394e-12 1.4048e-12 -4.541e-12 -7.9296e-12 -6.2595e-12 -1.3943e-11 1.1241e-11 -6.7092e-12 -8.3521e-12 -2.8416e-12 -8.9288e-12 -1.2447e-11 -3.1015e-12 -7.2383e-12 -1.1248e-12 -9.0862e-12 -3.0224e-12 -2.1952e-12 -1.5029e-12 -3.8516e-12 -5.8223e-12 -2.4935e-12 -7.567e-12 -1.0884e-12 -6.561e-12 -2.4475e-12 -3.9745e-12 -3.6454e-12 1.492e-12 1.2289e-12 -1.9555e-12 -1.7303e-12 -3.0267e-12 6.2448e-13 -7.7637e-13 -1.0593e-12 -2.0118e-12 -1.4155e-12 -1.493e-12 1.0702e-13 1.6314e-12 -3.1464e-12 2.1193e-12 2.7924e-12 -3.2283e-13 3.0533e-12 -1.0463e-12 7.9256e-14 3.3862e-13 2.4841e-13 -8.153e-13 1.6927e-12 4.882e-13 7.7125e-13 9.029e-13 6.3067e-13 5.4002e-14 9.3657e-14 1.0465e-13 -1.2718e-13 1.0558e-14 -2.3482e-14
6.6626e-11 7.0685e-11 5.7764e-11 3.6702e-11 5.2237e-11 6.1523e-11 5.1494e-11 3.5529e-11 4.7418e-11 2.4928e-11 3.0909e-11 3.5404e-11 2.2185e-11 2.0584e-11 1.5387e-11 9.3509e-12 1.9688e-11 5.3009e-12 1.5743e-11 4.1438e-12 4.7613e-12 4.4961e-14 -1.4292e-13 2.7503e-12 -7.7348e-12 9.8845e-12 -4.0769e-12 4.8542e-12 -1.7058e-12 -6.5719e-12 -1.2139e-12 -1.8119e-12 1.0578e-12 -1.2152e-11 -6.8678e-12 -1.407e-11 6.6415e-12 -1.594e-12 -1.2221e-11 -3.712e-12 -1.1462e-11 -9.8647e-12 -5.6105e-12 -7.417e-12 -2.6397e-12 -9.6896e-12 -3.054e-12 -2.7544e-12 -1.1946e-12 -5.2511e-13 -6.2046e-12 -3.878e-12 -7.7116e-12 1.0918e-12 -5.9548e-12 -6.1349e-13 -4.5368e-12 -4.2484e-12 -1.9625e-13 2.8955e-12 -1.0829e-12 -3.2567e-13 2.9263e-13 3.3465e-12 4.04e-13 -1.5528e-12 -3.5633e-12 -7.1156e-13 1.6796e-12 -8.6874e-13 3.3508e-13 -2.1175e-12 1.741e-12 3.2872e-12 -1.1597e-12 3.0669e-12 -6.0937e-13 2.1367e-12 1.9976e-12 4.1772e-13 2.6453e-13 2.8293e-12 -3.6702e-13 6.4457e-13 7.5134e-13 4.6164e-13 2.407e-14 2.497e-13 4.7481e-14 -6.3729e-14 3.6801e-14 -1.2328e-14
7.1829e-11 7.1079e-11 5.3159e-11 4.5146e-11 5.7461e-11 5.1494e-11 7.9111e-11 3.6972e-11 5.1416e-11 2.4667e-11 3.8049e-11 3.5116e-11 2.3983e-11 1.7547e-11 9.9483e-12 2.1147e-11 2.6009e-11 7.288e-12 1.5025e-11 9.3444e-12 4.2065e-12 1.1066e-11 -2.0622e-12 2.6049e-12 -1.0751e-11 1.1725e-11 -1.4019e-12 3.9978e-12 1.4298e-12 -2.8412e-12 5.3137e-12 -3.9878e-13 -6.3473e-12 -4.4692e-12 -4.9838e-12 -1.7399e-11 7.6943e-12 -2.8341e-12 -5.6609e-12 -1.5484e-12 -1.0803e-11 -7.5574e-12 -1.4421e-12 -6.1534e-12 -4.8766e-12 -8.8094e-12 -4.4453e-12 -7.193e-12 -1.5105e-12 -7.204e-12 -7.7525e-12 -7.1298e-13 -4.6264e-12 6.0542e-13 -7.2617e-12 -1.4952e-12 -2.5083e-12 -1.8396e-12 1.2364e-12 1.9179e-12 -2.8129e-12 -2.1978e-12 -1.4272e-12 2.503e-12 1.8992e-13 1.0723e-13 -9.6199e-13 -1.9667e-12 2.1697e-12 -2.3887e-13 -2.6793e-13 -2.4255e-12 -1.258e-12 5.9527e-12 -1.9179e-12 1.2052e-12 1.138e-12 2.9447e-13 3.4129e-13 7.678e-13 -2.6528e-13 7.6443e-13 6.7004e-13 9.4158e-13 1.0465e-12 2.8238e-13 -1.3607e-13 2.3232e-13 1.6975e-13 -9.3408e-14 6.3955e-14 -1.1671e-14
4.9981e-11 4.7466e-11 4.4003e-11 2.9157e-11 3.6601e-11 3.5529e-11 3.6972e-11 5.0271e-11 3.0924e-11 2.7618e-11 2.9649e-11 2.4657e-11 1.9345e-11 1.618e-11 6.3939e-12 8.2721e-12 6.0905e-12 1.4483e-11 1.0467e-11 8.1638e-12 3.2323e-12 5.839e-13 9.8177e-13 -5.1889e-12 -1.3353e-11 4.4518e-12 1.4286e-12 -5.3604e-12 1.8404e-12 2.3234e-12 -1.1259e-12 -3.0308e-12 -4.1073e-12 -7.9384e-12 -4.147e-12 -9.1757e-12 3.3788e-12 -2.1896e-12 -7.3814e-12 -3.8592e-12 -6.5144e-12 -6.2136e-12 2.4628e-12 1.6668e-12 -2.2274e-12 -8.8634e-12 -3.0337e-12 -8.6854e-12 -5.8905e-12 -3.0184e-12 -1.3131e-12 -3.3369e-12 -7.3183e-12 1.1396e-12 -4.3362e-12 -1.6708e-13 -2.8312e-12 -4.4825e-12 -1.3055e-13 3.7403e-14 -1.7007e-12 -1.4284e-12 -2.0697e-12 1.4375e-13 1.1362e-12 -2.4882e-13 -2.9495e-12 -1.5255e-12 -6.1227e-14 1.7519e-12 5.4145e-13 -2.9024e-12 2.5029e-12 2.3835e-12 -2.0638e-12 2.7312e-12 4.6101e-13 8.0024e-13 1.5642e-12 1.2077e-12 -1.9099e-13 1.7296e-12 2.7112e-13 1.1312e-12 8.4001e-13 4.7808e-13 7.5477e-16 9.6858e-14 4.7837e-14 -2.2531e-14 2.7446e-14 -9.1791e-15
5.9545e-11 6.5271e-11 4.9446e-11 3.5185e-11 4.8081e-11 4.7418e-11 5.1416e-11 3.0924e-11 6.195e-11 1.4608e-11 3.2754e-11 3.0959e-11 2.3361e-11 2.0682e-11 8.052e-12 1.3547e-11 9.9728e-12 6.7095e-12 1.2027e-11 1.1903e-11 9.3025e-12 -2.9125e-12 2.1597e-12 2.346e-12 -6.9762e-12 7.7418e-12 2.4283e-12 5.8466e-14 1.4939e-12 -6.042e-12 2.3323e-12 6.4844e-13 -1.1982e-12 -6.564e-12 -8.2692e-12 -1.2402e-11 6.3803e-12 2.9963e-12 -1.0461e-11 -3.2281e-12 -8.7984e-12 -2.7299e-12 -3.6781e-12 -7.1175e-12 -2.1019e-12 -1.1802e-11 -5.8844e-13 -4.2603e-12 -2.3414e-12 -3.3785e-12 -7.1681e-12 -2.8238e-12 -5.8506e-12 -1.9237e-12 -6.1838e-12 -7.9506e-13 -1.0081e-12 -5.4492e-13 1.6686e-12 5.6102e-12 -5.0971e-12 -3.7323e-12 1.3387e-12 2.5196e-12 1.3586e-12 -4.832e-13 -2.2491e-12 -4.3323e-13 -7.6037e-13 -1.2671e-13 -1.0257e-12 -2.646e-12 1.1375e-12 2.4888e-12 5.0005e-13 1.0653e-12 -1.2397e-12 1.842e-12 4.0621e-13 4.6335e-14 1.363e-13 1.9429e-12 1.1484e-12 5.441e-13 3.447e-13 4.685e-13 2.9825e-13 2.7933e-13 6.3511e-14 -7.5272e-14 1.2876e-14 6.9599e-14
3.9933e-11 4.5074e-11 3.9707e-11 2.6251e-11 2.7456e-11 2.4928e-11 2.4667e-11 2.7618e-11 1.4608e-11 4.4792e-11 2.502e-11 2.1807e-11 1.4227e-11 1.6771e-11 9.381e-12 4.5185e-12 9.4045e-12 5.1935e-12 1.3673e-11 3.3189e-13 2.0173e-13 1.2722e-12 2.2089e-12 1.8482e-12 -8.7548e-12 2.8017e-12 6.3273e-13 -5.8025e-12 2.7696e-12 5.3908e-12 -4.2543e-13 -2.7702e-12 -1.6544e-12 2.5585e-12 3.6287e-12 -5.11e-12 5.1391e-12 1.3362e-13 -4.2003e-12 -6.4569e-12 -2.3626e-12 -1.2233e-12 3.6715e-12 2.6608e-12 -4.4151e-13 -3.4336e-12 -1.4143e-12 -5.5864e-12 -5.7456e-12 -1.0771e-12 -2.5899e-12 -1.5514e-12 -4.2938e-12 2.2841e-12 -3.7171e-12 3.916e-12 -1.1367e-12 -4.2624e-12 7.4783e-13 2.1385e-12 3.4051e-12 -6.6807e-13 1.415e-12 -2.5032e-12 9.0901e-13 -2.1921e-13 -1.8178e-12 -1.6152e-12 1.2125e-12 5.997e-13 1.9318e-12 -3.8216e-12 2.5687e-12 1.6208e-12 -1.8779e-12 -2.3755e-13 -1.8519e-13 -1.3521e-12 -5.654e-14 9.2006e-13 -1.37e-13 1.6056e-12 -1.9343e-13 7.9899e-13 1.3521e-12 8.1595e-13 -1.2684e-13 -1.9703e-13 7.1251e-14 -4.6835e-14 -1.0384e-14 -1.8899e-14
4.4624e-11 4.3816e-11 4.9281e-11 4.0258e-11 3.3425e-11 3.0909e-11 3.8049e-11 2.9649e-11 3.2754e-11 2.502e-11 4.4798e-11 1.9501e-11 1.6128e-11 1.5525e-11 2.9337e-12 9.4691e-12 1.2185e-11 9.4771e-12 8.8779e-12 8.2492e-12 6.6648e-12 4.085e-12 1.0618e-12 -8.8338e-13 -1.0459e-11 4.2417e-12 1.6342e-12 -2.9568e-12 1.5712e-13 -3.3883e-12 -1.7925e-12 -1.3605e-12 2.0395e-13 -3.0043e-12 3.4693e-13 -5.7594e-12 3.6309e-12 3.4793e-12 -7.2119e-12 -6.8869e-13 -4.9764e-12 -7.8066e-13 9.1079e-13 -3.6539e-12 -2.1589e-12 -6.4253e-12 -2.9526e-12 -4.0195e-12 -5.06e-12 -5.6878e-12 -5.0093e-12 -1.8267e-12 -7.8242e-12 1.3301e-12 -2.864e-12 1.2012e-12 -1.1024e-12 -3.9046e-12 1.433e-12 2.3439e-12 2.1935e-12 -2.1831e-12 -1.0947e-12 2.7455e-12 7.5899e-13 2.1633e-12 -1.4044e-12 -2.4176e-12 -1.1427e-12 5.0702e-13 -1.4607e-12 -4.6314e-13 -1.2289e-13 3.2552e-12 5.153e-14 -8.3032e-13 -1.1148e-12 4.3788e-13 3.4154e-13 2.3302e-13 -5.2284e-15 1.0641e-12 8.1039e-13 3.8621e-14 9.8085e-13 8.614e-13 -1.1836e-14 1.7039e-13 1.5284e-13 4.9297e-14 -1.468e-14 1.0651e-15
4.7802e-11 5.2892e-11 2.7475e-11 1.866e-11 3.6862e-11 3.5404e-11 3.5116e-11 2.4657e-11 3.0959e-11 2.1807e-11 1.9501e-11 4.0932e-11 1.6022e-11 1.3043e-11 1.4769e-11 5.5575e-12 8.4401e-12 8.9288e-12 7.2139e-12 5.3555e-12 1.7016e-12 4.4026e-12 1.9411e-12 -5.0584e-13 -9.435e-12 7.1895e-12 2.9855e-13 -6.8156e-14 5.944e-12 -4.7928e-13 3.4462e-13 -2.2981e-12 3.1355e-12 -7.8904e-12 -4.2492e-13 -5.2944e-12 3.5317e-12 4.7132e-12 -3.3604e-12 -3.5038e-13 -1.2231e-11 -7.7042e-12 -9.686e-13 -3.3361e-12 -8.9159e-13 -1.5211e-12 -2.9774e-12 -5.5663e-12 -5.0786e-14 -5.863e-13 -3.5075e-12 -2.1073e-12 -5.7057e-12 1.4404e-12 -1.7227e-12 -1.9397e-13 -3.553e-12 -2.1729e-12 1.2721e-12 4.6943e-12 -1.4096e-12 -1.7671e-12 2.7641e-12 1.3867e-12 5.5667e-13 -2.5027e-12 -1.173e-12 -1.8641e-12 2.7791e-13 1.4244e-12 8.0677e-13 -8.1379e-13 1.4072e-12 2.7672e-12 -3.5821e-13 1.9134e-12 -6.5013e-13 -5.4585e-13 1.5557e-12 1.5299e-13 -4.2454e-13 1.0042e-12 -6.1825e-13 1.7325e-12 7.4254e-13 6.0536e-13 -7.2064e-14 -5.7662e-14 8.1329e-14 -6.1583e-14 1.5541e-14 -1.4559e-14
2.7798e-11 2.8281e-11 2.4314e-11 1.9212e-11 1.7967e-11 2.2185e-11 2.3983e-11 1.9345e-11 2.3361e-11 1.4227e-11 1.6128e-11 1.6022e-11 2.8257e-11 1.0236e-11 7.171e-12 2.5071e-12 4.0277e-12 9.314e-12 4.8186e-12 4.9578e-12 1.8814e-12 -3.9151e-12 -9.5064e-13 -5.2512e-12 -8.8217e-12 4.2429e-12 1.6678e-12 -1.9755e-13 2.6943e-12 -2.837e-12 -2.2852e-13 2.7534e-13 -1.3237e-12 -6.8963e-12 8.3592e-13 -5.5983e-12 1.2189e-12 2.9402e-12 -8.3493e-13 -4.2861e-12 -3.2061e-12 -3.9596e-12 -1.2428e-12 2.0019e-13 -1.1449e-12 -5.8406e-12 -1.7653e-12 -3.938e-12 -3.0158e-12 -1.0581e-12 -2.6882e-12 -2.4537e-12 -3.3991e-12 2.0001e-12 -5.334e-13 2.9357e-12 -2.0116e-12 -2.0043e-12 1.636e-12 9.636e-13 -1.3384e-13 -2.7452e-12 7.0432e-15 -2.4853e-13 -2.1675e-13 -9.2055e-13 -1.9579e-12 1.1157e-12 3.0215e-12 -1.4706e-12 -1.0352e-12 -2.7294e-12 1.5696e-12 4.6059e-13 1.4348e-13 3.6837e-13 8.387e-13 1.8505e-12 1.945e-12 -5.093e-13 1.226e-12 7.0494e-13 5.0222e-13 5.3278e-13 3.3306e-13 4.9729e-13 1.78e-13 1.0985e-13 6.8158e-14 -5.0629e-14 3.2058e-14 2.3626e-14
3.5728e-11 3.5391e-11 3.0629e-11 1.646e-11 2.587e-11 2.0584e-11 1.7547e-11 1.618e-11 2.0682e-11 1.6771e-11 1.5525e-11 1.3043e-11 1.0236e-11 3.0992e-11 1.0741e-11 5.002e-12 3.0905e-12 3.5726e-12 7.694e-12 1.2467e-12 1.6617e-12 -8.9781e-13 6.3767e-12 6.2548e-12 -3.3164e-12 8.5218e-12 7.4339e-13 -2.8735e-12 -1.4338e-12 3.4336e-12 -4.2908e-12 2.8451e-12 -3.0875e-13 -1.9301e-13 -3.3212e-12 -5.688e-12 6.675e-12 9.7002e-13 -3.0716e-12 -2.2672e-12 2.1644e-12 -2.5419e-12 2.8711e-12 -1.7235e-12 5.441e-12 -1.0451e-11 -1.1837e-12 -2.5465e-12 2.6268e-12 1.7122e-13 -6.5579e-12 2.2111e-12 -6.5201e-13 3.8147e-13 -5.6222e-12 1.8906e-12 1.5722e-12 -8.7585e-13 6.0153e-13 -4.5326e-13 1.8914e-12 -1.2586e-12 -8.8274e-13 -3.0468e-12 -1.6434e-12 -1.8938e-12 -2.4101e-12 -1.2776e-12 1.2648e-12 1.6635e-13 1.173e-12 -1.1593e-12 2.2857e-12 -1.7465e-13 -5.9133e-13 -2.7178e-13 -7.7812e-13 3.5603e-13 -5.6572e-13 -4.8041e-13 4.2058e-13 1.2009e-12 3.8091e-13 6.8199e-14 -2.5535e-13 5.6283e-13 2.0003e-13 6.1867e-14 7.822e-14 -5.2829e-14 3.1095e-14 1.1284e-14
2.0518e-11 2.7379e-11 1.5892e-11 2.9951e-13 1.7954e-11 1.5387e-11 9.9483e-12 6.3939e-12 8.052e-12 9.381e-12 2.9337e-12 1.4769e-11 7.171e-12 1.0741e-11 2.487e-11 3.691e-12 6.8882e-12 -6.1424e-13 3.6152e-12 -2.6232e-12 -8.0872e-13 1.8661e-12 4.8432e-13 3.6176e-12 2.9133e-13 6.8876e-12 1.0459e-12 4.6077e-12 1.9747e-12 -1.349e-12 -2.813e-12 4.8613e-12 1.309e-12 -4.278e-12 -5.5971e-13 -3.5949e-12 4.2029e-12 5.2519e-14 -2.1046e-12 -3.3971e-12 -2.167e-12 -5.5218e-12 -6.0875e-13 -3.2157e-12 6.5322e-13 -2.6666e-12 3.1302e-13 -3.9206e-12 5.4063e-12 3.6799e-12 -1.0365e-12 1.9466e-12 -3.6308e-12 2.86e-12 -3.5104e-12 2.5666e-12 -2.8242e-12 -2.0368e-12 -3.744e-13 -7.6044e-13 -2.786e-13 1.1109e-12 1.3545e-12 -2.6239e-12 -2.1794e-12 -7.9902e-13 -2.176e-12 -1.35e-12 3.168e-12 -1.8521e-12 6.4316e-13 -4.6298e-13 1.9466e-12 -2.0102e-13 1.4632e-12 7.3469e-13 -1.8256e-13 -6.9207e-14 6.7438e-13 -1.1738e-12 5.0454e-13 7.0037e-13 -4.7648e-13 2.9261e-13 1.0497e-14 3.3522e-13 1.4323e-13 -9.7749e-14 1.885e-14 1.7685e-14 1.3524e-14 -4.1081e-14
2.4642e-11 1.503e-11 1.4282e-11 1.3545e-11 1.3665e-11 9.3509e-12 2.1147e-11 8.2721e-12 1.3547e-11 4.5185e-12 9.4691e-12 5.5575e-12 2.5071e-12 5.002e-12 3.691e-12 2.1557e-11 7.0239e-12 6.4209e-12 5.2648e-12 3.9259e-13 -6.1229e-14 4.8798e-12 -1.6688e-13 1.7731e-13 -5.2488e-12 4.4573e-12 8.3128e-13 -2.0662e-12 -2.4382e-13 1.2149e-12 1.5016e-12 1.7781e-12 -1.8882e-12 2.6798e-12 -3.1767e-12 -4.0258e-12 5.6741e-12 -2.9891e-13 -4.3772e-12 -1.3213e-12 -2.7905e-12 -2.9858e-12 3.0436e-12 -3.9582e-12 -3.5152e-12 -4.5107e-12 2.3145e-12 -2.4667e-12 1.1414e-12 1.254e-12 -1.0658e-12 1.1928e-12 -2.8911e-12 5.0527e-13 -6.1738e-12 -1.3094e-12 2.1055e-12 1.9087e-13 -3.1463e-12 1.2877e-13 -9.39e-13 -1.8922e-13 -1.4652e-12 2.8267e-13 -1.7991e-13 -9.0235e-13 -1.125e-12 -1.9925e-12 4.7605e-13 -1.4557e-13 -5.6916e-15 -1.4359e-12 -8.3772e-13 1.8551e-12 8.2814e-13 8.1595e-13 1.4457e-12 -6.0542e-13 -1.0862e-12 8.623e-13 -8.7074e-13 -4.3425e-13 9.2525e-13 1.0271e-13 -1.2912e-13 -3.0354e-14 -1.4812e-13 -4.817e-14 -8.0859e-15 -1.779e-14 2.2339e-14 2.6073e-15
2.0067e-11 1.8765e-11 1.8537e-11 1.5557e-11 1.6857e-11 1.9688e-11 2.6009e-11 6.0905e-12 9.9728e-12 9.4045e-12 1.2185e-11 8.4401e-12 4.0277e-12 3.0905e-12 6.8882e-12 7.0239e-12 2.8741e-11 -1.2147e-12 4.532e-12 -2.4715e-12 6.9257e-13 6.5111e-12 -1.1037e-12 2.3323e-12 -5.3936e-13 3.9079e-12 -3.6952e-12 5.0858e-12 -2.3245e-12 8.8579e-13 9.5235e-13 -1.2309e-12 -2.1531e-12 -3.3353e-12 -2.3684e-12 -1.0531e-11 2.0885e-12 1.2067e-12 -6.8623e-12 -1.3629e-12 -7.8567e-12 -3.4809e-12 -3.7775e-12 -2.5894e-12 -2.7542e-12 -4.5593e-12 -1.0477e-12 2.979e-13 2.569e-12 3.2433e-12 -3.5195e-12 2.71e-12 -8.8089e-13 1.0115e-12 -1.5262e-12 -5.814e-16 -2.9185e-12 -1.3605e-12 -2.0463e-12 -1.2876e-12 1.0914e-12 3.1348e-13 1.6928e-12 1.7284e-12 -1.7885e-12 -2.5419e-13 -1.2936e-12 -1.8649e-12 3.4193e-12 -1.0768e-12 -1.3096e-12 -3.8783e-13 -3.8396e-12 2.0948e-12 -1.2496e-12 -7.7777e-13 -2.2712e-13 4.8614e-13 5.2889e-13 9.2975e-13 3.0509e-13 7.5093e-13 -3.3087e-13 -1.3821e-13 8.496e-13 1.3737e-14 -1.8616e-13 2.0636e-13 9.7675e-14 8.3292e-14 1.9223e-14 -6.3508e-14
2.0825e-11 8.3234e-12 3.7037e-12 8.528e-12 7.5582e-12 5.3009e-12 7.288e-12 1.4483e-11 6.7095e-12 5.1935e-12 9.4771e-12 8.9288e-12 9.314e-12 3.5726e-12 -6.1424e-13 6.4209e-12 -1.2147e-12 3.0504e-11 7.547e-13 -1.5209e-12 2.8107e-12 9.4047e-12 2.0389e-12 -4.3042e-12 -1.5328e-11 1.3721e-12 1.1256e-12 -8.74e-12 1.2266e-12 2.1788e-12 3.2152e-12 -9.0555e-13 -2.0606e-12 -4.4447e-12 1.9087e-12 1.8852e-12 2.464e-12 5.399e-12 3.5257e-12 -3.3588e-14 -3.0233e-12 -2.9149e-12 2.2803e-12 -2.6994e-13 -4.4759e-12 -1.53e-13 -9.3778e-13 -2.582e-12 -3.7098e-12 -5.855e-13 2.0776e-13 4.5085e-13 -3.3914e-13 2.085e-12 6.3569e-13 8.6745e-13 -1.4807e-12 -1.9966e-12 2.808e-13 -1.8513e-13 3.2013e-12 -6.185e-13 -2.0349e-13 1.3531e-12 1.7178e-14 -1.4815e-12 -2.3065e-12 -8.0956e-13 1.2113e-12 1.7621e-12 1.3105e-13 6.4671e-13 2.8741e-13 9.5803e-13 1.0842e-13 1.1234e-12 6.9496e-13 1.1271e-12 1.0542e-12 -2.4994e-13 1.0712e-13 2.8392e-13 -1.522e-14 7.4206e-13 -7.1333e-14 3.174e-13 -6.8279e-14 4.1622e-14 9.2963e-14 3.7453e-14 2.5373e-14 5.7913e-15
2.0783e-11 2.1623e-11 1.7371e-11 9.773e-12 1.5537e-11 1.5743e-11 1.5025e-11 1.0467e-11 1.2027e-11 1.3673e-11 8.8779e-12 7.2139e-12 4.8186e-12 7.694e-12 3.6152e-12 5.2648e-12 4.532e-12 7.547e-13 1.674e-11 -3.9197e-14 5.7447e-13 4.9492e-13 -8.9166e-13 3.5424e-12 -8.461e-13 -4.6296e-14 -2.1806e-12 7.8977e-13 5.8081e-13 -2.855e-13 3.7225e-12 -3.0635e-12 -1.6435e-12 2.9157e-12 -6.289e-13 -5.2464e-12 1.6762e-12 -1.5337e-12 -5.2076e-13 7.9508e-13 2.6131e-12 3.1596e-12 2.062e-12 1.3474e-12 -1.4574e-12 -4.3502e-12 8.6019e-13 -2.2562e-12 -7.2424e-13 -1.427e-12 -1.7086e-12 -2.5745e-12 -5.5546e-13 -1.2029e-12 -2.6161e-12 -3.6483e-13 -1.1696e-12 -6.9335e-13 1.3331e-12 1.1219e-12 1.3154e-12 -6.9708e-13 5.1472e-13 3.5916e-13 1.9214e-13 -4.4047e-13 -9.2573e-14 -9.7309e-13 -4.1441e-13 -7.2767e-13 2.2244e-12 -1.8058e-12 3.4115e-13 1.3925e-13 -5.2495e-13 1.0506e-13 1.6818e-13 5.026e-13 -2.2751e-13 1.1672e-12 3.5085e-13 3.2412e-13 -6.5723e-14 -5.9924e-13 -4.1657e-14 2.5597e-13 1.5008e-14 -1.0062e-13 -1.3217e-14 -7.6411e-14 -1.5227e-15 -1.2419e-14
8.5861e-12 9.8581e-12 9.9139e-12 7.1538e-12 5.1374e-12 4.1438e-12 9.3444e-12 8.1638e-12 1.1903e-11 3.3189e-13 8.2492e-12 5.3555e-12 4.9578e-12 1.2467e-12 -2.6232e-12 3.9259e-13 -2.4715e-12 -1.5209e-12 -3.9197e-14 1.6871e-11 -3.6977e-13 -1.1672e-12 -1.4938e-13 -2.7441e-12 -2.1001e-12 -5.6274e-13 2.1034e-12 -1.741e-12 3.0673e-13 -2.3199e-12 -6.8822e-13 1.3401e-13 -1.5637e-13 -3.023e-12 -2.1974e-12 -4.4856e-12 2.2309e-13 2.2265e-12 -5.1706e-12 4.0142e-12 -3.1138e-12 1.3113e-12 5.4669e-13 2.4237e-12 -2.7243e-15 -4.8495e-12 -2.6568e-13 -2.6534e-12 -2.098e-12 -3.3724e-12 9.6757e-13 6.6162e-13 -2.8074e-12 -2.6953e-12 -1.4492e-12 -6.3759e-13 1.7628e-12 1.1933e-13 -1.3948e-13 2.6517e-12 -1.5724e-12 -3.6558e-12 2.2551e-13 1.5501e-12 2.0726e-12 1.0843e-12 2.9821e-12 -2.7261e-13 -1.0334e-12 1.5901e-12 -9.4215e-13 1.403e-12 1.354e-13 1.2914e-12 3.6315e-13 -8.0617e-13 -5.5896e-13 -3.3047e-13 2.805e-14 1.2439e-13 -3.9964e-13 1.7325e-13 3.9211e-13 5.179e-13 2.3573e-13 2.1928e-13 3.9949e-13 3.7891e-14 7.1332e-15 3.7615e-14 -7.8117e-15 3.9776e-14
4.3827e-12 4.3722e-12 6.924e-12 7.6485e-12 5.8455e-12 4.7613e-12 4.2065e-12 3.2323e-12 9.3025e-12 2.0173e-13 6.6648e-12 1.7016e-12 1.8814e-12 1.6617e-12 -8.0872e-13 -6.1229e-14 6.9257e-13 2.8107e-12 5.7447e-13 -3.6977e-13 1.3458e-11 -1.4752e-13 2.1813e-12 1.8625e-13 1.2169e-12 -2.1924e-12 -1.9649e-12 -2.9525e-12 9.0079e-13 -1.6384e-12 -1.8802e-12 1.7357e-12 1.102e-12 -1.2979e-12 1.9044e-12 1.9546e-15 1.1953e-12 2.4239e-12 -3.7223e-13 -2.1676e-12 1.0848e-12 2.6669e-12 -9.8085e-13 -1.8068e-12 -1.0065e-12 -2.0593e-12 4.9953e-13 1.6308e-12 7.6794e-13 -3.1097e-12 -1.5875e-13 -3.4851e-13 -8.5592e-13 -2.798e-12 5.1508e-13 1.4008e-12 -8.2226e-14 -3.105e-13 1.6769e-12 3.0467e-13 -1.5837e-12 -1.4212e-12 1.581e-12 1.9114e-12 -3.7049e-13 -4.9083e-13 -7.2918e-13 9.3525e-13 -8.5405e-13 -3.0997e-13 -1.3902e-12 -9.7993e-13 1.1786e-12 -3.1729e-13 1.894e-12 2.8764e-13 -5.0215e-13 3.4021e-13 -7.6683e-13 1.3029e-15 -3.3906e-13 6.6845e-13 -4.9068e-13 -7.6507e-13 2.5914e-13 1.658e-13 -1.9957e-13 -6.4169e-14 6.7481e-14 3.803e-14 -2.3702e-15 1.2297e-14
1.0581e-11 5.7418e-12 -1.3956e-13 2.4674e-12 6.9085e-12 4.4961e-14 1.1066e-11 5.839e-13 -2.9125e-12 1.2722e-12 4.085e-12 4.4026e-12 -3.9151e-12 -8.9781e-13 1.8661e-12 4.8798e-12 6.5111e-12 9.4047e-12 4.9492e-13 -1.1672e-12 -1.4752e-13 1.958e-11 -1.5308e-12 6.2246e-13 -3.5668e-13 3.3925e-12 1.3011e-12 -1.4706e-12 1.123e-12 4.404e-12 1.7895e-12 1.9406e-12 4.2785e-14 -1.0485e-12 9.9726e-13 2.5609e-12 3.5215e-12 2.3179e-12 5.2029e-12 2.9326e-12 -1.9782e-12 -1.3426e-12 2.6867e-12 -1.9658e-13 -3.2202e-12 1.3088e-12 -1.1796e-12 1.3635e-12 2.0591e-12 -1.7659e-12 1.0871e-12 1.2312e-12 4.2587e-13 9.2109e-13 4.1434e-14 -1.5839e-13 6.4904e-13 -1.2066e-12 2.496e-13 -1.9655e-12 1.2117e-12 1.8427e-12 1.2811e-12 5.1185e-13 1.2127e-13 5.0692e-13 1.186e-12 -1.7262e-12 2.1377e-13 1.5999e-12 6.4795e-13 1.452e-12 -2.2316e-12 9.5856e-13 -7.8743e-13 -2.764e-13 -3.5382e-13 -2.1681e-13 1.7626e-13 -6.1617e-14 -4.2582e-13 -5.7372e-13 -2.0792e-13 -2.7392e-13 3.392e-13 8.5044e-15 -1.8977e-13 2.6841e-14 8.836e-14 -6.9069e-15 6.9886e-15 -4.8694e-14
2.4044e-12 4.1469e-12 4.0615e-12 4.3069e-12 3.0078e-12 -1.4292e-13 -2.0622e-12 9.8177e-13 2.1597e-12 2.2089e-12 1.0618e-12 1.9411e-12 -9.5064e-13 6.3767e-12 4.8432e-13 -1.6688e-13 -1.1037e-12 2.0389e-12 -8.9166e-13 -1.4938e-13 2.1813e-12 -1.5308e-12 1.4591e-11 3.404e-12 -1.8553e-12 1.7405e-12 1.9193e-12 -4.0328e-12 1.8256e-13 3.0553e-12 7.2078e-13 -2.9668e-12 -2.4995e-12 5.7689e-12 2.1843e-12 -2.9187e-12 2.9e-12 2.913e-12 -1.9889e-12 -1.9561e-12 6.3731e-13 -6.7486e-13 3.1917e-12 -2.8524e-13 4.9275e-13 -1.0206e-12 4.8398e-13 -2.4108e-12 1.2175e-12 1.8604e-13 -1.5144e-12 3.3183e-12 1.9908e-12 6.4504e-13 -1.2797e-12 1.5985e-12 -1.0773e-12 -2.5226e-13 2.737e-12 -3.8497e-13 -1.3017e-12 1.2926e-12 5.8802e-13 -5.9645e-13 -3.1481e-13 -1.1902e-12 -4.2436e-13 -3.3715e-13 -2.8727e-13 1.2651e-12 -1.9823e-13 -1.1821e-12 -1.611e-13 3.4593e-13 3.7112e-13 -5.2007e-13 1.9695e-12 1.0413e-13 -3.674e-13 -2.1913e-13 -3.1368e-13 1.1824e-13 1.1275e-13 6.9997e-13 -7.5225e-14 1.4172e-13 -6.9335e-14 -2.0054e-15 -1.4725e-14 -1.6994e-14 -1.342e-14 3.6284e-14
5.8647e-12 9.9753e-12 4.8972e-12 2.3589e-12 5.7389e-12 2.7503e-12 2.6049e-12 -5.1889e-12 2.346e-12 1.8482e-12 -8.8338e-13 -5.0584e-13 -5.2512e-12 6.2548e-12 3.6176e-12 1.7731e-13 2.3323e-12 -4.3042e-12 3.5424e-12 -2.7441e-12 1.8625e-13 6.2246e-13 3.404e-12 1.8955e-11 3.0892e-12 1.0192e-12 -5.547e-12 1.8752e-12 -1.6549e-12 -3.7381e-12 2.5556e-12 1.6971e-12 -5.9316e-13 6.6524e-12 1.7482e-12 -1.9256e-12 3.0988e-12 -3.1196e-12 9.9934e-13 1.9614e-12 2.996e-12 7.1869e-13 -1.383e-12 -1.9357e-12 9.0576e-13 -3.2086e-12 -1.1016e-12 8.8192e-13 5.5923e-12 -6.578e-13 -5.7745e-12 2.2224e-12 3.8486e-12 -4.1024e-13 -1.7741e-12 -3.3707e-13 2.2431e-14 1.405e-12 2.8307e-12 -1.0927e-12 -6.3925e-13 1.2071e-12 1.0927e-12 -5.6895e-14 -9.6947e-13 9.642e-13 -1.089e-12 -3.2227e-13 -1.5166e-13 5.7569e-13 2.8464e-12 1.4248e-12 -2.6965e-13 -6.2875e-13 5.33e-13 -2.1101e-13 -2.7804e-13 -1.1593e-12 -2.5267e-12 -9.2199e-13 1.0347e-13 5.8031e-13 -2.4449e-13 -7.0344e-13 -5.1512e-13 2.542e-14 1.6563e-13 5.5193e-14 6.7809e-14 -1.8651e-14 1.6905e-14 1.1454e-14
-2.322e-11 -1.0462e-11 -1.1041e-11 -8.0472e-12 -1.0713e-11 -7.7348e-12 -1.0751e-11 -1.3353e-11 -6.9762e-12 -8.7548e-12 -1.0459e-11 -9.435e-12 -8.8217e-12 -3.3164e-12 2.9133e-13 -5.2488e-12 -5.3936e-13 -1.5328e-11 -8.461e-13 -2.1001e-12 1.2169e-12 -3.5668e-13 -1.8553e-12 3.0892e-12 2.2615e-11 5.725e-13 1.0324e-12 7.0101e-12 -2.6883e-12 -1.4391e-12 -2.8192e-12 3.8373e-12 4.3382e-12 5.5953e-12 1.6835e-12 4.1577e-12 -9.4291e-14 2.0791e-12 4.337e-13 -6.1465e-13 5.835e-12 2.7946e-12 3.4481e-12 -3.8795e-13 5.5204e-13 2.6743e-13 1.6324e-12 4.608e-12 6.5437e-12 2.0617e-12 -2.8648e-13 1.2776e-12 2.8366e-12 -2.9658e-12 9.1606e-13 8.8932e-13 3.927e-12 9.5997e-14 -8.5115e-13 4.1648e-13 -1.3422e-12 -3.7294e-13 1.1084e-12 -7.6089e-13 -4.5363e-13 -9.2512e-14 -7.1648e-14 1.2451e-12 -5.8916e-13 -3.5946e-13 1.198e-13 2.6057e-13 -1.1786e-12 -2.0386e-12 1.3331e-12 -1.5249e-12 4.2947e-13 -4.4047e-13 -7.1207e-13 9.868e-14 5.4684e-13 -6.0266e-13 -3.6547e-13 -1.199e-12 -3.0626e-13 -3.0556e-13 -1.4103e-13 -5.4855e-14 -1.1502e-14 -3.8053e-14 6.5155e-15 1.6206e-14
1.384e-11 9.8179e-12 1.1206e-11 1.611e-12 1.2312e-11 9.8845e-12 1.1725e-11 4.4518e-12 7.7418e-12 2.8017e-12 4.2417e-12 7.1895e-12 4.2429e-12 8.5218e-12 6.8876e-12 4.4573e-12 3.9079e-12 1.3721e-12 -4.6296e-14 -5.6274e-13 -2.1924e-12 3.3925e-12 1.7405e-12 1.0192e-12 5.725e-13 1.6098e-11 1.1733e-12 2.759e-12 -1.9992e-12 -1.4037e-12 2.5202e-12 3.8943e-12 -2.4646e-13 -2.7458e-12 -2.2427e-12 -6.5031e-13 5.4458e-12 7.1427e-13 -2.6619e-12 -2.3598e-12 -1.0934e-12 -1.34e-12 1.6357e-12 -1.9613e-12 1.4652e-12 -2.725e-12 6.8613e-13 2.8443e-12 1.5405e-12 2.1714e-12 5.51e-13 3.6541e-12 -2.3673e-13 1.8271e-12 -1.2447e-12 1.7165e-15 1.1535e-12 -1.5876e-12 -1.116e-13 -6.4825e-13 -9.9889e-13 1.7531e-12 -1.3763e-12 -1.4216e-12 -4.3209e-13 -7.8571e-13 -2.2828e-12 -6.9492e-13 1.6402e-12 -2.2546e-13 4.9612e-13 -1.2884e-12 -4.1394e-13 2.1644e-12 2.6982e-13 6.721e-13 1.7601e-12 8.2314e-13 -4.9922e-13 -2.7802e-13 1.2469e-12 3.4742e-13 1.7736e-13 6.1012e-13 -1.1002e-13 4.7961e-13 1.5231e-14 1.0353e-13 4.0079e-14 -7.573e-14 5.2518e-15 -5.3887e-15
-6.4822e-12 -6.5432e-12 3.0437e-12 3.2667e-12 -2.2208e-12 -4.0769e-12 -1.4019e-12 1.4286e-12 2.4283e-12 6.3273e-13 1.6342e-12 2.9855e-13 1.6678e-12 7.4339e-13 1.0459e-12 8.3128e-13 -3.6952e-12 1.1256e-12 -2.1806e-12 2.1034e-12 -1.9649e-12 1.3011e-12 1.9193e-12 -5.547e-12 1.0324e-12 1.1733e-12 2.167e-11 -3.6352e-12 1.5936e-12 3.2839e-12 3.9458e-12 1.0111e-12 3.6668e-12 6.6121e-12 -1.1198e-12 -2.6673e-12 3.621e-12 3.8476e-12 3.2401e-12 -1.4611e-12 1.3899e-12 1.9636e-12 4.2162e-12 1.2233e-12 2.2872e-12 2.9593e-13 2.4784e-12 -2.2216e-12 2.4657e-13 1.2416e-13 9.9336e-13 2.041e-12 1.8454e-12 8.307e-13 -1.3584e-12 3.9467e-13 3.1489e-12 -8.6901e-13 -4.0681e-14 9.454e-13 5.0008e-13 9.2821e-13 -2.7987e-12 -9.2767e-13 2.5205e-12 4.3498e-13 2.4681e-13 1.3189e-12 1.0846e-12 9.9875e-13 -7.5732e-13 -1.6633e-12 8.9109e-13 -5.4203e-13 7.0235e-13 -3.1918e-12 -8.1281e-13 -2.9657e-13 7.9923e-13 -2.3654e-14 5.1303e-13 -8.7753e-13 5.1287e-13 2.2167e-13 2.6902e-13 1.3897e-13 -8.9474e-14 6.234e-14 -9.7783e-15 1.8658e-14 6.8848e-15 1.4804e-14
-3.6437e-12 5.2878e-12 -2.8995e-13 -3.2098e-12 1.1116e-13 4.8542e-12 3.9978e-12 -5.3604e-12 5.8466e-14 -5.8025e-12 -2.9568e-12 -6.8156e-14 -1.9755e-13 -2.8735e-12 4.6077e-12 -2.0662e-12 5.0858e-12 -8.74e-12 7.8977e-13 -1.741e-12 -2.9525e-12 -1.4706e-12 -4.0328e-12 1.8752e-12 7.0101e-12 2.759e-12 -3.6352e-12 1.4284e-11 -1.4655e-12 -3.9161e-12 -2.3599e-12 1.5903e-12 1.9202e-12 -3.719e-12 -2.0326e-12 -2.1118e-12 -4.1685e-12 -1.8615e-12 2.7697e-12 1.1565e-12 -2.1436e-13 -2.6482e-12 -3.1199e-12 -2.7876e-12 6.406e-13 4.7246e-13 -2.0513e-12 -6.3627e-13 1.267e-12 2.2152e-13 -2.2703e-12 -9.9151e-13 9.1059e-13 2.2631e-12 9.9868e-13 -1.0891e-12 5.4108e-13 5.4726e-13 -3.5678e-13 -1.1926e-12 -1.4638e-12 1.6995e-12 -3.1317e-13 -3.9209e-13 -1.6752e-12 1.7573e-12 -2.131e-13 5.959e-13 4.7228e-13 -1.7282e-12 1.0032e-13 7.1893e-13 -1.1037e-12 1.4677e-12 4.3277e-13 1.1621e-12 8.7606e-13 3.4677e-13 2.7919e-13 -3.1037e-13 8.2868e-13 7.4302e-15 -1.9245e-13 6.3946e-14 -2.3565e-13 -2.4643e-13 8.039e-14 2.1685e-14 -1.397e-14 -3.384e-14 -1.3521e-14 -1.0352e-14
-4.2862e-12 -2.6012e-12 -2.7658e-12 -4.7867e-12 1.6983e-12 -1.7058e-12 1.4298e-12 1.8404e-12 1.4939e-12 2.7696e-12 1.5712e-13 5.944e-12 2.6943e-12 -1.4338e-12 1.9747e-12 -2.4382e-13 -2.3245e-12 1.2266e-12 5.8081e-13 3.0673e-13 9.0079e-13 1.123e-12 1.8256e-13 -1.6549e-12 -2.6883e-12 -1.9992e-12 1.5936e-12 -1.4655e-12 1.504e-11 4.1512e-12 4.5628e-12 -3.6978e-12 1.8531e-12 3.6989e-12 7.6832e-13 2.1671e-12 3.0623e-13 -2.6431e-12 7.4284e-12 1.0414e-12 -2.0824e-12 2.225e-12 2.0617e-12 1.333e-12 2.6145e-12 2.5366e-12 3.3347e-12 -4.9908e-12 8.8569e-13 -5.0111e-13 4.0194e-12 2.5963e-13 9.6698e-13 2.0804e-13 2.0231e-12 -4.7452e-13 1.1186e-12 1.1237e-12 2.2797e-12 8.0747e-13 -2.1379e-12 8.5772e-13 3.5069e-12 -2.061e-13 -9.5184e-13 5.8092e-13 2.1669e-12 6.0083e-13 -1.0919e-13 -3.4389e-13 1.048e-12 -5.5671e-13 1.0994e-13 5.3431e-13 -2.0658e-14 -1.1043e-12 -1.565e-12 -2.3949e-13 9.6022e-13 4.5027e-13 -2.5201e-13 -5.7927e-13 -2.9668e-13 3.3007e-13 -2.233e-13 -8.3779e-14 -2.0533e-13 -6.7355e-14 -1.9316e-14 -2.1753e-14 2.9098e-14 -1.1412e-14
1.4268e-12 -7.1508e-12 -2.1726e-12 -4.0197e-12 -1.8944e-12 -6.5719e-12 -2.8412e-12 2.3234e-12 -6.042e-12 5.3908e-12 -3.3883e-12 -4.7928e-13 -2.837e-12 3.4336e-12 -1.349e-12 1.2149e-12 8.8579e-13 2.1788e-12 -2.855e-13 -2.3199e-12 -1.6384e-12 4.404e-12 3.0553e-12 -3.7381e-12 -1.4391e-12 -1.4037e-12 3.2839e-12 -3.9161e-12 4.1512e-12 1.6205e-11 -5.1431e-13 4.2543e-13 -4.2552e-12 3.4018e-12 -1.289e-12 -4.2647e-14 3.2935e-13 -1.6032e-12 2.8209e-12 -2.9346e-12 -2.8723e-12 1.4983e-12 4.7914e-12 2.4372e-12 3.2614e-12 1.4285e-12 1.1224e-12 -1.9387e-12 1.9224e-12 1.9866e-12 1.6351e-12 2.5853e-12 2.0986e-12 -4.342e-13 -1.2564e-12 1.4375e-12 -2.8194e-13 1.8785e-13 -8.3906e-13 -1.8061e-12 1.2216e-12 2.0404e-12 9.0243e-13 -3.1979e-12 -7.1322e-13 -8.6975e-13 8.0898e-13 8.9602e-13 6.5334e-13 1.1461e-12 -2.7289e-14 -2.4614e-12 4.3917e-13 3.0881e-13 -6.5301e-13 -5.9459e-13 -7.1042e-13 8.7318e-13 8.6616e-13 6.8962e-13 -5.3851e-13 -7.3566e-14 -1.2269e-13 1.5124e-13 2.0117e-13 -9.0491e-15 -2.3024e-13 3.6329e-14 -2.4488e-14 -1.0055e-14 2.7812e-14 -3.4607e-14
-8.78e-12 -5.1782e-12 -3.6905e-12 1.7691e-12 3.6394e-12 -1.2139e-12 5.3137e-12 -1.1259e-12 2.3323e-12 -4.2543e-13 -1.7925e-12 3.4462e-13 -2.2852e-13 -4.2908e-12 -2.813e-12 1.5016e-12 9.5235e-13 3.2152e-12 3.7225e-12 -6.8822e-13 -1.8802e-12 1.7895e-12 7.2078e-13 2.5556e-12 -2.8192e-12 2.5202e-12 3.9458e-12 -2.3599e-12 4.5628e-12 -5.1431e-13 1.7615e-11 -3.8438e-12 -3.8425e-12 6.5628e-12 6.9839e-13 -9.4669e-13 3.6744e-12 -2.4535e-12 3.3563e-12 1.0181e-12 1.8476e-12 1.2124e-12 9.1395e-13 5.6254e-13 -9.7798e-13 1.6644e-12 3.6085e-12 1.9177e-13 2.0454e-12 1.4812e-12 3.398e-12 2.2544e-12 2.719e-12 -1.0035e-12 1.2539e-12 -2.4277e-13 -9.0584e-13 -4.0972e-13 2.7338e-12 1.2352e-12 1.7743e-12 1.5433e-12 -4.6077e-13 1.6265e-12 1.4443e-12 8.552e-13 -6.5899e-13 1.9805e-12 -3.4658e-13 6.4341e-13 1.3962e-12 -1.79e-12 -1.7954e-12 8.3441e-13 -5.9881e-13 -7.0421e-13 8.9014e-13 4.5873e-13 -5.4888e-13 1.8438e-13 4.2517e-13 -5.255e-13 -1.0057e-13 2.0195e-13 -8.9105e-14 -1.019e-13 -1.6148e-13 9.9245e-14 -2.6222e-14 1.2734e-15 -1.9019e-14 1.5413e-14
4.7586e-12 1.3612e-12 -1.6748e-12 -7.6728e-13 1.4048e-12 -1.8119e-12 -3.9878e-13 -3.0308e-12 6.4844e-13 -2.7702e-12 -1.3605e-12 -2.2981e-12 2.7534e-13 2.8451e-12 4.8613e-12 1.7781e-12 -1.2309e-12 -9.0555e-13 -3.0635e-12 1.3401e-13 1.7357e-12 1.9406e-12 -2.9668e-12 1.6971e-12 3.8373e-12 3.8943e-12 1.0111e-12 1.5903e-12 -3.6978e-12 4.2543e-13 -3.8438e-12 1.5444e-11 1.7785e-12 -2.9503e-12 9.614e-13 -5.0994e-13 2.1227e-12 2.1704e-12 -1.6659e-12 -4.5668e-12 -5.7243e-14 1.1444e-13 3.7705e-12 -3.4022e-12 1.0377e-12 1.0635e-12 -2.2677e-12 2.093e-12 3.1083e-12 2.9095e-13 -8.5943e-13 4.8509e-13 -2.7015e-12 -9.1326e-13 -1.6898e-12 -2.3998e-13 2.6389e-12 -1.119e-12 -9.0688e-13 -1.8166e-12 8.4354e-13 -5.6564e-13 -2.8962e-13 -2.3961e-12 -3.4372e-14 1.1402e-13 -5.6168e-13 6.4262e-13 2.2752e-12 -1.0099e-12 -1.1027e-12 -3.566e-13 7.0733e-13 -9.0407e-13 1.5911e-12 2.7534e-13 -5.5354e-13 2.5256e-13 -9.3213e-13 -1.207e-13 1.5191e-13 -5.9914e-13 -5.1409e-14 -6.0537e-13 -3.4079e-14 2.2158e-13 -6.8976e-14 8.5998e-15 4.986e-14 -4.5458e-14 1.0235e-15 1.5752e-14
-4.84e-12 1.4435e-12 -4.544e-13 -4.0147e-12 -4.541e-12 1.0578e-12 -6.3473e-12 -4.1073e-12 -1.1982e-12 -1.6544e-12 2.0395e-13 3.1355e-12 -1.3237e-12 -3.0875e-13 1.309e-12 -1.8882e-12 -2.1531e-12 -2.0606e-12 -1.6435e-12 -1.5637e-13 1.102e-12 4.2785e-14 -2.4995e-12 -5.9316e-13 4.3382e-12 -2.4646e-13 3.6668e-12 1.9202e-12 1.8531e-12 -4.2552e-12 -3.8425e-12 1.7785e-12 1.5562e-11 7.2664e-13 2.084e-12 3.5063e-12 -1.2257e-12 2.2493e-12 2.2372e-12 -5.1822e-14 -1.1816e-12 1.3348e-12 1.4031e-12 -1.3958e-12 1.7806e-12 2.3347e-12 -2.1848e-13 -1.0454e-14 1.4109e-12 5.9225e-13 1.0243e-12 -2.8526e-12 1.5059e-12 -2.4059e-14 5.5704e-13 -2.1358e-12 4.7391e-12 -1.9609e-12 -2.4949e-13 9.8564e-13 -8.7486e-16 1.6587e-12 1.9608e-12 2.5678e-13 5.4128e-13 -2.3962e-13 -5.4071e-13 3.1834e-13 -6.6792e-13 -1.1987e-12 7.0856e-13 1.7092e-12 -5.4102e-14 -7.7229e-13 5.3744e-13 -3.0738e-13 -1.0543e-12 -9.57e-13 9.6392e-13 1.0001e-12 1.4761e-13 -8.6798e-13 -4.4042e-13 1.9635e-13 -3.6427e-13 -1.1803e-13 -8.9165e-14 -2.9688e-14 1.0531e-14 -3.9395e-14 5.7366e-15 -1.2108e-14
-1.4267e-11 -1.3211e-11 -6.352e-12 3.83e-14 -7.9296e-12 -1.2152e-11 -4.4692e-12 -7.9384e-12 -6.564e-12 2.5585e-12 -3.0043e-12 -7.8904e-12 -6.8963e-12 -1.9301e-13 -4.278e-12 2.6798e-12 -3.3353e-12 -4.4447e-12 2.9157e-12 -3.023e-12 -1.2979e-12 -1.0485e-12 5.7689e-12 6.6524e-12 5.5953e-12 -2.7458e-12 6.6121e-12 -3.719e-12 3.6989e-12 3.4018e-12 6.5628e-12 -2.9503e-12 7.2664e-13 2.5258e-11 6.8184e-12 9.6489e-13 3.5001e-12 -3.4949e-13 3.5148e-12 -3.8272e-13 6.1956e-12 9.5019e-12 8.102e-12 2.3724e-12 5.7097e-13 3.6268e-12 3.3706e-12 -1.6756e-12 4.4105e-12 -1.5963e-12 -4.6349e-13 4.2896e-12 8.1471e-12 2.7008e-13 -1.3869e-12 2.024e-12 2.6172e-12 9.931e-13 3.8362e-12 1.7029e-12 2.5252e-12 1.352e-12 3.9224e-13 -8.2592e-13 9.6572e-13 2.9669e-13 -8.2171e-13 1.1594e-13 3.1761e-15 8.4368e-13 2.1742e-12 -1.3043e-12 -4.6145e-13 -7.9056e-13 1.7953e-13 -2.6575e-12 1.9689e-12 -1.0552e-12 -7.7445e-13 9.3542e-13 -1.1127e-13 -1.2552e-12 5.8823e-13 -1.6651e-13 -5.91e-13 -1.033e-13 -2.3121e-13 -3.6812e-14 -4.6415e-14 -1.5645e-14 -3.8496e-15 2.1605e-14
-5.9603e-12 -4.2462e-12 -5.433e-12 1.395e-12 -6.2595e-12 -6.8678e-12 -4.9838e-12 -4.147e-12 -8.2692e-12 3.6287e-12 3.4693e-13 -4.2492e-13 8.3592e-13 -3.3212e-12 -5.5971e-13 -3.1767e-12 -2.3684e-12 1.9087e-12 -6.289e-13 -2.1974e-12 1.9044e-12 9.9726e-13 2.1843e-12 1.7482e-12 1.6835e-12 -2.2427e-12 -1.1198e-12 -2.0326e-12 7.6832e-13 -1.289e-12 6.9839e-13 9.614e-13 2.084e-12 6.8184e-12 1.1637e-11 2.5877e-12 -1.6891e-12 3.7262e-12 1.2778e-12 -7.028e-13 1.4805e-12 1.14e-12 3.404e-12 1.3803e-12 -2.8691e-12 6.2737e-12 -1.8754e-12 -7.6606e-13 3.1693e-12 -1.4713e-12 -4.713e-13 -6.4273e-13 5.604e-13 2.0243e-12 1.3307e-12 2.8236e-12 -3.4074e-13 -1.8414e-12 2.2429e-12 2.5444e-13 2.3044e-12 -6.4201e-13 3.6503e-13 -9.6664e-13 4.6208e-13 -2.4935e-13 -1.9594e-13 -6.271e-13 6.1222e-13 -5.9628e-13 6.1769e-13 -5.1048e-14 -5.2473e-13 -1.1215e-12 6.0094e-13 -1.2457e-12 1.3288e-12 1.4635e-15 1.5064e-13 7.1091e-14 3.8463e-14 -1.0979e-12 -6.4978e-13 -4.6332e-13 -3.0188e-14 1.3641e-13 -1.8012e-13 -1.4458e-13 6.9118e-14 -2.8132e-15 -9.396e-15 1.8472e-14
-2.2753e-11 -1.853e-11 -1.746e-11 -1.3852e-11 -1.3943e-11 -1.407e-11 -1.7399e-11 -9.1757e-12 -1.2402e-11 -5.11e-12 -5.7594e-12 -5.2944e-12 -5.5983e-12 -5.688e-12 -3.5949e-12 -4.0258e-12 -1.0531e-11 1.8852e-12 -5.2464e-12 -4.4856e-12 1.9546e-15 2.5609e-12 -2.9187e-12 -1.9256e-12 4.1577e-12 -6.5031e-13 -2.6673e-12 -2.1118e-12 2.1671e-12 -4.2647e-14 -9.4669e-13 -5.0994e-13 3.5063e-12 9.6489e-13 2.5877e-12 2.0316e-11 5.8477e-14 7.4908e-13 4.3189e-12 1.8514e-12 4.1445e-12 2.1715e-12 2.2461e-12 -3.3055e-13 1.4321e-13 4.4747e-12 2.8302e-12 4.1958e-12 1.4163e-12 2.9548e-12 3.6744e-12 -4.0823e-13 1.2764e-12 -9.6327e-13 3.9896e-12 8.3937e-13 -2.1655e-13 8.9885e-13 5.1885e-13 1.0657e-12 6.7596e-13 3.4597e-13 2.0307e-12 7.7363e-13 9.1733e-13 -1.0448e-12 -1.6341e-12 4.6368e-15 -2.4431e-12 -1.284e-13 7.3796e-13 3.1776e-13 6.0821e-13 -7.2409e-13 -6.5549e-14 9.2112e-13 5.0443e-15 1.4416e-13 1.7552e-13 -6.6789e-13 9.6579e-13 -2.791e-13 9.3256e-15 2.4663e-13 -3.3674e-13 1.8801e-14 -1.3252e-13 -1.0297e-13 -6.3872e-14 -7.364e-15 -1.3936e-14 -8.494e-15
7.7092e-12 6.8428e-12 1.0328e-11 7.4189e-12 1.1241e-11 6.6415e-12 7.6943e-12 3.3788e-12 6.3803e-12 5.1391e-12 3.6309e-12 3.5317e-12 1.2189e-12 6.675e-12 4.2029e-12 5.6741e-12 2.0885e-12 2.464e-12 1.6762e-12 2.2309e-13 1.1953e-12 3.5215e-12 2.9e-12 3.0988e-12 -9.4291e-14 5.4458e-12 3.621e-12 -4.1685e-12 3.0623e-13 3.2935e-13 3.6744e-12 2.1227e-12 -1.2257e-12 3.5001e-12 -1.6891e-12 5.8477e-14 1.0907e-11 -3.2736e-13 -1.5271e-12 -7.3557e-13 1.1146e-12 -1.5736e-13 3.1228e-12 -1.3435e-12 1.6048e-12 -3.8059e-12 3.1394e-12 2.3313e-12 1.7844e-12 1.9488e-12 7.2777e-13 2.3337e-12 -1.1534e-13 -1.3607e-12 -4.6793e-13 9.4752e-13 1.5963e-12 -1.4894e-12 9.8725e-13 1.571e-12 -4.7888e-13 1.3739e-13 -7.8012e-13 1.2343e-12 6.8716e-13 -4.5003e-13 -1.0984e-12 -7.8687e-14 2.4001e-13 1.4035e-12 8.7239e-13 -1.159e-12 1.5993e-12 2.2895e-13 3.5196e-13 -5.1728e-13 -2.5812e-13 -4.4659e-13 -7.2782e-13 -1.5785e-13 2.4333e-13 3.2463e-13 4.2822e-13 1.179e-13 -5.1755e-14 3.7376e-13 -2.1349e-13 8.024e-14 9.6298e-15 -1.3865e-14 8.1717e-15 -6.2455e-15
3.8096e-12 2.0446e-12 -4.6853e-12 9.5713e-12 -6.7092e-12 -1.594e-12 -2.8341e-12 -2.1896e-12 2.9963e-12 1.3362e-13 3.4793e-12 4.7132e-12 2.9402e-12 9.7002e-13 5.2519e-14 -2.9891e-13 1.2067e-12 5.399e-12 -1.5337e-12 2.2265e-12 2.4239e-12 2.3179e-12 2.913e-12 -3.1196e-12 2.0791e-12 7.1427e-13 3.8476e-12 -1.8615e-12 -2.6431e-12 -1.6032e-12 -2.4535e-12 2.1704e-12 2.2493e-12 -3.4949e-13 3.7262e-12 7.4908e-13 -3.2736e-13 1.9876e-11 -9.1529e-13 2.2474e-12 -6.792e-13 1.8328e-12 3.7944e-12 -3.5869e-13 -4.2712e-12 -1.385e-12 1.6213e-12 -1.015e-12 1.0412e-12 1.0793e-12 -1.9874e-12 2.3806e-13 -1.6796e-12 2.3109e-13 1.8536e-12 2.1911e-12 1.3773e-12 1.1117e-12 -1.428e-13 2.4472e-12 1.3974e-12 -2.7811e-12 2.1832e-12 2.9742e-12 1.221e-12 -1.806e-12 -1.2817e-13 -2.7335e-12 1.7711e-12 2.0294e-12 -2.8223e-12 8.0152e-13 -1.9668e-12 -8.319e-13 8.1653e-13 -1.6465e-12 4.5917e-13 -5.354e-13 3.6597e-13 2.4992e-13 7.7433e-13 -3.7732e-13 -5.1e-14 1.3182e-13 2.2965e-13 1.5857e-13 -1.8859e-13 -1.1666e-13 3.4682e-14 4.3692e-14 -2.626e-14 4.5849e-14
