4.0573e-11 2.1137e-12 8.6008e-12 4.7497e-12 -7.5874e-12 2.0276e-12 -5.4349e-13 3.4152e-12 3.8849e-12 -2.4509e-12 6.1725e-12 2.2089e-12 2.4773e-12 4.6208e-12 1.3658e-11 4.4813e-12 3.5867e-12 3.9887e-12 5.2114e-12 1.9184e-12 1.2212e-12 6.8151e-12 5.0882e-12 1.3974e-12 -3.3824e-13 3.075e-12 3.1606e-12 4.1313e-12 2.21e-12 2.4698e-13 -4.0424e-12 9.0498e-13 4.0395e-12 8.897e-13 3.2619e-14 -2.902e-12 -3.8665e-13 1.1258e-12 1.4265e-12 -1.5657e-12 -3.872e-13 6.3558e-13 -1.3382e-12 -2.3876e-14 -2.3262e-12 2.9824e-13 1.282e-12 3.9199e-12 1.6402e-12 1.0305e-12 -3.1449e-12 2.7546e-12 2.9949e-12 1.8809e-12 1.7127e-14 6.6017e-13 -3.0081e-13 -9.8275e-13 2.6114e-12 -8.75e-13 2.1391e-12 1.4869e-12 -5.9026e-13 -1.6492e-12 6.867e-13 1.1289e-12 -4.8027e-13 -3.7716e-13 2.8157e-13 2.2772e-13 2.1526e-15 5.2889e-15 1.7509e-15 4.3274e-14
2.1137e-12 3.5385e-11 3.4675e-12 4.4242e-12 1.2099e-11 1.269e-11 6.5586e-12 -1.8853e-12 3.0447e-12 7.158e-13 8.6659e-12 -2.8079e-12 4.2833e-12 6.588e-12 6.4893e-13 -2.2808e-12 -4.2232e-12 -6.3196e-12 1.5003e-13 1.8627e-12 -2.7584e-12 -1.1349e-12 5.2342e-12 6.3414e-12 6.9041e-12 2.2495e-12 -2.202e-12 -1.3093e-12 6.5611e-12 -3.9655e-12 4.8788e-12 -2.4074e-12 2.8023e-12 1.1936e-12 1.0936e-12 2.3594e-13 -4.5869e-12 7.6959e-12 1.6455e-12 1.518e-12 1.1479e-12 5.9958e-13 4.1695e-13 -1.3926e-12 4.7411e-13 4.64e-13 -8.97e-13 2.556e-12 -1.9266e-12 -4.036e-13 3.9988e-12 1.0346e-12 1.4129e-12 3.1014e-12 5.4479e-13 1.2476e-14 -1.3568e-12 7.7302e-13 1.9937e-12 8.7039e-13 -1.2166e-13 1.9579e-13 4.086e-14 2.012e-13 -8.674e-13 -1.2419e-14 4.1053e-13 2.6832e-13 2.2518e-13 4.332e-13 -6.1019e-14 5.9238e-14 3.4573e-14 3.8421e-15
8.6008e-12 3.4675e-12 2.5172e-11 3.2121e-12 -2.3007e-12 1.9049e-12 -3.8767e-12 -2.2382e-13 1.0402e-12 6.6844e-12 4.8063e-12 4.9998e-12 -9.4207e-13 2.8156e-14 3.6849e-12 5.7118e-12 7.6838e-12 -3.1187e-12 4.9726e-12 -1.7726e-12 6.4867e-13 2.2057e-12 4.8417e-12 -2.8823e-12 -2.356e-12 -4.1452e-13 -2.1086e-12 1.4886e-12 5.277e-12 -3.0651e-12 -2.998e-12 -1.1337e-12 5.9319e-13 -2.8546e-12 -1.0998e-12 -1.8478e-12 6.0275e-13 1.0713e-12 -4.74e-13 2.3903e-13 -2.603e-12 -7.4162e-13 1.4233e-12 -1.0198e-12 1.0552e-12 2.565e-13 2.5018e-13 3.4958e-12 7.4747e-13 1.4236e-12 -2.1292e-12 3.6488e-13 -7.6888e-13 2.5618e-13 2.6917e-12 1.883e-12 -1.424e-12 9.0541e-13 -7.0736e-13 -1.2247e-13 3.8793e-13 -6.6123e-13 1.4188e-12 -7.2297e-13 7.4656e-14 4.8855e-13 -4.2777e-13 1.8063e-13 1.0957e-13 2.6404e-13 -5.1085e-14 2.7637e-14 8.9218e-15 3.2744e-14
4.7497e-12 4.4242e-12 3.2121e-12 3.0976e-11 -2.9205e-12 4.6783e-12 -1.3148e-12 1.097e-12 2.7597e-12 5.3881e-12 -5.5382e-12 -1.0151e-12 -1.6655e-12 3.4352e-12 1.2749e-12 -5.264e-12 1.4742e-13 -2.5552e-12 5.3283e-14 8.9413e-12 -4.3637e-13 -5.9379e-13 2.2662e-12 -7.8666e-14 2.2502e-12 -1.9048e-15 1.9126e-13 -3.0923e-12 3.5473e-12 2.7777e-12 -5.4542e-12 -2.3962e-12 -1.8416e-12 -4.5454e-12 -4.2483e-12 -2.8475e-13 -9.9353e-13 -4.6973e-13 3.2948e-12 2.2142e-12 2.825e-14 -1.4878e-13 -3.6539e-12 1.8048e-12 -1.5763e-12 -1.144e-12 -1.0855e-13 -4.3241e-13 -1.8232e-12 6.0767e-13 -1.9866e-12 1.6521e-13 -4.1465e-13 -8.0611e-13 1.4506e-12 3.1975e-12 4.9383e-13 3.9208e-13 2.0587e-12 9.6534e-14 3.3022e-13 7.6232e-13 -5.5291e-14 -1.2339e-12 3.8281e-13 -2.4553e-13 -1.6636e-13 3.7817e-13 -4.3297e-13 3.0128e-13 -2.6957e-14 1.3186e-14 2.5253e-14 4.5794e-14
-7.5874e-12 1.2099e-11 -2.3007e-12 -2.9205e-12 3.3358e-11 -4.9295e-12 1.081e-11 2.983e-12 -3.0842e-12 2.9561e-12 8.3853e-12 6.7572e-12 2.9142e-12 4.2254e-12 7.5908e-13 9.9151e-12 2.1401e-12 2.745e-12 -5.7215e-12 -3.0269e-12 5.6188e-13 5.2152e-12 -1.6902e-12 3.2735e-12 4.2248e-12 2.519e-12 1.1608e-12 1.9973e-12 3.0141e-12 2.23e-12 -3.0356e-12 4.8631e-12 -1.3565e-12 -2.2568e-12 5.4117e-12 -4.1465e-13 -2.474e-13 5.8189e-13 -1.9129e-12 -1.4138e-12 3.4566e-12 3.3106e-13 4.6146e-13 -6.2444e-13 2.9384e-12 6.0163e-13 -6.0858e-13 -8.4745e-14 -1.227e-12 7.7343e-13 3.34e-12 8.2591e-13 3.9039e-12 5.1037e-12 2.2303e-12 8.1974e-13 1.2167e-13 2.2803e-13 -1.0927e-13 2.2253e-13 -3.4534e-13 8.4265e-13 2.3273e-12 7.7776e-13 -9.1637e-13 -7.7152e-13 3.6162e-13 -2.2263e-13 3.1279e-13 3.4422e-13 2.0206e-14 -5.4269e-14 1.0805e-14 -1.8304e-14
2.0276e-12 1.269e-11 1.9049e-12 4.6783e-12 -4.9295e-12 3.1191e-11 3.4568e-12 -8.7019e-12 1.1223e-11 -2.3878e-12 6.0019e-12 5.8352e-12 5.4727e-12 3.9257e-12 -1.1478e-12 -2.8924e-12 -5.4906e-12 -6.8919e-12 6.0003e-12 1.6711e-14 2.1766e-12 -3.2357e-12 8.3496e-12 4.3074e-12 6.2407e-12 4.3986e-12 -2.5829e-12 2.0123e-12 6.3434e-12 -2.1284e-12 1.2976e-12 -3.4674e-12 -2.7175e-12 6.9629e-14 1.1126e-12 2.5786e-14 -6.5949e-13 4.6675e-12 9.7946e-13 5.699e-12 2.0107e-13 7.5115e-13 -2.9905e-12 2.3032e-12 2.8984e-12 1.0574e-12 -8.7546e-13 -3.8239e-14 -1.7006e-12 -5.6859e-13 -5.1887e-13 1.1877e-12 -3.5458e-13 -1.6306e-12 1.5493e-12 -3.9786e-14 -4.348e-14 2.8028e-13 2.205e-12 9.5937e-13 1.5484e-12 2.5222e-12 -6.5312e-13 1.3167e-14 -9.514e-14 -8.2347e-14 2.7645e-13 2.9161e-13 1.1341e-13 -6.2909e-14 7.6994e-14 6.4972e-14 9.9078e-15 6.2698e-14
-5.4349e-13 6.5586e-12 -3.8767e-12 -1.3148e-12 1.081e-11 3.4568e-12 4.1171e-11 7.5306e-12 6.3027e-12 3.9176e-12 6.7591e-12 7.9426e-12 1.4411e-11 7.1366e-12 3.6463e-12 1.3827e-11 4.9853e-12 -2.6905e-12 5.6163e-12 5.5969e-12 1.1816e-11 4.2411e-12 3.1275e-12 6.3527e-12 7.3186e-12 4.1326e-12 2.5662e-12 5.3696e-12 6.4851e-12 4.045e-12 -1.1796e-12 6.469e-14 3.8709e-12 -5.0693e-12 6.311e-12 -4.007e-12 8.412e-14 2.7024e-12 -9.3041e-13 -2.0525e-12 1.687e-12 3.04e-12 -2.0667e-12 -1.0334e-12 3.3026e-12 -3.061e-12 2.8471e-12 4.5977e-13 -7.9701e-13 -1.7918e-12 1.7313e-12 -8.3429e-13 9.8084e-13 1.554e-12 -5.7625e-13 1.7854e-12 -2.2381e-12 -1.6693e-12 -1.2494e-12 2.31e-12 -3.4068e-13 -1.8241e-13 -9.9287e-13 1.6511e-12 6.9319e-13 7.3351e-13 6.8573e-13 -8.0305e-13 -2.7452e-13 -7.2708e-14 -2.2375e-13 -1.0591e-14 -1.2409e-14 1.2532e-14
3.4152e-12 -1.8853e-12 -2.2382e-13 1.097e-12 2.983e-12 -8.7019e-12 7.5306e-12 2.1195e-11 1.9203e-12 2.1537e-12 -1.2098e-12 2.2685e-12 2.5863e-12 1.3328e-11 9.0074e-12 7.7173e-12 4.4735e-12 8.1313e-13 -2.4514e-13 5.3097e-12 6.9715e-12 4.4026e-12 -1.505e-12 2.2605e-12 6.0695e-12 3.966e-12 6.8375e-12 -7.8295e-14 2.9662e-12 1.5526e-12 -7.5548e-14 5.3302e-12 2.1134e-12 -4.1508e-12 -2.9783e-12 1.3147e-12 1.4438e-12 1.0388e-12 2.6504e-13 -3.4484e-12 2.0667e-12 -2.8475e-12 2.9729e-14 5.6848e-13 -1.7553e-12 -2.749e-12 -1.1378e-12 1.0319e-12 -6.654e-13 -4.1414e-13 -7.9091e-13 -1.3898e-12 1.43e-12 4.1879e-13 3.8225e-13 -7.1033e-13 -6.6126e-13 -1.6253e-12 -2.022e-12 -9.7305e-13 -6.0921e-13 -2.8996e-13 -1.8813e-12 -4.9113e-13 4.9586e-14 -8.3438e-13 -9.6196e-13 -1.0638e-13 -2.4602e-13 -3.1608e-13 -1.1934e-13 -6.8638e-15 -5.0297e-15 -4.3524e-14
3.8849e-12 3.0447e-12 1.0402e-12 2.7597e-12 -3.0842e-12 1.1223e-11 6.3027e-12 1.9203e-12 4.2787e-11 -5.1961e-12 1.5915e-11 1.0042e-11 7.2971e-12 1.247e-11 3.1417e-12 -5.4484e-12 3.5696e-12 3.6001e-12 9.1194e-12 3.8967e-12 3.5662e-12 4.4401e-12 9.314e-12 1.0857e-11 6.9028e-12 6.0143e-12 -3.0718e-13 5.3725e-12 4.0276e-12 -5.8977e-12 7.192e-12 -1.3259e-12 1.9845e-12 -1.5094e-12 1.3452e-13 -6.4457e-13 4.5595e-12 -6.7795e-13 -2.0685e-12 4.2386e-12 -5.1835e-13 -7.519e-13 2.1002e-12 1.8259e-12 -1.1459e-12 -1.5099e-12 -7.2276e-13 -1.3182e-12 1.3959e-12 2.5861e-12 -1.4156e-13 -3.2077e-13 -1.0118e-12 -9.7893e-13 -8.9257e-13 5.5429e-13 5.4491e-13 2.1017e-12 1.0293e-12 2.2004e-13 3.0877e-12 1.7447e-12 -2.1807e-12 -7.9539e-13 -1.6585e-13 6.6543e-13 -4.9815e-13 -8.0244e-13 -6.1315e-13 -1.2713e-13 5.523e-14 1.337e-14 1.2576e-14 -5.2408e-15
-2.4509e-12 7.158e-13 6.6844e-12 5.3881e-12 2.9561e-12 -2.3878e-12 3.9176e-12 2.1537e-12 -5.1961e-12 3.2502e-11 9.2337e-13 -2.0889e-12 -3.8295e-12 2.8016e-12 3.1564e-12 1.1917e-11 8.8826e-12 4.0816e-12 3.2246e-12 5.9655e-12 3.3467e-12 9.4862e-12 1.3311e-12 -5.9222e-12 3.4544e-12 3.1162e-12 4.0834e-12 3.4162e-12 1.2476e-12 -2.2504e-12 -2.0514e-12 3.5882e-12 3.8681e-12 -1.8112e-12 3.1024e-13 -1.7526e-12 2.308e-12 1.5229e-12 -1.4057e-12 5.703e-12 1.9314e-13 5.08e-13 -2.7028e-12 4.5283e-12 -3.7642e-13 -2.162e-12 -1.1429e-12 1.9087e-12 2.4108e-12 -1.7396e-12 -2.209e-12 2.2011e-13 1.8645e-12 -5.1852e-13 -3.7008e-13 1.1415e-12 -3.56e-12 2.3347e-12 -1.4016e-12 2.7345e-13 8.3223e-13 -9.0708e-13 8.292e-13 -3.0087e-13 3.9342e-13 8.4003e-14 -1.1092e-12 -6.9127e-13 -3.0627e-13 -1.7065e-13 1.1002e-13 4.7159e-14 -1.3393e-14 -1.6526e-14
6.1725e-12 8.6659e-12 4.8063e-12 -5.5382e-12 8.3853e-12 6.0019e-12 6.7591e-12 -1.2098e-12 1.5915e-11 9.2337e-13 3.578e-11 1.034e-11 8.873e-12 6.5642e-12 3.1025e-12 7.5348e-12 5.7564e-12 1.0728e-11 5.2105e-12 7.9773e-12 4.8704e-12 1.1834e-11 6.7877e-12 8.6306e-12 3.544e-12 7.2183e-12 -6.6091e-13 1.1288e-11 7.0189e-12 1.3536e-12 1.7792e-12 4.0798e-12 2.439e-12 -1.2073e-12 3.9517e-12 1.3909e-12 1.9228e-12 5.6758e-12 -1.6021e-12 1.7874e-12 1.5024e-12 -3.4183e-13 5.9516e-13 -5.2037e-13 -5.5869e-13 6.0198e-13 1.072e-12 5.0139e-13 6.455e-13 1.3887e-12 5.0906e-13 2.0449e-12 2.4608e-12 5.3501e-13 1.2101e-13 1.0197e-12 -2.8088e-13 3.0494e-12 1.2646e-12 1.0768e-12 2.7895e-12 -4.4348e-13 3.3053e-13 8.0302e-13 -6.0812e-13 1.1821e-12 -1.0135e-12 -6.0821e-13 2.3578e-13 3.4744e-13 8.1858e-14 -1.1452e-14 -6.3865e-15 -1.13e-14
2.2089e-12 -2.8079e-12 4.9998e-12 -1.0151e-12 6.7572e-12 5.8352e-12 7.9426e-12 2.2685e-12 1.0042e-11 -2.0889e-12 1.034e-11 3.6813e-11 6.1101e-13 8.7687e-12 3.7169e-12 8.2794e-12 1.0402e-11 2.4917e-12 3.4036e-12 8.4649e-12 7.651e-12 5.9561e-12 5.4932e-13 1.088e-11 1.098e-11 7.8698e-12 5.2927e-12 3.5293e-12 7.9673e-12 2.7223e-12 8.6193e-13 8.6873e-13 6.1528e-13 5.3586e-13 3.8102e-12 -3.3135e-12 3.0177e-12 -8.2774e-13 -2.4789e-13 -1.8826e-13 3.6516e-12 6.4407e-13 -4.0239e-13 4.677e-12 2.0839e-12 3.5572e-13 2.2523e-12 -1.5485e-12 -2.0348e-12 1.0264e-12 2.9657e-12 -1.1302e-13 -8.4385e-13 -7.6281e-14 2.9277e-12 -1.2356e-12 5.879e-13 1.2955e-12 -2.4986e-13 3.6455e-13 -5.2489e-13 -1.142e-13 -1.2686e-12 7.2776e-13 -7.2152e-13 -7.6971e-13 6.6932e-14 -8.9823e-13 -1.3097e-13 7.5632e-14 1.467e-13 -6.4233e-14 -2.7625e-15 -6.782e-15
2.4773e-12 4.2833e-12 -9.4207e-13 -1.6655e-12 2.9142e-12 5.4727e-12 1.4411e-11 2.5863e-12 7.2971e-12 -3.8295e-12 8.873e-12 6.1101e-13 2.8267e-11 1.027e-11 4.1418e-12 3.5437e-15 1.5663e-13 4.2512e-12 1.6544e-12 3.8293e-12 3.9408e-12 3.5484e-13 9.0503e-12 3.7411e-12 2.8421e-12 3.2855e-12 -4.4431e-13 4.0456e-12 4.8982e-12 6.9048e-13 2.1905e-12 2.7341e-12 4.7187e-12 8.3886e-13 2.6136e-12 -8.6702e-13 -8.9596e-14 4.095e-12 -1.0755e-12 1.4006e-12 1.6344e-13 2.321e-12 1.0964e-12 -7.309e-13 2.0855e-13 -1.2019e-12 -4.442e-13 6.888e-13 -2.7597e-12 -4.3249e-13 -9.703e-13 -4.1897e-14 3.4407e-12 8.9551e-13 -2.7489e-13 -2.9969e-13 -1.2659e-12 -1.4025e-12 -1.0589e-12 1.2802e-12 4.9287e-13 2.2148e-12 -2.5563e-12 3.7764e-13 1.2214e-12 8.9491e-13 -7.0165e-13 1.3633e-13 -3.2424e-13 -3.3794e-13 -7.9827e-14 3.2352e-14 -2.1196e-14 -7.6094e-16
4.6208e-12 6.588e-12 2.8156e-14 3.4352e-12 4.2254e-12 3.9257e-12 7.1366e-12 1.3328e-11 1.247e-11 2.8016e-12 6.5642e-12 8.7687e-12 1.027e-11 3.4801e-11 6.5284e-12 7.5854e-12 3.1947e-12 5.8261e-12 7.3659e-12 1.1394e-11 9.2137e-12 6.8187e-12 4.3508e-12 1.2827e-11 1.5791e-11 7.9188e-12 8.2926e-12 4.7079e-12 5.4474e-12 -5.5659e-14 3.1548e-12 7.6607e-12 4.4887e-12 -1.1083e-12 -2.775e-12 1.8276e-12 1.8574e-12 3.4032e-12 2.1258e-12 -5.7724e-12 2.3125e-12 -4.536e-13 8.8608e-13 4.455e-12 9.465e-13 -2.5799e-12 -4.6369e-13 -2.6148e-13 -6.7996e-14 9.6413e-13 2.1315e-12 -8.4964e-13 2.8895e-12 2.2197e-12 1.6303e-12 -2.3417e-12 -2.5704e-12 1.4487e-12 -1.7859e-12 -1.4165e-12 -2.3612e-13 1.1722e-12 -2.2092e-12 9.1411e-14 8.0571e-14 -2.3496e-13 -1.7837e-12 -7.007e-14 -1.0352e-13 -1.7888e-13 -1.7077e-13 4.5815e-14 1.565e-14 -5.8551e-14
1.3658e-11 6.4893e-13 3.6849e-12 1.2749e-12 7.5908e-13 -1.1478e-12 3.6463e-12 9.0074e-12 3.1417e-12 3.1564e-12 3.1025e-12 3.7169e-12 4.1418e-12 6.5284e-12 1.7674e-11 6.239e-12 7.0296e-12 1.4251e-12 -6.5188e-13 4.1815e-12 5.5941e-12 4.474e-12 3.3323e-12 -8.5585e-13 3.6284e-12 3.7645e-12 3.7228e-12 2.5641e-13 1.2902e-12 1.197e-12 -2.4063e-12 2.1194e-12 2.9788e-12 3.6841e-13 1.9469e-12 6.5944e-13 3.2144e-12 7.9792e-13 2.9795e-12 -1.4865e-12 -8.0075e-13 -9.0189e-13 -5.6607e-13 -2.4993e-13 -1.7614e-12 -1.748e-12 -1.5813e-13 1.613e-12 1.2031e-12 -1.4384e-13 -8.0549e-13 1.1463e-12 8.7233e-13 -1.1573e-12 -1.5282e-12 3.1286e-13 -6.7111e-14 -2.0632e-12 -3.3687e-13 -4.1938e-13 6.4063e-13 1.0334e-12 -1.6195e-12 -3.3628e-13 -3.4014e-13 -6.1639e-14 -4.8065e-13 -4.3875e-13 -2.9133e-13 -3.2246e-13 5.6853e-14 1.5792e-14 -1.5436e-14 -3.2976e-14
4.4813e-12 -2.2808e-12 5.7118e-12 -5.264e-12 9.9151e-12 -2.8924e-12 1.3827e-11 7.7173e-12 -5.4484e-12 1.1917e-11 7.5348e-12 8.2794e-12 3.5437e-15 7.5854e-12 6.239e-12 3.9741e-11 6.1944e-12 3.1739e-12 9.1646e-12 7.6692e-12 1.4801e-11 1.6617e-11 8.1351e-13 -2.6852e-12 9.2184e-12 6.2283e-12 1.3838e-11 8.7728e-12 7.4023e-12 4.8918e-12 -2.6975e-12 1.0237e-11 3.8896e-12 -6.4581e-12 7.5417e-12 -2.4717e-13 2.4481e-12 -1.0605e-12 -8.8862e-13 -2.1674e-12 3.0673e-12 3.0986e-12 -6.737e-13 1.6426e-13 6.7517e-13 -2.7318e-12 7.375e-13 6.5934e-13 1.4492e-12 4.3992e-13 -2.3062e-12 -1.3991e-12 1.9561e-12 1.3517e-13 1.461e-12 1.3841e-12 -2.5455e-12 1.4267e-12 -1.2946e-12 -4.8353e-13 -7.6978e-13 -2.1781e-12 7.2508e-13 -1.3034e-13 1.6379e-13 5.2631e-13 -4.1729e-13 -1.0128e-12 1.2231e-13 4.4878e-14 -7.8273e-14 -1.8135e-14 -2.5665e-14 -3.4245e-14
3.5867e-12 -4.2232e-12 7.6838e-12 1.4742e-13 2.1401e-12 -5.4906e-12 4.9853e-12 4.4735e-12 3.5696e-12 8.8826e-12 5.7564e-12 1.0402e-11 1.5663e-13 3.1947e-12 7.0296e-12 6.1944e-12 2.7122e-11 4.5922e-12 -3.9066e-12 2.984e-12 7.8273e-12 7.9152e-12 4.6276e-12 5.5614e-13 5.7163e-12 -2.6905e-13 2.3582e-12 -1.694e-12 2.2177e-12 9.7303e-13 3.3546e-12 -7.8205e-13 3.2306e-12 7.9345e-13 3.9248e-12 -2.1948e-12 4.3856e-12 4.3142e-12 -8.5825e-13 -1.0498e-12 -2.0031e-13 3.0018e-13 2.1061e-13 2.947e-12 3.7782e-13 -3.917e-12 1.2119e-12 1.6372e-12 1.4066e-12 2.0963e-12 -1.1847e-12 -1.1257e-12 2.3865e-12 1.3774e-12 -1.7784e-12 -6.3655e-13 -4.1309e-13 -1.3286e-13 -2.6062e-12 6.741e-13 -1.5145e-13 1.405e-12 8.3527e-13 -4.8663e-13 -8.0752e-13 6.6091e-13 -1.1819e-12 -6.1112e-13 -1.6745e-13 -3.1222e-13 1.5774e-13 1.3473e-14 1.1247e-15 -7.006e-14
3.9887e-12 -6.3196e-12 -3.1187e-12 -2.5552e-12 2.745e-12 -6.8919e-12 -2.6905e-12 8.1313e-13 3.6001e-12 4.0816e-12 1.0728e-11 2.4917e-12 4.2512e-12 5.8261e-12 1.4251e-12 3.1739e-12 4.5922e-12 2.2601e-11 -4.289e-14 4.1656e-12 1.7915e-12 1.0502e-11 2.6991e-12 4.3691e-12 5.567e-14 2.17e-12 8.3494e-12 4.5381e-12 1.3917e-13 6.9169e-13 5.6278e-12 4.8086e-12 4.1444e-12 2.7871e-12 7.469e-13 -4.6427e-13 2.3388e-12 5.5883e-13 -3.6453e-12 -1.449e-13 5.1328e-13 2.2592e-12 -4.0695e-13 2.6714e-12 -4.4983e-13 1.1936e-12 1.9591e-12 -2.2329e-12 1.7107e-12 1.1557e-12 -2.0579e-12 1.5529e-12 2.7398e-12 1.1696e-12 -2.2425e-12 -1.3388e-12 1.4025e-12 1.3844e-12 -8.2268e-13 -1.3777e-12 1.4981e-12 -1.3438e-12 1.0843e-12 -2.0994e-13 1.1219e-12 2.27e-13 -1.8952e-12 -8.4066e-13 5.2885e-14 -6.8536e-14 2.6859e-14 -1.6931e-14 -1.2423e-14 -6.4286e-14
5.2114e-12 1.5003e-13 4.9726e-12 5.3283e-14 -5.7215e-12 6.0003e-12 5.6163e-12 -2.4514e-13 9.1194e-12 3.2246e-12 5.2105e-12 3.4036e-12 1.6544e-12 7.3659e-12 -6.5188e-13 9.1646e-12 -3.9066e-12 -4.289e-14 1.7444e-11 3.8493e-12 3.6562e-12 6.5102e-12 1.5191e-13 -1.6983e-13 5.0953e-12 6.5379e-12 3.3772e-12 5.1226e-12 4.896e-12 -1.3481e-12 1.5734e-12 2.5486e-12 3.2338e-12 -3.5611e-12 -2.469e-13 -1.606e-13 -5.2641e-14 -1.8722e-12 5.9449e-13 1.816e-12 -6.5984e-13 -8.6632e-13 9.3189e-15 1.8989e-12 1.731e-12 1.2166e-12 -7.8106e-14 -1.0881e-12 2.6564e-13 -3.7525e-14 1.6282e-13 -5.5205e-13 -1.2592e-12 -9.0241e-14 1.347e-12 2.106e-13 -1.3588e-12 1.5376e-12 1.3324e-12 6.0553e-13 5.3597e-13 -1.1266e-12 -7.9837e-13 5.749e-13 8.1999e-13 6.7631e-13 -1.2596e-13 -3.2879e-13 -2.3646e-13 1.4349e-13 -1.2227e-13 1.8791e-14 -1.1616e-14 3.8092e-14
1.9184e-12 1.8627e-12 -1.7726e-12 8.9413e-12 -3.0269e-12 1.6711e-14 5.5969e-12 5.3097e-12 3.8967e-12 5.9655e-12 7.9773e-12 8.4649e-12 3.8293e-12 1.1394e-11 4.1815e-12 7.6692e-12 2.984e-12 4.1656e-12 3.8493e-12 2.2144e-11 5.5545e-12 6.5095e-12 9.7453e-13 4.581e-12 7.2858e-12 5.745e-12 9.0797e-12 3.2492e-12 5.1782e-12 3.3564e-12 1.3335e-12 5.1998e-12 5.8126e-12 -2.5301e-12 -5.5762e-13 3.2094e-13 1.8154e-12 1.4502e-12 1.2871e-12 8.1517e-14 2.9846e-12 1.1059e-12 -1.6252e-12 3.208e-12 -1.8232e-12 -2.122e-12 -1.2645e-13 -8.1782e-13 -2.4156e-12 -5.2362e-13 1.0137e-12 -7.3121e-13 1.4614e-12 -1.3283e-12 -5.3562e-13 -2.1779e-13 -3.4702e-13 1.8513e-12 7.0837e-13 2.3358e-13 6.8137e-13 -1.7988e-12 -2.9679e-12 5.2623e-13 -1.4637e-13 7.7669e-14 -6.7861e-13 -4.4328e-13 -3.7453e-13 -1.1287e-14 -1.7979e-14 -2.2212e-14 -1.0056e-14 -2.0271e-14
1.2212e-12 -2.7584e-12 6.4867e-13 -4.3637e-13 5.6188e-13 2.1766e-12 1.1816e-11 6.9715e-12 3.5662e-12 3.3467e-12 4.8704e-12 7.651e-12 3.9408e-12 9.2137e-12 5.5941e-12 1.4801e-11 7.8273e-12 1.7915e-12 3.6562e-12 5.5545e-12 1.6502e-11 4.8577e-12 2.7622e-12 2.1049e-12 9.7289e-12 4.7371e-12 4.0615e-12 5.5148e-12 5.4479e-12 7.1852e-12 -2.7038e-14 5.1035e-12 2.2621e-12 5.8136e-13 4.831e-12 1.8213e-12 3.5815e-12 1.0947e-12 2.6462e-12 -3.6216e-12 2.3953e-12 1.0465e-14 -2.4432e-12 2.1755e-13 1.559e-13 -4.0925e-12 1.4623e-13 -1.0083e-12 -3.052e-13 -1.4666e-12 -1.9128e-12 -1.0433e-12 -2.4087e-14 1.2485e-13 -1.0719e-12 -2.9864e-13 -1.8965e-12 -6.0194e-15 -9.6477e-13 -9.7748e-13 -3.2665e-13 -1.9833e-13 -1.9611e-12 4.6093e-13 6.6817e-14 5.7461e-15 -1.1202e-12 -6.0425e-13 6.0356e-14 -3.3701e-13 -6.7404e-14 1.7077e-14 -2.3845e-14 -9.2438e-15
6.8151e-12 -1.1349e-12 2.2057e-12 -5.9379e-13 5.2152e-12 -3.2357e-12 4.2411e-12 4.4026e-12 4.4401e-12 9.4862e-12 1.1834e-11 5.9561e-12 3.5484e-13 6.8187e-12 4.474e-12 1.6617e-11 7.9152e-12 1.0502e-11 6.5102e-12 6.5095e-12 4.8577e-12 2.3674e-11 3.2528e-12 3.7941e-12 4.8799e-12 7.0052e-12 9.9766e-12 7.2885e-12 3.2419e-12 2.7183e-13 7.5833e-13 5.2926e-12 6.1567e-12 -1.9297e-12 1.906e-12 -4.2556e-12 1.0759e-12 -1.196e-12 -2.2727e-12 4.8741e-13 1.2839e-12 -5.2915e-13 -7.0057e-13 1.3627e-12 -1.2169e-12 -6.6811e-14 9.8987e-13 -1.0349e-12 -3.4303e-13 2.7581e-12 -2.0037e-12 9.0668e-13 2.7774e-12 1.1053e-12 2.8913e-13 1.147e-12 5.3311e-14 1.8977e-12 -9.386e-14 -1.4659e-13 -9.5503e-14 -1.4898e-12 1.0284e-12 -2.6136e-13 4.6663e-13 7.1468e-13 -8.9241e-13 -9.9819e-13 3.3756e-13 2.4803e-13 -8.9267e-14 -6.4635e-15 -2.3511e-14 -2.2623e-14
5.0882e-12 5.2342e-12 4.8417e-12 2.2662e-12 -1.6902e-12 8.3496e-12 3.1275e-12 -1.505e-12 9.314e-12 1.3311e-12 6.7877e-12 5.4932e-13 9.0503e-12 4.3508e-12 3.3323e-12 8.1351e-13 4.6276e-12 2.6991e-12 1.5191e-13 9.7453e-13 2.7622e-12 3.2528e-12 1.6794e-11 4.3325e-12 1.1216e-12 2.4945e-12 1.1803e-13 -7.3051e-14 3.8156e-12 -7.577e-13 5.3339e-12 1.0413e-12 3.7946e-12 2.5228e-12 8.2e-13 -1.0547e-12 4.2608e-12 1.398e-12 2.433e-14 1.7917e-12 -1.6635e-12 3.5248e-12 1.3323e-12 -1.2415e-12 9.263e-14 1.8841e-13 2.6249e-12 1.1501e-12 -4.0777e-13 1.645e-12 -3.2511e-12 1.6136e-12 1.7569e-12 2.8504e-12 -1.2632e-13 1.0982e-12 -8.9473e-13 1.726e-12 -1.2605e-13 -2.0704e-13 1.3825e-12 2.2472e-12 -9.4124e-13 -1.1129e-12 5.2324e-13 4.4061e-13 -9.7016e-13 -3.0793e-13 3.5825e-13 -2.7198e-13 1.6906e-14 4.1039e-14 7.5064e-15 5.1072e-15
1.3974e-12 6.3414e-12 -2.8823e-12 -7.8666e-14 3.2735e-12 4.3074e-12 6.3527e-12 2.2605e-12 1.0857e-11 -5.9222e-12 8.6306e-12 1.088e-11 3.7411e-12 1.2827e-11 -8.5585e-13 -2.6852e-12 5.5614e-13 4.3691e-12 -1.6983e-13 4.581e-12 2.1049e-12 3.7941e-12 4.3325e-12 2.3496e-11 8.7512e-12 4.0995e-12 3.3706e-12 3.4832e-12 4.1194e-12 -5.1777e-14 2.6975e-12 -1.0774e-12 1.0289e-12 -8.933e-14 -1.465e-12 -2.4674e-12 7.7358e-13 2.5513e-12 -9.3819e-13 -3.9181e-12 2.9528e-13 1.8353e-12 1.3914e-12 -1.8053e-12 1.253e-12 -5.0451e-13 1.7917e-12 -1.7404e-12 -9.1091e-13 1.8648e-12 3.303e-12 1.8325e-12 -8.0412e-13 9.7749e-13 1.0992e-12 -6.8607e-13 -3.8352e-13 1.2777e-12 4.4095e-13 -1.1877e-12 -1.0545e-12 1.0175e-12 -4.1551e-13 2.9551e-13 3.5548e-13 5.4726e-14 -6.5684e-13 -1.2748e-13 -8.0972e-14 4.5472e-13 -2.7674e-14 -2.8396e-14 3.0676e-14 -4.8387e-14
-3.3824e-13 6.9041e-12 -2.356e-12 2.2502e-12 4.2248e-12 6.2407e-12 7.3186e-12 6.0695e-12 6.9028e-12 3.4544e-12 3.544e-12 1.098e-11 2.8421e-12 1.5791e-11 3.6284e-12 9.2184e-12 5.7163e-12 5.567e-14 5.0953e-12 7.2858e-12 9.7289e-12 4.8799e-12 1.1216e-12 8.7512e-12 2.9021e-11 5.3807e-12 8.5094e-12 -2.4366e-12 7.4099e-12 3.5874e-12 7.4788e-12 4.7214e-12 1.3592e-12 2.3343e-12 1.7098e-12 4.9612e-12 2.5365e-12 3.5262e-12 1.6291e-12 -3.1224e-13 2.4034e-12 3.0013e-12 -1.7697e-12 3.2755e-12 3.2424e-12 -2.4708e-12 -2.5246e-12 -2.3369e-12 -3.1447e-13 9.9425e-13 3.3388e-12 5.3164e-13 4.8311e-13 8.6758e-13 1.3375e-12 -1.7917e-12 -1.1284e-12 2.0638e-13 -5.1675e-13 -2.5163e-13 -2.3835e-12 1.3021e-13 -6.5297e-13 1.0548e-13 -7.5792e-13 -4.6713e-13 -1.083e-12 -8.7573e-14 1.0461e-13 -2.4081e-13 7.5365e-14 3.3948e-14 -1.0073e-14 -4.0844e-14
3.075e-12 2.2495e-12 -4.1452e-13 -1.9048e-15 2.519e-12 4.3986e-12 4.1326e-12 3.966e-12 6.0143e-12 3.1162e-12 7.2183e-12 7.8698e-12 3.2855e-12 7.9188e-12 3.7645e-12 6.2283e-12 -2.6905e-13 2.17e-12 6.5379e-12 5.745e-12 4.7371e-12 7.0052e-12 2.4945e-12 4.0995e-12 5.3807e-12 1.3964e-11 4.5288e-12 4.6952e-12 4.3119e-12 3.9071e-13 -1.4619e-12 3.6921e-12 5.0969e-12 3.661e-12 2.7786e-12 -3.9048e-14 3.769e-13 2.7286e-13 1.9438e-12 8.131e-13 3.7617e-12 -1.619e-14 -8.0833e-13 2.2012e-12 1.6264e-12 1.4814e-12 2.7143e-13 -2.7595e-13 -5.1238e-13 -4.1405e-13 9.8571e-13 1.1574e-12 -5.9621e-13 1.969e-14 1.9825e-12 6.7529e-13 1.101e-12 1.6193e-12 1.4099e-12 -7.689e-13 1.0953e-12 1.0863e-12 -1.8146e-12 4.0754e-13 -3.3246e-13 1.3129e-13 -2.9443e-13 -4.0003e-13 -1.4838e-13 -5.713e-14 -2.7802e-14 -7.4555e-15 -1.0771e-14 9.756e-16
3.1606e-12 -2.202e-12 -2.1086e-12 1.9126e-13 1.1608e-12 -2.5829e-12 2.5662e-12 6.8375e-12 -3.0718e-13 4.0834e-12 -6.6091e-13 5.2927e-12 -4.4431e-13 8.2926e-12 3.7228e-12 1.3838e-11 2.3582e-12 8.3494e-12 3.3772e-12 9.0797e-12 4.0615e-12 9.9766e-12 1.1803e-13 3.3706e-12 8.5094e-12 4.5288e-12 1.7326e-11 2.0323e-12 3.6402e-12 4.9042e-13 3.9049e-12 5.6479e-12 3.4284e-12 -2.0838e-12 1.4038e-12 -6.6479e-13 2.0469e-12 -6.0886e-13 -1.2972e-12 1.3023e-13 1.9154e-12 3.636e-12 -1.337e-13 1.979e-12 1.123e-12 -1.5982e-12 1.7913e-12 -8.5185e-13 -2.8177e-13 8.5277e-13 -1.997e-12 1.8207e-13 1.2346e-12 8.8184e-13 1.0184e-12 -1.1219e-12 -1.7755e-13 1.3068e-13 -3.8009e-13 -1.1314e-12 -6.4998e-13 -1.3697e-12 -3.994e-13 -3.1209e-13 1.441e-13 -2.7917e-13 -9.658e-13 -5.4086e-13 -5.7696e-14 -9.2033e-14 -3.7224e-14 -2.6115e-14 -2.496e-15 -7.8346e-14
4.1313e-12 -1.3093e-12 1.4886e-12 -3.0923e-12 1.9973e-12 2.0123e-12 5.3696e-12 -7.8295e-14 5.3725e-12 3.4162e-12 1.1288e-11 3.5293e-12 4.0456e-12 4.7079e-12 2.5641e-13 8.7728e-12 -1.694e-12 4.5381e-12 5.1226e-12 3.2492e-12 5.5148e-12 7.2885e-12 -7.3051e-14 3.4832e-12 -2.4366e-12 4.6952e-12 2.0323e-12 1.5473e-11 2.4267e-12 1.2439e-12 -3.5989e-12 3.684e-12 3.4549e-13 -1.3621e-12 4.2452e-12 -1.5929e-12 5.7292e-13 -2.037e-13 2.454e-13 -1.5356e-12 3.1882e-12 -1.4539e-12 -5.7164e-13 -1.5988e-12 -9.5674e-13 -9.4765e-13 9.4253e-13 1.4061e-13 -5.9419e-13 -1.0862e-12 -3.2946e-12 6.8434e-13 3.672e-13 -1.2371e-12 -1.916e-14 1.0787e-12 -2.1081e-12 1.1105e-12 9.2511e-13 -8.4535e-13 1.074e-12 -1.2747e-12 -9.0374e-13 6.3767e-13 -1.691e-13 5.621e-13 -7.2755e-13 -5.2142e-13 1.0734e-13 3.7474e-13 -1.2946e-13 1.4091e-15 -1.4052e-14 6.5112e-15
2.21e-12 6.5611e-12 5.277e-12 3.5473e-12 3.0141e-12 6.3434e-12 6.4851e-12 2.9662e-12 4.0276e-12 1.2476e-12 7.0189e-12 7.9673e-12 4.8982e-12 5.4474e-12 1.2902e-12 7.4023e-12 2.2177e-12 1.3917e-13 4.896e-12 5.1782e-12 5.4479e-12 3.2419e-12 3.8156e-12 4.1194e-12 7.4099e-12 4.3119e-12 3.6402e-12 2.4267e-12 1.074e-11 2.1379e-12 3.3661e-12 1.9244e-12 1.0907e-12 -3.3211e-12 -1.7143e-14 4.6134e-13 1.5271e-12 2.7191e-12 -3.2335e-13 6.0492e-13 9.4854e-13 -9.6737e-13 4.2869e-13 1.8745e-13 6.5315e-13 -8.4702e-13 -4.4171e-13 -2.6411e-13 -1.9798e-12 -4.8527e-13 -1.2007e-12 6.3944e-13 1.1806e-13 7.3462e-13 1.887e-12 -4.6821e-13 -1.8126e-12 1.3509e-12 6.0225e-13 4.5712e-13 -5.5547e-13 3.9516e-13 -1.3686e-12 2.0251e-13 4.3715e-13 1.6837e-14 -6.5646e-13 -1.8945e-13 -3.4834e-15 -6.2428e-14 -6.9448e-14 9.2969e-15 -1.0389e-15 1.3412e-14
2.4698e-13 -3.9655e-12 -3.0651e-12 2.7777e-12 2.23e-12 -2.1284e-12 4.045e-12 1.5526e-12 -5.8977e-12 -2.2504e-12 1.3536e-12 2.7223e-12 6.9048e-13 -5.5659e-14 1.197e-12 4.8918e-12 9.7303e-13 6.9169e-13 -1.3481e-12 3.3564e-12 7.1852e-12 2.7183e-13 -7.577e-13 -5.1777e-14 3.5874e-12 3.9071e-13 4.9042e-13 1.2439e-12 2.1379e-12 1.0005e-11 -3.5649e-12 4.119e-12 3.278e-13 2.6819e-13 2.5548e-12 2.2524e-12 1.5089e-12 -1.3286e-12 2.1825e-12 -3.2223e-12 2.3243e-12 4.9723e-13 -1.6929e-12 -3.5752e-13 3.2759e-13 -1.3126e-12 7.5112e-13 -1.3679e-12 -1.3086e-12 -1.3062e-12 -5.7704e-13 -1.1827e-13 5.2665e-13 1.1632e-12 -2.1388e-13 2.2833e-14 -1.2568e-12 -9.5665e-13 7.9883e-13 -8.7372e-13 -9.8072e-13 -5.3025e-13 -7.6291e-13 5.7979e-13 5.7462e-14 -1.5108e-13 -2.2987e-13 -4.3442e-15 2.9752e-13 -1.33e-13 -4.6338e-14 -2.3929e-14 -1.959e-14 1.5605e-14
-4.0424e-12 4.8788e-12 -2.998e-12 -5.4542e-12 -3.0356e-12 1.2976e-12 -1.1796e-12 -7.5548e-14 7.192e-12 -2.0514e-12 1.7792e-12 8.6193e-13 2.1905e-12 3.1548e-12 -2.4063e-12 -2.6975e-12 3.3546e-12 5.6278e-12 1.5734e-12 1.3335e-12 -2.7038e-14 7.5833e-13 5.3339e-12 2.6975e-12 7.4788e-12 -1.4619e-12 3.9049e-12 -3.5989e-12 3.3661e-12 -3.5649e-12 1.9724e-11 1.0981e-12 2.4382e-12 1.9608e-12 -1.3495e-12 8.7529e-13 3.775e-12 2.197e-12 -2.2538e-13 1.8788e-13 1.0734e-13 8.4089e-13 1.911e-12 6.7243e-13 -1.5295e-13 5.7213e-13 -5.231e-13 -1.0084e-12 3.9329e-13 1.9466e-12 -2.2395e-13 -2.0916e-14 9.631e-13 1.2337e-12 -2.2887e-12 -2.7518e-12 7.1891e-13 1.4685e-12 -1.4268e-12 6.4912e-13 -1.3067e-13 -9.9645e-13 -1.2093e-12 -3.0639e-13 1.6545e-13 -2.7876e-13 -9.4684e-13 -6.2086e-13 1.4345e-13 -2.5714e-13 4.7787e-14 3.6644e-14 -3.516e-16 -5.3474e-14
9.0498e-13 -2.4074e-12 -1.1337e-12 -2.3962e-12 4.8631e-12 -3.4674e-12 6.469e-14 5.3302e-12 -1.3259e-12 3.5882e-12 4.0798e-12 8.6873e-13 2.7341e-12 7.6607e-12 2.1194e-12 1.0237e-11 -7.8205e-13 4.8086e-12 2.5486e-12 5.1998e-12 5.1035e-12 5.2926e-12 1.0413e-12 -1.0774e-12 4.7214e-12 3.6921e-12 5.6479e-12 3.684e-12 1.9244e-12 4.119e-12 1.0981e-12 1.0148e-11 2.8697e-12 3.7248e-14 8.9143e-13 1.7455e-12 2.7524e-12 -1.7889e-12 8.9756e-13 -5.6364e-13 2.8554e-12 8.1234e-13 -4.8267e-13 1.4887e-12 -5.2813e-14 -7.8828e-13 -1.0755e-12 -5.8348e-13 -5.5869e-13 -3.4812e-13 -9.5935e-13 -4.827e-13 2.5376e-12 2.1043e-12 -8.0174e-14 -1.6931e-13 -1.1758e-12 6.7106e-13 -2.0595e-13 -1.3012e-12 3.1334e-13 -6.8944e-13 -1.4095e-12 1.9536e-13 4.2003e-14 -5.2733e-13 -9.0521e-13 -1.8901e-13 3.0327e-13 -9.0066e-14 -6.5982e-15 -1.696e-14 -2.2321e-14 -1.6805e-14
4.0395e-12 2.8023e-12 5.9319e-13 -1.8416e-12 -1.3565e-12 -2.7175e-12 3.8709e-12 2.1134e-12 1.9845e-12 3.8681e-12 2.439e-12 6.1528e-13 4.7187e-12 4.4887e-12 2.9788e-12 3.8896e-12 3.2306e-12 4.1444e-12 3.2338e-12 5.8126e-12 2.2621e-12 6.1567e-12 3.7946e-12 1.0289e-12 1.3592e-12 5.0969e-12 3.4284e-12 3.4549e-13 1.0907e-12 3.278e-13 2.4382e-12 2.8697e-12 9.4747e-12 3.5485e-12 1.6655e-12 -2.0013e-12 2.9365e-13 1.4518e-13 -1.2659e-12 -4.592e-13 1.8834e-12 2.0178e-12 6.7346e-13 1.9792e-12 -4.5315e-13 2.9274e-13 1.1572e-12 9.1149e-13 5.17e-14 1.1312e-13 1.1326e-12 -7.2056e-13 1.193e-12 1.6956e-12 -1.2767e-12 6.1405e-14 -3.9094e-13 6.5103e-13 5.673e-13 -5.0609e-13 1.218e-13 -4.1792e-13 -1.5661e-12 2.4061e-13 4.8051e-13 5.1476e-13 -1.886e-13 -3.739e-13 -8.1612e-14 -1.9267e-13 -4.7607e-14 5.2134e-15 -1.4469e-14 -1.2825e-14
8.897e-13 1.1936e-12 -2.8546e-12 -4.5454e-12 -2.2568e-12 6.9629e-14 -5.0693e-12 -4.1508e-12 -1.5094e-12 -1.8112e-12 -1.2073e-12 5.3586e-13 8.3886e-13 -1.1083e-12 3.6841e-13 -6.4581e-12 7.9345e-13 2.7871e-12 -3.5611e-12 -2.5301e-12 5.8136e-13 -1.9297e-12 2.5228e-12 -8.933e-14 2.3343e-12 3.661e-12 -2.0838e-12 -1.3621e-12 -3.3211e-12 2.6819e-13 1.9608e-12 3.7248e-14 3.5485e-12 1.452e-11 1.4586e-12 1.9317e-12 4.5704e-13 -4.0514e-13 1.8569e-12 1.0576e-12 1.3433e-12 2.5229e-12 1.5075e-13 1.9057e-12 2.1026e-12 1.3312e-12 1.3963e-12 3.2323e-13 1.3019e-12 -6.6699e-13 1.1659e-12 1.8463e-12 -1.316e-12 6.2199e-13 -1.7454e-12 -6.3926e-13 1.2555e-12 2.962e-13 3.2962e-13 -1.1086e-12 8.205e-14 4.693e-13 -6.9151e-13 4.5907e-13 -3.9564e-13 -4.7498e-13 -5.0678e-14 -2.5027e-14 1.8371e-13 -1.2818e-13 2.8563e-14 2.8413e-14 -1.2861e-14 8.6033e-15
3.2619e-14 1.0936e-12 -1.0998e-12 -4.2483e-12 5.4117e-12 1.1126e-12 6.311e-12 -2.9783e-12 1.3452e-13 3.1024e-13 3.9517e-12 3.8102e-12 2.6136e-12 -2.775e-12 1.9469e-12 7.5417e-12 3.9248e-12 7.469e-13 -2.469e-13 -5.5762e-13 4.831e-12 1.906e-12 8.2e-13 -1.465e-12 1.7098e-12 2.7786e-12 1.4038e-12 4.2452e-12 -1.7143e-14 2.5548e-12 -1.3495e-12 8.9143e-13 1.6655e-12 1.4586e-12 1.1915e-11 -1.131e-13 1.6024e-13 1.515e-12 1.7267e-12 -1.1933e-12 2.9779e-12 3.206e-12 -2.2521e-12 -1.2629e-12 9.2119e-13 -7.2619e-14 9.531e-13 -2.6476e-13 -1.0974e-12 -1.1548e-13 -3.6524e-13 -1.9374e-13 5.8948e-13 3.8602e-13 -3.6243e-13 1.2616e-12 5.7183e-13 -1.089e-12 1.1222e-12 -3.3638e-13 4.6564e-13 -6.8026e-13 7.4036e-13 1.042e-13 -1.2746e-12 8.1873e-13 1.5248e-13 -3.7549e-13 2.6896e-13 -1.1941e-13 8.1117e-14 -1.1975e-14 -8.6389e-15 -3.7092e-14
-2.902e-12 2.3594e-13 -1.8478e-12 -2.8475e-13 -4.1465e-13 2.5786e-14 -4.007e-12 1.3147e-12 -6.4457e-13 -1.7526e-12 1.3909e-12 -3.3135e-12 -8.6702e-13 1.8276e-12 6.5944e-13 -2.4717e-13 -2.1948e-12 -4.6427e-13 -1.606e-13 3.2094e-13 1.8213e-12 -4.2556e-12 -1.0547e-12 -2.4674e-12 4.9612e-12 -3.9048e-14 -6.6479e-13 -1.5929e-12 4.6134e-13 2.2524e-12 8.7529e-13 1.7455e-12 -2.0013e-12 1.9317e-12 -1.131e-13 8.1054e-12 9.4183e-13 4.7001e-13 2.2052e-12 -6.0248e-13 -8.68e-14 -1.1628e-12 -2.4692e-13 9.2669e-14 6.576e-13 -2.207e-13 -8.3635e-13 -4.7429e-13 1.3434e-12 -7.444e-13 6.3505e-14 -1.9847e-13 -4.7601e-13 -6.4542e-13 1.7523e-13 -1.1759e-12 -2.7168e-13 -5.4235e-13 -3.48e-14 -3.7588e-13 9.4176e-14 9.0768e-14 -3.4798e-14 3.5515e-13 -4.6307e-13 -3.3491e-13 -2.1948e-13 4.3267e-13 2.6855e-15 -1.2825e-13 -1.6631e-14 2.0923e-14 3.1585e-15 -9.3988e-15
-3.8665e-13 -4.5869e-12 6.0275e-13 -9.9353e-13 -2.474e-13 -6.5949e-13 8.412e-14 1.4438e-12 4.5595e-12 2.308e-12 1.9228e-12 3.0177e-12 -8.9596e-14 1.8574e-12 3.2144e-12 2.4481e-12 4.3856e-12 2.3388e-12 -5.2641e-14 1.8154e-12 3.5815e-12 1.0759e-12 4.2608e-12 7.7358e-13 2.5365e-12 3.769e-13 2.0469e-12 5.7292e-13 1.5271e-12 1.5089e-12 3.775e-12 2.7524e-12 2.9365e-13 4.5704e-13 1.6024e-13 9.4183e-13 6.3619e-12 -1.4906e-12 2.4482e-13 6.5888e-13 -8.1845e-13 6.1551e-13 9.7672e-13 -1.0415e-13 3.9567e-13 -1.0984e-12 9.2498e-13 3.8919e-13 1.0511e-12 5.5169e-13 -1.6885e-12 8.6192e-13 -2.888e-13 9.1953e-13 -8.0571e-13 -8.1167e-14 -1.2125e-12 7.917e-13 -1.9405e-13 -4.8266e-13 3.0654e-13 3.7139e-13 -8.9641e-13 1.5074e-13 -2.3872e-13 -5.3647e-13 -5.6236e-13 -2.5112e-13 -1.1637e-13 -1.8389e-13 8.583e-14 5.1074e-16 -2.4905e-15 -1.4836e-14
1.1258e-12 7.6959e-12 1.0713e-12 -4.6973e-13 5.8189e-13 4.6675e-12 2.7024e-12 1.0388e-12 -6.7795e-13 1.5229e-12 5.6758e-12 -8.2774e-13 4.095e-12 3.4032e-12 7.9792e-13 -1.0605e-12 4.3142e-12 5.5883e-13 -1.8722e-12 1.4502e-12 1.0947e-12 -1.196e-12 1.398e-12 2.5513e-12 3.5262e-12 2.7286e-13 -6.0886e-13 -2.037e-13 2.7191e-12 -1.3286e-12 2.197e-12 -1.7889e-12 1.4518e-13 -4.0514e-13 1.515e-12 4.7001e-13 -1.4906e-12 9.4357e-12 -9.7275e-13 5.2076e-13 8.7402e-13 -1.2054e-14 -2.1338e-12 -2.9204e-13 1.1843e-12 -1.4157e-12 -1.1836e-12 7.0666e-13 -1.7881e-12 -9.8117e-13 1.298e-12 4.2709e-13 1.0847e-12 9.6065e-14 8.1142e-14 -9.6836e-13 -1.0908e-13 -1.4444e-13 -4.5441e-13 5.6935e-13 3.0223e-13 6.9266e-13 7.4095e-13 -5.2333e-13 -5.109e-13 6.0196e-13 -9.4413e-13 1.7642e-13 4.6196e-14 -1.1207e-13 2.905e-14 3.788e-14 4.7764e-15 -2.4517e-14
1.4265e-12 1.6455e-12 -4.74e-13 3.2948e-12 -1.9129e-12 9.7946e-13 -9.3041e-13 2.6504e-13 -2.0685e-12 -1.4057e-12 -1.6021e-12 -2.4789e-13 -1.0755e-12 2.1258e-12 2.9795e-12 -8.8862e-13 -8.5825e-13 -3.6453e-12 5.9449e-13 1.2871e-12 2.6462e-12 -2.2727e-12 2.433e-14 -9.3819e-13 1.6291e-12 1.9438e-12 -1.2972e-12 2.454e-13 -3.2335e-13 2.1825e-12 -2.2538e-13 8.9756e-13 -1.2659e-12 1.8569e-12 1.7267e-12 2.2052e-12 2.4482e-13 -9.7275e-13 9.1278e-12 -2.5196e-12 7.6057e-13 -1.3225e-12 -1.1095e-12 -6.3977e-13 -2.8365e-13 1.1569e-13 -1.0039e-12 -5.6749e-13 -9.8205e-13 1.6147e-13 -3.6531e-13 -5.3309e-13 -1.3872e-12 -1.1866e-12 -5.9009e-13 2.5545e-13 7.0118e-13 1.6102e-13 -9.6559e-14 -5.2961e-13 1.3277e-13 -3.7619e-13 -1.1421e-12 9.6507e-14 -4.4317e-13 -6.417e-14 -8.0481e-14 -5.2234e-14 1.6587e-13 -1.1144e-14 -1.5272e-14 -4.8663e-15 8.5322e-16 -5.5344e-15
-1.5657e-12 1.518e-12 2.3903e-13 2.2142e-12 -1.4138e-12 5.699e-12 -2.0525e-12 -3.4484e-12 4.2386e-12 5.703e-12 1.7874e-12 -1.8826e-13 1.4006e-12 -5.7724e-12 -1.4865e-12 -2.1674e-12 -1.0498e-12 -1.449e-13 1.816e-12 8.1517e-14 -3.6216e-12 4.8741e-13 1.7917e-12 -3.9181e-12 -3.1224e-13 8.131e-13 1.3023e-13 -1.5356e-12 6.0492e-13 -3.2223e-12 1.8788e-13 -5.6364e-13 -4.592e-13 1.0576e-12 -1.1933e-12 -6.0248e-13 6.5888e-13 5.2076e-13 -2.5196e-12 1.2619e-11 -2.1183e-12 6.1635e-13 3.4133e-13 3.2535e-12 1.9208e-12 1.217e-12 -7.0401e-13 3.159e-13 -1.9179e-12 -8.4338e-13 -1.1758e-12 1.2572e-12 9.5034e-14 1.1389e-14 -7.4118e-13 -1.9086e-13 -2.0617e-13 9.7658e-13 1.0804e-12 1.3505e-12 7.3285e-13 6.2225e-13 2.7415e-13 -1.9943e-13 2.7602e-14 -3.5742e-13 1.1616e-13 2.8574e-14 -2.8589e-13 -3.9486e-14 1.3511e-13 -4.7425e-15 -8.4784e-16 3.5685e-14
-3.872e-13 1.1479e-12 -2.603e-12 2.825e-14 3.4566e-12 2.0107e-13 1.687e-12 2.0667e-12 -5.1835e-13 1.9314e-13 1.5024e-12 3.6516e-12 1.6344e-13 2.3125e-12 -8.0075e-13 3.0673e-12 -2.0031e-13 5.1328e-13 -6.5984e-13 2.9846e-12 2.3953e-12 1.2839e-12 -1.6635e-12 2.9528e-13 2.4034e-12 3.7617e-12 1.9154e-12 3.1882e-12 9.4854e-13 2.3243e-12 1.0734e-13 2.8554e-12 1.8834e-12 1.3433e-12 2.9779e-12 -8.68e-14 -8.1845e-13 8.7402e-13 7.6057e-13 -2.1183e-12 6.1054e-12 2.2668e-13 -1.6516e-12 1.4052e-12 1.0151e-13 -1.9839e-13 -2.6542e-13 -2.4283e-13 -1.0893e-12 -4.9564e-13 3.9462e-13 -1.3628e-12 1.1207e-12 -2.4776e-13 2.1963e-13 -8.3262e-14 4.6111e-13 -1.3594e-13 6.1205e-13 -9.2894e-13 2.0824e-13 -6.7734e-13 -6.7372e-13 -8.6092e-14 -5.6305e-13 2.7411e-14 -1.455e-13 -2.9724e-13 1.18e-13 -2.2937e-14 -3.6444e-14 -1.198e-14 -9.6003e-15 -8.3022e-15
6.3558e-13 5.9958e-13 -7.4162e-13 -1.4878e-13 3.3106e-13 7.5115e-13 3.04e-12 -2.8475e-12 -7.519e-13 5.08e-13 -3.4183e-13 6.4407e-13 2.321e-12 -4.536e-13 -9.0189e-13 3.0986e-12 3.0018e-13 2.2592e-12 -8.6632e-13 1.1059e-12 1.0465e-14 -5.2915e-13 3.5248e-12 1.8353e-12 3.0013e-12 -1.619e-14 3.636e-12 -1.4539e-12 -9.6737e-13 4.9723e-13 8.4089e-13 8.1234e-13 2.0178e-12 2.5229e-12 3.206e-12 -1.1628e-12 6.1551e-13 -1.2054e-14 -1.3225e-12 6.1635e-13 2.2668e-13 7.6564e-12 4.0197e-13 2.1746e-13 1.9195e-12 -5.0061e-14 2.2459e-12 7.1158e-13 1.2695e-12 9.9418e-13 6.4394e-13 9.2343e-13 -1.2858e-13 1.1185e-12 3.8669e-13 1.492e-12 3.7902e-13 -3.7847e-13 3.5691e-13 -3.7677e-13 1.0089e-13 -2.8983e-13 7.2913e-13 -4.4537e-13 9.5944e-14 9.526e-14 1.6419e-13 2.3627e-14 1.5476e-14 -2.449e-14 1.0883e-13 -3.3974e-15 2.012e-15 -2.8555e-14
-1.3382e-12 4.1695e-13 1.4233e-12 -3.6539e-12 4.6146e-13 -2.9905e-12 -2.0667e-12 2.9729e-14 2.1002e-12 -2.7028e-12 5.9516e-13 -4.0239e-13 1.0964e-12 8.8608e-13 -5.6607e-13 -6.737e-13 2.1061e-13 -4.0695e-13 9.3189e-15 -1.6252e-12 -2.4432e-12 -7.0057e-13 1.3323e-12 1.3914e-12 -1.7697e-12 -8.0833e-13 -1.337e-13 -5.7164e-13 4.2869e-13 -1.6929e-12 1.911e-12 -4.8267e-13 6.7346e-13 1.5075e-13 -2.2521e-12 -2.4692e-13 9.7672e-13 -2.1338e-12 -1.1095e-12 3.4133e-13 -1.6516e-12 4.0197e-13 6.6448e-12 2.3075e-13 1.9459e-13 1.3361e-12 1.5209e-12 1.6434e-12 1.0432e-12 1.4414e-12 -3.6545e-13 6.7645e-13 -5.2741e-13 6.602e-13 -7.8047e-14 -6.4395e-13 -1.0349e-12 1.2505e-12 -3.222e-13 3.9529e-13 -1.0228e-12 7.6148e-13 -8.6409e-13 2.9296e-13 1.3824e-13 1.3569e-14 3.87e-13 6.7609e-14 -2.8393e-14 -3.5034e-14 -5.4617e-14 -9.8001e-15 1.5249e-14 -8.6622e-15
-2.3876e-14 -1.3926e-12 -1.0198e-12 1.8048e-12 -6.2444e-13 2.3032e-12 -1.0334e-12 5.6848e-13 1.8259e-12 4.5283e-12 -5.2037e-13 4.677e-12 -7.309e-13 4.455e-12 -2.4993e-13 1.6426e-13 2.947e-12 2.6714e-12 1.8989e-12 3.208e-12 2.1755e-13 1.3627e-12 -1.2415e-12 -1.8053e-12 3.2755e-12 2.2012e-12 1.979e-12 -1.5988e-12 1.8745e-13 -3.5752e-13 6.7243e-13 1.4887e-12 1.9792e-12 1.9057e-12 -1.2629e-12 9.2669e-14 -1.0415e-13 -2.9204e-13 -6.3977e-13 3.2535e-12 1.4052e-12 2.1746e-13 2.3075e-13 6.5033e-12 1.4578e-12 1.1907e-12 -5.0779e-13 1.0561e-13 6.0451e-13 8.5626e-14 8.5142e-13 -7.2903e-13 1.2116e-12 -2.9672e-13 -5.8196e-13 -1.3284e-12 2.893e-13 7.3304e-13 -2.0474e-13 2.1213e-13 2.3898e-13 6.28e-14 -1.2156e-13 1.3531e-13 4.2085e-14 -3.1359e-13 3.1882e-14 -1.1692e-13 -1.5326e-13 -2.3992e-13 5.3672e-14 -3.2851e-15 -1.8704e-15 3.5604e-15
-2.3262e-12 4.7411e-13 1.0552e-12 -1.5763e-12 2.9384e-12 2.8984e-12 3.3026e-12 -1.7553e-12 -1.1459e-12 -3.7642e-13 -5.5869e-13 2.0839e-12 2.0855e-13 9.465e-13 -1.7614e-12 6.7517e-13 3.7782e-13 -4.4983e-13 1.731e-12 -1.8232e-12 1.559e-13 -1.2169e-12 9.263e-14 1.253e-12 3.2424e-12 1.6264e-12 1.123e-12 -9.5674e-13 6.5315e-13 3.2759e-13 -1.5295e-13 -5.2813e-14 -4.5315e-13 2.1026e-12 9.2119e-13 6.576e-13 3.9567e-13 1.1843e-12 -2.8365e-13 1.9208e-12 1.0151e-13 1.9195e-12 1.9459e-13 1.4578e-12 6.0015e-12 1.3376e-12 1.2114e-12 2.3384e-13 -3.5016e-13 8.8283e-14 1.2368e-12 1.608e-12 -3.4044e-13 1.3568e-12 1.1841e-12 -4.6248e-13 3.3231e-13 -1.8494e-13 2.3671e-13 2.4128e-13 -2.8439e-13 1.4708e-13 1.4069e-12 3.5719e-13 -1.8349e-13 -1.6053e-13 1.0975e-13 1.5326e-13 6.2316e-14 2.8352e-14 -3.8342e-14 -3.7625e-15 4.5113e-15 1.1203e-14
2.9824e-13 4.64e-13 2.565e-13 -1.144e-12 6.0163e-13 1.0574e-12 -3.061e-12 -2.749e-12 -1.5099e-12 -2.162e-12 6.0198e-13 3.5572e-13 -1.2019e-12 -2.5799e-12 -1.748e-12 -2.7318e-12 -3.917e-12 1.1936e-12 1.2166e-12 -2.122e-12 -4.0925e-12 -6.6811e-14 1.8841e-13 -5.0451e-13 -2.4708e-12 1.4814e-12 -1.5982e-12 -9.4765e-13 -8.4702e-13 -1.3126e-12 5.7213e-13 -7.8828e-13 2.9274e-13 1.3312e-12 -7.2619e-14 -2.207e-13 -1.0984e-12 -1.4157e-12 1.1569e-13 1.217e-12 -1.9839e-13 -5.0061e-14 1.3361e-12 1.1907e-12 1.3376e-12 5.3243e-12 4.1819e-13 2.0307e-13 -3.5696e-13 1.3165e-12 6.6402e-13 1.4712e-12 1.2113e-13 1.4893e-14 1.3228e-13 3.4843e-13 1.9225e-12 1.3448e-12 8.0689e-13 2.6323e-13 5.7466e-14 -6.7509e-13 8.5633e-13 1.6435e-13 -2.4772e-13 -4.2128e-14 4.7005e-13 5.8748e-14 3.0969e-13 1.8632e-14 5.9056e-15 -2.2584e-14 4.633e-15 2.9265e-14
1.282e-12 -8.97e-13 2.5018e-13 -1.0855e-13 -6.0858e-13 -8.7546e-13 2.8471e-12 -1.1378e-12 -7.2276e-13 -1.1429e-12 1.072e-12 2.2523e-12 -4.442e-13 -4.6369e-13 -1.5813e-13 7.375e-13 1.2119e-12 1.9591e-12 -7.8106e-14 -1.2645e-13 1.4623e-13 9.8987e-13 2.6249e-12 1.7917e-12 -2.5246e-12 2.7143e-13 1.7913e-12 9.4253e-13 -4.4171e-13 7.5112e-13 -5.231e-13 -1.0755e-12 1.1572e-12 1.3963e-12 9.531e-13 -8.3635e-13 9.2498e-13 -1.1836e-12 -1.0039e-12 -7.0401e-13 -2.6542e-13 2.2459e-12 1.5209e-12 -5.0779e-13 1.2114e-12 4.1819e-13 5.1115e-12 8.6436e-13 1.1417e-12 2.3763e-13 -1.1206e-12 7.1209e-13 -3.7283e-13 1.6441e-12 2.7892e-13 4.6517e-13 -9.0147e-13 -1.4127e-14 6.3195e-13 5.5243e-14 -3.0581e-13 8.2826e-14 3.1714e-13 4.7399e-13 -2.8264e-14 1.0668e-13 1.9784e-13 -1.5585e-13 7.7906e-14 7.6594e-14 -6.3775e-14 -4.8004e-15 1.4709e-14 -1.2967e-14
