,0,1,2,3,4,5,6,7,8,9,10,11,12,13,14,15,16,17,18,19,20,21,22,23,24,25,26,27,28,29,30,31,32,33,34,35,36,37,38,39,40,41,42,43,44,45,46,47,48,49,50,51,52,53,54,55,56,57,58,59,60,61,62,63,64,65,66,67,68,69,70,71,72,73,74,75,76,77,78,79,80,81,82,83,84,85,86,87,88,89,90,91,92,93,94,95,96,97,98,99,100,101,102,103,104,105,106,107,108,109,110,111
0,1,0.88834,0.8517,0.90687,0.90587,0.89628,0.90257,0.87983,0.90593,0.90383,0.84462,0.81187,0.85148,0.90244,0.82901,0.82669,0.79746,0.83264,0.8227,0.76824,0.70779,0.80086,0.66336,0.66889,0.78483,0.7773,0.73624,0.81394,0.67732,0.57176,0.50262,0.61793,0.48119,0.49537,0.56182,0.67972,0.44111,0.5653,0.42573,0.29262,0.35657,0.26101,0.15778,0.19816,0.087887,0.058748,0.10226,-0.011912,0.28865,-0.15557,0.0026162,-0.11441,0.074316,-0.013192,-0.15979,-0.032505,-0.071249,0.084749,-0.36023,-0.26842,-0.31819,-0.22078,-0.22976,-0.030677,0.0728,0.099729,-0.18066,-0.35715,-0.31487,-0.36406,0.14004,-0.29745,-0.082151,-0.13314,0.0011393,0.045382,0.019366,-0.035234,-0.026278,-0.1755,-0.062784,-0.18747,0.019168,0.19317,-0.051465,-0.10627,-0.15917,-0.041019,0.25623,0.038684,0.11744,-0.036807,0.029933,0.071376,0.16064,-0.15267,0.11929,-0.22404,0.081528,0.17555,-0.27412,-0.073418,0.094673,0.11269,0.35633,-0.15163,-0.10721,-0.0187,-0.16662,0.11482,-0.19409,-0.12996
1,0.88834,1,0.85885,0.87875,0.88035,0.91797,0.88382,0.8489,0.9114,0.86601,0.87707,0.83534,0.88222,0.83016,0.84752,0.81641,0.81261,0.7998,0.78007,0.73273,0.78789,0.78054,0.73422,0.69543,0.7614,0.74425,0.72978,0.81791,0.75366,0.59869,0.53575,0.66877,0.51833,0.4739,0.54444,0.6729,0.44897,0.57268,0.35518,0.29107,0.42766,0.21925,0.065665,0.20807,0.040049,0.22964,0.15627,0.069378,0.24355,-0.090104,-0.027255,0.054886,0.12671,0.063814,-0.17888,-0.064891,-0.069961,0.096314,-0.42813,-0.23758,-0.29457,-0.19636,-0.17702,-0.0090717,0.077266,0.23632,-0.16327,-0.3246,-0.25417,-0.23804,0.16573,-0.164,0.0044921,-0.15761,0.01869,0.1514,0.063752,-0.11257,-0.046345,-0.24254,-0.15215,-0.14211,-0.044243,0.19689,-0.16147,-0.071917,-0.13624,-0.0029217,0.2084,0.022191,0.079691,-0.084306,0.11084,0.10585,0.013502,-0.17307,0.1703,-0.25404,0.0092315,0.14877,-0.25034,-0.1358,-0.034662,0.0035469,0.19589,-0.090249,-0.05282,-0.047646,-0.09776,0.038923,-0.070694,-0.12013
2,0.8517,0.85885,1,0.84509,0.82095,0.85884,0.85076,0.87083,0.91822,0.86144,0.83521,0.81132,0.84197,0.79817,0.83163,0.78865,0.81452,0.84052,0.8127,0.7464,0.69052,0.71424,0.74008,0.62491,0.71361,0.78806,0.69889,0.74268,0.63166,0.63479,0.54889,0.52281,0.4259,0.45462,0.38498,0.55201,0.47045,0.40811,0.47953,0.33562,0.22684,0.11873,0.18786,0.14459,-0.031966,0.045336,0.15651,-0.075128,0.17851,-0.1764,-0.14109,-0.02124,-0.052993,-0.12619,-0.32011,-0.029908,-0.14102,0.092639,-0.29275,-0.22368,-0.21669,-0.26801,-0.1719,0.0033759,0.043898,0.14104,-0.15274,-0.21041,-0.24207,-0.36719,0.13215,-0.24503,0.059796,-0.00070244,-0.08541,0.023536,-0.039234,-0.12737,-0.11062,-0.17781,-0.13339,-0.082273,0.034443,0.070396,-0.22511,-0.1327,-0.16456,-0.10882,0.3205,0.12474,0.029719,-0.2767,0.069189,0.037446,-0.056179,-0.086312,0.11805,-0.20303,0.075251,0.1925,-0.25118,-0.11281,0.020259,0.073154,0.32584,-0.25174,-0.18569,0.089972,-0.20578,0.14811,0.023805,-0.035564
3,0.90687,0.87875,0.84509,1,0.85137,0.91205,0.8642,0.83386,0.86271,0.87074,0.87299,0.8296,0.87562,0.84344,0.79302,0.84276,0.81211,0.82771,0.86419,0.80994,0.66486,0.80009,0.73059,0.66727,0.72617,0.79238,0.72146,0.80091,0.68849,0.61051,0.46925,0.62986,0.56127,0.41804,0.49951,0.6298,0.44269,0.54239,0.47423,0.25197,0.35256,0.20462,0.14978,0.10179,0.091617,0.15113,0.17592,-0.050612,0.17033,-0.22795,-0.10483,-0.021984,0.052929,-0.024818,-0.23247,-0.05247,-0.042028,0.10681,-0.37446,-0.31727,-0.26634,-0.25232,-0.14216,-0.037094,0.014845,0.12347,-0.14834,-0.35555,-0.28605,-0.29771,0.2673,-0.21792,0.021252,-0.048514,-0.13883,0.10619,-0.04696,-0.11417,-0.064309,-0.17588,-0.01538,-0.19192,-0.047977,0.15174,-0.17963,-0.090157,-0.19562,-0.081642,0.2881,0.12216,0.10046,-0.016638,0.1169,0.071563,0.08994,-0.10199,0.14591,-0.17378,0.082391,0.10753,-0.29249,-0.16029,0.058809,0.087833,0.23651,-0.10255,-0.095659,0.039877,-0.10743,0.14768,-0.10304,-0.038565
4,0.90587,0.88035,0.82095,0.85137,1,0.82576,0.84266,0.85341,0.89841,0.86258,0.85428,0.75003,0.83578,0.86499,0.83773,0.79411,0.78766,0.83087,0.80879,0.75355,0.74383,0.79567,0.64964,0.63597,0.72505,0.76032,0.78898,0.81371,0.6622,0.57902,0.44491,0.68028,0.48582,0.48421,0.55422,0.60047,0.44032,0.63379,0.37479,0.30481,0.40286,0.27516,0.072408,0.19511,-0.0088528,0.16176,0.20864,0.03443,0.29687,-0.086339,0.0067907,-0.14543,0.07497,0.039466,-0.25609,-0.054536,0.013034,0.078577,-0.34983,-0.22897,-0.23465,-0.18752,-0.23467,-0.038786,0.043392,0.072549,-0.11097,-0.26347,-0.23832,-0.41156,0.17297,-0.24989,-0.037717,-0.072875,-0.0015227,0.11389,0.012619,0.023163,-0.066008,-0.071656,0.027378,-0.16578,0.092364,0.10694,-0.10956,-0.12938,-0.18281,-0.015892,0.19637,0.027832,0.20438,-0.05426,0.094256,0.061565,0.13728,-0.14701,0.13746,-0.22022,0.052349,0.20953,-0.36283,0.0027693,0.036572,0.17896,0.28529,-0.20692,-0.067488,0.035139,-0.17184,0.047486,-0.15327,-0.040989
5,0.89628,0.91797,0.85884,0.91205,0.82576,1,0.88419,0.85953,0.88301,0.88369,0.84577,0.87835,0.85349,0.85109,0.85293,0.83238,0.81129,0.8311,0.8069,0.77293,0.75068,0.78942,0.7257,0.65722,0.77012,0.70629,0.67121,0.79778,0.69943,0.62308,0.53942,0.65892,0.52721,0.47288,0.47418,0.63787,0.47861,0.53904,0.38449,0.30218,0.31148,0.23343,0.12993,0.19119,0.070087,0.17724,0.13425,0.030315,0.29525,-0.20057,-0.013002,0.061141,0.13364,-0.016908,-0.18248,-0.067954,-0.18286,0.0065722,-0.36495,-0.23534,-0.21857,-0.2361,-0.15836,-0.0016527,0.032635,0.23507,-0.21746,-0.33244,-0.2454,-0.23522,0.15295,-0.18285,0.033318,-0.10196,-0.014225,0.20041,0.0404,-0.17849,-0.12624,-0.24356,-0.1223,-0.098557,-0.1349,0.22112,-0.21262,-0.062722,-0.074425,-0.024036,0.25113,0.085633,0.050972,-0.067752,0.1126,0.037192,0.069688,-0.18758,0.23384,-0.16177,0.062894,0.14571,-0.19222,-0.22351,0.095712,0.079806,0.21189,-0.14371,-0.17034,-0.036128,-0.18492,0.11426,-0.0057463,-0.13263
6,0.90257,0.88382,0.85076,0.8642,0.84266,0.88419,1,0.84856,0.89893,0.92569,0.82981,0.84304,0.84503,0.82386,0.8644,0.83448,0.86291,0.80791,0.89085,0.68698,0.76333,0.81765,0.72467,0.67046,0.76791,0.79802,0.75157,0.72531,0.69737,0.61333,0.5213,0.6665,0.54556,0.51399,0.57174,0.5772,0.56541,0.59141,0.40543,0.17035,0.28232,0.29797,0.044387,0.20317,-0.047558,0.055012,0.1623,0.0030406,0.26947,-0.252,-0.019253,0.10792,0.093762,0.063551,-0.19255,0.063623,-0.12485,0.0037761,-0.28951,-0.20732,-0.29279,-0.15466,-0.18257,-0.092629,0.1725,0.17768,-0.1467,-0.21924,-0.29058,-0.1942,0.17636,-0.16812,-0.11221,-0.009251,0.0023223,0.062146,0.047509,-0.020574,-0.089097,-0.32809,-0.038272,-0.075778,-0.053105,0.29271,-0.0062984,-0.1853,-0.17632,0.00065485,0.27724,0.048554,-0.053683,-0.13935,0.16604,0.044531,0.12267,-0.17773,0.11522,-0.16717,-0.025967,0.091145,-0.24375,-0.08044,-0.0073101,0.18142,0.23274,-0.084625,-0.17418,0.02268,-0.1202,0.25161,-0.11645,-0.15697
7,0.87983,0.8489,0.87083,0.83386,0.85341,0.85953,0.84856,1,0.87868,0.85574,0.82933,0.80078,0.83202,0.88695,0.82688,0.80524,0.80986,0.81345,0.81643,0.74079,0.73014,0.81672,0.62878,0.60215,0.7582,0.82738,0.75132,0.82115,0.61362,0.60851,0.48619,0.57505,0.47427,0.36865,0.43384,0.68995,0.49632,0.57932,0.37786,0.2492,0.33537,0.26702,0.10154,0.23217,-0.0097642,0.1349,0.26755,0.06134,0.3269,-0.11114,0.030815,0.0034936,-0.08655,-0.11872,-0.26252,-0.10978,-0.01613,0.021195,-0.3295,-0.18097,-0.25291,-0.2049,-0.13807,-0.027972,0.093741,0.072625,-0.075636,-0.1995,-0.32983,-0.39599,0.25645,-0.21522,-0.00097811,-0.12201,-0.056629,0.051475,-0.073508,-0.14971,-0.14538,-0.10492,-0.1508,-0.065348,0.067315,0.17459,-0.11638,-0.1195,-0.17145,-0.0863,0.21387,-0.0015239,0.29283,-0.15019,0.13136,-0.044808,0.079791,-0.027872,0.18139,-0.1628,0.047274,0.23188,-0.16455,-0.094121,0.1174,0.16666,0.28126,-0.1879,-0.11437,0.080935,-0.24116,0.20527,0.017995,-0.04707
8,0.90593,0.9114,0.91822,0.86271,0.89841,0.88301,0.89893,0.87868,1,0.90268,0.85677,0.82989,0.87757,0.86149,0.8803,0.85432,0.84842,0.81842,0.84947,0.75423,0.74138,0.77528,0.77822,0.6811,0.78974,0.77447,0.73894,0.79325,0.6686,0.64198,0.58441,0.61693,0.41469,0.5546,0.53074,0.58472,0.48012,0.601,0.41781,0.35063,0.34976,0.30731,0.18842,0.18422,0.078676,0.15005,0.22408,-0.070984,0.29941,-0.11682,-0.074289,0.049344,0.071384,0.087279,-0.27036,0.0065602,-0.066171,0.078722,-0.33273,-0.16496,-0.25603,-0.21637,-0.13882,-0.028807,0.099857,0.070053,-0.17621,-0.2483,-0.28174,-0.29689,0.1479,-0.20304,-0.042519,-0.086425,0.019675,0.049032,-0.0023867,-0.11064,-0.03657,-0.16748,-0.15228,-0.12826,0.068002,0.23743,-0.12809,-0.20283,-0.18081,-0.046462,0.2715,0.15619,0.093166,-0.1073,0.093478,0.026199,0.064736,-0.14675,0.13418,-0.22338,0.096711,0.1132,-0.27687,-0.040829,-0.066219,0.12193,0.33186,-0.18397,-0.21373,0.070711,-0.1932,0.14212,-0.12912,-0.058737
9,0.90383,0.86601,0.86144,0.87074,0.86258,0.88369,0.92569,0.85574,0.90268,1,0.83418,0.83552,0.84394,0.85617,0.84759,0.86659,0.83874,0.8182,0.84555,0.76254,0.73776,0.79957,0.7419,0.61831,0.80569,0.79631,0.72732,0.79594,0.71155,0.52765,0.5757,0.67004,0.51385,0.47893,0.39571,0.61718,0.53686,0.55566,0.41995,0.18535,0.3726,0.30535,0.10614,0.21264,0.027344,0.035387,0.19155,0.0335,0.29145,-0.25275,-0.043832,-0.021664,0.087645,0.041216,-0.24739,-0.026393,-0.061912,0.05775,-0.33017,-0.11042,-0.21544,-0.15659,-0.18662,0.025097,0.13503,0.17722,-0.086082,-0.29142,-0.27378,-0.23269,0.20569,-0.17453,-0.024206,-0.053292,-0.11674,0.13048,-0.010408,-0.079683,-0.083253,-0.19019,0.00040775,-0.12845,-0.041828,0.26819,-0.10572,-0.1058,-0.19555,-0.015625,0.1948,0.054621,0.037035,-0.069738,0.14674,0.045875,0.13582,-0.18856,0.19392,-0.20696,0.05645,0.13127,-0.25762,-0.073517,0.049386,0.20156,0.28967,-0.14812,-0.22992,0.11373,-0.18909,0.15178,-0.092933,-0.13173
10,0.84462,0.87707,0.83521,0.87299,0.85428,0.84577,0.82981,0.82933,0.85677,0.83418,1,0.83153,0.80695,0.85043,0.83506,0.82356,0.80917,0.87299,0.8069,0.75599,0.81037,0.7375,0.66637,0.59299,0.78897,0.79479,0.70654,0.7921,0.6859,0.58001,0.50903,0.58671,0.57884,0.38868,0.48415,0.64579,0.43145,0.51265,0.51893,0.29643,0.28409,0.24042,0.16177,0.2986,0.049828,0.038427,0.14792,0.021404,0.16279,-0.20534,-0.10217,-0.079081,-0.017075,-0.11453,-0.33462,-0.036333,-0.037005,0.11772,-0.33137,-0.23291,-0.20095,-0.23987,-0.1248,0.15337,0.097837,0.13485,-0.20504,-0.2945,-0.19765,-0.19433,0.18468,-0.24343,0.048542,-0.072331,-0.11153,0.050339,0.16412,-0.046568,-0.089765,-0.071459,-0.16325,-0.22108,-0.034697,0.066618,-0.15291,-0.098386,-0.21605,0.051651,0.21059,0.15268,0.12329,0.012869,0.11999,0.0079802,0.091024,-0.12248,0.16516,-0.30206,0.0025114,0.21335,-0.22796,-0.10672,0.073157,0.096919,0.23122,-0.20144,0.046872,-0.024485,-0.21249,0.13457,-0.087649,-0.032605
11,0.81187,0.83534,0.81132,0.8296,0.75003,0.87835,0.84304,0.80078,0.82989,0.83552,0.83153,1,0.82006,0.76967,0.8032,0.8296,0.84844,0.82995,0.76705,0.70628,0.71688,0.74803,0.69791,0.65089,0.74311,0.74712,0.67184,0.79658,0.62267,0.60737,0.46428,0.55399,0.53386,0.56026,0.424,0.65163,0.46631,0.47791,0.44768,0.26791,0.33587,0.25151,0.10925,0.26944,0.145,0.072332,0.15084,-0.046748,0.19212,-0.23026,-0.026412,0.039307,0.053171,-0.035797,-0.16389,-0.081508,-0.23607,-0.056649,-0.28627,-0.1238,-0.24835,-0.14969,-0.045615,0.030363,0.12355,0.204,-0.19132,-0.30979,-0.32468,-0.17889,0.17195,-0.043734,0.0040349,-0.029453,-0.068694,0.099173,0.099348,-0.13746,-0.21007,-0.22347,-0.086606,-0.051245,-0.12864,0.19998,-0.27183,-0.085554,-0.067462,-0.079198,0.14487,0.24796,0.092894,-0.067319,0.079748,0.11909,0.073764,-0.11231,0.23178,-0.2273,-0.00044194,-0.02896,-0.08841,-0.13861,0.011858,0.1788,0.24508,-0.014458,-0.017448,-0.028244,-0.21323,0.066187,0.0036509,-0.070533
12,0.85148,0.88222,0.84197,0.87562,0.83578,0.85349,0.84503,0.83202,0.87757,0.84394,0.80695,0.82006,1,0.79963,0.81205,0.82012,0.76267,0.75608,0.78764,0.7838,0.63084,0.73997,0.70305,0.67774,0.73572,0.72626,0.69334,0.79449,0.62206,0.64334,0.46792,0.55526,0.48296,0.52469,0.4725,0.63911,0.49788,0.53977,0.42204,0.22083,0.34146,0.30124,0.1241,0.15122,0.035537,0.19242,0.26924,-0.051835,0.30865,-0.12598,-0.10869,0.010076,0.07365,0.089838,-0.1857,-0.06678,0.07115,0.0022085,-0.36303,-0.24451,-0.29434,-0.0752,-0.1719,-0.099357,0.13322,0.1976,-0.14819,-0.28517,-0.30818,-0.33909,0.24865,-0.23901,-0.014411,-0.081984,-0.05983,0.22122,-0.020131,-0.16731,-0.039229,-0.2079,0.031205,-0.1377,-0.053788,0.19725,-0.20543,-0.080209,-0.17402,0.015762,0.19162,0.14954,0.087265,-0.038486,0.14823,0.10559,0.11666,-0.14423,0.076136,-0.15615,0.027102,0.044573,-0.2578,0.043166,0.011668,0.13651,0.27161,-0.071385,-0.059714,0.10134,-0.17719,0.11617,-0.06783,-0.05537
13,0.90244,0.83016,0.79817,0.84344,0.86499,0.85109,0.82386,0.88695,0.86149,0.85617,0.85043,0.76967,0.79963,1,0.80769,0.82162,0.71764,0.78037,0.78732,0.74073,0.73805,0.77037,0.63172,0.68536,0.79644,0.78683,0.68082,0.82865,0.61414,0.5799,0.47068,0.59628,0.42081,0.377,0.42986,0.65223,0.48853,0.52757,0.3626,0.32748,0.29153,0.33064,0.11996,0.26253,0.071525,0.17047,0.19704,0.05689,0.34328,-0.20719,0.12237,-0.0067305,-0.019739,-0.079262,-0.2724,-0.037086,-0.0081173,0.11072,-0.30896,-0.25707,-0.112,-0.22908,-0.15975,0.041638,0.11457,0.0066814,-0.24253,-0.3199,-0.36702,-0.34287,0.18634,-0.29749,-0.0012705,-0.11932,-0.017926,0.075088,0.051818,0.044573,0.0091113,-0.1022,-0.033062,-0.14422,0.071281,0.17072,0.0043362,-0.12636,-0.18216,-0.052178,0.19653,0.046675,0.21316,4.1739e-06,0.055179,0.082655,0.2558,-0.1061,0.14704,-0.11968,0.17702,0.1779,-0.25107,-0.035726,0.1362,0.14362,0.42013,-0.0963,-0.036965,0.010062,-0.24163,0.18142,-0.1698,-0.073535
14,0.82901,0.84752,0.83163,0.79302,0.83773,0.85293,0.8644,0.82688,0.8803,0.84759,0.83506,0.8032,0.81205,0.80769,1,0.80046,0.82375,0.82165,0.74094,0.77691,0.73518,0.70856,0.64184,0.61472,0.7533,0.72133,0.68054,0.70261,0.59207,0.58252,0.51256,0.60482,0.50707,0.46629,0.52623,0.45037,0.60132,0.49932,0.42715,0.24652,0.3228,0.37845,0.05567,0.25228,-0.056283,0.087124,0.28544,-0.13434,0.30544,-0.26346,-0.034032,0.013542,0.096032,-0.081977,-0.29624,0.040585,-0.062288,0.090247,-0.13986,-0.17953,-0.23266,-0.23449,-0.21341,-0.007801,0.021004,0.19337,-0.10082,-0.17209,-0.32604,-0.27232,0.2262,-0.14415,-0.13714,-0.059775,-0.0012118,0.10094,0.028934,-0.096181,-0.21679,-0.15158,-0.11417,-0.098183,-0.087918,0.23649,-0.087321,-0.15761,0.0072759,0.02958,0.21935,0.064362,0.058003,-0.10792,0.15224,-0.051743,0.14531,-0.036264,0.14402,-0.18579,-0.022976,0.15848,-0.27831,-0.027112,0.067291,0.21155,0.32121,-0.13576,-0.20159,-0.077193,-0.31578,0.14762,-0.039658,-0.077328
15,0.82669,0.81641,0.78865,0.84276,0.79411,0.83238,0.83448,0.80524,0.85432,0.86659,0.82356,0.8296,0.82012,0.82162,0.80046,1,0.74144,0.7643,0.84729,0.70496,0.67384,0.78038,0.66369,0.65763,0.74983,0.74824,0.70218,0.79902,0.60151,0.56137,0.58841,0.61626,0.46094,0.5208,0.41806,0.6325,0.47837,0.54939,0.49659,0.18556,0.44499,0.28642,0.14161,0.089527,0.10619,0.16219,0.17306,0.062633,0.27157,-0.31533,-0.071183,-0.018377,0.098089,0.10452,-0.29663,-0.052645,-0.032325,0.015124,-0.38759,-0.20936,-0.20339,-0.16369,-0.02851,0.13684,-0.020254,0.128,-0.099136,-0.2263,-0.23652,-0.14742,0.23185,-0.1463,-0.010055,-0.044361,-0.10383,0.10752,0.084194,-0.15821,-0.16854,-0.18443,-0.031523,0.016361,0.009763,0.13995,-0.13159,-0.20281,-0.16804,-0.00023222,0.19536,0.20582,0.061047,-0.020554,0.29809,-0.017596,0.12038,-0.03342,0.15219,-0.22765,0.017273,-0.042826,-0.27318,-0.13631,0.061003,0.13576,0.17056,-0.084096,-0.10163,0.10097,-0.22363,0.19456,-0.077571,-0.12057
16,0.79746,0.81261,0.81452,0.81211,0.78766,0.81129,0.86291,0.80986,0.84842,0.83874,0.80917,0.84844,0.76267,0.71764,0.82375,0.74144,1,0.86039,0.75381,0.63149,0.74946,0.81399,0.72489,0.62319,0.73687,0.76514,0.73361,0.67977,0.68459,0.59071,0.51638,0.52439,0.58829,0.47115,0.43391,0.54223,0.43838,0.53982,0.48042,0.19765,0.30494,0.21613,0.19968,0.19654,0.019995,0.039764,0.18681,-0.0035705,0.22492,-0.16809,-0.11997,0.14417,0.049039,-0.093181,-0.16785,0.034111,-0.21389,0.082931,-0.31305,-0.026801,-0.24404,-0.18195,-0.055205,-0.022555,0.13427,-0.0067126,-0.13191,-0.15171,-0.30922,-0.23822,0.19698,-0.072706,-0.10225,-0.016696,0.055929,0.069,-0.032196,-0.047976,-0.21129,-0.13686,-0.093574,-0.16988,-0.061707,0.19763,-0.11024,-0.25635,-0.10003,-0.070122,0.28194,0.11599,0.02886,-0.08241,0.10269,0.078058,0.049991,-0.1035,0.019194,-0.15165,0.01252,0.16202,-0.14961,-0.185,0.00061853,0.26688,0.28564,-0.095001,-0.18922,0.0386,-0.030015,0.098858,-0.024835,0.040668
17,0.83264,0.7998,0.84052,0.82771,0.83087,0.8311,0.80791,0.81345,0.81842,0.8182,0.87299,0.82995,0.75608,0.78037,0.82165,0.7643,0.86039,1,0.76127,0.70587,0.74187,0.75228,0.65652,0.57856,0.74779,0.75489,0.68371,0.75317,0.65191,0.66797,0.51654,0.47726,0.53688,0.44397,0.36731,0.57908,0.36982,0.45265,0.50124,0.21276,0.1612,0.20952,0.13634,0.27944,0.047361,0.011574,0.084307,-0.058561,0.15528,-0.21249,-0.10834,-0.0065371,-0.014435,-0.15891,-0.16928,-0.058921,-0.17242,0.18588,-0.24334,-0.1945,-0.20053,-0.21578,-0.099753,0.11109,-0.01896,0.12591,-0.18747,-0.24482,-0.18112,-0.37347,0.11658,-0.18696,0.0013154,-0.12274,-0.041735,0.031914,0.062002,-0.0020433,-0.14865,-0.16476,-0.044607,-0.10462,-0.070008,-0.04259,-0.18111,-0.19705,-0.060203,0.005155,0.16312,0.15713,0.07543,-0.1068,0.13839,0.029934,7.539e-05,-0.072616,0.083367,-0.1045,-0.0044161,0.20858,-0.21814,-0.20595,0.12823,0.20196,0.2893,-0.15846,-0.10556,-0.039926,-0.16972,0.087465,0.034988,-0.040611
18,0.8227,0.78007,0.8127,0.86419,0.80879,0.8069,0.89085,0.81643,0.84947,0.84555,0.8069,0.76705,0.78764,0.78732,0.74094,0.84729,0.75381,0.76127,1,0.65755,0.67836,0.77459,0.66846,0.65273,0.69061,0.79652,0.72435,0.70711,0.59578,0.6352,0.44894,0.60317,0.43789,0.43666,0.48281,0.58136,0.39643,0.6483,0.37938,0.12796,0.34233,0.19156,0.1277,0.080166,-0.041192,0.10893,0.17535,0.033632,0.2592,-0.25804,-0.0955,0.065843,-0.031499,0.0073242,-0.25722,-0.028296,-0.045639,-0.060434,-0.31602,-0.2056,-0.20898,-0.043663,-0.087423,-0.0071657,0.063323,0.10468,-0.15889,-0.21405,-0.15574,-0.18711,0.13886,-0.14123,0.013324,0.013157,-0.11521,-0.048604,0.087616,-0.065872,-0.027129,-0.25297,-0.084043,-0.015628,0.029566,0.1691,-0.098696,-0.20365,-0.2766,-0.018774,0.1917,0.14734,0.082046,-0.19231,0.23966,-0.090854,0.021241,-0.12236,0.14117,-0.15624,-0.02234,0.018437,-0.25649,-0.087159,-0.00034691,0.20802,0.10338,-0.20115,-0.17323,0.13873,-0.12817,0.36507,-0.13815,-0.072851
19,0.76824,0.73273,0.7464,0.80994,0.75355,0.77293,0.68698,0.74079,0.75423,0.76254,0.75599,0.70628,0.7838,0.74073,0.77691,0.70496,0.63149,0.70587,0.65755,1,0.50322,0.59144,0.56223,0.45852,0.61783,0.60508,0.5653,0.71818,0.53977,0.37468,0.35947,0.54632,0.50348,0.44893,0.28012,0.49137,0.51619,0.44016,0.37916,0.33768,0.33616,0.36672,0.10524,0.14429,0.15967,0.089773,0.24789,-0.23179,0.18648,-0.19926,-0.06175,-0.17134,-0.082263,0.016124,-0.20161,-0.19785,0.13964,0.10879,-0.094537,-0.32758,-0.27829,-0.22787,-0.40858,-0.093702,-0.0064099,0.22518,0.054509,-0.32454,-0.36228,-0.37341,0.26493,-0.13583,-0.0033114,-0.084904,-0.18874,0.10034,0.036905,-0.15851,-0.16262,-0.080056,-0.085331,-0.19632,-0.091135,-0.00019124,-0.27226,0.089759,-0.14993,-0.032582,0.17588,0.19388,0.26056,-0.097488,0.14936,-0.079698,0.21121,0.010169,0.25609,-0.22344,-0.040848,0.16986,-0.20716,0.024728,0.040111,0.089852,0.25573,-0.13367,-0.044888,0.02348,-0.29156,0.075154,-0.027353,-0.014876
20,0.70779,0.78789,0.69052,0.66486,0.74383,0.75068,0.76333,0.73014,0.74138,0.73776,0.81037,0.71688,0.63084,0.73805,0.73518,0.67384,0.74946,0.74187,0.67836,0.50322,1,0.70339,0.57369,0.5635,0.68285,0.68263,0.56606,0.75863,0.73771,0.49084,0.37792,0.52669,0.43608,0.26514,0.42002,0.48643,0.32069,0.58771,0.27665,0.23121,0.29831,0.15647,0.086022,0.33453,-0.043593,-0.003694,0.19749,0.15257,0.26659,-0.12461,0.020876,0.14011,0.075861,-0.079329,-0.21664,0.10434,-0.11862,-0.043252,-0.37715,-0.14545,-0.11507,-0.23804,-0.0093526,0.080073,0.073677,0.14174,-0.19241,-0.065517,-0.13049,-0.0943,0.14584,-0.19539,0.039583,0.066429,0.16295,0.06966,0.1289,-0.065112,-0.10439,-0.149,-0.18236,-0.24342,0.0076354,0.11148,-0.035924,-0.25195,-0.10193,0.041932,0.25838,0.0041347,0.16386,0.052333,0.051921,0.092296,0.15175,-0.088327,0.1847,-0.13697,0.03319,0.25767,-0.14298,-0.16143,0.026246,0.17119,0.23038,-0.14652,0.073534,-0.054244,-0.11439,-0.038162,-0.10065,-0.11113
21,0.80086,0.78054,0.71424,0.80009,0.79567,0.78942,0.81765,0.81672,0.77528,0.79957,0.7375,0.74803,0.73997,0.77037,0.70856,0.78038,0.81399,0.75228,0.77459,0.59144,0.70339,1,0.60231,0.66582,0.60431,0.72514,0.75211,0.72728,0.70675,0.56131,0.49245,0.57147,0.46169,0.55798,0.46435,0.65571,0.40346,0.66924,0.35753,0.26012,0.35253,0.1402,0.033909,0.22239,-0.088271,0.12945,0.32678,0.17654,0.40516,-0.13914,0.056445,0.012698,0.1247,0.050262,-0.12466,0.015117,-0.11722,-0.090723,-0.36382,-0.016545,-0.28638,-0.12013,0.13137,-0.12902,0.11855,-0.0131,-0.052679,-0.050208,-0.20805,-0.17567,0.34036,-0.1266,-0.091455,-0.028715,0.048556,0.19096,-0.016443,-0.029343,-0.037939,-0.11341,0.00026828,-0.08605,-0.019752,0.15071,-0.062073,-0.30159,-0.19598,-0.037668,0.25178,0.11976,0.10778,0.066289,0.24117,0.1442,0.14047,0.047161,0.029759,-0.0066882,-0.025597,0.1313,-0.072779,-0.16063,0.10807,0.33978,0.22646,-0.046259,-0.14783,0.093557,-0.089107,0.10936,0.040788,-0.1378
22,0.66336,0.73422,0.74008,0.73059,0.64964,0.7257,0.72467,0.62878,0.77822,0.7419,0.66637,0.69791,0.70305,0.63172,0.64184,0.66369,0.72489,0.65652,0.66846,0.56223,0.57369,0.60231,1,0.39511,0.65554,0.55061,0.53245,0.60718,0.70879,0.54023,0.51889,0.48231,0.32725,0.39777,0.33236,0.39013,0.45966,0.41837,0.35648,0.15815,0.11989,0.23585,0.25611,-0.0099337,0.22696,0.061274,0.18302,0.048803,0.017123,-0.089074,0.1236,0.13081,0.16544,0.06924,-0.1851,0.040401,-0.15001,0.14934,-0.28809,-0.091236,-0.29895,-0.25422,-0.11697,-0.067894,0.092226,0.1776,-0.22975,-0.2316,-0.20695,-0.22898,0.1624,-0.16788,0.0097887,0.043059,-0.13971,0.077394,-0.089291,-0.13319,-0.068801,-0.30347,-0.12192,-0.16482,-0.010908,0.07433,-0.25002,-0.14111,-0.1377,-0.055879,0.28934,0.15406,-0.049655,-0.10484,0.22685,0.096594,-0.064711,-0.22514,0.051124,-0.044326,0.071658,0.029383,-0.098851,-0.074373,-0.06824,0.028682,0.20382,-0.025591,-0.27114,0.089364,0.094309,0.15063,0.008963,-0.021476
23,0.66889,0.69543,0.62491,0.66727,0.63597,0.65722,0.67046,0.60215,0.6811,0.61831,0.59299,0.65089,0.67774,0.68536,0.61472,0.65763,0.62319,0.57856,0.65273,0.45852,0.5635,0.66582,0.39511,1,0.48725,0.6489,0.59032,0.61227,0.45571,0.59118,0.36055,0.45108,0.28989,0.46566,0.33311,0.61373,0.30217,0.42236,0.28252,0.30311,0.41219,0.10765,-0.010902,0.12952,0.053741,0.4422,0.16018,0.027657,0.3335,-0.37989,-0.12345,0.19712,0.053719,-0.0036158,-0.089742,0.097665,-0.079618,-0.0029675,-0.39643,-0.1459,-0.011695,-0.051795,0.00038466,-0.12675,0.11697,-0.062837,-0.11526,-0.075759,-0.16928,-0.18092,0.13957,-0.11546,-0.1337,-0.12125,0.10601,0.048612,0.17407,0.003609,0.13116,-0.15387,0.13606,-0.005915,0.040525,0.18833,-0.05753,-0.20636,-0.097245,-0.033269,0.15608,0.1418,0.0084788,-0.0057661,-0.092118,0.34196,0.068404,-0.093908,-0.042453,-0.043138,0.013359,-0.011025,-0.13705,-0.13168,0.031054,0.13922,0.34321,-0.044849,-0.034523,-0.0095597,-0.1159,0.15628,-0.099096,0.044792
24,0.78483,0.7614,0.71361,0.72617,0.72505,0.77012,0.76791,0.7582,0.78974,0.80569,0.78897,0.74311,0.73572,0.79644,0.7533,0.74983,0.73687,0.74779,0.69061,0.61783,0.68285,0.60431,0.65554,0.48725,1,0.71133,0.58289,0.68895,0.50573,0.47888,0.51158,0.56402,0.56762,0.34932,0.37539,0.53022,0.36183,0.44345,0.37361,0.1047,0.2255,0.27332,0.17748,0.085741,0.13735,-0.00012291,0.010983,0.11598,0.28139,-0.21604,0.062539,0.11419,-0.065823,-0.076697,-0.30022,-0.088006,-0.042257,0.053798,-0.44188,-0.16635,-0.040378,-0.13152,-0.14874,0.19507,0.21162,0.064731,-0.27018,-0.36805,-0.24401,-0.18257,0.01819,-0.21275,0.011804,-0.2112,-0.083681,0.026192,-0.0065899,-0.011963,0.023559,-0.21857,-0.0599,-0.21749,-0.19504,0.28646,-0.028378,-0.1981,-0.048603,0.18497,0.074149,0.024936,0.12018,-0.0093965,0.17283,-0.087763,0.14158,-0.24983,0.029522,-0.21095,0.09582,0.19144,-0.15296,0.010032,0.068963,0.14123,0.35505,-0.062037,-0.087873,-0.13124,-0.13245,0.19265,-0.23004,-0.099392
25,0.7773,0.74425,0.78806,0.79238,0.76032,0.70629,0.79802,0.82738,0.77447,0.79631,0.79479,0.74712,0.72626,0.78683,0.72133,0.74824,0.76514,0.75489,0.79652,0.60508,0.68263,0.72514,0.55061,0.6489,0.71133,1,0.7573,0.71387,0.51335,0.50094,0.33396,0.5311,0.56752,0.29962,0.34842,0.59578,0.40037,0.41544,0.40665,0.24059,0.25415,0.2246,-0.045629,0.13653,-0.044688,0.10841,0.16968,-0.027837,0.14997,-0.24537,-0.069419,0.095362,-0.19555,-0.13267,-0.3515,-0.046104,-0.090307,0.041728,-0.32834,-0.14588,-0.16204,-0.16397,-0.050236,0.027928,0.22541,-0.0070695,-0.11767,-0.14591,-0.30932,-0.24823,0.19525,-0.15122,-0.018205,0.0067204,-0.076331,0.013271,-0.03904,0.033453,-0.025838,-0.16627,-0.04353,-0.090589,0.019504,0.17244,-0.0091074,-0.13593,-0.17406,-0.015924,0.17437,0.033832,0.1857,-0.12716,0.041588,-0.017031,0.049514,-0.0056748,0.18025,-0.20026,0.12139,0.1772,-0.20717,0.020511,0.07847,0.20394,0.31999,0.033607,-0.079915,0.13559,-0.20043,0.16697,-0.086473,0.028968
26,0.73624,0.72978,0.69889,0.72146,0.78898,0.67121,0.75157,0.75132,0.73894,0.72732,0.70654,0.67184,0.69334,0.68082,0.68054,0.70218,0.73361,0.68371,0.72435,0.5653,0.56606,0.75211,0.53245,0.59032,0.58289,0.7573,1,0.69634,0.46251,0.43381,0.43051,0.47793,0.45478,0.39599,0.36422,0.68165,0.4448,0.47581,0.32347,0.26104,0.31328,0.072656,0.1136,0.18271,-0.026704,0.14104,0.17494,-0.021029,0.22139,-0.11986,-0.068149,-0.0028413,0.079554,0.12714,-0.34718,-0.071333,-0.083481,-0.070646,-0.36138,-0.18407,-0.31311,-0.17714,-0.12525,-0.011834,0.11484,0.087511,0.049607,-0.049392,-0.23285,-0.28242,0.37279,-0.15864,-0.16932,-0.090949,-0.026372,0.063013,-0.090211,0.079959,-0.17882,-0.099271,0.0023377,-0.1587,0.001966,0.12901,-0.12766,-0.16208,-0.12924,0.047373,0.1805,-0.004941,0.094783,-0.18311,0.1198,-0.0087509,-0.023736,0.051045,-0.081164,-0.25194,0.0022842,0.13167,-0.278,-0.056289,0.082254,0.12436,0.08917,0.0066984,-0.041329,0.11493,-0.17353,0.13751,-0.14174,0.0024853
27,0.81394,0.81791,0.74268,0.80091,0.81371,0.79778,0.72531,0.82115,0.79325,0.79594,0.7921,0.79658,0.79449,0.82865,0.70261,0.79902,0.67977,0.75317,0.70711,0.71818,0.75863,0.72728,0.60718,0.61227,0.68895,0.71387,0.69634,1,0.66565,0.53302,0.46114,0.51618,0.38605,0.39322,0.32136,0.7354,0.36663,0.62124,0.31619,0.25055,0.44907,0.16868,0.12886,0.29458,0.18355,0.074322,0.26804,-0.0090441,0.25174,-0.10062,-0.0081228,-0.027161,0.0040689,0.084758,-0.21118,-0.16643,0.00037517,0.0095854,-0.39706,-0.24241,-0.26338,-0.27357,-0.10084,-0.0022331,-0.047076,0.19809,-0.12613,-0.23231,-0.25203,-0.33158,0.3506,-0.22886,0.014951,-0.17822,-0.060229,0.1205,-0.0070492,-0.18801,-0.12827,-0.097869,0.021691,-0.27659,0.12163,0.07245,-0.27523,-0.097217,-0.13625,-0.053301,0.10621,0.15866,0.33353,-0.054879,0.0053306,0.16967,0.17379,-0.022233,0.25406,-0.21972,0.14361,0.1121,-0.22343,-0.095504,-0.011021,0.099436,0.239,-0.088256,0.12578,0.0070616,-0.18697,0.015912,-0.088522,-0.11207
28,0.67732,0.75366,0.63166,0.68849,0.6622,0.69943,0.69737,0.61362,0.6686,0.71155,0.6859,0.62267,0.62206,0.61414,0.59207,0.60151,0.68459,0.65191,0.59578,0.53977,0.73771,0.70675,0.70879,0.45571,0.50573,0.51335,0.46251,0.66565,1,0.46668,0.52563,0.47255,0.33336,0.40557,0.38266,0.53745,0.37769,0.56938,0.25673,0.2424,0.26808,0.17142,0.11662,0.20843,0.011136,0.099177,0.1329,0.1073,0.058525,-0.026382,0.13919,-0.004699,0.24006,0.074453,-0.019276,0.11825,-0.18788,0.20133,-0.33971,-0.029612,-0.34532,-0.25781,-0.10689,-0.21584,-0.0041909,0.15987,-0.10786,-0.21997,-0.18643,-0.19012,0.20577,-0.14374,-0.082531,0.015419,-0.046667,0.21896,0.039116,-0.083718,-0.051055,-0.26499,-0.16522,-0.22401,0.054089,0.072562,-0.14687,-0.051062,-0.016876,-0.11704,0.3015,0.025488,0.014215,0.12738,0.010568,0.35017,0.10573,-0.20017,0.16178,-0.11076,-0.018006,0.13055,-0.11573,-0.12837,0.020297,-0.028646,0.1669,-0.063198,-0.041453,0.033258,0.12548,-0.070234,0.01626,-0.032597
29,0.57176,0.59869,0.63479,0.61051,0.57902,0.62308,0.61333,0.60851,0.64198,0.52765,0.58001,0.60737,0.64334,0.5799,0.58252,0.56137,0.59071,0.66797,0.6352,0.37468,0.49084,0.56131,0.54023,0.59118,0.47888,0.50094,0.43381,0.53302,0.46668,1,0.47193,0.24306,0.25158,0.36996,0.46157,0.4532,0.24939,0.37988,0.39211,0.056224,0.071925,0.074541,0.091808,0.36268,0.038162,0.17119,0.18353,-0.11435,0.15687,-0.11361,-0.13458,0.17201,0.039662,-0.063369,-0.074753,0.25325,-0.099043,0.14509,-0.1538,-0.08743,-0.23964,-0.12236,0.019622,-0.12462,-0.12245,-0.05561,-0.42076,-0.16406,-0.087713,-0.35268,0.1964,-0.26469,0.03775,-0.048433,-0.12951,-0.031953,-0.061729,0.059914,-0.031546,-0.27491,0.051337,0.088705,0.22283,0.10894,-0.13704,-0.20733,-0.077122,-0.23882,0.10727,0.15733,-0.078365,-0.11273,0.13014,0.16902,0.031065,-0.17103,0.08318,0.092955,0.059524,-0.13389,-0.27511,-0.17151,0.023681,0.15549,0.30886,-0.18917,-0.13579,0.14297,-0.13818,0.13562,-0.062501,-0.19532
30,0.50262,0.53575,0.54889,0.46925,0.44491,0.53942,0.5213,0.48619,0.58441,0.5757,0.50903,0.46428,0.46792,0.47068,0.51256,0.58841,0.51638,0.51654,0.44894,0.35947,0.37792,0.49245,0.51889,0.36055,0.51158,0.33396,0.43051,0.46114,0.52563,0.47193,1,0.23345,0.14974,0.41672,0.1987,0.45051,0.38255,0.32297,0.39694,0.21456,0.28492,0.13073,0.15711,0.23085,-0.025127,0.087434,-0.041587,-0.094952,0.16065,-0.16386,-0.085578,-0.05487,0.14912,0.13618,-0.016218,0.07472,-0.21373,0.30855,-0.33014,0.11914,-0.16909,-0.088599,0.0091057,0.042801,-0.022799,0.066959,-0.035905,-0.0023679,0.080745,-0.044675,0.047395,-0.092902,-0.027028,-0.34873,-0.13518,0.05749,-0.085219,-0.14904,-0.15895,-0.10895,-0.060266,0.035237,-0.048231,0.25787,-0.22617,-0.077072,0.005627,-0.12018,0.18743,0.12011,-0.20288,0.029212,0.11398,0.0062025,-0.15322,-0.13242,-0.031258,0.01503,0.016143,0.11514,-0.20636,-0.18539,-0.067488,-0.085601,0.096278,-0.23505,-0.24304,0.075785,-0.022442,0.15785,-0.036679,-0.08934
31,0.61793,0.66877,0.52281,0.62986,0.68028,0.65892,0.6665,0.57505,0.61693,0.67004,0.58671,0.55399,0.55526,0.59628,0.60482,0.61626,0.52439,0.47726,0.60317,0.54632,0.52669,0.57147,0.48231,0.45108,0.56402,0.5311,0.47793,0.51618,0.47255,0.24306,0.23345,1,0.48934,0.4053,0.4475,0.31787,0.45204,0.53284,0.12999,0.13165,0.39716,0.36558,-0.15267,-0.02177,0.11382,0.18523,0.080982,0.23099,0.1587,-0.16457,0.18855,-0.073161,0.12176,0.14222,-0.28125,-0.20888,-0.051588,-0.11114,-0.40079,-0.25791,0.032711,-0.080914,-0.14882,-0.14136,0.20935,0.17216,-0.029288,-0.28702,-0.15929,-0.040564,0.20641,0.026609,-0.083057,-0.010256,-0.14855,0.26472,0.0714,-0.12829,-0.0039468,-0.19811,0.10615,-0.033461,-0.11353,0.24822,-0.037212,-0.071285,-0.29207,0.19848,0.1568,-0.13106,0.11635,-0.010338,0.18844,-0.034054,0.2321,-0.17522,0.24742,-0.32111,-0.14611,0.1603,-0.087986,0.048387,0.11004,0.18072,0.11032,-0.089085,-0.082519,-0.22359,0.074433,0.15805,-0.10141,-0.029989
32,0.48119,0.51833,0.4259,0.56127,0.48582,0.52721,0.54556,0.47427,0.41469,0.51385,0.57884,0.53386,0.48296,0.42081,0.50707,0.46094,0.58829,0.53688,0.43789,0.50348,0.43608,0.46169,0.32725,0.28989,0.56762,0.56752,0.45478,0.38605,0.33336,0.25158,0.14974,0.48934,1,0.23907,0.2934,0.38873,0.23746,0.31193,0.32187,-0.066877,0.088089,0.2023,-0.095514,0.021915,0.018585,-0.067381,-0.012138,0.18323,0.10769,-0.15317,-0.010915,-0.034532,0.0086568,-0.11675,-0.22815,-0.12334,-0.16649,-0.026359,-0.21662,-0.27973,-0.13794,-0.15883,-0.1476,0.12298,0.17872,0.16698,-0.16858,-0.29875,-0.31338,0.055255,0.021731,-0.11996,0.014885,-0.058534,-0.037667,0.20623,0.070575,0.059518,-0.3117,-0.14067,0.094823,-0.16939,-0.29675,0.079628,-0.14853,-0.11745,-0.15761,0.072589,0.15692,-0.0099928,-0.010738,-0.028653,0.34099,-0.12401,0.11473,-0.14798,0.1963,-0.1875,-0.2492,0.23609,-0.17458,-0.17819,-0.10081,0.21175,0.097767,0.074125,0.12983,-0.038326,-0.035641,0.066756,-0.018978,0.054154
33,0.49537,0.4739,0.45462,0.41804,0.48421,0.47288,0.51399,0.36865,0.5546,0.47893,0.38868,0.56026,0.52469,0.377,0.46629,0.5208,0.47115,0.44397,0.43666,0.44893,0.26514,0.55798,0.39777,0.46566,0.34932,0.29962,0.39599,0.39322,0.40557,0.36996,0.41672,0.4053,0.23907,1,0.27705,0.3673,0.23149,0.43598,0.15027,0.31617,0.20617,0.30373,-0.0024219,0.11273,0.18168,0.083582,0.10313,-0.011046,0.30252,0.025861,0.028913,-0.090795,0.098763,0.27512,0.082564,-0.15188,-0.18844,-0.10626,-0.027092,0.14738,-0.27709,0.15818,0.036995,-0.30139,0.073598,0.062544,-0.17901,-0.1616,-0.13408,0.019593,0.026434,0.082041,-0.34995,-0.037675,0.062384,0.20355,0.2829,-0.016705,-0.0026049,-0.13071,0.093766,0.078508,-0.13327,0.19852,-0.074385,-0.16046,-0.12015,0.092768,-0.021703,0.39712,-0.19324,0.10054,0.21349,0.22728,0.11365,-0.089661,0.077426,-0.19869,-0.2741,-0.17782,-0.051767,0.14976,-0.013052,0.20394,0.24677,0.089397,-0.16732,0.034749,-0.10706,0.10657,0.0069444,-0.083747
34,0.56182,0.54444,0.38498,0.49951,0.55422,0.47418,0.57174,0.43384,0.53074,0.39571,0.48415,0.424,0.4725,0.42986,0.52623,0.41806,0.43391,0.36731,0.48281,0.28012,0.42002,0.46435,0.33236,0.33311,0.37539,0.34842,0.36422,0.32136,0.38266,0.46157,0.1987,0.4475,0.2934,0.27705,1,0.22626,0.2894,0.4708,0.30854,0.14386,0.1902,0.17092,0.037494,0.16519,-0.19752,0.002458,0.19882,-0.035696,0.1815,-0.067676,-0.023306,-0.096717,0.30543,0.21683,-0.091279,0.36095,-0.016639,0.027624,-0.13252,-0.18771,-0.3544,-0.15274,0.035349,-0.10892,0.0060729,0.043939,-0.16295,-0.15825,-0.21951,-0.17931,0.10094,-0.23928,-0.15604,0.037426,0.20203,0.036582,0.015341,0.13602,0.041806,-0.22396,-0.11241,-0.09219,0.079741,0.39771,0.068427,-0.19142,-0.020258,-0.14974,0.36528,-0.029042,0.0074166,0.10492,-0.0064872,0.038381,0.1899,-0.16182,0.11454,-0.06047,-0.03138,-0.021058,-0.29227,0.020911,-0.20416,0.0091779,0.11736,-0.18573,-0.031166,-0.14137,-0.028099,0.035897,-0.30899,-0.2817
35,0.67972,0.6729,0.55201,0.6298,0.60047,0.63787,0.5772,0.68995,0.58472,0.61718,0.64579,0.65163,0.63911,0.65223,0.45037,0.6325,0.54223,0.57908,0.58136,0.49137,0.48643,0.65571,0.39013,0.61373,0.53022,0.59578,0.68165,0.7354,0.53745,0.4532,0.45051,0.31787,0.38873,0.3673,0.22626,1,0.186,0.4681,0.26226,0.2601,0.35944,0.0024585,0.15844,0.22752,0.14775,0.18435,0.027211,0.23691,0.2423,-0.12948,-0.022896,-0.1231,-0.017691,0.039853,-0.075509,-0.1313,-0.1187,0.028706,-0.45252,-0.067629,-0.32348,-0.070604,-0.0618,0.036224,0.05213,0.1036,-0.10324,-0.25399,-0.12993,-0.20911,0.21632,-0.28114,-0.02499,-0.30716,-0.060547,0.063014,0.16346,-0.12266,-0.089044,-0.038537,-0.098682,-0.11524,0.092134,0.079906,-0.28382,0.076374,-0.18843,-0.06084,0.012307,0.072147,0.18145,0.0012948,-0.017445,0.2151,0.016414,-0.166,0.057193,-0.23471,-0.055444,0.1306,-0.0086197,-0.14893,0.11105,-0.016258,0.027291,-0.11289,0.16229,0.11691,-0.11638,0.15808,0.0060998,-0.025156
36,0.44111,0.44897,0.47045,0.44269,0.44032,0.47861,0.56541,0.49632,0.48012,0.53686,0.43145,0.46631,0.49788,0.48853,0.60132,0.47837,0.43838,0.36982,0.39643,0.51619,0.32069,0.40346,0.45966,0.30217,0.36183,0.40037,0.4448,0.36663,0.37769,0.24939,0.38255,0.45204,0.23746,0.23149,0.2894,0.186,1,0.17053,0.19847,0.2325,0.072941,0.51665,-0.1131,0.1661,-0.18462,0.15496,0.16522,-0.20901,-0.14322,-0.38254,0.18888,0.065544,0.23418,0.10718,-0.31244,0.024951,0.0079334,-0.034555,-0.033327,-0.13654,-0.28671,-0.18961,-0.21372,-0.35258,0.21478,0.091201,0.27802,0.045735,-0.37267,-0.19576,0.34594,-0.031018,-0.17356,0.048032,-0.27746,0.1939,-0.066525,-0.096689,-0.1569,-0.28412,-0.0014185,0.15061,-0.12916,0.1954,-0.058008,0.0072903,0.035018,-0.099744,0.38586,-0.059709,-0.022395,-0.096716,0.13909,0.0086444,0.29942,0.12907,0.16708,0.0061586,-0.059567,0.052307,-0.079634,0.095015,0.10227,0.074081,0.14906,0.053522,-0.09184,0.032319,-0.052332,0.09607,0.0905,0.003197
37,0.5653,0.57268,0.40811,0.54239,0.63379,0.53904,0.59141,0.57932,0.601,0.55566,0.51265,0.47791,0.53977,0.52757,0.49932,0.54939,0.53982,0.45265,0.6483,0.44016,0.58771,0.66924,0.41837,0.42236,0.44345,0.41544,0.47581,0.62124,0.56938,0.37988,0.32297,0.53284,0.31193,0.43598,0.4708,0.4681,0.17053,1,0.13917,0.063069,0.53954,0.26262,0.15408,0.13059,0.026239,0.12804,0.2403,0.12576,0.37441,0.12303,0.011015,0.0043972,0.15987,0.19316,-0.033557,-0.073853,0.029855,-0.10387,-0.27548,-0.078933,-0.17685,0.069305,-0.0029624,-0.23019,0.035537,0.056723,-0.065645,-0.052,-0.10468,-0.021225,0.18645,0.11123,-0.14651,-0.1657,0.17782,0.19831,0.11766,-0.1798,-0.10589,-0.05693,-0.10335,-0.17325,0.13722,0.18114,-0.17781,-0.28092,-0.33003,0.095299,0.15119,0.22769,0.24463,0.069461,0.20476,-0.083286,0.19547,-0.038743,0.1453,-0.12304,-0.1603,-0.033004,-0.050532,-0.0051448,-0.20169,0.44316,0.014776,-0.17556,-0.022251,0.098336,0.081601,0.1648,-0.15125,-0.01141
38,0.42573,0.35518,0.47953,0.47423,0.37479,0.38449,0.40543,0.37786,0.41781,0.41995,0.51893,0.44768,0.42204,0.3626,0.42715,0.49659,0.48042,0.50124,0.37938,0.37916,0.27665,0.35753,0.35648,0.28252,0.37361,0.40665,0.32347,0.31619,0.25673,0.39211,0.39694,0.12999,0.32187,0.15027,0.30854,0.26226,0.19847,0.13917,1,0.17156,0.094774,0.0058642,0.38444,0.079322,0.11565,-0.027287,0.043372,-0.20882,0.079052,-0.34181,-0.49114,-0.16589,0.086218,-0.14048,-0.079628,0.31702,0.15179,0.31852,-0.076895,-0.09149,-0.033247,-0.3248,-0.15584,0.34441,-0.1185,0.12403,-0.049042,0.010799,-0.16351,-0.21974,0.11197,-0.11743,0.14871,0.011687,-0.081606,0.0020898,0.022692,0.12248,-0.21428,0.031404,-0.011859,-0.11989,0.14389,-0.087032,-0.20018,-0.176,-0.10897,0.068291,0.25256,0.43284,-0.033426,-0.0061472,0.016454,-0.046877,0.018784,-0.033994,0.027121,-0.034815,0.14971,-0.15984,-0.19145,-0.21404,-0.11881,0.11721,0.23393,-0.28615,-0.029138,0.10825,-0.2437,0.064753,-0.030696,-0.068599
39,0.29262,0.29107,0.33562,0.25197,0.30481,0.30218,0.17035,0.2492,0.35063,0.18535,0.29643,0.26791,0.22083,0.32748,0.24652,0.18556,0.19765,0.21276,0.12796,0.33768,0.23121,0.26012,0.15815,0.30311,0.1047,0.24059,0.26104,0.25055,0.2424,0.056224,0.21456,0.13165,-0.066877,0.31617,0.14386,0.2601,0.2325,0.063069,0.17156,1,0.026017,0.056685,0.13314,0.024062,-0.060864,0.26727,-0.12307,-0.23463,0.0040691,-0.088126,-0.039306,-0.12605,-0.0097826,0.079736,-0.12025,0.082081,-0.15145,0.13526,-0.1169,-0.020445,-0.096111,-0.26416,0.015592,-0.18481,-0.065068,-0.13071,0.093162,0.01073,-0.12439,-0.10875,0.0030416,-0.14446,0.10737,0.12053,0.13919,-0.031328,0.051396,-0.065416,-0.016421,0.13183,-0.36513,0.039461,0.10686,0.039658,-0.091837,0.027907,0.0059634,-0.16422,0.3266,0.17376,0.16282,0.17244,-0.3603,0.19592,0.13871,0.17242,0.077304,0.0079629,0.22811,0.23147,0.038806,0.17483,-0.032656,-0.13782,0.13353,-0.050831,0.12043,0.010556,-0.14124,-0.24472,0.053151,0.12098
40,0.35657,0.42766,0.22684,0.35256,0.40286,0.31148,0.28232,0.33537,0.34976,0.3726,0.28409,0.33587,0.34146,0.29153,0.3228,0.44499,0.30494,0.1612,0.34233,0.33616,0.29831,0.35253,0.11989,0.41219,0.2255,0.25415,0.31328,0.44907,0.26808,0.071925,0.28492,0.39716,0.088089,0.20617,0.1902,0.35944,0.072941,0.53954,0.094774,0.026017,1,0.084687,0.021828,0.035695,0.079136,0.26245,0.10477,0.040766,0.21309,0.004434,-0.12627,-0.19115,0.034884,0.065948,0.072219,-0.21646,0.16714,-0.019402,-0.3982,0.0035474,-0.075037,0.20529,-0.098634,-0.028936,-0.070944,0.022251,0.25748,-0.066047,-0.012121,0.030098,0.14799,0.31216,0.01278,-0.20948,-0.024584,0.018312,0.018527,-0.32203,-0.15878,0.13017,-0.060608,-0.016986,0.08153,0.1727,-0.19895,0.11298,-0.20022,-0.094309,-0.049179,0.0015937,0.2832,0.066584,0.028003,-0.09617,0.007944,0.097212,0.12966,-0.31364,-0.086474,-0.093346,-0.089081,-0.041257,-0.092004,0.17073,-0.053718,-0.1741,0.057989,0.049271,0.03345,-0.12216,-0.20168,0.010554
