1.6336e-10 8.5363e-11 8.1857e-11 9.2718e-11 6.6169e-11 6.8209e-11 8.2492e-11 5.3338e-11 4.2727e-11 3.0103e-11 5.7509e-11 3.888e-11 4.7291e-11 4.6914e-11 2.4053e-11 1.424e-11 7.7191e-12 -7.5056e-13 2.1523e-12 2.1748e-11 -8.3122e-13 5.6554e-12 -1.44e-11 5.0586e-13 1.6749e-11 -7.9019e-12 -1.1373e-14 -9.4176e-12 1.4601e-12 -1.9928e-12 -3.5962e-12 -7.3871e-12 -1.6338e-11 -1.9226e-11 -2.2955e-11 -1.6593e-11 -7.2688e-12 -1.7166e-13 -1.5965e-13 -7.2809e-12 -1.1456e-11 4.3381e-12 -2.2006e-11 -1.092e-11 -6.5312e-12 -1.0367e-12 -1.5347e-11 -1.5083e-11 -1.1125e-11 -1.1249e-11 -1.1888e-11 -1.6295e-11 -5.1839e-12 -5.2086e-12 -3.3797e-12 -1.2381e-11 -7.787e-12 -2.0189e-12 -5.1312e-12 1.9935e-12 -1.5589e-12 1.1578e-12 -5.1539e-12 4.7255e-13 5.6675e-14 -7.3466e-12 1.3395e-13 2.5368e-12 1.6857e-12 9.2755e-13 2.3211e-12 -1.6695e-12 -4.9838e-12 -8.6366e-14 -2.8476e-12 1.5959e-12 4.6044e-13 -3.4638e-13 -4.4364e-12 1.171e-12 1.4949e-12 6.1317e-13 -1.9881e-14 1.9289e-12 1.3717e-12 8.8424e-13 4.7636e-13 6.6527e-13 4.0278e-13 6.044e-14 -8.2191e-14 -7.7007e-14
8.5363e-11 8.9046e-11 5.1323e-11 6.7722e-11 4.995e-11 5.6555e-11 6.3274e-11 3.597e-11 3.3917e-11 2.6078e-11 3.8149e-11 2.2378e-11 3.9062e-11 3.115e-11 1.2226e-11 1.5323e-11 9.5833e-12 6.0621e-12 -1.4178e-12 7.1098e-12 6.679e-13 2.1615e-12 -4.4711e-12 2.5394e-12 7.8366e-12 -4.897e-12 -4.3813e-12 -6.9623e-12 5.374e-13 -5.507e-12 -6.7109e-12 -4.5948e-12 -1.2059e-11 -2.2412e-11 -1.5127e-11 -1.6649e-11 -8.9196e-12 -1.8742e-12 -5.9365e-12 -7.6471e-13 -1.2266e-11 8.003e-12 -1.5215e-11 -6.5845e-12 5.7602e-13 -8.7927e-13 -9.875e-12 -9.9575e-12 -7.3329e-12 -6.0436e-12 -1.1168e-11 -6.472e-12 -6.9166e-12 -4.9142e-12 -7.1975e-12 -6.7039e-12 -5.7499e-12 -3.2515e-12 3.8765e-12 -5.4738e-12 -1.7613e-12 -9.2996e-13 -1.315e-12 -9.5292e-13 -2.1329e-12 -8.285e-12 -2.6759e-12 1.7423e-13 -1.3934e-13 8.2647e-13 -1.8511e-13 1.0189e-13 -2.2015e-12 -3.0449e-12 -9.8561e-13 1.3177e-12 8.4453e-13 8.7174e-13 -2.6416e-12 1.0357e-12 1.1083e-12 -6.2615e-13 -1.207e-12 1.127e-12 1.2151e-12 7.377e-13 7.2661e-13 3.4321e-13 2.3153e-13 1.1026e-13 -2.7211e-14 -2.1613e-14
8.1857e-11 5.1323e-11 7.6195e-11 6.0377e-11 5.3705e-11 4.3279e-11 5.2972e-11 3.5075e-11 3.2763e-11 1.9459e-11 3.5691e-11 3.2304e-11 3.3713e-11 2.4962e-11 1.7498e-11 1.9964e-11 1.017e-11 4.1449e-12 3.29e-12 1.0065e-11 3.9205e-12 9.6128e-12 -7.5191e-12 3.0227e-12 1.0837e-11 -1.1341e-13 4.9066e-12 -6.9428e-12 3.768e-12 1.9135e-13 -1.4638e-12 -5.1118e-12 -6.706e-12 -5.6954e-12 -5.7389e-12 -1.083e-11 -5.7336e-12 -3.1528e-12 -5.6118e-12 -2.0525e-12 -5.5828e-12 4.2187e-12 -1.2331e-11 -4.6815e-12 -2.2061e-12 6.7184e-13 -7.1286e-12 -1.2056e-11 -1.0061e-11 -4.2728e-12 -1.026e-11 -8.1273e-12 -1.8074e-12 -3.6564e-12 -2.8024e-12 -5.8522e-12 -5.144e-12 1.5136e-12 -4.533e-12 -8.3249e-13 2.5648e-13 -1.0017e-12 -1.4734e-12 5.8465e-13 -4.1375e-13 -4.9709e-12 -3.8882e-12 -1.6988e-12 1.0588e-12 1.3604e-12 -2.038e-13 -2.4403e-13 -1.4074e-12 1.0357e-12 -1.344e-12 1.5245e-12 3.0399e-14 -5.7709e-13 -1.8628e-12 -2.934e-13 1.2994e-12 3.3531e-13 5.6916e-13 1.0899e-12 5.3481e-13 4.1712e-13 2.7285e-13 5.2815e-13 1.7956e-13 6.1097e-14 -2.6192e-14 -6.8405e-14
9.2718e-11 6.7722e-11 6.0377e-11 9.4328e-11 5.2185e-11 5.7587e-11 6.376e-11 4.1425e-11 4.0657e-11 2.4035e-11 4.4091e-11 2.8306e-11 4.2901e-11 3.7405e-11 1.8238e-11 1.9839e-11 1.4389e-11 8.6663e-12 2.4652e-12 8.0926e-12 1.2466e-12 -4.7399e-12 -8.0977e-12 5.0351e-13 5.2859e-12 -8.6318e-12 2.3867e-12 -5.194e-12 -1.2931e-12 3.18e-12 -5.3963e-12 -2.6195e-12 -1.002e-11 -1.9681e-11 -1.6343e-11 -1.7933e-11 -6.6037e-12 2.0322e-12 -5.4673e-12 -1.8158e-12 -1.2712e-11 1.7935e-12 -1.4541e-11 -6.3986e-12 2.0058e-13 -2.43e-12 -6.1336e-12 -1.0727e-11 -9.901e-12 -6.8807e-12 -9.183e-12 -9.6713e-12 -5.5082e-12 -1.2575e-12 -1.943e-12 -9.5495e-12 -7.6603e-12 -4.1847e-13 -2.8004e-12 -5.3448e-13 -3.8183e-12 1.2702e-12 -8.2295e-13 1.6278e-12 -1.3463e-12 -4.6396e-12 -9.5978e-13 -6.8557e-13 2.2588e-12 -9.5759e-13 2.6905e-12 -1.6482e-12 -2.6396e-12 -1.2078e-12 -1.9435e-16 1.4159e-12 1.1794e-13 -7.907e-14 -3.194e-12 2.3182e-13 1.2728e-12 3.2652e-13 -4.5181e-13 1.541e-12 9.1074e-13 7.6809e-13 4.4171e-13 5.0811e-13 3.3191e-13 7.9071e-14 -2.3146e-14 -1.3714e-14
6.6169e-11 4.995e-11 5.3705e-11 5.2185e-11 5.8013e-11 4.0366e-11 5.0176e-11 2.5345e-11 2.6292e-11 1.9115e-11 2.8519e-11 2.5445e-11 3.0198e-11 2.6207e-11 1.305e-11 1.4005e-11 6.6191e-12 8.4777e-12 1.5187e-12 1.136e-11 6.3179e-12 7.0378e-12 -1.2815e-12 2.0654e-12 1.1423e-11 3.4828e-13 2.4917e-16 -7.7441e-12 -2.0116e-12 2.4753e-12 -2.7813e-12 -5.2673e-12 -5.4806e-12 -8.6128e-12 -6.3855e-12 -9.2042e-12 -3.2901e-12 -4.0445e-12 -2.3712e-12 1.6113e-14 -6.295e-12 4.5846e-12 -1.1842e-11 -4.8203e-12 -1.9752e-12 3.1823e-12 -4.856e-12 -5.1815e-12 -6.4393e-12 -4.3066e-12 -5.9633e-12 -3.7396e-12 -2.1695e-12 -2.0183e-12 -3.3995e-12 -5.6848e-12 -4.1841e-12 2.1653e-12 -4.1402e-12 -1.3988e-12 -2.1952e-12 -5.9158e-13 -1.5159e-12 -8.9612e-13 1.343e-14 -2.8625e-12 -4.3493e-12 -1.1481e-12 -5.1609e-13 9.848e-13 -3.6056e-13 -1.6387e-13 -8.2656e-13 -9.5659e-14 7.781e-13 1.9295e-12 3.3681e-13 3.6958e-13 -3.4986e-13 8.7572e-14 1.2585e-12 -1.1393e-12 -1.1363e-12 5.9153e-13 5.5983e-13 9.8019e-13 2.6499e-13 2.7319e-13 3.506e-14 5.0347e-14 -3.5474e-15 -6.2591e-14
6.8209e-11 5.6555e-11 4.3279e-11 5.7587e-11 4.0366e-11 6.0591e-11 5.1498e-11 3.5324e-11 2.7696e-11 2.0267e-11 3.3878e-11 1.0612e-11 3.1356e-11 2.9347e-11 1.3681e-11 1.3227e-11 1.2278e-11 4.6406e-12 2.0076e-13 5.9413e-12 1.4148e-13 1.9045e-12 -5.4872e-12 1.2219e-12 3.2593e-12 -5.9059e-12 -1.4651e-12 -5.9113e-12 -3.8154e-12 5.1057e-12 -5.1569e-12 1.1108e-12 -6.6074e-12 -1.1472e-11 -1.3202e-11 -1.1574e-11 -6.3974e-12 1.2355e-12 -2.2645e-12 -3.6416e-12 -6.4593e-12 9.1973e-13 -1.4357e-11 -4.652e-12 -4.7574e-12 1.1988e-13 -5.5321e-12 -7.8578e-12 -4.8323e-12 -3.1383e-12 -9.9048e-12 -7.5402e-12 -6.0436e-13 -6.7389e-13 -2.1659e-12 -2.4214e-12 -8.2047e-12 2.0308e-12 1.2024e-12 -1.4343e-12 -3.5988e-12 -9.6995e-13 5.8261e-13 -4.5999e-13 -1.084e-12 -6.1555e-12 -2.6346e-12 -2.4041e-13 4.0183e-13 -2.6529e-14 2.657e-12 -1.7782e-12 -4.7889e-13 -1.8953e-12 -4.0444e-13 2.6469e-12 -9.7453e-15 3.4032e-13 -1.8862e-12 8.9058e-13 3.0906e-13 -1.0745e-13 -1.0805e-12 1.0428e-12 1.1376e-12 1.4713e-13 2.4998e-13 4.1919e-13 1.5209e-13 3.6568e-14 -7.4143e-15 -1.9929e-14
8.2492e-11 6.3274e-11 5.2972e-11 6.376e-11 5.0176e-11 5.1498e-11 8.3396e-11 3.671e-11 3.0176e-11 2.1425e-11 4.7535e-11 1.9716e-11 3.7061e-11 3.3928e-11 1.6644e-11 1.3905e-11 9.4694e-12 1.0796e-11 -2.7294e-12 1.0167e-11 -1.5218e-12 -6.03e-13 8.4748e-13 3.4765e-12 4.4496e-12 -1.008e-12 4.2869e-12 -7.2165e-12 -6.4438e-12 -2.5262e-12 -3.7916e-12 -1.2265e-12 -6.394e-12 -1.4726e-11 -9.9992e-12 -3.1753e-12 -5.9834e-12 -9.3606e-13 -5.1118e-12 -7.0675e-12 -7.4015e-12 4.3503e-12 -1.6462e-11 -4.2414e-12 -3.5787e-12 3.7772e-12 -5.9517e-12 -1.2049e-11 -4.4651e-12 -4.67e-12 -1.0064e-11 -4.118e-12 -6.7801e-12 -2.6965e-12 -5.4063e-12 -5.1695e-12 -1.4738e-12 5.1604e-12 -6.4939e-13 -1.3748e-12 -4.5526e-12 -3.1256e-12 1.5961e-13 2.9973e-13 -8.2038e-13 -2.2762e-12 -2.1665e-12 -7.5869e-13 1.1126e-12 2.1073e-13 5.2705e-12 4.7186e-13 -2.1295e-12 6.4087e-13 -1.2241e-12 1.6708e-12 7.5089e-13 -5.0739e-14 -1.7545e-12 1.8749e-12 1.1862e-12 -1.6462e-12 -1.8244e-12 1.8852e-12 1.3203e-12 1.2437e-12 8.2534e-13 1.7907e-13 1.1112e-13 6.1524e-14 2.2973e-14 -2.3929e-14
5.3338e-11 3.597e-11 3.5075e-11 4.1425e-11 2.5345e-11 3.5324e-11 3.671e-11 4.2555e-11 2.1117e-11 1.3785e-11 2.2731e-11 1.054e-11 2.7022e-11 2.3269e-11 1.0562e-11 1.7851e-11 1.0647e-11 1.5649e-12 5.2966e-12 2.4937e-12 1.2219e-12 5.1075e-12 -3.4447e-12 3.6112e-12 4.3297e-12 -7.3422e-12 1.8775e-12 -2.2535e-12 6.5676e-12 1.9641e-12 -6.4219e-13 4.5893e-13 -5.5533e-12 -7.6054e-12 -5.7841e-12 -3.8538e-12 1.7005e-13 5.6454e-13 2.8564e-13 1.6754e-12 -6.0412e-12 2.7529e-12 -5.6949e-12 -3.6606e-12 1.1248e-12 -4.2004e-12 -5.5498e-12 -7.8776e-12 -1.4225e-12 -3.7763e-12 -2.9835e-12 -2.3788e-12 3.8436e-13 3.2575e-12 -2.0208e-12 -1.8262e-12 -2.6465e-12 2.0333e-12 -2.0731e-12 -3.9453e-13 4.8455e-13 3.5257e-13 -1.0988e-12 2.132e-12 1.9204e-12 -4.223e-12 1.3914e-12 -1.3199e-12 -2.9654e-13 -2.4326e-13 1.8512e-12 -3.9362e-13 -9.5006e-13 3.9534e-14 -1.2506e-12 -4.4756e-13 1.2428e-12 8.0089e-14 -1.1254e-12 5.0976e-13 1.0547e-12 3.062e-13 -3.932e-13 1.8299e-12 -5.3568e-14 6.5626e-13 3.2939e-13 3.6538e-13 2.079e-13 3.8763e-14 1.4376e-14 -3.4087e-14
4.2727e-11 3.3917e-11 3.2763e-11 4.0657e-11 2.6292e-11 2.7696e-11 3.0176e-11 2.1117e-11 4.6562e-11 1.3143e-11 1.7535e-11 1.3911e-11 2.4878e-11 1.5617e-11 2.5809e-12 6.6609e-12 7.4295e-12 5.6714e-12 1.653e-12 1.3257e-11 3.0042e-12 2.3452e-12 -8.551e-12 -3.0063e-12 7.4013e-12 -7.4055e-12 1.7989e-12 -6.0264e-12 3.6551e-12 -3.9359e-12 -3.6827e-12 -3.6279e-12 -5.7159e-12 -8.4286e-12 -3.3753e-12 -3.9552e-12 -1.6613e-12 7.8693e-13 -7.2623e-12 7.4745e-14 -3.3978e-12 8.7101e-12 -6.031e-12 -1.3681e-12 -3.9926e-13 -7.4519e-13 -2.3186e-12 -6.2476e-12 -4.0043e-12 2.3212e-13 -4.4428e-12 -1.5275e-12 -3.7374e-12 2.3696e-12 -5.1805e-12 -4.3269e-12 -4.8528e-12 -2.8949e-13 -6.0402e-13 1.7392e-12 1.4562e-12 1.9106e-12 2.1837e-12 7.8347e-13 -3.3587e-13 -4.9755e-12 -2.9453e-12 1.192e-12 4.1151e-13 -1.0266e-12 7.8268e-13 -4.3295e-13 -3.3972e-13 -1.2386e-12 -2.6135e-13 -7.918e-13 1.8515e-12 -1.7297e-12 -2.4297e-12 -6.8236e-13 -9.5189e-14 4.0253e-13 6.3372e-13 8.694e-13 1.1449e-12 2.0922e-13 2.8794e-13 1.8953e-13 -4.1993e-14 5.3856e-14 -3.2871e-14 -6.5906e-14
3.0103e-11 2.6078e-11 1.9459e-11 2.4035e-11 1.9115e-11 2.0267e-11 2.1425e-11 1.3785e-11 1.3143e-11 2.789e-11 1.7158e-11 6.4896e-12 1.651e-11 9.3561e-12 1.0458e-11 1.0516e-11 5.734e-12 -2.1644e-12 -4.0984e-12 9.5976e-12 9.5012e-13 1.5729e-12 9.4366e-13 3.8599e-14 5.886e-13 -3.1677e-12 -1.0648e-12 2.7057e-12 2.4602e-12 2.4017e-12 -1.4504e-12 1.4115e-12 -8.3311e-12 -8.0239e-12 -1.6555e-12 -7.7333e-12 -2.7911e-12 -5.0069e-12 -3.0087e-12 1.1364e-13 -8.4121e-12 3.381e-12 -6.2394e-12 -3.4398e-12 -2.6452e-12 3.5306e-13 -4.164e-12 -7.1157e-13 -3.3972e-12 -2.7274e-12 -3.039e-12 -2.2457e-12 -2.2078e-12 -1.0264e-12 -1.7348e-12 -3.1159e-12 -3.2909e-12 -1.3584e-12 -2.525e-12 -1.8678e-12 -1.6239e-12 8.925e-13 1.7153e-13 -1.247e-12 -2.0979e-12 -1.9282e-12 -2.7826e-12 -1.3339e-12 3.0945e-12 -2.0839e-12 1.091e-12 -3.9385e-13 -2.4519e-12 -4.3346e-13 6.9617e-13 2.3761e-12 8.2551e-13 4.7126e-13 -1.031e-13 2.4498e-13 7.6203e-13 -5.1531e-13 -5.1529e-13 4.1471e-13 5.2532e-13 -5.564e-14 3.2289e-13 8.585e-14 9.1156e-14 -7.4629e-15 1.5489e-14 -2.9357e-14
5.7509e-11 3.8149e-11 3.5691e-11 4.4091e-11 2.8519e-11 3.3878e-11 4.7535e-11 2.2731e-11 1.7535e-11 1.7158e-11 5.3576e-11 2.0739e-11 2.5381e-11 2.3278e-11 6.7757e-12 2.1602e-12 6.4513e-12 3.0299e-12 7.16e-13 8.7304e-12 -3.7073e-12 -2.8291e-12 -6.2222e-12 -5.3595e-12 -3.5128e-12 3.56e-12 6.3128e-12 8.9111e-13 -9.728e-13 4.1185e-12 -3.1776e-12 -6.1545e-14 -3.5319e-12 -7.7779e-12 -1.0195e-11 -6.6995e-12 -5.8089e-12 -6.8826e-14 8.0769e-13 -6.7966e-12 -6.9255e-12 5.6319e-12 -1.4799e-11 -4.497e-12 9.3236e-13 4.2927e-12 -1.43e-12 -9.2612e-12 -3.973e-12 -3.0621e-12 -8.0227e-12 -6.1078e-12 -4.3696e-12 -2.1191e-12 -3.1611e-12 -4.6595e-12 -4.5918e-12 1.1548e-12 -1.8243e-12 -1.3618e-13 -3.4288e-12 3.1767e-13 5.4047e-13 8.067e-13 -4.1829e-13 -1.352e-12 5.8857e-13 -1.7584e-12 2.3848e-12 -6.46e-14 3.3115e-12 1.9099e-12 -1.3352e-12 -1.2258e-13 6.9752e-14 -6.7913e-13 1.243e-13 -7.0949e-13 -2.2115e-12 1.4877e-12 2.0636e-13 -1.0448e-12 -1.1626e-12 5.9736e-13 7.5988e-13 8.5953e-13 2.7855e-13 1.2858e-13 2.029e-13 5.4146e-14 -2.8199e-14 4.8795e-15
3.888e-11 2.2378e-11 3.2304e-11 2.8306e-11 2.5445e-11 1.0612e-11 1.9716e-11 1.054e-11 1.3911e-11 6.4896e-12 2.0739e-11 4.1412e-11 9.9086e-12 1.0124e-11 6.4916e-12 1.1948e-12 2.1833e-12 3.2224e-12 -1.9703e-12 4.1794e-12 1.4787e-12 -4.014e-13 -1.0216e-11 -7.7235e-12 2.7777e-12 7.127e-12 8.0068e-12 -2.3089e-13 -3.1375e-12 1.6862e-12 1.7673e-12 -4.7418e-12 -4.4571e-12 1.0559e-12 -3.676e-12 5.344e-13 2.2178e-13 -3.5132e-12 -9.186e-13 3.7845e-12 -2.187e-12 5.584e-12 -5.3474e-12 5.1514e-13 8.6845e-13 6.218e-12 2.139e-12 -6.7254e-12 -8.1663e-12 -5.1588e-12 -3.424e-12 -5.9199e-12 -4.9119e-12 -3.1993e-13 -3.0067e-12 -5.8697e-12 -2.7953e-12 -2.0638e-12 -6.2644e-12 6.3449e-13 -7.5409e-13 2.0485e-12 -1.464e-12 -9.4961e-13 -6.4247e-13 -1.1194e-12 -1.768e-12 1.349e-13 1.8976e-12 -4.3092e-13 -3.5993e-12 1.0376e-12 2.3018e-13 -1.0028e-12 1.4152e-13 -6.3417e-13 1.503e-12 6.5922e-13 -3.7033e-13 -9.0659e-13 -4.2876e-13 -6.5944e-14 -1.8622e-14 -4.7511e-13 -3.9475e-13 5.5225e-13 1.2394e-13 2.3211e-13 3.6695e-14 2.0474e-14 -8.7948e-14 -5.7825e-14
4.7291e-11 3.9062e-11 3.3713e-11 4.2901e-11 3.0198e-11 3.1356e-11 3.7061e-11 2.7022e-11 2.4878e-11 1.651e-11 2.5381e-11 9.9086e-12 4.4454e-11 2.1338e-11 4.4212e-12 1.3962e-11 1.1709e-11 8.8863e-12 1.723e-12 8.3478e-12 2.7272e-12 2.0569e-12 -4.1447e-12 1.9908e-12 5.1844e-12 -1.0677e-11 1.0919e-12 -7.4337e-12 4.3157e-12 4.2232e-12 -3.8063e-12 -2.2054e-12 -9.2175e-12 -1.4813e-11 -6.5011e-12 -1.1322e-11 -6.1627e-12 4.3508e-12 -8.0146e-13 -5.8001e-12 -6.3733e-12 6.0113e-12 -5.3802e-12 -6.5455e-12 -7.067e-14 8.0112e-13 -9.7881e-13 -2.4709e-12 -3.7458e-12 -2.3134e-12 -1.0189e-12 -5.0175e-12 -2.6745e-12 -1.7734e-12 -1.2361e-12 -3.3576e-12 -3.3505e-12 1.5131e-12 -3.7115e-13 1.5659e-12 6.388e-13 3.307e-12 5.6971e-13 3.4756e-12 -1.7525e-15 -3.552e-12 -1.647e-12 -1.8366e-12 -1.6266e-12 -1.3034e-12 1.0076e-12 4.7576e-13 -2.4904e-13 3.8726e-14 2.3976e-13 -1.1795e-12 1.9959e-12 7.1209e-13 -1.5099e-12 -9.3043e-14 7.4409e-13 -2.9923e-13 -5.8731e-13 1.4132e-12 8.0709e-13 1.2353e-12 -3.6943e-14 2.4951e-13 1.1113e-13 1.555e-14 -1.2582e-14 1.2856e-14
4.6914e-11 3.115e-11 2.4962e-11 3.7405e-11 2.6207e-11 2.9347e-11 3.3928e-11 2.3269e-11 1.5617e-11 9.3561e-12 2.3278e-11 1.0124e-11 2.1338e-11 4.1518e-11 9.4246e-12 1.0094e-11 8.2311e-12 5.4829e-12 5.385e-12 2.1201e-12 -2.2019e-12 5.2821e-13 5.1249e-13 -1.7454e-12 3.3001e-12 -2.7159e-12 -6.7196e-13 -6.8166e-12 2.7416e-13 4.4824e-12 1.5596e-12 2.3518e-12 -7.6319e-12 -7.8509e-12 -9.535e-12 4.2846e-14 -4.8027e-13 1.8209e-12 1.7263e-12 9.3007e-14 -6.9833e-12 -1.7491e-12 -6.6677e-12 -2.9214e-12 -1.5024e-12 2.3853e-12 -3.7238e-12 -2.2929e-12 7.1592e-13 -3.2808e-12 -1.9254e-12 3.3223e-16 -6.7298e-13 5.4574e-13 -2.0607e-12 -2.1982e-12 -4.1404e-12 3.1839e-12 -8.312e-13 -9.8158e-13 -2.4933e-12 -6.202e-13 -1.2028e-12 1.4917e-12 1.2526e-12 -2.704e-12 -2.5236e-12 -8.1454e-13 -2.6753e-12 1.7124e-12 2.8965e-12 -1.5072e-12 -1.3133e-12 1.0226e-12 6.225e-13 -7.4047e-13 -1.9958e-13 6.2e-13 -6.4074e-13 6.2111e-13 -5.6786e-14 1.3333e-13 -6.6914e-13 1.581e-12 -4.4605e-14 8.2075e-13 -6.1174e-14 2.299e-13 1.2363e-13 7.2923e-14 1.4065e-14 1.7951e-14
2.4053e-11 1.2226e-11 1.7498e-11 1.8238e-11 1.305e-11 1.3681e-11 1.6644e-11 1.0562e-11 2.5809e-12 1.0458e-11 6.7757e-12 6.4916e-12 4.4212e-12 9.4246e-12 2.3579e-11 7.2734e-12 1.4935e-12 1.1178e-12 -2.8193e-12 1.3419e-12 3.0695e-12 2.3776e-12 -3.6365e-12 5.123e-12 3.2837e-12 3.9642e-12 1.1172e-12 2.9271e-12 -1.8077e-12 2.8759e-12 3.2733e-12 -2.7502e-13 -6.3265e-12 5.1969e-13 -6.288e-13 -3.0232e-12 -9.4225e-14 -1.2566e-12 -2.6883e-12 1.408e-13 -2.68e-13 -8.1551e-13 -3.2105e-12 2.6359e-13 -3.6163e-12 2.1522e-12 -1.9548e-12 -5.2975e-12 -2.9428e-12 1.3765e-12 -2.3933e-12 -1.502e-12 -2.4967e-12 -1.0977e-13 2.1372e-12 -2.0733e-12 -1.1886e-12 9.3338e-13 -2.3737e-12 -2.4107e-12 -3.1234e-12 -4.3006e-13 -2.6999e-12 -2.0692e-12 -2.8854e-12 -2.1304e-13 -8.3163e-13 5.323e-13 1.4818e-12 -1.6042e-14 9.4131e-13 -5.3564e-13 -2.3299e-12 1.0586e-12 8.0006e-13 8.5853e-13 -1.3749e-12 1.7723e-12 8.0382e-13 6.706e-13 1.2527e-12 6.4632e-14 -3.8966e-13 8.2513e-13 2.6653e-13 3.8643e-13 1.1537e-13 1.9513e-13 1.4223e-13 -5.3257e-14 6.0075e-14 -2.5936e-14
1.424e-11 1.5323e-11 1.9964e-11 1.9839e-11 1.4005e-11 1.3227e-11 1.3905e-11 1.7851e-11 6.6609e-12 1.0516e-11 2.1602e-12 1.1948e-12 1.3962e-11 1.0094e-11 7.2734e-12 3.1459e-11 6.7582e-12 -3.6728e-13 4.8152e-12 -4.3854e-12 3.1416e-12 7.451e-12 7.1158e-12 6.5047e-12 3.6524e-12 -3.2486e-12 1.5822e-12 -2.0278e-13 8.4628e-12 2.2596e-12 -4.3362e-13 5.7727e-12 -7.1138e-12 -4.0483e-12 -1.4277e-12 -1.6131e-12 -5.059e-13 2.0216e-13 -6.122e-12 4.8206e-12 -5.7774e-12 -1.1185e-12 -3.9493e-13 -1.1961e-12 2.0174e-12 9.5298e-13 -4.0521e-12 -2.4184e-12 -1.6472e-12 2.8511e-14 1.5044e-12 -9.8355e-14 6.7626e-13 -2.2173e-12 1.0771e-12 9.2616e-13 3.1135e-13 2.3099e-12 -2.1714e-12 -1.4193e-12 2.9696e-12 9.6447e-13 -1.9713e-13 2.8235e-13 8.0786e-14 -4.0814e-12 -1.0234e-12 -3.3849e-12 8.2307e-13 -6.9242e-13 1.8961e-12 -1.3418e-12 -1.7725e-12 8.8575e-13 9.1499e-13 2.0862e-12 7.2646e-13 6.5426e-13 -3.2094e-13 -3.7154e-13 1.4357e-12 5.9998e-13 -1.809e-13 5.2593e-13 2.906e-13 -3.8879e-13 1.5482e-13 2.6143e-13 8.9341e-14 6.6273e-14 8.9941e-16 -1.9421e-14
7.7191e-12 9.5833e-12 1.017e-11 1.4389e-11 6.6191e-12 1.2278e-11 9.4694e-12 1.0647e-11 7.4295e-12 5.734e-12 6.4513e-12 2.1833e-12 1.1709e-11 8.2311e-12 1.4935e-12 6.7582e-12 1.6413e-11 5.3518e-13 7.3638e-14 -3.7867e-12 -2.4985e-12 -4.0267e-12 1.8726e-12 -2.6998e-12 8.6447e-13 -4.4809e-12 1.3847e-12 -2.5961e-12 -2.025e-12 3.5307e-12 -2.4004e-12 -1.3004e-12 -1.1365e-12 -3.952e-12 -1.3172e-13 -1.5291e-12 -1.7058e-12 -2.0193e-13 4.3826e-14 -2.2221e-12 -4.3631e-12 4.7305e-13 7.5141e-13 -1.4048e-12 -1.9617e-12 1.3016e-13 -1.5269e-12 -2.2539e-12 -5.6958e-13 5.4445e-13 -1.0618e-12 -2.7553e-13 -3.4064e-14 1.231e-12 -9.8625e-13 -9.8203e-13 -2.5782e-12 6.4454e-13 -8.3217e-13 3.6564e-13 6.2512e-13 -1.2089e-13 1.5828e-12 1.1701e-12 -3.5466e-13 -9.81e-13 -7.5742e-13 -1.5131e-12 -1.5373e-12 -1.3363e-12 1.7708e-12 -1.7105e-12 7.0437e-13 -1.0734e-13 2.4512e-13 1.4805e-13 -8.1406e-14 -8.1975e-13 4.4693e-13 -2.1339e-13 3.582e-14 -4.4729e-14 -8.7822e-14 8.9143e-13 1.4749e-13 4.7983e-13 -5.2304e-14 1.0658e-13 5.5626e-14 -3.8297e-14 2.0333e-15 3.2794e-14
-7.5056e-13 6.0621e-12 4.1449e-12 8.6663e-12 8.4777e-12 4.6406e-12 1.0796e-11 1.5649e-12 5.6714e-12 -2.1644e-12 3.0299e-12 3.2224e-12 8.8863e-12 5.4829e-12 1.1178e-12 -3.6728e-13 5.3518e-13 1.8555e-11 3.5554e-12 1.4932e-12 5.7837e-12 1.2022e-12 1.5655e-12 2.7721e-13 4.3794e-12 -8.7328e-13 2.3067e-12 3.3469e-12 -2.5475e-12 4.4276e-13 -4.866e-14 -2.7015e-12 3.1663e-12 1.2559e-12 -1.1858e-13 9.0257e-13 9.2231e-14 3.5495e-12 -1.5357e-12 1.3917e-12 3.1723e-12 2.883e-12 -1.1569e-12 9.7492e-14 2.3883e-12 1.4442e-12 8.5595e-12 -8.3539e-13 1.1926e-12 1.9971e-13 -5.2833e-13 -1.4228e-12 -3.8545e-13 7.9405e-13 -3.0069e-12 1.027e-13 -1.5227e-14 8.9474e-13 2.1969e-12 7.7383e-13 -1.5251e-12 9.4705e-13 -1.5384e-13 2.5433e-14 1.6538e-13 9.4995e-14 -1.5566e-12 6.4794e-13 -2.0871e-12 1.3009e-12 -5.6154e-13 8.4808e-13 7.6558e-13 8.1921e-14 -1.0303e-13 -2.2022e-13 -1.1626e-12 7.3928e-13 1.5267e-12 -1.2985e-13 -1.6007e-13 -4.5965e-14 -1.03e-12 2.2172e-13 2.5043e-13 3.4342e-13 -2.8542e-13 1.838e-14 -5.2318e-14 1.2707e-14 2.4726e-14 -1.8633e-14
2.1523e-12 -1.4178e-12 3.29e-12 2.4652e-12 1.5187e-12 2.0076e-13 -2.7294e-12 5.2966e-12 1.653e-12 -4.0984e-12 7.16e-13 -1.9703e-12 1.723e-12 5.385e-12 -2.8193e-12 4.8152e-12 7.3638e-14 3.5554e-12 2.1426e-11 -5.7589e-12 1.3283e-12 3.6649e-12 2.4885e-12 -4.489e-13 3.197e-12 1.0578e-12 5.0934e-13 2.8319e-12 -2.3178e-13 2.8015e-12 9.9967e-14 1.7303e-12 2.2984e-12 2.7237e-12 -4.0714e-12 4.4382e-13 -8.214e-13 2.2133e-12 -1.7954e-12 4.1789e-12 -1.979e-12 -4.0117e-13 -8.2963e-13 -1.0329e-12 6.2112e-12 -3.1125e-12 2.8436e-12 2.2708e-12 2.2719e-12 1.0531e-12 -6.1694e-14 1.5991e-13 3.628e-12 4.535e-12 -9.3021e-13 -3.5842e-12 -8.0291e-13 -9.4131e-15 2.4655e-12 3.1894e-12 2.2959e-12 2.1104e-12 -2.9031e-13 2.4331e-12 1.6723e-12 1.1801e-12 3.2795e-12 9.9565e-14 -3.6105e-12 2.4383e-12 1.078e-12 -4.6668e-13 4.3041e-13 1.9567e-12 4.4364e-13 -3.0233e-13 -1.0823e-12 -4.71e-13 -7.6826e-13 2.365e-13 1.0649e-13 8.777e-13 2.6593e-13 -1.8563e-13 9.6054e-15 8.3429e-14 -1.4975e-13 -1.2267e-13 -5.1724e-15 3.0945e-14 -8.5011e-15 -3.161e-14
2.1748e-11 7.1098e-12 1.0065e-11 8.0926e-12 1.136e-11 5.9413e-12 1.0167e-11 2.4937e-12 1.3257e-11 9.5976e-12 8.7304e-12 4.1794e-12 8.3478e-12 2.1201e-12 1.3419e-12 -4.3854e-12 -3.7867e-12 1.4932e-12 -5.7589e-12 3.074e-11 2.0071e-12 6.5542e-12 -5.1791e-12 2.3235e-12 3.2708e-13 -1.2187e-12 3.6329e-12 3.3334e-12 7.3883e-12 -2.2843e-12 -1.2032e-13 -1.6866e-12 2.2378e-13 -1.0895e-12 -2.7663e-12 -1.5854e-12 1.8736e-12 3.0177e-12 3.2808e-12 -1.1194e-12 -1.4299e-12 8.825e-12 -2.4634e-12 -3.2805e-12 4.7248e-14 -2.1484e-12 1.2121e-12 -2.7293e-12 -5.9724e-13 -3.5007e-12 -2.5835e-12 -1.2813e-12 -1.3161e-12 -1.619e-12 -1.6058e-12 1.4117e-13 -1.7496e-12 2.418e-12 -1.6378e-12 1.8605e-12 -3.5274e-12 7.504e-13 -1.9144e-12 9.6972e-13 2.4681e-13 -2.169e-12 -3.6645e-12 7.9005e-13 1.5638e-13 -2.0294e-12 -1.1559e-12 6.8293e-13 3.7912e-13 -5.5004e-13 1.084e-12 5.4231e-13 1.6804e-13 -1.0185e-12 -1.4921e-13 -8.3451e-13 2.968e-13 -7.5104e-13 5.4216e-13 1.5246e-13 5.6221e-13 1.0374e-13 -2.6604e-13 1.1866e-13 -2.8993e-14 2.5953e-14 -2.9576e-14 -6.3077e-14
-8.3122e-13 6.679e-13 3.9205e-12 1.2466e-12 6.3179e-12 1.4148e-13 -1.5218e-12 1.2219e-12 3.0042e-12 9.5012e-13 -3.7073e-12 1.4787e-12 2.7272e-12 -2.2019e-12 3.0695e-12 3.1416e-12 -2.4985e-12 5.7837e-12 1.3283e-12 2.0071e-12 1.422e-11 7.1918e-12 -9.6987e-13 -1.8803e-12 5.7206e-12 -3.9239e-13 -1.4542e-12 -7.2336e-13 -6.3988e-13 -9.4502e-14 4.0144e-15 3.9436e-13 -1.3426e-13 2.0492e-12 -1.0247e-12 -4.5174e-12 1.5331e-12 -1.3188e-12 1.1553e-12 3.4815e-12 -4.4047e-13 2.4207e-12 1.228e-12 -2.3189e-12 6.8453e-13 9.6326e-13 2.8364e-12 -2.2771e-12 -2.084e-12 1.1608e-12 2.7616e-13 -1.2068e-12 1.3149e-12 1.1564e-12 1.3165e-12 -5.2494e-13 -1.2053e-13 5.3297e-13 -2.0452e-12 -7.8104e-13 2.1166e-12 8.9949e-13 6.4493e-13 -5.9978e-13 4.5691e-13 -1.0211e-12 6.498e-13 7.5385e-13 -6.4812e-13 7.4815e-13 -8.7317e-13 9.3274e-13 8.6917e-13 -2.6668e-13 5.1665e-14 1.7612e-13 -5.5844e-14 9.59e-13 8.8267e-13 -1.2677e-12 5.1139e-13 6.7597e-14 -7.6551e-13 -3.5324e-13 -1.257e-13 2.5838e-13 -2.9213e-13 1.3948e-13 -3.4713e-14 5.7216e-14 -1.929e-14 -2.5234e-14
5.6554e-12 2.1615e-12 9.6128e-12 -4.7399e-12 7.0378e-12 1.9045e-12 -6.03e-13 5.1075e-12 2.3452e-12 1.5729e-12 -2.8291e-12 -4.014e-13 2.0569e-12 5.2821e-13 2.3776e-12 7.451e-12 -4.0267e-12 1.2022e-12 3.6649e-12 6.5542e-12 7.1918e-12 2.103e-11 1.3641e-12 4.1472e-12 6.1337e-12 -1.9715e-12 8.4153e-14 -3.2092e-12 6.4013e-12 4.8959e-12 1.5644e-12 -1.1411e-12 6.4738e-13 3.7547e-12 2.3597e-12 -7.7346e-13 3.2439e-12 1.1958e-12 9.9569e-13 1.0571e-12 1.7049e-12 2.6398e-12 -1.1635e-12 -1.8446e-12 4.2496e-12 -1.3972e-12 3.0119e-13 -2.635e-12 1.5059e-12 1.1893e-12 -1.1464e-12 1.7175e-13 1.7193e-12 1.8153e-12 -1.0889e-12 2.1696e-12 -1.3844e-13 8.1783e-13 -8.3455e-14 2.2044e-13 2.8978e-12 7.9489e-13 -8.9897e-13 -2.1137e-14 1.7838e-12 -2.3025e-12 -3.9034e-13 1.0486e-12 -1.1755e-12 1.0258e-12 -1.8061e-12 -6.1473e-13 9.2713e-13 -2.8828e-13 1.5462e-12 1.7164e-12 3.6529e-13 6.2974e-13 -6.1226e-13 -1.0422e-12 1.8416e-13 4.1735e-13 -2.3904e-13 3.06e-13 3.5969e-13 -4.2859e-15 -1.7809e-13 9.4452e-14 -1.3366e-13 6.0091e-14 2.8521e-14 -7.0907e-14
-1.44e-11 -4.4711e-12 -7.5191e-12 -8.0977e-12 -1.2815e-12 -5.4872e-12 8.4748e-13 -3.4447e-12 -8.551e-12 9.4366e-13 -6.2222e-12 -1.0216e-11 -4.1447e-12 5.1249e-13 -3.6365e-12 7.1158e-12 1.8726e-12 1.5655e-12 2.4885e-12 -5.1791e-12 -9.6987e-13 1.3641e-12 2.1554e-11 2.9727e-12 2.1822e-12 -3.3037e-12 -9.5156e-13 -1.9949e-12 5.6818e-13 1.8043e-12 -7.5154e-13 1.2004e-14 4.6081e-12 4.8924e-13 1.7121e-12 1.2365e-12 -1.4201e-12 -4.2525e-12 3.0259e-13 1.6916e-12 -2.4301e-12 -2.9621e-12 -4.4307e-13 -1.1511e-12 -4.3607e-13 8.1728e-13 -1.696e-12 3.8655e-12 4.3797e-12 -4.1757e-13 1.4139e-12 3.2246e-12 1.5712e-12 -8.7993e-13 -2.0417e-12 1.936e-12 2.188e-12 7.8021e-13 1.0801e-12 -2.2238e-12 7.2186e-13 -3.4827e-12 -2.9873e-13 1.5448e-13 -8.5329e-14 2.23e-12 -1.7916e-12 -1.9812e-12 -1.8641e-12 1.1829e-12 1.9339e-12 -1.9764e-12 -3.1449e-13 1.2516e-12 4.9778e-13 2.2584e-12 -2.1593e-13 9.2348e-13 1.3336e-13 -4.0871e-13 4.6852e-13 -5.9855e-13 -8.6124e-13 -1.7399e-13 1.3201e-13 -1.0302e-13 -1.4366e-13 -2.1525e-13 -1.888e-14 -6.3722e-15 1.0925e-13 2.5952e-15
5.0586e-13 2.5394e-12 3.0227e-12 5.0351e-13 2.0654e-12 1.2219e-12 3.4765e-12 3.6112e-12 -3.0063e-12 3.8599e-14 -5.3595e-12 -7.7235e-12 1.9908e-12 -1.7454e-12 5.123e-12 6.5047e-12 -2.6998e-12 2.7721e-13 -4.489e-13 2.3235e-12 -1.8803e-12 4.1472e-12 2.9727e-12 1.6059e-11 4.695e-12 1.2797e-12 8.4363e-14 2.3688e-12 5.2848e-12 -2.0167e-12 1.203e-12 1.7839e-13 -4.043e-13 -6.1339e-12 3.0396e-12 9.6346e-15 -1.1578e-12 2.253e-12 -9.0913e-13 9.8112e-13 -3.0227e-13 4.0936e-14 -9.2254e-13 2.6928e-12 1.442e-12 -3.3213e-12 -3.6874e-12 1.1047e-12 1.9912e-12 3.8086e-13 7.9615e-13 2.3402e-12 3.3842e-13 -1.4065e-12 1.0432e-13 -1.3422e-12 2.3209e-12 1.2721e-12 1.7394e-12 6.3703e-13 -8.5847e-13 -1.606e-12 -4.3501e-13 -6.7813e-13 -1.8587e-13 4.2956e-13 2.2106e-14 -8.843e-13 5.9586e-13 -3.3209e-13 -1.0307e-13 6.1609e-14 -8.303e-13 1.6048e-13 8.3341e-14 5.6094e-13 -9.7723e-13 3.4101e-13 2.1723e-13 6.3441e-13 1.2463e-12 1.2763e-13 1.2688e-13 3.8128e-13 3.5362e-13 -1.013e-13 3.3451e-13 2.7869e-14 9.0867e-14 -8.9959e-15 2.472e-14 6.95e-15
1.6749e-11 7.8366e-12 1.0837e-11 5.2859e-12 1.1423e-11 3.2593e-12 4.4496e-12 4.3297e-12 7.4013e-12 5.886e-13 -3.5128e-12 2.7777e-12 5.1844e-12 3.3001e-12 3.2837e-12 3.6524e-12 8.6447e-13 4.3794e-12 3.197e-12 3.2708e-13 5.7206e-12 6.1337e-12 2.1822e-12 4.695e-12 1.9737e-11 -1.6477e-12 -1.8737e-12 -8.9623e-13 -1.2781e-12 -5.0502e-13 3.4443e-13 -1.0424e-11 6.507e-13 -3.1108e-12 9.9742e-13 -2.9147e-12 9.5462e-13 1.8344e-13 1.5806e-12 5.3981e-14 1.9353e-12 3.35e-12 -9.1801e-13 -6.9109e-14 1.5815e-12 -2.4697e-13 -2.3993e-12 -2.4296e-13 5.6467e-14 -1.8918e-12 -1.3074e-12 -7.5737e-13 -1.1456e-12 8.4972e-13 -9.221e-13 -4.9211e-12 -1.8044e-12 -1.4127e-12 -1.0713e-12 7.6726e-13 4.0337e-12 7.0443e-13 -4.7786e-13 -1.0173e-12 1.0895e-12 -2.2226e-12 1.9721e-12 -3.6768e-13 -2.2273e-12 2.2457e-12 -5.8309e-13 -2.1982e-13 -5.5278e-13 -9.1422e-14 -3.254e-14 2.5932e-13 -1.4589e-12 -9.9265e-13 6.1647e-13 -2.602e-13 7.8118e-13 7.5569e-13 -2.7354e-13 -1.7114e-13 -6.5327e-14 5.0213e-13 2.176e-14 9.2206e-14 -2.3494e-14 2.2941e-14 2.7994e-14 -3.0712e-14
-7.9019e-12 -4.897e-12 -1.1341e-13 -8.6318e-12 3.4828e-13 -5.9059e-12 -1.008e-12 -7.3422e-12 -7.4055e-12 -3.1677e-12 3.56e-12 7.127e-12 -1.0677e-11 -2.7159e-12 3.9642e-12 -3.2486e-12 -4.4809e-12 -8.7328e-13 1.0578e-12 -1.2187e-12 -3.9239e-13 -1.9715e-12 -3.3037e-12 1.2797e-12 -1.6477e-12 2.0866e-11 4.8068e-12 7.8113e-12 -1.4036e-12 -2.0534e-12 5.8713e-13 2.8899e-12 2.0968e-12 3.9468e-12 4.0694e-12 6.3506e-12 -1.8198e-12 -2.2016e-12 -1.6666e-12 3.865e-12 4.5797e-14 3.7885e-12 1.0166e-12 5.0023e-12 1.8803e-12 4.4056e-12 1.1131e-12 -1.0218e-12 -5.7396e-13 2.8078e-12 -2.0894e-12 1.2954e-12 -8.2226e-13 -5.5866e-13 -3.0318e-12 -1.123e-12 1.0958e-12 9.3226e-13 1.2065e-12 1.5021e-13 -1.2268e-12 -6.8453e-13 -6.6471e-13 -2.3049e-12 4.7072e-13 8.7789e-13 5.6501e-13 3.3728e-14 4.5621e-13 1.47e-12 -3.2461e-13 1.975e-12 -7.9682e-13 1.3547e-12 -3.5382e-14 -8.0117e-13 -6.2418e-13 5.4209e-13 6.3074e-13 1.032e-12 4.0278e-14 -9.6914e-13 -2.39e-13 -1.2045e-12 -3.3571e-14 -4.1738e-13 3.579e-14 2.1328e-14 -7.7735e-14 1.0521e-14 -2.9295e-14 2.0546e-14
-1.1373e-14 -4.3813e-12 4.9066e-12 2.3867e-12 2.4917e-16 -1.4651e-12 4.2869e-12 1.8775e-12 1.7989e-12 -1.0648e-12 6.3128e-12 8.0068e-12 1.0919e-12 -6.7196e-13 1.1172e-12 1.5822e-12 1.3847e-12 2.3067e-12 5.0934e-13 3.6329e-12 -1.4542e-12 8.4153e-14 -9.5156e-13 8.4363e-14 -1.8737e-12 4.8068e-12 1.5669e-11 3.1709e-12 5.8519e-13 -9.9297e-13 -2.5266e-12 3.554e-12 7.3988e-13 4.2738e-12 -2.1306e-13 3.2551e-12 2.4018e-13 1.0934e-12 -4.5581e-14 -3.288e-13 -1.1923e-12 5.6361e-12 -1.0356e-12 2.3815e-12 2.0991e-12 9.3791e-13 2.4726e-12 -2.39e-12 -2.6335e-12 2.5332e-14 -1.0579e-12 -1.8214e-12 -2.5385e-12 -2.2648e-12 7.2218e-13 1.0516e-12 1.8228e-12 3.7301e-12 -4.0337e-12 -3.2819e-13 1.1438e-12 1.5586e-12 7.7972e-13 8.2928e-13 -4.4609e-13 1.6363e-13 -7.5502e-13 -2.1746e-12 1.1787e-12 -1.1276e-12 -9.2606e-13 2.7721e-13 1.3495e-12 5.3288e-13 3.4876e-13 8.3979e-14 -2.4044e-13 -3.5161e-13 -3.3929e-13 -1.6482e-13 -5.4902e-13 -2.12e-13 7.534e-13 -3.1586e-13 1.3578e-13 2.0924e-13 -2.3683e-13 1.1644e-13 -1.7058e-14 -2.2239e-14 3.5604e-14 -2.7337e-14
-9.4176e-12 -6.9623e-12 -6.9428e-12 -5.194e-12 -7.7441e-12 -5.9113e-12 -7.2165e-12 -2.2535e-12 -6.0264e-12 2.7057e-12 8.9111e-13 -2.3089e-13 -7.4337e-12 -6.8166e-12 2.9271e-12 -2.0278e-13 -2.5961e-12 3.3469e-12 2.8319e-12 3.3334e-12 -7.2336e-13 -3.2092e-12 -1.9949e-12 2.3688e-12 -8.9623e-13 7.8113e-12 3.1709e-12 2.0613e-11 1.4129e-12 -3.4217e-12 2.4443e-12 5.3443e-13 5.9352e-12 2.4652e-12 2.4814e-12 3.2003e-12 -1.9445e-12 3.1993e-14 2.485e-13 5.5212e-12 4.4199e-13 3.9333e-12 2.9732e-12 1.838e-12 3.0982e-12 -1.9251e-12 3.2548e-12 3.593e-13 8.2689e-13 1.546e-13 -1.1878e-12 -1.4162e-12 1.3507e-13 -6.5784e-13 -2.0169e-12 -1.3724e-12 -7.902e-13 -4.6388e-13 -2.515e-14 1.9591e-12 -1.7341e-12 4.3926e-13 -1.6356e-12 -1.1398e-12 2.5114e-13 -1.5182e-13 2.0013e-12 9.2383e-13 1.8633e-12 3.9146e-14 -7.9226e-13 1.3539e-12 -4.626e-13 3.6393e-13 2.7011e-13 5.3201e-13 -1.4478e-12 2.7534e-13 1.54e-12 7.2488e-13 4.1435e-13 4.1658e-13 -1.2422e-13 -6.5081e-13 -1.296e-13 -6.222e-13 -3.5282e-15 -7.7173e-14 2.7246e-15 -1.5483e-15 -1.9821e-14 -2.1037e-14
1.4601e-12 5.374e-13 3.768e-12 -1.2931e-12 -2.0116e-12 -3.8154e-12 -6.4438e-12 6.5676e-12 3.6551e-12 2.4602e-12 -9.728e-13 -3.1375e-12 4.3157e-12 2.7416e-13 -1.8077e-12 8.4628e-12 -2.025e-12 -2.5475e-12 -2.3178e-13 7.3883e-12 -6.3988e-13 6.4013e-12 5.6818e-13 5.2848e-12 -1.2781e-12 -1.4036e-12 5.8519e-13 1.4129e-12 2.3272e-11 -1.3985e-12 1.8827e-12 8.9319e-14 -3.9375e-12 -1.2027e-12 2.9321e-12 -2.7452e-12 1.2584e-12 1.28e-12 -4.0696e-12 8.4721e-13 -3.5496e-13 2.8513e-12 5.6749e-12 -3.9084e-12 4.6817e-12 -4.2388e-12 -2.0424e-12 -2.1428e-12 1.8702e-12 7.1921e-14 2.6888e-12 2.6543e-12 5.5628e-13 -1.7431e-12 -4.1834e-12 2.7513e-12 1.24e-12 -7.7961e-13 1.296e-12 -1.3818e-12 4.5991e-13 1.4294e-12 -1.8785e-12 9.5692e-13 5.9961e-13 -3.5481e-12 -1.5958e-12 -1.151e-12 2.5111e-12 -9.2939e-13 -1.4512e-12 8.5749e-13 -2.0379e-12 1.9542e-13 -4.8034e-15 -1.7791e-12 1.1892e-12 4.2062e-13 -1.757e-12 2.4278e-13 4.2598e-13 2.5082e-13 1.1226e-12 3.0884e-13 2.9463e-13 -8.2592e-13 -5.721e-14 1.744e-13 1.2847e-13 2.7768e-14 3.0061e-14 -1.7277e-14
-1.9928e-12 -5.507e-12 1.9135e-13 3.18e-12 2.4753e-12 5.1057e-12 -2.5262e-12 1.9641e-12 -3.9359e-12 2.4017e-12 4.1185e-12 1.6862e-12 4.2232e-12 4.4824e-12 2.8759e-12 2.2596e-12 3.5307e-12 4.4276e-13 2.8015e-12 -2.2843e-12 -9.4502e-14 4.8959e-12 1.8043e-12 -2.0167e-12 -5.0502e-13 -2.0534e-12 -9.9297e-13 -3.4217e-12 -1.3985e-12 1.91e-11 1.9712e-12 -2.964e-13 1.6276e-13 2.8742e-12 -7.7446e-13 -2.1656e-12 1.6552e-12 1.0989e-12 1.0376e-12 -2.418e-12 1.162e-12 -2.6665e-12 -2.6105e-12 -3.345e-12 3.8698e-13 4.0895e-12 5.0681e-12 1.5779e-12 9.8554e-13 8.8489e-13 1.1876e-12 -3.2073e-13 1.8019e-12 5.2373e-12 2.116e-12 1.4086e-14 -4.8442e-12 1.1636e-12 2.9221e-13 1.8074e-12 -7.5028e-13 2.2136e-12 -4.8559e-13 6.8621e-13 -4.956e-13 2.0641e-12 5.8495e-13 4.0047e-13 -9.2732e-13 -1.5794e-12 1.1449e-12 -1.7069e-12 -6.1904e-13 2.1139e-13 3.4061e-12 6.2193e-13 7.2631e-13 3.5668e-13 -4.6064e-13 -5.9515e-14 -2.8819e-13 1.7596e-13 -9.3681e-13 -1.1468e-13 1.6159e-13 1.5643e-13 -3.6692e-13 1.1797e-13 -3.4896e-14 -7.2552e-15 2.1914e-14 -2.615e-15
-3.5962e-12 -6.7109e-12 -1.4638e-12 -5.3963e-12 -2.7813e-12 -5.1569e-12 -3.7916e-12 -6.4219e-13 -3.6827e-12 -1.4504e-12 -3.1776e-12 1.7673e-12 -3.8063e-12 1.5596e-12 3.2733e-12 -4.3362e-13 -2.4004e-12 -4.866e-14 9.9967e-14 -1.2032e-13 4.0144e-15 1.5644e-12 -7.5154e-13 1.203e-12 3.4443e-13 5.8713e-13 -2.5266e-12 2.4443e-12 1.8827e-12 1.9712e-12 8.9881e-12 -2.6897e-13 -1.0483e-12 3.1554e-12 1.8546e-12 3.3238e-12 2.4172e-12 -1.454e-12 -2.906e-13 2.1115e-12 1.0702e-12 -3.2716e-12 1.4866e-12 6.0587e-13 -2.1894e-14 3.373e-13 4.7e-13 4.9935e-13 1.2541e-12 2.4331e-12 6.7902e-13 1.127e-12 8.6751e-13 2.1135e-12 8.3312e-13 -5.528e-13 -7.3577e-13 2.2702e-13 -1.3212e-12 8.9396e-13 -2.903e-13 -6.1122e-13 -1.2701e-12 -4.8178e-13 -6.3682e-14 1.5252e-12 8.9559e-13 -4.712e-13 9.3534e-13 7.701e-13 1.0466e-13 4.4227e-13 -7.8799e-13 1.8842e-13 1.3786e-12 -8.8505e-13 5.056e-14 8.5788e-13 1.1343e-12 2.3271e-13 2.4763e-13 8.2406e-14 4.4179e-14 1.8521e-13 -6.2824e-13 1.0887e-13 -5.5421e-14 -4.0197e-14 3.9026e-14 -5.0795e-14 -2.8734e-14 -1.9302e-14
-7.3871e-12 -4.5948e-12 -5.1118e-12 -2.6195e-12 -5.2673e-12 1.1108e-12 -1.2265e-12 4.5893e-13 -3.6279e-12 1.4115e-12 -6.1545e-14 -4.7418e-12 -2.2054e-12 2.3518e-12 -2.7502e-13 5.7727e-12 -1.3004e-12 -2.7015e-12 1.7303e-12 -1.6866e-12 3.9436e-13 -1.1411e-12 1.2004e-14 1.7839e-13 -1.0424e-11 2.8899e-12 3.554e-12 5.3443e-13 8.9319e-14 -2.964e-13 -2.6897e-13 2.2302e-11 -4.7409e-12 8.1117e-13 -3.3992e-12 3.8868e-12 3.5778e-13 -1.2932e-12 -3.3127e-12 2.4465e-12 -7.5496e-12 -2.9988e-12 -6.6014e-13 4.3436e-12 -8.6677e-13 2.455e-12 6.3333e-14 2.226e-12 -1.0699e-12 5.544e-12 4.3409e-12 1.7339e-13 4.1494e-12 6.2086e-13 2.1463e-12 4.0017e-12 -3.8376e-13 5.3489e-12 3.7609e-13 7.1972e-13 -1.6731e-12 6.5008e-13 3.4922e-12 -2.5141e-12 -8.0585e-13 1.8935e-12 -1.8068e-12 3.4433e-13 1.9957e-12 -2.0123e-12 2.7513e-12 -5.3743e-13 4.6916e-13 -2.5799e-13 1.0721e-12 1.1284e-12 1.3677e-12 1.09e-12 -5.5488e-13 3.0179e-13 -7.9729e-13 -1.3266e-13 -5.9509e-14 -3.0502e-13 -4.3465e-14 -6.1922e-13 -1.3608e-13 8.8144e-14 -1.9064e-14 1.0082e-13 -9.2014e-14 7.3262e-15
-1.6338e-11 -1.2059e-11 -6.706e-12 -1.002e-11 -5.4806e-12 -6.6074e-12 -6.394e-12 -5.5533e-12 -5.7159e-12 -8.3311e-12 -3.5319e-12 -4.4571e-12 -9.2175e-12 -7.6319e-12 -6.3265e-12 -7.1138e-12 -1.1365e-12 3.1663e-12 2.2984e-12 2.2378e-13 -1.3426e-13 6.4738e-13 4.6081e-12 -4.043e-13 6.507e-13 2.0968e-12 7.3988e-13 5.9352e-12 -3.9375e-12 1.6276e-13 -1.0483e-12 -4.7409e-12 2.0019e-11 7.5202e-12 4.3013e-12 4.3775e-12 -8.3407e-13 1.3882e-12 6.7445e-12 -9.4823e-13 5.0858e-12 8.1943e-13 -1.9324e-12 -1.0938e-12 1.4217e-12 -4.0067e-12 2.7486e-12 1.0837e-13 2.2124e-12 4.3466e-13 -2.4551e-12 2.9189e-13 2.0681e-12 1.1595e-12 -9.4089e-13 1.6312e-12 -1.3846e-12 1.295e-12 2.1855e-12 1.9408e-12 -6.5456e-13 -2.2135e-12 -8.1063e-14 1.5063e-12 2.6318e-12 3.8936e-14 1.5729e-12 1.8548e-12 -1.4512e-12 1.4905e-12 -1.1345e-12 5.8538e-13 3.1648e-12 1.0254e-12 -4.0626e-13 1.5442e-12 -4.0383e-13 -8.9658e-13 4.6555e-13 -1.0598e-12 -1.4282e-13 -8.2342e-14 -2.5589e-13 -3.3237e-13 1.7217e-13 -3.3065e-13 -2.6739e-13 -9.5343e-14 -1.3276e-13 5.1431e-14 1.1101e-13 2.0817e-14
-1.9226e-11 -2.2412e-11 -5.6954e-12 -1.9681e-11 -8.6128e-12 -1.1472e-11 -1.4726e-11 -7.6054e-12 -8.4286e-12 -8.0239e-12 -7.7779e-12 1.0559e-12 -1.4813e-11 -7.8509e-12 5.1969e-13 -4.0483e-12 -3.952e-12 1.2559e-12 2.7237e-12 -1.0895e-12 2.0492e-12 3.7547e-12 4.8924e-13 -6.1339e-12 -3.1108e-12 3.9468e-12 4.2738e-12 2.4652e-12 -1.2027e-12 2.8742e-12 3.1554e-12 8.1117e-13 7.5202e-12 2.1736e-11 4.4219e-12 6.4018e-12 4.9529e-12 2.4081e-13 6.6409e-13 2.5253e-12 8.7527e-12 -1.7072e-12 2.1104e-12 2.3226e-12 -1.3989e-12 1.3686e-12 5.029e-12 -1.8152e-12 2.4263e-13 2.4494e-12 5.357e-13 -1.1878e-12 1.4023e-12 1.1736e-12 3.3719e-12 6.4667e-12 -2.9288e-13 4.0671e-13 -2.0797e-12 -1.6838e-12 6.7802e-13 5.7422e-13 -2.2837e-12 6.0916e-13 8.2877e-13 6.5884e-13 -8.627e-13 7.0852e-13 -1.7899e-12 1.5196e-12 -8.954e-13 -2.8775e-13 1.3713e-12 1.2462e-12 3.1975e-13 5.4479e-13 -6.5715e-13 -2.0604e-13 1.2368e-12 -5.6278e-13 -2.88e-13 -3.7773e-14 2.877e-13 -3.5231e-13 -3.2839e-13 -1.3941e-13 -5.9442e-13 2.398e-15 -1.3987e-13 -6.5596e-14 7.213e-14 -4.3012e-14
-2.2955e-11 -1.5127e-11 -5.7389e-12 -1.6343e-11 -6.3855e-12 -1.3202e-11 -9.9992e-12 -5.7841e-12 -3.3753e-12 -1.6555e-12 -1.0195e-11 -3.676e-12 -6.5011e-12 -9.535e-12 -6.288e-13 -1.4277e-12 -1.3172e-13 -1.1858e-13 -4.0714e-12 -2.7663e-12 -1.0247e-12 2.3597e-12 1.7121e-12 3.0396e-12 9.9742e-13 4.0694e-12 -2.1306e-13 2.4814e-12 2.9321e-12 -7.7446e-13 1.8546e-12 -3.3992e-12 4.3013e-12 4.4219e-12 1.6753e-11 5.0035e-12 1.4612e-12 -6.3604e-13 -2.8804e-12 -9.6642e-13 5.3118e-12 1.3174e-12 4.1866e-12 4.3847e-12 1.4168e-12 -1.4605e-13 -9.9619e-13 1.0852e-12 2.75e-12 3.1068e-12 1.674e-12 5.925e-12 2.66e-14 5.8879e-13 -2.4233e-12 1.9524e-12 2.0583e-12 -2.6414e-12 -6.3795e-13 -5.4457e-13 2.5239e-13 -8.5235e-13 7.6462e-13 9.7701e-14 -3.6971e-13 3.3473e-13 4.9214e-13 7.7783e-13 8.0272e-13 -5.765e-13 -1.214e-12 8.5736e-13 -7.167e-13 9.6179e-13 4.1613e-13 1.7516e-13 8.6587e-13 -4.4913e-13 9.3022e-13 -2.8319e-14 -1.1053e-13 -8.1356e-14 3.9151e-13 4.9182e-13 -2.0362e-13 -1.4139e-13 6.1112e-14 -1.792e-13 -1.5353e-13 -6.4454e-14 8.3249e-14 2.5668e-14
-1.6593e-11 -1.6649e-11 -1.083e-11 -1.7933e-11 -9.2042e-12 -1.1574e-11 -3.1753e-12 -3.8538e-12 -3.9552e-12 -7.7333e-12 -6.6995e-12 5.344e-13 -1.1322e-11 4.2846e-14 -3.0232e-12 -1.6131e-12 -1.5291e-12 9.0257e-13 4.4382e-13 -1.5854e-12 -4.5174e-12 -7.7346e-13 1.2365e-12 9.6346e-15 -2.9147e-12 6.3506e-12 3.2551e-12 3.2003e-12 -2.7452e-12 -2.1656e-12 3.3238e-12 3.8868e-12 4.3775e-12 6.4018e-12 5.0035e-12 1.8774e-11 3.9802e-12 1.0647e-12 -5.5274e-13 3.0005e-12 3.1842e-12 -1.2242e-12 4.9869e-13 5.358e-12 -8.6437e-13 3.4118e-12 3.3469e-12 1.608e-12 5.113e-12 2.6798e-12 2.8679e-12 3.2282e-12 8.2464e-13 2.9872e-12 -1.641e-12 2.548e-12 3.2768e-12 3.5275e-12 2.9373e-13 2.4148e-12 3.4147e-14 -1.1281e-12 1.4852e-13 -2.8076e-13 2.234e-12 1.3888e-12 -2.9392e-13 4.3127e-13 -1.0573e-12 4.335e-13 1.3325e-12 4.5363e-13 8.9004e-13 1.5314e-12 -1.47e-13 -2.7407e-13 3.7792e-13 -2.0754e-13 1.9694e-12 1.5926e-13 -7.0485e-13 -1.7168e-13 -1.0625e-13 1.2941e-13 -3.2522e-13 -3.0198e-13 2.2717e-13 -1.2889e-13 -1.3616e-13 7.8244e-15 -1.8823e-14 -6.6818e-15
-7.2688e-12 -8.9196e-12 -5.7336e-12 -6.6037e-12 -3.2901e-12 -6.3974e-12 -5.9834e-12 1.7005e-13 -1.6613e-12 -2.7911e-12 -5.8089e-12 2.2178e-13 -6.1627e-12 -4.8027e-13 -9.4225e-14 -5.059e-13 -1.7058e-12 9.2231e-14 -8.214e-13 1.8736e-12 1.5331e-12 3.2439e-12 -1.4201e-12 -1.1578e-12 9.5462e-13 -1.8198e-12 2.4018e-13 -1.9445e-12 1.2584e-12 1.6552e-12 2.4172e-12 3.5778e-13 -8.3407e-13 4.9529e-12 1.4612e-12 3.9802e-12 1.0908e-11 1.0914e-12 5.0775e-13 1.4328e-12 1.2059e-12 1.0012e-12 4.813e-13 2.4606e-12 4.5662e-12 -1.0723e-12 2.37e-12 -8.3078e-13 2.024e-12 -3.6313e-13 2.815e-12 3.753e-12 1.142e-12 4.111e-12 1.3176e-12 2.5399e-12 6.2601e-13 6.0322e-13 -1.8333e-12 1.177e-13 -1.0349e-12 1.5443e-12 -2.8398e-13 -6.4579e-13 1.2252e-12 1.4748e-13 4.1443e-13 -1.1071e-12 -4.7755e-13 4.1307e-13 -7.6947e-13 9.597e-14 -4.3363e-13 -1.1514e-12 5.2045e-13 -2.5105e-13 -1.602e-13 -1.5444e-12 1.1926e-12 -1.664e-13 -2.496e-13 -3.2976e-13 4.0518e-13 2.634e-13 -5.4572e-13 2.1175e-13 -4.5749e-15 6.5661e-14 -8.6461e-15 2.2355e-14 2.7656e-14 -2.2616e-14
-1.7166e-13 -1.8742e-12 -3.1528e-12 2.0322e-12 -4.0445e-12 1.2355e-12 -9.3606e-13 5.6454e-13 7.8693e-13 -5.0069e-12 -6.8826e-14 -3.5132e-12 4.3508e-12 1.8209e-12 -1.2566e-12 2.0216e-13 -2.0193e-13 3.5495e-12 2.2133e-12 3.0177e-12 -1.3188e-12 1.1958e-12 -4.2525e-12 2.253e-12 1.8344e-13 -2.2016e-12 1.0934e-12 3.1993e-14 1.28e-12 1.0989e-12 -1.454e-12 -1.2932e-12 1.3882e-12 2.4081e-13 -6.3604e-13 1.0647e-12 1.0914e-12 1.0437e-11 1.4689e-12 -3.5247e-12 3.4523e-12 -4.2993e-13 -1.2142e-12 -4.5394e-13 3.0902e-12 -1.2139e-12 2.604e-12 -1.5843e-13 1.8147e-12 2.4173e-13 3.5461e-13 -3.8227e-13 4.3702e-13 -6.1816e-14 9.3705e-13 4.186e-15 -1.0791e-12 6.0393e-13 2.4633e-12 9.8788e-13 -1.1763e-12 2.0467e-12 -3.3244e-13 2.1045e-12 -4.8738e-13 -1.9299e-12 1.3891e-12 7.2815e-13 -1.5284e-12 -1.9243e-13 1.6052e-13 8.3466e-14 8.458e-13 4.5588e-13 -1.2588e-13 -7.1581e-13 -3.6489e-13 -8.0426e-13 -3.8436e-13 -3.1017e-13 -3.5102e-13 8.1011e-13 2.8021e-13 4.6018e-13 2.0735e-13 1.4357e-13 -1.7207e-13 -7.2295e-15 -1.2714e-14 2.9619e-14 4.5605e-14 2.8416e-14
