4.0439e-11 3.6632e-11 3.091e-11 3.3156e-11 3.0491e-11 3.0453e-11 3.9565e-11 3.5855e-11 3.8501e-11 2.9764e-11 3.4638e-11 3.2767e-11 3.3117e-11 3.5692e-11 3.6794e-11 3.2138e-11 3.3806e-11 3.9036e-11 3.4145e-11 3.6587e-11 3.2858e-11 3.7141e-11 4.3722e-11 3.3837e-11 3.984e-11 3.3905e-11 3.306e-11 3.0856e-11 3.5915e-11 4.0995e-11 3.4861e-11 3.3676e-11 3.6485e-11 4.5872e-11 3.5127e-11 3.0106e-11 3.894e-11 3.0184e-11 3.5321e-11 3.1811e-11 3.1983e-11 2.8024e-11 2.6177e-11 1.9714e-11 1.6823e-11 2.7621e-11 2.3597e-11 1.9048e-11 1.9697e-11 2.742e-11 1.6544e-11 1.2286e-11 1.8973e-11 2.3287e-11 1.717e-11 1.0802e-11 1.7896e-11 1.3212e-11 2.2167e-11 1.3401e-11 2.1578e-11 1.064e-11 1.0272e-11 1.1133e-11 9.8609e-12 1.0588e-11 1.1994e-11 4.0083e-12 9.959e-12 5.7882e-12 1.983e-12 5.5001e-12 7.8868e-12 7.0983e-12 1.0496e-11 9.9159e-12 6.2422e-12 2.2879e-12 4.3581e-12 7.4697e-12 4.8227e-12 6.38e-12 5.8389e-12 4.0071e-12 5.9603e-12 -1.0498e-12 3.7315e-12 4.0506e-12 4.9156e-13 -4.9967e-13 -2.0001e-12 4.1488e-12 3.6865e-12 4.6763e-12 -1.0829e-12 2.7637e-12 3.3897e-12 -4.0933e-13 -5.0545e-13 2.1102e-12 2.1272e-12 3.108e-12 2.2885e-12 3.7206e-12 4.2743e-13 8.6687e-12 1.5255e-12 3.3216e-12 5.2092e-12 2.2731e-12 3.3422e-12 2.9922e-12 -1.7655e-12 2.9758e-12 2.2997e-12 -8.1516e-13 -1.2285e-12 3.0572e-12 -2.675e-12 2.3049e-12 4.3858e-13 1.7549e-13 -6.2905e-13 -2.538e-12 1.9494e-12 3.5688e-13 1.5964e-12 -2.863e-12 2.0866e-12 -9.8791e-13 8.2273e-13 -1.5e-12 2.1748e-13 2.3868e-12 -5.2533e-13 4.4582e-12 2.5617e-13 -4.0011e-13 -7.4335e-13 1.5127e-12 1.3827e-12 -1.9565e-12 2.1379e-12 -1.3456e-13 -2.836e-12 1.6463e-12 1.251e-12 2.8162e-12 -2.1241e-14 -1.5241e-12 -2.0619e-12 -8.6406e-13 3.7442e-13 3.9865e-13 -2.4378e-12 -7.9074e-13 1.4549e-13 -9.5075e-13 -2.935e-13 1.0378e-12 1.984e-12 1.1732e-12 1.6894e-12 -5.5091e-14 2.635e-13 9.9384e-14 -8.5251e-13 6.1219e-13 -6.0102e-13 4.8598e-13 1.9528e-13 2.9247e-14 6.7129e-14
3.6632e-11 4.1018e-11 3.0339e-11 3.0247e-11 3.0897e-11 2.9941e-11 4.0203e-11 3.4962e-11 3.8194e-11 2.7139e-11 3.3779e-11 3.4342e-11 3.4907e-11 3.4918e-11 3.5422e-11 3.1376e-11 3.3079e-11 3.7628e-11 3.2047e-11 3.3962e-11 3.1169e-11 3.6568e-11 4.3624e-11 3.4823e-11 3.7367e-11 3.4276e-11 3.3004e-11 2.912e-11 3.5835e-11 4.2369e-11 3.3639e-11 2.9623e-11 3.8065e-11 4.4773e-11 3.517e-11 2.8857e-11 3.6514e-11 2.9196e-11 3.3825e-11 3.0865e-11 3.0024e-11 2.7002e-11 2.4568e-11 2.1899e-11 1.5417e-11 2.6893e-11 2.2757e-11 1.8148e-11 2.0316e-11 2.613e-11 1.8883e-11 1.3433e-11 1.846e-11 2.3759e-11 1.4194e-11 1.2501e-11 1.8624e-11 1.3099e-11 2.0029e-11 1.2946e-11 1.8266e-11 8.9733e-12 7.5629e-12 8.5946e-12 9.7457e-12 8.6015e-12 1.2647e-11 3.0873e-12 8.1515e-12 5.3489e-12 1.8543e-12 4.6813e-12 9.5826e-12 5.9367e-12 1.1305e-11 9.4893e-12 4.6296e-12 2.8534e-12 1.8448e-12 4.6335e-12 4.6238e-12 7.0409e-12 7.797e-12 5.0755e-12 4.9532e-12 -1.415e-12 2.3326e-12 3.6876e-12 6.3254e-13 4.3947e-13 -1.4637e-12 5.2722e-12 1.0517e-12 4.882e-12 -2.4593e-12 1.9404e-12 2.8706e-12 1.3837e-14 1.6232e-12 3.2895e-12 2.6968e-12 3.4683e-12 2.9464e-12 1.3239e-12 1.2166e-12 6.7588e-12 3.0292e-12 3.1309e-12 3.6098e-12 2.2086e-12 3.2752e-12 2.8733e-12 -2.3597e-12 2.2653e-12 1.616e-12 -1.3927e-13 1.2027e-12 4.3822e-12 -1.0962e-12 3.573e-12 1.3505e-14 -4.5748e-13 9.1265e-13 -2.3735e-12 1.0276e-12 -6.2749e-13 -2.8715e-14 -2.7311e-12 -9.6346e-16 1.7608e-15 1.3372e-12 -6.0612e-13 1.2705e-13 5.6185e-13 3.5866e-13 4.2553e-12 3.1539e-13 -9.0136e-13 -1.0036e-13 2.3882e-12 9.9441e-13 -1.4532e-12 2.6173e-12 -3.4569e-13 -2.6441e-12 9.8418e-13 1.4397e-12 1.1296e-12 -3.0467e-13 -1.7502e-12 -1.9895e-12 -2.5204e-13 5.7922e-13 -7.9254e-14 -2.2595e-12 -1.1534e-12 1.2791e-12 -1.3486e-12 4.9203e-13 1.3158e-12 1.5907e-12 1.2735e-12 1.6181e-12 -7.704e-14 1.5314e-13 -2.5936e-13 -4.6595e-13 4.5185e-13 -8.3047e-13 4.4908e-13 3.9628e-13 2.1461e-13 9.2358e-14
3.091e-11 3.0339e-11 3.4493e-11 3.0279e-11 2.9158e-11 2.8034e-11 3.4941e-11 3.0917e-11 3.2921e-11 2.6029e-11 3.1241e-11 3.0429e-11 3.1454e-11 3.3328e-11 3.1483e-11 2.8971e-11 3.189e-11 3.5054e-11 2.835e-11 2.8918e-11 2.7047e-11 3.2383e-11 3.6211e-11 2.995e-11 3.3231e-11 2.9661e-11 2.8136e-11 2.6796e-11 3.1616e-11 3.6001e-11 3.1145e-11 2.7624e-11 3.3938e-11 3.959e-11 3.4339e-11 2.702e-11 3.405e-11 2.8143e-11 3.117e-11 2.866e-11 2.8902e-11 2.4048e-11 2.2451e-11 1.7973e-11 1.5231e-11 2.4612e-11 1.7328e-11 1.7668e-11 1.6968e-11 2.0487e-11 1.4904e-11 1.4869e-11 1.6534e-11 1.8874e-11 1.7495e-11 1.1816e-11 1.6658e-11 1.211e-11 1.7039e-11 9.4914e-12 1.7778e-11 9.5512e-12 5.597e-12 1.0562e-11 7.132e-12 6.7241e-12 8.3403e-12 3.5681e-12 8.2527e-12 4.6931e-12 2.4031e-12 4.5956e-12 6.8067e-12 4.8855e-12 1.0296e-11 6.7603e-12 4.7339e-12 4.6978e-12 7.6254e-12 5.0283e-12 1.6915e-12 4.1247e-12 3.0222e-12 4.3877e-12 5.15e-12 1.404e-12 5.8548e-13 3.225e-12 -1.0308e-13 2.4272e-12 -1.4728e-12 4.4124e-12 1.1744e-12 4.2652e-12 -2.3459e-12 2.973e-12 3.2997e-12 2.3014e-12 4.2869e-13 5.0628e-12 -2.9075e-14 1.9896e-12 1.448e-12 4.793e-12 2.0119e-12 4.9867e-12 2.9301e-12 1.2113e-12 3.7809e-12 9.3056e-13 3.1716e-12 4.5272e-13 -1.5825e-12 3.1522e-12 1.4239e-12 -1.0036e-12 1.8028e-12 3.8514e-12 -1.3408e-12 2.1082e-12 6.3435e-13 1.0147e-12 7.8009e-13 -8.4472e-13 2.1172e-13 1.4702e-13 8.2731e-13 -1.8152e-12 2.2534e-12 -2.5435e-13 5.789e-13 -2.9979e-13 1.2125e-12 5.1484e-13 3.9501e-13 2.4028e-12 -8.8976e-13 3.4903e-13 -1.2361e-12 2.4566e-12 2.1146e-12 1.4352e-13 8.4426e-13 1.1903e-12 -2.2041e-12 4.367e-13 1.4077e-12 2.1848e-12 -9.0153e-13 -5.3265e-13 -1.1065e-12 -9.0383e-14 2.4563e-13 5.1014e-13 -7.4851e-13 2.7923e-13 5.5112e-13 -4.7878e-13 4.8527e-13 6.143e-13 4.1621e-13 1.2042e-12 1.3165e-12 -3.7438e-13 7.5374e-14 1.4724e-13 -4.1639e-13 5.7448e-13 -8.0395e-13 4.88e-13 2.8151e-13 -7.7496e-14 -1.4931e-13
3.3156e-11 3.0247e-11 3.0279e-11 3.5784e-11 2.8263e-11 2.8812e-11 3.5886e-11 3.3119e-11 3.51e-11 2.6508e-11 3.3593e-11 3.058e-11 3.105e-11 3.3701e-11 3.2417e-11 2.8361e-11 2.9605e-11 3.5514e-11 2.9215e-11 3.2828e-11 2.9683e-11 3.2292e-11 3.9104e-11 3.0611e-11 3.8694e-11 3.1828e-11 2.9489e-11 3.132e-11 3.278e-11 3.643e-11 3.4254e-11 2.9341e-11 3.4986e-11 3.9232e-11 3.6116e-11 2.6344e-11 3.6743e-11 2.7459e-11 3.2331e-11 2.9046e-11 2.8457e-11 2.4778e-11 2.2597e-11 1.6176e-11 1.5684e-11 2.3969e-11 2.0782e-11 1.6854e-11 1.8103e-11 2.0321e-11 1.4422e-11 1.256e-11 1.7702e-11 2.1913e-11 1.7226e-11 1.0096e-11 1.5917e-11 1.0297e-11 1.8611e-11 1.0601e-11 1.7637e-11 1.0995e-11 7.2307e-12 1.0477e-11 8.9172e-12 7.5587e-12 9.0027e-12 6.7068e-13 8.037e-12 5.4373e-12 3.9944e-12 6.5964e-12 1.0142e-11 6.19e-12 8.2936e-12 9.8198e-12 5.4787e-12 2.3241e-12 5.9037e-12 6.7532e-12 3.8486e-12 4.3551e-12 4.4218e-12 5.415e-12 5.9836e-12 -1.067e-12 2.511e-12 6.1812e-12 1.1575e-12 1.8105e-13 -1.3977e-12 5.1123e-12 4.9477e-13 4.5948e-12 -1.276e-12 3.4193e-12 4.8325e-12 1.4109e-12 3.4014e-13 4.4647e-12 2.2364e-12 1.9385e-12 1.1598e-12 4.5807e-12 3.8172e-13 4.5264e-12 1.9549e-12 8.8166e-13 4.8749e-12 2.2913e-13 3.2298e-12 5.5971e-13 -1.6687e-13 2.9399e-12 2.2774e-12 -1.7559e-12 1.451e-12 2.9471e-12 -7.0975e-14 1.369e-13 1.6422e-12 1.6502e-12 -1.2883e-12 -5.7727e-13 1.1333e-12 -2.7848e-13 2.5535e-13 -2.2027e-12 1.3e-12 1.2925e-12 9.7754e-13 2.2422e-13 8.3634e-13 2.7648e-12 -1.2061e-12 2.7607e-12 3.6935e-14 -3.2969e-13 -1.3365e-12 1.8735e-12 2.2828e-12 -1.3097e-12 5.0234e-13 1.24e-12 -2.5913e-12 6.1267e-13 2.6067e-12 2.384e-12 -7.7574e-13 -1.4148e-12 -1.1913e-12 -6.064e-13 3.3339e-14 5.0065e-13 -8.3818e-13 -1.3035e-12 7.2184e-13 -3.6792e-13 -5.179e-13 3.8446e-13 7.3911e-13 6.9884e-13 2.2921e-12 -4.7674e-13 4.2526e-13 8.5383e-14 -2.4664e-13 8.3978e-13 -4.2517e-13 3.9127e-13 1.4482e-13 -1.4182e-13 -1.3309e-13
3.0491e-11 3.0897e-11 2.9158e-11 2.8263e-11 3.2581e-11 2.8025e-11 3.4331e-11 3.0467e-11 3.2391e-11 2.5596e-11 3.1672e-11 2.8903e-11 2.8737e-11 3.1164e-11 3.1047e-11 2.7169e-11 3.1159e-11 3.3755e-11 2.5742e-11 2.9764e-11 2.7412e-11 3.1566e-11 3.5402e-11 3.0478e-11 3.4868e-11 2.7673e-11 2.7053e-11 2.6591e-11 2.9586e-11 3.6378e-11 2.9157e-11 2.7565e-11 3.4087e-11 3.8297e-11 3.0725e-11 2.5904e-11 2.9432e-11 2.7781e-11 3.0607e-11 2.8584e-11 2.5392e-11 2.4207e-11 2.2156e-11 1.8345e-11 1.3724e-11 2.435e-11 1.8679e-11 1.6768e-11 1.5075e-11 2.2589e-11 1.399e-11 1.4017e-11 1.4255e-11 1.8849e-11 1.6909e-11 1.2339e-11 1.7799e-11 9.7607e-12 1.7661e-11 1.2478e-11 1.68e-11 8.4362e-12 6.3155e-12 1.0713e-11 7.7261e-12 6.5187e-12 9.4898e-12 1.2541e-12 6.8849e-12 5.6984e-12 2.2911e-12 2.1505e-12 4.9879e-12 5.1067e-12 1.0994e-11 7.6928e-12 4.9639e-12 3.8649e-12 5.7693e-12 4.9425e-12 1.2071e-12 5.2931e-12 5.2006e-12 4.7579e-12 3.6743e-12 -2.6365e-12 9.5484e-13 2.8612e-12 1.8707e-12 -4.8031e-13 -2.1304e-12 3.3009e-12 1.5803e-12 3.4987e-12 -1.634e-12 2.9422e-12 2.0776e-12 -5.6413e-13 1.0735e-12 2.5258e-12 3.0908e-12 3.9221e-12 2.7163e-12 3.6556e-12 1.5782e-12 7.7838e-12 1.8622e-12 1.8799e-12 6.2217e-12 1.6306e-12 4.56e-12 1.1534e-12 -1.1816e-12 2.2742e-12 1.7334e-12 -9.8605e-14 6.6038e-13 2.8585e-12 -9.7274e-13 2.3485e-12 -9.6504e-13 9.8863e-13 -2.5986e-13 -1.3132e-12 -3.6633e-14 -1.7064e-13 1.2571e-12 -1.7701e-12 3.8813e-13 -6.1528e-13 -7.8675e-14 3.2489e-13 6.7009e-13 1.1945e-12 -6.2009e-13 3.231e-12 -4.3505e-13 1.3106e-12 1.4594e-14 1.75e-12 2.4617e-12 -5.7645e-13 9.6417e-13 8.4346e-13 -1.8311e-12 -8.3034e-13 2.0253e-12 2.1216e-12 -4.4434e-13 5.0615e-14 -7.6191e-13 -7.3431e-13 4.1749e-13 2.1114e-13 -1.7114e-12 -6.9526e-13 2.3109e-13 -7.0848e-13 1.2664e-13 6.2208e-13 3.8289e-13 8.7967e-13 1.2186e-12 -3.3678e-13 2.4363e-13 1.5558e-13 -5.0451e-13 6.024e-13 -7.1252e-13 3.8823e-13 2.8479e-13 -6.1475e-14 1.9335e-13
3.0453e-11 2.9941e-11 2.8034e-11 2.8812e-11 2.8025e-11 3.3474e-11 3.2834e-11 3.1376e-11 3.3069e-11 2.6487e-11 3.0826e-11 3.1308e-11 2.8494e-11 3.28e-11 2.9593e-11 2.9364e-11 3.1749e-11 3.5631e-11 2.8817e-11 3.0929e-11 2.705e-11 3.1658e-11 3.5437e-11 2.8726e-11 3.4881e-11 2.9769e-11 2.808e-11 3.0431e-11 3.042e-11 3.2702e-11 3.0038e-11 2.9138e-11 3.3362e-11 3.9274e-11 3.4698e-11 2.5836e-11 3.6381e-11 2.8749e-11 2.7949e-11 3.0236e-11 2.9448e-11 2.4124e-11 2.2616e-11 1.6898e-11 1.4181e-11 2.4925e-11 1.9701e-11 1.923e-11 1.5544e-11 2.1919e-11 1.5526e-11 1.4193e-11 1.7226e-11 2.101e-11 1.5592e-11 1.0184e-11 1.3816e-11 1.2038e-11 1.8325e-11 1.2526e-11 1.7191e-11 8.8265e-12 7.2645e-12 8.2826e-12 7.7572e-12 9.0992e-12 1.0163e-11 2.4782e-12 8.0065e-12 5.8633e-12 2.255e-12 3.6688e-12 9.7517e-12 5.8272e-12 1.0656e-11 9.0646e-12 3.8364e-12 4.2832e-12 7.7265e-12 6.8765e-12 3.154e-12 5.038e-12 2.8092e-12 1.4205e-12 3.627e-12 -3.5936e-12 2.9893e-12 4.1665e-12 1.3975e-12 1.8255e-12 -3.0003e-12 3.9769e-12 1.0132e-12 2.8758e-12 -8.7232e-13 6.843e-13 2.1001e-12 1.2412e-12 9.8097e-13 2.7188e-12 1.8626e-13 4.0884e-12 1.9535e-12 4.1753e-12 1.1177e-12 8.6146e-12 3.4031e-14 1.4161e-12 4.1492e-12 1.7867e-12 3.813e-12 7.9869e-13 -9.7121e-14 1.5098e-12 3.2819e-12 -1.497e-12 1.1811e-12 3.0492e-12 -3.1094e-12 1.5547e-12 1.7084e-13 -1.7612e-13 -4.2018e-13 -9.381e-13 1.3608e-12 -5.4406e-13 1.1417e-12 -1.6336e-12 1.0165e-12 4.0008e-13 -1.4107e-13 -1.0711e-12 1.8215e-12 1.5655e-12 -1.8761e-12 3.7239e-12 -1.0911e-12 5.1016e-13 -1.4531e-12 2.2342e-12 1.6866e-12 -9.6748e-13 1.9635e-13 4.4331e-13 -2.2935e-12 4.738e-14 2.0981e-12 1.713e-12 -6.8628e-13 -1.0892e-13 -1.4877e-12 9.4419e-14 9.2711e-13 -8.7687e-13 -1.822e-12 1.3665e-13 1.5055e-12 -1.218e-12 -3.9274e-14 5.1815e-13 1.1793e-12 9.0683e-13 1.141e-12 -1.4425e-13 2.0002e-13 -4.4445e-13 2.1417e-13 4.6601e-13 -6.3235e-13 4.5778e-13 4.1218e-13 1.1125e-13 -7.0557e-14
3.9565e-11 4.0203e-11 3.4941e-11 3.5886e-11 3.4331e-11 3.2834e-11 5.1284e-11 4.0114e-11 4.1806e-11 3.0307e-11 3.634e-11 3.3088e-11 3.6028e-11 3.8525e-11 3.7908e-11 3.2481e-11 3.8853e-11 4.3724e-11 3.4776e-11 3.7144e-11 3.7035e-11 3.7428e-11 4.5778e-11 3.4647e-11 3.949e-11 3.7234e-11 3.55e-11 3.0905e-11 4.1369e-11 4.4669e-11 3.6384e-11 3.6116e-11 3.9737e-11 4.9213e-11 4.0411e-11 3.0465e-11 4.1301e-11 3.2518e-11 3.6518e-11 3.4446e-11 3.3686e-11 2.7516e-11 2.7808e-11 2.0076e-11 2.0024e-11 2.9939e-11 1.9714e-11 1.9225e-11 2.0326e-11 2.8976e-11 1.7576e-11 1.3807e-11 2.007e-11 2.4787e-11 1.9932e-11 1.3333e-11 2.0079e-11 1.5582e-11 2.2942e-11 1.3444e-11 2.0516e-11 9.6353e-12 9.8917e-12 9.4255e-12 7.9398e-12 7.975e-12 1.3165e-11 3.9342e-12 7.8444e-12 3.7742e-12 2.946e-12 7.5084e-12 8.7773e-12 8.432e-12 1.2902e-11 9.7544e-12 7.651e-12 1.3668e-12 1.5816e-12 4.4533e-12 3.1187e-12 8.0644e-12 6.2219e-12 6.4197e-12 6.7862e-12 9.4324e-13 2.5934e-12 2.9308e-12 8.9266e-13 5.5566e-13 -4.0406e-12 6.743e-12 -1.2375e-12 7.8541e-12 -2.5375e-12 4.5039e-12 1.2417e-12 -2.3533e-13 6.1612e-13 2.0144e-12 2.9967e-12 4.8669e-12 3.5039e-12 6.4594e-12 1.8051e-12 6.0782e-12 1.7648e-12 3.5213e-12 4.5861e-12 2.132e-12 3.0603e-12 1.5167e-12 -1.8672e-12 2.7079e-12 5.0431e-12 3.2534e-13 1.9968e-12 2.9486e-12 1.7586e-12 3.2631e-13 -6.9277e-13 1.8595e-12 -1.0664e-12 -1.3448e-12 7.4299e-13 1.3541e-12 1.2982e-13 -2.7695e-12 1.8061e-12 2.2204e-14 2.2678e-12 1.4873e-12 -7.8509e-13 1.2144e-12 -2.5771e-13 6.4412e-12 4.3887e-13 -4.5063e-13 3.6454e-13 2.9485e-12 1.8766e-12 -2.2367e-12 2.7604e-12 1.2816e-13 -3.2964e-12 3.7387e-13 2.712e-12 2.8526e-12 -1.0691e-12 -2.0714e-12 -1.4654e-12 -9.815e-13 -6.0979e-13 1.5066e-13 -8.2714e-13 -1.3794e-12 4.1688e-13 -6.6373e-13 2.0301e-13 1.1109e-12 1.5565e-12 1.3612e-12 1.7984e-12 -1.1116e-13 9.064e-14 1.5147e-13 -5.1878e-13 8.3649e-13 -1.3159e-12 3.4998e-13 2.2429e-13 1.1496e-13 8.9379e-14
3.5855e-11 3.4962e-11 3.0917e-11 3.3119e-11 3.0467e-11 3.1376e-11 4.0114e-11 4.1086e-11 3.8127e-11 2.7981e-11 3.6415e-11 3.3069e-11 3.1758e-11 3.5435e-11 3.5669e-11 3.0118e-11 3.4023e-11 3.8049e-11 3.185e-11 3.4336e-11 3.3508e-11 3.4877e-11 4.0955e-11 3.1028e-11 3.7465e-11 3.4452e-11 3.025e-11 2.8973e-11 3.3836e-11 4.1316e-11 3.4647e-11 3.293e-11 3.6444e-11 4.4003e-11 3.7089e-11 2.8588e-11 3.9111e-11 2.9347e-11 3.2323e-11 3.3259e-11 3.162e-11 2.6456e-11 2.448e-11 1.7724e-11 1.7049e-11 2.7004e-11 2.0552e-11 1.8994e-11 2.1431e-11 2.363e-11 1.7252e-11 1.2982e-11 1.7883e-11 2.0231e-11 1.6917e-11 1.0772e-11 1.8172e-11 1.1093e-11 2.084e-11 1.228e-11 1.9256e-11 1.104e-11 6.4532e-12 7.4439e-12 7.1773e-12 8.5251e-12 9.1418e-12 1.6016e-12 8.891e-12 5.0964e-12 2.1037e-12 6.1578e-12 9.9539e-12 7.5575e-12 1.052e-11 1.0475e-11 6.5872e-12 1.8455e-12 2.288e-12 6.2994e-12 3.7934e-12 7.1685e-12 3.763e-12 6.6463e-12 5.2791e-12 -6.9927e-13 1.684e-12 2.2297e-12 2.2964e-12 2.3047e-12 -1.0512e-12 6.0917e-12 2.5878e-12 5.8427e-12 -1.3961e-12 1.0702e-12 1.6092e-12 1.0674e-12 -6.0548e-13 2.498e-12 2.0558e-12 3.4278e-12 2.361e-12 4.0854e-12 8.9713e-13 7.1837e-12 5.1762e-13 2.9031e-12 5.2041e-12 3.1877e-12 3.107e-12 2.0548e-12 -8.1088e-13 3.9571e-12 4.4689e-12 -1.9361e-12 8.529e-13 3.5932e-12 -8.5965e-13 2.7869e-12 -9.4169e-14 3.8006e-13 2.8173e-13 -4.7413e-13 2.9425e-12 1.0795e-12 9.468e-13 -3.4663e-12 1.788e-12 1.1237e-12 2.0435e-12 -5.6002e-13 -3.1399e-13 3.0736e-12 -4.8223e-13 4.2072e-12 -4.2186e-13 -4.2878e-14 -1.3469e-12 2.9175e-12 2.1599e-12 -1.1724e-12 1.1897e-12 -1.1865e-13 -2.4419e-12 1.6541e-12 2.1934e-12 3.5974e-12 -5.8123e-13 -1.8819e-12 -1.9276e-12 -5.9485e-13 1.6662e-13 -8.4602e-13 -2.5959e-12 -7.5734e-13 3.2026e-13 -1.0241e-12 -1.7031e-13 6.6632e-13 9.69e-13 1.1811e-12 1.4682e-12 7.4008e-14 2.3051e-13 -8.17e-14 -3.4904e-13 9.43e-13 -6.5502e-13 4.3897e-13 1.3943e-13 1.3787e-13 1.9936e-14
3.8501e-11 3.8194e-11 3.2921e-11 3.51e-11 3.2391e-11 3.3069e-11 4.1806e-11 3.8127e-11 4.5622e-11 2.9151e-11 4.003e-11 3.6077e-11 3.5296e-11 3.7281e-11 3.8207e-11 3.3724e-11 3.684e-11 4.192e-11 3.3517e-11 3.846e-11 3.3098e-11 3.8685e-11 4.5693e-11 3.5947e-11 4.4581e-11 3.594e-11 3.3743e-11 3.4347e-11 3.852e-11 4.3651e-11 3.676e-11 3.2736e-11 4.0085e-11 4.8442e-11 4.0857e-11 3.239e-11 4.116e-11 3.0109e-11 3.6134e-11 3.2429e-11 2.9638e-11 2.9072e-11 2.6775e-11 2.2569e-11 1.8654e-11 2.8641e-11 2.3574e-11 2.034e-11 2.074e-11 2.793e-11 1.6939e-11 1.313e-11 1.8984e-11 2.5463e-11 1.9386e-11 1.1519e-11 1.994e-11 1.1267e-11 2.1623e-11 1.3375e-11 2.0654e-11 1.0307e-11 9.0071e-12 1.1762e-11 8.8506e-12 1.0307e-11 1.0298e-11 6.4287e-12 9.7734e-12 5.5216e-12 4.0927e-12 6.9509e-12 1.082e-11 6.7145e-12 1.1113e-11 1.0502e-11 6.762e-12 2.6515e-12 4.2959e-12 6.4627e-12 5.181e-12 5.3709e-12 7.1373e-12 3.9985e-12 6.4359e-12 -5.4587e-13 2.9133e-12 3.83e-12 2.3376e-12 5.096e-13 -3.5846e-12 4.6113e-12 3.7611e-12 4.5482e-12 -3.4967e-12 3.2978e-12 5.3217e-12 2.2556e-13 -1.1197e-12 2.2518e-12 1.4926e-12 2.8991e-12 1.077e-12 5.8682e-13 -8.9556e-13 8.4635e-12 1.7916e-12 2.6844e-12 5.3898e-12 2.4303e-12 4.1081e-12 2.9752e-12 -1.0493e-12 1.7977e-12 2.2559e-12 -8.5068e-13 9.2819e-13 5.692e-12 4.5226e-13 1.3603e-12 -1.5088e-12 -5.8632e-14 -5.449e-13 -6.4677e-13 7.1949e-13 -1.2044e-12 8.0671e-13 -3.8473e-12 3.3162e-12 1.0619e-12 1.8937e-12 -6.7513e-13 6.4363e-13 7.7026e-13 -6.5197e-14 4.232e-12 5.8671e-13 -1.3782e-13 -2.6019e-13 1.0359e-12 1.3917e-12 -2.514e-12 2.1894e-12 -2.8846e-13 -3.5505e-12 1.1693e-12 1.6402e-12 1.7005e-12 -1.7026e-12 -1.2e-12 -1.6248e-12 9.0193e-13 5.4353e-13 6.5964e-13 -2.6927e-12 -7.3631e-13 8.9446e-13 -9.3773e-13 -6.9852e-14 1.1783e-12 1.6987e-12 1.064e-12 1.788e-12 -5.6206e-13 8.137e-14 -1.5907e-13 -3.8495e-13 8.2446e-13 -8.4719e-13 5.2704e-13 4.0869e-13 1.5412e-13 -2.9338e-13
2.9764e-11 2.7139e-11 2.6029e-11 2.6508e-11 2.5596e-11 2.6487e-11 3.0307e-11 2.7981e-11 2.9151e-11 2.9605e-11 2.6312e-11 2.7208e-11 2.8587e-11 2.7298e-11 2.97e-11 2.6313e-11 2.7184e-11 3.1188e-11 2.6626e-11 2.8508e-11 2.6179e-11 2.834e-11 3.3068e-11 2.7344e-11 3.3088e-11 2.6491e-11 2.421e-11 2.5071e-11 2.6054e-11 3.2323e-11 2.8269e-11 2.6453e-11 3.2602e-11 3.6285e-11 2.8931e-11 2.2688e-11 3.2971e-11 2.7103e-11 2.7238e-11 2.7929e-11 2.6845e-11 2.4139e-11 1.9507e-11 1.6423e-11 1.6028e-11 2.3568e-11 1.9802e-11 1.6718e-11 1.564e-11 1.9605e-11 1.4394e-11 1.0847e-11 1.4162e-11 1.8973e-11 1.5104e-11 8.3461e-12 1.3927e-11 9.9845e-12 1.7168e-11 1.0075e-11 1.6425e-11 1.0368e-11 5.1504e-12 8.7749e-12 7.7138e-12 6.4621e-12 9.0043e-12 5.4362e-12 8.0646e-12 2.7506e-12 3.2488e-12 5.2381e-12 4.7847e-12 5.8392e-12 9.733e-12 8.8017e-12 4.2142e-12 4.3912e-12 5.1394e-12 5.2344e-12 2.7473e-12 4.8167e-12 4.3968e-12 2.9451e-12 3.812e-12 -1.288e-12 3.8785e-12 4.8344e-12 1.0306e-12 8.0762e-13 -4.0856e-13 4.4823e-12 3.6448e-12 4.6107e-12 -1.6006e-12 1.33e-12 2.3154e-12 1.0068e-12 1.5093e-12 2.6983e-12 4.4963e-13 3.8186e-12 1.2523e-12 3.7846e-12 -8.7735e-14 8.7016e-12 1.4321e-12 1.1206e-12 3.5939e-12 -1.9829e-13 1.4615e-12 -5.4876e-13 -1.6182e-12 2.8857e-12 2.8994e-12 -1.2895e-13 -1.5549e-13 3.6069e-13 -1.6588e-12 2.1066e-12 1.3297e-12 9.5511e-13 -5.9718e-14 -2.0175e-12 3.1811e-14 9.5415e-14 1.6711e-13 -2.2263e-12 2.2032e-12 4.4901e-13 9.8996e-13 -1.8584e-13 -1.1354e-13 1.4809e-12 -8.3145e-13 3.8274e-12 -7.1836e-13 6.9216e-13 -1.2084e-12 1.9533e-12 1.4004e-12 -1.7786e-12 1.5745e-12 -1.2977e-13 -1.3644e-12 8.2296e-13 1.2023e-12 2.3306e-12 -4.0669e-13 -4.2317e-13 -1.3511e-12 4.5915e-13 9.7614e-14 5.5427e-13 -1.6573e-12 -6.8301e-13 6.0214e-13 -5.0904e-13 2.4412e-13 1.268e-12 1.3818e-12 6.4958e-13 1.4235e-12 -3.8286e-13 4.3892e-13 -2.3834e-14 -2.6097e-13 1.3685e-13 -6.7917e-13 3.0139e-13 2.3672e-13 8.9485e-14 4.4646e-14
3.4638e-11 3.3779e-11 3.1241e-11 3.3593e-11 3.1672e-11 3.0826e-11 3.634e-11 3.6415e-11 4.003e-11 2.6312e-11 4.6208e-11 3.3458e-11 3.4064e-11 3.3372e-11 3.4307e-11 3.0995e-11 3.5414e-11 4.0844e-11 3.1289e-11 3.5215e-11 3.0035e-11 3.579e-11 4.2598e-11 3.3541e-11 4.2311e-11 3.3309e-11 3.135e-11 3.1895e-11 3.3004e-11 4.0399e-11 3.6816e-11 2.8753e-11 3.7901e-11 4.5721e-11 3.8728e-11 3.0718e-11 3.686e-11 2.9478e-11 3.2964e-11 3.3132e-11 3.0136e-11 2.3669e-11 2.4817e-11 1.9864e-11 1.7712e-11 2.8211e-11 2.4132e-11 2.13e-11 1.8594e-11 2.2084e-11 1.6355e-11 1.3088e-11 1.7286e-11 2.4124e-11 1.8768e-11 1.3069e-11 1.913e-11 9.7299e-12 1.8306e-11 7.8948e-12 1.7888e-11 8.8308e-12 9.0484e-12 1.062e-11 1.0172e-11 1.0935e-11 6.7143e-12 3.7067e-12 1.066e-11 7.6817e-12 3.9112e-12 6.282e-12 8.683e-12 7.3945e-12 8.6947e-12 9.9635e-12 8.4818e-12 2.2541e-12 5.7183e-12 6.446e-12 1.1572e-12 4.1182e-12 7.2004e-12 2.7983e-12 7.4672e-12 -1.3807e-12 3.8445e-12 7.1517e-13 3.6324e-12 9.3964e-13 -3.8681e-12 3.1867e-12 3.8331e-12 2.8829e-12 -5.2644e-12 4.0349e-12 7.1333e-12 1.8839e-13 1.317e-12 2.5291e-12 1.102e-12 4.5178e-12 8.6337e-13 -8.0622e-13 -8.1363e-13 7.059e-12 5.5134e-13 6.098e-13 7.3909e-12 -5.4645e-13 5.5358e-12 3.2458e-12 -1.2657e-12 1.1571e-12 3.4781e-12 -1.3497e-12 9.1977e-13 5.8225e-12 -1.2453e-12 3.1984e-12 -2.1464e-12 8.1602e-13 2.9403e-13 -1.9604e-12 2.8925e-12 8.2769e-14 1.2905e-12 -2.8567e-12 1.2437e-12 2.4407e-12 1.2933e-12 -5.821e-13 8.1426e-13 6.0144e-13 -1.7405e-12 3.3424e-12 -4.3366e-13 1.1122e-14 -1.7704e-12 1.012e-12 3.4314e-12 -1.8968e-12 1.4223e-12 2.0184e-12 -3.7603e-12 1.3034e-12 2.5277e-12 1.8458e-12 -8.1599e-13 -1.095e-12 -6.6445e-13 -8.2625e-14 1.5385e-12 -3.2436e-15 -1.5593e-12 -2.3808e-13 6.1273e-13 -6.6858e-13 -2.4213e-13 4.3629e-13 5.5905e-13 1.3677e-12 9.6802e-13 5.6174e-14 3.6409e-13 -4.8535e-14 -2.1605e-13 7.7519e-13 -4.8898e-13 4.4796e-13 2.6189e-13 -1.0568e-13 -2.8658e-13
3.2767e-11 3.4342e-11 3.0429e-11 3.058e-11 2.8903e-11 3.1308e-11 3.3088e-11 3.3069e-11 3.6077e-11 2.7208e-11 3.3458e-11 4.069e-11 3.3241e-11 3.5673e-11 3.4379e-11 2.9298e-11 3.1184e-11 3.6631e-11 2.7546e-11 3.3202e-11 2.7921e-11 3.4702e-11 4.1128e-11 3.3091e-11 3.7664e-11 3.1014e-11 2.9791e-11 3.2921e-11 3.1877e-11 3.7014e-11 3.3674e-11 2.881e-11 3.5623e-11 4.3726e-11 3.6848e-11 3.1199e-11 3.5289e-11 3.1018e-11 3.3678e-11 3.0409e-11 2.8834e-11 2.6685e-11 2.336e-11 2.1125e-11 1.4714e-11 2.7829e-11 2.3674e-11 1.9737e-11 1.9871e-11 2.2801e-11 1.6969e-11 1.6912e-11 1.6525e-11 2.3291e-11 1.4211e-11 1.1334e-11 1.736e-11 1.2667e-11 1.9485e-11 1.2585e-11 1.7645e-11 7.9257e-12 6.2764e-12 9.8302e-12 9.4013e-12 1.3688e-11 8.8412e-12 5.4793e-12 1.1366e-11 4.4697e-12 2.495e-12 5.1234e-12 1.0211e-11 6.5529e-12 9.4303e-12 1.0839e-11 3.0903e-12 5.1629e-12 6.0877e-12 6.4778e-12 5.1647e-12 4.6359e-12 5.397e-12 3.127e-12 3.6861e-12 -2.0453e-12 5.486e-12 3.0984e-12 1.6309e-12 -2.7107e-13 -1.1948e-12 2.739e-12 3.175e-12 2.8617e-12 -2.1361e-12 2.6575e-12 3.5169e-12 1.5049e-12 1.7959e-12 7.2109e-12 -6.6054e-13 2.4164e-12 1.9957e-12 1.565e-12 6.4411e-13 8.0222e-12 3.752e-12 2.3835e-12 4.3053e-12 8.8026e-13 3.5525e-12 1.3961e-12 -7.4409e-13 3.4464e-12 1.2912e-12 -1.0079e-12 2.8374e-12 5.1025e-12 -1.5761e-12 1.3095e-12 -5.4195e-13 -5.5292e-13 1.7591e-12 -1.1881e-12 1.5864e-13 -1.8823e-12 1.174e-12 -4.6725e-12 1.017e-12 2.7083e-12 8.2721e-13 -2.3422e-12 3.9217e-13 1.7856e-12 2.4418e-13 3.9368e-12 -1.1291e-12 1.3473e-12 -5.8771e-13 3.0614e-12 2.4701e-12 1.7038e-13 6.8578e-13 -6.267e-13 -1.6636e-12 2.0663e-12 -3.0642e-13 8.3006e-13 2.902e-13 -6.3036e-13 -1.5561e-12 3.4455e-13 1.7311e-12 5.2958e-14 -1.8849e-12 -3.4645e-13 1.1568e-12 -1.1327e-12 -1.2787e-13 1.174e-12 7.8138e-13 1.183e-12 1.1331e-12 -2.7123e-13 7.2819e-13 -6.5595e-13 -9.0583e-14 6.1627e-13 -6.5223e-13 3.5519e-13 4.6322e-13 2.2682e-13 -2.6576e-13
3.3117e-11 3.4907e-11 3.1454e-11 3.105e-11 2.8737e-11 2.8494e-11 3.6028e-11 3.1758e-11 3.5296e-11 2.8587e-11 3.4064e-11 3.3241e-11 3.8732e-11 3.4848e-11 3.2905e-11 3.0279e-11 3.1e-11 3.668e-11 3.1956e-11 3.1231e-11 2.773e-11 3.5086e-11 4.1655e-11 3.353e-11 3.6066e-11 3.1902e-11 3.1372e-11 2.9171e-11 3.0917e-11 3.9414e-11 3.1682e-11 2.8252e-11 3.7733e-11 4.1674e-11 3.4603e-11 2.5215e-11 3.654e-11 2.8291e-11 3.2064e-11 2.9712e-11 2.8857e-11 2.5005e-11 2.0944e-11 1.811e-11 1.9585e-11 2.6473e-11 2.3377e-11 1.8716e-11 1.9685e-11 2.0155e-11 1.7116e-11 1.3648e-11 1.781e-11 2.423e-11 1.3483e-11 1.1562e-11 1.8781e-11 1.0891e-11 1.8882e-11 9.2565e-12 1.5552e-11 1.1142e-11 6.4278e-12 9.4166e-12 1.0148e-11 7.9658e-12 1.1136e-11 5.0597e-12 6.9272e-12 4.4739e-12 1.832e-12 7.5095e-12 7.9969e-12 7.0209e-12 1.0236e-11 8.6758e-12 3.5249e-12 3.9487e-12 4.97e-12 3.4666e-12 1.5149e-12 5.0969e-12 5.8132e-12 5.3433e-12 5.4647e-12 8.9104e-13 1.9404e-12 3.9935e-12 4.5308e-13 1.5453e-12 -1.1244e-12 5.3189e-12 3.0254e-12 4.9227e-12 -4.3362e-12 2.9757e-12 3.816e-12 1.2013e-12 1.4341e-13 6.0935e-12 4.5089e-13 2.8436e-12 1.6384e-12 2.1763e-12 2.323e-13 5.8585e-12 4.5047e-12 8.7104e-13 3.5445e-12 -1.6111e-12 2.9457e-12 1.2566e-12 -2.7248e-12 2.5924e-12 2.4521e-12 -2.4568e-13 1.427e-12 4.1782e-12 -2.9274e-13 4.0201e-12 4.0147e-13 1.0868e-12 1.4699e-12 -1.9049e-12 -4.8367e-14 -1.2077e-12 -4.8686e-13 -1.9311e-12 -1.2432e-13 1.1074e-12 8.296e-13 2.9063e-14 3.653e-13 5.0349e-13 -4.8727e-13 2.5345e-12 -7.4907e-13 -5.328e-13 -8.1721e-13 2.5448e-12 1.9586e-12 -7.6852e-13 3.4964e-12 -2.6258e-13 -2.8742e-12 1.0513e-12 1.5929e-12 9.917e-13 -1.0471e-12 -1.5373e-12 -2.0358e-12 -6.1802e-13 8.9208e-13 1.0251e-12 -1.6435e-12 -4.861e-15 2.0964e-12 -4.2018e-13 4.8983e-13 1.0407e-12 7.8448e-13 1.0964e-12 1.5404e-12 -2.5428e-13 3.3758e-13 -2.845e-13 -3.9121e-13 4.2999e-13 -7.0861e-13 2.0515e-13 3.7968e-13 6.2536e-14 -2.6851e-13
3.5692e-11 3.4918e-11 3.3328e-11 3.3701e-11 3.1164e-11 3.28e-11 3.8525e-11 3.5435e-11 3.7281e-11 2.7298e-11 3.3372e-11 3.5673e-11 3.4848e-11 4.5792e-11 3.457e-11 3.2058e-11 3.5228e-11 3.8372e-11 3.2782e-11 3.3995e-11 2.9798e-11 3.7273e-11 4.2379e-11 3.5204e-11 3.6513e-11 3.3617e-11 3.2478e-11 3.1998e-11 3.3847e-11 4.0957e-11 3.4969e-11 3.2888e-11 3.8409e-11 4.4767e-11 3.8394e-11 2.7823e-11 3.9266e-11 3.0799e-11 3.3823e-11 3.0786e-11 3.1521e-11 2.4277e-11 2.7967e-11 1.6533e-11 1.7632e-11 2.4576e-11 2.1503e-11 2.1503e-11 1.919e-11 2.2267e-11 1.5663e-11 1.4964e-11 1.9528e-11 2.2528e-11 1.63e-11 1.3321e-11 2.2314e-11 1.4348e-11 2.3591e-11 1.3985e-11 1.8877e-11 1.1534e-11 8.7622e-12 1.1192e-11 8.1171e-12 1.0809e-11 1.1058e-11 1.4013e-12 6.385e-12 7.0005e-12 6.9668e-13 5.3511e-12 1.2005e-11 4.9569e-12 1.0545e-11 8.565e-12 2.2204e-12 3.7523e-12 6.9841e-12 5.868e-12 4.0759e-12 6.5552e-12 2.4577e-12 6.1609e-12 4.3013e-12 -3.9426e-13 2.05e-12 5.3926e-12 1.9554e-12 -5.3148e-13 -1.9592e-12 3.941e-12 1.892e-12 2.5108e-12 -3.9525e-13 2.2944e-12 1.3856e-12 2.0776e-12 -1.2666e-12 6.8197e-12 -3.9439e-13 3.0893e-12 3.245e-12 5.735e-12 2.5283e-12 6.5762e-12 4.2311e-12 3.9854e-12 4.6053e-12 2.411e-12 4.8695e-12 3.1552e-12 1.392e-12 4.1319e-12 1.7048e-12 -2.3281e-12 2.1175e-12 3.6219e-12 -1.1823e-12 2.9107e-12 2.9541e-13 1.3982e-12 5.1146e-13 2.9814e-13 1.2971e-12 -8.4653e-13 1.7018e-12 -2.5994e-12 1.9905e-12 -3.7633e-13 -1.6341e-12 -3.3251e-12 1.7392e-12 1.6132e-12 -8.8388e-13 3.681e-12 -6.8671e-13 -1.4996e-13 -2.1867e-13 2.3709e-12 2.6199e-12 1.0128e-12 2.5073e-12 -7.9154e-13 -2.0425e-12 1.232e-12 9.4558e-13 1.7669e-12 -4.8841e-14 -1.7532e-12 -1.2089e-12 -1.0939e-12 1.0814e-12 1.1503e-12 -2.4932e-12 5.9198e-13 1.3957e-12 -5.9141e-13 -4.3648e-13 1.0721e-12 9.1313e-13 8.534e-13 1.7805e-12 -3.8367e-13 -7.4619e-14 -2.1922e-13 -1.5078e-13 7.28e-13 -6.7827e-13 3.5336e-13 2.5013e-13 3.815e-14 -5.9607e-15
3.6794e-11 3.5422e-11 3.1483e-11 3.2417e-11 3.1047e-11 2.9593e-11 3.7908e-11 3.5669e-11 3.8207e-11 2.97e-11 3.4307e-11 3.4379e-11 3.2905e-11 3.457e-11 4.7661e-11 2.8512e-11 3.3918e-11 3.8105e-11 3.1881e-11 3.6922e-11 3.2986e-11 3.7958e-11 4.4263e-11 3.3376e-11 4.0111e-11 3.178e-11 3.14e-11 3.1764e-11 3.3684e-11 3.8589e-11 3.5466e-11 3.0113e-11 3.8963e-11 4.5052e-11 3.5539e-11 2.8571e-11 3.7019e-11 3.1296e-11 3.6036e-11 3.6407e-11 2.8838e-11 3.1799e-11 2.6006e-11 2.2966e-11 1.7956e-11 2.2975e-11 2.1883e-11 2.079e-11 2.0935e-11 2.7139e-11 1.5815e-11 1.653e-11 1.9022e-11 2.4303e-11 1.5614e-11 9.3169e-12 1.9982e-11 1.2538e-11 2.1394e-11 1.3487e-11 1.8876e-11 1.0618e-11 4.2099e-12 9.5399e-12 8.7084e-12 6.4533e-12 1.0252e-11 3.2784e-12 5.5827e-12 3.7352e-12 4.003e-12 3.7153e-12 7.057e-12 8.1589e-12 7.5588e-12 1.1409e-11 6.8526e-12 3.554e-12 2.8635e-12 8.721e-12 5.1178e-12 8.5788e-12 9.2302e-12 5.6399e-12 6.6261e-12 -2.5044e-13 2.5397e-12 4.4785e-12 -1.1023e-12 5.8683e-13 -2.3842e-12 3.945e-12 2.2136e-12 3.7685e-12 -3.4715e-12 1.4663e-12 3.8431e-12 1.2619e-12 -2.2043e-14 5.0066e-12 -2.0052e-13 3.279e-12 1.7352e-12 6.5086e-12 -2.4353e-12 7.5506e-12 3.1635e-12 2.2193e-12 4.462e-12 1.9246e-12 2.8139e-12 5.8478e-13 -1.698e-12 3.4145e-12 -7.3915e-14 1.1446e-12 -1.1512e-14 2.9235e-12 -2.1101e-12 2.764e-12 1.6948e-12 2.1578e-12 6.9152e-13 -3.5481e-12 1.6689e-12 -7.6534e-13 1.9664e-12 -3.4005e-12 2.4913e-12 8.5118e-13 2.8857e-12 -5.998e-14 2.4937e-13 3.5098e-12 8.3517e-13 4.9784e-12 2.1106e-12 -4.686e-13 -5.2845e-13 2.7872e-12 2.9537e-12 -1.9351e-12 -4.4718e-13 7.9047e-13 -2.7868e-12 1.8941e-12 7.6864e-13 2.6628e-12 -3.636e-13 -1.7705e-12 -1.1659e-12 9.6488e-14 3.829e-13 8.8965e-13 -1.456e-12 -1.2722e-13 -1.0003e-12 -7.7534e-13 -4.1787e-13 8.6754e-13 1.8437e-12 1.1282e-12 1.1891e-12 -9.8164e-13 2.4571e-13 6.327e-14 -5.7804e-13 5.9224e-13 -7.1369e-13 4.0988e-13 4.8358e-13 7.403e-14 -1.9334e-13
3.2138e-11 3.1376e-11 2.8971e-11 2.8361e-11 2.7169e-11 2.9364e-11 3.2481e-11 3.0118e-11 3.3724e-11 2.6313e-11 3.0995e-11 2.9298e-11 3.0279e-11 3.2058e-11 2.8512e-11 3.6879e-11 2.8826e-11 3.3762e-11 3.0033e-11 2.9422e-11 2.6516e-11 3.0914e-11 3.3818e-11 3.1426e-11 3.5465e-11 2.9717e-11 2.9808e-11 2.6714e-11 3.1901e-11 3.5734e-11 2.8206e-11 2.823e-11 3.537e-11 3.8219e-11 3.3169e-11 2.4953e-11 3.5745e-11 2.4918e-11 3.0212e-11 2.6152e-11 2.9713e-11 2.3957e-11 2.1908e-11 1.559e-11 1.406e-11 2.4463e-11 2.0638e-11 1.7168e-11 1.681e-11 1.9872e-11 1.7145e-11 1.2441e-11 1.4874e-11 2.1251e-11 1.8209e-11 1.1596e-11 1.4004e-11 9.6725e-12 1.9475e-11 1.2171e-11 1.827e-11 1.1612e-11 9.6514e-12 9.2016e-12 5.9797e-12 8.6196e-12 1.0046e-11 2.96e-12 7.2815e-12 2.493e-12 4.5043e-12 6.6339e-12 8.6191e-12 4.9844e-12 9.7136e-12 5.7336e-12 4.6215e-12 3.094e-12 5.3386e-12 4.4697e-12 1.8095e-12 4.5087e-12 2.6229e-12 2.7769e-13 3.8997e-12 2.0518e-13 5.1935e-13 1.5901e-12 2.2988e-12 1.417e-12 -2.2226e-12 3.119e-12 3.8327e-12 3.874e-12 -1.3649e-12 -5.3276e-13 2.9207e-12 -5.522e-13 1.9768e-12 1.369e-12 -1.4292e-13 1.8595e-12 1.6143e-12 1.395e-12 9.8228e-15 8.0644e-12 6.2747e-13 -2.0741e-13 3.9753e-12 2.7157e-12 2.3842e-12 8.3276e-13 -5.0242e-13 2.9336e-12 2.1804e-12 -1.3175e-12 -3.1001e-13 5.7842e-12 -3.2549e-12 3.334e-12 7.8877e-13 4.0017e-13 5.4907e-13 -1.4865e-12 2.0575e-12 -1.2385e-12 -7.8549e-13 -2.0337e-12 7.3531e-13 -1.8588e-12 -2.0477e-13 -1.2276e-12 1.1915e-12 -1.2232e-12 -1.9058e-12 3.2245e-12 1.942e-13 -3.2431e-13 -1.7651e-12 6.1611e-13 4.736e-13 -1.7274e-12 3.0349e-12 6.155e-13 -2.66e-12 1.5623e-12 1.5775e-12 1.5681e-12 -8.8097e-13 -4.9193e-13 -2.5006e-12 -6.6457e-13 8.7994e-13 -1.3449e-13 -1.4837e-12 1.2518e-12 1.6483e-12 -1.1034e-12 3.381e-13 1.535e-12 1.0085e-12 7.658e-13 1.0165e-12 -4.251e-13 2.2106e-13 6.9583e-14 -9.7274e-14 4.8246e-13 -4.8626e-13 4.1e-13 3.9527e-13 1.653e-13 -6.142e-15
3.3806e-11 3.3079e-11 3.189e-11 2.9605e-11 3.1159e-11 3.1749e-11 3.8853e-11 3.4023e-11 3.684e-11 2.7184e-11 3.5414e-11 3.1184e-11 3.1e-11 3.5228e-11 3.3918e-11 2.8826e-11 4.2437e-11 3.7694e-11 3.0505e-11 3.3546e-11 2.8544e-11 3.5152e-11 3.9633e-11 3.1336e-11 3.5411e-11 3.1408e-11 3.1699e-11 3.0853e-11 3.512e-11 3.7949e-11 3.3307e-11 3.1074e-11 3.8843e-11 4.7584e-11 3.476e-11 3.1092e-11 3.5803e-11 3.1262e-11 2.7845e-11 3.2542e-11 3.1723e-11 2.4091e-11 2.6661e-11 2.0942e-11 1.5397e-11 2.5885e-11 1.7788e-11 2.2758e-11 1.8373e-11 2.1939e-11 1.7628e-11 1.3595e-11 1.9098e-11 2.024e-11 1.5956e-11 1.334e-11 1.7225e-11 1.1919e-11 1.9382e-11 1.4176e-11 1.7788e-11 7.8295e-12 5.5553e-12 1.1503e-11 6.3662e-12 7.6836e-12 1.0594e-11 4.4962e-12 6.0632e-12 5.4393e-12 2.6181e-12 7.0554e-12 5.0365e-12 7.0065e-12 1.1527e-11 8.9534e-12 4.6398e-12 2.2743e-12 5.7752e-12 6.2518e-12 2.7937e-12 5.9887e-12 7.0684e-12 3.3691e-12 6.6183e-12 5.5285e-13 3.0712e-12 2.8981e-13 6.7159e-14 1.0938e-12 -3.6085e-12 5.4898e-12 1.057e-12 2.4316e-12 -3.4819e-12 9.023e-13 4.6447e-12 6.138e-13 6.6203e-13 2.7354e-12 9.364e-13 6.1012e-12 1.9892e-12 5.2123e-12 8.9596e-13 6.9531e-12 -2.2346e-13 4.842e-12 6.1581e-12 4.1337e-12 4.7211e-12 4.1049e-12 -2.0437e-12 9.1671e-13 2.7984e-12 -1.2222e-12 1.4697e-12 2.9742e-12 -2.9729e-12 2.1065e-12 -1.6446e-13 1.4831e-12 -1.3442e-12 -3.2663e-13 4.3743e-13 1.8861e-12 3.1506e-12 -1.3209e-12 3.2322e-12 -3.9554e-13 -7.4757e-13 -1.2461e-12 2.8823e-12 1.2137e-12 -2.7401e-13 4.9665e-12 -2.0885e-13 5.7999e-13 -8.9992e-13 -3.568e-13 2.1913e-12 -5.1043e-13 -6.7766e-14 7.3531e-13 -3.2111e-12 9.0275e-13 2.5292e-12 2.9249e-12 -1.8276e-12 -4.4691e-13 -4.9485e-13 1.2774e-13 4.0997e-13 -3.8212e-13 -2.6437e-12 2.3842e-13 2.4674e-13 -6.6039e-13 -2.9239e-13 1.1057e-12 1.9208e-12 1.7303e-12 6.8088e-13 2.4535e-13 -4.0144e-13 3.6768e-13 9.6262e-14 5.8355e-13 -9.9993e-13 7.2056e-13 1.9049e-13 -7.8693e-14 -8.6331e-14
3.9036e-11 3.7628e-11 3.5054e-11 3.5514e-11 3.3755e-11 3.5631e-11 4.3724e-11 3.8049e-11 4.192e-11 3.1188e-11 4.0844e-11 3.6631e-11 3.668e-11 3.8372e-11 3.8105e-11 3.3762e-11 3.7694e-11 5.0028e-11 3.5057e-11 3.6325e-11 3.3023e-11 4.0211e-11 4.5816e-11 3.4028e-11 4.2932e-11 3.7406e-11 3.6103e-11 3.5747e-11 3.742e-11 4.3743e-11 3.9626e-11 3.5228e-11 3.9782e-11 4.8662e-11 4.2836e-11 3.2075e-11 4.0827e-11 3.6676e-11 3.6868e-11 3.3826e-11 3.3931e-11 2.7827e-11 2.593e-11 2.1532e-11 1.9493e-11 3.0565e-11 2.2841e-11 2.0002e-11 1.9539e-11 2.7419e-11 1.2918e-11 1.6334e-11 2.2061e-11 2.8014e-11 1.9039e-11 1.3506e-11 2.043e-11 1.516e-11 2.3677e-11 1.2152e-11 2.0088e-11 9.5969e-12 1.0946e-11 1.0063e-11 9.2824e-12 1.2703e-11 9.893e-12 6.4027e-12 1.1242e-11 5.7191e-12 2.6588e-12 5.7831e-12 1.1868e-11 7.5925e-12 9.5832e-12 1.1765e-11 8.7155e-12 4.232e-12 6.83e-12 7.0523e-12 3.4562e-12 6.8484e-12 4.3472e-12 3.2868e-12 5.7776e-12 -1.5644e-12 3.8485e-12 2.7228e-12 2.3033e-12 1.3536e-12 -3.428e-12 4.1768e-12 3.9143e-12 4.2661e-12 -2.1506e-12 5.256e-12 3.402e-12 -1.0848e-13 -3.2409e-13 2.9826e-12 -5.6622e-13 6.1283e-12 1.8514e-12 2.9053e-12 4.5229e-13 9.4406e-12 5.2425e-14 2.4019e-12 4.3157e-12 7.9073e-13 3.3851e-12 3.915e-13 -1.8359e-12 2.771e-12 4.9591e-12 7.1889e-13 4.4654e-13 3.4568e-12 -6.2007e-13 8.9665e-13 -1.4965e-12 1.2219e-12 -6.1618e-13 -1.9161e-12 1.5121e-12 -1.4109e-12 2.4702e-13 -2.234e-12 2.0637e-12 1.2558e-12 1.1381e-12 -2.1177e-13 -8.569e-13 7.546e-14 -1.4203e-12 5.1259e-12 -1.1699e-12 5.4745e-13 -5.887e-13 2.9416e-12 2.7319e-12 -2.3593e-12 3.0055e-12 2.7515e-13 -2.4158e-12 4.7976e-13 4.4976e-13 1.5607e-12 -6.0145e-13 -1.5495e-12 -1.2293e-12 1.3834e-13 1.4445e-12 6.1615e-13 -1.3583e-12 -1.034e-13 1.0536e-12 -1.047e-12 -8.0862e-14 8.139e-13 1.0036e-12 1.1772e-12 1.2619e-12 -1.5146e-13 4.8656e-13 -2.9195e-13 -3.9733e-13 5.0753e-13 -5.9513e-13 4.5039e-13 5.0303e-13 1.0311e-13 -2.3162e-13
3.4145e-11 3.2047e-11 2.835e-11 2.9215e-11 2.5742e-11 2.8817e-11 3.4776e-11 3.185e-11 3.3517e-11 2.6626e-11 3.1289e-11 2.7546e-11 3.1956e-11 3.2782e-11 3.1881e-11 3.0033e-11 3.0505e-11 3.5057e-11 3.7884e-11 3.1434e-11 2.9477e-11 3.4395e-11 3.8215e-11 2.9953e-11 3.4866e-11 3.2566e-11 2.9459e-11 2.7365e-11 3.22e-11 3.6354e-11 3.1381e-11 2.933e-11 3.3356e-11 4.3376e-11 3.3477e-11 2.5234e-11 4.0093e-11 2.7256e-11 2.9595e-11 3.1054e-11 3.1121e-11 2.4281e-11 2.4524e-11 1.7118e-11 1.7751e-11 2.6604e-11 2.2738e-11 2.0621e-11 2.0256e-11 2.2899e-11 1.6995e-11 1.1268e-11 2.1199e-11 2.2492e-11 1.4852e-11 9.4805e-12 1.503e-11 1.3932e-11 1.9217e-11 8.2551e-12 1.6828e-11 1.2899e-11 8.8778e-12 7.694e-12 7.9351e-12 1.0318e-11 1.5828e-11 2.1794e-12 6.1488e-12 6.7288e-12 2.4597e-12 5.69e-12 1.0183e-11 6.428e-12 1.0609e-11 8.4833e-12 4.7924e-12 2.6561e-12 6.2656e-12 6.3119e-12 3.6182e-12 5.2965e-12 2.7529e-12 4.0499e-12 6.8656e-12 -8.211e-14 2.3159e-12 5.8168e-12 -1.2927e-12 1.6887e-12 -2.0768e-12 5.7234e-12 3.8137e-12 4.8556e-12 -3.4891e-12 1.4731e-12 2.6075e-12 2.0936e-12 -1.6549e-13 2.8915e-12 -1.6501e-14 2.8204e-12 1.4644e-12 2.9694e-12 4.4378e-13 6.6507e-12 2.8414e-12 1.8025e-12 2.4713e-12 1.6307e-12 2.9332e-12 2.2973e-12 -2.6238e-12 2.9197e-12 3.2538e-12 -1.0542e-13 -2.4101e-12 3.722e-12 -2.2137e-12 3.9353e-12 1.0918e-12 -9.5958e-15 -3.9125e-13 -2.1843e-12 2.2799e-12 3.1835e-13 1.6097e-12 -1.3383e-12 2.2766e-12 -1.7832e-12 6.9067e-13 -1.1645e-12 1.1054e-12 1.3336e-12 -1.0902e-12 1.8675e-12 -5.3962e-13 -1.9307e-12 -1.4901e-12 1.4084e-12 8.4285e-13 -2.0696e-12 3.1669e-12 -3.46e-13 -3.2699e-12 1.0324e-12 2.2507e-12 2.8275e-12 -2.0565e-13 -1.5863e-12 -2.5822e-12 -4.138e-13 9.7837e-13 2.3391e-13 -2.1862e-12 5.7389e-13 8.9971e-13 -8.214e-13 8.7083e-14 2.0443e-13 1.1949e-12 1.4484e-12 1.6173e-12 4.319e-14 -2.6743e-13 -2.2893e-13 -2.5936e-13 2.6686e-13 -6.508e-13 1.6353e-13 3.7649e-13 5.029e-15 -2.1604e-14
3.6587e-11 3.3962e-11 2.8918e-11 3.2828e-11 2.9764e-11 3.0929e-11 3.7144e-11 3.4336e-11 3.846e-11 2.8508e-11 3.5215e-11 3.3202e-11 3.1231e-11 3.3995e-11 3.6922e-11 2.9422e-11 3.3546e-11 3.6325e-11 3.1434e-11 4.3149e-11 3.231e-11 3.4996e-11 4.2283e-11 3.3572e-11 4.0896e-11 3.2204e-11 3.0996e-11 3.2703e-11 3.4614e-11 3.6313e-11 3.5114e-11 2.9871e-11 3.4616e-11 4.3458e-11 3.5552e-11 2.8089e-11 3.8463e-11 3.0555e-11 3.6155e-11 3.336e-11 2.9588e-11 2.8306e-11 2.6792e-11 2.1135e-11 1.4978e-11 2.3263e-11 2.4727e-11 1.9971e-11 1.672e-11 2.5378e-11 1.7908e-11 1.0672e-11 1.7758e-11 2.3463e-11 1.8112e-11 9.4954e-12 1.9707e-11 1.1176e-11 2.0159e-11 1.228e-11 1.7118e-11 1.1202e-11 7.8511e-12 9.5861e-12 1.1403e-11 1.0531e-11 9.6591e-12 2.6278e-12 5.2829e-12 6.4469e-12 1.6282e-12 6.106e-12 7.362e-12 6.3744e-12 9.1937e-12 9.6631e-12 4.9679e-12 2.2181e-12 7.361e-12 9.7731e-12 5.2405e-12 6.0741e-12 7.646e-12 2.6194e-12 5.7651e-12 -2.5571e-12 5.1852e-12 6.4177e-12 1.7372e-12 -1.0351e-12 -4.1098e-12 3.0655e-12 3.3287e-12 3.1343e-12 -3.589e-12 1.7241e-12 2.9625e-12 1.6067e-12 1.1996e-12 2.4807e-12 1.6737e-12 1.4439e-12 2.4127e-12 2.7426e-12 -1.461e-12 6.1284e-12 8.2206e-13 1.2453e-12 7.294e-12 1.2165e-12 4.5911e-12 2.4475e-12 -1.5349e-12 2.7966e-13 1.8994e-12 -2.886e-12 5.3648e-13 3.3717e-12 -9.9095e-13 1.2442e-14 -6.5032e-13 6.7885e-15 -2.0878e-12 -1.9426e-12 1.6486e-12 1.4059e-12 1.9571e-12 -3.5288e-12 2.3563e-12 -3.1485e-13 1.5654e-12 -2.6758e-12 2.0478e-12 3.3152e-12 -9.7206e-13 4.1366e-12 4.7067e-13 -3.0256e-14 -1.2273e-12 1.3916e-12 8.0522e-13 -1.3047e-12 1.0272e-14 5.2216e-13 -3.8597e-12 1.7982e-12 2.444e-12 2.5559e-12 -1.6711e-12 -1.7991e-12 -2.0391e-12 8.6212e-13 8.6653e-13 1.3305e-12 -2.3699e-12 -4.3037e-13 -7.4261e-13 -1.3181e-12 5.5923e-13 1.308e-12 2e-12 1.1339e-12 1.534e-12 -3.9032e-13 -4.2639e-13 3.961e-14 -2.536e-13 4.2949e-13 -5.765e-13 4.4714e-13 1.4076e-13 -1.3055e-13 -1.8935e-13
