1.26e-10 1.1037e-10 1.0389e-10 1.0124e-10 1.0637e-10 1.036e-10 1.2499e-10 8.8538e-11 1.1998e-10 7.8282e-11 9.4468e-11 9.3904e-11 8.7442e-11 8.1553e-11 8.3392e-11 7.4793e-11 7.9897e-11 8.463e-11 7.0491e-11 6.0595e-11 4.7898e-11 7.2831e-11 5.1032e-11 5.2959e-11 6.5104e-11 6.8928e-11 5.1211e-11 5.5284e-11 4.3079e-11 3.6834e-11 2.9851e-11 4.3696e-11 2.361e-11 3.3281e-11 3.2999e-11 3.5326e-11 2.5531e-11 3.5322e-11 1.8995e-11 1.8021e-11 1.9537e-11 1.1889e-11 6.697e-12 9.2874e-12 4.1829e-12 2.6411e-12 5.2651e-12 -5.5752e-13 1.4143e-11 -7.2741e-12 9.0559e-14 -4.3945e-12 3.5501e-12 -5.8219e-13 -5.1575e-12 -1.0089e-12 -3.2265e-12 3.3521e-12 -1.3942e-11 -1.2012e-11 -1.2726e-11 -7.7887e-12 -7.8268e-12 -1.0168e-12 2.5595e-12 2.8851e-12 -5.4587e-12 -1.2632e-11 -9.5093e-12 -1.0134e-11 4.2228e-12 -1.0787e-11 -2.1481e-12 -2.5987e-12 2.5797e-14 1.2181e-12 4.5494e-13 -7.5812e-13 -6.3286e-13 -3.5857e-12 -1.6769e-12 -4.6662e-12 5.313e-13 5.5277e-12 -1.2261e-12 -2.5136e-12 -3.97e-12 -8.0055e-13 4.8927e-12 7.0577e-13 2.5713e-12 -6.3997e-13 4.6056e-13 1.4e-12 2.5055e-12 -2.5977e-12 1.7983e-12 -3.6592e-12 1.1495e-12 1.9924e-12 -2.0679e-12 -5.5704e-13 6.311e-13 6.0337e-13 1.6328e-12 -4.2262e-13 -2.4401e-13 -3.1303e-14 -2.1681e-13 1.244e-13 -2.0159e-13 -7.416e-14
1.1037e-10 1.2252e-10 1.033e-10 9.6737e-11 1.0193e-10 1.0463e-10 1.2069e-10 8.4237e-11 1.1903e-10 7.3963e-11 9.6732e-11 9.5274e-11 8.9337e-11 7.3977e-11 8.4067e-11 7.2834e-11 8.0282e-11 8.0161e-11 6.5908e-11 5.6989e-11 5.2577e-11 6.9996e-11 5.5697e-11 5.4293e-11 6.2282e-11 6.5079e-11 5.0056e-11 5.4781e-11 4.7267e-11 3.8032e-11 3.1376e-11 4.6633e-11 2.5078e-11 3.1395e-11 3.1534e-11 3.4485e-11 2.5624e-11 3.5286e-11 1.5626e-11 1.7676e-11 2.3106e-11 9.8476e-12 2.7484e-12 9.6163e-12 1.8796e-12 1.018e-11 7.9336e-12 3.2018e-12 1.1768e-11 -4.1545e-12 -9.3032e-13 2.0787e-12 5.9686e-12 2.7771e-12 -5.6933e-12 -1.9861e-12 -3.1241e-12 3.7565e-12 -1.634e-11 -1.0484e-11 -1.1617e-11 -6.8309e-12 -5.9463e-12 -2.9651e-13 2.6787e-12 6.7412e-12 -4.8646e-12 -1.132e-11 -7.5694e-12 -6.5339e-12 4.9279e-12 -5.8648e-12 1.1583e-13 -3.0334e-12 4.173e-13 4.0071e-12 1.4768e-12 -2.3883e-12 -1.1006e-12 -4.8863e-12 -4.0073e-12 -3.4879e-12 -1.2092e-12 5.5557e-12 -3.7931e-12 -1.6774e-12 -3.3509e-12 -5.6228e-14 3.9239e-12 3.9923e-13 1.7206e-12 -1.4454e-12 1.6817e-12 2.0472e-12 2.0765e-13 -2.9039e-12 2.5317e-12 -4.0913e-12 1.2834e-13 1.6649e-12 -1.8622e-12 -1.016e-12 -2.2784e-13 1.8726e-14 8.8509e-13 -2.4803e-13 -1.1855e-13 -7.8649e-14 -1.2544e-13 4.1585e-14 -7.2403e-14 -6.7598e-14
1.0389e-10 1.033e-10 1.1808e-10 9.1331e-11 9.3319e-11 9.6104e-11 1.1405e-10 8.4833e-11 1.1772e-10 7.2228e-11 9.0431e-11 9.0843e-11 8.3704e-11 6.9826e-11 8.0984e-11 6.9071e-11 7.8999e-11 8.2702e-11 6.7409e-11 5.6991e-11 4.5237e-11 6.2879e-11 5.5115e-11 4.7896e-11 5.7305e-11 6.765e-11 4.7061e-11 4.8833e-11 3.8891e-11 3.9588e-11 3.1558e-11 3.5788e-11 2.023e-11 2.9568e-11 2.189e-11 2.7772e-11 2.6359e-11 2.4686e-11 2.0712e-11 2.0009e-11 1.2032e-11 5.2353e-12 7.719e-12 6.5605e-12 -1.4728e-12 1.973e-12 7.8005e-12 -3.4039e-12 8.4675e-12 -7.9847e-12 -4.7279e-12 -7.8974e-13 -2.4506e-12 -5.3913e-12 -1.0002e-11 -8.9867e-13 -6.1822e-12 3.5472e-12 -1.0969e-11 -9.6903e-12 -8.3894e-12 -9.1529e-12 -5.6686e-12 1.0832e-13 1.494e-12 3.9498e-12 -4.4676e-12 -7.204e-12 -7.0771e-12 -9.8947e-12 3.8574e-12 -8.6025e-12 1.5136e-12 -1.3272e-14 -1.8722e-12 6.1153e-13 -8.922e-13 -2.653e-12 -2.579e-12 -3.5168e-12 -3.4488e-12 -1.9823e-12 9.2419e-13 1.9501e-12 -5.1914e-12 -3.0386e-12 -3.9735e-12 -2.0559e-12 5.9245e-12 2.2032e-12 6.2992e-13 -4.6574e-12 1.0306e-12 7.1101e-13 -8.4821e-13 -1.4217e-12 1.7228e-12 -3.2101e-12 1.0271e-12 2.1149e-12 -1.8344e-12 -8.2855e-13 1.3073e-13 3.7917e-13 1.4453e-12 -6.7922e-13 -4.0915e-13 1.458e-13 -2.5922e-13 1.5535e-13 2.3935e-14 -1.9646e-14
1.0124e-10 9.6737e-11 9.1331e-11 9.8914e-11 8.8575e-11 9.3409e-11 1.0603e-10 7.4348e-11 1.0123e-10 6.682e-11 8.6511e-11 8.5018e-11 7.9672e-11 6.7533e-11 7.0679e-11 6.7555e-11 7.209e-11 7.454e-11 6.5605e-11 5.6602e-11 3.9865e-11 6.4468e-11 4.9797e-11 4.6808e-11 5.3372e-11 6.2257e-11 4.4463e-11 4.8199e-11 3.8798e-11 3.4847e-11 2.4693e-11 3.9463e-11 2.44e-11 2.4884e-11 2.5995e-11 2.9001e-11 2.2702e-11 3.0028e-11 1.8747e-11 1.3749e-11 1.7115e-11 8.2579e-12 5.6328e-12 4.2271e-12 3.8634e-12 6.0196e-12 8.025e-12 -2.0987e-12 7.3945e-12 -9.4436e-12 -3.2151e-12 -7.4813e-13 2.2402e-12 -9.7047e-13 -6.6479e-12 -1.443e-12 -1.6863e-12 3.7432e-12 -1.2841e-11 -1.258e-11 -9.4378e-12 -7.8869e-12 -4.2907e-12 -1.0894e-12 4.6242e-13 3.1647e-12 -3.9711e-12 -1.1142e-11 -7.6544e-12 -7.3426e-12 7.1413e-12 -7.0024e-12 4.9235e-13 -8.3898e-13 -2.7851e-12 2.5252e-12 -9.774e-13 -2.1765e-12 -1.3722e-12 -3.1838e-12 -3.6396e-13 -4.2323e-12 -1.1782e-12 3.8473e-12 -3.7916e-12 -1.8895e-12 -4.3231e-12 -1.4118e-12 4.8741e-12 1.9746e-12 1.9488e-12 -2.5631e-13 1.5937e-12 1.2437e-12 1.2429e-12 -1.5376e-12 1.949e-12 -2.5147e-12 1.0292e-12 1.0813e-12 -1.955e-12 -1.0775e-12 3.4734e-13 4.1667e-13 9.6021e-13 -2.5325e-13 -1.9291e-13 5.9144e-14 -1.2386e-13 1.4177e-13 -9.4823e-14 -1.9499e-14
1.0637e-10 1.0193e-10 9.3319e-11 8.8575e-11 1.0943e-10 8.8953e-11 1.0875e-10 8.0033e-11 1.1088e-10 6.9623e-11 8.9043e-11 8.0846e-11 7.9986e-11 7.2846e-11 7.8532e-11 6.6953e-11 7.3542e-11 7.87e-11 6.4581e-11 5.539e-11 4.6911e-11 6.7433e-11 4.6574e-11 4.6923e-11 5.6051e-11 6.2833e-11 5.1143e-11 5.1506e-11 3.925e-11 3.4762e-11 2.4624e-11 4.483e-11 2.2214e-11 3.0317e-11 3.0337e-11 2.9083e-11 2.375e-11 3.6906e-11 1.5584e-11 1.7494e-11 2.057e-11 1.168e-11 2.8641e-12 8.5221e-12 -3.9266e-13 6.7768e-12 1.001e-11 1.5017e-12 1.3556e-11 -3.7622e-12 2.1906e-13 -5.2055e-12 3.3375e-12 1.6232e-12 -7.7028e-12 -1.5775e-12 5.5004e-13 2.8964e-12 -1.2618e-11 -9.5493e-12 -8.7458e-12 -6.165e-12 -7.4497e-12 -1.1981e-12 1.4217e-12 1.9559e-12 -3.1246e-12 -8.6841e-12 -6.7074e-12 -1.0676e-11 4.8607e-12 -8.4454e-12 -9.191e-13 -1.3255e-12 -3.2132e-14 2.8487e-12 2.7625e-13 4.6446e-13 -1.4814e-12 -1.3643e-12 6.8145e-13 -3.8453e-12 2.3858e-12 2.8518e-12 -2.4324e-12 -2.8521e-12 -4.2492e-12 -2.8904e-13 3.4945e-12 4.7321e-13 4.1703e-12 -8.792e-13 1.3515e-12 1.1253e-12 1.9953e-12 -2.3312e-12 1.9312e-12 -3.3519e-12 6.8783e-13 2.2161e-12 -2.5508e-12 1.9581e-14 2.2719e-13 8.9294e-13 1.2183e-12 -5.3745e-13 -1.4315e-13 5.4817e-14 -2.0838e-13 4.7948e-14 -1.4835e-13 -2.1798e-14
1.036e-10 1.0463e-10 9.6104e-11 9.3409e-11 8.8953e-11 1.0604e-10 1.1233e-10 7.935e-11 1.0728e-10 7.0215e-11 8.6782e-11 9.3201e-11 8.0408e-11 7.0558e-11 7.8711e-11 6.9086e-11 7.4568e-11 7.7496e-11 6.3426e-11 5.5929e-11 4.6604e-11 6.586e-11 5.1215e-11 4.7736e-11 5.8606e-11 5.7458e-11 4.2831e-11 4.971e-11 4.081e-11 3.6824e-11 2.939e-11 4.2745e-11 2.3731e-11 2.9146e-11 2.5551e-11 3.0413e-11 2.5413e-11 3.0899e-11 1.5738e-11 1.7073e-11 1.5656e-11 9.7545e-12 5.0593e-12 8.2206e-12 3.0602e-12 7.3097e-12 6.3411e-12 1.3016e-12 1.3272e-11 -8.6037e-12 -4.1287e-13 2.1543e-12 5.8565e-12 -6.8456e-13 -5.4033e-12 -1.935e-12 -7.5966e-12 2.3848e-13 -1.2958e-11 -9.6616e-12 -8.0195e-12 -7.6413e-12 -4.9489e-12 -5.0255e-14 1.0526e-12 6.2386e-12 -6.0276e-12 -1.0786e-11 -6.7991e-12 -6.0068e-12 4.231e-12 -6.0834e-12 7.9924e-13 -1.8257e-12 -2.9549e-13 4.9347e-12 8.7063e-13 -3.5232e-12 -2.7891e-12 -4.5652e-12 -2.9966e-12 -2.2504e-12 -3.4303e-12 5.805e-12 -4.6467e-12 -1.3611e-12 -1.703e-12 -4.3035e-13 4.3991e-12 1.4333e-12 1.0239e-12 -1.0807e-12 1.5894e-12 6.6924e-13 9.9711e-13 -2.9282e-12 3.2341e-12 -2.4239e-12 8.135e-13 1.5171e-12 -1.3303e-12 -1.5557e-12 5.8532e-13 3.9199e-13 8.907e-13 -3.6745e-13 -3.5568e-13 -5.5481e-14 -2.2075e-13 1.1357e-13 -5.4753e-15 -6.9433e-14
1.2499e-10 1.2069e-10 1.1405e-10 1.0603e-10 1.0875e-10 1.1233e-10 1.5219e-10 9.3848e-11 1.3084e-10 8.8115e-11 1.02e-10 1.0717e-10 9.5373e-11 8.1825e-11 9.5563e-11 8.2974e-11 9.5016e-11 9.0249e-11 8.3889e-11 5.9552e-11 5.6773e-11 8.1722e-11 6.1269e-11 5.834e-11 7.0009e-11 7.7774e-11 5.7455e-11 5.4143e-11 4.8747e-11 4.3425e-11 3.4027e-11 5.1798e-11 2.9419e-11 3.7952e-11 3.6908e-11 3.2969e-11 3.5966e-11 4.0613e-11 1.988e-11 1.153e-11 1.7e-11 1.4917e-11 2.0706e-12 1.0465e-11 -2.4876e-12 2.718e-12 9.1836e-12 1.564e-13 1.4511e-11 -1.295e-11 -7.3245e-13 4.5554e-12 4.9226e-12 3.0825e-12 -6.8301e-12 2.1704e-12 -6.2138e-12 1.6415e-13 -1.2315e-11 -1.0197e-11 -1.287e-11 -5.9966e-12 -6.8352e-12 -3.3744e-12 6.6653e-12 5.6492e-12 -4.8715e-12 -8.5219e-12 -9.6449e-12 -5.9411e-12 5.8445e-12 -6.7009e-12 -3.2247e-12 -1.9844e-13 5.7791e-14 1.8332e-12 1.2266e-12 -4.8651e-13 -2.3582e-12 -7.367e-12 -1.1234e-12 -2.0729e-12 -1.6177e-12 9.2058e-12 -1.649e-13 -4.8172e-12 -4.8334e-12 1.4046e-14 5.8182e-12 9.7358e-13 -1.2918e-12 -2.6629e-12 2.8078e-12 9.5994e-13 2.1027e-12 -3.3237e-12 1.9091e-12 -3.0007e-12 -4.0237e-13 1.1369e-12 -2.0209e-12 -6.7076e-13 -5.3556e-14 1.0675e-12 1.1721e-12 -2.5922e-13 -4.357e-13 4.1725e-14 -1.7191e-13 2.9962e-13 -1.3293e-13 -9.8444e-14
8.8538e-11 8.4237e-11 8.4833e-11 7.4348e-11 8.0033e-11 7.935e-11 9.3848e-11 8.037e-11 9.2941e-11 5.9194e-11 7.4081e-11 7.3973e-11 6.824e-11 6.4015e-11 6.643e-11 5.8183e-11 6.4802e-11 6.6032e-11 5.5869e-11 4.6665e-11 3.9462e-11 5.9319e-11 3.8632e-11 3.8076e-11 5.0231e-11 5.8597e-11 4.1738e-11 4.4544e-11 3.117e-11 3.1308e-11 2.3061e-11 3.2476e-11 1.8585e-11 1.9781e-11 2.0352e-11 2.8638e-11 2.2942e-11 2.891e-11 1.3464e-11 1.2257e-11 1.4675e-11 9.7136e-12 3.4421e-12 8.6905e-12 -3.7115e-13 4.8435e-12 1.1001e-11 2.2928e-12 1.2793e-11 -4.1506e-12 8.5189e-13 1.0717e-13 -3.3021e-12 -4.1844e-12 -6.7672e-12 -2.7215e-12 -5.8337e-13 6.6954e-13 -1.0185e-11 -6.4681e-12 -8.0785e-12 -5.7731e-12 -3.7563e-12 -7.4049e-13 2.6321e-12 1.6779e-12 -1.8252e-12 -5.6352e-12 -7.9555e-12 -8.8035e-12 6.176e-12 -6.2337e-12 -2.0426e-14 -1.9018e-12 -1.0241e-12 1.1034e-12 -1.3791e-12 -2.5726e-12 -2.7962e-12 -1.7121e-12 -3.2167e-12 -1.299e-12 1.4901e-12 3.9902e-12 -2.2143e-12 -2.2576e-12 -3.4153e-12 -1.3452e-12 3.2616e-12 -2.2205e-14 5.1207e-12 -2.0855e-12 1.6143e-12 -7.0191e-13 9.9391e-13 -3.7878e-13 2.184e-12 -2.1236e-12 5.3231e-13 2.1018e-12 -9.9144e-13 -5.7033e-13 6.2502e-13 7.1264e-13 1.0293e-12 -4.1825e-13 -2.0791e-13 1.082e-13 -2.5062e-13 1.7763e-13 1.4927e-14 -2.1452e-14
1.1998e-10 1.1903e-10 1.1772e-10 1.0123e-10 1.1088e-10 1.0728e-10 1.3084e-10 9.2941e-11 1.3921e-10 8.2178e-11 1.0072e-10 1.0089e-10 9.4727e-11 8.183e-11 9.3076e-11 8.1242e-11 8.9346e-11 8.7436e-11 7.6503e-11 6.253e-11 5.2735e-11 7.4108e-11 6.2927e-11 5.668e-11 6.8859e-11 7.2187e-11 5.4026e-11 5.6632e-11 4.4698e-11 4.3471e-11 3.6482e-11 4.5855e-11 2.1387e-11 3.9165e-11 3.2767e-11 3.1941e-11 2.9209e-11 3.9472e-11 1.9594e-11 2.2698e-11 2.0143e-11 1.4713e-11 8.4064e-12 9.0752e-12 3.9358e-12 7.0905e-12 1.2127e-11 -3.492e-12 1.542e-11 -5.7413e-12 -2.7029e-12 1.992e-12 3.5843e-12 4.0487e-12 -9.1722e-12 2.1403e-13 -3.1497e-12 3.2728e-12 -1.3536e-11 -7.7596e-12 -1.0763e-11 -8.0234e-12 -4.9705e-12 -1.0036e-12 3.6901e-12 2.1301e-12 -5.5962e-12 -9.2306e-12 -8.9436e-12 -8.6865e-12 4.6876e-12 -7.7399e-12 -1.1686e-12 -1.7731e-12 4.6826e-13 1.3833e-12 -5.8931e-14 -2.5022e-12 -9.2573e-13 -3.5965e-12 -4.2752e-12 -3.3555e-12 1.9812e-12 7.1415e-12 -3.2074e-12 -5.0429e-12 -4.7403e-12 -9.531e-13 5.4492e-12 2.9952e-12 2.1441e-12 -1.961e-12 1.5118e-12 5.4014e-13 1.0613e-12 -2.6247e-12 2.1263e-12 -3.8347e-12 1.4332e-12 1.3504e-12 -2.1954e-12 -3.2561e-13 -4.6397e-13 6.8622e-13 1.5984e-12 -5.3894e-13 -5.1133e-13 1.2442e-13 -2.6425e-13 1.6186e-13 -1.4096e-13 -3.5231e-14
7.8282e-11 7.3963e-11 7.2228e-11 6.682e-11 6.9623e-11 7.0215e-11 8.8115e-11 5.9194e-11 8.2178e-11 5.9536e-11 6.4134e-11 6.6429e-11 5.9574e-11 5.3184e-11 5.8607e-11 5.3893e-11 5.7763e-11 5.7165e-11 4.98e-11 4.1343e-11 3.4319e-11 4.9983e-11 3.9232e-11 3.365e-11 4.5941e-11 4.8539e-11 3.4776e-11 3.7161e-11 3.1109e-11 2.3366e-11 2.3503e-11 3.2569e-11 1.7331e-11 2.2118e-11 1.5977e-11 2.2049e-11 2.1359e-11 2.3866e-11 1.288e-11 7.8466e-12 1.4033e-11 9.5605e-12 3.0967e-12 6.8506e-12 8.946e-13 1.0935e-12 6.7791e-12 1.0777e-12 9.8165e-12 -8.1237e-12 -1.0429e-12 -5.7197e-13 2.878e-12 1.2503e-12 -5.4886e-12 -5.6313e-13 -1.9272e-12 1.5701e-12 -8.784e-12 -3.3967e-12 -5.9229e-12 -3.7973e-12 -4.3699e-12 5.7182e-13 3.2632e-12 3.5241e-12 -1.7878e-12 -7.0847e-12 -5.6837e-12 -4.4524e-12 4.2634e-12 -4.3508e-12 -4.3508e-13 -7.1499e-13 -1.817e-12 2.4072e-12 -1.6806e-13 -1.1785e-12 -1.3782e-12 -2.671e-12 7.4862e-15 -2.1976e-12 -7.9694e-13 5.2754e-12 -1.7312e-12 -1.7202e-12 -3.3527e-12 -2.0962e-13 2.5569e-12 6.85e-13 5.574e-13 -8.3349e-13 1.552e-12 6.1852e-13 1.4561e-12 -2.2055e-12 2.0096e-12 -2.3235e-12 5.4709e-13 1.0241e-12 -1.3359e-12 -3.8342e-13 2.2629e-13 7.4183e-13 9.1237e-13 -2.8378e-13 -3.5973e-13 1.3086e-13 -1.6913e-13 1.1304e-13 -6.6349e-14 -5.167e-14
9.4468e-11 9.6732e-11 9.0431e-11 8.6511e-11 8.9043e-11 8.6782e-11 1.02e-10 7.4081e-11 1.0072e-10 6.4134e-11 9.9282e-11 8.5374e-11 7.356e-11 6.8219e-11 7.4565e-11 6.6139e-11 7.1963e-11 7.8763e-11 6.137e-11 5.293e-11 4.868e-11 5.9535e-11 4.5504e-11 4.1675e-11 5.8095e-11 6.2562e-11 4.3624e-11 4.7757e-11 3.8724e-11 3.3168e-11 2.6836e-11 3.6828e-11 2.5211e-11 2.318e-11 2.5243e-11 2.9792e-11 2.2167e-11 2.8434e-11 2.0552e-11 1.6205e-11 1.3817e-11 9.7206e-12 6.0951e-12 1.2423e-11 2.1051e-12 1.5335e-12 6.7602e-12 8.8921e-13 7.0805e-12 -8.523e-12 -3.1392e-12 -2.6962e-12 -7.2403e-13 -4.4869e-12 -9.5871e-12 -1.0011e-12 -1.4875e-12 4.1332e-12 -1.1385e-11 -9.2524e-12 -7.1339e-12 -7.5117e-12 -3.7736e-12 4.5125e-12 3.0533e-12 3.4629e-12 -5.4994e-12 -9.2458e-12 -5.2987e-12 -4.8017e-12 4.9433e-12 -7.8364e-12 1.1267e-12 -1.2532e-12 -2.2416e-12 1.1993e-12 3.4222e-12 -8.8941e-13 -1.919e-12 -1.296e-12 -3.8703e-12 -4.8846e-12 -8.5368e-13 1.6922e-12 -3.2335e-12 -2.0658e-12 -4.7835e-12 8.948e-13 3.5696e-12 2.4727e-12 2.3962e-12 1.9862e-13 1.6388e-12 1.3894e-13 1.2602e-12 -1.85e-12 2.2102e-12 -4.3792e-12 3.1431e-14 2.1494e-12 -1.5265e-12 -7.1872e-13 4.3289e-13 4.6063e-13 9.4047e-13 -4.9838e-13 9.47e-14 -3.6382e-14 -2.4545e-13 1.2942e-13 -8.0808e-14 -1.6516e-14
9.3904e-11 9.5274e-11 9.0843e-11 8.5018e-11 8.0846e-11 9.3201e-11 1.0717e-10 7.3973e-11 1.0089e-10 6.6429e-11 8.5374e-11 1.0618e-10 7.7307e-11 6.3849e-11 7.4167e-11 6.8898e-11 7.8031e-11 7.7437e-11 6.0331e-11 5.1138e-11 4.4534e-11 6.2446e-11 4.9285e-11 4.7306e-11 5.6586e-11 6.0817e-11 4.2898e-11 4.9666e-11 3.6354e-11 3.5918e-11 2.5312e-11 3.5961e-11 2.4045e-11 3.4553e-11 2.2862e-11 3.1088e-11 2.4775e-11 2.7412e-11 1.8335e-11 1.5146e-11 1.6893e-11 1.0516e-11 4.2565e-12 1.1592e-11 6.3352e-12 2.985e-12 7.1289e-12 -2.0084e-12 8.6414e-12 -9.8834e-12 -8.3925e-13 1.3859e-12 2.3316e-12 -1.4502e-12 -4.8559e-12 -2.3224e-12 -9.8133e-12 -2.0568e-12 -1.0171e-11 -5.0857e-12 -9.1179e-12 -4.8478e-12 -1.4264e-12 9.2385e-13 3.9872e-12 5.4172e-12 -5.3063e-12 -1.0058e-11 -9.0011e-12 -4.5711e-12 4.7596e-12 -1.4559e-12 9.6849e-14 -5.2771e-13 -1.4278e-12 2.4435e-12 2.1423e-12 -2.715e-12 -4.644e-12 -4.1911e-12 -2.1234e-12 -1.1708e-12 -3.2731e-12 5.2533e-12 -5.9445e-12 -1.8577e-12 -1.5446e-12 -1.4189e-12 2.5393e-12 4.1528e-12 1.8671e-12 -1.0745e-12 1.1264e-12 2.1442e-12 1.0561e-12 -1.7543e-12 3.2076e-12 -3.4079e-12 -5.7198e-15 -3.0172e-13 -6.1224e-13 -9.6538e-13 7.2559e-14 8.7879e-13 1.0309e-12 -3.699e-14 -3.6456e-14 -4.3401e-14 -2.547e-13 6.5829e-14 3.4809e-15 -3.6948e-14
8.7442e-11 8.9337e-11 8.3704e-11 7.9672e-11 7.9986e-11 8.0408e-11 9.5373e-11 6.824e-11 9.4727e-11 5.9574e-11 7.356e-11 7.7307e-11 8.3698e-11 5.8895e-11 6.6576e-11 6.0474e-11 6.2277e-11 6.2633e-11 5.5003e-11 5.0387e-11 3.4794e-11 5.4846e-11 4.408e-11 4.3733e-11 4.9741e-11 5.249e-11 3.9306e-11 4.3981e-11 3.2246e-11 3.3779e-11 2.265e-11 3.2001e-11 1.9313e-11 2.873e-11 2.2619e-11 2.7072e-11 2.3486e-11 2.7489e-11 1.5347e-11 1.1085e-11 1.5248e-11 1.1183e-11 4.293e-12 5.7767e-12 1.3785e-12 7.0501e-12 1.1298e-11 -1.9772e-12 1.2326e-11 -4.8009e-12 -3.0663e-12 3.154e-13 2.8675e-12 3.2315e-12 -4.8849e-12 -1.6894e-12 2.626e-12 7.1196e-14 -1.1452e-11 -8.9182e-12 -9.5945e-12 -2.1622e-12 -4.7727e-12 -2.6841e-12 3.8175e-12 4.659e-12 -3.6492e-12 -8.2203e-12 -7.5857e-12 -7.6929e-12 6.1107e-12 -7.0647e-12 -3.0713e-13 -1.3042e-12 -1.1041e-12 4.8393e-12 -3.8542e-13 -2.934e-12 -7.6999e-13 -3.462e-12 6.7928e-13 -2.7933e-12 -1.2151e-12 4.6004e-12 -3.9887e-12 -1.5463e-12 -3.5375e-12 2.5072e-13 2.9822e-12 2.2236e-12 1.5573e-12 -5.4539e-13 1.8588e-12 1.688e-12 1.483e-12 -2.0002e-12 9.3549e-13 -2.0786e-12 3.1143e-13 4.123e-13 -1.5851e-12 2.6693e-13 6.3392e-14 5.957e-13 1.0144e-12 -1.6216e-13 -1.1077e-13 1.3826e-13 -1.8791e-13 1.0258e-13 -5.7418e-14 -2.5752e-14
8.1553e-11 7.3977e-11 6.9826e-11 6.7533e-11 7.2846e-11 7.0558e-11 8.1825e-11 6.4015e-11 8.183e-11 5.3184e-11 6.8219e-11 6.3849e-11 5.8895e-11 6.4814e-11 5.8272e-11 5.3313e-11 5.1567e-11 5.6888e-11 4.8382e-11 4.1903e-11 3.5822e-11 5.0246e-11 3.4855e-11 3.8917e-11 4.7384e-11 5.0043e-11 3.3965e-11 4.0367e-11 2.8015e-11 2.6794e-11 2.0049e-11 3.0241e-11 1.4808e-11 1.8166e-11 1.8109e-11 2.4312e-11 2.0279e-11 2.3643e-11 1.1603e-11 1.4465e-11 1.1456e-11 1.0802e-11 3.6518e-12 8.8248e-12 2.4415e-12 5.4963e-12 7.2758e-12 1.9096e-12 1.2064e-11 -6.9484e-12 3.0379e-12 -1.854e-13 -6.763e-13 -2.5089e-12 -6.3056e-12 -8.256e-13 -2.6364e-13 3.1409e-12 -8.5763e-12 -8.2511e-12 -3.2127e-12 -5.7961e-12 -3.903e-12 9.8984e-13 2.889e-12 1.3863e-13 -5.2556e-12 -8.1147e-12 -7.9498e-12 -6.8452e-12 4.03e-12 -7.7379e-12 -2.3826e-14 -1.6703e-12 -2.9111e-13 1.4454e-12 8.7303e-13 6.8783e-13 1.5738e-13 -1.4976e-12 -6.3333e-13 -2.5745e-12 1.417e-12 3.5038e-12 7.4089e-14 -2.1437e-12 -3.2586e-12 -7.3036e-13 2.6915e-12 6.1074e-13 3.3474e-12 5.2049e-17 6.0892e-13 1.1627e-12 2.8614e-12 -1.2948e-12 1.5898e-12 -1.4019e-12 1.79e-12 1.4481e-12 -1.3584e-12 -1.9441e-13 6.5117e-13 5.515e-13 1.3807e-12 -1.925e-13 -6.0342e-14 1.208e-14 -2.2551e-13 1.4098e-13 -1.2649e-13 -3.0096e-14
8.3392e-11 8.4067e-11 8.0984e-11 7.0679e-11 7.8532e-11 7.8711e-11 9.5563e-11 6.643e-11 9.3076e-11 5.8607e-11 7.4565e-11 7.4167e-11 6.6576e-11 5.8272e-11 8.0307e-11 5.7816e-11 6.5888e-11 6.6672e-11 5.0683e-11 4.8922e-11 3.9719e-11 5.1443e-11 3.9419e-11 3.8855e-11 4.9887e-11 5.1066e-11 3.7791e-11 3.8099e-11 3.0063e-11 2.9959e-11 2.4303e-11 3.4144e-11 1.9863e-11 2.501e-11 2.4676e-11 1.8686e-11 2.7785e-11 2.4908e-11 1.5215e-11 1.212e-11 1.412e-11 1.3762e-11 1.8864e-12 9.4398e-12 -2.1386e-12 3.1269e-12 1.1733e-11 -5.0195e-12 1.1948e-11 -9.8348e-12 -9.4048e-13 4.1524e-13 3.6624e-12 -2.8883e-12 -7.6333e-12 1.0057e-12 -2.2519e-12 2.8498e-12 -4.3214e-12 -6.414e-12 -7.4288e-12 -6.6043e-12 -5.8038e-12 -2.0643e-13 5.8952e-13 4.466e-12 -2.4319e-12 -4.859e-12 -7.861e-12 -6.0517e-12 5.4452e-12 -4.1736e-12 -2.8629e-12 -9.3143e-13 -2.1905e-14 2.1629e-12 5.4262e-13 -1.6521e-12 -4.1681e-12 -2.4724e-12 -2.4345e-12 -1.951e-12 -1.9455e-12 5.4029e-12 -1.6607e-12 -2.9764e-12 1.4488e-13 4.6088e-13 3.3438e-12 9.3745e-13 1.0139e-12 -1.498e-12 1.87e-12 -8.1024e-13 1.8093e-12 -4.9262e-13 1.7333e-12 -2.4225e-12 -2.5862e-13 1.436e-12 -1.6761e-12 -1.6423e-13 3.5811e-13 9.0426e-13 1.175e-12 -3.0208e-13 -3.6631e-13 -1.0316e-13 -3.2805e-13 1.2769e-13 -3.2884e-14 -3.5228e-14
7.4793e-11 7.2834e-11 6.9071e-11 6.7555e-11 6.6953e-11 6.9086e-11 8.2974e-11 5.8183e-11 8.1242e-11 5.3893e-11 6.6139e-11 6.8898e-11 6.0474e-11 5.3313e-11 5.7816e-11 6.4961e-11 5.3338e-11 5.5779e-11 5.2127e-11 3.9925e-11 3.2743e-11 5.0957e-11 3.666e-11 3.7386e-11 4.4662e-11 4.7643e-11 3.507e-11 3.8968e-11 2.747e-11 2.5967e-11 2.5092e-11 3.129e-11 1.6239e-11 2.5123e-11 1.7632e-11 2.3603e-11 1.988e-11 2.4649e-11 1.5909e-11 8.2054e-12 1.7506e-11 9.3676e-12 4.3158e-12 3.0129e-12 3.6289e-12 5.2355e-12 6.3977e-12 2.1048e-12 9.5545e-12 -1.0587e-11 -1.7692e-12 -5.0681e-13 3.3645e-12 3.312e-12 -6.8745e-12 -1.1733e-12 -1.0511e-12 4.2953e-13 -1.0771e-11 -6.7273e-12 -5.8409e-12 -4.1463e-12 -6.9735e-13 3.2567e-12 -5.1128e-13 2.6587e-12 -2.1508e-12 -5.7468e-12 -5.129e-12 -2.9466e-12 5.0198e-12 -3.8097e-12 -1.8878e-13 -6.2171e-13 -1.688e-12 2.0722e-12 1.4201e-12 -2.4442e-12 -2.9145e-12 -2.7056e-12 -6.0453e-13 2.924e-13 1.943e-13 2.8755e-12 -2.251e-12 -3.4445e-12 -3.0094e-12 -3.2542e-15 2.6786e-12 2.6962e-12 9.5974e-13 -2.566e-13 3.2933e-12 -2.4781e-13 1.3481e-12 -4.0832e-13 1.6474e-12 -2.6697e-12 1.7486e-13 -3.49e-13 -1.4798e-12 -7.4261e-13 2.9199e-13 5.219e-13 5.6115e-13 -1.683e-13 -1.661e-13 1.2136e-13 -2.0894e-13 1.5136e-13 -5.785e-14 -4.9404e-14
7.9897e-11 8.0282e-11 7.8999e-11 7.209e-11 7.3542e-11 7.4568e-11 9.5016e-11 6.4802e-11 8.9346e-11 5.7763e-11 7.1963e-11 7.8031e-11 6.2277e-11 5.1567e-11 6.5888e-11 5.3338e-11 7.9665e-11 6.9536e-11 5.1357e-11 3.9605e-11 4.0329e-11 5.8861e-11 4.4341e-11 3.9232e-11 4.8604e-11 5.3951e-11 4.0575e-11 3.6713e-11 3.4622e-11 3.0259e-11 2.4386e-11 2.9485e-11 2.2952e-11 2.5169e-11 2.0266e-11 2.2408e-11 2.0175e-11 2.6821e-11 1.7044e-11 9.6788e-12 1.3285e-11 7.828e-12 6.7391e-12 7.3244e-12 7.5671e-13 1.4214e-12 7.6476e-12 -1.3287e-13 8.763e-12 -6.2498e-12 -3.3021e-12 4.403e-12 1.8627e-12 -3.27e-12 -4.3078e-12 8.419e-13 -7.7019e-12 2.6083e-12 -9.6341e-12 -9.5367e-13 -7.7608e-12 -5.1041e-12 -1.4953e-12 -5.9447e-13 3.7537e-12 -1.5441e-13 -3.1691e-12 -4.2665e-12 -7.4256e-12 -5.2727e-12 4.7229e-12 -2.0966e-12 -2.126e-12 -2.5911e-13 1.007e-12 1.4726e-12 -6.0139e-13 -8.2081e-13 -4.046e-12 -2.2234e-12 -1.9873e-12 -3.3621e-12 -1.36e-12 4.4969e-12 -2.0881e-12 -4.8215e-12 -1.9838e-12 -1.0882e-12 4.2808e-12 1.6827e-12 5.0245e-13 -1.1393e-12 1.2563e-12 1.2174e-12 6.1997e-13 -1.4004e-12 2.3009e-13 -1.9694e-12 1.4036e-13 1.4622e-12 -8.9745e-13 -1.1161e-12 3.2785e-15 1.1362e-12 1.0407e-12 -2.1054e-13 -3.4246e-13 5.1378e-14 -3.1056e-14 8.5168e-14 -2.051e-14 1.8453e-14
8.463e-11 8.0161e-11 8.2702e-11 7.454e-11 7.87e-11 7.7496e-11 9.0249e-11 6.6032e-11 8.7436e-11 5.7165e-11 7.8763e-11 7.7437e-11 6.2633e-11 5.6888e-11 6.6672e-11 5.5779e-11 6.9536e-11 8.199e-11 5.2617e-11 4.4911e-11 4.0498e-11 5.5187e-11 4.0741e-11 3.6951e-11 5.0039e-11 5.3999e-11 3.8363e-11 4.1266e-11 3.3447e-11 3.4713e-11 2.4747e-11 2.7224e-11 2.1249e-11 2.4061e-11 1.7404e-11 2.4277e-11 1.7267e-11 2.2816e-11 1.804e-11 1.057e-11 7.1246e-12 7.6986e-12 4.668e-12 1.0565e-11 1.8183e-12 4.1971e-13 3.5014e-12 -2.2109e-12 6.1377e-12 -8.015e-12 -3.0252e-12 -2.0254e-13 -5.5626e-13 -5.6574e-12 -4.4074e-12 -1.4753e-12 -6.2985e-12 5.9308e-12 -7.5974e-12 -7.0215e-12 -6.4696e-12 -6.1408e-12 -2.7411e-12 2.9703e-12 -5.377e-13 2.9383e-12 -4.5692e-12 -6.9848e-12 -4.4125e-12 -8.3861e-12 2.8357e-12 -5.4695e-12 2.7746e-14 -1.9326e-12 -7.623e-13 6.9097e-13 1.1749e-12 -3.5465e-14 -2.8877e-12 -2.7154e-12 -9.6107e-13 -2.1005e-12 -1.5653e-12 -9.8315e-13 -3.4804e-12 -3.7599e-12 -1.2113e-12 8.1157e-14 2.5126e-12 2.3125e-12 1.3323e-12 -1.4979e-12 1.7177e-12 4.7361e-13 9.485e-16 -9.9672e-13 1.0138e-12 -1.3768e-12 -5.0225e-14 1.9096e-12 -1.3275e-12 -1.2605e-12 6.8952e-13 8.7227e-13 1.0693e-12 -3.5626e-13 -1.9381e-13 -5.3913e-14 -1.7815e-13 7.6445e-14 2.9314e-14 -1.8694e-14
7.0491e-11 6.5908e-11 6.7409e-11 6.5605e-11 6.4581e-11 6.3426e-11 8.3889e-11 5.5869e-11 7.6503e-11 4.98e-11 6.137e-11 6.0331e-11 5.5003e-11 4.8382e-11 5.0683e-11 5.2127e-11 5.1357e-11 5.2617e-11 5.8265e-11 3.5268e-11 3.1217e-11 4.7902e-11 3.4969e-11 3.5142e-11 3.8956e-11 4.8031e-11 3.4262e-11 3.2659e-11 2.5768e-11 2.7827e-11 1.8131e-11 2.9004e-11 1.461e-11 1.9949e-11 1.9284e-11 2.0546e-11 1.5603e-11 2.7547e-11 1.151e-11 5.359e-12 1.2754e-11 5.9334e-12 3.6859e-12 2.555e-12 -1.3332e-12 3.3301e-12 6.139e-12 1.0704e-12 8.6364e-12 -8.2047e-12 -2.2479e-12 1.7197e-12 -1.0232e-12 2.1981e-13 -5.6456e-12 -5.9725e-13 -1.4054e-12 -1.6255e-12 -8.3172e-12 -6.2568e-12 -5.6835e-12 -1.0475e-12 -2.0251e-12 -1.6151e-13 1.5139e-12 2.0592e-12 -3.2647e-12 -5.1479e-12 -3.1983e-12 -3.5417e-12 2.8474e-12 -3.4828e-12 2.3692e-13 1.7462e-13 -1.7739e-12 -8.8711e-13 1.3996e-12 -9.6379e-13 -4.4428e-13 -3.5146e-12 -1.5264e-12 -2.6451e-13 5.5727e-13 3.2906e-12 -1.5989e-12 -3.2757e-12 -4.6915e-12 -2.4916e-13 2.4891e-12 1.8279e-12 1.2216e-12 -2.2738e-12 2.5076e-12 -1.2118e-12 2.2528e-13 -1.4158e-12 1.4473e-12 -1.7352e-12 -2.1419e-13 1.4229e-13 -1.3158e-12 -4.4969e-13 -1.5725e-15 7.5738e-13 3.2214e-13 -3.8124e-13 -2.6811e-13 1.5792e-13 -1.1341e-13 2.6898e-13 -9.7575e-14 -2.827e-14
6.0595e-11 5.6989e-11 5.6991e-11 5.6602e-11 5.539e-11 5.5929e-11 5.9552e-11 4.6665e-11 6.253e-11 4.1343e-11 5.293e-11 5.1138e-11 5.0387e-11 4.1903e-11 4.8922e-11 3.9925e-11 3.9605e-11 4.4911e-11 3.5268e-11 4.9374e-11 2.1317e-11 3.367e-11 2.7075e-11 2.2725e-11 3.2082e-11 3.3589e-11 2.4614e-11 3.0536e-11 2.149e-11 1.511e-11 1.3364e-11 2.4183e-11 1.5464e-11 1.888e-11 1.03e-11 1.5986e-11 1.8702e-11 1.7217e-11 1.059e-11 1.3018e-11 1.153e-11 1.0456e-11 2.7962e-12 4.2334e-12 4.757e-12 2.5264e-12 7.9894e-12 -6.7909e-12 5.7199e-12 -5.8325e-12 -1.338e-12 -4.1196e-12 -2.46e-12 4.4546e-13 -4.0734e-12 -3.8444e-12 3.9584e-12 2.6936e-12 -2.2904e-12 -9.1766e-12 -6.9672e-12 -5.0323e-12 -8.7127e-12 -1.9442e-12 -1.4107e-13 4.0778e-12 1.031e-12 -7.1851e-12 -6.849e-12 -6.5067e-12 5.0008e-12 -3.0836e-12 -5.4203e-14 -1.0374e-12 -2.6752e-12 1.6859e-12 5.4269e-13 -2.1349e-12 -2.4516e-12 -1.0239e-12 -1.4267e-12 -3.0588e-12 -1.5813e-12 -3.4258e-15 -4.0602e-12 1.3291e-12 -2.3409e-12 -3.9805e-13 2.1023e-12 2.2143e-12 3.5712e-12 -1.0611e-12 1.4386e-12 -9.7856e-13 2.0621e-12 1.0831e-13 2.4168e-12 -2.2844e-12 -3.6052e-13 1.2068e-12 -9.7828e-13 1.1744e-13 1.6738e-13 3.0115e-13 7.3353e-13 -2.3321e-13 -6.3956e-14 2.4604e-14 -2.3749e-13 5.0973e-14 -1.7784e-14 -5.314e-15
4.7898e-11 5.2577e-11 4.5237e-11 3.9865e-11 4.6911e-11 4.6604e-11 5.6773e-11 3.9462e-11 5.2735e-11 3.4319e-11 4.868e-11 4.4534e-11 3.4794e-11 3.5822e-11 3.9719e-11 3.2743e-11 4.0329e-11 4.0498e-11 3.1217e-11 2.1317e-11 3.6346e-11 3.4356e-11 2.3703e-11 2.3962e-11 3.0423e-11 3.2512e-11 2.1147e-11 2.7675e-11 2.52e-11 1.6983e-11 1.2055e-11 2.0003e-11 1.1492e-11 9.5673e-12 1.325e-11 1.3578e-11 9.9689e-12 1.9723e-11 6.6293e-12 7.648e-12 8.7784e-12 3.8278e-12 1.961e-12 8.4209e-12 -1.1143e-12 -8.9192e-14 5.4609e-12 3.835e-12 7.0158e-12 -3.1294e-12 3.8811e-13 2.8902e-12 1.9464e-12 -1.8804e-12 -3.7554e-12 1.7394e-12 -2.885e-12 -9.1883e-13 -7.84e-12 -3.4959e-12 -2.4718e-12 -4.5102e-12 -1.7111e-13 1.4255e-12 1.3912e-12 2.2023e-12 -3.1224e-12 -1.2445e-12 -2.1167e-12 -1.4098e-12 2.3619e-12 -3.8058e-12 5.559e-13 6.9637e-13 1.9817e-12 1.0042e-12 1.6262e-12 -7.5245e-13 -1.3503e-12 -1.6351e-12 -2.6159e-12 -3.2541e-12 1.1367e-13 1.7134e-12 -4.5964e-13 -3.2008e-12 -1.3655e-12 4.3954e-13 2.6499e-12 4.0515e-14 1.9269e-12 4.887e-13 4.2907e-13 9.723e-13 1.2711e-12 -8.072e-13 1.4955e-12 -1.2015e-12 2.5133e-13 1.5706e-12 -5.7931e-13 -6.5784e-13 9.3968e-14 4.9229e-13 5.6698e-13 -2.1934e-13 8.9891e-14 -4.8769e-14 -7.9942e-14 -2.2207e-14 -5.6144e-14 -3.406e-14
7.2831e-11 6.9996e-11 6.2879e-11 6.4468e-11 6.7433e-11 6.586e-11 8.1722e-11 5.9319e-11 7.4108e-11 4.9983e-11 5.9535e-11 6.2446e-11 5.4846e-11 5.0246e-11 5.1443e-11 5.0957e-11 5.8861e-11 5.5187e-11 4.7902e-11 3.367e-11 3.4356e-11 6.5637e-11 3.3442e-11 3.8047e-11 3.6181e-11 4.6411e-11 3.7759e-11 3.5653e-11 3.2443e-11 2.6099e-11 2.1109e-11 2.9166e-11 1.635e-11 2.7057e-11 1.9686e-11 2.4596e-11 1.6854e-11 3.0182e-11 1.1513e-11 1.1562e-11 1.3941e-11 4.6093e-12 1.0388e-12 7.5229e-12 -3.0322e-12 4.2001e-12 1.2143e-11 5.9634e-12 1.4328e-11 -4.6958e-12 1.4102e-12 3.5199e-13 4.2994e-12 1.601e-12 -2.9041e-12 3.3867e-13 -3.8313e-12 -2.5899e-12 -1.0163e-11 -5.344e-13 -8.2667e-12 -3.0588e-12 3.2299e-12 -3.0865e-12 3.0082e-12 -2.7352e-13 -1.1488e-12 -1.2816e-12 -4.5349e-12 -3.5293e-12 7.4075e-12 -3.3138e-12 -1.726e-12 -4.0452e-13 7.9353e-13 3.6992e-12 -2.7879e-13 -4.5569e-13 -6.5946e-13 -1.6724e-12 5.1717e-15 -1.5458e-12 -3.9514e-13 3.1128e-12 -1.0673e-12 -5.1488e-12 -3.5281e-12 -5.306e-13 3.47e-12 1.5769e-12 1.7032e-12 8.3188e-13 2.6782e-12 2.0413e-12 1.5812e-12 5.7918e-13 3.238e-13 -7.8841e-14 -2.6048e-13 1.0756e-12 -3.9627e-13 -8.7963e-13 5.1994e-13 1.313e-12 7.4894e-13 -9.3055e-14 -2.4285e-13 1.1304e-13 -8.3687e-14 8.5521e-14 3.0576e-14 -5.6756e-14
5.1032e-11 5.5697e-11 5.5115e-11 4.9797e-11 4.6574e-11 5.1215e-11 6.1269e-11 3.8632e-11 6.2927e-11 3.9232e-11 4.5504e-11 4.9285e-11 4.408e-11 3.4855e-11 3.9419e-11 3.666e-11 4.4341e-11 4.0741e-11 3.4969e-11 2.7075e-11 2.3703e-11 3.3442e-11 4.6969e-11 1.9099e-11 3.3201e-11 2.9811e-11 2.2612e-11 2.5179e-11 2.7524e-11 2.1248e-11 1.8815e-11 2.0823e-11 9.8033e-12 1.6316e-11 1.1919e-11 1.2379e-11 1.6243e-11 1.5961e-11 9.7106e-12 5.9465e-12 4.0107e-12 6.5591e-12 6.6369e-12 -2.8426e-13 6.5951e-12 1.6818e-12 5.7529e-12 1.3945e-12 5.1224e-13 -2.5429e-12 2.6122e-12 3.0675e-12 4.8253e-12 1.8657e-12 -3.6476e-12 7.6564e-13 -4.1475e-12 3.6065e-12 -6.8076e-12 -2.4928e-12 -7.2998e-12 -5.4756e-12 -2.4327e-12 -1.374e-12 1.9796e-12 3.1369e-12 -4.2383e-12 -5.0011e-12 -3.8159e-12 -3.8915e-12 2.9898e-12 -3.7172e-12 1.5627e-13 5.1312e-13 -1.9314e-12 1.2683e-12 -1.2806e-12 -1.7497e-12 -1.0116e-12 -3.7855e-12 -1.9881e-12 -2.5047e-12 -1.846e-13 1.2987e-12 -3.6365e-12 -2.0378e-12 -2.097e-12 -6.6584e-13 3.3733e-12 1.7161e-12 -6.6379e-13 -1.113e-12 2.131e-12 1.1568e-12 -6.1621e-13 -2.3389e-12 4.7057e-13 -4.4201e-13 6.1684e-13 2.036e-13 -4.553e-13 -3.4452e-13 -2.7773e-13 9.3759e-14 5.702e-13 -4.3547e-14 -3.7679e-13 9.1333e-14 7.4926e-14 9.9641e-14 5.6837e-15 -7.4824e-15
5.2959e-11 5.4293e-11 4.7896e-11 4.6808e-11 4.6923e-11 4.7736e-11 5.834e-11 3.8076e-11 5.668e-11 3.365e-11 4.1675e-11 4.7306e-11 4.3733e-11 3.8917e-11 3.8855e-11 3.7386e-11 3.9232e-11 3.6951e-11 3.5142e-11 2.2725e-11 2.3962e-11 3.8047e-11 1.9099e-11 4.9749e-11 2.5397e-11 3.6157e-11 2.5801e-11 2.6131e-11 1.8212e-11 2.3931e-11 1.3455e-11 2.0043e-11 8.9375e-12 1.9658e-11 1.2294e-11 2.0042e-11 1.099e-11 1.6583e-11 7.9205e-12 1.173e-11 1.4191e-11 3.081e-12 -2.9076e-13 3.8143e-12 1.6072e-12 1.2491e-11 5.1821e-12 8.1334e-13 1.0268e-11 -1.1162e-11 -2.6851e-12 4.7574e-12 1.6125e-12 -1.0027e-13 -1.82e-12 1.9048e-12 -2.2655e-12 -7.3754e-14 -9.6411e-12 -4.1028e-12 -2.939e-13 -1.1482e-12 8.2337e-15 -2.6399e-12 2.5841e-12 -1.1422e-12 -2.1883e-12 -1.6836e-12 -3.2123e-12 -3.1644e-12 2.6444e-12 -2.631e-12 -2.1967e-12 -1.4871e-12 1.5082e-12 8.1986e-13 2.5694e-12 4.8793e-14 1.9848e-12 -1.9754e-12 2.2835e-12 -9.2508e-14 7.058e-13 3.3864e-12 -8.6117e-13 -3.0671e-12 -1.5241e-12 -4.0799e-13 1.8728e-12 1.6255e-12 1.1665e-13 -6.2997e-14 -8.9063e-13 4.2146e-12 6.7037e-13 -1.004e-12 -4.0215e-13 -4.427e-13 1.1835e-13 -7.8627e-14 -6.4964e-13 -6.2779e-13 1.3007e-13 4.6837e-13 9.8817e-13 -7.8543e-14 -4.9374e-14 -1.0055e-14 -9.4762e-14 1.064e-13 -6.4673e-14 1.6061e-14
6.5104e-11 6.2282e-11 5.7305e-11 5.3372e-11 5.6051e-11 5.8606e-11 7.0009e-11 5.0231e-11 6.8859e-11 4.5941e-11 5.8095e-11 5.6586e-11 4.9741e-11 4.7384e-11 4.9887e-11 4.4662e-11 4.8604e-11 5.0039e-11 3.8956e-11 3.2082e-11 3.0423e-11 3.6181e-11 3.3201e-11 2.5397e-11 5.4613e-11 4.1528e-11 2.6693e-11 3.0807e-11 2.1176e-11 2.031e-11 2.0003e-11 2.6258e-11 1.8336e-11 1.5451e-11 1.4516e-11 1.8142e-11 1.3788e-11 1.8242e-11 1.0974e-11 4.245e-12 8.1339e-12 8.1963e-12 4.9596e-12 2.6457e-12 4.3036e-12 -3.6379e-15 3.7229e-13 3.5736e-12 9.0774e-12 -6.6505e-12 1.4252e-12 2.8875e-12 -2.0701e-12 -2.2284e-12 -6.3794e-12 -1.7984e-12 -1.2598e-12 1.4009e-12 -1.1259e-11 -4.9012e-12 -1.0632e-12 -3.0546e-12 -3.3358e-12 4.2569e-12 4.8982e-12 1.2328e-12 -5.3744e-12 -8.5699e-12 -4.8517e-12 -3.3457e-12 3.611e-13 -5.0796e-12 2.032e-13 -2.7139e-12 -1.2474e-12 4.6283e-13 -1.0192e-13 -1.6946e-13 3.7353e-13 -2.94e-12 -1.0533e-12 -3.5639e-12 -3.5591e-12 5.3969e-12 -4.4508e-13 -3.085e-12 -7.981e-13 2.3767e-12 9.3215e-13 2.9952e-13 1.7324e-12 -1.0756e-13 1.7507e-12 -1.1333e-12 1.4538e-12 -2.7987e-12 2.9301e-13 -2.2682e-12 8.8942e-13 1.4304e-12 -7.5967e-13 5.0112e-14 3.0265e-13 4.9782e-13 1.0711e-12 -1.1383e-13 -1.3167e-13 -1.4464e-13 -1.1347e-13 1.3742e-13 -1.573e-13 -3.734e-14
6.8928e-11 6.5079e-11 6.765e-11 6.2257e-11 6.2833e-11 5.7458e-11 7.7774e-11 5.8597e-11 7.2187e-11 4.8539e-11 6.2562e-11 6.0817e-11 5.249e-11 5.0043e-11 5.1066e-11 4.7643e-11 5.3951e-11 5.3999e-11 4.8031e-11 3.3589e-11 3.2512e-11 4.6411e-11 2.9811e-11 3.6157e-11 4.1528e-11 6.2409e-11 3.7072e-11 3.4124e-11 2.2978e-11 2.2712e-11 1.3959e-11 2.6431e-11 1.9597e-11 1.4167e-11 1.4403e-11 2.1792e-11 1.6309e-11 1.8269e-11 1.2769e-11 1.0428e-11 9.8001e-12 7.1999e-12 -1.363e-12 4.5035e-12 -1.4969e-12 3.43e-12 6.1481e-12 -9.1692e-13 5.1716e-12 -8.0745e-12 -1.6911e-12 2.5777e-12 -6.5744e-12 -4.1209e-12 -7.9845e-12 -1.0071e-12 -2.8781e-12 1.1616e-12 -8.9437e-12 -4.5944e-12 -4.5611e-12 -4.0712e-12 -1.2044e-12 6.5148e-13 5.5773e-12 -1.4393e-13 -2.5022e-12 -3.6319e-12 -6.5746e-12 -4.8629e-12 4.1434e-12 -3.8597e-12 -3.3501e-13 9.2315e-14 -1.2164e-12 2.5069e-13 -6.4544e-13 5.0657e-13 -4.3794e-13 -2.3908e-12 -8.1825e-13 -1.5868e-12 3.8047e-13 3.4729e-12 -1.5269e-13 -2.2628e-12 -3.0554e-12 -2.1872e-13 2.3433e-12 4.3441e-13 2.8615e-12 -1.556e-12 4.5034e-13 -2.351e-13 5.435e-13 -6.7957e-14 1.9125e-12 -2.3018e-12 1.2045e-12 1.4154e-12 -1.0999e-12 1.0952e-13 3.6814e-13 7.6849e-13 1.0319e-12 6.592e-14 -1.2801e-13 1.5974e-13 -1.8355e-13 1.2732e-13 -6.3209e-14 1.1634e-14
5.1211e-11 5.0056e-11 4.7061e-11 4.4463e-11 5.1143e-11 4.2831e-11 5.7455e-11 4.1738e-11 5.4026e-11 3.4776e-11 4.3624e-11 4.2898e-11 3.9306e-11 3.3965e-11 3.7791e-11 3.507e-11 4.0575e-11 3.8363e-11 3.4262e-11 2.4614e-11 2.1147e-11 3.7759e-11 2.2612e-11 2.5801e-11 2.6693e-11 3.7072e-11 3.8399e-11 2.611e-11 1.6239e-11 1.5428e-11 1.4115e-11 1.8657e-11 1.2318e-11 1.4687e-11 1.181e-11 1.9557e-11 1.4212e-11 1.6413e-11 7.9672e-12 8.8749e-12 9.4756e-12 1.8269e-12 2.6619e-12 4.7274e-12 -7.0162e-13 3.5003e-12 4.9721e-12 -5.4332e-13 5.9885e-12 -3.094e-12 -1.3023e-12 -6.0244e-14 2.098e-12 3.0976e-12 -6.186e-12 -1.2223e-12 -2.087e-12 -1.5426e-12 -7.7214e-12 -4.5473e-12 -6.9129e-12 -3.4498e-12 -2.3553e-12 -2.1654e-13 2.2288e-12 1.3975e-12 8.2743e-13 -9.6435e-13 -3.8821e-12 -4.3399e-12 6.2056e-12 -3.176e-12 -2.4441e-12 -9.7996e-13 -3.2964e-13 9.3367e-13 -1.1699e-12 9.4975e-13 -2.3773e-12 -1.1197e-12 3.4468e-14 -2.1806e-12 3.0083e-14 2.0381e-12 -1.6789e-12 -2.1165e-12 -1.7795e-12 5.104e-13 1.9027e-12 -4.9764e-14 1.1457e-12 -1.7575e-12 1.0176e-12 -9.4754e-14 -2.0436e-13 4.7948e-13 -6.7549e-13 -2.2716e-12 1.7779e-14 8.2498e-13 -1.1578e-12 -2.3577e-13 3.0269e-13 3.6757e-13 2.2556e-13 1.0306e-14 -5.1929e-14 1.0621e-13 -1.2465e-13 8.225e-14 -8.1271e-14 7.8292e-16
5.5284e-11 5.4781e-11 4.8833e-11 4.8199e-11 5.1506e-11 4.971e-11 5.4143e-11 4.4544e-11 5.6632e-11 3.7161e-11 4.7757e-11 4.9666e-11 4.3981e-11 4.0367e-11 3.8099e-11 3.8968e-11 3.6713e-11 4.1266e-11 3.2659e-11 3.0536e-11 2.7675e-11 3.5653e-11 2.5179e-11 2.6131e-11 3.0807e-11 3.4124e-11 2.611e-11 3.6613e-11 2.2822e-11 1.851e-11 1.4763e-11 1.9676e-11 1.0211e-11 1.4241e-11 1.0175e-11 2.0603e-11 1.1439e-11 2.0925e-11 7.6047e-12 8.318e-12 1.3263e-11 4.1418e-12 2.9484e-12 7.4425e-12 4.7092e-12 1.8011e-12 7.439e-12 -2.2817e-13 6.6493e-12 -2.5361e-12 -1.5157e-13 -5.6234e-13 1.0478e-13 2.0164e-12 -3.6742e-12 -2.7846e-12 9.1584e-15 2.0437e-13 -8.284e-12 -5.8478e-12 -5.6782e-12 -5.2024e-12 -1.8517e-12 -3.99e-14 -8.9218e-13 3.0891e-12 -2.0544e-12 -4.4291e-12 -4.103e-12 -4.9755e-12 5.6987e-12 -4.4741e-12 2.1074e-13 -1.8751e-12 -7.3514e-13 1.7434e-12 -8.9264e-14 -2.1806e-12 -1.6651e-12 -1.0779e-12 3.1229e-13 -3.711e-12 1.8173e-12 1.1176e-12 -3.5345e-12 -1.2396e-12 -1.8319e-12 -5.6075e-13 1.0932e-12 1.5603e-12 3.9366e-12 -5.1436e-13 4.4213e-14 1.794e-12 1.4611e-12 -2.0393e-13 2.0646e-12 -1.9344e-12 1.0915e-12 6.8583e-13 -9.0859e-13 -3.9061e-13 -3.9601e-14 2.8699e-13 5.9033e-13 -1.326e-13 1.5433e-13 6.3721e-15 -1.3115e-13 9.2933e-15 -4.9561e-14 -3.4475e-14
4.3079e-11 4.7267e-11 3.8891e-11 3.8798e-11 3.925e-11 4.081e-11 4.8747e-11 3.117e-11 4.4698e-11 3.1109e-11 3.8724e-11 3.6354e-11 3.2246e-11 2.8015e-11 3.0063e-11 2.747e-11 3.4622e-11 3.3447e-11 2.5768e-11 2.149e-11 2.52e-11 3.2443e-11 2.7524e-11 1.8212e-11 2.1176e-11 2.2978e-11 1.6239e-11 2.2822e-11 3.2105e-11 1.5176e-11 1.5758e-11 1.6868e-11 8.2564e-12 1.3754e-11 1.1346e-11 1.41e-11 1.1034e-11 1.7959e-11 5.7819e-12 7.5356e-12 7.4142e-12 3.9414e-12 2.4986e-12 4.931e-12 2.6754e-13 2.2506e-12 3.4538e-12 2.5348e-12 1.4475e-12 -6.227e-13 2.4321e-12 -9.1102e-14 5.7886e-12 1.6586e-12 -3.1405e-13 1.8527e-12 -4.2947e-12 4.0196e-12 -6.6368e-12 -6.6892e-13 -6.9714e-12 -4.5909e-12 -1.8379e-12 -3.6112e-12 -7.4374e-14 2.3346e-12 -1.645e-12 -3.9271e-12 -2.8421e-12 -2.6714e-12 3.132e-12 -2.6314e-12 -1.0893e-12 1.5191e-13 -5.3338e-13 2.9666e-12 4.6383e-13 -9.0926e-13 -6.2065e-13 -2.7329e-12 -2.2274e-12 -2.8144e-12 7.5677e-13 1.0481e-12 -1.7662e-12 -6.0967e-13 -2.1248e-13 -1.153e-12 2.9061e-12 2.3473e-13 1.5711e-13 1.1179e-12 8.2083e-14 3.467e-12 8.3241e-13 -1.7193e-12 1.2311e-12 -9.1317e-13 -1.2815e-13 7.4792e-13 -4.407e-13 -4.9162e-13 6.8296e-14 -7.7419e-14 3.8604e-13 -8.8912e-14 -4.7625e-14 2.8103e-14 8.242e-14 -3.8412e-14 8.5249e-15 -9.3895e-15
3.6834e-11 3.8032e-11 3.9588e-11 3.4847e-11 3.4762e-11 3.6824e-11 4.3425e-11 3.1308e-11 4.3471e-11 2.3366e-11 3.3168e-11 3.5918e-11 3.3779e-11 2.6794e-11 2.9959e-11 2.5967e-11 3.0259e-11 3.4713e-11 2.7827e-11 1.511e-11 1.6983e-11 2.6099e-11 2.1248e-11 2.3931e-11 2.031e-11 2.2712e-11 1.5428e-11 1.851e-11 1.5176e-11 3.2938e-11 1.433e-11 8.7876e-12 6.3113e-12 1.2708e-11 1.3861e-11 1.2042e-11 7.3799e-12 1.2136e-11 8.9446e-12 1.7704e-12 2.0149e-12 1.736e-12 1.9924e-12 8.6911e-12 9.2864e-13 3.9347e-12 4.8312e-12 -2.7363e-12 3.9298e-12 -2.7161e-12 -2.3818e-12 3.3778e-12 9.6872e-13 -1.4299e-12 -1.2336e-12 4.019e-12 -2.2932e-12 2.9342e-12 -3.0436e-12 -2.0005e-12 -4.9003e-12 -2.2071e-12 3.4176e-13 -2.112e-12 -2.2011e-12 -8.2252e-13 -6.5e-12 -2.9666e-12 -1.3544e-12 -5.0193e-12 3.0279e-12 -4.908e-12 5.0468e-13 -4.8332e-13 -1.4994e-12 -4.3849e-13 -7.414e-13 6.591e-13 -3.8844e-13 -2.8717e-12 7.0106e-13 1.1288e-12 3.1578e-12 1.5939e-12 -1.6692e-12 -2.5074e-12 -9.8351e-13 -2.383e-12 1.0472e-12 1.4675e-12 -8.7727e-13 -1.0022e-12 1.0238e-12 1.695e-12 2.4772e-13 -1.4879e-12 6.4115e-13 7.7622e-13 4.2909e-13 -7.7692e-13 -1.0611e-12 -6.6533e-13 8.0712e-14 4.2565e-13 7.236e-13 -2.6957e-13 -1.5802e-13 1.2236e-13 -9.1933e-14 7.5128e-14 -3.319e-14 -5.6987e-14
2.9851e-11 3.1376e-11 3.1558e-11 2.4693e-11 2.4624e-11 2.939e-11 3.4027e-11 2.3061e-11 3.6482e-11 2.3503e-11 2.6836e-11 2.5312e-11 2.265e-11 2.0049e-11 2.4303e-11 2.5092e-11 2.4386e-11 2.4747e-11 1.8131e-11 1.3364e-11 1.2055e-11 2.1109e-11 1.8815e-11 1.3455e-11 2.0003e-11 1.3959e-11 1.4115e-11 1.4763e-11 1.5758e-11 1.433e-11 2.7994e-11 7.7813e-12 3.463e-12 1.3196e-11 5.5011e-12 1.1036e-11 1.0437e-11 9.5122e-12 8.3479e-12 6.2286e-12 7.3583e-12 2.8067e-12 3.1433e-12 5.0999e-12 -5.637e-13 1.8527e-12 -1.0092e-12 -2.0947e-12 3.7104e-12 -3.6115e-12 -1.3963e-12 -9.9337e-13 3.3576e-12 2.8329e-12 -2.4674e-13 1.0932e-12 -4.562e-12 5.7525e-12 -6.0229e-12 2.5131e-12 -3.1875e-12 -1.4733e-12 1.4621e-13 6.6871e-13 -3.7782e-13 9.1303e-13 -5.1136e-13 -3.9474e-14 1.1494e-12 -5.8617e-13 6.7363e-13 -1.5881e-12 -3.3312e-13 -3.2083e-12 -1.4427e-12 7.2733e-13 -9.4359e-13 -1.5115e-12 -1.8044e-12 -1.0493e-12 -7.5872e-13 4.1339e-13 -6.3013e-13 3.4783e-12 -2.5396e-12 -8.593e-13 6.6154e-14 -1.1055e-12 1.6869e-12 1.0329e-12 -2.0938e-12 2.394e-13 8.2662e-13 5.7344e-14 -1.1264e-12 -1.062e-12 -2.2212e-13 1.1571e-13 1.0728e-13 6.1596e-13 -7.3377e-13 -6.63e-13 -2.1205e-13 -2.1603e-13 2.0794e-13 -3.0879e-13 -2.6075e-13 5.9797e-14 -1.3765e-14 8.0616e-14 -1.7957e-14 -2.403e-14
