,0,1,2,3,4,5,6,7,8,9,10,11,12,13,14,15,16,17,18,19,20,21,22,23,24,25,26,27,28,29,30,31,32,33,34,35,36,37,38,39,40,41,42,43,44,45,46,47,48,49,50,51,52,53,54,55,56,57,58,59,60,61,62,63,64,65,66,67,68,69,70,71,72,73
0,1,0.055784,0.26913,0.13398,-0.20624,0.056996,-0.013298,0.11646,0.093241,-0.067492,0.162,0.057155,0.073151,0.12297,0.51005,0.1116,0.10812,0.13172,0.19589,0.064,0.047193,0.2199,0.19493,0.045258,-0.0098572,0.12919,0.11921,0.16488,0.10587,0.012258,-0.1429,0.0446,0.20603,0.036656,0.0014836,-0.16003,-0.024066,0.057537,0.074127,-0.069198,-0.024602,0.036061,-0.081503,-0.0014699,-0.14907,0.020291,0.089023,0.2948,0.098277,0.09585,-0.20719,0.22433,0.23243,0.13041,0.0013525,0.062975,-0.024888,-0.087116,0.2747,-0.11994,0.2617,0.14146,-0.057535,-0.29103,0.12097,0.25238,-0.095992,-0.12636,0.09692,0.11152,0.0025378,0.023546,0.01474,0.16836
1,0.055784,1,0.11619,0.13363,0.35215,0.38197,0.17183,-0.068841,0.078249,0.021107,0.24355,-0.077797,0.13543,0.18773,0.025949,-0.060823,-0.13632,-0.22346,0.0060388,0.066542,-0.11415,-0.03921,0.21472,0.21992,0.21545,0.1012,-0.088932,-0.055953,0.33655,-0.21076,0.18467,-0.12704,0.15304,0.052659,0.053259,0.013932,-0.30571,0.42117,0.09156,0.071837,0.078098,0.036427,0.027191,-0.0918,0.032534,0.033805,-0.066697,0.20584,-0.12361,-0.040199,0.2821,0.090218,0.11742,0.23026,0.046068,0.0012744,-0.1202,0.073376,0.22457,0.12775,-0.015937,0.019946,0.0042648,0.038018,-0.16362,-0.002973,0.087863,0.096263,0.082996,0.22717,-0.077031,0.28239,0.31165,0.016006
2,0.26913,0.11619,1,0.11503,-0.079398,0.067982,-0.12043,-0.0096899,0.031696,0.23369,0.16015,0.16425,-0.035317,0.0009513,0.1747,0.18059,0.29408,-0.13075,0.2373,-0.07508,0.031827,0.090354,0.23549,-0.11852,-0.087171,-0.02211,-0.10097,0.075428,0.32094,-0.19314,-0.13455,-0.070933,0.038411,-0.14931,-0.063504,-0.12936,0.047631,0.069516,-0.031271,0.013412,-0.20997,-0.053421,0.11005,-0.079706,0.085855,0.022156,0.022056,0.33378,0.056862,0.16811,-0.17809,0.037726,-0.07576,0.02255,0.26986,0.22804,-0.14958,0.1019,-0.094467,-0.021312,0.060254,-0.07987,0.17557,-0.16197,0.016697,0.13867,-0.10855,0.076834,0.047881,0.16416,-0.076463,0.15621,0.095356,0.16173
3,0.13398,0.13363,0.11503,1,-0.090855,0.15051,-0.036817,0.042811,0.075805,0.16981,-0.16636,-0.030061,-0.056283,0.10463,0.054489,-0.15003,0.005086,-0.096569,0.0022922,0.34139,-0.019301,-0.021927,0.099359,-0.0029159,0.07505,-9.1585e-05,0.0082558,-0.14125,0.19448,0.15778,-0.22066,-0.13515,-0.1075,-0.21433,-0.22114,-0.01797,-0.070774,-0.027475,0.19595,0.11199,0.0020542,-0.009661,-0.25468,0.12716,-0.11561,-0.089078,-0.0086265,-0.037219,-0.12502,0.064689,-0.14978,0.015398,-0.03683,-0.063965,0.1311,0.34909,0.04676,0.039777,0.24784,0.015144,0.046236,0.083006,-0.0061679,-0.24919,0.077181,-0.06282,-0.038055,0.145,-0.17057,0.16886,-0.036372,0.067186,0.24331,0.2039
4,-0.20624,0.35215,-0.079398,-0.090855,1,-0.15282,0.29171,0.11218,-0.081636,0.089776,0.24272,0.19283,0.094901,0.12401,0.031262,0.27232,0.07115,0.09997,-0.23718,-0.11137,0.023948,0.18558,-0.071413,0.11693,0.13579,0.11672,0.048284,0.087914,0.15924,0.12207,-0.11835,0.26432,-0.0763,-0.10255,0.27145,-0.025217,-0.016983,0.032798,-0.10963,-0.068908,0.24221,0.020715,0.030995,-0.042396,0.20767,0.045144,-0.046606,-0.007029,-0.081081,0.079341,0.24267,0.074178,0.33415,0.39025,0.19425,0.08624,0.011102,0.022293,-0.012676,0.03364,-0.046594,0.088416,0.25019,0.15136,-0.17804,-0.19022,0.079712,-0.082262,0.11874,0.18591,0.026272,-0.26645,0.10032,-0.078537
5,0.056996,0.38197,0.067982,0.15051,-0.15282,1,0.096464,-0.33844,0.30721,-0.074993,0.17966,0.1722,0.18431,0.11915,-0.048885,-0.082153,-0.18877,-0.25957,0.25723,0.00063585,0.095937,-0.11907,0.36482,0.15911,0.20742,0.21076,-0.1111,0.091598,0.34657,-0.12049,0.052316,-0.19489,-0.15807,0.0032718,0.057715,0.0016218,-0.046816,0.27207,0.058048,0.28726,0.01457,0.048607,-0.20773,0.16171,0.21184,0.082054,-0.069333,-0.0032799,-0.11622,-0.06032,-0.038987,0.11032,-0.031385,-0.12894,0.13954,-0.0043285,-0.0041028,0.028336,0.26453,0.14998,0.21605,0.27368,-0.072607,0.0026501,-0.019115,-0.020997,0.063018,0.11143,0.044522,-0.035137,0.10353,0.3299,0.095128,0.2782
6,-0.013298,0.17183,-0.12043,-0.036817,0.29171,0.096464,1,0.25493,0.15017,0.10709,0.17611,0.20402,0.42242,0.18854,0.13517,0.34184,0.14919,-0.0882,0.20957,0.18536,0.45333,0.13585,0.11894,0.20425,0.21173,0.17236,0.096083,0.21274,0.3084,0.19931,-0.041394,0.0031648,0.19599,-0.20734,0.28494,-0.21935,0.0051977,0.13711,-0.047995,-0.09005,0.10641,0.17122,-0.12495,-0.063154,0.2101,-0.20674,0.19626,0.034326,-0.047408,-0.16545,0.11322,-0.067448,0.075568,0.10696,-0.045175,0.16907,-0.18382,-0.1469,-0.13046,0.31433,-0.041375,-0.017228,-0.096073,0.28923,0.12123,0.16279,0.13606,-0.26709,-0.093804,-0.035347,-0.26187,-0.046807,-0.1037,0.048399
7,0.11646,-0.068841,-0.0096899,0.042811,0.11218,-0.33844,0.25493,1,0.063769,0.082056,-0.043933,0.081213,0.10566,0.49075,0.46539,0.26591,0.18658,0.037151,-0.012749,0.24509,0.37276,0.19654,-0.079772,0.1013,0.24473,0.23053,0.3568,-0.0043234,0.19659,0.10662,-0.003695,0.36344,0.14913,-0.23661,-0.18742,0.1003,0.12434,0.073458,0.019055,-0.21086,0.18168,-0.22353,0.0025051,0.048421,-0.15563,-0.25878,-0.10932,0.10737,-0.055163,-0.053298,-0.072092,-0.1566,0.15355,0.040174,0.041765,-0.093752,-0.075696,-0.19933,-0.29429,-0.18454,-0.10312,-0.038168,-0.25371,-0.11991,0.012086,-0.25809,-0.26602,-0.049311,-0.11717,-0.21416,-0.19466,-0.042278,-0.058584,-0.23428
8,0.093241,0.078249,0.031696,0.075805,-0.081636,0.30721,0.15017,0.063769,1,-0.13934,0.40675,0.25303,0.20982,0.32316,0.11425,-0.13213,0.10478,0.11577,0.3338,0.12659,0.13421,0.13951,0.34746,0.3424,0.19589,0.24605,-0.011282,0.2088,0.18788,-0.28505,0.24757,-0.063631,0.098564,-0.060556,0.005958,-0.034612,0.27636,-0.033741,-0.10467,0.18242,-0.032071,-0.041542,0.12455,0.10946,-0.07151,-0.10004,-0.048872,-0.096542,0.08145,0.23424,-0.0090813,-0.025438,-0.076467,-0.066093,-0.068638,0.051489,0.043902,0.18142,0.10543,0.02937,0.36785,0.16164,-0.20699,-0.13668,-0.028451,0.14487,-0.096956,-0.2618,-0.20552,-0.060625,0.063406,0.057961,0.1031,-0.019855
9,-0.067492,0.021107,0.23369,0.16981,0.089776,-0.074993,0.10709,0.082056,-0.13934,1,0.027077,-0.06039,-0.12634,0.0833,0.13169,0.33158,0.29917,0.15059,0.13542,0.22236,0.14451,0.34198,0.056974,-0.2143,0.11248,0.14627,0.17207,0.15233,0.066772,-0.1248,-0.081019,0.19757,0.22043,-0.083373,0.015765,-0.10798,0.16051,0.086963,-0.081611,0.2816,0.013711,0.032203,-0.18391,0.31147,-0.026952,-0.16435,-0.088668,0.16038,0.16139,-0.18079,-0.1626,0.020027,0.16167,-0.040167,-0.032652,0.12166,-0.32908,0.23123,-0.16473,0.041878,0.11376,-0.096421,0.090304,-0.059319,0.077436,0.020982,-0.24769,-0.25877,-0.11778,-0.093371,0.14492,0.23457,-0.12597,-0.071835
10,0.162,0.24355,0.16015,-0.16636,0.24272,0.17966,0.17611,-0.043933,0.40675,0.027077,1,0.28491,0.279,0.18602,0.12337,0.19982,0.18479,0.37724,0.20856,0.2834,0.20043,0.40661,0.27691,0.29766,0.10998,0.32294,-0.026544,0.47974,0.35805,0.071544,0.066974,0.21411,0.13246,-0.052967,0.19139,0.081673,0.12745,0.3089,-0.088654,0.08412,0.10165,-0.020653,0.038599,-0.034113,-0.038126,0.043615,0.079269,0.040154,0.041187,0.13756,0.035713,0.17734,0.20338,0.039501,0.010176,0.10358,-0.024746,0.28785,0.14166,0.15717,0.36341,-0.044931,0.034308,0.1509,-0.11408,0.28142,-0.21571,-0.21699,0.086424,0.18119,0.10277,-0.054292,-0.057252,-0.046815
11,0.057155,-0.077797,0.16425,-0.030061,0.19283,0.1722,0.20402,0.081213,0.25303,-0.06039,0.28491,1,0.018941,0.24498,0.14572,0.21646,0.32918,0.086382,0.13431,0.29648,0.31042,0.20176,0.022093,0.36994,0.33592,0.3471,0.20957,0.14787,0.40068,0.14185,0.031987,0.044946,0.032945,0.023178,0.18193,-0.19182,0.19719,-0.044412,-0.013523,-0.0087348,0.24357,0.038364,-0.025728,0.30228,0.1402,0.025408,0.16419,-0.12226,-0.128,0.10023,0.20512,-0.0096628,-0.068754,-0.0055524,0.24272,-0.12374,0.051064,0.12057,-0.027593,0.05246,-0.067415,-0.011406,-0.12982,0.13482,-0.13344,-0.18065,0.014044,-0.31594,-0.047327,0.038884,0.18157,-0.30021,-0.024415,-0.0277
12,0.073151,0.13543,-0.035317,-0.056283,0.094901,0.18431,0.42242,0.10566,0.20982,-0.12634,0.279,0.018941,1,0.32744,0.1853,0.00010573,0.0056569,0.16819,0.074502,0.15305,0.18246,0.013717,0.41538,0.14516,0.099232,0.16537,-0.020077,0.19344,0.28112,0.041059,0.092771,0.16143,0.28833,0.041406,0.14241,-0.05728,-0.0066812,0.25074,-0.066958,0.07416,0.012441,0.15777,0.080001,-0.053908,0.016012,-0.09797,-0.036954,0.062062,-0.1981,-0.048196,-0.076584,-0.0040878,0.31992,0.074386,-0.026008,-0.03425,-0.12548,-0.14894,-0.13345,0.21023,0.07224,0.25245,-0.29852,0.079837,0.25779,0.23969,-0.16801,0.054723,-0.13371,-0.19827,-0.11275,0.17255,-0.21378,-0.0035468
13,0.12297,0.18773,0.0009513,0.10463,0.12401,0.11915,0.18854,0.49075,0.32316,0.0833,0.18602,0.24498,0.32744,1,0.26324,0.20397,0.10398,0.20773,0.29895,0.41043,0.38447,0.23756,0.17997,0.44855,0.49688,0.35922,0.3377,0.20288,0.28176,-0.0029829,0.12042,0.40764,0.2472,-0.049304,-0.13628,0.10882,0.12483,0.1878,0.11927,-0.27545,0.15864,-0.027789,0.058269,0.29613,0.065493,-0.18953,-0.034766,-0.021234,-0.0043991,0.096831,0.15162,-0.07471,0.24214,0.16617,0.13901,-0.24119,-0.22963,0.13866,-0.20284,-0.20965,-0.031191,0.12041,-0.23251,0.017417,0.015326,-0.056718,-0.38494,-0.025348,-0.038474,-0.094587,-0.21738,0.22023,0.14225,-0.24596
14,0.51005,0.025949,0.1747,0.054489,0.031262,-0.048885,0.13517,0.46539,0.11425,0.13169,0.12337,0.14572,0.1853,0.26324,1,0.23541,0.32107,0.071305,-0.037126,0.21137,0.32756,0.21872,0.19342,-0.041998,0.16022,0.23963,0.21274,0.015505,0.093645,0.090015,-0.12888,0.15825,0.2302,0.022997,0.13416,0.055096,0.30314,0.061788,0.23458,-0.099539,-0.077086,-0.077531,-0.052236,-0.023312,-0.17102,-0.18019,-0.016637,0.1838,0.10922,-0.020271,-0.080403,0.14144,0.10258,-0.12157,-0.18285,0.045218,-0.0084128,-0.27711,-0.05369,-0.0871,0.11875,0.14897,-0.23917,-0.089909,-0.090789,-0.020879,-0.14556,-0.22272,-0.15194,-0.23926,0.10155,0.10652,-0.19689,-0.19438
15,0.1116,-0.060823,0.18059,-0.15003,0.27232,-0.082153,0.34184,0.26591,-0.13213,0.33158,0.19982,0.21646,0.00010573,0.20397,0.23541,1,0.18868,0.1059,0.34807,0.25852,0.57795,0.54174,0.03149,-0.087872,0.27145,0.26439,0.52735,0.35377,0.35829,0.24533,-0.096347,0.50978,0.20045,-0.26885,0.34658,-0.013772,0.15396,-0.054767,-0.046657,-0.096785,0.19691,0.17764,-0.041458,0.010218,0.043718,-0.1878,0.051745,0.050103,0.087738,0.041345,-0.15352,-0.11513,0.15339,0.0094696,0.11657,0.13341,-0.2128,0.12779,-0.1376,-0.066969,-0.095157,-0.20939,0.071412,-0.02324,0.029154,0.11889,-0.084273,-0.34286,0.04254,0.022207,-0.093241,-0.081578,-0.21831,-0.13462
16,0.10812,-0.13632,0.29408,0.005086,0.07115,-0.18877,0.14919,0.18658,0.10478,0.29917,0.18479,0.32918,0.0056569,0.10398,0.32107,0.18868,1,0.18548,-0.1796,0.12176,0.36998,0.31237,0.21683,0.02203,0.20375,-0.013825,0.10878,-0.082689,0.12994,0.059069,0.14504,-0.047139,0.20153,0.039983,0.21833,-0.14803,0.33387,0.26968,-0.054547,-0.056747,-0.015566,0.020831,0.015688,0.2219,0.029613,-0.32596,0.10292,0.1506,0.10308,0.23849,-0.095458,-0.11213,0.22654,0.1168,-0.17177,-0.074268,-0.041801,-0.014404,-0.3353,0.11301,-0.022661,0.16349,0.099579,-0.10503,-0.17399,0.18072,-0.28891,-0.25042,-0.070495,-0.18701,0.22745,0.073362,0.011581,-0.33337
17,0.13172,-0.22346,-0.13075,-0.096569,0.09997,-0.25957,-0.0882,0.037151,0.11577,0.15059,0.37724,0.086382,0.16819,0.20773,0.071305,0.1059,0.18548,1,-0.00216,0.1862,0.092765,0.45402,0.13854,0.18959,0.0021737,0.12215,0.42192,0.24267,0.0089323,0.045998,0.26655,0.31751,0.28321,0.15385,0.045515,-0.034302,0.19504,0.038267,-0.25379,-0.0085801,0.043694,0.17174,-0.033207,0.22034,-0.038623,0.10881,0.18227,-0.22499,0.13733,0.14404,-0.18165,0.16945,0.2849,0.10865,-0.23727,-0.17112,0.15547,0.16442,-0.11595,-0.25301,0.24556,-0.1713,0.14161,-0.049635,0.26481,0.067995,-0.50753,-0.37737,0.02439,-0.044969,0.042426,-0.10099,-0.14012,-0.3351
18,0.19589,0.0060388,0.2373,0.0022922,-0.23718,0.25723,0.20957,-0.012749,0.3338,0.13542,0.20856,0.13431,0.074502,0.29895,-0.037126,0.34807,-0.1796,-0.00216,1,0.19585,0.21549,0.32036,0.0088754,-0.0083887,0.22646,0.41889,0.19426,0.31179,0.35768,-0.10205,0.084823,0.19155,0.25154,-0.22376,-0.017126,-0.013506,-0.0049969,-0.14592,0.047112,0.1224,-0.063937,-0.074962,0.00086556,0.17828,0.16918,0.12624,-0.0082715,-0.1248,0.024274,-0.0053231,0.016359,-0.068564,-0.14904,-0.0095419,0.16222,0.030637,-0.17145,0.20786,0.21376,0.12658,0.1,-0.16346,-0.11868,0.15472,0.2203,0.23059,-0.038395,-0.168,-0.12413,0.10717,-0.21983,0.12758,-0.14913,0.22601
19,0.064,0.066542,-0.07508,0.34139,-0.11137,0.00063585,0.18536,0.24509,0.12659,0.22236,0.2834,0.29648,0.15305,0.41043,0.21137,0.25852,0.12176,0.1862,0.19585,1,0.29056,0.2843,0.050535,0.20083,0.2874,0.32671,0.46354,0.17553,0.33576,0.2255,0.063805,0.34687,0.40128,-0.1411,-0.034329,0.023955,0.15295,0.10033,0.090529,0.0048765,0.25668,0.084934,-0.13398,0.26733,-0.15815,-0.19542,-0.011885,-0.083254,-0.19592,-0.065927,0.090399,-0.080604,0.15352,-0.12466,-0.057254,-0.028121,-0.038863,0.22213,0.10086,0.04334,0.11283,-0.23165,-0.39157,0.12569,-0.034904,0.023504,-0.18359,-0.20103,-0.1745,-0.0074817,-0.028691,-0.13385,-0.11459,-0.10675
20,0.047193,-0.11415,0.031827,-0.019301,0.023948,0.095937,0.45333,0.37276,0.13421,0.14451,0.20043,0.31042,0.18246,0.38447,0.32756,0.57795,0.36998,0.092765,0.21549,0.29056,1,0.24576,0.16593,0.10689,0.44457,0.31206,0.24019,0.34511,0.40921,0.55919,-0.0014986,0.39437,0.18091,0.037557,0.34452,0.15748,0.34954,0.087727,0.21561,-0.25097,0.23863,0.00093102,-0.23332,0.021,0.015665,-0.4366,0.015922,-0.1189,-0.028675,-0.21391,-0.1976,-0.13323,-0.0029312,0.013574,-0.13273,-0.04467,-0.24603,-0.00083666,-0.15913,-0.21009,-0.062661,-0.029587,-0.29974,0.12754,0.018457,0.0020143,-0.35106,-0.31744,0.032576,-0.25878,-0.1246,0.11921,-0.31475,-0.05639
21,0.2199,-0.03921,0.090354,-0.021927,0.18558,-0.11907,0.13585,0.19654,0.13951,0.34198,0.40661,0.20176,0.013717,0.23756,0.21872,0.54174,0.31237,0.45402,0.32036,0.2843,0.24576,1,0.16314,0.16087,0.18618,0.38529,0.4926,0.38081,0.20331,0.017663,0.035093,0.34146,0.41108,-0.10408,0.11348,-0.30722,0.087672,-0.080023,-0.15461,0.0282,0.10679,-0.039303,-0.055857,0.10982,-0.10209,-0.0059508,0.089985,-0.10189,-0.026908,0.33585,-0.17281,0.096664,0.28219,0.10032,0.029891,0.14323,0.0057742,0.22022,-0.012925,-0.026305,-0.015296,-0.18556,0.13123,-0.060379,0.10762,0.20917,-0.2335,-0.43782,0.15211,0.15901,-0.13778,-0.03767,-0.25911,-0.11522
22,0.19493,0.21472,0.23549,0.099359,-0.071413,0.36482,0.11894,-0.079772,0.34746,0.056974,0.27691,0.022093,0.41538,0.17997,0.19342,0.03149,0.21683,0.13854,0.0088754,0.050535,0.16593,0.16314,1,0.21811,0.050806,0.1629,0.0069196,-0.0045317,0.28411,-0.058455,0.29307,0.079765,0.30082,0.16156,0.057969,-0.090399,0.41222,0.11106,0.0019651,0.12308,-0.16428,0.31085,0.12612,-0.11879,0.0092268,0.019925,0.28332,0.13444,-0.037977,0.23783,-0.33292,0.20425,0.21194,0.30718,-0.015505,0.16284,-0.11506,0.23782,-0.020609,-0.044111,0.26289,0.33231,-0.1426,-0.30524,0.14327,0.15311,-0.3014,-0.16036,0.19167,-0.20703,0.030981,0.28398,0.098222,0.030884
23,0.045258,0.21992,-0.11852,-0.0029159,0.11693,0.15911,0.20425,0.1013,0.3424,-0.2143,0.29766,0.36994,0.14516,0.44855,-0.041998,-0.087872,0.02203,0.18959,-0.0083887,0.20083,0.10689,0.16087,0.21811,1,0.33513,0.22632,0.16705,0.18268,0.25931,-0.003377,0.1253,-0.069772,0.068962,-0.0048363,-0.087558,-0.1788,0.063272,0.17135,-0.064063,-0.22754,0.024653,0.13683,0.11136,-0.14604,0.10551,-0.045106,0.16349,-0.17199,-0.071723,0.22794,0.28594,0.19611,-0.082008,0.089058,0.11407,-0.086001,-0.041697,0.14883,0.060952,-0.21393,-0.16952,0.12721,-0.053221,0.068525,0.082291,0.016077,-0.17251,-0.056124,-0.036625,0.29262,-0.042873,-0.16612,0.33935,-0.24737
24,-0.0098572,0.21545,-0.087171,0.07505,0.13579,0.20742,0.21173,0.24473,0.19589,0.11248,0.10998,0.33592,0.099232,0.49688,0.16022,0.27145,0.20375,0.0021737,0.22646,0.2874,0.44457,0.18618,0.050806,0.33513,1,0.26729,0.37948,-0.11499,0.41971,0.21053,0.3126,0.27512,0.081967,0.11372,0.091948,0.32348,0.18667,0.21309,0.10009,-0.016317,0.18056,0.20134,-0.12744,0.23843,0.24569,-0.19877,-0.20728,-0.20781,-0.02228,0.10935,0.26009,0.051193,0.044333,0.071125,0.12489,-0.20209,-0.11039,0.021631,-0.064273,-0.040784,-0.34478,0.014648,-0.075257,0.022009,-0.15787,-0.12348,-0.25595,-0.034692,0.042575,-0.13944,0.10506,0.1787,-0.10027,-0.18789
25,0.12919,0.1012,-0.02211,-9.1585e-05,0.11672,0.21076,0.17236,0.23053,0.24605,0.14627,0.32294,0.3471,0.16537,0.35922,0.23963,0.26439,-0.013825,0.12215,0.41889,0.32671,0.31206,0.38529,0.1629,0.22632,0.26729,1,0.29116,0.31942,0.35209,0.033056,-0.088089,0.31016,0.44312,0.2571,0.21542,-0.0036703,0.039989,0.023771,0.17217,0.061253,0.4074,-0.0015658,-0.083917,0.23099,0.17767,0.17181,0.032128,-0.035376,-0.052333,-0.065648,0.11069,0.16066,-0.078874,0.0023271,0.26687,0.1098,0.15527,0.24468,0.2528,-0.17966,0.22841,0.17616,-0.3015,0.12258,-0.099835,0.05003,-0.10031,-0.22846,-0.08706,-0.04769,-0.055872,-0.056577,-0.15456,0.0064699
26,0.11921,-0.088932,-0.10097,0.0082558,0.048284,-0.1111,0.096083,0.3568,-0.011282,0.17207,-0.026544,0.20957,-0.020077,0.3377,0.21274,0.52735,0.10878,0.42192,0.19426,0.46354,0.24019,0.4926,0.0069196,0.16705,0.37948,0.29116,1,0.12412,0.26684,0.037249,0.21123,0.42593,0.26758,-0.13138,0.097704,-0.056097,0.19496,-0.047619,-0.10315,0.0088071,0.18623,0.31569,-0.01246,0.18644,0.11013,-0.1664,0.19034,-0.098035,-0.025835,0.12138,-0.20132,0.022689,0.14663,0.093561,0.12307,-0.16377,-0.022479,0.017726,-0.061183,-0.23731,-0.12168,-0.19942,-0.059573,-0.084275,0.038845,-0.095505,-0.29539,-0.2773,-0.03039,-0.068969,-0.067156,-0.17791,-0.032154,-0.46643
27,0.16488,-0.055953,0.075428,-0.14125,0.087914,0.091598,0.21274,-0.0043234,0.2088,0.15233,0.47974,0.14787,0.19344,0.20288,0.015505,0.35377,-0.082689,0.24267,0.31179,0.17553,0.34511,0.38081,-0.0045317,0.18268,-0.11499,0.31942,0.12412,1,0.18824,0.099975,-0.20601,0.29399,0.028534,-0.090876,0.31265,-0.14224,0.057744,-0.016858,0.020649,-0.10989,0.32801,-0.13358,-0.056375,-0.15938,-0.099282,-0.1044,0.10598,0.017124,-0.057652,-0.1636,-0.35146,0.090245,0.046147,-0.13889,-0.0024501,0.16663,-0.28242,0.15941,0.15758,-0.18764,0.21277,-0.19639,-0.14264,0.18221,-0.048238,0.20349,-0.23547,-0.28288,0.05983,0.29717,-0.24716,0.010158,-0.19155,0.04102
28,0.10587,0.33655,0.32094,0.19448,0.15924,0.34657,0.3084,0.19659,0.18788,0.066772,0.35805,0.40068,0.28112,0.28176,0.093645,0.35829,0.12994,0.0089323,0.35768,0.33576,0.40921,0.20331,0.28411,0.25931,0.41971,0.35209,0.26684,0.18824,1,0.20624,0.23127,0.18432,0.10812,-0.26594,-0.0015154,0.049445,0.18474,0.2701,-0.032657,0.051961,0.11713,-0.10668,0.050744,0.022429,0.081353,-0.11201,-0.059614,-0.038605,-0.23056,-0.087729,-0.15375,0.10121,0.017809,0.098995,0.28963,-0.086809,-0.29148,0.23275,0.12313,0.12178,-0.13208,0.073072,-0.25928,0.069456,0.14968,0.007316,-0.25502,-0.12337,-0.0023304,-0.05942,-0.15914,0.080444,-0.016998,0.10142
29,0.012258,-0.21076,-0.19314,0.15778,0.12207,-0.12049,0.19931,0.10662,-0.28505,-0.1248,0.071544,0.14185,0.041059,-0.0029829,0.090015,0.24533,0.059069,0.045998,-0.10205,0.2255,0.55919,0.017663,-0.058455,-0.003377,0.21053,0.033056,0.037249,0.099975,0.20624,1,-0.25377,0.40878,0.033668,0.022252,0.23399,0.25012,0.18913,-0.13674,0.22838,-0.28678,0.29739,0.056812,-0.20763,-0.044323,0.042276,-0.17984,0.10503,-0.20716,-0.1579,-0.24467,-0.076555,-0.019396,0.08231,0.1624,-0.034013,0.0043863,-0.20941,-0.17077,0.16922,-0.24118,-0.24162,-0.10159,-0.14975,0.20604,0.020385,-0.068016,-0.092521,-0.002931,0.20623,-0.13116,-0.11001,-0.21453,-0.33211,0.12226
30,-0.1429,0.18467,-0.13455,-0.22066,-0.11835,0.052316,-0.041394,-0.003695,0.24757,-0.081019,0.066974,0.031987,0.092771,0.12042,-0.12888,-0.096347,0.14504,0.26655,0.084823,0.063805,-0.0014986,0.035093,0.29307,0.1253,0.3126,-0.088089,0.21123,-0.20601,0.23127,-0.25377,1,0.077617,0.17836,0.11586,-0.088032,0.069226,0.337,0.16105,-0.016797,0.011909,0.0097817,0.068427,0.16692,0.059372,-0.014058,0.055829,-0.052097,-0.10878,0.033799,0.25969,-0.02116,-0.0024431,0.1072,0.12268,-0.25922,-0.37649,0.085307,0.1867,-0.21526,0.12761,-0.022928,-0.13597,-0.16906,-0.077545,0.041804,-0.089383,-0.27142,-0.29834,0.070818,-0.18061,0.080804,0.23398,-0.0042452,-0.29838
31,0.0446,-0.12704,-0.070933,-0.13515,0.26432,-0.19489,0.0031648,0.36344,-0.063631,0.19757,0.21411,0.044946,0.16143,0.40764,0.15825,0.50978,-0.047139,0.31751,0.19155,0.34687,0.39437,0.34146,0.079765,-0.069772,0.27512,0.31016,0.42593,0.29399,0.18432,0.40878,0.077617,1,0.29266,0.0030685,0.081069,0.19247,0.34255,-0.18281,0.093258,-0.049808,0.36275,0.092158,-0.058778,0.18325,-0.0067673,-0.10724,-0.14932,-0.087742,-0.066937,-0.064746,-0.12637,-0.078602,0.39379,0.29173,-0.01266,-0.032294,-0.19452,0.11894,-0.043317,-0.35663,0.07665,-0.13116,-0.27472,0.068931,0.014796,-0.23573,-0.36176,-0.12662,0.20873,-0.088194,-0.015554,-0.15097,-0.37573,-0.13073
32,0.20603,0.15304,0.038411,-0.1075,-0.0763,-0.15807,0.19599,0.14913,0.098564,0.22043,0.13246,0.032945,0.28833,0.2472,0.2302,0.20045,0.20153,0.28321,0.25154,0.40128,0.18091,0.41108,0.30082,0.068962,0.081967,0.44312,0.26758,0.028534,0.10812,0.033668,0.17836,0.29266,1,0.30254,0.15675,-0.22838,0.037823,0.015354,-0.13613,-0.041996,0.24762,0.23691,0.084876,0.25214,-0.060094,0.041215,0.16628,0.14185,0.0064104,0.021774,0.15441,-0.12143,0.1916,0.24328,-0.20864,0.012121,-0.066932,0.11942,0.12349,-0.14356,0.030836,-0.082281,-0.3159,0.087862,0.17517,0.23814,-0.078004,-0.25923,-0.058132,-0.19525,-0.11615,0.048029,-0.25205,-0.10325
33,0.036656,0.052659,-0.14931,-0.21433,-0.10255,0.0032718,-0.20734,-0.23661,-0.060556,-0.083373,-0.052967,0.023178,0.041406,-0.049304,0.022997,-0.26885,0.039983,0.15385,-0.22376,-0.1411,0.037557,-0.10408,0.16156,-0.0048363,0.11372,0.2571,-0.13138,-0.090876,-0.26594,0.022252,0.11586,0.0030685,0.30254,1,0.11089,0.17806,0.047553,-0.034613,0.1613,0.078131,0.14267,0.23928,0.015348,0.19611,0.22523,0.1514,0.16207,0.040636,0.1304,-0.10371,0.1284,0.25134,-0.17073,0.072088,-0.2304,-0.10194,0.17364,0.043891,0.05796,-0.25401,0.01678,0.074637,-0.11267,0.13542,-0.11651,-0.17751,-0.016932,-0.014016,0.10571,-0.10493,0.05629,0.21145,-0.18099,0.055951
34,0.0014836,0.053259,-0.063504,-0.22114,0.27145,0.057715,0.28494,-0.18742,0.005958,0.015765,0.19139,0.18193,0.14241,-0.13628,0.13416,0.34658,0.21833,0.045515,-0.017126,-0.034329,0.34452,0.11348,0.057969,-0.087558,0.091948,0.21542,0.097704,0.31265,-0.0015154,0.23399,-0.088032,0.081069,0.15675,0.11089,1,-0.011508,0.018405,0.14288,0.16557,-0.097321,0.34914,0.33566,-0.25311,-0.14346,0.10894,-0.0091175,0.12213,-0.036744,-0.12134,-0.019821,-0.044403,-0.029115,0.084422,0.049389,-0.052815,0.22208,0.087305,-0.17813,0.21784,-0.085086,0.10512,-0.11943,0.13317,0.033932,-0.41434,0.33776,0.056238,-0.23215,0.17084,-0.10791,0.17648,-0.098377,-0.1342,-0.26629
35,-0.16003,0.013932,-0.12936,-0.01797,-0.025217,0.0016218,-0.21935,0.1003,-0.034612,-0.10798,0.081673,-0.19182,-0.05728,0.10882,0.055096,-0.013772,-0.14803,-0.034302,-0.013506,0.023955,0.15748,-0.30722,-0.090399,-0.1788,0.32348,-0.0036703,-0.056097,-0.14224,0.049445,0.25012,0.069226,0.19247,-0.22838,0.17806,-0.011508,1,0.13116,0.053744,0.25637,-0.059572,-0.012339,-0.14761,-0.033645,0.012764,0.094286,-0.033596,-0.12993,-0.079806,0.1801,-0.15492,0.0093604,-0.036162,-0.082654,-0.10012,0.030959,-0.25096,-0.050291,-0.10756,-0.0081901,-0.11528,0.025778,0.019321,-0.0075889,0.14022,-0.18251,-0.16752,-0.098148,0.32433,0.0020681,-0.14052,-0.043867,0.2084,0.059489,-0.081811
36,-0.024066,-0.30571,0.047631,-0.070774,-0.016983,-0.046816,0.0051977,0.12434,0.27636,0.16051,0.12745,0.19719,-0.0066812,0.12483,0.30314,0.15396,0.33387,0.19504,-0.0049969,0.15295,0.34954,0.087672,0.41222,0.063272,0.18667,0.039989,0.19496,0.057744,0.18474,0.18913,0.337,0.34255,0.037823,0.047553,0.018405,0.13116,1,-0.19239,0.032127,0.073536,-0.13132,0.088193,0.15022,-0.016192,0.064034,-0.18872,0.16221,0.073917,0.15905,0.12959,-0.28092,0.17726,-0.056604,0.161,-0.16068,-0.019553,-0.25335,0.17723,-0.05155,-0.16708,0.094707,0.089232,-0.22066,0.067174,-0.1062,-0.30288,-0.28385,-0.21247,-0.10116,-0.22742,0.25554,0.0057422,-0.052946,-0.14577
37,0.057537,0.42117,0.069516,-0.027475,0.032798,0.27207,0.13711,0.073458,-0.033741,0.086963,0.3089,-0.044412,0.25074,0.1878,0.061788,-0.054767,0.26968,0.038267,-0.14592,0.10033,0.087727,-0.080023,0.11106,0.17135,0.21309,0.023771,-0.047619,-0.016858,0.2701,-0.13674,0.16105,-0.18281,0.015354,-0.034613,0.14288,0.053744,-0.19239,1,-0.10482,0.047725,0.11515,-0.0014182,-0.26948,-0.037281,0.15737,-0.19973,-0.17043,0.1102,-0.22217,-0.18925,0.17732,0.072123,0.17457,0.013811,0.013287,-0.19155,-0.018714,-0.02655,-0.099119,0.16183,0.076673,0.13665,0.14976,-0.19149,-0.18663,0.27906,-0.3913,0.12257,0.032973,-0.11381,0.071019,0.3497,0.083379,-0.19779
38,0.074127,0.09156,-0.031271,0.19595,-0.10963,0.058048,-0.047995,0.019055,-0.10467,-0.081611,-0.088654,-0.013523,-0.066958,0.11927,0.23458,-0.046657,-0.054547,-0.25379,0.047112,0.090529,0.21561,-0.15461,0.0019651,-0.064063,0.10009,0.17217,-0.10315,0.020649,-0.032657,0.22838,-0.016797,0.093258,-0.13613,0.1613,0.16557,0.25637,0.032127,-0.10482,1,-0.23477,0.10188,-0.1582,-0.14246,-0.083037,-0.038324,0.016595,-0.14697,-0.08998,-0.12406,0.031665,-0.05074,-0.09153,-0.22697,-0.17345,-0.098246,0.051376,0.12231,0.030093,-0.021414,-0.15306,0.034247,-0.075459,-0.2347,0.035905,-0.1646,-0.030246,-0.033914,-0.036897,0.12037,-0.011506,-0.03796,-0.045675,0.015144,-0.045395
39,-0.069198,0.071837,0.013412,0.11199,-0.068908,0.28726,-0.09005,-0.21086,0.18242,0.2816,0.08412,-0.0087348,0.07416,-0.27545,-0.099539,-0.096785,-0.056747,-0.0085801,0.1224,0.0048765,-0.25097,0.0282,0.12308,-0.22754,-0.016317,0.061253,0.0088071,-0.10989,0.051961,-0.28678,0.011909,-0.049808,-0.041996,0.078131,-0.097321,-0.059572,0.073536,0.047725,-0.23477,1,-0.24134,0.062705,0.037275,0.35915,0.22072,0.14847,-0.087659,0.042601,-0.20606,-0.14067,-0.1389,0.18359,0.013225,0.0014159,-0.10495,-0.032646,-0.030587,0.15523,0.20379,0.33193,0.16076,0.10615,0.047915,-0.063102,0.008719,-0.14328,0.041629,0.017166,-0.17646,-0.034673,0.28562,-0.037858,-0.012798,0.24894
40,-0.024602,0.078098,-0.20997,0.0020542,0.24221,0.01457,0.10641,0.18168,-0.032071,0.013711,0.10165,0.24357,0.012441,0.15864,-0.077086,0.19691,-0.015566,0.043694,-0.063937,0.25668,0.23863,0.10679,-0.16428,0.024653,0.18056,0.4074,0.18623,0.32801,0.11713,0.29739,0.0097817,0.36275,0.24762,0.14267,0.34914,-0.012339,-0.13132,0.11515,0.10188,-0.24134,1,0.033155,-0.2593,0.22301,0.01677,-0.034796,-0.047511,-0.047078,-0.16826,-0.11885,0.067018,-0.28609,0.22421,-0.044282,0.044711,-0.020475,0.098346,-0.031063,0.16597,-0.32825,0.065674,-0.16612,-0.16929,-0.039163,-0.2557,0.015797,-0.074966,-0.25672,0.10471,-0.028957,-0.11076,-0.13749,-0.20834,-0.083265
41,0.036061,0.036427,-0.053421,-0.009661,0.020715,0.048607,0.17122,-0.22353,-0.041542,0.032203,-0.020653,0.038364,0.15777,-0.027789,-0.077531,0.17764,0.020831,0.17174,-0.074962,0.084934,0.00093102,-0.039303,0.31085,0.13683,0.20134,-0.0015658,0.31569,-0.13358,-0.10668,0.056812,0.068427,0.092158,0.23691,0.23928,0.33566,-0.14761,0.088193,-0.0014182,-0.1582,0.062705,0.033155,1,0.056355,0.030818,0.28317,-0.0078407,0.359,0.12319,0.17511,0.21288,0.097657,0.17312,-0.022972,0.17852,0.070295,0.32762,0.072187,-0.077231,0.086426,-0.11889,0.028413,-0.063477,0.1636,-0.18092,0.038909,0.049025,0.075544,0.018223,0.012263,-0.027608,0.29537,-0.034818,0.03899,-0.25573
42,-0.081503,0.027191,0.11005,-0.25468,0.030995,-0.20773,-0.12495,0.0025051,0.12455,-0.18391,0.038599,-0.025728,0.080001,0.058269,-0.052236,-0.041458,0.015688,-0.033207,0.00086556,-0.13398,-0.23332,-0.055857,0.12612,0.11136,-0.12744,-0.083917,-0.01246,-0.056375,0.050744,-0.20763,0.16692,-0.058778,0.084876,0.015348,-0.25311,-0.033645,0.15022,-0.26948,-0.14246,0.037275,-0.2593,0.056355,1,0.035103,0.030814,0.22464,0.26096,0.3054,0.15445,0.3313,-0.059492,0.13612,-0.10115,0.11311,-0.01523,-0.15179,-0.21157,0.27392,-0.08375,0.13389,-0.30919,0.17902,-0.20812,0.12774,0.060179,0.0074959,0.19113,0.055973,-0.02415,-0.042395,-0.15911,-0.10781,0.31722,-0.083274
43,-0.0014699,-0.0918,-0.079706,0.12716,-0.042396,0.16171,-0.063154,0.048421,0.10946,0.31147,-0.034113,0.30228,-0.053908,0.29613,-0.023312,0.010218,0.2219,0.22034,0.17828,0.26733,0.021,0.10982,-0.11879,-0.14604,0.23843,0.23099,0.18644,-0.15938,0.022429,-0.044323,0.059372,0.18325,0.25214,0.19611,-0.14346,0.012764,-0.016192,-0.037281,-0.083037,0.35915,0.22301,0.030818,0.035103,1,0.23335,0.20235,-0.088073,0.01984,0.090473,0.019894,0.1401,-0.14829,0.23486,-0.051386,-0.11479,-0.31652,0.059785,0.1623,-0.053793,0.072627,0.073027,0.014924,-0.029596,0.059641,0.018518,-0.17511,0.015916,-0.097841,-0.13177,-0.29347,0.15805,-0.03653,-0.039329,0.034599
44,-0.14907,0.032534,0.085855,-0.11561,0.20767,0.21184,0.2101,-0.15563,-0.07151,-0.026952,-0.038126,0.1402,0.016012,0.065493,-0.17102,0.043718,0.029613,-0.038623,0.16918,-0.15815,0.015665,-0.10209,0.0092268,0.10551,0.24569,0.17767,0.11013,-0.099282,0.081353,0.042276,-0.014058,-0.0067673,-0.060094,0.22523,0.10894,0.094286,0.064034,0.15737,-0.038324,0.22072,0.01677,0.28317,0.030814,0.23335,1,0.23662,0.21872,0.045726,-0.054552,0.021351,0.21186,0.34049,-0.068699,0.24459,0.24313,-0.11471,0.071487,-0.042626,0.06474,0.085991,-0.090463,0.036384,0.35657,0.16389,-0.084048,-0.093315,0.057033,0.13351,0.055771,0.036101,-0.11753,-0.043552,0.098746,0.11333
45,0.020291,0.033805,0.022156,-0.089078,0.045144,0.082054,-0.20674,-0.25878,-0.10004,-0.16435,0.043615,0.025408,-0.09797,-0.18953,-0.18019,-0.1878,-0.32596,0.10881,0.12624,-0.19542,-0.4366,-0.0059508,0.019925,-0.045106,-0.19877,0.17181,-0.1664,-0.1044,-0.11201,-0.17984,0.055829,-0.10724,0.041215,0.1514,-0.0091175,-0.033596,-0.18872,-0.19973,0.016595,0.14847,-0.034796,-0.0078407,0.22464,0.20235,0.23662,1,0.080161,0.042159,-0.059043,0.33803,0.12076,0.33074,0.025951,0.0028503,0.028837,0.091752,0.43908,0.32908,0.2343,0.099603,0.019407,-0.1773,0.23042,0.080059,-0.12047,-0.025999,0.25935,0.054334,0.29426,0.025188,0.01922,-0.27755,0.10767,0.3143
46,0.089023,-0.066697,0.022056,-0.0086265,-0.046606,-0.069333,0.19626,-0.10932,-0.048872,-0.088668,0.079269,0.16419,-0.036954,-0.034766,-0.016637,0.051745,0.10292,0.18227,-0.0082715,-0.011885,0.015922,0.089985,0.28332,0.16349,-0.20728,0.032128,0.19034,0.10598,-0.059614,0.10503,-0.052097,-0.14932,0.16628,0.16207,0.12213,-0.12993,0.16221,-0.17043,-0.14697,-0.087659,-0.047511,0.359,0.26096,-0.088073,0.21872,0.080161,1,0.18314,0.19274,0.062273,-0.20799,0.16338,-0.081521,0.32115,0.062056,0.12502,-0.21013,-0.0035281,0.18728,0.021334,-0.10541,0.022201,0.087092,0.23565,-0.014028,0.067193,0.11141,-0.14711,0.075551,0.10568,-0.21183,-0.060211,0.34886,-0.14213
47,0.2948,0.20584,0.33378,-0.037219,-0.007029,-0.0032799,0.034326,0.10737,-0.096542,0.16038,0.040154,-0.12226,0.062062,-0.021234,0.1838,0.050103,0.1506,-0.22499,-0.1248,-0.083254,-0.1189,-0.10189,0.13444,-0.17199,-0.20781,-0.035376,-0.098035,0.017124,-0.038605,-0.20716,-0.10878,-0.087742,0.14185,0.040636,-0.036744,-0.079806,0.073917,0.1102,-0.08998,0.042601,-0.047078,0.12319,0.3054,0.01984,0.045726,0.042159,0.18314,1,0.42357,0.20009,-0.10063,0.17451,0.11142,0.14176,0.22985,0.1741,-0.23537,0.047931,-0.019945,0.14422,0.083586,0.1031,0.038722,-0.012203,-0.1949,-0.0058033,0.32309,0.31632,-0.1034,0.027291,0.16282,0.11497,0.30193,0.04721
48,0.098277,-0.12361,0.056862,-0.12502,-0.081081,-0.11622,-0.047408,-0.055163,0.08145,0.16139,0.041187,-0.128,-0.1981,-0.0043991,0.10922,0.087738,0.10308,0.13733,0.024274,-0.19592,-0.028675,-0.026908,-0.037977,-0.071723,-0.02228,-0.052333,-0.025835,-0.057652,-0.23056,-0.1579,0.033799,-0.066937,0.0064104,0.1304,-0.12134,0.1801,0.15905,-0.22217,-0.12406,-0.20606,-0.16826,0.17511,0.15445,0.090473,-0.054552,-0.059043,0.19274,0.42357,1,0.20569,0.09226,0.066397,-0.10734,-0.19035,0.065359,0.1156,-0.088632,-0.029146,-0.20112,-0.015206,0.14067,0.037788,0.24354,0.085254,-0.00050463,0.045948,0.30054,0.013924,-0.33861,0.04193,0.23892,0.21627,0.14791,-0.2844
49,0.09585,-0.040199,0.16811,0.064689,0.079341,-0.06032,-0.16545,-0.053298,0.23424,-0.18079,0.13756,0.10023,-0.048196,0.096831,-0.020271,0.041345,0.23849,0.14404,-0.0053231,-0.065927,-0.21391,0.33585,0.23783,0.22794,0.10935,-0.065648,0.12138,-0.1636,-0.087729,-0.24467,0.25969,-0.064746,0.021774,-0.10371,-0.019821,-0.15492,0.12959,-0.18925,0.031665,-0.14067,-0.11885,0.21288,0.3313,0.019894,0.021351,0.33803,0.062273,0.20009,0.20569,1,0.018834,0.059148,0.10944,0.05617,0.12824,0.25665,0.39222,0.22247,-0.10158,0.055127,-0.055831,-0.022084,0.30586,-0.21576,-0.082826,0.10532,0.15189,0.054966,0.13177,0.19007,0.18092,-0.21091,0.32951,-0.17557
50,-0.20719,0.2821,-0.17809,-0.14978,0.24267,-0.038987,0.11322,-0.072092,-0.0090813,-0.1626,0.035713,0.20512,-0.076584,0.15162,-0.080403,-0.15352,-0.095458,-0.18165,0.016359,0.090399,-0.1976,-0.17281,-0.33292,0.28594,0.26009,0.11069,-0.20132,-0.35146,-0.15375,-0.076555,-0.02116,-0.12637,0.15441,0.1284,-0.044403,0.0093604,-0.28092,0.17732,-0.05074,-0.1389,0.067018,0.097657,-0.059492,0.1401,0.21186,0.12076,-0.20799,-0.10063,0.09226,0.018834,1,-0.10451,-0.17372,-0.02324,0.061085,-0.065141,0.225,-0.048552,-0.026286,0.07943,-0.1394,-0.031214,0.13336,0.23237,-0.18907,-0.05113,0.34209,0.18809,-0.23362,0.19673,0.16546,-0.11344,0.031408,-0.083252
51,0.22433,0.090218,0.037726,0.015398,0.074178,0.11032,-0.067448,-0.1566,-0.025438,0.020027,0.17734,-0.0096628,-0.0040878,-0.07471,0.14144,-0.11513,-0.11213,0.16945,-0.068564,-0.080604,-0.13323,0.096664,0.20425,0.19611,0.051193,0.16066,0.022689,0.090245,0.10121,-0.019396,-0.0024431,-0.078602,-0.12143,0.25134,-0.029115,-0.036162,0.17726,0.072123,-0.09153,0.18359,-0.28609,0.17312,0.13612,-0.14829,0.34049,0.33074,0.16338,0.17451,0.066397,0.059148,-0.10451,1,-0.019957,0.13428,0.23057,0.11837,0.076924,0.17595,0.25879,0.14243,0.046783,0.066366,0.15636,-0.030887,-0.078501,-0.057417,-0.0014673,-0.0096146,0.27001,0.044603,0.04339,0.11036,-0.0021969,0.19245
52,0.23243,0.11742,-0.07576,-0.03683,0.33415,-0.031385,0.075568,0.15355,-0.076467,0.16167,0.20338,-0.068754,0.31992,0.24214,0.10258,0.15339,0.22654,0.2849,-0.14904,0.15352,-0.0029312,0.28219,0.21194,-0.082008,0.044333,-0.078874,0.14663,0.046147,0.017809,0.08231,0.1072,0.39379,0.1916,-0.17073,0.084422,-0.082654,-0.056604,0.17457,-0.22697,0.013225,0.22421,-0.022972,-0.10115,0.23486,-0.068699,0.025951,-0.081521,0.11142,-0.10734,0.10944,-0.17372,-0.019957,1,0.39277,-0.025365,-0.25006,-0.063012,-0.042756,-0.072946,0.16245,0.18649,0.11356,0.10656,-0.17507,-0.014543,0.19635,-0.20072,-0.15805,0.31028,-0.17109,0.034364,-0.011563,-0.040806,-0.052315
53,0.13041,0.23026,0.02255,-0.063965,0.39025,-0.12894,0.10696,0.040174,-0.066093,-0.040167,0.039501,-0.0055524,0.074386,0.16617,-0.12157,0.0094696,0.1168,0.10865,-0.0095419,-0.12466,0.013574,0.10032,0.30718,0.089058,0.071125,0.0023271,0.093561,-0.13889,0.098995,0.1624,0.12268,0.29173,0.24328,0.072088,0.049389,-0.10012,0.161,0.013811,-0.17345,0.0014159,-0.044282,0.17852,0.11311,-0.051386,0.24459,0.0028503,0.32115,0.14176,-0.19035,0.05617,-0.02324,0.13428,0.39277,1,0.20254,-0.081497,-0.24502,0.11817,0.1669,-0.04078,-0.054039,0.27007,-0.007235,0.058387,0.013379,-0.10935,-0.15819,0.088539,0.42673,0.0077076,-0.071012,-0.11064,0.23514,0.088088
54,0.0013525,0.046068,0.26986,0.1311,0.19425,0.13954,-0.045175,0.041765,-0.068638,-0.032652,0.010176,0.24272,-0.026008,0.13901,-0.18285,0.11657,-0.17177,-0.23727,0.16222,-0.057254,-0.13273,0.029891,-0.015505,0.11407,0.12489,0.26687,0.12307,-0.0024501,0.28963,-0.034013,-0.25922,-0.01266,-0.20864,-0.2304,-0.052815,0.030959,-0.16068,0.013287,-0.098246,-0.10495,0.044711,0.070295,-0.01523,-0.11479,0.24313,0.028837,0.062056,0.22985,0.065359,0.12824,0.061085,0.23057,-0.025365,0.20254,1,0.12772,-0.076338,0.0679,0.062056,0.068916,-0.04215,0.18399,0.20532,-0.1471,-0.051106,0.035794,0.17264,0.32199,0.096227,0.11108,-0.03246,-0.018664,0.21537,0.09388
55,0.062975,0.0012744,0.22804,0.34909,0.08624,-0.0043285,0.16907,-0.093752,0.051489,0.12166,0.10358,-0.12374,-0.03425,-0.24119,0.045218,0.13341,-0.074268,-0.17112,0.030637,-0.028121,-0.04467,0.14323,0.16284,-0.086001,-0.20209,0.1098,-0.16377,0.16663,-0.086809,0.0043863,-0.37649,-0.032294,0.012121,-0.10194,0.22208,-0.25096,-0.019553,-0.19155,0.051376,-0.032646,-0.020475,0.32762,-0.15179,-0.31652,-0.11471,0.091752,0.12502,0.1741,0.1156,0.25665,-0.065141,0.11837,-0.25006,-0.081497,0.12772,1,0.19498,0.044492,0.25695,0.0076938,0.17043,-0.073263,0.13387,-0.059973,-0.083216,0.057185,0.25109,0.13735,0.029964,0.30894,0.13186,-0.078648,-0.031024,0.16206
56,-0.024888,-0.1202,-0.14958,0.04676,0.011102,-0.0041028,-0.18382,-0.075696,0.043902,-0.32908,-0.024746,0.051064,-0.12548,-0.22963,-0.0084128,-0.2128,-0.041801,0.15547,-0.17145,-0.038863,-0.24603,0.0057742,-0.11506,-0.041697,-0.11039,0.15527,-0.022479,-0.28242,-0.29148,-0.20941,0.085307,-0.19452,-0.066932,0.17364,0.087305,-0.050291,-0.25335,-0.018714,0.12231,-0.030587,0.098346,0.072187,-0.21157,0.059785,0.071487,0.43908,-0.21013,-0.23537,-0.088632,0.39222,0.225,0.076924,-0.063012,-0.24502,-0.076338,0.19498,1,-0.051721,-0.0032055,0.027243,0.33867,-0.052622,0.18153,-0.1931,-0.074453,-0.040807,0.16033,-0.057352,0.076458,0.084357,0.15873,-0.28725,-0.054431,0.022161
57,-0.087116,0.073376,0.1019,0.039777,0.022293,0.028336,-0.1469,-0.19933,0.18142,0.23123,0.28785,0.12057,-0.14894,0.13866,-0.27711,0.12779,-0.014404,0.16442,0.20786,0.22213,-0.00083666,0.22022,0.23782,0.14883,0.021631,0.24468,0.017726,0.15941,0.23275,-0.17077,0.1867,0.11894,0.11942,0.043891,-0.17813,-0.10756,0.17723,-0.02655,0.030093,0.15523,-0.031063,-0.077231,0.27392,0.1623,-0.042626,0.32908,-0.0035281,0.047931,-0.029146,0.22247,-0.048552,0.17595,-0.042756,0.11817,0.0679,0.044492,-0.051721,1,0.0049252,0.06213,0.029101,-0.023975,-0.098823,-0.0030187,-0.062515,0.10255,-0.18537,-0.22424,0.2419,-0.056106,0.042783,-0.19205,0.1705,0.22148
58,0.2747,0.22457,-0.094467,0.24784,-0.012676,0.26453,-0.13046,-0.29429,0.10543,-0.16473,0.14166,-0.027593,-0.13345,-0.20284,-0.05369,-0.1376,-0.3353,-0.11595,0.21376,0.10086,-0.15913,-0.012925,-0.020609,0.060952,-0.064273,0.2528,-0.061183,0.15758,0.12313,0.16922,-0.21526,-0.043317,0.12349,0.05796,0.21784,-0.0081901,-0.05155,-0.099119,-0.021414,0.20379,0.16597,0.086426,-0.08375,-0.053793,0.06474,0.2343,0.18728,-0.019945,-0.20112,-0.10158,-0.026286,0.25879,-0.072946,0.1669,0.062056,0.25695,-0.0032055,0.0049252,1,-0.033385,0.11835,0.0086544,-0.070963,0.15873,-0.10722,0.026177,0.21828,0.093072,0.032524,0.20101,0.10798,-0.14861,0.11416,0.31533
59,-0.11994,0.12775,-0.021312,0.015144,0.03364,0.14998,0.31433,-0.18454,0.02937,0.041878,0.15717,0.05246,0.21023,-0.20965,-0.0871,-0.066969,0.11301,-0.25301,0.12658,0.04334,-0.21009,-0.026305,-0.044111,-0.21393,-0.040784,-0.17966,-0.23731,-0.18764,0.12178,-0.24118,0.12761,-0.35663,-0.14356,-0.25401,-0.085086,-0.11528,-0.16708,0.16183,-0.15306,0.33193,-0.32825,-0.11889,0.13389,0.072627,0.085991,0.099603,0.021334,0.14422,-0.015206,0.055127,0.07943,0.14243,0.16245,-0.04078,0.068916,0.0076938,0.027243,0.06213,-0.033385,1,-0.038233,0.10505,0.040801,0.22593,0.031051,0.2019,0.37289,-0.027294,-0.040155,-0.05379,0.079865,0.068297,0.020529,0.22118
60,0.2617,-0.015937,0.060254,0.046236,-0.046594,0.21605,-0.041375,-0.10312,0.36785,0.11376,0.36341,-0.067415,0.07224,-0.031191,0.11875,-0.095157,-0.022661,0.24556,0.1,0.11283,-0.062661,-0.015296,0.26289,-0.16952,-0.34478,0.22841,-0.12168,0.21277,-0.13208,-0.24162,-0.022928,0.07665,0.030836,0.01678,0.10512,0.025778,0.094707,0.076673,0.034247,0.16076,0.065674,0.028413,-0.30919,0.073027,-0.090463,0.019407,-0.10541,0.083586,0.14067,-0.055831,-0.1394,0.046783,0.18649,-0.054039,-0.04215,0.17043,0.33867,0.029101,0.11835,-0.038233,1,0.11647,-0.0045954,-0.25658,0.05498,0.11376,-0.093282,-0.20538,-0.1122,0.038993,0.21332,0.049061,-0.025535,0.10373
