1.1286e-10 9.1615e-11 7.6982e-11 6.8477e-11 6.5264e-11 6.2023e-11 7.3035e-11 4.9569e-11 4.1796e-11 4.6566e-11 4.4683e-11 4.1911e-11 4.9231e-11 3.4176e-11 2.4337e-11 4.6926e-11 1.4956e-11 6.3583e-12 7.7042e-12 2.1861e-11 8.9814e-12 6.1438e-12 1.2683e-11 -1.1068e-12 1.3096e-11 -6.5247e-12 4.6763e-12 -4.0647e-12 -1.5731e-12 -1.2346e-11 -2.6478e-12 -8.6601e-12 -6.0671e-12 -1.5542e-11 -9.4482e-12 -1.0281e-11 -9.7451e-12 -4.5211e-12 -1.482e-11 -8.9722e-12 -1.6592e-11 -4.9374e-12 -3.4074e-12 2.7248e-12 -4.5466e-12 -9.9829e-12 2.7796e-12 -6.521e-13 -4.9471e-12 -6.2202e-12 -1.968e-12 2.8758e-12 -8.3922e-12 -2.7308e-12 -1.1355e-11 -1.9228e-12 -7.9072e-12 3.9384e-12 -3.4647e-12 -1.5725e-12 9.4205e-13 2.2146e-12 -5.7069e-12 -1.7748e-12 -9.1693e-13 5.0263e-12 6.4268e-12 -2.5967e-12 8.9838e-13 1.433e-12 -3.7767e-13 2.164e-12 -3.9337e-12 -4.2469e-12 1.7678e-12 1.145e-12 1.5671e-12 1.2428e-12 1.6156e-12 4.7002e-12 1.7152e-12 -1.0881e-13 2.8269e-12 1.1898e-12 -3.7681e-13 1.4133e-12 1.5252e-12 9.8931e-14 7.1161e-13 3.9018e-13 -7.52e-14 -5.5263e-14 8.1901e-14 4.5332e-14 2.0072e-13
9.1615e-11 1.1765e-10 8.2076e-11 6.8903e-11 7.1868e-11 5.8584e-11 8.4918e-11 5.8155e-11 4.1554e-11 3.6397e-11 4.267e-11 3.892e-11 4.9254e-11 3.3453e-11 3.0864e-11 5.3535e-11 1.6106e-11 1.2919e-11 5.2942e-12 1.7028e-11 7.4887e-12 1.8716e-12 9.2138e-12 -1.9107e-12 3.1134e-12 -1.4041e-11 9.8709e-13 -1.0776e-11 -3.0163e-12 -3.684e-12 -8.9104e-13 -8.6381e-12 -8.3916e-12 -1.6849e-11 -5.5519e-12 -1.1345e-11 -1.3391e-11 -1.1225e-11 -1.6806e-11 -1.124e-11 -1.9171e-11 -4.3081e-12 -1.6204e-12 -4.8316e-12 -1.0031e-11 -1.2321e-11 -6.3466e-12 6.2851e-13 -9.9642e-13 -8.5098e-12 -6.281e-12 -3.6105e-12 -6.2056e-12 2.7436e-13 -1.0746e-11 -3.2404e-12 -1.4991e-11 1.1453e-12 1.219e-12 -3.3485e-12 3.3154e-12 -4.1502e-13 -5.8699e-12 -4.436e-12 -4.2258e-12 5.3075e-12 5.4771e-12 -2.8165e-12 1.6502e-12 -2.1189e-12 -6.2444e-13 2.0996e-14 -1.9174e-12 -7.5939e-13 1.6763e-12 -1.4081e-14 2.5538e-12 1.4293e-12 2.422e-13 2.1681e-12 1.4759e-13 -1.1753e-12 1.7876e-12 -8.5261e-14 2.09e-13 1.8334e-12 2.0632e-12 8.6913e-14 9.1196e-13 5.662e-13 6.6294e-14 7.5944e-14 -5.9412e-14 7.8751e-14 4.7923e-14
7.6982e-11 8.2076e-11 9.1455e-11 5.345e-11 5.7878e-11 5.2637e-11 6.3421e-11 4.3926e-11 3.4162e-11 3.8862e-11 3.7864e-11 3.2975e-11 3.8636e-11 3.722e-11 2.8241e-11 4.5309e-11 1.7918e-11 1.3028e-11 1.342e-11 8.8713e-12 6.4671e-12 7.368e-12 1.0303e-11 -5.7516e-12 4.2868e-14 -1.1867e-11 2.9069e-12 -1.3918e-12 -1.3682e-14 -1.2275e-11 -1.2364e-12 -8.9634e-12 -3.4375e-12 -1.6178e-11 -8.5334e-12 -1.7819e-11 -1.2861e-11 -1.1144e-11 -1.4806e-11 -1.4267e-11 -1.6532e-11 -3.9576e-13 -2.4999e-13 -3.3876e-12 -6.8182e-12 -8.5696e-12 -5.4589e-12 -4.3805e-12 1.9195e-13 -7.458e-12 -3.9148e-12 6.2683e-13 -5.6476e-12 -2.3177e-12 -1.0999e-11 -1.4427e-12 -1.3355e-11 3.1178e-12 -3.015e-13 -2.818e-12 -2.4462e-12 1.6003e-12 -4.3397e-12 -3.7348e-12 -8.3065e-13 5.9447e-12 2.4445e-12 -2.7468e-12 -9.8581e-13 1.6437e-13 -1.6696e-12 3.6542e-13 -3.3593e-12 -1.1797e-12 1.4404e-12 -1.4516e-12 2.7897e-12 -6.4346e-13 2.1942e-12 2.4395e-12 4.7787e-13 -1.5399e-12 2.093e-12 1.3636e-12 -5.0545e-13 1.344e-12 1.2657e-12 1.5359e-13 8.4228e-13 4.372e-13 6.3294e-14 3.3787e-14 3.4502e-14 1.2241e-13 1.5257e-13
6.8477e-11 6.8903e-11 5.345e-11 7.5257e-11 4.2384e-11 4.7222e-11 5.0881e-11 4.7325e-11 3.2824e-11 3.3496e-11 2.9778e-11 2.4888e-11 3.5568e-11 2.8438e-11 2.711e-11 3.4056e-11 8.2114e-12 1.1996e-11 5.1711e-12 1.0004e-11 1.1415e-11 6.0585e-13 1.0065e-11 2.4518e-12 9.5872e-12 -9.0302e-12 6.3197e-12 -4.7154e-12 9.5611e-13 2.4871e-12 -7.4717e-12 -5.6483e-12 -4.2559e-12 -1.3031e-11 -4.5948e-12 -5.3461e-12 -9.9176e-12 -8.8863e-12 -6.5939e-12 -7.1947e-12 -1.6255e-11 -3.1838e-12 -2.5195e-12 -3.7134e-12 -3.9295e-12 -5.7419e-12 -2.9078e-12 4.1521e-12 -2.9438e-12 -7.2114e-12 -5.5204e-12 -4.0854e-12 -3.3916e-12 1.3598e-12 -5.8717e-12 -1.439e-13 -5.3166e-12 3.9987e-12 8.925e-13 -8.6426e-13 2.5473e-12 -1.3309e-12 -4.364e-12 -2.8793e-12 -3.5824e-13 3.1135e-12 8.6316e-13 -3.1375e-12 2.2732e-12 8.9172e-14 -5.9916e-13 1.1224e-12 -3.189e-12 -2.1753e-12 4.8915e-12 1.2275e-12 -2.1968e-13 8.6556e-14 1.988e-12 3.1472e-12 4.5121e-13 -1.9107e-12 1.7436e-15 9.7943e-13 -1.3503e-13 1.5704e-12 1.2683e-12 3.7597e-13 5.809e-13 4.2952e-13 3.9402e-14 -1.543e-14 7.2589e-14 6.6666e-14 1.786e-13
6.5264e-11 7.1868e-11 5.7878e-11 4.2384e-11 6.9341e-11 4.377e-11 5.9862e-11 3.7559e-11 3.6053e-11 3.2879e-11 3.281e-11 3.1465e-11 3.813e-11 2.3691e-11 2.087e-11 3.6557e-11 1.9152e-11 1.0826e-11 6.5561e-12 1.6904e-11 2.1173e-12 3.189e-12 4.136e-12 -4.5691e-12 -3.0195e-12 -1.2868e-11 -2.2235e-12 -6.4575e-12 -1.0909e-12 -5.1479e-12 -1.1041e-12 -3.0448e-12 -1.8268e-12 -1.283e-11 -1.0631e-11 -1.0989e-11 -1.0743e-11 -7.6084e-12 -1.7593e-11 -7.473e-12 -1.6667e-11 -5.5124e-12 -9.0213e-13 -4.232e-12 -8.3825e-12 -1.2749e-11 -5.2579e-12 -2.8543e-12 -2.0847e-12 -7.1605e-12 -1.6666e-12 1.8724e-12 -4.9832e-12 -1.5074e-12 -8.0179e-12 -1.8637e-12 -9.6158e-12 -6.0654e-13 -3.5737e-13 -4.1149e-12 -3.3568e-13 1.4623e-13 -5.7244e-12 -1.0748e-12 -3.912e-12 4.279e-12 4.5671e-12 -1.5239e-12 -3.0876e-13 6.4956e-14 -6.9394e-13 4.2473e-13 -1.6346e-12 -7.0098e-13 7.3774e-13 9.8713e-13 2.6594e-12 3.6858e-13 2.1701e-12 1.4251e-12 1.388e-12 -1.1371e-12 1.8516e-12 -3.5313e-13 5.7245e-13 1.0399e-12 1.6683e-12 -2.3671e-13 4.8839e-13 2.7733e-13 5.9811e-14 -1.0566e-14 1.471e-14 6.6148e-14 3.7761e-14
6.2023e-11 5.8584e-11 5.2637e-11 4.7222e-11 4.377e-11 6.4659e-11 4.6546e-11 3.0418e-11 2.7773e-11 3.0161e-11 2.3046e-11 2.0435e-11 3.1399e-11 2.4381e-11 2.0933e-11 2.7744e-11 1.8643e-11 7.9269e-12 1.1701e-11 9.7329e-12 2.2394e-12 1.6006e-13 5.0888e-12 -7.678e-12 8.7079e-12 -5.6933e-12 1.1379e-12 -4.6438e-12 -5.2327e-12 -2.9249e-12 -2.9046e-12 -2.0841e-12 -6.7777e-12 -1.3973e-11 -5.603e-12 -1.0804e-11 -2.1405e-12 -1.0093e-11 -8.4747e-12 -4.4313e-12 -1.442e-11 -7.4403e-12 3.8955e-12 -3.9925e-12 -5.8839e-12 -1.0327e-11 -9.2162e-13 7.5809e-13 -1.6435e-12 -6.8918e-12 -3.9423e-12 1.8591e-12 -2.0469e-12 -5.4483e-12 -6.8965e-12 4.0187e-13 -5.848e-12 1.599e-12 -2.8087e-13 -8.8566e-13 -2.8464e-12 1.2255e-13 -4.6328e-12 -3.7976e-12 -3.2881e-12 4.3608e-12 4.3448e-12 -2.492e-12 -1.599e-12 -4.0241e-13 -4.6843e-13 3.0015e-12 -1.4908e-12 -1.298e-12 2.0032e-12 7.0182e-13 1.6375e-12 -8.5834e-13 1.6473e-12 1.3029e-12 5.9161e-13 -2.1683e-12 3.9618e-13 1.2025e-12 -3.1841e-13 1.7253e-12 1.6386e-12 3.7274e-13 6.1861e-13 3.4804e-13 -6.2505e-14 -5.7399e-14 8.0534e-14 1.177e-13 2.4841e-13
7.3035e-11 8.4918e-11 6.3421e-11 5.0881e-11 5.9862e-11 4.6546e-11 9.3484e-11 4.3556e-11 3.7575e-11 3.6511e-11 3.3291e-11 2.9295e-11 5.0319e-11 2.5593e-11 2.5467e-11 3.8842e-11 1.2532e-11 1.5854e-11 1.0327e-12 1.4986e-11 3.1968e-12 5.3483e-12 1.4887e-12 -2.4891e-12 1.2434e-12 -1.1662e-11 7.3713e-12 -1.1569e-11 -3.754e-12 -1.4131e-12 -1.0114e-11 -6.3866e-12 -1.0692e-11 -9.2995e-12 -1.2964e-11 -1.7005e-11 -3.2046e-12 -1.0597e-11 -1.6825e-11 -7.1869e-12 -2.049e-11 -1.9152e-12 -7.08e-12 -6.4664e-12 -1.0588e-11 -1.7138e-11 -9.8327e-12 -1.7548e-12 4.2182e-13 -7.6668e-12 -1.1024e-12 -6.5894e-13 -7.0117e-12 1.2115e-12 -6.6964e-12 -1.1738e-13 -1.0303e-11 4.7835e-12 -2.633e-12 -4.648e-12 3.7903e-12 -3.5955e-12 -4.0717e-12 -1.7288e-12 -6.3815e-14 5.4435e-12 2.9926e-12 -2.5367e-12 1.0135e-12 -1.4394e-12 1.1753e-12 -1.9279e-12 -3.2091e-12 -5.0674e-13 5.0615e-13 -6.0603e-13 1.3811e-12 8.4357e-13 2.2651e-13 6.0427e-13 1.0298e-12 -3.1772e-13 1.1701e-12 1.2181e-12 6.8857e-13 6.7812e-13 2.2973e-12 -6.6727e-13 9.2724e-13 3.4958e-13 2.4639e-14 4.0897e-14 -7.5222e-14 7.8496e-14 1.0553e-13
4.9569e-11 5.8155e-11 4.3926e-11 4.7325e-11 3.7559e-11 3.0418e-11 4.3556e-11 5.0783e-11 2.4411e-11 2.4735e-11 2.7912e-11 2.0083e-11 2.8527e-11 1.6295e-11 1.8081e-11 2.9909e-11 7.8647e-12 8.1184e-12 2.0093e-12 6.1686e-12 1.2544e-11 1.6338e-12 1.0305e-11 8.5826e-12 5.2815e-12 -3.6801e-12 3.9494e-12 -5.9684e-12 -5.5015e-13 -2.3643e-12 -6.7549e-12 -8.4394e-12 1.3135e-12 -1.1568e-11 -6.5924e-12 -4.1512e-12 -9.2046e-12 -8.7317e-12 -8.3331e-12 -3.7162e-12 -1.3989e-11 -2.0892e-12 -2.4688e-12 -4.7562e-12 -3.1251e-12 -5.7247e-12 -5.7213e-12 5.1329e-13 -4.5575e-12 -5.4359e-12 -4.2616e-12 -1.4232e-12 -5.0491e-12 9.0693e-13 -4.9345e-12 -1.9362e-12 -5.3398e-12 4.9693e-12 8.4891e-13 -1.4794e-12 5.6198e-12 -2.4543e-12 -3.3191e-12 1.7843e-12 -2.9186e-12 2.4311e-12 1.2333e-12 -1.2592e-12 1.618e-12 -1.0057e-12 -1.7533e-12 -1.352e-12 -3.0319e-12 -2.4621e-12 2.7371e-12 -1.4976e-12 2.1711e-12 1.5422e-12 1.5051e-13 1.0649e-12 -1.0898e-12 -5.7417e-13 6.3038e-13 6.9961e-13 5.6015e-14 1.4829e-12 1.1242e-12 2.0506e-13 3.3128e-13 4.144e-13 -5.91e-14 -8.5251e-14 1.4533e-14 6.8962e-15 6.4267e-14
4.1796e-11 4.1554e-11 3.4162e-11 3.2824e-11 3.6053e-11 2.7773e-11 3.7575e-11 2.4411e-11 4.058e-11 2.1981e-11 2.5033e-11 1.8839e-11 2.479e-11 1.7183e-11 1.7133e-11 2.0922e-11 1.2257e-11 9.7585e-12 8.802e-12 1.1871e-11 4.6038e-12 2.3643e-12 9.519e-12 -5.3953e-12 2.5535e-12 -2.9007e-12 3.189e-12 -6.0843e-12 1.9047e-12 -5.3989e-12 -7.5772e-13 -1.7249e-12 -3.7082e-12 -4.1173e-12 -2.6243e-12 -7.0334e-12 -3.3807e-12 -5.9805e-12 -7.953e-12 -7.4435e-12 -7.762e-12 -3.6004e-12 -1.6365e-12 -2.8346e-12 -1.9372e-12 -4.6573e-12 -2.4181e-12 -3.0566e-12 -2.0139e-12 -7.9701e-12 -7.7209e-13 -2.6708e-12 -1.4899e-12 -2.1005e-13 -2.3394e-12 2.2247e-12 -5.6365e-12 -1.7622e-12 -1.9477e-12 -1.6212e-12 1.7104e-12 -1.3224e-12 -7.3299e-13 -2.8226e-12 -1.4866e-12 2.5935e-12 1.2559e-12 -2.2143e-12 -1.0087e-13 9.2484e-13 9.1749e-14 -2.312e-14 -1.1947e-12 2.2685e-12 3.2347e-12 1.2402e-12 8.9456e-13 -9.1467e-13 1.2619e-12 -8.1907e-13 7.5564e-13 7.3394e-16 6.158e-13 1.0957e-12 7.508e-13 4.2518e-13 5.3351e-13 -4.813e-14 1.7878e-14 5.012e-14 1.7508e-13 -3.7378e-14 5.1329e-14 1.0623e-13 9.4141e-14
4.6566e-11 3.6397e-11 3.8862e-11 3.3496e-11 3.2879e-11 3.0161e-11 3.6511e-11 2.4735e-11 2.1981e-11 3.918e-11 1.6423e-11 1.7104e-11 2.4915e-11 1.8739e-11 1.427e-11 2.1557e-11 1.1916e-11 9.3391e-12 4.1665e-12 9.3463e-12 5.3504e-12 5.9434e-12 9.8717e-13 -9.1368e-13 4.5045e-12 -9.503e-12 3.7017e-12 1.8155e-12 -9.8839e-13 -2.8518e-12 -1.3108e-12 -2.951e-12 -2.4874e-12 -1.0745e-11 -7.323e-12 -1.048e-11 -4.7684e-12 -3.233e-12 -7.4068e-12 -1.8199e-12 -1.1296e-11 -1.7091e-12 -1.4407e-12 -3.6739e-12 -5.0196e-12 -4.8738e-12 -8.8805e-13 -1.7938e-12 -1.2131e-12 -3.6241e-12 2.8158e-12 2.9151e-13 -3.054e-12 1.506e-12 -2.9374e-12 -1.1218e-13 -2.2211e-12 5.6742e-12 -2.2104e-12 -8.0662e-13 2.8493e-12 1.0835e-12 -2.9602e-12 -3.1738e-13 -1.6488e-12 2.433e-12 3.0699e-12 -1.7553e-12 1.3811e-12 1.959e-13 2.9836e-13 -3.1816e-13 -2.7851e-12 -2.3159e-12 1.3252e-12 -1.1259e-12 1.459e-12 -1.4349e-12 1.6273e-12 5.3123e-13 1.0626e-12 -7.1354e-13 1.1142e-12 1.4681e-12 6.2183e-13 8.3951e-13 1.0013e-12 -1.5798e-13 3.3568e-13 3.4192e-13 -8.3186e-14 3.9253e-14 7.4118e-14 7.8862e-14 9.3125e-14
4.4683e-11 4.267e-11 3.7864e-11 2.9778e-11 3.281e-11 2.3046e-11 3.3291e-11 2.7912e-11 2.5033e-11 1.6423e-11 4.5537e-11 2.3411e-11 2.2155e-11 1.5714e-11 1.8232e-11 3.0278e-11 7.9414e-12 8.3032e-12 7.5143e-12 1.9054e-12 5.0324e-12 5.0746e-12 1.1712e-11 -8.8234e-13 1.0082e-12 -1.26e-12 1.363e-12 -5.8272e-12 2.5977e-12 -8.2094e-12 2.3969e-12 -1.0714e-12 -6.4697e-13 -4.2867e-12 -6.1962e-13 -6.7835e-12 -7.6262e-12 -2.6052e-12 -3.5834e-12 -8.893e-12 -1.155e-11 4.8099e-13 -2.9342e-12 1.0363e-12 -5.048e-12 -3.516e-12 2.4504e-13 -5.8389e-12 -1.4355e-12 -4.1638e-12 -3.4708e-12 8.1809e-13 -7.1555e-12 -1.3024e-12 -3.7001e-12 3.6281e-12 -2.1782e-12 7.8749e-14 5.4428e-13 -1.6442e-12 -3.0478e-13 2.1091e-12 -2.3217e-12 4.1905e-13 -1.2393e-12 3.4493e-12 2.1752e-12 -3.4072e-12 4.3414e-13 1.599e-12 -5.1755e-13 -2.4051e-12 -1.6196e-12 1.8167e-12 2.415e-12 -1.3577e-12 7.466e-13 1.1878e-12 7.2804e-13 1.165e-12 -4.6248e-13 6.733e-14 1.0382e-12 -3.9095e-13 3.8222e-13 5.2203e-13 2.934e-13 3.0904e-13 4.1535e-13 1.1755e-13 4.4159e-14 -5.2717e-14 3.1754e-14 -6.4928e-15 1.2755e-13
4.1911e-11 3.892e-11 3.2975e-11 2.4888e-11 3.1465e-11 2.0435e-11 2.9295e-11 2.0083e-11 1.8839e-11 1.7104e-11 2.3411e-11 3.432e-11 2.0624e-11 1.3871e-11 6.645e-12 2.2418e-11 1.224e-11 -1.4798e-12 2.7275e-12 9.9536e-12 1.9696e-12 9.6683e-13 2.2653e-12 -1.336e-12 -3.5924e-12 -6.2607e-12 -3.6435e-12 -3.5322e-12 3.5212e-12 -4.3832e-12 1.5197e-12 -2.7608e-12 -1.3394e-12 -4.1106e-12 -4.7985e-12 -2.236e-12 -1.7058e-12 -3.7607e-12 -8.7417e-12 -7.5895e-12 -8.2274e-12 -3.3858e-12 -4.9808e-12 4.9661e-13 -2.2258e-12 -4.2445e-12 -1.0909e-12 -2.5111e-12 -2.9961e-14 -4.9861e-12 -9.9976e-13 2.0047e-12 -2.7191e-12 -3.0803e-13 -3.0733e-12 2.4486e-12 -4.2154e-12 1.8678e-13 -1.5019e-12 -3.3966e-12 1.4109e-12 4.6987e-12 -2.8632e-12 -5.6143e-13 -9.2578e-13 -4.7522e-13 3.7093e-12 -2.3099e-12 5.2822e-13 1.627e-12 9.7016e-13 -9.6913e-13 6.2254e-13 -1.661e-12 -9.6361e-13 8.8312e-13 -8.6273e-14 -3.237e-13 1.5207e-12 2.2751e-12 -2.9731e-13 -7.0374e-13 1.2925e-12 -8.3875e-13 -4.087e-13 5.5231e-13 1.8772e-13 1.0637e-13 9.5455e-14 9.3424e-14 1.3643e-13 -9.0835e-15 -2.021e-18 2.5619e-16 1.2428e-13
4.9231e-11 4.9254e-11 3.8636e-11 3.5568e-11 3.813e-11 3.1399e-11 5.0319e-11 2.8527e-11 2.479e-11 2.4915e-11 2.2155e-11 2.0624e-11 4.1672e-11 1.5849e-11 1.5729e-11 2.5831e-11 7.3828e-12 8.2707e-12 -1.8125e-12 1.0608e-11 7.4611e-12 2.0886e-12 9.2231e-13 -1.7573e-12 1.5631e-12 -1.9735e-12 2.1292e-12 -7.1921e-12 -3.5151e-12 4.6601e-13 -1.4985e-12 -6.4035e-12 -4.8642e-12 -8.5294e-12 -9.4954e-12 -7.0928e-12 -1.1372e-12 -6.633e-12 -1.3672e-11 -4.7503e-12 -1.152e-11 -7.8029e-14 -7.025e-12 -5.044e-12 -7.5875e-12 -7.7594e-12 -2.1663e-12 3.3716e-13 6.3517e-13 -5.3935e-12 2.129e-12 -3.9501e-13 -3.3891e-12 -1.8964e-12 -1.6975e-12 -7.4704e-13 -4.8675e-12 1.1663e-12 -2.4243e-12 -2.7659e-12 9.633e-13 -6.9575e-13 -3.5046e-12 6.169e-13 5.2728e-13 2.3751e-12 3.2651e-12 -6.285e-13 -4.1029e-13 1.2031e-13 3.1363e-13 -3.1988e-13 -2.9878e-12 -9.4631e-13 1.2938e-13 1.6552e-12 2.1243e-12 8.9906e-13 2.4857e-12 -6.5751e-13 1.335e-12 -5.8005e-13 9.1855e-13 2.3426e-13 1.203e-13 7.1889e-13 1.3648e-12 -1.8848e-13 4.7576e-13 2.524e-13 -1.0936e-14 4.0095e-14 -6.0171e-16 7.0514e-14 5.617e-14
3.4176e-11 3.3453e-11 3.722e-11 2.8438e-11 2.3691e-11 2.4381e-11 2.5593e-11 1.6295e-11 1.7183e-11 1.8739e-11 1.5714e-11 1.3871e-11 1.5849e-11 2.9714e-11 1.5675e-11 1.9256e-11 8.9771e-12 3.6013e-12 6.2968e-12 6.7288e-12 6.0352e-12 1.3729e-12 6.7381e-12 -4.4784e-12 4.1292e-12 -3.339e-12 2.7865e-12 -1.1081e-12 -6.8188e-13 -1.0247e-11 -1.0648e-12 -7.5633e-12 1.4657e-13 -6.3841e-12 -3.92e-12 -7.4184e-12 -7.8629e-12 -3.5924e-12 -8.4061e-12 -4.9015e-12 -4.0149e-12 -1.3045e-12 -5.3393e-13 -1.0035e-12 -2.9593e-12 -2.9972e-12 -6.9657e-13 -1.7358e-12 -5.3821e-14 -2.2751e-12 -1.6042e-12 -1.4473e-12 -1.7479e-12 -7.9611e-13 -4.1165e-12 2.3638e-12 -4.0171e-12 2.7109e-12 -2.0144e-12 -1.0085e-12 -1.4029e-12 1.036e-13 -2.1072e-12 -1.3938e-12 9.5736e-13 2.2514e-12 2.1991e-12 -3.005e-12 -1.1564e-13 1.5843e-13 6.4005e-13 1.0833e-12 -2.4301e-12 -1.1026e-12 8.1058e-13 -1.4191e-12 9.8946e-13 -4.2425e-13 1.1052e-12 1.6365e-12 -7.1087e-13 -1.4469e-12 1.1432e-13 4.5818e-13 -1.8342e-13 1.0899e-12 5.6468e-13 -2.1297e-13 3.6184e-13 1.7443e-13 4.9641e-14 4.9263e-14 4.186e-14 4.7973e-14 2.1021e-14
2.4337e-11 3.0864e-11 2.8241e-11 2.711e-11 2.087e-11 2.0933e-11 2.5467e-11 1.8081e-11 1.7133e-11 1.427e-11 1.8232e-11 6.645e-12 1.5729e-11 1.5675e-11 2.8851e-11 1.9447e-11 2.7694e-12 1.4163e-11 3.9957e-12 6.5014e-12 4.1143e-12 1.6304e-12 4.698e-12 -4.2904e-12 5.4117e-12 -1.9302e-12 5.1958e-12 -1.3066e-12 -9.239e-13 -2.2099e-12 7.2324e-13 -3.5287e-12 -2.8536e-12 -3.9954e-12 1.2254e-13 -7.114e-12 -5.8847e-12 -3.7635e-12 -4.0103e-12 -3.0299e-12 -7.5084e-12 1.1092e-12 3.3948e-12 -2.2482e-12 -1.5465e-12 -7.754e-13 -1.8014e-12 1.211e-14 6.4013e-13 -5.3165e-12 -2.7327e-12 -2.4059e-12 -4.9766e-13 1.9438e-12 -1.1828e-12 -3.4544e-13 -1.3488e-12 2.8002e-12 2.0015e-12 4.0578e-13 -2.1021e-12 -4.6992e-13 -1.7922e-12 -3.2774e-12 -1.3596e-12 1.9875e-12 2.5348e-13 -2.3783e-12 3.6046e-13 4.4198e-14 5.3242e-13 1.0118e-13 -1.8169e-12 1.7428e-12 1.285e-12 -9.6982e-13 1.0818e-12 1.1655e-12 2.1902e-12 -1.002e-12 -4.6363e-14 -5.8715e-13 1.401e-13 4.3147e-13 6.8355e-14 7.2275e-13 7.6839e-13 -4.6222e-13 6.0656e-13 2.9592e-13 -5.0975e-15 4.8978e-14 1.3494e-14 8.2312e-14 1.0007e-13
4.6926e-11 5.3535e-11 4.5309e-11 3.4056e-11 3.6557e-11 2.7744e-11 3.8842e-11 2.9909e-11 2.0922e-11 2.1557e-11 3.0278e-11 2.2418e-11 2.5831e-11 1.9256e-11 1.9447e-11 4.5176e-11 4.3944e-12 1.0476e-11 5.4975e-12 4.3295e-12 4.4009e-12 7.1059e-12 6.4389e-12 -8.8223e-12 -3.0063e-13 -8.1926e-12 -1.6271e-12 -5.743e-12 -3.1539e-12 -2.4198e-12 9.6597e-13 -7.5152e-13 -4.4953e-12 -9.4112e-12 -4.2123e-12 -1.9192e-12 -6.937e-12 -6.6459e-12 -3.8775e-12 -8.1678e-12 -8.9924e-12 -4.3191e-12 -3.523e-12 -1.8544e-12 -8.1478e-12 -3.594e-12 -1.2731e-12 -2.0846e-12 -2.1014e-13 -4.049e-12 -6.1851e-12 1.0753e-12 -2.6805e-12 -1.6321e-13 -4.7971e-12 -3.1976e-12 -4.5193e-12 4.8799e-13 1.4091e-12 -2.6404e-12 -5.3055e-13 8.5067e-13 -4.1002e-12 6.5833e-13 -3.0207e-12 3.1314e-12 4.5014e-12 -4.5625e-13 1.4465e-12 -1.2158e-12 -2.7014e-13 -1.4119e-12 -2.171e-12 -5.6445e-13 2.4472e-12 -8.4135e-13 1.3778e-12 1.4783e-12 1.2736e-12 6.3313e-13 -5.5712e-13 -1.3808e-13 5.0721e-13 -3.8598e-13 -1.7304e-13 4.4135e-13 4.442e-13 4.3274e-13 7.3774e-13 1.9794e-13 1.7287e-14 8.7323e-14 1.6058e-14 6.0408e-14 3.5871e-14
1.4956e-11 1.6106e-11 1.7918e-11 8.2114e-12 1.9152e-11 1.8643e-11 1.2532e-11 7.8647e-12 1.2257e-11 1.1916e-11 7.9414e-12 1.224e-11 7.3828e-12 8.9771e-12 2.7694e-12 4.3944e-12 2.4691e-11 -2.2037e-13 4.1943e-12 7.7334e-12 -1.7798e-12 -2.8824e-12 5.5114e-13 -2.4677e-12 -2.3582e-12 -3.0814e-12 -4.6259e-12 -2.358e-12 -4.8391e-13 -3.5055e-12 1.0702e-13 -3.6473e-12 -3.5362e-12 -7.6239e-12 -4.6816e-12 -4.9506e-12 -2.4899e-12 -1.3496e-12 -4.2325e-12 -4.1988e-12 -7.0633e-12 -4.1595e-12 1.3975e-12 2.012e-13 -6.6318e-14 -4.9443e-12 -1.7038e-12 1.4156e-12 1.2021e-12 -5.9211e-12 1.2057e-13 2.0409e-12 -6.7294e-13 6.6922e-13 -2.645e-12 1.2932e-12 -3.4333e-12 -4.1597e-13 -1.5247e-13 -2.6358e-13 3.1759e-13 1.2583e-12 4.9968e-13 -1.9729e-12 -2.7479e-12 8.1858e-14 2.6851e-12 -1.5369e-12 2.1882e-13 -1.3963e-13 -4.981e-13 -3.9253e-13 5.6101e-13 -1.0126e-12 -3.7776e-13 -1.6594e-12 1.287e-12 -2.2732e-12 -9.7865e-14 4.877e-13 -1.599e-13 -1.0203e-12 -1.7391e-13 4.4044e-13 2.9469e-13 3.0403e-13 1.9e-13 2.0667e-13 7.9576e-14 -3.3993e-14 1.2077e-13 5.4874e-15 2.8498e-14 3.0706e-14 1.0599e-13
6.3583e-12 1.2919e-11 1.3028e-11 1.1996e-11 1.0826e-11 7.9269e-12 1.5854e-11 8.1184e-12 9.7585e-12 9.3391e-12 8.3032e-12 -1.4798e-12 8.2707e-12 3.6013e-12 1.4163e-11 1.0476e-11 -2.2037e-13 3.3259e-11 2.7921e-12 2.4231e-12 -4.3714e-12 -8.9179e-13 -6.4156e-13 -2.9387e-12 -1.5898e-12 -2.8484e-12 7.0337e-12 2.3349e-12 4.1796e-12 6.043e-12 -5.0442e-12 3.6789e-12 -1.3357e-12 -3.4707e-12 2.282e-12 -6.886e-12 -4.4766e-13 2.4366e-12 1.3972e-12 3.5173e-12 -2.2983e-12 4.5228e-13 3.775e-12 -2.1904e-12 -5.4721e-12 4.3636e-13 -9.5292e-13 2.8455e-12 -1.4632e-12 -1.8147e-12 5.1227e-12 4.6406e-14 1.7836e-12 2.6108e-12 -1.7982e-12 -1.9846e-12 1.9807e-12 1.6755e-12 1.4069e-12 3.3823e-12 -1.1082e-12 -1.2701e-12 -4.8353e-13 -8.9333e-13 4.2766e-13 2.9826e-12 9.9259e-13 3.8324e-12 -7.8053e-13 -7.2322e-13 -1.3306e-12 -8.2316e-13 -1.7122e-12 3.9935e-12 9.0008e-13 9.9225e-13 1.6095e-12 5.4055e-13 1.9046e-13 -4.1052e-12 8.7198e-13 5.9104e-13 -4.2975e-13 1.1444e-12 2.5467e-13 1.5397e-14 3.6476e-14 9.3194e-14 6.7339e-13 2.442e-13 2.6528e-14 9.4196e-14 6.9635e-14 2.8228e-14 1.4361e-13
7.7042e-12 5.2942e-12 1.342e-11 5.1711e-12 6.5561e-12 1.1701e-11 1.0327e-12 2.0093e-12 8.802e-12 4.1665e-12 7.5143e-12 2.7275e-12 -1.8125e-12 6.2968e-12 3.9957e-12 5.4975e-12 4.1943e-12 2.7921e-12 1.8289e-11 -4.1347e-12 3.1594e-12 -1.5023e-12 4.5126e-12 -7.6851e-12 -1.1166e-13 -1.8235e-12 -1.8112e-12 3.0339e-13 2.1168e-12 -5.0461e-12 1.6956e-12 3.0012e-12 -1.0227e-12 3.7198e-12 3.9996e-12 -1.9653e-12 -3.6829e-12 -4.4725e-13 -3.8132e-13 -3.9301e-12 6.6812e-13 -3.3174e-12 6.2624e-12 2.48e-13 8.5281e-13 9.9972e-14 1.6546e-12 -1.3631e-12 -1.3069e-12 -2.4541e-12 1.5311e-12 1.5237e-12 -2.3916e-12 -1.0495e-12 -1.5131e-12 2.4438e-12 -3.7163e-12 -1.0398e-12 1.6579e-12 2.1681e-12 -5.4999e-13 1.0087e-12 -4.9711e-13 -8.7119e-13 7.8646e-13 9.6692e-13 -2.6884e-14 -3.2245e-12 -2.7145e-12 9.2323e-13 -3.4619e-13 2.803e-14 -8.1924e-13 1.1804e-12 3.3273e-12 3.0537e-13 -9.0187e-14 9.0123e-13 1.1117e-12 1.0341e-12 -6.5236e-13 -7.7711e-13 3.0205e-13 3.9654e-13 5.3951e-13 4.5662e-13 -6.2799e-13 3.1832e-13 1.688e-13 -5.4868e-14 2.1462e-14 -4.1293e-14 4.7031e-14 5.4259e-14 1.448e-13
2.1861e-11 1.7028e-11 8.8713e-12 1.0004e-11 1.6904e-11 9.7329e-12 1.4986e-11 6.1686e-12 1.1871e-11 9.3463e-12 1.9054e-12 9.9536e-12 1.0608e-11 6.7288e-12 6.5014e-12 4.3295e-12 7.7334e-12 2.4231e-12 -4.1347e-12 2.069e-11 -1.9088e-12 -1.902e-12 -1.021e-13 -2.7314e-12 5.3124e-12 1.4875e-12 -1.5159e-12 -7.7441e-13 1.0377e-12 -3.4007e-12 -1.719e-12 -3.5729e-12 -1.4658e-12 -2.4692e-12 -1.3258e-12 1.0765e-12 1.5127e-12 3.4496e-12 -3.5584e-12 1.9226e-12 -4.4852e-13 -2.9336e-12 6.393e-13 1.3881e-12 -7.366e-14 -1.5467e-12 -8.2038e-13 2.7533e-12 -1.745e-12 -3.6154e-12 1.7585e-12 8.8874e-13 -1.266e-13 5.6573e-14 -2.3229e-12 -5.7507e-13 -8.3403e-13 -3.1341e-13 2.9826e-13 -1.2166e-12 5.655e-13 5.8201e-13 -3.9731e-13 -1.1869e-12 -2.1423e-12 -1.5852e-12 1.4986e-12 1.6853e-12 1.1514e-12 1.9237e-13 6.9405e-13 6.1777e-13 2.9099e-13 -1.0713e-12 -2.775e-12 7.4823e-13 2.8096e-13 -1.1425e-12 5.4578e-13 -1.6641e-13 -3.2481e-15 1.7189e-13 3.7155e-13 2.2481e-13 -2.1499e-13 5.9951e-14 4.6862e-13 -4.0809e-13 7.0566e-14 1.4521e-13 1.3054e-13 1.4559e-14 -4.7288e-15 1.9738e-14 5.5912e-14
8.9814e-12 7.4887e-12 6.4671e-12 1.1415e-11 2.1173e-12 2.2394e-12 3.1968e-12 1.2544e-11 4.6038e-12 5.3504e-12 5.0324e-12 1.9696e-12 7.4611e-12 6.0352e-12 4.1143e-12 4.4009e-12 -1.7798e-12 -4.3714e-12 3.1594e-12 -1.9088e-12 1.9577e-11 -2.7385e-12 9.8023e-12 4.7572e-12 4.299e-12 3.0234e-12 -2.065e-12 -6.4993e-13 -5.765e-13 -5.3395e-12 -9.421e-13 -8.7087e-12 2.2456e-12 2.4522e-12 -1.8307e-12 4.4098e-12 -9.5336e-13 -4.8723e-12 -4.5136e-12 -2.3629e-12 -1.6651e-13 2.7724e-12 7.826e-13 -3.1961e-12 1.6849e-12 1.7058e-12 3.2703e-12 2.2787e-13 -1.9816e-13 -1.3311e-12 1.0921e-13 -2.4622e-12 -3.6441e-12 1.1195e-12 1.2439e-12 -4.9966e-13 -6.1276e-13 2.4368e-12 3.0703e-14 2.5218e-12 3.2726e-12 -1.2015e-12 -1.892e-12 2.1852e-12 -9.9534e-13 -2.7144e-13 6.048e-13 -2.5322e-12 -1.4479e-12 3.0615e-14 1.7316e-12 2.8372e-13 -1.7233e-12 -2.2043e-12 1.7126e-12 -4.407e-13 -7.3844e-13 7.0732e-13 1.3591e-12 1.1846e-14 -1.3663e-12 -2.8624e-13 -2.466e-13 -4.4042e-13 5.3704e-13 5.1333e-13 -8.1968e-14 -3.7451e-13 9.5726e-14 8.2905e-14 -6.4384e-14 -5.5505e-14 4.2853e-14 1.9628e-14 -9.8423e-14
6.1438e-12 1.8716e-12 7.368e-12 6.0585e-13 3.189e-12 1.6006e-13 5.3483e-12 1.6338e-12 2.3643e-12 5.9434e-12 5.0746e-12 9.6683e-13 2.0886e-12 1.3729e-12 1.6304e-12 7.1059e-12 -2.8824e-12 -8.9179e-13 -1.5023e-12 -1.902e-12 -2.7385e-12 1.7356e-11 3.4378e-13 -9.7758e-13 2.1492e-12 -4.9497e-12 1.6039e-12 -1.1558e-12 -2.0158e-13 -3.7732e-12 -9.6664e-13 4.1289e-13 1.5911e-12 -3.051e-12 -1.7291e-12 -2.1019e-12 -3.2436e-12 -1.2088e-12 3.0026e-12 -4.9161e-12 -4.8914e-12 5.5157e-12 -3.4535e-12 1.9911e-12 -7.4327e-13 -2.9556e-12 -5.2757e-13 -2.0858e-12 1.6028e-12 2.0245e-12 -2.1819e-12 -6.1672e-14 1.0695e-12 -8.5213e-13 -7.5436e-13 6.2481e-13 -8.1102e-13 1.9659e-12 -9.6453e-13 -1.1933e-12 -2.1811e-13 -3.6157e-13 -9.9812e-14 1.4426e-12 -1.6934e-13 1.1459e-13 7.2136e-13 4.0707e-13 1.1185e-12 3.4199e-13 -1.0631e-12 -9.3183e-13 1.9496e-13 5.7108e-13 -3.2063e-13 -8.5626e-15 1.4102e-12 -1.0634e-12 -1.5515e-13 -3.9982e-13 1.9829e-14 3.3071e-13 5.1387e-13 6.6228e-13 -7.5489e-13 -4.2742e-13 8.6053e-13 -1.0788e-13 2.405e-15 4.6568e-14 -6.7308e-14 5.1941e-15 -6.9653e-14 1.8313e-14 -3.7688e-14
1.2683e-11 9.2138e-12 1.0303e-11 1.0065e-11 4.136e-12 5.0888e-12 1.4887e-12 1.0305e-11 9.519e-12 9.8717e-13 1.1712e-11 2.2653e-12 9.2231e-13 6.7381e-12 4.698e-12 6.4389e-12 5.5114e-13 -6.4156e-13 4.5126e-12 -1.021e-13 9.8023e-12 3.4378e-13 2.6176e-11 3.4237e-12 7.0632e-12 6.8688e-12 3.5413e-12 -6.2538e-13 2.7492e-12 -9.13e-12 -4.5268e-12 -6.0468e-12 1.4617e-13 -1.8321e-13 2.6982e-12 3.988e-12 -5.4827e-13 -5.3427e-14 2.5034e-12 -2.0874e-12 4.6553e-13 3.7506e-13 1.878e-12 -1.494e-12 2.9108e-12 4.659e-13 3.9193e-12 -2.7815e-12 -3.8424e-12 -3.4325e-12 -2.8809e-12 -3.4606e-12 -2.4325e-12 -1.5953e-12 -1.2284e-12 1.1103e-12 1.1631e-12 -1.6172e-12 -7.2723e-13 2.0709e-12 4.4569e-13 -2.6579e-13 -1.2956e-12 -1.0252e-12 -2.5972e-12 1.9228e-12 -1.3418e-12 -1.8011e-12 -3.0741e-12 8.479e-13 -1.7076e-12 1.642e-12 -1.6329e-12 3.214e-13 3.1148e-12 -1.6719e-12 6.4962e-13 -6.9136e-13 -3.3344e-13 8.1715e-13 -6.8414e-13 1.3238e-12 2.0493e-13 3.3201e-13 6.8265e-13 2.7474e-13 -2.4036e-13 -3.2391e-13 -1.2943e-13 -1.0995e-13 -4.0021e-14 -5.0531e-14 7.7818e-14 3.7843e-15 -5.5684e-14
-1.1068e-12 -1.9107e-12 -5.7516e-12 2.4518e-12 -4.5691e-12 -7.678e-12 -2.4891e-12 8.5826e-12 -5.3953e-12 -9.1368e-13 -8.8234e-13 -1.336e-12 -1.7573e-12 -4.4784e-12 -4.2904e-12 -8.8223e-12 -2.4677e-12 -2.9387e-12 -7.6851e-12 -2.7314e-12 4.7572e-12 -9.7758e-13 3.4237e-12 2.0544e-11 1.3404e-12 2.5904e-12 4.1607e-12 4.906e-13 1.9161e-12 -8.0684e-13 -1.8607e-12 -5.7547e-12 2.8344e-12 -2.6252e-12 -1.5798e-12 2.4896e-13 3.7465e-13 2.6658e-13 -1.6918e-12 1.8297e-12 -1.509e-12 1.6322e-12 -2.8251e-12 4.965e-13 4.8778e-12 -1.2603e-12 -2.8974e-12 -1.5516e-13 -2.4091e-12 1.4812e-12 -6.7229e-13 -3.1115e-12 -2.7293e-12 -3.3132e-13 -3.8649e-13 -1.4107e-12 2.7819e-12 3.7499e-12 -8.9267e-13 4.3282e-13 1.6925e-12 -1.5371e-12 -1.3924e-12 2.0038e-12 1.2202e-12 3.64e-13 -1.5065e-12 -1.2871e-13 9.0367e-13 5.43e-13 9.3135e-13 -3.0306e-14 7.9026e-13 -5.6241e-14 -2.1894e-13 -9.422e-13 -9.813e-14 -1.0847e-14 5.9402e-13 7.9094e-13 6.2353e-13 8.6666e-13 2.9778e-13 5.3702e-13 3.4656e-13 7.83e-13 2.6874e-13 -1.5311e-13 -2.8841e-13 4.943e-14 -1.4784e-13 -5.4362e-14 2.3398e-14 -6.3663e-14 -2.7397e-14
1.3096e-11 3.1134e-12 4.2868e-14 9.5872e-12 -3.0195e-12 8.7079e-12 1.2434e-12 5.2815e-12 2.5535e-12 4.5045e-12 1.0082e-12 -3.5924e-12 1.5631e-12 4.1292e-12 5.4117e-12 -3.0063e-13 -2.3582e-12 -1.5898e-12 -1.1166e-13 5.3124e-12 4.299e-12 2.1492e-12 7.0632e-12 1.3404e-12 1.8629e-11 5.3945e-12 4.3559e-12 2.6868e-12 -8.1205e-13 -4.2737e-12 -1.3824e-13 -2.5622e-12 2.6523e-13 -4.9884e-13 1.6563e-12 2.5468e-13 1.74e-13 2.5802e-12 -5.1992e-13 2.113e-12 2.746e-13 -1.4106e-12 2.9135e-12 2.1825e-12 1.2884e-12 1.8566e-12 1.5887e-12 1.4517e-12 -3.1961e-12 -3.4766e-12 -5.9801e-13 -1.1541e-12 -2.2428e-12 -1.5519e-13 -5.1079e-13 1.1138e-12 1.9726e-12 3.2731e-12 8.895e-13 2.0673e-12 2.4973e-12 6.4516e-13 -8.4485e-14 -8.0095e-13 -7.3187e-13 -7.6065e-14 4.8004e-13 -1.0398e-12 5.0397e-13 -1.4158e-13 -2.7166e-13 1.6164e-12 -1.396e-12 -9.7879e-13 8.697e-13 -3.9137e-13 -6.4531e-13 -5.0326e-13 -2.2618e-13 1.3924e-12 -1.0879e-12 1.7248e-13 -2.9109e-13 1.2452e-12 1.355e-14 4.045e-13 2.1701e-13 -3.9383e-13 -1.2917e-13 1.9868e-13 -7.3801e-14 -4.8976e-14 4.2905e-14 5.0108e-15 6.0753e-14
-6.5247e-12 -1.4041e-11 -1.1867e-11 -9.0302e-12 -1.2868e-11 -5.6933e-12 -1.1662e-11 -3.6801e-12 -2.9007e-12 -9.503e-12 -1.26e-12 -6.2607e-12 -1.9735e-12 -3.339e-12 -1.9302e-12 -8.1926e-12 -3.0814e-12 -2.8484e-12 -1.8235e-12 1.4875e-12 3.0234e-12 -4.9497e-12 6.8688e-12 2.5904e-12 5.3945e-12 1.9232e-11 1.8398e-12 -2.0082e-12 3.8775e-13 -1.8334e-12 1.3196e-12 -4.3929e-12 -8.0719e-13 3.6105e-12 9.507e-13 3.7112e-12 3.0225e-12 3.7271e-12 7.5837e-13 4.198e-12 9.019e-12 9.7215e-13 -2.4736e-12 -1.2748e-13 3.9331e-12 4.1165e-12 4.6175e-12 -1.5628e-12 -1.0517e-12 -1.5992e-12 -2.9014e-14 -1.3947e-12 -8.9751e-13 -2.0313e-12 2.6208e-12 2.0942e-12 3.836e-12 5.79e-13 -1.1187e-13 3.9707e-13 -7.1988e-13 -3.9403e-13 1.5103e-12 7.8833e-13 1.4332e-12 3.0269e-14 -1.6303e-12 1.4522e-12 -1.4055e-12 3.2814e-13 -2.1077e-13 7.8793e-13 -1.5677e-12 8.7209e-13 -7.714e-13 -1.1167e-12 8.4879e-13 2.9495e-13 5.0054e-13 -8.1351e-13 -3.5995e-13 1.4803e-12 -4.4374e-13 6.1582e-14 1.059e-13 4.6478e-13 -6.5965e-13 4.1365e-14 -8.7171e-14 -8.5444e-14 -3.5159e-14 -4.6755e-14 1.8871e-14 -2.7525e-14 3.1482e-14
4.6763e-12 9.8709e-13 2.9069e-12 6.3197e-12 -2.2235e-12 1.1379e-12 7.3713e-12 3.9494e-12 3.189e-12 3.7017e-12 1.363e-12 -3.6435e-12 2.1292e-12 2.7865e-12 5.1958e-12 -1.6271e-12 -4.6259e-12 7.0337e-12 -1.8112e-12 -1.5159e-12 -2.065e-12 1.6039e-12 3.5413e-12 4.1607e-12 4.3559e-12 1.8398e-12 1.9374e-11 1.4733e-12 -3.59e-13 1.7051e-12 -2.9224e-12 7.5399e-14 1.6788e-12 -1.9296e-12 1.4781e-12 -4.5231e-12 3.4011e-13 3.6631e-12 -3.4393e-12 6.3492e-12 9.9022e-13 3.0447e-12 -1.4275e-12 -1.4934e-12 3.5525e-12 8.3526e-13 -1.8485e-12 -2.1604e-12 7.3055e-13 -2.2554e-12 6.2668e-13 -6.3459e-13 -6.7036e-13 9.8989e-13 1.6412e-12 4.3036e-13 1.5377e-12 3.7333e-12 -1.8205e-12 5.6886e-13 4.0864e-15 -2.0019e-12 -3.1822e-13 -1.4367e-12 6.9988e-13 1.7879e-12 -2.2059e-12 -7.4866e-13 8.6728e-13 1.3438e-12 -1.0265e-12 9.0387e-13 -2.0361e-12 1.831e-12 2.2329e-12 -8.4687e-13 1.1785e-12 -2.3931e-13 -5.0891e-15 -5.6978e-13 1.0628e-12 2.6076e-13 7.1891e-13 1.4327e-12 2.151e-13 2.9517e-13 3.0974e-13 -7.445e-14 -2.9508e-14 8.1475e-14 -8.2623e-14 -3.043e-15 4.8427e-14 -5.4002e-15 1.0181e-13
-4.0647e-12 -1.0776e-11 -1.3918e-12 -4.7154e-12 -6.4575e-12 -4.6438e-12 -1.1569e-11 -5.9684e-12 -6.0843e-12 1.8155e-12 -5.8272e-12 -3.5322e-12 -7.1921e-12 -1.1081e-12 -1.3066e-12 -5.743e-12 -2.358e-12 2.3349e-12 3.0339e-13 -7.7441e-13 -6.4993e-13 -1.1558e-12 -6.2538e-13 4.906e-13 2.6868e-12 -2.0082e-12 1.4733e-12 1.5669e-11 1.1619e-12 -2.464e-13 1.5418e-12 3.0368e-12 4.5699e-12 -9.6456e-13 3.5951e-12 -3.4194e-12 -2.565e-12 2.6592e-12 -1.472e-12 1.2116e-13 2.1738e-12 1.7332e-12 5.1797e-12 2.9596e-12 -1.0377e-13 5.2583e-12 3.8382e-12 5.4914e-13 -3.7585e-13 2.3095e-12 2.7034e-12 -7.9665e-13 1.5351e-12 1.2578e-12 -1.3057e-12 -8.5777e-13 1.6243e-12 1.5238e-12 -1.3907e-12 8.2772e-13 -2.1121e-12 1.2237e-12 6.3015e-13 1.1381e-13 1.969e-12 -9.2406e-13 -1.0427e-12 -3.8342e-13 2.2444e-13 3.1518e-13 -1.7168e-12 1.1889e-12 -3.4996e-14 -1.5316e-12 -9.5299e-13 6.2459e-13 -8.4107e-13 6.1002e-13 -7.6147e-13 -5.8794e-13 4.713e-13 -7.9831e-13 1.6688e-13 2.0101e-13 -2.2127e-13 6.1327e-14 -4.6465e-13 -2.1321e-13 -1.4721e-13 5.0123e-14 -2.6828e-14 1.87e-14 6.9937e-14 -1.7599e-14 1.9491e-15
-1.5731e-12 -3.0163e-12 -1.3682e-14 9.5611e-13 -1.0909e-12 -5.2327e-12 -3.754e-12 -5.5015e-13 1.9047e-12 -9.8839e-13 2.5977e-12 3.5212e-12 -3.5151e-12 -6.8188e-13 -9.239e-13 -3.1539e-12 -4.8391e-13 4.1796e-12 2.1168e-12 1.0377e-12 -5.765e-13 -2.0158e-13 2.7492e-12 1.9161e-12 -8.1205e-13 3.8775e-13 -3.59e-13 1.1619e-12 1.0442e-11 1.4002e-12 -1.1549e-12 1.3406e-12 2.1384e-12 4.8655e-12 8.0661e-13 -2.8703e-13 -9.286e-13 3.4492e-12 7.8869e-13 -2.3366e-12 2.1662e-12 -2.2728e-13 1.3033e-13 -9.2717e-13 1.2666e-12 6.7882e-13 -2.2701e-13 -5.1724e-13 4.7752e-13 -7.4208e-13 -8.5035e-13 -8.4478e-13 -9.9158e-13 5.7289e-13 -3.5571e-13 2.4518e-12 -5.3355e-13 -5.2733e-13 1.7983e-12 2.6156e-13 9.159e-13 1.746e-12 5.2295e-13 4.2143e-14 4.0818e-13 -9.6613e-13 -1.2281e-12 -3.3489e-13 -1.7468e-12 1.1067e-12 -5.0425e-13 4.3927e-13 1.2191e-12 6.8553e-13 3.1037e-13 1.0033e-12 -1.1179e-12 -7.9518e-14 1.6785e-13 9.0055e-13 -1.2134e-12 7.7576e-13 1.0019e-13 -2.9584e-13 1.2567e-13 -1.9696e-14 -3.1585e-13 3.1211e-14 -6.7367e-14 -6.6763e-15 9.0963e-14 -1.5913e-14 1.6746e-14 -3.8286e-15 -1.2062e-14
-1.2346e-11 -3.684e-12 -1.2275e-11 2.4871e-12 -5.1479e-12 -2.9249e-12 -1.4131e-12 -2.3643e-12 -5.3989e-12 -2.8518e-12 -8.2094e-12 -4.3832e-12 4.6601e-13 -1.0247e-11 -2.2099e-12 -2.4198e-12 -3.5055e-12 6.043e-12 -5.0461e-12 -3.4007e-12 -5.3395e-12 -3.7732e-12 -9.13e-12 -8.0684e-13 -4.2737e-12 -1.8334e-12 1.7051e-12 -2.464e-13 1.4002e-12 2.5699e-11 -2.1678e-12 6.8998e-12 -2.4251e-12 1.4338e-12 1.2803e-12 6.5769e-13 2.908e-13 2.8888e-13 4.9052e-12 3.557e-12 2.5061e-13 -3.4519e-12 -5.237e-12 -2.0836e-12 1.3283e-13 6.8868e-13 -7.5057e-13 2.7706e-12 3.0186e-12 -9.7993e-13 -2.6127e-12 5.8111e-13 1.0991e-12 3.2666e-12 2.5272e-12 -1.7495e-12 -5.9648e-13 -2.5138e-14 4.3528e-12 -1.5134e-12 -3.6214e-13 -7.0218e-13 2.0557e-12 -6.8119e-13 9.0731e-14 -2.6538e-14 7.98e-13 1.952e-12 1.0403e-12 -9.9027e-13 -4.1528e-13 -1.1125e-13 1.4062e-12 1.719e-13 4.3669e-13 1.6052e-12 -4.4189e-13 5.2149e-13 1.3415e-13 -5.4393e-13 3.8208e-13 -2.1272e-13 -9.7009e-13 -2.308e-13 3.7201e-13 -4.0215e-13 1.1262e-13 2.5728e-13 1.8233e-13 -5.3035e-14 7.084e-14 9.0996e-14 -4.0661e-14 -2.5881e-14 -1.4317e-15
-2.6478e-12 -8.9104e-13 -1.2364e-12 -7.4717e-12 -1.1041e-12 -2.9046e-12 -1.0114e-11 -6.7549e-12 -7.5772e-13 -1.3108e-12 2.3969e-12 1.5197e-12 -1.4985e-12 -1.0648e-12 7.2324e-13 9.6597e-13 1.0702e-13 -5.0442e-12 1.6956e-12 -1.719e-12 -9.421e-13 -9.6664e-13 -4.5268e-12 -1.8607e-12 -1.3824e-13 1.3196e-12 -2.9224e-12 1.5418e-12 -1.1549e-12 -2.1678e-12 1.6995e-11 3.9942e-12 -2.238e-12 9.3328e-14 2.9818e-12 -2.3345e-12 -1.0776e-12 8.8927e-13 -5.9571e-12 -1.7394e-12 5.1931e-12 -1.7656e-12 3.9652e-13 1.1315e-12 1.1083e-12 4.0719e-12 3.6532e-13 -2.6391e-12 2.8206e-12 -6.1341e-13 -2.3545e-12 -2.7222e-12 -1.9342e-12 -1.0129e-12 1.1334e-12 -2.3339e-13 -1.1856e-12 -2.0051e-12 7.5085e-13 -7.6346e-14 -1.0703e-12 4.4568e-12 -1.759e-13 -1.94e-12 -2.304e-14 4.3694e-13 2.1137e-12 -1.7863e-12 -2.3411e-13 2.2239e-13 7.2998e-13 3.4953e-13 4.1695e-13 1.1857e-12 -2.6519e-13 -1.2984e-13 -1.7765e-13 1.6394e-13 2.0381e-12 9.7907e-13 -9.5984e-14 -2.3905e-13 5.2202e-13 -7.3621e-13 2.497e-13 5.3055e-13 -3.5132e-13 1.8012e-14 -2.1492e-13 1.413e-14 4.1212e-14 4.1859e-14 2.7257e-14 2.1472e-14 -2.0518e-14
-8.6601e-12 -8.6381e-12 -8.9634e-12 -5.6483e-12 -3.0448e-12 -2.0841e-12 -6.3866e-12 -8.4394e-12 -1.7249e-12 -2.951e-12 -1.0714e-12 -2.7608e-12 -6.4035e-12 -7.5633e-12 -3.5287e-12 -7.5152e-13 -3.6473e-12 3.6789e-12 3.0012e-12 -3.5729e-12 -8.7087e-12 4.1289e-13 -6.0468e-12 -5.7547e-12 -2.5622e-12 -4.3929e-12 7.5399e-14 3.0368e-12 1.3406e-12 6.8998e-12 3.9942e-12 1.6497e-11 -7.093e-14 3.098e-12 5.6211e-12 -8.5729e-13 -4.7506e-13 2.8057e-13 6.1113e-12 1.8317e-12 3.8021e-12 -5.1472e-12 1.8401e-12 5.1179e-14 3.4037e-13 3.261e-12 -2.1248e-12 -1.2206e-12 3.4579e-14 2.2677e-12 5.5181e-13 9.3104e-13 8.0008e-13 -5.2589e-13 -8.1141e-14 -1.3341e-12 6.5949e-13 -2.81e-12 1.5944e-12 -8.4761e-13 -2.3576e-12 1.0372e-12 6.1294e-13 -1.0164e-12 -8.2135e-13 1.4695e-13 -3.2734e-13 4.5534e-13 -3.3985e-13 1.9855e-12 -2.5935e-13 -7.2331e-13 3.0485e-13 1.1954e-12 5.7192e-14 3.4831e-13 -1.2504e-12 -1.0069e-14 -3.954e-13 5.3635e-13 3.2052e-13 -9.1094e-14 -1.3949e-13 1.7559e-14 9.9466e-14 -4.9452e-13 -1.4812e-13 2.2805e-13 -1.3969e-13 -8.8882e-14 -2.1252e-15 1.6747e-14 7.4115e-15 -3.8732e-15 4.0186e-14
-6.0671e-12 -8.3916e-12 -3.4375e-12 -4.2559e-12 -1.8268e-12 -6.7777e-12 -1.0692e-11 1.3135e-12 -3.7082e-12 -2.4874e-12 -6.4697e-13 -1.3394e-12 -4.8642e-12 1.4657e-13 -2.8536e-12 -4.4953e-12 -3.5362e-12 -1.3357e-12 -1.0227e-12 -1.4658e-12 2.2456e-12 1.5911e-12 1.4617e-13 2.8344e-12 2.6523e-13 -8.0719e-13 1.6788e-12 4.5699e-12 2.1384e-12 -2.4251e-12 -2.238e-12 -7.093e-14 1.4692e-11 -5.3885e-13 1.3745e-12 1.3982e-12 -3.409e-12 -4.968e-13 -4.1058e-13 1.9404e-12 1.9664e-13 4.0143e-12 1.0336e-12 -1.6329e-14 1.5867e-12 3.2684e-12 -1.4743e-13 -1.3671e-12 -2.8117e-14 4.5994e-12 1.9951e-12 2.9085e-12 1.3302e-12 -5.6483e-13 1.9527e-13 4.586e-13 1.6416e-13 9.679e-13 1.2766e-12 3.3757e-13 -3.4787e-13 -4.6327e-13 -3.3646e-13 2.6714e-12 -6.0408e-13 -1.5973e-12 -4.754e-13 2.3424e-13 5.8506e-13 1.2991e-12 -7.2831e-13 2.3878e-13 5.479e-14 -5.1811e-13 -6.7909e-13 8.388e-13 1.1655e-12 8.5305e-13 -7.634e-13 2.6096e-13 -3.7652e-13 -9.1339e-13 6.624e-13 1.2442e-13 -1.1291e-13 2.0983e-14 -3.0367e-13 3.2056e-15 -3.4967e-13 -5.3592e-14 -4.0493e-14 -6.8357e-14 -8.7093e-15 -4.4162e-14 -1.6103e-14
-1.5542e-11 -1.6849e-11 -1.6178e-11 -1.3031e-11 -1.283e-11 -1.3973e-11 -9.2995e-12 -1.1568e-11 -4.1173e-12 -1.0745e-11 -4.2867e-12 -4.1106e-12 -8.5294e-12 -6.3841e-12 -3.9954e-12 -9.4112e-12 -7.6239e-12 -3.4707e-12 3.7198e-12 -2.4692e-12 2.4522e-12 -3.051e-12 -1.8321e-13 -2.6252e-12 -4.9884e-13 3.6105e-12 -1.9296e-12 -9.6456e-13 4.8655e-12 1.4338e-12 9.3328e-14 3.098e-12 -5.3885e-13 1.4846e-11 2.1104e-12 2.9158e-12 2.1032e-12 2.8879e-12 2.75e-12 4.0474e-13 7.1599e-12 -1.0651e-12 2.5116e-12 -9.4117e-13 2.3528e-12 2.3004e-12 6.657e-13 -1.1302e-12 8.5108e-13 -5.0358e-13 1.3857e-12 2.7649e-13 -2.6514e-12 1.1375e-12 2.3811e-12 2.1766e-12 5.8127e-13 -3.0481e-13 4.222e-13 1.1131e-12 6.9852e-13 1.2846e-15 1.5227e-12 4.1238e-13 1.9472e-12 -2.1905e-12 -5.6825e-13 -1.6876e-12 -2.4582e-12 1.0569e-12 1.4039e-12 -4.5998e-13 8.3914e-13 8.5435e-13 -5.2767e-13 -1.9281e-13 -2.3713e-12 7.5026e-13 3.5925e-13 5.2435e-13 -1.6779e-12 8.9308e-13 3.445e-14 -7.0524e-13 2.6487e-13 -2.9555e-13 -4.8595e-13 -3.8547e-13 -6.0885e-14 -6.3637e-14 5.3252e-14 -3.7973e-14 -4.5257e-14 -1.5293e-14 -3.1645e-14
-9.4482e-12 -5.5519e-12 -8.5334e-12 -4.5948e-12 -1.0631e-11 -5.603e-12 -1.2964e-11 -6.5924e-12 -2.6243e-12 -7.323e-12 -6.1962e-13 -4.7985e-12 -9.4954e-12 -3.92e-12 1.2254e-13 -4.2123e-12 -4.6816e-12 2.282e-12 3.9996e-12 -1.3258e-12 -1.8307e-12 -1.7291e-12 2.6982e-12 -1.5798e-12 1.6563e-12 9.507e-13 1.4781e-12 3.5951e-12 8.0661e-13 1.2803e-12 2.9818e-12 5.6211e-12 1.3745e-12 2.1104e-12 1.6002e-11 4.3004e-12 7.1971e-13 2.5066e-12 6.6548e-12 1.3309e-12 4.164e-12 2.7302e-13 2.9665e-12 1.7417e-12 2.607e-12 4.7187e-12 2.7164e-12 -2.5674e-13 -1.6811e-12 1.7358e-12 2.48e-12 -7.986e-13 1.1719e-12 -6.7087e-14 5.9747e-13 1.0395e-12 1.8161e-12 -3.491e-12 2.5397e-12 1.7943e-12 -9.1151e-13 9.0597e-13 3.9094e-13 -9.15e-13 -5.5668e-13 -3.5497e-13 -1.6236e-12 -5.9506e-13 1.2927e-12 1.1751e-12 1.39e-13 -3.6234e-13 1.0588e-12 2.5398e-12 6.2585e-13 4.9607e-13 3.8239e-13 -1.6792e-14 -2.3333e-14 -1.1244e-12 6.5405e-13 -4.1328e-13 -2.2615e-13 1.4231e-13 6.9858e-13 -2.6731e-13 -2.7742e-13 1.1961e-13 -9.5381e-14 -9.634e-14 2.5011e-14 2.4622e-14 1.1975e-14 -1.4393e-14 4.8523e-14
-1.0281e-11 -1.1345e-11 -1.7819e-11 -5.3461e-12 -1.0989e-11 -1.0804e-11 -1.7005e-11 -4.1512e-12 -7.0334e-12 -1.048e-11 -6.7835e-12 -2.236e-12 -7.0928e-12 -7.4184e-12 -7.114e-12 -1.9192e-12 -4.9506e-12 -6.886e-12 -1.9653e-12 1.0765e-12 4.4098e-12 -2.1019e-12 3.988e-12 2.4896e-13 2.5468e-13 3.7112e-12 -4.5231e-12 -3.4194e-12 -2.8703e-13 6.5769e-13 -2.3345e-12 -8.5729e-13 1.3982e-12 2.9158e-12 4.3004e-12 1.8285e-11 5.0099e-12 1.5611e-12 6.7896e-12 1.8216e-12 4.0272e-12 -1.43e-13 1.3556e-12 2.397e-12 2.6678e-12 1.6133e-12 4.2295e-12 4.8658e-12 -2.4999e-12 2.059e-12 1.6961e-13 1.4542e-12 2.4324e-12 6.0225e-13 2.9159e-12 -2.17e-12 3.4369e-12 -2.3913e-12 2.3659e-12 1.0188e-12 1.6908e-12 -4.5019e-13 1.4593e-13 1.8655e-12 -1.6248e-12 -2.1348e-12 -3.575e-13 1.0404e-12 1.5851e-12 7.6552e-14 1.5245e-12 2.8855e-13 1.0048e-12 5.2831e-14 -2.1594e-13 1.1196e-12 -3.422e-13 -1.6778e-13 -2.6502e-13 2.6533e-13 -8.865e-13 3.8797e-13 -4.7047e-13 -6.4821e-13 -2.8768e-13 -5.2957e-13 -2.4628e-13 3.0024e-13 9.0651e-14 -1.2787e-13 -1.5561e-14 -1.2541e-14 1.0533e-14 -1.5232e-14 -1.5937e-14
-9.7451e-12 -1.3391e-11 -1.2861e-11 -9.9176e-12 -1.0743e-11 -2.1405e-12 -3.2046e-12 -9.2046e-12 -3.3807e-12 -4.7684e-12 -7.6262e-12 -1.7058e-12 -1.1372e-12 -7.8629e-12 -5.8847e-12 -6.937e-12 -2.4899e-12 -4.4766e-13 -3.6829e-12 1.5127e-12 -9.5336e-13 -3.2436e-12 -5.4827e-13 3.7465e-13 1.74e-13 3.0225e-12 3.4011e-13 -2.565e-12 -9.286e-13 2.908e-13 -1.0776e-12 -4.7506e-13 -3.409e-12 2.1032e-12 7.1971e-13 5.0099e-12 1.8344e-11 -6.213e-13 9.6392e-13 2.1542e-12 2.9636e-12 -1.1863e-13 -1.7981e-13 -1.2437e-12 -2.0075e-12 -5.393e-13 -1.0711e-12 8.7814e-13 -8.8946e-13 5.8134e-14 9.1463e-13 1.4339e-12 7.402e-14 -2.4649e-12 2.7507e-12 1.1519e-12 4.0114e-12 -6.4017e-13 3.4981e-13 9.027e-13 7.4435e-14 1.1322e-12 -8.7312e-13 3.8857e-13 -2.5408e-13 -3.0748e-13 5.4938e-13 1.2733e-12 -4.3093e-13 -1.2057e-12 2.7909e-12 3.2838e-13 1.9675e-12 7.907e-13 -9.78e-13 9.9237e-13 -3.5546e-13 -1.8451e-12 4.2382e-13 -1.1388e-12 1.1444e-13 1.3236e-13 -6.6652e-13 5.2306e-13 1.1262e-13 -4.687e-13 -3.0765e-14 -4.9424e-15 -2.902e-14 -4.0552e-14 8.5849e-14 5.2815e-15 4.8161e-14 4.3943e-14 1.0349e-13
