,0,1,2,3,4,5,6,7,8,9,10,11,12,13,14,15,16,17,18,19,20,21,22,23,24,25,26,27,28,29,30,31,32,33,34,35,36,37,38,39,40,41,42,43,44,45,46,47,48,49,50,51,52,53,54,55,56,57,58,59,60,61,62,63,64,65,66,67,68,69,70,71,72,73,74,75,76,77,78,79,80,81,82,83,84,85,86,87,88,89,90,91,92,93,94,95,96,97,98,99,100,101,102,103,104,105,106,107,108,109,110,111,112,113,114,115,116,117,118,119,120,121,122,123,124,125,126,127,128,129,130,131,132,133,134,135,136,137,138,139,140,141,142,143,144,145,146,147,148,149,150,151,152,153,154,155,156,157,158,159,160,161,162,163,164,165,166,167,168,169,170,171,172,173,174
0,1,0.76572,0.84312,0.82182,0.83119,0.84288,0.81327,0.81844,0.85545,0.78395,0.81134,0.84021,0.86848,0.70941,0.6979,0.80724,0.80052,0.78512,0.79498,0.78108,0.78302,0.80566,0.7849,0.75264,0.81639,0.82309,0.74237,0.78272,0.75733,0.73676,0.85842,0.71439,0.75466,0.77142,0.76995,0.79906,0.77229,0.66121,0.70649,0.63513,0.72046,0.73696,0.7102,0.53496,0.65607,0.60487,0.66615,0.54346,0.81742,0.72443,0.52014,0.63979,0.54664,0.44941,0.63584,0.47848,0.55126,0.54497,0.55431,0.36229,0.41111,0.54941,0.55418,0.34086,0.07329,0.40432,0.34207,0.47362,0.347,0.13137,0.25074,0.2453,0.39897,0.0081249,0.31041,0.19046,0.43703,0.23187,0.097582,0.15155,-0.081814,0.39837,0.15853,0.32814,0.23156,0.18001,0.28852,0.0087615,0.0011828,0.13267,0.0075122,0.22981,0.18177,0.23592,0.14697,0.13004,0.067664,0.054134,0.35678,0.15618,0.087378,0.28487,0.016678,0.23221,0.014303,0.15544,-0.062548,0.15639,0.26101,0.040542,0.26316,0.36355,0.025798,0.002897,0.53085,-0.03195,-0.13057,-0.038396,-0.040076,0.13734,-0.046714,0.030544,-0.16073,0.055565,-0.04079,-0.084417,0.033177,0.080568,-0.11772,-0.071136,-0.27779,0.095846,0.21463,-0.19012,0.041095,-0.16016,0.22953,0.080396,-0.12905,0.28563,0.031923,0.00036617,-0.096706,0.1474,-0.10808,0.011908,0.080706,-0.093992,-0.10576,0.079998,0.12064,0.067673,-0.05463,-0.095281,-0.048635,-0.091563,-0.3146,-0.056046,-0.038491,-0.098553,-0.068451,0.24391,-0.061983,0.24265,0.062081,-0.2524,0.15186,0.20248,0.0090467,-0.19486,0.12226,-0.10531,0.11612,0.18241,0.027522
1,0.76572,1,0.78618,0.79303,0.80658,0.81327,0.80013,0.75708,0.76506,0.76803,0.84207,0.75076,0.79265,0.7786,0.78959,0.79166,0.74837,0.76111,0.82898,0.81904,0.7487,0.75979,0.74925,0.83526,0.78765,0.77145,0.78375,0.81919,0.81568,0.7089,0.77714,0.81954,0.68983,0.79555,0.7068,0.80701,0.7545,0.58819,0.77428,0.67214,0.70455,0.7489,0.59609,0.68928,0.57747,0.6421,0.78444,0.50911,0.62201,0.71104,0.58537,0.55979,0.47431,0.58081,0.55508,0.57724,0.27883,0.52497,0.64613,0.54999,0.54937,0.47428,0.56984,0.29027,0.11503,0.44152,0.38443,0.47197,0.4292,0.23205,0.35929,0.066334,0.35143,0.061551,0.42263,0.13682,0.3445,0.23059,0.085842,0.27788,0.11438,0.34012,0.29321,0.52078,0.26096,-0.0078254,0.19802,-0.17554,0.062778,0.038374,0.12921,0.17547,0.069362,0.24725,0.019046,0.17979,-0.12611,0.26488,0.25962,0.057779,0.047207,0.26243,0.020318,0.22492,0.072212,0.17097,0.038301,0.29327,0.17658,0.025999,0.32061,0.30269,0.073775,0.099561,0.39729,0.064875,-0.08106,-0.12713,-0.11187,0.11598,-0.056108,0.061994,-0.25843,0.17639,-0.024525,0.066391,0.025251,0.077633,-0.22124,-0.10632,-0.41982,0.14367,0.24525,-0.14044,0.19709,-0.21743,0.29585,0.16826,-0.016348,0.30791,0.09553,0.00041386,0.10495,0.2557,0.041354,-0.082827,-0.015591,-0.24456,-0.17815,0.071131,0.071394,0.15314,-0.035702,-0.1638,0.078669,0.096787,-0.049076,0.039943,0.00010598,-0.15793,-0.077575,0.12095,0.028886,0.11841,-0.12479,-0.1771,0.065526,0.20876,-0.137,-0.12742,0.14385,-0.060172,0.11556,0.20694,0.017976
2,0.84312,0.78618,1,0.85373,0.83852,0.77374,0.84863,0.81186,0.88478,0.86927,0.88544,0.7897,0.82412,0.75666,0.7754,0.8729,0.85454,0.85046,0.81359,0.81584,0.81188,0.83366,0.82259,0.84039,0.84461,0.80613,0.83558,0.86493,0.85304,0.76804,0.83258,0.82815,0.69701,0.83958,0.74659,0.81334,0.81485,0.73117,0.72145,0.72039,0.84515,0.72704,0.68667,0.58602,0.62197,0.61653,0.72245,0.65623,0.69331,0.72519,0.50545,0.72446,0.49746,0.40182,0.51658,0.48144,0.45536,0.57063,0.70011,0.45817,0.44616,0.58856,0.57908,0.39925,0.13158,0.34143,0.31067,0.49182,0.24751,0.19579,0.22708,0.24584,0.42346,0.034829,0.26019,0.17409,0.50899,0.29408,0.13143,0.2374,-0.050278,0.24221,0.19493,0.4069,0.22791,0.086042,0.20716,-0.066288,0.032179,0.16,0.058314,0.1355,0.24626,0.16172,0.14739,0.14892,-0.058381,0.22473,0.22021,0.11403,-0.078864,0.19746,0.020228,0.32688,0.063648,0.023391,-0.017723,0.14291,0.25221,0.030838,0.36153,0.29374,0.034936,0.0060657,0.40508,-0.052968,-0.015545,-0.14214,-0.021576,0.20481,-0.17074,0.14537,-0.1881,0.0066489,-0.013629,0.051822,0.05168,0.034944,-0.15506,-0.13778,-0.1595,0.15808,0.19018,-0.077524,0.18134,-0.30808,0.23772,0.071157,-0.032695,0.18055,-0.02273,0.066453,-0.031988,0.16126,-0.022582,-0.032682,0.23708,-0.18648,-0.14255,0.17121,0.13317,0.082538,-0.10561,-0.079029,0.10873,0.013641,-0.23554,-0.12175,0.022296,-0.16846,0.075191,0.26028,0.10267,0.18524,0.024012,-0.17298,0.14494,0.19718,0.089254,-0.17387,0.13305,-0.14793,0.2166,0.13922,0.23215
3,0.82182,0.79303,0.85373,1,0.86661,0.82406,0.87239,0.83046,0.85917,0.87002,0.84845,0.82907,0.84048,0.82793,0.73642,0.82083,0.87907,0.86527,0.78314,0.80792,0.83847,0.80798,0.83377,0.78174,0.87241,0.79744,0.85321,0.84456,0.83163,0.77408,0.83,0.73352,0.75924,0.81511,0.79625,0.84284,0.78719,0.72125,0.78593,0.78764,0.79718,0.70913,0.70713,0.64675,0.67382,0.73991,0.70307,0.70294,0.77672,0.76494,0.52671,0.68152,0.47029,0.47332,0.61903,0.53833,0.57992,0.57471,0.64247,0.49609,0.51736,0.50672,0.56074,0.43979,0.11012,0.41451,0.35509,0.49728,0.25138,0.13768,0.35089,0.14853,0.44836,0.02978,0.28092,0.13196,0.50492,0.36082,0.19261,0.27955,-0.15036,0.39422,0.21148,0.31426,0.25271,0.036741,0.34723,0.054228,0.025353,0.083064,0.031317,0.21942,0.19059,0.2619,0.12186,0.19149,0.072847,0.25119,0.21507,0.18433,0.026663,0.27865,0.051199,0.36768,0.0042635,0.091593,0.01001,0.27495,0.17063,0.072533,0.32729,0.45479,-0.022077,0.011207,0.3731,-0.048434,0.035508,-0.068929,-0.097757,0.13924,-0.024132,0.10297,-0.12732,0.026655,0.093855,-0.024353,0.080476,0.033413,-0.21161,-0.17477,-0.16992,0.12658,0.25443,-0.18068,0.15206,-0.3284,0.12132,-0.033874,-0.042573,0.24293,0.068665,0.014403,0.0075851,0.058218,-0.15241,-8.1629e-05,0.20148,-0.2193,-0.077291,0.10702,0.19026,0.15437,-0.071076,-0.10267,0.13165,0.076409,-0.14774,-0.16408,0.023934,-0.20294,0.017147,0.20545,0.15465,0.09915,-0.023391,-0.17665,0.19587,0.10095,0.061645,-0.24317,0.064197,-0.24309,0.17739,0.18925,0.090806
4,0.83119,0.80658,0.83852,0.86661,1,0.83804,0.85737,0.88396,0.80534,0.82993,0.88807,0.82484,0.82531,0.80873,0.75706,0.79712,0.83976,0.85567,0.81908,0.8067,0.82421,0.84213,0.84375,0.81966,0.84158,0.78064,0.85961,0.81106,0.82277,0.81517,0.87498,0.7604,0.70484,0.83397,0.7652,0.81767,0.77675,0.73045,0.78933,0.68061,0.74041,0.73362,0.68148,0.63319,0.66678,0.69729,0.69026,0.5844,0.72227,0.73908,0.56907,0.649,0.60387,0.52936,0.6055,0.50147,0.49253,0.56825,0.56907,0.38218,0.41528,0.44734,0.52326,0.4365,0.25319,0.38674,0.41058,0.44924,0.3175,0.084687,0.36195,0.19326,0.45118,0.08592,0.43676,0.33649,0.54214,0.38768,0.15718,0.24688,-0.027165,0.29116,0.21954,0.3886,0.29722,0.043445,0.29881,-0.005676,0.03181,0.18825,0.15975,0.25414,0.26941,0.28939,0.15901,0.13796,0.021579,0.14396,0.4043,0.040306,0.035769,0.19405,0.066388,0.26773,-0.046099,0.16342,0.089378,0.28121,0.24938,0.029462,0.35117,0.34437,-0.018891,0.027621,0.33425,0.19802,0.033302,-0.038611,-0.041701,0.11111,0.04085,0.13417,-0.23479,0.02511,0.031391,0.040868,0.048008,-0.016259,-0.080607,-0.098338,-0.21813,0.14658,0.19765,-0.16488,0.13479,-0.22736,0.20532,0.076618,0.0050395,0.21433,-0.066985,-0.024632,-0.085091,0.06334,0.0309,0.015676,0.10445,-0.19973,-0.12457,-0.016714,0.15441,0.062525,-0.16445,-0.13055,-0.02988,0.0047974,-0.2229,0.0021674,-0.05687,-0.24704,0.032087,0.13955,0.014686,0.15971,-0.13879,-0.027005,0.11529,0.10621,-0.022824,-0.17564,0.11301,-0.16723,-0.016325,0.20622,0.079604
5,0.84288,0.81327,0.77374,0.82406,0.83804,1,0.83989,0.83148,0.84292,0.80624,0.82793,0.88199,0.85756,0.78338,0.73986,0.78367,0.81328,0.79526,0.78735,0.84623,0.73658,0.82297,0.77688,0.82761,0.82141,0.74313,0.7918,0.79802,0.8026,0.7091,0.82004,0.78761,0.76267,0.84192,0.80449,0.81994,0.8386,0.71198,0.71621,0.67396,0.71606,0.74038,0.68244,0.63812,0.63811,0.76771,0.79084,0.61727,0.70317,0.80245,0.50375,0.67203,0.58419,0.53572,0.66432,0.56864,0.54232,0.59578,0.605,0.47409,0.44371,0.50497,0.57737,0.35951,0.2247,0.34437,0.42287,0.44817,0.43609,0.12342,0.39765,0.16826,0.51498,0.047746,0.39259,0.23129,0.43497,0.19787,0.13054,0.28539,-0.0050302,0.40367,0.066289,0.44075,0.13192,0.11192,0.30161,0.045325,0.10232,0.13287,0.014198,0.1822,0.11344,0.25711,-0.049421,0.1998,0.028506,0.11257,0.297,0.166,0.0069582,0.34401,-0.026367,0.19685,-0.015663,0.24776,0.000187,0.24311,0.19479,0.1069,0.25689,0.319,-0.017569,0.024463,0.30423,0.13625,-0.19993,-0.10481,0.015635,0.12644,0.035955,0.021458,-0.099451,0.063192,0.055863,-0.1463,-0.06458,0.057006,-0.057473,-0.12028,-0.23613,0.20486,0.13993,-0.29454,0.034729,-0.21037,0.17144,0.041095,-0.16291,0.26109,-0.0036891,0.063839,0.085097,0.11953,-0.094263,-0.15786,0.080335,-0.18307,-0.19492,0.24781,0.23443,0.039201,-0.057691,-0.088677,-0.047849,0.052875,-0.2121,-0.011196,-0.060507,-0.023037,-0.053182,0.14354,0.052604,0.16817,-0.0918,-0.1249,0.1839,0.032543,-0.10866,-0.15814,0.10923,-0.12339,-0.020905,0.24319,0.059719
6,0.81327,0.80013,0.84863,0.87239,0.85737,0.83989,1,0.83257,0.8486,0.85028,0.88643,0.81388,0.82895,0.83814,0.75318,0.83054,0.84497,0.87886,0.78728,0.84321,0.7654,0.83588,0.7748,0.832,0.86567,0.8048,0.86281,0.83621,0.85934,0.72767,0.8587,0.73096,0.78297,0.82632,0.80388,0.79046,0.81999,0.69733,0.79863,0.7316,0.77869,0.68988,0.70263,0.63175,0.6464,0.7569,0.73928,0.6441,0.65237,0.69076,0.59652,0.60531,0.55143,0.55523,0.59027,0.63887,0.51858,0.62281,0.65099,0.49449,0.39024,0.47907,0.54804,0.46608,0.27436,0.39311,0.37029,0.4538,0.25516,0.23053,0.32972,0.18938,0.49519,0.13893,0.26348,0.19084,0.46231,0.3482,0.085147,0.30681,-0.089254,0.34747,0.10157,0.35431,0.3103,0.10507,0.29995,0.026374,0.0083377,-0.02653,0.021931,0.13314,0.21202,0.25163,0.12953,0.23405,-0.0046524,0.25565,0.24619,0.14488,-0.083016,0.32498,0.16324,0.23486,-0.026874,0.16269,0.061375,0.2795,0.21877,-0.12912,0.3007,0.33218,-0.047298,-0.023408,0.31816,0.0064517,-0.057349,-0.092818,-0.018857,0.073505,0.029875,0.12588,-0.12504,0.047173,0.029283,0.0064911,-0.029229,-0.02102,-0.1997,-0.15615,-0.10046,0.13793,0.17212,-0.18546,0.13715,-0.37602,0.30653,0.085159,-0.021554,0.23074,0.021697,0.11795,0.0054398,0.14906,-0.024991,0.038998,0.17759,-0.078961,-0.23899,0.22999,0.097541,0.0083843,-0.081578,-0.17383,0.056584,0.10713,-0.25635,-0.11495,-0.073438,-0.20578,0.079311,0.1688,0.086798,0.11044,-0.037426,-0.17045,0.17531,0.024177,-0.016121,-0.17175,0.12087,-0.21643,-0.00054004,0.13526,0.13623
7,0.81844,0.75708,0.81186,0.83046,0.88396,0.83148,0.83257,1,0.80405,0.82194,0.85689,0.80505,0.83988,0.80246,0.7944,0.81919,0.83452,0.87665,0.78673,0.80901,0.74353,0.84837,0.85187,0.78768,0.86837,0.78662,0.8413,0.85646,0.88034,0.79944,0.81282,0.75399,0.78643,0.83784,0.81205,0.85833,0.80909,0.75254,0.80252,0.74283,0.78353,0.69515,0.75614,0.62368,0.72499,0.71341,0.69018,0.68929,0.67958,0.67781,0.61667,0.57997,0.63552,0.4853,0.64939,0.59299,0.54565,0.59971,0.66966,0.35899,0.51002,0.43376,0.50504,0.44925,0.21207,0.42375,0.3138,0.5379,0.25846,0.20108,0.38142,0.26402,0.45006,0.1453,0.37325,0.30861,0.51119,0.39638,0.2018,0.29918,-0.056741,0.36548,0.1544,0.44497,0.38216,0.12878,0.26917,-0.019309,0.080329,0.22892,0.05451,0.27679,0.19615,0.16552,0.092454,0.24922,-0.025954,0.22623,0.38406,0.24616,-0.0059284,0.26318,0.038776,0.27328,0.06209,0.13875,0.037868,0.23928,0.18866,0.11178,0.37135,0.32409,-0.021,0.031234,0.33073,0.030925,-0.064235,-0.072253,0.034374,0.072365,0.094551,0.051798,-0.035595,-0.011806,0.073315,-0.1318,0.1285,0.055781,-0.12214,-0.041395,-0.25034,0.2023,0.13589,-0.085614,0.090892,-0.18455,0.15236,0.093295,-0.10196,0.12729,-0.0043276,-0.022377,0.034755,0.15879,-0.076235,-0.018714,0.17654,-0.078598,-0.11435,0.15246,0.30128,0.21872,-0.14095,-0.11649,-0.10402,0.056209,-0.20622,-0.043195,-0.059161,-0.23974,-0.0022418,0.13208,0.13212,0.16023,0.036651,-0.18242,0.1434,0.069017,-0.037124,-0.20557,0.19261,-0.10418,0.072028,0.11652,0.019511
8,0.85545,0.76506,0.88478,0.85917,0.80534,0.84292,0.8486,0.80405,1,0.81779,0.85062,0.79423,0.7993,0.74791,0.74755,0.87437,0.84185,0.80004,0.74655,0.78633,0.78317,0.79152,0.76948,0.79903,0.83135,0.76454,0.77089,0.8296,0.7969,0.78267,0.8251,0.80623,0.73951,0.77424,0.74264,0.83752,0.82187,0.68995,0.73563,0.65826,0.81135,0.73233,0.64469,0.59296,0.66627,0.74142,0.76077,0.63352,0.70058,0.75738,0.44047,0.6769,0.54762,0.46203,0.54259,0.55452,0.54449,0.59064,0.63179,0.47155,0.50368,0.49075,0.6441,0.46509,0.12653,0.28719,0.4025,0.47448,0.3569,0.18156,0.2773,0.18973,0.38197,0.11892,0.17157,0.2361,0.44148,0.15737,0.14964,0.20374,-0.065093,0.30236,0.012773,0.38425,0.21715,0.10176,0.29337,0.047325,0.090895,0.14029,-0.11805,0.13829,0.0679,0.061551,0.10561,0.28338,-0.0062222,0.24691,0.26053,0.16534,0.0096779,0.29399,0.043453,0.35648,0.081475,0.013774,-0.058673,0.22488,0.21313,0.048266,0.33294,0.33947,0.055461,-0.00076091,0.47818,-0.042544,-0.038193,-0.096228,-0.022158,0.062563,-0.056698,0.037542,-0.15611,0.026184,0.03706,-0.054492,0.025744,0.068068,-0.14017,-0.1621,-0.24775,0.1403,0.11388,-0.15759,0.070108,-0.26309,0.26698,0.0089172,-0.079557,0.24847,0.0061334,0.10194,-0.0042776,0.037722,-0.24637,0.012535,0.16153,-0.14603,-0.1353,0.22893,0.20619,0.092071,-0.046468,-0.032456,0.023138,-0.06919,-0.26789,-0.14877,0.016438,-0.10838,-0.012844,0.24735,0.03384,0.11047,0.042617,-0.1877,0.18955,0.099274,-0.00063464,-0.10846,0.075871,-0.22081,0.068463,0.28061,0.13566
9,0.78395,0.76803,0.86927,0.87002,0.82993,0.80624,0.85028,0.82194,0.81779,1,0.8477,0.81372,0.88064,0.78671,0.69392,0.84511,0.87463,0.86608,0.81677,0.78612,0.81935,0.78743,0.83103,0.83699,0.84129,0.80925,0.82113,0.86863,0.77387,0.77507,0.8125,0.76092,0.75424,0.77383,0.75734,0.80486,0.7989,0.77866,0.78428,0.78054,0.78741,0.679,0.64052,0.5994,0.5892,0.66351,0.68253,0.65315,0.67602,0.68002,0.56745,0.62891,0.43628,0.47781,0.57911,0.52768,0.48124,0.5194,0.65619,0.5091,0.46476,0.5058,0.49064,0.36901,0.13787,0.42392,0.3348,0.46551,0.2503,0.20561,0.26355,0.099646,0.43762,0.035989,0.32378,0.078672,0.45336,0.27562,0.070587,0.32533,-0.099457,0.31879,0.22733,0.32188,0.23954,0.14541,0.24794,0.027476,0.088892,0.11332,0.10448,0.14735,0.22508,0.19606,0.075909,0.25919,-0.10598,0.25958,0.26063,0.16035,-0.040405,0.16204,0.098518,0.41359,-0.089994,0.039396,-0.010039,0.21652,0.19694,0.022269,0.3096,0.39931,-0.070293,-0.045977,0.30147,0.0063119,-0.1437,-0.054771,-0.0022542,0.061147,0.0026858,0.12434,-0.15944,0.058812,0.062174,-0.0087293,0.11913,0.048571,-0.12438,-0.081823,-0.15471,0.18445,0.2443,-0.082052,0.17247,-0.37283,0.059684,0.057009,-0.031916,0.18994,0.033557,-0.033555,-2.2545e-05,0.058102,-0.088843,-0.033395,0.20386,-0.26629,-0.14933,0.16347,0.18545,0.12306,-0.064587,-0.070108,0.17278,0.11846,-0.1935,-0.19737,0.11678,-0.16156,0.11219,0.11942,0.17279,0.29673,0.0082959,-0.15974,0.22494,0.075305,-0.072583,-0.22533,-0.065048,-0.10445,0.12607,0.13562,0.20331
10,0.81134,0.84207,0.88544,0.84845,0.88807,0.82793,0.88643,0.85689,0.85062,0.8477,1,0.82088,0.83848,0.83824,0.81869,0.82845,0.81099,0.88676,0.80218,0.84174,0.77303,0.80791,0.82064,0.85936,0.86692,0.82169,0.84067,0.86413,0.85848,0.75027,0.83688,0.83022,0.74951,0.80504,0.75128,0.80586,0.85868,0.71176,0.80526,0.67104,0.81191,0.78784,0.73426,0.62793,0.66959,0.68578,0.77385,0.59646,0.64542,0.73787,0.52232,0.62978,0.5585,0.49222,0.65424,0.5376,0.48471,0.60118,0.66341,0.44802,0.4352,0.53477,0.58018,0.4768,0.13848,0.40249,0.38327,0.44686,0.33623,0.26229,0.25519,0.23252,0.44687,0.041156,0.31161,0.24972,0.39766,0.28445,0.071164,0.31486,-0.049694,0.3919,0.049459,0.52302,0.2765,0.080882,0.29459,-0.11634,0.054437,0.037636,0.10611,0.20066,0.19327,0.17917,0.098162,0.13206,-0.10793,0.28144,0.27498,0.10708,-0.064109,0.18968,-0.013794,0.29699,0.067394,0.10921,0.036982,0.25807,0.21188,0.10473,0.40009,0.29234,-0.01724,0.0089044,0.38561,0.11534,-0.069104,-0.17272,-0.10516,0.1792,-0.12822,0.20259,-0.1887,0.13365,0.098163,-0.07539,0.077768,0.0058617,-0.21163,-0.17562,-0.25844,0.095748,0.20598,-0.14259,0.077181,-0.2163,0.28946,-0.022734,-0.032702,0.11731,0.014674,0.086963,-0.0024528,0.22322,0.024954,-0.043503,0.20512,-0.16389,-0.2698,0.11649,0.12614,0.060535,-0.16553,-0.12338,0.091543,0.019339,-0.1896,-0.037567,0.089719,-0.24413,0.087582,0.23674,0.098339,0.12376,-0.081956,-0.15583,0.1604,0.13073,-0.069815,-0.26204,0.097557,-0.052571,0.092771,0.22116,0.14702
11,0.84021,0.75076,0.7897,0.82907,0.82484,0.88199,0.81388,0.80505,0.79423,0.81372,0.82088,1,0.85141,0.77291,0.80833,0.78081,0.77573,0.81647,0.74138,0.85486,0.74218,0.77317,0.76066,0.7638,0.84914,0.82085,0.80491,0.80657,0.73762,0.70644,0.76621,0.75114,0.75988,0.79989,0.82107,0.74982,0.82006,0.79819,0.7273,0.63461,0.75374,0.6357,0.59472,0.48774,0.66057,0.70502,0.68882,0.63833,0.71481,0.75953,0.42925,0.62754,0.64186,0.42059,0.64613,0.48538,0.60466,0.52029,0.52378,0.51274,0.46899,0.53823,0.49785,0.30061,0.16585,0.36452,0.33421,0.47837,0.47153,0.12584,0.31412,0.12183,0.46456,-0.0063007,0.44922,0.096642,0.42511,0.23286,0.078142,0.32612,-0.098571,0.47065,0.12469,0.26887,0.14475,0.075401,0.19112,0.067101,0.033183,0.098106,0.036897,0.18786,0.18175,0.30439,-0.0067289,0.083318,-0.013044,0.11574,0.25705,0.053414,0.0032819,0.28168,0.13419,0.31686,-0.037594,0.24591,-0.11412,0.18134,0.21551,0.073765,0.35256,0.29491,0.075816,-0.0024279,0.43414,0.13445,-0.23191,-0.01845,-0.093635,0.20744,-0.0054649,0.093716,-0.19283,0.1274,0.070568,-0.19237,-0.11755,0.13926,-0.13862,0.0092678,-0.22462,0.13382,0.14577,-0.28787,0.088907,-0.2933,0.17172,0.1184,-0.16517,0.11039,0.036149,-0.0074065,-0.072367,0.077681,-0.16059,-0.078193,0.22669,-0.22717,-0.20847,0.1892,0.16737,0.11709,0.008442,-0.0096094,-0.014678,0.034382,-0.26202,0.0079624,-0.078164,-0.075451,0.039467,0.17879,-0.023218,0.13805,-0.1218,-0.059994,0.12432,0.071065,-0.12321,-0.10493,0.086539,-0.068912,0.076531,0.16253,0.041318
12,0.86848,0.79265,0.82412,0.84048,0.82531,0.85756,0.82895,0.83988,0.7993,0.88064,0.83848,0.85141,1,0.7577,0.75585,0.83234,0.84647,0.85767,0.79887,0.82368,0.76964,0.83357,0.76325,0.80691,0.84516,0.83275,0.81439,0.82395,0.74564,0.71418,0.80007,0.73699,0.75522,0.7697,0.77872,0.79613,0.80856,0.70551,0.73785,0.67459,0.75687,0.74413,0.69485,0.53739,0.59923,0.66689,0.71584,0.63394,0.74701,0.7639,0.46515,0.57132,0.45715,0.46168,0.66312,0.52594,0.49984,0.52254,0.63427,0.44909,0.4389,0.46947,0.55013,0.35923,0.092954,0.4607,0.38686,0.49842,0.3408,0.24513,0.34818,0.17508,0.45831,-0.027195,0.32092,0.17631,0.54618,0.28535,-0.036633,0.34426,-0.085238,0.37156,0.14183,0.33776,0.13693,0.20355,0.3147,-0.04771,0.079362,0.089128,0.081184,0.1769,0.12028,0.2434,-0.020925,0.14619,-0.042535,0.15001,0.33486,0.096863,0.01363,0.11597,-0.052298,0.27676,-0.099933,0.1727,0.02007,0.19299,0.18958,0.014519,0.29844,0.35577,-0.083438,0.0021568,0.44444,-0.015922,-0.17529,-0.15978,0.04268,0.12616,-0.01615,0.00076055,-0.032495,0.088055,0.10745,-0.075689,0.041549,0.17522,-0.12681,-0.12323,-0.21592,0.216,0.19546,-0.13432,0.1265,-0.31327,0.07435,0.093545,-0.066398,0.13924,0.034096,-0.044445,0.03277,0.16512,-0.070701,-0.017958,0.16011,-0.11518,-0.2662,0.1954,0.27733,0.036058,-0.069308,-0.11374,0.11231,0.2185,-0.16247,-0.051816,0.087035,-0.098196,0.01536,0.048698,0.015261,0.24117,0.031146,-0.19243,0.16029,0.047599,-0.024385,-0.22099,0.14809,-0.07869,0.1529,0.092008,0.087033
13,0.70941,0.7786,0.75666,0.82793,0.80873,0.78338,0.83814,0.80246,0.74791,0.78671,0.83824,0.77291,0.7577,1,0.7281,0.81382,0.80141,0.77503,0.70948,0.79425,0.76602,0.83793,0.7637,0.74061,0.862,0.72065,0.84985,0.84538,0.79236,0.73405,0.79978,0.75862,0.6958,0.7869,0.77605,0.76509,0.75755,0.7494,0.77405,0.70734,0.7692,0.66063,0.67687,0.66134,0.56827,0.71873,0.74168,0.70025,0.55318,0.633,0.45655,0.53719,0.57532,0.67002,0.63679,0.5892,0.45528,0.49886,0.60737,0.61705,0.57909,0.47912,0.53966,0.34331,0.26038,0.47477,0.20848,0.51814,0.26119,0.32387,0.50282,0.12413,0.49742,0.022636,0.20773,0.25004,0.42582,0.37342,0.17959,0.24396,-0.15656,0.40691,0.10137,0.41986,0.35557,0.25436,0.32384,0.080613,0.053958,-0.0051442,0.13467,0.32167,0.12912,0.18262,0.11879,0.10525,-0.011171,0.26295,0.16551,0.17464,0.028382,0.19479,0.08946,0.2574,-0.060788,0.23305,0.018915,0.32119,0.27155,0.033853,0.21955,0.3508,-0.16275,0.076947,0.27705,0.061106,-0.055629,-0.08032,-0.04608,0.28455,-0.051462,0.1257,-0.11882,0.033242,0.019424,-0.044843,0.0053295,0.07447,-0.33637,-0.23881,-0.11779,0.033578,0.068861,-0.1574,0.12286,-0.32797,0.13965,0.10873,-0.047176,0.14247,-0.086434,0.066151,0.14214,0.19167,-0.063744,-0.15729,0.13209,-0.11449,-0.21419,0.083903,0.11554,0.21669,-0.0083116,0.027949,0.044576,0.093028,-0.1127,-0.036123,0.0024091,-0.10245,0.058417,0.1934,0.051825,0.057702,-0.064697,-0.17094,0.2418,0.011667,-0.15312,-0.30828,0.10707,-0.12187,0.047551,0.29959,0.030044
14,0.6979,0.78959,0.7754,0.73642,0.75706,0.73986,0.75318,0.7944,0.74755,0.69392,0.81869,0.80833,0.75585,0.7281,1,0.78625,0.72294,0.78934,0.67353,0.83766,0.67467,0.76055,0.68068,0.73798,0.77129,0.7847,0.76485,0.79958,0.77156,0.64361,0.68459,0.77909,0.7184,0.72656,0.77671,0.75327,0.7431,0.70168,0.70637,0.61009,0.75638,0.657,0.59791,0.53576,0.58442,0.65625,0.70481,0.58958,0.51518,0.64564,0.44778,0.50431,0.55898,0.42231,0.54539,0.42819,0.4841,0.55303,0.51374,0.47631,0.57594,0.4696,0.60895,0.39764,0.19111,0.32042,0.31488,0.48573,0.47408,0.21082,0.40346,0.11493,0.43706,0.18936,0.33667,0.20413,0.39774,0.22904,0.099374,0.31078,0.047963,0.37552,0.09431,0.41134,0.10757,-0.057391,0.13566,-0.12034,0.076227,0.11397,0.016718,0.20824,0.17531,0.19142,-0.083414,0.14023,-0.04469,0.27873,0.20653,0.00068613,-0.028196,0.31109,0.039468,0.29874,0.14925,0.17131,0.024067,0.18739,0.13814,0.08144,0.41179,0.17063,0.11261,0.14668,0.41673,0.012792,0.014409,-0.13899,-0.066206,0.077112,-0.089746,0.095691,-0.096849,0.15525,0.077455,-0.1416,0.073533,0.097413,-0.15767,-0.16896,-0.21341,0.24952,0.10772,-0.17376,0.14287,-0.24016,0.10934,0.12724,-0.002995,-0.0016775,0.018383,0.05676,0.078701,0.23912,-0.0039127,-0.011893,0.16616,-0.03896,-0.29851,0.2099,0.15402,0.17449,0.019791,-0.070095,-0.042939,0.068961,-0.18256,0.090226,-0.088463,-0.17338,-0.090444,0.16124,0.013517,0.055999,-0.060747,0.018461,0.013684,0.13895,-0.088508,-0.063486,0.22185,0.054393,0.13506,0.070274,0.079648
15,0.80724,0.79166,0.8729,0.82083,0.79712,0.78367,0.83054,0.81919,0.87437,0.84511,0.82845,0.78081,0.83234,0.81382,0.78625,1,0.84244,0.82482,0.74676,0.80323,0.80799,0.86016,0.75428,0.80652,0.81942,0.80753,0.7892,0.83246,0.79361,0.83474,0.80522,0.83482,0.7475,0.81206,0.78423,0.78768,0.78673,0.7587,0.74821,0.66049,0.8041,0.72511,0.67953,0.62472,0.5792,0.68667,0.72737,0.69949,0.66341,0.68769,0.47392,0.54421,0.49337,0.55001,0.5272,0.59145,0.37443,0.56066,0.63858,0.584,0.48055,0.52598,0.66875,0.4181,0.13097,0.46469,0.24812,0.53707,0.25725,0.25216,0.39611,0.15617,0.47606,-0.076803,0.21092,0.17419,0.48505,0.34495,0.19299,0.32394,0.010169,0.3096,0.13685,0.30961,0.23208,0.24998,0.28997,-0.064318,-0.11229,0.1335,-0.0024265,0.22816,0.19171,0.13412,0.053733,0.21135,-0.061932,0.29903,0.28436,0.041779,-0.045133,0.20984,0.087697,0.26858,0.054142,0.056725,-0.045982,0.24847,0.3263,-0.014615,0.21169,0.3297,0.049182,-0.041586,0.42459,-0.036078,-0.024452,-0.14516,0.037293,0.13386,-0.13519,0.039698,-0.20576,0.013529,0.043864,-0.0020461,0.065546,0.14103,-0.11475,-0.16782,-0.28973,0.055486,0.055172,-0.035141,0.087085,-0.3663,0.21673,0.097949,-0.13737,0.052643,-0.098611,0.057586,-0.018526,0.19116,-0.12077,-0.044336,0.2287,-0.19069,-0.13756,0.15366,0.22081,0.17457,0.078259,0.035329,0.11596,0.16378,-0.15322,-0.22271,-0.049169,-0.14842,-0.087637,0.17924,0.0011293,0.19751,-0.018335,-0.11866,0.20391,0.061522,-0.063481,-0.092512,0.1018,-0.14232,0.13735,0.17848,0.14064
16,0.80052,0.74837,0.85454,0.87907,0.83976,0.81328,0.84497,0.83452,0.84185,0.87463,0.81099,0.77573,0.84647,0.80141,0.72294,0.84244,1,0.84866,0.73715,0.81805,0.83323,0.85223,0.86477,0.80331,0.82358,0.78032,0.83412,0.88486,0.78431,0.81521,0.83336,0.8055,0.78879,0.82026,0.79718,0.77374,0.74462,0.72072,0.77014,0.69484,0.77944,0.68601,0.65979,0.64354,0.62129,0.69666,0.69904,0.68459,0.72476,0.75558,0.49956,0.65669,0.51798,0.56296,0.63672,0.50764,0.52121,0.52159,0.66541,0.52813,0.46944,0.46221,0.51842,0.4714,0.098367,0.47343,0.26982,0.54901,0.22678,0.22135,0.35646,0.1889,0.45952,0.03063,0.22536,0.22072,0.48016,0.35593,0.068363,0.32289,-0.1393,0.30345,0.12796,0.33372,0.20525,0.21539,0.33453,0.022868,0.11054,0.077335,0.027664,0.29819,0.20433,0.20625,0.17354,0.27705,0.0052923,0.095394,0.26872,0.096642,-0.01054,0.172,0.0064397,0.26607,0.01723,0.058697,0.060477,0.26101,0.28254,0.053888,0.31157,0.34374,0.0064967,0.055171,0.37543,-0.057849,-0.11339,-0.085831,0.076139,0.1169,0.0046231,-0.022072,-0.069655,0.0079158,0.056767,0.057817,-0.00093342,0.0098373,-0.18995,-0.1383,-0.13383,0.14348,0.16022,-0.012974,0.072856,-0.33172,0.095208,-0.054248,-0.033378,0.24363,-0.076214,0.12102,0.071778,0.033644,-0.11895,-0.041185,0.16363,-0.18838,-0.12192,0.10908,0.1653,0.081038,-0.12699,-0.057982,0.019633,0.06477,-0.063208,-0.12919,-0.0080308,-0.1806,0.10748,0.19114,0.12956,0.30405,-0.0051375,-0.16561,0.03147,0.025133,0.12116,-0.1241,0.16378,-0.23966,0.16125,0.11824,0.079296
17,0.78512,0.76111,0.85046,0.86527,0.85567,0.79526,0.87886,0.87665,0.80004,0.86608,0.88676,0.81647,0.85767,0.77503,0.78934,0.82482,0.84866,1,0.83289,0.8272,0.77928,0.7976,0.83002,0.8045,0.85093,0.80349,0.84793,0.8661,0.83647,0.76579,0.80829,0.77501,0.7981,0.81821,0.77701,0.82761,0.83003,0.75524,0.81616,0.71218,0.83782,0.75407,0.72112,0.58678,0.63374,0.70819,0.68969,0.64998,0.69394,0.75346,0.4925,0.60366,0.52646,0.44191,0.57096,0.56683,0.52521,0.66355,0.68049,0.44277,0.39889,0.42527,0.53762,0.5098,0.13987,0.41579,0.30274,0.52028,0.3292,0.23435,0.30548,0.24139,0.61924,0.057827,0.26686,0.19964,0.46814,0.42103,-0.024619,0.32236,-0.11841,0.35942,0.15279,0.37476,0.22387,0.11385,0.26359,-0.060766,-0.011438,0.17155,0.052077,0.15908,0.22358,0.22771,-0.044332,0.076012,-0.039039,0.29971,0.25998,0.10028,-0.11785,0.31011,0.079354,0.21991,0.021161,0.22265,0.11663,0.18611,0.24219,-0.0148,0.35232,0.37989,0.077245,-0.053455,0.39471,0.04004,-0.024881,-0.054073,0.077837,0.13033,-0.064267,0.17213,-0.16108,0.11871,0.098013,-0.024765,0.1836,0.028795,-0.12984,-0.067448,-0.18028,0.15332,0.17555,-0.14008,0.020736,-0.30246,0.13202,-0.061907,0.03973,0.079216,0.058262,-0.0006305,-0.051498,0.17514,-0.070795,0.0033816,0.25853,-0.14776,-0.19711,0.19325,0.14842,0.10051,-0.14293,-0.12282,0.13912,0.10759,-0.27727,-0.13746,-0.05251,-0.21458,-0.025888,0.15525,0.22037,0.21178,0.005343,-0.12175,0.067422,0.093886,0.035752,-0.16615,0.12415,-0.12986,0.078144,0.059116,0.1647
18,0.79498,0.82898,0.81359,0.78314,0.81908,0.78735,0.78728,0.78673,0.74655,0.81677,0.80218,0.74138,0.79887,0.70948,0.67353,0.74676,0.73715,0.83289,1,0.74131,0.77723,0.73712,0.79069,0.76685,0.80304,0.7053,0.74398,0.76876,0.75351,0.68196,0.77636,0.73678,0.68529,0.81831,0.71827,0.80928,0.80245,0.63789,0.75647,0.69385,0.79185,0.7652,0.66496,0.68708,0.55533,0.58253,0.69944,0.60742,0.73708,0.72092,0.64905,0.62854,0.46496,0.47891,0.47762,0.55407,0.38595,0.576,0.56992,0.41456,0.42622,0.45162,0.53641,0.30467,0.13616,0.33041,0.37139,0.41917,0.36694,0.23035,0.20104,0.17945,0.51965,0.03231,0.41603,0.10509,0.40936,0.32464,0.11248,0.23154,0.091711,0.36152,0.32114,0.44159,0.3439,0.0246,0.20237,0.022798,0.031268,0.13156,0.065922,0.065637,0.18664,0.26016,-0.082052,0.08239,-0.16391,0.24641,0.16285,0.24316,-0.047897,0.27049,0.02535,0.21492,0.14836,0.081056,0.20431,0.21446,0.29057,0.022268,0.32487,0.40761,-0.0024596,-0.048058,0.29002,0.098468,0.028765,-0.019071,-0.08289,0.1286,-0.0087752,0.13956,-0.18729,-0.021715,-0.039507,0.060024,0.16395,0.1074,-0.16349,0.015474,-0.2079,0.16609,0.24154,-0.14531,0.15089,-0.20153,0.14234,0.1426,-0.068533,0.37757,0.086221,-0.054282,0.021144,0.19418,-0.076797,-0.0030943,0.07891,-0.25322,-0.068275,0.12032,0.11916,0.14753,-0.092853,-0.22753,0.19708,-0.012616,-0.21326,0.028958,-0.038348,-0.018984,-0.14549,0.10083,0.069864,0.24923,-0.057709,-0.15948,0.033644,0.27147,-0.062878,-0.23066,0.12273,-0.065596,0.10428,0.049162,0.11033
19,0.78108,0.81904,0.81584,0.80792,0.8067,0.84623,0.84321,0.80901,0.78633,0.78612,0.84174,0.85486,0.82368,0.79425,0.83766,0.80323,0.81805,0.8272,0.74131,1,0.7875,0.82128,0.76476,0.79051,0.8348,0.81136,0.85935,0.87759,0.84222,0.70279,0.84739,0.79194,0.76371,0.81065,0.78723,0.77546,0.77973,0.80966,0.71142,0.70364,0.75906,0.65505,0.68701,0.59978,0.61735,0.72351,0.8209,0.70714,0.66106,0.68773,0.47455,0.61624,0.55429,0.42031,0.6247,0.53688,0.52602,0.53175,0.65549,0.58625,0.4861,0.50994,0.52998,0.34669,0.22589,0.32841,0.37893,0.48786,0.47052,0.28762,0.48925,0.12793,0.53892,-0.025407,0.34803,0.24101,0.40602,0.18186,-0.013758,0.40948,0.0076341,0.47252,0.15332,0.42123,0.14368,0.14571,0.25473,-0.020327,0.067447,0.038894,0.0011424,0.24679,0.11457,0.31983,0.059992,0.11126,-0.048577,0.22883,0.35931,0.091011,0.0015457,0.25217,0.10049,0.18262,-0.088082,0.19932,0.010891,0.088007,0.15656,0.079435,0.33293,0.21979,0.05593,-0.013566,0.34408,0.14544,-0.14679,-0.14222,-0.088119,0.18116,-0.059263,0.13688,-0.12878,0.081213,0.0056366,-0.045821,-0.10818,0.00093339,-0.17952,-0.14136,-0.15707,0.1372,0.22056,-0.24335,0.14318,-0.30808,0.21756,0.047323,-0.049404,0.1385,-0.074777,0.035419,0.079776,0.13826,0.043065,-0.11785,0.21732,-0.16043,-0.23829,0.25657,0.097091,0.16776,-0.052401,-0.079558,-0.048404,0.073712,-0.11951,0.033576,-0.072728,-0.15916,0.061306,0.18586,0.093804,0.20401,-0.099441,-0.1154,0.0962,-0.029174,0.06074,-0.14411,0.087062,-0.10746,0.087525,0.12335,0.15449
20,0.78302,0.7487,0.81188,0.83847,0.82421,0.73658,0.7654,0.74353,0.78317,0.81935,0.77303,0.74218,0.76964,0.76602,0.67467,0.80799,0.83323,0.77928,0.77723,0.7875,1,0.76915,0.78538,0.70822,0.73367,0.82472,0.81505,0.80422,0.74153,0.75168,0.787,0.76181,0.64997,0.74634,0.73251,0.74836,0.73544,0.75088,0.67964,0.69351,0.79521,0.65489,0.70757,0.68601,0.5523,0.57134,0.68808,0.61444,0.72442,0.59005,0.43333,0.70226,0.41097,0.45782,0.5026,0.44315,0.44777,0.54888,0.44942,0.47829,0.48597,0.51202,0.54948,0.43335,0.1207,0.32719,0.40407,0.48329,0.33026,0.15447,0.37156,0.094409,0.41415,-0.043679,0.26093,0.13386,0.41063,0.30464,0.1007,0.25004,-0.041776,0.3295,0.19844,0.19072,0.2422,0.20634,0.27376,-0.046825,0.076602,0.016241,-0.028103,0.19193,0.064038,0.27996,0.1142,0.12629,-0.024857,0.20814,0.24183,-0.0051609,0.049605,0.25262,0.076841,0.33007,-0.044987,0.011516,0.10162,0.20451,0.29227,0.005934,0.1498,0.3576,-0.0096572,-0.015892,0.35172,0.046058,0.016967,-0.022542,-0.12994,0.14206,-0.05077,0.09958,-0.18961,0.047216,0.13117,0.10192,0.03012,-0.021034,-0.27265,-0.23471,-0.23342,0.10675,0.21807,-0.0075723,0.04235,-0.22594,0.048299,0.018374,-0.058829,0.19667,-0.03731,-0.1575,-0.014489,-0.0084135,-0.11144,0.034505,0.1005,-0.22702,-0.14486,0.078728,-0.0012177,0.14289,0.058049,-0.10642,0.068778,-0.048654,-0.15652,-0.075397,-0.023393,-0.13622,0.016531,0.23988,0.049153,0.25305,-0.035389,-0.15355,0.15517,0.14448,-0.065731,-0.12592,-0.067936,-0.14503,0.20993,0.22816,0.22139
21,0.80566,0.75979,0.83366,0.80798,0.84213,0.82297,0.83588,0.84837,0.79152,0.78743,0.80791,0.77317,0.83357,0.83793,0.76055,0.86016,0.85223,0.7976,0.73712,0.82128,0.76915,1,0.73552,0.72552,0.80916,0.76397,0.84492,0.80766,0.82223,0.74265,0.85324,0.79578,0.73228,0.80642,0.79393,0.76144,0.77947,0.74965,0.7359,0.69751,0.73696,0.71729,0.77158,0.6157,0.56149,0.62457,0.75597,0.63571,0.67631,0.68592,0.49241,0.63108,0.52255,0.47206,0.55594,0.5943,0.4671,0.58664,0.61969,0.60345,0.52109,0.53302,0.62461,0.47889,0.38294,0.42945,0.23806,0.55168,0.22592,0.28097,0.43897,0.20401,0.53652,-0.040711,0.28457,0.37724,0.56119,0.33882,0.15359,0.27297,-0.015567,0.35701,0.097757,0.41608,0.25768,0.1844,0.37439,-0.0083919,0.037888,0.1408,0.096055,0.2355,0.21247,0.067937,0.1118,0.14248,0.034244,0.09665,0.32203,0.098726,-0.070019,0.21575,0.0062206,0.12259,-0.03264,0.18662,0.021319,0.25472,0.27317,0.031506,0.29016,0.27009,-0.077993,0.01022,0.2916,0.070476,-0.08351,-0.2397,-0.024614,0.16417,-0.02628,0.067865,-0.15501,-0.08237,0.036266,-0.0099842,-0.024823,0.087367,-0.1159,-0.17872,-0.17761,0.056805,0.14158,-0.10886,0.067551,-0.35063,0.14678,0.10102,0.063692,0.092332,-0.10077,0.10238,0.12127,0.16957,-0.012729,-0.02251,0.18648,-0.073209,-0.1091,0.21066,0.1448,0.054297,0.016271,-0.010815,-0.01746,0.13282,-0.18873,-0.1635,-0.086438,-0.10408,-0.045018,0.22992,0.068001,0.14809,-0.045082,-0.15313,0.29608,0.11342,0.073573,-0.24664,0.28738,-0.094286,0.099091,0.10444,0.11901
22,0.7849,0.74925,0.82259,0.83377,0.84375,0.77688,0.7748,0.85187,0.76948,0.83103,0.82064,0.76066,0.76325,0.7637,0.68068,0.75428,0.86477,0.83002,0.79069,0.76476,0.78538,0.73552,1,0.74739,0.82413,0.76285,0.78579,0.83703,0.82114,0.80849,0.81197,0.74429,0.72685,0.82801,0.78552,0.79439,0.80298,0.72651,0.77369,0.70468,0.76229,0.72032,0.60666,0.66774,0.72089,0.66093,0.55465,0.63311,0.68037,0.73269,0.52859,0.70133,0.53034,0.56112,0.61068,0.46461,0.48804,0.46192,0.63068,0.37036,0.41241,0.49492,0.38736,0.26871,0.037553,0.39778,0.31666,0.49742,0.18327,0.21763,0.36308,0.378,0.42801,0.081036,0.31504,0.096425,0.40138,0.36967,0.20609,0.23218,-0.10812,0.33337,0.3046,0.32352,0.29891,0.126,0.31958,-0.089036,0.16785,0.096509,0.13348,0.27556,0.22691,0.31781,0.091188,0.20883,-0.066144,0.27995,0.25065,0.13842,-0.024579,0.21211,-0.11855,0.32724,0.06846,0.066419,0.022253,0.20654,0.25394,0.041142,0.37818,0.37394,0.093193,0.11826,0.36846,0.082678,-0.10997,0.016922,-0.059457,0.19295,-0.0022082,0.029807,-0.15725,-0.085312,0.079815,-0.016626,0.090571,0.032531,-0.18807,-0.00094659,-0.20719,0.021942,0.20522,-0.10802,0.093668,-0.15543,0.10579,-0.073877,-0.15202,0.20884,-0.14255,0.13325,0.049872,0.06007,-0.11133,-0.05659,0.14594,-0.20219,-0.13065,0.025809,0.11379,0.12744,-0.17561,-0.1172,-0.072357,-0.014437,-0.16324,-0.05496,0.070946,-0.20261,0.039346,0.22069,0.091584,0.22948,0.050115,-0.21686,0.020308,0.15503,-0.019278,-0.21045,0.097349,-0.19846,0.2094,0.15199,0.10492
23,0.75264,0.83526,0.84039,0.78174,0.81966,0.82761,0.832,0.78768,0.79903,0.83699,0.85936,0.7638,0.80691,0.74061,0.73798,0.80652,0.80331,0.8045,0.76685,0.79051,0.70822,0.72552,0.74739,1,0.76978,0.76387,0.76749,0.81564,0.81013,0.71282,0.74564,0.76555,0.72541,0.80235,0.70598,0.82494,0.76192,0.61971,0.75911,0.7294,0.74567,0.6528,0.62336,0.56333,0.56546,0.72748,0.76631,0.58675,0.57364,0.65915,0.59258,0.60272,0.48773,0.48774,0.64358,0.41602,0.35497,0.53511,0.68093,0.44526,0.43959,0.36637,0.50728,0.3587,0.055791,0.378,0.35694,0.46289,0.25641,0.057986,0.28941,0.1492,0.38443,0.10876,0.32536,0.16612,0.40159,0.28712,0.13254,0.35483,0.035772,0.15414,0.11665,0.43146,0.21816,0.067838,0.10185,-0.014016,-0.035729,0.15907,0.095681,0.12064,0.25078,0.26993,-0.01602,0.2535,-0.098598,0.21535,0.2841,0.076864,-0.020318,0.18036,0.12536,0.25744,-0.0028141,0.10638,0.078828,0.27639,0.15128,0.094814,0.34321,0.35857,0.013962,0.056211,0.26963,0.0061277,0.015018,-0.075457,0.069702,0.12097,-0.071393,0.092692,-0.1602,0.19946,-0.080067,0.078591,0.05927,-0.048148,-0.12961,-0.086774,-0.24271,0.27383,0.16134,-0.10421,0.25824,-0.29223,0.29628,0.10165,-0.14012,0.2604,0.070143,-0.0030478,-0.11331,0.2707,-0.00035416,-0.1049,0.12363,-0.18768,-0.16903,0.10303,0.16085,0.18257,-0.11832,-0.15227,0.053943,0.068139,-0.10395,-0.031284,-0.067721,-0.27949,0.11041,0.024423,0.087001,0.21039,-0.095324,-0.068117,-0.005449,0.05897,-0.082758,-0.14481,0.077148,-0.076835,0.081007,0.17574,0.11821
24,0.81639,0.78765,0.84461,0.87241,0.84158,0.82141,0.86567,0.86837,0.83135,0.84129,0.86692,0.84914,0.84516,0.862,0.77129,0.81942,0.82358,0.85093,0.80304,0.8348,0.73367,0.80916,0.82413,0.76978,1,0.76361,0.84845,0.86791,0.82432,0.79078,0.82849,0.79025,0.71145,0.8511,0.81017,0.79109,0.76864,0.74447,0.81571,0.70652,0.77433,0.73643,0.68497,0.58973,0.63826,0.70294,0.71574,0.71587,0.73849,0.6807,0.53895,0.62728,0.61998,0.53978,0.64328,0.53718,0.46212,0.57149,0.69179,0.55142,0.47393,0.51813,0.50421,0.29307,0.15077,0.31309,0.27534,0.3694,0.36252,0.28461,0.3819,0.27607,0.40194,0.079622,0.32177,0.16411,0.47139,0.41416,0.12138,0.21551,-0.13477,0.37023,0.16637,0.39303,0.3313,0.12075,0.30386,0.05041,0.070021,0.07253,0.11044,0.27725,0.14689,0.18131,0.087962,0.15927,-0.063913,0.27072,0.24935,0.24643,0.07811,0.18857,0.095955,0.3556,0.047202,0.16234,-0.0090117,0.27421,0.27242,0.029634,0.37634,0.36659,-0.10076,-0.031886,0.45185,0.08978,-0.074206,-0.13763,0.045171,0.21838,-0.0090471,0.058808,-0.10964,-0.0066706,-0.0055521,-0.1103,-0.024553,0.090235,-0.26656,-0.042265,-0.11389,0.13998,0.14123,-0.24082,0.23042,-0.26504,0.14762,0.10188,-0.084198,0.18945,-0.021642,0.049778,0.073172,0.14396,-0.20339,0.016187,0.12544,-0.1239,-0.15779,0.13249,0.25994,0.27105,-0.09576,-0.17257,-0.025946,0.11093,-0.21607,-0.0013119,0.029046,-0.20242,0.031756,0.13332,0.0055254,0.11314,0.10128,-0.26551,0.19016,0.014608,0.010408,-0.21932,0.11708,-0.16808,0.031214,0.16069,0.096417
25,0.82309,0.77145,0.80613,0.79744,0.78064,0.74313,0.8048,0.78662,0.76454,0.80925,0.82169,0.82085,0.83275,0.72065,0.7847,0.80753,0.78032,0.80349,0.7053,0.81136,0.82472,0.76397,0.76285,0.76387,0.76361,1,0.81873,0.8137,0.8069,0.71784,0.79698,0.681,0.7995,0.68683,0.79,0.74795,0.78786,0.69718,0.69723,0.65096,0.73176,0.64181,0.6796,0.59595,0.63787,0.55802,0.66542,0.51188,0.67223,0.56431,0.48163,0.60953,0.4643,0.39576,0.52969,0.42127,0.49088,0.53431,0.45598,0.4751,0.384,0.49973,0.46782,0.39777,0.020998,0.39664,0.27444,0.39488,0.31985,0.23595,0.30848,0.20858,0.37281,0.013686,0.32457,0.12426,0.42556,0.25146,-0.0097777,0.24703,-0.046439,0.35154,0.11195,0.28758,0.25845,0.17977,0.31799,-0.12044,0.078528,0.055301,0.051898,0.14752,0.12659,0.25155,0.10533,0.14938,-0.078965,0.29621,0.28425,0.00055984,0.069319,0.28743,0.0037706,0.35505,-0.079263,0.072166,-0.05594,0.22286,0.21225,0.016956,0.28175,0.3214,0.020986,0.070016,0.43828,0.041521,-0.03939,-0.15915,-0.15687,-0.0036885,-0.052479,0.12431,-0.26502,0.12853,0.17495,-0.065653,-0.081031,0.081189,-0.27359,-0.10339,-0.25979,0.14723,0.18287,-0.10818,0.035898,-0.17553,0.10166,0.061432,-0.10346,0.076799,0.075473,-0.048339,-0.099375,0.098219,-0.10841,0.066129,0.27019,-0.11236,-0.2469,0.18485,0.028666,0.11295,-0.045515,-0.14824,0.0058785,0.12684,-0.18611,-0.16559,-0.064785,-0.23901,-0.015223,0.21912,0.045035,0.21128,0.11023,-0.21236,0.07729,0.1229,-0.027565,-0.079568,0.075054,0.037349,0.23627,0.073788,0.12035
