3.7528e-11 2.4656e-11 3.0809e-11 2.792e-11 2.6721e-11 3.1063e-11 3.4151e-11 2.852e-11 3.6606e-11 2.8283e-11 3.7183e-11 3.2184e-11 3.2602e-11 2.4935e-11 2.3746e-11 3.0038e-11 2.9511e-11 3.5765e-11 2.7663e-11 3.3591e-11 2.4533e-11 3.5916e-11 3.2173e-11 3.1944e-11 3.441e-11 3.1317e-11 2.7583e-11 3.5534e-11 2.9814e-11 2.9804e-11 3.5465e-11 2.8957e-11 2.6571e-11 3.2319e-11 3.0291e-11 3.2752e-11 3.1565e-11 2.6635e-11 2.5838e-11 2.6153e-11 2.7558e-11 2.857e-11 2.6612e-11 1.9481e-11 2.1986e-11 1.9747e-11 2.2089e-11 1.7045e-11 2.4603e-11 2.1843e-11 1.1998e-11 1.8766e-11 1.8651e-11 1.3226e-11 1.7843e-11 1.4503e-11 1.6684e-11 1.3872e-11 1.5739e-11 1.015e-11 1.1492e-11 1.3478e-11 1.5671e-11 7.5807e-12 1.7903e-12 9.2622e-12 8.9166e-12 1.1686e-11 9.2643e-12 2.5488e-12 5.8369e-12 4.5714e-12 1.0244e-11 1.9776e-13 5.8444e-12 3.6591e-12 1.0447e-11 5.6283e-12 2.1496e-12 3.1095e-12 -1.6769e-12 7.838e-12 3.0019e-12 5.7955e-12 4.3182e-12 3.0744e-12 5.7889e-12 1.7083e-13 2.2874e-14 2.4059e-12 1.6493e-13 4.7395e-12 3.3601e-12 5.4243e-12 2.9279e-12 2.4777e-12 1.1708e-12 1.0651e-12 5.9851e-12 2.5871e-12 1.9111e-12 4.6403e-12 3.2641e-13 4.6067e-12 2.2997e-13 2.9494e-12 -1.256e-12 2.5504e-12 4.4424e-12 7.2309e-13 4.9871e-12 7.0544e-12 4.0163e-13 4.7608e-14 8.7593e-12 -5.3025e-13 -1.8107e-12 -6.009e-13 -6.0865e-13 1.924e-12 -7.4084e-13 3.9082e-13 -2.092e-12 6.9109e-13 -6.2507e-13 -1.12e-12 3.973e-13 9.0004e-13 -1.7892e-12 -9.4441e-13 -3.1597e-12 1.0637e-12 2.4478e-12 -2.5504e-12 5.37e-13 -1.7727e-12 2.7257e-12 7.9439e-13 -1.2071e-12 3.4825e-12 4.2299e-13 3.9336e-15 -1.0451e-12 1.4354e-12 -1.3031e-12 1.1645e-13 9.1833e-13 -9.7276e-13 -1.0484e-12 7.8214e-13 1.1616e-12 6.3882e-13 -4.3675e-13 -9.8828e-13 -4.7804e-13 -7.6311e-13 -2.2263e-12 -3.6261e-13 -3.1126e-13 -7.8942e-13 -3.9536e-13 1.4112e-12 -2.9053e-13 1.2957e-12 2.8653e-13 -1.3186e-12 6.8866e-13 9.2398e-13 3.5276e-14 -6.2679e-13 4.0098e-13 -3.2157e-13 2.3787e-13 3.4064e-13 4.7648e-14
2.4656e-11 2.7627e-11 2.4648e-11 2.3116e-11 2.2248e-11 2.5715e-11 2.8828e-11 2.2635e-11 2.8089e-11 2.3774e-11 3.3111e-11 2.4674e-11 2.553e-11 2.348e-11 2.3051e-11 2.5275e-11 2.3671e-11 2.9748e-11 2.4749e-11 3.0222e-11 2.0127e-11 2.9061e-11 2.6351e-11 3.0416e-11 2.8484e-11 2.5184e-11 2.4985e-11 3.1909e-11 2.7552e-11 2.4605e-11 2.7547e-11 2.8501e-11 2.0839e-11 2.8597e-11 2.3858e-11 2.8381e-11 2.6458e-11 2.0329e-11 2.4296e-11 2.3747e-11 2.3122e-11 2.491e-11 1.9164e-11 2.1537e-11 1.6604e-11 1.7986e-11 2.2318e-11 1.37e-11 1.6063e-11 1.8395e-11 1.1585e-11 1.4088e-11 1.3885e-11 1.4666e-11 1.3364e-11 1.5012e-11 7.2403e-12 1.1466e-11 1.574e-11 1.322e-11 1.3176e-11 9.9824e-12 1.3825e-11 5.5388e-12 2.4108e-12 8.6782e-12 8.5975e-12 9.9913e-12 9.8317e-12 3.8629e-12 7.1761e-12 1.0606e-12 7.7417e-12 1.2854e-12 6.8272e-12 2.2553e-12 7.0657e-12 4.8024e-12 1.6225e-12 4.8916e-12 2.0115e-12 5.7416e-12 4.7638e-12 7.8917e-12 4.1753e-12 -1.1467e-13 3.4089e-12 -2.9366e-12 1.0417e-12 5.9706e-13 2.434e-12 3.105e-12 1.1001e-12 4.8774e-12 3.2555e-13 2.9391e-12 -1.8723e-12 4.4715e-12 3.7368e-12 8.2118e-13 8.8589e-13 3.6677e-12 3.4117e-13 3.8284e-12 9.9616e-13 2.7834e-12 6.5991e-13 4.1035e-12 2.5786e-12 3.9785e-13 5.2131e-12 5.0394e-12 9.8544e-13 1.4038e-12 5.6246e-12 9.2379e-13 -9.6448e-13 -1.7071e-12 -1.4577e-12 1.394e-12 -7.6346e-13 6.8058e-13 -2.8861e-12 1.8823e-12 -3.2245e-13 7.5574e-13 2.5944e-13 7.4409e-13 -2.8849e-12 -1.2111e-12 -4.097e-12 1.368e-12 2.3998e-12 -1.6164e-12 2.2096e-12 -2.0648e-12 3.0143e-12 1.4265e-12 -1.312e-13 3.221e-12 1.086e-12 3.8145e-15 9.7316e-13 2.1364e-12 4.2778e-13 -6.9491e-13 -1.5221e-13 -2.1716e-12 -1.5151e-12 5.9669e-13 5.8981e-13 1.2403e-12 -2.449e-13 -1.4577e-12 6.6344e-13 6.921e-13 -2.9798e-13 2.2172e-13 7.3533e-16 -1.0854e-12 -3.8444e-13 6.0043e-13 1.1617e-13 5.425e-13 -4.9415e-13 -7.9383e-13 2.5495e-13 8.1734e-13 -4.5837e-13 -3.5164e-13 4.0482e-13 -1.5765e-13 2.0311e-13 3.3156e-13 2.6701e-14
3.0809e-11 2.4648e-11 3.5581e-11 2.8241e-11 2.6248e-11 2.7765e-11 3.4699e-11 2.7546e-11 3.6865e-11 3.0536e-11 3.9512e-11 2.9454e-11 3.0124e-11 2.5896e-11 2.5689e-11 3.1627e-11 3.0674e-11 3.7723e-11 2.7566e-11 3.4163e-11 2.4769e-11 3.6186e-11 3.2832e-11 3.4729e-11 3.4663e-11 2.9865e-11 3.0229e-11 3.8234e-11 3.2699e-11 3.0252e-11 3.3493e-11 3.2685e-11 2.3895e-11 3.4249e-11 2.86e-11 3.2461e-11 3.2428e-11 2.8679e-11 2.5692e-11 2.8884e-11 3.1477e-11 2.7444e-11 2.5054e-11 2.078e-11 2.0295e-11 1.9598e-11 2.3326e-11 2.004e-11 2.0319e-11 2.1291e-11 1.1353e-11 2.0691e-11 1.6527e-11 1.1514e-11 1.4115e-11 1.4209e-11 1.3419e-11 1.4144e-11 1.9355e-11 1.2498e-11 1.2144e-11 1.4058e-11 1.5944e-11 8.6459e-12 3.1296e-12 7.6158e-12 7.8849e-12 1.1816e-11 6.4343e-12 3.6988e-12 5.1471e-12 4.4609e-12 1.0586e-11 8.2544e-13 4.77e-12 3.2566e-12 1.1847e-11 6.9506e-12 2.8191e-12 4.7427e-12 -1.0034e-12 4.6402e-12 3.5943e-12 6.9975e-12 4.1383e-12 1.4308e-12 4.0472e-12 -1.2585e-12 6.0596e-13 2.8252e-12 1.2466e-12 2.721e-12 4.4324e-12 3.6205e-12 2.8592e-12 2.7627e-12 -9.8362e-13 4.3053e-12 3.5969e-12 1.8392e-12 -1.6795e-12 3.1318e-12 3.8547e-13 6.3141e-12 9.9642e-13 4.3217e-13 -3.4654e-13 2.2694e-12 4.1797e-12 5.3555e-13 6.6711e-12 5.5498e-12 5.2959e-13 9.706e-14 6.5083e-12 -8.5596e-13 -2.0991e-13 -2.1659e-12 -3.1908e-13 2.7936e-12 -2.6366e-12 1.8111e-12 -2.3839e-12 8.052e-14 -2.0336e-13 6.6945e-13 6.0259e-13 3.8009e-13 -2.2946e-12 -1.7811e-12 -1.7666e-12 1.7082e-12 2.1119e-12 -1.0126e-12 2.3073e-12 -3.3201e-12 2.7487e-12 6.846e-13 -2.9778e-13 2.1434e-12 -2.9326e-13 6.951e-13 -3.3661e-13 1.529e-12 -2.651e-13 -3.1118e-13 2.6267e-12 -1.8792e-12 -1.3758e-12 1.6299e-12 1.2485e-12 7.5865e-13 -8.221e-13 -7.9815e-13 1.0406e-12 1.107e-13 -1.623e-12 -7.6699e-13 1.7556e-13 -1.3139e-12 4.2287e-13 1.4664e-12 4.6861e-13 9.6313e-13 1.0791e-13 -8.7994e-13 6.4001e-13 8.7611e-13 3.3888e-13 -5.4456e-13 4.2492e-13 -4.3983e-13 4.3202e-13 2.5315e-13 3.9135e-13
2.792e-11 2.3116e-11 2.8241e-11 3.0754e-11 2.522e-11 2.7492e-11 3.3163e-11 2.6197e-11 3.3282e-11 2.8414e-11 3.52e-11 2.8749e-11 2.8562e-11 2.6343e-11 2.2683e-11 2.7649e-11 2.9337e-11 3.5682e-11 2.4669e-11 3.1453e-11 2.3782e-11 3.2606e-11 3.0939e-11 3.0035e-11 3.3287e-11 2.7466e-11 2.8697e-11 3.4709e-11 2.9638e-11 2.8347e-11 3.1042e-11 2.6915e-11 2.4199e-11 3.0914e-11 2.8358e-11 3.1274e-11 2.9126e-11 2.6301e-11 2.6021e-11 2.9361e-11 2.7604e-11 2.4886e-11 2.3987e-11 2.1321e-11 2.0442e-11 2.1867e-11 2.1105e-11 1.9957e-11 2.1163e-11 2.088e-11 1.0998e-11 1.8096e-11 1.4526e-11 1.261e-11 1.5725e-11 1.4771e-11 1.5888e-11 1.3243e-11 1.6513e-11 1.2581e-11 1.3092e-11 1.1253e-11 1.4354e-11 8.8543e-12 2.435e-12 8.5961e-12 8.3788e-12 1.1107e-11 6.0756e-12 2.4182e-12 7.3944e-12 2.5058e-12 1.0421e-11 6.5616e-13 4.788e-12 2.2949e-12 1.0926e-11 7.9285e-12 3.8409e-12 5.1921e-12 -2.7899e-12 7.0214e-12 3.6253e-12 5.0245e-12 4.266e-12 5.6803e-13 6.3067e-12 9.5712e-13 4.4385e-13 1.3636e-12 6.2244e-13 4.0966e-12 3.1893e-12 5.4511e-12 2.1977e-12 3.3027e-12 1.1411e-12 4.474e-12 3.266e-12 2.7641e-12 5.2792e-13 4.1088e-12 9.071e-13 6.6031e-12 6.2054e-14 1.5733e-12 1.8197e-13 4.0591e-12 2.6289e-12 1.1711e-12 5.6148e-12 7.9887e-12 -3.1114e-13 1.6672e-13 5.573e-12 -7.2766e-13 4.4575e-13 -9.7653e-13 -1.344e-12 1.7658e-12 -3.4645e-13 1.1927e-12 -1.5002e-12 3.0012e-13 1.302e-12 -2.9248e-13 8.724e-13 3.379e-13 -2.9113e-12 -2.1005e-12 -1.7496e-12 1.2716e-12 2.6268e-12 -2.1941e-12 1.7988e-12 -3.2903e-12 1.3042e-12 -3.03e-13 -3.6048e-13 2.6813e-12 8.2364e-13 1.4006e-13 7.4206e-14 5.1322e-13 -1.6635e-12 -7.2259e-16 2.0754e-12 -2.0546e-12 -6.9354e-13 9.4723e-13 1.6584e-12 1.3192e-12 -5.144e-13 -9.6405e-13 1.1714e-12 5.7648e-13 -9.4642e-13 -9.6098e-13 1.7521e-13 -1.4715e-12 8.9654e-14 1.0761e-12 6.5621e-13 4.7928e-13 -9.7732e-14 -8.3544e-13 8.041e-13 4.1701e-13 2.176e-13 -7.0805e-13 1.9061e-13 -6.7197e-13 3.2893e-13 3.1993e-13 1.4232e-13
2.6721e-11 2.2248e-11 2.6248e-11 2.522e-11 2.7539e-11 2.6457e-11 3.0841e-11 2.6386e-11 2.952e-11 2.5649e-11 3.4865e-11 2.7065e-11 2.654e-11 2.435e-11 2.2066e-11 2.5409e-11 2.6519e-11 3.339e-11 2.4415e-11 2.9719e-11 2.2122e-11 3.2159e-11 2.9627e-11 2.98e-11 3.0386e-11 2.5443e-11 2.7359e-11 3.1542e-11 2.7747e-11 2.8248e-11 3.0966e-11 2.6402e-11 2.1258e-11 2.993e-11 2.5789e-11 2.871e-11 2.7195e-11 2.5206e-11 2.4729e-11 2.4008e-11 2.4261e-11 2.4363e-11 2.1875e-11 1.9753e-11 1.9142e-11 1.95e-11 1.9607e-11 1.5701e-11 1.8622e-11 1.909e-11 1.1244e-11 1.6307e-11 1.765e-11 1.3345e-11 1.4555e-11 1.302e-11 1.2769e-11 1.2391e-11 1.3841e-11 9.1716e-12 9.9439e-12 9.4005e-12 1.2675e-11 8.3159e-12 5.298e-12 7.5893e-12 9.1679e-12 9.4951e-12 7.2614e-12 1.4075e-12 7.2176e-12 3.0852e-12 9.9231e-12 1.7914e-12 7.0441e-12 5.5376e-12 1.1102e-11 8.0612e-12 2.9661e-12 4.3391e-12 -4.7696e-13 4.9072e-12 3.5613e-12 5.8793e-12 4.7479e-12 6.356e-13 5.1357e-12 -9.4801e-14 5.2698e-13 2.9244e-12 3.0045e-12 4.4899e-12 4.2662e-12 5.6996e-12 2.7136e-12 2.2517e-12 3.1986e-13 2.4263e-12 5.8098e-12 5.7193e-13 6.7017e-13 2.7077e-12 1.113e-12 4.5498e-12 -6.3492e-13 2.6563e-12 1.5375e-12 3.9285e-12 3.6358e-12 4.5013e-13 5.7009e-12 5.7242e-12 -2.5193e-13 3.8884e-13 4.7245e-12 2.8152e-12 3.956e-13 -5.1762e-13 -5.4253e-13 1.3334e-12 5.5496e-13 1.4706e-12 -2.6178e-12 2.6752e-13 4.1207e-13 4.6447e-13 4.9247e-13 -1.5559e-13 -1.0494e-12 -1.1184e-12 -2.1254e-12 1.3935e-12 1.9309e-12 -1.8947e-12 1.5088e-12 -2.1556e-12 2.0886e-12 6.4851e-13 4.0379e-14 2.2386e-12 -7.6031e-13 -2.2667e-13 -7.8773e-13 5.2838e-13 3.1914e-13 1.3131e-13 1.0181e-12 -1.7707e-12 -1.0578e-12 -1.3998e-13 1.2736e-12 5.056e-13 -1.1263e-12 -1.16e-12 -2.5158e-13 3.4251e-14 -1.3513e-12 1.2012e-14 -3.9396e-13 -1.6951e-12 1.5876e-13 6.9165e-13 5.8968e-14 7.3052e-13 -5.4875e-13 -1.2085e-13 4.4786e-13 4.1518e-13 -7.6238e-14 -4.8395e-13 3.1752e-13 -4.3742e-13 -2.8647e-14 3.2989e-13 1.1806e-13
3.1063e-11 2.5715e-11 2.7765e-11 2.7492e-11 2.6457e-11 3.619e-11 3.4634e-11 2.8453e-11 3.5421e-11 2.8564e-11 3.7261e-11 3.3176e-11 3.1613e-11 2.7039e-11 2.4721e-11 2.8636e-11 2.9442e-11 3.5575e-11 2.6904e-11 3.5738e-11 2.2663e-11 3.6027e-11 3.1272e-11 3.4493e-11 3.3998e-11 2.7766e-11 2.889e-11 3.5577e-11 3.1028e-11 2.8169e-11 3.327e-11 3.135e-11 2.6369e-11 3.4638e-11 3.1081e-11 3.3003e-11 3.3658e-11 2.8164e-11 2.5723e-11 2.7253e-11 2.6897e-11 2.8186e-11 2.5112e-11 2.282e-11 2.1e-11 2.4612e-11 2.5752e-11 1.9011e-11 2.0784e-11 2.376e-11 1.1411e-11 1.9357e-11 1.9574e-11 1.5482e-11 1.8306e-11 1.6926e-11 1.6118e-11 1.4893e-11 1.6869e-11 1.3043e-11 1.218e-11 1.2165e-11 1.6033e-11 7.8516e-12 5.3901e-12 7.7469e-12 1.0824e-11 1.0859e-11 1.1433e-11 2.3516e-12 9.0902e-12 3.0792e-12 1.2984e-11 1.1412e-12 7.2587e-12 4.3635e-12 1.0211e-11 4.7166e-12 2.824e-12 5.7501e-12 -1.0125e-13 7.7993e-12 1.2327e-12 7.6443e-12 2.4157e-12 1.877e-12 5.9426e-12 8.6782e-13 1.9432e-12 2.366e-12 3.0612e-13 3.6901e-12 2.0593e-12 5.8051e-12 -9.6686e-13 3.7384e-12 4.8438e-13 2.1749e-12 4.8926e-12 2.7003e-12 1.4945e-13 5.5027e-12 -5.0674e-13 3.8348e-12 -2.473e-13 4.6166e-12 3.6877e-15 3.8933e-12 3.2556e-12 1.8723e-12 4.7807e-12 6.0785e-12 -2.6859e-13 3.9479e-13 4.9295e-12 2.2206e-12 -2.7227e-12 -1.6107e-12 2.3318e-13 1.7393e-12 5.5996e-13 2.6962e-13 -1.2712e-12 7.7181e-13 8.4064e-13 -1.906e-12 -7.5944e-13 6.2537e-13 -8.5776e-13 -1.5681e-12 -2.6375e-12 2.2325e-12 1.5672e-12 -3.8801e-12 4.4564e-13 -2.2864e-12 1.9992e-12 3.9875e-13 -1.4964e-12 3.126e-12 -4.8002e-14 6.7345e-13 9.031e-13 1.1431e-12 -1.116e-12 -1.5158e-12 8.9767e-13 -1.8606e-12 -1.8973e-12 2.3792e-12 2.2166e-12 3.6339e-13 -4.5293e-13 -9.0323e-13 -4.6184e-13 4.3275e-13 -1.474e-12 -7.1131e-14 -4.805e-13 -1.8121e-13 -3.0165e-13 8.1553e-13 2.4213e-13 8.8181e-13 -4.1607e-13 -6.4076e-13 8.1897e-13 1.4583e-13 -4.1608e-13 -4.995e-13 3.5182e-13 -3.7e-13 -4.2051e-14 4.4597e-13 1.0153e-13
3.4151e-11 2.8828e-11 3.4699e-11 3.3163e-11 3.0841e-11 3.4634e-11 4.6987e-11 3.2463e-11 4.0632e-11 3.4324e-11 4.5457e-11 3.4884e-11 3.482e-11 3.2964e-11 2.8676e-11 3.4581e-11 3.4855e-11 4.4797e-11 3.0653e-11 4.0576e-11 2.6834e-11 4.1695e-11 3.5537e-11 3.9512e-11 4.0827e-11 3.4263e-11 3.5871e-11 4.2478e-11 3.7855e-11 3.2937e-11 3.9696e-11 3.3152e-11 3.0846e-11 3.8737e-11 3.5388e-11 3.6254e-11 3.7501e-11 3.1432e-11 3.2682e-11 3.3709e-11 3.3328e-11 2.9926e-11 2.946e-11 2.5743e-11 2.4239e-11 2.7649e-11 2.743e-11 2.2604e-11 2.1971e-11 2.3305e-11 1.5397e-11 1.9867e-11 2.1053e-11 1.8284e-11 1.8534e-11 2.1668e-11 1.7561e-11 1.774e-11 2.0682e-11 1.5501e-11 1.2206e-11 1.315e-11 1.734e-11 1.1599e-11 7.4992e-12 1.0077e-11 1.08e-11 1.2529e-11 7.6227e-12 5.0049e-12 8.5885e-12 3.949e-12 1.4226e-11 3.7839e-12 5.5509e-12 4.1023e-12 1.2366e-11 9.4573e-12 2.0988e-12 7.0435e-12 -2.047e-12 7.6496e-12 2.1521e-12 7.0021e-12 6.4747e-12 2.0078e-12 6.734e-12 5.7538e-13 1.8043e-13 -5.3832e-13 5.3877e-13 3.0724e-12 4.3854e-12 6.4736e-12 2.8874e-12 4.9898e-12 -9.0078e-14 5.6283e-12 4.6212e-12 2.6853e-12 -2.0317e-12 5.9232e-12 3.5748e-12 5.2135e-12 -4.8347e-13 3.4543e-12 1.3791e-12 5.1004e-12 4.1664e-12 -2.5769e-12 6.3763e-12 7.2125e-12 -8.2393e-13 -4.3044e-13 5.8742e-12 1.1981e-13 -8.8989e-13 -1.6254e-12 -3.2047e-13 1.1522e-12 5.3014e-13 1.8023e-12 -1.8211e-12 6.5651e-13 5.021e-13 9.6362e-14 -3.9166e-13 -2.6275e-13 -3.396e-12 -2.3196e-12 -1.2786e-12 1.7128e-12 2.1965e-12 -2.7838e-12 2.0054e-12 -4.6567e-12 4.0731e-12 9.4153e-13 -2.2559e-13 3.148e-12 3.2169e-13 1.4177e-12 6.578e-14 1.6242e-12 -3.3715e-13 4.2671e-13 2.2611e-12 -9.1441e-13 -2.6507e-12 2.5161e-12 1.0509e-12 8.856e-14 -7.2978e-13 -2.0174e-12 6.2233e-13 9.9911e-13 -2.0299e-12 -8.3219e-13 -6.6452e-13 -1.8444e-12 5.1258e-13 1.0928e-12 4.5524e-13 6.5988e-13 -1.9329e-13 -9.9643e-13 8.896e-13 1.2345e-13 -7.0341e-14 -6.1817e-13 4.4358e-13 -7.395e-13 -1.2378e-15 2.8264e-13 2.6391e-13
2.852e-11 2.2635e-11 2.7546e-11 2.6197e-11 2.6386e-11 2.8453e-11 3.2463e-11 3.2356e-11 3.1947e-11 2.7534e-11 3.6464e-11 2.8633e-11 2.9275e-11 2.6189e-11 2.5098e-11 2.8304e-11 2.8566e-11 3.708e-11 2.5419e-11 3.2306e-11 2.1631e-11 3.5116e-11 3.2423e-11 3.1041e-11 3.3984e-11 2.779e-11 2.9024e-11 3.6103e-11 3.218e-11 3.0028e-11 3.1181e-11 2.8377e-11 2.571e-11 3.2593e-11 2.9664e-11 3.2667e-11 3.0705e-11 2.8148e-11 2.7253e-11 2.8402e-11 2.7828e-11 2.5023e-11 2.6309e-11 2.1089e-11 2.256e-11 2.1626e-11 2.125e-11 2.0073e-11 1.8993e-11 1.8977e-11 1.3208e-11 1.5796e-11 2.0134e-11 1.3261e-11 1.692e-11 1.6689e-11 1.5333e-11 1.4175e-11 1.7655e-11 9.3384e-12 1.3238e-11 9.8802e-12 1.3261e-11 9.2772e-12 4.81e-12 9.0136e-12 7.595e-12 1.2323e-11 6.4072e-12 3.6226e-12 8.2445e-12 4.5686e-12 1.0729e-11 3.2837e-12 6.5252e-12 5.5051e-12 1.1347e-11 8.9339e-12 4.1276e-12 5.6996e-12 -1.0799e-12 6.6768e-12 2.7149e-12 7.2972e-12 6.6172e-12 2.0422e-12 5.0146e-12 -3.4957e-13 1.4425e-12 3.8545e-12 1.1113e-12 5.3004e-12 3.3668e-12 3.5337e-12 1.7102e-12 4.409e-12 -4.1699e-13 4.1329e-12 5.9822e-12 3.7861e-12 -1.204e-13 3.9805e-12 7.0466e-13 5.034e-12 9.2694e-13 2.4445e-12 7.061e-13 3.6233e-12 2.9815e-12 1.8512e-12 6.5344e-12 5.8391e-12 -3.0357e-13 4.766e-13 5.0671e-12 4.7657e-13 -8.2712e-13 -1.0499e-12 4.8474e-13 9.413e-13 1.3923e-12 6.1539e-13 -4.3019e-13 -1.3635e-13 1.0432e-12 -1.6237e-12 1.4288e-12 5.786e-13 -1.7237e-12 -5.1029e-13 -2.644e-12 2.0846e-12 1.439e-12 -1.0664e-12 1.1028e-12 -1.8966e-12 1.68e-12 8.5596e-13 -8.8558e-13 1.441e-12 -5.3244e-14 -2.2321e-13 3.4875e-13 1.4358e-12 -8.5344e-13 -1.6992e-13 1.8652e-12 -7.5531e-13 -1.0524e-12 1.3841e-12 2.6936e-12 1.9171e-12 -1.0464e-12 -1.1219e-12 -9.4935e-13 4.3498e-13 -1.355e-12 -2.5949e-13 -4.4423e-13 -1.7831e-12 -1.2023e-14 7.096e-13 5.7504e-13 7.9445e-13 1.5707e-13 -8.8493e-13 6.0383e-13 2.9243e-13 -1.3441e-13 -6.1396e-13 5.8657e-13 -2.9538e-13 1.37e-13 2.0205e-13 3.1364e-14
3.6606e-11 2.8089e-11 3.6865e-11 3.3282e-11 2.952e-11 3.5421e-11 4.0632e-11 3.1947e-11 4.8792e-11 3.3641e-11 4.445e-11 3.4689e-11 3.4213e-11 2.9974e-11 2.9002e-11 3.7098e-11 3.5387e-11 4.1555e-11 2.962e-11 3.8559e-11 2.7979e-11 4.0233e-11 3.5964e-11 3.8668e-11 3.9954e-11 3.3168e-11 3.2658e-11 4.2944e-11 3.5772e-11 3.6101e-11 3.8868e-11 3.7261e-11 2.9688e-11 3.6986e-11 3.3314e-11 3.9143e-11 3.8302e-11 3.169e-11 3.0677e-11 3.0907e-11 3.5387e-11 3.2371e-11 2.7545e-11 2.4621e-11 2.5459e-11 2.7599e-11 2.8764e-11 2.2655e-11 2.4043e-11 2.6039e-11 1.1585e-11 2.2639e-11 2.1305e-11 1.5504e-11 1.7361e-11 1.9165e-11 1.879e-11 1.7143e-11 2.0454e-11 1.5063e-11 1.6054e-11 1.3727e-11 2.0767e-11 1.1794e-11 3.5242e-12 7.5015e-12 1.1963e-11 1.3349e-11 1.0865e-11 4.0166e-12 7.3605e-12 4.0316e-12 1.1182e-11 3.3002e-12 3.6832e-12 5.1718e-12 1.2033e-11 4.3554e-12 3.7587e-12 4.7663e-12 -1.5212e-12 6.7831e-12 2.7579e-13 7.7381e-12 4.6172e-12 1.9816e-12 6.7117e-12 1.0521e-12 2.0044e-12 2.9008e-12 -2.9553e-12 3.252e-12 1.4312e-12 1.6136e-12 2.3991e-12 6.1565e-12 -1.2276e-13 5.5392e-12 4.9833e-12 3.1229e-12 2.4136e-13 5.4604e-12 9.6968e-13 8.0636e-12 1.4937e-12 2.9801e-13 -1.3435e-12 4.1816e-12 4.1361e-12 9.8156e-13 7.1942e-12 7.5109e-12 9.845e-13 -1.4258e-14 8.9967e-12 -8.0508e-13 -6.0392e-13 -1.7171e-12 -3.8372e-13 9.9934e-13 -1.0253e-12 5.4771e-13 -2.3169e-12 3.7133e-13 6.4755e-13 -8.2434e-13 3.5152e-13 8.6703e-13 -2.429e-12 -2.4538e-12 -3.2132e-12 1.7754e-12 1.4809e-12 -2.4105e-12 1.0446e-12 -3.3202e-12 3.615e-12 1.0047e-13 -8.485e-13 3.4543e-12 9.2665e-14 1.2487e-12 -5.2711e-14 4.1886e-13 -3.3868e-12 1.3977e-13 2.0958e-12 -1.7233e-12 -1.5292e-12 2.5521e-12 2.2637e-12 9.9101e-13 -4.236e-13 -3.8385e-13 2.5932e-13 -6.5751e-13 -2.1616e-12 -1.0975e-12 1.5157e-13 -9.8983e-13 -8.4588e-14 1.6318e-12 1.8086e-13 6.7258e-13 2.2428e-13 -1.1181e-12 9.8012e-13 5.1653e-13 -2.8217e-15 -3.9777e-13 2.8374e-13 -7.6881e-13 1.5991e-13 5.975e-13 2.678e-13
2.8283e-11 2.3774e-11 3.0536e-11 2.8414e-11 2.5649e-11 2.8564e-11 3.4324e-11 2.7534e-11 3.3641e-11 3.4682e-11 3.7347e-11 2.9964e-11 3.178e-11 2.6582e-11 2.2698e-11 3.0231e-11 3.0996e-11 3.7928e-11 2.7322e-11 3.2501e-11 2.4679e-11 3.3745e-11 3.2747e-11 3.415e-11 3.4088e-11 2.96e-11 2.9329e-11 3.791e-11 2.9288e-11 3.0141e-11 3.2269e-11 2.965e-11 2.5529e-11 3.1166e-11 2.8643e-11 3.1714e-11 3.139e-11 3.0153e-11 2.7574e-11 3.0898e-11 2.8954e-11 2.5305e-11 2.3073e-11 2.0984e-11 1.8982e-11 2.0823e-11 2.1757e-11 1.9692e-11 1.956e-11 1.9711e-11 1.2583e-11 1.7734e-11 1.431e-11 1.3518e-11 1.5622e-11 1.5376e-11 1.4001e-11 1.271e-11 1.7911e-11 1.3711e-11 1.2489e-11 1.1928e-11 1.3337e-11 7.8893e-12 3.2376e-12 9.3357e-12 8.3895e-12 1.1042e-11 6.4241e-12 3.835e-12 5.8978e-12 1.7852e-12 1.0801e-11 8.4208e-13 5.8604e-12 1.453e-12 1.0418e-11 6.4316e-12 1.4948e-12 6.4168e-12 -1.9597e-12 6.0297e-12 4.1383e-12 5.4652e-12 4.2942e-12 2.3874e-12 4.7822e-12 5.1499e-13 1.6526e-12 1.9754e-12 2.2052e-12 2.9213e-12 3.9998e-12 4.3335e-12 1.4538e-12 4.7474e-12 -1.7629e-12 4.9097e-12 4.203e-12 2.5534e-12 -8.4957e-13 2.5373e-12 1.8536e-12 7.8876e-12 -1.391e-12 7.1863e-13 -1.9379e-13 3.3944e-12 3.2222e-12 3.8182e-13 5.6403e-12 7.4487e-12 -1.052e-12 -7.2636e-13 4.782e-12 1.007e-13 -1.9158e-12 -8.2401e-13 -3.2913e-14 8.2348e-13 4.0947e-14 1.5294e-12 -1.995e-12 7.0318e-13 9.1591e-13 -1.1133e-13 1.3714e-12 5.2162e-13 -1.8172e-12 -1.0443e-12 -1.6917e-12 1.9678e-12 2.6784e-12 -1.0581e-12 2.1665e-12 -3.9669e-12 6.8133e-13 5.4152e-13 -2.8699e-13 2.2263e-12 4.2744e-13 -3.4652e-13 -2.3422e-16 5.4393e-13 -1.0297e-12 -3.1392e-13 2.23e-12 -2.6493e-12 -1.423e-12 1.5364e-12 1.7166e-12 1.1167e-12 -4.9639e-13 -6.9906e-13 1.6326e-12 9.4914e-13 -1.3164e-12 -1.2276e-12 9.0784e-13 -1.244e-12 6.2294e-13 6.6425e-13 7.7859e-13 1.5232e-12 3.6808e-14 -8.0227e-13 9.8062e-13 3.3034e-13 -2.7208e-13 -6.9677e-13 -2.051e-13 -3.066e-13 2.4827e-13 2.4346e-13 3.3838e-13
3.7183e-11 3.3111e-11 3.9512e-11 3.52e-11 3.4865e-11 3.7261e-11 4.5457e-11 3.6464e-11 4.445e-11 3.7347e-11 5.5967e-11 3.8399e-11 3.8438e-11 3.598e-11 3.4018e-11 3.7645e-11 3.651e-11 4.933e-11 3.4088e-11 4.4207e-11 2.9578e-11 4.3982e-11 4.1079e-11 4.454e-11 4.4621e-11 3.8179e-11 3.8144e-11 4.7908e-11 4.1272e-11 3.7064e-11 4.2223e-11 4.1095e-11 3.2226e-11 4.1187e-11 3.6095e-11 4.0337e-11 4.2858e-11 3.5013e-11 3.5965e-11 3.3744e-11 3.7925e-11 3.7298e-11 3.3599e-11 2.7925e-11 2.7403e-11 2.7341e-11 3.1337e-11 2.2845e-11 2.3723e-11 2.717e-11 1.4713e-11 2.2558e-11 2.3271e-11 1.769e-11 2.242e-11 1.9899e-11 1.7914e-11 1.8688e-11 2.3003e-11 1.5327e-11 1.4856e-11 1.602e-11 2.0035e-11 1.2949e-11 4.1309e-12 1.126e-11 1.22e-11 1.3464e-11 1.0962e-11 6.2146e-12 7.2545e-12 5.2917e-12 1.4011e-11 1.2233e-12 7.1646e-12 5.8586e-12 1.1608e-11 8.4318e-12 1.9144e-12 7.8888e-12 -1.2438e-12 9.4161e-12 1.1437e-12 1.1281e-11 6.2966e-12 1.6869e-12 7.2179e-12 -2.7701e-12 1.2856e-12 8.3346e-13 2.845e-12 5.0538e-12 4.3629e-12 5.0307e-12 2.3882e-12 3.0727e-12 -2.2806e-12 6.7621e-12 5.6333e-12 2.1661e-12 -1.7123e-12 3.7731e-12 -3.2969e-13 7.195e-12 1.3232e-12 2.5306e-12 9.0692e-13 5.1396e-12 4.4039e-12 2.2811e-12 9.2592e-12 6.9273e-12 -3.2777e-13 1.787e-13 7.7701e-12 2.3377e-12 -1.1703e-12 -3.3009e-12 -1.9504e-12 3.0657e-12 -2.4832e-12 3.1656e-12 -2.9994e-12 2.0299e-12 1.837e-12 -1.2214e-12 1.1373e-12 7.9967e-14 -3.9278e-12 -2.8472e-12 -3.5898e-12 1.2976e-12 2.8687e-12 -2.3359e-12 1.2316e-12 -2.9235e-12 4.1976e-12 -2.7431e-13 -3.7354e-13 1.7467e-12 2.3744e-13 1.1408e-12 -3.237e-14 2.6546e-12 3.6741e-13 -5.1949e-13 2.8502e-12 -2.0714e-12 -3.2659e-12 1.3909e-12 1.4831e-12 6.9783e-13 -1.6161e-12 -1.5628e-12 1.0988e-12 1.9683e-13 -1.6385e-12 -2.9681e-13 8.8602e-13 -2.388e-12 6.1776e-13 1.6727e-12 5.629e-13 8.07e-13 -4.6193e-13 -9.942e-13 8.8829e-13 7.2847e-13 -3.3245e-13 -1.0293e-12 3.9075e-13 -1.9604e-13 2.3207e-13 5.0435e-13 3.1083e-13
3.2184e-11 2.4674e-11 2.9454e-11 2.8749e-11 2.7065e-11 3.3176e-11 3.4884e-11 2.8633e-11 3.4689e-11 2.9964e-11 3.8399e-11 3.9097e-11 3.2623e-11 2.7728e-11 2.8073e-11 2.9655e-11 2.9189e-11 3.7962e-11 2.6331e-11 3.7524e-11 2.3735e-11 3.518e-11 3.1825e-11 3.3087e-11 3.653e-11 3.1878e-11 3.0525e-11 3.7375e-11 2.9639e-11 2.9168e-11 3.231e-11 3.1076e-11 2.7308e-11 3.4205e-11 3.2971e-11 3.137e-11 3.421e-11 3.2818e-11 2.715e-11 2.6673e-11 2.9428e-11 2.5154e-11 2.2746e-11 1.8129e-11 2.2595e-11 2.3492e-11 2.3313e-11 2.0434e-11 2.196e-11 2.3375e-11 1.0106e-11 1.8787e-11 2.2353e-11 1.2634e-11 1.8506e-11 1.5016e-11 1.8678e-11 1.3518e-11 1.5179e-11 1.4662e-11 1.3381e-11 1.3477e-11 1.4369e-11 6.8238e-12 4.135e-12 8.5232e-12 8.8918e-12 1.2047e-11 1.2849e-11 2.4922e-12 7.4635e-12 2.3173e-12 1.2174e-11 -1.5653e-13 8.6327e-12 1.895e-12 1.0372e-11 5.7693e-12 1.757e-12 6.8295e-12 -2.0621e-12 9.4516e-12 2.41e-12 4.8469e-12 2.7551e-12 1.3144e-12 3.9139e-12 1.3353e-12 6.5502e-13 1.8159e-12 8.2684e-13 3.9545e-12 3.4291e-12 7.1433e-12 -1.3683e-13 1.6203e-12 -2.3037e-13 2.3244e-12 4.4013e-12 9.0308e-13 7.3267e-14 4.6831e-12 2.6807e-12 6.416e-12 -6.1694e-13 4.7627e-12 -2.3391e-12 3.0185e-12 3.7438e-12 1.3429e-12 6.8195e-12 5.8408e-12 1.2047e-12 -4.0725e-14 7.3117e-12 2.2776e-12 -3.2826e-12 -2.9471e-13 -1.4515e-12 2.9662e-12 -8.8461e-14 1.2239e-12 -2.5618e-12 1.6173e-12 1.1037e-12 -2.605e-12 -1.4367e-12 1.5879e-12 -2.1504e-12 1.2559e-13 -2.6078e-12 1.5158e-12 1.6968e-12 -3.9416e-12 1.1858e-12 -3.3133e-12 2.0813e-12 1.1941e-12 -1.5769e-12 1.3737e-12 4.889e-13 -8.1209e-14 -7.9824e-13 7.7211e-13 -1.9762e-12 -7.8043e-13 2.6329e-12 -2.3997e-12 -2.1092e-12 1.888e-12 1.6449e-12 1.1281e-12 6.8888e-14 -1.0173e-13 -1.4725e-13 2.9248e-13 -1.8926e-12 5.2581e-14 -6.4517e-13 -6.1687e-13 2.3267e-13 1.0558e-12 -1.1108e-13 7.524e-13 -5.7379e-13 -3.1991e-13 5.7545e-13 3.3099e-13 -4.9038e-13 -3.4449e-13 2.8971e-13 -2.1478e-13 1.6001e-13 3.098e-13 7.3012e-14
3.2602e-11 2.553e-11 3.0124e-11 2.8562e-11 2.654e-11 3.1613e-11 3.482e-11 2.9275e-11 3.4213e-11 3.178e-11 3.8438e-11 3.2623e-11 3.7551e-11 2.664e-11 2.5726e-11 3.0981e-11 3.1214e-11 3.9081e-11 2.7806e-11 3.5434e-11 2.4121e-11 3.7171e-11 3.1295e-11 3.4257e-11 3.5632e-11 3.1694e-11 3.0267e-11 3.7417e-11 2.9363e-11 2.8899e-11 3.3064e-11 2.9881e-11 2.6598e-11 3.2256e-11 3.0646e-11 3.2642e-11 3.3057e-11 2.8428e-11 2.6993e-11 2.7787e-11 2.8959e-11 2.8856e-11 2.6044e-11 1.9575e-11 2.0087e-11 2.1778e-11 2.3744e-11 1.9888e-11 2.249e-11 2.304e-11 1.0733e-11 1.6763e-11 1.5603e-11 1.3591e-11 1.8613e-11 1.5946e-11 1.5132e-11 1.3306e-11 1.8014e-11 1.2585e-11 1.2272e-11 1.152e-11 1.5561e-11 7.9916e-12 2.2713e-12 1.0557e-11 1.0087e-11 1.2301e-11 9.1015e-12 4.7574e-12 8.1075e-12 3.2637e-12 1.177e-11 -6.621e-13 6.044e-12 3.3881e-12 1.306e-11 6.9284e-12 -8.0721e-13 7.0653e-12 -1.7476e-12 7.3127e-12 2.6865e-12 5.9672e-12 2.5542e-12 3.4773e-12 6.3159e-12 -9.3049e-13 1.5353e-12 1.6167e-12 1.783e-12 3.6495e-12 2.224e-12 5.5978e-12 -4.1699e-13 2.7861e-12 -7.3622e-13 2.9523e-12 5.619e-12 1.605e-12 2.982e-13 1.8896e-12 -1.0238e-12 5.492e-12 -1.6072e-12 3.278e-12 4.0315e-13 3.1483e-12 3.2276e-12 2.5904e-13 5.6573e-12 6.9055e-12 -1.2994e-12 3.5454e-14 7.3356e-12 -2.6432e-13 -2.4316e-12 -2.5013e-12 6.4841e-13 1.7678e-12 -2.5621e-13 9.7342e-15 -4.2308e-13 1.0955e-12 1.647e-12 -1.0045e-12 4.9769e-13 1.9579e-12 -1.9279e-12 -1.6364e-12 -2.4567e-12 2.3978e-12 2.2298e-12 -1.8024e-12 1.6534e-12 -3.4682e-12 8.8316e-13 9.2458e-13 -6.2126e-13 1.6982e-12 4.5191e-13 -4.7759e-13 3.5425e-13 1.6084e-12 -8.5266e-13 -1.7566e-13 1.8224e-12 -1.1924e-12 -2.6394e-12 1.911e-12 2.6711e-12 3.4048e-13 -5.5427e-13 -1.18e-12 1.1043e-12 1.8216e-12 -1.15e-12 -3.3534e-13 7.0404e-13 -7.8679e-13 8.8746e-14 2.8184e-13 7.1554e-14 1.2882e-12 1.4379e-13 -1.0056e-12 7.2712e-13 2.1727e-13 -9.5114e-14 -7.1103e-13 4.8586e-13 -2.4036e-13 3.133e-13 1.7187e-13 1.5072e-13
2.4935e-11 2.348e-11 2.5896e-11 2.6343e-11 2.435e-11 2.7039e-11 3.2964e-11 2.6189e-11 2.9974e-11 2.6582e-11 3.598e-11 2.7728e-11 2.664e-11 3.2919e-11 2.3203e-11 2.8362e-11 2.767e-11 3.3066e-11 2.3122e-11 3.1991e-11 2.2479e-11 3.4985e-11 2.9319e-11 2.9439e-11 3.4028e-11 2.568e-11 2.9573e-11 3.5945e-11 2.9215e-11 2.7811e-11 3.0947e-11 2.8799e-11 2.2945e-11 3.0877e-11 2.8595e-11 2.9371e-11 2.8998e-11 2.8273e-11 2.6514e-11 2.728e-11 2.7557e-11 2.3986e-11 2.3755e-11 2.2556e-11 1.7836e-11 2.1976e-11 2.3034e-11 2.0569e-11 1.5594e-11 1.7876e-11 9.8632e-12 1.4757e-11 1.8385e-11 1.8468e-11 1.6736e-11 1.6726e-11 1.2905e-11 1.1893e-11 1.6152e-11 1.619e-11 1.5161e-11 1.1008e-11 1.4292e-11 7.151e-12 5.957e-12 1.0186e-11 5.0896e-12 1.1973e-11 6.531e-12 5.8854e-12 1.0963e-11 2.1666e-12 1.1961e-11 5.1601e-13 3.663e-12 4.499e-12 9.5335e-12 8.4893e-12 3.7052e-12 4.6878e-12 -3.0053e-12 7.4982e-12 1.7978e-12 6.9452e-12 6.2102e-12 4.0685e-12 6.0854e-12 1.472e-12 9.7733e-13 -8.737e-14 2.7692e-12 6.2133e-12 2.2354e-12 3.9324e-12 2.2164e-12 1.8781e-12 -1.8103e-13 4.8454e-12 2.6004e-12 2.7093e-12 5.8139e-13 2.9718e-12 1.6398e-12 4.7825e-12 -9.1538e-13 4.1417e-12 3.5576e-13 4.9058e-12 4.3286e-12 5.6549e-13 3.8967e-12 6.3753e-12 -2.373e-12 1.1843e-12 4.2816e-12 9.4981e-13 -7.2251e-13 -1.1773e-12 -6.5547e-13 3.7334e-12 -7.6438e-13 1.5064e-12 -1.4485e-12 3.8722e-13 2.7877e-13 -5.5721e-13 5.9773e-14 7.7915e-13 -4.7879e-12 -2.9694e-12 -1.2548e-12 3.49e-13 7.3553e-13 -1.9775e-12 1.5036e-12 -3.3997e-12 1.5532e-12 1.0062e-12 -4.1328e-13 1.6269e-12 -1.0726e-12 6.6556e-13 1.4387e-12 1.7481e-12 -7.1979e-13 -1.4405e-12 1.4077e-12 -1.1098e-12 -1.9885e-12 7.6829e-13 1.042e-12 1.9158e-12 -6.2236e-14 2.7151e-13 4.1035e-13 7.2615e-13 -7.4695e-13 -2.1889e-13 1.8246e-14 -7.6858e-13 3.1601e-13 1.048e-12 2.2751e-13 2.8857e-13 -2.7967e-13 -8.364e-13 1.027e-12 4.9862e-14 -5.592e-13 -9.287e-13 3.2889e-13 -3.4854e-13 9.1226e-14 5.2399e-13 4.8716e-14
2.3746e-11 2.3051e-11 2.5689e-11 2.2683e-11 2.2066e-11 2.4721e-11 2.8676e-11 2.5098e-11 2.9002e-11 2.2698e-11 3.4018e-11 2.8073e-11 2.5726e-11 2.3203e-11 3.0849e-11 2.6525e-11 2.4163e-11 3.2601e-11 2.1249e-11 3.2662e-11 1.9166e-11 3.074e-11 2.5297e-11 2.8398e-11 2.9474e-11 2.7069e-11 2.5765e-11 3.2911e-11 2.7539e-11 2.3605e-11 2.5643e-11 2.8631e-11 2.2933e-11 2.7598e-11 2.7705e-11 2.7993e-11 2.7536e-11 2.5627e-11 2.3422e-11 2.2777e-11 2.6231e-11 2.3092e-11 2.0313e-11 1.7689e-11 1.7757e-11 1.9424e-11 2.1189e-11 1.6765e-11 1.4059e-11 1.765e-11 9.3647e-12 1.3411e-11 1.7292e-11 1.1268e-11 1.3876e-11 1.1767e-11 1.3283e-11 1.2764e-11 1.3225e-11 1.2098e-11 1.4596e-11 1.0445e-11 1.5612e-11 8.018e-12 4.2326e-12 6.655e-12 7.4416e-12 1.0866e-11 1.1476e-11 3.7086e-12 8.5153e-12 1.9418e-12 1.0174e-11 4.1787e-12 5.747e-12 3.5556e-12 8.6204e-12 5.0406e-12 1.9847e-12 5.7811e-12 8.913e-13 6.6987e-12 1.6192e-12 6.5868e-12 1.8188e-12 -8.8866e-13 2.4677e-12 -2.1273e-12 1.3366e-12 1.8738e-12 3.3278e-13 3.8938e-12 2.9382e-12 3.9904e-12 -1.5067e-12 2.4224e-12 -7.0111e-13 4.9721e-12 3.1411e-12 1.0305e-14 -5.5913e-13 4.5943e-12 7.0034e-13 5.3732e-12 2.1757e-12 2.9471e-12 4.3818e-13 2.7707e-12 2.1316e-12 1.3169e-12 7.0754e-12 3.0018e-12 1.5895e-12 2.1855e-12 6.2343e-12 1.9248e-13 1.8116e-13 -1.9722e-12 -9.1164e-13 9.7942e-13 -1.2904e-12 1.1101e-12 -1.1429e-12 1.7506e-12 1.0761e-12 -1.7032e-12 7.9836e-13 9.8664e-13 -2.1725e-12 -2.0338e-12 -2.2008e-12 2.5106e-12 1.1138e-12 -2.1133e-12 1.6926e-12 -2.41e-12 1.1772e-12 1.1399e-12 -2.5399e-14 -1.8544e-14 2.2084e-13 5.5283e-13 7.7113e-13 2.1112e-12 -4.277e-14 -1.0544e-13 1.7142e-12 -3.6557e-13 -2.6827e-12 1.8606e-12 1.3445e-12 1.4934e-12 1.4346e-13 -6.5918e-13 -3.8265e-13 5.2109e-13 -1.1713e-12 5.2925e-13 -6.486e-13 -1.2591e-12 -4.7363e-13 8.4583e-13 5.7444e-14 2.7111e-13 -2.542e-13 8.7441e-14 5.6262e-14 5.7486e-13 -3.1291e-13 -1.8514e-13 6.597e-13 1.5059e-13 2.5083e-13 1.1898e-13 1.2502e-13
3.0038e-11 2.5275e-11 3.1627e-11 2.7649e-11 2.5409e-11 2.8636e-11 3.4581e-11 2.8304e-11 3.7098e-11 3.0231e-11 3.7645e-11 2.9655e-11 3.0981e-11 2.8362e-11 2.6525e-11 3.6895e-11 3.0793e-11 3.7255e-11 2.5765e-11 3.4251e-11 2.5101e-11 3.802e-11 3.0656e-11 3.394e-11 3.4244e-11 3.0464e-11 2.9074e-11 3.7472e-11 3.0978e-11 3.3481e-11 3.2985e-11 3.3551e-11 2.6095e-11 3.3733e-11 3.0592e-11 3.2012e-11 3.1882e-11 3.0304e-11 2.7132e-11 2.6967e-11 3.0497e-11 2.7872e-11 2.5247e-11 2.2557e-11 1.9246e-11 2.2227e-11 2.3915e-11 2.1752e-11 1.9798e-11 2.056e-11 1.0839e-11 1.5827e-11 1.6691e-11 1.6049e-11 1.4668e-11 1.7775e-11 1.1236e-11 1.4151e-11 1.7978e-11 1.6222e-11 1.3319e-11 1.2794e-11 1.875e-11 9.2197e-12 3.1721e-12 1.0555e-11 6.4127e-12 1.3139e-11 6.8099e-12 4.8509e-12 9.1428e-12 2.8857e-12 1.2119e-11 -1.8535e-12 3.9374e-12 3.3181e-12 1.1497e-11 8.3021e-12 4.2153e-12 6.5899e-12 2.0666e-13 6.0398e-12 2.5694e-12 5.4219e-12 4.2911e-12 4.2332e-12 5.7685e-12 -1.2434e-12 -2.1532e-12 2.4004e-12 -5.2824e-14 4.6656e-12 3.5138e-12 3.0576e-12 1.0614e-12 3.9928e-12 -1.0626e-12 5.8336e-12 4.7297e-12 6.862e-13 -9.7878e-13 3.389e-12 1.7018e-12 5.283e-12 8.6311e-13 1.0672e-12 -9.1555e-13 4.0178e-12 5.5065e-12 -2.5845e-13 3.9778e-12 6.3433e-12 7.5919e-13 -6.7761e-13 6.9465e-12 -5.9368e-13 -3.3621e-13 -2.2525e-12 5.6159e-13 1.8593e-12 -2.1258e-12 5.0364e-13 -2.6554e-12 1.6684e-13 6.6646e-13 -2.6916e-14 7.7826e-13 1.5621e-12 -1.7292e-12 -2.2091e-12 -3.2675e-12 6.1055e-13 6.2389e-13 -4.6741e-13 1.1283e-12 -4.0198e-12 2.5519e-12 9.5962e-13 -1.274e-12 6.364e-13 -1.2955e-12 6.1337e-13 -1.9851e-13 1.8458e-12 -1.4437e-12 -4.2987e-13 2.5803e-12 -1.9568e-12 -1.352e-12 1.4896e-12 2.1081e-12 1.6339e-12 6.2037e-13 3.6333e-13 1.1301e-12 1.3534e-12 -1.0751e-12 -1.4287e-12 -3.9425e-13 -1.1788e-12 -5.0189e-13 1.0282e-12 5.2483e-15 1.0457e-12 -8.3907e-14 -6.1466e-13 9.1686e-13 2.7836e-13 -2.4544e-13 -2.9505e-13 3.3107e-13 -4.3089e-13 2.7897e-13 3.3047e-13 2.4142e-13
2.9511e-11 2.3671e-11 3.0674e-11 2.9337e-11 2.6519e-11 2.9442e-11 3.4855e-11 2.8566e-11 3.5387e-11 3.0996e-11 3.651e-11 2.9189e-11 3.1214e-11 2.767e-11 2.4163e-11 3.0793e-11 3.6213e-11 3.7976e-11 2.5197e-11 3.4559e-11 2.5645e-11 3.7319e-11 3.482e-11 3.3491e-11 3.4098e-11 2.9165e-11 3.0443e-11 3.9461e-11 3.0331e-11 3.2394e-11 3.3821e-11 3.2072e-11 2.7281e-11 3.3757e-11 3.0808e-11 3.1154e-11 2.9896e-11 2.8519e-11 2.7668e-11 2.8106e-11 2.9287e-11 2.6124e-11 2.4286e-11 2.3021e-11 2.0453e-11 2.2341e-11 2.277e-11 2.1091e-11 2.1428e-11 2.238e-11 1.1319e-11 1.8921e-11 1.7361e-11 1.6275e-11 1.7551e-11 1.5115e-11 1.5495e-11 1.3042e-11 1.8559e-11 1.4534e-11 1.289e-11 1.1138e-11 1.44e-11 1.0298e-11 2.3603e-12 1.0654e-11 6.9087e-12 1.3306e-11 5.9476e-12 4.2188e-12 8.1512e-12 3.4581e-12 1.1589e-11 7.3235e-13 4.1681e-12 4.1654e-12 1.1275e-11 8.4867e-12 1.4793e-12 6.5077e-12 -2.8046e-12 5.8647e-12 2.3802e-12 5.7898e-12 3.7597e-12 3.6134e-12 6.5934e-12 4.3797e-13 2.1e-12 1.3776e-12 5.9664e-13 6.041e-12 3.7103e-12 4.6582e-12 3.3961e-12 5.1853e-12 8.9956e-14 1.8437e-12 4.428e-12 1.5725e-12 -2.2645e-13 2.7522e-12 1.238e-13 5.1851e-12 2.7213e-13 1.0941e-12 1.193e-12 4.1813e-12 4.7237e-12 9.4413e-13 5.8001e-12 6.5519e-12 9.9352e-14 8.9063e-13 6.0852e-12 -9.431e-13 -1.5447e-12 -1.3195e-12 1.1359e-12 1.6086e-12 7.2021e-14 -2.7743e-13 -8.9059e-13 9.6711e-14 8.545e-13 7.535e-13 -1.098e-14 1.0795e-13 -2.8358e-12 -1.8037e-12 -1.4954e-12 1.5642e-12 1.7949e-12 -1.7097e-13 9.3517e-13 -3.6065e-12 1.1106e-12 -5.2654e-13 -3.0669e-13 2.9179e-12 -9.92e-13 1.2771e-12 7.6199e-13 3.2183e-13 -1.4088e-12 -3.9561e-13 1.8289e-12 -1.9151e-12 -1.1871e-12 1.0476e-12 1.5635e-12 7.5146e-13 -9.9729e-13 -5.9077e-13 1.8956e-13 5.3027e-13 -4.3939e-13 -8.2104e-13 -6.3795e-14 -1.4211e-12 6.0981e-13 1.0863e-12 5.9652e-13 1.5948e-12 -2.3292e-14 -8.4988e-13 1.4019e-13 1.1266e-13 4.6411e-13 -3.9211e-13 5.2766e-13 -7.1887e-13 3.2448e-13 2.169e-13 1.3486e-13
3.5765e-11 2.9748e-11 3.7723e-11 3.5682e-11 3.339e-11 3.5575e-11 4.4797e-11 3.708e-11 4.1555e-11 3.7928e-11 4.933e-11 3.7962e-11 3.9081e-11 3.3066e-11 3.2601e-11 3.7255e-11 3.7976e-11 5.5295e-11 3.5179e-11 4.3182e-11 2.9637e-11 4.3159e-11 4.1299e-11 4.1446e-11 4.3535e-11 3.7108e-11 3.8242e-11 4.7728e-11 3.9972e-11 3.7602e-11 4.0535e-11 3.8131e-11 3.4109e-11 4.1609e-11 3.7106e-11 4.1176e-11 4.1179e-11 3.6929e-11 3.6232e-11 3.5597e-11 3.89e-11 3.5484e-11 3.2799e-11 2.5938e-11 2.578e-11 2.8064e-11 2.776e-11 2.4744e-11 2.5353e-11 2.7577e-11 1.379e-11 2.1493e-11 2.1804e-11 1.5786e-11 1.9448e-11 2.0855e-11 1.9294e-11 2.0503e-11 2.3453e-11 1.5057e-11 1.3534e-11 1.2663e-11 1.8453e-11 1.3762e-11 4.1471e-12 1.1562e-11 9.5786e-12 1.5582e-11 1.0668e-11 5.5192e-12 8.6317e-12 5.4605e-12 1.9299e-11 1.7085e-12 6.0988e-12 4.6555e-12 1.3584e-11 1.2405e-11 -6.5829e-13 8.0282e-12 -2.946e-12 8.5837e-12 3.512e-12 8.0344e-12 5.0674e-12 2.3602e-12 6.4196e-12 -1.4381e-12 -2.6852e-13 3.7762e-12 1.3879e-12 3.9824e-12 5.0168e-12 6.355e-12 -1.072e-12 1.758e-12 -8.1997e-13 7.1578e-12 5.2938e-12 2.0163e-12 -3.1288e-12 6.1317e-12 1.8852e-12 5.2956e-12 4.1298e-13 5.1281e-12 2.8429e-12 3.6842e-12 5.0035e-12 -3.2042e-13 8.1046e-12 8.9478e-12 1.4597e-12 -1.0663e-12 7.9055e-12 8.0661e-13 -4.1882e-13 -1.0272e-12 1.435e-12 2.2162e-12 -1.2372e-12 2.6734e-12 -2.545e-12 1.7921e-12 1.8231e-12 -3.9882e-13 2.6688e-12 3.9047e-13 -2.3952e-12 -1.0869e-12 -2.4891e-12 2.0654e-12 2.4302e-12 -2.2809e-12 3.289e-13 -4.0634e-12 1.9029e-12 -7.425e-13 4.511e-13 1.1724e-12 9.3707e-13 -8.2215e-15 -6.7555e-13 2.0702e-12 -1.0361e-12 4.0138e-14 3.5708e-12 -1.8563e-12 -2.3716e-12 2.2934e-12 1.7346e-12 1.1517e-12 -1.3871e-12 -1.5463e-12 1.6598e-12 1.0884e-12 -2.3817e-12 -1.0795e-12 -5.1545e-13 -2.0864e-12 -1.815e-13 1.0904e-12 1.2538e-12 1.3727e-12 2.9934e-14 -7.7208e-13 3.7113e-13 5.2004e-13 1.6922e-13 -6.487e-13 4.9429e-13 -4.8134e-13 1.943e-13 1.34e-13 3.4611e-13
2.7663e-11 2.4749e-11 2.7566e-11 2.4669e-11 2.4415e-11 2.6904e-11 3.0653e-11 2.5419e-11 2.962e-11 2.7322e-11 3.4088e-11 2.6331e-11 2.7806e-11 2.3122e-11 2.1249e-11 2.5765e-11 2.5197e-11 3.5179e-11 3.2264e-11 2.956e-11 2.258e-11 3.0468e-11 3.0052e-11 3.0177e-11 3.1383e-11 2.4882e-11 2.563e-11 3.236e-11 2.7505e-11 2.5579e-11 2.974e-11 2.769e-11 2.2372e-11 3.1788e-11 2.6202e-11 3.0757e-11 3.041e-11 2.3825e-11 2.5653e-11 2.6492e-11 2.8084e-11 2.7505e-11 2.3103e-11 2.32e-11 1.7256e-11 1.7633e-11 2.1505e-11 1.7664e-11 2.057e-11 2.0155e-11 1.3882e-11 1.7094e-11 1.471e-11 1.3068e-11 1.2427e-11 1.5572e-11 1.083e-11 1.3595e-11 1.5004e-11 1.0769e-11 1.1047e-11 1.0273e-11 1.4064e-11 6.2827e-12 3.0839e-12 7.0182e-12 8.9759e-12 9.5894e-12 9.0835e-12 4.144e-12 4.3394e-12 3.1008e-12 1.2371e-11 7.2918e-13 7.2628e-12 1.872e-12 9.0733e-12 7.3066e-12 2.2975e-12 4.4048e-12 1.7429e-12 6.5951e-12 5.6385e-12 7.2316e-12 5.9462e-12 3.8956e-13 3.7649e-12 4.1215e-13 5.6069e-13 2.212e-12 1.342e-12 1.2552e-12 3.1989e-12 5.5461e-12 -1.5157e-12 1.4555e-12 -2.6298e-12 4.4953e-12 2.5331e-12 3.7346e-12 -9.7134e-13 4.0853e-12 4.6002e-13 3.9532e-12 2.2117e-12 1.4261e-12 3.8043e-12 3.2428e-12 4.5855e-12 3.6826e-13 5.7084e-12 7.3336e-12 -3.5504e-14 -7.3229e-13 4.4372e-12 1.5153e-12 3.6986e-13 -2.7673e-13 -1.1673e-12 1.6704e-12 -1.2904e-13 1.6557e-12 -2.2602e-12 -2.5042e-13 -5.6134e-13 7.3838e-13 1.8203e-12 1.1125e-12 -2.3039e-12 1.9049e-13 -2.1926e-12 1.7091e-12 2.5542e-12 -1.8074e-12 1.8281e-12 -2.0681e-12 1.5672e-12 1.3064e-12 -5.9438e-13 4.2684e-12 1.0593e-12 -5.4067e-13 2.1187e-13 1.7533e-12 -8.5851e-13 -2.8055e-14 8.3255e-13 -2.43e-12 -6.2749e-13 1.0907e-12 1.0638e-12 1.2913e-12 -6.8831e-13 -2.1883e-12 1.7961e-12 -9.749e-14 -1.3993e-12 1.7372e-13 -2.8754e-13 -1.4099e-13 -7.7916e-13 5.4094e-13 3.0364e-13 1.234e-12 -2.4696e-13 -7.7254e-13 1.4147e-13 1.1486e-12 -2.2734e-13 -6.8792e-13 3.7324e-13 -1.8572e-13 1.9806e-13 8.5124e-14 1.771e-13
3.3591e-11 3.0222e-11 3.4163e-11 3.1453e-11 2.9719e-11 3.5738e-11 4.0576e-11 3.2306e-11 3.8559e-11 3.2501e-11 4.4207e-11 3.7524e-11 3.5434e-11 3.1991e-11 3.2662e-11 3.4251e-11 3.4559e-11 4.3182e-11 2.956e-11 4.9283e-11 2.8275e-11 4.1955e-11 3.5923e-11 3.8448e-11 4.0321e-11 3.5376e-11 3.6589e-11 4.5657e-11 3.7996e-11 3.2579e-11 4.0119e-11 3.6785e-11 3.0814e-11 3.8919e-11 3.5492e-11 3.6424e-11 3.652e-11 3.7376e-11 2.9816e-11 3.3204e-11 3.3272e-11 2.9101e-11 2.9501e-11 2.503e-11 2.3709e-11 2.7067e-11 3.1194e-11 2.5415e-11 2.2801e-11 2.3764e-11 1.2544e-11 2.0713e-11 2.1673e-11 1.4175e-11 2.0089e-11 1.8648e-11 1.8243e-11 1.5512e-11 2.1328e-11 1.8821e-11 1.5571e-11 1.4335e-11 1.7174e-11 8.8357e-12 6.3234e-12 8.6213e-12 1.1319e-11 1.3794e-11 1.4396e-11 6.395e-12 1.3051e-11 2.7321e-12 1.5856e-11 -7.0867e-13 7.5092e-12 5.306e-12 1.1122e-11 5.0588e-12 -3.473e-13 9.6275e-12 1.7931e-13 1.0654e-11 3.3272e-12 8.5255e-12 3.0703e-12 2.8518e-12 5.8568e-12 -4.5417e-13 1.4948e-12 8.0825e-13 2.8743e-14 5.8326e-12 2.427e-12 8.4269e-12 1.3696e-12 2.4294e-12 -9.6323e-13 5.1594e-12 6.9072e-12 1.7276e-12 3.8743e-14 4.7072e-12 2.2538e-12 4.1517e-12 -1.6229e-12 4.3341e-12 2.5062e-13 1.6447e-12 3.0536e-12 1.6236e-12 7.2302e-12 4.8873e-12 9.9782e-13 -2.5549e-13 6.5062e-12 2.7662e-12 -2.3328e-12 -2.5507e-12 -1.5337e-12 2.9083e-12 -1.077e-12 2.007e-12 -1.9208e-12 1.1575e-12 9.8981e-14 -6.9664e-13 -1.4846e-12 1.1949e-14 -3.1266e-12 -2.1506e-12 -2.0473e-12 1.7449e-12 2.8825e-12 -3.7409e-12 2.144e-12 -3.9075e-12 2.9606e-12 5.3584e-13 -5.2956e-13 1.9352e-12 -1.1354e-12 4.3603e-13 9.8797e-13 1.5429e-12 5.9499e-13 -1.3206e-12 2.8338e-12 -1.9027e-12 -2.7067e-12 2.8747e-12 1.0713e-12 1.8148e-12 -4.8009e-13 -9.4564e-13 -5.452e-13 7.04e-13 -9.6917e-13 2.4894e-13 -6.7398e-13 -1.461e-12 4.0578e-13 1.2323e-12 5.0386e-13 1.2483e-12 -5.2595e-13 -6.9088e-13 4.9993e-13 -1.5256e-13 2.7142e-13 -5.3121e-13 3.2723e-13 -3.7604e-13 2.0546e-13 2.6397e-13 3.0651e-13
