1.1961e-10 1.0828e-10 1.0777e-10 9.8666e-11 1.0102e-10 9.2799e-11 1.1087e-10 8.9694e-11 1.0783e-10 7.9602e-11 9.2277e-11 9.8492e-11 8.1901e-11 7.5408e-11 6.8543e-11 7.5463e-11 6.861e-11 8.8981e-11 5.9474e-11 6.1584e-11 5.716e-11 6.3081e-11 4.5975e-11 5.7284e-11 6.8505e-11 4.6112e-11 4.4851e-11 5.988e-11 3.6839e-11 4.5159e-11 4.8719e-11 3.1086e-11 3.9045e-11 3.7945e-11 3.4674e-11 3.9276e-11 2.2654e-11 2.8279e-11 1.8115e-11 1.342e-11 2.2994e-11 1.2965e-11 1.3131e-11 9.3452e-12 9.7363e-12 3.4593e-12 8.7982e-12 -1.145e-11 3.3658e-12 -3.6198e-12 -1.8488e-14 -6.113e-12 -7.6615e-13 -9.5118e-12 1.9648e-12 -4.2465e-12 -7.3287e-12 -1.0556e-11 -8.3406e-12 -5.7977e-12 -1.1208e-12 2.3624e-12 -4.4025e-12 -6.7285e-12 2.0373e-12 -2.1379e-13 -5.691e-12 -9.3299e-12 -1.0245e-11 2.4561e-12 -5.9144e-12 -9.042e-12 -1.3852e-12 -1.3069e-11 -4.2915e-12 -1.0871e-11 -3.568e-12 -1.787e-12 7.1243e-12 -1.3213e-12 2.0409e-12 -4.9404e-12 3.1841e-12 -4.2004e-12 3.9572e-12 -1.0656e-12 -5.6197e-12 -2.7838e-12 -1.1996e-12 8.0757e-13 1.1893e-12 1.4744e-12 2.4769e-12 -3.0738e-12 -7.7292e-13 -7.4212e-12 8.7862e-13 1.5829e-12 -4.275e-12 2.3954e-12 -4.0459e-13 1.0159e-12 -9.5814e-13 -3.0729e-12 6.2314e-13 1.3109e-12 -4.3717e-13 5.6277e-13 1.5963e-14 3.5012e-13 -1.5466e-13 -9.0569e-14 1.8585e-15 7.441e-14 0
1.0828e-10 1.2481e-10 1.0983e-10 1.0204e-10 1.037e-10 9.4518e-11 1.0984e-10 8.6499e-11 1.0947e-10 7.4726e-11 9.5311e-11 1.0088e-10 8.3312e-11 8.1313e-11 6.4669e-11 7.3854e-11 6.9519e-11 8.5513e-11 5.6348e-11 5.996e-11 5.6952e-11 7.3304e-11 5.0916e-11 5.9832e-11 6.6951e-11 5.0487e-11 4.9289e-11 5.7475e-11 3.7494e-11 4.5071e-11 4.6425e-11 2.5759e-11 3.839e-11 4.0559e-11 2.694e-11 4.1406e-11 2.0452e-11 2.9115e-11 2.1951e-11 2.1318e-11 2.8886e-11 1.1166e-11 1.1109e-11 1.4461e-11 4.1709e-12 1.767e-12 7.6949e-12 -7.2883e-12 1.845e-12 5.665e-13 1.1145e-12 -6.4351e-12 -4.1633e-12 -9.4426e-12 8.1181e-13 -3.4834e-12 -7.8682e-12 -9.11e-12 -1.0799e-11 -6.1725e-12 -3.1802e-13 -1.1123e-13 -5.8436e-12 -7.8205e-12 6.693e-12 5.1784e-12 -5.4129e-12 -8.1687e-12 -8.8985e-12 -2.4344e-12 -5.319e-12 -6.6587e-12 -3.5005e-12 -1.2378e-11 -2.8958e-12 -9.7543e-12 2.0401e-13 -5.6726e-13 4.9021e-12 1.3597e-12 1.6155e-12 -5.7831e-12 2.0375e-12 -3.8287e-12 2.9473e-12 -1.9444e-12 -5.3189e-12 -2.7367e-12 -2.4937e-12 -5.2585e-13 3.843e-12 4.3863e-13 3.0959e-12 -3.475e-12 -4.3807e-13 -7.5781e-12 1.2155e-12 6.7075e-13 -5.3414e-12 1.6819e-12 -1.3631e-12 1.3726e-12 -7.614e-13 -2.3718e-12 7.7153e-13 1.5284e-12 1.1501e-14 4.5483e-13 1.963e-15 1.8985e-13 -8.8422e-14 -2.9935e-14 4.4359e-14 4.7297e-14 0
1.0777e-10 1.0983e-10 1.302e-10 9.9476e-11 1.0292e-10 9.3681e-11 1.1229e-10 8.9212e-11 1.0488e-10 7.7681e-11 9.6515e-11 9.9138e-11 8.0551e-11 7.5289e-11 7.1283e-11 7.6685e-11 7.4483e-11 8.9117e-11 5.7127e-11 5.9422e-11 5.7358e-11 6.9984e-11 4.4959e-11 5.6879e-11 6.7257e-11 4.7184e-11 4.5859e-11 5.8895e-11 3.3459e-11 4.8815e-11 5.1555e-11 2.5965e-11 3.1641e-11 4.0822e-11 2.7013e-11 3.6149e-11 2.3859e-11 2.885e-11 2.1162e-11 1.5543e-11 2.1039e-11 1.0769e-11 7.4144e-12 1.1252e-11 4.0372e-12 1.1515e-11 9.3349e-12 -3.0636e-12 9.8053e-12 -1.5261e-12 4.2171e-12 -6.9067e-12 -5.0509e-12 -1.0216e-11 1.9087e-12 -3.0167e-12 -7.1535e-12 -9.4258e-12 -1.3302e-11 -3.2303e-12 2.5346e-12 1.9095e-12 -5.6823e-12 -9.5471e-12 5.8273e-12 7.1255e-12 -5.1771e-12 -7.6983e-12 -9.5254e-12 2.3689e-13 -8.3749e-12 -1.1433e-11 -2.8719e-12 -1.3057e-11 -1.6e-12 -8.0317e-12 -9.7861e-13 9.2308e-13 6.9961e-12 1.7595e-12 2.7286e-12 -6.5861e-12 1.169e-12 -2.0033e-12 6.4302e-12 -2.6619e-12 -6.6685e-12 -3.331e-12 -1.5372e-12 -1.2757e-12 1.8518e-12 2.0812e-12 4.6043e-12 -1.7598e-12 2.3878e-14 -7.9247e-12 8.9386e-13 2.2805e-12 -4.3165e-12 3.3497e-12 -1.4741e-12 1.2986e-12 -1.8287e-12 -2.2711e-12 1.0173e-12 9.5507e-13 -2.3268e-13 2.6044e-13 1.1317e-13 1.4878e-13 -2.6931e-13 -1.2309e-13 -5.5648e-14 4.84e-14 0
9.8666e-11 1.0204e-10 9.9476e-11 1.0744e-10 9.2865e-11 8.4297e-11 1.0353e-10 8.2846e-11 9.8414e-11 6.8962e-11 8.6714e-11 9.5657e-11 7.8082e-11 7.5736e-11 6.3284e-11 6.6644e-11 6.1566e-11 8.0582e-11 5.2088e-11 5.3065e-11 5.1292e-11 6.0942e-11 4.6539e-11 5.4051e-11 5.31e-11 4.8761e-11 4.1111e-11 5.4556e-11 3.3957e-11 4.486e-11 4.8114e-11 2.5362e-11 3.2651e-11 4.0091e-11 2.5544e-11 3.6295e-11 2.2629e-11 3.1217e-11 2.0064e-11 1.7286e-11 2.6172e-11 9.7174e-12 1.0242e-11 9.41e-12 4.2129e-12 4.9815e-12 9.9368e-12 -1.0382e-11 4.3858e-12 -4.1342e-12 3.8859e-13 -6.4759e-12 -2.6924e-12 -1.3148e-12 4.3677e-12 -5.6353e-12 -6.3895e-12 -5.9448e-12 -1.0936e-11 -5.5797e-12 -1.3259e-12 1.6813e-12 -7.857e-12 -5.4083e-12 3.5478e-12 4.5132e-12 -2.9219e-12 -5.7446e-12 -8.0752e-12 -9.5537e-14 -6.1445e-12 -9.0146e-12 -1.0298e-12 -1.1508e-11 -6.5299e-14 -1.2061e-11 -5.5379e-13 -1.2029e-12 5.5718e-12 -1.2103e-13 2.675e-14 -6.0035e-12 -1.0872e-12 -2.0986e-12 8.1097e-12 9.0478e-13 -6.4975e-12 -2.8504e-12 -9.6773e-13 -2.0068e-12 3.6146e-12 1.123e-12 3.8126e-12 -1.9686e-12 1.175e-14 -8.2138e-12 4.6147e-14 2.3317e-12 -3.3535e-12 1.1049e-12 -1.8836e-12 4.6522e-13 -8.8158e-13 -1.8976e-12 5.5116e-13 9.4517e-13 -3.3221e-13 1.6124e-13 1.5708e-13 3.1442e-14 6.6984e-14 -8.8104e-14 -2.1777e-14 5.6929e-14 0
1.0102e-10 1.037e-10 1.0292e-10 9.2865e-11 1.0876e-10 8.4696e-11 1.0797e-10 7.9254e-11 1.0221e-10 6.9587e-11 8.7814e-11 9.4104e-11 7.7763e-11 7.3541e-11 6.5066e-11 6.9614e-11 6.8744e-11 8.3596e-11 5.3245e-11 5.3405e-11 5.3232e-11 6.2975e-11 4.4107e-11 5.5899e-11 6.3116e-11 4.6035e-11 4.4828e-11 5.3409e-11 3.1262e-11 4.0106e-11 4.9178e-11 2.7888e-11 3.3273e-11 3.4493e-11 2.9446e-11 3.8754e-11 1.6917e-11 2.9178e-11 2.2878e-11 1.8603e-11 2.4602e-11 8.6848e-12 7.3736e-12 1.547e-11 5.6786e-12 5.1286e-12 7.9571e-12 -1.1027e-11 4.4292e-13 -6.267e-12 6.0251e-13 -5.726e-12 -2.9289e-12 -6.4475e-12 5.1086e-13 -6.0366e-12 -9.2464e-12 -1.0158e-11 -1.3783e-11 -4.1553e-12 2.473e-12 -2.0586e-12 -1.3826e-12 -8.0987e-12 5.7552e-12 6.3555e-12 -4.6974e-12 -6.746e-12 -7.5381e-12 2.0501e-12 -6.4927e-12 -1.0277e-11 -1.9698e-12 -1.0289e-11 -2.8009e-12 -1.0453e-11 1.5632e-13 9.9271e-13 5.7609e-12 4.4115e-13 2.4885e-12 -6.1157e-12 2.5838e-12 -2.0808e-12 4.1904e-12 -1.8844e-12 -3.444e-12 -2.8747e-12 -3.3978e-13 -1.2732e-12 2.3139e-12 1.5792e-12 1.7164e-12 -7.832e-13 -7.9765e-13 -5.9801e-12 4.7591e-13 1.1746e-12 -4.2535e-12 5.8876e-14 -1.7261e-12 9.6442e-13 -1.5597e-12 -2.0416e-12 4.6484e-13 1.0336e-12 6.3115e-13 8.9436e-14 2.0293e-13 1.7621e-13 -8.2074e-14 -5.703e-14 -7.4469e-14 1.0656e-14 0
9.2799e-11 9.4518e-11 9.3681e-11 8.4297e-11 8.4696e-11 9.5345e-11 9.3445e-11 7.1368e-11 8.8189e-11 6.6352e-11 8.0289e-11 8.6479e-11 7.31e-11 7.0315e-11 5.8776e-11 6.0067e-11 5.8448e-11 7.7887e-11 4.9924e-11 5.419e-11 4.5805e-11 6.4381e-11 3.853e-11 4.8555e-11 5.7335e-11 4.3815e-11 4.2075e-11 4.8415e-11 2.7185e-11 4.0763e-11 4.1042e-11 2.5324e-11 2.5684e-11 2.9863e-11 2.7362e-11 3.4744e-11 2.1396e-11 2.6617e-11 2.207e-11 1.6806e-11 2.4353e-11 1.2925e-11 8.1456e-12 5.9693e-12 8.1135e-12 3.658e-12 8.0786e-12 -8.0997e-12 6.547e-12 7.7959e-13 7.8482e-13 -5.1551e-12 -3.1357e-12 -1.0717e-11 3.2114e-12 1.2825e-12 -7.8319e-12 -6.6182e-12 -6.1621e-12 -2.0704e-13 3.2102e-13 -4.3322e-13 -6.755e-12 -8.6706e-12 2.1312e-12 1.047e-12 -2.7204e-12 -5.4178e-12 -5.8685e-12 1.5882e-12 -3.9797e-12 -6.9565e-12 -4.9443e-12 -8.0875e-12 -3.0275e-12 -9.8422e-12 -9.4303e-13 -8.8919e-13 9.381e-12 1.2381e-12 3.1029e-12 -5.3363e-12 -1.8413e-13 -7.2925e-13 2.5487e-12 -1.2248e-12 -6.9772e-12 -2.4705e-12 -2.7165e-12 -1.9032e-12 2.7451e-12 1.8576e-12 3.061e-12 -3.542e-12 -1.0482e-12 -5.9338e-12 8.7898e-13 1.3737e-12 -2.9155e-12 1.8656e-12 4.3252e-13 1.2077e-12 -1.7082e-12 -8.2992e-13 -1.8234e-13 1.6222e-12 -5.8804e-13 4.2474e-13 7.5711e-15 1.1967e-13 -1.5007e-13 -1.1338e-13 3.0161e-14 7.2635e-15 0
1.1087e-10 1.0984e-10 1.1229e-10 1.0353e-10 1.0797e-10 9.3445e-11 1.3201e-10 8.5939e-11 1.0777e-10 7.3047e-11 9.8962e-11 9.6598e-11 8.7057e-11 8.347e-11 7.3512e-11 7.6589e-11 7.6707e-11 9.5524e-11 5.4324e-11 5.9013e-11 5.899e-11 6.7237e-11 4.8625e-11 5.8846e-11 6.7061e-11 5.1475e-11 4.7036e-11 6.0707e-11 3.4128e-11 4.5204e-11 5.5244e-11 2.8949e-11 4.1212e-11 3.9898e-11 2.9378e-11 3.9388e-11 2.9238e-11 2.946e-11 2.2112e-11 1.7237e-11 2.4889e-11 1.3384e-11 1.2791e-11 1.1082e-11 4.1474e-12 4.5903e-12 7.1548e-12 -1.3373e-11 1.8465e-13 -6.3098e-12 -5.8114e-13 -6.6443e-12 -6.2946e-12 -5.7915e-12 3.1037e-12 -8.1218e-12 -1.3795e-11 -1.0726e-11 -1.122e-11 -3.4488e-12 -8.2404e-13 -1.4339e-12 -1.8927e-12 -1.0767e-11 4.6315e-12 6.5291e-12 -9.7377e-12 -1.0773e-11 -9.6979e-12 1.8412e-12 -8.0743e-12 -8.6859e-12 -5.381e-14 -1.1582e-11 -2.7276e-12 -9.4153e-12 3.3457e-13 4.7148e-13 4.8174e-12 1.3186e-12 2.141e-12 -8.0523e-12 2.1213e-12 -3.0002e-12 5.5877e-12 -8.4775e-13 -5.9761e-12 -2.2261e-12 -2.3819e-12 -1.7647e-13 3.4899e-12 4.9434e-12 2.4165e-12 -1.4376e-12 -9.9047e-13 -5.8552e-12 1.8037e-13 1.059e-12 -4.2405e-12 8.5787e-13 -2.028e-12 1.1189e-12 -1.7373e-12 -2.3305e-12 1.3826e-12 1.3168e-12 6.3574e-13 6.1926e-14 1.6441e-13 1.6792e-13 -6.554e-14 -1.4859e-13 -1.5639e-13 4.785e-14 0
8.9694e-11 8.6499e-11 8.9212e-11 8.2846e-11 7.9254e-11 7.1368e-11 8.5939e-11 8.9014e-11 8.4579e-11 6.2375e-11 7.8727e-11 7.872e-11 6.5165e-11 6.4658e-11 5.5404e-11 5.7868e-11 5.8308e-11 6.8961e-11 4.8022e-11 4.8271e-11 4.5011e-11 4.9788e-11 3.9599e-11 4.8887e-11 5.1511e-11 3.949e-11 3.9325e-11 5.0979e-11 2.6277e-11 4.0547e-11 3.8455e-11 2.1115e-11 3.0211e-11 3.6923e-11 2.6967e-11 3.3612e-11 1.7864e-11 2.1179e-11 1.6032e-11 1.651e-11 1.6581e-11 7.2881e-12 8.8764e-12 7.4107e-12 5.2889e-12 2.6421e-12 8.1163e-12 -6.6119e-12 8.7552e-12 3.4637e-12 3.1162e-12 -3.0802e-12 -1.2955e-12 -1.1635e-12 -6.8507e-13 -3.6927e-12 -5.2934e-12 -3.8884e-12 -6.6858e-12 -7.3972e-12 -3.6089e-12 3.5854e-12 -3.3146e-12 -5.9523e-12 1.3729e-12 -8.2061e-13 -3.2735e-12 -4.7177e-12 -7.1554e-12 3.2649e-12 -3.5417e-12 -8.3769e-12 2.4048e-13 -1.1513e-11 4.6921e-13 -4.4401e-12 -1.5593e-12 -3.2913e-12 6.6191e-12 -4.291e-13 3.432e-12 -4.2857e-12 1.6251e-12 -1.0517e-12 7.7582e-12 6.1017e-13 -2.8068e-12 -1.2814e-12 -1.0081e-12 -7.504e-13 2.3245e-12 1.5938e-12 3.304e-12 -4.1973e-12 1.4829e-13 -5.7624e-12 -2.908e-13 2.601e-12 -3.496e-12 -3.6201e-14 -5.4239e-13 -2.1304e-13 6.9419e-14 -1.8724e-12 9.6379e-13 1.4134e-12 -3.6258e-13 4.4201e-13 -4.8165e-14 2.5228e-13 -2.0643e-14 -1.0533e-13 -6.9284e-14 6.6709e-14 0
1.0783e-10 1.0947e-10 1.0488e-10 9.8414e-11 1.0221e-10 8.8189e-11 1.0777e-10 8.4579e-11 1.1525e-10 7.3452e-11 9.5416e-11 9.3691e-11 7.9361e-11 7.9737e-11 6.7793e-11 7.4623e-11 7.0726e-11 8.6468e-11 5.2364e-11 5.8423e-11 5.4701e-11 6.2971e-11 4.522e-11 5.9009e-11 6.5747e-11 4.5843e-11 4.1996e-11 5.4072e-11 3.6548e-11 3.9913e-11 5.1282e-11 2.3839e-11 3.3289e-11 3.5564e-11 2.8536e-11 3.8916e-11 1.8617e-11 2.6879e-11 2.4186e-11 1.7359e-11 2.3528e-11 1.3703e-11 1.1344e-11 1.3976e-11 6.7326e-12 2.5072e-12 9.5335e-12 -7.5394e-12 7.2116e-13 -3.4101e-12 -7.7017e-13 -3.707e-12 4.0586e-13 -4.3104e-12 3.1071e-12 -4.9246e-12 -7.0883e-12 -9.294e-12 -7.1862e-12 -3.8671e-12 2.5036e-13 1.7443e-12 -2.2953e-12 -4.052e-12 5.6228e-12 2.7972e-13 -6.4573e-12 -7.3859e-12 -9.2444e-12 2.3156e-13 -5.7429e-12 -9.8702e-12 -5.8962e-12 -1.2381e-11 -7.7344e-13 -1.1069e-11 -1.635e-13 -2.2534e-13 7.4406e-12 4.2149e-13 7.5203e-13 -5.4718e-12 8.6735e-13 -1.4661e-12 4.2563e-12 -2.2759e-12 -4.9549e-12 -5.0529e-12 -2.9847e-12 -1.5235e-12 1.9083e-12 1.3605e-12 1.8412e-12 -1.2801e-12 -4.3847e-13 -5.8828e-12 1.0031e-12 4.0952e-13 -5.0685e-12 1.0977e-12 -1.5994e-12 1.2187e-12 -1.1296e-12 -3.1425e-12 4.0018e-13 1.2699e-12 1.91e-13 1.5337e-13 3.6883e-14 2.032e-13 -1.7675e-13 -4.9859e-14 1.0587e-14 2.8511e-14 0
7.9602e-11 7.4726e-11 7.7681e-11 6.8962e-11 6.9587e-11 6.6352e-11 7.3047e-11 6.2375e-11 7.3452e-11 7.5745e-11 6.5231e-11 6.8236e-11 6.4424e-11 4.4988e-11 5.1254e-11 5.1221e-11 4.7293e-11 6.1506e-11 3.8852e-11 4.3639e-11 4.1852e-11 4.8103e-11 3.2952e-11 3.7136e-11 4.807e-11 3.2916e-11 3.4311e-11 4.1991e-11 2.6535e-11 3.3741e-11 2.9097e-11 2.1008e-11 2.3474e-11 3.0192e-11 2.5107e-11 2.4122e-11 2.2898e-11 2.5108e-11 1.5149e-11 7.2571e-12 1.1505e-11 1.1385e-11 6.5794e-12 4.7474e-12 8.9521e-12 4.8708e-12 5.9065e-12 -5.1363e-12 4.2001e-12 -6.3843e-12 -2.3649e-12 -1.1564e-12 -5.2432e-12 -3.4932e-12 -9.0543e-13 -1.1226e-12 -5.1694e-12 -6.2689e-12 -4.4964e-12 -3.3786e-12 -5.6667e-13 2.9613e-12 -5.213e-12 -3.4549e-12 2.1594e-12 -1.2697e-12 -1.7148e-12 -6.6325e-12 -7.4686e-12 3.464e-13 -2.7938e-12 -9.386e-12 -2.8557e-12 -9.4263e-12 -2.9172e-12 -8.4349e-12 1.5703e-12 -2.365e-12 3.8275e-12 -3.5991e-16 2.7214e-13 -4.6364e-12 1.3579e-12 -1.7599e-12 1.2784e-12 1.0175e-13 -3.2741e-12 -2.6876e-12 -2.4301e-12 -5.4905e-13 6.0118e-13 -5.4887e-13 3.6034e-12 -1.1777e-12 -5.3401e-13 -3.2852e-12 3.1016e-13 1.4489e-12 -2.3802e-12 1.3772e-12 -1.1726e-12 9.3283e-13 -7.3246e-13 -1.9353e-12 1.0024e-12 1.3582e-12 -9.1783e-14 3.8817e-13 2.5135e-13 3.1692e-13 -2.6822e-13 -1.6596e-13 -6.2643e-14 5.4796e-14 0
9.2277e-11 9.5311e-11 9.6515e-11 8.6714e-11 8.7814e-11 8.0289e-11 9.8962e-11 7.8727e-11 9.5416e-11 6.5231e-11 9.6073e-11 8.4427e-11 7.4151e-11 6.9502e-11 5.9176e-11 6.2974e-11 6.4865e-11 7.9709e-11 4.4637e-11 5.5834e-11 4.6867e-11 5.5786e-11 3.8419e-11 5.111e-11 5.5858e-11 4.0749e-11 4.148e-11 5.0838e-11 3.4159e-11 3.6741e-11 4.4558e-11 2.6238e-11 2.9618e-11 3.7939e-11 2.9127e-11 3.4704e-11 1.8317e-11 2.8074e-11 2.0921e-11 1.8829e-11 2.3229e-11 1.1757e-11 1.0202e-11 1.4283e-11 6.6956e-12 3.8764e-12 8.3058e-12 -7.6092e-12 3.2622e-12 -2.0644e-12 2.2731e-12 -2.3931e-12 -2.4313e-12 -2.9393e-12 3.1744e-12 -5.4222e-12 -7.4011e-12 -7.536e-12 -8.1669e-12 -6.2958e-12 -2.8463e-12 8.4674e-13 -2.6615e-13 -8.7661e-12 6.357e-12 1.1445e-12 -2.5538e-12 -6.8491e-12 -9.0314e-12 -5.1097e-13 -2.0081e-12 -7.9359e-12 -3.504e-12 -1.0397e-11 2.2498e-13 -9.8208e-12 -7.5925e-14 1.1816e-12 4.3302e-12 1.8873e-12 2.2297e-12 -6.3068e-12 -7.6738e-13 -1.1781e-12 5.9263e-12 4.1739e-13 -5.3576e-12 -2.7438e-12 -2.5679e-12 2.7936e-13 3.6498e-12 2.3332e-12 1.9544e-12 -3.8498e-12 -3.7617e-13 -5.8934e-12 7.1857e-14 6.4531e-13 -3.8744e-12 1.177e-12 -1.9395e-12 -3.0043e-13 -9.444e-13 -2.1741e-12 6.8635e-13 1.8233e-12 2.3287e-13 8.0135e-14 4.9515e-14 2.638e-13 -1.8937e-13 -5.0304e-14 -5.7462e-14 7.5956e-14 0
9.8492e-11 1.0088e-10 9.9138e-11 9.5657e-11 9.4104e-11 8.6479e-11 9.6598e-11 7.872e-11 9.3691e-11 6.8236e-11 8.4427e-11 1.0677e-10 7.3369e-11 6.917e-11 5.4947e-11 6.1062e-11 6.304e-11 8.1713e-11 5.4161e-11 5.2885e-11 5.0256e-11 6.326e-11 4.2566e-11 5.6842e-11 5.3855e-11 4.59e-11 4.4207e-11 5.3559e-11 3.7572e-11 4.4891e-11 4.1285e-11 2.9846e-11 3.0119e-11 3.574e-11 2.767e-11 3.4137e-11 1.4142e-11 3.1099e-11 1.6687e-11 2.0543e-11 2.6881e-11 9.2085e-12 1.0189e-11 1.2768e-11 5.559e-12 5.8734e-12 9.0792e-12 -1.1156e-11 2.5536e-12 -1.0837e-12 2.0402e-12 -8.4366e-12 -1.3109e-12 -8.503e-12 5.8999e-12 -2.7825e-12 -8.0492e-12 -6.599e-12 -1.2505e-11 -8.4387e-12 -1.1606e-12 3.9615e-13 -2.3026e-12 -7.7552e-12 5.4937e-12 3.2455e-12 -5.0401e-12 -4.0939e-12 -6.235e-12 1.825e-13 -5.9832e-12 -9.0015e-12 -2.5874e-12 -8.9054e-12 -2.0063e-12 -1.395e-11 5.0663e-13 1.1917e-13 6.453e-12 1.6277e-13 1.8864e-13 -4.7878e-12 -2.4563e-12 -2.1451e-12 4.6247e-12 -1.4698e-12 -3.7172e-12 -5.307e-13 -1.5807e-12 -9.1902e-13 2.786e-12 -1.5987e-13 2.1932e-12 -2.5176e-12 -1.3567e-12 -7.2972e-12 1.4233e-12 1.7164e-12 -3.3115e-12 1.497e-12 -1.2325e-12 2.6444e-13 -1.0461e-12 -1.4653e-12 7.4983e-13 1.3615e-12 -5.8154e-13 1.1476e-13 -1.0611e-13 9.4523e-14 6.5107e-15 4.4732e-14 1.1828e-14 3.6008e-14 0
8.1901e-11 8.3312e-11 8.0551e-11 7.8082e-11 7.7763e-11 7.31e-11 8.7057e-11 6.5165e-11 7.9361e-11 6.4424e-11 7.4151e-11 7.3369e-11 9.2335e-11 6.2178e-11 5.9542e-11 5.2277e-11 5.9115e-11 6.8471e-11 4.4718e-11 4.8347e-11 3.9377e-11 5.5811e-11 3.601e-11 4.1559e-11 5.2532e-11 3.2913e-11 3.761e-11 4.6318e-11 2.5782e-11 3.655e-11 4.0044e-11 2.3062e-11 2.6042e-11 3.1719e-11 2.886e-11 2.5947e-11 1.8116e-11 2.663e-11 1.6161e-11 1.6418e-11 2.3391e-11 1.7195e-11 6.1025e-12 1.6342e-12 7.5911e-12 2.9629e-12 4.8296e-12 -1.0865e-11 4.6806e-12 -4.3943e-12 4.3829e-12 -6.3385e-12 -2.9973e-12 -1.775e-12 -2.017e-12 -5.6798e-12 -1.9227e-12 -8.2399e-12 -1.1886e-11 -3.6383e-12 -6.5645e-13 -3.1265e-13 -4.7325e-12 -4.7442e-12 2.7006e-13 3.1272e-12 -3.0612e-12 -9.6975e-12 -8.0807e-12 1.7278e-12 -2.7109e-12 -7.8605e-12 -4.3676e-12 -8.3354e-12 2.6516e-13 -9.8077e-12 -1.9609e-12 -3.6115e-12 1.4333e-12 -1.5127e-12 4.1276e-12 -4.2276e-12 1.7449e-13 -3.7313e-12 3.0074e-12 1.9644e-14 -4.7408e-12 -7.329e-13 -1.3999e-12 8.1587e-13 3.679e-12 3.0645e-12 3.1152e-12 5.9794e-14 6.4432e-13 -2.24e-12 -5.1466e-13 -5.6512e-13 -3.3679e-12 1.0712e-12 -2.2981e-12 1.4519e-13 7.0496e-14 -1.9947e-12 1.818e-13 1.5172e-12 3.4773e-13 1.0288e-13 2.493e-13 1.9775e-13 -1.1569e-13 -1.1207e-13 -5.6241e-14 7.4443e-14 0
7.5408e-11 8.1313e-11 7.5289e-11 7.5736e-11 7.3541e-11 7.0315e-11 8.347e-11 6.4658e-11 7.9737e-11 4.4988e-11 6.9502e-11 6.917e-11 6.2178e-11 8.1633e-11 5.0658e-11 5.7043e-11 4.9715e-11 6.5447e-11 4.4157e-11 4.4786e-11 3.6449e-11 5.1292e-11 4.3291e-11 4.4716e-11 4.3995e-11 3.8841e-11 3.2968e-11 3.7796e-11 2.3216e-11 3.424e-11 3.8523e-11 1.6304e-11 2.8606e-11 2.9904e-11 2.152e-11 2.9274e-11 1.7653e-11 2.2233e-11 2.2707e-11 1.746e-11 2.3245e-11 1.3124e-11 7.623e-12 9.4251e-12 5.3232e-12 -3.8248e-13 8.1204e-12 -9.0399e-12 2.5128e-12 4.6577e-12 2.7162e-12 -1.8034e-12 -9.2248e-14 -5.8589e-13 5.0919e-12 -6.8412e-12 -2.7333e-12 -5.5591e-12 -9.9213e-12 -2.0099e-12 -3.9288e-12 -1.3272e-12 -2.1286e-12 -2.7278e-12 1.4452e-12 1.4724e-12 -6.3179e-12 -4.0624e-12 -5.6656e-12 1.4765e-12 -1.7594e-12 -3.9975e-12 -1.6636e-12 -7.0604e-12 6.0515e-14 -5.8515e-12 4.1715e-13 -1.4054e-12 4.5768e-12 1.2736e-12 7.6506e-13 -3.9902e-12 -5.809e-13 -2.1304e-12 6.3881e-12 -9.6754e-13 -3.6737e-12 -2.1696e-12 -1.2303e-12 -1.1992e-12 2.22e-12 4.1422e-12 2.8289e-12 -2.7663e-12 3.3922e-13 -4.4853e-12 -4.3005e-13 6.062e-13 -2.7698e-12 4.9573e-13 -1.2445e-12 -1.9097e-13 -2.8288e-13 -1.4848e-12 5.923e-13 1.6623e-12 3.9673e-13 -7.5297e-14 -3.0701e-13 8.3416e-17 4.1931e-14 -2.9502e-14 7.0155e-14 4.9521e-14 0
6.8543e-11 6.4669e-11 7.1283e-11 6.3284e-11 6.5066e-11 5.8776e-11 7.3512e-11 5.5404e-11 6.7793e-11 5.1254e-11 5.9176e-11 5.4947e-11 5.9542e-11 5.0658e-11 6.0386e-11 4.9913e-11 4.8019e-11 5.4719e-11 3.2783e-11 3.3679e-11 3.4657e-11 3.9866e-11 2.4962e-11 3.3413e-11 4.2203e-11 3.0082e-11 2.5578e-11 3.1744e-11 1.6245e-11 2.4879e-11 3.3396e-11 1.4887e-11 2.1945e-11 2.7806e-11 2.024e-11 2.1254e-11 2.0684e-11 1.7944e-11 1.7512e-11 9.869e-12 1.3238e-11 1.3965e-11 4.1449e-12 6.9366e-12 2.9513e-12 4.6868e-12 5.7071e-12 -6.5195e-12 3.3637e-12 -3.9282e-12 -2.9894e-12 -4.8316e-12 -2.3052e-12 -3.8774e-12 -9.063e-13 -2.4643e-12 -1.7464e-12 -8.0545e-12 -8.3909e-12 -2.098e-14 6.4181e-14 2.607e-13 -6.7139e-12 -3.6808e-12 2.8028e-12 3.2012e-12 -2.6484e-12 -8.0966e-12 -8.6961e-12 3.5328e-12 -5.4026e-12 -9.2819e-12 -1.3081e-12 -7.5757e-12 5.5281e-13 -3.3085e-12 -1.7587e-12 -1.8172e-13 3.8025e-12 3.6435e-13 8.4942e-13 -3.1186e-12 2.4672e-12 -7.1731e-13 5.1087e-12 -5.7651e-13 -3.9898e-12 -5.2747e-13 -8.9685e-13 -3.3315e-12 -4.6387e-13 2.5924e-12 2.7656e-12 -5.9633e-13 -4.3927e-13 -2.388e-12 5.5109e-13 9.9078e-13 -2.8304e-12 7.8495e-13 -2.5924e-12 1.1361e-13 -1.0753e-12 -1.4643e-12 7.42e-13 7.34e-13 -5.7992e-14 3.3686e-13 2.313e-13 2.3756e-13 -1.8708e-13 -7.9526e-14 -1.1008e-13 3.7618e-14 0
7.5463e-11 7.3854e-11 7.6685e-11 6.6644e-11 6.9614e-11 6.0067e-11 7.6589e-11 5.7868e-11 7.4623e-11 5.1221e-11 6.2974e-11 6.1062e-11 5.2277e-11 5.7043e-11 4.9913e-11 6.3533e-11 4.9112e-11 6.0564e-11 3.5406e-11 4.2396e-11 3.7436e-11 4.3943e-11 3.8382e-11 3.4856e-11 4.5373e-11 3.4232e-11 2.769e-11 3.7078e-11 2.2681e-11 2.7091e-11 3.5535e-11 1.8427e-11 2.3632e-11 2.9003e-11 2.2906e-11 2.3501e-11 1.5827e-11 2.1286e-11 1.9704e-11 1.1058e-11 1.434e-11 1.0734e-11 6.1683e-12 8.5239e-12 4.7381e-12 4.1214e-12 3.4886e-12 -6.8372e-12 3.0975e-12 -1.5997e-12 -3.3076e-12 -3.7281e-12 3.5495e-13 -2.2033e-12 7.9255e-13 -4.2746e-12 -4.9714e-12 -8.6002e-12 -7.5594e-12 -1.3763e-12 1.8084e-12 -3.0128e-13 -3.593e-12 -2.1005e-12 3.2179e-12 3.5601e-12 -4.9957e-12 -6.7444e-12 -6.0365e-12 1.7952e-12 -2.7586e-12 -7.0785e-12 5.6095e-13 -7.1818e-12 -1.2872e-12 -5.2402e-12 4.9029e-13 3.2019e-13 5.6776e-12 -7.0748e-13 -4.3056e-14 -5.0829e-12 1.6402e-12 -3.5784e-12 6.232e-12 -1.1852e-12 -3.8149e-12 -1.3361e-12 -9.3045e-13 -2.3614e-12 -3.3693e-13 1.4832e-12 2.6753e-12 -2.0989e-12 -9.289e-14 -5.6052e-12 1.0453e-12 6.9409e-13 -3.1998e-12 1.933e-12 -1.35e-12 2.9029e-13 -2.7446e-13 -2.2816e-12 1.1139e-12 8.2989e-13 4.4734e-13 1.3009e-13 -5.7367e-14 1.3133e-13 -1.8424e-13 -4.3378e-14 -1.7586e-14 2.2968e-14 0
6.861e-11 6.9519e-11 7.4483e-11 6.1566e-11 6.8744e-11 5.8448e-11 7.6707e-11 5.8308e-11 7.0726e-11 4.7293e-11 6.4865e-11 6.304e-11 5.9115e-11 4.9715e-11 4.8019e-11 4.9112e-11 5.8925e-11 5.8963e-11 3.3785e-11 3.8805e-11 3.6986e-11 4.3006e-11 2.7011e-11 3.861e-11 4.7717e-11 3.2368e-11 3.0353e-11 3.7908e-11 2.1591e-11 2.7768e-11 3.4662e-11 1.6701e-11 2.0755e-11 2.6877e-11 1.9525e-11 2.253e-11 1.1927e-11 1.8965e-11 1.6696e-11 1.4759e-11 1.4729e-11 1.0581e-11 7.1374e-12 5.0503e-12 2.0217e-12 5.7927e-12 4.3717e-12 -4.8624e-12 3.1777e-12 -2.3076e-12 -1.1145e-12 -3.2761e-12 -1.4072e-12 -3.3159e-12 -5.443e-13 -1.4411e-12 -5.6976e-12 -7.3706e-12 -8.6735e-12 -4.9223e-12 8.3973e-13 6.1146e-13 -2.2377e-13 -4.8192e-12 4.1631e-12 2.6443e-12 -4.858e-12 -5.3904e-12 -5.5937e-12 6.8724e-13 -3.9347e-12 -7.4427e-12 -4.7502e-12 -5.695e-12 1.7891e-13 -6.3365e-12 1.4809e-13 -6.7038e-13 4.5785e-12 1.5011e-13 2.3538e-12 -3.7296e-12 9.5771e-13 -6.1966e-13 4.4398e-12 -1.4792e-12 -3.9366e-12 -1.4173e-12 -2.4667e-12 -7.192e-13 1.0241e-12 2.2401e-12 1.5392e-12 -2.5782e-13 -1.6252e-12 -3.4635e-12 6.6157e-14 2.0808e-13 -3.5237e-12 4.1088e-13 -1.0788e-12 5.7616e-13 -4.8567e-13 -1.3638e-12 4.8266e-13 8.0239e-13 3.7607e-13 1.4373e-14 6.1328e-14 1.8489e-13 -2.1324e-13 -1.4555e-14 -1.5765e-13 4.0767e-15 0
8.8981e-11 8.5513e-11 8.9117e-11 8.0582e-11 8.3596e-11 7.7887e-11 9.5524e-11 6.8961e-11 8.6468e-11 6.1506e-11 7.9709e-11 8.1713e-11 6.8471e-11 6.5447e-11 5.4719e-11 6.0564e-11 5.8963e-11 8.6262e-11 4.6563e-11 4.616e-11 5.1632e-11 5.547e-11 4.0994e-11 4.7243e-11 5.5313e-11 3.9132e-11 3.6853e-11 4.8059e-11 2.8153e-11 4.0911e-11 4.1083e-11 2.551e-11 2.9587e-11 3.2292e-11 2.6029e-11 3.0901e-11 2.0008e-11 2.3978e-11 2.2561e-11 1.6718e-11 2.286e-11 1.2182e-11 8.9041e-12 8.9836e-12 6.5911e-12 4.5801e-12 6.0796e-12 -8.1588e-12 1.3869e-12 -1.8343e-12 1.0877e-12 -6.2749e-12 -3.3043e-12 -5.9314e-12 5.172e-12 -4.9058e-12 -9.7372e-12 -6.7429e-12 -8.8069e-12 -3.8779e-12 -3.4519e-12 -2.2782e-12 -6.3522e-13 -6.4223e-12 3.6294e-12 1.5782e-12 -4.9145e-12 -7.299e-12 -5.6391e-12 1.827e-12 -4.5339e-12 -8.0461e-12 -2.264e-12 -9.1273e-12 1.3868e-13 -1.1851e-11 -8.0853e-14 1.683e-12 6.8252e-12 7.7715e-13 2.0767e-12 -4.9839e-12 -2.0448e-12 -1.3731e-12 2.55e-12 -3.0541e-13 -5.0729e-12 -2.1086e-12 -9.3609e-13 1.0315e-13 2.4676e-12 3.7656e-12 -1.3645e-13 -3.6334e-12 -4.6845e-13 -5.3523e-12 -3.0259e-13 -6.329e-14 -2.116e-12 1.4757e-12 -5.2546e-13 6.3932e-13 -9.249e-13 -1.7246e-12 5.6396e-13 1.4875e-12 -4.9186e-14 7.6107e-14 3.3144e-14 1.6834e-13 -1.4753e-13 -6.0557e-14 4.1103e-15 4.5499e-14 0
5.9474e-11 5.6348e-11 5.7127e-11 5.2088e-11 5.3245e-11 4.9924e-11 5.4324e-11 4.8022e-11 5.2364e-11 3.8852e-11 4.4637e-11 5.4161e-11 4.4718e-11 4.4157e-11 3.2783e-11 3.5406e-11 3.3785e-11 4.6563e-11 4.1315e-11 3.2277e-11 2.9033e-11 3.6227e-11 2.6981e-11 3.248e-11 3.6194e-11 2.3845e-11 2.4197e-11 3.3069e-11 1.6955e-11 2.7898e-11 2.4731e-11 1.5374e-11 1.737e-11 1.969e-11 1.9105e-11 2.1851e-11 7.5347e-12 1.5717e-11 8.557e-12 6.7196e-12 1.3951e-11 4.0115e-12 4.1542e-12 9.7327e-13 7.3074e-12 1.0085e-12 7.4942e-12 -6.9447e-12 4.2135e-12 1.6705e-12 5.4056e-12 -5.7176e-12 -3.1285e-12 -6.0587e-12 2.7928e-12 -3.4171e-12 -4.8275e-12 -4.9263e-12 -5.6346e-12 -4.3748e-12 -5.1899e-14 -2.9197e-14 -5.0858e-12 -3.5923e-12 -1.6903e-12 1.4971e-12 -3.3292e-12 -3.2065e-12 -2.7455e-12 5.055e-13 -2.3276e-12 -6.0257e-12 -8.1357e-13 -6.4291e-12 -1.6904e-12 -6.933e-12 -3.8163e-12 -3.5974e-12 3.3368e-12 -1.738e-12 1.9698e-12 -1.0696e-12 1.244e-12 -1.2782e-12 2.9285e-12 -8.0696e-13 -2.2733e-12 -1.1691e-12 1.3063e-12 6.6015e-13 3.6208e-13 1.0128e-12 7.3735e-13 -1.7608e-12 6.8696e-13 -4.5909e-12 -6.1409e-13 1.3844e-12 -1.4065e-12 1.4113e-13 5.3166e-13 2.3032e-13 -1.9023e-13 -9.7389e-13 -1.8665e-13 5.2921e-13 -9.3125e-15 3.6856e-13 4.1412e-14 1.8273e-13 8.314e-15 -1.8243e-14 5.541e-14 1.9023e-14 0
6.1584e-11 5.996e-11 5.9422e-11 5.3065e-11 5.3405e-11 5.419e-11 5.9013e-11 4.8271e-11 5.8423e-11 4.3639e-11 5.5834e-11 5.2885e-11 4.8347e-11 4.4786e-11 3.3679e-11 4.2396e-11 3.8805e-11 4.616e-11 3.2277e-11 4.9161e-11 2.5725e-11 3.8551e-11 3.0107e-11 3e-11 3.5244e-11 2.687e-11 2.528e-11 3.4545e-11 2.0566e-11 2.2555e-11 2.9763e-11 1.963e-11 1.8723e-11 2.2195e-11 2.2949e-11 2.2334e-11 7.6865e-12 2.0892e-11 1.1965e-11 1.0129e-11 1.4934e-11 8.8491e-12 4.5583e-12 1.935e-12 7.7505e-12 2.5376e-12 4.331e-12 -7.6186e-12 4.3597e-12 6.5084e-13 4.6347e-12 5.4674e-13 1.1333e-12 -3.8704e-12 1.0483e-12 -3.1536e-12 -5.1022e-12 -7.0684e-12 -4.0017e-12 -3.521e-12 -1.7368e-13 2.0597e-12 -2.502e-12 -5.6728e-12 3.1468e-12 -6.1013e-13 -2.9068e-12 -4.2503e-12 -5.8573e-12 1.0775e-12 1.9862e-12 -3.4812e-12 -1.8229e-12 -6.6051e-12 -3.2727e-12 -7.1051e-12 -5.7931e-13 -1.0686e-12 4.8377e-12 -1.7174e-12 2.3599e-12 -3.224e-12 2.9442e-13 -3.2289e-12 3.458e-12 -1.8519e-12 -3.5542e-12 -2.7783e-12 -2.2983e-12 4.8812e-13 1.4425e-12 4.0299e-13 2.025e-12 -1.0079e-12 -1.2144e-13 -3.0866e-12 5.6308e-13 -1.7486e-13 -3.8101e-12 6.6611e-13 -3.601e-14 6.8204e-13 -7.1883e-13 -1.4262e-12 1.239e-13 1.3108e-12 1.8399e-13 1.062e-13 -3.6707e-14 1.7966e-13 -9.1178e-14 -8.2633e-15 -1.3202e-14 3.7662e-14 0
5.716e-11 5.6952e-11 5.7358e-11 5.1292e-11 5.3232e-11 4.5805e-11 5.899e-11 4.5011e-11 5.4701e-11 4.1852e-11 4.6867e-11 5.0256e-11 3.9377e-11 3.6449e-11 3.4657e-11 3.7436e-11 3.6986e-11 5.1632e-11 2.9033e-11 2.5725e-11 4.3134e-11 3.4061e-11 2.6036e-11 2.9366e-11 3.7574e-11 2.6176e-11 2.3892e-11 2.9845e-11 1.6672e-11 2.5002e-11 1.9483e-11 1.2503e-11 1.9197e-11 2.1384e-11 1.3243e-11 2.1306e-11 1.5398e-11 1.5599e-11 1.1542e-11 6.218e-12 1.0256e-11 4.6768e-12 6.3784e-12 4.3554e-12 3.986e-12 3.771e-12 7.1652e-12 3.9646e-13 4.0819e-13 -3.9225e-12 9.225e-13 -5.589e-12 -2.995e-12 -8.6619e-12 6.187e-13 -8.4315e-13 -5.7521e-12 -4.45e-12 -3.7761e-12 -4.2712e-12 -7.4629e-14 -1.6091e-12 -1.2701e-12 -3.5143e-12 3.254e-12 1.2781e-12 -1.8298e-12 -3.0002e-12 -4.3894e-12 -9.941e-13 -4.3222e-12 -5.0033e-12 -1.166e-12 -7.1274e-12 -1.2669e-14 -5.1312e-12 2.1568e-12 1.7585e-12 3.6501e-12 2.3246e-12 -8.0868e-13 -3.756e-12 5.2388e-13 -1.5321e-12 2.3011e-13 5.6671e-13 -2.1358e-12 -2.1533e-12 -1.8305e-12 1.6656e-12 1.149e-12 1.7392e-12 -1.0194e-12 -2.1028e-12 -1.883e-12 -3.6826e-12 2.283e-13 4.0874e-13 -1.5795e-12 4.8517e-13 6.476e-13 1.371e-12 -2.5055e-13 -1.2621e-12 1.0594e-13 7.2863e-13 -3.777e-13 2.8621e-13 6.3713e-14 5.902e-14 -1.1418e-13 -6.3846e-14 -2.5581e-17 3.1249e-14 0
6.3081e-11 7.3304e-11 6.9984e-11 6.0942e-11 6.2975e-11 6.4381e-11 6.7237e-11 4.9788e-11 6.2971e-11 4.8103e-11 5.5786e-11 6.326e-11 5.5811e-11 5.1292e-11 3.9866e-11 4.3943e-11 4.3006e-11 5.547e-11 3.6227e-11 3.8551e-11 3.4061e-11 5.9958e-11 3.0279e-11 3.9805e-11 3.9489e-11 3.114e-11 3.1361e-11 3.7166e-11 2.0858e-11 3.0429e-11 2.6707e-11 1.8168e-11 2.0373e-11 2.1884e-11 1.6065e-11 2.8017e-11 1.6379e-11 2.1242e-11 1.8114e-11 1.0718e-11 1.8132e-11 8.0553e-12 4.7789e-12 7.1357e-12 1.628e-12 1.8674e-12 3.1863e-12 -6.3488e-12 2.4503e-12 1.3872e-12 5.5791e-12 -2.7965e-12 -3.384e-12 -7.499e-12 -7.3749e-14 -1.4298e-13 -2.1913e-12 -5.4815e-12 -5.9274e-12 -2.425e-12 1.3121e-13 -4.7499e-12 -5.0026e-12 -5.4559e-12 5.1194e-12 3.7351e-12 -5.5228e-12 -6.2805e-12 -2.7955e-12 -3.9369e-15 -2.4936e-12 -4.845e-12 -5.1933e-12 -8.4244e-12 -2.6847e-12 -7.8962e-12 6.5962e-13 7.5606e-13 4.6345e-12 1.7979e-12 2.8022e-12 -3.1789e-12 8.8831e-13 -1.0831e-12 -5.6738e-13 -6.6001e-13 -5.3602e-12 -1.5758e-12 -1.6604e-12 -1.1595e-12 2.8874e-12 6.5644e-13 2.3727e-12 -2.1906e-12 1.4906e-12 -5.0992e-12 1.4996e-12 5.6414e-13 -2.3475e-12 1.4927e-12 -3.7e-13 1.4633e-12 -8.0958e-13 -5.8453e-13 5.9924e-13 1.0419e-12 4.1762e-13 4.5672e-13 1.6248e-13 -1.5302e-14 -1.1923e-13 1.045e-14 1.0072e-14 6.7482e-15 0
4.5975e-11 5.0916e-11 4.4959e-11 4.6539e-11 4.4107e-11 3.853e-11 4.8625e-11 3.9599e-11 4.522e-11 3.2952e-11 3.8419e-11 4.2566e-11 3.601e-11 4.3291e-11 2.4962e-11 3.8382e-11 2.7011e-11 4.0994e-11 2.6981e-11 3.0107e-11 2.6036e-11 3.0279e-11 4.5787e-11 1.9702e-11 2.1563e-11 2.7422e-11 1.9674e-11 2.8215e-11 1.2195e-11 2.7782e-11 2.4341e-11 8.8309e-12 1.5491e-11 1.957e-11 1.1948e-11 1.7458e-11 1.0457e-11 1.3291e-11 1.0165e-11 8.1725e-12 1.1659e-11 2.0935e-12 1.5755e-12 5.0934e-12 4.2682e-12 1.0557e-12 1.5658e-12 -1.0145e-11 1.2394e-12 4.9922e-12 4.7255e-12 -2.2755e-12 -1.4702e-13 4.5856e-12 1.9063e-13 -3.7573e-12 -6.9498e-12 -2.095e-12 -3.7118e-12 -3.2993e-12 -2.3636e-12 -8.6728e-14 -2.2756e-12 5.6478e-13 -2.0462e-12 2.9708e-12 -3.3339e-12 -2.3157e-12 -1.1505e-12 1.5296e-12 1.5097e-12 -1.3531e-12 8.8452e-13 -4.7104e-12 7.6125e-13 -4.0617e-12 2.3548e-12 -7.1994e-13 2.044e-12 -2.0569e-12 1.9579e-12 -4.4459e-12 -4.5847e-14 -4.2552e-12 3.8109e-12 -2.8581e-12 -1.3953e-12 4.019e-13 -1.5557e-12 1.2017e-12 2.0598e-12 1.9884e-12 1.3322e-12 -1.099e-12 4.6575e-13 -1.8353e-12 -3.8942e-13 -4.2443e-13 -1.9135e-12 1.2263e-12 8.7249e-14 2.7325e-13 8.5184e-13 -1.3958e-12 1.7302e-13 1.1507e-12 1.7962e-13 -7.5656e-14 -1.8828e-13 -5.0797e-14 9.4403e-14 -5.2049e-14 1.9051e-14 3.9932e-14 0
5.7284e-11 5.9832e-11 5.6879e-11 5.4051e-11 5.5899e-11 4.8555e-11 5.8846e-11 4.8887e-11 5.9009e-11 3.7136e-11 5.111e-11 5.6842e-11 4.1559e-11 4.4716e-11 3.3413e-11 3.4856e-11 3.861e-11 4.7243e-11 3.248e-11 3e-11 2.9366e-11 3.9805e-11 1.9702e-11 4.5028e-11 3.5572e-11 2.4592e-11 2.495e-11 3.0327e-11 1.994e-11 2.5826e-11 2.5733e-11 1.4675e-11 2.1868e-11 1.9984e-11 1.3039e-11 2.2238e-11 1.2937e-11 1.3224e-11 1.5182e-11 9.0363e-12 1.7065e-11 5.0717e-12 7.5899e-12 9.9899e-12 1.5846e-12 2.9458e-12 7.292e-12 -1.9871e-12 7.8661e-13 -1.2867e-12 2.4242e-12 -1.3419e-12 -2.358e-12 -3.4266e-12 2.3683e-12 -3.4278e-12 -3.6028e-12 -4.0647e-12 -6.8924e-12 -1.8855e-12 -4.2047e-13 -1.2001e-12 -8.2101e-13 -4.9701e-12 3.7125e-12 9.2682e-13 -5.3509e-12 -3.3875e-12 -3.8453e-12 9.9622e-13 -2.0481e-12 -6.6712e-12 -3.6964e-12 -6.0844e-12 -2.5473e-13 -6.4954e-12 -1.6394e-12 -5.1354e-13 3.1094e-12 1.6749e-12 5.8882e-13 -2.3127e-12 -6.0066e-14 1.0004e-12 2.5508e-12 -3.7098e-13 -1.4634e-12 -1.4205e-12 -1.388e-12 -1.0237e-12 1.6423e-12 5.1139e-13 7.4171e-13 -3.1328e-12 1.0032e-12 -4.3965e-12 3.5427e-13 9.3245e-13 -1.56e-12 -9.259e-13 -8.5677e-13 6.1848e-13 -4.1072e-13 -7.6703e-13 2.861e-13 9.9366e-13 6.087e-14 4.648e-14 1.8767e-13 1.2466e-13 4.6401e-14 9.6541e-14 -2.6534e-15 4.9209e-14 0
6.8505e-11 6.6951e-11 6.7257e-11 5.31e-11 6.3116e-11 5.7335e-11 6.7061e-11 5.1511e-11 6.5747e-11 4.807e-11 5.5858e-11 5.3855e-11 5.2532e-11 4.3995e-11 4.2203e-11 4.5373e-11 4.7717e-11 5.5313e-11 3.6194e-11 3.5244e-11 3.7574e-11 3.9489e-11 2.1563e-11 3.5572e-11 5.7432e-11 2.5066e-11 2.8473e-11 3.3554e-11 2.0453e-11 2.7803e-11 2.7005e-11 1.4625e-11 2.193e-11 2.3266e-11 2.1881e-11 2.1238e-11 1.2233e-11 1.4571e-11 1.86e-11 1.3928e-11 1.1967e-11 1.0664e-11 5.8825e-12 1.8213e-12 4.6728e-12 3.4075e-12 7.4896e-12 -1.4094e-12 4.1655e-12 -3.2427e-12 -3.8082e-12 -4.8214e-12 -2.3158e-12 -9.2089e-12 2.0575e-13 -2.2526e-12 -5.9217e-12 -7.5131e-12 -8.1762e-12 -8.3743e-13 2.0506e-12 1.6504e-12 -2.4787e-13 -3.6886e-12 1.1236e-12 1.1348e-12 -3.1428e-12 -3.4764e-12 -6.7021e-12 -2.5624e-12 -4.365e-12 -6.3259e-12 -3.736e-12 -4.3073e-12 -1.74e-12 -5.5169e-12 -3.3255e-12 -2.4631e-12 5.3956e-12 5.9031e-13 2.0337e-12 -2.2152e-12 3.3916e-12 -1.8378e-12 1.5935e-12 -1.4023e-12 -3.1748e-12 -2.7183e-12 -7.5116e-15 -2.8061e-14 6.5687e-13 2.7073e-12 9.2607e-13 -1.2772e-12 -1.3842e-12 -4.4236e-12 -4.3111e-13 1.0702e-12 -3.0151e-12 4.5775e-13 1.4237e-13 1.3102e-12 -4.6341e-13 -1.0277e-12 -5.961e-14 6.9149e-13 3.5195e-13 2.0254e-13 4.8289e-14 2.772e-13 -2.3883e-13 -6.1954e-14 -1.9524e-14 2.0057e-14 0
4.6112e-11 5.0487e-11 4.7184e-11 4.8761e-11 4.6035e-11 4.3815e-11 5.1475e-11 3.949e-11 4.5843e-11 3.2916e-11 4.0749e-11 4.59e-11 3.2913e-11 3.8841e-11 3.0082e-11 3.4232e-11 3.2368e-11 3.9132e-11 2.3845e-11 2.687e-11 2.6176e-11 3.114e-11 2.7422e-11 2.4592e-11 2.5066e-11 3.8963e-11 1.9537e-11 2.2393e-11 1.4643e-11 2.3664e-11 2.0085e-11 8.0316e-12 1.3131e-11 1.5283e-11 1.2054e-11 1.7862e-11 9.5316e-12 1.4344e-11 1.458e-11 5.5832e-12 1.1826e-11 6.0521e-12 4.201e-12 5.607e-12 3.8622e-12 5.3876e-12 5.3538e-12 -3.6818e-12 -3.7416e-13 2.076e-12 2.6279e-12 -1.2096e-12 -1.3456e-12 -2.9513e-12 2.7106e-12 2.4196e-13 -4.9881e-12 -3.2369e-12 -7.9125e-12 -4.1215e-12 -2.6121e-12 3.5095e-12 -4.7723e-12 9.0192e-13 3.426e-12 6.7863e-13 1.3001e-12 -1.5655e-12 -4.2734e-12 2.6086e-12 3.2545e-13 -2.3588e-12 -1.3626e-12 -3.1871e-12 -4.048e-12 -4.3476e-12 1.7858e-12 1.0041e-12 4.2381e-12 -5.3714e-13 -9.7975e-13 -4.4099e-12 5.3296e-13 -1.0388e-12 4.6809e-12 -5.0306e-13 -4.2388e-12 4.7095e-13 -4.6152e-12 -1.0458e-12 1.2335e-12 5.4624e-13 3.6508e-12 -1.0244e-12 -1.2749e-12 -3.102e-12 1.7639e-12 1.3878e-12 -1.7716e-12 8.1804e-13 4.9782e-13 6.1734e-13 -5.8633e-13 -3.3857e-13 2.517e-13 8.913e-13 -7.0601e-14 1.7736e-13 -3.8555e-14 -5.8589e-14 -1.0324e-13 -7.4987e-14 -1.1334e-13 2.5724e-14 0
4.4851e-11 4.9289e-11 4.5859e-11 4.1111e-11 4.4828e-11 4.2075e-11 4.7036e-11 3.9325e-11 4.1996e-11 3.4311e-11 4.148e-11 4.4207e-11 3.761e-11 3.2968e-11 2.5578e-11 2.769e-11 3.0353e-11 3.6853e-11 2.4197e-11 2.528e-11 2.3892e-11 3.1361e-11 1.9674e-11 2.495e-11 2.8473e-11 1.9537e-11 2.8264e-11 2.7214e-11 1.4221e-11 2.1892e-11 1.9552e-11 1.4358e-11 1.7881e-11 2.0342e-11 1.2532e-11 1.7598e-11 9.9482e-12 1.5123e-11 9.0465e-12 1.1576e-11 1.2502e-11 2.1322e-12 3.0854e-12 5.795e-12 2.6363e-12 2.3664e-12 4.0768e-12 -3.2966e-12 3.2799e-12 -1.3903e-12 -1.9516e-13 -8.2089e-13 -2.059e-12 -3.9313e-12 -7.7132e-14 -2.4939e-12 -3.4963e-12 -2.4917e-12 -1.9915e-12 -3.8394e-12 -8.8006e-13 -2.6788e-13 1.1856e-12 -4.3128e-12 1.6651e-12 4.8717e-13 -1.8195e-12 -3.4085e-12 -2.3943e-12 -4.9173e-13 -9.2988e-13 -3.0292e-12 -1.031e-12 -3.564e-12 -1.0803e-12 -4.2917e-12 7.8818e-13 -1.3417e-12 2.9838e-12 1.4949e-12 2.8154e-12 -3.2573e-12 -1.8022e-13 -2.7848e-13 1.7561e-12 3.2359e-13 -2.4578e-12 -6.7578e-13 -7.2157e-13 1.3995e-13 2.5807e-12 8.2432e-13 1.9668e-12 -2.6215e-12 -9.4475e-13 -2.7443e-12 -1.5538e-13 5.9901e-13 -1.7395e-12 7.7331e-13 -1.6488e-13 8.3043e-14 -1.9847e-13 -6.3111e-13 2.1306e-13 1.0318e-12 4.1719e-13 1.4885e-13 -5.5434e-14 1.3952e-13 2.994e-14 -5.6195e-14 -4.0642e-14 -1.89e-15 0
5.988e-11 5.7475e-11 5.8895e-11 5.4556e-11 5.3409e-11 4.8415e-11 6.0707e-11 5.0979e-11 5.4072e-11 4.1991e-11 5.0838e-11 5.3559e-11 4.6318e-11 3.7796e-11 3.1744e-11 3.7078e-11 3.7908e-11 4.8059e-11 3.3069e-11 3.4545e-11 2.9845e-11 3.7166e-11 2.8215e-11 3.0327e-11 3.3554e-11 2.2393e-11 2.7214e-11 4.3938e-11 1.7973e-11 2.5254e-11 2.9446e-11 1.7055e-11 1.8498e-11 2.0638e-11 1.5382e-11 2.2698e-11 1.2032e-11 1.4653e-11 5.339e-12 7.9805e-12 1.1199e-11 1.3041e-13 4.0257e-12 1.3837e-12 6.1608e-12 3.1162e-12 3.3206e-12 -9.2925e-12 2.3267e-12 -2.9982e-12 3.931e-12 -2.2943e-12 -1.2694e-12 -1.4966e-12 -3.1373e-13 -2.8372e-12 -4.662e-12 -4.0568e-12 -1.2642e-12 -5.3048e-12 2.9085e-13 -2.1637e-12 -3.6169e-12 -7.2599e-12 -1.6503e-12 1.3404e-12 -3.4574e-12 -2.0543e-12 -2.3054e-12 4.9164e-13 2.0044e-13 -6.5514e-12 -1.5688e-12 -8.2263e-12 -4.055e-13 -6.6491e-12 -2.0445e-12 -1.476e-12 3.6519e-12 -1.3029e-13 3.4885e-12 -3.5958e-12 4.2358e-13 -2.1108e-12 1.5614e-12 -1.9742e-13 -2.8679e-12 -1.2652e-12 7.7981e-13 1.7482e-12 2.4315e-12 1.6897e-13 1.2351e-12 2.9883e-14 4.5833e-13 -4.6867e-12 -6.3002e-13 1.1367e-12 -2.1651e-12 5.3998e-13 1.326e-13 1.7144e-13 1.3808e-13 -1.3964e-12 5.0132e-13 5.2695e-13 2.8373e-13 3.0103e-13 1.8767e-13 1.1869e-13 -2.2747e-14 -1.2576e-13 -6.8989e-14 1.8947e-14 0
3.6839e-11 3.7494e-11 3.3459e-11 3.3957e-11 3.1262e-11 2.7185e-11 3.4128e-11 2.6277e-11 3.6548e-11 2.6535e-11 3.4159e-11 3.7572e-11 2.5782e-11 2.3216e-11 1.6245e-11 2.2681e-11 2.1591e-11 2.8153e-11 1.6955e-11 2.0566e-11 1.6672e-11 2.0858e-11 1.2195e-11 1.994e-11 2.0453e-11 1.4643e-11 1.4221e-11 1.7973e-11 2.6457e-11 1.2311e-11 1.2302e-11 1.0333e-11 1.0323e-11 1.0246e-11 1.3179e-11 1.2497e-11 1.969e-12 1.5283e-11 5.4973e-12 6.6781e-12 6.6063e-12 5.7272e-12 8.7796e-12 8.153e-12 2.5757e-12 -4.0329e-13 3.6862e-12 -3.3644e-12 -9.0732e-13 -2.1679e-12 1.056e-13 -9.5437e-13 -6.3419e-13 -3.018e-12 4.8023e-12 -2.2868e-12 -3.0985e-12 -1.8568e-12 -4.0687e-12 -5.2141e-12 -7.9055e-13 1.4373e-12 1.9677e-12 -4.7168e-12 5.8959e-12 -6.5426e-14 -2.4247e-12 -2.0262e-12 -5.8448e-12 -2.3818e-12 -3.2387e-12 -2.0178e-12 -2.1581e-12 -3.8554e-12 -1.5892e-12 -4.6706e-12 1.9822e-13 2.0691e-12 3.0805e-13 -4.1885e-13 -2.3844e-12 -2.4395e-12 -7.6478e-13 -2.5719e-12 1.3624e-12 -1.6572e-13 -2.8958e-12 -1.2211e-12 -1.8231e-13 1.9203e-12 1.3386e-12 -1.4727e-12 4.1643e-13 -9.3539e-13 -4.7329e-13 -3.4967e-12 1.0098e-12 5.078e-13 -2.0508e-12 3.2842e-13 -5.1543e-13 -4.1071e-13 5.8702e-14 -1.1078e-12 9.1232e-13 4.7737e-13 1.7959e-13 1.8168e-13 -1.6935e-14 7.5981e-14 -9.4272e-14 1.144e-14 2.9903e-14 5.7937e-14 0
4.5159e-11 4.5071e-11 4.8815e-11 4.486e-11 4.0106e-11 4.0763e-11 4.5204e-11 4.0547e-11 3.9913e-11 3.3741e-11 3.6741e-11 4.4891e-11 3.655e-11 3.424e-11 2.4879e-11 2.7091e-11 2.7768e-11 4.0911e-11 2.7898e-11 2.2555e-11 2.5002e-11 3.0429e-11 2.7782e-11 2.5826e-11 2.7803e-11 2.3664e-11 2.1892e-11 2.5254e-11 1.2311e-11 3.7842e-11 1.941e-11 1.0894e-11 1.6491e-11 2.0044e-11 9.6513e-12 1.4971e-11 1.1797e-11 8.6903e-12 1.3816e-11 8.0021e-12 1.1364e-11 1.5845e-12 1.8482e-12 2.5476e-12 2.7585e-12 4.2192e-12 5.4996e-12 -4.074e-12 3.2904e-12 1.1711e-12 3.7371e-12 -1.5524e-12 -3.3835e-12 -1.3028e-12 8.309e-13 -4.3518e-13 -3.0836e-12 -4.0785e-13 -5.5382e-12 -4.0539e-12 -5.3253e-12 3.3118e-12 -2.2013e-12 1.8261e-13 -2.4059e-12 2.4318e-12 -1.9734e-12 -2.3473e-12 -4.7048e-12 6.2244e-13 -2.061e-12 -2.9511e-12 -1.8883e-12 -3.1061e-12 4.5125e-13 -4.3343e-12 -2.5395e-12 -1.799e-12 2.6439e-12 -1.1318e-12 2.6113e-12 -2.4632e-12 -1.7007e-12 -5.3921e-13 3.6309e-12 -5.3685e-13 -4.6278e-12 6.4734e-13 -5.1449e-13 4.2299e-13 2.4162e-12 2.8699e-12 1.9643e-12 -2.8895e-12 -1.6375e-13 -2.4764e-12 -1.3151e-12 1.1453e-12 -1.137e-12 1.3921e-12 3.9979e-13 6.9001e-13 3.2123e-13 -2.1507e-13 2.5824e-14 9.8202e-13 -1.7676e-13 -3.9238e-14 1.1005e-14 5.8337e-14 1.1182e-13 -7.6993e-14 -3.2723e-14 1.0526e-13 0
4.8719e-11 4.6425e-11 5.1555e-11 4.8114e-11 4.9178e-11 4.1042e-11 5.5244e-11 3.8455e-11 5.1282e-11 2.9097e-11 4.4558e-11 4.1285e-11 4.0044e-11 3.8523e-11 3.3396e-11 3.5535e-11 3.4662e-11 4.1083e-11 2.4731e-11 2.9763e-11 1.9483e-11 2.6707e-11 2.4341e-11 2.5733e-11 2.7005e-11 2.0085e-11 1.9552e-11 2.9446e-11 1.2302e-11 1.941e-11 4.8001e-11 1.3108e-11 1.5964e-11 1.8209e-11 1.0188e-11 1.7297e-11 7.6438e-12 1.1134e-11 1.0524e-11 9.3193e-12 1.3889e-11 4.98e-12 2.3575e-12 5.3325e-12 -2.1706e-12 5.4258e-12 1.1074e-13 -9.4246e-12 4.8695e-12 1.3459e-12 3.7885e-12 -6.862e-13 8.7135e-13 1.7432e-12 -3.5353e-13 -7.3407e-12 -6.8762e-12 -5.3385e-12 -4.4769e-12 1.4509e-12 1.7042e-12 6.0637e-14 -3.0043e-12 -2.8188e-12 -2.759e-12 4.1084e-12 -5.649e-12 -4.0171e-12 -1.2723e-12 4.1438e-12 -2.0205e-12 -3.8419e-12 2.4405e-13 -5.3044e-12 1.1026e-12 -6.6531e-12 -3.9994e-12 6.0006e-14 6.1277e-12 -8.3612e-13 3.6737e-12 -1.3185e-12 -1.5132e-12 -4.2136e-13 4.338e-12 -3.4846e-12 -6.3809e-12 -1.3096e-12 -2.4768e-13 -1.5486e-12 2.5302e-12 2.1248e-12 2.7864e-12 1.1595e-12 -2.5174e-13 -2.6467e-12 -7.1666e-13 4.9933e-13 -3.3558e-12 4.1387e-13 -3.2367e-13 7.5435e-13 -8.5997e-13 -1.9794e-12 -6.6825e-13 2.8537e-13 1.3449e-13 -1.4618e-13 2.8705e-13 -1.5803e-14 9.1026e-14 -1.2323e-14 -3.9435e-14 -1.5555e-15 0
