4.2044e-11 9.4144e-12 4.4821e-12 4.1551e-13 -6.8122e-13 -3.5204e-13 -7.1102e-13 2.121e-13 -4.2733e-13 -2.0116e-12 -3.0482e-12 3.0487e-12 3.176e-12 -2.6957e-12 1.2278e-13 -1.1479e-12 4.0714e-12 2.7835e-12 -4.1656e-12 1.75e-12 -5.3759e-12 -6.7157e-12 -5.8156e-12 -8.2864e-13 -2.7144e-12 -1.1859e-12 -3.2803e-13 6.8756e-13 1.2354e-12 1.3072e-12 2.2744e-12 -7.9879e-12 -3.7905e-12 -5.956e-13 2.7595e-12 -1.6511e-12 3.1669e-12 1.621e-12 2.2497e-12 4.4142e-13 -2.6959e-12 4.2535e-12 -1.3853e-12 -1.4475e-12 -1.1114e-12 -3.8877e-12 3.1103e-12 2.4179e-12 2.2636e-12 1.6619e-12 5.4544e-13 2.0689e-12 7.7241e-13 -2.1996e-12 -4.9729e-12 2.7236e-12 1.7228e-12 9.0894e-13 2.7342e-13 4.147e-12 1.2781e-12 -5.3559e-13 1.1392e-12 -2.647e-12 -1.989e-12 1.7921e-13 -7.6046e-13 -1.2025e-12 -2.6777e-13 2.7562e-13 9.2333e-13 -3.0204e-14 4.8857e-14 -3.2429e-14 -2.2607e-14
9.4144e-12 3.437e-11 1.534e-11 3.1839e-12 4.0493e-12 1.1419e-12 -2.907e-12 2.8408e-12 -5.3341e-12 -7.9378e-12 5.4927e-12 3.4153e-12 -4.0174e-12 -2.4176e-12 -6.6155e-13 -1.3325e-12 2.4908e-12 -2.7326e-12 3.0995e-12 1.912e-12 -2.526e-12 -4.5972e-12 2.5017e-12 -2.6143e-12 1.5815e-12 4.4185e-12 1.5913e-12 -7.3777e-13 3.2977e-12 1.4785e-12 -2.0448e-12 -3.912e-13 -4.1685e-12 5.0892e-12 1.7447e-12 3.0639e-13 3.4326e-12 2.7109e-12 2.312e-12 2.806e-12 3.5694e-12 6.3854e-13 3.4078e-12 -1.0364e-12 2.0797e-12 1.7279e-12 -1.7937e-12 1.3059e-12 1.4329e-12 -2.0255e-12 6.7899e-12 7.419e-13 -5.9658e-12 1.6726e-12 -2.8927e-13 2.6386e-12 9.4183e-13 1.6604e-12 2.7094e-12 1.605e-12 -4.1754e-13 2.3963e-12 1.4487e-12 -4.8738e-13 -8.4766e-14 3.0032e-13 6.126e-13 9.1578e-14 -8.6009e-13 2.3269e-13 9.4903e-13 -4.6629e-14 -1.513e-13 -3.6851e-14 -8.4257e-15
4.4821e-12 1.534e-11 3.3902e-11 -1.0093e-11 -7.5643e-12 3.0041e-12 -3.0089e-14 3.0934e-12 3.4633e-12 -6.2319e-12 -8.292e-13 1.3508e-12 4.2077e-12 -6.0739e-12 3.4522e-12 3.8207e-13 -2.1424e-12 -7.8326e-12 4.8107e-12 -1.3243e-12 -5.3572e-12 -2.1468e-12 -2.1288e-12 -3.4576e-12 2.6301e-12 2.7999e-12 -2.5967e-13 -8.5404e-13 5.4329e-13 4.1295e-12 -3.2594e-12 2.9733e-12 4.0261e-12 2.2868e-12 3.3089e-12 1.0701e-12 1.6018e-12 3.217e-12 -1.0536e-12 4.162e-12 3.9581e-12 -4.7428e-12 4.5327e-12 3.3927e-13 2.1489e-12 1.5496e-12 8.6999e-13 -4.0727e-13 1.2597e-12 8.4914e-13 6.8486e-12 2.9287e-12 -3.2019e-12 1.7423e-12 1.6184e-12 2.6755e-12 1.4645e-12 1.7359e-12 2.5907e-13 -4.0853e-13 2.3791e-12 1.2483e-12 3.8813e-13 8.0998e-13 -6.7613e-14 -4.3899e-13 1.1321e-12 -3.2803e-13 7.9812e-14 -1.6626e-13 6.4641e-13 -7.0374e-14 2.7515e-14 -3.2697e-14 1.4761e-14
4.1551e-13 3.1839e-12 -1.0093e-11 2.6332e-11 3.9925e-12 -2.0265e-12 -1.7406e-12 5.5047e-12 -1.5118e-12 3.8151e-12 6.107e-12 -3.4081e-12 -6.8528e-12 7.3395e-12 4.0927e-12 2.0609e-14 6.8049e-12 4.2963e-12 -1.2592e-12 4.9952e-12 6.0529e-12 4.0018e-12 4.2737e-12 4.9642e-12 8.6446e-12 3.5506e-12 6.1231e-13 1.4299e-12 -2.7294e-13 2.424e-12 1.3821e-12 -4.3863e-13 -2.4792e-12 3.9373e-12 -2.9956e-12 -2.8777e-12 1.8212e-12 -1.8696e-12 7.0716e-13 -1.2031e-12 2.7942e-12 9.9449e-13 -4.2564e-12 -1.9202e-12 3.7963e-13 2.3866e-12 -4.1669e-12 1.9477e-12 -1.7155e-12 1.9296e-12 2.6169e-13 8.1128e-13 -4.187e-13 9.183e-13 -2.9577e-13 -1.0509e-12 1.9535e-12 -9.7652e-13 9.0829e-14 9.5214e-13 3.7611e-14 -1.5523e-12 3.0646e-13 3.081e-13 -7.8446e-13 -5.5856e-13 5.5628e-13 -4.272e-13 -5.0365e-13 6.2897e-13 4.1523e-13 -8.7305e-14 -1.1071e-13 -3.0714e-14 -2.0421e-14
-6.8122e-13 4.0493e-12 -7.5643e-12 3.9925e-12 2.1352e-11 5.409e-12 -3.946e-12 -5.4153e-15 -4.0824e-12 -2.6833e-12 -1.104e-12 2.7975e-12 -4.1833e-12 -1.1546e-12 2.0071e-12 -3.9164e-13 2.0406e-12 4.6439e-13 -3.287e-12 -2.8484e-12 2.3129e-12 3.4875e-13 2.6194e-12 -3.4334e-12 5.6664e-13 -2.4153e-12 -1.0807e-12 -4.6308e-13 -6.8561e-13 -4.2452e-12 2.4481e-12 -1.4303e-12 1.1588e-12 -1.0617e-12 -1.0674e-12 -9.3672e-13 1.9896e-12 1.5305e-12 -9.5607e-13 2.3329e-13 -2.4437e-12 -3.7739e-13 -1.7287e-12 2.8481e-12 7.8736e-13 8.4149e-13 -3.081e-12 1.768e-12 3.5992e-13 -6.0043e-13 -1.3799e-12 -2.0566e-12 -1.2652e-12 -8.3839e-13 1.9994e-14 -2.4702e-12 1.4042e-14 2.1141e-12 2.5057e-12 -3.6059e-13 -2.6578e-13 -1.7327e-12 -1.8124e-13 -4.0064e-13 -9.4967e-13 3.1949e-14 -3.8931e-13 -4.8388e-13 -6.1833e-13 -8.8309e-15 -2.0036e-13 3.1266e-13 9.6595e-14 2.2926e-14 -1.2952e-14
-3.5204e-13 1.1419e-12 3.0041e-12 -2.0265e-12 5.409e-12 2.2076e-11 4.3006e-12 2.1433e-12 -1.3959e-13 3.0959e-12 -1.2414e-12 3.1678e-12 1.8749e-14 -4.0827e-13 2.0195e-12 6.8308e-12 -1.1239e-12 -2.5722e-12 8.954e-13 2.1306e-12 -1.5756e-12 2.9643e-12 3.6511e-12 1.2765e-12 -6.3273e-13 1.5719e-12 1.5535e-13 3.5991e-12 -7.6553e-13 3.501e-12 3.0566e-12 2.3641e-12 7.2727e-13 -5.9219e-13 -1.5646e-12 -8.8808e-13 -4.303e-13 2.7875e-12 -1.2624e-12 1.3843e-12 5.2669e-13 -2.331e-12 -2.8695e-12 9.3677e-13 -6.1699e-13 -1.0118e-13 -2.652e-12 -3.2506e-12 1.0228e-12 -7.2918e-14 2.3634e-12 -1.7243e-14 -6.2209e-13 2.1094e-12 -3.6448e-13 -2.8573e-12 1.4989e-12 -1.1464e-12 2.0199e-13 3.5968e-14 1.6191e-12 6.7166e-13 4.0115e-13 -7.6038e-13 -2.9462e-13 5.0608e-13 4.6894e-13 -3.8814e-14 -3.5057e-13 -1.0844e-13 -2.3498e-14 2.9573e-13 1.0097e-13 1.1981e-14 -9.6894e-15
-7.1102e-13 -2.907e-12 -3.0089e-14 -1.7406e-12 -3.946e-12 4.3006e-12 3.4913e-11 5.4775e-12 8.4738e-12 5.4951e-12 1.1286e-11 8.1991e-12 1.4631e-11 9.2349e-12 9.3096e-12 1.1217e-11 2.8178e-12 1.3617e-11 6.544e-12 1.646e-13 9.0351e-13 1.0281e-11 7.8154e-12 1.3996e-11 7.0509e-12 6.5713e-12 6.0582e-12 6.6415e-12 6.6952e-12 2.4861e-12 4.7824e-12 4.0559e-12 -8.1529e-13 1.8028e-12 3.5288e-12 1.5932e-12 -2.3396e-13 1.8774e-12 4.501e-12 -6.6041e-14 -9.5582e-13 -1.6755e-12 3.1533e-12 9.3422e-13 2.1454e-12 3.9084e-13 2.2968e-12 -6.4005e-13 2.996e-13 1.4191e-12 -1.2484e-12 -6.2053e-13 3.7222e-12 3.7225e-12 1.127e-13 2.3145e-12 -6.7537e-13 3.7798e-13 3.8801e-12 1.2727e-12 5.7569e-13 -1.7328e-13 1.0608e-12 1.5239e-12 -1.9325e-12 1.91e-14 -1.8516e-12 -5.8086e-13 1.2034e-12 -6.7076e-13 -3.4297e-14 -1.6701e-13 7.0305e-14 -1.5095e-14 2.6185e-14
2.121e-13 2.8408e-12 3.0934e-12 5.5047e-12 -5.4153e-15 2.1433e-12 5.4775e-12 3.3616e-11 6.4255e-12 4.3126e-13 2.7101e-12 4.5234e-12 1.4504e-11 1.5867e-11 9.1683e-12 9.1995e-13 1.1808e-12 1.863e-11 3.6511e-12 6.142e-12 3.2412e-12 6.9008e-12 -9.0343e-14 5.4285e-12 1.1396e-11 5.6972e-12 3.7713e-12 1.6945e-12 8.011e-12 8.5438e-12 4.8999e-12 1.8209e-12 2.9301e-12 6.6261e-12 3.7431e-14 -4.954e-12 4.1039e-12 4.8496e-12 -2.6297e-12 3.4306e-12 2.2176e-13 -4.6587e-12 2.3942e-12 1.8472e-13 7.1505e-13 -5.0651e-13 -2.1117e-12 -1.8813e-13 5.0608e-13 3.4514e-13 1.1037e-12 3.455e-12 -2.1456e-12 1.4988e-12 1.513e-12 2.7371e-13 1.5664e-13 3.2898e-12 -5.7214e-13 1.8361e-12 2.433e-12 -1.6265e-12 1.3424e-12 1.4125e-12 -2.8314e-12 -2.2329e-13 -1.7626e-13 -6.3133e-13 3.3783e-13 5.1575e-13 -1.1464e-14 3.4059e-13 -2.5884e-13 5.5708e-15 8.1266e-15
-4.2733e-13 -5.3341e-12 3.4633e-12 -1.5118e-12 -4.0824e-12 -1.3959e-13 8.4738e-12 6.4255e-12 3.6465e-11 4.3116e-12 4.5272e-12 9.2279e-12 1.7364e-11 5.8288e-12 8.1947e-12 1.0767e-11 9.6412e-14 1.4918e-11 2.2055e-12 2.2813e-15 1.2088e-12 1.0434e-11 3.7091e-12 8.0998e-12 4.184e-12 5.974e-13 9.2099e-13 8.7459e-12 1.0921e-11 9.7346e-12 5.3154e-12 2.7541e-12 6.4535e-12 2.3373e-12 -2.3726e-13 2.5795e-12 -4.0867e-12 -3.5382e-15 -7.9092e-14 7.5428e-13 -1.694e-13 3.1525e-12 -6.8934e-13 -4.133e-12 4.8561e-12 3.3549e-14 2.1143e-12 3.9792e-12 4.2389e-12 -1.9999e-13 -2.8157e-13 -6.2151e-13 1.7953e-12 3.5412e-12 1.5565e-13 1.4908e-12 -1.8356e-12 -1.1326e-12 5.7335e-13 8.5446e-13 2.2949e-12 1.0366e-12 -7.0718e-13 6.7799e-13 -1.5526e-12 1.1428e-12 -5.0333e-13 -1.0729e-12 -1.8356e-13 1.6153e-13 -5.32e-13 1.8994e-13 -1.4054e-14 2.8535e-14 -3.5436e-15
-2.0116e-12 -7.9378e-12 -6.2319e-12 3.8151e-12 -2.6833e-12 3.0959e-12 5.4951e-12 4.3126e-13 4.3116e-12 2.2724e-11 5.0551e-12 1.1041e-14 3.4586e-12 3.2791e-12 2.2408e-12 3.3499e-12 -7.9233e-13 1.6865e-12 3.5462e-12 2.846e-12 8.7607e-12 4.0223e-12 2.446e-12 8.9486e-12 1.2934e-12 3.4583e-12 8.8847e-13 2.0201e-12 -2.959e-12 6.2137e-12 5.0466e-12 1.7926e-12 2.467e-12 -2.537e-12 -4.7797e-13 -1.6467e-14 6.3784e-13 -1.8962e-13 7.1511e-12 -2.1583e-12 -5.8943e-13 2.0564e-12 -1.2929e-12 -2.9314e-12 1.4699e-12 -1.4997e-12 1.0936e-13 -2.6262e-13 2.556e-12 5.6236e-13 -1.3103e-12 -6.5239e-13 1.6646e-12 1.0392e-12 -5.7872e-13 -2.2983e-12 -2.8046e-12 -1.6416e-12 -1.6962e-12 5.0566e-13 1.4174e-13 -3.901e-13 9.1744e-14 -7.2243e-13 -6.3643e-13 1.2139e-13 -8.3702e-13 1.3754e-13 -5.6803e-13 4.3231e-13 2.307e-14 9.1484e-14 6.0351e-14 -4.0236e-14 -8.9947e-15
-3.0482e-12 5.4927e-12 -8.292e-13 6.107e-12 -1.104e-12 -1.2414e-12 1.1286e-11 2.7101e-12 4.5272e-12 5.0551e-12 3.9093e-11 5.9626e-12 5.7273e-12 5.6327e-12 1.2261e-11 1.1912e-11 5.6326e-12 2.9299e-12 5.7763e-12 5.0867e-12 8.2834e-12 2.8051e-12 1.0236e-11 4.9383e-12 1.4811e-11 1.3674e-11 8.3112e-12 7.5621e-12 5.7552e-12 4.6416e-12 5.6738e-12 5.9852e-12 1.0165e-12 2.819e-12 3.4194e-12 5.4898e-12 -3.0027e-12 1.0252e-12 6.2778e-12 2.6263e-12 3.4919e-12 -4.599e-13 2.2379e-12 4.0679e-13 5.4283e-12 2.4099e-12 9.5893e-13 9.4688e-13 2.2777e-12 -1.3163e-12 -1.9322e-12 -4.7812e-13 -2.1996e-12 3.9014e-12 3.7425e-12 1.6367e-12 -2.4927e-12 6.8065e-13 -1.5347e-12 5.2073e-14 -1.8261e-14 -3.3318e-14 2.6823e-12 2.0831e-12 -5.3131e-13 1.7131e-13 -7.5562e-13 -1.3517e-13 -6.8955e-13 -1.8871e-13 -8.9387e-14 -1.9173e-13 1.044e-14 1.7723e-14 3.0792e-14
3.0487e-12 3.4153e-12 1.3508e-12 -3.4081e-12 2.7975e-12 3.1678e-12 8.1991e-12 4.5234e-12 9.2279e-12 1.1041e-14 5.9626e-12 2.1322e-11 1.0133e-11 4.9235e-12 8.1226e-12 5.2945e-12 3.8047e-12 1.027e-11 5.2487e-12 2.4855e-12 6.7947e-12 2.6059e-12 8.133e-12 2.1501e-12 -1.984e-12 3.5816e-12 5.2206e-12 3.7e-12 1.1895e-11 4.565e-12 3.9541e-12 2.6694e-12 4.9577e-12 1.4184e-12 1.0539e-12 1.6264e-12 -1.818e-13 4.1504e-12 2.4777e-12 -1.5753e-12 -2.3671e-12 3.8233e-12 -8.8809e-13 1.5296e-13 3.9513e-12 -1.1311e-12 3.4711e-12 5.7662e-13 2.696e-12 -1.7889e-12 1.957e-13 -3.6743e-13 2.0751e-13 2.1736e-12 1.0449e-12 -9.2676e-14 -4.3748e-13 6.1883e-13 6.2657e-14 4.4144e-13 1.7059e-12 1.7575e-12 7.4507e-13 1.9073e-12 -8.4839e-13 5.0915e-13 -7.6326e-13 -2.7699e-14 -4.9276e-13 -4.7348e-13 -5.4736e-13 2.9018e-13 -1.0168e-14 3.6602e-14 2.218e-15
3.176e-12 -4.0174e-12 4.2077e-12 -6.8528e-12 -4.1833e-12 1.8749e-14 1.4631e-11 1.4504e-11 1.7364e-11 3.4586e-12 5.7273e-12 1.0133e-11 3.7981e-11 1.4653e-11 1.1396e-11 1.2041e-11 2.3448e-12 1.3859e-11 4.3019e-12 6.6167e-12 6.7134e-12 1.1052e-11 3.9609e-12 1.1685e-11 5.2203e-12 4.3144e-12 1.0725e-11 9.28e-12 1.1305e-11 7.5341e-12 1.372e-11 6.1288e-12 3.5056e-12 3.7491e-12 3.0423e-12 -7.5054e-13 3.961e-13 5.434e-12 3.5546e-12 1.512e-12 2.2105e-12 -4.2532e-13 1.8497e-12 5.9297e-14 4.3211e-12 -9.8391e-13 3.9012e-12 2.9189e-12 5.566e-12 -2.2853e-12 -3.8322e-12 1.1754e-12 1.6329e-12 1.4747e-12 8.1439e-13 6.9256e-13 -2.176e-12 8.1682e-14 -1.5781e-12 1.5594e-12 2.9154e-12 -8.9768e-13 5.2158e-14 4.0045e-13 -3.5511e-12 9.4948e-13 -1.2473e-12 -4.11e-13 -1.0612e-13 -5.3025e-13 -6.2894e-13 3.0285e-13 -8.1353e-14 1.8018e-14 2.2449e-14
-2.6957e-12 -2.4176e-12 -6.0739e-12 7.3395e-12 -1.1546e-12 -4.0827e-13 9.2349e-12 1.5867e-11 5.8288e-12 3.2791e-12 5.6327e-12 4.9235e-12 1.4653e-11 3.8112e-11 6.5108e-12 1.2411e-11 1.3614e-11 1.6719e-11 2.7427e-12 8.6324e-12 9.3861e-12 1.1736e-11 2.5207e-12 8.6686e-12 1.2094e-11 6.9332e-12 6.1039e-12 1.1504e-11 4.934e-12 6.9076e-12 6.3556e-12 2.5451e-13 -1.1618e-12 6.6735e-12 -5.5035e-12 1.6627e-12 2.7018e-12 2.0603e-12 7.1091e-13 -1.3337e-12 2.695e-12 -3.4992e-13 2.2615e-12 -5.2858e-13 3.5044e-12 2.3151e-12 2.7519e-12 2.9949e-12 1.7962e-12 4.2581e-13 -1.145e-12 3.2808e-12 2.8471e-13 4.8646e-13 -8.1441e-13 1.1256e-13 -1.1218e-13 1.0295e-12 4.7358e-14 4.0104e-13 2.7657e-12 -4.1032e-12 -1.0124e-12 1.4377e-12 -2.6534e-12 -8.9786e-13 -5.6333e-13 -7.0152e-13 -2.9688e-14 3.3898e-13 -5.8983e-13 2.4794e-13 -2.1737e-13 2.533e-14 -1.0494e-15
1.2278e-13 -6.6155e-13 3.4522e-12 4.0927e-12 2.0071e-12 2.0195e-12 9.3096e-12 9.1683e-12 8.1947e-12 2.2408e-12 1.2261e-11 8.1226e-12 1.1396e-11 6.5108e-12 3.0401e-11 9.0919e-12 1.9475e-12 7.1159e-12 3.1498e-12 4.88e-12 7.7535e-12 5.2388e-12 8.7955e-12 2.7977e-12 9.3441e-12 6.5105e-12 4.8223e-12 2.2427e-12 1.0354e-11 4.541e-12 4.2039e-12 7.6199e-12 5.3241e-12 4.9389e-12 4.0726e-12 5.34e-13 1.1838e-12 1.9613e-12 1.1147e-12 4.591e-13 2.2468e-12 -1.0547e-12 1.7438e-12 -2.8365e-13 3.2065e-12 -3.0692e-13 1.8659e-12 1.2851e-12 1.0743e-13 3.1154e-12 -1.4229e-12 2.268e-14 -1.7558e-12 3.8824e-12 -7.5921e-13 1.7482e-13 5.5238e-13 1.7862e-12 1.6387e-12 6.5562e-13 4.3903e-12 -4.7682e-13 3.8694e-13 1.8363e-12 -1.5392e-12 -6.7261e-13 4.5452e-13 -3.8713e-13 3.4312e-13 -4.3717e-13 -7.1924e-13 -5.9505e-15 -4.3722e-14 1.45e-14 2.6525e-14
-1.1479e-12 -1.3325e-12 3.8207e-13 2.0609e-14 -3.9164e-13 6.8308e-12 1.1217e-11 9.1995e-13 1.0767e-11 3.3499e-12 1.1912e-11 5.2945e-12 1.2041e-11 1.2411e-11 9.0919e-12 2.9071e-11 8.6929e-12 1.2372e-11 4.8433e-12 2.1749e-12 6.5123e-12 9.7122e-12 9.0362e-12 1.02e-11 7.5919e-12 4e-12 3.1321e-12 4.9196e-12 5.1484e-12 4.8003e-12 6.2404e-12 9.8893e-15 2.3208e-12 1.4611e-12 -3.6892e-12 1.4418e-12 -9.4731e-13 5.7647e-12 2.2278e-12 3.0279e-13 5.2812e-12 2.0664e-12 7.2102e-13 -3.7738e-13 6.3444e-12 2.9333e-12 2.8917e-12 9.8518e-13 2.8851e-12 -4.088e-14 4.6058e-13 8.2375e-13 1.4812e-12 4.2696e-12 2.2796e-12 -1.2656e-12 -4.1515e-14 2.0444e-13 6.4424e-13 4.1948e-13 1.6853e-12 7.5675e-13 -8.2478e-13 1.8873e-13 -2.3085e-12 1.0141e-12 -8.0401e-14 -3.2805e-14 5.0521e-13 -8.7094e-14 -4.1064e-13 2.1867e-13 5.8407e-14 3.1689e-14 1.9686e-14
4.0714e-12 2.4908e-12 -2.1424e-12 6.8049e-12 2.0406e-12 -1.1239e-12 2.8178e-12 1.1808e-12 9.6412e-14 -7.9233e-13 5.6326e-12 3.8047e-12 2.3448e-12 1.3614e-11 1.9475e-12 8.6929e-12 1.9853e-11 7.382e-12 2.5224e-13 2.1813e-12 6.387e-12 5.5542e-13 5.2541e-12 5.8202e-12 8.4138e-12 2.529e-12 6.2981e-12 5.0462e-12 -5.5966e-13 1.3963e-12 4.1481e-12 -3.1603e-12 4.7092e-13 3.2533e-12 -4.4876e-12 2.0114e-13 3.6528e-13 6.6574e-13 2.4111e-12 8.5091e-13 -1.5017e-13 -2.9834e-13 1.4589e-12 1.1759e-13 1.9733e-12 3.0722e-12 3.08e-12 3.5444e-12 2.2042e-12 -1.8014e-12 -8.5777e-13 1.1044e-12 -1.5863e-13 -1.7437e-12 5.6095e-13 2.0768e-13 3.6838e-13 1.6632e-12 9.4317e-13 1.4142e-12 4.1749e-13 -1.5883e-12 -2.3967e-13 5.2853e-13 -1.3201e-12 2.9157e-13 1.3514e-13 1.019e-13 -3.8143e-13 2.9918e-13 9.1246e-14 2.4044e-13 -4.043e-14 5.177e-16 -3.1431e-15
2.7835e-12 -2.7326e-12 -7.8326e-12 4.2963e-12 4.6439e-13 -2.5722e-12 1.3617e-11 1.863e-11 1.4918e-11 1.6865e-12 2.9299e-12 1.027e-11 1.3859e-11 1.6719e-11 7.1159e-12 1.2372e-11 7.382e-12 4.4537e-11 6.7493e-12 1.0561e-12 7.9397e-12 7.0451e-12 6.3515e-12 1.4449e-11 7.7254e-12 4.618e-12 1.5634e-12 6.1111e-12 9.1153e-12 2.4062e-12 5.1482e-12 -4.8155e-12 3.0257e-12 5.0204e-12 -6.1969e-12 -4.1139e-12 3.2128e-12 4.8504e-13 -2.2914e-12 3.1322e-12 5.7733e-13 4.5054e-12 3.7001e-12 -3.7756e-12 8.574e-13 -2.2439e-12 4.7106e-12 2.4407e-12 5.9774e-13 -6.4408e-13 -8.4393e-13 5.7761e-13 5.1583e-13 2.4511e-12 1.0175e-12 1.4323e-12 1.0152e-12 2.6428e-12 1.3589e-12 2.7219e-12 -1.5521e-12 -3.8215e-13 2.2925e-13 5.926e-13 -3.3725e-12 6.9441e-13 -1.2403e-12 -1.3404e-12 -1.4097e-13 -8.4293e-14 -1.3652e-13 2.3459e-13 -5.7854e-14 5.6679e-14 9.1378e-15
-4.1656e-12 3.0995e-12 4.8107e-12 -1.2592e-12 -3.287e-12 8.954e-13 6.544e-12 3.6511e-12 2.2055e-12 3.5462e-12 5.7763e-12 5.2487e-12 4.3019e-12 2.7427e-12 3.1498e-12 4.8433e-12 2.5224e-13 6.7493e-12 1.3832e-11 2.9037e-12 6.2064e-12 4.358e-12 4.8705e-12 4.9443e-12 3.3969e-12 9.4956e-12 3.5077e-12 1.4706e-12 3.4737e-12 3.8088e-12 3.4885e-12 4.2926e-12 5.8329e-13 2.8425e-12 2.345e-12 -2.8889e-13 1.9921e-12 3.4329e-12 1.9705e-12 9.6741e-13 1.0797e-12 1.7218e-12 2.1665e-12 -1.3962e-13 5.0168e-13 -4.682e-13 2.218e-12 -1.5641e-12 1.2582e-12 -1.2598e-12 2.8646e-12 -1.812e-13 1.7001e-12 3.7755e-12 2.1066e-12 6.1333e-13 3.0637e-13 6.1589e-13 9.568e-13 -1.1502e-12 5.4775e-13 6.5528e-13 4.6318e-13 4.0981e-13 1.8849e-14 -3.0346e-13 -9.6263e-13 -1.1417e-13 -3.3031e-13 -6.773e-14 5.9378e-14 -8.05e-14 7.8517e-14 -1.4388e-14 -2.1399e-15
1.75e-12 1.912e-12 -1.3243e-12 4.9952e-12 -2.8484e-12 2.1306e-12 1.646e-13 6.142e-12 2.2813e-15 2.846e-12 5.0867e-12 2.4855e-12 6.6167e-12 8.6324e-12 4.88e-12 2.1749e-12 2.1813e-12 1.0561e-12 2.9037e-12 2.0009e-11 7.9662e-12 3.2194e-12 5.1173e-12 3.6028e-12 5.2855e-12 3.0087e-12 6.1421e-12 4.8913e-12 4.5292e-12 7.5669e-12 5.3485e-12 3.3949e-12 -1.7071e-12 3.9185e-12 1.8022e-12 -1.2271e-13 -1.2204e-12 1.8025e-12 -6.5213e-13 8.414e-13 2.1254e-12 1.5035e-12 5.488e-13 9.5456e-13 3.5963e-13 1.1882e-12 -8.0925e-13 -3.0025e-12 1.5078e-12 -9.2616e-13 -4.7712e-13 1.6308e-12 -2.0437e-12 1.2069e-12 -1.271e-12 -1.4646e-12 8.6949e-13 1.0014e-12 -1.3223e-12 1.5679e-12 -3.152e-13 -8.264e-13 -2.8737e-13 1.0616e-12 -1.1404e-12 -6.5603e-13 3.243e-13 1.8071e-13 -1.1949e-12 -1.7097e-14 -1.5961e-13 7.3448e-14 5.1402e-15 -1.3185e-14 -1.1607e-14
-5.3759e-12 -2.526e-12 -5.3572e-12 6.0529e-12 2.3129e-12 -1.5756e-12 9.0351e-13 3.2412e-12 1.2088e-12 8.7607e-12 8.2834e-12 6.7947e-12 6.7134e-12 9.3861e-12 7.7535e-12 6.5123e-12 6.387e-12 7.9397e-12 6.2064e-12 7.9662e-12 2.4896e-11 6.4892e-12 8.1652e-12 7.1431e-12 3.6785e-12 5.3521e-12 4.4736e-12 5.4619e-12 1.3282e-12 5.0032e-12 7.958e-12 2.2967e-12 1.7821e-12 2.6235e-12 2.0486e-13 -1.5635e-12 1.0267e-13 1.7579e-12 1.6236e-12 -1.6322e-12 -7.8623e-13 3.2458e-12 -8.8235e-13 -1.9993e-12 3.0496e-12 1.6143e-12 1.666e-12 9.1525e-13 2.6279e-12 -7.6019e-13 -1.906e-12 -1.3624e-12 -1.6989e-12 -6.4272e-14 1.2033e-12 -2.1583e-12 -1.6826e-12 1.4119e-12 -1.2563e-12 1.2147e-12 1.0934e-12 -1.5531e-12 -5.0478e-13 7.6388e-13 -4.0432e-13 -2.6608e-13 -4.7919e-13 6.6887e-13 -4.0093e-13 3.4536e-13 -5.8142e-13 2.1454e-13 5.7611e-15 1.2522e-15 -2.8035e-15
-6.7157e-12 -4.5972e-12 -2.1468e-12 4.0018e-12 3.4875e-13 2.9643e-12 1.0281e-11 6.9008e-12 1.0434e-11 4.0223e-12 2.8051e-12 2.6059e-12 1.1052e-11 1.1736e-11 5.2388e-12 9.7122e-12 5.5542e-13 7.0451e-12 4.358e-12 3.2194e-12 6.4892e-12 2.2607e-11 4.3903e-12 3.6279e-12 9.4496e-12 4.9725e-12 1.013e-12 7.2269e-12 3.7909e-12 5.7238e-12 4.9458e-12 3.8289e-12 1.5677e-12 4.0456e-12 1.3785e-12 2.774e-12 -7.1466e-13 -6.9274e-13 -1.747e-12 -1.0658e-12 1.5566e-12 -7.5079e-13 3.172e-13 2.0529e-12 2.6959e-12 3.467e-12 -5.8067e-13 -2.8901e-13 1.827e-12 2.12e-13 2.5417e-13 3.3367e-14 1.9269e-12 2.6614e-12 1.1047e-12 -1.5605e-12 -8.9917e-13 1.0928e-13 8.4352e-13 -3.6759e-13 1.9835e-12 -1.8848e-12 -1.3868e-12 1.6176e-12 -9.5386e-13 -4.3764e-13 -1.9881e-13 -4.3215e-13 6.3647e-13 3.2538e-13 -2.8697e-13 5.6852e-14 1.1355e-14 -1.1754e-14 -7.4436e-15
-5.8156e-12 2.5017e-12 -2.1288e-12 4.2737e-12 2.6194e-12 3.6511e-12 7.8154e-12 -9.0343e-14 3.7091e-12 2.446e-12 1.0236e-11 8.133e-12 3.9609e-12 2.5207e-12 8.7955e-12 9.0362e-12 5.2541e-12 6.3515e-12 4.8705e-12 5.1173e-12 8.1652e-12 4.3903e-12 1.7726e-11 6.4219e-12 2.8154e-12 3.6296e-12 2.5996e-12 4.4287e-12 6.1315e-12 4.0064e-12 4.5975e-12 3.3633e-12 9.5591e-13 2.9394e-12 1.9805e-12 9.9516e-13 -3.3438e-12 2.9669e-12 2.8057e-12 1.1932e-13 1.5445e-12 2.9897e-12 6.9101e-13 3.9514e-13 2.711e-12 9.287e-13 1.2609e-12 -1.8481e-12 2.1973e-12 -4.4408e-13 -1.7306e-12 3.0703e-14 -1.1234e-12 2.8106e-12 7.073e-13 -2.6387e-13 5.578e-13 1.679e-12 1.0504e-12 1.1004e-12 -6.103e-13 1.7108e-12 3.4821e-14 1.0815e-12 -1.3561e-12 4.2526e-13 7.716e-14 5.7572e-14 -6.9716e-13 -4.0677e-13 -2.2394e-13 1.3454e-13 5.7307e-14 2.7698e-15 -1.0488e-14
-8.2864e-13 -2.6143e-12 -3.4576e-12 4.9642e-12 -3.4334e-12 1.2765e-12 1.3996e-11 5.4285e-12 8.0998e-12 8.9486e-12 4.9383e-12 2.1501e-12 1.1685e-11 8.6686e-12 2.7977e-12 1.02e-11 5.8202e-12 1.4449e-11 4.9443e-12 3.6028e-12 7.1431e-12 3.6279e-12 6.4219e-12 2.877e-11 5.2506e-12 4.1484e-12 4.6158e-12 2.674e-12 3.9945e-12 5.0708e-12 5.7067e-12 -9.3666e-13 -4.1675e-12 1.2998e-12 -1.6282e-12 -3.5626e-12 2.76e-12 1.8975e-12 2.4813e-12 7.6451e-13 1.0285e-12 2.7929e-12 1.4587e-12 -2.626e-12 2.9615e-12 -1.5584e-12 -5.9007e-13 1.4607e-12 2.4042e-12 -3.9469e-12 -2.4216e-12 2.2786e-13 -4.2859e-13 1.3272e-12 -9.3278e-13 3.2646e-12 -9.8926e-13 -7.7951e-13 4.5548e-13 2.3885e-12 -8.5958e-13 1.0524e-13 -8.5782e-13 1.3033e-13 -1.9891e-12 5.2579e-13 -8.4968e-13 -6.928e-13 -3.6553e-13 -3.7046e-13 3.234e-13 1.6429e-13 -7.5045e-14 -2.689e-14 -8.966e-15
-2.7144e-12 1.5815e-12 2.6301e-12 8.6446e-12 5.6664e-13 -6.3273e-13 7.0509e-12 1.1396e-11 4.184e-12 1.2934e-12 1.4811e-11 -1.984e-12 5.2203e-12 1.2094e-11 9.3441e-12 7.5919e-12 8.4138e-12 7.7254e-12 3.3969e-12 5.2855e-12 3.6785e-12 9.4496e-12 2.8154e-12 5.2506e-12 2.6445e-11 8.8561e-12 8.4205e-12 4.9255e-12 3.0002e-12 2.8432e-12 1.8876e-12 9.1776e-13 4.2023e-12 8.189e-12 3.8424e-13 7.8223e-14 3.4414e-13 -2.228e-13 -9.4071e-13 1.9066e-12 3.5966e-13 -4.3943e-12 3.4978e-12 -6.5066e-14 5.5104e-12 4.2237e-12 -2.8527e-12 1.6373e-12 -9.4398e-13 -1.0604e-12 5.435e-13 1.1895e-12 -1.3507e-12 1.4005e-12 1.8049e-12 8.9284e-14 -3.8084e-13 2.7844e-12 1.5664e-12 1.5063e-12 4.1871e-13 -3.2058e-12 3.5407e-13 2.2057e-12 -2.445e-12 -7.4138e-13 6.3236e-13 -7.3924e-13 -1.8731e-13 4.6156e-14 2.1265e-13 -4.99e-14 -2.3868e-14 -2.5013e-14 1.6621e-14
-1.1859e-12 4.4185e-12 2.7999e-12 3.5506e-12 -2.4153e-12 1.5719e-12 6.5713e-12 5.6972e-12 5.974e-13 3.4583e-12 1.3674e-11 3.5816e-12 4.3144e-12 6.9332e-12 6.5105e-12 4e-12 2.529e-12 4.618e-12 9.4956e-12 3.0087e-12 5.3521e-12 4.9725e-12 3.6296e-12 4.1484e-12 8.8561e-12 1.9419e-11 6.3537e-12 2.3443e-12 2.9768e-12 3.4062e-12 3.5334e-12 3.5303e-12 -1.263e-12 4.166e-12 3.8352e-13 5.7614e-14 2.5365e-12 1.9592e-12 -3.8127e-13 3.6692e-12 1.9785e-12 7.8738e-14 1.2006e-13 7.5219e-13 1.7542e-12 1.5591e-12 1.3869e-12 2.3396e-12 7.7654e-13 -4.9419e-13 2.9413e-12 1.3362e-12 -1.7213e-12 2.2407e-12 1.1367e-12 9.9414e-13 9.5695e-13 9.2166e-13 -6.6008e-13 -1.8598e-12 9.0521e-13 -6.1211e-13 1.7323e-12 2.6864e-13 -8.2302e-13 -1.1328e-12 -2.5548e-13 -1.7016e-13 2.8547e-13 -2.9544e-13 2.5071e-13 8.1141e-14 2.7648e-15 -4.6671e-15 -3.707e-15
-3.2803e-13 1.5913e-12 -2.5967e-13 6.1231e-13 -1.0807e-12 1.5535e-13 6.0582e-12 3.7713e-12 9.2099e-13 8.8847e-13 8.3112e-12 5.2206e-12 1.0725e-11 6.1039e-12 4.8223e-12 3.1321e-12 6.2981e-12 1.5634e-12 3.5077e-12 6.1421e-12 4.4736e-12 1.013e-12 2.5996e-12 4.6158e-12 8.4205e-12 6.3537e-12 1.5265e-11 4.3354e-12 5.9698e-12 -8.43e-13 5.2776e-12 4.2815e-12 3.6865e-12 3.8341e-12 2.0303e-12 -3.3084e-13 -2.0342e-13 3.0421e-12 3.4367e-12 2.7172e-12 1.4146e-12 9.3583e-14 -9.2027e-15 -5.2922e-13 2.7646e-12 8.9559e-13 -2.0874e-13 2.3167e-12 4.3445e-13 -2.4413e-12 -3.6826e-13 -7.2709e-13 -6.0484e-13 6.0375e-14 1.3975e-12 -1.1523e-12 -2.4411e-13 4.4145e-13 -2.3498e-13 -7.7698e-14 3.6122e-14 -1.4786e-12 6.9924e-13 3.0742e-13 -1.6079e-12 8.2447e-15 -2.65e-13 4.3867e-13 -2.0951e-13 -5.1331e-13 -6.6071e-14 1.1677e-13 1.0913e-14 -1.4671e-14 1.1466e-14
6.8756e-13 -7.3777e-13 -8.5404e-13 1.4299e-12 -4.6308e-13 3.5991e-12 6.6415e-12 1.6945e-12 8.7459e-12 2.0201e-12 7.5621e-12 3.7e-12 9.28e-12 1.1504e-11 2.2427e-12 4.9196e-12 5.0462e-12 6.1111e-12 1.4706e-12 4.8913e-12 5.4619e-12 7.2269e-12 4.4287e-12 2.674e-12 4.9255e-12 2.3443e-12 4.3354e-12 1.6257e-11 3.9214e-12 2.7452e-12 7.1548e-12 3.1516e-13 4.0146e-13 3.5579e-12 -5.5964e-13 2.8539e-12 -1.8486e-12 -9.8551e-13 -4.3051e-14 4.5024e-13 1.0934e-12 -2.7056e-13 -4.0614e-13 -7.4577e-13 3.1049e-12 4.9784e-14 2.5554e-12 1.2086e-12 2.2027e-12 -3.2096e-13 -1.272e-12 -1.1349e-13 1.3312e-12 9.5293e-13 2.5874e-13 3.338e-13 -2.1266e-13 -7.0105e-13 -1.04e-12 9.2237e-13 3.6264e-13 -2.3079e-13 1.859e-13 -3.0478e-13 1.8872e-13 3.4634e-13 -3.3325e-13 -7.5312e-13 -6.94e-13 3.3288e-13 -1.0979e-13 1.1428e-13 4.6575e-14 1.5043e-14 -5.2417e-15
1.2354e-12 3.2977e-12 5.4329e-13 -2.7294e-13 -6.8561e-13 -7.6553e-13 6.6952e-12 8.011e-12 1.0921e-11 -2.959e-12 5.7552e-12 1.1895e-11 1.1305e-11 4.934e-12 1.0354e-11 5.1484e-12 -5.5966e-13 9.1153e-12 3.4737e-12 4.5292e-12 1.3282e-12 3.7909e-12 6.1315e-12 3.9945e-12 3.0002e-12 2.9768e-12 5.9698e-12 3.9214e-12 2.0814e-11 2.1167e-12 1.4e-12 2.3254e-12 4.7921e-12 4.7671e-12 1.5478e-12 -5.2053e-13 -8.0305e-13 3.49e-12 7.7179e-13 -1.7171e-13 -9.9589e-13 2.904e-12 -8.7492e-13 -5.417e-13 4.4533e-12 -1.753e-12 1.3588e-12 4.4033e-13 -3.175e-14 6.0814e-13 -1.7344e-12 6.6224e-13 -7.4462e-14 4.4815e-12 7.0211e-13 2.2315e-12 3.4895e-13 1.5243e-13 -2.0466e-13 8.3169e-13 1.2075e-12 1.1904e-12 1.3464e-13 1.0319e-12 -8.631e-13 5.3096e-13 -1.3327e-13 6.7927e-14 -2.4185e-13 -3.8398e-13 -4.479e-13 -4.0374e-14 -5.4017e-14 3.5415e-14 3.7786e-15
1.3072e-12 1.4785e-12 4.1295e-12 2.424e-12 -4.2452e-12 3.501e-12 2.4861e-12 8.5438e-12 9.7346e-12 6.2137e-12 4.6416e-12 4.565e-12 7.5341e-12 6.9076e-12 4.541e-12 4.8003e-12 1.3963e-12 2.4062e-12 3.8088e-12 7.5669e-12 5.0032e-12 5.7238e-12 4.0064e-12 5.0708e-12 2.8432e-12 3.4062e-12 -8.43e-13 2.7452e-12 2.1167e-12 1.6175e-11 6.0868e-12 1.8961e-12 -4.7819e-13 4.0653e-12 6.7616e-13 1.4915e-12 -4.7923e-13 2.1827e-12 2.7834e-12 1.2371e-12 7.7151e-13 1.2946e-13 6.4974e-13 8.1627e-13 7.6926e-13 2.011e-12 -2.0849e-13 -1.4234e-12 4.0119e-12 -1.0285e-12 2.6409e-13 1.4549e-12 -9.8843e-13 1.9887e-12 -8.2179e-13 -8.467e-13 -1.7456e-12 1.7856e-12 -6.3675e-13 1.0603e-12 1.3638e-12 1.3632e-12 8.4323e-14 1.7004e-12 -4.9957e-13 -1.5808e-13 1.9563e-13 -2.3724e-13 -5.8963e-13 3.6243e-13 -1.5943e-13 1.2546e-13 -7.0443e-14 -3.3096e-14 1.1993e-15
2.2744e-12 -2.0448e-12 -3.2594e-12 1.3821e-12 2.4481e-12 3.0566e-12 4.7824e-12 4.8999e-12 5.3154e-12 5.0466e-12 5.6738e-12 3.9541e-12 1.372e-11 6.3556e-12 4.2039e-12 6.2404e-12 4.1481e-12 5.1482e-12 3.4885e-12 5.3485e-12 7.958e-12 4.9458e-12 4.5975e-12 5.7067e-12 1.8876e-12 3.5334e-12 5.2776e-12 7.1548e-12 1.4e-12 6.0868e-12 1.2862e-11 3.0534e-12 4.6569e-13 3.1981e-12 1.7055e-13 -6.5457e-13 1.4651e-13 3.6957e-12 1.671e-12 1.9749e-12 2.0074e-12 4.9466e-13 -4.3313e-13 4.4107e-13 5.8508e-13 -1.5652e-13 1.9375e-12 9.1098e-13 3.479e-12 -1.7037e-12 -2.3654e-12 -4.9188e-13 1.1705e-12 2.5477e-13 -1.3711e-13 -1.5076e-12 -1.214e-12 4.0938e-13 -5.0677e-13 2.945e-13 7.0436e-13 -7.2163e-13 8.2616e-13 -6.4448e-13 -1.3848e-12 1.9631e-13 -7.7823e-13 5.6135e-14 -3.8564e-13 2.2091e-14 -8.5246e-15 3.0408e-13 5.9992e-14 -1.6043e-14 -4.4072e-16
-7.9879e-12 -3.912e-13 2.9733e-12 -4.3863e-13 -1.4303e-12 2.3641e-12 4.0559e-12 1.8209e-12 2.7541e-12 1.7926e-12 5.9852e-12 2.6694e-12 6.1288e-12 2.5451e-13 7.6199e-12 9.8893e-15 -3.1603e-12 -4.8155e-12 4.2926e-12 3.3949e-12 2.2967e-12 3.8289e-12 3.3633e-12 -9.3666e-13 9.1776e-13 3.5303e-12 4.2815e-12 3.1516e-13 2.3254e-12 1.8961e-12 3.0534e-12 1.1799e-11 2.4437e-12 1.412e-12 4.0903e-12 7.2194e-13 -1.3543e-12 1.0961e-12 1.7201e-12 9.7841e-14 2.253e-12 -2.9354e-13 1.2122e-12 9.5112e-13 -1.8268e-12 -2.7102e-13 -7.2388e-13 -1.4167e-12 -7.9181e-15 -2.0998e-13 -2.9446e-13 -1.4869e-12 -4.3164e-14 1.4164e-12 -1.4826e-13 -5.8794e-13 -7.495e-13 -9.4077e-13 2.1067e-13 -1.7368e-12 2.0154e-12 -9.9612e-13 -2.1262e-13 8.8548e-13 6.8432e-14 -4.2646e-13 -2.7544e-13 3.938e-13 4.3788e-14 -3.5827e-13 -4.3262e-13 -7.1483e-14 -6.5275e-15 -6.9372e-16 1.0163e-14
-3.7905e-12 -4.1685e-12 4.0261e-12 -2.4792e-12 1.1588e-12 7.2727e-13 -8.1529e-13 2.9301e-12 6.4535e-12 2.467e-12 1.0165e-12 4.9577e-12 3.5056e-12 -1.1618e-12 5.3241e-12 2.3208e-12 4.7092e-13 3.0257e-12 5.8329e-13 -1.7071e-12 1.7821e-12 1.5677e-12 9.5591e-13 -4.1675e-12 4.2023e-12 -1.263e-12 3.6865e-12 4.0146e-13 4.7921e-12 -4.7819e-13 4.6569e-13 2.4437e-12 1.2948e-11 5.345e-13 -1.1433e-13 4.8632e-13 -1.9818e-12 1.0979e-12 2.6215e-13 6.8182e-13 -4.3701e-13 -1.43e-12 -6.058e-13 -1.7774e-12 1.3666e-12 -7.6964e-13 6.0874e-13 1.0876e-13 -4.3517e-13 2.0223e-13 3.9517e-13 -7.6219e-13 -5.8056e-15 6.9863e-13 2.1224e-12 -2.8235e-12 -1.0215e-12 3.5934e-13 -3.9266e-13 -8.8037e-13 6.3781e-13 -2.7635e-13 3.6774e-13 6.3691e-13 -8.2815e-13 3.4058e-13 2.2908e-13 2.6462e-14 1.5257e-13 -5.8067e-14 -2.8627e-13 1.3181e-14 6.3205e-14 -1.9667e-16 2.026e-14
-5.956e-13 5.0892e-12 2.2868e-12 3.9373e-12 -1.0617e-12 -5.9219e-13 1.8028e-12 6.6261e-12 2.3373e-12 -2.537e-12 2.819e-12 1.4184e-12 3.7491e-12 6.6735e-12 4.9389e-12 1.4611e-12 3.2533e-12 5.0204e-12 2.8425e-12 3.9185e-12 2.6235e-12 4.0456e-12 2.9394e-12 1.2998e-12 8.189e-12 4.166e-12 3.8341e-12 3.5579e-12 4.7671e-12 4.0653e-12 3.1981e-12 1.412e-12 5.345e-13 1.0919e-11 6.4889e-13 -1.6008e-12 4.1461e-13 4.2312e-13 -6.9947e-13 2.7897e-12 2.0045e-12 -4.0534e-13 3.0088e-12 -5.5631e-13 2.4332e-12 6.0895e-13 -7.4893e-13 4.255e-13 -2.0673e-13 -1.0635e-13 -2.4184e-13 8.4003e-13 -9.7237e-13 1.8956e-12 -1.8516e-13 2.0439e-13 -5.8548e-13 1.8588e-12 6.9418e-13 -4.531e-13 3.2709e-13 -5.6763e-13 7.8972e-14 1.1815e-12 -2.7974e-13 -4.4339e-13 4.4351e-13 -1.6856e-13 -2.4324e-13 -5.4909e-14 1.7809e-14 1.7515e-13 -8.04e-14 -1.8918e-14 -3.4103e-16
2.7595e-12 1.7447e-12 3.3089e-12 -2.9956e-12 -1.0674e-12 -1.5646e-12 3.5288e-12 3.7431e-14 -2.3726e-13 -4.7797e-13 3.4194e-12 1.0539e-12 3.0423e-12 -5.5035e-12 4.0726e-12 -3.6892e-12 -4.4876e-12 -6.1969e-12 2.345e-12 1.8022e-12 2.0486e-13 1.3785e-12 1.9805e-12 -1.6282e-12 3.8424e-13 3.8352e-13 2.0303e-12 -5.5964e-13 1.5478e-12 6.7616e-13 1.7055e-13 4.0903e-12 -1.1433e-13 6.4889e-13 9.4683e-12 1.1054e-12 -1.6653e-12 3.7885e-13 2.8965e-12 -6.9755e-13 -1.95e-12 -4.6877e-13 8.347e-13 1.5924e-12 -3.4865e-13 -5.2281e-13 -1.1738e-12 -1.5945e-12 1.0789e-12 -5.7198e-13 -1.4613e-12 -8.0183e-14 1.4476e-13 4.9259e-13 -5.2641e-13 7.3414e-13 -9.1306e-13 1.0435e-12 5.2726e-13 3.9885e-13 5.9488e-13 -2.5394e-13 3.3302e-14 4.238e-13 2.3209e-13 -4.1608e-13 -4.8177e-13 -1.4068e-13 -2.3356e-14 8.8483e-15 -2.5655e-13 -2.64e-13 4.8096e-14 -3.0664e-14 9.6595e-15
-1.6511e-12 3.0639e-13 1.0701e-12 -2.8777e-12 -9.3672e-13 -8.8808e-13 1.5932e-12 -4.954e-12 2.5795e-12 -1.6467e-14 5.4898e-12 1.6264e-12 -7.5054e-13 1.6627e-12 5.34e-13 1.4418e-12 2.0114e-13 -4.1139e-12 -2.8889e-13 -1.2271e-13 -1.5635e-12 2.774e-12 9.9516e-13 -3.5626e-12 7.8223e-14 5.7614e-14 -3.3084e-13 2.8539e-12 -5.2053e-13 1.4915e-12 -6.5457e-13 7.2194e-13 4.8632e-13 -1.6008e-12 1.1054e-12 7.4655e-12 -1.9617e-12 -2.1904e-12 2.1867e-12 -1.5657e-12 1.2438e-12 -1.0931e-12 4.6793e-13 8.2915e-13 1.1535e-12 2.0164e-12 2.1058e-12 9.1585e-13 1.2501e-12 -7.1006e-13 7.7867e-13 3.0776e-13 3.6651e-13 4.8113e-13 2.7355e-13 -1.4827e-13 -6.3857e-13 -1.9002e-13 8.7547e-13 -4.2767e-13 -2.9446e-13 1.8733e-13 8.4129e-13 1.0349e-12 5.7719e-13 -1.0113e-13 -2.0359e-13 -1.5133e-13 -2.2508e-13 -8.2602e-15 2.0208e-14 -2.2101e-13 4.5059e-14 6.5409e-15 2.1261e-15
3.1669e-12 3.4326e-12 1.6018e-12 1.8212e-12 1.9896e-12 -4.303e-13 -2.3396e-13 4.1039e-12 -4.0867e-12 6.3784e-13 -3.0027e-12 -1.818e-13 3.961e-13 2.7018e-12 1.1838e-12 -9.4731e-13 3.6528e-13 3.2128e-12 1.9921e-12 -1.2204e-12 1.0267e-13 -7.1466e-13 -3.3438e-12 2.76e-12 3.4414e-13 2.5365e-12 -2.0342e-13 -1.8486e-12 -8.0305e-13 -4.7923e-13 1.4651e-13 -1.3543e-12 -1.9818e-12 4.1461e-13 -1.6653e-12 -1.9617e-12 6.7044e-12 1.3518e-12 2.2766e-13 4.9462e-13 1.8138e-12 -5.4722e-13 1.4704e-13 6.2573e-13 8.435e-13 -1.6737e-12 -1.3451e-13 1.4966e-12 -3.9759e-13 5.7562e-13 1.7581e-12 2.8894e-13 3.7905e-13 4.8926e-13 -1.0054e-12 1.997e-13 7.4423e-13 2.6904e-13 1.5233e-13 -4.4297e-13 9.2898e-13 -3.4991e-13 1.1685e-13 -4.8281e-13 -1.4232e-13 -1.532e-14 -2.1127e-13 -4.6356e-13 3.845e-14 3.7756e-14 4.3804e-13 1.169e-13 -6.7009e-14 -1.0011e-15 -2.0974e-15
1.621e-12 2.7109e-12 3.217e-12 -1.8696e-12 1.5305e-12 2.7875e-12 1.8774e-12 4.8496e-12 -3.5382e-15 -1.8962e-13 1.0252e-12 4.1504e-12 5.434e-12 2.0603e-12 1.9613e-12 5.7647e-12 6.6574e-13 4.8504e-13 3.4329e-12 1.8025e-12 1.7579e-12 -6.9274e-13 2.9669e-12 1.8975e-12 -2.228e-13 1.9592e-12 3.0421e-12 -9.8551e-13 3.49e-12 2.1827e-12 3.6957e-12 1.0961e-12 1.0979e-12 4.2312e-13 3.7885e-13 -2.1904e-12 1.3518e-12 7.8328e-12 1.2152e-12 1.2596e-12 1.4187e-12 9.5501e-13 -6.2063e-13 4.4245e-13 2.6041e-12 -4.4298e-13 5.7209e-14 -1.0357e-12 1.454e-12 6.2848e-13 1.5696e-12 4.2029e-13 4.4481e-13 9.5204e-13 9.1601e-13 -7.5988e-13 7.397e-13 7.0466e-13 3.9273e-13 -2.1151e-13 1.3718e-12 7.634e-13 4.5345e-13 -3.7284e-13 -1.3886e-12 2.3191e-13 -8.9073e-14 2.5353e-13 4.3525e-13 -1.4766e-13 1.523e-14 2.6962e-13 2.3224e-14 -8.9044e-15 -1.5839e-15
2.2497e-12 2.312e-12 -1.0536e-12 7.0716e-13 -9.5607e-13 -1.2624e-12 4.501e-12 -2.6297e-12 -7.9092e-14 7.1511e-12 6.2778e-12 2.4777e-12 3.5546e-12 7.1091e-13 1.1147e-12 2.2278e-12 2.4111e-12 -2.2914e-12 1.9705e-12 -6.5213e-13 1.6236e-12 -1.747e-12 2.8057e-12 2.4813e-12 -9.4071e-13 -3.8127e-13 3.4367e-12 -4.3051e-14 7.7179e-13 2.7834e-12 1.671e-12 1.7201e-12 2.6215e-13 -6.9947e-13 2.8965e-12 2.1867e-12 2.2766e-13 1.2152e-12 1.1067e-11 -1.4769e-12 5.5922e-13 1.593e-12 2.4632e-13 -2.6247e-13 1.4649e-12 8.0321e-14 1.0521e-12 8.0208e-13 2.1829e-12 -1.8329e-13 -1.565e-12 -7.7054e-13 1.5521e-12 1.0506e-12 -6.1365e-14 -5.6348e-13 -1.822e-12 -7.3838e-14 1.5615e-13 3.299e-13 -3.7189e-13 5.4903e-13 3.0116e-13 8.418e-14 -2.0674e-13 5.9769e-13 -7.5088e-13 6.5407e-15 -7.3989e-13 8.1398e-14 -1.254e-13 -1.421e-13 1.0307e-14 -2.1115e-14 5.6868e-15
4.4142e-13 2.806e-12 4.162e-12 -1.2031e-12 2.3329e-13 1.3843e-12 -6.6041e-14 3.4306e-12 7.5428e-13 -2.1583e-12 2.6263e-12 -1.5753e-12 1.512e-12 -1.3337e-12 4.591e-13 3.0279e-13 8.5091e-13 3.1322e-12 9.6741e-13 8.414e-13 -1.6322e-12 -1.0658e-12 1.1932e-13 7.6451e-13 1.9066e-12 3.6692e-12 2.7172e-12 4.5024e-13 -1.7171e-13 1.2371e-12 1.9749e-12 9.7841e-14 6.8182e-13 2.7897e-12 -6.9755e-13 -1.5657e-12 4.9462e-13 1.2596e-12 -1.4769e-12 8.1716e-12 2.7215e-12 -4.923e-13 2.0842e-12 6.6832e-13 -1.4192e-12 5.4915e-13 -1.6733e-12 3.6178e-13 5.4569e-13 6.9557e-13 1.1265e-12 -2.5656e-13 -2.2371e-12 8.5691e-13 1.3613e-12 -2.1675e-13 1.9346e-13 1.7916e-12 -3.814e-13 -1.2655e-12 -5.0791e-13 4.7951e-15 9.108e-14 3.3359e-14 -3.0785e-13 -3.193e-14 2.0841e-13 -4.5234e-14 1.0138e-13 -2.4067e-13 2.2654e-13 2.242e-13 3.0354e-14 -1.0615e-14 1.2228e-15
-2.6959e-12 3.5694e-12 3.9581e-12 2.7942e-12 -2.4437e-12 5.2669e-13 -9.5582e-13 2.2176e-13 -1.694e-13 -5.8943e-13 3.4919e-12 -2.3671e-12 2.2105e-12 2.695e-12 2.2468e-12 5.2812e-12 -1.5017e-13 5.7733e-13 1.0797e-12 2.1254e-12 -7.8623e-13 1.5566e-12 1.5445e-12 1.0285e-12 3.5966e-13 1.9785e-12 1.4146e-12 1.0934e-12 -9.9589e-13 7.7151e-13 2.0074e-12 2.253e-12 -4.3701e-13 2.0045e-12 -1.95e-12 1.2438e-12 1.8138e-12 1.4187e-12 5.5922e-13 2.7215e-12 9.2676e-12 1.806e-13 7.021e-13 -7.9189e-13 1.026e-12 -2.2777e-13 6.5811e-13 1.5864e-13 -4.7697e-14 9.9522e-13 2.0086e-12 5.1364e-13 -8.8416e-13 2.1124e-12 4.5409e-13 -1.2017e-12 1.0847e-12 -9.4398e-13 -7.1688e-13 -1.8459e-12 -2.5076e-13 2.1795e-13 2.625e-13 -3.1685e-13 -6.8166e-13 8.3442e-14 4.5234e-13 -2.0874e-13 -1.3663e-13 -2.6734e-13 4.3811e-13 1.0611e-13 -3.3882e-14 -6.1462e-15 -1.9028e-15
4.2535e-12 6.3854e-13 -4.7428e-12 9.9449e-13 -3.7739e-13 -2.331e-12 -1.6755e-12 -4.6587e-12 3.1525e-12 2.0564e-12 -4.599e-13 3.8233e-12 -4.2532e-13 -3.4992e-13 -1.0547e-12 2.0664e-12 -2.9834e-13 4.5054e-12 1.7218e-12 1.5035e-12 3.2458e-12 -7.5079e-13 2.9897e-12 2.7929e-12 -4.3943e-12 7.8738e-14 9.3583e-14 -2.7056e-13 2.904e-12 1.2946e-13 4.9466e-13 -2.9354e-13 -1.43e-12 -4.0534e-13 -4.6877e-13 -1.0931e-12 -5.4722e-13 9.5501e-13 1.593e-12 -4.923e-13 1.806e-13 7.8859e-12 -5.3168e-13 -1.7184e-12 -2.2758e-13 -1.6411e-12 7.1756e-13 -1.0082e-13 3.0068e-13 1.8326e-13 -7.1449e-13 -2.0596e-12 3.4851e-13 7.428e-13 -1.0252e-12 6.3671e-14 -6.6717e-14 -6.8473e-13 -1.5392e-13 -4.1465e-14 -4.9019e-13 5.6368e-13 -1.1331e-12 -5.931e-13 -5.7757e-13 -1.0061e-15 -3.079e-13 -5.1248e-14 -3.6958e-13 -2.466e-13 -1.6711e-13 7.8291e-14 2.7067e-14 -9.2373e-17 -2.5183e-14
-1.3853e-12 3.4078e-12 4.5327e-12 -4.2564e-12 -1.7287e-12 -2.8695e-12 3.1533e-12 2.3942e-12 -6.8934e-13 -1.2929e-12 2.2379e-12 -8.8809e-13 1.8497e-12 2.2615e-12 1.7438e-12 7.2102e-13 1.4589e-12 3.7001e-12 2.1665e-12 5.488e-13 -8.8235e-13 3.172e-13 6.9101e-13 1.4587e-12 3.4978e-12 1.2006e-13 -9.2027e-15 -4.0614e-13 -8.7492e-13 6.4974e-13 -4.3313e-13 1.2122e-12 -6.058e-13 3.0088e-12 8.347e-13 4.6793e-13 1.4704e-13 -6.2063e-13 2.4632e-13 2.0842e-12 7.021e-13 -5.3168e-13 6.695e-12 3.0561e-13 -2.415e-13 -2.4886e-13 1.0513e-12 -1.3483e-12 4.3618e-13 -8.432e-13 8.5725e-14 -3.0353e-13 -8.5463e-13 1.989e-13 5.7346e-13 1.5534e-12 -1.3033e-12 1.7854e-12 1.4601e-12 1.1274e-14 -3.343e-13 -1.2282e-13 -4.3859e-13 1.1457e-12 -1.7014e-13 -1.6299e-13 -2.3747e-13 -2.7587e-13 -3.7254e-14 -1.8805e-13 4.6178e-16 3.9876e-14 -3.442e-14 -8.5525e-15 4.6853e-15
-1.4475e-12 -1.0364e-12 3.3927e-13 -1.9202e-12 2.8481e-12 9.3677e-13 9.3422e-13 1.8472e-13 -4.133e-12 -2.9314e-12 4.0679e-13 1.5296e-13 5.9297e-14 -5.2858e-13 -2.8365e-13 -3.7738e-13 1.1759e-13 -3.7756e-12 -1.3962e-13 9.5456e-13 -1.9993e-12 2.0529e-12 3.9514e-13 -2.626e-12 -6.5066e-14 7.5219e-13 -5.2922e-13 -7.4577e-13 -5.417e-13 8.1627e-13 4.4107e-13 9.5112e-13 -1.7774e-12 -5.5631e-13 1.5924e-12 8.2915e-13 6.2573e-13 4.4245e-13 -2.6247e-13 6.6832e-13 -7.9189e-13 -1.7184e-12 3.0561e-13 5.512e-12 -1.1121e-12 1.9223e-12 -6.856e-13 -4.942e-13 -4.3533e-14 -2.6213e-13 -1.3593e-12 5.2961e-13 3.3149e-13 -1.3376e-13 -1.8969e-13 -2.9295e-13 1.5372e-13 1.7567e-12 -3.8906e-13 -8.2181e-13 -1.4946e-13 -3.4214e-13 -5.9963e-13 7.5751e-13 4.2796e-13 -5.1229e-13 1.088e-13 1.3666e-14 7.1454e-14 -2.2799e-14 -1.8435e-13 2.5472e-14 4.6322e-14 9.023e-15 7.1831e-15
-1.1114e-12 2.0797e-12 2.1489e-12 3.7963e-13 7.8736e-13 -6.1699e-13 2.1454e-12 7.1505e-13 4.8561e-12 1.4699e-12 5.4283e-12 3.9513e-12 4.3211e-12 3.5044e-12 3.2065e-12 6.3444e-12 1.9733e-12 8.574e-13 5.0168e-13 3.5963e-13 3.0496e-12 2.6959e-12 2.711e-12 2.9615e-12 5.5104e-12 1.7542e-12 2.7646e-12 3.1049e-12 4.4533e-12 7.6926e-13 5.8508e-13 -1.8268e-12 1.3666e-12 2.4332e-12 -3.4865e-13 1.1535e-12 8.435e-13 2.6041e-12 1.4649e-12 -1.4192e-12 1.026e-12 -2.2758e-13 -2.415e-13 -1.1121e-12 8.793e-12 4.7576e-13 3.1809e-13 1.8346e-12 1.7875e-12 -3.412e-14 1.0063e-12 1.022e-12 4.1581e-13 1.1912e-12 1.4611e-12 1.3126e-13 -5.011e-13 2.9873e-14 -6.5476e-14 4.994e-13 9.7445e-13 8.1611e-13 4.4887e-13 7.2592e-13 -4.8222e-13 6.2905e-13 2.4362e-13 -1.9262e-13 1.8084e-14 -8.0009e-15 2.8051e-14 2.342e-13 -2.4281e-14 1.2441e-14 9.7497e-16
-3.8877e-12 1.7279e-12 1.5496e-12 2.3866e-12 8.4149e-13 -1.0118e-13 3.9084e-13 -5.0651e-13 3.3549e-14 -1.4997e-12 2.4099e-12 -1.1311e-12 -9.8391e-13 2.3151e-12 -3.0692e-13 2.9333e-12 3.0722e-12 -2.2439e-12 -4.682e-13 1.1882e-12 1.6143e-12 3.467e-12 9.287e-13 -1.5584e-12 4.2237e-12 1.5591e-12 8.9559e-13 4.9784e-14 -1.753e-12 2.011e-12 -1.5652e-13 -2.7102e-13 -7.6964e-13 6.0895e-13 -5.2281e-13 2.0164e-12 -1.6737e-12 -4.4298e-13 8.0321e-14 5.4915e-13 -2.2777e-13 -1.6411e-12 -2.4886e-13 1.9223e-12 4.7576e-13 6.3652e-12 -1.1619e-12 1.6373e-12 7.4413e-14 -2.101e-13 9.1249e-13 8.0354e-13 -9.7768e-13 -6.0203e-13 1.0972e-12 -4.5088e-13 5.9326e-13 1.3572e-12 6.4491e-13 1.7916e-13 -3.9185e-13 -5.5468e-13 -8.1967e-14 1.1672e-12 1.8882e-14 -5.7719e-13 5.556e-13 5.0304e-13 2.1026e-13 1.1188e-13 -1.1056e-13 -6.9612e-14 4.7612e-14 -3.0547e-15 5.477e-15
3.1103e-12 -1.7937e-12 8.6999e-13 -4.1669e-12 -3.081e-12 -2.652e-12 2.2968e-12 -2.1117e-12 2.1143e-12 1.0936e-13 9.5893e-13 3.4711e-12 3.9012e-12 2.7519e-12 1.8659e-12 2.8917e-12 3.08e-12 4.7106e-12 2.218e-12 -8.0925e-13 1.666e-12 -5.8067e-13 1.2609e-12 -5.9007e-13 -2.8527e-12 1.3869e-12 -2.0874e-13 2.5554e-12 1.3588e-12 -2.0849e-13 1.9375e-12 -7.2388e-13 6.0874e-13 -7.4893e-13 -1.1738e-12 2.1058e-12 -1.3451e-13 5.7209e-14 1.0521e-12 -1.6733e-12 6.5811e-13 7.1756e-13 1.0513e-12 -6.856e-13 3.1809e-13 -1.1619e-12 6.7763e-12 2.8365e-13 1.3843e-12 -3.6237e-13 -2.929e-13 5.3437e-13 1.5234e-12 -5.6424e-13 -9.0638e-14 1.0655e-12 5.5194e-13 -3.0725e-13 -1.4539e-13 3.9566e-14 -6.4313e-14 9.0798e-13 8.142e-13 -4.0016e-13 -2.2942e-14 2.4021e-13 -4.8374e-13 -2.1514e-13 8.7466e-14 -7.0355e-14 -1.7167e-14 -1.9956e-14 4.2683e-14 1.9465e-14 1.7441e-15
