3.6282e-11 3.0583e-11 2.7247e-11 2.6034e-11 3.042e-11 2.855e-11 3.6349e-11 2.3292e-11 3.5102e-11 2.2072e-11 3.2444e-11 3.4806e-11 2.7785e-11 2.8315e-11 2.7049e-11 2.5647e-11 2.5794e-11 3.7736e-11 2.4995e-11 3.3234e-11 2.1675e-11 2.9231e-11 3.3657e-11 3.3407e-11 3.1929e-11 3.2652e-11 2.4989e-11 3.3961e-11 3.2198e-11 3.2099e-11 2.7078e-11 2.8602e-11 2.7681e-11 3.0729e-11 2.4834e-11 3.5036e-11 3.0719e-11 3.2099e-11 2.7462e-11 2.5905e-11 2.4976e-11 2.66e-11 2.3138e-11 2.5976e-11 2.0557e-11 2.4103e-11 1.4797e-11 2.2814e-11 2.0608e-11 2.5841e-11 1.6782e-11 1.2116e-11 9.0433e-12 1.6486e-11 1.347e-11 1.3623e-11 1.1709e-11 1.178e-11 1.3271e-11 1.3064e-11 1.113e-11 1.2103e-11 9.8336e-12 1.1489e-11 6.3449e-12 8.4732e-12 9.0731e-12 8.0609e-12 6.9367e-12 6.9626e-12 7.5937e-12 3.4776e-12 6.5623e-12 6.8252e-12 7.9003e-12 7.8363e-12 5.9635e-12 2.5878e-12 4.7491e-12 1.189e-12 7.7848e-12 4.7231e-12 2.2953e-12 6.4368e-12 -7.2037e-13 -1.7082e-12 1.0363e-11 3.0372e-12 2.0895e-12 7.8336e-13 2.082e-12 5.3964e-12 6.1321e-12 -6.0042e-13 3.2134e-12 2.3236e-12 3.0449e-13 3.4858e-12 3.554e-12 1.1763e-12 -1.6153e-13 6.5578e-12 1.7336e-12 5.4815e-13 -2.7541e-12 6.9816e-12 1.6e-12 4.7057e-12 4.0976e-12 2.7222e-12 5.4545e-12 -4.0877e-13 2.7893e-12 3.0781e-12 1.277e-12 1.2065e-12 2.3552e-12 -1.307e-12 -7.8184e-15 3.6215e-12 -2.7127e-13 -8.8909e-14 6.7635e-13 1.1508e-13 9.9538e-13 6.9065e-13 3.4045e-12 -8.8354e-13 1.8738e-14 2.586e-12 -3.244e-12 -2.7432e-12 1.6079e-12 -1.5736e-12 -8.6187e-13 -1.5324e-12 9.8706e-13 3.4738e-12 -1.7387e-12 1.8581e-12 2.7782e-12 -1.973e-13 3.5579e-12 2.5388e-12 -1.1822e-12 2.0151e-12 1.4993e-12 -1.7434e-12 -2.083e-12 1.6082e-12 -6.2351e-13 9.8351e-13 -2.7288e-12 1.174e-13 -2.4293e-12 1.0417e-12 2.3089e-13 7.8497e-13 2.0512e-13 -2.8277e-13 -1.2557e-12 -1.603e-12 1.1355e-12 1.9662e-13 7.6645e-13 4.2476e-13 6.3688e-13 -3.6432e-13 4.0243e-14 -8.5217e-13 -4.1422e-13 2.6072e-13 -2.5748e-13 7.657e-13 7.0617e-14 -1.02e-13 -6.3783e-14
3.0583e-11 3.5166e-11 2.7106e-11 2.9489e-11 3.2625e-11 2.9514e-11 4.0905e-11 2.4666e-11 3.517e-11 2.4306e-11 3.5314e-11 3.4752e-11 2.9104e-11 2.7568e-11 2.8607e-11 2.7035e-11 2.4388e-11 3.6183e-11 2.622e-11 3.4847e-11 2.4711e-11 3.0968e-11 3.4497e-11 3.5057e-11 3.5812e-11 3.3441e-11 2.6174e-11 3.7749e-11 3.2805e-11 3.1613e-11 2.8237e-11 2.8825e-11 2.8581e-11 2.9617e-11 2.5527e-11 3.545e-11 3.2536e-11 3.1208e-11 3.1124e-11 2.9159e-11 2.4859e-11 2.8652e-11 2.5608e-11 2.582e-11 2.4153e-11 2.2184e-11 1.5683e-11 2.4367e-11 1.9253e-11 2.3965e-11 1.8988e-11 1.1485e-11 1.2193e-11 1.8148e-11 1.3144e-11 1.6682e-11 1.1758e-11 1.3891e-11 1.7065e-11 1.3172e-11 1.2227e-11 1.1514e-11 1.1639e-11 1.402e-11 6.1298e-12 1.093e-11 1.149e-11 9.899e-12 8.5436e-12 5.4069e-12 7.899e-12 4.2907e-12 4.6719e-12 2.8605e-12 9.5088e-12 7.2281e-12 7.5614e-12 5.5012e-12 5.0736e-12 4.171e-12 6.8005e-12 4.1924e-12 3.7014e-12 6.6488e-12 1.4579e-12 -1.6788e-12 8.8617e-12 1.7576e-12 2.65e-12 5.2048e-13 1.9993e-12 5.8717e-12 4.34e-12 -3.0867e-12 4.0233e-12 1.0429e-13 -2.2976e-13 4.9014e-12 3.4207e-12 4.5476e-14 -8.7619e-14 6.196e-12 5.7095e-13 -6.2952e-13 -2.4488e-12 5.8452e-12 2.796e-12 2.9821e-12 1.9245e-12 4.2202e-12 4.1688e-12 -5.8238e-13 3.924e-12 4.995e-12 4.7238e-13 5.9214e-13 3.904e-12 -2.3648e-12 2.7714e-13 2.5974e-12 6.6619e-13 1.0874e-12 -1.8476e-13 -1.5331e-12 2.9943e-12 -9.2857e-13 4.2798e-12 -2.1983e-12 -1.3686e-12 2.2807e-12 -3.011e-12 -1.7045e-12 1.3633e-12 -1.399e-12 -1.4359e-12 -1.0924e-12 1.7352e-12 3.2973e-12 -2.5436e-12 1.0096e-12 2.0958e-12 7.3881e-13 4.2463e-12 1.3793e-13 -1.5568e-12 2.1032e-12 2.4069e-13 -2.9439e-12 -1.1057e-12 1.0538e-12 5.7686e-13 1.274e-12 -2.7162e-12 7.1052e-13 -2.6796e-12 1.4443e-12 6.0452e-14 9.6721e-13 -3.4752e-13 -6.1343e-13 -1.3634e-12 -1.8181e-12 3.2074e-13 2.8498e-13 9.4908e-13 6.836e-13 2.6455e-13 -1.0108e-12 5.8869e-14 -7.724e-13 -3.088e-13 -4.6365e-14 -2.301e-13 7.2075e-13 1.4507e-13 1.9631e-13 -3.049e-13
2.7247e-11 2.7106e-11 2.9193e-11 2.6385e-11 2.8368e-11 2.7363e-11 3.5719e-11 2.2922e-11 3.1449e-11 1.8937e-11 3.051e-11 3.2756e-11 2.6059e-11 2.6028e-11 2.447e-11 2.4505e-11 2.3048e-11 3.3104e-11 2.0127e-11 3.0834e-11 2.0464e-11 2.8465e-11 2.8494e-11 3.2004e-11 2.9454e-11 2.9754e-11 2.4277e-11 3.4378e-11 3.1408e-11 2.6552e-11 2.4584e-11 2.7094e-11 2.5538e-11 2.5088e-11 2.3879e-11 3.033e-11 3.0467e-11 2.9319e-11 2.5477e-11 2.5311e-11 2.1187e-11 2.2221e-11 2.2177e-11 2.3235e-11 1.9961e-11 2.0097e-11 1.481e-11 2.0379e-11 2.0315e-11 2.2081e-11 1.6627e-11 1.0547e-11 1.0981e-11 1.7174e-11 1.4029e-11 1.3108e-11 9.8714e-12 1.1996e-11 1.4093e-11 9.49e-12 1.2402e-11 1.1455e-11 7.2618e-12 8.0357e-12 4.6666e-12 8.4242e-12 8.336e-12 7.2293e-12 5.1155e-12 8.0736e-12 6.7135e-12 4.9351e-12 4.5673e-12 5.6449e-12 9.6731e-12 8.3035e-12 6.2495e-12 2.4823e-12 4.2728e-12 1.0584e-12 1.711e-12 4.5534e-12 3.7991e-12 6.6276e-12 1.6567e-14 -2.9474e-12 9.0016e-12 2.4924e-12 2.0902e-12 2.2476e-12 1.6033e-12 7.2748e-12 4.9146e-12 -1.257e-12 4.5896e-12 1.3066e-12 -9.5842e-13 4.2563e-12 3.5893e-12 1.5351e-12 1.9172e-12 5.3429e-12 2.3127e-12 1.4243e-12 -1.5447e-12 3.5556e-12 8.0187e-13 4.1889e-12 2.6328e-12 1.0783e-12 4.545e-12 3.767e-13 3.6316e-12 2.4799e-12 2.5525e-13 -1.7353e-14 1.1904e-12 -2.9177e-12 1.396e-12 2.5073e-12 -4.8994e-13 1.25e-12 3.0537e-14 -8.3393e-13 7.2385e-13 6.99e-13 3.1554e-12 -1.8215e-12 -2.3171e-12 1.8287e-12 -4.1664e-12 -2.4807e-12 1.3866e-12 -8.1241e-13 -9.4561e-13 -9.1946e-13 8.4189e-13 3.4939e-12 -1.0137e-12 1.0447e-12 2.1088e-12 7.2049e-13 2.5799e-12 2.6554e-12 -1.6313e-12 3.0011e-12 2.5123e-13 -1.8587e-12 -6.8202e-13 2.5477e-13 -2.7803e-13 1.1141e-12 -2.3866e-12 4.7874e-14 -2.238e-12 4.5296e-14 3.3221e-13 4.8704e-14 8.6451e-14 -6.9398e-13 -9.2815e-13 -1.6411e-12 7.6007e-13 4.9739e-14 7.5096e-13 8.312e-13 -2.1321e-15 -6.3964e-13 4.599e-13 -4.183e-13 -6.0583e-13 1.2808e-13 -3.6071e-13 5.4586e-13 2.2246e-13 7.4805e-14 6.8663e-14
2.6034e-11 2.9489e-11 2.6385e-11 3.3947e-11 3.0548e-11 2.9539e-11 3.6542e-11 2.2098e-11 3.2018e-11 2.2969e-11 3.3366e-11 3.3569e-11 2.8636e-11 2.5978e-11 2.7323e-11 2.5031e-11 2.4349e-11 3.4018e-11 2.3871e-11 3.2404e-11 2.4403e-11 3.1422e-11 3.1707e-11 3.2996e-11 3.3136e-11 3.226e-11 2.7632e-11 3.4775e-11 3.4104e-11 3.0211e-11 2.7544e-11 2.9165e-11 2.7459e-11 2.754e-11 2.3388e-11 3.3661e-11 3.0345e-11 2.9581e-11 2.6893e-11 3.0695e-11 2.2437e-11 2.574e-11 2.4524e-11 2.5626e-11 2.2768e-11 2.026e-11 1.4558e-11 2.1432e-11 2.0139e-11 1.9804e-11 1.6086e-11 9.8703e-12 1.5247e-11 1.501e-11 1.4388e-11 1.5241e-11 1.0999e-11 1.1032e-11 1.486e-11 9.3547e-12 1.0486e-11 9.2591e-12 1.0674e-11 1.4202e-11 4.8969e-12 1.0064e-11 1.0986e-11 9.7025e-12 7.18e-12 7.4094e-12 7.0576e-12 4.1103e-12 4.6015e-12 3.3529e-12 1.1237e-11 8.1218e-12 9.0812e-12 6.2138e-12 6.5372e-12 1.9563e-12 3.6949e-12 5.8075e-12 3.8158e-12 7.2548e-12 7.7955e-13 -1.8779e-12 8.8708e-12 1.2227e-12 2.8148e-12 -2.7913e-14 1.4632e-13 8.1184e-12 4.3681e-12 3.8393e-13 5.5666e-12 9.8569e-13 -6.1516e-13 4.754e-12 3.2754e-12 1.9052e-12 1.4735e-12 5.7851e-12 3.2783e-12 -4.8724e-13 -3.2077e-12 2.9926e-12 1.0449e-12 3.77e-12 3.0366e-13 3.3985e-12 4.5036e-12 9.1991e-13 3.5578e-12 5.1753e-12 -3.1305e-13 1.4024e-13 3.7927e-12 -2.4571e-12 1.4468e-12 1.9346e-12 6.325e-14 -9.242e-14 -1.8665e-12 -1.5609e-12 2.6752e-12 -7.5368e-13 3.0471e-12 -1.9582e-12 -3.1906e-12 1.0685e-12 -3.4442e-12 -2.8398e-12 2.0366e-12 -2.4669e-12 1.0839e-13 1.4332e-13 1.3797e-12 2.9295e-12 -8.5493e-13 2.2458e-12 2.1871e-12 3.8727e-13 3.3528e-12 -1.1167e-13 -7.4868e-13 2.8457e-12 -7.1888e-14 -1.8892e-12 -1.2636e-12 1.273e-12 5.2835e-13 2.072e-12 -2.0561e-12 6.3542e-14 -2.8786e-12 4.7412e-13 4.6822e-14 6.4101e-13 -2.734e-13 -1.3889e-12 -1.1623e-12 -1.8705e-12 2.1774e-13 4.7665e-13 8.2055e-13 8.5365e-13 3.1655e-13 -6.7335e-13 2.7694e-13 -4.326e-13 -3.5588e-13 -2.1528e-13 -2.2374e-13 5.6008e-13 2.7077e-13 1.1717e-13 -2.9807e-13
3.042e-11 3.2625e-11 2.8368e-11 3.0548e-11 4.0178e-11 3.1745e-11 4.2183e-11 2.5043e-11 3.3464e-11 2.3229e-11 3.5761e-11 3.8215e-11 3.0991e-11 2.9839e-11 2.7828e-11 2.6951e-11 2.7379e-11 3.922e-11 2.84e-11 3.63e-11 2.5344e-11 3.17e-11 3.5766e-11 3.6024e-11 3.6094e-11 3.3575e-11 2.8547e-11 3.6747e-11 3.328e-11 3.2237e-11 3.0798e-11 3.127e-11 2.9654e-11 2.9037e-11 2.7629e-11 3.9721e-11 3.6844e-11 3.2577e-11 3.235e-11 3.2446e-11 2.5949e-11 3.0936e-11 2.8155e-11 2.8079e-11 2.3874e-11 2.4344e-11 1.6341e-11 2.466e-11 2.3178e-11 2.6213e-11 1.9852e-11 1.1441e-11 1.3061e-11 1.8743e-11 1.6367e-11 1.7013e-11 1.4007e-11 1.6552e-11 1.8708e-11 1.5153e-11 1.2976e-11 1.5458e-11 1.0289e-11 1.0882e-11 7.6001e-12 1.4916e-11 9.1627e-12 9.8346e-12 8.3885e-12 5.4173e-12 9.6103e-12 4.8244e-12 3.8858e-12 3.7778e-12 1.1981e-11 7.99e-12 8.5932e-12 5.3738e-12 8.3908e-12 3.2057e-12 5.9747e-12 5.8012e-12 6.26e-12 7.8232e-12 1.5879e-12 3.4039e-13 1.0112e-11 2.4612e-12 3.9898e-12 3.247e-12 2.2538e-12 7.239e-12 3.2354e-12 -3.6179e-12 2.287e-12 1.9403e-12 -8.2688e-13 3.5428e-12 4.97e-12 4.2082e-14 1.1594e-12 6.4256e-12 -3.6348e-13 -1.0161e-12 -9.4751e-13 5.6962e-12 1.1694e-12 2.718e-12 3.508e-12 3.0702e-12 2.835e-12 1.3235e-12 2.3311e-12 4.8819e-12 -3.4599e-13 1.163e-12 1.3453e-12 -3.2646e-12 4.5164e-13 4.4046e-12 1.101e-12 1.2382e-12 -3.3685e-13 -1.5097e-12 2.7622e-12 -1.9522e-12 1.5701e-12 -8.4829e-13 -1.5267e-12 8.8569e-13 -5.1872e-12 -3.2308e-12 7.7933e-13 -1.4406e-12 9.9099e-13 -2.2392e-12 1.5595e-12 2.6973e-12 -2.5952e-12 1.4253e-12 1.6034e-12 1.0444e-12 3.6294e-12 2.0003e-12 -1.3206e-12 -2.3568e-13 1.041e-12 -2.3624e-12 -1.724e-12 1.3236e-12 3.424e-13 1.1222e-12 -2.4117e-12 4.544e-13 -1.5479e-12 8.4261e-13 1.8529e-13 6.2606e-13 -6.5185e-14 -3.6648e-13 -9.5606e-13 -2.4254e-12 7.2991e-13 4.8714e-13 1.3325e-12 7.2282e-13 -2.4461e-14 -7.3688e-13 4.3364e-13 -7.1206e-13 -9.8329e-14 -1.3429e-13 -2.2874e-13 5.2656e-13 8.2507e-14 9.8621e-14 6.3274e-15
2.855e-11 2.9514e-11 2.7363e-11 2.9539e-11 3.1745e-11 3.5947e-11 3.7756e-11 2.3434e-11 3.4426e-11 2.2419e-11 3.1414e-11 3.7138e-11 2.7536e-11 2.8621e-11 2.7434e-11 2.7276e-11 2.7757e-11 3.8358e-11 2.5069e-11 3.4061e-11 2.3653e-11 3.3723e-11 3.3315e-11 3.3315e-11 3.2854e-11 3.4179e-11 2.6432e-11 3.4328e-11 3.2402e-11 2.7465e-11 2.7215e-11 2.8495e-11 2.9403e-11 2.5993e-11 2.7188e-11 3.4056e-11 3.2426e-11 3.207e-11 2.8461e-11 3.0748e-11 2.7148e-11 2.5623e-11 2.5918e-11 2.8009e-11 2.3345e-11 2.4849e-11 1.7238e-11 2.2649e-11 2.2538e-11 2.4752e-11 2.0018e-11 1.2061e-11 1.5035e-11 1.7442e-11 1.3365e-11 1.5727e-11 1.4046e-11 1.5316e-11 1.6181e-11 1.4183e-11 1.2374e-11 1.1162e-11 1.1297e-11 1.3348e-11 6.8119e-12 1.0888e-11 8.8481e-12 9.2712e-12 4.337e-12 7.1942e-12 7.6575e-12 3.1831e-12 5.1316e-12 5.3371e-12 8.0106e-12 6.9935e-12 1.0006e-11 5.3395e-12 7.156e-12 2.2292e-12 4.7793e-12 5.6478e-12 3.5834e-12 8.0574e-12 1.4406e-12 -2.0128e-12 1.0343e-11 5.5886e-14 2.5912e-12 4.0336e-12 8.4927e-13 8.1015e-12 5.3458e-12 -6.3349e-13 3.1743e-12 1.808e-12 1.8348e-12 4.0776e-12 3.5666e-12 1.3869e-13 5.3307e-13 5.8936e-12 1.6073e-12 -1.8249e-13 -1.18e-12 4.731e-12 2.2302e-12 3.983e-12 2.2831e-12 3.0916e-12 4.8015e-12 1.2669e-12 4.5176e-12 2.9222e-12 -9.5721e-13 1.1896e-12 3.9691e-12 -2.2193e-12 2.3878e-12 3.7133e-12 7.6297e-13 -6.0408e-13 -3.1941e-13 -2.2686e-12 3.5416e-12 -8.5303e-13 2.6042e-12 -1.6485e-12 -2.7405e-12 1.403e-12 -4.472e-12 -3.9173e-12 1.3689e-12 -9.8156e-13 -3.6534e-13 2.3203e-13 1.0205e-12 1.8948e-12 -1.8227e-12 1.5048e-12 7.0121e-13 7.2392e-13 3.9697e-12 1.3574e-12 -7.1395e-13 1.0517e-12 7.2679e-13 -1.6058e-12 -1.3389e-12 7.8036e-13 -7.7966e-13 7.7838e-13 -2.1238e-12 7.4197e-13 -2.7482e-12 4.0656e-13 6.3248e-13 6.8182e-14 1.4416e-12 -1.8206e-12 -7.1724e-13 -1.6561e-12 4.7826e-13 2.4559e-13 3.7291e-13 1.2358e-12 -3.4245e-13 -8.4231e-13 7.3942e-14 -5.7346e-13 -2.7693e-13 -1.9543e-13 -1.3372e-13 2.7866e-13 2.1808e-13 6.4148e-14 -2.2723e-13
3.6349e-11 4.0905e-11 3.5719e-11 3.6542e-11 4.2183e-11 3.7756e-11 5.7577e-11 3.1715e-11 4.3083e-11 3.0181e-11 4.4552e-11 4.5766e-11 3.7305e-11 3.6901e-11 3.4969e-11 3.5156e-11 3.1885e-11 4.6112e-11 3.4149e-11 4.462e-11 3.0579e-11 4.2122e-11 4.3871e-11 4.4335e-11 4.4013e-11 4.1428e-11 3.6694e-11 4.6434e-11 4.1502e-11 3.9139e-11 3.3829e-11 3.7898e-11 3.5338e-11 3.5684e-11 3.5776e-11 4.6593e-11 4.1778e-11 3.8025e-11 4.0432e-11 4.2625e-11 3.0085e-11 3.6514e-11 3.1891e-11 3.224e-11 3.0851e-11 2.6381e-11 2.0238e-11 3.0108e-11 2.5557e-11 3.1081e-11 2.523e-11 1.6422e-11 1.6481e-11 2.274e-11 1.9965e-11 2.0894e-11 1.7429e-11 1.8875e-11 2.2197e-11 1.7222e-11 1.4278e-11 1.777e-11 1.1695e-11 1.6338e-11 9.3969e-12 1.5951e-11 1.5638e-11 1.225e-11 9.3088e-12 7.586e-12 1.0128e-11 5.4194e-12 6.0769e-12 5.0265e-12 1.3918e-11 9.4828e-12 9.5726e-12 7.9997e-12 8.4738e-12 4.377e-12 5.7715e-12 7.2151e-12 8.0879e-12 8.0969e-12 3.2325e-12 -2.9669e-12 1.5312e-11 4.571e-12 5.161e-12 2.0328e-12 2.0518e-12 7.96e-12 2.3873e-12 -3.1216e-12 5.1912e-12 8.556e-13 -1.367e-12 5.3375e-12 6.0374e-12 4.1867e-13 -2.9567e-13 6.5141e-12 -2.9679e-15 4.195e-13 -1.1488e-12 7.2452e-12 3.3602e-12 4.4737e-12 2.7533e-12 3.7679e-12 4.1164e-12 -1.5654e-12 4.1842e-12 3.669e-12 7.543e-13 8.186e-13 2.5178e-12 -4.9236e-12 2.0985e-13 3.4732e-12 8.6649e-13 1.1898e-12 -1.9376e-12 -5.444e-13 3.3141e-12 4.6995e-13 4.1027e-12 -1.6475e-12 -1.6286e-12 3.0918e-12 -4.8221e-12 -2.4852e-12 2.3056e-12 -1.2495e-12 -5.1157e-13 -2.7926e-12 1.0791e-12 3.0478e-12 -1.4163e-12 1.4095e-12 7.4991e-13 2.7871e-13 4.5255e-12 2.5929e-12 -1.5895e-12 1.4427e-12 -9.155e-15 -4.0409e-12 -2.6378e-12 6.4513e-13 7.4045e-13 1.4488e-12 -3.3822e-12 3.1156e-13 -3.4589e-12 2.7089e-13 2.9685e-13 1.2486e-12 -4.5978e-14 -8.292e-13 -1.8566e-12 -2.9869e-12 7.2436e-13 -4.9186e-13 1.2253e-12 1.0041e-12 -3.8525e-14 -1.0412e-12 3.7764e-13 -7.0427e-13 -9.944e-13 -7.1932e-15 -3.4739e-14 7.2574e-13 1.6071e-13 3.96e-13 -1.5024e-13
2.3292e-11 2.4666e-11 2.2922e-11 2.2098e-11 2.5043e-11 2.3434e-11 3.1715e-11 2.5534e-11 2.8441e-11 1.9005e-11 2.6904e-11 2.7091e-11 2.4611e-11 2.1556e-11 2.075e-11 2.1895e-11 2.0393e-11 2.992e-11 1.8082e-11 3.0529e-11 1.742e-11 2.4796e-11 2.7013e-11 2.6965e-11 2.5085e-11 2.6689e-11 2.1181e-11 2.9928e-11 2.5984e-11 2.4814e-11 2.0272e-11 2.4937e-11 2.405e-11 2.1398e-11 2.0778e-11 2.8903e-11 2.6709e-11 2.5535e-11 2.2052e-11 2.2698e-11 2.1292e-11 2.0657e-11 1.7768e-11 1.8443e-11 1.6972e-11 1.9749e-11 1.3928e-11 2.003e-11 1.5224e-11 1.9724e-11 1.382e-11 8.9512e-12 1.1206e-11 1.2752e-11 1.1825e-11 1.3447e-11 1.044e-11 1.2209e-11 1.2826e-11 1.0942e-11 9.2884e-12 1.0655e-11 7.5521e-12 7.9838e-12 4.7245e-12 1.0173e-11 8.8461e-12 7.7674e-12 4.9715e-12 4.68e-12 6.8525e-12 2.9088e-12 4.6117e-12 7.6882e-12 6.0156e-12 8.0669e-12 5.7463e-12 4.1623e-12 3.8674e-12 2.0846e-12 2.8907e-12 2.8173e-12 4.0321e-12 5.5445e-12 -1.99e-13 -3.6561e-14 7.5067e-12 7.3285e-13 4.6798e-12 1.8556e-12 2.2099e-13 5.8402e-12 5.3047e-12 -1.2749e-12 5.1702e-12 5.191e-13 6.1052e-13 2.889e-12 2.4204e-12 5.559e-13 -2.3736e-12 4.6049e-12 2.1979e-12 8.2525e-13 -5.0931e-13 2.3506e-12 2.3756e-12 3.626e-12 3.2986e-12 1.9551e-12 4.0889e-12 -7.1525e-13 1.788e-12 1.0334e-12 1.3462e-12 -1.4649e-12 1.621e-12 -2.5538e-12 5.1162e-13 1.397e-13 -1.2777e-13 1.7774e-12 4.9461e-13 -1.4501e-12 1.6971e-12 -6.7748e-13 2.5165e-12 -2.2958e-12 -1.3592e-12 2.0026e-12 -1.3945e-12 -2.2632e-13 1.0421e-12 -3.2241e-13 -1.1485e-12 -2.1404e-12 1.2343e-12 1.7664e-12 -1.6688e-12 4.394e-13 1.1767e-12 1.1568e-12 2.451e-12 2.037e-12 -2.212e-12 1.4349e-12 4.0343e-13 -1.3002e-12 -9.8942e-13 -5.6051e-13 1.1174e-12 2.8865e-13 -1.9999e-12 6.6148e-13 -1.9315e-12 1.7316e-13 -1.5604e-13 5.6017e-14 3.8885e-13 -9.0167e-13 -1.2821e-12 -1.6065e-12 8.9747e-13 9.6821e-14 1.4297e-12 2.1404e-13 2.2613e-13 -2.2448e-13 3.5126e-13 -5.2783e-13 -2.5241e-13 -4.8257e-14 1.5528e-14 6.1568e-13 2.0918e-13 1.7322e-13 -1.283e-14
3.5102e-11 3.517e-11 3.1449e-11 3.2018e-11 3.3464e-11 3.4426e-11 4.3083e-11 2.8441e-11 4.8836e-11 2.5122e-11 3.7132e-11 3.9179e-11 3.2274e-11 3.3686e-11 3.3342e-11 3.2438e-11 2.978e-11 4.4172e-11 2.8186e-11 4.058e-11 2.524e-11 3.6297e-11 3.9943e-11 3.8973e-11 3.8458e-11 3.9355e-11 2.9238e-11 4.0633e-11 3.7313e-11 3.6366e-11 2.8904e-11 3.3023e-11 3.354e-11 3.2652e-11 3.057e-11 3.955e-11 3.6727e-11 3.7051e-11 3.0936e-11 3.2667e-11 2.9006e-11 3.176e-11 2.4917e-11 2.9637e-11 2.7311e-11 2.975e-11 1.6327e-11 2.6116e-11 2.5265e-11 2.8306e-11 2.4736e-11 1.3644e-11 1.3898e-11 1.9441e-11 1.5106e-11 1.6832e-11 1.5519e-11 1.7109e-11 1.7185e-11 1.5117e-11 1.0401e-11 1.3632e-11 1.3969e-11 1.3238e-11 4.9552e-12 1.3974e-11 9.6245e-12 7.9549e-12 9.6318e-12 7.0274e-12 6.9961e-12 4.936e-12 6.8665e-12 9.1703e-12 1.0216e-11 1.0779e-11 8.6245e-12 3.3454e-12 7.4967e-12 1.9708e-12 5.0937e-12 4.1081e-12 1.971e-12 1.0098e-11 2.2622e-12 -4.1587e-12 1.2056e-11 3.7861e-12 5.3498e-12 -7.0519e-13 7.2319e-13 7.5112e-12 5.0767e-12 -9.6432e-13 7.1125e-12 9.1212e-13 1.9314e-12 5.2536e-12 1.6734e-12 1.2181e-13 -2.757e-13 6.7695e-12 1.3395e-12 3.6238e-13 -2.6521e-12 3.0179e-12 5.5824e-12 5.9062e-12 1.9637e-12 4.0368e-12 6.3217e-12 -9.1749e-13 3.8439e-12 2.2009e-12 7.2036e-13 1.981e-12 2.3943e-12 -2.5314e-12 1.2443e-12 2.114e-12 2.9241e-14 4.8453e-13 1.989e-12 -5.1104e-13 4.3686e-12 5.7802e-13 3.999e-12 -2.7967e-12 -1.4045e-12 2.9812e-12 -3.7054e-12 -2.7818e-12 1.683e-12 5.0393e-13 -1.6882e-12 -8.8893e-13 1.6345e-12 3.6625e-12 -2.3625e-12 1.4385e-12 1.0634e-12 1.8867e-13 3.8123e-12 2.3191e-12 -1.5349e-12 3.0345e-12 1.1272e-12 -2.1172e-12 -1.5407e-12 6.3413e-13 -9.7827e-13 1.2064e-12 -3.0655e-12 3.8574e-13 -3.8733e-12 -2.4882e-13 4.4249e-13 1.0024e-12 1.1072e-12 -8.0814e-13 -2.0911e-12 -2.3052e-12 6.5962e-13 -6.6274e-14 1.9197e-12 8.5409e-13 2.3557e-13 -4.2784e-13 -1.3717e-13 -1.3639e-12 -3.216e-13 -4.6257e-15 1.3301e-13 9.9207e-13 4.3063e-13 -1.0392e-13 -2.147e-13
2.2072e-11 2.4306e-11 1.8937e-11 2.2969e-11 2.3229e-11 2.2419e-11 3.0181e-11 1.9005e-11 2.5122e-11 2.4135e-11 2.5959e-11 2.4658e-11 2.2909e-11 2.0536e-11 2.1526e-11 1.897e-11 1.9919e-11 2.8913e-11 2.1405e-11 2.6284e-11 2.0248e-11 2.3623e-11 2.4968e-11 2.6461e-11 2.6323e-11 2.4715e-11 2.1387e-11 2.7098e-11 2.6479e-11 2.5399e-11 2.1013e-11 2.1249e-11 2.1805e-11 1.9378e-11 1.9027e-11 2.8131e-11 2.4346e-11 2.3256e-11 2.2105e-11 2.4387e-11 1.8885e-11 2.13e-11 1.9651e-11 1.6457e-11 1.7197e-11 1.585e-11 1.1716e-11 1.7029e-11 1.4714e-11 1.8138e-11 1.4636e-11 8.5029e-12 1.1669e-11 1.0495e-11 1.0694e-11 1.2925e-11 8.9603e-12 8.8092e-12 1.2053e-11 9.2176e-12 8.6177e-12 1.0383e-11 1.1785e-11 1.1107e-11 8.9484e-12 8.219e-12 1.2695e-11 1.0249e-11 5.7491e-12 5.7906e-12 5.5798e-12 1.6907e-12 3.9333e-12 3.5614e-12 7.1476e-12 7.4385e-12 5.5448e-12 6.7939e-12 6.8705e-12 1.2093e-12 3.8822e-12 2.7642e-12 1.285e-12 5.6203e-12 -9.0721e-13 -2.2515e-12 6.9174e-12 2.8659e-13 2.9595e-12 1.0482e-12 8.5028e-14 6.1875e-12 3.1812e-12 4.461e-13 2.8341e-12 6.812e-13 -1.0123e-12 4.5906e-12 2.0217e-12 1.6346e-12 -4.5972e-12 4.5163e-12 2.5119e-12 -6.1224e-13 -2.4267e-12 3.9723e-12 2.5866e-12 3.9341e-12 1.725e-12 3.0391e-12 3.9369e-12 -3.7159e-12 -2.1249e-13 3.4256e-12 1.3878e-12 -4.1363e-13 3.9411e-12 -9.2828e-13 1.5647e-12 1.1585e-12 9.7342e-14 1.3123e-12 -1.056e-12 -1.8301e-12 3.03e-12 4.5878e-13 3.5729e-12 -2.7594e-13 -1.7656e-12 1.1909e-12 -8.365e-13 -7.3863e-13 2.1057e-12 -1.1014e-12 -1.1802e-13 -1.2507e-12 9.7334e-13 1.6803e-12 -1.7023e-12 1.9913e-12 4.414e-13 -1.8695e-13 3.4774e-12 -7.3385e-13 -1.5101e-12 1.5661e-12 3.8444e-13 -2.6571e-12 -7.0024e-13 2.8992e-13 2.1079e-12 7.9453e-13 -7.8178e-13 -1.9555e-13 -1.7801e-12 5.396e-13 1.6267e-13 6.2341e-13 -9.4573e-14 -1.3947e-12 -1.1767e-12 -1.7961e-12 4.2103e-13 -9.8912e-14 1.2447e-12 6.2716e-13 5.5317e-13 -1.2247e-13 -2.5416e-13 -6.2771e-13 -7.2379e-14 -1.0721e-13 -2.033e-13 2.732e-13 3.1866e-13 7.3144e-14 1.9632e-15
3.2444e-11 3.5314e-11 3.051e-11 3.3366e-11 3.5761e-11 3.1414e-11 4.4552e-11 2.6904e-11 3.7132e-11 2.5959e-11 4.3116e-11 3.7766e-11 3.2199e-11 3.3412e-11 3.1131e-11 3.0152e-11 3.0106e-11 3.9903e-11 2.6492e-11 3.6827e-11 2.5811e-11 3.3286e-11 3.7401e-11 3.7928e-11 3.8097e-11 3.6916e-11 3.0688e-11 3.9876e-11 3.7931e-11 3.5759e-11 3.0516e-11 3.3269e-11 3.1476e-11 3.2055e-11 2.9278e-11 4.037e-11 3.5947e-11 3.2827e-11 3.4324e-11 3.1901e-11 2.831e-11 2.9283e-11 2.8941e-11 2.8013e-11 2.3828e-11 2.3104e-11 1.6817e-11 2.6283e-11 2.2306e-11 2.6522e-11 2.1657e-11 1.3316e-11 1.5182e-11 1.9645e-11 1.7573e-11 1.6284e-11 1.3668e-11 1.4127e-11 1.5154e-11 1.3507e-11 1.2285e-11 1.453e-11 1.0766e-11 1.4961e-11 6.6714e-12 1.0775e-11 1.3514e-11 1.0231e-11 9.8454e-12 7.4749e-12 8.6393e-12 4.5198e-12 4.5729e-12 4.7216e-12 1.2151e-11 8.5517e-12 7.1415e-12 7.8795e-12 7.3195e-12 5.5426e-12 5.7745e-12 6.4059e-12 6.6902e-12 6.4845e-12 1.4269e-12 -2.1584e-12 1.0385e-11 1.5539e-12 4.9564e-12 1.5057e-12 2.9804e-12 9.3223e-12 4.4282e-12 -2.64e-12 5.2195e-12 8.8756e-13 -8.3872e-13 5.7259e-12 2.9077e-12 2.0128e-12 -2.0302e-13 6.0798e-12 3.0147e-12 3.9961e-13 -2.8383e-12 5.8556e-12 8.2616e-13 3.853e-12 1.7324e-12 4.408e-12 4.8551e-12 1.9174e-12 1.6721e-12 5.487e-12 -7.5064e-13 1.6945e-12 1.5032e-12 -1.3296e-12 5.2633e-13 3.4066e-12 -2.0698e-12 1.7746e-12 -7.8195e-13 -2.3105e-13 3.0401e-12 -1.338e-12 2.3304e-12 -2.0021e-12 -3.0638e-12 2.613e-12 -4.1099e-12 -2.2877e-12 1.5943e-12 -1.5626e-12 -1.3245e-12 -2.2296e-12 6.0968e-13 4.0357e-12 -1.0086e-12 2.5961e-12 1.1661e-12 1.8148e-12 3.8139e-12 1.3396e-12 -2.9616e-12 2.6462e-12 -4.7806e-13 -2.8163e-12 -1.9414e-12 4.0878e-13 -7.4208e-13 2.1689e-12 -2.5698e-12 1.0437e-12 -2.1693e-12 9.0724e-13 -8.1205e-13 1.5011e-12 1.138e-13 -5.3839e-13 -2.0926e-12 -2.0491e-12 5.0988e-13 7.8758e-14 1.1123e-12 4.6652e-13 5.6833e-13 -6.0133e-13 2.8248e-13 -1.0366e-12 -2.8449e-13 1.3025e-13 -1.3535e-13 6.1464e-13 8.9046e-14 2.3366e-13 -3.0233e-13
3.4806e-11 3.4752e-11 3.2756e-11 3.3569e-11 3.8215e-11 3.7138e-11 4.5766e-11 2.7091e-11 3.9179e-11 2.4658e-11 3.7766e-11 4.6953e-11 3.2263e-11 3.3593e-11 3.0577e-11 3.0479e-11 2.8357e-11 4.3414e-11 2.9642e-11 3.9061e-11 2.4886e-11 3.709e-11 3.8057e-11 3.9375e-11 3.9038e-11 3.7842e-11 3.2363e-11 4.1678e-11 4.0705e-11 3.4305e-11 3.1392e-11 3.3663e-11 3.2752e-11 3.2812e-11 3.0817e-11 4.1115e-11 3.8329e-11 3.7144e-11 3.3765e-11 3.4258e-11 2.9477e-11 2.9615e-11 2.7863e-11 3.1571e-11 2.543e-11 2.8328e-11 1.8013e-11 2.5769e-11 2.6477e-11 2.9538e-11 1.9708e-11 1.2601e-11 1.4619e-11 1.854e-11 1.6931e-11 1.7495e-11 1.516e-11 1.6455e-11 2.0458e-11 1.6446e-11 1.4619e-11 1.3825e-11 1.0722e-11 1.2376e-11 6.0004e-12 1.1369e-11 9.5356e-12 9.3311e-12 4.5385e-12 9.0392e-12 9.8394e-12 4.8392e-12 5.6308e-12 5.9188e-12 1.0869e-11 8.3983e-12 9.4663e-12 4.9912e-12 5.9961e-12 1.2271e-12 5.4875e-12 6.8676e-12 5.556e-12 8.8308e-12 1.5889e-12 -3.952e-12 1.2208e-11 1.6766e-12 3.7169e-12 2.6523e-12 2.0207e-12 8.9278e-12 4.8178e-12 -2.096e-13 2.2601e-12 2.0001e-12 1.6946e-12 2.5862e-12 5.2455e-12 2.0573e-12 1.9375e-12 6.9308e-12 9.72e-13 -4.0089e-13 -1.0351e-12 4.8857e-12 2.5304e-12 4.3272e-12 5.3296e-12 1.6211e-12 5.5841e-12 1.1618e-12 6.4915e-12 3.7824e-12 -1.9115e-12 1.853e-12 4.3319e-12 -2.7977e-12 1.3483e-12 3.1306e-12 1.1491e-12 7.3868e-13 3.4601e-13 -1.5149e-12 3.0918e-12 1.7675e-12 2.9313e-12 -2.1938e-12 -1.5531e-12 2.0183e-12 -5.0741e-12 -3.0646e-12 1.1458e-12 -1.3859e-12 -1.5201e-12 -1.631e-12 1.2906e-12 2.6265e-12 -5.4468e-13 2.326e-12 2.0449e-12 -2.5924e-13 5.1647e-12 3.2458e-12 -1.1637e-12 1.4275e-12 1.6798e-12 -2.7179e-12 -1.6893e-12 3.7794e-13 -6.3499e-13 5.0531e-13 -2.5963e-12 1.2271e-13 -3.528e-12 1.1117e-12 -2.55e-13 -5.7847e-13 1.293e-12 -1.145e-12 -5.5337e-13 -1.9916e-12 6.3243e-13 -6.3039e-14 1.0013e-12 1.3815e-12 -5.0312e-13 -7.9495e-13 3.4094e-13 -6.4482e-13 -5.8801e-13 -1.0012e-13 -1.3261e-13 7.1484e-13 -1.1519e-13 6.947e-14 7.5976e-15
2.7785e-11 2.9104e-11 2.6059e-11 2.8636e-11 3.0991e-11 2.7536e-11 3.7305e-11 2.4611e-11 3.2274e-11 2.2909e-11 3.2199e-11 3.2263e-11 3.3057e-11 2.5546e-11 2.5485e-11 2.4585e-11 2.5194e-11 3.6442e-11 2.4612e-11 3.401e-11 2.23e-11 3.0786e-11 3.1716e-11 3.122e-11 3.3195e-11 3.0691e-11 2.5476e-11 3.5363e-11 3.01e-11 3.052e-11 2.5771e-11 2.8989e-11 2.888e-11 2.5546e-11 2.4027e-11 3.454e-11 3.0264e-11 3.0091e-11 2.8706e-11 2.91e-11 2.3381e-11 2.4727e-11 2.3115e-11 2.3889e-11 2.2063e-11 2.0018e-11 1.418e-11 1.9911e-11 1.804e-11 2.1096e-11 1.7946e-11 9.7102e-12 1.3245e-11 1.5786e-11 1.4105e-11 1.5254e-11 1.1076e-11 1.0221e-11 1.4829e-11 1.2353e-11 1.0443e-11 1.2227e-11 9.6855e-12 1.1816e-11 7.1808e-12 1.0768e-11 1.2687e-11 9.4907e-12 7.5307e-12 6.7769e-12 6.8512e-12 4.2844e-12 6.8503e-12 5.9428e-12 9.9062e-12 8.6665e-12 7.7107e-12 3.9489e-12 7.3279e-12 1.878e-12 5.2285e-12 4.6604e-12 4.7411e-12 7.4808e-12 -4.5466e-13 -1.5284e-12 9.7915e-12 1.7126e-12 4.6086e-12 2.4662e-12 2.0606e-12 4.6638e-12 3.5537e-12 1.9132e-13 5.5204e-12 5.5321e-13 -7.4872e-13 2.2901e-12 1.5669e-12 2.7242e-12 -1.0886e-12 4.5733e-12 6.9559e-13 -4.7807e-13 -3.8791e-12 3.4806e-12 2.5248e-12 4.353e-12 2.5024e-12 3.0067e-12 3.2322e-12 3.9211e-13 3.0575e-13 4.732e-12 9.3666e-13 -1.9384e-13 2.6953e-12 -3.4814e-12 6.8872e-13 2.3806e-12 5.3232e-13 1.4452e-12 -1.3965e-12 -1.7417e-13 1.2788e-12 -1.364e-12 3.1032e-12 -1.3366e-12 -1.68e-12 1.6137e-12 -3.9938e-12 -2.6126e-12 8.3904e-14 -3.0373e-13 2.4571e-13 -2.1498e-12 7.7263e-13 2.4541e-12 -8.6325e-13 9.7618e-13 1.2939e-12 -2.3065e-14 2.5666e-12 8.4641e-13 -1.8332e-12 1.6611e-12 1.6206e-12 -2.6416e-12 -1.0026e-12 4.0446e-13 1.0966e-12 1.7964e-12 -1.0514e-12 5.0848e-13 -1.4875e-12 3.9787e-13 -6.228e-13 1.155e-12 -5.8121e-13 -8.4361e-13 -9.1997e-13 -1.3913e-12 1.0162e-12 4.6363e-13 1.3722e-12 7.6216e-13 -4.1286e-13 -4.5223e-13 3.5459e-13 -3.2962e-13 -1.5988e-13 -1.7423e-13 -3.1647e-13 9.6414e-13 5.1079e-13 2.4775e-13 -5.2439e-14
2.8315e-11 2.7568e-11 2.6028e-11 2.5978e-11 2.9839e-11 2.8621e-11 3.6901e-11 2.1556e-11 3.3686e-11 2.0536e-11 3.3412e-11 3.3593e-11 2.5546e-11 3.4401e-11 2.6892e-11 2.7581e-11 2.5598e-11 3.7922e-11 2.3104e-11 3.2777e-11 1.913e-11 2.8901e-11 3.1342e-11 3.3807e-11 3.243e-11 3.2383e-11 2.7146e-11 3.165e-11 3.1971e-11 2.8136e-11 2.7492e-11 2.8871e-11 2.5984e-11 2.643e-11 2.7544e-11 3.3365e-11 2.9898e-11 2.903e-11 3.1048e-11 2.7705e-11 2.5609e-11 2.6602e-11 2.2637e-11 2.4982e-11 1.9178e-11 2.3397e-11 1.459e-11 2.3096e-11 1.987e-11 2.2432e-11 2.1796e-11 1.1955e-11 1.2991e-11 1.7633e-11 1.281e-11 1.244e-11 1.2713e-11 1.4244e-11 1.2575e-11 1.42e-11 9.2002e-12 1.2197e-11 9.043e-12 1.1411e-11 6.4398e-12 1.0452e-11 6.6562e-12 7.3369e-12 7.6356e-12 7.4822e-12 4.5633e-12 3.741e-12 4.1826e-12 6.3649e-12 9.3459e-12 6.0061e-12 5.2049e-12 5.9228e-12 6.1903e-12 3.0732e-12 4.4805e-12 5.6728e-12 4.8946e-12 6.5391e-12 -5.7259e-14 -5.1871e-12 9.7195e-12 2.1899e-12 2.8624e-12 2.3076e-12 2.2136e-12 7.4892e-12 2.1417e-12 -1.6704e-12 5.5198e-12 2.6692e-12 2.5632e-12 4.4609e-12 1.77e-12 2.0099e-12 8.9545e-13 2.4843e-12 -6.641e-13 -1.9925e-12 -7.5336e-13 4.2136e-12 1.7669e-12 3.7476e-12 1.5821e-12 2.1706e-12 3.453e-12 1.1105e-12 2.0907e-12 2.9767e-12 -2.0353e-12 2.972e-12 -1.059e-13 -2.0002e-12 7.8471e-13 4.3174e-12 -1.6675e-12 2.1728e-12 -1.5592e-12 -3.9025e-13 3.1847e-12 3.1839e-13 5.4543e-13 -6.0729e-13 -1.3931e-12 1.8438e-12 -3.4117e-12 -2.4235e-12 2.6391e-12 -6.0742e-13 8.6399e-14 -1.3099e-12 -2.91e-13 2.4743e-12 -2.7056e-13 1.434e-12 -2.6538e-13 1.9044e-13 3.9611e-12 2.0724e-12 -1.6208e-12 1.1719e-12 8.2981e-13 -1.7291e-12 -2.214e-12 -2.5174e-13 -1.4456e-12 7.5436e-13 -1.5952e-12 -1.4484e-14 -2.2983e-12 8.8556e-13 -4.2436e-13 3.6987e-13 1.4678e-12 -4.5174e-13 -1.7975e-12 -1.7093e-12 9.0071e-13 -3.0249e-13 1.4045e-12 5.8165e-13 4.4402e-13 -4.0791e-13 -1.7943e-13 -1.2007e-12 -1.9371e-13 -7.6444e-14 3.0939e-13 4.4155e-13 1.7317e-13 2.539e-14 -5.1473e-14
2.7049e-11 2.8607e-11 2.447e-11 2.7323e-11 2.7828e-11 2.7434e-11 3.4969e-11 2.075e-11 3.3342e-11 2.1526e-11 3.1131e-11 3.0577e-11 2.5485e-11 2.6892e-11 3.1973e-11 2.5113e-11 2.4762e-11 3.4172e-11 2.3505e-11 3.0893e-11 2.2206e-11 2.857e-11 3.3333e-11 3.2916e-11 3.0013e-11 2.93e-11 2.495e-11 3.0043e-11 3.125e-11 2.9319e-11 2.3627e-11 2.6864e-11 2.4691e-11 2.6185e-11 2.4249e-11 3.0638e-11 2.8225e-11 3.0802e-11 2.5313e-11 2.6642e-11 2.1819e-11 2.46e-11 2.3489e-11 2.2896e-11 2.0207e-11 2.2115e-11 1.5096e-11 2.0383e-11 2.0038e-11 2.1454e-11 1.9589e-11 9.2264e-12 1.2713e-11 1.5346e-11 1.4683e-11 1.3665e-11 1.2941e-11 1.0806e-11 1.4032e-11 1.1633e-11 1.1293e-11 1.2524e-11 1.1284e-11 1.1464e-11 5.1067e-12 9.071e-12 7.9841e-12 9.497e-12 7.8539e-12 6.7436e-12 5.0415e-12 3.6914e-12 4.5049e-12 2.1811e-12 8.397e-12 9.1572e-12 5.0024e-12 3.9913e-12 4.4191e-12 1.7994e-12 5.5001e-12 4.0819e-12 3.63e-12 5.9383e-12 5.8324e-13 -1.8436e-12 8.1277e-12 -5.4607e-13 1.3329e-12 2.6021e-12 2.8025e-12 7.0057e-12 1.6804e-12 -1.4709e-12 5.6156e-12 6.805e-13 -1.6421e-12 3.954e-12 1.4183e-12 9.7438e-13 4.0999e-13 3.7041e-12 2.3017e-12 -1.2186e-12 -3.5726e-12 2.6616e-12 2.673e-12 3.8448e-12 -4.4202e-13 3.8667e-12 2.9209e-12 8.1059e-13 5.3019e-13 4.23e-12 -6.1155e-13 1.7437e-12 1.3798e-12 -2.6817e-12 4.4855e-13 1.9632e-12 -7.8496e-13 4.2499e-13 -4.3765e-14 -5.9205e-13 3.954e-12 9.1024e-14 2.7184e-12 -1.7844e-12 -2.8467e-12 1.5466e-12 -4.2056e-12 -1.7046e-12 1.571e-12 -1.1901e-12 -6.1677e-13 -1.1741e-12 5.8469e-13 2.0373e-12 -1.0267e-12 2.0215e-12 1.0774e-12 1.1625e-12 3.4027e-12 1.393e-12 3.5101e-13 1.772e-12 2.8015e-14 -2.8072e-12 -1.5439e-12 1.9515e-12 -9.5004e-13 2.2445e-12 -2.3935e-12 1.0646e-12 -2.8661e-12 1.0356e-12 9.9523e-13 1.5148e-12 5.8504e-13 -1.4382e-12 -2.0783e-12 -2.282e-12 6.194e-13 6.55e-13 7.9149e-13 9.2092e-13 3.6498e-13 -1.3795e-12 -2.6579e-13 -7.5592e-13 1.5375e-13 -2.5017e-14 -2.6468e-13 7.8808e-13 4.0116e-13 2.4491e-14 4.0426e-16
2.5647e-11 2.7035e-11 2.4505e-11 2.5031e-11 2.6951e-11 2.7276e-11 3.5156e-11 2.1895e-11 3.2438e-11 1.897e-11 3.0152e-11 3.0479e-11 2.4585e-11 2.7581e-11 2.5113e-11 3.0472e-11 2.4237e-11 3.1753e-11 1.9485e-11 3.159e-11 1.9422e-11 2.8636e-11 3.1057e-11 3.0338e-11 2.7595e-11 3.2291e-11 2.3717e-11 3.1969e-11 2.8511e-11 2.4911e-11 2.2044e-11 2.7679e-11 2.4222e-11 2.2321e-11 2.4748e-11 3.0271e-11 2.7968e-11 2.7325e-11 2.4972e-11 2.5891e-11 2.2939e-11 2.103e-11 1.9583e-11 2.3175e-11 1.9317e-11 2.2075e-11 1.3209e-11 2.3242e-11 1.8052e-11 1.8051e-11 1.9277e-11 1.0845e-11 9.7077e-12 1.7772e-11 1.4176e-11 1.1126e-11 1.1691e-11 1.3397e-11 1.2628e-11 1.1064e-11 9.7329e-12 8.9844e-12 7.8704e-12 1.1603e-11 6.3211e-12 7.7292e-12 6.356e-12 9.2319e-12 7.2903e-12 4.7674e-12 3.8374e-12 3.3396e-12 6.0859e-12 6.766e-12 7.3698e-12 7.1668e-12 4.8485e-12 5.4623e-12 7.0533e-12 2.1565e-12 4.4455e-12 5.852e-12 3.6234e-12 5.5554e-12 4.78e-13 -6.1764e-12 9.4935e-12 1.1488e-12 6.4762e-13 1.1223e-12 1.5159e-12 5.9976e-12 3.7934e-12 -3.1539e-12 3.185e-12 1.1077e-12 3.5197e-12 3.9187e-12 1.7036e-12 2.4806e-15 5.2981e-13 2.8998e-12 -1.8344e-12 -5.924e-13 -1.8738e-12 4.3997e-12 3.1773e-12 4.3327e-12 1.464e-13 3.7919e-12 2.9107e-12 1.2081e-12 2.1857e-12 1.9694e-12 7.1168e-13 2.1615e-12 1.8716e-12 -2.2393e-12 6.8271e-13 1.9773e-12 8.0061e-14 3.2671e-13 -7.4684e-13 -1.6244e-12 1.5981e-12 -9.1005e-13 1.6175e-12 -2.0501e-12 -1.1417e-12 2.092e-12 -2.6183e-12 -2.9983e-12 1.2854e-12 -1.2412e-12 -3.508e-13 -1.4979e-12 1.2939e-12 2.6487e-12 -1.1611e-12 1.4352e-12 -2.7016e-13 -7.8649e-14 1.8987e-12 1.9615e-12 -9.35e-13 2.3681e-12 3.6187e-13 -1.1886e-12 -1.9866e-12 7.2351e-13 -1.0159e-12 1.7432e-12 -1.8347e-12 3.6823e-13 -2.3612e-12 5.6528e-15 4.8625e-13 7.9625e-13 1.0369e-12 -1.8046e-12 -1.8936e-12 -1.1786e-12 5.3082e-13 -2.4786e-13 1.1349e-12 6.8472e-13 -5.2763e-14 -1.2482e-13 4.441e-13 -5.2015e-13 -3.0238e-13 1.4753e-13 3.9071e-13 6.739e-13 2.6678e-13 1.0921e-13 -1.8432e-13
2.5794e-11 2.4388e-11 2.3048e-11 2.4349e-11 2.7379e-11 2.7757e-11 3.1885e-11 2.0393e-11 2.978e-11 1.9919e-11 3.0106e-11 2.8357e-11 2.5194e-11 2.5598e-11 2.4762e-11 2.4237e-11 3.2279e-11 3.3115e-11 2.3065e-11 3.0083e-11 2.1161e-11 2.8325e-11 2.7663e-11 2.8175e-11 2.6461e-11 3.0089e-11 2.3426e-11 2.7856e-11 2.6603e-11 2.4608e-11 2.2369e-11 2.6794e-11 2.6187e-11 2.4451e-11 2.343e-11 3.0567e-11 2.4555e-11 2.6483e-11 2.6504e-11 2.5764e-11 2.3647e-11 1.9692e-11 2.2188e-11 2.3921e-11 1.9567e-11 1.686e-11 1.3093e-11 2.0065e-11 1.9813e-11 2.0727e-11 1.8789e-11 1.1301e-11 1.3381e-11 1.6433e-11 1.5425e-11 1.2061e-11 1.4372e-11 1.318e-11 8.2036e-12 8.7524e-12 9.02e-12 1.0797e-11 6.8881e-12 1.0302e-11 9.7118e-12 9.458e-12 9.3759e-12 8.5028e-12 5.2925e-12 3.986e-12 6.8163e-12 2.2509e-12 4.9711e-12 7.0576e-12 7.133e-12 8.2956e-12 6.0715e-12 6.2043e-12 8.2902e-12 4.5903e-12 3.3381e-12 2.5389e-12 3.4339e-12 6.2326e-12 -1.7039e-13 -7.9936e-13 1.0079e-11 2.2002e-13 2.5471e-12 4.2143e-12 3.1454e-12 5.7043e-12 3.4092e-12 1.5623e-13 2.8355e-12 1.8277e-12 -1.2901e-12 4.3113e-12 -4.8987e-13 1.8478e-12 -2.6876e-12 2.7826e-12 1.0077e-12 -7.936e-13 -2.5309e-12 4.8479e-12 1.3865e-12 3.5708e-12 3.7947e-13 1.9875e-12 5.5358e-12 2.7846e-12 -7.7184e-13 2.3049e-12 8.2216e-13 3.3416e-12 -1.187e-12 -2.9967e-12 2.3254e-12 4.5047e-12 7.2331e-13 -6.635e-13 -4.7765e-13 1.9875e-13 1.5298e-12 -1.9495e-12 1.1125e-12 -9.3312e-13 -3.3549e-12 3.2513e-13 -4.2681e-12 -3.7775e-12 5.4569e-13 -3.8235e-13 6.144e-13 -7.9749e-13 6.3574e-13 3.8874e-12 -1.2661e-12 2.7671e-12 -5.8684e-14 7.1419e-13 1.8587e-12 2.286e-12 -1.7844e-12 1.3388e-12 1.9688e-12 -1.6999e-12 -1.1546e-12 1.7083e-13 -5.7416e-13 1.1729e-12 -2.0721e-12 1.1673e-12 -1.5369e-12 1.0513e-13 6.0218e-13 9.725e-13 9.9822e-13 -1.7193e-12 -1.841e-12 -1.9012e-12 1.2124e-12 5.2287e-13 7.2808e-13 7.5571e-13 1.144e-13 -3.9783e-13 -2.898e-14 -9.5133e-13 1.9212e-14 9.5316e-15 -1.9946e-13 4.3388e-13 4.1704e-13 -7.1841e-15 -1.3778e-13
3.7736e-11 3.6183e-11 3.3104e-11 3.4018e-11 3.922e-11 3.8358e-11 4.6112e-11 2.992e-11 4.4172e-11 2.8913e-11 3.9903e-11 4.3414e-11 3.6442e-11 3.7922e-11 3.4172e-11 3.1753e-11 3.3115e-11 5.741e-11 3.3303e-11 4.3838e-11 2.8147e-11 3.949e-11 3.8554e-11 4.2937e-11 4.3241e-11 4.268e-11 3.3146e-11 4.3983e-11 4.0717e-11 3.795e-11 3.3434e-11 3.7982e-11 3.8356e-11 3.5314e-11 3.3178e-11 4.1429e-11 4.1076e-11 3.9766e-11 3.8485e-11 3.5343e-11 3.2238e-11 3.7074e-11 3.1283e-11 3.3574e-11 2.6819e-11 3.3103e-11 1.8439e-11 2.7199e-11 2.6256e-11 2.9121e-11 2.7644e-11 1.2775e-11 1.6404e-11 1.9278e-11 1.417e-11 2.1399e-11 1.602e-11 2.0032e-11 1.9212e-11 1.7664e-11 9.7575e-12 1.8918e-11 1.449e-11 1.5304e-11 1.0044e-11 1.2977e-11 1.1252e-11 1.0816e-11 6.4341e-12 9.9138e-12 8.2189e-12 4.7562e-12 7.4026e-12 5.6102e-12 9.5705e-12 9.4271e-12 9.0277e-12 7.3136e-12 8.6234e-12 3.6378e-13 7.5841e-12 3.2579e-12 3.7568e-12 1.1551e-11 -4.5561e-13 -2.7961e-12 1.2937e-11 1.2027e-12 4.9481e-12 4.8824e-12 3.2308e-12 5.875e-12 2.6255e-12 6.9006e-13 7.4624e-12 6.662e-13 1.535e-12 3.8346e-12 8.8279e-13 2.3963e-12 -5.07e-13 6.889e-12 3.343e-13 -9.9781e-13 -3.9784e-12 5.4394e-12 2.3962e-12 5.621e-12 4.8528e-12 2.9717e-12 4.9385e-12 -5.5496e-13 2.4717e-13 3.3707e-12 -1.1651e-12 9.5678e-13 2.1321e-12 -2.1128e-12 9.2909e-13 3.4477e-12 -3.1055e-13 1.6999e-12 -1.0148e-12 -1.4587e-12 4.7456e-12 -1.3167e-12 1.6467e-12 8.0765e-13 -1.8801e-12 2.6148e-12 -3.9632e-12 -1.8606e-12 1.8538e-12 -1.162e-12 -7.0779e-14 -1.7252e-12 -2.3161e-13 2.5423e-12 -5.4363e-13 2.8177e-12 8.4463e-13 1.9967e-13 3.6548e-12 2.321e-12 -2.8244e-12 1.3976e-12 1.2316e-12 -1.1492e-12 -1.4963e-12 -5.5102e-13 -5.1505e-13 -7.6014e-13 -2.7096e-12 -2.0308e-13 -3.261e-12 8.1575e-13 -1.0307e-13 5.289e-13 -3.5669e-14 -1.4731e-12 -1.5996e-12 -2.0914e-12 6.5693e-13 7.7295e-13 1.1706e-12 6.7736e-13 5.0451e-13 -5.4015e-13 -1.2932e-13 -1.1327e-12 3.105e-13 -1.6658e-13 -3.2848e-14 1.0496e-12 4.0294e-13 8.194e-14 8.1369e-14
2.4995e-11 2.622e-11 2.0127e-11 2.3871e-11 2.84e-11 2.5069e-11 3.4149e-11 1.8082e-11 2.8186e-11 2.1405e-11 2.6492e-11 2.9642e-11 2.4612e-11 2.3104e-11 2.3505e-11 1.9485e-11 2.3065e-11 3.3303e-11 3.181e-11 2.9889e-11 2.1127e-11 2.6905e-11 2.6273e-11 2.8753e-11 2.9718e-11 2.6739e-11 2.4786e-11 2.856e-11 2.4447e-11 2.6526e-11 2.1926e-11 2.3035e-11 2.3412e-11 2.616e-11 2.2065e-11 3.0803e-11 2.6907e-11 2.7655e-11 2.7389e-11 2.812e-11 1.8822e-11 2.7408e-11 2.203e-11 2.3509e-11 1.8747e-11 1.9881e-11 1.3804e-11 1.7742e-11 1.8049e-11 2.0428e-11 1.5739e-11 9.118e-12 1.1584e-11 1.6125e-11 1.1591e-11 1.7081e-11 1.2271e-11 1.1822e-11 1.4683e-11 1.2685e-11 4.0152e-12 1.0265e-11 9.0197e-12 1.224e-11 1.1447e-11 1.19e-11 1.2004e-11 6.6056e-12 7.3508e-12 4.7894e-12 6.1038e-12 1.9674e-12 4.7856e-12 3.059e-12 9.2384e-12 7.6674e-12 6.9812e-12 4.069e-12 7.6952e-12 3.519e-12 5.4658e-12 2.092e-12 3.6002e-12 5.1126e-12 3.174e-12 -4.4477e-13 1.0153e-11 3.3321e-12 2.0102e-12 3.6462e-12 2.0694e-12 3.9589e-12 7.1045e-13 -1.9821e-13 3.686e-12 4.7669e-13 -5.6744e-14 3.101e-12 7.9533e-13 -1.8545e-13 -2.0866e-12 3.8138e-12 1.6097e-13 -2.3497e-12 -2.1023e-12 4.2207e-12 2.0846e-12 1.6212e-12 2.0861e-12 3.5698e-12 4.3416e-12 -5.3801e-13 7.891e-13 3.8935e-12 3.8114e-13 3.0417e-12 9.4278e-13 -2.2358e-12 1.2589e-12 4.2866e-12 3.7106e-12 1.3469e-12 -1.1963e-12 -3.1936e-13 3.1784e-12 6.2724e-14 2.4969e-12 9.2078e-13 -1.2618e-12 6.8222e-13 -2.1177e-12 -2.4524e-12 1.4364e-13 -3.3146e-13 1.6654e-13 -2.3364e-12 9.9559e-13 1.7499e-12 -1.8357e-12 1.2512e-12 3.7386e-13 -3.2701e-13 3.4365e-12 1.2129e-13 -1.2409e-12 3.4221e-13 2.0831e-12 -3.1071e-12 -2.2306e-12 1.3239e-12 1.1469e-12 5.4365e-13 -2.3092e-12 2.2493e-13 -2.8225e-12 7.6936e-13 -9.9513e-14 3.098e-13 -2.9379e-13 -8.1752e-13 -8.9818e-13 -1.6996e-12 -7.5119e-14 2.0707e-13 8.5977e-13 6.7723e-13 -8.6983e-14 -7.0663e-13 -1.201e-13 -8.9989e-13 -2.1958e-13 2.0579e-13 -4.7673e-14 5.2971e-13 -6.2195e-14 8.3207e-15 -1.361e-13
3.3234e-11 3.4847e-11 3.0834e-11 3.2404e-11 3.63e-11 3.4061e-11 4.462e-11 3.0529e-11 4.058e-11 2.6284e-11 3.6827e-11 3.9061e-11 3.401e-11 3.2777e-11 3.0893e-11 3.159e-11 3.0083e-11 4.3838e-11 2.9889e-11 4.597e-11 2.5355e-11 3.6761e-11 3.8648e-11 3.8606e-11 3.8688e-11 3.8751e-11 3.1595e-11 4.1389e-11 3.6743e-11 3.3035e-11 3.055e-11 3.4944e-11 3.4442e-11 3.0776e-11 3.0972e-11 4.0874e-11 3.6319e-11 3.5846e-11 3.615e-11 3.2455e-11 2.7143e-11 3.1059e-11 2.5225e-11 3.0003e-11 2.8013e-11 2.8475e-11 2.0272e-11 2.6965e-11 2.404e-11 2.7718e-11 2.3052e-11 1.2722e-11 1.6335e-11 2.1245e-11 1.5928e-11 2.0431e-11 1.5019e-11 1.7171e-11 1.9475e-11 1.555e-11 1.1579e-11 1.3094e-11 9.0497e-12 1.2817e-11 9.4506e-12 1.482e-11 1.2045e-11 1.1438e-11 6.6095e-12 6.9999e-12 8.5201e-12 4.0706e-12 6.1393e-12 7.4611e-12 9.4631e-12 9.5976e-12 9.1613e-12 7.0934e-12 6.9361e-12 3.5539e-12 5.1888e-12 5.6911e-12 6.6222e-12 7.2261e-12 -6.6646e-13 -3.2337e-12 1.0057e-11 4.321e-12 4.6729e-12 2.8513e-12 1.0639e-12 7.908e-12 3.9746e-12 -1.5396e-12 6.6055e-12 1.2308e-12 1.7974e-12 3.7788e-12 3.2275e-12 7.9319e-14 -7.9776e-13 4.3097e-12 5.4179e-13 -4.5659e-13 -9.6991e-13 4.7959e-12 2.882e-12 4.522e-12 1.7578e-12 3.5041e-12 4.4119e-12 5.7596e-13 1.5203e-12 2.8124e-12 6.8627e-13 1.3108e-12 3.0391e-12 -3.6782e-12 3.0566e-13 2.6321e-12 1.3915e-13 1.2134e-12 -1.4492e-12 -1.5843e-12 3.1956e-12 -5.4502e-13 1.9618e-12 -4.8511e-13 -1.857e-12 7.9424e-13 -3.6697e-12 -1.6461e-12 2.3739e-12 -2.0889e-13 8.5859e-14 -1.0871e-12 9.1812e-13 2.0752e-12 -2.7675e-12 9.3352e-13 1.3099e-12 -8.4408e-13 4.6518e-12 1.1731e-12 -1.4608e-12 1.2001e-12 9.7555e-13 -1.8902e-12 -2.1673e-12 -5.1753e-13 9.965e-13 6.5537e-13 -3.0302e-12 1.2581e-12 -3.2965e-12 8.3341e-13 -7.7518e-13 9.4058e-13 7.5805e-13 -1.23e-12 -1.6773e-12 -2.7553e-12 1.2763e-12 2.083e-14 2.0841e-12 5.181e-13 4.2231e-13 -9.8269e-13 2.2683e-13 -8.8988e-13 -1.4034e-13 -3.1342e-13 2.1732e-14 7.4191e-13 2.6169e-13 3.2684e-13 4.115e-15
