,0,1,2,3,4,5,6,7,8,9,10,11,12,13,14,15,16,17,18,19,20,21,22,23,24,25,26,27,28,29,30,31,32,33,34,35,36,37,38,39,40,41,42,43,44,45,46,47,48,49,50,51,52,53,54,55,56,57,58,59,60,61,62,63,64,65,66,67,68,69,70,71,72,73,74,75,76,77,78,79,80,81,82,83,84,85,86,87,88,89,90,91,92,93,94,95
0,1,0.77368,0.82881,0.81638,0.81708,0.70318,0.76579,0.71113,0.72006,0.54457,0.64794,0.65455,0.46346,0.60596,0.27435,0.50495,0.2864,0.40379,0.37827,0.094963,0.13598,0.23663,-0.15175,-0.027005,0.014039,-0.26592,0.19964,0.088916,-0.066438,-0.037905,-0.14774,-0.16673,-0.37495,0.087094,0.034773,-0.22436,-0.22084,-0.039589,-0.25448,-0.30097,-0.45495,-0.1554,-0.21735,-0.20501,-0.5963,-0.42277,-0.038591,-0.29585,-0.043437,-0.014978,-0.025839,-0.013131,-0.23834,-0.03842,-0.2653,0.042997,-0.14557,0.017971,-0.32774,-0.20913,-0.046533,0.048604,0.020395,0.056405,0.2121,0.23957,-0.13309,-0.15418,-0.0080269,0.068854,-0.011998,-0.21272,-0.069342,-0.22572,0.15168,0.18247,0.10455,0.24548,0.22903,-0.094137,0.088152,0.044423,-0.052124,0.0040504,-0.05592,0.092454,0.19131,0.2962,0.044582,0.22753,0.34628,-0.047284,-0.013059,0.13867,0.0334,0.057521
1,0.77368,1,0.73984,0.76354,0.73362,0.71914,0.78114,0.7493,0.74163,0.52347,0.57733,0.68009,0.45765,0.58415,0.29456,0.54815,0.10558,0.43291,0.27209,0.10928,0.17079,0.11527,-0.21712,-0.14847,0.082714,-0.2445,0.16866,0.13491,-0.12063,-0.2625,-0.15551,-0.17908,-0.25518,0.069796,-0.049093,-0.34006,-0.2556,-0.17251,-0.20867,-0.36086,-0.35837,-0.11307,-0.16269,-0.14014,-0.49926,-0.51912,-0.078979,-0.20108,-0.31017,0.021749,-0.18999,0.069225,-0.38306,0.13487,-0.27584,-0.002167,-0.066843,0.24917,-0.40248,-0.15837,-0.025183,-0.21861,0.13582,0.02097,0.38342,0.20281,-0.081199,-0.20518,0.082387,0.10576,-0.03828,-0.17763,0.16289,-0.31956,-0.01939,0.29287,-0.052803,0.052886,0.15761,-0.015315,0.049175,0.13773,-0.015058,-0.10264,-0.18424,0.14548,0.17612,0.1783,0.097144,-0.029844,0.39167,0.038479,-0.047306,0.17464,0.054582,0.17129
2,0.82881,0.73984,1,0.80145,0.78215,0.78797,0.73504,0.71142,0.7323,0.49399,0.54314,0.66977,0.36428,0.55192,0.30844,0.5268,0.19313,0.36473,0.29518,0.11257,-0.020425,0.11052,-0.030549,-0.060223,0.11614,-0.13027,0.1442,0.12238,-0.10829,-0.10796,-0.24333,-0.13738,-0.42535,0.072347,-0.065795,-0.39794,-0.31393,0.11899,-0.27611,-0.33464,-0.39258,-0.1598,-0.1573,-0.26636,-0.4978,-0.45556,-0.12173,-0.16414,-0.18144,-0.06683,-0.078822,-0.035779,-0.13921,0.0094285,-0.16411,0.060638,0.058901,0.04854,-0.34557,-0.35268,-0.13026,0.095102,0.097374,0.12243,0.32381,0.20854,-0.024074,-0.0056501,0.15241,-0.071343,0.091085,-0.229,-0.077928,-0.23844,-0.0068787,0.23517,0.064093,0.25418,0.20566,-0.14105,0.069488,0.033061,-0.072636,0.14581,-0.12093,0.15219,0.1464,0.39827,0.068947,0.26156,0.33141,-0.0048892,0.007257,0.10271,0.079136,0.16511
3,0.81638,0.76354,0.80145,1,0.75379,0.64101,0.78883,0.73969,0.61146,0.6019,0.59436,0.59559,0.37466,0.61457,0.2405,0.51977,0.32572,0.496,0.3237,0.083484,0.016605,0.08945,-0.22081,0.016448,-0.0091176,-0.12572,0.25226,0.10115,-0.11671,-0.055453,-0.17648,-0.19078,-0.2785,-0.043244,-0.042614,-0.41176,-0.2309,0.055388,-0.32771,-0.42728,-0.43228,-0.13434,-0.016936,-0.13546,-0.50867,-0.42762,-0.057696,-0.26717,-0.047455,-0.091057,-0.041408,-0.0055411,-0.20584,-0.019362,-0.2588,0.13496,-0.0020572,0.017663,-0.35479,-0.22426,-0.21799,0.0066556,0.20909,-0.035431,0.32587,0.16684,-0.015502,-0.12127,0.028502,0.055986,-0.031827,-0.075443,0.044269,-0.23877,0.090233,0.1269,-0.12835,0.34687,0.2727,-0.10945,0.046735,0.12245,-0.095918,0.065092,-0.18151,0.11101,0.12724,0.3536,0.15354,0.21849,0.34054,-0.085631,0.032971,0.18602,0.10661,0.12974
4,0.81708,0.73362,0.78215,0.75379,1,0.69643,0.64441,0.69119,0.67093,0.56994,0.54831,0.58364,0.35514,0.635,0.30209,0.55721,0.12586,0.42224,0.42974,0.22093,0.035031,0.15524,-0.05488,0.13287,0.13264,-0.13212,0.24112,0.0076417,-0.12365,-0.19936,-0.052022,-0.068266,-0.30935,0.14159,-0.1528,-0.29941,-0.15993,-0.053017,-0.27096,-0.46179,-0.45144,-0.31279,-0.30829,-0.34975,-0.5339,-0.48309,-0.26245,-0.18116,-0.10172,-0.11985,-0.24634,-0.1472,-0.17697,0.063605,-0.20072,0.12857,-0.084611,0.090158,-0.30256,-0.06601,-0.099968,-0.044873,0.012597,0.032837,0.26659,0.085289,0.033525,-0.1263,0.15513,-0.0089239,0.072114,-0.071248,-0.059153,-0.094052,0.23463,0.19071,0.08145,0.23098,0.12131,0.066696,0.22782,-0.0088149,0.02065,0.080816,0.0023484,0.060239,0.25355,0.4914,0.17277,0.26665,0.2723,-0.039746,0.14139,0.20574,0.084689,-0.021582
5,0.70318,0.71914,0.78797,0.64101,0.69643,1,0.63222,0.55484,0.6489,0.4488,0.54051,0.59196,0.51581,0.3499,0.2185,0.59031,0.12517,0.37383,0.28471,0.045219,0.10179,0.12276,0.03388,-0.12499,0.07539,-0.13339,0.20482,0.1267,0.0001499,-0.083531,-0.19929,-0.21115,-0.40327,0.19476,-0.050955,-0.34498,-0.38973,-0.1007,-0.29576,-0.32082,-0.28343,-0.27989,-0.0020473,-0.2327,-0.3908,-0.38439,-0.027481,-0.059744,-0.18515,-0.064527,-0.13139,-0.16088,-0.2171,0.038304,-0.19567,0.067352,0.13517,0.095724,-0.18527,-0.2718,-0.060049,0.0024846,0.1398,0.18528,0.19339,0.16405,-0.066204,-0.020908,0.14217,-0.0021436,0.20693,-0.10551,0.064385,-0.3038,-0.069488,0.2194,0.017934,0.20925,0.11265,-0.11976,-0.078743,0.037169,0.24873,0.13946,-0.041147,0.14907,0.2497,0.28882,0.14252,0.18988,0.22328,-0.032173,0.11674,0.2038,0.029284,0.14756
6,0.76579,0.78114,0.73504,0.78883,0.64441,0.63222,1,0.66786,0.69036,0.56106,0.557,0.64086,0.36249,0.53314,0.21968,0.41098,0.33311,0.42966,0.25307,0.034662,0.23956,0.16113,-0.14057,-0.11109,0.048999,-0.22027,0.19803,0.088807,-0.09624,-0.054728,-0.18235,-0.14386,-0.22281,-0.0052276,-0.13518,-0.43233,-0.11174,0.049857,-0.19886,-0.2622,-0.47023,-0.023483,-0.10452,-0.13957,-0.31963,-0.44049,-0.0027309,-0.13456,-0.24922,0.1631,0.0041967,0.0058814,-0.29016,-0.0044201,-0.16335,0.053185,-0.019519,0.19982,-0.42229,-0.20827,-0.1974,-0.029756,0.1514,-0.086886,0.28325,0.21282,-0.16587,-0.063748,0.13557,0.047441,-0.14815,-0.12207,0.099356,-0.29921,0.18308,0.12595,-0.035627,0.1293,0.26548,-0.07504,-0.0063983,0.11554,0.043678,0.11328,-0.067436,0.031934,0.024466,0.21531,0.074569,0.019712,0.50847,-0.059936,0.031717,0.069842,0.21152,0.10984
7,0.71113,0.7493,0.71142,0.73969,0.69119,0.55484,0.66786,1,0.6287,0.51626,0.44314,0.6811,0.48276,0.58474,0.18453,0.56278,0.20233,0.42744,0.12122,0.16419,0.10779,0.041369,-0.1471,0.033761,-0.09642,-0.23562,0.095512,-0.050341,0.0080385,-0.075338,-0.11341,-0.052535,-0.2526,-0.10869,-0.12003,-0.30636,-0.19349,-0.1256,-0.15653,-0.33475,-0.45997,-0.085194,-0.14996,-0.18106,-0.56858,-0.54659,-0.081441,-0.015645,-0.30614,-0.18229,-0.20181,-0.027033,-0.31256,0.19354,-0.1324,0.14504,-0.099074,0.27372,-0.45381,-0.12303,-0.22046,-0.10002,0.055257,0.0074901,0.13758,0.069588,-0.12014,-0.14582,0.13813,-0.0051955,-0.0026085,-0.12086,0.18707,-0.33466,0.099898,0.12806,-0.056887,0.25288,0.19709,-0.010317,0.19255,0.20815,-0.18791,0.1089,-0.21046,0.22279,0.13194,0.30783,0.10614,0.0087209,0.40396,-0.09132,-0.18472,0.069721,0.17636,0.045869
8,0.72006,0.74163,0.7323,0.61146,0.67093,0.6489,0.69036,0.6287,1,0.50606,0.57607,0.60634,0.30046,0.46467,0.41314,0.53274,0.12844,0.36551,0.25084,0.14903,0.11403,0.2261,-0.16729,-0.12275,0.053705,-0.24518,0.24272,0.16656,-0.109,-0.12411,-0.14126,-0.1193,-0.35278,-0.072987,0.044146,-0.27265,-0.31443,0.086586,-0.20704,-0.4719,-0.37494,-0.096276,-0.14725,-0.16937,-0.4881,-0.52538,-0.072769,-0.083292,-0.16578,-0.080797,0.14859,-0.01152,-0.18108,-0.00016972,-0.12436,0.067303,-0.023249,0.22431,-0.23152,-0.26402,-0.1164,0.019154,-0.17805,0.14711,0.19968,0.19891,-0.034976,-0.15489,0.14273,-0.070625,-0.086126,-0.066079,-0.035747,-0.32528,0.10887,0.21069,-0.057466,0.020453,0.35862,-0.12343,0.069799,-0.033105,-0.016464,0.09178,-0.13815,0.17707,0.016829,0.18048,0.13551,0.25462,0.19587,0.022904,-0.10243,0.27952,0.082667,0.1395
9,0.54457,0.52347,0.49399,0.6019,0.56994,0.4488,0.56106,0.51626,0.50606,1,0.53931,0.43227,0.28962,0.42088,0.27373,0.37304,0.10483,0.48288,0.10543,0.22252,-0.065938,0.14096,-0.19229,0.15324,-0.141,-0.067865,0.20164,-0.14069,-0.097933,0.083427,0.21249,-0.1101,-0.17895,-0.016178,0.02517,-0.40052,-0.023634,0.10846,0.027242,-0.33422,-0.25351,-0.12177,-0.063304,-0.029928,-0.29768,-0.46839,-0.20251,0.030688,-0.18921,-0.1147,-0.1392,0.077686,-0.18249,0.081192,-0.12806,0.033,0.065488,-0.0042201,-0.1736,-0.22929,-0.24559,-0.0092917,0.12137,0.11481,0.35331,0.11722,-0.048444,-0.19305,-0.20031,0.030141,0.070221,-0.17036,0.06923,-0.14393,0.047389,0.099323,-0.075414,0.29197,0.087764,-0.14102,0.24977,-0.071131,0.050475,0.065971,-0.023523,0.10014,0.31218,0.22231,0.22687,0.038536,0.41403,-0.14611,0.12534,0.06259,0.26594,0.031289
10,0.64794,0.57733,0.54314,0.59436,0.54831,0.54051,0.557,0.44314,0.57607,0.53931,1,0.31503,0.36293,0.34842,0.26931,0.35195,0.042649,0.3968,0.25831,-0.08369,0.077912,0.28376,-0.24735,-0.13641,-0.20979,-0.30425,0.13109,0.12734,-0.10091,-0.29084,-0.16065,-0.28904,-0.18282,0.16624,0.097155,-0.25763,-0.12097,-0.016869,-0.3274,-0.38198,-0.33265,-0.11001,-0.065227,-0.16979,-0.35628,-0.264,0.019405,-0.26093,-0.057842,-0.087816,0.04792,0.035226,-0.1367,0.050496,0.036211,0.02085,-0.093095,0.087811,-0.09351,-0.068423,-0.22967,-0.1116,-0.079025,0.075662,0.31632,0.016124,-0.14515,-0.26983,0.079266,0.072219,-0.20714,-0.19861,-0.1689,-0.2576,0.050599,0.3007,0.028106,0.17133,0.23653,-0.29134,0.10802,-0.042452,0.049021,-0.016115,-0.16142,0.14644,0.041044,0.16546,0.24331,-0.091814,0.13716,0.0098448,0.13785,0.11785,0.1044,-0.0049435
11,0.65455,0.68009,0.66977,0.59559,0.58364,0.59196,0.64086,0.6811,0.60634,0.43227,0.31503,1,0.54799,0.33341,0.24333,0.36042,-0.065105,0.15278,0.13724,0.16188,0.037841,-0.081519,-0.12282,-0.067314,-0.064963,-0.26361,0.082778,0.056131,-0.01646,-0.065829,-0.19603,-0.32734,-0.4005,-0.081147,0.14666,-0.35166,-0.26022,-0.095237,-0.29822,-0.16509,-0.24438,0.016282,-0.081906,-0.095564,-0.33513,-0.47085,0.05434,-0.22299,-0.30107,0.13939,-0.15255,-0.048757,-0.2028,-0.064,-0.13226,0.21742,-0.037952,0.37673,-0.35253,-0.14584,-0.17726,-0.074892,0.16823,0.13702,0.11,0.26023,0.017253,-0.12005,0.15783,0.16195,0.043176,-0.25882,0.14732,-0.34513,-0.15394,0.26169,0.0034646,0.15715,0.052712,-0.071176,-0.014448,0.088733,-0.12736,0.12391,-0.30553,0.25278,0.18041,0.29817,0.15992,0.23049,0.25489,0.027454,-0.15369,0.064349,0.038189,0.30309
12,0.46346,0.45765,0.36428,0.37466,0.35514,0.51581,0.36249,0.48276,0.30046,0.28962,0.36293,0.54799,1,0.10043,0.072482,0.36365,0.1379,0.11326,0.23366,0.044341,-0.0098591,0.11899,-0.0073201,-0.077119,-0.24557,-0.16299,0.04029,-0.056857,0.11586,-0.012431,-0.19188,-0.23867,-0.30815,0.18645,0.099214,-0.22519,-0.22665,-0.27817,-0.23572,-0.08276,-0.064726,-0.021535,-0.021635,-0.22777,-0.26988,-0.3459,0.10415,-0.032972,-0.21435,-0.072871,-0.21558,-0.11074,-0.067029,0.08804,-0.26261,0.25374,-0.085565,0.09522,-0.13779,-0.0084549,-0.045439,-0.20116,0.30161,0.15075,-0.024576,0.11199,-0.24224,0.10254,0.19119,0.056937,0.11099,-0.24457,0.22154,-0.44201,-0.039738,0.11083,0.15481,0.29213,0.13513,-0.1424,0.024988,-0.15523,0.23863,-0.17907,-0.17159,0.38187,-0.05943,-0.0023533,0.14243,-0.060579,0.091017,0.048646,0.042642,0.17108,0.067566,-0.060227
13,0.60596,0.58415,0.55192,0.61457,0.635,0.3499,0.53314,0.58474,0.46467,0.42088,0.34842,0.33341,0.10043,1,0.15453,0.4406,0.26424,0.43194,0.24654,0.14106,-0.06579,0.11679,-0.27147,-0.064932,0.1642,-0.17542,0.12321,0.0055408,-0.041697,-0.29006,-0.039943,0.088231,-0.076101,0.034212,-0.29665,-0.27208,-0.036257,0.041801,-0.15878,-0.32043,-0.31521,-0.2547,-0.35865,-0.30068,-0.47742,-0.39525,-0.20532,-0.12001,-0.032339,-0.025922,-0.18432,-0.11797,-0.11522,0.12057,-0.31236,0.14825,-0.093011,0.049694,-0.25317,-0.030092,-0.011625,0.15547,0.19187,0.0066336,0.3141,0.11915,-0.064385,-0.19149,0.00013713,-0.071871,-0.10267,-0.14234,0.18731,-0.19161,0.41298,0.38134,0.083014,-0.010627,0.23321,0.14497,0.22473,0.1497,-0.062723,0.099311,0.052786,-0.076354,0.23695,0.38805,-0.027857,0.13427,0.41681,0.12605,-0.11209,0.17338,-0.003594,0.14985
14,0.27435,0.29456,0.30844,0.2405,0.30209,0.2185,0.21968,0.18453,0.41314,0.27373,0.26931,0.24333,0.072482,0.15453,1,0.28688,-0.13957,0.24711,0.10622,-0.014545,-0.05171,0.20593,0.018937,0.069197,0.068414,0.071859,0.15231,0.031971,0.15737,-0.16217,-0.081929,-0.23951,-0.21715,0.25018,0.067845,-0.15906,-0.1846,0.11264,-0.0077184,-0.18216,0.1769,0.21968,-0.062208,0.0023133,-0.28875,-0.017267,-0.0030875,-0.14803,-0.17269,0.046776,-0.091291,0.10332,0.17166,0.18226,-0.14313,0.0014283,-0.11466,0.11691,0.023156,-0.16755,-0.10943,0.07116,-0.12011,0.44068,0.096149,0.051792,0.22288,-0.1655,0.063149,0.24163,0.151,-0.070137,-0.19471,-0.074377,0.0028278,-0.087674,0.018587,0.021104,0.23599,-0.04245,0.14176,0.17112,0.016795,0.047807,0.024546,0.056468,-0.19644,0.028302,0.14115,0.16414,0.0035845,0.012202,0.24792,0.038102,0.13562,-0.014979
15,0.50495,0.54815,0.5268,0.51977,0.55721,0.59031,0.41098,0.56278,0.53274,0.37304,0.35195,0.36042,0.36365,0.4406,0.28688,1,0.12502,0.3011,0.065523,0.27249,-0.087135,0.036448,-0.055819,-0.031549,0.12853,0.031822,0.15858,-0.072153,0.11827,-0.13849,-0.20351,-0.23905,-0.26715,0.1952,-0.081761,-0.30976,-0.4159,-0.011845,-0.15441,-0.30379,-0.28675,-0.16409,-0.10901,-0.32652,-0.47913,-0.28842,0.23133,-0.015824,-0.14285,-0.068356,-0.18823,-0.027592,-0.023404,0.14529,-0.082319,-0.029197,0.034596,0.12674,-0.051663,-0.016483,0.037529,-0.036515,0.015604,0.20919,0.077819,0.14541,0.14761,-0.066303,0.053557,0.10474,0.24597,0.041844,0.032106,-0.25653,0.037347,0.049838,-0.084358,0.36361,0.1243,0.24053,0.01968,0.0057958,0.065991,-0.039955,-0.064547,-0.0032498,0.063465,0.23098,-0.026918,0.087878,0.16226,-0.0032372,-0.002175,0.20682,0.13666,0.09849
16,0.2864,0.10558,0.19313,0.32572,0.12586,0.12517,0.33311,0.20233,0.12844,0.10483,0.042649,-0.065105,0.1379,0.26424,-0.13957,0.12502,1,0.29379,0.11755,-0.02116,0.25224,0.08215,0.040019,-0.051428,0.15201,0.017318,0.2188,0.13485,-0.11373,0.31745,0.12013,0.104,-0.056339,-0.026916,-0.32805,0.039185,0.17733,0.1848,-0.13347,-0.089975,-0.21256,0.10823,-0.088493,-0.092665,0.085053,-0.14405,-0.015054,0.012442,0.16668,-0.092142,0.16406,0.072785,-0.087847,-0.1207,-0.23981,-0.13335,0.0058765,-0.12168,0.012179,-0.36351,-0.10896,0.064817,-0.052467,-0.25312,-0.023429,0.26168,-0.063345,0.15597,-0.19452,-0.032027,-0.067303,0.11787,-0.069447,-0.18624,0.26574,-0.067438,0.011413,0.32331,0.39633,0.072827,-0.021914,-0.0035789,0.055269,0.20478,-0.031122,0.10385,0.013352,0.041917,-0.076631,0.0031819,0.30065,-0.10449,0.13088,0.16413,0.053938,-0.22247
17,0.40379,0.43291,0.36473,0.496,0.42224,0.37383,0.42966,0.42744,0.36551,0.48288,0.3968,0.15278,0.11326,0.43194,0.24711,0.3011,0.29379,1,0.028233,0.1512,0.066021,0.0087306,-0.1433,0.1066,-0.12786,0.021517,0.20939,0.10006,0.15275,-0.03399,-0.0020264,-0.12289,-0.30095,0.1485,-0.12915,-0.40243,-0.024304,0.010964,0.053206,-0.23689,-0.11777,-0.093615,0.012402,-0.052807,-0.22728,-0.20005,-0.095347,0.053301,-0.13843,-0.23861,-0.00013344,-0.020318,-0.20817,0.071008,-0.20689,0.11631,-0.06945,-0.018118,0.061159,-0.24031,-0.31169,0.025912,-0.036535,-0.031186,0.14745,0.10528,0.053333,-0.38211,-0.10093,0.025703,0.025353,-0.064764,-0.016463,-0.11901,0.27206,0.16812,-0.19262,0.17851,0.18395,0.058402,0.048099,0.088201,0.14471,0.059288,-0.1501,0.08089,0.15476,0.24986,0.12034,-0.11273,0.1552,-0.16157,0.14257,-0.00032227,-0.0038174,-0.065021
18,0.37827,0.27209,0.29518,0.3237,0.42974,0.28471,0.25307,0.12122,0.25084,0.10543,0.25831,0.13724,0.23366,0.24654,0.10622,0.065523,0.11755,0.028233,1,0.029843,0.181,0.13764,-0.11607,0.069701,0.14561,0.075999,0.21463,0.014291,-0.1521,0.070288,-0.0031758,0.074538,-0.069708,-0.129,-0.076149,0.18128,-0.03349,-0.053638,-0.24492,-0.27393,-0.12979,0.0014856,-0.18319,-0.25354,-0.298,-0.16514,-0.2597,0.03019,0.009891,-0.011886,0.024934,0.11456,0.0056258,0.00041476,-0.11248,0.30216,0.014395,0.0085116,-0.11156,0.097196,0.0059571,0.085907,-0.052422,-0.0036099,0.24931,-0.21864,-0.11367,0.096894,0.14105,0.034764,-0.14168,0.028249,-0.15526,-0.14951,0.3115,0.090077,0.32157,-0.1885,0.18509,-0.20383,0.29705,-0.13113,0.0038866,0.063624,0.20265,0.023978,0.013142,0.18745,0.13118,0.34972,0.11842,0.19888,0.23992,0.22503,-0.15324,-0.24409
19,0.094963,0.10928,0.11257,0.083484,0.22093,0.045219,0.034662,0.16419,0.14903,0.22252,-0.08369,0.16188,0.044341,0.14106,-0.014545,0.27249,-0.02116,0.1512,0.029843,1,-0.067302,-0.29568,0.10462,0.45232,0.20554,0.29044,-0.034949,-0.29283,0.21224,0.12572,0.12975,-0.070303,0.20323,0.0005372,0.086206,-0.077476,0.17754,0.22276,0.11729,0.15641,0.014948,-0.0009483,-0.016552,-0.065676,-0.047281,-0.10496,-0.18422,0.19566,-0.080448,0.077902,0.018589,0.031571,-0.04484,0.16312,0.055949,0.014421,-0.27369,-0.029699,0.12731,0.13824,0.12683,0.047389,-0.097503,0.18187,-0.015585,-0.082331,-0.031174,-0.14602,-0.23122,0.12046,0.25392,0.25172,0.097206,-0.10539,0.087118,0.088276,-0.36273,0.10798,-0.087921,0.21657,0.29931,-0.16855,0.12317,0.012745,-0.03219,-0.048933,0.1465,0.024254,0.19136,0.13442,-0.20608,0.25697,-0.31945,0.001703,0.10028,-0.020046
20,0.13598,0.17079,-0.020425,0.016605,0.035031,0.10179,0.23956,0.10779,0.11403,-0.065938,0.077912,0.037841,-0.0098591,-0.06579,-0.05171,-0.087135,0.25224,0.066021,0.181,-0.067302,1,0.043553,0.019961,-0.097975,0.32715,-0.020867,0.063066,0.098204,-0.11429,0.1042,0.088505,0.10632,0.22218,-0.050898,-0.13662,0.34116,-0.049666,-0.16239,-0.076289,0.028495,-0.14657,0.14344,-0.0036766,0.25759,0.164,0.02002,0.13321,0.080421,-0.03987,0.22027,0.15057,0.14441,-0.29413,-0.050814,-0.039709,-0.044212,0.023241,0.36998,-0.07,0.021793,0.14986,0.015344,-0.056097,-0.038287,0.0056273,0.11102,-0.14911,0.018139,0.062248,0.10036,-0.10823,0.3216,0.1247,-0.013563,0.16078,0.14283,-0.035258,-0.18851,0.076065,0.1123,0.035527,0.27397,0.085929,-0.04361,0.032288,0.10822,0.0524,-0.14796,-0.050547,-0.1309,0.062874,-0.036956,0.018985,-0.090663,-0.12935,-0.25307
21,0.23663,0.11527,0.11052,0.08945,0.15524,0.12276,0.16113,0.041369,0.2261,0.14096,0.28376,-0.081519,0.11899,0.11679,0.20593,0.036448,0.08215,0.0087306,0.13764,-0.29568,0.043553,1,0.030491,-0.29715,-0.0213,-0.28258,0.21005,0.011969,0.021627,-0.12773,0.07414,0.19809,0.017945,0.084275,-0.033835,-0.043278,-0.026643,-0.17991,-0.077141,-0.27533,-0.21088,-0.12791,-0.38193,-0.2137,-0.33688,-0.078534,-0.085237,-0.21192,-0.042224,-0.11542,0.069285,0.022404,0.097809,-0.031669,-0.072908,-0.20874,-0.1049,-0.070559,-0.30815,-0.21875,-0.18601,-0.064609,-0.051808,0.2157,-0.20285,-0.084118,-0.13673,0.16765,0.042265,-0.18377,0.035359,-0.05277,-0.19728,-0.13572,0.31045,-0.20436,0.19302,-0.11171,0.18108,-0.099315,-0.025777,0.069013,0.14873,-0.040387,0.29059,0.15516,-0.13469,-0.14667,-0.18196,0.1229,0.018117,-0.027621,0.14068,0.48517,0.04929,-0.032051
22,-0.15175,-0.21712,-0.030549,-0.22081,-0.05488,0.03388,-0.14057,-0.1471,-0.16729,-0.19229,-0.24735,-0.12282,-0.0073201,-0.27147,0.018937,-0.055819,0.040019,-0.1433,-0.11607,0.10462,0.019961,0.030491,1,0.081955,0.20053,0.12633,0.23091,0.15304,0.30539,-0.047558,0.043374,0.1494,-0.067288,0.2045,0.0020044,-0.026274,0.16391,0.020264,-0.10083,0.19916,0.12583,-0.11502,0.10451,-0.01204,0.30009,0.14069,-0.059518,0.047347,0.10505,-0.079083,-0.18206,-0.038253,0.3203,0.0039267,0.031591,0.053978,-0.074346,-0.15062,0.085349,-0.072719,0.18556,0.073736,-0.028636,0.12608,-0.26318,-0.071475,0.041911,0.1995,0.14623,0.1181,0.22239,0.12611,-0.042001,0.13839,-0.12235,-0.19007,-0.088532,0.21809,0.083742,0.10232,0.04048,-0.041777,-0.038445,0.23727,-0.019415,0.07922,0.098912,-0.036244,-0.10189,0.0066479,-0.06816,-0.19006,0.28276,-0.13305,-0.11318,-0.19283
23,-0.027005,-0.14847,-0.060223,0.016448,0.13287,-0.12499,-0.11109,0.033761,-0.12275,0.15324,-0.13641,-0.067314,-0.077119,-0.064932,0.069197,-0.031549,-0.051428,0.1066,0.069701,0.45232,-0.097975,-0.29715,0.081955,1,0.009361,0.42661,0.045602,-0.26242,0.12408,0.133,0.24239,0.16397,0.31036,0.056204,0.034241,0.10701,0.20854,0.18628,0.224,0.2613,0.11619,-0.055422,0.15499,0.050494,0.0066532,-0.0027955,-0.33379,0.23677,0.01846,0.0052004,-0.11569,0.048149,-0.015068,0.0069178,0.095509,0.25095,0.045387,-0.2541,0.029908,0.35457,0.10624,0.085468,0.033432,-0.24281,0.050798,-0.048354,-0.084359,-0.25444,-0.2263,0.20645,0.22023,0.094215,-0.24196,0.24484,-0.017691,-0.091714,-0.27541,0.16667,-0.13127,-0.07084,0.17615,-0.34146,-0.16899,0.19661,0.066497,-0.070397,0.046226,0.038202,0.013612,0.13313,-0.15857,-0.24662,0.14456,-0.15845,0.30213,-0.10478
24,0.014039,0.082714,0.11614,-0.0091176,0.13264,0.07539,0.048999,-0.09642,0.053705,-0.141,-0.20979,-0.064963,-0.24557,0.1642,0.068414,0.12853,0.15201,-0.12786,0.14561,0.20554,0.32715,-0.0213,0.20053,0.009361,1,0.26089,0.11221,0.24388,-0.22726,0.067287,0.093093,0.23942,0.24542,-0.059548,-0.4835,0.038626,0.16324,0.015461,-0.11002,-0.061111,-0.055958,-0.13327,-0.15953,0.099567,0.049494,0.045266,-0.099688,-0.029862,0.20317,0.42392,-0.060549,-0.11845,-0.015226,0.10318,-0.25747,-0.13434,0.030779,-0.08417,0.041752,-0.026441,0.11708,0.067378,0.063283,-0.049236,0.11585,0.16447,0.16275,0.12689,0.0062606,-0.11327,0.27428,0.27805,-0.0024169,0.25224,-0.0052823,0.19198,-0.067159,-0.15584,0.085734,0.2483,0.23439,0.096113,-0.048685,-0.003935,0.041561,-0.19464,0.04722,0.048188,-0.050645,0.19153,-0.0010278,-0.025174,-0.037462,0.07384,-0.24346,0.14983
25,-0.26592,-0.2445,-0.13027,-0.12572,-0.13212,-0.13339,-0.22027,-0.23562,-0.24518,-0.067865,-0.30425,-0.26361,-0.16299,-0.17542,0.071859,0.031822,0.017318,0.021517,0.075999,0.29044,-0.020867,-0.28258,0.12633,0.42661,0.26089,1,-0.020747,-0.1128,0.067277,0.14489,-0.19136,0.13241,0.11333,0.021414,-0.043252,0.0093308,0.14376,0.21203,0.17123,0.23216,0.27211,-0.027963,0.31652,-0.10231,0.20498,0.24804,-0.024453,0.30236,0.092236,0.14581,-0.023082,0.057558,0.10407,0.22302,-0.057685,0.19684,0.12192,-0.17461,0.41185,0.17173,-0.026921,0.080493,0.11277,0.0067873,0.023549,-0.13499,0.24317,0.1802,-0.087304,0.14669,0.15482,0.052313,-0.17965,0.2064,-0.02261,0.044729,0.026956,0.26893,0.04865,0.20217,0.030572,-0.23055,0.016552,0.1799,0.20439,-0.03299,0.11778,-0.070555,-0.030245,0.0056043,-0.12202,-0.11198,0.083475,-0.038846,0.16419,-0.22275
26,0.19964,0.16866,0.1442,0.25226,0.24112,0.20482,0.19803,0.095512,0.24272,0.20164,0.13109,0.082778,0.04029,0.12321,0.15231,0.15858,0.2188,0.20939,0.21463,-0.034949,0.063066,0.21005,0.23091,0.045602,0.11221,-0.020747,1,0.17221,-0.10823,-0.1571,-0.048635,0.18558,-0.17091,-0.08325,-0.042128,-0.18826,-0.12142,0.1238,-0.30724,-0.05352,0.019212,-0.21167,0.037839,0.151,-0.17947,-0.051825,0.027614,-0.044369,-0.082476,-0.035183,0.1139,0.23121,0.17541,-0.1558,-0.10122,-0.025837,0.18164,-0.059542,0.00092576,-0.1428,-0.18845,-0.16205,-0.062372,-6.1671e-05,-0.052765,-0.10648,-0.062704,0.07721,-0.026405,0.037089,-0.06065,0.12907,-0.14768,0.0097681,0.33486,-0.068965,-0.35793,0.11149,0.2655,0.092789,0.29426,-0.32303,-0.026299,0.3293,0.082272,0.17154,0.07334,-0.14032,-0.024458,0.16258,-0.12606,-0.16842,0.32601,0.10721,-0.11211,0.010965
27,0.088916,0.13491,0.12238,0.10115,0.0076417,0.1267,0.088807,-0.050341,0.16656,-0.14069,0.12734,0.056131,-0.056857,0.0055408,0.031971,-0.072153,0.13485,0.10006,0.014291,-0.29283,0.098204,0.011969,0.15304,-0.26242,0.24388,-0.1128,0.17221,1,-0.12924,-0.03881,-0.15007,-0.24674,-0.072585,-0.039558,0.056767,-0.10587,0.2046,-0.38228,-0.26722,-0.24136,-0.092253,-0.06181,0.090667,0.038946,0.16338,0.024396,-0.014206,-0.19528,0.12675,-0.080481,0.1956,0.12523,-0.047672,-0.27248,-0.24915,0.081923,0.063541,-0.1116,0.053571,-0.01892,-0.11126,-0.13669,0.12745,-0.18159,0.036902,0.090337,0.03185,0.080089,0.083671,-0.10328,-0.053324,-0.080222,0.086745,0.040263,-0.077544,0.24954,-0.026586,0.019228,0.17654,-0.042344,-0.21027,0.043001,-0.16666,0.15827,-0.26823,0.18074,0.11036,0.19188,-0.12737,0.03646,-0.026214,-0.024713,0.19367,0.014791,-0.3316,0.26262
28,-0.066438,-0.12063,-0.10829,-0.11671,-0.12365,0.0001499,-0.09624,0.0080385,-0.109,-0.097933,-0.10091,-0.01646,0.11586,-0.041697,0.15737,0.11827,-0.11373,0.15275,-0.1521,0.21224,-0.11429,0.021627,0.30539,0.12408,-0.22726,0.067277,-0.10823,-0.12924,1,-0.039393,-0.028476,-0.13712,0.041755,-0.012806,0.2206,-0.20815,0.11439,-0.10997,-0.028687,0.21137,0.045891,0.0087636,0.18534,-0.20757,-0.097182,0.1539,0.19668,0.19494,-0.047847,-0.015042,-0.23291,-0.076155,0.20024,0.19502,0.075783,0.26382,-0.087069,0.22065,0.11339,0.14045,0.22657,0.067155,-0.0149,0.40093,-0.31461,-0.077131,0.22399,0.017168,-0.14531,0.16441,0.14711,0.10309,0.1649,-0.24711,0.05168,-0.17129,-0.14135,0.0096463,0.075014,-0.055961,-0.23695,-0.0039341,-0.016278,-0.040832,0.025817,0.10674,0.11541,0.17348,0.056338,0.046498,-0.16826,-0.076146,-0.11419,-0.13501,-0.1761,0.039544
29,-0.037905,-0.2625,-0.10796,-0.055453,-0.19936,-0.083531,-0.054728,-0.075338,-0.12411,0.083427,-0.29084,-0.065829,-0.012431,-0.29006,-0.16217,-0.13849,0.31745,-0.03399,0.070288,0.12572,0.1042,-0.12773,-0.047558,0.133,0.067287,0.14489,-0.1571,-0.03881,-0.039393,1,0.17241,0.035446,-0.024981,-0.33813,-0.010225,0.061271,0.23943,0.025413,0.29195,0.019529,-0.05477,0.30285,0.20895,0.15896,0.13076,0.041724,0.075748,0.37625,0.17742,0.042148,0.26609,-0.05478,-0.12833,0.053908,-0.0048543,0.042038,0.1544,-0.25154,0.11807,-0.1764,-0.23233,0.15163,0.0066349,-0.069521,-0.10473,0.022762,-0.047917,0.22115,-0.20033,-0.15474,0.14629,0.024023,0.12216,0.058741,-0.10977,-0.32279,0.098875,0.24685,0.095114,-0.17347,-0.076992,0.023965,0.041272,0.071735,0.13968,0.00062917,0.058558,0.068878,0.17445,0.12519,0.043665,0.0060465,-0.15162,0.00075607,-0.062539,-0.19543
30,-0.14774,-0.15551,-0.24333,-0.17648,-0.052022,-0.19929,-0.18235,-0.11341,-0.14126,0.21249,-0.16065,-0.19603,-0.19188,-0.039943,-0.081929,-0.20351,0.12013,-0.0020264,-0.0031758,0.12975,0.088505,0.07414,0.043374,0.24239,0.093093,-0.19136,-0.048635,-0.15007,-0.028476,0.17241,1,0.2738,0.26235,-0.013323,-0.10249,0.37991,0.25798,-0.039771,0.146,-0.071411,-0.01223,0.02429,-0.11671,-0.025234,0.16581,-0.21012,-0.28775,0.12809,0.034234,-0.031885,-0.21622,-0.033606,-0.1004,-0.0076947,0.045123,-0.23376,-0.074797,-0.1174,-0.068984,-0.16157,0.15539,-0.04282,-0.13041,0.039445,0.038809,0.079177,0.0067061,-0.16104,-0.39717,-0.072538,0.18297,0.35624,-0.078504,0.29028,-0.12936,-0.30306,-0.16281,-0.29141,-0.21911,0.065478,0.0938,0.11064,0.063217,-0.15255,0.028766,-0.13126,0.1884,0.024678,-0.047974,0.087783,0.17085,-0.029825,0.098638,-0.016925,0.1233,-0.048834
31,-0.16673,-0.17908,-0.13738,-0.19078,-0.068266,-0.21115,-0.14386,-0.052535,-0.1193,-0.1101,-0.28904,-0.32734,-0.23867,0.088231,-0.23951,-0.23905,0.104,-0.12289,0.074538,-0.070303,0.10632,0.19809,0.1494,0.16397,0.23942,0.13241,0.18558,-0.24674,-0.13712,0.035446,0.2738,1,0.18431,-0.20663,-0.22649,0.099859,0.14526,0.053003,0.26503,0.019664,0.11608,-0.10289,0.014034,0.043552,-0.051712,-0.04143,-0.32377,0.19529,0.12609,0.036416,0.086897,0.011729,0.15338,0.3668,0.077029,0.1102,0.084706,-0.18221,-0.21135,0.076215,0.073411,-0.093054,0.043855,-0.15697,0.026075,-0.11382,-0.22109,0.29474,0.085278,-0.36795,-0.28592,0.19198,-0.06644,0.19071,0.12314,-0.21688,-0.024319,-0.30547,0.029292,0.1893,0.19501,0.0028992,-0.068169,0.13048,0.16754,-0.1103,0.10433,-0.10683,-0.12117,0.054412,0.17782,-0.04359,-0.089337,0.012067,-0.10043,-0.19413
32,-0.37495,-0.25518,-0.42535,-0.2785,-0.30935,-0.40327,-0.22281,-0.2526,-0.35278,-0.17895,-0.18282,-0.4005,-0.30815,-0.076101,-0.21715,-0.26715,-0.056339,-0.30095,-0.069708,0.20323,0.22218,0.017945,-0.067288,0.31036,0.24542,0.11333,-0.17091,-0.072585,0.041755,-0.024981,0.26235,0.18431,1,-0.13005,0.012867,0.26847,0.39792,-0.12392,0.22215,0.12328,0.045642,0.059968,-0.10843,0.14634,0.35479,0.17498,-0.15736,0.17589,-0.025839,0.24386,0.043601,0.046655,-0.15122,0.14029,0.00076837,-0.099557,0.027009,0.065097,0.016534,0.32032,0.24898,-0.12243,0.19365,-0.2562,0.046337,-0.151,-0.083919,-0.029326,-0.33455,0.060788,-0.066451,0.32909,0.1385,-0.015494,0.16265,-0.03,-0.20843,-0.24276,-0.097838,0.031163,0.11445,0.00032596,0.016231,0.054229,0.11287,-0.10579,-0.084013,-0.2687,0.08548,-0.1322,-0.15021,0.05515,-0.24463,0.0015648,-0.026097,0.12059
33,0.087094,0.069796,0.072347,-0.043244,0.14159,0.19476,-0.0052276,-0.10869,-0.072987,-0.016178,0.16624,-0.081147,0.18645,0.034212,0.25018,0.1952,-0.026916,0.1485,-0.129,0.0005372,-0.050898,0.084275,0.2045,0.056204,-0.059548,0.021414,-0.08325,-0.039558,-0.012806,-0.33813,-0.013323,-0.20663,-0.13005,1,-0.00084695,-0.041279,-0.19799,-0.11755,-0.068467,0.098134,0.14439,-0.066269,-0.1622,-0.14186,0.1783,0.026404,-0.013067,-0.032981,-0.1831,-0.10383,-0.27711,-0.09002,0.08449,-0.13625,0.015389,-0.087676,-0.15119,-0.20709,0.071799,-0.030569,0.23103,-0.01211,0.13156,0.18077,-0.064791,0.16568,-0.1016,-0.10002,0.066356,0.1718,0.3129,-0.15229,-0.091441,0.22782,-0.068974,0.060412,0.22721,0.16972,-0.26178,0.3568,-0.20438,-0.017645,0.42923,-0.154,0.0085321,-0.053665,-0.1678,-0.05415,-0.28037,-0.19007,-0.06742,0.082108,0.44284,-0.098803,0.34853,-0.16501
34,0.034773,-0.049093,-0.065795,-0.042614,-0.1528,-0.050955,-0.13518,-0.12003,0.044146,0.02517,0.097155,0.14666,0.099214,-0.29665,0.067845,-0.081761,-0.32805,-0.12915,-0.076149,0.086206,-0.13662,-0.033835,0.0020044,0.034241,-0.4835,-0.043252,-0.042128,0.056767,0.2206,-0.010225,-0.10249,-0.22649,0.012867,-0.00084695,1,0.03639,-0.15019,-0.089515,0.11173,0.0071285,0.27544,0.15417,0.20522,0.036813,0.088116,0.22581,0.19594,-0.083188,-0.069019,-0.033819,0.19356,0.17692,0.15694,0.02778,0.13628,0.1697,-0.034093,0.10471,0.12198,0.073055,0.15217,-0.038997,0.093098,0.11052,-0.089305,0.090287,0.078359,0.053082,-0.22301,0.14329,-0.20364,-0.20806,-0.060722,-0.14684,-0.21009,-0.12359,-0.15239,0.097696,-0.16201,-0.058088,-0.3047,-0.15381,0.045807,0.023151,-0.059195,0.042282,0.1262,-0.19986,-0.022056,0.11506,-0.16629,0.16104,-0.081074,-0.025892,-0.21085,0.14831
35,-0.22436,-0.34006,-0.39794,-0.41176,-0.29941,-0.34498,-0.43233,-0.30636,-0.27265,-0.40052,-0.25763,-0.35166,-0.22519,-0.27208,-0.15906,-0.30976,0.039185,-0.40243,0.18128,-0.077476,0.34116,-0.043278,-0.026274,0.10701,0.038626,0.0093308,-0.18826,-0.10587,-0.20815,0.061271,0.37991,0.099859,0.26847,-0.041279,0.03639,1,-0.019963,-0.020683,0.079884,0.19031,0.21539,0.22789,-0.093149,0.12168,0.13852,0.14914,-0.045855,-0.01323,0.22616,0.083666,0.13138,0.14759,-0.14637,-0.18786,-0.027218,-0.25242,-0.20616,-0.08705,0.16288,0.13593,0.3891,0.17099,-0.32668,0.004678,0.015655,-0.048743,-0.13,-0.13986,-0.13978,0.19905,-0.021314,0.29853,-0.24339,0.17004,0.025394,-0.10468,0.060209,-0.34651,-0.041321,-0.015632,0.16482,0.083652,-0.014331,-0.11181,0.19686,-0.12614,-0.064061,-0.29435,-0.16843,-0.069224,-0.09362,0.089394,0.011567,-0.092006,0.11049,-0.24064
36,-0.22084,-0.2556,-0.31393,-0.2309,-0.15993,-0.38973,-0.11174,-0.19349,-0.31443,-0.023634,-0.12097,-0.26022,-0.22665,-0.036257,-0.1846,-0.4159,0.17733,-0.024304,-0.03349,0.17754,-0.049666,-0.026643,0.16391,0.20854,0.16324,0.14376,-0.12142,0.2046,0.11439,0.23943,0.25798,0.14526,0.39792,-0.19799,-0.15019,-0.019963,1,-0.18387,0.10991,0.096851,-0.068479,0.10745,-0.089481,-0.0040836,0.33532,0.18367,-0.26965,0.10291,0.13829,0.21354,-0.064199,9.5215e-05,0.035124,0.20805,0.040156,0.036191,-0.13645,-0.047867,0.11926,0.23558,-0.21552,-0.13843,-0.0096479,-0.24737,-0.037189,-0.16234,-0.034558,0.089581,-0.12566,-0.07738,-0.089187,0.041564,-0.025361,0.16521,0.089879,0.030741,0.033676,-0.023597,0.11164,-0.034075,0.16775,-0.038522,-0.1006,0.22319,0.033444,-0.027159,0.19447,0.13236,0.14183,-0.22354,0.088069,-0.076933,-0.060826,-0.096333,-0.049436,-0.10515
37,-0.039589,-0.17251,0.11899,0.055388,-0.053017,-0.1007,0.049857,-0.1256,0.086586,0.10846,-0.016869,-0.095237,-0.27817,0.041801,0.11264,-0.011845,0.1848,0.010964,-0.053638,0.22276,-0.16239,-0.17991,0.020264,0.18628,0.015461,0.21203,0.1238,-0.38228,-0.10997,0.025413,-0.039771,0.053003,-0.12392,-0.11755,-0.089515,-0.020683,-0.18387,1,0.084798,0.27609,0.12846,-0.039538,0.13681,-0.0094634,0.024723,0.10635,0.087456,-0.082371,0.10679,0.00030127,0.20222,0.020157,0.33628,-0.033687,0.13072,-0.19469,0.085786,-0.12679,0.17044,-0.19958,-0.044989,0.43864,-0.20963,-0.012893,0.1527,0.05646,0.038102,-0.10775,-0.12332,0.07181,-0.023573,-0.039439,-0.308,-0.024334,0.034033,0.017664,-0.27313,0.16783,0.12848,-0.23569,0.14511,-0.1563,-0.080824,0.15618,0.18492,-0.22718,-0.14399,-0.14309,-0.0019904,0.18664,-0.01605,0.067793,0.026188,0.017489,0.17885,-0.18562
38,-0.25448,-0.20867,-0.27611,-0.32771,-0.27096,-0.29576,-0.19886,-0.15653,-0.20704,0.027242,-0.3274,-0.29822,-0.23572,-0.15878,-0.0077184,-0.15441,-0.13347,0.053206,-0.24492,0.11729,-0.076289,-0.077141,-0.10083,0.224,-0.11002,0.17123,-0.30724,-0.26722,-0.028687,0.29195,0.146,0.26503,0.22215,-0.068467,0.11173,0.079884,0.10991,0.084798,1,0.34741,0.31974,0.22598,0.085434,0.054714,0.16096,0.2362,-0.12944,0.19793,-0.04264,0.0042612,0.12321,0.13692,-0.12883,0.28425,-0.00051665,-0.20548,0.041113,-0.14565,0.015774,0.078281,0.091717,0.011402,0.020295,-0.15535,-0.063425,-0.093744,-0.15354,-0.13189,-0.2714,-0.20318,-0.11216,-0.020991,0.037238,0.067531,0.0039353,-0.27268,0.01903,-0.035466,-0.34117,0.064771,0.023984,0.16094,0.161,-0.048728,0.20604,-0.19118,0.03097,-0.34681,0.020737,-0.19762,0.12353,0.043923,-0.2076,-0.055569,-0.014559,-0.1461
39,-0.30097,-0.36086,-0.33464,-0.42728,-0.46179,-0.32082,-0.2622,-0.33475,-0.4719,-0.33422,-0.38198,-0.16509,-0.08276,-0.32043,-0.18216,-0.30379,-0.089975,-0.23689,-0.27393,0.15641,0.028495,-0.27533,0.19916,0.2613,-0.061111,0.23216,-0.05352,-0.24136,0.21137,0.019529,-0.071411,0.019664,0.12328,0.098134,0.0071285,0.19031,0.096851,0.27609,0.34741,1,0.35365,0.16605,0.29351,0.12749,0.28612,0.47631,0.26678,0.082074,-0.00094269,0.31561,-0.017362,0.22428,0.084352,-0.10685,0.14843,-0.13002,0.034327,-0.079972,0.17658,0.19991,0.2631,0.086754,0.025651,0.073815,-0.21778,-0.15989,-0.25945,-0.090476,-0.20291,0.12668,0.13643,-0.01114,-0.061729,0.11795,-0.11425,0.03832,-0.17646,0.0045061,-0.3582,-0.072821,-0.021521,-0.14801,0.050245,0.0039934,0.17881,-0.089591,-0.070176,-0.38755,-0.17595,-0.24104,-0.21383,0.018121,-0.037124,-0.35283,0.10201,-0.072488
40,-0.45495,-0.35837,-0.39258,-0.43228,-0.45144,-0.28343,-0.47023,-0.45997,-0.37494,-0.25351,-0.33265,-0.24438,-0.064726,-0.31521,0.1769,-0.28675,-0.21256,-0.11777,-0.12979,0.014948,-0.14657,-0.21088,0.12583,0.11619,-0.055958,0.27211,0.019212,-0.092253,0.045891,-0.05477,-0.01223,0.11608,0.045642,0.14439,0.27544,0.21539,-0.068479,0.12846,0.31974,0.35365,1,0.42248,0.25363,0.21253,0.31417,0.30633,-0.01994,0.066835,0.061042,0.21117,0.040274,0.15763,0.26884,0.13802,-0.12306,0.039522,-0.012858,-0.15662,0.32315,0.18325,0.14769,-0.01053,0.10632,0.20898,0.021417,0.11259,0.044584,-0.069711,-0.15744,0.065971,-0.14037,-0.073263,-0.02858,-0.039679,-0.14411,0.0032283,-0.14707,-0.076843,-0.033982,0.14931,0.040704,0.016503,0.22176,0.12977,-0.015498,0.078914,0.023499,-0.39529,0.11062,-0.18439,-0.24655,0.22205,0.17528,-0.17808,-0.15166,-0.080904
41,-0.1554,-0.11307,-0.1598,-0.13434,-0.31279,-0.27989,-0.023483,-0.085194,-0.096276,-0.12177,-0.11001,0.016282,-0.021535,-0.2547,0.21968,-0.16409,0.10823,-0.093615,0.0014856,-0.0009483,0.14344,-0.12791,-0.11502,-0.055422,-0.13327,-0.027963,-0.21167,-0.06181,0.0087636,0.30285,0.02429,-0.10289,0.059968,-0.066269,0.15417,0.22789,0.10745,-0.039538,0.22598,0.16605,0.42248,1,0.039078,0.2043,0.25666,0.047388,0.15444,0.13188,0.007571,0.28167,0.25521,0.45749,-0.075106,0.03691,0.20663,-0.017822,-0.020427,0.16117,0.093598,-0.011551,-0.004782,-0.20386,-0.18205,0.2189,0.10444,0.041874,0.03172,-0.00043859,-0.058849,0.13242,-0.26967,0.07413,-0.063293,-0.29295,-0.16152,-0.15289,0.068487,-0.049198,0.13889,0.051639,-0.01503,0.17123,0.036001,0.095275,-0.21323,0.21574,-0.2159,-0.13856,0.33622,-0.25515,-0.021643,0.30726,0.0061425,-0.27422,0.053177,-0.065264
42,-0.21735,-0.16269,-0.1573,-0.016936,-0.30829,-0.0020473,-0.10452,-0.14996,-0.14725,-0.063304,-0.065227,-0.081906,-0.021635,-0.35865,-0.062208,-0.10901,-0.088493,0.012402,-0.18319,-0.016552,-0.0036766,-0.38193,0.10451,0.15499,-0.15953,0.31652,0.037839,0.090667,0.18534,0.20895,-0.11671,0.014034,-0.10843,-0.1622,0.20522,-0.093149,-0.089481,0.13681,0.085434,0.29351,0.25363,0.039078,1,0.12923,0.19581,0.27208,0.18253,0.16102,0.12532,0.071323,0.15862,0.053318,-0.017705,0.1244,0.044097,0.27885,-0.0050601,-0.17492,0.11082,0.062847,-0.10447,-0.02213,0.13974,0.10694,-0.051638,-0.17562,-0.063005,-0.025245,-0.034799,0.11009,-0.17085,0.12869,0.11055,0.15088,-0.38529,-0.15982,-0.37914,0.14692,-0.075835,-0.17135,-0.30915,0.036212,-0.019638,0.064573,-0.13534,-0.039208,0.12274,-0.063996,0.054194,-0.086571,-0.071184,-0.10874,0.01076,-0.15995,0.041679,-0.035761
43,-0.20501,-0.14014,-0.26636,-0.13546,-0.34975,-0.2327,-0.13957,-0.18106,-0.16937,-0.029928,-0.16979,-0.095564,-0.22777,-0.30068,0.0023133,-0.32652,-0.092665,-0.052807,-0.25354,-0.065676,0.25759,-0.2137,-0.01204,0.050494,0.099567,-0.10231,0.151,0.038946,-0.20757,0.15896,-0.025234,0.043552,0.14634,-0.14186,0.036813,0.12168,-0.0040836,-0.0094634,0.054714,0.12749,0.21253,0.2043,0.12923,1,0.11718,0.18917,-0.021052,-0.098688,0.103,0.13188,0.33315,0.2386,-0.070945,-0.18736,-0.033339,-0.10725,0.038168,-0.067781,0.037072,-0.060779,0.085711,0.086654,-0.044069,-0.12127,0.07205,0.1362,-0.15437,-0.13271,-0.041381,0.14106,0.027646,0.19459,0.12479,0.12998,-0.16315,-0.015635,-0.31892,-0.20891,0.013083,-0.11574,0.26655,0.090349,-0.15821,-0.066021,-0.28305,-0.055449,-0.20271,-0.33584,0.09638,-0.11711,-0.14429,-0.26674,-0.10969,-0.3755,-0.09781,0.12728
44,-0.5963,-0.49926,-0.4978,-0.50867,-0.5339,-0.3908,-0.31963,-0.56858,-0.4881,-0.29768,-0.35628,-0.33513,-0.26988,-0.47742,-0.28875,-0.47913,0.085053,-0.22728,-0.298,-0.047281,0.164,-0.33688,0.30009,0.0066532,0.049494,0.20498,-0.17947,0.16338,-0.097182,0.13076,0.16581,-0.051712,0.35479,0.1783,0.088116,0.13852,0.33532,0.024723,0.16096,0.28612,0.31417,0.25666,0.19581,0.11718,1,0.27192,0.096837,0.23189,-0.0035448,0.17851,0.022446,-0.029951,0.032988,-0.12129,0.08031,-0.0095427,0.13986,0.064331,0.35705,-0.037056,0.064632,-0.088838,0.13635,-0.20645,-0.07615,0.073422,0.14286,0.053251,-0.16155,0.1081,-0.12043,0.075426,0.024825,0.18578,-0.19375,0.040968,0.036174,0.09789,-0.15879,0.16301,-0.27168,-0.033297,0.18734,0.20405,-0.14717,0.030693,-0.0099159,-0.17562,0.058594,-0.30919,-0.083646,-0.0082945,0.13266,-0.20181,-0.051777,-0.10754
45,-0.42277,-0.51912,-0.45556,-0.42762,-0.48309,-0.38439,-0.44049,-0.54659,-0.52538,-0.46839,-0.264,-0.47085,-0.3459,-0.39525,-0.017267,-0.28842,-0.14405,-0.20005,-0.16514,-0.10496,0.02002,-0.078534,0.14069,-0.0027955,0.045266,0.24804,-0.051825,0.024396,0.1539,0.041724,-0.21012,-0.04143,0.17498,0.026404,0.22581,0.14914,0.18367,0.10635,0.2362,0.47631,0.30633,0.047388,0.27208,0.18917,0.27192,1,0.30481,-0.0543,0.20236,0.27723,0.10641,0.020087,0.31039,0.083869,0.15015,-0.013142,0.021591,-0.02204,0.3877,0.1792,-0.041154,0.27381,0.018225,-0.020753,-0.2774,-0.18337,0.10908,0.10118,-0.070479,-0.040165,0.076084,0.077604,-0.1776,0.28135,-0.0029972,-0.11829,-0.16544,-0.042711,-0.31764,-0.10806,-0.052214,0.0086718,0.12225,0.084612,0.26075,-0.41869,-0.13553,-0.23164,-0.18007,-0.083017,-0.24227,-0.045183,0.10173,-0.087634,-0.23851,-0.09459
46,-0.038591,-0.078979,-0.12173,-0.057696,-0.26245,-0.027481,-0.0027309,-0.081441,-0.072769,-0.20251,0.019405,0.05434,0.10415,-0.20532,-0.0030875,0.23133,-0.015054,-0.095347,-0.2597,-0.18422,0.13321,-0.085237,-0.059518,-0.33379,-0.099688,-0.024453,0.027614,-0.014206,0.19668,0.075748,-0.28775,-0.32377,-0.15736,-0.013067,0.19594,-0.045855,-0.26965,0.087456,-0.12944,0.26678,-0.01994,0.15444,0.18253,-0.021052,0.096837,0.30481,1,0.016899,-0.026877,0.27541,0.037379,-0.046543,0.21484,0.08172,0.053116,-0.0638,0.18218,0.28378,0.36435,-0.01199,0.044154,-0.088342,0.033346,0.21435,-0.063832,0.0075586,0.19203,0.13744,-0.035203,0.12321,0.076463,-0.11228,-0.01433,-0.10144,-0.12341,0.05074,-0.14802,0.22856,0.038975,0.006673,-0.34161,-0.023893,0.14375,-0.18775,0.12143,-0.10357,-0.23438,-0.0995,-0.019005,-0.22599,-0.16199,0.065403,-0.068677,-0.2066,-0.14376,0.077138
