,0,1,2,3,4,5,6,7,8,9,10,11,12,13,14,15,16,17,18,19,20,21,22,23,24,25,26,27,28,29,30,31,32,33,34,35,36,37,38,39,40,41,42,43,44,45,46,47,48,49,50,51,52,53,54,55,56,57,58,59,60,61,62,63,64,65,66,67,68,69,70,71,72,73,74,75,76,77,78,79,80,81,82,83,84,85,86,87,88,89,90,91,92,93,94,95,96,97,98,99,100,101,102,103,104,105,106,107,108,109,110,111,112,113,114,115,116,117,118,119,120,121,122,123,124,125,126,127,128,129,130,131,132,133,134,135,136,137,138,139,140,141,142,143,144,145,146,147,148,149,150,151,152,153,154,155,156,157,158,159,160,161,162,163,164,165,166,167,168,169,170,171,172,173,174,175,176
0,1,0.8562,0.83722,0.74182,0.79674,0.79055,0.7953,0.76527,0.83392,0.74588,0.8203,0.84329,0.8023,0.80149,0.79417,0.77134,0.75373,0.82684,0.73575,0.81378,0.7042,0.76694,0.82078,0.805,0.76201,0.83237,0.71247,0.78276,0.76883,0.84676,0.7745,0.76725,0.74667,0.81051,0.74733,0.80348,0.74455,0.82358,0.6804,0.65575,0.71369,0.71761,0.68613,0.75473,0.59647,0.64388,0.57918,0.72837,0.63895,0.74105,0.58629,0.59394,0.38496,0.5942,0.48875,0.49436,0.48766,0.42578,0.50044,0.52733,0.45384,0.4364,0.41221,0.42304,0.25024,0.35815,0.36082,0.37785,0.33156,0.34388,0.3593,0.21721,0.31965,0.30639,0.36171,0.37488,0.31491,0.12025,0.23805,0.057338,0.3564,0.22755,0.12301,0.30925,-0.044521,-0.07067,0.45912,0.14163,0.12235,0.031706,0.10216,0.24911,0.35609,-0.034027,0.14906,0.17414,0.017924,0.22166,0.18608,0.065532,-0.0077815,0.31453,0.097525,0.035372,-0.15515,0.40646,0.092522,0.26877,0.25255,0.15931,0.3157,-0.024231,0.13685,0.19263,0.079383,0.073609,0.143,-0.089838,-0.00054067,0.23329,-0.016414,-0.0060304,0.048018,0.0089569,0.062305,0.047511,0.25959,-0.064775,0.0013453,0.17759,-0.20119,-0.22161,0.12935,-0.12051,-0.079898,-0.1276,0.09679,0.2703,-0.14825,0.1719,0.26531,-0.017189,0.31556,0.22471,-0.11805,0.18148,0.14239,-0.19915,-0.26472,0.1518,-0.06611,0.097656,-0.33975,0.012723,-0.30935,0.11684,0.032923,0.08822,0.027245,-0.032938,-0.16322,-0.24103,0.18179,0.039086,0.13789,0.094956,0.127,-0.075318,0.0099832,-0.19496,-0.10504,0.079767,-0.08379,0.2919,0.033454,-0.063925,-0.027108
1,0.8562,1,0.84599,0.85348,0.86796,0.8301,0.90906,0.82316,0.84869,0.83429,0.9069,0.85525,0.8536,0.79261,0.85313,0.82587,0.72385,0.80528,0.78395,0.8667,0.81546,0.82529,0.8545,0.85805,0.86811,0.86591,0.75801,0.88375,0.79566,0.84706,0.82036,0.7854,0.78309,0.79345,0.78029,0.82576,0.80098,0.81331,0.78326,0.74972,0.7215,0.78514,0.77134,0.76199,0.71185,0.60192,0.6235,0.79018,0.60636,0.69805,0.67377,0.57187,0.52718,0.6644,0.48443,0.61488,0.4974,0.50999,0.65363,0.54009,0.50641,0.42169,0.49558,0.52435,0.24556,0.46927,0.4641,0.47132,0.41479,0.27124,0.37963,0.27221,0.23115,0.13043,0.4422,0.35122,0.40558,0.25964,0.25831,0.2043,0.31623,0.20516,0.20149,0.32446,0.091519,-0.070546,0.39878,0.083248,0.15761,0.021398,0.099651,0.27531,0.25599,-0.17768,0.18956,0.0079387,-0.013738,0.31659,0.18192,0.0025733,-0.0042874,0.30185,0.032625,-0.041263,-0.14012,0.34566,0.16422,0.17301,0.12048,0.25087,0.24508,-0.035066,0.19555,0.31751,0.029827,0.036694,0.24077,-0.1651,0.019467,0.16995,0.040944,0.074914,-0.013324,-0.1212,0.19038,-0.064884,0.33146,-0.1637,-0.099808,0.15909,-0.18967,-0.13987,0.11141,-0.10882,-0.1352,-0.092394,0.17283,0.2606,-0.2203,0.094875,0.20329,0.065377,0.38255,0.0124,-0.1579,0.19239,0.023217,-0.34158,-0.14274,0.10104,0.062127,0.12849,-0.3435,0.078219,-0.34658,0.16455,0.0087557,0.11041,-0.046887,-0.072578,-0.18001,-0.27768,0.052157,0.057543,0.17344,0.15522,0.053582,-0.21225,0.014834,-0.17949,-0.07954,-0.014409,-0.076055,0.27909,0.069808,0.12497,-0.13162
2,0.83722,0.84599,1,0.83815,0.8283,0.84467,0.87124,0.83957,0.83292,0.71341,0.85997,0.88474,0.83885,0.82132,0.80094,0.82161,0.75083,0.80862,0.66049,0.8417,0.74117,0.83259,0.77465,0.85973,0.78364,0.84558,0.77165,0.88333,0.83608,0.78085,0.78389,0.81025,0.76796,0.73768,0.80112,0.77542,0.82321,0.83862,0.70369,0.71428,0.67493,0.6683,0.73316,0.75261,0.64571,0.59849,0.64623,0.7253,0.70219,0.70591,0.64757,0.57639,0.52111,0.69008,0.56749,0.53027,0.45832,0.48338,0.59246,0.42706,0.56378,0.46045,0.33935,0.32986,0.20518,0.39696,0.36957,0.37778,0.27258,0.44453,0.35413,0.34363,0.24802,0.2825,0.49372,0.44284,0.36791,0.12859,0.23876,0.056901,0.087324,0.24456,0.22699,0.35498,0.0011415,-0.13593,0.44459,0.12956,0.13644,0.10141,0.087706,0.37437,0.31816,-0.079419,0.23734,0.10916,-0.062896,0.30174,0.20951,0.095337,0.10296,0.28568,0.14505,0.10246,-0.097009,0.23077,0.051692,0.26672,0.18091,0.070354,0.29326,0.024894,0.19863,0.17301,0.017689,-0.0011802,0.080576,-0.22357,0.10763,0.18006,-0.033049,0.094521,0.0024169,-0.072356,0.050512,0.053607,0.26821,-0.14887,-0.18547,0.14,-0.28806,-0.22341,0.12436,-0.069359,-0.097726,-0.085353,0.092033,0.30307,-0.096362,0.10775,0.22451,0.069975,0.2551,0.26202,-0.18159,0.30132,0.026597,-0.2367,-0.096629,0.02681,-0.032864,0.12333,-0.33126,0.0057844,-0.3177,0.0056638,0.052809,0.0061021,0.012801,-0.090118,-0.1345,-0.27509,0.13565,0.011023,0.15062,0.20715,-0.00047396,-0.14742,0.12719,-0.10669,-0.17127,0.043687,-0.13086,0.23199,0.11749,0.052266,0.032533
3,0.74182,0.85348,0.83815,1,0.82715,0.84561,0.82655,0.75058,0.78636,0.80245,0.87214,0.84084,0.85484,0.76018,0.82935,0.77827,0.73555,0.77058,0.72643,0.82028,0.81965,0.8523,0.79937,0.82197,0.81755,0.85019,0.81448,0.82861,0.84187,0.82391,0.81445,0.80882,0.76573,0.75094,0.72762,0.79803,0.76036,0.78464,0.68882,0.80327,0.6628,0.71789,0.75182,0.76974,0.68297,0.5595,0.58909,0.70736,0.64555,0.58713,0.58097,0.50023,0.67097,0.55932,0.53972,0.57175,0.47355,0.41224,0.57929,0.39039,0.44205,0.34513,0.46258,0.54061,0.19966,0.43976,0.45165,0.47018,0.35479,0.37832,0.34523,0.2654,0.23172,0.15561,0.53185,0.40168,0.49577,0.2985,0.33875,0.097527,0.17488,0.28925,0.21142,0.36034,0.049808,-0.080315,0.40629,0.058941,0.17039,-0.0011679,0.0074228,0.38743,0.26223,0.022494,0.26694,0.076371,-0.037437,0.31253,0.1773,0.10973,0.073386,0.28685,0.19066,-0.032505,-0.18681,0.18012,0.062467,0.22261,0.019349,0.20562,0.26947,0.056376,0.18045,0.33483,-0.020118,0.0088453,0.23807,-0.1746,0.10344,0.12884,0.0039565,-0.0064805,-0.137,-0.12559,0.17312,-0.0536,0.24019,-0.14841,-0.23683,0.075858,-0.22083,-0.23717,0.16938,-0.19531,0.010388,0.012337,0.13987,0.23565,-0.075363,0.2148,0.21593,0.034879,0.30743,-0.010218,-0.077285,0.26495,-0.0070579,-0.2231,-0.16602,0.12422,0.057915,0.2127,-0.26465,0.0071195,-0.37895,0.054976,0.0069023,0.074477,-0.037543,-0.16726,-0.15618,-0.29076,0.036038,0.097959,0.15262,0.19729,0.065257,-0.14391,0.071025,-0.10232,-0.093298,-0.068092,-0.075271,0.22074,0.13261,0.07592,-0.13096
4,0.79674,0.86796,0.8283,0.82715,1,0.8353,0.87704,0.78187,0.75546,0.74594,0.8592,0.87985,0.85037,0.80262,0.77642,0.77025,0.76025,0.81661,0.79441,0.84463,0.78244,0.79035,0.82884,0.82488,0.81856,0.81334,0.77346,0.80484,0.75516,0.80809,0.83708,0.79711,0.76011,0.7278,0.7901,0.86562,0.84858,0.79428,0.76163,0.78047,0.70461,0.79308,0.79339,0.77526,0.65829,0.61796,0.60781,0.74814,0.6829,0.71434,0.65903,0.533,0.52835,0.64196,0.56433,0.58667,0.55433,0.56853,0.67035,0.58126,0.5028,0.52962,0.40987,0.38076,0.28484,0.59911,0.34626,0.43807,0.38101,0.25425,0.4321,0.28634,0.17986,0.16116,0.52124,0.36322,0.43122,0.23728,0.39967,0.1469,0.25992,0.26558,0.31881,0.35717,0.093258,0.013382,0.42573,0.10906,0.222,0.12489,0.1051,0.31755,0.17853,-0.19484,0.10081,0.13819,-0.046254,0.21409,0.24728,0.0022277,0.053075,0.29286,-0.019431,-0.062311,-0.050721,0.31514,0.064258,0.14752,0.20546,0.17074,0.15593,0.074553,0.10868,0.29032,-0.020438,0.067425,0.077619,-0.21323,0.029679,0.26963,0.063306,0.079806,-0.022726,-0.11165,0.1643,-0.12762,0.11376,-0.059098,-0.10416,0.057798,-0.3057,-0.24802,0.059579,-0.10483,0.087298,-0.17718,0.14532,0.19944,-0.21028,0.12531,0.14551,0.086459,0.3059,0.16824,-0.1253,-0.02017,0.093945,-0.25644,-0.2082,0.11872,0.034499,0.10589,-0.28533,0.046799,-0.1873,0.089809,0.025107,0.066861,-0.0082278,-0.040565,-0.11809,-0.34655,0.11104,0.092025,0.22782,0.15355,-0.0046351,-0.14476,0.10222,-0.1548,-0.023695,-0.039041,-0.070735,0.19076,0.037143,0.058736,0.0025554
5,0.79055,0.8301,0.84467,0.84561,0.8353,1,0.82992,0.77349,0.82166,0.76113,0.79796,0.90398,0.79881,0.81389,0.80923,0.82415,0.81486,0.84438,0.74136,0.83789,0.77202,0.88891,0.81623,0.80649,0.78772,0.87536,0.75713,0.79489,0.77729,0.72788,0.78205,0.76793,0.7968,0.68876,0.82197,0.78463,0.78955,0.82666,0.70843,0.78197,0.77934,0.69446,0.77214,0.81758,0.68053,0.66689,0.67784,0.72644,0.70204,0.71311,0.7026,0.59399,0.64298,0.63161,0.48718,0.57335,0.58769,0.55617,0.61299,0.57519,0.5069,0.40433,0.47575,0.49376,0.2699,0.46234,0.3535,0.4366,0.20827,0.35696,0.364,0.19974,0.25112,0.2407,0.36846,0.33611,0.53085,0.24926,0.36035,0.108,0.21982,0.27336,0.19294,0.38891,0.089448,-0.083657,0.46034,0.0026181,0.15243,0.16402,0.041868,0.37572,0.31187,-0.036068,0.14793,0.13613,0.10851,0.2605,0.18761,0.007762,0.025799,0.28398,0.090843,-0.011831,-0.066783,0.27671,0.12956,0.22855,0.14137,0.18177,0.27919,0.075453,0.22267,0.18372,-0.05978,0.072912,0.24211,-0.15325,0.16589,0.24032,0.04638,-0.041163,-0.022782,-0.17738,0.22272,-0.058955,0.19949,-0.12142,-0.19768,0.096798,-0.27863,-0.31793,0.11064,-0.075519,-0.034025,0.019411,0.10054,0.14812,-0.15614,0.13987,0.067275,0.063359,0.35373,0.1207,-0.071621,0.095158,0.069341,-0.18428,-0.17095,0.074001,-0.083051,0.077647,-0.26566,0.080788,-0.35158,0.045812,0.090606,0.0076984,0.19238,-0.21306,-0.093662,-0.25018,0.076923,0.049048,0.067401,0.27756,-0.068603,-0.17495,0.018428,-0.13181,-0.070553,-0.060069,-0.043718,0.10672,0.10379,0.040391,-0.097021
6,0.7953,0.90906,0.87124,0.82655,0.87704,0.82992,1,0.82714,0.81249,0.80963,0.89418,0.88022,0.85507,0.82915,0.81501,0.83931,0.7396,0.80205,0.79793,0.86731,0.78863,0.8773,0.84928,0.84803,0.83381,0.83834,0.83051,0.84957,0.78667,0.81958,0.7681,0.80701,0.75668,0.74714,0.85465,0.84819,0.8038,0.77447,0.79518,0.85652,0.68241,0.78196,0.75072,0.74359,0.7106,0.55941,0.6288,0.76304,0.62902,0.70753,0.69968,0.63907,0.5569,0.65064,0.57505,0.60186,0.57621,0.54156,0.66444,0.55187,0.46216,0.50861,0.38917,0.47755,0.29419,0.53521,0.49368,0.45581,0.3532,0.29741,0.38039,0.2687,0.23497,0.17912,0.50583,0.36011,0.40128,0.29507,0.33717,0.16755,0.20974,0.27593,0.34409,0.3088,0.15859,-0.097434,0.5385,0.1692,0.23989,0.065313,0.079925,0.29169,0.11004,-0.14043,0.19115,0.050902,-0.063878,0.26943,0.25093,0.018515,-0.011307,0.24801,-0.00013254,0.021489,-0.05137,0.33484,0.15424,0.20283,0.13471,0.17504,0.18913,-0.073665,0.16296,0.18226,0.037222,0.039644,0.12135,-0.26864,0.01152,0.17761,0.041619,0.064061,-0.1092,-0.033635,0.16467,0.025663,0.24832,-0.095878,-0.09282,0.16854,-0.2374,-0.15937,0.14724,-0.075958,-0.037645,-0.18459,0.083996,0.18825,-0.095866,0.10352,0.056848,0.019274,0.31863,0.18218,-0.12599,0.10314,-0.00069016,-0.36643,-0.26611,0.048339,0.062322,0.1142,-0.33427,0.026805,-0.34963,0.024119,0.033601,0.11139,-0.0048479,-0.076672,-0.19157,-0.35653,0.092055,-0.077618,0.175,0.17818,-0.0060981,-0.17087,0.074366,-0.1279,-0.20018,-0.001747,-0.0089739,0.21962,0.060437,0.19702,-0.050686
7,0.76527,0.82316,0.83957,0.75058,0.78187,0.77349,0.82714,1,0.80541,0.76559,0.81086,0.7824,0.84712,0.72732,0.72621,0.78493,0.71035,0.78148,0.63447,0.89109,0.67462,0.77551,0.78525,0.77452,0.71363,0.81102,0.71988,0.82226,0.7396,0.78028,0.69119,0.7974,0.7733,0.67276,0.74536,0.79012,0.77165,0.78097,0.65127,0.68489,0.72525,0.6643,0.62808,0.63875,0.58703,0.62886,0.64983,0.76229,0.56268,0.67423,0.5755,0.52307,0.56861,0.54789,0.51144,0.58166,0.51829,0.52602,0.57651,0.52651,0.45148,0.45796,0.37736,0.35042,0.22211,0.51255,0.41934,0.43401,0.28326,0.27553,0.38649,0.21656,0.26777,0.4114,0.3283,0.46002,0.36172,0.23055,0.23108,0.11983,0.15775,0.1618,0.25759,0.31754,-0.01466,-0.001803,0.39643,0.040735,0.32664,0.089527,0.012927,0.32136,0.36719,-0.086129,0.28588,0.046375,0.04284,0.21899,0.15106,0.036915,-0.1363,0.26327,0.14739,0.06348,-0.0342,0.16313,0.16375,0.24687,0.24235,0.13639,0.2821,-0.050542,0.10457,0.077088,0.099753,-0.10653,0.11732,-0.20924,0.042174,0.010727,-0.0092155,0.1437,0.041859,-0.13453,0.12663,-0.055554,0.22872,-0.20063,-0.11633,0.16393,-0.10309,-0.021794,0.099933,-0.029432,-0.12691,-0.21245,0.14427,0.16384,-0.16962,0.048458,0.13395,0.12013,0.25914,0.21492,-0.26329,0.15404,0.04567,-0.17704,-0.14989,-0.063066,0.14123,0.034164,-0.29682,0.085458,-0.29318,0.023152,-0.026524,0.0075045,0.061567,-0.1252,-0.19865,-0.28795,0.17127,0.022943,0.30661,0.057036,0.053751,-0.055319,0.10387,-0.14395,-0.0763,-0.017599,0.0060236,0.27978,0.11813,0.12941,-0.0064997
8,0.83392,0.84869,0.83292,0.78636,0.75546,0.82166,0.81249,0.80541,1,0.73174,0.80921,0.8182,0.80324,0.82185,0.84378,0.84089,0.75007,0.83424,0.71512,0.85646,0.7068,0.82086,0.83959,0.80945,0.7911,0.86475,0.71854,0.80723,0.76795,0.82686,0.71259,0.76355,0.77981,0.74232,0.79295,0.78178,0.76725,0.81939,0.66065,0.71275,0.7144,0.73852,0.63689,0.74222,0.68305,0.68498,0.55083,0.71867,0.67519,0.69967,0.74484,0.57651,0.50992,0.60398,0.47244,0.52646,0.55709,0.53301,0.55854,0.52597,0.36558,0.42365,0.5047,0.42013,0.16845,0.50912,0.3299,0.3214,0.39682,0.29916,0.28532,0.26573,0.28829,0.35483,0.40314,0.44444,0.39256,0.13399,0.32388,0.081917,0.201,0.17059,0.091047,0.41817,0.12051,-0.1483,0.46036,0.15217,0.27,-0.024602,0.030588,0.29886,0.2541,-0.047105,0.28437,0.058921,0.097997,0.28796,0.075521,0.005849,-0.011448,0.27985,0.064952,0.020156,-0.12877,0.15144,0.27824,0.29076,0.10432,0.20363,0.31537,-0.046879,0.16255,0.11872,0.038597,0.10417,0.1253,-0.14997,0.074168,0.11738,0.001525,0.028327,0.12171,-0.034283,0.2357,0.034274,0.26282,-0.17673,-0.086917,0.17646,-0.19807,-0.1937,0.1167,0.033264,-0.13489,-0.063801,0.13815,0.24563,-0.17363,0.11471,0.08753,0.014167,0.29144,0.17692,-0.13211,0.23556,0.092267,-0.20846,-0.16877,0.051593,-0.089405,0.10325,-0.32898,0.036034,-0.42513,-0.024055,0.054384,0.097103,0.12677,-0.081138,-0.23428,-0.29876,0.091022,-0.011356,0.29769,0.16457,0.040489,-0.076239,-0.029329,-0.26896,-0.070295,-0.0012198,0.037308,0.32599,0.17584,-0.056136,-0.078651
9,0.74588,0.83429,0.71341,0.80245,0.74594,0.76113,0.80963,0.76559,0.73174,1,0.80473,0.73247,0.81105,0.71269,0.77488,0.69952,0.71364,0.77673,0.77253,0.7891,0.80657,0.75991,0.74654,0.78175,0.77024,0.77248,0.74764,0.76575,0.77522,0.82147,0.73691,0.69886,0.72114,0.62667,0.70204,0.79097,0.72349,0.73158,0.67147,0.75687,0.66162,0.70452,0.71447,0.58625,0.61179,0.51914,0.56225,0.66657,0.55937,0.63773,0.6269,0.51107,0.609,0.46381,0.47574,0.57505,0.45754,0.39039,0.55723,0.4562,0.43084,0.45902,0.60568,0.50143,0.4327,0.42594,0.61898,0.58905,0.33692,0.35065,0.3237,0.12947,0.2349,0.19602,0.40123,0.4363,0.359,0.38706,0.42223,0.071498,0.21791,0.16328,0.08444,0.33107,-0.068744,-0.1142,0.37574,0.016385,0.21247,0.052018,0.0051157,0.3502,0.22649,0.030997,0.16118,0.062594,-0.07306,0.35792,0.12979,0.11165,-0.27153,0.26558,0.17326,-0.04844,-0.16761,0.28355,0.18338,0.27549,0.13036,0.21806,0.27937,-0.27008,-0.012782,0.26284,0.10577,-0.03094,0.29339,-0.078229,0.13266,0.091499,0.0072215,0.10913,-0.09192,-0.17464,0.23254,0.038695,0.33401,-0.024803,-0.15543,0.10027,-0.063607,-0.07316,0.2077,-0.10342,-0.013414,-0.12769,0.11702,0.1603,-0.17797,0.22588,0.051682,-0.019969,0.37816,-0.079638,-0.18488,0.17293,0.044762,-0.37214,-0.10911,0.033553,0.27402,0.096726,-0.11934,-0.025985,-0.27792,0.074205,0.028439,0.085903,-0.015402,-0.19918,-0.18753,-0.33113,0.082643,-0.024108,0.27456,0.1719,0.13524,-0.031043,-0.077305,-0.17608,-0.022504,-0.040216,-0.081113,0.1277,0.18509,0.056206,0.001023
10,0.8203,0.9069,0.85997,0.87214,0.8592,0.79796,0.89418,0.81086,0.80921,0.80473,1,0.83937,0.85289,0.86756,0.83846,0.83187,0.807,0.80203,0.71533,0.82719,0.76923,0.80112,0.83669,0.83837,0.83405,0.86327,0.80264,0.84309,0.83086,0.86531,0.80067,0.81867,0.77885,0.77557,0.80823,0.84925,0.79922,0.77263,0.7801,0.74076,0.74208,0.72468,0.78728,0.74663,0.63423,0.56616,0.60381,0.76975,0.63445,0.69771,0.69406,0.59884,0.59284,0.64954,0.5849,0.54205,0.52217,0.46841,0.52421,0.50016,0.45952,0.4806,0.41398,0.50533,0.24136,0.41779,0.493,0.43993,0.43168,0.33866,0.37498,0.25897,0.20433,0.19444,0.51034,0.37528,0.34595,0.33586,0.33655,0.24518,0.24251,0.2831,0.32891,0.28578,0.080898,-0.081912,0.42204,0.066468,0.26622,0.055904,0.13416,0.39476,0.23588,-0.13725,0.2221,0.061019,-0.04529,0.33401,0.13966,0.10286,-0.0089719,0.2675,0.15558,0.023655,-0.14667,0.31273,0.043823,0.20187,0.097949,0.23664,0.25777,0.10426,0.075253,0.31499,-0.042804,0.094831,0.083724,-0.083833,0.033389,0.2013,-0.11489,0.11041,-0.050926,-0.016496,0.17456,-0.084432,0.163,-0.13464,-0.20179,0.16461,-0.23382,-0.16953,0.11766,-0.10977,-0.11263,-0.17031,0.054842,0.28806,-0.078891,0.22033,0.10215,0.14503,0.3103,0.10876,-0.27128,0.21861,-0.041647,-0.29511,-0.22634,0.035395,-0.072178,0.19755,-0.2935,0.10377,-0.2534,0.093345,-0.10622,0.15476,0.013866,-0.057529,-0.24952,-0.28264,0.074881,0.014362,0.18357,0.095669,0.10396,-0.11404,0.064283,-0.21755,-0.06618,0.036556,-0.040404,0.21495,0.038697,0.13433,-0.11787
11,0.84329,0.85525,0.88474,0.84084,0.87985,0.90398,0.88022,0.7824,0.8182,0.73247,0.83937,1,0.81892,0.83587,0.78916,0.80578,0.72839,0.83619,0.767,0.84077,0.71073,0.85544,0.81583,0.83404,0.81897,0.84801,0.81113,0.84442,0.85441,0.79549,0.78929,0.79379,0.7766,0.76076,0.81523,0.82884,0.81662,0.83775,0.73537,0.7623,0.74042,0.7023,0.72631,0.80633,0.64863,0.6652,0.61977,0.72319,0.72163,0.74461,0.60524,0.543,0.54703,0.58744,0.54003,0.55806,0.55502,0.52282,0.67812,0.58358,0.52401,0.43817,0.3951,0.40059,0.20803,0.42244,0.33334,0.38449,0.19069,0.39244,0.40924,0.26569,0.2411,0.23356,0.43742,0.35317,0.43943,0.20387,0.2642,0.052017,0.22084,0.29084,0.26175,0.37295,0.086321,-0.14372,0.47543,0.068726,0.19131,0.094365,0.087165,0.36228,0.24593,-0.010442,0.092159,0.13177,0.087686,0.14457,0.24143,0.10075,0.082047,0.29221,0.048067,-0.022741,-0.051259,0.25004,0.12862,0.21726,0.28876,0.083399,0.2841,0.060541,0.27996,0.20808,-0.10445,0.099375,0.23121,-0.16904,0.081962,0.17727,0.06112,0.044042,0.021594,-0.10364,0.17012,0.10689,0.19647,-0.14138,-0.098024,0.12184,-0.27663,-0.21763,0.081027,-0.0933,-0.12387,-0.11939,0.11125,0.17965,-0.040826,0.18917,0.17166,-0.019853,0.40267,0.25254,-0.10214,0.11301,0.14023,-0.27291,-0.18873,0.031359,-0.059184,0.044105,-0.28416,0.011691,-0.39491,0.10961,-0.031963,-0.057149,0.15097,-0.11724,-0.063229,-0.26324,0.089003,-0.011016,0.15836,0.27149,-0.08819,-0.14447,0.074347,-0.12968,-0.13108,-0.026926,-0.037933,0.23955,-0.04797,0.038273,0.0028385
12,0.8023,0.8536,0.83885,0.85484,0.85037,0.79881,0.85507,0.84712,0.80324,0.81105,0.85289,0.81892,1,0.75754,0.78391,0.77462,0.77127,0.83652,0.75898,0.87243,0.759,0.84621,0.81028,0.78812,0.82994,0.81965,0.76097,0.8539,0.75297,0.84344,0.77222,0.81467,0.81613,0.7059,0.75749,0.82981,0.76845,0.80883,0.74509,0.77171,0.69992,0.69886,0.71811,0.72716,0.67067,0.56022,0.58146,0.66594,0.58597,0.63378,0.6568,0.49869,0.59066,0.59607,0.53617,0.5799,0.48326,0.38704,0.58582,0.5224,0.44609,0.46187,0.42534,0.45581,0.29669,0.47684,0.52858,0.46607,0.3771,0.35065,0.33961,0.28035,0.34957,0.27948,0.47515,0.43434,0.42658,0.19223,0.3848,0.094877,0.25077,0.23522,0.2662,0.37653,-0.029438,-0.066241,0.45446,0.083663,0.2827,0.10457,0.10593,0.22554,0.21619,0.011359,0.26827,0.043435,-0.046174,0.15257,0.085949,0.15899,-0.054941,0.22979,0.040995,-0.03232,-0.22893,0.21229,0.15295,0.26046,0.16158,0.18434,0.19598,0.024351,0.015715,0.31024,0.060999,-0.012389,0.17145,-0.25069,0.049896,0.16066,0.033744,0.10269,-0.10387,-0.014201,0.083857,-0.098302,0.24788,-0.10266,-0.12637,0.1161,-0.25949,-0.22112,0.0070716,-0.024368,0.023863,-0.18754,0.079372,0.20005,-0.077114,0.094616,0.12945,-0.0021051,0.23849,0.078484,-0.19177,0.15673,0.16123,-0.31613,-0.13349,0.039996,0.12182,0.18687,-0.13714,0.057735,-0.19844,0.046752,-0.093038,0.13599,-0.080878,-0.10295,-0.12528,-0.21916,0.17044,0.096557,0.25864,0.1785,-0.086247,-0.097946,0.092153,-0.079003,-0.042476,-0.055844,-0.10789,0.38506,0.25351,0.16267,-0.023348
13,0.80149,0.79261,0.82132,0.76018,0.80262,0.81389,0.82915,0.72732,0.82185,0.71269,0.86756,0.83587,0.75754,1,0.81086,0.85187,0.76818,0.85334,0.69844,0.82422,0.63827,0.77875,0.78494,0.83659,0.79484,0.8478,0.79486,0.74916,0.784,0.76224,0.80755,0.79536,0.71981,0.71591,0.85125,0.78579,0.7442,0.76492,0.79,0.72022,0.75151,0.73701,0.6894,0.74542,0.57149,0.64187,0.58646,0.75724,0.63271,0.66065,0.78199,0.60186,0.5679,0.65269,0.47734,0.46358,0.54376,0.52873,0.48698,0.58865,0.38527,0.45163,0.38929,0.4315,0.26083,0.45373,0.27184,0.35319,0.37481,0.37951,0.22174,0.23996,0.20923,0.29344,0.43943,0.29507,0.28227,0.28264,0.31865,0.1522,0.21066,0.28067,0.2694,0.32264,-0.0036343,-0.22038,0.44222,0.10487,0.17212,0.095919,0.11155,0.35504,0.12772,-0.097219,0.26295,0.20544,0.15495,0.29133,0.095174,0.11499,0.044301,0.12237,-0.038368,-0.13205,-0.043584,0.25193,0.10493,0.21982,0.10014,0.13046,0.20524,0.067607,0.10534,0.19131,-0.12993,0.18621,-0.0066032,-0.14119,0.055729,0.28562,-0.10362,0.15135,-0.11368,-0.031193,0.20473,0.022494,0.042709,-0.045723,-0.10272,0.13003,-0.2173,-0.20106,0.21805,-0.047772,0.0082254,-0.11202,-0.029305,0.19772,-0.023692,0.13625,-0.026027,0.017038,0.3608,0.18838,-0.16621,0.10839,0.08093,-0.20285,-0.28897,-0.024403,-0.15741,0.076923,-0.20397,-0.0016121,-0.30056,0.10201,-0.062143,0.04269,0.20023,-0.054039,-0.23994,-0.26395,0.14809,-0.061756,0.2595,0.13354,0.090928,-0.086604,-0.045712,-0.2821,-0.050447,-0.024019,0.1034,0.17287,0.084254,0.016343,-0.022466
14,0.79417,0.85313,0.80094,0.82935,0.77642,0.80923,0.81501,0.72621,0.84378,0.77488,0.83846,0.78916,0.78391,0.81086,1,0.80455,0.77079,0.7976,0.73703,0.80581,0.76851,0.79852,0.86593,0.84492,0.76302,0.79567,0.75779,0.73762,0.79487,0.82389,0.7199,0.76765,0.70947,0.7357,0.77736,0.74847,0.72874,0.84187,0.66808,0.71841,0.66414,0.70696,0.742,0.70864,0.62459,0.62929,0.62943,0.69319,0.66182,0.6554,0.729,0.48181,0.57645,0.58921,0.56754,0.52823,0.57414,0.41605,0.56365,0.50021,0.49054,0.48101,0.50385,0.44967,0.21454,0.40844,0.33823,0.47422,0.39989,0.35479,0.2541,0.2456,0.23375,0.1043,0.40953,0.46665,0.2814,0.19756,0.23595,0.092436,0.26823,0.20948,0.20724,0.30392,0.038398,-0.081249,0.38358,-0.027125,0.083136,0.11219,0.1465,0.3445,0.10395,-0.0888,0.27748,0.054328,-0.10297,0.26785,0.079105,0.057823,0.02104,0.18925,0.13793,-0.083766,-0.21439,0.16507,0.16465,0.23393,-0.029021,0.24106,0.18009,0.051186,0.027709,0.28199,-0.040496,0.11332,0.089243,-0.19635,0.033043,0.13472,-0.050595,0.030706,-0.0033099,-0.049086,0.26365,0.0066703,0.22079,-0.13936,-0.21773,0.11314,-0.27784,-0.14669,0.13464,-0.097091,-0.060907,-0.10414,0.061075,0.16886,-0.093261,0.19923,0.1096,0.10789,0.32149,0.13134,0.037336,0.17,0.0028341,-0.34159,-0.20902,0.19622,-0.10731,0.23741,-0.31744,0.12291,-0.38878,0.12373,0.15117,0.18135,0.082779,-0.17845,-0.28777,-0.36552,0.10563,0.13871,0.15169,0.21931,0.077527,-0.3038,-0.070236,-0.18422,0.041532,-0.0081534,-0.09175,0.32004,0.20245,0.016351,0.00018302
15,0.77134,0.82587,0.82161,0.77827,0.77025,0.82415,0.83931,0.78493,0.84089,0.69952,0.83187,0.80578,0.77462,0.85187,0.80455,1,0.77282,0.75918,0.62585,0.84405,0.68853,0.81982,0.82644,0.79769,0.71861,0.89821,0.73786,0.80401,0.74286,0.71705,0.688,0.81019,0.71293,0.6424,0.81266,0.75749,0.73966,0.76501,0.67512,0.71516,0.71524,0.61906,0.63366,0.73474,0.61161,0.64344,0.56415,0.80968,0.61073,0.56484,0.73486,0.58013,0.45091,0.69896,0.56126,0.44055,0.53128,0.52838,0.51962,0.48735,0.43306,0.35347,0.35999,0.46618,0.27203,0.35649,0.27581,0.4722,0.38023,0.25693,0.19812,0.22761,0.32347,0.33143,0.36818,0.37411,0.27938,0.27696,0.38578,0.11348,0.22208,0.30764,0.2119,0.29124,0.032235,-0.27882,0.45894,0.058454,0.041378,0.049568,0.081168,0.3021,0.24037,-0.19504,0.16121,0.09059,0.22608,0.27191,0.097331,0.00015079,0.02785,0.15176,-0.11261,-0.041714,-0.11518,0.2795,0.20048,0.27003,0.0098458,0.24215,0.18383,0.078147,0.11701,0.13449,0.048274,0.14389,0.124,-0.16795,0.051516,0.13898,0.005286,0.02418,-0.057857,-0.13795,0.10916,-0.068312,0.13458,-0.164,-0.089444,0.15676,-0.17719,-0.2643,0.11284,-0.10372,-0.035486,-0.1361,0.13845,0.22488,-0.10803,0.14489,-0.028152,-0.0074765,0.18376,0.18944,-0.10187,0.23272,0.037499,-0.14816,-0.2755,0.07452,-0.11754,0.18887,-0.24925,0.043548,-0.32809,0.00069184,0.075658,0.097647,0.15029,-0.22937,-0.26857,-0.19338,0.09273,-0.053765,0.22279,0.16703,-0.011481,-0.028157,0.12022,-0.12985,-0.083671,0.049252,0.13873,0.28033,0.13791,0.074689,-0.085481
16,0.75373,0.72385,0.75083,0.73555,0.76025,0.81486,0.7396,0.71035,0.75007,0.71364,0.807,0.72839,0.77127,0.76818,0.77079,0.77282,1,0.76926,0.71978,0.78094,0.72887,0.78791,0.71522,0.71979,0.66951,0.81321,0.70811,0.68068,0.67347,0.68822,0.67833,0.76202,0.74888,0.68373,0.74751,0.74316,0.63096,0.72037,0.69617,0.69144,0.71638,0.56322,0.69758,0.73684,0.60192,0.47748,0.54332,0.67916,0.65128,0.63017,0.6959,0.58737,0.60389,0.62795,0.59337,0.46402,0.63456,0.50506,0.32796,0.37457,0.38994,0.41274,0.30612,0.40218,0.40608,0.42384,0.3953,0.42256,0.2682,0.20871,0.34193,0.14905,0.25672,0.33589,0.34623,0.42074,0.33992,0.30564,0.44055,0.23468,0.16202,0.12968,0.19511,0.31746,-0.011164,-0.035061,0.47342,0.010877,0.15812,0.18084,0.16364,0.27917,0.20989,0.0093868,0.13945,0.14522,-0.080516,0.29066,-0.027193,0.10913,-0.13726,0.14149,0.060101,-0.054294,-0.15115,0.29923,0.085,0.21622,0.024797,0.12332,0.33969,0.175,-0.040147,0.15292,0.054184,0.21613,-0.076412,-0.21837,0.17049,0.30765,0.0464,-0.047712,-0.035952,0.0164,0.10152,-0.14218,0.089927,-0.072527,-0.25537,0.023672,-0.28063,-0.32353,0.046543,-0.031044,0.060385,-0.070403,0.066092,0.32068,-0.11445,0.27141,-0.0059415,0.065964,0.17478,0.21451,-0.18891,0.12783,0.19823,-0.20587,-0.15557,0.017095,-0.064543,0.12347,-0.27351,0.13413,-0.20749,0.012502,0.091035,0.11587,0.14057,-0.21232,-0.25371,-0.30308,0.20578,0.1102,0.13887,0.17911,0.024186,-0.087195,-0.0076217,-0.23075,0.0051652,0.0030917,-0.068814,0.17536,0.20946,-0.0047736,-0.06208
17,0.82684,0.80528,0.80862,0.77058,0.81661,0.84438,0.80205,0.78148,0.83424,0.77673,0.80203,0.83619,0.83652,0.85334,0.7976,0.75918,0.76926,1,0.77931,0.85334,0.72696,0.82367,0.74743,0.8225,0.82039,0.86494,0.75128,0.80589,0.77292,0.79584,0.76022,0.80997,0.8225,0.74046,0.79374,0.75528,0.79145,0.81111,0.75799,0.71122,0.73232,0.7951,0.73746,0.77548,0.61863,0.70298,0.57374,0.69031,0.64717,0.66388,0.76775,0.49785,0.5551,0.55238,0.40873,0.6173,0.53041,0.57561,0.57592,0.56684,0.3163,0.54226,0.48286,0.44799,0.31491,0.43606,0.35572,0.40305,0.24448,0.38924,0.30915,0.23616,0.28665,0.20021,0.34834,0.35851,0.37899,0.27016,0.34362,0.013946,0.27602,0.12478,0.16006,0.44118,-0.022385,-0.091959,0.45562,0.044584,0.23033,0.1571,0.12603,0.21559,0.1212,0.031089,0.27518,0.039692,0.071831,0.19385,0.036745,0.10613,-0.019417,0.26267,0.01495,-0.051188,-0.17816,0.25175,0.11015,0.25522,0.23778,0.13826,0.22723,-0.026153,0.0096401,0.16769,-0.057579,0.046404,0.10291,-0.11544,0.051076,0.17656,-0.014938,0.091659,-0.057277,-0.090255,0.23615,-0.072009,0.099813,0.047071,-0.10731,0.14275,-0.1954,-0.11949,0.11856,-0.070744,-0.0052161,-0.1142,-0.018055,0.15726,-0.03685,0.20724,0.064122,0.013829,0.2577,0.16331,-0.2242,0.10006,0.09298,-0.10436,-0.15117,-0.041347,-0.043414,-0.060002,-0.26819,-0.017497,-0.33011,0.072737,-0.011683,0.047254,-0.0037664,-0.13641,-0.16529,-0.25,0.083609,0.12215,0.16743,0.12038,0.079976,-0.088774,-0.025503,-0.20601,0.062596,-0.040515,-0.0084978,0.31809,0.15175,0.040826,0.027492
18,0.73575,0.78395,0.66049,0.72643,0.79441,0.74136,0.79793,0.63447,0.71512,0.77253,0.71533,0.767,0.75898,0.69844,0.73703,0.62585,0.71978,0.77931,1,0.7816,0.73305,0.7539,0.68425,0.73993,0.75745,0.72797,0.75475,0.70299,0.62342,0.74731,0.66976,0.65993,0.67446,0.73688,0.70913,0.75442,0.69648,0.75778,0.72471,0.7602,0.57439,0.78967,0.69769,0.72948,0.58093,0.56718,0.57702,0.60494,0.59765,0.62563,0.5872,0.47737,0.52663,0.62072,0.44917,0.66195,0.5458,0.45635,0.59132,0.54686,0.17486,0.39529,0.40379,0.48132,0.48215,0.53719,0.50982,0.33068,0.37523,0.25262,0.30844,0.13123,0.24895,0.14665,0.45172,0.39173,0.39372,0.20192,0.41193,0.18123,0.26724,0.10764,0.20606,0.26233,0.2095,-0.019651,0.48041,0.16594,0.12571,0.15761,0.10845,0.19517,0.04406,-0.011997,0.1826,0.038154,-0.0035674,0.2106,0.044473,-0.011033,-0.10735,0.19535,0.0096714,-0.16193,-0.12648,0.26243,0.12873,0.09889,0.13732,0.22312,0.26836,-0.034061,0.041346,0.26022,0.025303,0.19818,0.061134,-0.16412,0.092974,0.2949,0.23978,0.097568,-0.090709,-0.026545,0.21247,0.0046082,0.20333,0.072093,-0.096755,0.050034,-0.14026,-0.21158,0.012341,-0.027109,0.016488,-0.20777,0.10426,0.14542,-0.16716,0.12363,0.038129,-0.030425,0.32552,0.011465,-0.13233,0.032914,0.21127,-0.37906,-0.30276,0.13346,0.12987,0.057651,-0.30705,0.026036,-0.38384,0.092158,-0.015154,0.037184,-0.041676,-0.1017,-0.12468,-0.27294,-0.012844,0.043962,0.1652,0.16169,-0.018524,-0.15601,-0.031818,-0.21987,-0.059467,0.06724,-0.016568,0.21567,-0.031467,0.0055694,-0.061776
19,0.81378,0.8667,0.8417,0.82028,0.84463,0.83789,0.86731,0.89109,0.85646,0.7891,0.82719,0.84077,0.87243,0.82422,0.80581,0.84405,0.78094,0.85334,0.7816,1,0.73181,0.85685,0.8373,0.82644,0.82026,0.8776,0.80029,0.84748,0.77944,0.77418,0.77629,0.83275,0.82536,0.72114,0.82803,0.83275,0.78203,0.81707,0.79569,0.72987,0.68904,0.74438,0.66455,0.77445,0.72213,0.67576,0.70491,0.76482,0.6622,0.70617,0.71546,0.55405,0.61774,0.68029,0.51345,0.65866,0.55568,0.55138,0.65241,0.55763,0.41944,0.41941,0.33701,0.41926,0.33113,0.55653,0.42555,0.47633,0.28066,0.30714,0.35814,0.22587,0.26567,0.29755,0.3849,0.40789,0.42979,0.29282,0.30887,0.15225,0.21104,0.24358,0.3153,0.30843,-0.036593,-0.11885,0.39582,0.179,0.24308,0.10252,0.046382,0.32431,0.20505,-0.077514,0.27221,0.08195,0.093999,0.21348,0.15013,0.0039256,-0.034142,0.18363,0.027078,-0.026176,-0.048539,0.24805,0.14805,0.22945,0.096253,0.18218,0.22685,0.030332,0.066263,0.15636,0.0379,0.071045,0.16393,-0.2246,0.018779,0.15063,0.0074798,0.073117,-0.091404,-0.10955,0.1777,-0.033308,0.13289,-0.031596,-0.11845,0.048455,-0.20219,-0.11814,0.16967,-0.014212,0.007071,-0.08042,0.079982,0.14345,-0.20964,0.076728,0.11113,-0.065328,0.36654,0.09224,-0.12958,0.096022,0.082306,-0.19182,-0.2447,-0.043398,0.093867,0.057812,-0.33517,0.12113,-0.37292,0.083044,-0.098199,0.093911,0.089451,-0.12729,-0.19368,-0.36807,0.18152,0.0036787,0.33311,0.1029,0.074813,-0.18048,0.04999,-0.18087,-0.031618,-0.085189,0.0062828,0.25127,0.11014,0.18198,0.0015537
20,0.7042,0.81546,0.74117,0.81965,0.78244,0.77202,0.78863,0.67462,0.7068,0.80657,0.76923,0.71073,0.759,0.63827,0.76851,0.68853,0.72887,0.72696,0.73305,0.73181,1,0.78884,0.7857,0.75611,0.6907,0.76064,0.68809,0.77062,0.66123,0.74176,0.69293,0.74949,0.65058,0.70351,0.60672,0.70689,0.68421,0.71553,0.65339,0.78047,0.57639,0.71337,0.67901,0.64523,0.63746,0.51007,0.52574,0.60875,0.63324,0.56421,0.58876,0.40248,0.57823,0.54733,0.49471,0.40604,0.48928,0.44043,0.5225,0.25661,0.40263,0.30791,0.4882,0.53383,0.32259,0.42457,0.45206,0.45035,0.33956,0.29944,0.36397,0.21607,0.17641,0.036389,0.38511,0.42154,0.45169,0.28054,0.3678,0.10034,0.23306,0.081677,0.12409,0.36199,0.12822,0.043959,0.39405,-0.088819,0.2005,0.040653,0.057492,0.30805,0.25791,-0.090049,0.29416,-0.0019371,-0.15377,0.2853,0.18039,0.1816,0.037625,0.18397,0.14814,0.030075,-0.18198,0.31849,0.15195,0.16475,-0.051525,0.16594,0.20185,-0.19293,-0.062199,0.28162,0.07771,-0.17156,0.14062,-0.18565,0.11386,0.19311,0.12136,-0.039674,-0.031449,-0.047109,0.16063,-0.11317,0.37622,0.0075661,-0.18896,0.071363,-0.17463,-0.15472,0.17487,-0.12311,0.088994,-0.0488,0.064564,0.15684,-0.142,0.22588,0.031996,0.018441,0.23292,-0.068963,-0.14547,0.051819,-0.04901,-0.28016,-0.13177,0.24877,0.20676,0.17916,-0.27881,0.012245,-0.10182,-0.12397,0.26587,0.19209,-0.090649,-0.16603,-0.12503,-0.32869,-0.069938,0.082401,0.10171,0.33673,0.15757,-0.11038,-0.023863,-0.038673,-0.041754,-0.021244,-0.2871,0.14958,0.20286,0.047431,0.027455
21,0.76694,0.82529,0.83259,0.8523,0.79035,0.88891,0.8773,0.77551,0.82086,0.75991,0.80112,0.85544,0.84621,0.77875,0.79852,0.81982,0.78791,0.82367,0.7539,0.85685,0.78884,1,0.80853,0.8135,0.78763,0.82457,0.80645,0.80529,0.78206,0.73291,0.71774,0.81886,0.77587,0.71892,0.82275,0.79906,0.69905,0.77692,0.74489,0.81521,0.70803,0.67355,0.68262,0.73825,0.70792,0.66671,0.61546,0.69238,0.57362,0.63596,0.67794,0.57799,0.58931,0.55074,0.45372,0.58711,0.61921,0.58984,0.59038,0.48631,0.45462,0.35984,0.40436,0.474,0.31523,0.47722,0.49782,0.53233,0.245,0.31756,0.34999,0.1867,0.32608,0.24372,0.35796,0.40954,0.43589,0.28666,0.36227,0.04574,0.1342,0.31412,0.29226,0.28388,0.075539,-0.0052291,0.48154,0.081114,0.15044,0.033802,-0.018312,0.19137,0.18859,0.13374,0.23118,0.059617,0.031321,0.15543,0.17869,0.11185,-0.0066416,0.16152,0.094108,0.05523,-0.12347,0.20692,0.21045,0.28895,0.043113,0.071606,0.2286,0.0051565,0.13966,0.12385,-0.097795,-0.046884,0.19414,-0.25908,0.10899,0.21334,-0.006348,-0.11327,-0.12721,-0.066005,0.21134,-0.031249,0.30123,-0.11111,-0.14806,0.070359,-0.24177,-0.13356,0.13909,-0.16357,-0.016132,-0.067126,-0.021272,0.18235,0.0032924,0.11026,0.064744,-0.10504,0.32411,0.11699,-0.0087159,0.15131,0.17219,-0.22378,-0.20904,0.043804,-0.013018,0.04741,-0.23702,0.019598,-0.41182,0.047488,0.15491,0.041992,0.034605,-0.13585,-0.22342,-0.29756,0.12559,0.074974,0.064172,0.20576,-0.062224,-0.2008,0.01745,-0.10113,-0.16627,-0.10044,0.022935,0.21329,0.14533,0.17033,-0.040415
22,0.82078,0.8545,0.77465,0.79937,0.82884,0.81623,0.84928,0.78525,0.83959,0.74654,0.83669,0.81583,0.81028,0.78494,0.86593,0.82644,0.71522,0.74743,0.68425,0.8373,0.7857,0.80853,1,0.81988,0.77748,0.81658,0.71117,0.76593,0.75271,0.83425,0.7691,0.74449,0.72393,0.72225,0.80677,0.81648,0.7638,0.79069,0.67793,0.74984,0.70387,0.71479,0.65174,0.68114,0.68431,0.64188,0.63723,0.72951,0.63468,0.698,0.67101,0.51997,0.51878,0.59306,0.56086,0.36906,0.58051,0.45223,0.64066,0.5385,0.49055,0.35266,0.46891,0.42023,0.15255,0.4597,0.31684,0.43282,0.34425,0.29033,0.30505,0.26578,0.1895,0.18956,0.32697,0.44609,0.34503,0.18654,0.30672,0.13245,0.35385,0.30039,0.35457,0.34225,0.093089,0.02346,0.35311,-0.0064941,0.2354,0.027688,0.12486,0.35108,0.20449,-0.12081,0.26216,0.059679,-0.0074686,0.14452,0.21244,-0.016088,0.0045935,0.19992,0.085944,0.080753,-0.053644,0.26348,0.20779,0.25959,0.078234,0.23376,0.18514,0.0009581,0.062005,0.1936,0.0016226,-0.036182,0.17007,-0.14177,-0.093422,0.18745,-0.053518,0.033459,0.025448,-0.058157,0.31109,-0.033891,0.17071,-0.19777,-0.046633,0.14447,-0.20464,-0.16095,0.18359,-0.13642,-0.043229,-0.10498,0.10294,0.065372,-0.1502,0.05276,0.027854,-0.01884,0.27675,0.14693,-0.0079541,0.063725,-0.013208,-0.30156,-0.29755,0.16607,-0.06453,0.21563,-0.24751,0.17653,-0.22865,-0.053412,0.092157,0.20232,0.13197,-0.083322,-0.2384,-0.29465,0.11681,0.073985,0.20807,0.19311,0.11856,-0.23967,0.030717,-0.10024,-0.01306,-0.018769,-0.067984,0.18944,0.15947,0.10528,-0.012238
23,0.805,0.85805,0.85973,0.82197,0.82488,0.80649,0.84803,0.77452,0.80945,0.78175,0.83837,0.83404,0.78812,0.83659,0.84492,0.79769,0.71979,0.8225,0.73993,0.82644,0.75611,0.8135,0.81988,1,0.82479,0.86907,0.76235,0.81761,0.8191,0.82467,0.79326,0.77151,0.68584,0.77332,0.80942,0.78901,0.80012,0.81216,0.76219,0.69359,0.74701,0.71091,0.71631,0.72404,0.68146,0.64062,0.58036,0.72443,0.65124,0.67875,0.66824,0.5489,0.53084,0.56789,0.53086,0.54204,0.55477,0.50935,0.62856,0.48012,0.47374,0.40954,0.51241,0.36773,0.32917,0.44797,0.30339,0.5183,0.35629,0.47639,0.36144,0.24053,0.21314,0.099405,0.40936,0.54402,0.28562,0.31195,0.25233,0.1435,0.28283,0.25895,0.26984,0.42666,0.040832,-0.049761,0.44667,0.023521,0.057419,0.095297,0.14292,0.30458,0.14035,0.019904,0.23462,0.23278,-0.09925,0.30132,0.13477,0.0098462,0.050228,0.18866,0.14034,-0.034487,-0.14437,0.20537,0.081972,0.29517,0.080305,0.062559,0.3857,-0.10356,0.12262,0.138,-0.06529,-0.008844,0.045678,-0.20873,0.085675,0.13469,0.010017,0.20943,-0.079857,-0.10504,0.22841,0.040881,0.26605,-0.15735,-0.16408,0.09643,-0.11152,-0.15655,0.119,-0.1963,0.029834,-0.16191,0.010877,0.30165,-0.030848,0.10617,0.11897,0.011685,0.36089,0.21451,-0.068826,0.15437,0.093821,-0.2423,-0.12661,0.078277,0.0092343,0.049169,-0.29512,0.015667,-0.33487,0.11245,0.10875,0.054334,-0.070942,-0.11645,-0.23507,-0.22725,0.062884,0.11853,0.13783,0.14247,0.036135,-0.23866,0.071802,-0.21072,-0.076648,0.062145,-0.023471,0.20678,0.073547,0.037225,-0.017643
24,0.76201,0.86811,0.78364,0.81755,0.81856,0.78772,0.83381,0.71363,0.7911,0.77024,0.83405,0.81897,0.82994,0.79484,0.76302,0.71861,0.66951,0.82039,0.75745,0.82026,0.6907,0.78763,0.77748,0.82479,1,0.78889,0.78382,0.81082,0.77226,0.77033,0.76756,0.65313,0.81393,0.67049,0.76096,0.85247,0.81286,0.78585,0.77727,0.70724,0.65717,0.78201,0.72104,0.73639,0.78558,0.61652,0.61125,0.67157,0.60599,0.61831,0.70371,0.46485,0.49951,0.57166,0.40999,0.58646,0.50127,0.46074,0.62284,0.59741,0.44755,0.48621,0.50282,0.48059,0.27369,0.47141,0.35889,0.40573,0.31813,0.31141,0.41959,0.37858,0.27564,0.14564,0.41889,0.37982,0.37841,0.3367,0.31132,0.20757,0.31016,0.24918,0.25988,0.40051,0.14474,-0.097778,0.38858,0.19586,0.18783,-0.011466,0.11291,0.24239,0.075788,-0.10455,0.17138,-0.031174,-0.032892,0.30819,0.10283,-0.00032772,-0.075404,0.32876,-0.0181,-0.07094,-0.10802,0.29162,0.10565,0.26851,0.14475,0.1582,0.31942,0.042254,0.19271,0.29012,0.022827,0.054887,0.32495,-0.2414,0.0027131,0.16758,0.0057805,0.086117,-0.10915,-0.12789,0.255,0.034573,0.18894,-0.075993,-0.095791,0.21376,-0.19537,-0.16185,0.16456,-0.13404,-0.053455,-0.098416,0.07154,0.13019,-0.16558,0.13689,0.087628,-0.084273,0.33356,0.094376,-0.20115,0.19069,0.055014,-0.34632,-0.095338,0.061747,-0.056789,0.10077,-0.096983,0.14936,-0.33911,0.16731,-0.17,0.065804,-0.0072943,0.023352,-0.10125,-0.21742,0.1065,0.044517,0.20181,0.14151,0.043645,-0.25569,-0.020078,-0.17624,-0.016525,0.051819,-0.090353,0.14936,0.10849,0.14662,-0.22198
25,0.83237,0.86591,0.84558,0.85019,0.81334,0.87536,0.83834,0.81102,0.86475,0.77248,0.86327,0.84801,0.81965,0.8478,0.79567,0.89821,0.81321,0.86494,0.72797,0.8776,0.76064,0.82457,0.81658,0.86907,0.78889,1,0.76858,0.86004,0.7821,0.80943,0.78403,0.81509,0.80429,0.77088,0.80579,0.77458,0.77731,0.80602,0.73555,0.70341,0.75732,0.72311,0.70093,0.79976,0.6818,0.62337,0.58186,0.7999,0.70431,0.68465,0.69382,0.60637,0.58702,0.68293,0.52944,0.548,0.55556,0.55104,0.53258,0.47186,0.3363,0.32577,0.40962,0.52717,0.29039,0.39589,0.34819,0.40598,0.31775,0.41104,0.32879,0.21695,0.25404,0.24791,0.38427,0.41914,0.45686,0.32929,0.3617,0.17006,0.32191,0.19956,0.19129,0.39073,0.051752,-0.12304,0.51231,0.059362,0.13067,0.071974,0.077579,0.37215,0.24618,-0.043244,0.25277,0.13388,0.13285,0.28199,0.097747,0.036908,0.034662,0.23567,0.025454,0.033243,-0.082379,0.30594,0.064499,0.26888,0.12743,0.19948,0.30259,-0.011076,0.13937,0.17624,0.039272,0.12611,0.1254,-0.12367,0.011889,0.10869,0.099583,0.13064,-0.066093,-0.12535,0.17733,-0.035536,0.17141,-0.16087,-0.094007,0.11463,-0.17726,-0.29837,0.1255,-0.1225,0.0019328,-0.032289,0.1126,0.27487,-0.15457,0.1382,0.067776,-0.0064645,0.26892,0.13338,-0.21512,0.18561,0.035533,-0.13149,-0.17895,-0.004585,-0.037655,0.056885,-0.33624,0.0043079,-0.34041,0.035058,0.00036783,0.1456,0.019796,-0.13074,-0.18424,-0.21038,0.036556,-0.034224,0.16998,0.13951,0.053938,-0.020032,0.098739,-0.21033,-0.060994,0.068533,0.040226,0.25962,0.093719,0.050399,-0.12918
