,0,1,2,3,4,5,6,7,8,9,10,11,12,13,14,15,16,17,18,19,20,21,22,23,24,25,26,27,28,29,30,31,32,33,34,35,36,37,38,39,40,41,42,43,44,45,46,47,48,49,50,51,52,53,54,55,56,57,58,59,60,61,62,63,64,65,66,67,68,69,70,71,72,73,74,75,76,77,78,79,80,81,82,83,84,85,86,87,88,89,90,91,92,93,94,95,96,97,98,99,100,101,102,103,104,105,106,107,108,109,110,111,112,113,114,115
0,1,0.85013,0.84088,0.86818,0.85949,0.87262,0.8916,0.84705,0.85066,0.80686,0.86786,0.8621,0.89353,0.7472,0.81329,0.81487,0.82818,0.83566,0.74893,0.82816,0.74778,0.80859,0.77262,0.76151,0.79107,0.75334,0.6942,0.76035,0.61818,0.60459,0.77579,0.67622,0.39154,0.62081,0.52851,0.56096,0.52721,0.22767,0.31893,0.36375,0.18924,0.2649,0.39587,-0.10056,0.30612,0.40449,0.04071,0.034513,0.11443,0.096656,0.17784,-0.047662,0.057199,0.069433,-0.11188,-0.091008,0.12229,0.076063,-0.16517,-0.049284,0.038892,-0.2471,-0.1254,-0.17373,0.02325,-0.21464,-0.055967,-0.051815,-0.23822,-0.2882,-0.24448,-0.038631,-0.24004,-0.25501,-0.15849,-0.16322,-0.35162,-0.027465,-0.30144,0.018529,0.18463,-0.04275,-0.19487,-0.08372,0.0029209,-0.16134,0.090848,-0.0054009,0.096379,-0.15181,-0.11584,-0.019327,-0.025347,-0.2789,0.18143,0.24029,-0.06995,-0.29969,-0.1922,0.14936,0.2561,0.1438,0.16045,-0.085809,0.046593,0.14055,-0.032532,-0.091486,-0.18292,0.25373,0.17444,0.13631,-0.03377,-0.3238,-0.049799,0.20643
1,0.85013,1,0.82955,0.85516,0.90697,0.82671,0.89086,0.8471,0.84793,0.84275,0.81626,0.82237,0.87762,0.85943,0.8339,0.82227,0.80706,0.7731,0.79921,0.83035,0.79103,0.79201,0.84503,0.76083,0.791,0.7578,0.78703,0.68851,0.48541,0.64113,0.70847,0.79588,0.47271,0.64548,0.63201,0.53537,0.49897,0.21677,0.37075,0.45813,0.21061,0.40796,0.40174,0.02707,0.17339,0.40178,-0.053219,-0.031021,0.14203,0.085857,0.096278,-0.01302,0.12182,-0.034238,-0.21959,-0.13042,0.11368,-0.00033573,-0.10221,-0.0299,-0.11104,-0.24645,-0.030301,-0.14009,-0.077004,-0.17052,-0.020527,0.053647,-0.22713,-0.26722,-0.4084,0.13622,-0.19281,-0.34891,-0.26808,-0.22319,-0.3478,-0.042365,-0.41129,0.088507,0.098179,-0.066274,-0.25904,-0.066336,0.16978,-0.15518,0.11289,-0.036211,0.10705,-0.12337,-0.2382,-0.018609,0.079827,-0.37307,0.19715,0.19868,-0.068928,-0.31661,-0.34797,0.22599,0.0069748,0.070919,0.16978,-0.019984,0.05398,0.090236,0.007024,-0.0022977,-0.12806,0.23464,0.10963,0.12268,0.14686,-0.38576,0.021317,0.18361
2,0.84088,0.82955,1,0.83057,0.82081,0.82307,0.84446,0.77656,0.77627,0.7805,0.84969,0.76186,0.82666,0.83035,0.73984,0.69374,0.78878,0.73421,0.67642,0.79154,0.7393,0.83692,0.76134,0.71083,0.82198,0.69568,0.61676,0.69853,0.57268,0.58819,0.67702,0.68775,0.56784,0.56673,0.45369,0.55608,0.55361,0.068026,0.40805,0.34261,0.27785,0.3382,0.33345,-0.2148,0.32304,0.37532,-0.009794,-0.087992,0.071664,0.17151,0.23963,0.040783,0.043213,-0.028781,-0.11524,-0.22667,0.22031,0.10359,0.0098718,-0.13628,-0.0032629,-0.2495,-0.12629,-0.22413,-0.0096936,-0.18624,0.10308,-2.8768e-05,-0.15395,-0.19567,-0.35654,0.12284,-0.15656,-0.1404,-0.165,-0.16895,-0.47527,-0.10336,-0.33192,0.091728,0.060337,-0.085554,-0.21,-0.01606,0.20602,0.033062,0.11156,0.012642,0.054381,-0.11512,0.056858,-0.15411,0.14935,-0.30571,0.18309,0.27694,0.040238,-0.26735,-0.20791,0.19633,0.039291,-0.02521,0.081455,-0.039124,-0.075998,0.010964,0.22378,0.080164,-0.13179,0.21197,0.14198,0.1864,-0.026871,-0.24147,0.015778,0.19153
3,0.86818,0.85516,0.83057,1,0.84318,0.81621,0.8962,0.78905,0.78617,0.73247,0.82703,0.78332,0.83424,0.74777,0.78274,0.73291,0.73882,0.76281,0.71903,0.80827,0.72451,0.74396,0.79003,0.7649,0.76244,0.75533,0.68141,0.67887,0.54715,0.61813,0.7213,0.68898,0.37989,0.61732,0.49177,0.60261,0.50807,0.1774,0.33809,0.32222,0.29118,0.41035,0.43718,-0.18543,0.2431,0.39448,-0.027739,-0.090249,0.13405,0.0862,0.18846,0.070128,-0.0505,0.020041,-0.17973,-0.19549,0.14552,0.10006,-0.26051,-0.083652,0.049917,-0.30605,-0.063071,-0.082388,-0.055114,-0.31506,0.0023706,-0.0030913,-0.31152,-0.23161,-0.35939,0.11657,-0.21813,-0.27973,-0.21157,-0.070718,-0.36705,-0.11007,-0.23106,0.1912,0.094547,-0.074677,-0.23544,0.043227,0.12364,-0.25319,0.20357,-0.031683,0.16836,-0.19423,-0.10691,-0.1256,0.06163,-0.27444,0.26831,0.22202,0.027534,-0.31667,-0.40541,0.14198,0.017353,-0.025282,0.24398,-0.14387,-0.01379,0.14231,0.011047,0.022675,-0.17442,0.25004,0.081831,0.2042,0.012257,-0.33225,0.094341,0.1626
4,0.85949,0.90697,0.82081,0.84318,1,0.83176,0.89661,0.79965,0.82296,0.80685,0.8646,0.84064,0.85308,0.82456,0.85502,0.80165,0.82081,0.7652,0.78324,0.83953,0.69638,0.84013,0.8082,0.81495,0.78319,0.69154,0.70586,0.69037,0.56203,0.63317,0.7718,0.80053,0.41924,0.59083,0.5311,0.61147,0.55691,0.24055,0.41962,0.40128,0.10756,0.30822,0.45154,0.01455,0.26462,0.35482,-0.020899,0.11252,0.14564,0.17611,0.14961,0.020444,0.15462,-0.064769,-0.21454,-0.15781,0.066319,0.054412,-0.090259,-0.15673,-0.11292,-0.19178,-0.16942,-0.16161,0.010005,-0.20585,-0.14649,-0.017935,-0.3012,-0.21069,-0.31905,0.051818,-0.19988,-0.2577,-0.16491,-0.23294,-0.41546,0.084156,-0.32013,0.1457,0.10279,-0.061487,-0.24561,-0.058723,0.15367,-0.12922,0.016708,-0.089855,0.12542,-0.12378,-0.17364,0.069734,0.12578,-0.40085,0.17943,0.07652,-0.03159,-0.29631,-0.33904,0.25649,0.12464,-0.036056,0.21638,0.00021969,0.023942,0.11211,0.011832,0.068869,-0.14065,0.25099,0.098237,0.07118,0.11236,-0.43693,-0.02045,0.094507
5,0.87262,0.82671,0.82307,0.81621,0.83176,1,0.85792,0.89664,0.84347,0.78791,0.83144,0.81306,0.85308,0.77887,0.84712,0.85263,0.83425,0.7905,0.68008,0.83853,0.78521,0.82,0.76206,0.7919,0.70385,0.71674,0.72939,0.81588,0.62083,0.69999,0.69809,0.71548,0.49431,0.62384,0.5506,0.52352,0.53856,0.19225,0.44312,0.37976,0.15971,0.26542,0.31341,-0.11762,0.2705,0.37977,0.15969,-0.015662,0.042809,0.12139,0.23881,-0.11858,0.068503,0.10236,-0.15493,-0.10921,-0.012457,-0.02717,-0.090646,-0.097508,-0.14546,-0.24605,-0.0030133,-0.1931,-0.10755,-0.21366,0.016315,0.0030164,-0.082751,-0.13399,-0.36005,0.11749,-0.1335,-0.32823,-0.1907,-0.19539,-0.37207,-0.14673,-0.26486,-0.015847,0.039797,-0.067158,-0.19863,-0.019474,0.16688,-0.027691,0.096291,-0.047501,0.16736,-0.13223,-0.1838,-0.032182,0.059473,-0.37195,0.21338,0.14629,-0.072981,-0.3282,-0.20829,0.29183,0.12249,0.056011,0.14432,-0.066397,0.05715,0.15934,0.044728,-0.017323,-0.15094,0.2034,0.076915,0.16401,0.025125,-0.34004,0.10447,0.061133
6,0.8916,0.89086,0.84446,0.8962,0.89661,0.85792,1,0.83893,0.87378,0.80023,0.84957,0.85473,0.81531,0.87064,0.82441,0.74393,0.81315,0.84613,0.7875,0.81469,0.75643,0.82236,0.76496,0.82413,0.81344,0.76496,0.68339,0.71408,0.5868,0.65663,0.70763,0.72154,0.39166,0.63901,0.51568,0.56103,0.59529,0.15954,0.35094,0.39937,0.19363,0.36892,0.34672,-0.073923,0.20733,0.35209,-0.067347,0.041612,0.067367,0.086822,0.14724,-0.023106,0.024964,0.047111,-0.26411,-0.12073,0.040695,0.062816,-0.2106,-0.066055,-0.0040246,-0.27845,-0.11935,-0.17522,-0.062486,-0.30459,-0.032699,-0.0014155,-0.31324,-0.28213,-0.31564,0.011715,-0.31163,-0.38301,-0.20336,-0.18328,-0.35908,0.00047572,-0.29492,0.093575,0.13324,-0.062896,-0.28635,-0.099222,0.122,-0.18805,0.066258,-0.040653,0.16141,-0.1335,-0.11275,0.024561,-0.0054112,-0.27708,0.17122,0.23716,-0.028113,-0.29747,-0.32825,0.21415,0.092713,0.026237,0.20869,-0.0029432,0.03191,0.11996,-0.011156,0.08389,-0.080057,0.27462,0.17049,0.21621,0.065377,-0.38263,-0.040601,0.12076
7,0.84705,0.8471,0.77656,0.78905,0.79965,0.89664,0.83893,1,0.84,0.82032,0.80349,0.76912,0.84856,0.78043,0.84581,0.75232,0.75268,0.78787,0.66381,0.80502,0.80523,0.73533,0.75451,0.71751,0.71196,0.69962,0.77691,0.68372,0.58401,0.70812,0.68895,0.68345,0.43375,0.62925,0.58092,0.42831,0.52512,0.24047,0.33915,0.3826,0.16457,0.29101,0.42431,0.019551,0.30939,0.29845,0.13284,0.043462,-0.031376,0.20618,0.12472,-0.062387,0.14339,0.025288,-0.17926,-0.010864,-0.010304,0.00081986,-0.1161,-0.059697,-0.092879,-0.2311,-0.01,-0.1203,-0.023516,-0.24213,-0.047133,-0.13907,-0.11735,-0.22199,-0.41799,0.15495,-0.21111,-0.30783,-0.22435,-0.12601,-0.36544,-0.073199,-0.36139,-0.01965,0.081143,-0.18423,-0.26842,-0.14489,0.084263,-0.080566,0.09453,-0.026044,0.11549,-0.091469,-0.25789,0.053872,0.0051054,-0.27268,0.23931,0.044474,-0.057355,-0.26112,-0.28861,0.2128,0.094397,0.018751,0.14006,-0.17861,0.076116,0.1483,0.038631,0.0058155,-0.14591,0.32686,0.092162,0.19574,0.040528,-0.31341,0.056199,0.10003
8,0.85066,0.84793,0.77627,0.78617,0.82296,0.84347,0.87378,0.84,1,0.79076,0.78755,0.80858,0.85698,0.8338,0.81422,0.77458,0.82315,0.7962,0.76139,0.70887,0.83839,0.77512,0.7506,0.77168,0.70588,0.7058,0.66216,0.7167,0.4682,0.68378,0.73604,0.70261,0.51723,0.58784,0.57847,0.55873,0.49489,0.16733,0.39572,0.35336,0.19649,0.26705,0.39084,-0.0043608,0.20378,0.34472,0.057681,0.14392,0.0191,0.14371,0.19446,-0.00084036,0.139,0.12914,-0.27543,-0.12229,0.16473,0.017813,-0.17673,-0.093125,-0.11002,-0.2815,-0.099803,-0.1737,-0.065641,-0.2142,0.03237,-0.070429,-0.067036,-0.19878,-0.40618,0.091382,-0.1685,-0.29989,-0.08387,-0.34977,-0.34098,0.050401,-0.34427,0.087332,0.031686,-0.086049,-0.2802,-0.15885,0.021787,-0.080559,0.10591,-0.019808,0.10065,0.024465,-0.16356,-6.8921e-06,-0.061161,-0.28198,0.16403,0.17866,-0.13365,-0.37106,-0.27731,0.17534,0.036224,0.11043,0.17623,-0.02334,0.0042519,0.13534,-0.11361,0.039402,-0.14475,0.30039,0.1133,0.12156,0.044247,-0.32614,-0.15459,0.15432
9,0.80686,0.84275,0.7805,0.73247,0.80685,0.78791,0.80023,0.82032,0.79076,1,0.79126,0.77627,0.80866,0.8282,0.77395,0.76035,0.79017,0.72732,0.67466,0.82885,0.76349,0.80595,0.75923,0.68143,0.73572,0.73611,0.67288,0.6567,0.43589,0.6183,0.76319,0.57783,0.4302,0.57117,0.6154,0.55859,0.56672,0.24937,0.29624,0.37099,0.27627,0.37784,0.36068,0.026044,0.35214,0.3199,0.1516,0.15973,0.20748,0.001911,0.024466,-0.005115,0.22272,-0.0049718,-0.037244,0.027033,0.19357,-0.097296,-0.040526,-0.099701,-0.039756,-0.12928,-0.13606,-0.14998,-0.069162,-0.28329,-0.03469,-0.14266,-0.13896,-0.19143,-0.29571,0.050342,-0.16567,-0.2659,-0.34146,-0.12437,-0.50082,0.015623,-0.29813,-0.017365,0.15467,-0.14993,-0.39556,-0.064671,0.049189,0.074283,0.10026,0.12194,0.1916,-0.10793,-0.18072,-0.011589,-0.022202,-0.16966,0.19742,0.060084,-0.019251,-0.18354,-0.30039,0.11583,0.2379,0.060398,0.050604,-0.15041,-0.041853,0.12596,0.06902,-0.07217,-0.16346,0.29459,0.082915,0.11105,0.035311,-0.311,0.0030691,0.055569
10,0.86786,0.81626,0.84969,0.82703,0.8646,0.83144,0.84957,0.80349,0.78755,0.79126,1,0.74328,0.85226,0.74179,0.74013,0.75972,0.75573,0.74289,0.66113,0.80181,0.70882,0.80781,0.71281,0.71905,0.76885,0.69469,0.61185,0.65411,0.48585,0.60999,0.74876,0.72507,0.4754,0.54706,0.44045,0.624,0.57642,0.16791,0.42378,0.39732,0.27915,0.33851,0.32194,0.021833,0.35063,0.39137,0.076054,0.16789,0.074987,0.075614,0.19194,0.0056633,0.10411,0.049569,-0.20287,-0.13732,0.10532,-0.057363,-0.069452,-0.098287,-0.079904,-0.26229,-0.10202,-0.15421,0.06226,-0.21356,-0.046103,-0.074644,-0.17333,-0.10214,-0.30841,0.10584,-0.17406,-0.23072,-0.26233,-0.20265,-0.43468,0.031551,-0.31482,0.1646,0.035475,-0.0071487,-0.29782,0.0043773,0.14249,-0.034925,0.048683,-0.15245,0.019998,-0.034468,-0.031353,-0.018571,0.14893,-0.32674,0.20993,0.17717,0.042345,-0.25636,-0.25554,0.14797,0.07012,0.068645,0.087956,-0.01209,-0.035523,0.12169,0.054851,0.064677,-0.26417,0.28377,0.18857,0.067128,0.018215,-0.28468,-0.0038342,0.21151
11,0.8621,0.82237,0.76186,0.78332,0.84064,0.81306,0.85473,0.76912,0.80858,0.77627,0.74328,1,0.78875,0.83693,0.77851,0.73005,0.82632,0.74495,0.78197,0.77992,0.6799,0.79208,0.73643,0.74656,0.66134,0.67421,0.61815,0.7564,0.47105,0.53562,0.76189,0.66439,0.37197,0.56622,0.59067,0.57579,0.56675,0.089939,0.36622,0.38683,0.12829,0.29951,0.38806,-0.089795,0.09673,0.29617,-0.084392,0.055796,0.20585,0.12765,0.19885,0.046009,0.041267,0.003391,-0.052149,0.0020215,0.098737,0.10473,-0.24175,0.016376,0.027537,-0.21234,-0.1239,-0.22015,-0.0078254,-0.13093,-0.11812,-0.033328,-0.16773,-0.20815,-0.22947,-0.024661,-0.19521,-0.33483,-0.069982,-0.15525,-0.29805,-0.063287,-0.19432,-0.044043,0.21572,-0.094314,-0.1997,-0.13844,0.079218,-0.15236,0.061851,0.046521,0.1985,-0.23292,-0.15821,0.12323,-0.086284,-0.28526,0.13683,0.21705,-0.192,-0.28194,-0.20213,0.31648,0.23242,0.072281,0.024903,-0.054717,-0.015432,0.16784,-0.010946,-0.12652,-0.11745,0.17851,0.10688,0.14601,-0.047866,-0.30757,-0.12256,0.014528
12,0.89353,0.87762,0.82666,0.83424,0.85308,0.85308,0.81531,0.84856,0.85698,0.80866,0.85226,0.78875,1,0.74592,0.79194,0.83382,0.78792,0.71123,0.72005,0.84369,0.76453,0.79687,0.82552,0.72398,0.74839,0.69463,0.70499,0.72049,0.54652,0.70401,0.77226,0.73454,0.50619,0.69268,0.55037,0.56891,0.48581,0.19427,0.392,0.37508,0.27385,0.27332,0.45323,-0.041813,0.32699,0.39021,0.086696,0.056778,0.16386,0.13056,0.26918,-0.0961,0.10407,0.019214,-0.21115,-0.14769,0.13182,0.023711,-0.067973,-0.06783,-0.030715,-0.2455,-0.044706,-0.20581,0.019615,-0.085826,0.039248,-0.020037,-0.23691,-0.20585,-0.38653,0.086135,-0.14891,-0.21567,-0.31176,-0.21889,-0.38764,-0.028121,-0.36653,0.063718,0.010436,-0.11437,-0.21979,-0.084928,0.040866,-0.080893,0.11155,-0.016168,0.057349,-0.066709,-0.137,-0.018998,0.1103,-0.26839,0.19838,0.20977,-0.027787,-0.31322,-0.19831,0.17921,0.032308,0.089437,0.061643,-0.1195,-0.021841,0.15769,-0.070129,-0.085274,-0.21401,0.22567,0.10768,0.028542,0.057314,-0.24201,-0.012521,0.27405
13,0.7472,0.85943,0.83035,0.74777,0.82456,0.77887,0.87064,0.78043,0.8338,0.8282,0.74179,0.83693,0.74592,1,0.76944,0.69134,0.79179,0.78736,0.75962,0.74229,0.75584,0.78213,0.73347,0.75738,0.70138,0.69997,0.68274,0.67952,0.45587,0.62171,0.67632,0.69422,0.4904,0.61362,0.51379,0.53727,0.64601,0.14323,0.46612,0.38847,0.27105,0.3242,0.2817,-0.0071219,0.16285,0.24834,-0.10094,0.034016,0.1317,0.093909,0.17599,-0.032585,0.14397,-0.053433,-0.094618,-0.054918,0.16411,0.10485,-0.043766,-0.055164,-0.042812,-0.24239,-0.14414,-0.25284,-0.12784,-0.17674,-0.034942,-0.02689,-0.15806,-0.19823,-0.37148,0.17935,-0.16631,-0.3686,-0.22065,-0.13481,-0.36153,0.030893,-0.29006,-0.024644,0.083432,-0.10975,-0.3365,-0.17435,0.093415,-0.038094,-0.02165,-0.030918,0.18866,-0.0493,-0.1658,-0.049614,-0.041915,-0.28727,0.14709,0.20153,-0.075155,-0.17558,-0.24793,0.22493,0.077369,0.024077,0.01291,0.059574,-0.0020082,0.074175,0.11643,0.074268,-0.13346,0.1881,0.046126,0.21081,0.056045,-0.33175,-0.11883,0.051813
14,0.81329,0.8339,0.73984,0.78274,0.85502,0.84712,0.82441,0.84581,0.81422,0.77395,0.74013,0.77851,0.79194,0.76944,1,0.80781,0.71959,0.75107,0.74393,0.79425,0.77119,0.75277,0.78542,0.6951,0.72098,0.71784,0.72286,0.63693,0.59844,0.67552,0.67639,0.62694,0.45699,0.53257,0.53593,0.44083,0.55692,0.18776,0.45827,0.44484,0.18309,0.26792,0.47154,0.079553,0.28055,0.36513,0.16861,0.075045,0.11539,0.20215,0.16026,0.023172,0.19115,-0.0022422,-0.17678,-0.051485,0.080049,0.13852,-0.10433,-0.090486,-0.024673,-0.31939,-0.039442,-0.10779,0.054018,-0.20824,-0.075946,0.0042538,-0.18969,-0.2348,-0.31235,0.16555,-0.23118,-0.31887,-0.13026,-0.19567,-0.41596,-0.048879,-0.22222,0.10405,0.048075,-0.10671,-0.24808,-0.019963,0.07823,-0.06122,0.17044,-0.048459,0.083006,-0.12517,-0.22548,0.14191,-0.068868,-0.32901,0.13548,0.13772,-0.077129,-0.31638,-0.29083,0.27656,0.16788,0.066135,0.24254,-0.23399,0.075862,0.23463,-0.0017169,0.049648,-0.17479,0.2591,0.035707,0.1298,-0.0082635,-0.21019,0.030639,-0.0045622
15,0.81487,0.82227,0.69374,0.73291,0.80165,0.85263,0.74393,0.75232,0.77458,0.76035,0.75972,0.73005,0.83382,0.69134,0.80781,1,0.76965,0.67145,0.68816,0.81524,0.75247,0.75753,0.78562,0.72489,0.63702,0.70622,0.77309,0.65162,0.52522,0.63092,0.64866,0.65369,0.41985,0.57889,0.53585,0.54652,0.44925,0.19326,0.465,0.34285,0.25005,0.27894,0.28931,0.045498,0.21375,0.38297,0.072269,0.065142,0.23004,-0.02138,0.29449,-0.16087,0.091086,0.049082,-0.10349,-0.12914,0.083344,0.012244,-0.11938,-0.12518,-0.06332,-0.27158,-0.045946,-0.074678,-0.046514,-0.03647,-0.061587,0.097644,-0.065053,-0.11732,-0.20358,0.11664,-0.080058,-0.32416,-0.26487,-0.27776,-0.33886,-0.0015978,-0.28967,0.14074,0.068357,0.0045906,-0.11534,0.083343,0.079586,-0.010082,0.10582,0.015268,0.12609,-0.093883,-0.15417,0.022203,0.020252,-0.35582,0.17041,0.21576,-0.067098,-0.33527,-0.17549,0.20902,0.13775,0.13147,0.12425,-0.11198,0.027972,0.14727,-0.03512,-0.11415,-0.19484,0.13845,0.0525,0.048495,0.14783,-0.27006,0.085864,0.081338
16,0.82818,0.80706,0.78878,0.73882,0.82081,0.83425,0.81315,0.75268,0.82315,0.79017,0.75573,0.82632,0.78792,0.79179,0.71959,0.76965,1,0.80719,0.64843,0.76073,0.75324,0.80042,0.76157,0.76821,0.64154,0.64112,0.68499,0.79887,0.4576,0.53338,0.70817,0.64565,0.32942,0.54892,0.53965,0.50335,0.43153,0.27872,0.4282,0.24774,0.19374,0.34087,0.24943,-0.12532,0.15036,0.47849,-0.012285,0.0035796,0.063141,0.1158,0.083518,-0.050154,0.021688,0.027422,-0.12222,-0.077571,0.059207,0.0018066,-0.019095,-0.081812,-0.075167,-0.26773,-0.21572,-0.22606,-0.10127,-0.22194,-0.025411,-0.12929,-0.0064321,-0.19784,-0.29968,-0.010722,-0.13552,-0.17609,-0.13773,-0.27287,-0.37844,0.0080195,-0.29639,-0.0033907,0.15299,-0.13146,-0.17644,-0.06793,0.16214,-0.035212,0.085485,0.028762,0.21409,-0.14357,-0.20309,-0.072015,-0.051076,-0.26254,0.037514,0.20103,-0.10143,-0.21374,-0.17908,0.38566,0.20747,0.11135,0.075488,-0.0015552,0.041644,0.04513,-0.031584,0.028741,-0.17675,0.21416,-0.031403,0.062699,0.0021141,-0.33173,-0.1207,0.063568
17,0.83566,0.7731,0.73421,0.76281,0.7652,0.7905,0.84613,0.78787,0.7962,0.72732,0.74289,0.74495,0.71123,0.78736,0.75107,0.67145,0.80719,1,0.70997,0.69441,0.71579,0.66458,0.67619,0.70702,0.70561,0.67809,0.72318,0.70214,0.55665,0.57349,0.7177,0.61281,0.32591,0.52471,0.43872,0.42871,0.52811,0.35537,0.37355,0.28432,0.17737,0.25939,0.25285,0.011478,0.21126,0.41146,-0.029429,0.039221,-0.08124,0.032923,0.10748,-0.03253,-0.0016767,0.067003,-0.16051,0.069047,0.10201,0.020796,-0.11965,-0.01193,0.068186,-0.27862,-0.19837,-0.096243,-0.19473,-0.29957,0.01307,-0.073833,-0.13748,-0.27531,-0.27389,0.042123,-0.21115,-0.3824,-0.11723,-0.082457,-0.15682,-0.061698,-0.28374,-0.017592,0.18693,-0.064401,-0.28046,-0.23527,0.096194,-0.19748,-0.060742,0.011511,0.13915,-0.046577,-0.23877,-0.031363,-0.13635,-0.23757,0.10292,0.20845,-0.10924,-0.18732,-0.26847,0.31095,0.28185,0.034289,0.17225,0.045293,0.088816,0.17715,0.018783,0.063099,-0.13535,0.19122,0.11187,0.1345,0.059433,-0.25554,-0.079241,0.1122
18,0.74893,0.79921,0.67642,0.71903,0.78324,0.68008,0.7875,0.66381,0.76139,0.67466,0.66113,0.78197,0.72005,0.75962,0.74393,0.68816,0.64843,0.70997,1,0.64759,0.63936,0.66304,0.64351,0.61883,0.66469,0.70529,0.56347,0.58531,0.44859,0.49379,0.58546,0.63362,0.34549,0.47832,0.42227,0.40918,0.40375,0.042087,0.19954,0.34085,0.16595,0.34666,0.40175,0.054808,0.020482,0.3887,-0.16134,0.070035,0.19551,-0.093495,0.32058,0.072577,0.21034,-0.013118,-0.20937,0.027298,0.022975,0.10162,-0.13795,0.033926,0.092975,-0.24683,-0.18043,-0.012317,-0.11144,-0.026551,-0.092766,0.22046,-0.22095,-0.25595,-0.29978,-0.0098622,-0.13839,-0.42663,-0.17414,-0.21645,-0.2134,-0.070298,-0.25505,0.097938,0.10934,0.029131,-0.26471,-0.20021,0.046738,-0.22366,0.0063341,-0.046065,0.042194,0.025516,-0.1397,0.13758,0.03241,-0.3257,0.13589,0.2992,-0.1944,-0.19358,-0.29285,0.23393,0.10267,0.16583,0.12962,-0.078816,-0.0059849,0.099709,0.028112,0.018774,-0.018618,0.28395,0.11281,0.19944,0.047621,-0.31347,-0.097158,0.078731
19,0.82816,0.83035,0.79154,0.80827,0.83953,0.83853,0.81469,0.80502,0.70887,0.82885,0.80181,0.77992,0.84369,0.74229,0.79425,0.81524,0.76073,0.69441,0.64759,1,0.67423,0.79714,0.79727,0.72657,0.77541,0.74538,0.73524,0.67567,0.5756,0.55609,0.73005,0.64165,0.3024,0.62507,0.54097,0.52035,0.52707,0.084187,0.38058,0.36432,0.16338,0.34104,0.42033,-0.095678,0.34135,0.3018,0.092449,0.023631,0.17395,0.070401,0.17129,-0.010308,0.013335,-0.09572,-0.12936,-0.095634,0.06992,-0.03741,-0.080139,-0.10423,0.050363,-0.17003,-0.1557,-0.1285,-0.035571,-0.16057,0.013297,-0.10202,-0.28589,-0.094009,-0.25806,0.16549,-0.26125,-0.2257,-0.33441,-0.22482,-0.45405,-0.056396,-0.25023,-0.029993,0.15345,-0.1159,-0.19462,0.016584,0.11496,-0.10922,0.027481,0.065878,0.25037,-0.24905,-0.18325,0.066685,0.21343,-0.24017,0.10754,0.10233,0.058582,-0.33995,-0.21758,0.16093,0.21312,0.037296,0.20807,-0.14428,-0.054993,0.17981,0.049394,-0.0097273,-0.13378,0.25407,0.073578,0.19674,0.19482,-0.21284,0.10095,0.18355
20,0.74778,0.79103,0.7393,0.72451,0.69638,0.78521,0.75643,0.80523,0.83839,0.76349,0.70882,0.6799,0.76453,0.75584,0.77119,0.75247,0.75324,0.71579,0.63936,0.67423,1,0.68911,0.73728,0.69414,0.71057,0.65108,0.65294,0.67042,0.45612,0.57769,0.60755,0.58594,0.47521,0.51545,0.56742,0.52061,0.40985,0.17942,0.38014,0.32687,0.27868,0.20491,0.37642,0.082835,0.21074,0.3123,0.091101,-0.0025739,0.010962,0.056831,0.1737,-0.088922,0.23317,0.16188,-0.1014,-0.04863,0.13029,0.10445,-0.059252,-0.047946,-0.02979,-0.3376,-0.15039,-0.15086,-0.0096188,-0.24327,0.14387,0.0050487,-0.029564,-0.10912,-0.28705,0.23583,-0.174,-0.2059,-0.21898,-0.21042,-0.39781,0.011057,-0.33326,0.11609,0.038821,-0.011788,-0.12441,0.062093,0.14743,0.066178,0.15995,-0.11861,0.14348,0.0049694,-0.16912,0.0080748,-0.098056,-0.28457,0.14681,0.2757,0.018094,-0.28899,-0.18145,0.1988,0.031798,0.059031,0.25282,-0.14506,-0.08645,-0.033251,0.022766,-0.0083268,-0.0076765,0.17226,-0.042535,0.1291,-0.091323,-0.13607,-0.078809,0.022147
21,0.80859,0.79201,0.83692,0.74396,0.84013,0.82,0.82236,0.73533,0.77512,0.80595,0.80781,0.79208,0.79687,0.78213,0.75277,0.75753,0.80042,0.66458,0.66304,0.79714,0.68911,1,0.69329,0.68907,0.74582,0.62009,0.58592,0.67333,0.58951,0.60426,0.65264,0.64896,0.51276,0.56576,0.52041,0.51743,0.57128,0.13554,0.44244,0.38934,0.27394,0.40841,0.35809,-0.12196,0.22245,0.29552,0.13375,0.12225,0.085587,0.22405,0.21498,-0.04804,0.024352,-0.04295,-0.18235,-0.20381,-0.029019,-0.090663,-0.088464,-0.043214,-0.12042,-0.26487,-0.048304,-0.14299,-0.071529,-0.17518,0.065453,-0.0013878,-0.11201,-0.14097,-0.28719,0.011234,-0.20538,-0.11357,-0.29039,-0.22077,-0.44805,0.041492,-0.20017,0.07868,0.039181,0.026899,-0.20971,0.013331,0.25,0.039732,0.16438,-0.03046,0.23762,-0.14697,-0.025077,0.020569,0.066204,-0.2762,0.20525,0.029785,-0.15341,-0.27652,-0.065955,0.29835,0.23293,-0.002851,0.12616,-0.037547,0.082046,0.12365,0.087205,-0.0041108,-0.088554,0.22506,0.13732,0.067993,0.067723,-0.26088,-0.12667,0.068356
22,0.77262,0.84503,0.76134,0.79003,0.8082,0.76206,0.76496,0.75451,0.7506,0.75923,0.71281,0.73643,0.82552,0.73347,0.78542,0.78562,0.76157,0.67619,0.64351,0.79727,0.73728,0.69329,1,0.68507,0.74058,0.72306,0.64878,0.6784,0.53829,0.56217,0.65503,0.6116,0.42321,0.5248,0.48451,0.4816,0.42706,0.21713,0.44091,0.33316,0.21379,0.32184,0.3011,-0.079909,0.17414,0.30291,0.021873,0.0058942,0.28776,0.15033,0.078985,-0.051064,0.15591,-0.10927,-0.096752,-0.21396,0.18271,0.054992,-0.092768,-0.097619,0.023994,-0.20759,-0.17178,-0.053617,0.07434,-0.1824,0.028231,0.01942,-0.24885,-0.20324,-0.36862,0.13069,-0.20128,-0.31007,-0.14798,-0.19193,-0.44589,-0.014506,-0.30927,0.051389,0.093102,-0.22952,-0.36068,0.044698,0.12658,-0.12416,0.13579,0.066669,0.15646,-0.21545,-0.21936,-0.025079,0.030536,-0.31738,0.13485,0.19544,0.0081352,-0.34067,-0.25158,0.10597,-0.0080116,0.087744,0.21132,-0.20749,-0.10566,0.15039,-0.10762,-0.041583,-0.20741,0.12353,-0.091285,0.001898,0.10911,-0.29335,0.097078,0.19932
23,0.76151,0.76083,0.71083,0.7649,0.81495,0.7919,0.82413,0.71751,0.77168,0.68143,0.71905,0.74656,0.72398,0.75738,0.6951,0.72489,0.76821,0.70702,0.61883,0.72657,0.69414,0.68907,0.68507,1,0.66583,0.56088,0.6272,0.68317,0.51604,0.5389,0.67975,0.70133,0.28522,0.58492,0.54978,0.50322,0.56261,0.23344,0.43478,0.3647,0.081087,0.18527,0.32976,-0.072487,0.21823,0.35845,-0.093258,-0.13525,0.02728,0.0066269,0.047117,-0.14403,0.11144,0.1405,-0.16164,-0.12029,0.11446,0.10075,-0.070954,-0.15631,-0.058591,-0.20706,-0.13459,-0.18642,-0.12413,-0.25956,-0.076572,-0.051306,-0.30403,-0.23547,-0.27598,-0.0083899,-0.16433,-0.24063,-0.1584,-0.14652,-0.34327,0.0064269,-0.40003,0.10495,0.014571,-0.058002,-0.090129,-0.049983,0.096448,-0.15988,-0.14039,-0.11863,0.096475,-0.21428,-0.13325,-0.055983,0.055395,-0.30071,0.24035,0.15518,-0.14704,-0.30623,-0.17752,0.18785,-0.0059768,-0.082606,0.13368,0.125,-0.1301,0.081632,-0.082248,-0.085141,-0.20233,0.23681,0.0021878,0.22258,0.00050019,-0.3836,0.097019,0.02774
24,0.79107,0.791,0.82198,0.76244,0.78319,0.70385,0.81344,0.71196,0.70588,0.73572,0.76885,0.66134,0.74839,0.70138,0.72098,0.63702,0.64154,0.70561,0.66469,0.77541,0.71057,0.74582,0.74058,0.66583,1,0.68131,0.55018,0.5936,0.62414,0.48792,0.59955,0.64499,0.43674,0.4771,0.47202,0.4522,0.48232,0.16282,0.32467,0.35133,0.11733,0.26062,0.30236,-0.10583,0.24671,0.2826,0.027303,-0.016151,0.087384,0.12125,0.14986,-0.099356,0.078812,0.0081932,-0.23607,-0.1585,0.11627,0.010926,0.042586,-0.12437,-0.017151,-0.070442,-0.16459,-0.11669,0.083067,-0.17206,0.073388,0.097733,-0.32452,-0.26159,-0.15174,0.14541,-0.24006,-0.22273,-0.1316,-0.10816,-0.38279,0.026401,-0.45925,0.20843,0.078029,-0.08617,-0.19238,-0.039856,0.20689,-0.016808,-0.049307,-0.065812,0.18083,-0.13743,-0.095706,0.079264,0.1902,-0.28756,0.13033,0.17772,-0.056193,-0.31931,-0.246,0.083546,0.16847,-0.031631,0.3512,0.052877,-0.033853,0.071834,0.074495,0.08773,-0.063067,0.31382,0.086983,0.083331,0.15267,-0.17616,-0.059044,0.25297
25,0.75334,0.7578,0.69568,0.75533,0.69154,0.71674,0.76496,0.69962,0.7058,0.73611,0.69469,0.67421,0.69463,0.69997,0.71784,0.70622,0.64112,0.67809,0.70529,0.74538,0.65108,0.62009,0.72306,0.56088,0.68131,1,0.5861,0.6248,0.49947,0.57698,0.5842,0.5541,0.25291,0.36291,0.34573,0.47006,0.48429,0.11015,0.22671,0.31226,0.17848,0.4209,0.23222,0.00012759,0.26338,0.30048,0.10824,0.042105,0.34886,0.014974,0.2672,0.087357,0.10334,-0.06815,-0.14932,-0.071054,0.27079,0.040003,-0.12754,-0.11326,0.0061318,-0.1013,-0.051062,0.0089748,0.097072,-0.15612,0.10683,0.083523,-0.18425,-0.16652,-0.27195,0.16256,-0.13802,-0.36991,-0.19386,-0.22489,-0.29934,-0.092163,-0.079802,0.0058867,0.2511,-0.035031,-0.27048,0.010702,-0.010379,-0.066355,0.17522,0.13006,0.14413,-0.15527,-0.12796,0.022311,-0.084412,-0.2756,-0.033016,0.27524,0.0029551,-0.32788,-0.3388,0.015463,0.080114,0.22024,0.13258,0.01306,0.00925,0.2759,0.12306,0.018576,-0.21812,0.21053,0.036786,0.20829,0.13198,-0.25086,0.034909,0.24641
26,0.6942,0.78703,0.61676,0.68141,0.70586,0.72939,0.68339,0.77691,0.66216,0.67288,0.61185,0.61815,0.70499,0.68274,0.72286,0.77309,0.68499,0.72318,0.56347,0.73524,0.65294,0.58592,0.64878,0.6272,0.55018,0.5861,1,0.48581,0.58064,0.53663,0.62946,0.56916,0.22473,0.55858,0.5286,0.35566,0.39441,0.2276,0.33784,0.32318,0.13877,0.20384,0.23574,0.078845,0.23316,0.34412,-0.085828,0.021178,0.039512,0.066013,0.16215,-0.15398,0.034875,-0.057819,-0.12219,-0.025734,0.016295,0.048494,-0.087663,-0.067186,-0.070599,-0.33836,-0.094312,-0.043602,-0.17984,-0.036238,-0.1551,-0.069374,-0.047382,-0.21296,-0.27094,0.26226,-0.11935,-0.26857,-0.1827,-0.16059,-0.17226,-0.01798,-0.36845,0.024731,0.095762,-0.020942,-0.080447,-0.21108,0.143,-0.12053,0.096497,0.067741,0.17838,0.012267,-0.33204,-0.12101,0.042937,-0.26677,0.089937,0.0723,-0.0015575,-0.16319,-0.30913,0.17331,0.091148,0.12043,0.088066,-0.033736,0.24547,0.030638,0.11606,0.13056,-0.22407,0.11853,0.12019,0.10138,0.22534,-0.23367,0.1366,0.14139
27,0.76035,0.68851,0.69853,0.67887,0.69037,0.81588,0.71408,0.68372,0.7167,0.6567,0.65411,0.7564,0.72049,0.67952,0.63693,0.65162,0.79887,0.70214,0.58531,0.67567,0.67042,0.67333,0.6784,0.68317,0.5936,0.6248,0.48581,1,0.43724,0.60042,0.56041,0.57586,0.37357,0.61966,0.48454,0.53597,0.4476,0.27482,0.44012,0.24812,0.060144,0.16786,0.18789,-0.22877,0.14422,0.42856,0.12053,-0.11822,0.075112,0.11401,0.16937,-0.13,0.075615,0.095867,-0.081405,-0.070326,0.049098,0.00010544,-0.053459,-0.0099625,-0.098474,-0.03836,-0.10704,-0.42695,-0.11082,-0.18594,-0.021206,-0.11276,-0.13603,0.01642,-0.22724,-0.065794,-0.02915,-0.10995,-0.18283,-0.0056165,-0.35991,-0.24026,-0.18832,-0.17609,0.2002,-0.097956,-0.13871,0.09674,0.19058,-0.12835,0.066274,0.012724,0.1944,-0.12146,-0.24026,0.013228,-0.04782,-0.32275,0.27854,0.18351,-0.13045,-0.37225,-0.029037,0.26658,0.25411,0.11204,0.18966,0.12521,-0.047322,0.10145,-0.038179,-0.077411,-0.18478,0.13239,0.11707,0.16053,-0.053158,-0.34947,-0.067588,0.037555
28,0.61818,0.48541,0.57268,0.54715,0.56203,0.62083,0.5868,0.58401,0.4682,0.43589,0.48585,0.47105,0.54652,0.45587,0.59844,0.52522,0.4576,0.55665,0.44859,0.5756,0.45612,0.58951,0.53829,0.51604,0.62414,0.49947,0.58064,0.43724,1,0.36136,0.37518,0.36804,0.188,0.27463,0.1817,0.12431,0.28727,0.16984,0.21773,0.28978,0.094761,0.096733,0.15814,-0.061323,0.31278,0.24493,0.047447,0.033039,0.056421,0.20778,0.31987,-0.26402,0.0011372,0.0023017,-0.19103,-0.22956,-0.17522,0.084158,0.03693,-0.1008,0.099853,-0.20721,-0.24608,-0.0326,-0.016171,-0.16606,0.093193,0.096113,-0.28243,-0.29456,-0.14102,-0.057551,-0.26154,-0.12202,-0.057604,0.098512,-0.24709,0.035001,-0.17221,-0.046188,0.12242,-0.15091,0.050112,-0.16936,0.15458,-0.0052001,0.080661,0.10631,0.11355,-0.13234,-0.21711,-0.10781,0.14494,-0.25079,0.13562,-0.011474,-0.077336,-0.1677,-0.0070164,0.011615,0.11046,-0.011684,0.11175,-0.0089996,0.2209,0.1183,0.19491,0.022245,-0.14061,0.12998,0.11345,0.016207,0.11271,-0.090141,0.1514,0.23359
29,0.60459,0.64113,0.58819,0.61813,0.63317,0.69999,0.65663,0.70812,0.68378,0.6183,0.60999,0.53562,0.70401,0.62171,0.67552,0.63092,0.53338,0.57349,0.49379,0.55609,0.57769,0.60426,0.56217,0.5389,0.48792,0.57698,0.53663,0.60042,0.36136,1,0.46219,0.55172,0.59317,0.67368,0.33125,0.47945,0.59114,0.37685,0.47968,0.21366,0.072095,0.108,0.21915,0.064403,0.4215,0.26915,0.15243,0.12796,0.049978,0.15952,0.25492,-0.14331,0.13679,0.17814,-0.30902,-0.033096,0.19051,0.049864,-0.1289,-0.17723,-0.22927,-0.19324,0.28883,-0.19502,-0.027158,-0.14287,-0.094113,0.016464,-0.0795,-0.15433,-0.31043,0.1598,-0.046621,-0.23958,-0.26273,-0.095873,-0.20485,-0.049324,-0.084399,0.14897,-0.0908,-0.032521,-0.35964,0.013101,0.16679,0.070387,0.18113,-0.005461,0.063242,-0.035018,-0.060995,0.10611,-0.21353,-0.27776,0.29657,0.044752,-0.091074,-0.1878,-0.20284,0.27073,0.02346,-0.12857,0.12014,-0.029579,0.058807,0.32978,-0.073732,0.028803,-0.13189,0.16292,0.1417,0.13755,0.13003,-0.2036,-0.042797,0.0098464
30,0.77579,0.70847,0.67702,0.7213,0.7718,0.69809,0.70763,0.68895,0.73604,0.76319,0.74876,0.76189,0.77226,0.67632,0.67639,0.64866,0.70817,0.7177,0.58546,0.73005,0.60755,0.65264,0.65503,0.67975,0.59955,0.5842,0.62946,0.56041,0.37518,0.46219,1,0.56088,0.30131,0.48531,0.56568,0.61469,0.52524,0.19396,0.29679,0.449,0.15813,0.19589,0.51851,0.040736,0.28519,0.23301,0.081374,0.20933,0.1199,0.086933,0.15556,0.14038,0.10835,0.0028275,-0.031324,-0.053643,0.24522,0.17178,-0.19505,-0.06339,0.015749,-0.15571,-0.14416,-0.065667,0.050211,-0.15889,-0.00076556,-0.141,-0.17688,-0.10864,-0.18818,0.11998,-0.10919,-0.20212,-0.12661,-0.20933,-0.26355,0.031242,-0.26398,-0.0013132,0.17592,0.0032514,-0.20983,-0.23497,-0.061459,-0.08946,-0.042849,0.024349,0.15913,-0.067926,-0.062399,0.056024,-0.0093523,-0.091917,0.078444,0.11309,0.028484,-0.30928,-0.28288,0.14541,0.17235,0.035277,-0.0041874,-0.03411,-0.15579,0.099469,0.032742,-0.11082,-0.2506,0.12449,0.04782,0.07537,0.011517,-0.28124,0.081112,0.099438
31,0.67622,0.79588,0.68775,0.68898,0.80053,0.71548,0.72154,0.68345,0.70261,0.57783,0.72507,0.66439,0.73454,0.69422,0.62694,0.65369,0.64565,0.61281,0.63362,0.64165,0.58594,0.64896,0.6116,0.70133,0.64499,0.5541,0.56916,0.57586,0.36804,0.55172,0.56088,1,0.50342,0.47742,0.45075,0.52014,0.50558,0.14922,0.30343,0.34649,0.043372,0.34833,0.29247,-0.02347,0.079789,0.26299,-0.022639,-0.20962,0.0064194,0.21241,0.17006,-0.043756,0.10841,0.0062022,-0.30518,-0.12425,0.11109,-0.054716,-0.092915,-0.10464,-0.42877,-0.035106,-0.013592,-0.11797,-0.047001,0.0081847,0.015938,0.079436,-0.25258,-0.14753,-0.39644,0.19132,-0.11337,-0.26802,-0.19928,-0.25732,-0.28221,0.042562,-0.45254,0.17229,-0.1434,-0.020184,-0.18746,-0.10287,0.13909,-0.11716,-0.027663,-0.10407,0.026899,-0.14388,-0.21931,0.00012207,0.27181,-0.47113,0.12605,0.10129,-0.16587,-0.23414,-0.35291,0.22666,-0.015356,-0.13762,0.13667,0.1436,0.056428,0.17208,-0.025997,0.05584,-0.016387,0.16089,-0.038498,-0.056136,0.19713,-0.382,-0.0095469,0.10128
32,0.39154,0.47271,0.56784,0.37989,0.41924,0.49431,0.39166,0.43375,0.51723,0.4302,0.4754,0.37197,0.50619,0.4904,0.45699,0.41985,0.32942,0.32591,0.34549,0.3024,0.47521,0.51276,0.42321,0.28522,0.43674,0.25291,0.22473,0.37357,0.188,0.59317,0.30131,0.50342,1,0.35367,0.24713,0.39181,0.29343,0.18264,0.42045,0.16965,0.23462,0.090298,0.15052,-0.02205,0.1779,0.094546,0.1646,-0.011752,-0.090562,0.098527,0.26483,-0.070415,0.063952,0.18107,-0.13409,-0.097988,0.28997,-0.040336,-0.011935,0.0229,-0.2632,-0.11946,0.15673,-0.16061,-0.0045365,-0.04874,0.12969,0.10775,0.14133,0.0072407,-0.21176,0.22943,0.069193,-0.099337,-0.075704,-0.072398,-0.26119,-0.10067,-0.25373,0.045767,-0.34244,0.063587,-0.32182,-0.059854,0.24946,0.21389,0.11635,-0.063478,0.040852,-0.038676,-0.030891,-0.14755,0.122,-0.37941,0.28933,0.065196,-0.08659,-0.090491,-0.025931,0.22569,-0.12869,-0.18284,0.064431,-0.09438,-0.041243,0.11719,0.01808,-0.01684,-0.010443,0.022944,0.011326,-0.014917,-0.027726,0.020994,-0.086458,-0.087742
33,0.62081,0.64548,0.56673,0.61732,0.59083,0.62384,0.63901,0.62925,0.58784,0.57117,0.54706,0.56622,0.69268,0.61362,0.53257,0.57889,0.54892,0.52471,0.47832,0.62507,0.51545,0.56576,0.5248,0.58492,0.4771,0.36291,0.55858,0.61966,0.27463,0.67368,0.48531,0.47742,0.35367,1,0.38756,0.49495,0.42154,0.27882,0.27517,0.26653,0.11922,0.14172,0.33818,-0.15108,0.21918,0.25027,-0.11592,-0.077531,-0.072263,-0.036268,0.14228,-0.2422,0.1312,0.21641,-0.079204,0.016037,0.0039225,0.12175,-0.10429,-0.10016,0.034335,-0.19135,0.095597,-0.40683,-0.27519,-0.075515,-0.17319,-0.057594,-0.20082,-0.1184,-0.25475,0.0016078,-0.065654,-0.20527,-0.41934,0.045998,-0.18229,0.036624,-0.25837,0.018981,0.12031,-0.026865,-0.21079,0.08904,0.032839,-0.28783,0.061536,-0.072189,0.12952,-0.077275,-0.049564,-0.0098074,0.039574,-0.039263,0.33214,0.12743,0.061306,-0.18145,0.071839,0.13644,0.11193,-0.050069,0.15454,-0.034356,0.07641,0.047851,-0.14737,-0.043887,-0.10726,0.10825,0.16512,0.29829,0.056802,-0.34325,0.0011846,0.13606
34,0.52851,0.63201,0.45369,0.49177,0.5311,0.5506,0.51568,0.58092,0.57847,0.6154,0.44045,0.59067,0.55037,0.51379,0.53593,0.53585,0.53965,0.43872,0.42227,0.54097,0.56742,0.52041,0.48451,0.54978,0.47202,0.34573,0.5286,0.48454,0.1817,0.33125,0.56568,0.45075,0.24713,0.38756,1,0.27052,0.27448,0.19956,0.37826,0.31574,0.15701,0.33225,0.46695,-0.056523,0.14039,0.27319,0.32195,0.036204,0.044798,0.25297,-0.18125,0.019497,-8.5702e-05,-0.13568,-0.053911,-0.16992,-0.031036,-0.05354,-0.056614,0.13168,-0.2219,-0.059381,0.10702,-0.14489,0.058058,-0.087349,-0.10651,-0.11406,0.0098056,-0.038873,-0.20361,-0.034306,-0.12673,-0.18319,-0.18039,-0.084622,-0.17147,-0.16016,-0.37141,-0.030605,0.0929,-0.048658,-0.040726,-0.11339,0.19077,-0.0091543,-0.0037803,0.050991,0.36899,-0.066992,-0.1894,0.1089,-0.1237,-0.18872,0.31635,0.02129,-0.25217,-0.45882,-0.32189,0.27661,0.16762,-0.0013301,0.15134,-0.073697,-0.15948,-0.11532,-0.06427,-0.21698,0.030668,0.22,0.14042,-0.10111,-0.025703,-0.29875,0.077168,-0.057732
35,0.56096,0.53537,0.55608,0.60261,0.61147,0.52352,0.56103,0.42831,0.55873,0.55859,0.624,0.57579,0.56891,0.53727,0.44083,0.54652,0.50335,0.42871,0.40918,0.52035,0.52061,0.51743,0.4816,0.50322,0.4522,0.47006,0.35566,0.53597,0.12431,0.47945,0.61469,0.52014,0.39181,0.49495,0.27052,1,0.45113,0.03617,0.20782,0.22015,0.10815,0.11318,0.22435,-0.029489,0.21433,0.13254,0.0023256,0.11052,0.18031,-0.12386,0.27081,0.072775,0.07413,0.13342,0.068424,0.060957,0.37502,0.15505,-0.26172,-0.29599,0.00042225,-0.088584,-0.16221,-0.34557,0.065931,-0.058071,-0.11115,-0.15082,-0.078254,0.1889,0.01626,0.073759,-0.087873,-0.16217,-0.14573,-0.14321,-0.37247,0.0083553,-0.19025,0.17986,0.14204,0.019315,-0.2009,0.23942,0.099646,-0.088377,0.15861,-0.018039,0.074309,0.050857,0.10264,0.010896,0.023041,-0.19241,0.13499,0.28323,0.12726,-0.16538,-0.22033,-0.030825,0.080272,-0.20393,0.1729,0.069034,-0.18289,-0.10181,0.037247,-0.022232,-0.072482,-0.074001,0.15738,0.1732,0.062857,-0.22353,-0.065106,0.034911
36,0.52721,0.49897,0.55361,0.50807,0.55691,0.53856,0.59529,0.52512,0.49489,0.56672,0.57642,0.56675,0.48581,0.64601,0.55692,0.44925,0.43153,0.52811,0.40375,0.52707,0.40985,0.57128,0.42706,0.56261,0.48232,0.48429,0.39441,0.4476,0.28727,0.59114,0.52524,0.50558,0.29343,0.42154,0.27448,0.45113,1,-0.02354,0.39857,0.38718,0.13971,0.094118,0.067909,-0.046827,0.14463,0.07557,0.041572,0.0031334,0.11088,0.17565,0.058687,0.07214,0.12529,-0.080767,-0.052767,0.01097,0.28783,0.1557,-0.23426,-0.1938,-0.14841,-0.058707,0.17504,-0.19493,0.060881,-0.057894,-0.083769,-0.046868,-0.29622,-0.16548,-0.16368,0.16834,-0.21762,-0.15922,-0.27447,-0.069309,-0.27484,-0.019359,-0.1282,0.10917,-0.018743,4.573e-05,-0.34188,-0.083134,0.052268,0.041639,-0.018336,-0.056034,0.039246,-0.025164,0.17525,0.18103,-0.1597,0.020429,0.17687,0.10125,-0.16329,-0.14118,-0.21282,0.028589,0.30099,0.0072666,-0.034159,0.10945,-0.027126,0.40229,0.0054705,-0.083166,-0.17327,0.08846,0.10171,0.10301,0.015303,-0.17983,-0.031078,-0.057343
37,0.22767,0.21677,0.068026,0.1774,0.24055,0.19225,0.15954,0.24047,0.16733,0.24937,0.16791,0.089939,0.19427,0.14323,0.18776,0.19326,0.27872,0.35537,0.042087,0.084187,0.17942,0.13554,0.21713,0.23344,0.16282,0.11015,0.2276,0.27482,0.16984,0.37685,0.19396,0.14922,0.18264,0.27882,0.19956,0.03617,-0.02354,1,0.27111,-0.0098141,0.0079258,0.076467,0.065797,0.14486,0.32399,0.30363,0.19524,0.13014,-0.076662,0.10166,-0.16481,-0.35406,0.12138,0.20894,-0.097179,0.092637,0.0031924,0.0043698,0.24861,0.062533,-0.18062,0.021124,0.075684,-0.013709,-0.050693,-0.29329,-0.21797,-0.052062,0.060135,-0.13298,0.035523,-0.16872,0.067433,-0.12283,-0.1001,0.3594,0.10603,0.19697,-0.12214,-0.057829,0.14814,-0.055287,-0.16179,-0.085907,0.11779,0.043955,-0.13849,-0.034119,0.26163,-0.20864,-0.35788,-0.11389,-0.31371,-0.18334,0.29673,-0.25673,-0.13103,0.0060459,0.038978,0.2198,0.15177,-0.20502,0.084281,0.12129,0.21738,0.062076,-0.19316,-0.10444,-0.2437,0.13639,-0.17269,-0.18408,-0.0072304,-0.19414,-0.052659,-0.083507
38,0.31893,0.37075,0.40805,0.33809,0.41962,0.44312,0.35094,0.33915,0.39572,0.29624,0.42378,0.36622,0.392,0.46612,0.45827,0.465,0.4282,0.37355,0.19954,0.38058,0.38014,0.44244,0.44091,0.43478,0.32467,0.22671,0.33784,0.44012,0.21773,0.47968,0.29679,0.30343,0.42045,0.27517,0.37826,0.20782,0.39857,0.27111,1,0.20995,0.22912,0.014606,0.010827,0.11282,0.21611,0.26058,0.1394,0.119,0.097396,0.33783,0.097176,-0.23587,-0.092033,-0.054787,-0.08999,-0.30487,0.060231,0.07089,0.13484,0.066833,-0.15672,-0.33153,0.16168,-0.19321,0.088316,0.0078066,-0.097408,0.009617,0.043046,0.13336,-0.15578,0.30042,-0.016063,-0.11903,-0.037133,-0.06853,-0.20267,-0.077904,-0.052574,0.024808,-0.15482,-0.055782,-0.067046,0.123,0.30783,0.14629,-0.20227,-0.26398,0.17665,0.071058,-0.085232,0.045869,-0.24066,-0.44209,0.26269,0.091818,-0.20896,-0.30036,0.018845,0.38669,0.02105,0.032946,0.024092,0.15428,-0.18021,0.053273,-0.10565,0.056966,-0.28842,0.039326,-0.0048131,-0.051589,0.15387,0.053321,-0.13993,-0.025513
39,0.36375,0.45813,0.34261,0.32222,0.40128,0.37976,0.39937,0.3826,0.35336,0.37099,0.39732,0.38683,0.37508,0.38847,0.44484,0.34285,0.24774,0.28432,0.34085,0.36432,0.32687,0.38934,0.33316,0.3647,0.35133,0.31226,0.32318,0.24812,0.28978,0.21366,0.449,0.34649,0.16965,0.26653,0.31574,0.22015,0.38718,-0.0098141,0.20995,1,0.15313,0.24933,0.19994,0.41726,-0.022909,0.38392,0.061672,0.075299,0.2062,0.13948,0.058815,0.066618,0.2874,0.16377,-0.28021,-0.09782,0.00035562,0.19653,-0.080076,-0.083052,-0.1938,-0.35298,0.2126,-0.098304,0.017611,0.067769,0.21971,0.20359,-0.29559,0.051727,-0.10258,0.13964,-0.25433,-0.25738,-0.21662,-0.1206,-0.17686,0.079437,-0.31751,-0.07382,0.12345,0.037253,-0.095073,0.026174,0.10445,-0.026782,0.0095839,-0.26939,-0.19685,0.097826,0.013461,0.27882,-0.0062698,-0.090129,0.15073,0.17151,-0.22166,-0.27178,-0.051079,-0.064403,-0.13173,0.1842,-0.030388,0.08335,-0.10467,-0.055227,0.024025,-0.207,-0.20541,-0.015446,0.0050425,0.1005,0.21609,-0.12409,0.1005,-0.0044844
