1.2929e-10 1.0956e-10 1.0533e-10 1.0525e-10 9.4033e-11 1.0347e-10 1.2313e-10 7.9108e-11 1.0396e-10 6.7565e-11 1.1071e-10 9.7082e-11 9.7103e-11 7.988e-11 7.6131e-11 7.6919e-11 7.9937e-11 8.8323e-11 5.5255e-11 9.3072e-11 5.3775e-11 7.611e-11 6.2687e-11 6.2592e-11 6.9485e-11 5.4555e-11 4.8933e-11 6.1724e-11 3.6099e-11 3.7019e-11 5.4256e-11 4.6774e-11 2.3438e-11 4.2679e-11 2.6871e-11 3.1077e-11 3.1213e-11 1.2012e-11 1.3683e-11 1.8863e-11 9.7434e-12 1.2673e-11 1.9393e-11 -3.6928e-12 1.5101e-11 2.3775e-11 1.7143e-12 1.4239e-12 4.7658e-12 4.0186e-12 7.4575e-12 -1.713e-12 1.9171e-12 3.4082e-12 -4.8382e-12 -4.3322e-12 5.1269e-12 2.4428e-12 -6.0465e-12 -1.5743e-12 1.6127e-12 -1.0589e-11 -4.3711e-12 -5.7976e-12 7.886e-13 -7.7719e-12 -1.9179e-12 -1.7705e-12 -7.4269e-12 -8.7707e-12 -6.0055e-12 -1.0701e-12 -8.1105e-12 -7.5732e-12 -4.8868e-12 -4.9649e-12 -1.1379e-11 -5.9913e-13 -8.3006e-12 4.558e-13 5.0089e-12 -1.0625e-12 -5.0074e-12 -1.6672e-12 7.902e-14 -4.3236e-12 2.2632e-12 -1.2797e-13 2.1709e-12 -3.6608e-12 -2.1517e-12 -4.0738e-13 -5.8327e-13 -5.7257e-12 3.206e-12 4.5303e-12 -1.2524e-12 -6.0111e-12 -3.0523e-12 2.2917e-12 4.507e-12 2.0851e-12 2.8073e-12 -6.8251e-13 4.3744e-13 9.8987e-13 -2.2421e-13 -5.0761e-13 -7.063e-13 8.2115e-13 4.0233e-13 2.0686e-13 -3.3629e-14 -3.903e-13 -4.2602e-14 1.5852e-13
1.0956e-10 1.2845e-10 1.0358e-10 1.0334e-10 9.8907e-11 9.7708e-11 1.2264e-10 7.8857e-11 1.0329e-10 7.0343e-11 1.038e-10 9.231e-11 9.5067e-11 9.1581e-11 7.7809e-11 7.7367e-11 7.7647e-11 8.1447e-11 5.8775e-11 9.3016e-11 5.6701e-11 7.4309e-11 6.8341e-11 6.2334e-11 6.9255e-11 5.4701e-11 5.5298e-11 5.5711e-11 2.8254e-11 3.913e-11 4.9389e-11 5.4873e-11 2.8206e-11 4.4231e-11 3.203e-11 2.9564e-11 2.9446e-11 1.14e-11 1.5855e-11 2.3681e-11 1.0809e-11 1.9455e-11 1.9617e-11 9.909e-13 8.5254e-12 2.3539e-11 -2.2339e-12 -1.2757e-12 5.8959e-12 3.5581e-12 4.0243e-12 -4.6645e-13 4.0696e-12 -1.6752e-12 -9.4658e-12 -6.1882e-12 4.7506e-12 -1.0748e-14 -3.7295e-12 -9.52e-13 -4.5896e-12 -1.0527e-11 -1.0528e-12 -4.6599e-12 -2.6035e-12 -6.1542e-12 -7.0117e-13 1.8271e-12 -7.0585e-12 -8.1058e-12 -9.9999e-12 3.7611e-12 -6.4937e-12 -1.0328e-11 -8.2392e-12 -6.7672e-12 -1.1219e-11 -9.2117e-13 -1.1289e-11 2.1702e-12 2.655e-12 -1.6419e-12 -6.635e-12 -1.3167e-12 4.5783e-12 -4.1449e-12 2.8033e-12 -8.552e-13 2.4035e-12 -2.9652e-12 -4.4103e-12 -3.9098e-13 1.831e-12 -7.6341e-12 3.4725e-12 3.7338e-12 -1.2301e-12 -6.33e-12 -5.5084e-12 3.4562e-12 1.2235e-13 1.025e-12 2.9609e-12 -1.5843e-13 5.0517e-13 6.3347e-13 4.8253e-14 -1.2707e-14 -4.9288e-13 7.5694e-13 2.5204e-13 1.8557e-13 1.4578e-13 -4.6348e-13 1.8178e-14 1.4055e-13
1.0533e-10 1.0358e-10 1.2136e-10 9.7558e-11 8.7005e-11 9.4554e-11 1.1299e-10 7.0267e-11 9.1914e-11 6.3323e-11 1.0502e-10 8.3123e-11 8.7039e-11 8.6005e-11 6.7099e-11 6.3446e-11 7.3764e-11 7.5184e-11 4.8352e-11 8.6185e-11 5.1509e-11 7.6323e-11 5.9848e-11 5.6607e-11 6.9952e-11 4.8811e-11 4.2121e-11 5.4939e-11 3.2401e-11 3.4893e-11 4.5875e-11 4.609e-11 3.2934e-11 3.7748e-11 2.2348e-11 2.9848e-11 3.1755e-11 3.4773e-12 1.6962e-11 1.7213e-11 1.386e-11 1.5677e-11 1.5827e-11 -7.6428e-12 1.5439e-11 2.1373e-11 -3.9959e-13 -3.5172e-12 2.8917e-12 6.909e-12 9.7357e-12 1.4201e-12 1.4032e-12 -1.3688e-12 -4.8284e-12 -1.0454e-11 8.9489e-12 3.2234e-12 3.5013e-13 -4.2177e-12 -1.3109e-13 -1.0359e-11 -4.2652e-12 -7.2469e-12 -3.1856e-13 -6.5335e-12 3.4224e-12 -9.5238e-16 -4.6502e-12 -5.7694e-12 -8.4855e-12 3.2967e-12 -5.1253e-12 -4.0397e-12 -4.9289e-12 -4.9793e-12 -1.4901e-11 -2.1846e-12 -8.8555e-12 2.1862e-12 1.586e-12 -2.0602e-12 -5.2283e-12 -3.0986e-13 5.3999e-12 8.584e-13 2.6926e-12 2.9021e-13 1.1868e-12 -2.6894e-12 1.0233e-12 -3.1473e-12 3.3297e-12 -6.0806e-12 3.1345e-12 5.0588e-12 6.9799e-13 -5.1954e-12 -3.199e-12 2.9185e-12 6.6992e-13 -3.5415e-13 1.3808e-12 -3.015e-13 -6.913e-13 7.4811e-14 1.4942e-12 4.3094e-13 -4.9305e-13 6.6464e-13 3.1727e-13 2.7406e-13 -2.5926e-14 -2.82e-13 1.3077e-14 1.425e-13
1.0525e-10 1.0334e-10 9.7558e-11 1.1368e-10 8.6503e-11 9.0752e-11 1.1606e-10 6.9101e-11 9.0092e-11 5.7516e-11 9.8934e-11 8.2716e-11 8.5013e-11 7.4962e-11 6.8708e-11 6.4873e-11 6.687e-11 7.5601e-11 4.9745e-11 8.5178e-11 4.8856e-11 6.5665e-11 6.0107e-11 5.8954e-11 6.2799e-11 5.1292e-11 4.504e-11 5.1676e-11 2.9961e-11 3.549e-11 4.7304e-11 4.4688e-11 2.1324e-11 3.9795e-11 2.3445e-11 3.1305e-11 2.8206e-11 8.7767e-12 1.3602e-11 1.5669e-11 1.4058e-11 1.8409e-11 2.0083e-11 -6.3857e-12 1.1245e-11 2.1742e-11 -1.0954e-12 -3.4915e-12 5.2352e-12 3.3607e-12 7.4107e-12 2.3634e-12 -1.5871e-12 9.2244e-13 -7.2886e-12 -8.7261e-12 5.7206e-12 3.0134e-12 -8.9427e-12 -2.5056e-12 1.9409e-12 -1.2299e-11 -2.0616e-12 -2.5782e-12 -1.753e-12 -1.0697e-11 7.6179e-14 -9.9048e-14 -9.1074e-12 -6.6095e-12 -8.2783e-12 3.028e-12 -6.9112e-12 -7.7898e-12 -6.1169e-12 -2.0171e-12 -1.1138e-11 -2.2514e-12 -5.9663e-12 4.4105e-12 2.4053e-12 -1.7405e-12 -5.6731e-12 8.072e-13 3.1366e-12 -6.3623e-12 4.7554e-12 -7.0392e-13 3.556e-12 -4.3918e-12 -1.8623e-12 -2.4826e-12 1.3299e-12 -5.2832e-12 4.4458e-12 3.9251e-12 4.6227e-13 -5.9561e-12 -6.0374e-12 2.0427e-12 2.8637e-13 -3.4374e-13 4.0028e-12 -1.073e-12 -1.214e-13 9.3982e-13 7.1391e-14 1.1798e-13 -6.3155e-13 7.5883e-13 1.7698e-13 2.9059e-13 1.1445e-14 -3.7554e-13 7.568e-14 1.1708e-13
9.4033e-11 9.8907e-11 8.7005e-11 8.6503e-11 9.2582e-11 8.3458e-11 1.0478e-10 6.3197e-11 8.5107e-11 5.7175e-11 9.3338e-11 8.0108e-11 7.8451e-11 7.4595e-11 6.7729e-11 6.4035e-11 6.7043e-11 6.8439e-11 4.89e-11 7.9841e-11 4.2377e-11 6.6919e-11 5.549e-11 5.6684e-11 5.8215e-11 4.2379e-11 4.2104e-11 4.7425e-11 2.7773e-11 3.2807e-11 4.5677e-11 4.6857e-11 2.1238e-11 3.4372e-11 2.285e-11 2.8666e-11 2.7901e-11 1.074e-11 1.5235e-11 1.7609e-11 4.6863e-12 1.2478e-11 1.8719e-11 4.5215e-13 1.1046e-11 1.7648e-11 -7.4472e-13 3.9282e-12 5.1327e-12 6.1963e-12 5.3091e-12 6.2178e-13 4.3854e-12 -2.6904e-12 -7.8513e-12 -6.3569e-12 2.3528e-12 1.4787e-12 -2.796e-12 -4.2364e-12 -3.9623e-12 -6.9546e-12 -4.9973e-12 -4.564e-12 2.8718e-13 -6.3076e-12 -4.2482e-12 -5.1857e-13 -7.9465e-12 -5.4259e-12 -6.6321e-12 1.2147e-12 -5.7151e-12 -6.4763e-12 -4.3028e-12 -5.9961e-12 -1.1377e-11 1.5535e-12 -7.4599e-12 3.0329e-12 2.3599e-12 -1.2933e-12 -5.3407e-12 -9.8958e-13 3.5181e-12 -2.9302e-12 3.5223e-13 -1.8016e-12 2.3906e-12 -2.5257e-12 -2.7293e-12 1.2438e-12 2.4493e-12 -6.9638e-12 2.683e-12 1.2208e-12 -4.7861e-13 -5.0293e-12 -4.5564e-12 3.3302e-12 1.8562e-12 -4.4241e-13 3.2036e-12 1.4787e-15 1.9022e-13 6.6816e-13 6.9007e-14 3.2335e-13 -4.5958e-13 6.8738e-13 1.9173e-13 9.1411e-14 9.4684e-14 -4.4568e-13 -1.4804e-14 6.1414e-14
1.0347e-10 9.7708e-11 9.4554e-11 9.0752e-11 8.3458e-11 1.0874e-10 1.0866e-10 7.6799e-11 9.4536e-11 6.051e-11 9.7277e-11 8.3971e-11 8.5024e-11 7.6364e-11 7.2726e-11 7.3813e-11 7.3849e-11 7.6625e-11 4.6017e-11 8.6426e-11 5.1786e-11 7.0787e-11 5.6706e-11 5.9695e-11 5.67e-11 4.7603e-11 4.7152e-11 6.0742e-11 3.3249e-11 3.9308e-11 4.4776e-11 4.5387e-11 2.7138e-11 3.9332e-11 2.5674e-11 2.6599e-11 2.9242e-11 9.3024e-12 1.7436e-11 1.8061e-11 7.5413e-12 1.1646e-11 1.4081e-11 -3.9614e-12 1.2238e-11 2.0472e-11 6.1672e-12 -5.9259e-13 1.6351e-12 4.6286e-12 9.1842e-12 -3.9087e-12 2.1056e-12 4.6081e-12 -6.1448e-12 -4.7679e-12 -4.7896e-13 -8.0027e-13 -3.0433e-12 -2.8565e-12 -5.5318e-12 -9.6703e-12 -9.6329e-14 -5.9099e-12 -3.3457e-12 -7.0952e-12 5.1275e-13 9.4524e-14 -2.3661e-12 -3.7396e-12 -8.1115e-12 2.9847e-12 -4.1369e-12 -8.9398e-12 -5.3926e-12 -5.4508e-12 -1.1043e-11 -2.9356e-12 -6.6889e-12 -3.5751e-13 9.9022e-13 -1.5308e-12 -4.6811e-12 -3.5566e-13 4.1405e-12 -6.8056e-13 2.2e-12 -1.0322e-12 3.4574e-12 -2.9243e-12 -3.1311e-12 -6.2212e-13 1.2552e-12 -7.0029e-12 3.458e-12 2.5295e-12 -1.1984e-12 -6.0374e-12 -3.0338e-12 4.1066e-12 1.9769e-12 7.4483e-13 2.3157e-12 -4.8434e-13 4.9209e-13 1.0292e-12 2.8272e-13 -8.8152e-14 -5.3451e-13 6.0372e-13 1.627e-13 2.2827e-13 2.2947e-14 -3.759e-13 8.1962e-14 4.3054e-14
1.2313e-10 1.2264e-10 1.1299e-10 1.1606e-10 1.0478e-10 1.0866e-10 1.4752e-10 8.3694e-11 1.1407e-10 7.158e-11 1.1577e-10 1.0282e-10 9.4646e-11 9.9425e-11 8.2435e-11 7.5012e-11 8.3839e-11 9.5529e-11 6.2064e-11 9.7803e-11 5.8106e-11 8.2685e-11 6.6299e-11 7.2359e-11 7.6324e-11 5.9175e-11 5.1457e-11 6.1921e-11 3.6604e-11 4.2948e-11 5.2865e-11 5.3313e-11 2.5045e-11 4.6926e-11 2.8007e-11 3.3201e-11 3.7647e-11 8.9912e-12 1.6084e-11 2.2123e-11 1.0649e-11 1.8854e-11 1.8144e-11 -2.8999e-12 1.0925e-11 2.2106e-11 -3.0295e-12 1.8338e-12 2.997e-12 3.856e-12 6.5953e-12 -8.8708e-13 8.9374e-13 2.4702e-12 -1.2201e-11 -6.139e-12 1.8225e-12 2.155e-12 -8.2352e-12 -2.2539e-12 -1.7827e-13 -1.2747e-11 -4.4439e-12 -6.2463e-12 -2.2641e-12 -1.1781e-11 -1.197e-12 -5.1667e-14 -1.0432e-11 -9.1715e-12 -8.2825e-12 3.4664e-13 -1.1248e-11 -1.215e-11 -6.6978e-12 -5.9554e-12 -1.2413e-11 1.1085e-14 -8.6751e-12 2.4589e-12 3.8614e-12 -1.6699e-12 -7.8602e-12 -2.1107e-12 3.5255e-12 -5.3829e-12 1.7632e-12 -1.0289e-12 3.8836e-12 -3.4387e-12 -2.2372e-12 5.53e-13 -1.3301e-13 -6.0763e-12 3.2318e-12 4.7762e-12 -5.3767e-13 -6.3736e-12 -5.5686e-12 3.5098e-12 1.7429e-12 4.0637e-13 3.9003e-12 -2.5006e-14 3.2003e-13 9.0246e-13 -8.2128e-14 4.9721e-13 -3.3021e-13 9.4939e-13 4.2004e-13 3.505e-13 6.9546e-14 -4.9266e-13 -3.7102e-14 9.9062e-14
7.9108e-11 7.8857e-11 7.0267e-11 6.9101e-11 6.3197e-11 7.6799e-11 8.3694e-11 6.7463e-11 7.4154e-11 4.9621e-11 7.4044e-11 6.2565e-11 6.6613e-11 6.0269e-11 5.7193e-11 5.1298e-11 5.2479e-11 6.0152e-11 3.5378e-11 6.5353e-11 4.1829e-11 4.9998e-11 4.4222e-11 4.2602e-11 4.5174e-11 3.6599e-11 3.9559e-11 4.0093e-11 2.4635e-11 3.132e-11 3.4806e-11 3.4149e-11 1.8756e-11 3.1249e-11 2.1335e-11 1.7141e-11 2.2458e-11 9.1648e-12 1.0511e-11 1.4332e-11 6.1206e-12 1.0057e-11 1.5016e-11 5.1865e-13 1.1025e-11 1.2672e-11 4.041e-12 1.2953e-12 -9.4394e-13 6.1922e-12 3.778e-12 -1.6197e-12 3.4716e-12 8.9665e-13 -5.6001e-12 -3.7357e-13 -3.1206e-13 1.902e-14 -3.0702e-12 -1.3775e-12 -2.7821e-12 -7.1538e-12 -2.5181e-13 -2.9001e-12 -5.762e-13 -6.333e-12 -1.1668e-12 -3.4326e-12 -2.6428e-12 -4.8801e-12 -7.417e-12 3.1005e-12 -5.1526e-12 -6.6038e-12 -4.9968e-12 -2.7689e-12 -8.5426e-12 -1.1534e-12 -7.1887e-12 -3.4918e-13 1.5902e-12 -3.3078e-12 -4.9825e-12 -2.0842e-12 1.6467e-12 -1.5596e-12 1.7011e-12 -4.4576e-13 1.8792e-12 -1.5933e-12 -3.4604e-12 8.2027e-13 8.4867e-14 -4.0438e-12 3.0546e-12 6.0571e-13 -7.4179e-13 -3.7833e-12 -3.3109e-12 2.3586e-12 1.2e-12 1.964e-13 1.7702e-12 -1.0262e-12 5.1622e-13 7.5446e-13 1.9232e-13 2.3309e-14 -4.0699e-13 7.6413e-13 1.5355e-13 2.1458e-13 2.9154e-14 -2.7288e-13 3.4729e-14 5.5489e-14
1.0396e-10 1.0329e-10 9.1914e-11 9.0092e-11 8.5107e-11 9.4536e-11 1.1407e-10 7.4154e-11 1.1552e-10 6.2592e-11 9.4969e-11 8.607e-11 8.8033e-11 8.4259e-11 7.2046e-11 6.9113e-11 7.5102e-11 7.9545e-11 5.3099e-11 7.5303e-11 5.6989e-11 6.8965e-11 5.7566e-11 5.9955e-11 5.8608e-11 4.8315e-11 4.4119e-11 5.4995e-11 2.5844e-11 3.9576e-11 4.8658e-11 4.5939e-11 2.9268e-11 3.82e-11 2.78e-11 2.9259e-11 2.7696e-11 8.3451e-12 1.6049e-11 1.7321e-11 9.563e-12 1.2077e-11 1.8099e-11 -1.5138e-13 9.502e-12 1.9152e-11 2.296e-12 5.6126e-12 7.5192e-13 5.6478e-12 7.7081e-12 -2.8549e-14 4.4037e-12 5.9919e-12 -1.1259e-11 -5.5028e-12 6.528e-12 5.4075e-13 -6.1155e-12 -2.8118e-12 -4.3123e-12 -1.1403e-11 -3.2884e-12 -5.4792e-12 -2.1046e-12 -7.3312e-12 1.0486e-12 -2.2748e-12 -1.9756e-12 -5.7182e-12 -9.4313e-12 2.3927e-12 -5.3817e-12 -8.4184e-12 -2.4444e-12 -1.0057e-11 -1.043e-11 1.0393e-12 -8.9611e-12 2.0307e-12 8.1259e-13 -2.0217e-12 -6.8059e-12 -2.9902e-12 5.5714e-13 -2.0406e-12 2.4941e-12 -4.4363e-13 2.1429e-12 5.5764e-13 -2.8719e-12 -1.3732e-16 -1.3304e-12 -5.472e-12 2.7398e-12 3.184e-12 -2.2619e-12 -7.0352e-12 -4.1629e-12 2.543e-12 6.0258e-13 1.5135e-12 2.9146e-12 -1.7548e-13 3.7734e-14 9.0102e-13 -7.4012e-13 2.0665e-13 -5.2832e-13 9.1895e-13 2.4702e-13 1.7437e-13 4.1651e-14 -3.716e-13 -1.2501e-13 1.1202e-13
6.7565e-11 7.0343e-11 6.3323e-11 5.7516e-11 5.7175e-11 6.051e-11 7.158e-11 4.9621e-11 6.2592e-11 5.4237e-11 6.538e-11 5.6619e-11 5.692e-11 5.7346e-11 4.6924e-11 4.6487e-11 4.9398e-11 4.9789e-11 3.2239e-11 6.0331e-11 3.5561e-11 4.9135e-11 3.9898e-11 3.6277e-11 4.1856e-11 3.4527e-11 3.072e-11 3.4528e-11 1.6487e-11 2.4521e-11 3.4571e-11 2.5887e-11 1.668e-11 2.5432e-11 2.0265e-11 2.0044e-11 2.1732e-11 8.5215e-12 8.2323e-12 1.2461e-11 9.2129e-12 1.1708e-11 1.1444e-11 6.1947e-13 1.1251e-11 1.2178e-11 4.1349e-12 4.2681e-12 5.5967e-12 5.1462e-14 6.6451e-13 -1.1907e-13 4.8349e-12 -1.5807e-13 -1.0432e-12 8.3348e-13 5.2563e-12 -2.0238e-12 -9.6089e-13 -2.0627e-12 -1.0677e-12 -3.5884e-12 -3.0718e-12 -3.2418e-12 -1.5194e-12 -6.6438e-12 -7.6998e-13 -3.1571e-12 -2.8061e-12 -3.7732e-12 -4.7049e-12 9.0321e-13 -3.6257e-12 -5.1146e-12 -6.8192e-12 -2.4503e-12 -1.0497e-11 2.2073e-13 -5.3172e-12 -2.7668e-13 2.7179e-12 -2.4136e-12 -6.5834e-12 -8.3413e-13 8.6191e-13 1.2893e-12 1.6178e-12 1.8714e-12 2.7952e-12 -1.6858e-12 -2.1743e-12 -1.5822e-13 -3.3091e-13 -2.256e-12 2.2594e-12 7.3371e-13 -2.2324e-13 -2.3844e-12 -3.0899e-12 1.1511e-12 2.7117e-12 5.6722e-13 5.7344e-13 -7.7487e-13 -2.5451e-13 5.746e-13 3.081e-13 -2.5936e-13 -4.0881e-13 6.175e-13 1.2386e-13 1.0915e-13 2.2776e-14 -2.428e-13 1.7005e-15 2.7638e-14
1.1071e-10 1.038e-10 1.0502e-10 9.8934e-11 9.3338e-11 9.7277e-11 1.1577e-10 7.4044e-11 9.4969e-11 6.538e-11 1.2588e-10 8.2591e-11 9.1389e-11 7.825e-11 6.8364e-11 7.0761e-11 7.1976e-11 7.7476e-11 4.8131e-11 8.8914e-11 5.0296e-11 7.5028e-11 5.7067e-11 5.8317e-11 6.6638e-11 4.9641e-11 4.2556e-11 5.2395e-11 2.7995e-11 3.6854e-11 5.1671e-11 4.9488e-11 2.8081e-11 3.7109e-11 2.2096e-11 3.4111e-11 3.3674e-11 8.7414e-12 1.7941e-11 2.033e-11 1.4182e-11 1.598e-11 1.5562e-11 7.9118e-13 1.7067e-11 2.2699e-11 3.1602e-12 6.8347e-12 3.0816e-12 3.1021e-12 7.9418e-12 2.0084e-13 3.4432e-12 2.4009e-12 -8.6571e-12 -6.4502e-12 4.3569e-12 -1.8178e-12 -2.5087e-12 -3.0979e-12 -3.2694e-12 -1.1091e-11 -3.5089e-12 -5.0781e-12 2.0838e-12 -7.6303e-12 -1.559e-12 -2.5167e-12 -5.3324e-12 -3.0672e-12 -7.4755e-12 2.893e-12 -5.803e-12 -6.7608e-12 -7.981e-12 -6.0825e-12 -1.388e-11 6.7913e-13 -8.5542e-12 3.9954e-12 9.4966e-13 -1.7532e-13 -7.5514e-12 8.6013e-14 3.8038e-12 -9.2349e-13 1.1967e-12 -3.5641e-12 4.4446e-13 -8.2012e-13 -5.7466e-13 -3.8624e-13 3.3817e-12 -6.6187e-12 3.6602e-12 3.296e-12 7.4809e-13 -5.0737e-12 -4.0045e-12 2.2403e-12 1.2176e-12 9.8212e-13 1.5185e-12 -9.4883e-14 -3.2909e-13 8.4567e-13 3.7302e-13 3.541e-13 -1.0065e-12 9.062e-13 4.2914e-13 1.0052e-13 1.7899e-14 -3.3858e-13 -3.2366e-15 1.6027e-13
9.7082e-11 9.231e-11 8.3123e-11 8.2716e-11 8.0108e-11 8.3971e-11 1.0282e-10 6.2565e-11 8.607e-11 5.6619e-11 8.2591e-11 9.8087e-11 7.466e-11 7.7933e-11 6.3476e-11 6.0024e-11 6.9471e-11 6.858e-11 5.0251e-11 7.6345e-11 4.2587e-11 6.494e-11 5.2044e-11 5.3448e-11 5.0598e-11 4.2527e-11 3.7952e-11 5.3483e-11 2.3959e-11 2.8566e-11 4.6411e-11 4.0028e-11 1.9395e-11 3.3905e-11 2.6158e-11 2.7785e-11 2.9226e-11 4.1331e-12 1.3686e-11 1.7473e-11 5.7535e-12 1.2481e-11 1.6559e-11 -2.8723e-12 4.1561e-12 1.5163e-11 -3.0954e-12 2.005e-12 7.4675e-12 4.6226e-12 7.2632e-12 1.4403e-12 1.2047e-12 1.4498e-13 -1.9644e-12 8.3815e-14 3.6056e-12 2.9295e-12 -7.7085e-12 4.5563e-13 9.9459e-13 -7.9257e-12 -3.7618e-12 -6.3992e-12 -2.312e-13 -4.1295e-12 -3.5258e-12 -9.919e-13 -4.5549e-12 -5.5175e-12 -4.9098e-12 -5.9502e-13 -5.7452e-12 -8.6612e-12 -1.8795e-12 -4.1132e-12 -8.4012e-12 -1.2025e-12 -4.6608e-12 -9.437e-13 5.0976e-12 -2.0418e-12 -4.4697e-12 -2.4014e-12 1.8667e-12 -3.5562e-12 1.3421e-12 9.6007e-13 3.8944e-12 -4.8922e-12 -2.5597e-12 2.2624e-12 -1.7294e-12 -5.1008e-12 2.1059e-12 3.5644e-12 -2.9942e-12 -4.9256e-12 -2.7961e-12 4.2295e-12 3.5626e-12 9.1287e-13 3.7951e-13 -3.7908e-13 -1.262e-13 1.0296e-12 -6.5712e-14 -6.1143e-13 -3.95e-13 5.0322e-13 2.1472e-13 1.9301e-13 -4.1519e-14 -3.2292e-13 -9.1323e-14 9.7175e-15
9.7103e-11 9.5067e-11 8.7039e-11 8.5013e-11 7.8451e-11 8.5024e-11 9.4646e-11 6.6613e-11 8.8033e-11 5.692e-11 9.1389e-11 7.466e-11 9.1347e-11 6.703e-11 6.2313e-11 6.6159e-11 6.3926e-11 6.3186e-11 4.4655e-11 7.9699e-11 4.6213e-11 6.3048e-11 5.63e-11 5.002e-11 5.5255e-11 4.2283e-11 4.1771e-11 4.9162e-11 2.6826e-11 3.6234e-11 4.5398e-11 4.2707e-11 2.547e-11 4.0027e-11 2.3521e-11 2.6493e-11 2.4176e-11 8.6157e-12 1.4137e-11 1.6349e-11 1.1852e-11 1.0991e-11 1.8664e-11 -1.2907e-12 1.3558e-11 1.9279e-11 3.0688e-12 1.969e-12 5.7363e-12 4.5628e-12 9.488e-12 -2.9032e-12 2.9317e-12 7.9276e-13 -7.6756e-12 -5.9095e-12 4.6455e-12 6.4007e-13 -2.0916e-12 -1.8212e-12 -1.0706e-12 -8.8433e-12 -1.3099e-12 -5.7731e-12 5.5925e-13 -2.6122e-12 1.1306e-12 -5.7548e-13 -6.2085e-12 -5.2657e-12 -7.981e-12 2.0056e-12 -4.2292e-12 -5.3837e-12 -8.0798e-12 -5.5967e-12 -1.0544e-11 -5.1563e-13 -8.4839e-12 1.3175e-12 2.38e-13 -2.3894e-12 -4.7474e-12 -1.4216e-12 9.2931e-13 -1.8221e-12 2.3358e-12 -3.2201e-13 1.0858e-12 -1.3521e-12 -2.139e-12 -3.366e-13 2.1336e-12 -4.6314e-12 2.9465e-12 3.3244e-12 -4.1818e-13 -5.2808e-12 -2.6473e-12 2.3113e-12 4.7792e-13 1.09e-12 9.0656e-13 -7.9895e-13 -1.7236e-13 9.3354e-13 -4.0627e-13 -3.977e-13 -6.946e-13 6.139e-13 2.0876e-13 3.6409e-14 4.7976e-14 -2.452e-13 -9.0038e-15 1.7689e-13
7.988e-11 9.1581e-11 8.6005e-11 7.4962e-11 7.4595e-11 7.6364e-11 9.9425e-11 6.0269e-11 8.4259e-11 5.7346e-11 7.825e-11 7.7933e-11 6.703e-11 8.8399e-11 5.9558e-11 5.3961e-11 6.3194e-11 6.8812e-11 4.6342e-11 6.898e-11 4.4945e-11 6.0875e-11 4.9209e-11 5.1476e-11 5.0942e-11 4.1915e-11 3.9794e-11 4.5613e-11 2.2012e-11 3.1477e-11 3.9112e-11 3.9706e-11 2.4274e-11 3.4882e-11 2.16e-11 2.4612e-11 3.1626e-11 6.2485e-12 1.6537e-11 1.6657e-11 1.154e-11 1.2825e-11 1.1411e-11 -2.1627e-13 6.6427e-12 1.207e-11 -3.5148e-12 1.1604e-12 4.5354e-12 3.2285e-12 6.1025e-12 -9.6839e-13 3.9898e-12 -2.1688e-12 -3.3835e-12 -2.1617e-12 5.6892e-12 2.7843e-12 -1.3248e-12 -1.4571e-12 -1.4679e-12 -8.5893e-12 -4.1546e-12 -6.977e-12 -3.5855e-12 -5.2917e-12 -9.9013e-13 -7.5976e-13 -4.0748e-12 -4.9883e-12 -7.5456e-12 4.1081e-12 -4.6467e-12 -9.0516e-12 -5.6255e-12 -3.3908e-12 -9.6741e-12 5.5725e-13 -6.6047e-12 -5.013e-13 1.8717e-12 -2.2556e-12 -7.1501e-12 -2.871e-12 2.0897e-12 -8.4411e-13 -4.4598e-13 -6.0574e-13 3.5139e-12 -9.8302e-13 -2.5467e-12 -8.6474e-13 -7.9756e-13 -4.8766e-12 2.1492e-12 3.1418e-12 -1.1126e-12 -2.9121e-12 -3.2558e-12 2.8538e-12 1.1259e-12 2.8867e-13 1.8678e-13 3.9182e-13 -1.5591e-14 4.3197e-13 6.635e-13 3.4074e-13 -4.2613e-13 5.0337e-13 8.7969e-14 2.6454e-13 4.615e-14 -3.3065e-13 -8.4055e-14 3.29e-14
7.6131e-11 7.7809e-11 6.7099e-11 6.8708e-11 6.7729e-11 7.2726e-11 8.2435e-11 5.7193e-11 7.2046e-11 4.6924e-11 6.8364e-11 6.3476e-11 6.2313e-11 5.9558e-11 6.7776e-11 5.5209e-11 5.0289e-11 5.7476e-11 3.974e-11 6.4628e-11 4.0154e-11 5.1303e-11 4.614e-11 4.1367e-11 4.5852e-11 3.7639e-11 3.6892e-11 3.7436e-11 2.5303e-11 2.9948e-11 3.425e-11 3.1398e-11 1.9807e-11 2.6509e-11 1.9729e-11 1.7683e-11 2.3873e-11 7.1725e-12 1.4236e-11 1.6702e-11 6.8252e-12 9.2805e-12 1.6726e-11 2.1153e-12 1.002e-11 1.5539e-11 5.1408e-12 2.2417e-12 3.4796e-12 6.0855e-12 4.8658e-12 6.0299e-13 4.6386e-12 -7.969e-14 -5.5352e-12 -1.7745e-12 2.4299e-12 3.2209e-12 -2.7654e-12 -2.0927e-12 -7.4076e-13 -9.9098e-12 -9.9543e-13 -2.6044e-12 1.3266e-12 -5.4593e-12 -1.8844e-12 1.0524e-13 -4.282e-12 -5.1737e-12 -5.5554e-12 3.3203e-12 -5.6556e-12 -6.8564e-12 -2.9079e-12 -4.3094e-12 -9.7461e-12 -7.72e-13 -4.4305e-12 1.8532e-12 9.4436e-13 -1.9204e-12 -4.6157e-12 -2.8783e-13 1.5323e-12 -1.1878e-12 3.0743e-12 -8.3131e-13 1.3537e-12 -2.1854e-12 -3.0326e-12 2.1657e-12 -1.1474e-12 -4.8904e-12 1.7334e-12 1.88e-12 -9.9984e-13 -4.5946e-12 -3.3442e-12 3.0724e-12 2.1391e-12 6.943e-13 3.0724e-12 -1.3475e-12 5.1569e-13 1.1964e-12 -8.5676e-15 1.9945e-13 -4.8865e-13 6.0714e-13 5.9628e-14 1.4263e-13 -5.9583e-15 -1.8344e-13 1.8978e-14 -2.5366e-15
7.6919e-11 7.7367e-11 6.3446e-11 6.4873e-11 6.4035e-11 7.3813e-11 7.5012e-11 5.1298e-11 6.9113e-11 4.6487e-11 7.0761e-11 6.0024e-11 6.6159e-11 5.3961e-11 5.5209e-11 6.8918e-11 5.4238e-11 5.1814e-11 3.7069e-11 6.6892e-11 3.9508e-11 5.206e-11 4.6539e-11 4.3501e-11 4.0852e-11 3.734e-11 3.9787e-11 3.8621e-11 2.2393e-11 2.8205e-11 3.3122e-11 3.3012e-11 1.835e-11 2.9056e-11 1.9891e-11 2.2106e-11 1.9419e-11 7.4446e-12 1.4566e-11 1.2981e-11 9.3998e-12 9.7432e-12 1.0348e-11 1.2199e-12 7.6985e-12 1.6435e-11 2.222e-12 1.9622e-12 6.9947e-12 -6.4899e-13 9.0162e-12 -4.2213e-12 2.2289e-12 1.759e-12 -3.2678e-12 -4.4883e-12 2.5511e-12 2.8709e-13 -3.1908e-12 -2.9195e-12 -1.917e-12 -8.4972e-12 -1.1693e-12 -1.8195e-12 -1.1519e-12 -9.6414e-13 -1.5409e-12 2.436e-12 -1.4808e-12 -2.6068e-12 -3.6511e-12 2.359e-12 -1.975e-12 -7.0286e-12 -5.9627e-12 -6.1688e-12 -8.0062e-12 -2.5449e-14 -5.8238e-12 2.5278e-12 1.354e-12 8.3306e-14 -2.1639e-12 1.2118e-12 1.572e-12 -1.9726e-13 1.9247e-12 2.6412e-13 2.0736e-12 -1.6529e-12 -2.0909e-12 3.417e-13 3.4026e-13 -5.3332e-12 2.1985e-12 2.9699e-12 -8.7711e-13 -4.9098e-12 -2.0348e-12 2.3415e-12 1.77e-12 1.3918e-12 1.5871e-12 -6.5027e-13 1.9174e-13 7.573e-13 -1.7672e-13 -4.6241e-13 -5.4929e-13 3.2714e-13 8.8406e-14 5.3734e-14 1.0749e-13 -2.3767e-13 5.363e-14 4.5603e-14
7.9937e-11 7.7647e-11 7.3764e-11 6.687e-11 6.7043e-11 7.3849e-11 8.3839e-11 5.2479e-11 7.5102e-11 4.9398e-11 7.1976e-11 6.9471e-11 6.3926e-11 6.3194e-11 5.0289e-11 5.4238e-11 7.206e-11 6.3692e-11 3.5716e-11 6.3826e-11 4.0439e-11 5.6247e-11 4.6131e-11 4.714e-11 4.207e-11 3.4662e-11 3.6047e-11 4.8415e-11 1.995e-11 2.4382e-11 3.6975e-11 3.3341e-11 1.4722e-11 2.8173e-11 2.0484e-11 2.0819e-11 1.9074e-11 1.0978e-11 1.3716e-11 9.5913e-12 7.4472e-12 1.2175e-11 9.1225e-12 -3.4359e-12 5.5373e-12 2.0997e-11 -3.8622e-13 1.1025e-13 1.9632e-12 3.5945e-12 2.6146e-12 -1.3457e-12 5.4267e-13 1.0049e-12 -3.9459e-12 -2.7567e-12 1.8531e-12 4.3317e-14 -5.2187e-13 -1.951e-12 -2.327e-12 -8.5655e-12 -5.6137e-12 -5.6321e-12 -2.5645e-12 -5.9996e-12 -6.5011e-13 -3.2981e-12 -1.4971e-13 -4.4948e-12 -5.4958e-12 -2.2173e-13 -3.4187e-12 -3.9041e-12 -3.1703e-12 -6.1968e-12 -9.1429e-12 1.306e-13 -6.0933e-12 -6.227e-14 3.0987e-12 -2.4394e-12 -3.3849e-12 -1.0099e-12 3.2749e-12 -7.0445e-13 1.5899e-12 5.0877e-13 3.6002e-12 -2.5846e-12 -2.8164e-12 -1.1332e-12 -8.7748e-13 -4.0237e-12 4.9488e-13 2.8296e-12 -1.3558e-12 -3.2006e-12 -2.1232e-12 4.4177e-12 2.7258e-12 1.2054e-12 9.8602e-13 -9.2348e-15 2.9189e-13 2.3729e-13 -1.6251e-13 1.1906e-13 -5.0951e-13 5.1744e-13 -5.4073e-14 7.1037e-14 1.5718e-15 -2.9852e-13 -7.7088e-14 3.6443e-14
8.8323e-11 8.1447e-11 7.5184e-11 7.5601e-11 6.8439e-11 7.6625e-11 9.5529e-11 6.0152e-11 7.9545e-11 4.9789e-11 7.7476e-11 6.858e-11 6.3186e-11 6.8812e-11 5.7476e-11 5.1814e-11 6.3692e-11 8.6403e-11 4.2821e-11 6.3797e-11 4.208e-11 5.1138e-11 4.4851e-11 4.7508e-11 5.0668e-11 4.0144e-11 4.1672e-11 4.6595e-11 2.6573e-11 2.8706e-11 4.1033e-11 3.4652e-11 1.5949e-11 2.9489e-11 1.8235e-11 1.9416e-11 2.556e-11 1.5328e-11 1.3102e-11 1.2053e-11 7.4658e-12 1.0145e-11 1.0126e-11 3.4459e-13 8.5191e-12 1.9771e-11 -1.0131e-12 1.3228e-12 -2.7659e-12 1.119e-12 3.6845e-12 -9.5576e-13 -4.5941e-14 2.6887e-12 -5.6748e-12 2.6869e-12 3.4961e-12 5.46e-13 -3.5808e-12 -3.1153e-13 2.3114e-12 -9.7607e-12 -5.6526e-12 -2.6257e-12 -5.3996e-12 -8.8676e-12 3.6617e-13 -2.0624e-12 -3.5039e-12 -6.8494e-12 -5.5001e-12 9.5389e-13 -5.8323e-12 -9.284e-12 -2.955e-12 -2.0505e-12 -4.1485e-12 -1.1003e-12 -6.3874e-12 -3.5379e-13 4.1458e-12 -1.3085e-12 -5.8916e-12 -3.8301e-12 2.1275e-12 -4.3261e-12 -1.237e-12 2.2297e-13 2.5622e-12 -9.1817e-13 -3.6258e-12 -5.4043e-13 -2.565e-12 -3.987e-12 1.4867e-12 3.2129e-12 -1.5989e-12 -3.0715e-12 -3.4856e-12 3.9003e-12 4.055e-12 4.0645e-13 2.4636e-12 2.945e-13 6.8168e-13 1.0199e-12 1.0583e-13 2.8621e-13 -4.2724e-13 5.0592e-13 2.1093e-13 1.6686e-13 4.8385e-14 -2.518e-13 -5.5417e-14 7.0436e-14
5.5255e-11 5.8775e-11 4.8352e-11 4.9745e-11 4.89e-11 4.6017e-11 6.2064e-11 3.5378e-11 5.3099e-11 3.2239e-11 4.8131e-11 5.0251e-11 4.4655e-11 4.6342e-11 3.974e-11 3.7069e-11 3.5716e-11 4.2821e-11 4.2103e-11 4.1532e-11 2.6237e-11 3.5615e-11 2.9795e-11 2.9026e-11 3.3318e-11 2.9147e-11 2.2665e-11 2.7114e-11 1.4949e-11 1.7254e-11 2.3366e-11 2.501e-11 1.1802e-11 1.8765e-11 1.2252e-11 1.2936e-11 1.3641e-11 1.2672e-12 4.8854e-12 1.0087e-11 4.8758e-12 9.4645e-12 1.1231e-11 1.1486e-12 5.7657e-13 1.3038e-11 -3.8772e-12 1.6489e-12 4.6465e-12 -2.2183e-12 7.6715e-12 1.4885e-12 4.023e-12 -3.6746e-13 -5.167e-12 7.4153e-13 5.4967e-13 1.8623e-12 -2.8818e-12 6.1842e-13 2.2001e-12 -6.0362e-12 -3.5891e-12 -2.3456e-13 -2.157e-12 -5.4863e-13 -1.8141e-12 4.2988e-12 -3.931e-12 -4.4449e-12 -4.2023e-12 -1.559e-13 -2.6684e-12 -7.2302e-12 -3.064e-12 -3.7573e-12 -3.9408e-12 -8.7509e-13 -4.0078e-12 1.3749e-12 1.6928e-12 4.1319e-13 -3.8816e-12 -2.2752e-12 7.2156e-13 -3.4203e-12 9.0047e-14 -6.2284e-13 5.4236e-13 3.5111e-13 -1.4809e-12 1.6549e-12 4.2561e-13 -3.8156e-12 1.3702e-12 3.2191e-12 -1.9862e-12 -2.2158e-12 -2.654e-12 2.0482e-12 1.0311e-12 1.3721e-12 1.2942e-12 -3.5774e-13 -3.2066e-14 4.0074e-13 1.1056e-13 5.9443e-14 -4.1025e-14 5.2442e-13 1.4848e-13 1.7272e-13 2.7063e-14 -2.1562e-13 -4.7431e-14 3.4501e-14
9.3072e-11 9.3016e-11 8.6185e-11 8.5178e-11 7.9841e-11 8.6426e-11 9.7803e-11 6.5353e-11 7.5303e-11 6.0331e-11 8.8914e-11 7.6345e-11 7.9699e-11 6.898e-11 6.4628e-11 6.6892e-11 6.3826e-11 6.3797e-11 4.1532e-11 9.7689e-11 4.2146e-11 6.5222e-11 5.6229e-11 5.1912e-11 5.9205e-11 4.6921e-11 4.505e-11 4.7678e-11 2.9217e-11 2.9597e-11 4.4381e-11 3.8579e-11 1.5735e-11 3.7353e-11 2.3908e-11 2.5059e-11 2.7125e-11 3.861e-12 1.4194e-11 1.6422e-11 7.312e-12 1.4183e-11 1.79e-11 -3.0543e-12 1.4637e-11 1.542e-11 3.3841e-12 8.4745e-13 6.2975e-12 2.5444e-12 6.2437e-12 -3.2203e-13 3.8849e-13 -4.0842e-12 -4.8627e-12 -3.9572e-12 2.5481e-12 -1.0444e-12 -2.5501e-12 -2.894e-12 1.8153e-12 -6.3339e-12 -4.7177e-12 -3.7276e-12 -1.0488e-12 -5.0538e-12 3.9611e-13 -3.0302e-12 -7.7479e-12 -2.4869e-12 -5.5102e-12 3.9849e-12 -7.6732e-12 -5.8263e-12 -8.9628e-12 -5.9444e-12 -1.2772e-11 -1.0694e-12 -5.9896e-12 -6.4135e-13 3.6189e-12 -2.504e-12 -4.3471e-12 2.8708e-13 2.7035e-12 -2.5441e-12 5.9509e-13 1.3568e-12 4.9022e-12 -5.2203e-12 -2.9588e-12 1.2218e-12 4.2692e-12 -4.2859e-12 1.6518e-12 1.677e-12 9.1172e-13 -5.9271e-12 -3.0036e-12 2.1464e-12 3.2602e-12 4.7007e-13 3.1644e-12 -9.9751e-13 -4.4881e-13 1.1008e-12 2.9591e-13 -4.6915e-14 -4.4903e-13 7.1477e-13 1.4751e-13 2.5953e-13 1.6865e-13 -2.23e-13 7.5071e-14 1.2252e-13
5.3775e-11 5.6701e-11 5.1509e-11 4.8856e-11 4.2377e-11 5.1786e-11 5.8106e-11 4.1829e-11 5.6989e-11 3.5561e-11 5.0296e-11 4.2587e-11 4.6213e-11 4.4945e-11 4.0154e-11 3.9508e-11 4.0439e-11 4.208e-11 2.6237e-11 4.2146e-11 3.9999e-11 3.6079e-11 3.3273e-11 3.1735e-11 3.4716e-11 2.6225e-11 2.56e-11 3.0271e-11 1.4815e-11 1.9674e-11 2.3634e-11 2.2543e-11 1.5823e-11 1.971e-11 1.6046e-11 1.6043e-11 1.3497e-11 5.2653e-12 9.0716e-12 9.4282e-12 7.9809e-12 5.4527e-12 1.0257e-11 1.692e-12 5.7822e-12 1.021e-11 2.1338e-12 -5.9064e-14 2.5394e-13 1.3143e-12 4.0516e-12 -1.7776e-12 4.3468e-12 4.4199e-12 -2.4391e-12 -1.2876e-12 3.0383e-12 1.8657e-12 -1.2065e-12 -8.5185e-13 -6.8709e-13 -8.0471e-12 -2.9159e-12 -2.8003e-12 -1.8147e-13 -4.8994e-12 2.7423e-12 9.5952e-14 -5.1267e-13 -1.8471e-12 -3.9221e-12 3.6336e-12 -3.2701e-12 -3.4011e-12 -3.7554e-12 -3.5601e-12 -7.1604e-12 1.3416e-13 -5.1044e-12 1.5885e-12 5.8582e-13 -1.6297e-13 -1.7782e-12 6.8778e-13 2.2184e-12 9.864e-13 2.2163e-12 -1.5631e-12 1.7976e-12 6.6652e-14 -1.7473e-12 9.4669e-14 -1.2551e-12 -3.2494e-12 1.4429e-12 2.8912e-12 1.8019e-13 -3.2241e-12 -1.6028e-12 1.6966e-12 3.1125e-13 4.7608e-13 2.4603e-12 -6.4177e-13 -4.5145e-13 -1.3026e-13 8.7272e-14 -2.5698e-14 -1.6487e-14 3.1009e-13 -5.4567e-14 1.0897e-13 -5.0584e-14 -9.1226e-14 -3.75e-14 9.4598e-15
7.611e-11 7.4309e-11 7.6323e-11 6.5665e-11 6.6919e-11 7.0787e-11 8.2685e-11 4.9998e-11 6.8965e-11 4.9135e-11 7.5028e-11 6.494e-11 6.3048e-11 6.0875e-11 5.1303e-11 5.206e-11 5.6247e-11 5.1138e-11 3.5615e-11 6.5222e-11 3.6079e-11 6.8529e-11 4.0953e-11 4.1235e-11 4.7695e-11 3.2693e-11 3.0069e-11 3.9795e-11 2.5063e-11 2.6937e-11 3.3231e-11 3.2681e-11 2.2347e-11 2.8317e-11 1.9263e-11 2.087e-11 2.4624e-11 5.2064e-12 1.382e-11 1.4699e-11 1.0268e-11 1.4225e-11 1.2772e-11 -3.2609e-12 7.9889e-12 1.2646e-11 4.1005e-12 3.672e-12 2.5951e-12 6.782e-12 6.5632e-12 -1.257e-12 5.9421e-13 -1.5349e-12 -5.7413e-12 -7.0634e-12 -8.8574e-13 -2.1198e-12 -2.3577e-12 -1.005e-12 -3.6354e-12 -8.2639e-12 -1.2258e-12 -3.474e-12 -1.7664e-12 -4.6181e-12 1.633e-12 -3.4524e-14 -2.5424e-12 -3.1233e-12 -5.1362e-12 2.2656e-13 -5.0522e-12 -2.4556e-12 -6.5187e-12 -4.8892e-12 -1.0556e-11 6.5896e-13 -4.013e-12 1.4091e-12 7.7391e-13 4.8675e-13 -3.9233e-12 1.9327e-13 4.924e-12 7.7515e-13 2.9814e-12 -5.2544e-13 3.8967e-12 -2.5802e-12 -3.3913e-13 3.1565e-13 1.1092e-12 -4.1281e-12 2.6405e-12 4.0884e-13 -1.9997e-12 -4.038e-12 -7.6259e-13 3.3328e-12 2.9843e-12 -3.0096e-14 1.607e-12 -2.1743e-13 5.6081e-13 6.3403e-13 4.3757e-13 -1.6606e-14 -2.4894e-13 5.3029e-13 2.3058e-13 7.5123e-14 4.9101e-14 -2.2894e-13 -7.8893e-14 3.8217e-14
6.2687e-11 6.8341e-11 5.9848e-11 6.0107e-11 5.549e-11 5.6706e-11 6.6299e-11 4.4222e-11 5.7566e-11 3.9898e-11 5.7067e-11 5.2044e-11 5.63e-11 4.9209e-11 4.614e-11 4.6539e-11 4.6131e-11 4.4851e-11 2.9795e-11 5.6229e-11 3.3273e-11 4.0953e-11 5.0918e-11 3.5338e-11 4.0823e-11 3.2861e-11 2.87e-11 3.456e-11 1.9727e-11 2.1602e-11 2.8749e-11 2.6548e-11 1.5899e-11 2.2642e-11 1.5459e-11 1.6744e-11 1.5867e-11 7.1892e-12 1.1872e-11 1.0842e-11 6.908e-12 9.6629e-12 9.2571e-12 -1.8417e-12 5.3907e-12 1.1173e-11 5.7803e-13 1.5261e-13 7.521e-12 3.9224e-12 2.0786e-12 -1.1517e-12 3.2794e-12 -3.366e-12 -2.6258e-12 -6.3917e-12 4.8071e-12 1.1083e-12 -2.1312e-12 -1.9569e-12 6.244e-13 -5.5828e-12 -3.7578e-12 -1.1229e-12 1.5824e-12 -4.1447e-12 6.0714e-13 4.1643e-13 -4.8688e-12 -3.8816e-12 -5.6826e-12 2.2719e-12 -4.268e-12 -5.7788e-12 -2.8635e-12 -3.6638e-12 -9.0553e-12 -1.9858e-13 -5.3446e-12 7.9334e-13 1.5851e-12 -3.58e-12 -5.8164e-12 5.586e-13 2.1491e-12 -2.0879e-12 2.1228e-12 9.9131e-13 2.2116e-12 -3.2604e-12 -2.5571e-12 -3.3174e-13 4.4099e-13 -4.089e-12 1.4954e-12 2.3124e-12 9.1407e-14 -4.2882e-12 -2.5073e-12 1.0204e-12 -8.8482e-14 7.9843e-13 2.3202e-12 -1.0357e-12 -6.2255e-13 6.6469e-13 -4.6545e-13 -1.4479e-13 -5.0261e-13 2.509e-13 -1.3213e-13 1.8076e-15 6.819e-14 -2.2191e-13 5.2118e-14 9.6055e-14
6.2592e-11 6.2334e-11 5.6607e-11 5.8954e-11 5.6684e-11 5.9695e-11 7.2359e-11 4.2602e-11 5.9955e-11 3.6277e-11 5.8317e-11 5.3448e-11 5.002e-11 5.1476e-11 4.1367e-11 4.3501e-11 4.714e-11 4.7508e-11 2.9026e-11 5.1912e-11 3.1735e-11 4.1235e-11 3.5338e-11 5.2255e-11 3.7182e-11 2.5823e-11 2.8107e-11 3.5258e-11 1.9158e-11 2.0978e-11 3.0223e-11 3.0841e-11 1.0855e-11 2.5564e-11 1.7771e-11 1.7724e-11 2.1176e-11 7.83e-12 1.1859e-11 1.2023e-11 2.6542e-12 5.6352e-12 1.027e-11 -1.6924e-12 6.844e-12 1.3395e-11 -2.4967e-12 -3.5475e-12 7.223e-13 1.7517e-13 1.2561e-12 -3.2911e-12 2.3746e-12 4.3847e-12 -4.4442e-12 -3.6402e-12 3.0507e-12 2.057e-12 -1.6513e-12 -3.1743e-12 -1.5446e-12 -5.6411e-12 -2.9825e-12 -3.955e-12 -2.6767e-12 -5.975e-12 -1.6683e-12 -1.1145e-12 -6.0262e-12 -4.5557e-12 -4.31e-12 -1.4775e-13 -3.5299e-12 -4.5432e-12 -3.1051e-12 -2.8334e-12 -7.0621e-12 8.9131e-14 -7.0032e-12 1.6413e-12 2.5133e-13 -9.1651e-13 -1.4724e-12 -6.328e-13 1.6588e-12 -2.7238e-12 -2.2234e-12 -1.7869e-12 1.3815e-12 -3.2849e-12 -1.5736e-12 -7.5019e-13 8.1041e-13 -3.9247e-12 2.7e-12 1.8601e-12 -1.6737e-12 -3.9049e-12 -1.7923e-12 1.8323e-12 -6.6869e-14 -7.6148e-13 1.487e-12 6.3209e-13 -7.7656e-13 3.6551e-13 -3.6038e-13 -3.0033e-13 -4.9668e-13 4.8724e-13 3.208e-15 2.1475e-13 3.1668e-16 -2.9396e-13 5.2766e-14 1.3543e-14
6.9485e-11 6.9255e-11 6.9952e-11 6.2799e-11 5.8215e-11 5.67e-11 7.6324e-11 4.5174e-11 5.8608e-11 4.1856e-11 6.6638e-11 5.0598e-11 5.5255e-11 5.0942e-11 4.5852e-11 4.0852e-11 4.207e-11 5.0668e-11 3.3318e-11 5.9205e-11 3.4716e-11 4.7695e-11 4.0823e-11 3.7182e-11 5.9676e-11 3.3521e-11 2.6348e-11 3.2738e-11 2.4762e-11 2.0297e-11 2.8487e-11 3.031e-11 1.7762e-11 2.2283e-11 1.6304e-11 1.702e-11 1.94e-11 5.8362e-12 9.4639e-12 1.2378e-11 4.1042e-12 8.4711e-12 1.0064e-11 -2.6405e-12 8.2682e-12 1.1285e-11 7.8115e-13 -4.5269e-13 2.4725e-12 3.4249e-12 4.2694e-12 -2.4261e-12 1.7946e-12 2.7323e-13 -6.9361e-12 -5.1259e-12 3.3117e-12 2.3841e-13 1.0591e-12 -2.6991e-12 -4.8317e-13 -2.0509e-12 -3.8977e-12 -2.6458e-12 1.9143e-12 -4.2327e-12 1.7087e-12 2.2688e-12 -6.8738e-12 -5.4086e-12 -2.5324e-12 2.7365e-12 -5.5106e-12 -4.4939e-12 -2.7567e-12 -2.2353e-12 -8.4159e-12 3.9127e-13 -8.5918e-12 3.4835e-12 1.4382e-12 -1.4551e-12 -3.3586e-12 -5.3922e-13 3.8026e-12 -3.0601e-13 -8.3452e-13 -1.0594e-12 2.7673e-12 -2.2515e-12 -1.2078e-12 1.1351e-12 2.9736e-12 -4.0108e-12 1.5646e-12 2.2765e-12 -6.8353e-13 -4.3513e-12 -2.6542e-12 8.709e-13 2.0143e-12 -3.1159e-13 4.1746e-12 2.8574e-13 -2.1593e-13 3.4372e-13 3.4881e-13 3.3071e-13 -1.6545e-13 6.9002e-13 1.363e-13 8.5918e-14 1.0329e-13 -1.4426e-13 -3.4317e-14 1.3198e-13
5.4555e-11 5.4701e-11 4.8811e-11 5.1292e-11 4.2379e-11 4.7603e-11 5.9175e-11 3.6599e-11 4.8315e-11 3.4527e-11 4.9641e-11 4.2527e-11 4.2283e-11 4.1915e-11 3.7639e-11 3.734e-11 3.4662e-11 4.0144e-11 2.9147e-11 4.6921e-11 2.6225e-11 3.2693e-11 3.2861e-11 2.5823e-11 3.3521e-11 4.0564e-11 2.3141e-11 2.841e-11 1.6337e-11 1.9789e-11 2.2885e-11 2.1468e-11 8.4803e-12 1.3974e-11 9.8459e-12 1.4587e-11 1.606e-11 3.2551e-12 5.4483e-12 9.07e-12 5.1472e-12 1.1279e-11 6.3721e-12 2.6246e-15 7.2773e-12 9.8927e-12 2.5532e-12 9.7301e-13 8.1383e-12 3.4873e-13 6.2761e-12 1.7586e-12 1.94e-12 -1.8738e-12 -3.6169e-12 -1.8945e-12 6.359e-12 7.1961e-13 -2.6152e-12 -2.0264e-12 1.4242e-13 -2.4316e-12 -9.9697e-13 1.6776e-13 1.8443e-12 -3.1664e-12 2.0506e-12 1.5986e-12 -3.2176e-12 -2.8386e-12 -3.7419e-12 2.5222e-12 -2.6122e-12 -6.1533e-12 -3.3481e-12 -3.8317e-12 -5.426e-12 -1.1261e-12 -1.2309e-12 8.1113e-14 3.8158e-12 -4.877e-13 -3.8931e-12 1.1937e-13 -1.5728e-13 -9.96e-13 2.445e-12 1.7262e-12 1.8184e-12 -2.0973e-12 -1.3313e-12 2.6342e-13 -1.088e-12 -3.1691e-12 -3.2678e-13 2.9067e-12 2.9636e-14 -3.6837e-12 -3.0138e-12 1.329e-13 7.8972e-13 1.7887e-12 1.2993e-12 5.8186e-14 4.8645e-14 1.0884e-12 4.7505e-13 5.7733e-14 -4.7176e-13 3.8165e-13 4.7524e-14 1.7706e-13 7.362e-14 -1.6937e-13 1.6728e-14 1.0599e-13
4.8933e-11 5.5298e-11 4.2121e-11 4.504e-11 4.2104e-11 4.7152e-11 5.1457e-11 3.9559e-11 4.4119e-11 3.072e-11 4.2556e-11 3.7952e-11 4.1771e-11 3.9794e-11 3.6892e-11 3.9787e-11 3.6047e-11 4.1672e-11 2.2665e-11 4.505e-11 2.56e-11 3.0069e-11 2.87e-11 2.8107e-11 2.6348e-11 2.3141e-11 3.8431e-11 2.1501e-11 1.8486e-11 1.7914e-11 2.4001e-11 2.1464e-11 7.3346e-12 2.0936e-11 1.4653e-11 1.0743e-11 1.2731e-11 6.5471e-12 7.9026e-12 9.1372e-12 3.8954e-12 5.317e-12 6.2966e-12 1.5787e-12 6.2706e-12 1.1027e-11 -1.9705e-12 4.7637e-13 8.9717e-13 1.4964e-12 3.7072e-12 -3.0173e-12 6.3728e-13 -1.5473e-12 -2.8811e-12 -6.6787e-13 3.7245e-13 8.491e-13 -1.7496e-12 -1.1701e-12 -1.5961e-12 -7.9054e-12 -1.7923e-12 -7.9332e-13 -3.3257e-12 -7.1538e-13 -2.8979e-12 -1.2924e-12 -8.054e-13 -3.5334e-12 -3.6286e-12 3.9608e-12 -2.1986e-12 -4.3485e-12 -3.0713e-12 -2.6633e-12 -3.0393e-12 -2.1384e-13 -5.5317e-12 3.3169e-13 1.4165e-12 -2.8378e-13 -1.1271e-12 -2.2918e-12 2.1092e-12 -1.7609e-12 1.3106e-12 8.7507e-13 2.1906e-12 1.6128e-13 -3.3626e-12 -1.3907e-12 5.387e-13 -2.9859e-12 8.6644e-13 7.4318e-13 -1.5203e-14 -1.7846e-12 -2.6766e-12 1.4498e-12 8.7454e-13 9.5204e-13 8.4005e-13 -1.463e-13 1.2565e-12 1.1764e-13 4.3609e-13 3.9495e-13 -4.7172e-13 2.0914e-13 1.5114e-13 8.3885e-14 1.2235e-13 -1.5356e-13 6.3714e-14 5.9195e-14
6.1724e-11 5.5711e-11 5.4939e-11 5.1676e-11 4.7425e-11 6.0742e-11 6.1921e-11 4.0093e-11 5.4995e-11 3.4528e-11 5.2395e-11 5.3483e-11 4.9162e-11 4.5613e-11 3.7436e-11 3.8621e-11 4.8415e-11 4.6595e-11 2.7114e-11 4.7678e-11 3.0271e-11 3.9795e-11 3.456e-11 3.5258e-11 3.2738e-11 2.841e-11 2.1501e-11 5.097e-11 1.6032e-11 2.3083e-11 2.4609e-11 2.501e-11 1.4041e-11 2.6748e-11 1.5468e-11 1.8644e-11 1.6639e-11 9.104e-12 1.1856e-11 8.0787e-12 1.9443e-12 5.0425e-12 5.7794e-12 -5.2751e-12 4.4669e-12 1.5816e-11 3.1869e-12 -3.0624e-12 1.9642e-12 2.9762e-12 4.4594e-12 -2.9336e-12 1.5912e-12 2.9547e-12 -2.2104e-12 -2.1019e-12 1.2924e-12 2.1262e-15 -1.2288e-12 -1.9981e-13 -2.5639e-12 -1.0322e-12 -2.3427e-12 -8.9461e-12 -2.3602e-12 -4.2272e-12 -4.563e-13 -2.4193e-12 -2.6628e-12 3.1376e-13 -3.5048e-12 -1.1443e-12 -6.1842e-13 -2.0503e-12 -3.5396e-12 -1.0727e-13 -7.3129e-12 -3.2908e-12 -3.2561e-12 -2.7199e-12 3.4104e-12 -1.5287e-12 -2.238e-12 1.2096e-12 3.2373e-12 -2.1596e-12 1.0367e-12 1.8929e-13 2.7493e-12 -1.8389e-12 -2.8022e-12 1.7507e-13 -6.9093e-13 -4.1603e-12 3.0904e-12 2.1724e-12 -1.4665e-12 -4.6881e-12 -2.8954e-13 2.5682e-12 2.8078e-12 1.02e-12 2.0835e-12 6.253e-13 -2.7896e-13 4.486e-13 -1.6521e-13 -2.6968e-13 -4.4798e-13 2.6902e-13 1.6953e-13 1.5297e-13 -3.3238e-14 -2.6449e-13 -3.6304e-14 1.8108e-14
3.6099e-11 2.8254e-11 3.2401e-11 2.9961e-11 2.7773e-11 3.3249e-11 3.6604e-11 2.4635e-11 2.5844e-11 1.6487e-11 2.7995e-11 2.3959e-11 2.6826e-11 2.2012e-11 2.5303e-11 2.2393e-11 1.995e-11 2.6573e-11 1.4949e-11 2.9217e-11 1.4815e-11 2.5063e-11 1.9727e-11 1.9158e-11 2.4762e-11 1.6337e-11 1.8486e-11 1.6032e-11 2.6376e-11 9.9937e-12 1.1851e-11 1.1498e-11 5.083e-12 8.5276e-12 4.1725e-12 3.1107e-12 7.6818e-12 4.0474e-12 4.2193e-12 6.7872e-12 2.2037e-12 2.0903e-12 3.4991e-12 -1.0172e-12 6.9689e-12 6.5025e-12 9.0246e-13 6.1566e-13 1.0613e-12 3.9019e-12 6.0585e-12 -4.2859e-12 1.7215e-14 5.103e-14 -3.7314e-12 -4.9356e-12 -3.318e-12 1.2208e-12 6.1061e-13 -1.4544e-12 1.8702e-12 -4.0107e-12 -3.8743e-12 -4.9139e-13 -2.4775e-13 -2.7159e-12 1.4425e-12 1.4833e-12 -3.9771e-12 -4.0489e-12 -1.5646e-12 -7.2006e-13 -3.9914e-12 -1.6367e-12 -8.0221e-13 1.3535e-12 -3.6115e-12 3.4486e-13 -2.1419e-12 -5.1319e-13 1.5001e-12 -1.6941e-12 5.8162e-13 -1.5233e-12 1.8889e-12 -6.294e-14 9.076e-13 1.1377e-12 1.1552e-12 -1.4414e-12 -1.8215e-12 -1.0263e-12 1.5064e-12 -2.3254e-12 1.0824e-12 -9.7713e-14 -6.2539e-13 -1.5193e-12 -5.0329e-14 8.0495e-14 8.7805e-13 -7.6519e-14 8.8313e-13 -3.2331e-14 9.3673e-13 3.7632e-13 6.0675e-13 5.5748e-14 -2.4524e-13 1.9e-13 1.1819e-13 1.1109e-14 5.0699e-14 -4.9076e-14 5.8499e-14 8.1019e-14
3.7019e-11 3.913e-11 3.4893e-11 3.549e-11 3.2807e-11 3.9308e-11 4.2948e-11 3.132e-11 3.9576e-11 2.4521e-11 3.6854e-11 2.8566e-11 3.6234e-11 3.1477e-11 2.9948e-11 2.8205e-11 2.4382e-11 2.8706e-11 1.7254e-11 2.9597e-11 1.9674e-11 2.6937e-11 2.1602e-11 2.0978e-11 2.0297e-11 1.9789e-11 1.7914e-11 2.3083e-11 9.9937e-12 2.8998e-11 1.5309e-11 1.8074e-11 1.6817e-11 2.1934e-11 7.976e-12 1.258e-11 1.6575e-11 9.4163e-12 9.7467e-12 5.2474e-12 1.758e-12 2.447e-12 5.0846e-12 1.1201e-12 9.8471e-12 7.4924e-12 3.04e-12 2.5001e-12 9.8576e-13 3.1411e-12 5.0627e-12 -2.4394e-12 2.1712e-12 4.1412e-12 -6.329e-12 -7.4611e-13 3.7826e-12 7.5842e-13 -2.2347e-12 -2.6812e-12 -4.5024e-12 -3.9218e-12 4.7681e-12 -3.0823e-12 -4.3627e-13 -2.4499e-12 -1.5274e-12 2.6643e-13 -1.1738e-12 -2.2243e-12 -3.6114e-12 2.0964e-12 -7.4604e-13 -3.3696e-12 -3.8365e-12 -1.3811e-12 -3.1394e-12 -5.0957e-13 -1.1007e-12 1.7355e-12 -1.1667e-12 -3.8281e-13 -4.3768e-12 1.2355e-13 2.137e-12 8.933e-13 2.137e-12 -6.1279e-14 6.7464e-13 -3.9992e-13 -5.3658e-13 1.0592e-12 -2.3272e-12 -2.7005e-12 2.4819e-12 3.9959e-13 -7.7224e-13 -1.784e-12 -1.5256e-12 1.9673e-12 1.9553e-13 -8.8289e-13 9.9551e-13 -1.1142e-13 2.6148e-13 1.1e-12 -2.4066e-13 7.5685e-14 -2.4118e-13 2.4971e-13 1.5478e-13 9.8862e-14 6.1328e-14 -1.1622e-13 -1.7339e-14 3.581e-15
