2.4506e-11 -3.927e-12 1.3071e-12 3.0504e-12 3.7887e-12 -5.7821e-12 6.8763e-12 8.4124e-12 -7.3263e-12 1.8905e-12 4.7257e-12 5.0149e-13 6.294e-12 3.4212e-12 -3.8434e-12 3.2259e-12 -6.5569e-12 7.4902e-12 -1.6613e-12 8.9534e-13 -7.1543e-13 5.0016e-12 8.087e-13 6.4155e-12 -2.0246e-12 3.5245e-12 -3.1693e-12 8.4667e-12 4.9754e-13 4.9468e-12 -1.5945e-13 -9.8161e-13 -3.0464e-12 -7.9544e-13 -1.1417e-14 2.6668e-12 -1.4566e-12 6.0856e-12 -1.303e-12 3.0186e-12 -1.591e-12 1.0856e-12 3.9085e-13 1.2502e-12 -7.1254e-13 -9.4766e-13 4.3449e-12 6.8145e-13 -3.893e-12 -2.2438e-12 1.6814e-12 4.4063e-12 -1.0823e-12 -1.4918e-12 1.1777e-12 2.6698e-12 2.7753e-12 2.9999e-12 5.5495e-13 7.9778e-13 2.7915e-12 -1.0175e-12 5.394e-13 9.183e-13 -5.8189e-13 -1.8824e-13 -3.3301e-13 4.6331e-13 2.6028e-13 8.414e-13 3.3297e-13 4.2971e-13 -2.2219e-13 5.407e-14 2.3298e-14 5.818e-14 1.6204e-14
-3.927e-12 4.2231e-11 1.1914e-11 1.166e-11 7.2658e-12 6.6804e-12 1.2177e-12 -4.1409e-12 1.2842e-11 2.502e-12 -2.0886e-12 1.0433e-11 8.0583e-12 -5.1613e-12 5.9772e-12 1.2084e-12 2.2293e-12 -2.9561e-12 3.8311e-12 7.751e-12 1.0264e-12 5.9645e-12 3.6789e-12 7.9329e-13 6.7876e-12 5.7299e-12 6.0914e-12 -7.5247e-13 3.7187e-12 1.0897e-12 -9.0424e-13 3.7338e-12 5.2508e-12 -4.9535e-12 -6.7089e-12 -1.1667e-12 3.2648e-13 8.2415e-13 4.765e-12 -4.8634e-12 4.4549e-12 2.0951e-12 1.6983e-13 -8.9705e-12 -6.7971e-13 4.0262e-13 -4.7502e-13 4.6753e-12 5.7354e-12 2.7409e-12 1.854e-12 1.5002e-12 -2.0661e-12 1.5272e-12 1.9712e-12 -3.6564e-12 -2.8471e-12 -7.5547e-14 1.3755e-13 9.0673e-13 1.8539e-12 5.1306e-12 1.4996e-12 5.7137e-13 3.2038e-12 1.5002e-12 6.3161e-13 -8.7246e-13 8.5007e-13 -3.464e-13 -1.363e-13 1.4722e-13 3.9687e-13 2.9939e-13 5.712e-14 1.183e-14 -1.4384e-14
1.3071e-12 1.1914e-11 2.2865e-11 1.5585e-12 4.5588e-12 2.1809e-12 -2.8766e-12 3.9874e-12 3.9669e-12 -2.5236e-12 -5.9004e-12 -1.6622e-12 2.0634e-12 -1.8845e-13 4.5158e-12 6.6269e-12 -3.7808e-13 4.2011e-12 1.1709e-12 7.5999e-12 7.7812e-13 3.525e-12 -4.6744e-13 3.7709e-12 1.6182e-12 5.2464e-12 2.0088e-12 1.4418e-12 7.9789e-12 1.2614e-12 -1.2425e-13 4.6942e-12 4.2721e-12 -2.829e-12 -1.2709e-12 -7.2828e-13 3.4746e-12 -1.4644e-12 1.4228e-12 -2.7753e-12 3.4751e-14 7.664e-13 4.1221e-12 -4.3879e-12 1.9741e-12 7.9403e-13 -4.2063e-13 5.9608e-13 5.9412e-13 2.0445e-12 3.1872e-12 1.0856e-12 -2.3972e-13 -2.2137e-13 4.1492e-12 -1.3557e-12 -1.0487e-12 4.3418e-12 1.6755e-12 1.7295e-12 5.8771e-13 8.2157e-13 2.8756e-12 -1.2974e-12 8.788e-13 -1.5573e-13 1.9891e-12 -4.2092e-13 2.16e-13 4.1855e-13 1.3685e-14 1.6114e-13 4.3009e-13 1.1576e-13 -2.5155e-14 -2.4654e-14 2.8294e-15
3.0504e-12 1.166e-11 1.5585e-12 2.3796e-11 -3.3309e-12 6.058e-12 2.9282e-12 5.2e-12 4.4553e-12 2.9016e-12 4.0227e-12 5.9844e-12 5.1254e-12 -3.4902e-12 -1.4146e-12 9.7974e-13 5.236e-12 -6.0355e-12 -7.8847e-13 4.7043e-12 4.6937e-13 5.8545e-12 6.774e-13 -2.3439e-12 7.0417e-12 2.6895e-12 2.4818e-12 3.4404e-13 3.6998e-12 1.9396e-12 3.0904e-12 -2.5563e-12 4.4931e-12 -1.8166e-12 -3.3093e-13 8.8163e-13 1.5111e-12 4.7939e-12 -8.4271e-13 -1.6902e-12 2.3881e-12 3.1632e-12 -1.31e-12 -2.5752e-12 -2.5332e-12 5.4197e-14 -2.9901e-12 -1.0088e-12 4.4196e-12 -2.9634e-12 2.368e-12 1.0275e-12 -1.3017e-12 2.8843e-12 1.5613e-12 -1.7155e-13 3.1114e-13 4.5735e-13 7.3409e-13 1.3657e-12 8.3922e-13 -9.9721e-13 1.0163e-12 -3.2558e-13 1.1367e-12 3.4122e-13 4.8712e-13 5.0061e-13 7.2629e-13 -4.0962e-13 1.3863e-13 1.7411e-13 1.302e-13 3.2978e-13 3.2753e-14 2.6622e-14 6.6067e-15
3.7887e-12 7.2658e-12 4.5588e-12 -3.3309e-12 2.4257e-11 -2.4673e-12 -1.9122e-12 5.925e-13 1.2686e-12 6.1512e-13 5.0233e-12 2.24e-12 2.3257e-13 2.7683e-12 7.8957e-12 8.2339e-12 1.3158e-12 4.6566e-12 4.8314e-12 3.7957e-12 1.0808e-13 4.7016e-12 5.4167e-12 5.6423e-12 1.785e-12 3.4549e-12 1.8037e-12 7.6255e-12 1.5026e-12 4.1645e-13 5.2415e-13 6.6719e-12 -1.0227e-12 3.1487e-13 -2.9292e-12 -9.7157e-13 1.1058e-12 -2.479e-13 1.9837e-12 -1.7733e-13 -2.1083e-12 -1.826e-13 1.4368e-12 7.3393e-13 1.1165e-12 5.0644e-13 2.0435e-12 9.6196e-13 -7.2516e-13 -2.5732e-12 1.5892e-12 1.8028e-12 -4.6276e-13 8.258e-13 1.8205e-12 -4.5526e-13 -2.2067e-13 1.4464e-13 1.4248e-12 -1.3639e-12 1.6778e-12 1.6818e-12 1.6371e-12 -5.2625e-13 -5.4211e-14 1.2391e-12 1.9655e-12 -9.5552e-13 1.0439e-12 1.0102e-12 2.5569e-13 4.3195e-13 4.571e-15 6.547e-14 7.239e-14 1.9542e-14 1.4667e-14
-5.7821e-12 6.6804e-12 2.1809e-12 6.058e-12 -2.4673e-12 3.3003e-11 -3.3882e-12 -1.809e-12 1.4187e-11 1.8869e-12 -8.3776e-14 5.2404e-12 9.7646e-13 4.4492e-12 8.5702e-12 4.4381e-12 5.6042e-12 8.0349e-12 5.4502e-12 6.5713e-12 2.1798e-13 3.3663e-12 4.1731e-12 2.9007e-12 5.544e-12 4.2191e-12 9.6727e-12 6.7732e-12 7.9944e-12 2.3371e-12 2.6215e-12 -1.401e-12 7.1929e-12 -2.1546e-12 -6.5669e-13 3.3828e-12 -2.0959e-12 -2.5532e-12 1.5357e-12 1.4729e-12 -7.5183e-14 -3.877e-12 -1.737e-14 -1.7026e-12 4.0424e-12 3.3446e-12 -9.4259e-13 1.3915e-12 -1.0369e-13 -8.4754e-13 1.5027e-12 3.8708e-13 -3.1073e-12 -3.1911e-13 1.5661e-12 -2.0524e-12 -7.8598e-13 -7.9889e-13 2.4121e-12 1.0462e-12 -7.8745e-13 2.8081e-12 4.922e-13 -1.7521e-12 9.218e-13 6.1927e-13 9.4248e-13 7.0196e-13 -4.0458e-13 -9.9287e-13 -4.0777e-13 1.4994e-13 -2.5588e-13 2.5924e-13 1.2941e-14 -4.2824e-14 1.4342e-14
6.8763e-12 1.2177e-12 -2.8766e-12 2.9282e-12 -1.9122e-12 -3.3882e-12 3.8463e-11 2.6104e-12 3.8367e-12 5.3188e-12 2.8176e-12 1.3507e-12 1.0059e-12 1.1739e-12 -2.5214e-12 3.9704e-12 1.727e-13 -7.6082e-13 -2.8506e-12 7.2978e-12 4.1539e-12 2.6156e-12 -3.7538e-12 -2.5002e-12 8.5427e-12 4.1037e-12 -3.7379e-12 3.3389e-12 6.7337e-12 2.7046e-12 -3.2814e-13 3.5357e-12 7.795e-13 -8.9563e-12 7.0974e-12 1.9483e-12 -4.4355e-12 4.2473e-12 2.0663e-12 1.4797e-12 -3.5353e-12 2.8222e-12 -2.5886e-12 -1.4607e-12 -4.5076e-13 -6.163e-13 2.1669e-12 1.1368e-12 -1.4726e-13 6.3063e-13 3.0745e-12 6.4979e-12 8.8051e-14 4.0411e-13 2.0921e-12 3.6259e-12 2.5804e-12 -1.822e-13 2.0485e-12 2.0175e-12 2.1709e-12 1.0043e-12 -3.376e-12 4.8962e-13 8.848e-13 1.0151e-12 -9.9205e-13 -7.2443e-13 -1.0553e-13 1.9339e-14 5.513e-14 -1.3956e-13 -4.8711e-13 -1.9237e-13 3.8857e-14 2.7063e-14 -1.7612e-14
8.4124e-12 -4.1409e-12 3.9874e-12 5.2e-12 5.925e-13 -1.809e-12 2.6104e-12 2.8713e-11 1.5912e-12 1.4434e-11 4.4651e-12 7.9175e-12 1.0389e-11 5.6249e-12 -1.2041e-13 6.524e-12 2.6055e-12 5.663e-12 7.339e-12 6.374e-12 6.297e-12 4.4909e-12 4.2127e-12 2.8368e-12 1.3366e-11 7.1098e-12 5.2226e-12 4.6417e-12 9.0821e-12 9.9795e-12 4.0751e-12 2.5039e-12 3.6418e-12 3.1095e-12 4.3396e-12 1.1527e-13 1.7758e-12 3.8881e-12 -8.8006e-13 -1.3186e-12 2.3484e-12 -4.7074e-13 2.1806e-13 9.4461e-13 -1.3328e-12 1.4982e-12 1.6959e-12 -1.5336e-12 2.6851e-12 -2.126e-12 4.6897e-12 3.8249e-12 1.8484e-12 1.2853e-13 8.7628e-13 2.5385e-12 2.6774e-12 2.4631e-12 8.6625e-13 9.7637e-13 -6.3528e-13 -1.5577e-12 -7.0871e-13 1.8902e-13 -2.0993e-12 4.9574e-13 1.8379e-12 1.171e-12 1.9875e-12 5.8299e-13 4.312e-13 -5.0118e-14 1.9434e-13 1.5157e-13 6.8226e-14 6.1727e-15 -3.9364e-15
-7.3263e-12 1.2842e-11 3.9669e-12 4.4553e-12 1.2686e-12 1.4187e-11 3.8367e-12 1.5912e-12 3.3496e-11 3.2515e-12 3.3899e-12 3.2532e-12 7.2835e-12 5.8596e-12 9.4139e-12 7.071e-12 4.0941e-12 -1.0491e-13 9.8515e-12 7.8361e-12 6.1438e-12 9.3721e-12 6.8445e-12 5.4956e-13 8.5437e-12 6.6375e-12 4.7206e-12 8.5268e-12 2.536e-12 3.4741e-12 3.8137e-12 8.3842e-13 9.7486e-12 -1.0735e-12 6.4973e-12 1.285e-12 -5.3987e-13 -2.2609e-12 2.7372e-12 2.1792e-12 3.0218e-12 3.621e-12 -9.7336e-13 -3.3193e-12 2.9989e-12 2.899e-12 2.1349e-13 2.1315e-12 2.1582e-12 1.1551e-12 2.4837e-12 8.1527e-13 1.1132e-13 8.0707e-13 2.0274e-12 -4.1309e-14 -1.1607e-12 -3.5379e-13 1.1423e-12 1.7565e-12 -4.0806e-12 4.5378e-12 3.8967e-14 4.5134e-13 3.5816e-12 1.3136e-12 5.7098e-14 -1.1802e-12 -4.185e-13 -5.086e-13 2.2175e-13 -1.335e-13 1.3932e-13 4.3866e-13 -8.4773e-14 -5.2404e-14 -1.8735e-14
1.8905e-12 2.502e-12 -2.5236e-12 2.9016e-12 6.1512e-13 1.8869e-12 5.3188e-12 1.4434e-11 3.2515e-12 2.5983e-11 2.6687e-12 1.3278e-11 1.1499e-11 4.968e-12 5.0305e-12 5.2787e-12 3.1731e-12 8.2187e-12 6.4681e-12 4.9435e-12 8.3615e-12 1.8555e-12 1.0512e-11 9.2018e-13 1.3318e-11 7.5014e-12 9.3598e-12 3.0041e-12 9.7528e-12 5.2281e-12 3.2242e-12 2.7377e-12 2.8735e-12 -8.9308e-13 3.2734e-12 2.745e-12 5.3939e-13 1.2657e-12 4.5066e-13 -3.1532e-12 2.1198e-12 -2.2717e-12 2.25e-12 -5.5325e-13 -7.9704e-13 2.0011e-12 2.5859e-12 -1.219e-13 1.9668e-12 8.8951e-13 3.5194e-12 4.6988e-12 1.2368e-13 4.121e-13 2.8469e-13 2.4879e-12 1.0677e-12 -1.1481e-12 1.2942e-13 -3.7142e-13 -8.2945e-13 1.4985e-12 -1.2736e-12 2.3347e-13 -1.9234e-12 2.2817e-13 7.3955e-13 7.7668e-13 1.4347e-12 3.889e-13 -1.8753e-13 -4.2434e-13 1.9876e-13 -3.0814e-13 2.4128e-14 1.1945e-14 -4.6262e-15
4.7257e-12 -2.0886e-12 -5.9004e-12 4.0227e-12 5.0233e-12 -8.3776e-14 2.8176e-12 4.4651e-12 3.3899e-12 2.6687e-12 2.8974e-11 5.2329e-12 1.3747e-11 4.3912e-12 -3.6749e-13 1.0213e-11 1.2637e-11 3.35e-12 5.2715e-12 -2.0288e-12 3.3211e-12 9.2054e-12 7.8269e-12 8.4459e-12 1.4423e-11 8.0045e-12 3.5561e-12 8.0466e-12 6.3604e-12 6.0104e-12 3.5231e-12 3.6891e-12 2.5252e-13 3.032e-12 2.9727e-12 7.4861e-12 2.3005e-12 3.0426e-12 -1.7317e-12 2.0242e-12 2.2774e-12 6.394e-13 -1.3288e-12 -1.4832e-12 -6.5264e-13 1.131e-12 1.6902e-12 1.3328e-12 1.5518e-12 -2.5436e-12 -2.306e-12 8.2755e-13 1.4671e-12 -3.5125e-12 2.4505e-12 3.3021e-12 -2.6262e-12 -2.0885e-12 6.3883e-13 -1.5595e-12 -1.8472e-12 -2.1751e-13 -5.8479e-13 1.0855e-12 -1.0889e-12 1.9519e-12 -2.9817e-15 -4.6913e-13 3.0396e-13 3.2033e-14 6.1293e-13 1.999e-13 6.9036e-14 5.34e-14 -6.8756e-14 -3.4552e-15 -3.1471e-14
5.0149e-13 1.0433e-11 -1.6622e-12 5.9844e-12 2.24e-12 5.2404e-12 1.3507e-12 7.9175e-12 3.2532e-12 1.3278e-11 5.2329e-12 3.0708e-11 1.2499e-11 8.8247e-12 4.6916e-13 4.1039e-12 8.7418e-12 9.5611e-12 1.0963e-11 7.3362e-12 2.3353e-12 6.8182e-12 6.206e-12 4.8602e-13 1.3914e-11 1.0195e-11 1.1542e-11 6.4784e-12 5.7643e-12 5.083e-12 1.49e-12 3.9356e-12 -3.0633e-13 1.7276e-12 -1.4534e-13 9.8506e-13 3.7607e-12 3.4086e-12 2.3036e-12 -4.2768e-12 -8.7456e-13 -3.5018e-12 1.8352e-13 -4.0287e-12 -2.9709e-12 2.9394e-12 8.1317e-13 -1.2144e-12 3.6887e-12 -3.0891e-14 1.447e-12 2.8572e-12 2.2883e-13 3.2938e-13 1.3942e-12 -5.3383e-13 -1.5593e-12 -6.6963e-13 4.5467e-13 -6.626e-13 -2.6597e-13 6.6417e-13 -1.4316e-13 -4.3541e-13 -1.0568e-12 7.4346e-13 1.8643e-12 1.6558e-13 5.6052e-13 6.8467e-14 -2.8439e-13 2.1567e-13 2.3161e-13 8.9135e-14 -2.9612e-14 8.4117e-15 -9.3407e-15
6.294e-12 8.0583e-12 2.0634e-12 5.1254e-12 2.3257e-13 9.7646e-13 1.0059e-12 1.0389e-11 7.2835e-12 1.1499e-11 1.3747e-11 1.2499e-11 2.5384e-11 4.5079e-12 2.0816e-12 9.5454e-12 1.0126e-11 2.1796e-12 6.0944e-12 2.3859e-12 5.6042e-12 9.3123e-12 6.2642e-12 6.2556e-12 1.4699e-11 9.224e-12 6.7114e-12 7.3821e-12 8.9221e-12 8.6537e-12 1.9262e-12 1.9398e-12 2.8094e-12 3.4429e-12 8.4939e-13 7.1821e-12 4.2964e-12 2.8088e-12 6.085e-13 -1.9363e-12 3.2693e-12 1.3702e-13 -4.0897e-14 -3.0087e-12 2.3079e-14 5.4389e-13 1.2409e-12 2.1206e-12 2.3101e-12 1.2184e-13 3.4545e-12 1.8976e-12 -1.245e-12 -2.4632e-12 2.803e-12 1.349e-12 -6.8676e-13 -1.6254e-14 1.2504e-12 4.9049e-14 -1.0475e-12 1.3666e-12 5.5059e-13 8.1667e-13 -3.9507e-13 7.174e-13 3.5488e-13 2.6837e-13 5.9216e-13 3.4117e-14 1.0348e-12 -2.0919e-13 3.2741e-13 -3.7373e-14 -5.5853e-14 4.065e-15 -1.617e-14
3.4212e-12 -5.1613e-12 -1.8845e-13 -3.4902e-12 2.7683e-12 4.4492e-12 1.1739e-12 5.6249e-12 5.8596e-12 4.968e-12 4.3912e-12 8.8247e-12 4.5079e-12 2.4244e-11 5.84e-12 6.6511e-12 6.1617e-12 9.2622e-12 8.7698e-12 5.8938e-12 9.5388e-13 5.7536e-12 1.0845e-11 2.2288e-12 8.6002e-12 1.1054e-11 3.0571e-12 8.9778e-12 4.3278e-12 3.3305e-12 3.8705e-12 1.403e-12 1.3633e-12 3.3307e-12 4.9027e-12 4.0308e-13 1.3429e-12 -2.2539e-12 9.8931e-13 -1.3166e-12 -2.8642e-12 -1.6157e-12 -4.4236e-13 -2.8535e-12 9.2483e-13 2.7521e-12 2.827e-12 -9.3036e-13 -2.9983e-12 -2.2785e-13 -7.2447e-13 3.2407e-12 3.256e-12 -1.542e-12 1.311e-12 -2.1673e-13 -9.9316e-13 1.1203e-12 1.0628e-12 1.1188e-12 -2.1215e-12 2.4501e-13 -1.2846e-13 -6.672e-13 -1.5274e-12 -3.6822e-14 1.56e-12 4.1881e-14 2.0934e-13 5.067e-13 -2.4582e-13 8.6383e-13 8.8572e-14 1.5061e-13 -1.6873e-13 3.5725e-17 3.5217e-16
-3.8434e-12 5.9772e-12 4.5158e-12 -1.4146e-12 7.8957e-12 8.5702e-12 -2.5214e-12 -1.2041e-13 9.4139e-12 5.0305e-12 -3.6749e-13 4.6916e-13 2.0816e-12 5.84e-12 2.3293e-11 6.1636e-12 9.4367e-12 3.0935e-12 8.2699e-12 5.4413e-12 6.8921e-12 8.5559e-12 1.0302e-11 1.8693e-12 4.444e-12 9.6531e-12 6.1292e-12 8.936e-12 7.0403e-12 2.994e-12 2.5864e-12 4.7523e-12 2.7934e-12 4.8784e-12 -1.4039e-12 3.7893e-13 1.4645e-12 -3.0735e-12 3.0867e-12 -1.6071e-12 1.0499e-12 3.3826e-13 5.0836e-14 3.8208e-13 3.0636e-12 2.2853e-12 4.6965e-13 1.4613e-12 3.3184e-14 -3.3541e-12 2.1068e-12 3.465e-12 -7.6951e-13 2.2438e-12 7.2576e-13 -8.6879e-13 -1.6515e-12 1.0623e-12 -5.8158e-13 1.9942e-12 -2.2216e-13 1.8464e-12 3.0598e-12 7.0913e-13 -7.9606e-13 3.858e-13 1.1852e-12 -4.7162e-13 7.1848e-14 -4.5617e-14 -5.6877e-13 -7.9502e-14 7.155e-14 2.0371e-13 -1.7157e-13 -4.9335e-14 -8.1863e-15
3.2259e-12 1.2084e-12 6.6269e-12 9.7974e-13 8.2339e-12 4.4381e-12 3.9704e-12 6.524e-12 7.071e-12 5.2787e-12 1.0213e-11 4.1039e-12 9.5454e-12 6.6511e-12 6.1636e-12 3.0739e-11 1.24e-11 6.549e-12 5.9976e-12 4.4469e-12 2.6682e-12 7.7764e-12 7.8906e-12 6.6002e-12 1.383e-11 1.0724e-11 8.3824e-12 1.0595e-11 6.8116e-12 4.3759e-12 5.4027e-12 3.3711e-12 4.2942e-12 -4.507e-13 1.4513e-12 7.2424e-12 2.5622e-12 7.6401e-14 1.8161e-12 1.119e-12 -3.8733e-12 -1.5217e-13 2.1726e-12 -4.1449e-12 3.0868e-13 4.6763e-12 2.2347e-12 4.2762e-13 -3.5111e-14 -1.1269e-12 2.8332e-12 3.9335e-12 2.7344e-12 -1.2838e-12 7.0279e-12 1.5668e-12 2.1168e-13 1.1938e-12 3.4599e-13 2.3051e-12 -6.8523e-13 1.1551e-12 5.9896e-13 -1.5112e-12 -3.9658e-13 6.46e-13 1.8984e-12 5.106e-14 9.2017e-13 5.7198e-13 6.426e-13 2.6203e-13 3.6708e-13 -1.6415e-13 5.8659e-15 -1.9916e-14 -2.8343e-14
-6.5569e-12 2.2293e-12 -3.7808e-13 5.236e-12 1.3158e-12 5.6042e-12 1.727e-13 2.6055e-12 4.0941e-12 3.1731e-12 1.2637e-11 8.7418e-12 1.0126e-11 6.1617e-12 9.4367e-12 1.24e-11 3.1274e-11 -1.3338e-12 1.1703e-11 -8.9677e-13 3.8764e-12 5.2146e-12 7.8568e-12 2.1316e-12 1.2597e-11 1.2891e-11 8.8305e-12 1.8588e-12 5.7582e-12 3.3544e-12 8.0328e-12 2.6397e-12 1.4297e-14 6.4731e-12 -1.82e-12 3.3954e-12 4.6047e-12 -2.4159e-12 -3.5102e-13 -5.9986e-12 -5.5307e-13 4.1864e-13 -1.58e-13 -4.0402e-12 6.3135e-13 2.256e-12 -2.2952e-12 7.176e-13 2.9499e-12 -4.055e-12 -3.9899e-13 1.1206e-12 -1.2453e-12 -9.3488e-13 1.9322e-12 5.2031e-13 -3.3015e-12 -1.0237e-12 -5.359e-13 -8.678e-13 -2.122e-12 -2.2556e-12 2.0598e-12 -1.6009e-13 -2.9847e-12 -3.3131e-13 1.2296e-12 -1.3468e-13 -2.4006e-13 -1.4113e-13 -3.6126e-13 4.1633e-14 5.5684e-14 1.6683e-13 -1.3862e-13 -2.5449e-14 -3.9685e-14
7.4902e-12 -2.9561e-12 4.2011e-12 -6.0355e-12 4.6566e-12 8.0349e-12 -7.6082e-13 5.663e-12 -1.0491e-13 8.2187e-12 3.35e-12 9.5611e-12 2.1796e-12 9.2622e-12 3.0935e-12 6.549e-12 -1.3338e-12 4.0076e-11 7.8386e-12 4.68e-12 2.0441e-12 2.4786e-13 4.1166e-12 1.2942e-11 4.9302e-12 5.1952e-12 7.89e-12 7.1145e-12 7.4899e-12 7.8445e-12 1.9758e-12 6.5378e-12 1.9606e-12 -3.1548e-12 3.777e-12 2.6912e-12 -1.0821e-12 7.537e-13 5.205e-13 -1.9833e-12 -3.3968e-12 -4.0864e-12 3.1919e-12 -5.0099e-12 3.5013e-12 3.8271e-12 2.9546e-12 2.4601e-12 -6.2733e-13 -7.1238e-13 -1.2654e-12 1.5217e-12 4.9483e-13 -4.9965e-12 -4.3503e-13 2.0662e-13 -1.1234e-12 1.6122e-12 3.5986e-13 -1.6526e-12 7.9825e-13 -2.3018e-13 6.6607e-13 -2.3813e-12 -1.4435e-12 3.5561e-13 3.9826e-13 8.3187e-13 -7.863e-13 5.6478e-13 -6.2987e-13 5.2683e-13 1.8816e-13 -1.59e-15 -4.8763e-14 -3.4107e-14 -3.7955e-14
-1.6613e-12 3.8311e-12 1.1709e-12 -7.8847e-13 4.8314e-12 5.4502e-12 -2.8506e-12 7.339e-12 9.8515e-12 6.4681e-12 5.2715e-12 1.0963e-11 6.0944e-12 8.7698e-12 8.2699e-12 5.9976e-12 1.1703e-11 7.8386e-12 2.0627e-11 2.4726e-12 -2.7515e-13 8.7833e-12 9.4831e-12 3.1161e-12 6.9615e-12 1.0029e-11 7.4456e-12 6.8052e-12 5.477e-12 5.277e-12 5.3306e-12 2.853e-12 4.2164e-13 6.1948e-12 2.8195e-12 8.1687e-13 1.028e-12 -2.3487e-12 -8.8486e-13 -6.8683e-13 2.8642e-12 -3.8511e-12 1.7634e-12 -2.3655e-12 1.523e-13 2.5901e-12 1.2901e-12 4.9795e-14 5.5362e-13 -2.7332e-12 3.4726e-13 6.6062e-13 1.9203e-14 -4.888e-13 -8.0486e-13 -4.3505e-13 -5.4593e-13 4.003e-13 -8.5665e-13 -4.654e-13 -7.9428e-13 1.4387e-12 1.5861e-12 -6.4396e-13 -1.331e-12 8.0027e-13 2.0478e-12 -2.4536e-14 4.4012e-13 5.1011e-14 1.779e-14 2.4035e-14 -9.3988e-14 2.699e-13 -1.1377e-13 -3.1994e-14 -2.6304e-14
8.9534e-13 7.751e-12 7.5999e-12 4.7043e-12 3.7957e-12 6.5713e-12 7.2978e-12 6.374e-12 7.8361e-12 4.9435e-12 -2.0288e-12 7.3362e-12 2.3859e-12 5.8938e-12 5.4413e-12 4.4469e-12 -8.9677e-13 4.68e-12 2.4726e-12 1.7677e-11 5.0464e-12 6.2761e-12 3.3605e-12 -4.0495e-13 9.8079e-12 4.7853e-12 4.3565e-12 7.2521e-12 8.8759e-12 4.9504e-12 -1.6804e-12 1.1986e-12 6.4854e-12 -2.1294e-12 2.8312e-12 4.4564e-13 2.3784e-12 3.7419e-13 2.2843e-12 -1.6177e-12 5.0896e-13 7.0497e-13 -2.5687e-12 -1.714e-12 -4.5017e-13 1.9996e-12 1.1212e-12 1.684e-13 2.1103e-12 -3.1132e-13 3.1357e-12 3.0117e-12 7.6674e-13 1.6474e-12 2.7736e-12 -6.2642e-13 6.724e-13 2.2724e-12 1.7819e-12 1.6609e-12 1.0087e-13 1.8796e-12 -3.0505e-13 -7.4533e-13 -3.6753e-13 -4.0354e-13 1.3376e-12 -2.445e-13 7.9589e-14 1.094e-13 -8.9326e-14 3.2029e-13 1.6167e-13 1.8449e-13 -3.082e-14 -5.3525e-15 6.0329e-15
-7.1543e-13 1.0264e-12 7.7812e-13 4.6937e-13 1.0808e-13 2.1798e-13 4.1539e-12 6.297e-12 6.1438e-12 8.3615e-12 3.3211e-12 2.3353e-12 5.6042e-12 9.5388e-13 6.8921e-12 2.6682e-12 3.8764e-12 2.0441e-12 -2.7515e-13 5.0464e-12 1.9585e-11 1.6931e-12 6.2914e-12 1.9205e-12 6.4522e-12 8.836e-12 5.37e-12 3.9692e-12 6.9449e-12 5.6144e-12 1.1536e-12 3.3703e-12 4.1594e-12 2.2507e-12 3.8051e-12 3.1387e-12 1.826e-12 1.5587e-14 5.1927e-13 -3.7652e-12 2.3026e-12 3.7451e-12 2.2887e-12 2.3863e-12 1.3798e-12 5.9061e-13 -4.3484e-13 1.6283e-13 2.4271e-12 8.4814e-13 1.0533e-12 1.7233e-12 -9.0375e-13 9.1801e-13 1.3797e-12 1.8471e-12 -1.6028e-12 -1.1398e-12 9.3296e-13 2.138e-12 -3.3266e-13 -5.5106e-13 -1.1422e-12 8.0958e-13 -1.8031e-12 3.6047e-13 4.087e-13 1.0586e-13 5.9216e-14 4.3726e-13 -5.275e-13 -2.9253e-13 6.7875e-14 4.5299e-14 -5.0953e-14 -2.7373e-14 -4.6314e-14
5.0016e-12 5.9645e-12 3.525e-12 5.8545e-12 4.7016e-12 3.3663e-12 2.6156e-12 4.4909e-12 9.3721e-12 1.8555e-12 9.2054e-12 6.8182e-12 9.3123e-12 5.7536e-12 8.5559e-12 7.7764e-12 5.2146e-12 2.4786e-13 8.7833e-12 6.2761e-12 1.6931e-12 2.1267e-11 6.7827e-12 2.9686e-12 1.0071e-11 7.8483e-12 4.8404e-12 1.1976e-11 6.0611e-12 5.3049e-12 4.9674e-13 2.6717e-12 4.3733e-12 4.0062e-12 3.1486e-12 2.5744e-12 1.0315e-12 1.0352e-12 -5.5112e-13 -2.4485e-14 3.3378e-12 2.2849e-12 -2.2541e-12 -6.3237e-13 8.0316e-14 2.5091e-13 7.3184e-13 -2.2689e-13 1.0401e-12 -2.2948e-12 2.1764e-12 2.7829e-12 9.7555e-13 2.4156e-12 2.1825e-12 -8.9143e-13 -1.1202e-12 1.4566e-12 9.1997e-13 1.9475e-12 -1.222e-12 1.1561e-12 9.2998e-13 1.2665e-12 -3.2601e-13 1.0387e-12 -1.2516e-13 -1.7767e-13 2.6528e-13 -5.3306e-13 3.8197e-13 3.1811e-14 1.2374e-13 7.5331e-14 -2.0252e-13 -1.1643e-14 -1.3843e-14
8.087e-13 3.6789e-12 -4.6744e-13 6.774e-13 5.4167e-12 4.1731e-12 -3.7538e-12 4.2127e-12 6.8445e-12 1.0512e-11 7.8269e-12 6.206e-12 6.2642e-12 1.0845e-11 1.0302e-11 7.8906e-12 7.8568e-12 4.1166e-12 9.4831e-12 3.3605e-12 6.2914e-12 6.7827e-12 1.9723e-11 9.6659e-13 8.4926e-12 8.8516e-12 9.9373e-12 8.5117e-12 4.6312e-12 4.6867e-12 2.8065e-12 3.0986e-12 3.4404e-12 3.8568e-12 2.6973e-12 3.7141e-12 1.3489e-12 -1.6369e-12 -6.0889e-13 -1.0457e-12 1.2214e-12 -1.5638e-12 2.218e-12 -6.3203e-13 -2.9181e-13 7.5358e-13 2.8366e-12 -9.1709e-13 -3.4658e-13 -1.2006e-12 -1.1919e-12 3.2975e-12 7.2939e-13 -6.1705e-13 1.1705e-12 3.6441e-13 -1.3826e-12 -9.5214e-13 -5.0411e-13 1.5925e-12 -1.7177e-12 1.7853e-12 4.0332e-13 -5.2612e-14 -2.1554e-12 4.1879e-13 1.662e-12 -8.7112e-13 7.4269e-13 3.6716e-13 -3.2255e-13 3.9297e-13 1.3297e-13 4.1606e-14 -9.3912e-14 -3.253e-15 -1.6792e-14
6.4155e-12 7.9329e-13 3.7709e-12 -2.3439e-12 5.6423e-12 2.9007e-12 -2.5002e-12 2.8368e-12 5.4956e-13 9.2018e-13 8.4459e-12 4.8602e-13 6.2556e-12 2.2288e-12 1.8693e-12 6.6002e-12 2.1316e-12 1.2942e-11 3.1161e-12 -4.0495e-13 1.9205e-12 2.9686e-12 9.6659e-13 1.9239e-11 2.8692e-12 4.0298e-12 2.0453e-12 6.7507e-12 5.5755e-12 4.862e-12 2.4242e-12 -7.2255e-13 -9.9341e-14 -8.4674e-13 -2.5452e-12 3.9472e-12 -5.747e-14 -2.2928e-12 5.2012e-13 8.3496e-13 -1.2789e-12 4.8324e-13 1.4538e-12 -1.259e-12 1.4787e-12 9.1597e-13 2.0845e-12 9.8223e-13 -1.7164e-12 -4.7921e-13 -9.7924e-14 -2.5631e-13 -2.5628e-13 -2.5094e-12 2.1039e-12 3.6587e-13 2.2786e-13 5.9131e-13 1.1896e-12 -8.6282e-13 4.6691e-13 -4.2098e-13 4.4619e-13 -3.2662e-13 -8.0478e-13 8.6146e-13 3.5645e-14 5.0304e-13 5.0907e-13 6.1284e-14 5.0026e-13 -2.9658e-14 1.2129e-13 -2.8643e-14 -5.841e-14 -3.5095e-14 -2.6853e-14
-2.0246e-12 6.7876e-12 1.6182e-12 7.0417e-12 1.785e-12 5.544e-12 8.5427e-12 1.3366e-11 8.5437e-12 1.3318e-11 1.4423e-11 1.3914e-11 1.4699e-11 8.6002e-12 4.444e-12 1.383e-11 1.2597e-11 4.9302e-12 6.9615e-12 9.8079e-12 6.4522e-12 1.0071e-11 8.4926e-12 2.8692e-12 3.4195e-11 9.0339e-12 1.0486e-11 1.1186e-11 1.6437e-11 8.2993e-12 2.4849e-12 4.4867e-12 6.5789e-12 3.2072e-12 3.415e-12 4.6136e-12 3.4068e-12 2.2291e-12 3.3961e-12 -2.7373e-12 2.7834e-12 -2.2719e-12 -1.6517e-12 -2.8148e-12 -2.3415e-12 3.5816e-12 1.6781e-12 -1.3908e-12 4.6947e-12 -1.6442e-12 2.0145e-12 4.6573e-12 3.6335e-12 -1.4038e-12 5.1098e-12 2.3103e-12 -6.6083e-13 -2.2291e-12 4.5903e-13 -7.7231e-14 -1.9589e-12 -5.3065e-14 -1.651e-12 -1.1455e-13 -1.3821e-12 1.4868e-12 3.8977e-13 -7.5232e-13 1.1217e-12 -2.2903e-13 -9.5317e-14 1.2589e-14 6.1194e-13 -5.4789e-14 -4.1369e-14 -1.2797e-14 -1.9041e-14
3.5245e-12 5.7299e-12 5.2464e-12 2.6895e-12 3.4549e-12 4.2191e-12 4.1037e-12 7.1098e-12 6.6375e-12 7.5014e-12 8.0045e-12 1.0195e-11 9.224e-12 1.1054e-11 9.6531e-12 1.0724e-11 1.2891e-11 5.1952e-12 1.0029e-11 4.7853e-12 8.836e-12 7.8483e-12 8.8516e-12 4.0298e-12 9.0339e-12 2.761e-11 7.8009e-12 6.2559e-12 9.0283e-12 7.2426e-12 5.2636e-12 5.0615e-12 2.7095e-12 2.9696e-12 5.3919e-12 3.938e-12 3.8113e-12 -1.5532e-13 8.0817e-13 -5.3592e-12 1.4981e-12 -7.1019e-14 2.5616e-12 -2.0757e-12 1.4008e-12 1.7257e-12 1.5487e-12 -4.7784e-13 3.1633e-13 1.3683e-12 -3.0458e-13 4.4082e-12 7.1651e-13 1.5461e-12 4.1531e-12 1.5033e-12 -1.3995e-12 1.1075e-12 1.0307e-12 2.934e-12 -1.4961e-12 -1.5685e-13 4.85e-13 4.894e-13 -1.6872e-12 1.0248e-12 7.8194e-13 -2.2482e-13 2.7106e-13 3.0075e-13 -7.3755e-13 3.008e-13 3.3401e-13 1.4116e-15 -7.4592e-14 -5.0404e-15 -5.2274e-14
-3.1693e-12 6.0914e-12 2.0088e-12 2.4818e-12 1.8037e-12 9.6727e-12 -3.7379e-12 5.2226e-12 4.7206e-12 9.3598e-12 3.5561e-12 1.1542e-11 6.7114e-12 3.0571e-12 6.1292e-12 8.3824e-12 8.8305e-12 7.89e-12 7.4456e-12 4.3565e-12 5.37e-12 4.8404e-12 9.9373e-12 2.0453e-12 1.0486e-11 7.8009e-12 1.7114e-11 4.6069e-12 5.2325e-12 6.7742e-12 3.3363e-12 3.3043e-12 2.5978e-12 1.1236e-12 -5.6499e-13 4.4863e-12 1.4344e-12 -1.5132e-12 -4.0564e-13 -1.3873e-12 2.0974e-12 -9.5126e-13 1.9728e-12 6.7525e-13 -2.5968e-13 1.4361e-12 -3.1816e-13 -1.1764e-12 1.7844e-12 -8.1285e-15 1.9459e-12 1.8782e-12 -2.6826e-13 1.2342e-12 1.5902e-12 -7.7684e-13 -4.1956e-13 -1.0536e-12 -1.1746e-13 1.2296e-12 -1.3627e-12 9.9172e-13 -3.5953e-14 -4.9258e-13 -1.8133e-12 5.0403e-13 6.8968e-13 3.9286e-16 1.1168e-12 -1.0282e-13 -2.9891e-13 -4.7411e-14 3.6279e-13 7.4862e-14 2.46e-14 -1.488e-14 -2.1492e-14
8.4667e-12 -7.5247e-13 1.4418e-12 3.4404e-13 7.6255e-12 6.7732e-12 3.3389e-12 4.6417e-12 8.5268e-12 3.0041e-12 8.0466e-12 6.4784e-12 7.3821e-12 8.9778e-12 8.936e-12 1.0595e-11 1.8588e-12 7.1145e-12 6.8052e-12 7.2521e-12 3.9692e-12 1.1976e-11 8.5117e-12 6.7507e-12 1.1186e-11 6.2559e-12 4.6069e-12 2.0807e-11 6.3787e-12 6.2207e-12 1.3803e-13 3.3841e-12 1.0284e-12 2.6679e-12 2.1206e-12 3.9805e-12 1.1261e-12 2.2108e-12 2.9619e-12 3.6612e-12 7.7536e-14 -6.3596e-13 -1.0467e-12 1.3125e-12 7.1827e-13 1.226e-12 2.5071e-12 5.7441e-13 -3.7315e-13 -4.1157e-12 1.3538e-12 3.6681e-12 5.0612e-13 -4.5633e-13 3.1306e-12 5.6326e-13 6.7768e-13 9.7746e-13 1.9466e-12 1.0403e-12 6.9181e-14 9.1295e-13 9.2417e-13 7.5351e-13 -4.3424e-13 1.2979e-12 5.965e-13 -9.0373e-13 -2.0703e-13 3.2192e-14 4.0903e-14 3.0366e-13 9.7874e-14 1.5306e-13 -8.829e-14 -2.3118e-14 -6.2507e-15
4.9754e-13 3.7187e-12 7.9789e-12 3.6998e-12 1.5026e-12 7.9944e-12 6.7337e-12 9.0821e-12 2.536e-12 9.7528e-12 6.3604e-12 5.7643e-12 8.9221e-12 4.3278e-12 7.0403e-12 6.8116e-12 5.7582e-12 7.4899e-12 5.477e-12 8.8759e-12 6.9449e-12 6.0611e-12 4.6312e-12 5.5755e-12 1.6437e-11 9.0283e-12 5.2325e-12 6.3787e-12 2.7462e-11 3.2589e-12 1.721e-13 2.9753e-12 4.6226e-12 4.6991e-12 1.5881e-12 2.281e-12 2.5892e-12 3.2586e-13 5.4958e-13 -4.3002e-13 2.7409e-12 -3.7118e-12 1.6228e-12 -2.779e-12 2.89e-13 2.7356e-12 3.6735e-13 -1.3913e-12 7.6322e-13 -9.7127e-13 2.8826e-12 3.0546e-12 1.3223e-12 -6.8422e-13 4.1596e-12 2.2719e-12 -1.5107e-13 4.2854e-13 2.1081e-12 -8.4241e-15 8.5931e-13 1.8887e-12 -4.0716e-13 -1.8292e-12 -1.2126e-12 1.3248e-12 1.2492e-12 5.3249e-13 6.7191e-13 6.7247e-13 -2.6358e-14 -1.7508e-14 1.5629e-13 -1.429e-13 -1.5212e-13 -4.2179e-14 1.1504e-14
4.9468e-12 1.0897e-12 1.2614e-12 1.9396e-12 4.1645e-13 2.3371e-12 2.7046e-12 9.9795e-12 3.4741e-12 5.2281e-12 6.0104e-12 5.083e-12 8.6537e-12 3.3305e-12 2.994e-12 4.3759e-12 3.3544e-12 7.8445e-12 5.277e-12 4.9504e-12 5.6144e-12 5.3049e-12 4.6867e-12 4.862e-12 8.2993e-12 7.2426e-12 6.7742e-12 6.2207e-12 3.2589e-12 1.193e-11 2.4016e-12 2.7704e-12 2.5447e-12 1.1355e-12 3.2407e-12 5.1097e-12 8.8396e-13 9.3841e-13 -7.2271e-13 -1.8009e-12 1.4609e-12 4.5439e-13 1.9435e-15 4.3859e-13 7.6777e-13 -1.3672e-12 1.1627e-12 6.5932e-13 7.741e-13 -1.3808e-12 1.3856e-12 1.6594e-12 -1.5889e-13 -6.8071e-13 9.0945e-13 5.2547e-13 4.8876e-13 9.4335e-13 4.1588e-13 1.4707e-12 -2.8264e-13 -7.279e-13 -1.05e-12 4.2644e-13 -8.4396e-13 4.5029e-13 5.4481e-13 1.4062e-13 6.1026e-13 -4.1063e-13 7.3873e-14 -3.2454e-13 1.8709e-13 2.544e-13 1.8238e-16 -1.2209e-14 -2.7687e-14
-1.5945e-13 -9.0424e-13 -1.2425e-13 3.0904e-12 5.2415e-13 2.6215e-12 -3.2814e-13 4.0751e-12 3.8137e-12 3.2242e-12 3.5231e-12 1.49e-12 1.9262e-12 3.8705e-12 2.5864e-12 5.4027e-12 8.0328e-12 1.9758e-12 5.3306e-12 -1.6804e-12 1.1536e-12 4.9674e-13 2.8065e-12 2.4242e-12 2.4849e-12 5.2636e-12 3.3363e-12 1.3803e-13 1.721e-13 2.4016e-12 8.8147e-12 -5.2713e-13 -3.5728e-13 1.1616e-12 5.0299e-13 1.6167e-13 5.6688e-13 -2.5246e-12 -7.3866e-13 -1.793e-13 7.2069e-13 1.1428e-12 1.6698e-12 -8.4701e-13 1.0664e-12 1.0028e-12 -1.5049e-13 2.7044e-13 -2.3732e-13 -1.3485e-12 7.6784e-13 3.6229e-13 8.5493e-15 6.6241e-13 9.5522e-13 1.1243e-12 2.512e-13 -2.741e-14 -5.1496e-13 1.5407e-14 -8.3263e-13 -4.758e-13 4.1597e-13 4.9845e-14 -1.4214e-13 2.4642e-13 7.4567e-13 3.0835e-13 5.6948e-13 2.285e-13 -2.3643e-14 -1.4696e-13 9.5166e-14 2.998e-13 -2.7788e-14 -1.9419e-14 -1.3656e-14
-9.8161e-13 3.7338e-12 4.6942e-12 -2.5563e-12 6.6719e-12 -1.401e-12 3.5357e-12 2.5039e-12 8.3842e-13 2.7377e-12 3.6891e-12 3.9356e-12 1.9398e-12 1.403e-12 4.7523e-12 3.3711e-12 2.6397e-12 6.5378e-12 2.853e-12 1.1986e-12 3.3703e-12 2.6717e-12 3.0986e-12 -7.2255e-13 4.4867e-12 5.0615e-12 3.3043e-12 3.3841e-12 2.9753e-12 2.7704e-12 -5.2713e-13 1.2515e-11 1.4319e-13 -8.0054e-13 3.5913e-12 1.4408e-12 9.0525e-13 2.9486e-12 1.4405e-12 -1.9142e-12 1.0512e-12 2.6536e-13 2.2604e-12 -1.6794e-12 3.055e-12 -6.0293e-13 -1.3302e-13 2.3168e-12 2.8087e-12 -5.9161e-13 1.8817e-13 1.641e-12 9.1406e-13 -6.411e-13 1.987e-13 2.9145e-13 -2.0399e-12 3.658e-13 1.9469e-12 5.0083e-13 3.2815e-13 8.0293e-14 1.0456e-12 -1.5503e-14 -6.6666e-14 1.3342e-12 6.6279e-13 -1.0022e-12 2.354e-14 -1.3326e-13 -4.323e-13 2.9249e-13 1.5582e-13 -2.5793e-15 1.892e-14 -1.971e-15 -2.227e-14
-3.0464e-12 5.2508e-12 4.2721e-12 4.4931e-12 -1.0227e-12 7.1929e-12 7.795e-13 3.6418e-12 9.7486e-12 2.8735e-12 2.5252e-13 -3.0633e-13 2.8094e-12 1.3633e-12 2.7934e-12 4.2942e-12 1.4297e-14 1.9606e-12 4.2164e-13 6.4854e-12 4.1594e-12 4.3733e-12 3.4404e-12 -9.9341e-14 6.5789e-12 2.7095e-12 2.5978e-12 1.0284e-12 4.6226e-12 2.5447e-12 -3.5728e-13 1.4319e-13 1.1289e-11 -7.4618e-13 4.7872e-12 7.5789e-13 1.3008e-12 -6.0693e-13 4.6447e-13 -6.3411e-13 8.4358e-14 1.155e-12 1.3538e-14 -2.1206e-12 2.3489e-12 6.5729e-13 9.4585e-13 -6.2375e-14 1.3682e-12 1.3733e-12 1.0968e-12 9.6042e-13 4.7582e-13 4.6758e-13 2.5041e-12 6.3277e-14 -1.9956e-13 -2.1875e-13 3.4266e-13 2.3361e-12 -2.0854e-12 6.6496e-13 -2.3997e-13 -1.4557e-12 7.3319e-13 -1.6238e-13 -8.3497e-14 2.631e-15 4.0944e-13 -2.742e-13 2.1568e-14 4.5021e-13 6.6235e-14 1.8978e-15 -1.1896e-15 -8.0773e-15 -1.643e-14
-7.9544e-13 -4.9535e-12 -2.829e-12 -1.8166e-12 3.1487e-13 -2.1546e-12 -8.9563e-12 3.1095e-12 -1.0735e-12 -8.9308e-13 3.032e-12 1.7276e-12 3.4429e-12 3.3307e-12 4.8784e-12 -4.507e-13 6.4731e-12 -3.1548e-12 6.1948e-12 -2.1294e-12 2.2507e-12 4.0062e-12 3.8568e-12 -8.4674e-13 3.2072e-12 2.9696e-12 1.1236e-12 2.6679e-12 4.6991e-12 1.1355e-12 1.1616e-12 -8.0054e-13 -7.4618e-13 1.3627e-11 4.8999e-13 -8.2867e-13 2.6099e-12 -8.3825e-13 -2.0246e-12 -3.6361e-13 2.8848e-12 -2.3821e-12 2.9147e-14 1.2557e-12 -3.5389e-13 5.6219e-13 2.8197e-13 -1.5295e-12 -6.7252e-13 -3.3545e-12 -1.1647e-12 -2.0079e-13 9.723e-13 -3.806e-13 -5.9992e-13 4.946e-13 -8.4134e-13 -6.6026e-13 -1.3437e-12 -1.3433e-13 -1.1637e-12 5.6567e-14 7.395e-13 4.2212e-13 -1.5956e-12 -2.4957e-13 7.8825e-13 3.237e-13 1.2133e-13 4.7232e-13 -1.8263e-13 6.8951e-14 2.0349e-13 1.3768e-13 -1.206e-13 -1.3807e-14 7.366e-15
-1.1417e-14 -6.7089e-12 -1.2709e-12 -3.3093e-13 -2.9292e-12 -6.5669e-13 7.0974e-12 4.3396e-12 6.4973e-12 3.2734e-12 2.9727e-12 -1.4534e-13 8.4939e-13 4.9027e-12 -1.4039e-12 1.4513e-12 -1.82e-12 3.777e-12 2.8195e-12 2.8312e-12 3.8051e-12 3.1486e-12 2.6973e-12 -2.5452e-12 3.415e-12 5.3919e-12 -5.6499e-13 2.1206e-12 1.5881e-12 3.2407e-12 5.0299e-13 3.5913e-12 4.7872e-12 4.8999e-13 1.2888e-11 2.0085e-12 1.8704e-13 1.3093e-12 -2.0747e-12 2.6364e-13 2.2171e-12 -1.5141e-13 1.1962e-12 -1.1865e-13 2.1223e-12 -6.6824e-13 1.3808e-12 -3.8953e-13 6.8416e-13 1.1788e-12 -1.1059e-12 1.2624e-12 1.3742e-12 -7.4139e-13 -6.871e-14 2.0784e-12 3.5535e-13 -1.794e-13 1.5726e-12 2.5752e-12 -1.7775e-12 4.7806e-13 -1.2416e-12 -5.9055e-13 -3.2576e-13 4.3548e-13 -2.0631e-13 -7.4207e-13 -4.4197e-13 -6.8301e-14 -5.3282e-14 3.3569e-13 1.295e-13 -9.6616e-14 -4.2194e-14 1.358e-15 -3.3357e-14
2.6668e-12 -1.1667e-12 -7.2828e-13 8.8163e-13 -9.7157e-13 3.3828e-12 1.9483e-12 1.1527e-13 1.285e-12 2.745e-12 7.4861e-12 9.8506e-13 7.1821e-12 4.0308e-13 3.7893e-13 7.2424e-12 3.3954e-12 2.6912e-12 8.1687e-13 4.4564e-13 3.1387e-12 2.5744e-12 3.7141e-12 3.9472e-12 4.6136e-12 3.938e-12 4.4863e-12 3.9805e-12 2.281e-12 5.1097e-12 1.6167e-13 1.4408e-12 7.5789e-13 -8.2867e-13 2.0085e-12 8.3578e-12 4.9739e-13 1.0783e-12 -9.6807e-13 -1.5797e-13 6.0888e-13 -3.3718e-13 1.2172e-12 3.002e-13 4.4524e-13 -2.3558e-13 6.1994e-13 3.1043e-13 -1.8765e-14 -5.2919e-13 9.1185e-13 3.1597e-13 -4.1047e-13 -2.0868e-12 1.3574e-12 8.0884e-13 -2.7358e-13 -5.5656e-13 1.0225e-12 9.8848e-13 2.2162e-13 6.1427e-13 -7.5009e-13 7.4086e-14 -3.6608e-13 3.3797e-13 1.7152e-13 1.3864e-13 2.9323e-14 -4.5099e-13 3.0641e-13 -2.8929e-13 8.053e-14 -1.2943e-13 8.1817e-15 7.6818e-16 -1.7116e-14
-1.4566e-12 3.2648e-13 3.4746e-12 1.5111e-12 1.1058e-12 -2.0959e-12 -4.4355e-12 1.7758e-12 -5.3987e-13 5.3939e-13 2.3005e-12 3.7607e-12 4.2964e-12 1.3429e-12 1.4645e-12 2.5622e-12 4.6047e-12 -1.0821e-12 1.028e-12 2.3784e-12 1.826e-12 1.0315e-12 1.3489e-12 -5.747e-14 3.4068e-12 3.8113e-12 1.4344e-12 1.1261e-12 2.5892e-12 8.8396e-13 5.6688e-13 9.0525e-13 1.3008e-12 2.6099e-12 1.8704e-13 4.9739e-13 6.6995e-12 1.1431e-12 -8.1771e-13 -2.6916e-14 9.3188e-13 6.5301e-13 1.1676e-12 1.4419e-14 4.5974e-13 1.7133e-12 4.4975e-13 -1.8147e-13 1.8589e-12 -1.4349e-13 1.2631e-12 -7.2708e-14 3.1379e-13 3.0432e-13 2.1173e-12 1.707e-13 -4.437e-13 -3.6008e-15 5.5309e-13 -1.1862e-13 -1.6401e-13 -2.4754e-13 7.983e-13 -3.5156e-13 -6.2211e-13 -6.0022e-13 2.6691e-13 -5.5524e-14 1.9395e-13 3.7814e-13 6.6542e-15 7.7068e-14 3.1646e-13 4.4471e-14 -1.8285e-14 -8.6948e-15 -5.8294e-16
6.0856e-12 8.2415e-13 -1.4644e-12 4.7939e-12 -2.479e-13 -2.5532e-12 4.2473e-12 3.8881e-12 -2.2609e-12 1.2657e-12 3.0426e-12 3.4086e-12 2.8088e-12 -2.2539e-12 -3.0735e-12 7.6401e-14 -2.4159e-12 7.537e-13 -2.3487e-12 3.7419e-13 1.5587e-14 1.0352e-12 -1.6369e-12 -2.2928e-12 2.2291e-12 -1.5532e-13 -1.5132e-12 2.2108e-12 3.2586e-13 9.3841e-13 -2.5246e-12 2.9486e-12 -6.0693e-13 -8.3825e-13 1.3093e-12 1.0783e-12 1.1431e-12 9.5837e-12 9.3982e-13 2.6462e-12 1.264e-12 4.7579e-13 -6.0249e-14 6.1003e-13 7.4718e-14 5.8965e-13 1.1145e-12 1.8728e-12 1.3161e-12 -7.8675e-13 1.174e-12 1.7405e-12 4.0567e-13 -1.3137e-12 -7.1295e-13 7.7655e-13 9.8634e-13 5.3261e-13 1.3234e-12 5.0862e-14 1.7461e-12 4.2808e-13 -1.0258e-13 1.0332e-12 2.4992e-13 9.673e-14 -2.1786e-13 2.313e-13 -1.3733e-13 1.0103e-13 -1.5106e-13 2.8552e-13 -1.5125e-14 -3.1228e-14 5.0079e-14 3.1562e-14 1.5626e-14
-1.303e-12 4.765e-12 1.4228e-12 -8.4271e-13 1.9837e-12 1.5357e-12 2.0663e-12 -8.8006e-13 2.7372e-12 4.5066e-13 -1.7317e-12 2.3036e-12 6.085e-13 9.8931e-13 3.0867e-12 1.8161e-12 -3.5102e-13 5.205e-13 -8.8486e-13 2.2843e-12 5.1927e-13 -5.5112e-13 -6.0889e-13 5.2012e-13 3.3961e-12 8.0817e-13 -4.0564e-13 2.9619e-12 5.4958e-13 -7.2271e-13 -7.3866e-13 1.4405e-12 4.6447e-13 -2.0246e-12 -2.0747e-12 -9.6807e-13 -8.1771e-13 9.3982e-13 6.6901e-12 -1.125e-12 -6.9178e-13 -9.039e-13 -1.95e-12 -1.2754e-12 -1.5803e-14 1.0255e-14 3.8708e-13 5.7532e-13 2.4429e-13 -6.469e-14 1.4422e-13 4.8179e-13 4.8721e-14 -3.1058e-14 1.2141e-12 -9.0059e-13 2.8115e-13 4.1205e-13 1.7803e-13 2.8556e-14 -5.1782e-14 1.955e-13 6.1676e-13 3.9648e-13 6.251e-13 2.2391e-13 2.7036e-13 -5.3838e-13 -2.9158e-13 -3.9012e-13 -7.7193e-14 2.376e-13 1.9313e-14 -3.7466e-15 -1.672e-14 -1.4986e-14 -3.1231e-15
3.0186e-12 -4.8634e-12 -2.7753e-12 -1.6902e-12 -1.7733e-13 1.4729e-12 1.4797e-12 -1.3186e-12 2.1792e-12 -3.1532e-12 2.0242e-12 -4.2768e-12 -1.9363e-12 -1.3166e-12 -1.6071e-12 1.119e-12 -5.9986e-12 -1.9833e-12 -6.8683e-13 -1.6177e-12 -3.7652e-12 -2.4485e-14 -1.0457e-12 8.3496e-13 -2.7373e-12 -5.3592e-12 -1.3873e-12 3.6612e-12 -4.3002e-13 -1.8009e-12 -1.793e-13 -1.9142e-12 -6.3411e-13 -3.6361e-13 2.6364e-13 -1.5797e-13 -2.6916e-14 2.6462e-12 -1.125e-12 1.2665e-11 1.9439e-12 1.0265e-12 -1.0131e-13 3.4917e-12 1.2745e-12 1.2521e-12 2.5889e-12 6.3439e-13 -2.6258e-12 5.2171e-13 1.422e-12 1.105e-12 1.3181e-12 2.3573e-13 8.0279e-13 1.6917e-12 2.5506e-12 -7.9193e-13 -1.5755e-14 5.411e-13 4.2471e-13 1.4786e-12 9.4449e-14 -4.7201e-13 8.8949e-13 4.4265e-13 -9.6739e-13 -2.4779e-13 6.2338e-13 4.0913e-13 5.1325e-13 4.2445e-13 -2.3923e-13 1.7821e-13 3.2656e-14 -8.7623e-15 2.6712e-14
-1.591e-12 4.4549e-12 3.4751e-14 2.3881e-12 -2.1083e-12 -7.5183e-14 -3.5353e-12 2.3484e-12 3.0218e-12 2.1198e-12 2.2774e-12 -8.7456e-13 3.2693e-12 -2.8642e-12 1.0499e-12 -3.8733e-12 -5.5307e-13 -3.3968e-12 2.8642e-12 5.0896e-13 2.3026e-12 3.3378e-12 1.2214e-12 -1.2789e-12 2.7834e-12 1.4981e-12 2.0974e-12 7.7536e-14 2.7409e-12 1.4609e-12 7.2069e-13 1.0512e-12 8.4358e-14 2.8848e-12 2.2171e-12 6.0888e-13 9.3188e-13 1.264e-12 -6.9178e-13 1.9439e-12 1.0019e-11 6.9567e-13 -5.5459e-13 1.5345e-12 2.5854e-13 -3.4257e-13 -1.8615e-13 1.4412e-12 2.85e-12 2.926e-13 3.5575e-13 -9.7963e-13 3.4258e-14 1.1828e-12 -9.8458e-13 6.7149e-14 7.2047e-14 -5.7609e-13 7.0813e-13 1.8257e-13 -2.8851e-13 1.2223e-12 3.1561e-13 1.1994e-12 -7.4513e-13 5.6564e-13 -1.053e-12 -3.5885e-13 -4.8311e-16 -2.8143e-13 1.2324e-13 -3.3356e-14 2.9876e-13 9.8815e-14 -4.8558e-14 -1.24e-14 -1.106e-14
1.0856e-12 2.0951e-12 7.664e-13 3.1632e-12 -1.826e-13 -3.877e-12 2.8222e-12 -4.7074e-13 3.621e-12 -2.2717e-12 6.394e-13 -3.5018e-12 1.3702e-13 -1.6157e-12 3.3826e-13 -1.5217e-13 4.1864e-13 -4.0864e-12 -3.8511e-12 7.0497e-13 3.7451e-12 2.2849e-12 -1.5638e-12 4.8324e-13 -2.2719e-12 -7.1019e-14 -9.5126e-13 -6.3596e-13 -3.7118e-12 4.5439e-13 1.1428e-12 2.6536e-13 1.155e-12 -2.3821e-12 -1.5141e-13 -3.3718e-13 6.5301e-13 4.7579e-13 -9.039e-13 1.0265e-12 6.9567e-13 8.4961e-12 -1.2033e-12 1.1774e-12 1.8468e-12 -1.7413e-12 -1.5837e-12 1.2898e-12 1.3024e-12 6.9898e-13 1.4327e-12 5.8038e-13 1.2747e-12 2.0507e-12 2.2517e-13 6.7707e-13 -7.1433e-13 4.3632e-13 6.7154e-13 6.1791e-13 -8.8268e-13 -7.1999e-13 -3.2596e-14 1.4429e-12 6.6578e-13 -3.6949e-14 -1.6874e-12 -1.2979e-13 -8.4723e-14 -1.2675e-13 -8.0687e-14 -1.1973e-14 -7.3208e-14 2.4209e-13 -5.1658e-14 6.1888e-16 -1.0353e-14
3.9085e-13 1.6983e-13 4.1221e-12 -1.31e-12 1.4368e-12 -1.737e-14 -2.5886e-12 2.1806e-13 -9.7336e-13 2.25e-12 -1.3288e-12 1.8352e-13 -4.0897e-14 -4.4236e-13 5.0836e-14 2.1726e-12 -1.58e-13 3.1919e-12 1.7634e-12 -2.5687e-12 2.2887e-12 -2.2541e-12 2.218e-12 1.4538e-12 -1.6517e-12 2.5616e-12 1.9728e-12 -1.0467e-12 1.6228e-12 1.9435e-15 1.6698e-12 2.2604e-12 1.3538e-14 2.9147e-14 1.1962e-12 1.2172e-12 1.1676e-12 -6.0249e-14 -1.95e-12 -1.0131e-13 -5.5459e-13 -1.2033e-12 6.1959e-12 -2.4491e-14 1.2252e-12 9.9391e-13 6.9672e-13 1.0672e-13 -1.06e-12 1.4442e-12 4.4386e-13 -2.0812e-13 -9.4405e-13 -1.1327e-12 3.1737e-13 6.8987e-13 -3.0575e-13 -1.802e-13 2.6871e-13 8.1852e-13 1.1776e-12 2.7382e-13 5.2607e-13 -1.0171e-12 -2.8587e-14 6.4981e-14 1.0541e-12 2.6298e-14 4.7978e-13 4.8003e-13 -1.8566e-13 -9.4709e-14 4.4803e-14 -6.1181e-14 2.427e-14 -1.7318e-15 -6.038e-15
1.2502e-12 -8.9705e-12 -4.3879e-12 -2.5752e-12 7.3393e-13 -1.7026e-12 -1.4607e-12 9.4461e-13 -3.3193e-12 -5.5325e-13 -1.4832e-12 -4.0287e-12 -3.0087e-12 -2.8535e-12 3.8208e-13 -4.1449e-12 -4.0402e-12 -5.0099e-12 -2.3655e-12 -1.714e-12 2.3863e-12 -6.3237e-13 -6.3203e-13 -1.259e-12 -2.8148e-12 -2.0757e-12 6.7525e-13 1.3125e-12 -2.779e-12 4.3859e-13 -8.4701e-13 -1.6794e-12 -2.1206e-12 1.2557e-12 -1.1865e-13 3.002e-13 1.4419e-14 6.1003e-13 -1.2754e-12 3.4917e-12 1.5345e-12 1.1774e-12 -2.4491e-14 8.494e-12 2.0347e-13 -1.3842e-12 -2.18e-13 -2.3469e-12 -1.4599e-12 -3.0618e-13 1.0156e-12 2.4506e-13 -3.3344e-13 2.0991e-12 -1.1624e-12 8.721e-13 2.6139e-12 -1.1946e-12 2.6339e-13 1.7151e-13 5.4464e-13 -3.5156e-13 -6.6844e-13 1.0424e-12 -1.1855e-12 6.0928e-14 -7.0265e-13 -3.4464e-14 2.6953e-13 1.5225e-13 1.1432e-14 -2.8921e-13 -2.4883e-13 -1.7623e-14 5.9414e-14 1.1121e-14 1.2908e-14
-7.1254e-13 -6.7971e-13 1.9741e-12 -2.5332e-12 1.1165e-12 4.0424e-12 -4.5076e-13 -1.3328e-12 2.9989e-12 -7.9704e-13 -6.5264e-13 -2.9709e-12 2.3079e-14 9.2483e-13 3.0636e-12 3.0868e-13 6.3135e-13 3.5013e-12 1.523e-13 -4.5017e-13 1.3798e-12 8.0316e-14 -2.9181e-13 1.4787e-12 -2.3415e-12 1.4008e-12 -2.5968e-13 7.1827e-13 2.89e-13 7.6777e-13 1.0664e-12 3.055e-12 2.3489e-12 -3.5389e-13 2.1223e-12 4.4524e-13 4.5974e-13 7.4718e-14 -1.5803e-14 1.2745e-12 2.5854e-13 1.8468e-12 1.2252e-12 2.0347e-13 5.3647e-12 -1.3248e-12 1.5784e-13 2.184e-12 -9.2708e-13 6.1293e-13 1.276e-13 5.5277e-13 -2.5764e-13 -4.1163e-13 3.7622e-14 3.464e-13 -1.2194e-13 -1.3239e-13 1.4123e-12 1.3724e-13 -6.2453e-13 6.3012e-13 3.0659e-13 -1.3287e-13 3.6425e-13 -8.5694e-14 -5.719e-13 4.6369e-14 -3.1134e-13 -1.4604e-13 -3.62e-13 1.5918e-13 -1.538e-13 1.1488e-13 -2.4986e-14 -9.6976e-15 -2.8547e-15
-9.4766e-13 4.0262e-13 7.9403e-13 5.4197e-14 5.0644e-13 3.3446e-12 -6.163e-13 1.4982e-12 2.899e-12 2.0011e-12 1.131e-12 2.9394e-12 5.4389e-13 2.7521e-12 2.2853e-12 4.6763e-12 2.256e-12 3.8271e-12 2.5901e-12 1.9996e-12 5.9061e-13 2.5091e-13 7.5358e-13 9.1597e-13 3.5816e-12 1.7257e-12 1.4361e-12 1.226e-12 2.7356e-12 -1.3672e-12 1.0028e-12 -6.0293e-13 6.5729e-13 5.6219e-13 -6.6824e-13 -2.3558e-13 1.7133e-12 5.8965e-13 1.0255e-14 1.2521e-12 -3.4257e-13 -1.7413e-12 9.9391e-13 -1.3842e-12 -1.3248e-12 6.5734e-12 1.5789e-12 9.0217e-13 9.798e-13 -5.8616e-14 1.1184e-12 -2.2364e-14 1.2542e-13 -3.0182e-13 6.5296e-13 -2.2404e-13 4.9975e-14 7.0576e-15 -4.7246e-13 -1.0366e-13 9.2012e-13 1.0768e-12 6.9844e-13 -7.3458e-13 -1.4337e-13 -2.8647e-13 5.5704e-13 4.8237e-13 2.6932e-13 4.8403e-13 1.5837e-13 7.8272e-14 1.4235e-13 -6.9572e-14 3.0713e-14 -8.9031e-15 1.3603e-15
