,0,1,2,3,4,5,6,7,8,9,10,11,12,13,14,15,16,17,18,19,20,21,22,23,24,25,26,27,28,29,30,31,32,33,34,35,36,37,38,39,40,41,42,43,44,45,46,47,48,49,50,51,52,53,54,55,56,57,58,59,60,61,62,63,64,65,66,67,68,69,70,71,72,73,74,75,76,77,78,79,80,81,82,83,84,85,86,87,88,89,90,91,92,93,94,95,96,97,98,99,100,101,102,103,104,105,106,107,108,109,110,111,112,113,114,115,116,117,118,119,120,121,122,123,124,125,126,127,128,129,130,131,132,133,134,135,136,137,138,139,140,141,142,143,144,145,146,147,148,149,150,151,152,153,154,155,156,157,158,159,160,161,162,163,164,165,166,167,168,169,170,171,172,173,174,175,176,177
0,1,0.79716,0.81616,0.82945,0.77998,0.8244,0.78017,0.73142,0.8617,0.74934,0.72506,0.88022,0.78401,0.75132,0.74973,0.75649,0.8633,0.82134,0.69377,0.73914,0.74816,0.82396,0.83372,0.79408,0.7564,0.7317,0.78542,0.7846,0.81199,0.78904,0.79074,0.83238,0.7603,0.76794,0.7695,0.71713,0.78347,0.7054,0.73617,0.69838,0.68284,0.63609,0.69029,0.60278,0.63679,0.71037,0.61376,0.58162,0.54469,0.65615,0.61613,0.56305,0.52328,0.53583,0.55046,0.6279,0.34094,0.44074,0.62433,0.57014,0.54638,0.35074,0.26712,0.13175,0.38085,0.2204,0.25618,0.4427,0.39171,0.0259,0.45502,0.33052,0.14203,0.35443,0.15656,0.36951,0.42614,0.37023,0.29378,0.15721,0.19872,0.12941,0.39676,0.28073,0.047856,0.1508,0.078987,-0.017268,0.39355,0.097044,0.14362,0.19132,0.0098158,-0.050146,0.14989,0.15612,-0.10034,0.19473,0.085971,0.13002,0.24361,0.096348,0.098376,0.014145,-0.052237,0.18165,0.075964,0.05666,-0.027543,0.25094,0.27515,0.61279,0.014205,-0.29048,0.16809,-0.2328,0.147,0.20728,0.10168,0.080142,0.030226,-0.047673,-0.15882,0.12074,0.21229,-0.039279,-0.18817,-0.07769,0.36748,-0.029831,-0.042102,-0.017613,-0.065887,-0.16447,-0.067906,-0.065397,0.058755,0.088966,0.18406,0.15289,0.12877,0.16948,-0.020697,0.17487,-0.11219,0.37707,0.013593,-0.01054,-0.27451,0.19145,-0.064663,-0.1491,-0.21198,-0.25203,-0.13443,0.13538,-0.27885,0.037261,0.02986,0.17799,-0.17476,-0.12346,-0.23156,0.13954,-0.10011,0.23612,0.18438,0.15442,-0.2537,-0.2275,-0.17002,0.06031,0.042666,0.091904,-0.009049,0.29248,0.11782,0.0081694
1,0.79716,1,0.84541,0.82409,0.86196,0.84787,0.81617,0.78429,0.80287,0.76691,0.71857,0.8018,0.8313,0.80208,0.72381,0.81142,0.8488,0.82575,0.75448,0.75661,0.80445,0.83834,0.80132,0.7954,0.79649,0.80367,0.79981,0.78592,0.69649,0.83927,0.7785,0.88086,0.78496,0.76783,0.78994,0.80686,0.77221,0.79571,0.68153,0.73579,0.75725,0.74212,0.69642,0.65269,0.77258,0.67354,0.60668,0.55415,0.5327,0.6174,0.61448,0.72214,0.4783,0.66737,0.63566,0.5741,0.42466,0.43753,0.59149,0.4809,0.52644,0.50051,0.41139,0.16713,0.40881,0.26562,0.48087,0.55093,0.35199,0.20585,0.29732,0.28151,0.19171,0.26923,0.14116,0.51398,0.4487,0.45568,0.40209,0.11249,0.26557,0.10743,0.37377,0.23027,-0.016857,0.34734,0.14085,0.15472,0.29924,0.11491,0.22378,0.27294,-0.15365,-0.0015268,0.085994,0.13312,-0.042345,0.048945,0.13386,0.053185,0.23125,0.046093,0.10498,-0.011167,-0.14208,0.10571,0.11936,-0.0022904,-0.0012379,0.094712,0.1441,0.4554,0.046677,-0.35735,0.3302,0.057033,0.0094363,0.24304,0.0054792,0.054414,0.095545,0.089116,-0.13263,-0.060727,0.12535,-0.12305,-0.19277,-0.044523,0.29318,-0.15729,0.04934,-0.16424,-0.15511,-0.1876,-0.095378,-0.03123,0.084731,0.19541,0.15187,0.11899,0.049972,0.12536,-0.076156,0.16936,-0.10496,0.20483,0.12691,-0.14439,-0.19476,0.10943,-0.054876,-0.15581,-0.21358,-0.079936,-0.048829,0.19513,-0.2389,-0.10318,-0.083538,0.14423,-0.01638,-0.22603,-0.2093,0.085575,0.018274,0.095713,0.2548,0.20423,-0.1174,-0.28736,-0.21523,-0.043245,0.075606,0.0021099,-0.11899,0.30469,0.10888,0.0041053
2,0.81616,0.84541,1,0.86163,0.86231,0.84062,0.8363,0.81646,0.8457,0.79731,0.80833,0.85363,0.87856,0.75696,0.79283,0.83522,0.88031,0.85486,0.69094,0.74729,0.84273,0.91439,0.87166,0.82108,0.79703,0.7935,0.79662,0.78251,0.76064,0.81516,0.80897,0.87042,0.76722,0.72865,0.73332,0.80341,0.81581,0.78723,0.78842,0.76192,0.69551,0.68645,0.71418,0.59755,0.67529,0.71623,0.64497,0.5971,0.5058,0.73363,0.65441,0.76377,0.5615,0.61692,0.63794,0.66562,0.37417,0.38363,0.63079,0.54228,0.55317,0.6518,0.35207,0.10867,0.39168,0.25506,0.53047,0.43243,0.45035,0.18241,0.37391,0.34395,0.28,0.22459,0.076674,0.54006,0.44149,0.43676,0.33,0.1901,0.17565,0.11384,0.28865,0.26926,-0.13676,0.25996,-0.093674,0.099894,0.33538,0.12172,0.2609,0.25266,0.0074283,0.028471,0.10615,0.14082,0.017461,0.16882,0.018052,0.069004,0.22366,-0.035491,0.19312,0.072684,-0.16858,0.10192,0.020202,0.056697,0.048707,0.24091,0.15952,0.50961,0.0030945,-0.37812,0.24883,-0.047746,-0.020711,0.1942,0.055104,0.16743,0.013578,0.13616,-0.087708,-0.0096969,0.23267,-0.18159,-0.33214,0.039149,0.34563,-0.068254,-0.19187,-0.18892,-0.15118,-0.061686,0.065628,-0.092495,0.085169,0.098446,0.14937,0.10799,0.20968,0.069117,-0.057395,0.19198,-0.22316,0.28448,0.092879,0.0040033,-0.23558,0.21161,-0.12626,-0.075168,-0.22933,-0.17999,-0.027108,0.19688,-0.13368,0.005407,0.020542,0.20195,-0.032983,-0.11198,-0.28229,0.11207,-0.023146,0.13101,0.27513,0.0073385,-0.089154,-0.18528,-0.18549,0.020791,-0.040925,-0.017272,-0.046232,0.30413,0.08689,0.14157
3,0.82945,0.82409,0.86163,1,0.8645,0.8474,0.88247,0.81066,0.86992,0.78783,0.85882,0.8641,0.82686,0.84982,0.84668,0.75446,0.86769,0.88245,0.7545,0.85597,0.8559,0.88761,0.86404,0.78441,0.80039,0.84828,0.8535,0.79661,0.78541,0.8356,0.78963,0.8375,0.7712,0.79745,0.74831,0.7715,0.83901,0.81821,0.80836,0.77333,0.73122,0.69944,0.68754,0.6784,0.74234,0.73538,0.66827,0.69526,0.56877,0.68743,0.64458,0.68609,0.55568,0.56693,0.66446,0.64971,0.42362,0.48655,0.60341,0.55992,0.61037,0.4894,0.41111,0.16252,0.43093,0.14068,0.49617,0.44822,0.3658,0.09951,0.34299,0.48625,0.15019,0.36768,0.1195,0.41208,0.37012,0.4279,0.25071,0.088645,0.23176,0.15186,0.28111,0.18493,-0.063436,0.25884,-0.0084856,-0.032683,0.41423,0.21269,0.086931,0.28942,-0.0043957,0.056084,0.14985,0.21047,-0.063907,0.09492,0.15857,0.051024,0.23919,0.11975,0.15283,0.074069,-0.022519,0.14799,0.14872,-0.0025163,-0.027307,0.26161,0.088907,0.54766,-0.0069575,-0.50359,0.16177,-0.036167,0.0080176,0.28231,0.17679,0.12128,0.04659,0.14101,-0.073786,0.10083,0.19034,-0.07362,-0.17867,0.047316,0.34585,-0.16061,-0.18324,-0.09752,-0.1914,-0.12351,-0.02672,-0.089678,0.078826,0.14236,0.11595,0.14459,0.20258,0.14737,-0.063776,0.074591,-0.17487,0.24724,0.063385,-0.032017,-0.208,0.19795,-0.04912,-0.10573,-0.20639,-0.25843,-0.043698,0.23681,-0.12421,0.0067946,-0.041284,0.13366,-0.14213,-0.2713,-0.14376,0.086849,-0.075131,0.11471,0.20747,0.10371,-0.13572,-0.29506,-0.31153,0.00064184,0.044155,-0.057393,0.013989,0.29317,0.079959,-0.029134
4,0.77998,0.86196,0.86231,0.8645,1,0.84258,0.86867,0.84491,0.84517,0.84897,0.81278,0.86039,0.88267,0.80499,0.82169,0.79391,0.85379,0.88962,0.76234,0.842,0.78554,0.86677,0.85844,0.78482,0.87211,0.84364,0.8834,0.80164,0.80365,0.90032,0.85388,0.85671,0.83303,0.78031,0.79798,0.75363,0.86328,0.82942,0.78831,0.81201,0.78975,0.7588,0.78101,0.71798,0.75807,0.83228,0.68396,0.54802,0.65232,0.70446,0.73022,0.70813,0.49181,0.66287,0.62961,0.65594,0.39986,0.50665,0.63463,0.45416,0.49339,0.55559,0.33771,0.19049,0.56061,0.20481,0.489,0.48789,0.49197,0.24441,0.37731,0.3382,0.25421,0.31985,0.24445,0.47643,0.4557,0.4844,0.31617,0.14642,0.26782,0.098285,0.31113,0.34712,-0.058961,0.23786,0.11122,0.19651,0.43432,0.17335,0.24218,0.2634,0.079103,0.15703,0.1215,0.13231,-0.021853,0.16901,0.15393,0.029567,0.37769,0.1201,0.24358,0.030605,-0.047285,0.15157,-0.012908,0.052325,-0.12474,0.25308,0.11021,0.63134,-0.083905,-0.39721,0.32083,0.074356,0.073225,0.13496,0.12454,0.18255,0.19466,0.11627,-0.1132,0.027647,0.10738,-0.15326,-0.19256,0.01292,0.32585,-0.17292,-0.14606,-0.12827,-0.24878,-0.080105,-0.018217,-0.15472,0.030958,0.092829,0.18024,0.065067,0.16888,0.11102,-0.00068373,0.22954,-0.13918,0.28204,0.050216,-0.14448,-0.23264,0.11545,-0.034628,-0.12362,-0.1665,-0.18809,-0.046259,0.2652,-0.26027,-0.078128,-0.087321,0.082628,-0.048889,-0.29948,-0.15653,0.011097,-0.10283,0.12631,0.34062,0.11248,0.0095409,-0.4434,-0.34999,-0.050966,0.071752,-0.053852,-0.089433,0.26969,0.084368,-0.050427
5,0.8244,0.84787,0.84062,0.8474,0.84258,1,0.77947,0.78125,0.78545,0.76794,0.73639,0.80849,0.81146,0.75736,0.78263,0.75377,0.87875,0.83692,0.70693,0.70536,0.74341,0.81853,0.79562,0.82019,0.74697,0.77253,0.7887,0.75158,0.75028,0.8039,0.81543,0.82527,0.76226,0.71675,0.76303,0.72496,0.78272,0.76312,0.70341,0.6641,0.6932,0.72602,0.68208,0.67936,0.70242,0.75722,0.5656,0.72766,0.57964,0.69824,0.62194,0.68845,0.56467,0.51159,0.51443,0.62668,0.33854,0.48137,0.61531,0.50825,0.57984,0.50825,0.33907,0.13323,0.40806,0.14735,0.34757,0.41208,0.48329,0.15175,0.44909,0.3998,0.14283,0.50968,0.13759,0.51327,0.4568,0.47312,0.36681,0.045093,0.29366,0.19329,0.20746,0.17944,0.040026,0.38478,0.045613,0.072929,0.35024,0.035166,0.14891,0.19481,-0.011852,0.10384,0.13188,0.25839,0.06593,0.1281,0.1165,0.10947,0.33695,0.10466,0.22262,0.10739,0.026498,0.11751,0.14333,0.18431,-0.080141,0.20451,0.27722,0.48174,0.080873,-0.42803,0.23441,-0.037461,0.04398,0.31458,0.089553,0.10431,0.0022365,0.021223,-0.11422,0.039031,0.14652,-0.03071,-0.18241,0.010866,0.22211,-0.04804,-0.042982,-0.17952,-0.096144,-0.25128,-0.040742,-0.12532,0.19265,0.25681,0.037207,0.12899,0.21602,0.15608,-0.073737,0.24216,-0.048657,0.15153,0.13264,-0.088628,-0.1622,0.17995,-0.008455,-0.18455,-0.30931,-0.14635,-0.01005,0.22932,-0.1516,-0.07755,0.060631,0.20863,-0.043658,-0.12086,-0.25214,0.065851,0.10401,0.13136,0.19725,0.10285,-0.12681,-0.26668,-0.29639,0.017893,0.007997,0.014522,-0.14201,0.23997,0.057529,0.068152
6,0.78017,0.81617,0.8363,0.88247,0.86867,0.77947,1,0.83715,0.8653,0.85241,0.83386,0.86186,0.89776,0.84738,0.81848,0.77015,0.86092,0.88541,0.75435,0.88392,0.78301,0.86643,0.86744,0.84919,0.85046,0.81724,0.84423,0.79926,0.79589,0.89122,0.81362,0.86246,0.80982,0.79845,0.77523,0.79053,0.82995,0.86557,0.7835,0.80804,0.79424,0.76006,0.77117,0.63585,0.70591,0.76266,0.75439,0.63115,0.52909,0.81055,0.67305,0.73921,0.5528,0.70534,0.59278,0.61648,0.42091,0.48681,0.57169,0.58429,0.62774,0.56454,0.33246,0.23913,0.57874,0.25209,0.48571,0.44276,0.35241,0.14333,0.35598,0.47137,0.25164,0.29682,0.075176,0.47536,0.44456,0.45718,0.38853,0.13224,0.17821,0.18418,0.35976,0.25604,-0.060737,0.29616,0.08797,0.23386,0.30097,0.19869,0.23414,0.29122,0.090798,0.077669,0.0006679,0.13276,-0.031501,0.082409,0.16918,-0.036178,0.25362,0.078093,0.18552,0.074196,-0.06355,0.11645,-0.054453,0.074593,0.13012,0.30243,0.047786,0.56837,0.012428,-0.36608,0.19989,0.059447,0.14416,0.13464,0.10589,0.22294,0.024825,0.21134,-0.042415,0.02111,0.24921,-0.16621,-0.13792,0.0099521,0.26182,-0.13188,-0.16414,-0.13714,-0.20406,-0.041396,-0.080574,-0.098359,-0.059614,0.091613,0.097985,0.18069,0.10489,0.19962,0.028037,0.085349,-0.13658,0.27857,0.11106,-0.10628,-0.36478,0.13083,-0.174,-0.0063496,-0.075213,-0.13555,-0.087878,0.19865,-0.20577,-0.078155,-0.14225,0.15848,0.017608,-0.17562,-0.062554,0.10425,-0.13041,0.18293,0.25293,0.0981,-0.12781,-0.27433,-0.21503,-0.012674,0.04961,0.063249,0.014691,0.29116,0.18001,-0.068559
7,0.73142,0.78429,0.81646,0.81066,0.84491,0.78125,0.83715,1,0.76001,0.72655,0.79446,0.80419,0.83593,0.70712,0.79088,0.75628,0.82701,0.83709,0.75576,0.76197,0.7142,0.79689,0.78834,0.78793,0.78437,0.81024,0.76823,0.82315,0.75818,0.78626,0.76116,0.83644,0.81184,0.71744,0.8,0.72195,0.78305,0.78154,0.6985,0.74064,0.76558,0.75753,0.70792,0.63307,0.71991,0.7099,0.67142,0.63734,0.55421,0.68813,0.64974,0.74876,0.39827,0.61068,0.60852,0.6679,0.3546,0.46284,0.63837,0.48376,0.53501,0.6529,0.21128,0.18885,0.48856,0.18828,0.47147,0.35102,0.49872,0.1683,0.40373,0.33628,0.19715,0.29422,0.17601,0.38302,0.40772,0.44262,0.32023,0.0561,0.22494,0.13382,0.17984,0.30698,-0.1008,0.27506,0.11312,0.21344,0.25593,0.23097,0.28069,0.25647,0.041856,-0.018524,0.15424,0.18268,0.085061,0.17164,0.087555,-0.026157,0.34997,0.062695,0.2277,0.14355,-0.14643,0.16487,0.051275,0.084882,-0.04334,0.31491,0.087084,0.54849,-0.051496,-0.24016,0.14793,0.03061,0.035836,0.19405,0.052979,0.079998,0.009192,0.0547,0.0085084,-0.0076448,0.17772,-0.06997,-0.059978,0.088874,0.3191,-0.085883,-0.082052,-0.25681,-0.090034,-0.16037,0.025519,-0.11804,-0.10133,0.022586,0.088782,0.26032,0.11155,0.19106,0.010726,0.11844,-0.08339,0.33087,0.067583,-0.13446,-0.3703,0.16394,-0.20578,-0.0704,-0.2596,-0.13682,-0.11497,0.19331,-0.20417,-0.22463,-0.096218,0.25373,-0.07256,-0.23535,-0.10523,0.15456,-0.1067,0.023822,0.2507,0.048419,-0.094961,-0.36651,-0.33045,0.0010498,-0.040144,0.04181,0.0032327,0.31751,0.062248,-0.029651
8,0.8617,0.80287,0.8457,0.86992,0.84517,0.78545,0.8653,0.76001,1,0.78919,0.80187,0.88936,0.83487,0.76865,0.81151,0.8435,0.85965,0.85096,0.75333,0.8674,0.79794,0.8895,0.83656,0.83779,0.84251,0.77476,0.83279,0.79209,0.83895,0.82403,0.84613,0.83858,0.7962,0.80928,0.76118,0.79326,0.80825,0.79076,0.76621,0.79502,0.79244,0.70885,0.75469,0.56873,0.67697,0.82209,0.64411,0.59795,0.53213,0.73486,0.71029,0.64908,0.5083,0.58671,0.61294,0.58364,0.34332,0.51391,0.66985,0.56586,0.55711,0.40088,0.31113,0.13263,0.56547,0.26573,0.45405,0.40411,0.32783,0.086751,0.45321,0.3131,0.28822,0.2623,0.19531,0.40408,0.4416,0.40903,0.3058,0.22,0.18208,0.032617,0.27518,0.30535,0.041257,0.30791,0.038303,0.098394,0.31405,0.27636,0.23606,0.23917,0.062596,0.015658,0.097165,0.17262,-0.015903,0.11062,0.098733,0.087308,0.22146,-0.013971,0.12895,0.08533,0.012985,0.13561,0.080833,0.012714,0.036467,0.2346,0.071536,0.54898,-0.074089,-0.37816,0.10355,0.042862,0.13233,0.020159,0.028983,0.18111,0.050887,0.015243,-0.015191,0.055324,0.30437,-0.056252,-0.12236,0.0048209,0.40938,-0.15579,-0.18596,-0.053624,-0.077307,0.013566,-0.13326,-0.15775,0.071734,0.1186,0.19963,0.10189,0.081772,0.10578,-0.056654,0.033625,-0.19771,0.23596,0.039616,-0.012851,-0.21146,0.29858,-0.095683,-0.17482,-0.20447,-0.19823,-0.13501,0.155,-0.28673,0.060343,0.025248,0.14724,-0.15062,-0.31605,-0.17239,0.076314,-0.16419,0.20475,0.38272,0.19058,-0.11727,-0.32153,-0.22952,-0.016389,0.08797,-0.016119,0.02271,0.23716,0.095255,0.030716
9,0.74934,0.76691,0.79731,0.78783,0.84897,0.76794,0.85241,0.72655,0.78919,1,0.73349,0.77073,0.80841,0.74724,0.75824,0.79878,0.82436,0.81256,0.74791,0.76969,0.7239,0.8155,0.84021,0.74643,0.7891,0.78845,0.82172,0.71658,0.69848,0.81397,0.81355,0.79641,0.68295,0.76845,0.69473,0.71145,0.78009,0.74682,0.75911,0.75988,0.7034,0.70519,0.74326,0.63498,0.70167,0.68418,0.61233,0.5059,0.58631,0.74902,0.71258,0.69119,0.63966,0.67764,0.52956,0.56011,0.39431,0.50361,0.62833,0.39435,0.58482,0.47493,0.32404,0.21923,0.58639,0.30984,0.38529,0.46051,0.41347,0.35404,0.40535,0.32514,0.14009,0.32855,0.1339,0.44972,0.30977,0.37474,0.3899,0.21798,0.13993,0.12323,0.2898,0.29989,0.0096895,0.19882,0.063582,0.1539,0.36069,0.18316,0.34094,0.24951,0.086712,0.10561,0.01436,0.10836,-0.025201,0.11795,0.063074,0.018565,0.27886,0.05382,0.15636,-0.0067687,-0.0021488,0.18809,-0.063817,0.21801,-0.03303,0.20264,0.066594,0.46261,-0.068341,-0.3151,0.26455,-0.054622,0.029776,0.062773,0.098823,0.29101,0.14601,0.27272,0.083372,0.092398,0.15423,-0.19789,-0.077025,0.029637,0.26143,-0.086872,-0.061294,-0.05509,-0.063717,0.0047505,-0.099382,-0.15274,0.071557,0.13718,0.17257,0.14462,0.16698,0.1088,-0.0097616,0.086428,0.0040226,0.25615,-0.089569,-0.27557,-0.2234,0.029022,-0.18739,0.059912,-0.2509,-0.24933,-0.014402,0.1757,-0.12274,-0.10931,0.041026,0.081646,0.062447,-0.11419,-0.15118,0.10508,-0.094114,0.23377,0.28889,0.022418,-0.036159,-0.3274,-0.30318,0.073423,-0.05272,0.059037,-0.12731,0.14643,0.093802,0.098388
10,0.72506,0.71857,0.80833,0.85882,0.81278,0.73639,0.83386,0.79446,0.80187,0.73349,1,0.77129,0.77184,0.79835,0.73413,0.66789,0.83502,0.79204,0.66621,0.72632,0.70575,0.82418,0.8462,0.74612,0.76359,0.80752,0.77077,0.75303,0.70414,0.75863,0.76165,0.80075,0.73532,0.65097,0.69113,0.69473,0.75748,0.7931,0.71296,0.73063,0.73912,0.66466,0.59303,0.51273,0.66074,0.74352,0.64822,0.52643,0.46745,0.69519,0.58539,0.67431,0.52103,0.59126,0.48347,0.54313,0.3311,0.35136,0.61796,0.47573,0.48091,0.58094,0.24546,0.25053,0.49198,0.16873,0.49586,0.43556,0.41732,0.061726,0.30151,0.34315,0.35785,0.25018,0.13874,0.46956,0.43875,0.46615,0.34607,0.21329,0.064297,0.14112,0.2612,0.27514,-0.22285,0.15974,-0.085798,0.12351,0.29983,0.30653,0.13369,0.2239,0.058558,0.044853,0.15603,0.26067,-0.1046,0.15195,0.010151,0.1256,0.12918,0.15783,0.22037,0.053025,-0.071731,0.049441,0.045119,0.13142,-0.073352,0.24279,0.1664,0.48411,-0.17474,-0.40514,0.18218,-0.0077145,0.070305,0.14509,0.09616,0.046635,-0.10405,0.070466,-0.096437,0.11029,0.25194,-0.089086,-0.28257,0.2062,0.39385,-0.17614,-0.11644,-0.1319,-0.024452,0.0035645,-0.023511,0.0044968,-0.037054,0.065468,0.23659,0.15996,0.02181,0.1452,-0.2379,0.071101,-0.11824,0.39006,0.021698,0.007818,-0.19264,0.2513,-0.12896,-0.022314,-0.1421,-0.19439,-0.11755,0.19878,-0.12715,-0.10404,-0.043912,0.2209,-0.11667,-0.22387,0.020423,0.093621,-0.20896,0.23584,0.2473,0.056963,-0.14594,-0.23588,-0.38242,-0.02689,-0.058749,-0.13016,-0.040411,0.42769,0.13365,-0.17731
11,0.88022,0.8018,0.85363,0.8641,0.86039,0.80849,0.86186,0.80419,0.88936,0.77073,0.77129,1,0.81442,0.8128,0.84407,0.80519,0.86619,0.90241,0.72152,0.81454,0.75224,0.88076,0.83457,0.7856,0.82721,0.81932,0.84739,0.82862,0.81879,0.84638,0.81807,0.86448,0.83629,0.83173,0.74667,0.77245,0.83934,0.76693,0.80965,0.79274,0.78623,0.6952,0.70897,0.59631,0.6505,0.73715,0.63503,0.61038,0.55201,0.72465,0.68219,0.65731,0.41038,0.63258,0.64116,0.65549,0.45218,0.47778,0.67212,0.52922,0.59958,0.48633,0.32062,0.14688,0.52253,0.19006,0.37922,0.47912,0.45024,0.052251,0.52581,0.32628,0.20766,0.30669,0.19088,0.38131,0.52835,0.34864,0.33336,0.14968,0.19678,0.13476,0.36986,0.37688,-0.025388,0.23741,0.11922,0.067851,0.31194,0.13443,0.22488,0.27841,0.099792,-0.058012,0.16648,0.10873,0.097025,0.14217,0.21011,0.033667,0.32587,0.035538,0.20639,0.15263,-0.11473,0.18513,-0.030241,0.065685,0.065473,0.32088,0.18116,0.58764,-0.037181,-0.37198,0.1626,-0.04635,0.1545,0.083498,0.11111,0.095227,0.06667,0.12762,-0.060696,0.053275,0.23111,-0.050811,-0.16719,0.067984,0.32022,-0.044152,-0.15122,-0.066827,-0.10887,-0.097002,-0.11397,-0.18461,0.039567,0.022353,0.15184,0.10691,0.15305,0.18739,0.0099077,0.17512,-0.19031,0.30217,0.070187,-0.0072686,-0.28126,0.2697,0.022643,-0.10158,-0.23544,-0.16416,-0.098307,0.20641,-0.1873,0.095432,-0.024823,0.13085,-0.014106,-0.21029,-0.26232,0.10152,-0.16378,0.19694,0.3211,-0.012303,-0.08367,-0.26161,-0.26761,0.033762,0.076866,0.020275,0.10614,0.24947,0.090678,0.02487
12,0.78401,0.8313,0.87856,0.82686,0.88267,0.81146,0.89776,0.83593,0.83487,0.80841,0.77184,0.81442,1,0.75066,0.7736,0.77644,0.84835,0.90873,0.75072,0.82521,0.76704,0.86638,0.83697,0.82558,0.81664,0.79468,0.79441,0.78212,0.81001,0.82654,0.87839,0.85018,0.74669,0.76218,0.81021,0.74789,0.86052,0.82322,0.7168,0.75956,0.76272,0.76056,0.77305,0.62211,0.73701,0.75459,0.68157,0.61804,0.52709,0.78546,0.63629,0.77123,0.47157,0.66421,0.61167,0.55752,0.36775,0.46348,0.51567,0.54849,0.50452,0.56878,0.30648,0.097374,0.52869,0.30366,0.52061,0.38212,0.40782,0.16701,0.40328,0.39804,0.20936,0.30031,0.1745,0.49275,0.49933,0.51879,0.29627,0.1553,0.2256,0.086796,0.24564,0.24392,-0.066293,0.28077,0.033882,0.19662,0.27701,0.18728,0.24889,0.2391,0.053884,0.16004,0.11825,0.15627,-0.031823,0.14808,0.15679,-0.018336,0.2144,0.0023536,0.18816,0.051728,-0.11965,0.15722,0.018982,0.030473,0.069714,0.26818,0.12312,0.60398,0.037992,-0.34752,0.30437,0.088517,0.068312,0.16052,0.097414,0.27737,0.13527,0.13225,-0.14513,-0.038318,0.1808,-0.21852,-0.2109,-0.037815,0.35734,-0.11565,-0.17156,-0.26195,-0.23293,-0.033153,0.049931,-0.018141,0.017429,0.10033,0.04187,0.15227,0.18938,0.23889,-0.056061,0.16336,-0.12241,0.39166,0.032493,-0.023382,-0.32501,0.077685,-0.23906,-0.07535,-0.18989,-0.20137,-0.026648,0.23447,-0.29414,-0.073477,-0.077989,0.16295,-0.059852,-0.13769,-0.21873,0.037775,-0.043732,0.11615,0.27396,0.14775,-0.098954,-0.28989,-0.22235,-0.039555,0.068379,-0.055235,-0.069967,0.30902,0.20135,0.031362
13,0.75132,0.80208,0.75696,0.84982,0.80499,0.75736,0.84738,0.70712,0.76865,0.74724,0.79835,0.8128,0.75066,1,0.71225,0.65348,0.83681,0.80765,0.65758,0.759,0.68948,0.78246,0.80042,0.74931,0.69811,0.77008,0.83449,0.67934,0.73255,0.81323,0.75076,0.76535,0.69056,0.69382,0.72009,0.6737,0.6944,0.74493,0.70095,0.7119,0.69655,0.69864,0.62034,0.46775,0.58302,0.64833,0.59002,0.61955,0.41879,0.5477,0.54633,0.61732,0.51291,0.57423,0.54306,0.52315,0.36345,0.44823,0.58837,0.53273,0.52823,0.41706,0.38308,0.10307,0.37941,0.12428,0.37486,0.55689,0.30033,0.057887,0.30719,0.24876,0.12855,0.41412,0.068426,0.35736,0.37373,0.38346,0.33292,0.078568,0.057691,0.24291,0.32964,0.15502,-0.16732,0.19911,0.089722,0.043449,0.27627,0.17278,0.098818,0.27003,-0.038657,-0.0021387,0.11042,0.19822,-0.010842,0.14582,0.15382,0.10819,0.17464,0.16279,0.11894,0.012474,-0.082001,0.046046,0.094278,0.13807,-0.08084,0.16633,0.0050506,0.46696,-0.062049,-0.51696,0.10531,0.020179,0.066484,0.10775,0.18761,0.06703,0.05044,0.12007,-0.11145,0.10426,0.30437,-0.2459,-0.2777,-0.015818,0.29327,-0.12977,-0.054208,-0.14865,-0.07104,-0.035618,-0.023986,-0.14757,0.036809,0.13369,0.16661,0.18159,-0.013586,0.12446,-0.18043,0.1334,-0.20356,0.18204,0.23439,-0.13021,-0.17238,0.17424,-0.044618,-0.059005,-0.12386,-0.071186,-0.012886,0.29651,-0.1139,-0.01657,-0.13701,0.041283,-0.06307,-0.20682,0.090386,0.063151,-0.0049746,0.23227,0.21049,0.059147,-0.087292,-0.12377,-0.28351,-0.065788,0.021701,0.052123,-0.013382,0.34314,0.16917,-0.089249
14,0.74973,0.72381,0.79283,0.84668,0.82169,0.78263,0.81848,0.79088,0.81151,0.75824,0.73413,0.84407,0.7736,0.71225,1,0.72174,0.82488,0.82365,0.76137,0.80309,0.71097,0.84017,0.76985,0.76617,0.8264,0.75903,0.80675,0.7576,0.73712,0.81014,0.74386,0.77415,0.76752,0.79675,0.72883,0.79489,0.79618,0.78117,0.69884,0.80515,0.74014,0.70578,0.75989,0.57447,0.69296,0.70908,0.73091,0.59594,0.6201,0.70814,0.60814,0.59889,0.44683,0.54204,0.72136,0.6594,0.4764,0.60037,0.5488,0.40812,0.68596,0.41068,0.39032,0.26762,0.49024,0.30655,0.42966,0.32031,0.41765,0.27618,0.48951,0.45917,0.18971,0.35635,0.18053,0.3694,0.4755,0.3757,0.20656,0.17463,0.31283,0.061054,0.20178,0.30507,-0.071449,0.2771,0.093306,0.14938,0.38796,0.19935,0.27703,0.21298,0.049922,-0.026595,0.086828,0.095624,0.11426,0.18783,0.24948,0.060015,0.31464,0.10225,0.17847,0.12728,-0.11834,0.2146,0.063403,0.094357,0.038265,0.2146,0.11922,0.47992,0.094195,-0.42521,0.17082,-0.0011986,0.13029,0.086873,0.19521,0.084421,0.013638,0.16798,0.019231,-0.039021,0.097126,0.077387,-0.052531,0.064186,0.38973,-0.10647,-0.17358,0.018717,-0.14956,-0.222,0.075138,-0.11277,-0.012271,0.14565,0.12232,0.19808,0.26874,0.13639,0.070054,0.15447,-0.21386,0.23173,0.055431,-0.11311,-0.16128,0.10678,-0.10442,-0.05509,-0.13213,-0.13183,-0.044524,0.20136,-0.077787,0.010062,-0.11219,0.13304,-0.0066454,-0.29369,-0.2172,0.060445,-0.18895,0.089031,0.39863,0.098603,-0.0073054,-0.36455,-0.30195,-0.054763,0.046129,0.082405,0.082675,0.13051,0.058798,0.091922
15,0.75649,0.81142,0.83522,0.75446,0.79391,0.75377,0.77015,0.75628,0.8435,0.79878,0.66789,0.80519,0.77644,0.65348,0.72174,1,0.79096,0.79975,0.66935,0.76612,0.71895,0.85829,0.81403,0.83114,0.80586,0.79188,0.74827,0.77604,0.68809,0.7876,0.76029,0.79729,0.7148,0.71839,0.7117,0.72209,0.79242,0.71388,0.70124,0.75531,0.7297,0.65798,0.75488,0.54123,0.65584,0.69541,0.5811,0.59419,0.4717,0.63495,0.62234,0.76249,0.38893,0.61809,0.56196,0.5651,0.25655,0.46784,0.61885,0.36571,0.53321,0.50332,0.23475,0.11713,0.56438,0.22107,0.45741,0.48307,0.27692,0.29541,0.37417,0.23064,0.33967,0.16412,0.20636,0.35516,0.41785,0.38433,0.35256,0.17108,0.2075,0.069481,0.28732,0.246,0.023065,0.35588,0.082273,0.052431,0.13911,0.13615,0.30797,0.30518,-0.012017,0.072174,0.053897,0.060329,0.030268,0.18992,-0.01488,0.040516,0.17267,-0.073352,0.18753,0.096644,-0.091446,0.23501,0.039155,0.074828,0.043172,0.19042,0.10691,0.39095,-0.051741,-0.29625,0.1514,-0.11254,0.12721,0.10787,-0.063131,0.25544,0.038739,0.054725,0.2075,-0.05704,0.22334,-0.081237,-0.17829,0.084051,0.32662,-0.012075,-0.043381,-0.044091,-0.075083,-0.046428,-0.15344,-0.30135,0.15484,0.1006,0.22524,0.094614,0.040173,0.019737,-0.1036,0.031689,-0.056728,0.16914,0.038879,-0.11293,-0.29115,0.05363,-0.13845,0.030087,-0.27237,-0.088663,-0.073349,0.22334,-0.21779,0.054573,0.023152,0.21081,-0.053595,-0.3175,-0.29023,0.13942,-0.03767,0.1253,0.30817,0.16381,-0.064151,-0.38571,-0.25314,0.16693,0.14324,0.061634,-0.12634,0.16581,0.11639,0.14787
16,0.8633,0.8488,0.88031,0.86769,0.85379,0.87875,0.86092,0.82701,0.85965,0.82436,0.83502,0.86619,0.84835,0.83681,0.82488,0.79096,1,0.89098,0.75525,0.77395,0.76857,0.8768,0.83785,0.81432,0.81895,0.79753,0.79511,0.8158,0.84257,0.8463,0.84798,0.83894,0.81275,0.80271,0.78774,0.80922,0.81924,0.81161,0.72832,0.70026,0.75895,0.68521,0.72279,0.56264,0.69186,0.76334,0.62557,0.63955,0.56907,0.76197,0.6648,0.77264,0.60144,0.63051,0.59781,0.6508,0.46855,0.52865,0.61333,0.54069,0.56642,0.50117,0.26906,0.20183,0.4605,0.25558,0.37262,0.45117,0.41925,0.13364,0.47226,0.30372,0.17175,0.43472,0.13688,0.45344,0.4548,0.47949,0.36558,0.087952,0.22883,0.097042,0.29349,0.33105,-0.15584,0.30783,-0.039649,0.1773,0.39676,0.24439,0.13564,0.20611,0.049866,0.0069349,0.090143,0.1881,0.029794,0.18198,0.055464,0.075488,0.24998,0.074441,0.15446,0.16071,0.023664,0.10195,0.018979,0.13945,0.044938,0.27395,0.23862,0.44084,0.055132,-0.39622,0.18418,-0.039535,0.087408,0.22352,0.044574,0.17493,-0.032759,0.098581,-0.057045,0.10025,0.26397,-0.026339,-0.23397,0.028725,0.3522,-0.066791,-0.072842,-0.20144,0.016245,-0.15453,0.055865,-0.083996,0.089501,0.13243,0.096831,0.19374,0.12395,0.25108,-0.095511,0.12425,-0.058461,0.27362,0.090255,-0.023968,-0.23542,0.1644,-0.13142,-0.15508,-0.23751,-0.14765,-0.027726,0.23799,-0.22306,-0.080023,0.039917,0.3293,-0.092533,-0.19303,-0.19392,0.16458,-0.089126,0.20053,0.29928,0.065654,-0.16643,-0.17843,-0.2842,-0.0037583,0.038723,0.064571,-0.028453,0.37281,0.099006,-0.041365
17,0.82134,0.82575,0.85486,0.88245,0.88962,0.83692,0.88541,0.83709,0.85096,0.81256,0.79204,0.90241,0.90873,0.80765,0.82365,0.79975,0.89098,1,0.79171,0.86424,0.78628,0.87592,0.82172,0.8075,0.84163,0.8504,0.86939,0.81726,0.81652,0.88027,0.84475,0.84276,0.81423,0.79613,0.77981,0.73887,0.87221,0.8423,0.80501,0.81176,0.77723,0.74752,0.72452,0.62964,0.72631,0.74292,0.68319,0.67686,0.60675,0.71785,0.65703,0.79565,0.4574,0.64171,0.63086,0.64832,0.41441,0.53408,0.63368,0.5576,0.57675,0.51542,0.35211,0.16123,0.54582,0.26997,0.45685,0.45597,0.46901,0.078452,0.46171,0.36251,0.20941,0.36586,0.15208,0.44301,0.46307,0.41541,0.32191,0.036555,0.28255,0.0569,0.34635,0.3393,-0.12885,0.21081,0.070232,0.074976,0.27626,0.12426,0.18159,0.25563,0.088652,0.12842,0.08768,0.085871,0.044499,0.20264,0.21689,-0.052412,0.24522,0.053655,0.17549,0.13817,-0.057613,0.19647,0.0083703,0.045973,0.043996,0.29453,0.15715,0.54702,-0.05998,-0.39699,0.17667,0.028753,0.12831,0.23096,0.099216,0.23277,0.17627,0.10046,-0.095361,0.0095901,0.22054,-0.08231,-0.15819,0.0045787,0.36732,-0.041029,-0.17335,-0.13301,-0.11761,-0.054024,-0.023666,-0.15543,0.053903,0.02939,0.036135,0.15432,0.12953,0.22581,-0.050841,0.1558,-0.1655,0.36159,0.023631,-0.024075,-0.36647,0.06604,-0.15352,-0.058553,-0.2884,-0.19848,-0.019206,0.32451,-0.20216,-0.032177,-0.020878,0.13842,-0.047843,-0.20248,-0.27884,0.10243,-0.13085,0.15089,0.27024,0.028537,-0.075145,-0.27925,-0.36147,0.084101,0.13776,0.005898,0.011716,0.27929,0.14175,0.012944
18,0.69377,0.75448,0.69094,0.7545,0.76234,0.70693,0.75435,0.75576,0.75333,0.74791,0.66621,0.72152,0.75072,0.65758,0.76137,0.66935,0.75525,0.79171,1,0.7568,0.69528,0.73967,0.72413,0.73664,0.77085,0.72926,0.8025,0.74646,0.63323,0.71344,0.69816,0.6865,0.7074,0.80036,0.71472,0.67942,0.71004,0.6608,0.70881,0.7439,0.76449,0.70131,0.60369,0.66738,0.71678,0.68053,0.53869,0.57832,0.58127,0.62484,0.56154,0.62285,0.43731,0.58022,0.56507,0.53724,0.5035,0.52796,0.59092,0.42411,0.46644,0.37115,0.33316,0.2463,0.5006,0.23108,0.39085,0.34721,0.30858,0.13198,0.39524,0.28472,0.23868,0.2387,0.14929,0.35481,0.35136,0.51503,0.40285,0.072777,0.1735,-0.098845,0.27016,0.32611,0.050239,0.21685,0.14319,0.14718,0.22717,0.2439,0.24661,0.2039,-0.0030531,-0.093163,0.17895,0.22988,-0.020162,0.043559,0.25351,0.13881,0.17552,-0.035013,0.13829,-0.09264,0.006369,0.28366,0.17513,0.1069,-0.086563,0.08436,-0.013761,0.40751,-0.13193,-0.30912,0.22608,0.11267,-0.067968,0.086694,0.045442,0.070666,0.040914,0.098377,-0.14926,0.02416,0.20909,0.012367,0.095724,-0.03475,0.31308,-0.19825,-0.11875,-0.058241,-0.097077,-0.11957,0.020296,0.018294,-0.010274,0.18241,0.012063,0.31509,0.12745,0.20722,0.087057,0.020981,-0.039889,0.26553,-0.082655,-0.10615,-0.090548,0.11885,-0.29577,-0.11228,-0.19373,-0.22279,-0.063443,0.092229,-0.033552,-0.073991,-0.17472,0.039675,-0.095655,-0.24308,-0.14954,0.016137,-0.063854,0.023106,0.31417,0.12201,0.025364,-0.34581,-0.26745,0.053879,0.025319,0.022311,0.090788,0.26768,0.072068,-0.014083
19,0.73914,0.75661,0.74729,0.85597,0.842,0.70536,0.88392,0.76197,0.8674,0.76969,0.72632,0.81454,0.82521,0.759,0.80309,0.76612,0.77395,0.86424,0.7568,1,0.74713,0.86771,0.78866,0.76593,0.83,0.81995,0.81307,0.77257,0.78063,0.80679,0.73464,0.77115,0.74182,0.78405,0.76632,0.68477,0.78414,0.76807,0.7404,0.8282,0.73256,0.76952,0.74481,0.6152,0.70848,0.70755,0.67148,0.61814,0.57355,0.64217,0.63662,0.60676,0.43754,0.61291,0.66991,0.63325,0.34048,0.58441,0.53313,0.47648,0.54884,0.3504,0.23031,0.26675,0.59389,0.21195,0.50151,0.40596,0.31478,0.094607,0.35092,0.38572,0.20056,0.29984,0.16767,0.39704,0.37391,0.35532,0.24711,0.099203,0.26237,0.0076281,0.28371,0.27789,-0.087371,0.23179,0.1754,0.1737,0.21103,0.21002,0.22658,0.26481,0.18608,0.14892,0.048613,0.16558,0.002727,0.14823,0.23108,-0.00166,0.21967,-0.013043,0.08034,0.11208,-0.074455,0.2452,-0.00083921,0.00078608,-0.050849,0.24066,-0.01679,0.48512,-0.035915,-0.45044,0.19007,0.15899,0.11716,0.15136,0.11312,0.25019,0.18664,0.11511,-0.01047,0.073322,0.20809,-0.12369,-0.08272,-0.10775,0.24763,-0.16233,-0.18464,-0.074564,-0.21536,-0.047923,-0.034532,-0.13352,0.07021,0.080732,-0.0053709,0.058727,0.07739,0.12658,0.023194,0.012048,-0.15528,0.20014,0.039186,-0.093114,-0.34881,0.029076,-0.13848,-0.069799,-0.094585,-0.132,-0.10648,0.25309,-0.27081,0.074602,-0.16632,0.11348,-0.097385,-0.4252,-0.07446,0.0029223,-0.20553,0.20194,0.41129,0.13139,0.0090811,-0.38463,-0.32035,-0.050135,0.16554,-0.11762,-0.021926,0.19979,0.25195,-0.068365
20,0.74816,0.80445,0.84273,0.8559,0.78554,0.74341,0.78301,0.7142,0.79794,0.7239,0.70575,0.75224,0.76704,0.68948,0.71097,0.71895,0.76857,0.78628,0.69528,0.74713,1,0.81302,0.76711,0.72233,0.73229,0.69711,0.74343,0.76306,0.75065,0.81604,0.67038,0.79422,0.78672,0.75539,0.58342,0.73065,0.74464,0.78245,0.74884,0.73359,0.66042,0.61683,0.65884,0.62738,0.66011,0.69323,0.64276,0.57298,0.60079,0.64994,0.65611,0.65471,0.60123,0.4635,0.6079,0.62083,0.39777,0.45639,0.63999,0.60352,0.56469,0.55293,0.45886,0.251,0.36759,0.2054,0.57746,0.43884,0.46876,0.2336,0.2738,0.42863,0.11838,0.23194,-0.12891,0.37649,0.27887,0.44604,0.38078,0.2468,0.17747,0.10313,0.39697,0.18365,-0.017291,0.26734,-0.021955,0.1052,0.43578,0.1102,0.12745,0.34048,-0.039915,-0.10518,0.037312,0.11069,-0.14587,0.088628,0.031377,0.02329,0.17117,0.017849,0.059296,0.025121,-0.055044,0.18235,0.15382,-0.19673,0.020776,0.21563,-0.032442,0.48325,0.027916,-0.43454,0.33083,-0.011878,-0.049289,0.33495,0.03357,0.14859,0.071781,0.085876,-0.15531,0.11047,0.21363,-0.19615,-0.13614,0.029139,0.31256,-0.10646,-0.15597,-0.015304,-0.24064,-0.095821,0.035215,0.065209,0.057067,0.021491,0.093162,0.17593,0.13015,0.067381,0.025229,0.10979,-0.17143,0.21342,-0.035263,-0.10604,-0.26436,0.21544,-0.049343,-0.13953,-0.18325,-0.24997,0.022084,0.15736,-0.068209,-0.031376,0.026075,0.076113,-0.074214,-0.11505,-0.23383,0.12138,0.03432,0.10456,0.15784,0.12244,-0.21302,-0.1715,-0.11679,0.10667,0.12067,-0.064916,-0.059415,0.16162,0.0042667,0.049783
21,0.82396,0.83834,0.91439,0.88761,0.86677,0.81853,0.86643,0.79689,0.8895,0.8155,0.82418,0.88076,0.86638,0.78246,0.84017,0.85829,0.8768,0.87592,0.73967,0.86771,0.81302,1,0.85197,0.82689,0.83303,0.82917,0.80817,0.80959,0.79218,0.80906,0.8204,0.84505,0.76612,0.79188,0.78599,0.7814,0.85066,0.79592,0.7839,0.82625,0.76864,0.72284,0.74447,0.64764,0.70473,0.74691,0.72026,0.59909,0.57208,0.69987,0.65564,0.71802,0.50015,0.63698,0.68819,0.6572,0.41954,0.55448,0.62635,0.45738,0.61974,0.48953,0.32058,0.26049,0.61666,0.24813,0.55088,0.53732,0.42007,0.21702,0.41918,0.34172,0.27904,0.23111,0.22323,0.50475,0.44625,0.49256,0.37547,0.20054,0.22442,0.072985,0.32531,0.29953,-0.075853,0.33567,-0.010308,0.126,0.2507,0.15835,0.25774,0.28913,0.10942,-0.017685,0.17912,0.23118,-0.0076393,0.14321,0.10381,0.093513,0.15214,-0.036734,0.17981,0.057838,-0.089434,0.23284,0.032879,0.037406,0.010736,0.25471,0.19236,0.41859,0.018242,-0.45234,0.27514,0.02075,0.050991,0.17535,0.019895,0.14449,-0.026589,0.13036,-0.014846,-0.070038,0.2582,-0.1041,-0.29586,0.090206,0.33796,-0.09784,-0.15146,-0.12735,-0.19491,-0.027262,0.053262,-0.054641,0.074136,0.076146,0.12235,0.058521,0.094607,0.079839,-0.10567,0.068068,-0.11834,0.2515,0.064526,-0.022744,-0.21586,0.14879,-0.054455,-0.097075,-0.21448,-0.1974,-0.088911,0.24803,-0.1485,0.16125,-0.097629,0.20214,-0.070622,-0.26195,-0.25804,0.051216,-0.1027,0.17132,0.34508,-0.0021237,-0.043975,-0.31383,-0.29096,-0.050181,0.15717,-0.098267,-0.030942,0.25057,0.17434,0.063834
22,0.83372,0.80132,0.87166,0.86404,0.85844,0.79562,0.86744,0.78834,0.83656,0.84021,0.8462,0.83457,0.83697,0.80042,0.76985,0.81403,0.83785,0.82172,0.72413,0.78866,0.76711,0.85197,1,0.81716,0.79477,0.83448,0.8568,0.8146,0.71784,0.83276,0.76048,0.86495,0.74025,0.78198,0.73869,0.70228,0.81865,0.78088,0.78,0.79643,0.73804,0.70011,0.74013,0.60462,0.6747,0.72663,0.66963,0.59666,0.52088,0.69304,0.65793,0.7036,0.55037,0.60232,0.51879,0.63105,0.35166,0.43859,0.64138,0.48598,0.52733,0.60731,0.26919,0.090918,0.42706,0.1926,0.44134,0.48819,0.35437,0.15728,0.35792,0.38699,0.29978,0.35592,0.11614,0.38239,0.42566,0.49171,0.37567,0.23708,0.12122,0.12707,0.2958,0.2652,-0.063782,0.17854,0.045862,0.030768,0.31223,0.24249,0.25261,0.23073,0.091711,0.0088228,0.15889,0.17817,-0.10766,0.21304,-0.0169,0.092709,0.1867,0.012367,0.17231,-0.058766,-0.10507,0.058275,0.042323,0.14984,-0.055826,0.29231,0.10861,0.58849,-0.059651,-0.38113,0.28254,-0.15629,0.054881,0.11407,0.092338,0.23399,-0.031087,0.11755,-0.041384,0.14975,0.16076,-0.18971,-0.22669,-0.066286,0.23648,-0.16645,-0.1155,-0.027829,-0.12423,-0.13113,-0.03452,-0.14645,0.070994,0.18308,0.23373,0.23537,0.15444,0.10667,-0.081338,0.077702,-0.13354,0.32048,0.082538,-0.025726,-0.33911,0.097037,-0.17342,-0.01124,-0.19504,-0.11729,-0.037499,0.16454,-0.13467,-0.054551,-0.10535,0.18439,-0.095905,-0.17664,-0.057858,0.072777,-0.029001,0.25695,0.23982,0.090134,-0.11508,-0.2379,-0.20956,0.092875,-0.026604,0.0053875,-0.14236,0.27795,0.18862,-0.089816
23,0.79408,0.7954,0.82108,0.78441,0.78482,0.82019,0.84919,0.78793,0.83779,0.74643,0.74612,0.7856,0.82558,0.74931,0.76617,0.83114,0.81432,0.8075,0.73664,0.76593,0.72233,0.82689,0.81716,1,0.74936,0.77416,0.78974,0.78014,0.75104,0.83558,0.77817,0.80724,0.78928,0.66815,0.72984,0.71146,0.78634,0.78504,0.69624,0.71885,0.74379,0.7443,0.75667,0.53362,0.66776,0.771,0.71128,0.66222,0.46029,0.69794,0.49236,0.68566,0.53678,0.52214,0.4867,0.54915,0.28554,0.44738,0.57316,0.46821,0.6398,0.53228,0.31667,0.17378,0.54318,0.19138,0.41664,0.39607,0.25042,0.17815,0.31928,0.36174,0.3452,0.22419,0.096545,0.47825,0.48439,0.54852,0.33614,0.12621,0.055084,0.084403,0.25609,0.18173,-0.037428,0.30184,0.071027,0.15803,0.16235,0.021544,0.19507,0.27383,0.068986,0.042776,0.062561,0.19103,-0.11111,0.28137,0.12676,0.1375,0.19487,0.019209,0.16077,0.032777,-0.084038,0.11719,0.036747,0.12012,-0.048087,0.19586,0.13525,0.46543,-0.01089,-0.31467,0.18486,-0.077125,0.29124,0.1375,-0.019878,0.20274,-0.02818,-0.050241,-0.015653,-0.055966,0.275,-0.10986,-0.19259,0.037833,0.32117,-0.0070689,-0.031031,-0.020219,-0.085801,-0.15955,-0.061452,-0.1521,0.044732,0.16569,0.057585,0.21736,0.015487,0.060109,-0.046512,0.12107,-0.143,0.19732,0.10593,-0.097203,-0.24612,0.10469,-0.19866,-0.027326,-0.20026,-0.076482,-0.065267,0.12402,-0.2538,-0.06732,-0.079428,0.093572,-0.010594,-0.16934,-0.10659,0.10144,-0.039617,0.15163,0.22362,0.24038,-0.11111,-0.22102,-0.21396,0.11469,0.05027,0.1303,-0.072888,0.22441,0.15734,0.043562
24,0.7564,0.79649,0.79703,0.80039,0.87211,0.74697,0.85046,0.78437,0.84251,0.7891,0.76359,0.82721,0.81664,0.69811,0.8264,0.80586,0.81895,0.84163,0.77085,0.83,0.73229,0.83303,0.79477,0.74936,1,0.77216,0.77898,0.79853,0.76208,0.82113,0.78542,0.81422,0.77641,0.79275,0.77011,0.82066,0.82306,0.80509,0.73571,0.82863,0.82897,0.66665,0.72231,0.64581,0.70098,0.77023,0.64827,0.54205,0.61874,0.71848,0.62535,0.66809,0.36068,0.64052,0.62484,0.56683,0.35008,0.57916,0.64695,0.50991,0.51995,0.49993,0.31547,0.28638,0.54093,0.27976,0.41401,0.42369,0.45438,0.20351,0.40112,0.37507,0.30559,0.25497,0.23461,0.42609,0.4069,0.42837,0.41178,0.22923,0.21406,0.062938,0.4034,0.2305,-0.018203,0.27662,0.233,0.21797,0.34913,0.14523,0.2168,0.29533,0.024443,0.085343,0.04099,0.030319,0.052929,0.11212,0.17933,0.050753,0.24602,0.06867,0.23435,0.031939,-0.10198,0.24325,-0.062684,0.050189,0.020058,0.10121,0.11496,0.56564,-0.070652,-0.34142,0.22425,0.077669,0.11285,0.20382,0.15291,0.1287,0.079116,0.10858,-0.091249,0.02725,0.18896,-0.068071,-0.061217,0.11755,0.37419,-0.17163,-0.18293,0.038763,-0.1429,-0.13294,0.015051,-0.15871,-0.039516,0.00223,0.20064,0.092384,0.22472,0.26088,0.019004,0.19346,-0.052174,0.278,-0.020196,-0.042566,-0.2691,0.15318,-0.18139,-0.074873,-0.070775,-0.22771,-0.051183,0.23132,-0.13467,-0.026612,-0.18944,0.21059,0.018373,-0.30715,-0.21502,0.12524,-0.11428,-0.0010875,0.35858,0.16499,-0.072094,-0.39144,-0.38601,-0.075634,0.050273,0.016719,-0.078852,0.2075,0.063017,-0.073043
25,0.7317,0.80367,0.7935,0.84828,0.84364,0.77253,0.81724,0.81024,0.77476,0.78845,0.80752,0.81932,0.79468,0.77008,0.75903,0.79188,0.79753,0.8504,0.72926,0.81995,0.69711,0.82917,0.83448,0.77416,0.77216,1,0.81495,0.81108,0.68771,0.788,0.77019,0.77923,0.70215,0.7119,0.73996,0.69008,0.76434,0.71945,0.75875,0.7458,0.74094,0.74688,0.63431,0.62985,0.73264,0.6546,0.56302,0.58296,0.50879,0.66668,0.5916,0.68776,0.48185,0.74215,0.58557,0.64291,0.31277,0.48925,0.58766,0.34383,0.55968,0.50634,0.29924,0.2137,0.50604,0.11116,0.45861,0.53758,0.32482,0.1389,0.30284,0.32421,0.29108,0.29465,0.2499,0.42982,0.44469,0.33713,0.27569,0.094564,0.16406,0.050049,0.24166,0.39658,-0.13663,0.18734,0.20792,0.10101,0.19318,0.21023,0.14411,0.35645,0.12399,0.048106,0.10445,0.24187,-0.094918,0.28751,0.12528,0.063722,0.27748,0.079913,0.16727,0.1321,-0.084006,0.14952,0.11058,0.16889,-0.14951,0.19876,0.067852,0.40838,-0.19732,-0.38045,0.23217,-0.014795,0.092285,0.15009,0.095568,0.13393,0.18324,0.066061,0.00373,0.089743,0.23404,-0.13341,-0.18529,0.03626,0.33672,-0.20734,-0.1635,-0.11598,0.033614,-0.10249,-0.12563,-0.078934,0.035381,0.10982,0.013624,0.11017,0.10151,0.19066,-0.12195,0.035644,-0.033349,0.29207,-0.083117,-0.020233,-0.3288,0.0092112,-0.12545,0.020949,-0.26609,-0.20788,0.024888,0.28298,-0.16007,-0.11063,-0.068459,0.13614,-0.048756,-0.2703,-0.14728,0.046768,-0.22394,0.15767,0.35381,0.033599,0.010093,-0.33787,-0.35908,0.051865,0.029808,-0.15375,-0.11796,0.25592,0.2271,-0.0085851
