,0,1,2,3,4,5,6,7,8,9,10,11,12,13,14,15,16,17,18,19,20,21,22,23,24,25,26,27,28,29,30,31,32,33,34,35,36,37,38,39,40,41,42,43,44,45,46,47,48,49,50,51,52,53,54,55,56,57,58,59,60,61,62,63,64,65,66,67,68,69,70,71,72,73,74,75,76,77
0,1,0.15017,0.26543,0.16199,0.24217,0.13424,0.048251,-0.10414,-0.040508,0.090936,-0.034041,-0.057762,0.069168,-0.13964,-0.20662,0.073703,-0.097361,0.095864,-0.082177,-0.041371,0.081718,-0.040068,0.14052,0.12816,0.032094,-0.06501,0.018857,0.092194,0.085021,-0.11472,0.050129,0.18393,-0.26858,0.22242,0.30285,-0.036083,0.031725,0.26714,0.18104,-0.33702,0.31159,-0.028984,0.036544,0.060915,-0.21054,0.2171,0.030126,-0.061811,0.072517,-0.050099,-0.06382,-0.2252,-0.10543,0.0027449,-0.16815,0.2014,0.0089803,-0.037295,-0.032773,0.090737,0.053694,0.30009,0.26586,-0.22451,-0.20165,-0.0014037,0.09835,0.33313,0.1227,-0.22365,-0.034486,0.32543,-0.12294,0.084419,0.20252,0.078391,0.0066421,-0.077386
1,0.15017,1,0.11948,0.23411,0.094227,0.19597,0.23965,0.14299,-0.097122,0.099208,0.24162,-0.11728,-0.0088127,-0.048494,-0.07183,-0.03677,0.074322,-0.024098,0.1942,0.11766,0.078816,0.054884,0.18843,-0.10641,-0.027203,0.0010203,0.043185,0.011159,0.11649,-0.17341,-0.043562,0.061862,-0.21826,0.10718,0.15521,0.1843,0.3094,0.0029926,0.00077672,0.079781,0.35724,-0.11885,-0.12606,-0.022975,-0.16117,0.08985,0.23423,-0.17017,0.14313,0.10236,0.10206,-0.089075,-0.18941,0.061273,0.057338,0.05115,-0.17128,-0.096425,0.048369,0.12303,0.045764,0.23013,0.076547,0.15549,-0.061669,-0.089266,0.10604,-0.052827,0.10182,0.033969,-0.20193,0.27582,0.12732,0.15391,0.21392,-0.078829,0.089337,-0.047024
2,0.26543,0.11948,1,0.21797,-0.038731,0.0071432,0.11038,0.096225,-0.036322,-0.19455,0.1673,0.018879,0.19349,0.0038226,-0.059497,-0.0047947,0.20652,0.17179,0.22821,0.060057,-0.045151,0.016653,0.14987,-0.011789,0.0091735,0.065138,0.055696,0.28184,-0.18498,-0.12345,0.23202,0.15327,0.0039812,-0.090533,0.10368,-0.14753,0.085874,0.018378,-0.0318,-0.11123,0.028768,-0.060849,-0.14615,-0.050883,-0.1187,-0.065592,0.050503,-0.016056,0.15469,0.018668,0.18365,0.14685,0.058809,0.051451,0.096659,0.08163,0.020057,-0.073448,0.1941,0.038774,0.24648,0.2242,0.20716,0.030747,-0.11901,0.096739,0.16094,0.2968,0.15385,-0.20328,0.031387,0.061312,0.10966,-0.036031,0.23544,-0.13631,-0.10924,0.0098508
3,0.16199,0.23411,0.21797,1,0.18993,0.22563,-0.071087,0.040103,0.20563,0.10069,0.059742,-0.062562,0.1054,-0.0052774,-0.0050235,-0.15783,0.031929,0.13642,0.12652,0.018262,0.21755,0.20726,0.20204,-0.046277,0.08778,0.037478,0.17984,0.37989,-0.064387,-0.0087241,0.27189,-0.023654,-0.021487,0.37285,-0.17685,-0.078638,0.13159,-0.21495,-0.052576,0.14723,0.23164,-0.23614,-0.15192,-0.1831,-0.01331,-0.068543,0.26672,0.19162,-0.055073,-0.054083,0.32411,0.23479,-0.039361,0.18823,0.23278,0.064839,-0.076454,0.089538,0.2906,0.15271,0.18225,0.2051,-0.048639,0.091849,-0.20567,-0.10445,0.16212,0.036289,0.36606,0.054384,-0.20262,0.091106,0.016366,0.0026476,0.0043942,0.081554,0.25918,-0.14727
4,0.24217,0.094227,-0.038731,0.18993,1,0.12296,-0.010971,0.14506,-0.23094,0.24459,-0.033307,-0.11068,0.26492,-0.20069,-0.0029892,0.1325,-0.19449,0.13609,-0.044476,0.274,0.20148,-0.061333,-0.14631,-0.23578,0.066658,0.079877,-0.055213,-0.10356,0.17883,0.10664,-0.10986,-0.12249,0.09556,0.32315,-0.055627,-0.089081,-0.00064633,-0.047498,-0.099272,-0.081446,0.22185,-0.15092,-0.1233,0.064281,0.022038,-0.091548,0.17502,-0.20387,0.173,-0.20049,0.26612,-0.011827,-0.097139,0.12513,0.11787,-0.16993,-0.23427,-0.093472,0.0063844,0.29061,0.076076,0.27969,-0.12512,0.11665,-0.12736,-0.12424,0.065168,0.013158,-0.1957,0.12388,-0.23279,0.041433,-0.35456,0.28219,-0.41244,0.082531,-0.17393,-0.0049707
5,0.13424,0.19597,0.0071432,0.22563,0.12296,1,0.20997,0.28465,0.064644,-0.12681,0.20466,0.12885,0.41249,0.41391,0.063703,0.0011772,0.017793,0.30294,-0.14693,-0.029015,0.28906,0.37336,0.056224,0.06215,0.096442,0.14089,0.17755,0.28829,0.27956,0.36648,0.11909,0.16367,0.01304,0.31883,0.0043398,-0.11193,0.12213,0.19301,0.10801,0.024234,0.33811,0.28879,-0.12473,-0.061017,0.27992,-0.031039,0.2219,0.094265,0.25677,-0.049037,0.13066,0.048283,-0.10044,0.3126,-0.12525,-0.036563,0.022972,-0.010525,0.08032,0.41387,0.3346,0.021221,0.21695,-0.017936,0.014898,0.0064961,0.17594,0.1937,0.10799,-0.013218,-0.0089386,0.27894,-0.28447,0.24472,-0.021176,0.24803,-0.0023104,-0.20522
6,0.048251,0.23965,0.11038,-0.071087,-0.010971,0.20997,1,0.098089,0.14826,0.057474,0.32917,0.19911,0.2519,0.29973,0.1357,0.1714,0.21524,0.085285,0.089307,0.19547,-0.09231,0.11082,0.097857,0.32802,0.32113,0.27064,0.20125,0.17195,0.43362,0.045462,-0.16164,0.39464,0.0050699,0.16132,0.32342,-0.080856,0.3917,0.24282,-0.056485,-0.11808,0.041238,0.07925,-0.20387,0.028186,0.13368,-0.15872,0.23528,0.096296,-0.051615,-0.08587,0.10506,0.36642,-0.023101,0.34657,0.042771,0.099569,-0.11086,0.080918,0.20589,0.10435,0.2788,-0.094571,0.35767,-0.21897,0.29332,0.30117,-0.012181,0.0061016,0.0384,-0.14886,0.14852,0.078439,-0.21047,0.28996,0.059907,0.038294,0.038725,-0.12713
7,-0.10414,0.14299,0.096225,0.040103,0.14506,0.28465,0.098089,1,-0.10461,0.18865,0.50294,0.24631,0.1796,0.067796,0.27663,0.23559,0.18788,0.2728,0.3676,0.31319,0.54296,0.14843,0.035428,-0.0066856,0.33593,0.42564,0.24049,0.087805,0.18451,0.3659,0.21565,0.40407,0.28356,-0.0024858,0.0551,-0.048621,0.29577,0.011894,-0.00094034,0.2236,0.26336,0.24529,-0.056211,0.17163,0.22418,-0.25038,0.26545,-0.03432,0.16612,0.10743,0.19425,0.21498,-0.3213,0.24172,-0.20638,0.07858,0.042478,0.082567,0.12946,0.0016222,-0.075258,-0.069652,0.1861,0.1549,-0.1871,-0.28396,0.13948,0.015614,0.10013,0.016871,-0.048743,0.13431,0.18411,-0.0082256,-0.057688,0.16503,-0.0345,-0.12824
8,-0.040508,-0.097122,-0.036322,0.20563,-0.23094,0.064644,0.14826,-0.10461,1,0.058646,-0.06318,0.034977,0.19141,0.25749,0.064567,0.012438,0.40378,0.002312,0.12899,0.0037941,0.13657,0.29255,0.19085,0.27793,0.19369,-0.075913,-0.014448,0.10251,0.043485,0.13481,0.078441,0.062583,-0.017906,0.10465,0.079503,0.08732,0.13102,-0.11557,0.066769,-0.13348,-0.1387,0.13033,0.12099,-0.21338,0.22459,-0.067164,0.036292,0.22896,-0.24196,-0.11378,0.080303,0.13081,-0.10349,0.027509,0.12678,0.18222,0.11163,0.13271,0.25243,0.13824,-0.10635,0.12885,-0.20745,-0.12514,0.063305,0.05017,-0.027858,0.01082,0.20311,0.015958,-0.08181,0.052116,-0.057606,-0.031812,-0.10819,-0.10565,0.037508,-0.2896
9,0.090936,0.099208,-0.19455,0.10069,0.24459,-0.12681,0.057474,0.18865,0.058646,1,0.010145,0.31542,0.19951,0.03486,0.20052,-0.018906,0.011456,0.40617,0.23074,0.41893,0.41024,0.28217,0.067866,0.048882,0.29331,0.045183,0.061634,-0.18234,0.21493,0.21617,0.19567,0.099346,0.2173,0.19685,0.20285,-0.023204,0.42434,0.01998,-0.1505,0.10876,0.078507,-0.086371,0.069597,0.21973,0.098359,0.022756,0.31798,-0.19605,-0.20301,0.14882,0.090048,0.17713,-0.21101,0.078016,0.0071112,0.032145,0.028324,-0.013787,0.17784,-0.092177,-0.12734,-0.015872,0.0060876,-0.19593,-0.01635,-0.21802,-0.25432,0.10293,-0.25168,0.02142,-0.2329,-0.030138,-0.081992,-0.16768,-0.18568,-0.14962,-0.13568,0.12197
10,-0.034041,0.24162,0.1673,0.059742,-0.033307,0.20466,0.32917,0.50294,-0.06318,0.010145,1,0.35327,0.082667,0.12704,0.13736,0.095904,0.16255,0.14568,0.32848,0.17043,0.31672,0.14687,-0.0022781,0.15401,0.35864,0.52508,0.37078,0.26858,0.28302,0.17445,-0.04102,0.30756,0.0026129,0.059792,0.16335,-0.044012,0.29602,-0.13949,0.12041,0.1499,0.16442,0.18214,-0.18005,0.14101,0.053469,-0.15109,-0.050633,-0.076831,0.13893,0.14346,0.13649,0.16283,-0.10853,0.35111,-0.14985,-0.018915,-0.045215,-0.019135,0.034254,-0.23726,-0.026682,-0.029096,0.14746,-0.13968,0.0036628,0.10381,0.15122,0.0092261,0.3388,-0.092165,-0.14661,0.21562,0.14103,0.24744,-0.18971,-0.054171,0.015756,-0.26635
11,-0.057762,-0.11728,0.018879,-0.062562,-0.11068,0.12885,0.19911,0.24631,0.034977,0.31542,0.35327,1,0.22119,0.35358,0.3962,0.099183,0.34194,0.50263,0.36425,0.22532,0.42637,0.53907,0.16479,0.2935,0.37158,0.37333,0.28852,0.20294,0.38425,0.49789,0.38783,0.34692,0.27489,0.17827,0.22807,-0.06114,0.30986,0.27969,0.017337,-0.029974,-0.02425,0.11218,0.29599,0.29941,-0.020323,0.061186,0.16733,0.085946,-0.025459,0.025898,0.1916,0.20867,0.0010604,0.26883,-0.078652,-0.058013,0.17723,0.093885,0.091001,-0.1573,-0.070078,-0.302,-0.073597,-0.35203,0.093878,0.12442,-0.16532,0.051745,0.076908,0.21235,-0.17967,0.003329,-0.057268,-0.035066,-0.1656,0.080849,-0.034732,-0.078499
12,0.069168,-0.0088127,0.19349,0.1054,0.26492,0.41249,0.2519,0.1796,0.19141,0.19951,0.082667,0.22119,1,0.30918,0.21132,-0.0084229,0.12027,0.45731,0.012385,0.21058,0.41451,0.17511,0.18416,-0.21077,0.17269,0.023557,-0.093439,-0.016347,0.16936,0.41407,0.065146,0.064715,0.19906,0.27871,0.14459,-0.10136,0.36228,0.16641,0.10228,0.084378,0.001458,0.16722,0.0034931,0.12267,0.18287,-0.20112,0.14745,0.18912,0.2388,-0.29189,0.049331,0.050516,0.094711,0.26719,0.14139,-0.058015,0.065409,0.071649,0.087297,0.48703,0.368,0.14521,-0.0024203,-0.074344,0.24619,0.135,-0.050185,0.10435,0.0064891,0.014913,-0.07626,0.10051,-0.29988,0.12801,-0.075456,-0.052414,-0.18962,-0.18388
13,-0.13964,-0.048494,0.0038226,-0.0052774,-0.20069,0.41391,0.29973,0.067796,0.25749,0.03486,0.12704,0.35358,0.30918,1,0.31204,-0.1215,0.38643,0.35796,0.23449,0.27754,0.32275,0.36422,0.21367,0.025761,0.3462,0.25071,0.17696,-0.0067239,0.16807,0.40675,0.18941,0.1402,0.090446,0.35832,0.37356,0.068162,0.28605,0.27665,0.041853,0.027357,0.074329,0.044198,-0.061445,0.080949,0.017419,-0.2314,0.16679,0.18915,0.035433,-0.10534,-0.12203,0.097034,0.15586,0.29701,0.081844,-0.057056,-0.088543,0.24557,-0.053301,0.14152,0.042218,-0.37272,0.17995,0.071947,0.20899,0.37317,-0.13648,0.24676,-0.19147,0.035007,0.19636,0.26817,-0.19631,0.16619,-0.19272,-0.092035,-0.21852,-0.17712
14,-0.20662,-0.07183,-0.059497,-0.0050235,-0.0029892,0.063703,0.1357,0.27663,0.064567,0.20052,0.13736,0.3962,0.21132,0.31204,1,0.12761,0.56412,0.35315,0.28958,0.39806,0.35236,0.31089,0.17583,0.17747,0.33848,0.13708,0.15716,0.097878,0.19273,0.38137,0.36454,0.23188,0.19166,0.27011,0.18227,-0.04756,0.18251,0.0034675,-0.12065,-0.079558,-0.089476,0.10631,-0.14687,0.056702,0.088983,-0.10048,-0.035608,0.096619,-0.067851,-0.12608,-0.060453,0.012297,-0.06169,0.14212,0.18173,-0.23534,0.10374,-0.06718,0.046617,0.097657,0.17762,-0.22397,-0.20076,0.096833,-0.022082,0.29198,-0.27562,0.0015719,-0.12027,0.24112,-0.035875,0.057376,-0.0053719,0.061701,-0.12389,-0.19676,0.11924,-0.015503
15,0.073703,-0.03677,-0.0047947,-0.15783,0.1325,0.0011772,0.1714,0.23559,0.012438,-0.018906,0.095904,0.099183,-0.0084229,-0.1215,0.12761,1,0.030402,-0.012136,0.25016,-0.020051,0.13718,0.084301,-0.16815,0.098373,0.069636,0.1574,0.02955,0.22297,0.1873,-0.097046,-0.015083,0.029389,0.13077,0.031577,0.24173,-0.30725,0.057897,0.10312,0.19718,-0.4855,-0.14699,0.38627,-0.060161,0.036094,0.069392,-0.077083,0.018608,-0.076545,-0.024135,0.23945,0.069873,0.060573,-0.14866,0.0091605,0.015186,0.21471,0.23909,-0.28537,0.018428,0.063221,0.042515,0.1609,-0.027514,-0.16109,0.013831,-0.16966,-0.10916,0.047547,0.18334,0.25747,0.03837,-0.12575,-0.1783,-0.11352,-0.006272,-0.083135,0.17786,0.33986
16,-0.097361,0.074322,0.20652,0.031929,-0.19449,0.017793,0.21524,0.18788,0.40378,0.011456,0.16255,0.34194,0.12027,0.38643,0.56412,0.030402,1,0.33039,0.47109,0.25258,0.2915,0.43053,0.29228,0.3649,0.5461,0.2395,0.25586,0.23037,0.27918,0.22291,0.26766,0.36451,0.049325,-0.0038773,0.37942,0.0086874,0.22755,0.0029098,-0.20457,-0.047744,-0.092693,0.080082,0.023062,0.0085446,-0.14028,-0.11714,0.055091,0.12903,-0.0049046,-0.02119,-0.022299,0.035182,0.024906,0.12115,0.078037,-0.099098,-0.02294,0.048079,0.086051,0.057122,0.023896,-0.10034,-0.1883,-0.032144,-0.052649,0.29051,-0.35604,0.019595,0.14145,0.1709,-0.072761,0.060951,0.081989,-0.088036,-0.13562,-0.22018,-0.16445,-0.18584
17,0.095864,-0.024098,0.17179,0.13642,0.13609,0.30294,0.085285,0.2728,0.002312,0.40617,0.14568,0.50263,0.45731,0.35796,0.35315,-0.012136,0.33039,1,0.24116,0.26828,0.35919,0.50585,0.49,0.053914,0.32959,0.45004,0.33695,0.062476,0.45075,0.38907,0.41893,0.41818,0.36001,0.24783,0.34181,0.087319,0.36087,0.25458,-0.068009,-0.068957,0.19922,0.065318,-0.16229,0.28132,-0.1092,-0.068049,0.20655,0.015539,0.058443,0.06672,0.017421,0.099447,-0.065505,0.13565,-0.15705,-0.019551,0.053122,0.11157,0.24472,0.20944,0.22645,0.033639,0.028098,-0.031491,0.085202,0.072204,-0.062903,0.31904,-0.049403,0.13705,-0.11658,0.24328,-0.032868,0.10906,-0.16494,-0.28136,-0.26632,0.0041414
18,-0.082177,0.1942,0.22821,0.12652,-0.044476,-0.14693,0.089307,0.3676,0.12899,0.23074,0.32848,0.36425,0.012385,0.23449,0.28958,0.25016,0.47109,0.24116,1,0.12208,0.36515,0.16691,0.15664,0.049673,0.58951,0.4349,0.31105,0.16126,-0.037135,0.01778,0.32691,0.19245,0.086248,-0.029829,0.21349,-0.052871,0.44741,-0.12101,0.020054,-0.16637,0.04021,0.15045,-0.04381,0.084754,-0.25852,-0.35331,0.017357,-0.2241,0.12767,0.14436,0.23254,0.15803,-0.21381,0.19259,0.16304,0.16031,0.053642,-0.00076085,0.10133,-0.2105,-0.044738,-0.20072,-0.11528,-0.061636,-0.15861,-0.051139,-0.34261,0.075882,0.039143,0.14002,-0.068521,0.08088,0.25628,-0.06076,-0.20414,-0.10393,-0.069156,-0.0077768
19,-0.041371,0.11766,0.060057,0.018262,0.274,-0.029015,0.19547,0.31319,0.0037941,0.41893,0.17043,0.22532,0.21058,0.27754,0.39806,-0.020051,0.25258,0.26828,0.12208,1,0.36559,0.34537,0.11815,-0.079867,0.24603,0.17165,0.013371,-0.1504,0.31573,0.34773,0.098647,0.19415,0.30678,0.23169,0.2489,0.16845,0.23115,-0.00038942,-0.29378,0.11971,0.12992,-0.10052,0.062567,0.12925,0.030599,-0.047418,0.27138,-0.1177,-0.15874,-0.030544,0.12173,0.15912,0.071494,0.17223,0.18132,-0.18348,-0.22332,-0.1242,0.18252,0.094985,-0.27408,0.036465,0.098593,-0.0094027,0.045777,-0.023712,0.07967,0.18729,-0.26312,0.22401,-0.10834,-0.068731,-0.20586,0.19672,-0.27198,-0.21081,-0.29694,-0.051493
20,0.081718,0.078816,-0.045151,0.21755,0.20148,0.28906,-0.09231,0.54296,0.13657,0.41024,0.31672,0.42637,0.41451,0.32275,0.35236,0.13718,0.2915,0.35919,0.36515,0.36559,1,0.36254,-0.0056169,-0.020897,0.35678,0.26554,0.096094,0.060141,0.14749,0.40657,0.18843,0.20794,0.080379,0.29926,0.1069,-0.15977,0.37232,-0.06314,0.1678,0.15118,0.050777,0.22789,0.24792,0.038561,0.19672,-0.092535,0.21937,0.086638,0.090504,0.14856,0.14583,0.0092332,-0.037434,0.35156,-0.10692,0.047496,-0.037684,0.15494,-0.10076,0.080998,-0.19944,-0.10069,-0.095986,0.066254,-0.16178,-0.07615,-0.045397,0.20241,0.14925,0.27385,-0.27396,0.094231,-0.053042,-0.069784,-0.2468,-0.033664,0.010061,-0.19226
21,-0.040068,0.054884,0.016653,0.20726,-0.061333,0.37336,0.11082,0.14843,0.29255,0.28217,0.14687,0.53907,0.17511,0.36422,0.31089,0.084301,0.43053,0.50585,0.16691,0.34537,0.36254,1,0.26699,0.21966,0.29721,0.223,0.27722,0.22602,0.43411,0.35356,0.32949,0.34789,0.19921,0.24305,0.24892,0.18276,0.28091,0.14063,-0.14635,-0.17391,0.098988,0.090187,0.15029,0.05863,-0.037787,0.13214,0.2355,0.1286,-0.13865,0.19088,0.16908,0.18736,-0.044097,0.40838,-0.031287,0.048038,0.16913,-0.093908,0.2211,0.026498,0.069671,0.032957,-0.17709,-0.19885,0.017503,-0.13037,-0.037387,0.13818,0.17908,0.29777,-0.049907,-0.10024,-0.30871,-0.097107,-0.15145,-0.079209,-0.1681,-0.076144
22,0.14052,0.18843,0.14987,0.20204,-0.14631,0.056224,0.097857,0.035428,0.19085,0.067866,-0.0022781,0.16479,0.18416,0.21367,0.17583,-0.16815,0.29228,0.49,0.15664,0.11815,-0.0056169,0.26699,1,0.025194,0.12292,0.20767,0.2308,-0.052386,0.1679,0.086624,0.33044,0.23026,0.1875,0.17657,0.27333,0.24159,0.16723,0.16379,0.079579,-0.12032,0.48052,-0.24603,-0.17307,0.20898,-0.37334,-0.05339,-0.1002,0.17181,-0.14423,-0.095371,-0.15199,0.099536,-0.20066,0.053277,-0.1351,-0.0014911,0.093413,0.13271,0.34237,0.1795,0.18346,0.22215,0.079637,0.2438,0.18069,0.08081,-0.0087167,0.010484,0.1062,-0.062736,-0.071802,0.16665,0.27031,0.18379,0.039037,-0.23151,-0.179,-0.16333
23,0.12816,-0.10641,-0.011789,-0.046277,-0.23578,0.06215,0.32802,-0.0066856,0.27793,0.048882,0.15401,0.2935,-0.21077,0.025761,0.17747,0.098373,0.3649,0.053914,0.049673,-0.079867,-0.020897,0.21966,0.025194,1,0.17657,0.092143,0.10468,0.27564,0.25467,-0.031793,0.17135,0.37458,0.26101,-0.11588,0.22034,-0.024121,0.17706,0.078969,-0.17066,-0.14415,0.027209,0.16064,0.10212,-0.043479,0.084115,0.21623,0.13994,0.071235,-0.177,0.44491,-0.029297,0.2022,-0.035497,0.2015,0.01021,0.097186,0.24385,0.13693,0.238,-0.084277,-0.1112,-0.079392,0.11765,-0.2652,-0.074838,0.070953,0.11087,-0.20707,0.35829,-0.1254,-0.095823,-0.091806,-0.0026912,-0.086551,-0.10208,0.21704,0.27101,-0.12568
24,0.032094,-0.027203,0.0091735,0.08778,0.066658,0.096442,0.32113,0.33593,0.19369,0.29331,0.35864,0.37158,0.17269,0.3462,0.33848,0.069636,0.5461,0.32959,0.58951,0.24603,0.35678,0.29721,0.12292,0.17657,1,0.58231,0.27004,0.23108,0.42266,0.20837,0.064306,0.45445,0.095047,0.09727,0.35763,-0.022525,0.32973,-0.031896,0.022356,0.034728,0.17791,0.097994,-0.066083,0.18615,-0.048486,-0.33939,0.016222,-0.0096501,0.10606,-0.041631,0.30648,0.029037,0.10264,0.25501,0.0065289,-0.020999,-0.16137,0.13847,0.21374,-0.065401,0.012589,-0.067738,0.07098,-0.30527,0.011833,0.069303,-0.389,0.14647,-0.0098829,0.13194,-0.014872,0.1219,0.064289,0.015936,-0.33112,-0.010646,-0.15169,-0.23463
25,-0.06501,0.0010203,0.065138,0.037478,0.079877,0.14089,0.27064,0.42564,-0.075913,0.045183,0.52508,0.37333,0.023557,0.25071,0.13708,0.1574,0.2395,0.45004,0.4349,0.17165,0.26554,0.223,0.20767,0.092143,0.58231,1,0.37033,0.21137,0.53541,0.13178,0.062105,0.43425,0.22731,-0.0010941,0.17165,0.0043086,0.40793,-0.11151,0.072773,0.1044,0.24716,0.17071,-0.038725,0.26691,-0.12877,-0.25448,0.039481,-0.038725,0.25374,0.13367,0.28902,0.12088,-0.017177,0.14248,-0.16055,0.052202,-0.095078,0.30819,0.038918,-0.051153,0.015673,-0.022562,0.092203,-0.098068,0.022696,0.030716,0.017578,0.10858,0.011737,0.15631,-0.0077959,0.1618,0.060697,0.15279,-0.3838,-0.061485,-0.062161,-0.26413
26,0.018857,0.043185,0.055696,0.17984,-0.055213,0.17755,0.20125,0.24049,-0.014448,0.061634,0.37078,0.28852,-0.093439,0.17696,0.15716,0.02955,0.25586,0.33695,0.31105,0.013371,0.096094,0.27722,0.2308,0.10468,0.27004,0.37033,1,0.22961,0.087794,0.17003,0.20248,0.15812,0.051383,0.19574,0.29537,-0.1839,0.075651,0.13081,-0.075171,-0.23465,0.069289,-0.05438,-0.35752,0.045294,-0.11244,-0.21983,-0.051306,-0.078489,-0.23465,0.084695,0.17121,0.29866,-0.34998,0.23753,-0.46846,-0.11279,0.030878,0.015221,0.23972,-0.37501,0.19234,-0.26602,-0.18212,-0.13603,-0.093809,-0.016524,-0.17631,0.099704,0.17191,-0.091115,-0.28068,0.047352,0.15,0.049718,-0.003924,-0.065741,-0.15668,-0.12461
27,0.092194,0.011159,0.28184,0.37989,-0.10356,0.28829,0.17195,0.087805,0.10251,-0.18234,0.26858,0.20294,-0.016347,-0.0067239,0.097878,0.22297,0.23037,0.062476,0.16126,-0.1504,0.060141,0.22602,-0.052386,0.27564,0.23108,0.21137,0.22961,1,0.27884,0.031745,0.24205,0.12864,-0.021121,0.07636,-0.080463,-0.27274,0.038574,-0.054745,0.095625,-0.031885,-0.2241,0.14153,-0.16691,-0.049239,0.037102,-0.036577,0.081883,-0.03081,0.12389,0.07355,0.17115,0.097977,0.10288,0.10159,0.17651,0.047847,0.34195,-0.14664,0.16829,0.13172,0.17266,0.0065957,0.12018,-0.40965,0.012109,-0.038366,-0.020182,0.10426,0.46856,0.21441,-0.10927,0.099074,-0.10298,-0.11099,0.026425,0.26493,0.3892,-0.078625
28,0.085021,0.11649,-0.18498,-0.064387,0.17883,0.27956,0.43362,0.18451,0.043485,0.21493,0.28302,0.38425,0.16936,0.16807,0.19273,0.1873,0.27918,0.45075,-0.037135,0.31573,0.14749,0.43411,0.1679,0.25467,0.42266,0.53541,0.087794,0.27884,1,0.22108,-0.082071,0.41822,0.10532,0.16486,0.285,0.073783,0.20499,0.2486,0.011349,0.021369,0.21176,-0.0035618,-0.014027,0.4327,-0.034716,0.040189,0.24269,-0.10904,0.12114,0.080158,0.17938,0.033954,0.13154,0.11937,-0.048026,0.074351,-0.077134,0.059348,0.14021,0.19522,-0.025209,0.16649,0.191,-0.34152,0.25002,0.059481,-0.049931,0.16672,-0.0094682,0.32359,-0.045203,0.20359,-0.25713,0.059338,-0.29529,0.062492,-0.024036,-0.13499
29,-0.11472,-0.17341,-0.12345,-0.0087241,0.10664,0.36648,0.045462,0.3659,0.13481,0.21617,0.17445,0.49789,0.41407,0.40675,0.38137,-0.097046,0.22291,0.38907,0.01778,0.34773,0.40657,0.35356,0.086624,-0.031793,0.20837,0.13178,0.17003,0.031745,0.22108,1,0.12366,0.14637,0.26346,0.22399,-0.036168,0.077267,0.15297,0.18025,-0.10143,0.26653,-0.02517,0.16657,0.17673,0.0059521,0.14949,0.01975,0.28737,0.24993,0.18259,-0.23693,0.0052412,0.046244,-0.019146,0.039824,0.027013,-0.20056,-0.041641,-0.042605,-0.048601,0.18767,0.11687,-0.15027,0.025159,-0.018674,0.024114,0.074912,-0.10404,-0.10123,-0.10935,0.18749,0.059684,0.26238,-0.18359,0.12496,-0.21818,0.1325,-0.04546,-0.23466
30,0.050129,-0.043562,0.23202,0.27189,-0.10986,0.11909,-0.16164,0.21565,0.078441,0.19567,-0.04102,0.38783,0.065146,0.18941,0.36454,-0.015083,0.26766,0.41893,0.32691,0.098647,0.18843,0.32949,0.33044,0.17135,0.064306,0.062105,0.20248,0.24205,-0.082071,0.12366,1,0.078205,0.32237,0.28141,0.086084,-0.20477,0.15311,0.12114,-0.0045948,-0.10072,0.034799,-0.086074,0.024018,0.20379,-0.11322,-0.04916,0.017787,0.09338,0.037777,-0.0086577,-0.058356,0.24938,-0.22566,0.011728,0.032189,-0.044437,0.32168,-0.00089933,0.28647,0.056113,-0.012875,-0.24143,-0.08293,-0.034066,-0.18544,-0.050256,0.070619,0.12626,0.1069,0.0025765,-0.066929,0.015667,0.11819,-0.071581,0.11829,-0.08086,-0.023845,0.25777
31,0.18393,0.061862,0.15327,-0.023654,-0.12249,0.16367,0.39464,0.40407,0.062583,0.099346,0.30756,0.34692,0.064715,0.1402,0.23188,0.029389,0.36451,0.41818,0.19245,0.19415,0.20794,0.34789,0.23026,0.37458,0.45445,0.43425,0.15812,0.12864,0.41822,0.14637,0.078205,1,0.1801,-0.087625,0.33804,0.33351,0.36307,0.21319,-0.15979,0.00992,0.3016,0.15454,-0.11894,0.072762,-0.013307,-0.016361,0.15971,0.13234,-0.063947,0.17195,0.0045572,0.16606,-0.011202,0.21647,-0.29264,0.078607,0.062424,0.068314,0.20794,-0.0086545,0.030415,-0.029741,0.26283,-0.11701,0.028421,0.076007,0.082204,0.066364,0.16694,-0.063968,0.026375,0.19426,0.17694,0.040398,0.19968,0.051445,0.014523,-0.31192
32,-0.26858,-0.21826,0.0039812,-0.021487,0.09556,0.01304,0.0050699,0.28356,-0.017906,0.2173,0.0026129,0.27489,0.19906,0.090446,0.19166,0.13077,0.049325,0.36001,0.086248,0.30678,0.080379,0.19921,0.1875,0.26101,0.095047,0.22731,0.051383,-0.021121,0.10532,0.26346,0.32237,0.1801,1,-0.13931,0.23664,0.17799,0.29219,0.1602,-0.34669,0.10231,0.082881,0.049275,0.013054,0.11547,0.042898,-0.048385,0.22344,0.083539,-0.094331,0.30883,-0.006672,0.28917,0.030139,0.050567,0.11003,-0.13631,0.2973,0.20324,0.41734,0.088263,-0.10107,0.014862,0.0173,-0.024742,0.017212,-0.27876,0.29482,-0.33669,-0.016462,0.059476,-0.17533,-0.40621,-0.0023682,-0.056966,-0.22492,0.0069429,-0.17554,0.051554
33,0.22242,0.10718,-0.090533,0.37285,0.32315,0.31883,0.16132,-0.0024858,0.10465,0.19685,0.059792,0.17827,0.27871,0.35832,0.27011,0.031577,-0.0038773,0.24783,-0.029829,0.23169,0.29926,0.24305,0.17657,-0.11588,0.09727,-0.0010941,0.19574,0.07636,0.16486,0.22399,0.28141,-0.087625,-0.13931,1,0.077895,-0.15469,0.12841,0.22227,0.30932,-0.20957,0.18378,-0.2027,-0.11687,0.13387,0.06599,-0.12588,0.15784,0.32492,-0.0046527,-0.26028,0.15013,-0.022015,-0.13421,0.21818,0.052274,-0.21626,-0.097167,-0.07804,0.017148,0.04096,0.12846,-0.010431,-0.059555,0.044089,0.22381,0.18341,-0.092669,0.32033,0.15779,0.12743,-0.17435,0.28185,-0.42909,0.39232,-0.18491,-0.074317,0.13513,0.016386
34,0.30285,0.15521,0.10368,-0.17685,-0.055627,0.0043398,0.32342,0.0551,0.079503,0.20285,0.16335,0.22807,0.14459,0.37356,0.18227,0.24173,0.37942,0.34181,0.21349,0.2489,0.1069,0.24892,0.27333,0.22034,0.35763,0.17165,0.29537,-0.080463,0.285,-0.036168,0.086084,0.33804,0.23664,0.077895,1,0.17865,0.29649,0.44926,-0.052065,-0.26907,0.15444,-0.084402,-0.23164,0.31958,-0.20359,-0.11041,0.070106,-0.086222,-0.23534,0.15707,-0.20061,0.00038715,0.026389,0.16825,-0.18203,0.018118,0.14866,0.087179,0.22032,-0.10822,0.020761,-0.023433,0.037306,-0.1783,0.033034,0.13697,-0.12538,0.039455,-0.087198,-0.1288,-0.11981,0.1166,0.00038697,-0.082469,0.127,-0.33727,-0.35757,-0.030615
35,-0.036083,0.1843,-0.14753,-0.078638,-0.089081,-0.11193,-0.080856,-0.048621,0.08732,-0.023204,-0.044012,-0.06114,-0.10136,0.068162,-0.04756,-0.30725,0.0086874,0.087319,-0.052871,0.16845,-0.15977,0.18276,0.24159,-0.024121,-0.022525,0.0043086,-0.1839,-0.27274,0.073783,0.077267,-0.20477,0.33351,0.17799,-0.15469,0.17865,1,0.27846,0.074243,-0.24281,0.099712,0.25548,-0.020624,0.060561,0.010754,-0.18211,0.094408,0.22117,0.011529,-0.13482,0.044832,-0.22383,-0.20966,0.16186,-0.044427,0.1947,0.049482,0.043601,0.1524,0.022967,0.028393,-0.10262,0.15298,-0.077233,0.18306,0.071013,-0.092579,0.22372,-0.29387,-0.086265,-0.019378,0.10703,0.15848,-0.055073,0.07601,0.026591,0.0038279,-0.12629,-0.30769
36,0.031725,0.3094,0.085874,0.13159,-0.00064633,0.12213,0.3917,0.29577,0.13102,0.42434,0.29602,0.30986,0.36228,0.28605,0.18251,0.057897,0.22755,0.36087,0.44741,0.23115,0.37232,0.28091,0.16723,0.17706,0.32973,0.40793,0.075651,0.038574,0.20499,0.15297,0.15311,0.36307,0.29219,0.12841,0.29649,0.27846,1,0.0077058,-0.098576,0.17941,0.13498,0.28291,0.1469,0.14597,-0.049908,-0.17828,0.53332,0.10158,0.13494,0.17582,-0.00078239,0.13535,-0.10645,0.22992,0.23672,0.16301,0.19649,0.23737,-0.0018861,0.009607,0.15782,-0.041846,-0.0011858,-0.051415,0.0081448,-0.030726,-0.026618,-0.1993,0.03569,-0.12181,-0.03851,0.10744,-0.26119,0.012395,-0.096922,-0.08276,0.0014856,-0.21012
37,0.26714,0.0029926,0.018378,-0.21495,-0.047498,0.19301,0.24282,0.011894,-0.11557,0.01998,-0.13949,0.27969,0.16641,0.27665,0.0034675,0.10312,0.0029098,0.25458,-0.12101,-0.00038942,-0.06314,0.14063,0.16379,0.078969,-0.031896,-0.11151,0.13081,-0.054745,0.2486,0.18025,0.12114,0.21319,0.1602,0.22227,0.44926,0.074243,0.0077058,1,0.22312,-0.32645,0.14266,-0.27023,-0.01851,0.38756,-0.12091,0.051004,0.14158,0.032181,0.10665,0.040795,-0.13568,0.044609,0.014786,0.079073,-0.25343,0.044379,0.075616,0.16167,0.15837,-0.10682,0.0030838,-0.14005,0.23943,-0.15037,0.020672,0.05193,-0.0094556,0.11651,-0.061657,-0.085509,-0.079196,0.023814,-0.098394,-0.081207,0.24741,0.16592,-0.23081,-0.035248
38,0.18104,0.00077672,-0.0318,-0.052576,-0.099272,0.10801,-0.056485,-0.00094034,0.066769,-0.1505,0.12041,0.017337,0.10228,0.041853,-0.12065,0.19718,-0.20457,-0.068009,0.020054,-0.29378,0.1678,-0.14635,0.079579,-0.17066,0.022356,0.072773,-0.075171,0.095625,0.011349,-0.10143,-0.0045948,-0.15979,-0.34669,0.30932,-0.052065,-0.24281,-0.098576,0.22312,1,-0.16181,0.053413,-0.085573,0.04723,0.15474,0.10126,-0.14565,-0.35441,0.086852,0.2687,0.035607,0.038396,-0.20576,0.078589,-0.00057493,-0.27569,0.15917,0.012928,0.13354,-0.028089,-0.055138,-0.10093,-0.049049,0.027881,0.04579,0.029212,-0.099271,-0.032581,0.16942,0.21588,-0.026638,-0.085274,0.26069,0.1155,0.097244,-0.0046087,0.076185,0.18879,-0.13912
39,-0.33702,0.079781,-0.11123,0.14723,-0.081446,0.024234,-0.11808,0.2236,-0.13348,0.10876,0.1499,-0.029974,0.084378,0.027357,-0.079558,-0.4855,-0.047744,-0.068957,-0.16637,0.11971,0.15118,-0.17391,-0.12032,-0.14415,0.034728,0.1044,-0.23465,-0.031885,0.021369,0.26653,-0.10072,0.00992,0.10231,-0.20957,-0.26907,0.099712,0.17941,-0.32645,-0.16181,1,0.048321,-0.050232,0.16791,-0.059566,0.19251,0.11958,0.28996,0.20912,0.14843,-0.035713,0.012762,0.018157,0.25396,-0.10447,0.05788,-0.18755,-0.10347,0.17272,-0.13006,0.067653,-0.076838,-0.14656,0.16073,0.16058,-0.07961,-0.094639,0.13639,-0.33943,-0.15289,-0.062214,0.053301,0.15879,0.20071,-0.11346,-0.030327,0.19322,0.10942,-0.21354
40,0.31159,0.35724,0.028768,0.23164,0.22185,0.33811,0.041238,0.26336,-0.1387,0.078507,0.16442,-0.02425,0.001458,0.074329,-0.089476,-0.14699,-0.092693,0.19922,0.04021,0.12992,0.050777,0.098988,0.48052,0.027209,0.17791,0.24716,0.069289,-0.2241,0.21176,-0.02517,0.034799,0.3016,0.082881,0.18378,0.15444,0.25548,0.13498,0.14266,0.053413,0.048321,1,-0.15802,-0.18738,0.24169,-0.2431,-0.023744,0.10384,-0.0090643,0.075173,0.070129,0.10196,-0.0039726,-0.18632,0.20341,-0.22595,0.025417,-0.18247,0.11788,0.22182,0.057629,-0.035112,0.28993,0.32506,0.19471,-0.14249,-0.15878,0.19352,0.054473,-0.039549,-0.32913,-0.089284,0.28314,0.16076,0.18533,-0.064875,0.20328,-0.12336,-0.23068
41,-0.028984,-0.11885,-0.060849,-0.23614,-0.15092,0.28879,0.07925,0.24529,0.13033,-0.086371,0.18214,0.11218,0.16722,0.044198,0.10631,0.38627,0.080082,0.065318,0.15045,-0.10052,0.22789,0.090187,-0.24603,0.16064,0.097994,0.17071,-0.05438,0.14153,-0.0035618,0.16657,-0.086074,0.15454,0.049275,-0.2027,-0.084402,-0.020624,0.28291,-0.27023,-0.085573,-0.050232,-0.15802,1,0.24844,-0.25191,0.29762,0.094273,0.08593,0.17225,0.13448,0.029238,-0.1356,-0.10131,-0.081534,-0.041097,0.082076,0.070027,0.20713,-0.10233,-0.36328,0.18892,0.12156,-0.028718,0.0027575,-0.28549,-0.082864,0.057624,-0.049547,0.083567,0.11208,-0.018002,0.1945,0.036022,-0.2759,0.0013105,0.001949,0.0058596,0.09915,0.091512
42,0.036544,-0.12606,-0.14615,-0.15192,-0.1233,-0.12473,-0.20387,-0.056211,0.12099,0.069597,-0.18005,0.29599,0.0034931,-0.061445,-0.14687,-0.060161,0.023062,-0.16229,-0.04381,0.062567,0.24792,0.15029,-0.17307,0.10212,-0.066083,-0.038725,-0.35752,-0.16691,-0.014027,0.17673,0.024018,-0.11894,0.013054,-0.11687,-0.23164,0.060561,0.1469,-0.01851,0.04723,0.16791,-0.18738,0.24844,1,0.065543,0.11172,0.36762,0.19665,0.25605,0.13122,-0.01445,0.091736,-0.03735,0.19163,-0.19325,0.16091,0.068561,-0.055201,0.22041,-0.33943,-0.023603,-0.31454,-0.019514,-0.23557,-0.18853,-0.16612,-0.024886,0.034422,-0.12375,0.045865,0.22558,0.061733,-0.29739,-0.27161,-0.24209,-0.059915,0.14921,-0.06227,-0.011648
43,0.060915,-0.022975,-0.050883,-0.1831,0.064281,-0.061017,0.028186,0.17163,-0.21338,0.21973,0.14101,0.29941,0.12267,0.080949,0.056702,0.036094,0.0085446,0.28132,0.084754,0.12925,0.038561,0.05863,0.20898,-0.043479,0.18615,0.26691,0.045294,-0.049239,0.4327,0.0059521,0.20379,0.072762,0.11547,0.13387,0.31958,0.010754,0.14597,0.38756,0.15474,-0.059566,0.24169,-0.25191,0.065543,1,-0.34442,-0.26418,0.086148,-0.24542,0.12809,-0.12011,-0.063392,0.060094,0.013693,-0.065923,-0.03699,0.16068,0.071537,0.1574,0.023796,-0.084386,-0.14995,0.0845,-0.027454,-0.20422,0.093405,0.18559,-0.14575,0.093061,-0.12418,-0.0065006,-0.043707,0.10285,-0.071447,-0.18964,0.0020323,-0.074411,-0.26887,0.074661
44,-0.21054,-0.16117,-0.1187,-0.01331,0.022038,0.27992,0.13368,0.22418,0.22459,0.098359,0.053469,-0.020323,0.18287,0.017419,0.088983,0.069392,-0.14028,-0.1092,-0.25852,0.030599,0.19672,-0.037787,-0.37334,0.084115,-0.048486,-0.12877,-0.11244,0.037102,-0.034716,0.14949,-0.11322,-0.013307,0.042898,0.06599,-0.20359,-0.18211,-0.049908,-0.12091,0.10126,0.19251,-0.2431,0.29762,0.11172,-0.34442,1,0.066942,0.038964,0.14552,-0.2014,0.023246,0.20887,0.33082,0.068212,-0.087817,-0.017403,-0.25568,-0.014429,0.037121,0.085454,0.143,0.092597,-0.21123,-0.03987,-0.035228,0.080886,-0.03613,0.08253,0.018731,-0.0039151,-0.0052945,-0.1103,-0.13703,-0.1494,-0.049053,0.043675,0.15207,0.076629,-0.061561
45,0.2171,0.08985,-0.065592,-0.068543,-0.091548,-0.031039,-0.15872,-0.25038,-0.067164,0.022756,-0.15109,0.061186,-0.20112,-0.2314,-0.10048,-0.077083,-0.11714,-0.068049,-0.35331,-0.047418,-0.092535,0.13214,-0.05339,0.21623,-0.33939,-0.25448,-0.21983,-0.036577,0.040189,0.01975,-0.04916,-0.016361,-0.048385,-0.12588,-0.11041,0.094408,-0.17828,0.051004,-0.14565,0.11958,-0.023744,0.094273,0.36762,-0.26418,0.066942,1,0.043266,0.17687,-0.13667,0.20429,0.046828,-0.13789,0.0083824,-0.085454,-0.10483,-0.14506,0.18267,-0.22093,-0.16396,-0.033097,-0.0083297,0.19524,0.038032,-0.15392,-0.24751,-0.1123,0.26061,-0.0018936,0.017412,0.22144,-0.004277,-0.039607,0.016729,-0.15315,0.18064,0.15891,0.20305,0.079262
46,0.030126,0.23423,0.050503,0.26672,0.17502,0.2219,0.23528,0.26545,0.036292,0.31798,-0.050633,0.16733,0.14745,0.16679,-0.035608,0.018608,0.055091,0.20655,0.017357,0.27138,0.21937,0.2355,-0.1002,0.13994,0.016222,0.039481,-0.051306,0.081883,0.24269,0.28737,0.017787,0.15971,0.22344,0.15784,0.070106,0.22117,0.53332,0.14158,-0.35441,0.28996,0.10384,0.08593,0.19665,0.086148,0.038964,0.043266,1,0.098432,-0.040202,0.075742,0.18759,0.11775,-0.022174,0.13836,0.29075,0.30079,-0.0098123,0.15577,0.045209,0.095752,0.024245,0.076442,0.17048,0.077059,-0.087333,-0.15024,0.17655,-0.093259,-0.089609,0.054192,0.10261,0.13599,-0.39212,-0.063301,-0.032598,0.1646,0.11193,0.057752
47,-0.061811,-0.17017,-0.016056,0.19162,-0.20387,0.094265,0.096296,-0.03432,0.22896,-0.19605,-0.076831,0.085946,0.18912,0.18915,0.096619,-0.076545,0.12903,0.015539,-0.2241,-0.1177,0.086638,0.1286,0.17181,0.071235,-0.0096501,-0.038725,-0.078489,-0.03081,-0.10904,0.24993,0.09338,0.13234,0.083539,0.32492,-0.086222,0.011529,0.10158,0.032181,0.086852,0.20912,-0.0090643,0.17225,0.25605,-0.24542,0.14552,0.17687,0.098432,1,0.0013602,-0.20061,-0.12526,0.017645,0.087953,-0.0071772,-0.053544,-0.16107,0.02904,0.17307,-0.22884,0.018292,0.1468,-0.082724,-0.01604,0.096302,0.070716,0.21264,0.058816,-0.13679,0.33067,-0.062856,0.18864,0.00059016,-0.13798,0.12417,0.11624,-0.027022,0.2002,-0.0053783
48,0.072517,0.14313,0.15469,-0.055073,0.173,0.25677,-0.051615,0.16612,-0.24196,-0.20301,0.13893,-0.025459,0.2388,0.035433,-0.067851,-0.024135,-0.0049046,0.058443,0.12767,-0.15874,0.090504,-0.13865,-0.14423,-0.177,0.10606,0.25374,-0.23465,0.12389,0.12114,0.18259,0.037777,-0.063947,-0.094331,-0.0046527,-0.23534,-0.13482,0.13494,0.10665,0.2687,0.14843,0.075173,0.13448,0.13122,0.12809,-0.2014,-0.13667,-0.040202,0.0013602,1,-0.088443,-0.020244,-0.3625,0.07478,-0.040756,0.17797,-0.024634,-0.17811,0.10628,-0.31012,0.20134,0.10754,0.05524,0.23528,-0.0404,-0.13661,0.053435,-0.029137,0.036745,0.014559,0.0061274,0.096915,0.24888,-0.12471,0.091555,-0.19217,0.17125,0.050043,-0.15678
49,-0.050099,0.10236,0.018668,-0.054083,-0.20049,-0.049037,-0.08587,0.10743,-0.11378,0.14882,0.14346,0.025898,-0.29189,-0.10534,-0.12608,0.23945,-0.02119,0.06672,0.14436,-0.030544,0.14856,0.19088,-0.095371,0.44491,-0.041631,0.13367,0.084695,0.07355,0.080158,-0.23693,-0.0086577,0.17195,0.30883,-0.26028,0.15707,0.044832,0.17582,0.040795,0.035607,-0.035713,0.070129,0.029238,-0.01445,-0.12011,0.023246,0.20429,0.075742,-0.20061,-0.088443,1,0.054293,0.11948,0.099753,0.1865,-0.18373,0.1871,0.15481,0.020036,0.23817,-0.27298,-0.24032,-0.028743,0.11762,0.01727,-0.13536,-0.47489,0.22369,-0.095075,0.26781,0.074967,-0.1612,-0.22842,0.20057,-0.34137,-0.08602,0.10218,0.18055,0.071399
50,-0.06382,0.10206,0.18365,0.32411,0.26612,0.13066,0.10506,0.19425,0.080303,0.090048,0.13649,0.1916,0.049331,-0.12203,-0.060453,0.069873,-0.022299,0.017421,0.23254,0.12173,0.14583,0.16908,-0.15199,-0.029297,0.30648,0.28902,0.17121,0.17115,0.17938,0.0052412,-0.058356,0.0045572,-0.006672,0.15013,-0.20061,-0.22383,-0.00078239,-0.13568,0.038396,0.012762,0.10196,-0.1356,0.091736,-0.063392,0.20887,0.046828,0.18759,-0.12526,-0.020244,0.054293,1,0.15936,-0.12251,0.25453,0.017545,-0.0081643,-0.12391,-0.061392,0.34975,-0.18182,0.094255,0.21935,-0.10822,-0.12075,-0.01378,-0.29779,0.040936,0.18672,0.025648,0.39649,-0.25156,-0.12022,0.0084909,0.051171,-0.26848,0.22251,0.14611,-0.14754
51,-0.2252,-0.089075,0.14685,0.23479,-0.011827,0.048283,0.36642,0.21498,0.13081,0.17713,0.16283,0.20867,0.050516,0.097034,0.012297,0.060573,0.035182,0.099447,0.15803,0.15912,0.0092332,0.18736,0.099536,0.2022,0.029037,0.12088,0.29866,0.097977,0.033954,0.046244,0.24938,0.16606,0.28917,-0.022015,0.00038715,-0.20966,0.13535,0.044609,-0.20576,0.018157,-0.0039726,-0.10131,-0.03735,0.060094,0.33082,-0.13789,0.11775,0.017645,-0.3625,0.11948,0.15936,1,-0.090205,0.082764,-0.023073,0.02261,0.023028,0.0062906,0.34648,-0.035187,0.10422,-0.31108,-0.025826,-0.054479,-0.0041836,0.054371,0.065411,-0.12082,0.062429,-0.11828,0.013586,-0.30114,0.06454,-0.14583,0.13562,0.076829,-0.20795,0.10019
52,-0.10543,-0.18941,0.058809,-0.039361,-0.097139,-0.10044,-0.023101,-0.3213,-0.10349,-0.21101,-0.10853,0.0010604,0.094711,0.15586,-0.06169,-0.14866,0.024906,-0.065505,-0.21381,0.071494,-0.037434,-0.044097,-0.20066,-0.035497,0.10264,-0.017177,-0.34998,0.10288,0.13154,-0.019146,-0.22566,-0.011202,0.030139,-0.13421,0.026389,0.16186,-0.10645,0.014786,0.078589,0.25396,-0.18632,-0.081534,0.19163,0.013693,0.068212,0.0083824,-0.022174,0.087953,0.07478,0.099753,-0.12251,-0.090205,1,-0.097607,0.27739,-0.032616,-0.34964,0.23996,0.024407,0.27101,-0.12432,-0.057811,0.043726,-0.092275,0.074576,0.17046,0.10092,-0.042617,-0.01059,0.13604,0.23066,-0.072523,-0.11352,-0.26744,0.042853,0.10137,0.0063162,0.014588
53,0.0027449,0.061273,0.051451,0.18823,0.12513,0.3126,0.34657,0.24172,0.027509,0.078016,0.35111,0.26883,0.26719,0.29701,0.14212,0.0091605,0.12115,0.13565,0.19259,0.17223,0.35156,0.40838,0.053277,0.2015,0.25501,0.14248,0.23753,0.10159,0.11937,0.039824,0.011728,0.21647,0.050567,0.21818,0.16825,-0.044427,0.22992,0.079073,-0.00057493,-0.10447,0.20341,-0.041097,-0.19325,-0.065923,-0.087817,-0.085454,0.13836,-0.0071772,-0.040756,0.1865,0.25453,0.082764,-0.097607,1,-0.087881,0.17452,0.087636,0.11202,0.24155,-0.10239,0.082355,-0.062998,0.1752,0.030177,-0.0067368,-0.1656,0.19557,0.065793,0.21558,-0.032082,-0.053381,-0.065236,-0.10959,0.15145,-0.24558,0.24731,0.062482,-0.27286
54,-0.16815,0.057338,0.096659,0.23278,0.11787,-0.12525,0.042771,-0.20638,0.12678,0.0071112,-0.14985,-0.078652,0.14139,0.081844,0.18173,0.015186,0.078037,-0.15705,0.16304,0.18132,-0.10692,-0.031287,-0.1351,0.01021,0.0065289,-0.16055,-0.46846,0.17651,-0.048026,0.027013,0.032189,-0.29264,0.11003,0.052274,-0.18203,0.1947,0.23672,-0.25343,-0.27569,0.05788,-0.22595,0.082076,0.16091,-0.03699,-0.017403,-0.10483,0.29075,-0.053544,0.17797,-0.18373,0.017545,-0.023073,0.27739,-0.087881,1,0.011823,0.0037002,-0.064902,-0.069497,0.36,0.13629,0.15169,-0.052772,-0.030353,0.15353,0.19221,-0.069939,-0.17959,-0.043764,0.24627,0.22112,-0.054339,-0.42793,-0.0024008,-0.21207,0.027755,0.18873,0.10012
55,0.2014,0.05115,0.08163,0.064839,-0.16993,-0.036563,0.099569,0.07858,0.18222,0.032145,-0.018915,-0.058013,-0.058015,-0.057056,-0.23534,0.21471,-0.099098,-0.019551,0.16031,-0.18348,0.047496,0.048038,-0.0014911,0.097186,-0.020999,0.052202,-0.11279,0.047847,0.074351,-0.20056,-0.044437,0.078607,-0.13631,-0.21626,0.018118,0.049482,0.16301,0.044379,0.15917,-0.18755,0.025417,0.070027,0.068561,0.16068,-0.25568,-0.14506,0.30079,-0.16107,-0.024634,0.1871,-0.0081643,0.02261,-0.032616,0.17452,0.011823,1,0.012744,0.28685,0.06906,-0.0016722,-0.18418,0.11244,0.21312,0.07429,-0.1831,-0.21712,0.27525,0.11718,0.025578,-0.064951,0.44694,0.12091,0.083987,-0.14582,0.1163,0.02957,0.16354,0.20798
56,0.0089803,-0.17128,0.020057,-0.076454,-0.23427,0.022972,-0.11086,0.042478,0.11163,0.028324,-0.045215,0.17723,0.065409,-0.088543,0.10374,0.23909,-0.02294,0.053122,0.053642,-0.22332,-0.037684,0.16913,0.093413,0.24385,-0.16137,-0.095078,0.030878,0.34195,-0.077134,-0.041641,0.32168,0.062424,0.2973,-0.097167,0.14866,0.043601,0.19649,0.075616,0.012928,-0.10347,-0.18247,0.20713,-0.055201,0.071537,-0.014429,0.18267,-0.0098123,0.02904,-0.17811,0.15481,-0.12391,0.023028,-0.34964,0.087636,0.0037002,0.012744,1,-0.22614,0.0043246,-0.085594,0.15535,-0.045429,-0.14319,-0.24839,0.090128,-0.26373,-0.032718,-0.2143,0.20335,0.0061227,-0.14562,-0.049141,-0.046159,-0.19816,0.13792,0.1593,0.22466,-0.047513
57,-0.037295,-0.096425,-0.073448,0.089538,-0.093472,-0.010525,0.080918,0.082567,0.13271,-0.013787,-0.019135,0.093885,0.071649,0.24557,-0.06718,-0.28537,0.048079,0.11157,-0.00076085,-0.1242,0.15494,-0.093908,0.13271,0.13693,0.13847,0.30819,0.015221,-0.14664,0.059348,-0.042605,-0.00089933,0.068314,0.20324,-0.07804,0.087179,0.1524,0.23737,0.16167,0.13354,0.17272,0.11788,-0.10233,0.22041,0.1574,0.037121,-0.22093,0.15577,0.17307,0.10628,0.020036,-0.061392,0.0062906,0.23996,0.11202,-0.064902,0.28685,-0.22614,1,0.044408,0.012238,-0.2502,-0.16443,0.054681,0.1672,-0.17289,0.054215,0.28592,-0.10327,-0.038842,-0.24682,-0.010486,-0.087691,0.077015,-0.10506,-0.12974,0.11676,-0.093353,-0.29032
