2.7815e-11 2.3528e-11 2.422e-11 2.4468e-11 2.3925e-11 2.4973e-11 3.0278e-11 2.069e-11 3.0907e-11 1.8755e-11 2.1819e-11 3.2186e-11 2.5752e-11 2.1323e-11 2.3515e-11 2.285e-11 2.5036e-11 2.7084e-11 2.0782e-11 2.5881e-11 2.4201e-11 2.5596e-11 2.6782e-11 2.4938e-11 3.5094e-11 2.3546e-11 2.267e-11 2.7306e-11 2.5912e-11 2.6063e-11 2.5937e-11 2.6896e-11 2.6106e-11 2.6078e-11 2.279e-11 2.2495e-11 2.676e-11 2.7511e-11 2.3818e-11 2.5807e-11 2.3794e-11 1.8172e-11 2.2066e-11 1.6716e-11 1.8974e-11 2.1875e-11 1.7007e-11 1.5278e-11 1.2116e-11 1.9382e-11 1.8999e-11 1.464e-11 8.6317e-12 1.3698e-11 1.1639e-11 1.7455e-11 7.0512e-12 1.0212e-11 1.2768e-11 1.4066e-11 1.3834e-11 8.3395e-12 5.9784e-12 2.9231e-12 9.5848e-12 4.2085e-12 4.4008e-12 1.0248e-11 7.4859e-12 5.1668e-13 8.3936e-12 5.0869e-12 2.5655e-12 6.4389e-12 2.2053e-12 5.9322e-12 8.6704e-12 6.8226e-12 5.8805e-12 2.4809e-12 4.0387e-12 1.9124e-12 7.8156e-12 4.3805e-12 8.7382e-13 2.6633e-12 1.4982e-12 -2.941e-13 7.5276e-12 1.6562e-12 2.9316e-12 3.4423e-12 1.6668e-13 -8.329e-13 2.8801e-12 2.4612e-12 -1.6452e-12 2.9789e-12 1.0523e-12 2.1836e-12 3.7131e-12 1.2129e-12 1.9586e-12 2.089e-13 -8.7091e-13 2.5489e-12 1.3856e-12 8.335e-13 -4.0114e-13 3.9243e-12 3.07e-12 9.0191e-12 2.1555e-13 -3.9857e-12 2.625e-12 -2.9977e-12 2.2478e-12 3.2428e-12 1.4657e-12 1.0563e-12 3.7449e-13 -7.1299e-13 -2.0572e-12 1.7551e-12 2.5337e-12 -5.4662e-13 -1.9855e-12 -8.6277e-13 4.1353e-12 -3.9199e-13 -5.6122e-13 -2.3036e-13 -6.6807e-13 -1.764e-12 -6.4524e-13 -7.1884e-13 6.2614e-13 9.0725e-13 1.7893e-12 1.6467e-12 1.4314e-12 1.7568e-12 -2.0268e-13 1.651e-12 -1.0052e-12 3.2438e-12 1.1975e-13 -1.0591e-13 -2.5884e-12 1.2912e-12 -4.57e-13 -1.3045e-12 -1.9533e-12 -2.0193e-12 -1.0705e-12 1.0077e-12 -2.2022e-12 2.6415e-13 1.7363e-13 1.4522e-12 -1.1839e-12 -8.4537e-13 -1.8862e-12 6.6023e-13 -4.7335e-13 1.1832e-12 8.5114e-13 6.9337e-13 -1.0569e-12 -9.5629e-13 -5.6548e-13 1.5134e-13 1.0768e-13 2.4711e-13 -2.1401e-14 6.4075e-13 1.7279e-13 2.3006e-14
2.3528e-11 3.1319e-11 2.6621e-11 2.5795e-11 2.8055e-11 2.7254e-11 3.3611e-11 2.3542e-11 3.0557e-11 2.0368e-11 2.2946e-11 3.111e-11 2.8974e-11 2.4155e-11 2.4089e-11 2.6007e-11 2.612e-11 2.8894e-11 2.3982e-11 2.8112e-11 2.7613e-11 2.7635e-11 2.7314e-11 2.6507e-11 3.9212e-11 2.7443e-11 2.4496e-11 2.9024e-11 2.3585e-11 2.9416e-11 2.7096e-11 3.0202e-11 2.86e-11 2.7668e-11 2.4826e-11 2.6857e-11 2.7987e-11 3.293e-11 2.3398e-11 2.8852e-11 2.7999e-11 2.2497e-11 2.3622e-11 1.9206e-11 2.4427e-11 2.2008e-11 1.7839e-11 1.5445e-11 1.2574e-11 1.9352e-11 2.0106e-11 1.9924e-11 8.3719e-12 1.8104e-11 1.4262e-11 1.6935e-11 9.3195e-12 1.0757e-11 1.2836e-11 1.259e-11 1.4143e-11 1.2628e-11 9.7699e-12 3.9346e-12 1.0917e-11 5.382e-12 8.7655e-12 1.3533e-11 7.1379e-12 4.3576e-12 5.8198e-12 4.5974e-12 3.6746e-12 5.19e-12 2.11e-12 8.7558e-12 9.6873e-12 8.9104e-12 8.5404e-12 1.8838e-12 5.7273e-12 1.6845e-12 7.8128e-12 3.8127e-12 -3.2661e-13 6.5091e-12 2.8348e-12 2.7961e-12 6.0736e-12 2.081e-12 4.8471e-12 5.2109e-12 -2.7686e-12 -2.691e-14 1.7534e-12 2.2268e-12 -7.3678e-13 7.9451e-13 1.7386e-12 9.4777e-13 3.7401e-12 6.1572e-13 2.2179e-12 -1.7499e-13 -2.5136e-12 1.5739e-12 2.3101e-12 -3.5753e-14 -1.9131e-14 1.5716e-12 1.706e-12 7.1123e-12 7.5162e-13 -5.2029e-12 5.4717e-12 7.7927e-13 1.5311e-13 4.0346e-12 8.3804e-14 7.6102e-13 1.2561e-12 1.4143e-12 -1.8229e-12 -9.3671e-13 1.5875e-12 -1.817e-12 -2.1583e-12 -5.2466e-13 3.5009e-12 -2.1931e-12 6.9791e-13 -2.2795e-12 -1.6689e-12 -2.135e-12 -9.6168e-13 -3.6426e-13 9.5815e-13 2.1146e-12 1.5666e-12 1.3599e-12 5.8943e-13 1.3789e-12 -7.9135e-13 1.6967e-12 -9.9791e-13 1.8698e-12 1.1864e-12 -1.5396e-12 -1.9487e-12 7.8312e-13 -4.1153e-13 -1.4466e-12 -2.0884e-12 -6.7959e-13 -4.1263e-13 1.5411e-12 -2.002e-12 -7.7616e-13 -5.1546e-13 1.2486e-12 -1.1775e-13 -1.6422e-12 -1.8091e-12 4.2965e-13 9.1681e-14 5.0894e-13 1.2481e-12 9.7305e-13 -5.1896e-13 -1.2818e-12 -7.5961e-13 -1.1515e-13 2.0247e-13 6.0197e-15 -2.9862e-13 7.0829e-13 1.6943e-13 1.2268e-14
2.422e-11 2.6621e-11 3.1661e-11 2.7117e-11 2.8219e-11 2.7168e-11 3.4627e-11 2.4641e-11 3.2362e-11 2.1291e-11 2.5953e-11 3.3301e-11 3.0788e-11 2.292e-11 2.653e-11 2.6916e-11 2.7237e-11 3.0075e-11 2.2082e-11 2.7917e-11 2.9084e-11 3.0305e-11 2.9874e-11 2.7511e-11 3.9453e-11 2.7243e-11 2.4531e-11 2.9056e-11 2.5897e-11 2.8726e-11 2.831e-11 3.0007e-11 2.8105e-11 2.6399e-11 2.3172e-11 2.6888e-11 2.9728e-11 3.2757e-11 2.7215e-11 3.0039e-11 2.5856e-11 2.0922e-11 2.4357e-11 1.7679e-11 2.1468e-11 2.3531e-11 1.9068e-11 1.6733e-11 1.2004e-11 2.312e-11 2.1529e-11 2.1187e-11 9.8816e-12 1.6826e-11 1.4391e-11 1.9741e-11 8.2561e-12 9.4834e-12 1.3763e-11 1.4274e-11 1.4942e-11 1.6535e-11 8.4067e-12 2.5723e-12 1.0517e-11 5.1962e-12 9.7221e-12 1.068e-11 9.1823e-12 3.8824e-12 7.3588e-12 5.6477e-12 5.3961e-12 4.3531e-12 1.1523e-12 9.2503e-12 9.5835e-12 8.587e-12 7.0474e-12 3.2006e-12 3.8086e-12 1.7948e-12 6.0663e-12 4.4827e-12 -2.6642e-12 4.8981e-12 -1.8956e-12 1.8151e-12 6.844e-12 2.2162e-12 5.682e-12 4.85e-12 1.3458e-13 5.0453e-13 2.176e-12 2.3685e-12 3.0547e-13 2.7553e-12 2.3574e-13 1.2364e-12 3.637e-12 -4.7668e-13 4.1022e-12 1.1452e-12 -2.9986e-12 1.5258e-12 3.9313e-13 8.8984e-13 7.5683e-13 4.0194e-12 1.8989e-12 8.0023e-12 5.01e-14 -5.5351e-12 4.1458e-12 -6.5593e-13 -3.3789e-13 3.2413e-12 8.4739e-13 2.3544e-12 1.7947e-13 2.1727e-12 -1.2121e-12 -1.5039e-13 2.9627e-12 -2.696e-12 -3.739e-12 4.6385e-13 4.1496e-12 -9.5688e-13 -2.7287e-12 -2.6363e-12 -1.6355e-12 -7.0585e-13 6.6531e-13 -1.0847e-12 9.6834e-13 1.0711e-12 1.5492e-12 1.2409e-12 2.4867e-12 7.644e-13 -5.9965e-13 1.9338e-12 -2.1333e-12 2.611e-12 8.7299e-13 4.2919e-14 -2.3699e-12 1.5226e-12 -9.5199e-13 -7.0166e-13 -2.2546e-12 -1.5386e-12 -2.3032e-13 1.5634e-12 -1.1263e-12 4.0896e-14 1.2744e-13 1.7578e-12 -2.384e-13 -8.1805e-13 -2.4532e-12 5.6575e-13 -1.1675e-13 7.0041e-13 1.355e-12 3.5154e-14 -3.9623e-13 -8.3093e-13 -6.5821e-13 5.5664e-14 -1.1019e-13 -4.9547e-14 -1.1666e-13 7.1083e-13 1.3595e-13 4.2534e-13
2.4468e-11 2.5795e-11 2.7117e-11 3.1285e-11 2.8123e-11 2.7224e-11 3.6322e-11 2.432e-11 3.3091e-11 2.0912e-11 2.741e-11 3.3509e-11 2.8804e-11 2.5579e-11 2.8163e-11 2.4169e-11 2.6687e-11 3.0861e-11 2.397e-11 3.1787e-11 2.9363e-11 2.9243e-11 2.9436e-11 2.6126e-11 3.9383e-11 2.8951e-11 2.6126e-11 2.9403e-11 2.6581e-11 2.9271e-11 2.7469e-11 2.87e-11 2.8083e-11 2.8719e-11 2.3505e-11 2.5666e-11 3.0392e-11 3.3843e-11 2.7737e-11 3.0307e-11 2.7022e-11 2.1191e-11 2.3309e-11 1.9952e-11 2.3459e-11 2.4016e-11 1.9639e-11 1.9368e-11 1.3418e-11 2.1535e-11 2.1079e-11 1.8919e-11 9.7211e-12 1.5371e-11 1.4901e-11 1.9155e-11 9.2917e-12 1.1956e-11 1.3087e-11 1.4651e-11 1.639e-11 1.2341e-11 9.7579e-12 3.8238e-12 1.1502e-11 2.849e-12 9.0394e-12 1.1004e-11 7.414e-12 2.1054e-12 6.7102e-12 7.9369e-12 2.8771e-12 7.0841e-12 1.7852e-12 7.0162e-12 7.9866e-12 8.3627e-12 5.3223e-12 1.4836e-12 4.9955e-12 2.38e-12 5.8727e-12 3.0604e-12 -1.2284e-12 4.848e-12 -1.707e-13 -5.9033e-13 8.4029e-12 3.8497e-12 1.8819e-12 5.5228e-12 -7.9164e-14 9.8793e-13 3.0538e-12 3.5189e-12 -1.1113e-12 1.54e-12 2.0585e-12 9.0877e-13 3.8665e-12 1.5987e-12 3.227e-12 1.1601e-12 -3.9817e-13 2.2022e-12 2.8768e-12 -3.9258e-14 -4.2178e-13 4.3388e-12 1.052e-12 8.5486e-12 -1.1197e-13 -7.3281e-12 2.6792e-12 -4.939e-13 1.3002e-13 4.6839e-12 2.7025e-12 1.6953e-12 6.1218e-13 2.2366e-12 -1.0136e-12 1.5544e-12 2.4092e-12 -1.0865e-12 -1.9995e-12 5.5728e-13 4.1276e-12 -2.2382e-12 -2.5905e-12 -1.3527e-12 -2.0583e-12 -1.4048e-12 -2.6927e-13 -1.0454e-12 8.9089e-13 1.5396e-12 1.1954e-12 1.6515e-12 2.3881e-12 1.6201e-12 -6.6236e-13 7.4688e-13 -1.6617e-12 2.2557e-12 5.9222e-13 -3.4122e-13 -2.08e-12 1.4159e-12 -3.6817e-13 -9.8104e-13 -2.017e-12 -2.1959e-12 -3.6906e-13 1.8693e-12 -1.0403e-12 5.1085e-14 -2.546e-13 1.1565e-12 -1.0212e-12 -1.9701e-12 -1.2419e-12 4.3581e-13 -3.7673e-13 6.0963e-13 1.0157e-12 4.9387e-13 -5.996e-13 -1.3154e-12 -1.0989e-12 1.7082e-15 1.1818e-13 -1.6366e-13 3.5088e-14 6.8115e-13 1.2436e-13 -8.7011e-14
2.3925e-11 2.8055e-11 2.8219e-11 2.8123e-11 3.3826e-11 2.8147e-11 3.7177e-11 2.6357e-11 3.3429e-11 2.3433e-11 2.6973e-11 3.4694e-11 3.1972e-11 2.5194e-11 2.842e-11 2.6445e-11 2.7304e-11 3.2351e-11 2.5183e-11 3.2513e-11 2.8022e-11 2.9694e-11 3.041e-11 2.7181e-11 4.4621e-11 2.9939e-11 2.8118e-11 3.0767e-11 2.8282e-11 3.2794e-11 3.0887e-11 3.0527e-11 3.1542e-11 2.9221e-11 2.6063e-11 2.607e-11 3.2516e-11 3.5673e-11 2.8127e-11 3.309e-11 3.0347e-11 2.3905e-11 2.7532e-11 2.1957e-11 2.491e-11 2.8263e-11 2.0901e-11 1.5874e-11 1.6002e-11 2.2948e-11 2.4831e-11 2.0304e-11 8.9463e-12 1.8687e-11 1.4681e-11 2.0108e-11 9.1198e-12 1.2946e-11 1.4312e-11 1.2357e-11 1.3776e-11 1.4568e-11 8.3348e-12 4.6605e-12 1.5559e-11 4.3128e-12 9.2634e-12 1.2455e-11 1.0368e-11 5.377e-12 7.6754e-12 5.74e-12 5.0638e-12 6.4079e-12 3.7974e-12 8.4347e-12 1.0225e-11 9.8439e-12 6.9792e-12 2.5481e-12 6.0024e-12 1.6016e-12 6.7587e-12 5.9731e-12 -1.1872e-12 4.6323e-12 2.3264e-12 3.6909e-12 9.1612e-12 3.2626e-12 5.4517e-12 5.2263e-12 1.4813e-12 2.8763e-12 2.5745e-12 2.3001e-12 -3.9516e-13 2.8512e-12 2.0778e-12 5.4758e-13 6.3484e-12 1.6673e-12 5.3479e-12 4.9843e-13 -8.6936e-13 2.3453e-12 -2.5963e-13 8.4884e-13 -2.0034e-12 4.3645e-12 1.3561e-12 1.0247e-11 -1.4041e-12 -6.0102e-12 5.5252e-12 1.0559e-12 1.2348e-12 2.3284e-12 1.9796e-12 2.6533e-12 2.6596e-12 1.9176e-12 -1.6169e-12 4.4319e-13 1.4132e-12 -2.352e-12 -2.2406e-12 1.5823e-13 4.0437e-12 -2.5058e-12 -2.1471e-12 -1.8501e-12 -2.7818e-12 -9.4745e-13 -1.9089e-13 -1.8754e-12 3.6382e-13 1.0439e-12 1.9322e-12 7.7281e-13 2.0702e-12 1.2692e-12 -7.3837e-15 2.3898e-12 -1.3752e-12 2.6757e-12 4.8786e-13 -1.6011e-12 -2.419e-12 8.5859e-13 -2.6988e-13 -1.1928e-12 -1.692e-12 -1.6619e-12 -4.0625e-13 2.1768e-12 -2.2667e-12 -6.108e-13 -5.5995e-13 7.434e-13 -3.6525e-13 -2.2613e-12 -1.4061e-12 5.7904e-14 -5.3615e-13 6.98e-13 1.734e-12 5.5696e-13 4.3829e-14 -2.0554e-12 -1.2837e-12 -1.4104e-13 1.9969e-13 -1.5968e-13 -2.3325e-13 6.5153e-13 1.3645e-13 -1.566e-13
2.4973e-11 2.7254e-11 2.7168e-11 2.7224e-11 2.8147e-11 3.299e-11 3.2945e-11 2.4068e-11 3.0681e-11 2.0933e-11 2.4134e-11 3.2196e-11 2.9028e-11 2.3409e-11 2.6733e-11 2.4796e-11 2.7753e-11 3.0056e-11 2.3063e-11 2.6898e-11 2.619e-11 2.7692e-11 2.7834e-11 2.8053e-11 3.7743e-11 2.7075e-11 2.4792e-11 2.8487e-11 2.6075e-11 2.8918e-11 2.913e-11 2.9042e-11 2.8504e-11 2.6507e-11 2.4612e-11 2.4766e-11 2.9115e-11 3.2414e-11 2.4785e-11 2.6726e-11 2.6306e-11 2.2588e-11 2.3745e-11 2.0518e-11 2.2794e-11 2.5395e-11 1.7069e-11 2.0816e-11 1.4042e-11 2.2462e-11 2.0886e-11 1.9495e-11 1.0144e-11 1.4243e-11 1.1846e-11 1.8973e-11 7.6252e-12 1.2147e-11 1.3704e-11 1.3656e-11 1.5988e-11 1.3161e-11 8.2645e-12 3.2191e-12 1.1184e-11 3.0643e-12 6.5025e-12 1.0389e-11 1.0059e-11 3.297e-12 9.0221e-12 6.7012e-12 2.8098e-12 1.0084e-11 2.1107e-12 8.9741e-12 1.0122e-11 9.4953e-12 7.9962e-12 7.7499e-13 6.4999e-12 3.1106e-12 4.4508e-12 3.0493e-12 7.9594e-13 7.4007e-12 9.4223e-13 1.3527e-12 7.296e-12 6.5363e-13 3.3105e-12 3.8173e-12 -2.1919e-13 1.8784e-12 2.7599e-12 4.4362e-12 1.1773e-12 2.1342e-12 1.553e-12 2.0023e-12 5.5932e-12 1.4349e-12 4.8271e-12 1.7272e-12 4.8112e-13 1.7956e-12 2.8471e-12 2.9528e-12 -1.2711e-12 3.483e-12 3.3685e-12 7.7219e-12 1.3366e-12 -6.396e-12 3.9867e-12 -5.2534e-13 7.3242e-13 5.3596e-12 1.4058e-12 1.4972e-12 3.0177e-14 3.4568e-13 -1.6113e-12 6.1791e-13 1.9045e-12 -4.6543e-13 -2.0961e-12 1.3142e-13 2.722e-12 -6.8749e-13 -6.24e-13 -2.5572e-12 -1.0617e-12 -2.9351e-12 -4.2162e-13 -1.5003e-12 2.2359e-12 2.8521e-12 3.9392e-13 1.513e-12 2.6151e-12 1.762e-12 -7.864e-13 2.4899e-12 -4.7481e-13 1.4196e-12 1.2726e-12 -9.6994e-13 -1.6656e-12 1.3217e-12 -6.5076e-14 -1.7585e-12 -3.1041e-12 -1.277e-12 -8.7165e-14 1.8589e-12 -1.3038e-12 -5.9874e-13 3.8397e-13 1.8537e-12 -3.2212e-13 -9.0123e-13 -2.2367e-12 3.3933e-13 5.3557e-13 7.1686e-13 9.9167e-13 5.0293e-13 -5.753e-13 -1.2209e-12 -1.0736e-12 4.89e-14 2.1979e-14 4.2525e-14 -3.6577e-13 5.7253e-13 9.1883e-14 2.0902e-13
3.0278e-11 3.3611e-11 3.4627e-11 3.6322e-11 3.7177e-11 3.2945e-11 5.415e-11 3.3042e-11 4.3303e-11 2.9768e-11 3.5013e-11 4.3971e-11 4.1144e-11 3.3555e-11 3.5818e-11 3.2458e-11 3.4835e-11 4.0738e-11 3.1529e-11 4.3184e-11 3.5341e-11 3.7555e-11 3.8879e-11 3.7211e-11 5.5054e-11 3.6695e-11 3.3999e-11 3.8812e-11 3.5438e-11 4.1073e-11 3.7237e-11 3.8884e-11 3.8797e-11 3.7831e-11 3.2036e-11 3.46e-11 3.9553e-11 4.7102e-11 3.537e-11 4.1662e-11 3.8615e-11 3.0296e-11 3.4395e-11 2.4603e-11 2.9348e-11 3.2768e-11 2.9167e-11 2.3132e-11 1.6422e-11 3.3407e-11 2.8957e-11 2.6817e-11 1.2723e-11 2.5159e-11 1.7488e-11 2.3911e-11 1.2146e-11 1.5738e-11 1.6313e-11 2.0114e-11 2.2176e-11 1.8729e-11 1.0382e-11 7.4021e-12 2.0322e-11 6.7164e-12 1.1642e-11 1.4301e-11 9.3969e-12 3.9897e-12 9.1624e-12 1.0122e-11 6.3421e-12 7.5236e-12 1.4775e-12 1.0648e-11 1.262e-11 1.1755e-11 1.0851e-11 2.9117e-12 5.0535e-12 3.7975e-12 9.8879e-12 5.5744e-12 -1.5474e-12 7.2977e-12 2.3281e-12 5.5574e-12 8.0324e-12 4.7313e-12 6.6687e-12 7.3109e-12 2.1513e-12 1.8e-12 1.7907e-14 2.9201e-12 -7.207e-13 1.759e-12 2.8892e-12 -8.4774e-13 5.3937e-12 1.3717e-12 5.1536e-12 1.5289e-12 -1.4783e-12 2.2798e-12 -1.3858e-12 1.531e-12 2.6442e-12 6.5989e-12 7.439e-13 1.1672e-11 2.6313e-13 -7.0083e-12 4.3555e-12 1.0681e-12 3.0758e-12 2.939e-12 2.1295e-12 4.0998e-12 4.2915e-13 4.4102e-12 -7.6656e-13 4.2816e-13 4.1499e-12 -3.2272e-12 -2.0305e-12 1.5421e-13 4.111e-12 -2.4179e-12 -3.0529e-12 -2.5027e-12 -2.8869e-12 -6.1949e-13 -1.0682e-12 -1.5085e-12 -8.8642e-13 1.3035e-12 1.3291e-12 2.7153e-12 1.6268e-12 2.8873e-12 3.8309e-13 1.1243e-12 -1.7076e-12 3.3437e-12 1.3652e-12 -1.4901e-12 -4.799e-12 1.2311e-12 -1.7158e-12 -7.7514e-14 -9.6702e-13 -1.5153e-12 -9.7645e-13 2.063e-12 -2.2673e-12 -7.7308e-13 -1.1541e-12 1.8041e-12 1.6644e-13 -1.6778e-12 -7.1095e-13 6.8825e-13 -8.603e-13 1.279e-12 1.6291e-12 6.1458e-13 -7.4287e-13 -1.609e-12 -9.9786e-13 -4.4375e-14 1.7469e-13 2.3729e-13 4.8478e-14 8.8998e-13 3.6833e-13 -2.6939e-13
2.069e-11 2.3542e-11 2.4641e-11 2.432e-11 2.6357e-11 2.4068e-11 3.3042e-11 2.8769e-11 2.7723e-11 1.8494e-11 2.4314e-11 2.9905e-11 2.7924e-11 2.041e-11 2.5227e-11 2.3232e-11 2.4391e-11 2.8073e-11 2.3024e-11 2.7134e-11 2.3496e-11 2.5176e-11 2.5755e-11 2.5166e-11 3.701e-11 2.6517e-11 2.2551e-11 2.9135e-11 2.4606e-11 2.6412e-11 2.5392e-11 2.7487e-11 2.8349e-11 2.4777e-11 2.4097e-11 2.3032e-11 2.72e-11 3.0999e-11 2.2984e-11 2.7834e-11 2.713e-11 2.2009e-11 2.3014e-11 1.7854e-11 2.1816e-11 2.2232e-11 1.8921e-11 1.7026e-11 1.2538e-11 2.0672e-11 2.0376e-11 1.9799e-11 6.6812e-12 1.5877e-11 1.3086e-11 1.8882e-11 7.4585e-12 1.0906e-11 1.3277e-11 1.2138e-11 1.3776e-11 1.5788e-11 4.809e-12 4.261e-12 1.2505e-11 3.6563e-12 8.2368e-12 8.2641e-12 9.6929e-12 3.4145e-12 7.5741e-12 5.2636e-12 3.6218e-12 5.4359e-12 2.5215e-12 6.2537e-12 8.4365e-12 8.2952e-12 6.5189e-12 9.0037e-13 4.6493e-12 2.0111e-12 3.6029e-12 4.8716e-12 -1.8718e-12 4.9402e-12 2.1821e-12 3.697e-12 4.9786e-12 4.0089e-12 5.827e-12 4.693e-12 7.2285e-13 -3.1291e-13 3.0142e-12 2.9288e-12 1.4185e-12 2.6703e-12 1.0899e-12 -4.4675e-13 5.4248e-12 8.0267e-13 4.6106e-12 2.1561e-12 -2.4828e-12 2.3527e-12 9.5114e-13 1.2699e-12 -6.4194e-13 5.0083e-12 9.8813e-13 8.21e-12 -7.9473e-13 -3.3512e-12 2.3494e-12 4.0085e-13 5.5729e-13 3.0874e-12 7.7662e-13 1.0723e-12 1.1582e-13 8.3199e-13 1.1208e-13 -1.1302e-13 2.1571e-12 -9.9027e-13 -6.4362e-13 1.0038e-12 3.6519e-12 -1.1477e-12 -1.1124e-12 -3.416e-12 -9.2843e-13 -1.7493e-12 2.466e-13 -1.3195e-12 -1.0982e-12 2.3425e-13 8.7774e-13 2.8514e-12 1.261e-12 2.0142e-12 1.0682e-13 1.1373e-12 -7.599e-13 2.8948e-12 6.0552e-13 -1.3741e-12 -3.5509e-12 1.1244e-12 -1.4791e-12 -6.2643e-13 -2.4329e-12 -1.1148e-12 -9.3117e-13 1.4633e-12 -1.6398e-12 -1.6196e-12 -5.6902e-13 2.1053e-12 -4.9993e-13 -1.6388e-12 -8.7175e-13 7.4373e-13 -5.1306e-13 1.214e-13 1.177e-12 2.211e-13 -4.0231e-13 -1.5668e-12 -1.1177e-12 2.6791e-15 -1.0303e-13 1.1433e-13 7.7756e-15 7.074e-13 9.2841e-14 -8.4921e-14
3.0907e-11 3.0557e-11 3.2362e-11 3.3091e-11 3.3429e-11 3.0681e-11 4.3303e-11 2.7723e-11 4.625e-11 2.5471e-11 3.1117e-11 4.1934e-11 3.5361e-11 2.813e-11 3.282e-11 3.2854e-11 3.2147e-11 3.6184e-11 2.9099e-11 3.9164e-11 3.3284e-11 3.5631e-11 3.4653e-11 3.3928e-11 5.0405e-11 3.215e-11 3.0995e-11 3.5547e-11 3.4522e-11 3.5097e-11 3.5789e-11 3.4941e-11 3.5252e-11 3.5438e-11 2.907e-11 3.2087e-11 3.5598e-11 3.9768e-11 3.1967e-11 3.7883e-11 3.5606e-11 2.6113e-11 3.1108e-11 2.0337e-11 2.6011e-11 3.2644e-11 2.3015e-11 2.0253e-11 1.5264e-11 2.7991e-11 2.8243e-11 2.1762e-11 1.0812e-11 1.9341e-11 1.6712e-11 2.0921e-11 9.1561e-12 1.5354e-11 1.7665e-11 1.8002e-11 1.8189e-11 1.2291e-11 8.979e-12 3.7944e-12 1.8351e-11 6.5429e-12 1.0058e-11 1.2063e-11 8.0787e-12 2.2316e-12 1.078e-11 6.2139e-12 6.7134e-12 6.1446e-12 3.5476e-12 8.3651e-12 1.1586e-11 9.7197e-12 7.8932e-12 4.4769e-12 4.7719e-12 6.2151e-13 6.9899e-12 6.1439e-12 9.714e-13 7.0121e-12 9.3684e-13 2.1609e-12 7.746e-12 6.082e-12 6.2135e-12 5.5491e-12 1.3707e-12 3.3537e-13 2.4076e-12 3.5091e-12 -3.3626e-13 2.1821e-12 1.5584e-12 1.8907e-12 4.3526e-12 -2.268e-13 3.3105e-12 1.625e-12 2.7915e-13 2.4536e-12 1.9012e-12 2.4117e-13 6.8485e-13 4.7308e-12 1.0292e-12 1.0419e-11 -1.4498e-12 -6.6908e-12 2.0852e-12 7.1169e-13 2.6094e-12 4.0666e-13 5.387e-13 3.078e-12 8.1297e-13 2.9397e-13 -2.5373e-13 1.037e-12 4.6843e-12 -1.0094e-12 -1.6649e-12 6.9037e-14 5.9405e-12 -2.6397e-12 -3.1966e-12 -9.044e-13 -1.0108e-12 1.8762e-13 -1.6328e-12 -2.2359e-12 9.8575e-13 1.5595e-12 2.5024e-12 1.415e-12 1.1721e-12 1.4139e-12 -7.154e-13 4.0937e-13 -2.2843e-12 2.6175e-12 4.5005e-13 -1.6652e-13 -2.5711e-12 2.5966e-12 -8.7199e-13 -1.9723e-12 -2.4296e-12 -2.048e-12 -1.3864e-12 1.4877e-12 -2.9199e-12 5.5163e-13 1.8932e-13 1.549e-12 -1.3158e-12 -2.7904e-12 -1.8107e-12 4.6561e-13 -1.001e-12 1.3231e-12 2.2782e-12 1.1034e-12 -6.2991e-13 -1.7428e-12 -9.8438e-13 -5.3033e-14 2.8628e-13 -5.5887e-14 6.926e-14 6.6997e-13 1.8014e-13 1.1154e-13
1.8755e-11 2.0368e-11 2.1291e-11 2.0912e-11 2.3433e-11 2.0933e-11 2.9768e-11 1.8494e-11 2.5471e-11 2.2522e-11 1.9862e-11 2.5359e-11 2.3894e-11 1.9083e-11 2.14e-11 2.1711e-11 2.1512e-11 2.4111e-11 2.016e-11 2.4251e-11 2.1071e-11 2.2796e-11 2.4287e-11 2.1094e-11 3.2944e-11 2.2831e-11 2.1342e-11 2.2441e-11 2.0057e-11 2.4193e-11 2.4013e-11 2.3157e-11 2.1101e-11 2.3482e-11 1.8515e-11 2.0082e-11 2.3976e-11 2.6209e-11 2.2101e-11 2.5267e-11 2.2055e-11 1.8128e-11 2.1379e-11 1.5845e-11 1.8814e-11 1.8958e-11 1.5268e-11 1.1957e-11 1.1736e-11 1.9909e-11 1.9772e-11 1.6172e-11 9.4945e-12 1.5588e-11 1.0076e-11 1.4011e-11 7.3383e-12 1.05e-11 1.1563e-11 8.755e-12 1.3324e-11 1.0161e-11 6.5258e-12 4.3767e-12 1.328e-11 5.3237e-12 5.9558e-12 9.5929e-12 7.1102e-12 6.3555e-12 6.7285e-12 4.5029e-12 2.277e-12 5.3709e-12 1.6972e-12 6.4967e-12 5.6714e-12 6.214e-12 7.0228e-12 3.0954e-12 2.5591e-12 1.6387e-12 5.1369e-12 4.2108e-12 1.592e-13 3.1596e-12 1.0852e-12 2.3585e-12 6.2081e-12 2.8129e-12 6.2626e-12 4.0397e-12 1.325e-12 1.5784e-12 2.483e-13 1.5371e-12 -3.7183e-13 1.6236e-12 6.9471e-13 2.8055e-13 3.8247e-12 6.0967e-13 2.8013e-12 -8.995e-14 -3.2237e-14 2.3748e-12 -1.0474e-12 2.8859e-12 -4.3287e-13 2.8515e-12 6.6859e-13 6.1268e-12 -9.332e-13 -3.8905e-12 3.7175e-12 -6.3291e-13 4.0972e-13 8.8368e-13 1.2818e-12 3.4514e-12 1.6278e-12 3.6703e-12 9.7176e-13 1.2086e-12 1.6564e-12 -2.4781e-12 -7.3133e-13 2.9616e-13 2.6473e-12 -1.0272e-12 -7.3523e-13 -6.4837e-13 -5.8136e-13 4.5847e-14 -8.4975e-13 -1.5107e-12 6.8619e-13 1.2588e-12 1.5095e-12 1.4016e-12 1.6702e-12 1.0148e-12 -8.6018e-14 7.3427e-13 3.2433e-14 1.9829e-12 -7.1006e-13 -2.4918e-12 -1.8955e-12 1.7612e-13 -1.1917e-12 4.7169e-13 -2.0804e-12 -1.7976e-12 -1.0321e-13 1.1768e-12 -8.722e-13 -6.9729e-13 2.1467e-13 5.9939e-13 3.8069e-13 -7.0358e-13 -1.1081e-12 4.4739e-13 -4.0041e-13 1.0541e-12 1.2e-12 9.0575e-14 -1.3554e-13 -1.2384e-12 -9.0738e-13 1.658e-13 -1.1972e-13 1.4284e-13 -2.7093e-13 2.8866e-13 1.2379e-13 2.4932e-13
2.1819e-11 2.2946e-11 2.5953e-11 2.741e-11 2.6973e-11 2.4134e-11 3.5013e-11 2.4314e-11 3.1117e-11 1.9862e-11 3.2559e-11 3.0513e-11 2.7429e-11 2.4514e-11 2.4911e-11 2.1827e-11 2.6199e-11 2.8258e-11 2.1592e-11 2.7515e-11 2.47e-11 2.7701e-11 2.9409e-11 2.5352e-11 3.833e-11 2.8115e-11 2.4069e-11 2.8355e-11 2.4311e-11 2.711e-11 2.703e-11 2.7994e-11 2.7316e-11 2.3917e-11 2.2146e-11 2.3578e-11 2.7992e-11 3.3466e-11 2.4957e-11 2.9211e-11 2.7865e-11 2.0544e-11 2.051e-11 1.5383e-11 2.1301e-11 2.4771e-11 1.9434e-11 1.4961e-11 1.125e-11 2.2217e-11 1.953e-11 1.8969e-11 9.2987e-12 1.6353e-11 1.106e-11 1.6335e-11 7.4088e-12 8.8081e-12 1.3673e-11 1.2699e-11 1.3174e-11 1.4945e-11 5.9434e-12 6.0136e-12 1.3396e-11 3.4859e-12 9.2158e-12 1.0909e-11 8.6286e-12 1.3323e-12 6.0175e-12 5.714e-12 6.9935e-12 4.9174e-12 2.1145e-12 8.1559e-12 9.6582e-12 9.2939e-12 7.4947e-12 3.6417e-12 1.4138e-12 2.2561e-12 5.5668e-12 4.645e-12 -4.4025e-12 3.0521e-12 -1.7607e-12 2.2759e-12 6.2048e-12 5.66e-12 2.9526e-12 4.3585e-12 1.0758e-12 8.0602e-13 3.2438e-12 4.4461e-12 -1.8556e-12 2.515e-12 1.3443e-13 2.2821e-12 2.1303e-12 2.1497e-12 4.747e-12 8.4724e-13 -1.2939e-12 7.5056e-13 8.9037e-13 2.0917e-12 -1.1558e-12 4.1078e-12 2.0087e-12 7.7089e-12 -2.8689e-12 -6.0143e-12 3.078e-12 -1.0748e-13 1.1631e-12 2.4558e-12 1.4996e-12 6.6502e-13 -1.3947e-12 1.1402e-12 -1.3515e-12 1.7346e-12 3.2532e-12 -1.3413e-12 -3.2259e-12 2.4775e-12 4.7952e-12 -2.5041e-12 -1.6793e-12 -1.8665e-12 -2.6825e-13 4.1362e-14 -2.417e-13 5.3478e-14 -4.2723e-13 7.2232e-13 2.4884e-12 1.8639e-12 2.6229e-13 1.6285e-12 -2.5206e-12 7.2628e-13 -1.1462e-12 3.6304e-12 2.0682e-13 8.4998e-14 -1.9652e-12 1.8336e-12 -9.8605e-13 -2.1123e-13 -1.4167e-12 -1.685e-12 -1.0128e-12 1.6007e-12 -1.0864e-12 -7.9801e-13 -2.7626e-13 1.9499e-12 -8.5518e-13 -1.6584e-12 1.7998e-13 4.7926e-13 -1.0689e-12 1.2786e-12 1.2351e-12 2.7672e-13 -6.5773e-13 -1.0728e-12 -1.3761e-12 -7.3006e-14 -1.6041e-13 -3.7865e-13 -1.034e-13 1.0137e-12 2.1206e-13 -5.4023e-13
3.2186e-11 3.111e-11 3.3301e-11 3.3509e-11 3.4694e-11 3.2196e-11 4.3971e-11 2.9905e-11 4.1934e-11 2.5359e-11 3.0513e-11 4.8069e-11 3.5166e-11 3.0325e-11 3.4802e-11 3.1972e-11 3.3022e-11 3.9119e-11 2.8413e-11 3.7494e-11 3.1988e-11 3.5968e-11 3.5243e-11 3.2434e-11 5.0453e-11 3.4661e-11 3.2153e-11 3.7911e-11 3.4349e-11 3.6751e-11 3.5275e-11 3.6721e-11 3.7749e-11 3.713e-11 2.9071e-11 3.1853e-11 3.7687e-11 3.9321e-11 3.4437e-11 3.851e-11 3.6015e-11 2.6109e-11 2.9793e-11 2.1739e-11 2.5481e-11 2.9841e-11 2.3133e-11 2.1077e-11 1.6142e-11 2.8139e-11 2.7654e-11 2.2467e-11 8.899e-12 2.1259e-11 1.7822e-11 2.3954e-11 1.2294e-11 1.4553e-11 1.8069e-11 1.7165e-11 1.9956e-11 1.5202e-11 9.4331e-12 4.2839e-12 1.7287e-11 4.7709e-12 8.5636e-12 1.4581e-11 1.1311e-11 1.3703e-12 1.2751e-11 6.6015e-12 4.9312e-12 7.3244e-12 3.5348e-12 8.0475e-12 1.4132e-11 8.446e-12 8.7719e-12 3.1052e-12 5.2573e-12 2.6179e-12 9.5778e-12 7.731e-12 -6.094e-13 5.5118e-12 2.9728e-12 1.5191e-12 7.8436e-12 3.016e-12 6.0345e-12 6.5852e-12 2.2277e-12 -1.2667e-12 4.2054e-12 2.2533e-12 2.0914e-12 2.8592e-12 3.3809e-12 7.4328e-13 6.5293e-12 5.8813e-13 5.4018e-12 2.9632e-12 -2.5145e-12 3.4149e-12 -7.2512e-13 1.2702e-12 1.2535e-12 6.5965e-12 2.6572e-12 1.137e-11 -7.4173e-13 -6.7096e-12 3.338e-12 -7.8459e-13 3.1058e-12 1.7172e-12 2.1054e-12 1.65e-12 1.0859e-12 2.5092e-12 -1.0335e-12 1.0181e-12 3.6261e-12 -9.2955e-13 -2.3191e-12 9.925e-13 4.7371e-12 -7.6269e-13 -2.6499e-12 -1.149e-12 -1.4512e-12 -1.3677e-12 -1.4237e-12 -2.6676e-12 5.5431e-13 2.9966e-13 1.9405e-12 1.5137e-12 2.2365e-12 2.5536e-12 1.2755e-13 2.1735e-12 -2.2417e-12 3.4173e-12 8.1286e-13 -9.6019e-14 -3.4864e-12 2.3911e-12 2.1037e-13 -1.1683e-12 -2.852e-12 -1.7291e-12 -1.0292e-12 2.0197e-12 -1.9445e-12 8.8938e-13 -1.8976e-13 1.4033e-12 -1.2563e-13 -1.8929e-12 -2.809e-12 6.3149e-13 -1.018e-12 1.2973e-12 1.9486e-12 -7.2618e-14 -4.582e-13 -1.4456e-12 -1.1701e-12 1.1138e-13 2.5501e-13 7.1666e-14 3.3e-13 7.1844e-13 1.7482e-13 9.2071e-14
2.5752e-11 2.8974e-11 3.0788e-11 2.8804e-11 3.1972e-11 2.9028e-11 4.1144e-11 2.7924e-11 3.5361e-11 2.3894e-11 2.7429e-11 3.5166e-11 3.8788e-11 2.5158e-11 2.8652e-11 2.7695e-11 2.9052e-11 3.5386e-11 2.6556e-11 3.4121e-11 2.93e-11 3.1782e-11 3.1749e-11 3.0618e-11 4.4742e-11 3.0199e-11 2.7077e-11 3.2144e-11 3.0525e-11 3.2239e-11 3.4024e-11 3.2441e-11 3.0276e-11 3.0564e-11 2.8337e-11 2.7704e-11 3.4708e-11 3.7914e-11 2.7387e-11 3.3145e-11 3.1385e-11 2.5658e-11 2.9181e-11 2.0373e-11 2.5933e-11 2.744e-11 2.2303e-11 1.9171e-11 1.3846e-11 2.7398e-11 2.3169e-11 2.368e-11 9.1857e-12 2.0052e-11 1.5273e-11 1.8302e-11 8.9815e-12 1.2682e-11 1.2453e-11 1.598e-11 1.5084e-11 1.597e-11 8.0998e-12 2.5511e-12 1.5712e-11 6.8471e-12 1.0561e-11 1.0446e-11 9.2035e-12 3.9343e-12 8.7848e-12 7.2342e-12 4.4659e-12 6.4426e-12 2.9028e-12 9.3417e-12 1.1997e-11 1.129e-11 7.0031e-12 2.8941e-12 5.4143e-12 1.5146e-12 5.7141e-12 4.4946e-12 -1.4294e-12 5.8554e-12 7.589e-13 3.9544e-12 6.2569e-12 3.7743e-12 5.9996e-12 5.0803e-12 1.0805e-12 3.1391e-12 2.6832e-12 2.9092e-12 -6.162e-13 2.675e-12 2.2662e-12 -3.6363e-13 3.8589e-12 3.4989e-14 4.4239e-12 9.0212e-13 -2.3557e-12 2.6051e-12 4.0885e-13 5.2936e-13 1.199e-12 4.9524e-12 1.6222e-12 1.0498e-11 6.8081e-13 -5.6308e-12 5.613e-12 1.346e-12 1.2335e-12 2.9654e-12 1.6581e-12 4.317e-12 1.979e-12 2.3357e-12 -2.2199e-12 -6.5777e-13 2.5481e-12 -3.591e-12 -2.6278e-12 -4.9591e-13 4.7487e-12 -1.7945e-12 -2.7006e-12 -4.0458e-12 -2.7891e-12 -4.199e-13 5.6026e-13 -2.3548e-13 2.1934e-13 1.2082e-12 4.8065e-13 1.9366e-12 2.4859e-12 2.9243e-12 -6.4829e-13 1.8213e-12 -1.2953e-12 3.9788e-12 3.3804e-13 -2.7746e-13 -3.6188e-12 6.1868e-13 -1.9951e-12 -7.7852e-13 -2.0663e-12 -1.9052e-12 -2.5061e-13 2.0609e-12 -2.7431e-12 -6.1513e-13 -5.3553e-13 1.5699e-12 -4.7883e-13 -1.1133e-12 -2.104e-12 2.1107e-13 -2.4417e-13 6.8729e-13 1.4934e-12 7.8339e-13 -4.8678e-13 -1.439e-12 -8.7331e-13 -1.1722e-13 2.0378e-13 -1.7538e-13 -1.9541e-13 7.9942e-13 3.487e-13 1.043e-13
2.1323e-11 2.4155e-11 2.292e-11 2.5579e-11 2.5194e-11 2.3409e-11 3.3555e-11 2.041e-11 2.813e-11 1.9083e-11 2.4514e-11 3.0325e-11 2.5158e-11 2.8958e-11 2.2793e-11 2.014e-11 2.4761e-11 2.7174e-11 2.0099e-11 2.7117e-11 2.2757e-11 2.4801e-11 2.6235e-11 2.4011e-11 3.3048e-11 2.5286e-11 2.4576e-11 2.4124e-11 2.3852e-11 2.7408e-11 2.5127e-11 2.5233e-11 2.4193e-11 2.404e-11 2.1761e-11 2.1563e-11 2.42e-11 2.9644e-11 2.314e-11 2.6842e-11 2.4765e-11 2.0365e-11 2.0233e-11 1.3235e-11 1.7726e-11 2.037e-11 1.6682e-11 1.6605e-11 9.5054e-12 1.6508e-11 1.7189e-11 1.6377e-11 8.6327e-12 1.4978e-11 1.1716e-11 1.4839e-11 7.6697e-12 1.0597e-11 1.2277e-11 1.3411e-11 1.3646e-11 1.0118e-11 8.7479e-12 2.3332e-12 9.7429e-12 2.4214e-12 6.5703e-12 1.3154e-11 5.8563e-12 1.1783e-12 5.782e-12 3.9065e-12 2.3692e-12 7.6764e-12 9.8348e-13 5.8538e-12 7.7586e-12 7.2102e-12 6.7995e-12 1.2651e-12 1.1963e-12 3.6625e-12 6.6255e-12 2.4681e-12 -3.1172e-12 3.5878e-12 1.7364e-12 7.5505e-13 5.3919e-12 3.0088e-12 2.0582e-12 4.9573e-12 -6.698e-13 -3.6246e-14 2.165e-12 3.1885e-12 -1.814e-13 2.276e-12 1.9211e-12 1.8539e-12 2.7159e-12 2.091e-12 2.4161e-12 1.8797e-13 -1.3949e-12 6.5924e-13 1.7546e-12 2.0725e-12 -1.2013e-12 2.654e-12 5.7497e-14 7.0126e-12 -9.6074e-13 -7.2375e-12 1.678e-12 2.6513e-13 1.0373e-12 1.72e-12 2.7592e-12 9.0143e-13 6.3763e-13 1.8322e-12 -1.473e-12 1.5465e-12 3.7065e-12 -3.4915e-12 -2.9898e-12 -1.7924e-13 3.3674e-12 -1.7399e-12 -7.373e-13 -1.9838e-12 -7.3497e-13 -3.8978e-13 -2.3255e-13 -1.6551e-12 4.0025e-13 1.3911e-12 1.6526e-12 1.9955e-12 -1.5409e-13 1.3164e-12 -1.8028e-12 1.285e-12 -1.861e-12 1.5979e-12 2.107e-12 -1.3351e-12 -1.6584e-12 1.199e-12 -3.2175e-13 -5.2675e-13 -1.1646e-12 -5.8194e-13 -1.047e-13 2.2519e-12 -9.1779e-13 -1.1986e-13 -8.1291e-13 3.4366e-13 -4.3597e-13 -1.4449e-12 7.5122e-13 3.0488e-13 -2.3999e-14 1.1876e-12 9.9143e-13 2.7098e-13 -3.7103e-13 -5.3084e-13 -9.621e-13 -1.6845e-13 5.588e-14 1.43e-13 -3.2293e-14 7.6701e-13 2.5314e-13 -2.5645e-13
2.3515e-11 2.4089e-11 2.653e-11 2.8163e-11 2.842e-11 2.6733e-11 3.5818e-11 2.5227e-11 3.282e-11 2.14e-11 2.4911e-11 3.4802e-11 2.8652e-11 2.2793e-11 3.5366e-11 2.4582e-11 2.6974e-11 3.0626e-11 2.5718e-11 3.1708e-11 2.5933e-11 2.943e-11 2.7886e-11 2.7132e-11 4.3234e-11 2.7543e-11 2.6257e-11 2.9731e-11 2.6524e-11 3.0174e-11 2.7513e-11 2.8207e-11 2.9716e-11 3.0509e-11 2.434e-11 2.8116e-11 3.0664e-11 3.4354e-11 2.5496e-11 3.3549e-11 2.9081e-11 2.2736e-11 2.739e-11 1.7964e-11 2.3283e-11 2.4621e-11 2.2838e-11 1.7651e-11 1.5554e-11 2.3587e-11 2.1145e-11 1.7559e-11 8.311e-12 1.5625e-11 1.7199e-11 2.0669e-11 1.111e-11 1.5686e-11 1.2655e-11 1.1354e-11 1.9584e-11 1.1011e-11 9.8502e-12 6.6949e-12 1.3912e-11 6.6005e-12 8.3226e-12 8.3613e-12 9.0001e-12 6.2126e-12 1.0182e-11 7.9687e-12 3.8641e-12 7.2998e-12 2.8675e-12 6.6871e-12 1.0909e-11 7.8068e-12 4.6621e-12 3.1075e-12 7.169e-12 1.0173e-12 4.4821e-12 5.3678e-12 -1.4711e-12 5.5181e-12 1.9956e-12 2.8687e-12 8.3676e-12 3.8364e-12 6.3766e-12 4.3209e-12 9.559e-13 -4.9811e-13 1.8813e-12 1.6998e-12 2.1126e-12 3.24e-12 3.4433e-12 1.1365e-12 5.4076e-12 1.4514e-12 4.0068e-12 2.1195e-12 -2.2248e-12 3.3954e-12 1.304e-12 1.5652e-12 6.2841e-13 3.7842e-12 1.4999e-12 7.9648e-12 1.6118e-12 -6.5787e-12 3.008e-12 -1.7403e-14 2.2465e-12 1.5325e-12 3.1728e-12 1.2547e-12 1.9053e-13 2.8328e-12 2.8089e-13 -6.3961e-13 1.3071e-12 1.2144e-12 -6.2501e-13 8.0377e-13 4.9454e-12 -1.5776e-12 -2.6092e-12 2.7604e-13 -1.71e-12 -2.6849e-12 8.0507e-13 -1.3977e-12 -1.4746e-13 1.6749e-12 1.3408e-12 2.4056e-12 3.3684e-12 1.5942e-12 7.7356e-13 1.6444e-12 -2.1608e-12 2.2479e-12 5.5065e-13 -1.2816e-12 -1.7147e-12 8.1203e-13 -8.3215e-13 -5.4351e-13 -1.3729e-12 -1.191e-12 -3.9982e-13 1.69e-12 -6.9268e-13 8.0437e-14 -7.3563e-13 1.2239e-12 -5.0766e-14 -2.2675e-12 -1.995e-12 3.2249e-13 -1.0074e-12 5.0307e-13 2.075e-12 4.9923e-13 -3.4315e-14 -1.7279e-12 -1.1324e-12 -1.5496e-13 1.3127e-13 2.4984e-13 2.2048e-13 3.2239e-13 9.7233e-14 2.9189e-13
2.285e-11 2.6007e-11 2.6916e-11 2.4169e-11 2.6445e-11 2.4796e-11 3.2458e-11 2.3232e-11 3.2854e-11 2.1711e-11 2.1827e-11 3.1972e-11 2.7695e-11 2.014e-11 2.4582e-11 3.2802e-11 2.4909e-11 2.8639e-11 2.1774e-11 2.9131e-11 2.5255e-11 2.8954e-11 2.8397e-11 2.8346e-11 4.0602e-11 2.7673e-11 2.3454e-11 2.933e-11 2.3845e-11 2.8251e-11 2.7082e-11 2.7977e-11 2.6653e-11 2.6492e-11 2.289e-11 2.4598e-11 2.9392e-11 3.0235e-11 2.4638e-11 3.031e-11 2.7612e-11 2.0413e-11 2.6205e-11 1.6299e-11 2.1222e-11 2.3255e-11 1.7486e-11 1.6949e-11 1.1395e-11 2.0368e-11 2.0839e-11 2.1529e-11 6.9668e-12 1.7159e-11 1.2904e-11 1.7059e-11 5.762e-12 1.1772e-11 1.3744e-11 9.7983e-12 1.466e-11 1.2996e-11 5.7054e-12 2.822e-12 1.5424e-11 4.5841e-12 8.5328e-12 1.2144e-11 5.747e-12 6.3998e-12 7.4953e-12 3.8549e-12 6.663e-12 3.2379e-12 3.1568e-12 6.1919e-12 9.2323e-12 7.6913e-12 7.6636e-12 2.9318e-12 4.5795e-12 1.115e-12 6.1462e-12 4.1686e-12 4.5734e-13 6.8251e-12 1.6947e-12 9.6972e-13 2.8895e-12 2.5233e-12 6.8268e-12 5.9629e-12 -2.2161e-13 1.3018e-12 1.1247e-12 1.0328e-12 5.3897e-13 3.155e-12 -1.9779e-13 7.3891e-13 2.858e-12 -1.0028e-12 4.0546e-12 1.5499e-12 -1.6556e-12 3.581e-12 7.7554e-13 1.1954e-12 6.828e-13 3.2338e-12 1.2953e-12 6.2486e-12 -8.5265e-13 -4.4142e-12 2.5676e-12 -1.5737e-12 2.1124e-12 1.8327e-12 -9.8818e-13 3.6561e-12 5.2121e-13 8.888e-13 2.9188e-12 -9.0043e-13 2.8946e-12 -1.2277e-12 -2.0429e-12 1.0136e-12 3.9914e-12 -1.7231e-13 -6.2798e-13 -6.2624e-13 -8.2674e-13 -5.4075e-13 -1.5833e-12 -3.5972e-12 1.7919e-12 1.1141e-12 2.3778e-12 1.1066e-12 4.8493e-13 2.2218e-13 -1.1017e-12 3.249e-13 -5.5198e-13 1.5801e-12 3.7196e-13 -1.2323e-12 -2.9812e-12 3.9277e-13 -1.0625e-12 2.8586e-13 -2.7255e-12 -7.7142e-13 -6.3433e-13 1.8053e-12 -1.8677e-12 4.2014e-13 1.462e-13 1.8677e-12 -3.943e-13 -2.3608e-12 -2.5673e-12 7.1635e-13 -1.9342e-13 6.8187e-13 1.5449e-12 7.9873e-13 -2.902e-13 -1.7607e-12 -9.1429e-13 4.549e-13 3.9256e-13 1.7996e-13 -3.245e-13 3.9447e-13 1.8537e-13 4.522e-13
2.5036e-11 2.612e-11 2.7237e-11 2.6687e-11 2.7304e-11 2.7753e-11 3.4835e-11 2.4391e-11 3.2147e-11 2.1512e-11 2.6199e-11 3.3022e-11 2.9052e-11 2.4761e-11 2.6974e-11 2.4909e-11 3.0236e-11 3.0632e-11 2.3588e-11 2.8254e-11 2.5921e-11 2.8398e-11 2.8061e-11 2.6664e-11 3.9615e-11 2.6758e-11 2.3927e-11 2.9602e-11 2.8033e-11 2.9145e-11 2.9e-11 2.8263e-11 2.9096e-11 2.842e-11 2.4325e-11 2.6465e-11 2.9174e-11 3.3003e-11 2.4568e-11 2.6979e-11 2.7572e-11 2.0409e-11 2.4089e-11 1.6267e-11 2.1494e-11 2.4507e-11 1.8073e-11 1.7515e-11 1.3198e-11 2.3467e-11 2.1373e-11 2.0945e-11 1.0344e-11 1.6805e-11 1.3179e-11 1.8862e-11 1.0103e-11 1.2771e-11 1.3077e-11 1.3908e-11 1.4952e-11 1.2424e-11 6.2782e-12 4.6686e-12 1.2083e-11 5.0883e-12 6.6736e-12 1.0889e-11 8.3536e-12 2.7795e-12 9.0828e-12 4.8736e-12 3.2346e-12 8.234e-12 2.0103e-12 7.5898e-12 9.6478e-12 9.2126e-12 7.6295e-12 1.4471e-12 4.8488e-12 1.4951e-12 6.0277e-12 5.3858e-12 -2.9667e-12 5.668e-12 -7.8408e-13 3.1483e-12 7.9124e-12 4.3486e-12 2.8868e-12 3.8664e-12 8.8285e-13 1.2009e-13 1.8059e-12 3.0917e-12 5.0936e-13 2.9024e-12 7.0781e-13 1.3217e-12 3.9725e-12 9.7705e-13 3.2063e-12 2.4746e-12 4.1133e-13 1.4915e-12 3.6092e-13 2.1388e-12 6.8236e-13 4.4665e-12 2.7757e-12 6.7649e-12 8.7228e-13 -5.6681e-12 2.9987e-12 -5.3076e-13 1.3935e-12 3.6458e-12 6.6986e-13 2.4038e-12 -4.2316e-13 1.5372e-12 -7.7039e-13 1.5193e-12 3.2847e-12 -3.8216e-13 -2.574e-12 3.3259e-13 4.1323e-12 -9.1505e-13 -1.0124e-12 -2.7469e-12 1.7174e-13 -1.728e-12 5.5345e-13 -9.6262e-13 9.9443e-13 1.4081e-12 9.8142e-13 2.1755e-12 1.4365e-12 2.7136e-12 -9.7516e-13 1.2231e-12 -5.4614e-13 2.4542e-12 8.2901e-13 -2.5112e-13 -2.3144e-12 1.156e-12 -9.6833e-13 -1.4146e-12 -2.2819e-12 -1.2334e-12 -2.3021e-13 1.8469e-12 -1.8366e-12 -5.9148e-13 2.42e-13 2.8011e-12 -6.536e-13 -1.378e-12 -1.6469e-12 8.1188e-13 -4.3935e-13 1.0477e-12 1.4404e-12 3.0735e-13 -7.2283e-13 -7.82e-13 -9.855e-13 -9.8331e-15 1.0189e-13 1.8101e-13 -7.016e-14 8.5153e-13 1.5138e-13 -1.2145e-13
2.7084e-11 2.8894e-11 3.0075e-11 3.0861e-11 3.2351e-11 3.0056e-11 4.0738e-11 2.8073e-11 3.6184e-11 2.4111e-11 2.8258e-11 3.9119e-11 3.5386e-11 2.7174e-11 3.0626e-11 2.8639e-11 3.0632e-11 3.9094e-11 2.8116e-11 3.5876e-11 3.0154e-11 3.2259e-11 3.1293e-11 3.0065e-11 4.6293e-11 3.2444e-11 2.9749e-11 3.372e-11 3.0891e-11 3.447e-11 3.285e-11 3.2284e-11 3.3144e-11 3.2051e-11 2.7381e-11 2.7477e-11 3.5318e-11 3.8946e-11 3.0878e-11 3.5562e-11 3.2108e-11 2.5317e-11 2.7457e-11 2.07e-11 2.5657e-11 2.7122e-11 2.2444e-11 2.1078e-11 1.6001e-11 2.5139e-11 2.4019e-11 2.4526e-11 8.9448e-12 1.9449e-11 1.5814e-11 2.1366e-11 1.0161e-11 1.4671e-11 1.5364e-11 1.6309e-11 1.7312e-11 1.4529e-11 9.3424e-12 4.2406e-12 1.6285e-11 6.1114e-12 9.3039e-12 1.2514e-11 1.0626e-11 1.8554e-12 1.0097e-11 6.6144e-12 4.4844e-12 7.8797e-12 2.5397e-12 8.4317e-12 1.117e-11 9.0754e-12 7.639e-12 6.839e-13 6.8078e-12 9.9681e-13 8.0884e-12 6.2767e-12 -2.7892e-12 4.4138e-12 1.5793e-12 1.5139e-12 6.2645e-12 2.5143e-12 4.3944e-12 5.4527e-12 1.7847e-12 2.5288e-12 1.9974e-12 1.6049e-12 8.6503e-13 3.6751e-12 3.1473e-12 -1.0435e-12 4.4311e-12 8.0077e-13 4.1421e-12 2.4192e-12 -1.1388e-12 3.2683e-12 1.81e-13 8.0176e-13 7.5965e-13 5.4604e-12 2.0787e-12 9.5449e-12 -1.0791e-12 -6.4577e-12 3.2708e-12 4.3894e-13 2.3261e-12 4.2836e-12 1.6954e-12 3.6371e-12 2.5891e-12 1.7813e-12 -1.4644e-12 1.6527e-13 3.1205e-12 -1.358e-12 -1.9789e-12 6.0282e-14 4.9005e-12 -6.3916e-13 -2.7394e-12 -2.0624e-12 -1.4138e-12 -6.8693e-13 -2.666e-13 -2.0254e-12 6.8101e-13 3.5531e-13 4.1645e-13 1.9705e-12 1.707e-12 2.775e-12 -5.9025e-13 1.7438e-12 -1.7581e-12 3.6878e-12 2.4681e-13 -2.8681e-13 -4.0965e-12 5.2801e-13 -1.2863e-12 -6.0735e-13 -3.1506e-12 -1.8852e-12 -1.8132e-13 2.8635e-12 -1.8927e-12 -2.7043e-13 -1.4393e-13 1.3388e-12 -3.8426e-13 -1.6436e-12 -2.6927e-12 5.7458e-13 -7.3346e-13 8.9639e-13 1.479e-12 1.5191e-13 -3.7111e-13 -1.3916e-12 -1.4253e-12 2.502e-13 4.1217e-13 1.8801e-14 3.2849e-14 7.2537e-13 2.4645e-13 4.3215e-14
2.0782e-11 2.3982e-11 2.2082e-11 2.397e-11 2.5183e-11 2.3063e-11 3.1529e-11 2.3024e-11 2.9099e-11 2.016e-11 2.1592e-11 2.8413e-11 2.6556e-11 2.0099e-11 2.5718e-11 2.1774e-11 2.3588e-11 2.8116e-11 3.2261e-11 2.8539e-11 2.4222e-11 2.4746e-11 2.5051e-11 2.4915e-11 3.8517e-11 2.5274e-11 2.4945e-11 2.7979e-11 2.1763e-11 2.5379e-11 2.4663e-11 2.389e-11 2.6158e-11 2.9271e-11 2.2797e-11 2.2952e-11 2.6118e-11 2.7756e-11 2.4698e-11 2.9605e-11 2.8689e-11 2.1577e-11 2.0783e-11 1.9932e-11 2.3002e-11 2.2569e-11 1.6076e-11 1.636e-11 1.3925e-11 1.9878e-11 1.8648e-11 1.7441e-11 7.7687e-12 1.5975e-11 1.2868e-11 1.6084e-11 1.1215e-11 1.3175e-11 1.3015e-11 1.1269e-11 1.2719e-11 9.5042e-12 8.0302e-12 5.8848e-12 1.3568e-11 4.752e-12 7.2309e-12 8.6563e-12 6.351e-12 2.8356e-12 7.852e-12 4.7193e-12 4.6431e-12 4.6702e-12 2.2648e-12 6.1346e-12 7.6991e-12 1.0222e-11 8.6844e-12 1.2369e-12 3.7976e-12 -1.5731e-12 5.7313e-12 5.4803e-12 9.8793e-13 4.1243e-12 2.925e-12 2.6996e-12 4.6795e-12 4.4829e-12 5.4214e-12 3.951e-12 -5.5836e-14 -1.6665e-12 3.7033e-12 3.903e-12 -3.5604e-13 7.1764e-13 3.3418e-12 2.5105e-12 2.8812e-12 -4.7469e-13 2.9651e-12 -1.4734e-12 1.1436e-13 4.2866e-12 3.4401e-12 1.6935e-12 -1.3577e-12 1.4208e-12 -1.6535e-13 6.4595e-12 -2.1561e-12 -4.5679e-12 3.8022e-12 1.5625e-12 -1.1193e-12 1.4606e-12 7.054e-13 1.0031e-12 5.4592e-13 1.5845e-12 -2.0821e-12 3.7823e-13 2.6875e-12 1.8535e-13 1.0878e-12 -4.1561e-13 3.7944e-12 -2.8056e-12 -1.7048e-12 -8.2038e-13 -1.0601e-12 -1.3811e-12 2.077e-13 2.1657e-13 -1.1792e-13 2.0033e-12 1.2629e-13 3.6547e-12 1.5258e-12 2.3134e-12 9.1815e-13 2.1334e-13 -3.8493e-13 2.4601e-12 -7.8422e-13 -1.1488e-12 -9.1949e-13 8.6322e-13 -2.2512e-12 -1.058e-12 -1.9226e-12 -1.9223e-12 -5.4413e-13 7.3931e-13 -2.8536e-13 -5.6492e-13 -1.0942e-12 3.486e-13 -6.9792e-13 -1.7925e-12 -1.3119e-12 8.2227e-14 -3.2515e-13 1.247e-13 1.5619e-12 5.8997e-13 1.1379e-13 -1.5655e-12 -9.5797e-13 1.4561e-13 6.8813e-14 6.4606e-14 2.3125e-13 6.3155e-13 1.1383e-13 -4.2713e-14
2.5881e-11 2.8112e-11 2.7917e-11 3.1787e-11 3.2513e-11 2.6898e-11 4.3184e-11 2.7134e-11 3.9164e-11 2.4251e-11 2.7515e-11 3.7494e-11 3.4121e-11 2.7117e-11 3.1708e-11 2.9131e-11 2.8254e-11 3.5876e-11 2.8539e-11 4.4079e-11 3.0424e-11 3.3933e-11 3.1892e-11 3.0281e-11 4.8477e-11 3.3217e-11 2.9543e-11 3.3848e-11 3.136e-11 3.3547e-11 3.0335e-11 3.1368e-11 3.2064e-11 3.3517e-11 2.8571e-11 2.704e-11 3.3715e-11 3.771e-11 3.0156e-11 3.8526e-11 3.2134e-11 2.7674e-11 2.9972e-11 2.1477e-11 2.6575e-11 2.7428e-11 2.3423e-11 2.044e-11 1.6061e-11 2.3879e-11 2.4712e-11 1.986e-11 9.0855e-12 1.9725e-11 1.7832e-11 2.216e-11 8.8644e-12 1.7046e-11 1.3725e-11 1.4799e-11 1.7493e-11 1.0488e-11 6.4887e-12 7.4499e-12 1.8815e-11 5.0949e-12 1.0845e-11 1.1831e-11 7.5729e-12 2.3759e-12 8.149e-12 7.4732e-12 4.5604e-12 6.8573e-12 2.9733e-12 8.0241e-12 9.5769e-12 8.2428e-12 6.2268e-12 1.9707e-12 6.7126e-12 1.419e-13 7.0353e-12 5.4586e-12 -2.0083e-12 5.1532e-12 4.1881e-12 3.724e-12 5.0814e-12 4.5122e-12 5.8224e-12 5.9979e-12 3.9778e-12 3.1138e-12 1.1759e-12 3.2861e-12 5.629e-14 2.8546e-12 3.5606e-12 -3.5094e-14 4.2149e-12 -2.0671e-13 2.0136e-12 2.0837e-12 -1.5627e-12 4.3312e-12 -1.9269e-14 1.4557e-14 -9.3228e-13 4.7376e-12 -2.3582e-13 8.9884e-12 -6.8608e-13 -7.7803e-12 3.7365e-12 2.5772e-12 2.2554e-12 2.9808e-12 2.0527e-12 4.1512e-12 2.9109e-12 2.1673e-12 -1.7072e-13 1.3417e-12 3.1264e-12 -2.1668e-12 -1.0988e-12 -1.5064e-12 3.508e-12 -2.6852e-12 -3.0985e-12 -1.2277e-12 -2.7489e-12 -6.4703e-13 -4.1306e-13 -1.8476e-12 9.4189e-13 1.0364e-12 -6.5727e-14 7.9622e-13 1.0829e-12 1.6518e-12 2.8593e-13 1.432e-13 -1.7515e-12 2.1675e-12 4.3458e-13 -1.1779e-12 -4.1403e-12 2.4685e-13 -1.232e-12 -7.6877e-13 -1.0972e-12 -1.3313e-12 -1.0675e-12 2.3715e-12 -2.6923e-12 6.6578e-13 -1.2175e-12 1.1655e-12 -8.3055e-13 -3.665e-12 -7.6353e-13 1.7406e-14 -1.2233e-12 1.2739e-12 2.3901e-12 7.4266e-13 4.7622e-14 -2.0353e-12 -1.3413e-12 -1.5838e-13 5.2592e-13 -3.9811e-13 -6.5279e-14 5.5098e-13 4.6515e-13 -2.4236e-13
