1.364e-10 1.1286e-10 1.1874e-10 1.1851e-10 1.1838e-10 1.0432e-10 1.3241e-10 8.6981e-11 9.2776e-11 7.8444e-11 1.1218e-10 9.6079e-11 1.0507e-10 8.97e-11 7.5601e-11 8.8675e-11 7.56e-11 8.65e-11 6.4878e-11 8.468e-11 6.2668e-11 7.2815e-11 6.3258e-11 6.0283e-11 6.0157e-11 6.3187e-11 5.6542e-11 5.2982e-11 5.3895e-11 4.0833e-11 3.8405e-11 3.2731e-11 3.532e-11 4.9182e-11 3.405e-11 4.4606e-11 3.1377e-11 2.2566e-11 1.1816e-11 2.2863e-11 1.0809e-11 1.436e-11 1.3865e-11 8.569e-12 1.4712e-11 2.5078e-12 -1.0054e-12 1.2356e-12 2.3691e-12 9.5603e-12 8.2011e-12 1.7765e-12 -5.5286e-13 -2.5872e-12 -3.7028e-12 -7.2137e-12 -1.5134e-12 -7.8021e-12 -1.0724e-11 -7.9727e-12 1.3635e-12 -1.8015e-12 -7.9882e-12 -3.5817e-12 -2.5725e-12 -1.2944e-11 -3.3015e-12 -3.0427e-12 -2.6568e-12 -4.8739e-12 -8.6695e-13 -5.0288e-12 -8.2008e-12 -5.6397e-12 -4.538e-12 -7.901e-12 1.7308e-12 -9.2404e-12 -6.4666e-12 -7.5338e-12 -2.8778e-12 1.1996e-12 9.6855e-14 7.3796e-12 -1.6994e-12 1.278e-12 1.3148e-12 -4.7801e-12 8.9762e-13 -1.9573e-12 8.7362e-13 -2.3593e-12 2.8238e-12 9.9133e-13 9.0954e-13 1.5757e-12 -2.5918e-12 5.3343e-13 2.9488e-12 -1.3866e-12 -6.2e-13 4.2578e-12 -7.7234e-13 1.4501e-12 3.8005e-12 3.5039e-12 -1.4703e-12 6.4912e-13 -4.4376e-14 -1.5789e-13 6.6458e-13 1.0564e-13 -2.4752e-13 -9.1849e-14 5.3508e-14 -6.7083e-14 -3.6212e-14
1.1286e-10 1.1408e-10 1.0131e-10 9.9955e-11 1.0015e-10 9.0121e-11 1.1363e-10 7.4683e-11 8.3319e-11 7.0599e-11 9.8169e-11 8.29e-11 9.257e-11 7.877e-11 6.9976e-11 7.6663e-11 6.4882e-11 7.0959e-11 5.89e-11 7.7474e-11 5.5478e-11 6.0408e-11 5.1509e-11 5.053e-11 5.2258e-11 5.4166e-11 4.8694e-11 4.2842e-11 4.5147e-11 3.4185e-11 3.4425e-11 3.1307e-11 3.2345e-11 3.9885e-11 2.8116e-11 3.9477e-11 2.4499e-11 2.2602e-11 1.2317e-11 2.0953e-11 9.4914e-12 1.5187e-11 7.9222e-12 8.2268e-12 1.2255e-11 4.4282e-12 1.263e-14 3.6034e-12 5.6622e-14 5.0385e-12 3.155e-12 7.4995e-12 3.0421e-13 -5.4253e-12 -3.4138e-13 -5.33e-12 -1.7932e-12 -2.936e-12 -6.1065e-12 -4.5025e-12 -1.7211e-12 -1.3927e-12 -8.8764e-12 -1.5211e-12 2.8137e-12 -9.4165e-12 -2.6521e-12 -6.2027e-13 9.811e-13 -2.752e-12 -3.2735e-12 -1.7546e-12 -5.2577e-12 -3.2555e-12 -3.8409e-12 -7.8484e-12 5.7819e-13 -9.1683e-12 -2.855e-12 -5.8699e-12 -1.9927e-12 -2.6778e-13 2.5546e-12 6.0264e-12 -1.6164e-12 1.2651e-12 1.3867e-12 -5.302e-12 -1.299e-12 -1.8255e-12 -1.0161e-12 -1.4829e-12 2.5543e-12 4.8077e-12 1.357e-13 -1.2578e-13 -2.2553e-12 1.1397e-12 2.1063e-12 -9.6705e-13 -1.9517e-12 3.9613e-12 -1.0322e-12 1.0515e-12 2.659e-12 2.8071e-12 -1.2497e-12 7.7542e-13 -3.4038e-13 1.4426e-13 7.0822e-13 -2.5987e-13 -1.2107e-13 -4.0672e-14 8.94e-14 -1.0331e-13 1.5492e-13
1.1874e-10 1.0131e-10 1.1974e-10 1.0976e-10 1.0964e-10 9.8393e-11 1.2334e-10 7.4201e-11 8.9032e-11 7.0193e-11 1.0393e-10 9.1121e-11 9.4666e-11 8.1865e-11 7.002e-11 7.693e-11 6.462e-11 7.4941e-11 5.9196e-11 7.7265e-11 5.597e-11 7.0554e-11 5.8911e-11 5.2659e-11 5.4012e-11 5.5843e-11 5.2304e-11 4.7021e-11 4.7045e-11 3.8117e-11 3.6063e-11 2.5895e-11 3.6433e-11 4.5305e-11 2.9285e-11 4.2072e-11 2.3404e-11 2.1976e-11 9.9399e-12 1.9429e-11 1.1043e-11 1.4556e-11 1.1418e-11 9.8868e-12 1.2277e-11 2.845e-12 -5.798e-13 3.7814e-12 3.3316e-12 8.112e-12 7.0514e-12 5.6542e-12 2.6141e-13 -6.5792e-12 -4.1178e-12 -7.8754e-12 -2.2934e-12 -6.2655e-12 -8.526e-12 -7.9982e-12 1.8942e-12 -8.2533e-13 -6.3448e-12 -3.1052e-12 -2.0326e-12 -1.0602e-11 -5.1412e-12 -8.5087e-13 -1.0709e-12 -5.8053e-12 -4.1516e-12 -3.1777e-12 -7.6369e-12 -7.0332e-12 -3.9073e-12 -8.1661e-12 1.9673e-12 -1.0546e-11 -6.8498e-12 -4.695e-12 -3.2101e-12 -4.2452e-13 3.2766e-13 4.3526e-12 -2.1075e-12 1.6233e-12 1.0104e-12 -5.6993e-12 -1.1172e-12 -3.214e-12 -7.6403e-14 -2.1661e-12 1.9058e-12 2.1474e-12 1.5085e-12 -5.1067e-13 -2.7422e-12 6.6234e-13 2.7435e-12 1.496e-13 -9.8705e-13 3.7275e-12 -2.622e-13 3.0791e-13 3.5978e-12 3.0445e-12 -1.4322e-12 3.2645e-14 2.2877e-13 -2.1372e-13 7.5236e-13 1.3247e-13 -7.6392e-14 -1.7073e-13 1.6888e-13 -6.8521e-14 4.6385e-14
1.1851e-10 9.9955e-11 1.0976e-10 1.2929e-10 1.1174e-10 9.7873e-11 1.2956e-10 8.0807e-11 9.2571e-11 7.6163e-11 1.0249e-10 9.1518e-11 9.5978e-11 8.2978e-11 7.1446e-11 7.5254e-11 6.6509e-11 7.637e-11 5.9923e-11 8.159e-11 5.7148e-11 6.5805e-11 5.952e-11 5.8869e-11 6.0173e-11 5.9581e-11 5.0692e-11 4.9293e-11 4.5029e-11 3.8536e-11 3.048e-11 3.4613e-11 3.5303e-11 4.6744e-11 3.3023e-11 4.1473e-11 2.7997e-11 2.1588e-11 1.0996e-11 1.919e-11 1.938e-11 1.3274e-11 1.5085e-11 1.037e-11 1.6435e-11 3.8077e-12 -2.2806e-13 3.7165e-12 1.9951e-12 1.0103e-11 9.1675e-12 6.1629e-12 -6.68e-14 -3.4202e-12 -6.3961e-12 -6.4102e-12 -4.58e-12 -6.8971e-12 -1.0649e-11 -7.441e-12 -6.3517e-12 -1.4118e-12 -6.0274e-12 -8.1916e-13 -4.0233e-12 -1.3863e-11 1.201e-13 -2.9712e-12 -5.5825e-12 -3.8082e-12 -2.7033e-12 -5.8389e-12 -6.0557e-12 -6.1399e-12 -3.5428e-12 -9.1224e-12 8.6606e-13 -8.5843e-12 -8.3285e-12 -6.2946e-12 -2.7775e-12 -7.2586e-14 3.6698e-12 6.1507e-12 1.0122e-12 2.6303e-13 2.0922e-12 -5.2586e-12 -1.1038e-12 -6.3033e-13 8.5237e-13 -1.7412e-12 3.1742e-12 1.6895e-12 1.5833e-12 1.4373e-12 -4.8631e-12 3.0821e-13 2.9447e-12 1.4431e-13 -1.0354e-12 3.2615e-12 1.9267e-13 1.4117e-12 1.4825e-12 2.7695e-12 -1.7965e-12 1.2525e-13 3.8431e-13 7.4795e-14 8.4063e-13 -7.836e-14 -1.365e-13 -7.9652e-14 1.1973e-13 -1.3085e-13 1.3134e-13
1.1838e-10 1.0015e-10 1.0964e-10 1.1174e-10 1.2609e-10 9.9228e-11 1.2852e-10 7.867e-11 8.6789e-11 7.7142e-11 1.038e-10 9.2114e-11 9.6258e-11 8.32e-11 7.6562e-11 8.2092e-11 6.9978e-11 7.8708e-11 5.8183e-11 8.1565e-11 6.0124e-11 6.897e-11 5.9755e-11 6.0199e-11 5.445e-11 5.28e-11 5.222e-11 4.7623e-11 4.9935e-11 3.7467e-11 3.515e-11 2.9663e-11 3.4868e-11 4.2947e-11 3.1159e-11 3.8071e-11 2.9195e-11 2.1771e-11 1.0101e-11 1.7797e-11 1.4345e-11 1.5002e-11 8.1073e-12 1.3399e-11 1.79e-11 1.5517e-12 -1.6673e-13 4.9257e-12 3.0691e-12 8.1075e-12 8.6585e-12 5.6149e-12 -3.4031e-12 -3.8548e-12 -3.6375e-12 -4.5591e-12 -3.3266e-13 -1.0257e-11 -1.4482e-11 -5.3832e-12 -2.3619e-12 1.6758e-12 -4.3621e-12 -3.9306e-12 -4.9235e-12 -1.3099e-11 -2.4027e-12 -3.0412e-12 -5.5257e-12 -3.8926e-12 -7.0846e-13 -5.4323e-12 -1.0291e-11 -6.8907e-12 -3.6809e-12 -1.0366e-11 -1.8894e-12 -9.2207e-12 -9.1348e-12 -3.4533e-12 -2.4975e-12 3.1622e-12 -8.6322e-13 2.962e-12 -2.3627e-12 9.8014e-13 3.4265e-12 -3.2499e-12 -1.5972e-12 -3.4126e-12 -5.9322e-13 -3.3775e-12 2.4301e-12 2.8665e-12 5.5414e-13 1.3753e-12 -2.9202e-12 3.52e-13 3.3694e-12 -2.1273e-12 6.7274e-14 2.9033e-12 -7.9415e-13 1.2782e-12 3.2443e-12 2.7883e-12 -2.1069e-12 5.4442e-14 2.3468e-13 1.7292e-14 8.387e-13 -1.9841e-13 -7.839e-14 9.5212e-15 7.0249e-14 -1.9656e-13 7.4988e-14
1.0432e-10 9.0121e-11 9.8393e-11 9.7873e-11 9.9228e-11 1.0085e-10 1.1062e-10 7.1349e-11 7.9932e-11 6.6721e-11 9.5832e-11 8.2598e-11 9.0811e-11 7.8128e-11 6.6933e-11 6.8582e-11 6.0917e-11 7.1335e-11 5.7361e-11 7.0517e-11 5.5201e-11 5.5265e-11 4.9942e-11 5.2491e-11 5.2982e-11 4.7427e-11 4.7065e-11 4.4329e-11 4.1594e-11 3.7907e-11 3.3464e-11 3.3493e-11 3.177e-11 3.9994e-11 2.6866e-11 3.7604e-11 2.5635e-11 1.9833e-11 1.02e-11 1.8977e-11 1.1311e-11 1.119e-11 8.2205e-12 8.9926e-12 1.2177e-11 1.3525e-12 3.6902e-12 7.0954e-12 4.9283e-12 1.4606e-11 7.6955e-12 6.8331e-12 -2.3404e-12 -1.6027e-12 -6.7014e-12 -5.1159e-12 -4.888e-13 -4.299e-12 -7.8567e-12 -9.34e-12 -2.547e-13 4.3599e-13 -6.2739e-12 -1.6986e-12 -5.3477e-14 -1.0395e-11 -3.4178e-12 -1.5092e-12 -1.3532e-12 -2.4905e-12 -7.2146e-13 -3.5419e-12 -4.2073e-12 -4.6186e-12 -4.7229e-12 -8.3739e-12 1.1334e-12 -6.0553e-12 -7.3686e-12 -3.0487e-12 -2.8812e-12 2.0197e-12 3.6902e-13 3.0115e-12 -2.0921e-12 8.1895e-13 3.1954e-12 -2.3485e-12 -1.5166e-12 3.4245e-13 2.369e-13 -2.2864e-12 2.3789e-12 1.652e-12 1.1766e-12 1.3749e-12 -2.0868e-12 2.0565e-13 2.206e-12 -1.7909e-12 3.0896e-14 2.5856e-12 -1.2599e-12 1.1331e-12 3.0701e-12 2.7276e-12 -9.1584e-13 6.8358e-14 -7.6877e-15 -1.0316e-13 6.3882e-13 9.6779e-14 -1.8513e-13 -2.4191e-13 9.7398e-14 -1.2627e-13 1.1207e-14
1.3241e-10 1.1363e-10 1.2334e-10 1.2956e-10 1.2852e-10 1.1062e-10 1.6045e-10 8.9834e-11 1.0231e-10 8.556e-11 1.0942e-10 1.0158e-10 1.089e-10 9.7791e-11 8.0026e-11 8.79e-11 7.7562e-11 8.9614e-11 7.3569e-11 9.0515e-11 6.8684e-11 7.171e-11 6.6049e-11 6.2651e-11 6.325e-11 6.1441e-11 5.6989e-11 4.8706e-11 5.6885e-11 4.1914e-11 4.0521e-11 3.6867e-11 3.7285e-11 5.1177e-11 3.4758e-11 4.0295e-11 3.3619e-11 2.1185e-11 9.8854e-12 2.5533e-11 1.7154e-11 1.1013e-11 1.3572e-11 1.3904e-11 1.8264e-11 1.1935e-12 -3.0358e-12 7.2255e-12 4.3722e-12 8.4228e-12 3.5163e-12 8.0359e-13 1.9389e-13 -4.7265e-12 -5.5017e-12 -8.9362e-12 -2.9201e-12 -8.6967e-12 -1.128e-11 -8.6403e-12 6.4927e-13 -3.6281e-12 -2.8328e-12 -3.6196e-12 -4.5893e-12 -1.2393e-11 -3.9357e-12 -5.6612e-13 -5.1793e-12 -1.8503e-12 -3.5064e-12 -5.3921e-12 -6.622e-12 -6.8028e-12 -7.6521e-12 -9.5635e-12 2.8319e-13 -9.5982e-12 -5.5644e-12 -5.0287e-12 -2.3035e-12 -1.9875e-12 6.757e-13 4.2633e-12 -4.429e-12 3.2051e-13 6.2393e-12 -4.5274e-12 -2.8625e-12 -5.0918e-12 -4.6075e-13 -3.0119e-12 3.4537e-12 3.9929e-12 1.4994e-12 1.2183e-12 -4.7341e-12 4.639e-13 4.0405e-12 -9.1061e-13 -2.3026e-12 2.6826e-12 -1.9337e-12 1.6586e-12 3.2945e-12 3.4526e-12 -2.2471e-12 9.087e-13 -2.6106e-13 -2.8602e-13 8.4136e-13 -1.0437e-13 -1.7082e-13 -5.8683e-14 1.8795e-13 -1.25e-13 1.1138e-13
8.6981e-11 7.4683e-11 7.4201e-11 8.0807e-11 7.867e-11 7.1349e-11 8.9834e-11 6.9704e-11 6.5348e-11 5.411e-11 7.3688e-11 6.4921e-11 7.4628e-11 6.5102e-11 5.1776e-11 5.6337e-11 4.7588e-11 6.0377e-11 4.4617e-11 5.6091e-11 4.5012e-11 4.751e-11 3.8529e-11 4.2348e-11 4.2884e-11 3.8123e-11 3.5554e-11 3.4434e-11 3.5501e-11 2.653e-11 2.3369e-11 2.6035e-11 2.2417e-11 3.0108e-11 1.937e-11 3.0177e-11 2.071e-11 1.115e-11 8.5871e-12 1.3798e-11 8.0988e-12 9.9417e-12 6.6943e-12 4.8304e-12 7.9076e-12 -1.0722e-12 4.5815e-13 1.5302e-12 2.4677e-12 4.4409e-12 3.9275e-12 2.3161e-12 -9.9473e-13 9.0941e-13 -2.3294e-12 -3.1519e-12 -1.9126e-13 -1.6638e-12 -7.9987e-12 -6.0859e-12 -6.5837e-13 -6.7617e-13 -4.7224e-12 -3.589e-12 -2.0172e-12 -8.8125e-12 -3.9468e-12 -4.4267e-12 -3.2216e-12 -4.4921e-12 -2.5187e-12 -2.9247e-12 -4.6113e-12 -5.1285e-12 -3.1363e-12 -3.6555e-12 1.3459e-12 -4.7885e-12 -4.8345e-12 -6.1147e-12 -2.0648e-12 1.4565e-12 3.4958e-13 2.1583e-12 -2.3766e-12 5.2597e-13 6.3805e-13 -2.0367e-12 -1.2262e-12 4.2963e-14 4.8259e-14 -1.206e-12 2.495e-12 2.219e-12 -2.7598e-13 1.3171e-12 -1.3197e-12 1.6745e-12 2.8537e-12 -2.0638e-12 3.992e-13 3.3296e-12 -7.7483e-14 7.6401e-13 1.8513e-12 2.7521e-12 -1.3721e-12 4.801e-13 -3.2437e-13 8.4716e-14 5.9143e-13 -5.8726e-14 -2.2804e-13 1.6091e-14 1.849e-14 -1.0341e-13 1.0223e-13
9.2776e-11 8.3319e-11 8.9032e-11 9.2571e-11 8.6789e-11 7.9932e-11 1.0231e-10 6.5348e-11 9.2041e-11 5.9812e-11 8.1322e-11 7.2743e-11 7.9527e-11 6.7598e-11 6.0528e-11 6.2517e-11 5.6505e-11 5.8261e-11 5.0728e-11 6.8687e-11 5.0775e-11 5.2694e-11 4.4687e-11 4.5945e-11 4.9193e-11 4.2785e-11 4.1803e-11 3.6007e-11 3.3822e-11 3.2238e-11 2.7706e-11 2.0043e-11 3.1416e-11 3.2989e-11 2.9187e-11 3.6188e-11 2.1345e-11 1.7044e-11 7.1962e-12 1.6254e-11 1.2372e-11 1.1394e-11 1.3531e-11 7.5327e-12 1.3981e-11 -1.8628e-13 -4.4448e-12 7.1097e-12 9.3586e-12 1.2393e-12 4.1793e-12 4.1289e-12 3.5184e-12 -4.2968e-12 -2.8548e-12 -8.3819e-12 -3.683e-12 -3.0355e-12 -9.4819e-12 -9.2461e-12 2.8233e-12 -1.3087e-12 -7.8881e-12 -5.9866e-12 -1.8154e-12 -1.0358e-11 2.191e-14 -5.2092e-13 -2.2159e-12 -3.4835e-12 -2.1017e-12 -7.125e-13 -5.8459e-12 -3.8192e-12 -2.8865e-12 -6.9369e-12 -8.4319e-13 -4.7322e-12 -7.6222e-12 -2.9632e-12 -1.8299e-12 -2.6436e-13 -6.6245e-13 2.146e-12 1.3716e-12 2.5666e-12 2.2977e-12 -3.1474e-12 -8.4792e-13 -3.0617e-12 -4.7534e-13 -1.2668e-12 1.5572e-12 3.1426e-12 1.3371e-12 2.9075e-13 -2.6976e-12 -5.1441e-13 1.8996e-12 4.6033e-13 -5.7693e-13 2.8781e-12 -5.9651e-13 7.0602e-14 1.539e-12 2.8249e-12 -1.2223e-12 -1.4236e-13 3.0443e-14 3.7433e-13 5.0699e-13 -1.1081e-13 -3.5075e-14 1.1067e-14 2.5022e-14 -3.0349e-14 9.7521e-14
7.8444e-11 7.0599e-11 7.0193e-11 7.6163e-11 7.7142e-11 6.6721e-11 8.556e-11 5.411e-11 5.9812e-11 6.5647e-11 7.4597e-11 6.5594e-11 6.8252e-11 5.7265e-11 5.0119e-11 5.4285e-11 5.1477e-11 5.6187e-11 4.2165e-11 6.1494e-11 4.4473e-11 4.9891e-11 3.9973e-11 3.931e-11 4.0499e-11 3.7586e-11 3.4007e-11 3.2182e-11 3.0513e-11 2.4706e-11 2.6173e-11 2.3911e-11 2.2148e-11 2.9266e-11 2.4961e-11 2.6218e-11 2.3176e-11 1.196e-11 5.5662e-12 7.5885e-12 1.3621e-11 1.1177e-11 9.0567e-12 6.7547e-12 1.295e-11 6.0806e-12 8.66e-13 1.1914e-11 3.1231e-12 4.9511e-12 4.0758e-12 3.4873e-12 1.6862e-12 -5.175e-13 -2.673e-12 -2.4973e-12 -2.121e-12 -3.7919e-12 -8.0518e-12 -5.1959e-12 -3.3103e-12 -2.4733e-12 -4.9246e-12 -1.8574e-12 -2.8219e-12 -8.4414e-12 -2.2925e-12 -3.4986e-12 -1.5254e-12 3.794e-14 -1.7235e-12 -4.5416e-12 -3.9034e-12 -2.0381e-12 -4.3248e-12 -6.8341e-12 -1.7224e-12 -7.1549e-12 -4.5264e-12 -2.0737e-12 2.8188e-13 -2.8846e-13 1.2301e-12 2.5671e-12 -1.0828e-12 -1.5771e-12 3.851e-12 -1.615e-12 -6.2818e-15 -1.3266e-12 2.6078e-13 -1.3858e-12 2.5392e-12 2.1869e-12 1.2715e-12 2.1294e-12 -2.0864e-12 -4.7588e-13 2.6141e-12 -1.6893e-12 1.822e-13 1.8175e-12 -7.0684e-13 1.415e-12 1.646e-12 1.7709e-12 -7.3838e-13 1.5797e-13 -2.3777e-13 -1.1259e-13 5.3447e-13 -3.4333e-13 -9.1536e-15 9.229e-15 4.8161e-14 -1.4911e-13 4.9862e-14
1.1218e-10 9.8169e-11 1.0393e-10 1.0249e-10 1.038e-10 9.5832e-11 1.0942e-10 7.3688e-11 8.1322e-11 7.4597e-11 1.2352e-10 8.8351e-11 9.0201e-11 8.3274e-11 7.4335e-11 7.0792e-11 6.5956e-11 7.6266e-11 5.4715e-11 7.577e-11 5.8139e-11 6.5193e-11 5.6708e-11 5.0438e-11 5.0755e-11 4.7825e-11 4.604e-11 4.5231e-11 4.8804e-11 4.4276e-11 3.3506e-11 3.4006e-11 3.8121e-11 4.4182e-11 3.2911e-11 4.0534e-11 2.8745e-11 1.7473e-11 1.0818e-11 1.3741e-11 1.1373e-11 1.5387e-11 1.1548e-11 5.7091e-12 1.3339e-11 5.7754e-12 6.1762e-12 5.7673e-12 -1.5545e-13 8.5151e-12 4.7237e-12 5.6748e-12 1.6206e-12 -1.7796e-12 -3.394e-12 -4.4382e-12 -1.0392e-12 -5.8026e-12 -9.3232e-12 -1.2252e-11 -2.0357e-12 3.609e-12 -1.0048e-11 -3.2916e-12 -4.9572e-12 -9.0514e-12 -5.7692e-12 -9.3011e-13 8.5171e-13 -8.1606e-12 -2.491e-12 -2.2141e-12 -4.0169e-12 -4.1662e-12 -3.8232e-12 -7.3399e-12 2.4414e-12 -8.8012e-12 -7.195e-12 -3.2683e-12 -7.2326e-14 -1.4337e-13 4.6163e-13 4.1579e-12 2.701e-13 -1.5587e-12 1.7336e-12 -4.177e-12 2.1168e-12 -1.79e-13 1.2508e-12 -1.0642e-12 4.163e-12 1.2685e-12 1.9544e-12 4.566e-13 -1.211e-12 1.2604e-12 2.2989e-12 -1.6025e-12 1.7431e-12 2.4432e-12 -1.2457e-13 1.9824e-12 2.4359e-12 3.2032e-12 -3.6414e-13 2.4462e-13 -4.3189e-13 1.1891e-13 7.9562e-13 9.7235e-15 -1.4881e-13 -9.9839e-14 1.2253e-13 -1.322e-13 6.4964e-14
9.6079e-11 8.29e-11 9.1121e-11 9.1518e-11 9.2114e-11 8.2598e-11 1.0158e-10 6.4921e-11 7.2743e-11 6.5594e-11 8.8351e-11 8.6505e-11 8.1367e-11 6.9368e-11 5.9697e-11 6.2393e-11 5.5305e-11 6.4517e-11 5.037e-11 6.7595e-11 4.7847e-11 5.7855e-11 5.065e-11 4.6223e-11 4.4967e-11 4.2903e-11 3.9385e-11 3.9907e-11 3.5785e-11 3.3321e-11 3.1278e-11 2.2508e-11 2.9229e-11 3.7289e-11 2.5916e-11 3.5195e-11 2.5102e-11 1.5609e-11 8.4393e-12 1.331e-11 1.0922e-11 1.1166e-11 7.3383e-12 6.1538e-12 1.4283e-11 2.3283e-12 3.2595e-12 1.0654e-11 3.8495e-12 9.1019e-12 8.3148e-12 4.7343e-12 1.1495e-12 -2.5114e-12 -3.2431e-12 -3.6548e-12 -4.2276e-12 -5.2248e-12 -9.014e-12 -4.7214e-12 -2.9786e-12 -4.2876e-12 -7.7045e-12 -1.696e-12 -1.0745e-12 -8.8652e-12 -1.149e-12 -2.8338e-12 -2.8595e-12 -2.5279e-12 -1.3307e-12 -3.1345e-12 -5.2164e-12 -5.6076e-12 -4.3557e-12 -7.924e-12 -9.8905e-13 -7.9893e-12 -2.9893e-12 -3.7057e-12 -3.9238e-13 1.0098e-12 1.8276e-12 3.594e-12 -1.38e-12 7.3905e-13 3.4373e-12 -2.5993e-12 1.1532e-12 -1.7648e-12 -1.2729e-12 -1.3951e-12 1.9297e-12 2.7692e-12 1.0737e-12 2.5115e-12 -2.1476e-12 9.4238e-13 3.1086e-12 -3.4643e-13 -1.3138e-12 2.6335e-12 -1.381e-13 1.0588e-12 1.7834e-12 2.8354e-12 -1.2395e-12 -1.869e-13 -1.6157e-13 -2.4013e-13 5.7941e-13 6.2297e-14 -8.0433e-14 -4.4551e-14 9.5537e-14 -1.4646e-13 1.0405e-14
1.0507e-10 9.257e-11 9.4666e-11 9.5978e-11 9.6258e-11 9.0811e-11 1.089e-10 7.4628e-11 7.9527e-11 6.8252e-11 9.0201e-11 8.1367e-11 1.0699e-10 7.8493e-11 6.5094e-11 6.7249e-11 6.4501e-11 6.6547e-11 6.013e-11 7.5646e-11 5.3226e-11 5.6777e-11 4.8929e-11 4.5765e-11 5.4447e-11 5.3316e-11 4.1931e-11 4.5007e-11 3.8938e-11 3.5215e-11 2.9265e-11 2.939e-11 2.739e-11 3.5777e-11 2.3099e-11 3.8743e-11 2.8438e-11 1.6379e-11 9.839e-12 1.898e-11 1.4571e-11 1.2125e-11 1.0871e-11 7.389e-12 9.1719e-12 2.2308e-13 -4.7926e-13 1.8497e-12 3.0123e-12 6.2319e-12 7.1499e-12 8.7548e-12 6.6018e-13 -2.8573e-12 -6.0595e-12 -4.743e-12 -6.7983e-13 -1.4512e-12 -8.6679e-12 -3.5352e-12 -8.2822e-13 -2.8583e-12 -6.5867e-12 -3.2929e-12 1.0292e-12 -1.448e-11 9.3415e-13 -6.5095e-12 -1.8376e-12 -2.9298e-12 2.6064e-13 -4.7292e-12 -4.3845e-12 -2.9411e-12 -4.5304e-12 -8.5614e-12 2.1162e-12 -3.9217e-12 -4.4814e-12 -4.6056e-12 -3.1624e-12 1.3647e-12 -2.7232e-12 3.7363e-12 -2.7029e-12 9.7699e-13 3.1813e-13 -4.6887e-12 -6.6106e-13 -1.2515e-12 1.8829e-12 -2.5334e-12 1.7249e-12 2.2543e-12 1.9424e-13 1.2818e-12 9.8692e-14 1.3608e-12 2.9532e-13 -2.0287e-12 -3.6157e-13 3.0919e-12 -4.4551e-13 1.042e-12 2.5695e-12 3.4854e-12 -1.0011e-12 2.5648e-13 -5.4027e-13 -3.3404e-13 4.3966e-13 -5.1954e-14 -3.3296e-13 -2.8588e-14 7.2923e-14 -1.8918e-13 1.2365e-13
8.97e-11 7.877e-11 8.1865e-11 8.2978e-11 8.32e-11 7.8128e-11 9.7791e-11 6.5102e-11 6.7598e-11 5.7265e-11 8.3274e-11 6.9368e-11 7.8493e-11 8.4234e-11 5.5816e-11 5.6635e-11 5.0652e-11 6.1722e-11 5.2004e-11 5.8687e-11 4.3822e-11 4.4649e-11 4.1343e-11 4.144e-11 4.4985e-11 3.9029e-11 3.0196e-11 3.6543e-11 3.4122e-11 3.1647e-11 3.1846e-11 2.9271e-11 2.4156e-11 3.6923e-11 2.0185e-11 2.9491e-11 2.5674e-11 1.5479e-11 5.7006e-12 1.4873e-11 8.1368e-12 9.9241e-12 6.8889e-12 7.6695e-12 6.7551e-12 -1.4154e-12 4.0323e-12 8.4577e-12 5.1724e-13 -1.6146e-12 1.5892e-12 3.9369e-12 -2.4506e-13 1.4004e-12 -2.9362e-12 -1.7383e-12 2.8445e-12 -3.3048e-12 -9.8888e-12 -6.3713e-12 7.8239e-14 -8.4702e-13 -6.575e-12 -5.4159e-12 -3.0654e-12 -1.1055e-11 -4.5525e-12 -3.6285e-12 -1.1284e-12 -1.2811e-12 -2.9991e-12 -3.3526e-12 -4.8763e-12 -3.673e-12 -2.878e-12 -4.4123e-12 2.8021e-12 -5.5001e-12 -3.7846e-12 -3.3694e-12 -2.8411e-12 -9.3439e-14 -7.1955e-13 2.8574e-13 -4.4742e-12 -6.505e-13 2.3321e-12 -4.457e-12 -1.8727e-12 -1.0814e-12 3.4362e-13 -9.714e-13 3.982e-12 8.6423e-13 -1.2959e-13 -1.4787e-13 -9.1174e-13 3.5694e-13 2.9497e-12 -2.3293e-12 2.4077e-13 1.4118e-12 -2.7353e-13 5.2078e-13 1.6606e-12 3.0562e-12 -3.4952e-13 2.0049e-13 -4.8846e-13 7.0393e-14 5.3943e-13 1.3717e-13 -2.5268e-13 -9.0978e-14 5.2256e-14 -1.3986e-13 8.4377e-14
7.5601e-11 6.9976e-11 7.002e-11 7.1446e-11 7.6562e-11 6.6933e-11 8.0026e-11 5.1776e-11 6.0528e-11 5.0119e-11 7.4335e-11 5.9697e-11 6.5094e-11 5.5816e-11 6.4522e-11 5.7169e-11 4.8575e-11 4.8473e-11 4.0407e-11 5.1905e-11 3.9537e-11 4.6593e-11 3.5294e-11 3.6687e-11 3.7567e-11 3.5196e-11 3.2946e-11 3.3022e-11 2.9021e-11 2.505e-11 2.2518e-11 2.0236e-11 2.5955e-11 2.3867e-11 2.0559e-11 2.8444e-11 2.1223e-11 1.313e-11 7.1437e-12 1.2475e-11 1.0143e-11 1.0139e-11 7.4267e-12 7.409e-12 1.0624e-11 5.3967e-12 1.5279e-12 6.0227e-12 7.6474e-13 6.5334e-12 2.3161e-12 3.174e-12 2.1863e-12 -4.6483e-12 -3.912e-12 -5.3073e-12 -1.8839e-12 -8.2143e-13 -7.404e-12 -5.0611e-12 -2.7852e-12 5.541e-13 -3.3506e-12 -2.7443e-12 -3.2723e-12 -7.9022e-12 -3.3149e-12 2.688e-12 -1.4327e-12 -5.1399e-12 -3.1306e-13 -2.8395e-12 -4.5572e-12 -4.5264e-13 -1.1256e-12 -5.1713e-12 3.9315e-13 -8.4731e-12 -8.0167e-12 -2.3174e-13 -1.6258e-12 1.9286e-12 -7.4187e-13 2.2438e-12 -1.9486e-13 3.4716e-12 1.593e-12 1.818e-13 -1.1351e-12 -6.2828e-13 -1.6417e-12 -1.2322e-12 -1.5279e-13 3.9665e-12 6.5922e-13 3.7702e-13 -1.8898e-12 1.2091e-12 1.9926e-12 -1.7873e-12 1.61e-12 1.0884e-12 -8.1086e-13 1.2823e-12 6.6392e-13 2.1773e-12 -1.2667e-12 3.9158e-13 -2.1829e-14 2.4078e-13 6.1128e-13 -1.7071e-13 -7.8151e-14 -4.9783e-14 9.1938e-14 -1.5856e-13 8.8626e-14
8.8675e-11 7.6663e-11 7.693e-11 7.5254e-11 8.2092e-11 6.8582e-11 8.79e-11 5.6337e-11 6.2517e-11 5.4285e-11 7.0792e-11 6.2393e-11 6.7249e-11 5.6635e-11 5.7169e-11 7.1442e-11 5.2529e-11 5.4794e-11 4.1582e-11 5.6234e-11 4.5433e-11 5.1429e-11 4.0498e-11 3.9626e-11 3.9173e-11 4.4376e-11 3.8715e-11 3.2463e-11 3.6263e-11 2.3158e-11 2.8411e-11 1.6169e-11 2.3483e-11 2.7032e-11 2.3842e-11 2.7784e-11 2.0794e-11 1.628e-11 6.4421e-12 1.2874e-11 6.648e-12 7.5865e-12 7.1149e-12 7.2702e-12 1.1699e-11 6.0689e-12 -1.0099e-12 4.4539e-12 3.4771e-12 3.9429e-12 4.9588e-12 -1.6797e-12 1.7446e-12 -2.8516e-12 -2.2428e-12 -6.5653e-12 -1.6636e-12 -6.1498e-12 -7.6989e-12 -3.4748e-12 1.5024e-12 7.3311e-15 -2.1625e-12 -1.9142e-12 -1.4881e-12 -7.3286e-12 -2.8924e-12 1.2839e-12 -4.0217e-12 -4.5018e-12 1.8747e-12 -3.1676e-12 -7.949e-12 -1.6193e-13 -7.3273e-13 -4.3135e-12 -8.7797e-13 -7.9445e-12 -7.7928e-12 -3.5399e-12 -2.2735e-12 4.5909e-12 6.473e-13 4.2513e-12 -7.0286e-13 2.1491e-12 1.929e-12 3.2355e-13 6.0026e-13 -2.454e-12 -2.213e-12 -1.91e-12 1.5916e-12 2.135e-12 9.3482e-13 1.6606e-12 -1.4887e-12 -2.4378e-13 1.6386e-12 -1.2989e-12 1.0666e-12 2.269e-12 -1.723e-12 1.5399e-12 2.4197e-12 2.4013e-12 -1.4067e-12 5.3038e-13 1.8172e-13 1.2192e-13 3.5716e-13 -2.2669e-13 -1.3994e-13 -7.1218e-15 8.582e-14 -7.2859e-14 2.3396e-16
7.56e-11 6.4882e-11 6.462e-11 6.6509e-11 6.9978e-11 6.0917e-11 7.7562e-11 4.7588e-11 5.6505e-11 5.1477e-11 6.5956e-11 5.5305e-11 6.4501e-11 5.0652e-11 4.8575e-11 5.2529e-11 5.9698e-11 4.9369e-11 3.89e-11 5.6735e-11 3.7058e-11 4.3678e-11 3.6363e-11 3.4659e-11 3.2858e-11 4.0532e-11 3.2868e-11 3.087e-11 2.6073e-11 2.3898e-11 2.2286e-11 1.8761e-11 1.8735e-11 2.5267e-11 2.0536e-11 2.7765e-11 2.286e-11 1.1523e-11 5.072e-12 9.9291e-12 8.6802e-12 9.4674e-12 8.7493e-12 8.2622e-12 6.7713e-12 4.3185e-12 -3.2542e-12 2.4306e-12 3.6579e-12 6.1062e-12 6.0589e-12 4.011e-12 1.9961e-12 -2.104e-13 -3.3123e-12 -2.7867e-12 -2.7195e-12 -4.2245e-12 -7.2542e-12 -4.4751e-12 -1.2951e-12 -8.9466e-13 -7.02e-12 -9.9595e-13 -1.8657e-12 -9.9077e-12 -1.0966e-12 -1.7894e-12 -1.7442e-12 -1.0697e-12 6.2298e-14 -5.2969e-12 -5.8893e-12 -2.844e-12 -4.3291e-12 -5.7218e-12 -2.7239e-13 -3.9564e-12 -5.5463e-12 -1.0518e-12 -1.4139e-12 1.4955e-12 -1.5856e-12 3.1417e-12 -7.8547e-13 6.0543e-13 1.8353e-12 -9.8801e-13 -1.6382e-12 -1.3734e-12 9.0558e-13 -1.0313e-12 1.4334e-12 2.0132e-12 1.3843e-12 1.5179e-12 -2.1382e-12 -1.4978e-12 6.7448e-13 -1.4411e-12 -8.3479e-13 1.8744e-12 -6.6366e-13 1.2276e-12 1.4575e-12 1.9943e-12 -1.0331e-12 -1.2239e-13 -2.5013e-13 1.5624e-13 3.5587e-13 -1.6119e-13 -1.1247e-13 5.0646e-14 5.4136e-14 -5.8403e-14 -7.1359e-14
8.65e-11 7.0959e-11 7.4941e-11 7.637e-11 7.8708e-11 7.1335e-11 8.9614e-11 6.0377e-11 5.8261e-11 5.6187e-11 7.6266e-11 6.4517e-11 6.6547e-11 6.1722e-11 4.8473e-11 5.4794e-11 4.9369e-11 8.0306e-11 4.1074e-11 5.6464e-11 4.0265e-11 4.9538e-11 3.6479e-11 4.1351e-11 3.8531e-11 3.7589e-11 3.7181e-11 3.698e-11 3.5734e-11 2.8207e-11 2.7059e-11 2.972e-11 1.9725e-11 2.8769e-11 2.3803e-11 2.4233e-11 2.0449e-11 1.0792e-11 9.1793e-12 9.9118e-12 2.6977e-12 1.0725e-11 1.0248e-11 4.7572e-12 1.0847e-11 -3.4255e-13 1.6155e-12 1.6051e-12 -1.5118e-12 7.9871e-12 7.8901e-12 3.2498e-12 -3.2963e-12 -2.8793e-12 -1.7054e-12 -6.2359e-12 9.06e-13 -9.3864e-12 -7.4301e-12 -8.1113e-12 2.6202e-12 -1.1639e-12 -6.4922e-12 -2.6763e-12 -1.3026e-12 -6.6848e-12 -8.1804e-12 -1.3445e-12 -1.6451e-12 -2.9987e-12 -6.0834e-13 -3.3079e-12 -3.5765e-12 -1.0437e-12 -4.0709e-12 -2.726e-13 8.3321e-13 -5.8538e-12 -5.3312e-12 -3.2884e-12 5.8676e-13 1.2522e-12 -2.4641e-12 3.0174e-12 -1.5276e-12 5.3089e-13 3.132e-12 -6.5513e-13 -1.8511e-12 -5.8821e-13 2.2142e-13 -1.3019e-12 3.4317e-12 8.5801e-14 -7.9318e-13 1.2749e-12 1.8615e-13 8.8952e-13 2.7806e-12 -2.0516e-12 1.1977e-12 3.5539e-12 -2.0376e-12 1.3412e-12 2.4208e-12 1.4444e-12 -5.7017e-14 4.0817e-13 2.2012e-13 1.7402e-13 3.3156e-13 3.6949e-14 -3.7553e-14 -3.3253e-13 8.8992e-15 3.1278e-15 -5.8729e-14
6.4878e-11 5.89e-11 5.9196e-11 5.9923e-11 5.8183e-11 5.7361e-11 7.3569e-11 4.4617e-11 5.0728e-11 4.2165e-11 5.4715e-11 5.037e-11 6.013e-11 5.2004e-11 4.0407e-11 4.1582e-11 3.89e-11 4.1074e-11 4.655e-11 4.4679e-11 3.2961e-11 2.6005e-11 2.9867e-11 2.9413e-11 3.1355e-11 3.0074e-11 2.8247e-11 2.665e-11 2.6321e-11 2.0054e-11 2.1235e-11 2.0404e-11 1.9342e-11 2.2923e-11 1.3938e-11 2.1119e-11 1.5728e-11 1.0378e-11 5.8196e-12 1.4416e-11 6.8244e-12 7.7638e-12 1.0395e-11 6.3579e-12 3.816e-12 -7.9006e-13 1.3398e-12 3.8854e-12 3.5218e-12 2.5121e-12 3.4612e-12 5.0101e-12 -4.0586e-13 1.4169e-13 -4.7573e-12 -2.515e-12 5.0523e-13 1.3602e-12 -1.4437e-12 -2.796e-12 -4.1324e-13 -2.071e-12 -3.0173e-12 -2.6878e-12 7.1262e-14 -4.103e-12 2.454e-12 -1.3282e-12 -2.2192e-12 -3.606e-13 -1.8894e-12 -1.68e-12 -5.6444e-13 -1.6003e-12 -3.083e-12 -3.8812e-12 2.2888e-12 -5.1539e-12 -1.0219e-12 -2.6117e-12 -2.9071e-12 -4.9607e-14 4.9894e-13 1.8934e-12 -2.8697e-12 3.135e-13 1.6903e-12 -3.2822e-12 -1.1806e-12 -1.8959e-12 5.3101e-13 -2.0885e-12 2.6446e-12 1.7508e-12 -4.5022e-13 3.0319e-13 -1.1661e-12 -1.6051e-13 8.9125e-13 -1.4246e-12 -1.4953e-12 1.686e-12 -6.6245e-13 6.2453e-13 1.6306e-12 2.4437e-12 -3.469e-13 3.3177e-13 -6.5019e-13 -2.8575e-13 3.3634e-13 1.2737e-13 -1.6639e-13 1.5891e-17 1.3671e-13 -1.3566e-13 7.7572e-14
8.468e-11 7.7474e-11 7.7265e-11 8.159e-11 8.1565e-11 7.0517e-11 9.0515e-11 5.6091e-11 6.8687e-11 6.1494e-11 7.577e-11 6.7595e-11 7.5646e-11 5.8687e-11 5.1905e-11 5.6234e-11 5.6735e-11 5.6464e-11 4.4679e-11 7.4892e-11 4.3115e-11 4.8141e-11 4.2541e-11 3.888e-11 4.2799e-11 4.2706e-11 4.0154e-11 3.4877e-11 3.2859e-11 2.8847e-11 2.5852e-11 1.9613e-11 2.4611e-11 2.9441e-11 2.349e-11 3.0077e-11 2.0124e-11 1.7668e-11 9.9907e-12 8.5574e-12 1.0125e-11 1.0656e-11 9.9913e-12 1.1733e-11 1.2629e-11 5.6012e-12 -1.4109e-12 3.8755e-12 3.9201e-12 5.2138e-12 6.5961e-12 8.3979e-12 2.3235e-12 -4.8354e-12 -2.4157e-12 -6.1475e-12 -4.3436e-12 -6.2202e-12 -8.6531e-12 -2.7216e-12 -4.1194e-12 -1.7369e-12 -7.1096e-12 -1.0088e-12 8.1015e-13 -1.0819e-11 2.2325e-12 -1.4335e-12 -3.785e-12 1.9997e-13 -2.3932e-12 -3.2095e-12 -3.9131e-12 -2.6677e-12 -5.0131e-12 -8.3369e-12 -3.2328e-12 -7.0172e-12 -5.5633e-12 -1.3073e-12 -2.9885e-13 8.0996e-13 8.8017e-13 1.8177e-12 -9.4002e-13 -8.4777e-13 3.3106e-12 -4.0754e-12 -1.8294e-13 -2.4291e-12 -2.0059e-13 -2.0114e-12 1.5504e-12 3.4195e-12 1.8119e-12 9.1439e-13 -1.1016e-12 3.1132e-13 9.853e-13 -3.0636e-13 -1.3939e-12 1.7069e-12 -1.9545e-12 4.2086e-13 1.6891e-12 1.809e-12 -6.5459e-13 -2.3947e-13 -1.3828e-13 -1.7022e-13 5.4004e-13 -2.9034e-13 -9.4224e-14 2.2201e-15 1.0527e-13 -1.0517e-13 4.9126e-14
6.2668e-11 5.5478e-11 5.597e-11 5.7148e-11 6.0124e-11 5.5201e-11 6.8684e-11 4.5012e-11 5.0775e-11 4.4473e-11 5.8139e-11 4.7847e-11 5.3226e-11 4.3822e-11 3.9537e-11 4.5433e-11 3.7058e-11 4.0265e-11 3.2961e-11 4.3115e-11 4.667e-11 3.7501e-11 2.9723e-11 3.1099e-11 3.3784e-11 2.7811e-11 2.7322e-11 2.0452e-11 2.5582e-11 2.1072e-11 1.7907e-11 1.7264e-11 1.6037e-11 1.9102e-11 1.9475e-11 2.1417e-11 1.619e-11 1.0098e-11 3.1347e-12 9.2583e-12 9.4781e-12 5.0754e-12 4.8267e-12 4.8967e-12 9.5242e-12 8.6917e-13 1.3353e-13 5.5425e-12 7.1335e-12 4.1563e-12 1.3822e-12 2.5786e-12 -1.0771e-12 2.6173e-12 -1.4704e-12 -3.0145e-12 1.1045e-12 -3.9895e-12 -5.4708e-12 -6.9154e-12 4.7387e-13 4.7718e-13 -1.6784e-12 -3.1463e-12 1.5296e-12 -2.7675e-12 -2.8245e-12 -1.6294e-12 -1.9939e-12 -2.8118e-13 5.4402e-13 -1.5807e-12 -2.1535e-12 -9.9863e-13 -4.3501e-13 -5.5039e-12 -1.5818e-12 -4.8332e-12 -2.5324e-12 -1.2482e-12 -1.2972e-12 1.7049e-12 1.4376e-12 9.0408e-13 -1.1528e-12 -1.3291e-12 3.8874e-12 -3.2062e-13 3.0478e-13 -1.7278e-12 1.1239e-12 -1.2671e-12 1.7474e-12 2.5769e-12 1.4096e-12 1.4144e-12 -1.5784e-12 -2.8509e-13 2.1247e-12 -1.2462e-12 5.5178e-13 1.2856e-12 1.3214e-13 1.3166e-12 2.0647e-12 1.725e-12 -9.0503e-13 5.2725e-13 -5.7924e-13 -1.4936e-13 2.9574e-13 -1.0432e-13 -1.1742e-13 -5.2564e-15 6.7626e-14 -2.9278e-14 8.5082e-14
7.2815e-11 6.0408e-11 7.0554e-11 6.5805e-11 6.897e-11 5.5265e-11 7.171e-11 4.751e-11 5.2694e-11 4.9891e-11 6.5193e-11 5.7855e-11 5.6777e-11 4.4649e-11 4.6593e-11 5.1429e-11 4.3678e-11 4.9538e-11 2.6005e-11 4.8141e-11 3.7501e-11 6.6161e-11 3.7146e-11 3.159e-11 3.2854e-11 3.6069e-11 3.0067e-11 2.7103e-11 2.3349e-11 1.8533e-11 2.3609e-11 1.2329e-11 2.0177e-11 2.2694e-11 2.1571e-11 2.8513e-11 1.9269e-11 8.9336e-12 1.8183e-12 9.1583e-12 9.5346e-12 7.4868e-12 4.3014e-12 5.2101e-12 1.019e-11 8.6311e-12 -4.135e-12 4.7359e-12 2.8517e-12 2.5329e-12 1.4412e-12 1.0953e-12 4.6472e-12 -9.5061e-13 -1.7005e-13 -3.4038e-12 -3.2208e-12 -3.7283e-12 -1.14e-11 -6.4201e-12 -8.6157e-15 -2.868e-12 -4.4253e-12 -1.9718e-12 -2.1397e-12 -8.8721e-12 -9.0217e-12 -2.1907e-12 2.5509e-13 -3.759e-12 -5.7983e-13 -5.5137e-12 -8.2671e-12 -5.5819e-12 -3.4941e-12 -4.6312e-12 -7.7462e-13 -8.3515e-12 -4.5036e-12 -2.2765e-12 4.2154e-13 4.9421e-13 9.4946e-13 3.3153e-12 2.4078e-12 1.3602e-12 8.5392e-13 -8.0237e-13 4.1936e-13 -1.0698e-12 -1.1972e-12 -7.5077e-13 5.6179e-13 1.7986e-12 1.0782e-12 9.4809e-13 -2.0037e-12 1.0778e-12 2.696e-12 -2.4693e-13 1.3092e-12 3.241e-12 1.0501e-13 2.0666e-13 1.3979e-12 1.7833e-12 -1.7489e-12 6.2423e-13 6.0017e-13 -2.6655e-15 4.5678e-13 -8.044e-14 8.9205e-14 -6.9494e-14 -1.9173e-14 -1.8472e-14 1.191e-14
6.3258e-11 5.1509e-11 5.8911e-11 5.952e-11 5.9755e-11 4.9942e-11 6.6049e-11 3.8529e-11 4.4687e-11 3.9973e-11 5.6708e-11 5.065e-11 4.8929e-11 4.1343e-11 3.5294e-11 4.0498e-11 3.6363e-11 3.6479e-11 2.9867e-11 4.2541e-11 2.9723e-11 3.7146e-11 4.8268e-11 2.6284e-11 2.7812e-11 2.7796e-11 2.7176e-11 2.7324e-11 2.4744e-11 2.2144e-11 2.1807e-11 1.2519e-11 1.8637e-11 2.0584e-11 1.8977e-11 2.2981e-11 1.9038e-11 1.1081e-11 3.7333e-12 1.0463e-11 8.4438e-12 4.0746e-12 7.3048e-12 3.4433e-12 8.5555e-12 -4.1389e-13 1.3674e-12 3.1887e-12 -3.502e-13 6.3792e-12 1.4176e-13 3.8137e-13 2.3905e-12 -3.7739e-12 -3.3835e-12 -5.354e-12 -3.8013e-12 -4.055e-12 -4.3608e-12 -2.9455e-12 -3.4327e-12 2.0612e-12 -6.1293e-12 -3.5695e-12 -3.5605e-12 -5.8809e-12 -6.2395e-13 -4.5998e-12 -5.6397e-13 -5.553e-12 -1.9054e-12 -1.6373e-12 -4.1989e-12 -7.4326e-12 -6.2865e-12 -4.3688e-12 -4.7574e-13 -4.0587e-12 -4.168e-12 -4.5871e-12 -2.0502e-13 1.0144e-12 3.372e-13 5.3273e-12 9.6625e-13 -9.3903e-13 -1.3128e-12 -4.6693e-12 9.2284e-13 -1.7147e-12 -1.801e-13 -1.9116e-13 1.0445e-12 4.8397e-13 1.6031e-12 1.1178e-12 -3.7799e-12 7.2842e-13 2.1171e-12 3.1069e-13 -1.4304e-12 1.2438e-12 -1.0497e-12 9.1486e-13 1.2115e-12 1.899e-12 -1.0081e-12 1.1133e-13 3.4653e-14 -5.8164e-14 4.6895e-13 -7.042e-14 -4.5189e-14 5.6749e-14 1.6421e-14 -3.2962e-15 1.089e-13
6.0283e-11 5.053e-11 5.2659e-11 5.8869e-11 6.0199e-11 5.2491e-11 6.2651e-11 4.2348e-11 4.5945e-11 3.931e-11 5.0438e-11 4.6223e-11 4.5765e-11 4.144e-11 3.6687e-11 3.9626e-11 3.4659e-11 4.1351e-11 2.9413e-11 3.888e-11 3.1099e-11 3.159e-11 2.6284e-11 4.1048e-11 2.7944e-11 2.3796e-11 2.6875e-11 2.3003e-11 2.6497e-11 2.0647e-11 1.4913e-11 2.2434e-11 1.7749e-11 2.6929e-11 2.0502e-11 2.1913e-11 1.4563e-11 1.0624e-11 7.1539e-12 8.6214e-12 9.8369e-12 5.9128e-12 3.5848e-12 7.0329e-12 9.7961e-12 3.5437e-14 1.7635e-12 5.1559e-12 4.073e-12 7.0859e-12 3.9649e-12 3.6887e-12 -2.2555e-12 4.953e-13 -9.2173e-13 -3.7535e-12 4.7604e-13 -4.4071e-12 -8.0728e-12 -3.8988e-12 -9.3776e-13 -1.9369e-12 -4.3803e-12 2.5609e-13 -2.8458e-12 -5.6726e-12 -9.4555e-13 -2.7349e-12 -3.2683e-12 -9.5651e-13 -1.2253e-12 -2.9806e-12 -5.1096e-12 -1.7641e-12 3.4698e-13 -5.4173e-12 -4.6442e-13 -4.8854e-12 -5.8587e-12 -4.5112e-12 -2.5557e-12 1.8858e-12 8.011e-13 9.6437e-13 -5.2735e-13 2.1001e-12 1.2141e-12 2.1052e-13 -2.4399e-13 -1.0062e-12 3.8681e-13 -1.1018e-12 8.728e-13 1.5965e-12 4.2278e-13 1.189e-12 -2.2029e-12 -6.3687e-13 2.3091e-12 -7.4578e-13 -1.0688e-13 9.426e-13 -2.8206e-14 7.2274e-13 1.3851e-12 6.1474e-13 -8.3952e-13 -2.0814e-13 3.3969e-14 1.4193e-13 4.6278e-13 -5.7774e-14 6.0997e-14 -5.8051e-14 -2.6719e-14 -5.8124e-14 -7.2568e-14
6.0157e-11 5.2258e-11 5.4012e-11 6.0173e-11 5.445e-11 5.2982e-11 6.325e-11 4.2884e-11 4.9193e-11 4.0499e-11 5.0755e-11 4.4967e-11 5.4447e-11 4.4985e-11 3.7567e-11 3.9173e-11 3.2858e-11 3.8531e-11 3.1355e-11 4.2799e-11 3.3784e-11 3.2854e-11 2.7812e-11 2.7944e-11 4.5579e-11 2.8538e-11 2.3966e-11 2.6408e-11 2.3128e-11 2.0976e-11 1.5112e-11 1.6647e-11 1.6518e-11 2.3088e-11 1.7848e-11 1.7244e-11 1.6688e-11 1.1068e-11 4.0066e-12 1.1023e-11 1.2078e-11 7.3744e-12 8.822e-12 4.5857e-12 8.284e-12 -1.0971e-13 8.2554e-13 5.6374e-12 2.4824e-12 3.9636e-12 3.1023e-12 2.6456e-12 -2.9329e-13 -1.1209e-12 -1.4278e-12 1.2514e-13 -1.76e-12 -2.0164e-12 -6.602e-12 -3.7784e-12 -1.1564e-12 -2.6477e-12 -4.8685e-12 -4.0361e-12 -2.3043e-12 -9.0046e-12 -4.248e-13 -1.1347e-12 -4.4196e-13 4.1106e-13 1.3547e-12 -1.7862e-12 -6.5308e-13 -3.1446e-12 -2.663e-12 -4.8823e-12 1.7332e-12 -2.1574e-12 -3.3364e-12 -2.2256e-12 -2.719e-12 -2.4929e-12 -4.7579e-13 8.9674e-13 1.423e-15 1.2141e-12 2.0164e-12 -2.7829e-12 5.0445e-13 4.1795e-13 2.5515e-12 -1.9414e-12 2.1483e-13 1.8567e-12 2.3464e-12 1.3165e-12 -2.2747e-12 3.1615e-13 2.4234e-12 -6.5435e-14 8.4885e-13 9.0218e-13 -4.6026e-13 2.1375e-13 1.5414e-12 1.195e-12 -7.9819e-13 7.2479e-13 -4.2414e-13 -6.6057e-14 2.4719e-13 -1.3733e-13 -1.2896e-13 -1.0516e-13 -2.1287e-14 -8.4005e-14 1.334e-13
6.3187e-11 5.4166e-11 5.5843e-11 5.9581e-11 5.28e-11 4.7427e-11 6.1441e-11 3.8123e-11 4.2785e-11 3.7586e-11 4.7825e-11 4.2903e-11 5.3316e-11 3.9029e-11 3.5196e-11 4.4376e-11 4.0532e-11 3.7589e-11 3.0074e-11 4.2706e-11 2.7811e-11 3.6069e-11 2.7796e-11 2.3796e-11 2.8538e-11 4.5114e-11 2.6727e-11 2.7331e-11 2.1132e-11 1.5883e-11 1.7355e-11 1.2855e-11 1.2916e-11 1.7824e-11 1.3965e-11 2.0547e-11 1.4086e-11 1.0506e-11 5.7586e-12 1.0425e-11 7.8017e-12 7.5404e-12 7.1259e-12 6.3073e-12 5.9129e-12 5.782e-12 -1.2141e-12 2.2701e-13 -1.6573e-12 2.6304e-12 8.8594e-12 4.1227e-12 7.7618e-13 -2.4352e-12 -4.7347e-12 -2.2601e-12 -2.7303e-12 -5.1414e-12 -3.4484e-12 -4.8804e-12 -1.6679e-12 -1.0614e-12 -3.1356e-12 6.634e-14 4.3588e-12 -8.1913e-12 -5.3511e-13 -1.8556e-12 -6.3701e-13 -7.086e-13 1.7387e-12 -3.3623e-12 -5.4789e-12 -2.423e-12 -2.559e-12 -4.411e-12 7.4485e-13 -4.2177e-12 -4.6681e-12 -2.6953e-12 -1.5782e-12 1.2301e-12 1.092e-12 4.9351e-12 -1.3914e-12 -1.3479e-12 5.9912e-13 -1.9272e-12 -1.0141e-12 -5.4582e-13 3.2836e-13 -1.0849e-12 1.6063e-12 -6.8054e-14 1.0082e-12 1.3816e-12 -1.3545e-12 -9.3374e-13 -1.4999e-12 8.5288e-13 -1.0223e-12 3.0499e-12 -6.441e-14 8.1427e-13 1.8408e-12 1.1683e-12 -1.1973e-12 -2.409e-13 4.7075e-13 1.853e-13 2.3411e-13 -1.0936e-13 -1.8284e-13 -6.658e-14 9.1469e-14 -1.919e-14 1.8129e-14
5.6542e-11 4.8694e-11 5.2304e-11 5.0692e-11 5.222e-11 4.7065e-11 5.6989e-11 3.5554e-11 4.1803e-11 3.4007e-11 4.604e-11 3.9385e-11 4.1931e-11 3.0196e-11 3.2946e-11 3.8715e-11 3.2868e-11 3.7181e-11 2.8247e-11 4.0154e-11 2.7322e-11 3.0067e-11 2.7176e-11 2.6875e-11 2.3966e-11 2.6727e-11 3.5969e-11 2.3824e-11 2.4904e-11 1.5087e-11 1.5737e-11 1.3689e-11 2.0236e-11 1.7392e-11 1.2786e-11 2.0994e-11 1.0345e-11 1.0645e-11 4.9754e-12 6.7402e-12 2.61e-12 8.1252e-12 6.1524e-12 8.3033e-12 6.1304e-12 4.4232e-12 -3.2191e-12 -9.8559e-13 1.7649e-12 6.8642e-12 6.9784e-12 1.9667e-12 -3.505e-12 -4.7527e-12 -3.0916e-12 -5.1309e-12 -6.5499e-13 -1.2717e-12 -1.74e-12 -3.9164e-12 -2.2871e-12 2.8036e-12 -3.5827e-12 2.0364e-12 -7.9562e-13 -3.7301e-12 -7.835e-15 6.9987e-13 -1.1351e-12 -2.7262e-12 -1.3429e-12 -6.393e-13 -3.4275e-12 -2.6117e-12 -2.1664e-12 -3.4508e-12 -1.6783e-12 -5.8694e-12 -5.0515e-12 -2.3673e-12 -1.8974e-12 -7.4358e-14 -8.3384e-13 3.6486e-12 2.6151e-13 -7.0962e-13 2.5763e-13 -1.5703e-12 1.8868e-13 -1.5622e-12 -8.711e-13 -1.5194e-12 1.6519e-12 8.4632e-13 5.2642e-13 1.1239e-12 -1.2621e-12 -2.5561e-13 8.9404e-13 -3.2923e-13 9.1372e-14 2.2044e-12 -1.4558e-12 -1.808e-13 2.0366e-12 1.5979e-12 -7.9034e-13 1.3125e-13 1.6488e-13 4.0713e-14 3.6464e-13 -1.5663e-13 -4.5489e-14 -9.8088e-15 7.8074e-14 -3.8057e-14 -4.3898e-15
5.2982e-11 4.2842e-11 4.7021e-11 4.9293e-11 4.7623e-11 4.4329e-11 4.8706e-11 3.4434e-11 3.6007e-11 3.2182e-11 4.5231e-11 3.9907e-11 4.5007e-11 3.6543e-11 3.3022e-11 3.2463e-11 3.087e-11 3.698e-11 2.665e-11 3.4877e-11 2.0452e-11 2.7103e-11 2.7324e-11 2.3003e-11 2.6408e-11 2.7331e-11 2.3824e-11 3.5814e-11 1.7289e-11 1.621e-11 1.3257e-11 1.2915e-11 1.5705e-11 1.4637e-11 9.9221e-12 1.8202e-11 1.4467e-11 1.3017e-11 7.151e-12 2.4961e-12 3.7804e-12 1.0755e-11 5.3566e-12 3.5556e-12 5.8289e-12 8.7343e-13 -1.4564e-13 2.6099e-12 -4.9605e-12 7.2515e-12 7.6377e-12 2.6267e-12 -2.1194e-12 -4.3103e-12 -1.6005e-12 -3.8693e-12 1.124e-12 -2.629e-12 -3.8102e-12 -3.4926e-12 -4.8561e-12 2.362e-13 -2.5433e-12 -2.5154e-12 -8.5828e-13 -6.9946e-12 1.1444e-12 -3.0755e-12 2.1073e-12 -1.836e-12 1.2633e-12 -2.5156e-12 -3.8257e-12 -4.0127e-12 -3.9873e-12 -2.8482e-13 4.3864e-12 -1.8719e-12 -4.7014e-12 -1.9559e-12 -2.1719e-12 1.3572e-12 -2.0208e-12 2.43e-12 -1.0313e-12 4.7756e-13 -1.3332e-12 -1.8976e-12 -1.1293e-12 1.1426e-13 1.1967e-12 -3.504e-13 -3.3555e-14 2.9331e-13 -1.6442e-13 1.1839e-12 -1.5978e-12 -8.2866e-13 3.4085e-13 -1.18e-12 1.8156e-13 1.7961e-12 -1.5668e-12 1.7721e-13 1.311e-12 1.2051e-12 2.5174e-15 -2.9069e-13 1.0087e-13 -1.5279e-13 3.2596e-13 -1.411e-13 -2.1142e-14 -9.1e-14 7.5274e-15 1.7535e-15 3.867e-14
5.3895e-11 4.5147e-11 4.7045e-11 4.5029e-11 4.9935e-11 4.1594e-11 5.6885e-11 3.5501e-11 3.3822e-11 3.0513e-11 4.8804e-11 3.5785e-11 3.8938e-11 3.4122e-11 2.9021e-11 3.6263e-11 2.6073e-11 3.5734e-11 2.6321e-11 3.2859e-11 2.5582e-11 2.3349e-11 2.4744e-11 2.6497e-11 2.3128e-11 2.1132e-11 2.4904e-11 1.7289e-11 4.5451e-11 2.0564e-11 1.3049e-11 1.7584e-11 1.5433e-11 2.4784e-11 1.6287e-11 1.1936e-11 9.7476e-12 7.169e-12 6.808e-12 8.2085e-12 4.0313e-12 -1.9697e-13 3.8501e-12 3.8703e-12 7.1602e-12 3.2994e-12 1.7585e-12 -2.0037e-12 -1.6747e-12 3.9135e-12 -2.1689e-12 -1.195e-12 2.4901e-12 4.489e-13 7.6575e-13 -7.7757e-12 1.082e-12 -9.3376e-12 -4.6157e-12 -3.7671e-12 3.2933e-12 1.3738e-12 -5.138e-13 -1.6889e-12 -5.9303e-12 -1.0456e-12 2.3563e-12 3.9001e-12 -4.1366e-12 -6.1883e-12 -1.8759e-12 5.5183e-13 -9.4616e-13 -1.5183e-12 -3.2334e-12 -1.9933e-12 2.6944e-12 -2.875e-12 -2.6544e-12 -8.0183e-12 -2.9785e-13 5.2926e-13 1.545e-12 2.3088e-12 -1.9895e-14 -1.3257e-12 1.5928e-12 -1.969e-12 1.616e-12 -1.6756e-12 7.753e-13 -3.7308e-12 2.0957e-12 1.1314e-12 -8.1103e-13 2.0627e-12 4.0358e-13 1.0919e-12 6.3634e-13 8.1408e-13 -4.9268e-13 1.2161e-12 -1.8713e-12 8.593e-13 3.15e-12 1.2559e-12 -1.5742e-13 1.1667e-12 -5.4355e-13 -1.5259e-13 4.4822e-13 -8.5907e-14 2.144e-14 -3.49e-14 1.5625e-13 -3.2094e-14 2.3366e-14
4.0833e-11 3.4185e-11 3.8117e-11 3.8536e-11 3.7467e-11 3.7907e-11 4.1914e-11 2.653e-11 3.2238e-11 2.4706e-11 4.4276e-11 3.3321e-11 3.5215e-11 3.1647e-11 2.505e-11 2.3158e-11 2.3898e-11 2.8207e-11 2.0054e-11 2.8847e-11 2.1072e-11 1.8533e-11 2.2144e-11 2.0647e-11 2.0976e-11 1.5883e-11 1.5087e-11 1.621e-11 2.0564e-11 2.6738e-11 1.1249e-11 1.374e-11 1.2077e-11 2.0259e-11 1.1541e-11 1.2988e-11 1.0361e-11 4.435e-12 4.8827e-12 7.2521e-12 3.4765e-12 1.5421e-12 4.6107e-12 3.0764e-12 5.9313e-12 -1.4168e-12 4.8456e-12 7.3583e-13 9.6471e-13 7.3688e-12 2.2178e-12 6.0285e-12 2.4177e-12 -3.3527e-12 -8.9869e-13 -6.9607e-12 -1.7977e-12 -3.6983e-12 -3.2873e-12 -2.8311e-12 1.882e-12 1.4478e-12 -4.3577e-12 -5.8596e-13 -1.8348e-12 -5.382e-12 1.0718e-12 2.049e-12 4.5179e-13 -4.2974e-12 -1.123e-12 1.3603e-12 -3.0498e-13 -1.8896e-12 -1.4938e-12 -2.5599e-12 1.2576e-12 -1.115e-12 -3.7246e-12 -1.6229e-12 -1.353e-12 2.4188e-13 1.7604e-13 -2.3104e-13 -7.3583e-14 1.1052e-13 -8.8363e-14 -1.024e-12 7.3364e-13 1.5357e-13 1.4728e-12 -5.888e-13 1.507e-12 1.2259e-12 1.9156e-13 1.1402e-12 -2.0383e-13 5.7043e-13 9.1526e-13 2.3458e-13 -7.3364e-13 -3.6975e-13 3.4993e-13 6.261e-13 8.4096e-13 1.2198e-12 7.9198e-14 -5.3341e-16 -3.4708e-13 -9.7266e-14 2.9992e-13 1.5239e-13 -4.6338e-14 -5.1405e-14 3.8637e-14 9.2271e-15 -1.1586e-14
