4.3126e-11 5.8087e-12 7.8532e-12 2.3619e-12 5.0989e-12 8.1605e-12 4.4601e-12 4.8718e-12 -9.5831e-13 -2.9614e-12 1.0399e-11 -2.6955e-12 -7.7187e-12 3.3393e-12 -6.7921e-12 8.8007e-12 2.5612e-12 -1.157e-12 -5.2147e-13 2.5949e-12 9.6492e-13 4.8672e-12 4.4187e-13 -1.0116e-11 3.5002e-12 -1.7028e-12 -3.6862e-13 5.5115e-12 -1.9606e-12 -6.9057e-12 4.7192e-12 4.118e-13 4.5989e-12 -1.2638e-12 8.4297e-14 -4.8297e-12 1.7431e-12 5.0279e-12 -1.9282e-12 2.9785e-12 4.1481e-12 4.0266e-12 3.596e-12 4.1785e-12 -4.1608e-12 1.1645e-12 2.4745e-12 3.4975e-12 1.0775e-12 3.9399e-12 -4.0414e-13 -1.1393e-12 1.5455e-12 5.5355e-12 3.7472e-12 1.6205e-13 -8.4652e-13 1.8124e-12 -1.6006e-12 9.0201e-13 4.0911e-12 3.5407e-13 3.2137e-12 3.3668e-12 -8.035e-13 -7.8497e-13 8.9119e-14 2.6183e-13 2.8066e-13 -2.4308e-13 -1.1078e-12 -5.8498e-13 5.6201e-14 -2.3137e-13 3.1874e-14 -1.2022e-13 -2.0962e-14 -3.0059e-16 -4.7822e-14
5.8087e-12 3.2551e-11 1.3917e-11 6.7135e-12 1.76e-12 3.2396e-12 -6.3047e-12 1.0147e-11 -6.151e-12 -6.847e-12 1.3564e-12 2.6787e-12 -5.1123e-13 2.3878e-12 4.0175e-12 -1.2717e-11 6.9801e-12 -5.77e-12 4.3205e-12 -7.0669e-13 -1.0642e-12 2.3241e-12 3.9254e-12 1.1887e-12 -9.1938e-12 -4.1154e-12 -3.5806e-13 1.2033e-12 3.5083e-14 -1.3328e-12 -2.7887e-12 3.0666e-12 2.3985e-12 2.0788e-12 2.6332e-12 -5.2025e-13 -4.999e-12 5.526e-13 3.2719e-12 -1.145e-12 5.0293e-12 3.7006e-12 -1.4206e-12 -7.559e-13 1.5891e-12 -5.1378e-13 -5.9304e-13 6.5572e-13 2.4114e-12 9.5465e-13 1.3944e-12 1.8659e-12 1.3175e-12 1.8304e-12 1.6792e-12 2.1203e-13 -8.3763e-13 1.8605e-12 -2.0266e-12 1.4187e-12 1.8878e-12 7.6122e-13 9.1163e-13 3.0466e-12 7.7515e-14 4.0604e-13 1.2479e-12 9.0215e-13 -6.6838e-15 5.5576e-13 7.0962e-13 6.3512e-13 -7.4901e-13 4.466e-13 2.6406e-14 -2.203e-13 -1.0774e-14 3.3544e-14 9.818e-15
7.8532e-12 1.3917e-11 2.3502e-11 1.7415e-12 2.3631e-12 5.6387e-12 4.322e-13 1.6809e-12 -2.1166e-12 -1.8895e-12 2.3984e-13 5.2358e-12 -2.8873e-12 1.4609e-13 -2.2584e-12 -7.2734e-12 3.9618e-12 -3.845e-12 -4.2814e-12 -2.424e-12 -6.0498e-13 -3.554e-12 3.6219e-12 -1.8553e-12 -3.8329e-12 1.5849e-12 -1.9235e-13 -9.64e-13 1.0876e-13 -3.9298e-12 -5.3105e-12 2.774e-12 1.4916e-12 -1.0344e-12 -1.8626e-13 1.3058e-13 -1.6708e-12 2.9796e-13 -2.8988e-13 -1.6193e-12 1.1946e-12 1.7022e-12 -1.2135e-12 -2.2484e-12 -3.9434e-13 -8.1854e-13 -3.1717e-12 2.2409e-13 1.6976e-12 6.6169e-13 -6.8494e-15 -5.0382e-14 2.0584e-12 1.6751e-12 2.0545e-12 -8.1966e-13 6.4937e-13 3.7801e-12 -1.4953e-12 -6.0018e-13 1.3288e-12 -7.6032e-13 2.1995e-13 5.7732e-13 2.3002e-13 1.0013e-12 7.6676e-13 1.62e-12 1.3623e-13 -3.2403e-13 -8.8589e-13 3.2467e-13 -2.247e-13 5.223e-13 1.5754e-13 4.1797e-14 2.9088e-14 3.2735e-14 -1.6623e-14
2.3619e-12 6.7135e-12 1.7415e-12 2.2282e-11 4.2571e-12 3.4454e-12 -2.1354e-12 2.5553e-12 3.7607e-12 8.2458e-14 3.8261e-12 8.538e-12 4.7614e-12 3.8948e-12 9.6956e-13 5.4608e-12 6.2947e-12 1.1679e-12 1.1359e-11 5.7896e-12 2.3755e-12 8.3408e-12 1.0256e-12 4.2607e-12 2.6687e-12 1.8758e-12 4.2103e-12 1.1837e-12 -3.6711e-12 2.8864e-12 4.8398e-12 2.4953e-12 -3.6214e-13 -1.7852e-12 8.6939e-13 -2.2974e-12 -2.7608e-12 -1.3536e-12 1.5029e-12 -1.1352e-13 3.6351e-12 -2.284e-12 3.6577e-12 -2.2816e-12 -3.2475e-12 -4.1114e-13 -8.1769e-13 2.7001e-12 -4.8431e-13 1.3077e-12 1.5687e-12 -3.0603e-12 -1.0283e-12 -8.8687e-13 2.2376e-12 -1.7682e-12 -1.3664e-12 -1.5965e-12 -4.8747e-13 -2.2462e-12 3.9681e-13 2.5062e-13 1.1938e-12 1.3323e-13 -1.1335e-12 1.4802e-12 6.1574e-13 -6.3124e-13 -9.3029e-13 2.5738e-14 4.1855e-13 -8.1794e-13 2.2171e-14 -6.0352e-14 -9.2103e-14 -6.0795e-14 -2.6654e-14 -1.7133e-14 4.8331e-15
5.0989e-12 1.76e-12 2.3631e-12 4.2571e-12 2.1249e-11 6.6788e-12 6.4953e-12 -8.1777e-13 8.461e-12 6.5605e-12 -3.9921e-12 6.2527e-12 6.9145e-12 6.9181e-12 1.8267e-12 1.1917e-11 2.2902e-12 -4.8016e-12 3.6591e-12 6.6906e-12 2.0147e-12 2.4718e-12 5.4709e-12 -8.3518e-13 2.0823e-12 2.0949e-12 6.682e-12 3.828e-12 -6.9738e-13 2.3825e-12 6.1471e-13 4.9987e-12 2.6571e-12 1.4923e-12 8.6659e-13 1.958e-12 -2.4021e-12 3.2241e-12 3.5173e-13 2.0439e-12 6.6862e-13 2.9649e-12 3.5179e-12 -9.4909e-13 -3.1452e-12 1.5674e-12 8.7104e-13 1.9087e-12 1.4922e-12 4.0423e-13 1.1058e-12 -4.5083e-13 1.7016e-12 9.7644e-13 2.0467e-12 -2.8805e-12 1.8123e-12 1.2713e-12 -1.1667e-12 -9.1923e-13 2.7291e-13 1.2755e-12 2.302e-12 -3.1226e-14 1.8515e-13 9.1405e-13 -1.6998e-12 6.1778e-13 -7.2573e-14 7.8122e-14 -5.0035e-13 -1.3467e-13 -3.0734e-13 -1.7588e-13 3.0274e-14 -1.5162e-13 -2.5363e-14 1.7919e-15 -1.8382e-14
8.1605e-12 3.2396e-12 5.6387e-12 3.4454e-12 6.6788e-12 2.3951e-11 6.4618e-12 6.4018e-12 -2.2918e-12 6.5899e-12 2.2885e-12 5.6481e-12 2.1587e-13 5.7428e-12 -4.3463e-12 5.1033e-12 8.7501e-12 1.4605e-12 3.2354e-12 4.8672e-12 -3.5824e-13 -2.3655e-12 6.6663e-12 -1.8784e-12 4.5581e-12 -4.9528e-13 1.9792e-12 2.5726e-12 4.5019e-12 -1.1665e-12 -2.0906e-12 6.1128e-12 -2.4936e-12 5.2739e-12 1.7472e-13 1.7035e-12 -7.6187e-13 8.5848e-13 7.4585e-15 1.1699e-12 -8.2387e-13 -1.3099e-12 1.1372e-12 -4.3402e-13 -5.1069e-12 2.594e-12 1.9355e-13 3.7064e-12 -2.7649e-12 -3.179e-12 1.2132e-12 -2.1738e-12 6.9071e-13 7.2208e-13 2.7571e-12 -5.2583e-14 -1.8379e-13 1.5998e-12 -1.3918e-12 4.2936e-13 1.3186e-12 2.1958e-13 2.4453e-12 1.9092e-12 -6.7792e-13 1.1359e-12 -1.6395e-12 -5.6019e-13 4.9988e-13 -1.1953e-12 1.6201e-13 -4.9406e-13 5.4234e-14 3.0923e-13 -2.8099e-14 -2.3876e-13 1.3341e-14 -6.5222e-15 -2.2772e-14
4.4601e-12 -6.3047e-12 4.322e-13 -2.1354e-12 6.4953e-12 6.4618e-12 4.1143e-11 2.0367e-12 5.7453e-12 5.2905e-13 1.0011e-11 1.2753e-11 -1.9145e-13 6.8208e-12 -8.4068e-12 6.5525e-12 9.6583e-13 4.6351e-12 2.0567e-12 -4.0367e-13 1.4106e-13 8.5264e-12 1.1027e-11 2.1285e-12 1.1743e-11 7.2892e-12 6.4584e-12 1.4707e-12 -2.2714e-12 3.9869e-12 6.8808e-12 3.6881e-12 7.0667e-12 -8.1294e-13 2.854e-13 4.8342e-13 1.878e-12 6.4534e-12 -5.6094e-13 -5.0469e-13 9.3405e-14 3.0046e-12 -1.7298e-12 9.8904e-13 1.1053e-12 -1.833e-12 3.1866e-12 1.2409e-12 -2.114e-12 -2.7863e-12 3.5361e-12 -1.3675e-12 1.3924e-12 2.0917e-13 2.5313e-13 -1.1569e-12 -2.0705e-12 -2.029e-12 8.278e-15 8.6556e-13 3.1248e-12 1.8575e-13 4.8781e-13 -1.6527e-12 -3.7528e-12 -1.0823e-12 -1.556e-12 -2.6078e-13 -3.4618e-15 1.2108e-14 -1.052e-12 7.0558e-14 7.5924e-14 6.0573e-14 -3.2255e-13 8.7395e-14 -5.4019e-14 1.9234e-14 -2.4089e-15
4.8718e-12 1.0147e-11 1.6809e-12 2.5553e-12 -8.1777e-13 6.4018e-12 2.0367e-12 2.5968e-11 -3.755e-12 3.9101e-12 3.1028e-12 4.6794e-12 -2.3989e-12 6.8843e-12 5.9355e-12 -3.3054e-12 2.9559e-12 5.7463e-12 6.1467e-12 4.4359e-12 -1.8504e-13 8.0985e-12 1.3966e-11 2.8643e-12 -1.335e-12 3.2982e-12 6.8483e-12 2.6644e-12 1.7974e-12 3.3018e-13 6.3128e-12 2.5631e-12 7.0118e-12 6.5355e-12 5.5377e-12 6.9788e-12 -1.6286e-12 1.2905e-12 -7.53e-13 -2.5259e-12 -1.0314e-12 4.5901e-13 -2.1679e-13 -1.0976e-12 9.7241e-13 1.7267e-12 1.6385e-12 8.2468e-13 -1.8887e-12 -1.2986e-12 7.924e-13 1.6923e-12 3.529e-13 2.9482e-13 3.4929e-13 5.5083e-13 -2.4788e-12 3.1065e-13 1.4626e-12 2.2707e-12 1.4147e-12 1.9195e-12 1.071e-12 -4.8546e-13 -8.2285e-13 -1.075e-12 4.5107e-13 1.8071e-13 6.5924e-13 4.9128e-13 7.4694e-13 -3.1102e-13 7.7785e-14 3.1153e-13 -2.7521e-14 -6.1696e-14 -2.8074e-14 -3.3471e-15 1.0512e-14
-9.5831e-13 -6.151e-12 -2.1166e-12 3.7607e-12 8.461e-12 -2.2918e-12 5.7453e-12 -3.755e-12 3.2153e-11 5.2918e-12 1.2068e-12 5.7641e-12 1.0154e-11 1.0527e-11 2.4246e-12 5.7275e-12 -1.0151e-12 1.0874e-11 5.4199e-12 1.2227e-11 9.0115e-12 1.1108e-11 5.9182e-12 7.5245e-12 8.5187e-12 3.0389e-12 7.4802e-13 6.7389e-12 5.6705e-12 5.413e-12 4.2212e-12 3.325e-12 7.5423e-13 -1.1827e-12 -4.7319e-13 1.3993e-12 4.5684e-12 2.6986e-12 2.3717e-12 4.788e-12 1.3985e-12 5.2979e-12 -5.9054e-13 -9.444e-13 1.5941e-12 -1.9058e-12 2.0657e-12 -9.0827e-13 -2.3507e-12 -7.5378e-13 3.1303e-12 -7.8998e-13 -2.3127e-12 -2.8311e-12 3.8384e-13 -1.0203e-12 -1.8022e-13 -1.8225e-12 1.4901e-13 -1.658e-12 -4.8819e-13 2.5364e-13 1.4856e-12 -2.012e-12 -1.4303e-13 -8.5246e-13 -2.5666e-12 -1.2476e-13 7.3104e-14 3.2291e-13 -9.5288e-13 -5.1819e-13 -4.1499e-13 -5.0129e-13 2.9682e-16 -2.228e-13 -6.5078e-15 -7.2414e-15 3.5835e-14
-2.9614e-12 -6.847e-12 -1.8895e-12 8.2458e-14 6.5605e-12 6.5899e-12 5.2905e-13 3.9101e-12 5.2918e-12 2.3758e-11 -4.2378e-12 3.1e-12 1.2061e-12 5.158e-12 7.0466e-12 8.5884e-12 5.5884e-12 -4.9193e-13 8.8155e-13 7.5552e-12 2.0334e-12 -2.2268e-12 7.4174e-12 -1.8479e-12 7.2864e-12 1.4841e-12 5.8137e-12 4.6699e-12 8.2388e-13 4.8981e-12 -7.5328e-13 1.1351e-12 1.4513e-12 2.7629e-12 1.3982e-12 3.5652e-12 2.5161e-12 6.9494e-13 1.3675e-13 2.5968e-12 -7.1973e-12 -2.1162e-13 9.7241e-13 5.0494e-13 -2.8752e-12 -3.3393e-13 3.2396e-12 1.9677e-12 -3.0756e-12 8.4457e-13 2.812e-13 9.8456e-13 -1.4662e-12 -2.7896e-12 2.465e-12 -4.0007e-12 1.0217e-12 -1.244e-12 5.4746e-13 -9.6038e-13 -2.0866e-12 1.1125e-12 1.7479e-12 -6.9183e-13 -3.673e-13 9.2511e-13 -1.9885e-12 -4.0144e-13 6.2655e-14 8.8564e-14 2.3226e-13 -6.6878e-13 7.6432e-13 -3.2405e-13 1.953e-13 -1.7646e-13 -1.0229e-14 -3.974e-15 5.6822e-15
1.0399e-11 1.3564e-12 2.3984e-13 3.8261e-12 -3.9921e-12 2.2885e-12 1.0011e-11 3.1028e-12 1.2068e-12 -4.2378e-12 4.096e-11 9.2701e-12 2.4412e-13 8.1693e-12 3.3929e-12 3.1497e-12 -5.0122e-13 6.6711e-12 5.9962e-12 3.1495e-12 5.6572e-12 1.3511e-11 3.0145e-12 -2.2327e-12 7.9308e-12 1.9309e-12 1.0464e-11 6.2173e-12 4.7475e-12 2.9534e-12 7.4137e-12 1.0046e-13 -9.0207e-13 5.5798e-13 2.0099e-12 -1.8146e-12 5.5998e-12 9.1115e-12 -1.8101e-12 -1.8657e-12 5.4738e-12 -1.6592e-12 2.1758e-12 8.6999e-12 4.3011e-12 1.1676e-12 9.058e-13 3.285e-12 -2.795e-12 7.7957e-14 -2.8332e-13 -5.397e-13 1.0157e-12 2.9786e-12 -8.5423e-13 -6.6277e-13 1.1188e-12 -2.2738e-12 6.254e-13 8.6452e-13 6.3775e-13 3.3701e-13 1.1141e-12 7.9082e-13 -1.9313e-12 -5.8349e-13 6.8517e-13 1.6028e-14 7.8575e-13 5.0604e-14 4.3651e-13 -2.3956e-13 -4.7464e-13 -7.8856e-13 -1.5677e-13 1.414e-13 -2.3561e-14 1.6896e-14 -1.7722e-14
-2.6955e-12 2.6787e-12 5.2358e-12 8.538e-12 6.2527e-12 5.6481e-12 1.2753e-11 4.6794e-12 5.7641e-12 3.1e-12 9.2701e-12 2.738e-11 5.3251e-12 4.2631e-12 -1.4689e-13 4.9145e-12 6.875e-12 2.6339e-12 8.6654e-12 5.8046e-12 1.7661e-12 8.8196e-12 9.0471e-12 6.1482e-12 4.3245e-12 1.0264e-11 1.0122e-11 4.7865e-12 1.7147e-12 6.615e-12 3.6437e-12 4.0758e-12 1.942e-12 2.5914e-12 4.8998e-12 3.5812e-12 -1.723e-12 1.2241e-12 4.4951e-12 -3.7187e-14 3.4319e-12 -3.8934e-12 -3.7878e-13 -5.1792e-13 -2.0239e-12 7.1543e-13 -8.319e-13 1.6912e-13 8.6968e-13 -1.2087e-12 3.824e-12 -1.4708e-12 -1.743e-12 -5.5665e-13 2.6188e-13 1.0107e-12 9.6548e-13 -1.6624e-12 1.5875e-12 4.3701e-13 -7.3064e-13 6.2866e-13 8.9552e-13 -1.7152e-12 -2.5227e-12 8.1482e-13 -2.4664e-12 1.3992e-13 -9.4552e-13 2.5159e-13 2.0339e-13 -2.8076e-13 1.893e-13 -5.2158e-13 -2.2931e-14 -5.1329e-14 -1.2235e-14 1.3911e-14 1.8389e-14
-7.7187e-12 -5.1123e-13 -2.8873e-12 4.7614e-12 6.9145e-12 2.1587e-13 -1.9145e-13 -2.3989e-12 1.0154e-11 1.2061e-12 2.4412e-13 5.3251e-12 3.0565e-11 1.1032e-11 7.2065e-12 6.6916e-12 5.0333e-12 4.5929e-12 3.9487e-12 7.8091e-12 4.3218e-12 8.8518e-12 1.2395e-11 1.0865e-11 8.2964e-12 2.0628e-12 -3.387e-13 1.2016e-12 9.9123e-13 7.5587e-12 2.0342e-13 4.5335e-12 -4.2645e-12 3.1617e-12 1.6885e-12 -2.2774e-12 -1.4414e-12 1.2571e-12 2.2209e-12 -2.0082e-12 -2.6254e-12 3.2396e-12 -2.2108e-12 -1.4653e-12 3.2671e-13 -8.2394e-13 -3.2073e-12 -3.9863e-13 2.5502e-12 -1.7173e-12 1.2459e-12 1.0687e-12 -1.046e-12 -2.2547e-12 -9.251e-13 -1.676e-12 6.1045e-14 6.8511e-13 2.4683e-13 -8.1444e-13 1.072e-12 -9.509e-14 4.4575e-13 -1.9051e-12 9.275e-13 3.8652e-13 3.4457e-13 7.4083e-13 3.4419e-13 7.7035e-14 2.4511e-13 -9.7769e-14 -2.2721e-13 -4.4236e-13 -1.269e-13 2.1378e-14 2.462e-14 1.9576e-14 6.2624e-15
3.3393e-12 2.3878e-12 1.4609e-13 3.8948e-12 6.9181e-12 5.7428e-12 6.8208e-12 6.8843e-12 1.0527e-11 5.158e-12 8.1693e-12 4.2631e-12 1.1032e-11 2.4553e-11 1.2494e-11 5.7486e-12 7.0506e-12 1.0482e-11 4.9984e-12 8.8807e-12 7.9116e-12 1.3574e-11 1.2092e-11 4.5449e-12 8.855e-12 2.5072e-12 5.4482e-12 7.4322e-12 5.6691e-12 5.285e-12 2.7378e-12 5.7908e-12 1.0613e-12 8.9987e-12 8.4766e-13 1.5265e-12 1.2683e-12 7.1334e-12 -5.3698e-13 1.0791e-12 -3.0435e-12 5.474e-12 4.037e-13 2.0181e-12 2.9503e-12 1.2503e-12 1.2681e-12 2.855e-12 1.354e-13 -1.5791e-12 7.4346e-13 -5.1689e-13 1.9953e-13 -4.9803e-13 1.0685e-12 -1.6998e-12 -1.3882e-12 2.7607e-13 1.039e-12 -3.9143e-12 6.947e-13 1.3054e-12 6.3558e-13 3.1519e-13 -1.1082e-12 -4.9398e-13 -1.7084e-12 -3.3105e-13 1.3587e-12 6.6863e-13 7.7074e-13 -6.1261e-13 8.5647e-14 -4.2424e-13 6.8792e-14 -1.6579e-13 -2.1449e-14 1.907e-14 -3.908e-14
-6.7921e-12 4.0175e-12 -2.2584e-12 9.6956e-13 1.8267e-12 -4.3463e-12 -8.4068e-12 5.9355e-12 2.4246e-12 7.0466e-12 3.3929e-12 -1.4689e-13 7.2065e-12 1.2494e-11 2.5431e-11 6.0838e-13 3.6216e-12 3.8383e-12 4.8353e-12 9.9233e-12 5.364e-12 1.2575e-11 5.1603e-12 3.1949e-12 3.4207e-12 3.6972e-12 4.592e-12 5.8005e-12 3.0298e-12 7.0122e-12 1.4075e-12 1.0186e-12 -8.3349e-13 8.8228e-12 6.4957e-13 2.0565e-14 -8.2766e-13 1.7763e-12 -3.5151e-13 -4.6708e-13 -2.149e-12 3.264e-12 6.0609e-13 6.1402e-13 2.0043e-12 2.9486e-12 3.805e-13 1.8386e-13 1.1637e-12 1.0592e-12 -5.325e-13 4.9086e-12 -3.8804e-14 4.365e-13 -4.6073e-13 -3.7715e-12 9.6781e-13 -4.1814e-13 2.4203e-12 -2.0286e-12 -2.4995e-12 1.4401e-12 -1.3064e-12 7.261e-13 5.3277e-14 1.1127e-12 -2.2357e-14 6.2967e-13 3.3896e-13 9.25e-13 1.7296e-12 -3.1919e-14 4.4274e-14 -6.701e-13 7.4094e-14 -7.7333e-14 -1.9726e-14 5.0863e-14 -2.8237e-14
8.8007e-12 -1.2717e-11 -7.2734e-12 5.4608e-12 1.1917e-11 5.1033e-12 6.5525e-12 -3.3054e-12 5.7275e-12 8.5884e-12 3.1497e-12 4.9145e-12 6.6916e-12 5.7486e-12 6.0838e-13 2.8932e-11 -6.0552e-13 2.2884e-12 9.7464e-12 1.1138e-11 7.0379e-12 5.9541e-12 3.7235e-12 -1.8779e-12 6.7339e-12 4.7995e-12 3.3881e-12 7.3131e-12 2.0622e-12 6.1049e-12 4.7643e-12 5.772e-12 -1.7646e-13 1.1234e-12 8.1805e-13 6.2276e-13 2.8251e-13 3.2894e-12 1.0027e-13 1.9716e-12 1.7901e-13 -1.9174e-12 2.3134e-12 2.5458e-12 -2.3262e-12 4.2959e-12 -4.7443e-13 2.6391e-12 -9.8917e-13 1.6417e-12 1.9897e-13 -2.2202e-12 -3.799e-12 -2.1426e-12 1.325e-12 -2.66e-12 7.0469e-13 -1.1243e-12 2.1709e-13 -2.5178e-12 -1.4177e-14 -9.592e-13 2.9589e-12 -2.475e-13 -7.5243e-13 -2.19e-13 -3.1736e-13 7.5374e-14 -1.5504e-12 -1.9532e-13 -3.8754e-13 -6.3814e-13 5.1166e-13 -6.9133e-13 4.2091e-14 -3.0343e-14 -1.8361e-14 -3.0707e-14 -3.7362e-14
2.5612e-12 6.9801e-12 3.9618e-12 6.2947e-12 2.2902e-12 8.7501e-12 9.6583e-13 2.9559e-12 -1.0151e-12 5.5884e-12 -5.0122e-13 6.875e-12 5.0333e-12 7.0506e-12 3.6216e-12 -6.0552e-13 2.6899e-11 2.7974e-12 6.0142e-12 1.2269e-12 3.3046e-12 3.9002e-12 6.6763e-12 6.7209e-12 6.2657e-12 3.7938e-12 4.8923e-12 1.3919e-12 2.0659e-12 7.9641e-13 1.3468e-12 4.9278e-12 -3.9858e-12 8.1606e-12 1.3619e-12 -1.1827e-12 2.0338e-12 -4.8104e-13 1.0782e-12 2.0661e-13 -4.1308e-12 4.0003e-12 -1.5132e-13 1.715e-12 -2.7407e-12 4.9232e-13 -1.1907e-13 1.6471e-12 2.8031e-13 -1.9323e-12 -1.5577e-12 -1.6503e-12 1.5076e-12 3.3976e-12 2.1252e-12 1.7766e-12 -7.5665e-13 3.6076e-13 -9.7881e-13 -2.4074e-12 6.6709e-13 4.6153e-13 4.6692e-13 2.5759e-12 -1.6763e-13 2.1397e-12 -1.7593e-12 -1.291e-13 -4.5319e-13 2.9743e-13 3.8242e-13 8.6456e-15 3.5976e-13 9.2441e-14 -2.7411e-14 -1.4684e-13 -3.0817e-14 9.0596e-15 -2.1927e-14
-1.157e-12 -5.77e-12 -3.845e-12 1.1679e-12 -4.8016e-12 1.4605e-12 4.6351e-12 5.7463e-12 1.0874e-11 -4.9193e-13 6.6711e-12 2.6339e-12 4.5929e-12 1.0482e-11 3.8383e-12 2.2884e-12 2.7974e-12 3.0861e-11 7.1766e-12 8.2383e-12 7.4303e-12 1.7062e-11 9.5672e-12 1.2168e-11 9.5191e-12 8.4163e-12 2.2395e-12 2.8061e-12 5.3452e-12 3.7513e-12 1.0811e-11 7.8654e-12 2.1701e-12 5.262e-12 2.9039e-12 4.6182e-12 6.0883e-12 4.9229e-13 -2.2602e-13 6.3781e-13 2.1816e-12 2.5974e-12 -1.0645e-12 -1.1567e-13 -5.0405e-13 8.6852e-13 -2.7199e-13 1.1518e-12 -1.5205e-12 -2.8902e-12 -6.6796e-13 -2.1646e-12 -2.1347e-12 -3.9501e-13 -1.8979e-12 8.3172e-13 -2.1407e-12 -3.0175e-12 -2.2952e-13 -1.9529e-12 2.5657e-14 -5.9266e-13 -1.3318e-12 -1.2416e-12 -2.2815e-12 -6.9756e-15 1.1646e-12 -1.1956e-12 3.9886e-13 1.0863e-12 5.5262e-13 -6.6769e-14 1.7432e-13 -1.0728e-13 1.2003e-13 -4.9233e-15 1.0119e-14 -2.0091e-15 -6.4107e-15
-5.2147e-13 4.3205e-12 -4.2814e-12 1.1359e-11 3.6591e-12 3.2354e-12 2.0567e-12 6.1467e-12 5.4199e-12 8.8155e-13 5.9962e-12 8.6654e-12 3.9487e-12 4.9984e-12 4.8353e-12 9.7464e-12 6.0142e-12 7.1766e-12 2.2666e-11 6.4292e-12 8.2752e-12 1.1897e-11 6.0808e-12 7.2717e-12 4.3999e-13 6.5864e-12 5.5916e-12 8.7599e-12 3.1428e-12 3.6794e-12 6.368e-12 5.7172e-12 2.5797e-13 5.0213e-12 2.225e-12 1.8149e-12 2.5688e-12 7.804e-13 1.5347e-12 -1.3927e-12 -9.958e-13 -1.8836e-12 -1.1908e-12 -9.0482e-14 -9.4771e-13 2.1333e-12 -2.0092e-12 -4.6561e-13 -3.2302e-12 -2.3289e-12 2.8322e-12 -6.3481e-13 -4.27e-13 -2.5133e-12 9.5628e-13 -1.5735e-12 -2.4535e-12 -1.1779e-12 8.2907e-13 -2.1045e-12 -9.0334e-13 6.1434e-13 9.0506e-13 4.1819e-13 -1.3451e-12 -1.0127e-12 -1.5786e-14 -6.2852e-14 -1.6297e-12 7.9533e-13 5.7111e-13 5.4892e-14 -1.4857e-13 -4.4502e-13 -1.178e-13 -1.3374e-13 -5.3877e-14 -2.9049e-14 4.2513e-15
2.5949e-12 -7.0669e-13 -2.424e-12 5.7896e-12 6.6906e-12 4.8672e-12 -4.0367e-13 4.4359e-12 1.2227e-11 7.5552e-12 3.1495e-12 5.8046e-12 7.8091e-12 8.8807e-12 9.9233e-12 1.1138e-11 1.2269e-12 8.2383e-12 6.4292e-12 2.4684e-11 8.0179e-12 1.2931e-11 1.0548e-11 5.4488e-12 4.1879e-12 5.2829e-12 4.2052e-12 7.7834e-12 5.3407e-12 7.1335e-12 5.8853e-12 5.3747e-12 2.5632e-12 4.0958e-12 2.3351e-12 2.8256e-12 -1.5384e-13 5.3451e-12 3.523e-12 3.6711e-12 5.8357e-12 2.0017e-12 1.6543e-12 -3.5543e-13 -2.2005e-12 2.5621e-12 1.2068e-12 1.4992e-12 -5.5288e-13 1.5241e-12 2.0711e-12 1.2244e-12 -3.1654e-12 -8.0692e-13 4.3235e-13 -4.0579e-12 -5.6504e-13 -1.4451e-12 1.0867e-12 -2.5789e-13 -3.2394e-13 -1.3087e-13 7.9365e-13 -2.6527e-13 -4.6727e-13 1.2682e-12 -2.661e-13 -7.3773e-13 -3.8022e-13 2.072e-13 4.9408e-13 -7.7815e-13 4.5172e-13 -8.8877e-13 -1.9199e-15 -1.1935e-13 2.795e-15 -3.2341e-15 -3.2445e-15
9.6492e-13 -1.0642e-12 -6.0498e-13 2.3755e-12 2.0147e-12 -3.5824e-13 1.4106e-13 -1.8504e-13 9.0115e-12 2.0334e-12 5.6572e-12 1.7661e-12 4.3218e-12 7.9116e-12 5.364e-12 7.0379e-12 3.3046e-12 7.4303e-12 8.2752e-12 8.0179e-12 1.6874e-11 1.104e-11 7.4433e-12 4.7117e-12 2.0137e-12 5.2083e-12 4.2135e-12 5.9124e-12 5.9808e-12 3.4697e-12 3.5905e-12 3.4014e-12 2.306e-12 4.9738e-12 2.9717e-12 8.3741e-13 6.3264e-12 4.1267e-12 4.7705e-13 -3.4983e-13 -1.466e-12 1.2159e-12 -2.6892e-12 -4.1581e-13 1.3632e-12 3.1089e-13 -5.8273e-13 -8.5049e-13 -1.8649e-12 -5.1215e-13 1.8927e-12 -1.8756e-12 -1.0317e-12 -2.8784e-12 -4.0031e-13 -6.1253e-13 -1.4271e-13 -1.282e-13 -2.3588e-13 -1.7074e-12 -8.0785e-13 -7.885e-13 1.4656e-12 1.4478e-13 2.6933e-13 -2.0614e-12 1.609e-13 1.0919e-12 -2.6981e-13 6.3179e-13 8.9774e-14 -2.5093e-14 3.1463e-13 -6.1213e-13 9.4675e-14 1.4574e-14 -4.8903e-14 2.3645e-15 -2.7543e-14
4.8672e-12 2.3241e-12 -3.554e-12 8.3408e-12 2.4718e-12 -2.3655e-12 8.5264e-12 8.0985e-12 1.1108e-11 -2.2268e-12 1.3511e-11 8.8196e-12 8.8518e-12 1.3574e-11 1.2575e-11 5.9541e-12 3.9002e-12 1.7062e-11 1.1897e-11 1.2931e-11 1.104e-11 4.0146e-11 1.4192e-11 1.2739e-11 1.0336e-11 9.1415e-12 8.3475e-12 8.1959e-12 2.5909e-12 7.2481e-12 1.2178e-11 8.9144e-12 2.7918e-12 7.1621e-12 6.4041e-12 -2.9065e-13 -5.6199e-13 4.4391e-12 7.7149e-13 2.028e-12 5.0289e-12 3.5226e-12 6.5177e-13 1.0124e-12 5.73e-13 -5.568e-13 1.6443e-12 -3.4784e-14 1.1524e-13 2.6374e-12 2.9712e-13 3.3055e-13 -1.1496e-12 1.7436e-12 -2.1609e-12 7.2225e-13 1.1838e-12 -2.0957e-12 -8.0643e-13 -6.872e-13 6.9114e-15 4.0571e-13 1.5395e-14 1.9079e-14 -4.0051e-13 -1.0867e-12 5.985e-13 6.2474e-13 2.0397e-13 1.2142e-12 8.3643e-13 -3.8076e-13 -2.1559e-13 -1.0088e-12 -2.978e-13 6.8534e-14 -5.6265e-14 4.9609e-14 -1.1419e-14
4.4187e-13 3.9254e-12 3.6219e-12 1.0256e-12 5.4709e-12 6.6663e-12 1.1027e-11 1.3966e-11 5.9182e-12 7.4174e-12 3.0145e-12 9.0471e-12 1.2395e-11 1.2092e-11 5.1603e-12 3.7235e-12 6.6763e-12 9.5672e-12 6.0808e-12 1.0548e-11 7.4433e-12 1.4192e-11 3.0884e-11 1.1843e-11 4.5189e-12 9.1232e-12 1.0241e-11 4.6356e-12 3.2306e-12 1.9645e-12 4.7247e-12 6.0216e-12 6.1313e-12 1.0232e-11 7.5594e-12 6.0346e-12 1.7951e-12 6.2532e-12 1.5987e-12 -2.3304e-12 -2.5285e-12 2.884e-12 -1.5124e-12 -1.6499e-12 -5.5078e-13 -7.7988e-13 5.5138e-13 3.7871e-13 7.6086e-13 -2.1236e-12 9.5976e-13 1.4121e-12 -6.1239e-13 -4.927e-12 9.9358e-13 -7.8764e-13 -2.2203e-12 1.0971e-13 -1.0477e-12 4.02e-13 2.5331e-12 3.1959e-13 1.059e-12 -1.9221e-12 1.4047e-13 -1.9792e-12 3.8183e-13 -2.2362e-13 4.8649e-13 2.8981e-13 5.1977e-13 -1.717e-13 3.6102e-13 -5.6117e-13 -1.8875e-13 -2.4651e-14 -2.5859e-14 -8.9836e-15 -8.0572e-15
-1.0116e-11 1.1887e-12 -1.8553e-12 4.2607e-12 -8.3518e-13 -1.8784e-12 2.1285e-12 2.8643e-12 7.5245e-12 -1.8479e-12 -2.2327e-12 6.1482e-12 1.0865e-11 4.5449e-12 3.1949e-12 -1.8779e-12 6.7209e-12 1.2168e-11 7.2717e-12 5.4488e-12 4.7117e-12 1.2739e-11 1.1843e-11 2.3841e-11 7.6534e-13 6.73e-12 4.8591e-12 2.5533e-12 2.0018e-12 4.967e-12 7.3474e-12 5.8269e-12 8.8682e-13 2.91e-12 1.7431e-12 8.7044e-13 2.1905e-12 1.2064e-12 5.076e-12 -1.0426e-12 1.0191e-12 3.7883e-12 -3.5158e-12 -1.3251e-12 -1.3272e-12 -1.2411e-12 -3.3766e-12 -1.4448e-12 -3.5155e-13 -3.3102e-12 4.6489e-13 -7.7825e-13 -1.2954e-12 -1.4506e-12 -2.4478e-12 2.0925e-12 -2.5158e-12 -2.0757e-12 -5.0457e-13 -1.3501e-12 3.3295e-13 4.0369e-13 -8.4507e-13 -1.5803e-12 2.8279e-13 -1.4759e-13 -1.0636e-13 -1.1532e-12 -4.2457e-13 5.3994e-13 6.3654e-13 5.1016e-13 -1.0592e-13 4.8328e-14 5.3156e-14 2.6091e-14 7.0258e-15 2.9417e-14 2.5705e-14
3.5002e-12 -9.1938e-12 -3.8329e-12 2.6687e-12 2.0823e-12 4.5581e-12 1.1743e-11 -1.335e-12 8.5187e-12 7.2864e-12 7.9308e-12 4.3245e-12 8.2964e-12 8.855e-12 3.4207e-12 6.7339e-12 6.2657e-12 9.5191e-12 4.3999e-13 4.1879e-12 2.0137e-12 1.0336e-11 4.5189e-12 7.6534e-13 3.0956e-11 2.2046e-12 2.3062e-12 2.6267e-12 2.4272e-13 5.6944e-12 6.7847e-13 4.8864e-12 8.3023e-14 5.3568e-12 -2.3354e-12 -3.9275e-12 5.0078e-12 1.833e-12 -1.4585e-12 -6.0024e-13 -3.6657e-12 3.0794e-12 -7.4577e-13 2.4158e-12 -7.5823e-13 -3.5048e-13 1.6121e-12 1.2343e-12 -3.8924e-13 1.1504e-12 1.5093e-12 2.2261e-12 -9.8812e-13 2.3952e-12 7.5413e-13 -2.0226e-12 1.2974e-13 -1.831e-12 -5.2565e-14 -1.3266e-13 1.4873e-13 -3.968e-13 1.8471e-12 5.3073e-13 -1.7532e-12 -3.9877e-13 -2.5771e-13 -3.3011e-13 4.4884e-13 -5.8527e-13 -1.1931e-13 -1.1508e-12 2.1251e-13 -3.3266e-13 8.4811e-14 -1.2636e-14 -5.2973e-14 4.2971e-14 -1.1143e-14
-1.7028e-12 -4.1154e-12 1.5849e-12 1.8758e-12 2.0949e-12 -4.9528e-13 7.2892e-12 3.2982e-12 3.0389e-12 1.4841e-12 1.9309e-12 1.0264e-11 2.0628e-12 2.5072e-12 3.6972e-12 4.7995e-12 3.7938e-12 8.4163e-12 6.5864e-12 5.2829e-12 5.2083e-12 9.1415e-12 9.1232e-12 6.73e-12 2.2046e-12 1.8403e-11 6.4009e-12 2.5929e-12 -4.2974e-13 1.738e-12 7.2433e-12 3.8242e-12 4.6619e-12 4.4503e-12 3.3619e-12 3.8197e-12 8.2204e-13 3.7395e-13 1.1717e-13 8.2853e-13 7.4449e-13 -1.3581e-12 9.8422e-14 -2.5635e-12 -3.4969e-12 -1.8885e-13 1.0581e-13 -1.8364e-12 -8.8251e-13 -2.3502e-12 2.0575e-12 3.2739e-13 6.908e-13 1.0486e-12 4.4347e-14 1.1475e-12 3.48e-13 -1.5227e-12 1.0251e-12 -1.8964e-12 -2.4746e-12 -1.1743e-12 -9.1008e-13 -1.937e-12 -1.4036e-12 7.8641e-14 2.4405e-13 3.0455e-13 -5.6216e-13 5.9332e-13 -4.229e-13 -1.5078e-13 8.9209e-13 -5.4696e-13 1.7974e-13 7.9947e-14 3.0098e-15 -2.5222e-15 -3.3781e-14
-3.6862e-13 -3.5806e-13 -1.9235e-13 4.2103e-12 6.682e-12 1.9792e-12 6.4584e-12 6.8483e-12 7.4802e-13 5.8137e-12 1.0464e-11 1.0122e-11 -3.387e-13 5.4482e-12 4.592e-12 3.3881e-12 4.8923e-12 2.2395e-12 5.5916e-12 4.2052e-12 4.2135e-12 8.3475e-12 1.0241e-11 4.8591e-12 2.3062e-12 6.4009e-12 1.9665e-11 3.3256e-12 1.3278e-12 2.8301e-12 5.6766e-12 1.9052e-12 6.4708e-12 2.0808e-12 4.4895e-12 5.928e-12 2.7609e-12 4.0599e-12 1.9394e-12 2.392e-13 -1.4482e-12 3.016e-13 2.4785e-12 1.1536e-12 -2.3346e-12 2.473e-13 1.4715e-12 3.5427e-12 -3.8782e-13 2.8874e-13 -1.343e-12 -3.5195e-13 1.9785e-12 4.4982e-13 1.6723e-12 -5.669e-13 1.0017e-12 -7.264e-13 -1.4017e-13 -6.9447e-13 4.6899e-13 -3.0394e-13 -2.7393e-14 -1.6705e-12 -1.5759e-12 -4.1467e-14 -1.2535e-12 -4.5771e-13 -1.1005e-13 1.0932e-12 2.9471e-13 -2.1822e-14 -1.521e-13 -4.1601e-13 -6.7735e-14 2.3843e-14 -3.6927e-14 9.496e-15 -1.7766e-14
5.5115e-12 1.2033e-12 -9.64e-13 1.1837e-12 3.828e-12 2.5726e-12 1.4707e-12 2.6644e-12 6.7389e-12 4.6699e-12 6.2173e-12 4.7865e-12 1.2016e-12 7.4322e-12 5.8005e-12 7.3131e-12 1.3919e-12 2.8061e-12 8.7599e-12 7.7834e-12 5.9124e-12 8.1959e-12 4.6356e-12 2.5533e-12 2.6267e-12 2.5929e-12 3.3256e-12 1.3186e-11 4.0347e-12 3.761e-12 9.6499e-13 5.9078e-12 1.2266e-12 3.3218e-12 -6.9068e-13 -4.6955e-15 2.7525e-12 4.9341e-12 7.2649e-13 2.7403e-12 -9.4942e-13 1.1281e-12 -8.2561e-13 3.0624e-12 5.9562e-13 1.4251e-12 1.3531e-12 1.6595e-12 -1.9876e-12 6.4856e-13 1.4438e-12 1.0822e-12 2.5828e-13 -1.2383e-12 5.8435e-14 -1.8473e-12 -4.2154e-13 3.5625e-13 4.8291e-13 -1.4844e-12 -1.3999e-12 8.8178e-13 1.0731e-12 7.3325e-13 -5.5658e-13 -9.5347e-13 -9.3912e-13 -8.6964e-13 -2.4221e-13 3.7943e-13 2.052e-13 -6.4901e-14 1.4907e-13 -5.057e-13 1.415e-13 -1.1683e-13 -2.3453e-14 6.0413e-15 -2.0556e-14
-1.9606e-12 3.5083e-14 1.0876e-13 -3.6711e-12 -6.9738e-13 4.5019e-12 -2.2714e-12 1.7974e-12 5.6705e-12 8.2388e-13 4.7475e-12 1.7147e-12 9.9123e-13 5.6691e-12 3.0298e-12 2.0622e-12 2.0659e-12 5.3452e-12 3.1428e-12 5.3407e-12 5.9808e-12 2.5909e-12 3.2306e-12 2.0018e-12 2.4272e-13 -4.2974e-13 1.3278e-12 4.0347e-12 1.8222e-11 6.9793e-12 -5.6683e-13 4.1079e-12 -2.3773e-12 4.7502e-12 2.8336e-12 3.4034e-12 3.9487e-12 3.61e-12 1.8202e-12 7.1515e-13 1.1032e-12 8.2507e-13 -1.7208e-13 3.2472e-12 1.516e-12 3.2311e-12 -7.5227e-14 -7.5914e-13 -1.1802e-12 -4.0266e-12 -5.7613e-13 7.2798e-13 -1.6392e-12 4.4384e-13 -4.3621e-13 1.7666e-12 -2.5674e-13 1.5595e-12 -1.0495e-12 -3.4735e-13 5.7496e-13 -5.6441e-13 1.227e-12 1.0278e-12 -1.4285e-13 -1.9975e-12 -2.3979e-12 4.5658e-13 2.2637e-14 1.7031e-13 3.8919e-13 -4.1804e-13 8.9331e-14 -2.253e-14 -8.6548e-14 -1.4969e-13 2.4539e-15 1.641e-14 -2.7402e-14
-6.9057e-12 -1.3328e-12 -3.9298e-12 2.8864e-12 2.3825e-12 -1.1665e-12 3.9869e-12 3.3018e-13 5.413e-12 4.8981e-12 2.9534e-12 6.615e-12 7.5587e-12 5.285e-12 7.0122e-12 6.1049e-12 7.9641e-13 3.7513e-12 3.6794e-12 7.1335e-12 3.4697e-12 7.2481e-12 1.9645e-12 4.967e-12 5.6944e-12 1.738e-12 2.8301e-12 3.761e-12 6.9793e-12 1.4283e-11 2.848e-12 4.2064e-12 -4.2347e-13 2.3621e-14 1.5863e-12 -1.1629e-12 3.2197e-13 1.7809e-12 3.2282e-12 3.4081e-13 1.5903e-12 3.7084e-13 -4.971e-13 5.3324e-13 9.7096e-13 1.1211e-12 7.9374e-13 1.4455e-12 1.4817e-14 -1.4182e-12 1.5769e-12 1.0953e-13 -2.4003e-12 1.9597e-13 -1.8291e-12 -1.2389e-12 5.5391e-13 -1.9464e-12 -1.2851e-13 -4.1043e-13 -1.671e-13 5.035e-13 7.4376e-13 -4.1162e-13 -1.6623e-12 -3.7533e-13 -1.3845e-12 -3.6892e-13 -4.1793e-13 4.8665e-13 6.1595e-13 -2.7725e-13 1.442e-13 -6.7147e-14 4.104e-14 -1.9266e-15 -7.583e-16 5.0547e-14 5.1051e-17
4.7192e-12 -2.7887e-12 -5.3105e-12 4.8398e-12 6.1471e-13 -2.0906e-12 6.8808e-12 6.3128e-12 4.2212e-12 -7.5328e-13 7.4137e-12 3.6437e-12 2.0342e-13 2.7378e-12 1.4075e-12 4.7643e-12 1.3468e-12 1.0811e-11 6.368e-12 5.8853e-12 3.5905e-12 1.2178e-11 4.7247e-12 7.3474e-12 6.7847e-13 7.2433e-12 5.6766e-12 9.6499e-13 -5.6683e-13 2.848e-12 1.5497e-11 1.6628e-14 4.9432e-12 -1.2353e-12 2.9969e-12 1.5031e-12 2.4259e-12 2.1153e-12 5.3721e-14 1.3697e-12 3.6737e-12 9.5095e-13 2.256e-12 2.0585e-12 -1.1052e-12 -1.3772e-12 1.9018e-12 1.1717e-12 -1.1089e-12 -7.3762e-13 -1.6823e-13 -6.4461e-13 -6.2074e-13 1.8225e-12 -1.2661e-12 8.9344e-13 -1.7389e-12 -4.2734e-12 9.4859e-14 -4.9083e-13 1.4319e-15 4.0814e-13 2.3154e-13 -1.3514e-12 -1.4011e-12 7.6721e-13 3.1881e-14 -4.2418e-13 -3.0773e-13 7.0241e-13 1.0307e-13 9.0121e-14 6.2854e-14 -3.0844e-13 -5.5793e-14 2.2154e-14 -2.3484e-14 6.7113e-16 1.0078e-15
4.118e-13 3.0666e-12 2.774e-12 2.4953e-12 4.9987e-12 6.1128e-12 3.6881e-12 2.5631e-12 3.325e-12 1.1351e-12 1.0046e-13 4.0758e-12 4.5335e-12 5.7908e-12 1.0186e-12 5.772e-12 4.9278e-12 7.8654e-12 5.7172e-12 5.3747e-12 3.4014e-12 8.9144e-12 6.0216e-12 5.8269e-12 4.8864e-12 3.8242e-12 1.9052e-12 5.9078e-12 4.1079e-12 4.2064e-12 1.6628e-14 1.5815e-11 4.6334e-14 4.71e-12 1.6501e-12 2.9533e-12 -9.8507e-13 2.6052e-12 1.6594e-12 9.7644e-13 2.1406e-13 2.1054e-12 -1.0361e-12 1.5541e-12 -9.995e-13 2.3464e-12 -1.1353e-12 2.6116e-12 -1.618e-12 -4.5551e-13 -7.126e-13 -1.5113e-12 8.2362e-13 7.7434e-13 -5.3914e-13 -8.3434e-13 -9.8917e-14 1.2023e-12 -2.5619e-12 3.4501e-13 -2.5219e-13 -5.1036e-13 5.2644e-13 1.0879e-12 -4.7073e-13 -4.8284e-13 6.1231e-13 -2.5997e-13 -4.9915e-13 2.268e-13 -5.2032e-13 -4.9332e-14 1.4215e-13 -3.6018e-14 1.0198e-13 -5.7755e-14 1.1865e-14 9.4045e-15 -2.1189e-14
4.5989e-12 2.3985e-12 1.4916e-12 -3.6214e-13 2.6571e-12 -2.4936e-12 7.0667e-12 7.0118e-12 7.5423e-13 1.4513e-12 -9.0207e-13 1.942e-12 -4.2645e-12 1.0613e-12 -8.3349e-13 -1.7646e-13 -3.9858e-12 2.1701e-12 2.5797e-13 2.5632e-12 2.306e-12 2.7918e-12 6.1313e-12 8.8682e-13 8.3023e-14 4.6619e-12 6.4708e-12 1.2266e-12 -2.3773e-12 -4.2347e-13 4.9432e-12 4.6334e-14 1.2593e-11 -2.3076e-12 3.0959e-12 4.558e-12 1.2586e-12 2.5809e-12 1.0795e-12 9.8963e-13 -8.8298e-13 1.1627e-12 -5.3842e-13 -3.5579e-13 -2.1804e-12 -2.4739e-12 1.9822e-12 -2.3173e-13 1.2377e-13 1.4641e-12 1.3662e-12 9.8538e-13 1.0673e-12 3.3627e-13 1.1364e-12 -1.7496e-12 -1.1101e-12 -1.0138e-12 5.4895e-13 6.4868e-13 -4.1722e-15 -1.4657e-13 -8.9777e-14 -1.4988e-12 -1.7966e-12 -1.3624e-12 8.084e-13 2.3162e-13 3.0738e-13 1.0201e-12 -4.6443e-13 8.7505e-14 2.9154e-13 -1.0301e-13 9.999e-14 4.813e-14 -2.5581e-14 -3.2039e-15 2.5595e-15
-1.2638e-12 2.0788e-12 -1.0344e-12 -1.7852e-12 1.4923e-12 5.2739e-12 -8.1294e-13 6.5355e-12 -1.1827e-12 2.7629e-12 5.5798e-13 2.5914e-12 3.1617e-12 8.9987e-12 8.8228e-12 1.1234e-12 8.1606e-12 5.262e-12 5.0213e-12 4.0958e-12 4.9738e-12 7.1621e-12 1.0232e-11 2.91e-12 5.3568e-12 4.4503e-12 2.0808e-12 3.3218e-12 4.7502e-12 2.3621e-14 -1.2353e-12 4.71e-12 -2.3076e-12 1.5978e-11 2.1691e-12 2.3042e-12 3.3497e-13 2.999e-12 -1.4253e-12 -2.3502e-12 -2.9306e-12 7.0354e-13 -1.3652e-12 -1.3726e-13 1.1028e-12 3.4486e-12 -9.1876e-13 -8.5483e-13 4.9883e-13 -1.9107e-12 1.0054e-12 8.4022e-13 1.051e-12 -3.0509e-13 -5.5127e-13 8.1636e-13 -1.0416e-13 1.1068e-12 5.0041e-13 -2.7855e-14 -4.1608e-13 1.0938e-12 2.7033e-13 2.1545e-12 1.0697e-12 -1.1822e-12 -1.0939e-12 4.7516e-13 1.5744e-13 -1.535e-13 1.1145e-12 -4.4021e-13 4.2655e-13 -3.7402e-13 6.4579e-14 -1.2962e-13 -3.6213e-14 -2.6315e-15 -2.621e-14
8.4297e-14 2.6332e-12 -1.8626e-13 8.6939e-13 8.6659e-13 1.7472e-13 2.854e-13 5.5377e-12 -4.7319e-13 1.3982e-12 2.0099e-12 4.8998e-12 1.6885e-12 8.4766e-13 6.4957e-13 8.1805e-13 1.3619e-12 2.9039e-12 2.225e-12 2.3351e-12 2.9717e-12 6.4041e-12 7.5594e-12 1.7431e-12 -2.3354e-12 3.3619e-12 4.4895e-12 -6.9068e-13 2.8336e-12 1.5863e-12 2.9969e-12 1.6501e-12 3.0959e-12 2.1691e-12 8.6797e-12 3.5428e-12 -3.713e-13 9.3419e-13 1.0486e-12 -9.1456e-13 2.1378e-12 -1.5255e-12 1.1827e-12 -6.9827e-13 -1.48e-12 -5.6147e-13 1.7318e-12 -8.6687e-13 1.7225e-12 -9.7355e-13 -1.0886e-12 -6.8023e-13 -5.092e-13 -3.671e-13 3.7463e-13 1.4939e-12 3.2902e-13 -1.611e-13 -4.3496e-13 1.4309e-12 6.4895e-14 3.0772e-14 -3.7653e-13 -5.5562e-13 -3.9262e-13 -1.2987e-12 2e-13 2.3229e-13 -4.2472e-14 7.1724e-13 4.5262e-13 -1.6414e-13 4.9788e-15 -2.7905e-13 -1.082e-13 -8.7923e-15 -7.9636e-16 -1.203e-14 1.6708e-14
-4.8297e-12 -5.2025e-13 1.3058e-13 -2.2974e-12 1.958e-12 1.7035e-12 4.8342e-13 6.9788e-12 1.3993e-12 3.5652e-12 -1.8146e-12 3.5812e-12 -2.2774e-12 1.5265e-12 2.0565e-14 6.2276e-13 -1.1827e-12 4.6182e-12 1.8149e-12 2.8256e-12 8.3741e-13 -2.9065e-13 6.0346e-12 8.7044e-13 -3.9275e-12 3.8197e-12 5.928e-12 -4.6955e-15 3.4034e-12 -1.1629e-12 1.5031e-12 2.9533e-12 4.558e-12 2.3042e-12 3.5428e-12 1.0377e-11 -5.2045e-13 1.7171e-13 1.1722e-12 1.0597e-12 -1.0527e-12 -3.2282e-13 2.9684e-13 4.5417e-13 -6.0567e-13 1.6361e-12 -1.7695e-13 3.1959e-13 -1.7803e-12 -3.7473e-13 -1.5352e-12 7.5975e-14 -8.2453e-14 -6.7253e-13 8.3138e-13 -1.4217e-13 1.2251e-13 3.0268e-13 7.323e-13 1.2297e-12 -3.4864e-13 -8.3374e-13 -3.1087e-13 -1.5899e-12 -5.7577e-13 -2.1017e-13 -4.8026e-13 4.4247e-13 1.197e-13 7.3894e-13 -2.2604e-13 -5.0774e-14 2.2239e-13 -1.2671e-13 3.464e-14 -8.6284e-14 9.1506e-15 -3.3065e-14 1.6799e-15
1.7431e-12 -4.999e-12 -1.6708e-12 -2.7608e-12 -2.4021e-12 -7.6187e-13 1.878e-12 -1.6286e-12 4.5684e-12 2.5161e-12 5.5998e-12 -1.723e-12 -1.4414e-12 1.2683e-12 -8.2766e-13 2.8251e-13 2.0338e-12 6.0883e-12 2.5688e-12 -1.5384e-13 6.3264e-12 -5.6199e-13 1.7951e-12 2.1905e-12 5.0078e-12 8.2204e-13 2.7609e-12 2.7525e-12 3.9487e-12 3.2197e-13 2.4259e-12 -9.8507e-13 1.2586e-12 3.3497e-13 -3.713e-13 -5.2045e-13 1.0252e-11 3.2243e-12 -1.3445e-12 -8.1648e-13 -3.4124e-12 2.1426e-12 -1.3944e-12 1.7856e-12 1.4867e-13 -8.2648e-13 7.8126e-13 -4.0723e-13 -1.7869e-12 -2.0572e-12 5.9037e-13 4.1219e-13 2.1835e-13 -1.3555e-12 4.836e-14 -6.1806e-13 -2.1622e-12 -7.6943e-13 1.3606e-13 -1.05e-12 4.9734e-13 -6.0431e-14 6.2291e-13 -2.724e-13 -5.1079e-13 -1.1608e-12 -1.081e-14 -5.005e-13 3.6691e-14 2.5499e-13 -2.4931e-13 1.7874e-13 -1.9328e-15 -1.579e-13 1.1786e-13 2.5816e-15 -2.6136e-14 -1.4223e-15 -1.2337e-14
5.0279e-12 5.526e-13 2.9796e-13 -1.3536e-12 3.2241e-12 8.5848e-13 6.4534e-12 1.2905e-12 2.6986e-12 6.9494e-13 9.1115e-12 1.2241e-12 1.2571e-12 7.1334e-12 1.7763e-12 3.2894e-12 -4.8104e-13 4.9229e-13 7.804e-13 5.3451e-12 4.1267e-12 4.4391e-12 6.2532e-12 1.2064e-12 1.833e-12 3.7395e-13 4.0599e-12 4.9341e-12 3.61e-12 1.7809e-12 2.1153e-12 2.6052e-12 2.5809e-12 2.999e-12 9.3419e-13 1.7171e-13 3.2243e-12 1.1692e-11 5.9934e-13 1.8102e-12 5.4707e-13 3.3191e-12 -1.4165e-12 3.2668e-12 9.0766e-13 4.0445e-13 3.3757e-13 1.2905e-12 -2.3598e-12 -2.9616e-13 6.3008e-13 2.2502e-13 1.0623e-12 -5.2896e-13 1.9229e-13 -1.9971e-12 -1.0243e-12 -2.3092e-13 4.8847e-13 -4.3074e-14 1.2598e-12 7.5866e-13 1.0635e-12 4.7574e-14 -9.4173e-13 -1.6456e-12 -5.4655e-13 -4.9795e-13 2.3858e-13 6.3527e-14 1.7312e-13 8.9524e-14 -3.2947e-14 -5.9806e-13 6.571e-14 -5.6817e-15 -1.7353e-14 -2.8446e-15 -1.6463e-14
-1.9282e-12 3.2719e-12 -2.8988e-13 1.5029e-12 3.5173e-13 7.4585e-15 -5.6094e-13 -7.53e-13 2.3717e-12 1.3675e-13 -1.8101e-12 4.4951e-12 2.2209e-12 -5.3698e-13 -3.5151e-13 1.0027e-13 1.0782e-12 -2.2602e-13 1.5347e-12 3.523e-12 4.7705e-13 7.7149e-13 1.5987e-12 5.076e-12 -1.4585e-12 1.1717e-13 1.9394e-12 7.2649e-13 1.8202e-12 3.2282e-12 5.3721e-14 1.6594e-12 1.0795e-12 -1.4253e-12 1.0486e-12 1.1722e-12 -1.3445e-12 5.9934e-13 6.9881e-12 1.0577e-12 2.6154e-12 4.0063e-13 -1.8423e-12 1.5507e-13 -1.6369e-12 4.756e-13 -2.218e-12 1.4482e-13 -9.24e-13 5.1495e-15 4.2097e-13 -5.7919e-13 -2.1771e-12 -8.2389e-13 4.5296e-13 3.4254e-13 2.8043e-13 -1.2256e-12 -2.4578e-13 1.097e-12 1.9289e-13 -6.8453e-13 2.599e-13 -5.4689e-13 -1.1951e-12 7.0039e-15 -6.3455e-13 -2.8839e-13 -5.1428e-13 4.0711e-13 9.2095e-14 1.3964e-13 -1.0126e-13 -3.5333e-13 -5.8841e-14 -1.2091e-13 1.0137e-14 1.204e-14 2.6341e-14
2.9785e-12 -1.145e-12 -1.6193e-12 -1.1352e-13 2.0439e-12 1.1699e-12 -5.0469e-13 -2.5259e-12 4.788e-12 2.5968e-12 -1.8657e-12 -3.7187e-14 -2.0082e-12 1.0791e-12 -4.6708e-13 1.9716e-12 2.0661e-13 6.3781e-13 -1.3927e-12 3.6711e-12 -3.4983e-13 2.028e-12 -2.3304e-12 -1.0426e-12 -6.0024e-13 8.2853e-13 2.392e-13 2.7403e-12 7.1515e-13 3.4081e-13 1.3697e-12 9.7644e-13 9.8963e-13 -2.3502e-12 -9.1456e-13 1.0597e-12 -8.1648e-13 1.8102e-12 1.0577e-12 8.1149e-12 6.7682e-13 1.6514e-12 2.4488e-13 1.3295e-12 -2.4951e-12 -1.3813e-12 3.0711e-12 1.7158e-12 -1.9966e-12 2.1056e-12 -6.2309e-14 1.8519e-13 -7.4176e-13 6.1482e-13 1.3245e-12 6.1307e-13 1.2423e-12 -1.0872e-12 -5.5205e-13 -9.4909e-13 -6.812e-13 -7.2516e-13 7.1182e-13 -2.0877e-13 -6.2279e-13 4.5991e-13 -1.6728e-12 -7.0457e-13 -7.7862e-14 -2.1684e-14 -2.008e-13 7.6809e-14 1.4819e-13 -2.6078e-13 1.3151e-13 -1.2961e-13 2.3852e-14 -2.6231e-15 -1.8535e-14
4.1481e-12 5.0293e-12 1.1946e-12 3.6351e-12 6.6862e-13 -8.2387e-13 9.3405e-14 -1.0314e-12 1.3985e-12 -7.1973e-12 5.4738e-12 3.4319e-12 -2.6254e-12 -3.0435e-12 -2.149e-12 1.7901e-13 -4.1308e-12 2.1816e-12 -9.958e-13 5.8357e-12 -1.466e-12 5.0289e-12 -2.5285e-12 1.0191e-12 -3.6657e-12 7.4449e-13 -1.4482e-12 -9.4942e-13 1.1032e-12 1.5903e-12 3.6737e-12 2.1406e-13 -8.8298e-13 -2.9306e-12 2.1378e-12 -1.0527e-12 -3.4124e-12 5.4707e-13 2.6154e-12 6.7682e-13 1.4658e-11 2.3803e-13 3.4039e-12 -6.4501e-13 5.692e-13 2.1368e-12 5.1724e-13 1.0868e-13 8.0789e-13 3.4446e-13 -3.4064e-13 -5.5147e-13 -2.4337e-12 2.1936e-12 -1.2977e-12 1.9205e-12 8.679e-13 -7.0804e-13 -1.1016e-12 1.9708e-12 1.7964e-13 -1.5609e-13 2.7446e-13 8.3519e-14 -6.4729e-13 1.4258e-12 6.2269e-13 -7.3152e-13 -2.5692e-13 5.6792e-14 3.521e-13 -2.7419e-13 -2.6955e-13 -8.4698e-14 -1.4733e-13 -2.8682e-14 1.3031e-14 1.4777e-14 1.0018e-14
4.0266e-12 3.7006e-12 1.7022e-12 -2.284e-12 2.9649e-12 -1.3099e-12 3.0046e-12 4.5901e-13 5.2979e-12 -2.1162e-13 -1.6592e-12 -3.8934e-12 3.2396e-12 5.474e-12 3.264e-12 -1.9174e-12 4.0003e-12 2.5974e-12 -1.8836e-12 2.0017e-12 1.2159e-12 3.5226e-12 2.884e-12 3.7883e-12 3.0794e-12 -1.3581e-12 3.016e-13 1.1281e-12 8.2507e-13 3.7084e-13 9.5095e-13 2.1054e-12 1.1627e-12 7.0354e-13 -1.5255e-12 -3.2282e-13 2.1426e-12 3.3191e-12 4.0063e-13 1.6514e-12 2.3803e-13 8.6707e-12 -1.0392e-12 1.1375e-12 1.1779e-12 -3.6257e-14 9.4703e-13 1.0393e-12 -2.425e-13 1.7976e-13 -7.6799e-13 1.5275e-12 4.2021e-13 1.5366e-12 2.1479e-13 -6.2165e-13 -1.1529e-12 9.9892e-13 -1.6019e-13 -1.0421e-13 1.7381e-12 -8.6146e-14 4.84e-13 3.8204e-13 -1.953e-14 4.2359e-13 -2.9771e-13 -2.5303e-14 3.2749e-13 6.1727e-13 -2.5554e-13 3.0707e-13 -2.4933e-13 1.0545e-13 2.8802e-14 -8.3145e-14 -6.3327e-15 2.6656e-14 -1.1373e-14
3.596e-12 -1.4206e-12 -1.2135e-12 3.6577e-12 3.5179e-12 1.1372e-12 -1.7298e-12 -2.1679e-13 -5.9054e-13 9.7241e-13 2.1758e-12 -3.7878e-13 -2.2108e-12 4.037e-13 6.0609e-13 2.3134e-12 -1.5132e-13 -1.0645e-12 -1.1908e-12 1.6543e-12 -2.6892e-12 6.5177e-13 -1.5124e-12 -3.5158e-12 -7.4577e-13 9.8422e-14 2.4785e-12 -8.2561e-13 -1.7208e-13 -4.971e-13 2.256e-12 -1.0361e-12 -5.3842e-13 -1.3652e-12 1.1827e-12 2.9684e-13 -1.3944e-12 -1.4165e-12 -1.8423e-12 2.4488e-13 3.4039e-12 -1.0392e-12 7.0669e-12 1.0447e-12 -1.7011e-12 8.8655e-13 2.8162e-12 2.0732e-12 2.3839e-12 2.2243e-13 -2.4495e-12 -1.8759e-13 8.6358e-13 2.2223e-12 7.3918e-13 -1.835e-13 3.5441e-13 -4.5747e-13 -6.1571e-13 -6.4836e-13 -6.3387e-14 2.0803e-13 -4.8948e-13 4.1743e-13 1.3465e-13 1.6359e-12 8.6143e-14 -6.7958e-13 3.8004e-13 1.3442e-13 2.9964e-14 -6.287e-13 -5.8097e-15 -6.6223e-14 -1.066e-13 -5.1599e-14 -6.7228e-16 -1.4712e-14 -1.6305e-14
4.1785e-12 -7.559e-13 -2.2484e-12 -2.2816e-12 -9.4909e-13 -4.3402e-13 9.8904e-13 -1.0976e-12 -9.444e-13 5.0494e-13 8.6999e-12 -5.1792e-13 -1.4653e-12 2.0181e-12 6.1402e-13 2.5458e-12 1.715e-12 -1.1567e-13 -9.0482e-14 -3.5543e-13 -4.1581e-13 1.0124e-12 -1.6499e-12 -1.3251e-12 2.4158e-12 -2.5635e-12 1.1536e-12 3.0624e-12 3.2472e-12 5.3324e-13 2.0585e-12 1.5541e-12 -3.5579e-13 -1.3726e-13 -6.9827e-13 4.5417e-13 1.7856e-12 3.2668e-12 1.5507e-13 1.3295e-12 -6.4501e-13 1.1375e-12 1.0447e-12 7.8101e-12 1.5315e-12 4.3761e-13 5.9729e-13 1.4898e-12 -4.7138e-13 1.3404e-12 -2.361e-12 1.1068e-12 -9.8355e-14 2.0104e-12 -2.9049e-13 -3.1909e-13 -8.8661e-14 -8.8248e-13 -3.8904e-13 4.8879e-13 -2.288e-13 9.5631e-14 7.1532e-13 1.1572e-12 -5.4181e-14 1.1437e-13 -4.969e-13 2.5353e-14 1.3836e-13 5.3135e-14 -1.1356e-13 7.3678e-14 6.8e-14 -3.2643e-13 -3.9935e-14 -5.1145e-14 -8.1823e-15 2.9134e-15 -1.0348e-14
