1.3238e-10 1.0472e-10 9.9477e-11 9.8421e-11 1.007e-10 1.0266e-10 1.2722e-10 7.1663e-11 1.0884e-10 7.1737e-11 1.1348e-10 9.3065e-11 8.9981e-11 8.2736e-11 9.2246e-11 7.9035e-11 6.4541e-11 7.5944e-11 7.4865e-11 8.2631e-11 4.9171e-11 7.2403e-11 6.6302e-11 5.3192e-11 6.7698e-11 5.4681e-11 6.1985e-11 5.9114e-11 4.9685e-11 4.6877e-11 3.4195e-11 2.8016e-11 4.1806e-11 3.5099e-11 3.3766e-11 2.8192e-11 3.1205e-11 1.9336e-11 2.5317e-11 2.9326e-11 1.0828e-11 1.0394e-11 1.4549e-11 1.2593e-11 3.1077e-12 3.9732e-12 4.8915e-12 1.1689e-11 1.5319e-12 -3.4281e-12 4.6471e-12 2.3465e-12 -2.3654e-12 -6.7998e-12 -4.6705e-14 1.2446e-12 1.1665e-11 1.4187e-12 -5.6165e-13 -5.9665e-12 6.2984e-12 -3.7823e-12 2.6538e-12 -9.9269e-12 -1.3969e-12 -3.8546e-12 -1.2489e-11 3.747e-12 -8.6045e-12 5.0581e-14 -2.6056e-12 7.7012e-12 -2.6805e-12 -2.1134e-12 3.0332e-13 4.0434e-12 -6.6433e-13 1.8799e-12 4.028e-12 -1.1522e-11 -6.5203e-12 -6.7754e-12 -7.4312e-12 -4.476e-12 -8.3622e-12 -5.9734e-14 3.888e-13 3.5795e-12 5.1766e-13 5.4358e-13 -2.4282e-12 4.1456e-13 -2.9293e-12 7.3224e-14 -2.2362e-13 2.8545e-12 5.1846e-12 -1.4041e-12 -5.4996e-12 -7.9543e-13 5.6459e-13 5.6244e-12 2.4422e-13 -1.0168e-12 -5.068e-14 3.3379e-12 -6.0683e-13 6.1381e-13 3.8229e-13 1.0554e-12 4.4282e-14 3.4688e-13 2.7177e-13 1.7848e-13 4.2089e-13 3.1637e-13 -3.0852e-14 -1.8943e-14 1.7547e-13
1.0472e-10 9.9755e-11 8.8224e-11 8.6255e-11 8.8691e-11 8.8325e-11 1.1175e-10 6.5526e-11 9.2638e-11 6.2083e-11 9.5885e-11 8.5106e-11 6.8092e-11 7.1025e-11 7.8666e-11 7.0995e-11 5.097e-11 6.3759e-11 6.2246e-11 6.6585e-11 4.3155e-11 5.716e-11 5.5365e-11 5.3603e-11 5.7357e-11 4.6256e-11 4.7299e-11 5.3541e-11 4.0431e-11 3.8577e-11 2.4015e-11 2.2408e-11 3.6081e-11 2.9623e-11 3.1653e-11 2.2825e-11 2.7201e-11 1.9099e-11 2.4979e-11 2.8414e-11 8.7694e-12 8.9182e-12 1.1735e-11 9.6163e-12 1.8892e-12 6.1264e-12 2.6054e-12 5.5302e-12 1.5745e-12 -2.2681e-12 6.5374e-13 -4.2729e-13 -4.8175e-12 -4.3644e-12 -2.2563e-13 -2.1672e-12 9.3726e-12 -2.9718e-12 -1.3333e-12 -7.1295e-12 2.1342e-12 -1.7263e-12 -1.2571e-12 -9.8385e-12 -4.1835e-12 -5.9372e-12 -9.6975e-12 1.4806e-12 -5.9529e-12 -8.9934e-13 -2.0218e-12 3.8808e-12 -3.9828e-12 -7.0681e-14 -2.4881e-12 2.0986e-12 -2.3128e-12 2.3867e-12 4.1177e-12 -1.1228e-11 -4.4713e-12 -7.1548e-12 -4.6861e-12 -1.0398e-12 -6.7239e-12 1.6606e-13 2.1983e-12 2.2383e-12 -8.0829e-13 -4.4572e-13 -2.0368e-12 1.8838e-12 -2.3005e-12 2.2467e-12 -1.5751e-12 2.641e-12 4.4671e-12 -1.6411e-12 -4.1839e-12 -8.905e-13 8.5518e-13 3.9452e-12 1.2634e-12 -6.1203e-13 -1.5797e-12 3.0095e-12 -9.0619e-13 3.8172e-13 5.2928e-13 1.1036e-12 1.3761e-13 4.0349e-13 5.2305e-13 2.8633e-13 2.4019e-13 2.992e-13 7.9875e-15 -3.8069e-14 6.378e-14
9.9477e-11 8.8224e-11 9.1753e-11 7.868e-11 8.568e-11 8.4129e-11 1.0585e-10 6.2963e-11 9.3327e-11 5.4148e-11 9.1641e-11 7.9646e-11 6.6932e-11 6.6962e-11 7.5288e-11 6.8276e-11 5.0762e-11 5.999e-11 6.2373e-11 6.2372e-11 4.0794e-11 5.6702e-11 5.1318e-11 4.948e-11 5.747e-11 4.3202e-11 4.4968e-11 4.736e-11 4.005e-11 3.3869e-11 2.353e-11 2.5089e-11 3.6746e-11 2.8412e-11 3.3553e-11 2.2204e-11 2.8064e-11 2.0472e-11 2.1459e-11 2.8902e-11 9.1057e-12 4.0141e-12 7.9839e-12 8.5344e-12 6.2968e-12 4.4825e-12 4.3635e-12 1.0245e-11 2.9676e-12 3.4167e-13 2.1074e-12 1.7112e-12 -3.6754e-12 6.5202e-13 -8.687e-13 -4.1648e-12 7.6234e-12 -1.6884e-12 -6.5991e-13 -3.5363e-12 -5.4287e-13 -3.4194e-12 7.623e-13 -9.3685e-12 -1.0936e-12 -6.8973e-12 -9.6756e-12 3.2941e-12 -7.6489e-12 -1.6433e-12 -3.2071e-12 6.6315e-12 -2.4029e-12 7.0997e-14 -7.5347e-13 2.4112e-12 -4.2317e-12 2.0284e-12 3.7561e-12 -1.0772e-11 -5.174e-12 -4.0364e-12 -4.6718e-12 -1.2683e-12 -6.508e-12 -9.9144e-13 1.9098e-12 -4.4928e-14 -9.441e-13 3.2681e-13 -1.8126e-12 2.6388e-12 -1.5495e-12 -8.0589e-13 -1.492e-12 3.0115e-12 3.3698e-12 -1.1349e-12 -3.9811e-12 -1.3182e-12 9.105e-13 4.6265e-12 1.1619e-12 -1.6133e-13 -6.6864e-13 2.9309e-12 -2.8763e-13 6.77e-13 1.1751e-13 5.7454e-13 -1.8135e-13 6.3176e-13 2.9997e-13 2.577e-13 2.4621e-13 2.6635e-13 -5.6022e-14 -3.1305e-14 1.4878e-13
9.8421e-11 8.6255e-11 7.868e-11 1.0394e-10 8.5333e-11 8.286e-11 1.1108e-10 6.0916e-11 9.7591e-11 6.2304e-11 9.1012e-11 8.2872e-11 6.8473e-11 7.5112e-11 7.8266e-11 6.7205e-11 5.101e-11 6.5797e-11 6.2831e-11 6.2819e-11 3.8205e-11 5.6074e-11 5.3462e-11 4.607e-11 5.524e-11 4.0778e-11 4.4933e-11 5.4794e-11 4.1676e-11 3.7648e-11 2.7831e-11 2.4537e-11 3.3055e-11 3.1556e-11 2.7031e-11 3.1257e-11 2.5842e-11 1.3996e-11 1.6876e-11 2.7978e-11 1.5872e-11 8.3115e-12 1.4688e-11 1.1297e-11 4.7521e-12 2.3625e-12 7.4404e-13 1.003e-11 -4.1544e-13 -8.8038e-12 5.0297e-12 3.3937e-12 -4.3479e-12 -3.8107e-12 -1.16e-12 1.3081e-12 6.7528e-12 -2.8209e-13 -1.7323e-12 -4.2322e-12 6.3945e-12 6.5174e-13 7.0826e-13 -1.0636e-11 -1.8553e-12 -1.1338e-12 -1.1393e-11 2.1189e-13 -4.3686e-12 -3.5807e-12 1.6305e-12 6.7576e-12 -1.6116e-12 7.6137e-13 -2.7508e-13 3.9036e-12 -5.646e-13 -4.2197e-13 6.6458e-13 -4.9501e-12 -4.969e-12 -7.4433e-12 -4.4778e-12 -1.9023e-12 -4.8826e-12 1.5361e-12 1.355e-12 -9.8614e-13 -1.7303e-12 -2.9195e-12 -2.3165e-12 2.2765e-12 -2.597e-12 6.143e-13 3.7071e-13 3.9957e-12 1.559e-12 -7.8892e-13 -3.0936e-12 -2.984e-12 3.1989e-12 3.7553e-12 -1.4991e-13 -3.015e-13 -1.613e-12 2.898e-12 -2.8075e-13 1.1659e-12 5.9923e-13 1.4254e-12 3.0107e-13 3.9952e-13 1.9666e-13 3.4219e-13 3.2309e-13 4.1051e-13 -6.0697e-14 -6.4863e-14 1.4418e-13
1.007e-10 8.8691e-11 8.568e-11 8.5333e-11 9.8158e-11 8.3425e-11 1.0969e-10 6.0273e-11 9.0826e-11 6.034e-11 9.2616e-11 8.4259e-11 7.233e-11 6.8599e-11 7.6564e-11 6.7256e-11 5.1301e-11 6.4859e-11 6.3044e-11 6.27e-11 3.9811e-11 5.8857e-11 4.8923e-11 4.899e-11 5.3973e-11 4.3873e-11 4.261e-11 5.1455e-11 4.5446e-11 3.7219e-11 2.5074e-11 2.5438e-11 3.197e-11 3.2734e-11 3.4173e-11 2.4107e-11 2.4864e-11 2.0348e-11 2.1555e-11 2.7662e-11 8.3677e-12 6.6115e-12 1.0003e-11 7.3652e-12 3.5664e-12 3.6796e-12 5.1695e-13 1.1878e-11 6.8302e-13 -6.6048e-12 2.4443e-12 1.8283e-14 -6.2967e-12 -4.6874e-12 -6.1831e-13 -1.2895e-12 5.874e-12 -3.7538e-12 -1.9174e-12 -7.3844e-12 -1.9441e-13 -2.8515e-12 3.4439e-12 -1.2307e-11 -1.477e-12 -6.7053e-12 -1.106e-11 4.4587e-12 -5.6841e-12 -3.5485e-12 9.1756e-13 7.5419e-12 3.8945e-13 4.8106e-14 -1.9127e-12 3.4118e-12 -2.7535e-12 3.3788e-12 2.8893e-12 -6.2569e-12 -3.8993e-12 -5.4046e-12 -4.3175e-12 1.596e-13 -5.6316e-12 -1.0542e-12 -1.5395e-12 1.4029e-12 7.2839e-13 -8.8898e-13 -2.7979e-12 -5.6398e-13 -1.8056e-12 2.3919e-13 -9.0518e-13 4.1375e-12 2.9839e-12 -1.0201e-12 -4.3929e-12 -2.071e-12 6.8806e-13 6.209e-12 1.4943e-12 -5.9882e-13 -9.7768e-13 3.6357e-12 -4.5606e-13 1.0756e-13 2.9784e-13 1.0113e-12 -1.6996e-14 7.4271e-13 5.0469e-14 2.8589e-13 2.4132e-13 3.4926e-13 -2.6254e-14 -4.8812e-14 1.1743e-13
1.0266e-10 8.8325e-11 8.4129e-11 8.286e-11 8.3425e-11 9.4837e-11 1.064e-10 6.1782e-11 9.2567e-11 5.92e-11 9.0524e-11 8.1166e-11 6.8072e-11 7.0486e-11 7.6982e-11 6.6217e-11 4.9853e-11 6.3336e-11 6.2345e-11 6.5023e-11 3.9637e-11 5.9571e-11 5.3092e-11 4.8455e-11 5.7812e-11 4.5492e-11 4.8601e-11 5.0991e-11 4.4664e-11 3.6344e-11 2.9957e-11 2.2468e-11 3.5932e-11 3.072e-11 3.067e-11 2.6133e-11 2.6561e-11 1.3541e-11 2.365e-11 2.2471e-11 1.1984e-11 1.0221e-11 1.0388e-11 8.5476e-12 5.9499e-12 3.0676e-12 2.8165e-12 5.1409e-12 4.7997e-12 -1.6355e-12 -2.2576e-12 1.4391e-13 -3.1153e-12 -4.7795e-12 -2.6495e-12 -2.4496e-13 7.6005e-12 -1.8623e-12 -1.3777e-12 -3.9716e-12 4.2758e-12 -2.761e-12 1.5169e-13 -1.0181e-11 -3.0354e-12 -4.6877e-12 -1.2571e-11 5.0377e-12 -7.7997e-12 1.5048e-12 -2.8172e-12 3.714e-12 -1.4291e-12 2.2495e-13 -3.2587e-12 2.6962e-12 -1.5569e-12 1.9704e-12 2.9065e-12 -9.0615e-12 -4.2964e-12 -6.1638e-12 -5.9586e-12 -5.1553e-12 -6.3423e-12 -2.4159e-13 2.0843e-12 2.037e-13 -1.7632e-12 -4.3834e-13 -7.9698e-13 1.3929e-13 -1.891e-12 4.544e-13 -1.115e-12 3.12e-12 3.3734e-12 -2.3841e-12 -5.0908e-12 -1.428e-12 1.1645e-12 4.1997e-12 1.454e-13 9.5463e-13 -1.7428e-12 2.906e-12 -1.3643e-13 1.111e-14 7.0557e-13 1.1268e-12 1.3623e-14 2.8363e-13 1.3076e-13 3.1216e-13 2.7028e-13 3.4484e-13 -1.4517e-14 -3.0491e-14 1.274e-13
1.2722e-10 1.1175e-10 1.0585e-10 1.1108e-10 1.0969e-10 1.064e-10 1.5551e-10 8.0004e-11 1.2345e-10 7.329e-11 1.1326e-10 9.9006e-11 8.6726e-11 9.0203e-11 9.7028e-11 8.3479e-11 6.4913e-11 7.9404e-11 8.7524e-11 7.9441e-11 5.1242e-11 7.7508e-11 7.1518e-11 6.3625e-11 6.9104e-11 5.3327e-11 5.9638e-11 6.6535e-11 5.5587e-11 4.9737e-11 3.5746e-11 3.1897e-11 4.2836e-11 3.5651e-11 3.9765e-11 3.4012e-11 3.2086e-11 2.3331e-11 2.6841e-11 3.6652e-11 1.4918e-11 1.0108e-11 1.2108e-11 1.164e-11 8.6017e-12 9.2413e-12 6.144e-12 1.2619e-11 -1.9293e-12 -6.1152e-12 2.2082e-12 -3.0232e-12 -4.5367e-12 -6.1726e-12 2.8255e-12 -2.6317e-13 7.7718e-12 -1.2626e-12 -1.5078e-12 -1.1929e-11 9.249e-13 -2.2586e-12 1.8422e-12 -1.4168e-11 -7.6998e-13 -3.2049e-12 -1.3195e-11 4.621e-12 -8.449e-12 -2.3759e-12 -1.3162e-12 8.7117e-12 -2.1878e-12 -2.6765e-12 -8.6246e-14 2.8721e-12 -2.5745e-12 2.7125e-12 1.3264e-12 -1.23e-11 -7.494e-12 -7.12e-12 -4.4411e-12 -3.2722e-12 -7.1731e-12 -3.3867e-13 9.0664e-13 1.5123e-12 5.8289e-13 -7.0854e-13 -9.8061e-13 3.8003e-12 -2.7704e-12 9.1548e-13 -5.7849e-13 3.2112e-12 2.9292e-12 -2.2178e-12 -3.9338e-12 -3.3409e-12 4.1568e-13 6.4486e-12 -2.7427e-13 6.2107e-13 -1.2538e-12 2.3914e-12 -5.3777e-13 9.4087e-13 -2.9757e-13 7.2785e-13 -3.0118e-13 4.122e-13 2.0974e-13 3.7244e-13 3.8984e-13 3.4808e-13 5.8236e-14 3.1054e-14 1.7574e-13
7.1663e-11 6.5526e-11 6.2963e-11 6.0916e-11 6.0273e-11 6.1782e-11 8.0004e-11 6.2292e-11 6.8042e-11 4.3316e-11 6.6211e-11 5.6863e-11 5.0654e-11 5.2137e-11 6.0012e-11 4.9419e-11 3.6503e-11 4.2117e-11 4.5206e-11 4.4151e-11 3.2393e-11 4.4859e-11 3.867e-11 3.5045e-11 4.4497e-11 2.853e-11 3.4891e-11 4.0684e-11 3.1299e-11 2.5451e-11 1.9029e-11 2.0443e-11 2.8207e-11 2.4043e-11 2.5368e-11 1.8018e-11 2.095e-11 1.9759e-11 1.7798e-11 1.8416e-11 7.7408e-12 4.0678e-12 6.5535e-12 7.8021e-12 6.6044e-12 4.8774e-12 1.7998e-12 5.2035e-12 1.5066e-12 -3.5238e-13 3.9621e-12 3.8058e-13 -1.9525e-12 -4.212e-13 6.4261e-13 -6.5902e-12 4.2958e-12 -5.7896e-13 -2.9472e-12 -2.9581e-12 2.5265e-12 -3.2586e-12 -5.2854e-13 -7.7389e-12 -2.0671e-12 -2.7572e-12 -8.1284e-12 2.3213e-12 -5.3901e-12 -2.0133e-12 -2.0967e-12 4.4595e-12 -3.2205e-12 8.89e-13 -4.4255e-13 1.5133e-12 -3.4883e-12 -2.9529e-13 5.3646e-12 -7.672e-12 -3.3485e-12 -4.235e-12 -1.0353e-12 -8.713e-13 -5.4992e-12 -2.0192e-12 2.055e-12 1.8323e-12 3.1537e-13 -1.3184e-13 4.9774e-13 1.3457e-12 -1.3919e-13 -1.6083e-12 -2.4053e-12 2.7974e-12 2.7125e-12 -4.4207e-13 -1.51e-12 -9.2067e-13 1.0596e-12 3.5547e-12 1.6942e-12 9.5063e-13 -2.0366e-12 2.3964e-12 -7.646e-13 4.4671e-15 -2.9356e-13 -5.2953e-15 -5.3539e-13 6.2548e-13 3.9491e-13 1.786e-13 2.4233e-13 1.3686e-13 -8.6984e-14 -9.1954e-15 5.0821e-14
1.0884e-10 9.2638e-11 9.3327e-11 9.7591e-11 9.0826e-11 9.2567e-11 1.2345e-10 6.8042e-11 1.193e-10 6.1082e-11 9.6422e-11 8.8602e-11 7.2585e-11 7.2583e-11 8.4786e-11 7.3092e-11 5.6342e-11 6.9187e-11 7.4178e-11 6.8412e-11 4.6527e-11 6.6714e-11 5.4983e-11 5.1302e-11 6.4092e-11 4.6291e-11 4.8574e-11 5.2855e-11 4.8109e-11 3.8222e-11 3.0265e-11 2.6577e-11 3.9923e-11 3.2776e-11 2.9402e-11 3.0889e-11 2.9233e-11 1.9505e-11 2.4331e-11 2.9994e-11 1.3412e-11 4.105e-12 1.3764e-11 9.9916e-12 1.111e-11 3.0834e-12 7.5031e-12 1.2259e-11 2.2428e-13 -2.6212e-12 2.3289e-12 5.7471e-12 -8.8057e-13 -5.1952e-12 2.31e-12 -1.9753e-12 8.2981e-12 3.7087e-12 -2.8764e-13 -5.1819e-12 3.0616e-12 -3.8377e-12 2.865e-12 -1.2455e-11 1.9528e-13 -1.6937e-12 -1.1871e-11 3.2049e-12 -8.5134e-12 -4.7515e-12 1.3434e-12 9.5017e-12 -2.8038e-12 -2.8913e-12 9.5906e-13 4.1002e-12 -4.2128e-12 -3.3223e-14 1.6677e-12 -1.175e-11 -8.3973e-12 -2.1115e-12 -4.7322e-12 -2.7183e-12 -7.3661e-12 6.2188e-13 2.9962e-12 -1.0545e-12 -6.4976e-13 -1.2098e-12 -2.559e-12 2.6492e-12 -2.3742e-12 8.9844e-13 -5.1541e-13 2.6196e-12 1.5268e-12 -7.9312e-13 -4.4643e-12 -2.3465e-12 1.8075e-12 5.7357e-12 -3.2327e-13 -5.9108e-13 -2.3186e-12 2.5951e-12 -6.0201e-13 1.228e-12 -3.9153e-13 8.0416e-13 -1.1066e-13 2.5681e-13 3.0068e-14 2.7726e-13 2.0773e-13 4.0732e-13 5.949e-14 -8.8998e-14 2.5311e-13
7.1737e-11 6.2083e-11 5.4148e-11 6.2304e-11 6.034e-11 5.92e-11 7.329e-11 4.3316e-11 6.1082e-11 5.413e-11 6.0267e-11 5.7165e-11 4.8106e-11 4.9454e-11 5.7297e-11 4.7241e-11 3.4819e-11 4.7678e-11 4.2105e-11 4.5598e-11 3.0213e-11 4.1184e-11 3.5661e-11 3.7977e-11 3.4658e-11 2.8389e-11 3.214e-11 3.7485e-11 2.8138e-11 2.6923e-11 1.7976e-11 1.994e-11 2.1432e-11 2.6215e-11 1.9874e-11 1.7464e-11 1.7046e-11 1.0744e-11 1.1892e-11 1.7169e-11 8.9323e-12 7.0331e-12 8.5065e-12 8.6374e-12 1.487e-13 -1.9702e-12 -1.151e-12 6.6878e-12 5.3365e-13 -6.2057e-12 -1.3994e-12 -1.3469e-13 -1.7411e-12 -5.4453e-12 2.4589e-13 -2.8514e-12 5.8715e-12 -3.3358e-12 -9.2882e-13 -5.2859e-12 4.7271e-12 -1.0315e-12 6.7438e-13 -5.5586e-12 -2.802e-12 -2.6671e-12 -1.2632e-11 2.43e-12 -5.3525e-12 -4.3353e-13 -1.8457e-13 4.6211e-12 -1.6325e-12 -1.5858e-12 -2.0247e-12 2.4744e-12 -1.7273e-12 -1.9154e-12 3.4023e-12 -5.6487e-12 -3.8077e-12 -4.3377e-12 -4.3515e-12 -1.8044e-12 -4.5542e-12 -9.2556e-13 4.0468e-13 3.1249e-12 -6.4153e-13 -8.0327e-14 -1.3126e-12 9.1927e-13 -8.0362e-13 2.3868e-13 -7.7218e-13 3.8868e-12 1.1177e-12 -8.9418e-13 -4.4212e-12 -3.1362e-13 1.4806e-12 2.8089e-12 -3.9916e-13 -9.2274e-13 -1.7525e-12 2.2727e-12 -7.3331e-13 -6.9336e-14 3.2076e-13 8.9777e-13 1.8468e-13 2.2444e-13 -3.2428e-14 1.3578e-13 1.5963e-13 2.5908e-13 -8.4728e-14 -3.9455e-15 9.2244e-14
1.1348e-10 9.5885e-11 9.1641e-11 9.1012e-11 9.2616e-11 9.0524e-11 1.1326e-10 6.6211e-11 9.6422e-11 6.0267e-11 1.159e-10 8.6979e-11 7.9149e-11 7.3011e-11 7.7781e-11 7.1873e-11 5.8058e-11 6.5049e-11 6.264e-11 6.881e-11 3.9902e-11 6.2705e-11 6.0023e-11 5.1225e-11 6.0311e-11 4.7933e-11 5.6859e-11 5.3001e-11 4.3658e-11 4.0775e-11 2.6098e-11 2.6022e-11 3.8152e-11 3.0065e-11 3.3115e-11 2.9639e-11 3.2824e-11 2.218e-11 2.3933e-11 2.9665e-11 9.7185e-12 6.3319e-12 1.4997e-11 9.5562e-12 3.2888e-12 8.4825e-13 6.4161e-12 8.6754e-12 -1.7547e-14 -5.3998e-12 5.6652e-12 3.1146e-12 -5.0862e-12 -2.6312e-12 1.6314e-12 -1.7695e-13 9.8858e-12 1.8443e-12 -2.1476e-12 -1.5606e-12 1.3556e-12 -1.8818e-12 1.1644e-12 -7.3081e-12 -3.302e-12 -4.5116e-12 -8.1708e-12 2.5246e-12 -5.9197e-12 -2.6268e-13 -2.6654e-12 5.7974e-12 -1.5083e-12 -1.5752e-12 4.5819e-13 2.9836e-12 -1.1605e-13 5.189e-12 2.535e-12 -8.7914e-12 -3.8776e-12 -6.3525e-12 -6.722e-12 -8.1293e-13 -3.3879e-12 -4.845e-14 -2.1355e-12 -3.2913e-13 8.0662e-14 -7.7393e-13 -2.0457e-12 5.7717e-13 -1.7334e-12 9.5591e-13 8.9149e-13 2.5617e-12 3.9481e-12 -6.9847e-13 -4.505e-12 -2.2856e-12 5.6651e-13 4.4695e-12 1.051e-12 -8.4647e-13 -1.2518e-12 3.6884e-12 -4.459e-13 2.9841e-13 5.7759e-13 7.6093e-13 2.4543e-13 7.238e-13 4.3849e-13 3.3306e-13 5.8451e-13 2.6171e-13 -8.0064e-14 -8.2662e-14 8.2315e-14
9.3065e-11 8.5106e-11 7.9646e-11 8.2872e-11 8.4259e-11 8.1166e-11 9.9006e-11 5.6863e-11 8.8602e-11 5.7165e-11 8.6979e-11 9.5232e-11 6.3653e-11 6.5532e-11 6.9789e-11 6.7507e-11 4.6047e-11 6.0937e-11 5.7247e-11 6.0179e-11 3.852e-11 5.6144e-11 4.8057e-11 4.7103e-11 5.3613e-11 4.1137e-11 3.9773e-11 4.9107e-11 4.3019e-11 3.588e-11 2.4249e-11 1.9528e-11 3.4028e-11 3.0359e-11 3.2551e-11 2.6939e-11 2.3664e-11 1.7021e-11 1.7701e-11 3.1146e-11 7.7523e-12 5.8938e-12 1.0162e-11 1.1574e-11 2.8427e-12 2.0793e-12 4.4705e-12 5.7876e-12 3.6584e-12 -4.9898e-12 -1.6175e-12 6.2489e-12 -2.8894e-12 -4.0763e-12 -2.3613e-12 -2.6048e-12 7.1282e-12 -5.2887e-12 -3.9848e-12 -1.0021e-11 4.0763e-12 -2.7284e-12 1.5718e-12 -9.2193e-12 -4.2397e-12 -4.9614e-12 -1.2863e-11 1.3373e-12 -3.8253e-12 -7.7305e-13 5.0252e-12 5.1626e-12 -1.0918e-12 -2.8369e-13 -1.9223e-12 2.2911e-12 -2.1037e-12 2.3689e-12 3.4108e-12 -8.0751e-12 -3.2784e-12 -3.2944e-12 -1.4503e-12 -2.2297e-12 -5.0382e-12 1.3994e-12 1.3683e-13 1.7719e-14 -2.4142e-12 7.7351e-13 -3.1588e-12 2.402e-13 -1.0569e-12 1.1751e-12 -1.2729e-13 3.203e-12 2.3793e-12 -1.3829e-12 -2.4101e-12 -2.4129e-12 1.273e-12 3.8723e-12 7.0398e-13 1.4275e-12 -2.4439e-12 2.7189e-12 -1.019e-12 1.8182e-13 3.326e-14 1.5904e-12 -2.0269e-13 2.1779e-13 9.6614e-14 2.7051e-13 1.4967e-13 3.4931e-13 -2.8362e-14 -8.0008e-14 1.2e-13
8.9981e-11 6.8092e-11 6.6932e-11 6.8473e-11 7.233e-11 6.8072e-11 8.6726e-11 5.0654e-11 7.2585e-11 4.8106e-11 7.9149e-11 6.3653e-11 7.8049e-11 5.8763e-11 6.6208e-11 5.1943e-11 4.7062e-11 5.2695e-11 5.175e-11 5.6492e-11 2.9e-11 5.0719e-11 4.7843e-11 3.3846e-11 4.3945e-11 3.4625e-11 4.5543e-11 4.1432e-11 3.3564e-11 2.9647e-11 2.3544e-11 1.8726e-11 2.8643e-11 2.2762e-11 2.6708e-11 1.9602e-11 1.9307e-11 1.4666e-11 1.4399e-11 1.8773e-11 6.8352e-12 6.9271e-12 1.0854e-11 8.8214e-12 3.1395e-12 2.9219e-12 -1.0833e-13 1.2764e-11 1.766e-12 -2.841e-12 5.1964e-12 8.6905e-13 -2.6643e-13 -2.8479e-12 -2.8821e-12 9.5857e-13 5.5357e-12 -6.9452e-13 -3.1255e-12 -3.0121e-12 3.6305e-12 -2.4979e-12 1.541e-12 -9.9455e-12 -1.6407e-12 -3.9307e-12 -1.0252e-11 2.8162e-12 -7.6876e-12 -3.2976e-12 -8.4524e-13 5.109e-12 -2.3133e-12 1.2476e-13 7.3643e-13 -8.0143e-13 -1.4786e-13 7.6667e-14 3.3043e-12 -5.3164e-12 -3.3314e-12 -6.7633e-12 -4.6098e-12 -2.8681e-12 -6.26e-12 -5.0476e-13 -8.719e-13 2.4531e-12 -8.525e-13 -2.9195e-13 -3.2893e-12 -7.9517e-13 -1.4716e-12 -1.0605e-12 1.352e-12 2.3582e-12 3.2647e-12 -3.61e-13 -2.8025e-12 -1.6931e-12 5.7655e-13 6.1011e-12 3.7548e-13 2.1948e-13 3.9081e-13 2.6353e-12 -3.2601e-13 2.1851e-13 2.0835e-13 3.3813e-13 1.797e-13 5.3641e-13 7.6502e-14 2.5708e-13 3.1779e-13 1.7981e-13 -7.5245e-15 5.0428e-14 3.3215e-14
8.2736e-11 7.1025e-11 6.6962e-11 7.5112e-11 6.8599e-11 7.0486e-11 9.0203e-11 5.2137e-11 7.2583e-11 4.9454e-11 7.3011e-11 6.5532e-11 5.8763e-11 7.8873e-11 5.9645e-11 6.0391e-11 4.2848e-11 5.3608e-11 5.1703e-11 5.2658e-11 3.264e-11 4.7284e-11 4.4581e-11 3.6533e-11 4.3606e-11 3.1035e-11 4.0914e-11 4.3051e-11 3.4685e-11 3.1474e-11 2.4617e-11 2.0387e-11 3.2011e-11 2.2495e-11 2.8338e-11 2.1077e-11 1.9648e-11 1.3955e-11 1.4033e-11 2.0936e-11 1.6729e-11 8.6084e-12 6.4918e-12 7.5486e-12 2.9988e-12 2.7719e-12 2.4483e-13 5.1518e-12 1.4331e-12 -1.844e-12 6.9818e-13 6.9933e-13 -1.9655e-12 2.9897e-13 -4.0389e-13 -2.116e-13 5.9014e-12 -2.5552e-12 -4.4409e-12 -4.6339e-12 2.7565e-12 -1.2205e-13 2.9896e-13 -8.0473e-12 2.134e-14 -8.5537e-13 -1.4018e-11 1.0602e-12 -9.0375e-12 1.9166e-12 -3.545e-13 7.6897e-12 -4.7598e-12 8.6954e-13 -2.2326e-12 4.4606e-12 -3.3295e-13 1.4948e-12 1.9839e-12 -8.5448e-12 -2.1897e-12 -3.4621e-12 -5.2064e-12 -3.7339e-12 -4.1621e-12 1.5491e-12 -2.4263e-13 3.4373e-12 -1.5671e-12 5.7827e-13 -2.8042e-12 3.0921e-12 -2.468e-12 -1.2976e-12 4.9217e-13 3.6363e-12 3.2116e-12 -3.8967e-14 -1.9081e-12 -1.0453e-12 1.7518e-12 4.1159e-12 -1.1799e-12 -6.8288e-13 1.0872e-12 1.6626e-12 -2.2022e-13 1.2058e-12 1.092e-12 1.2088e-12 -4.109e-13 -2.3038e-13 2.921e-13 3.0716e-13 4.1936e-13 1.4039e-13 -4.3849e-15 7.1906e-14 -2.4789e-14
9.2246e-11 7.8666e-11 7.5288e-11 7.8266e-11 7.6564e-11 7.6982e-11 9.7028e-11 6.0012e-11 8.4786e-11 5.7297e-11 7.7781e-11 6.9789e-11 6.6208e-11 5.9645e-11 8.267e-11 5.8117e-11 4.49e-11 6.1888e-11 5.7672e-11 6.0289e-11 4.1145e-11 5.5963e-11 5.0806e-11 4.5891e-11 5.1675e-11 4.0123e-11 4.1628e-11 4.3937e-11 3.6617e-11 3.297e-11 2.2168e-11 2.4784e-11 2.406e-11 2.7971e-11 2.9416e-11 1.7564e-11 2.1868e-11 1.4287e-11 1.6196e-11 2.1328e-11 1.3005e-11 1.1746e-11 1.0718e-11 9.3932e-12 5.7527e-12 2.9588e-12 -2.5513e-13 1.0332e-11 -1.7672e-12 -3.5167e-12 2.7848e-12 -1.056e-12 5.5105e-13 -2.9058e-12 -3.777e-12 -4.3211e-12 7.4827e-12 8.5752e-13 3.6684e-13 -3.3029e-12 2.6054e-12 -4.047e-13 -1.9534e-12 -1.0532e-11 -9.3887e-13 -3.6426e-12 -1.0256e-11 2.961e-12 -5.8133e-12 -3.4066e-12 2.8566e-13 6.1594e-12 -1.1603e-12 1.3102e-12 -8.9591e-13 -5.1221e-13 -2.9374e-12 -1.76e-12 3.3644e-12 -7.1039e-12 -7.1151e-12 -6.5914e-12 -4.0548e-12 -2.8998e-12 -6.6199e-12 -6.5392e-13 2.0465e-12 2.4202e-12 -1.6249e-13 -8.724e-13 9.4531e-14 2.5269e-12 4.0705e-14 -1.1137e-12 -1.1424e-12 3.3926e-12 2.238e-12 -1.5382e-12 -3.9776e-12 -6.0788e-13 1.7884e-12 3.8623e-12 1.7672e-12 6.8256e-13 -2.245e-12 2.719e-12 -3.9439e-13 -2.7328e-14 -3.4443e-14 7.1725e-13 1.1452e-13 6.5567e-13 2.3086e-13 2.2879e-13 4.2286e-14 2.448e-13 -3.4516e-14 2.402e-14 2.2421e-13
7.9035e-11 7.0995e-11 6.8276e-11 6.7205e-11 6.7256e-11 6.6217e-11 8.3479e-11 4.9419e-11 7.3092e-11 4.7241e-11 7.1873e-11 6.7507e-11 5.1943e-11 6.0391e-11 5.8117e-11 6.6128e-11 4.0879e-11 5.0957e-11 4.8502e-11 4.9928e-11 3.4625e-11 4.3836e-11 4.1687e-11 3.9479e-11 4.3519e-11 3.3737e-11 3.3915e-11 3.9047e-11 3.1628e-11 2.9933e-11 1.7302e-11 1.7348e-11 2.882e-11 2.7269e-11 2.7723e-11 2.2874e-11 2.0035e-11 1.567e-11 1.8786e-11 2.4872e-11 7.0148e-12 7.8847e-12 5.8865e-12 7.6518e-12 3.444e-12 -8.0687e-14 2.503e-12 4.9062e-12 2.0589e-12 -4.5071e-13 -1.9689e-12 2.9862e-12 1.1427e-13 -2.0725e-12 2.2723e-13 -1.1806e-12 4.9256e-12 -2.9121e-12 8.1833e-14 -1.389e-12 2.3977e-12 8.3235e-13 5.6503e-13 -5.8044e-12 -2.0026e-12 -2.4376e-13 -8.8736e-12 2.3743e-13 -5.0877e-12 -6.2442e-13 -2.5022e-12 4.4596e-12 4.2958e-13 1.2865e-13 -9.8916e-13 6.9955e-12 -3.4176e-12 2.3556e-13 4.0331e-12 -8.7552e-12 -1.8514e-12 -8.7099e-13 -3.0056e-12 -1.1854e-12 -4.284e-12 5.1599e-13 1.5323e-12 1.5308e-12 -7.6733e-13 7.8446e-13 -1.3874e-12 1.2279e-12 -1.9384e-12 -4.6501e-14 -8.9007e-13 3.1231e-12 2.5381e-12 -5.9313e-14 -2.7631e-12 -2.3014e-12 1.7374e-12 3.8046e-12 2.5959e-13 -1.271e-12 -6.7194e-13 1.7442e-12 -6.8354e-13 1.0352e-12 4.1369e-13 9.1917e-13 -1.8075e-13 1.1837e-13 1.6742e-13 1.8301e-13 1.3423e-13 2.9221e-13 -1.4094e-15 1.6217e-14 6.5606e-14
6.4541e-11 5.097e-11 5.0762e-11 5.101e-11 5.1301e-11 4.9853e-11 6.4913e-11 3.6503e-11 5.6342e-11 3.4819e-11 5.8058e-11 4.6047e-11 4.7062e-11 4.2848e-11 4.49e-11 4.0879e-11 4.5623e-11 3.4182e-11 3.5772e-11 3.9808e-11 2.1454e-11 3.0352e-11 3.2855e-11 2.7538e-11 3.1984e-11 2.9003e-11 2.8325e-11 3.1621e-11 2.4802e-11 2.5267e-11 1.6757e-11 1.5664e-11 2.1044e-11 2.0512e-11 1.828e-11 1.6958e-11 9.4297e-12 1.2298e-11 1.2861e-11 1.8474e-11 3.1762e-12 4.7859e-12 4.2158e-12 5.8939e-12 4.0923e-12 1.1663e-12 -6.697e-13 8.3593e-12 1.3338e-13 -1.1362e-12 1.5395e-12 -2.196e-12 -2.7837e-12 -2.6658e-12 -2.5032e-12 1.6679e-12 6.8013e-12 2.6811e-12 8.2824e-13 -1.3506e-12 1.465e-12 -4.4453e-12 5.6936e-13 -3.3103e-12 -2.9211e-12 -5.2503e-14 -6.8575e-12 1.143e-12 -3.073e-12 -8.0096e-13 -2.1838e-12 4.7013e-13 -2.9483e-12 -1.5919e-12 6.1895e-13 1.0307e-12 5.7674e-13 -7.4076e-13 1.2918e-12 -7.008e-12 -1.217e-12 -3.5558e-12 -3.3535e-12 -2.2303e-12 -2.4432e-12 6.4215e-13 8.909e-13 4.4755e-13 1.1328e-12 3.7862e-13 -1.1691e-12 1.8932e-12 9.9631e-13 -2.0451e-12 3.0355e-13 2.8491e-12 1.9676e-12 -1.0935e-12 -3.8927e-12 -2.5919e-13 2.0036e-12 2.4628e-12 -1.3942e-13 -3.6582e-13 -2.4291e-13 1.7921e-12 -6.7092e-13 6.7547e-13 -5.5093e-13 5.2879e-14 -2.0001e-13 9.2777e-14 -1.9027e-14 6.5836e-14 3.1863e-13 5.7316e-14 3.9585e-15 6.5368e-15 1.5711e-13
7.5944e-11 6.3759e-11 5.999e-11 6.5797e-11 6.4859e-11 6.3336e-11 7.9404e-11 4.2117e-11 6.9187e-11 4.7678e-11 6.5049e-11 6.0937e-11 5.2695e-11 5.3608e-11 6.1888e-11 5.0957e-11 3.4182e-11 6.0715e-11 4.8675e-11 4.7459e-11 3.3258e-11 4.6369e-11 4.1617e-11 3.8458e-11 4.1099e-11 3.3494e-11 3.1505e-11 3.4975e-11 3.1518e-11 2.6957e-11 1.7857e-11 1.6487e-11 1.9642e-11 2.5983e-11 2.033e-11 1.8937e-11 1.9767e-11 8.9319e-12 1.1516e-11 1.5037e-11 8.659e-12 8.8708e-12 8.7941e-12 5.4924e-12 2.8009e-12 -7.1081e-13 2.4159e-12 8.1027e-12 -2.9978e-12 -4.965e-12 -3.3144e-12 2.0137e-12 -1.6874e-12 -1.4707e-12 -2.835e-12 -6.3382e-13 4.8037e-12 2.7839e-13 1.525e-13 -1.2698e-12 1.3502e-12 1.2229e-12 2.2398e-13 -6.443e-12 -3.0007e-13 -1.1955e-12 -1.0947e-11 1.3464e-12 -6.8355e-12 -4.4903e-13 8.0998e-13 6.555e-12 -6.8044e-13 -2.8791e-12 -2.0222e-13 2.0384e-12 -1.2567e-12 -9.8228e-15 2.7596e-12 -6.8767e-12 -3.7206e-12 -4.4659e-12 -6.369e-12 -1.6723e-12 -4.4759e-12 -2.9123e-13 -9.7456e-13 1.6808e-12 -6.4587e-14 7.6599e-13 -1.1622e-12 -6.3589e-14 -9.3023e-13 2.5988e-13 -5.5217e-13 1.8009e-12 1.4322e-12 4.5089e-13 -4.0205e-12 -7.3331e-13 7.5546e-13 3.1092e-12 -7.4795e-14 -7.1386e-13 -1.1616e-12 1.8656e-12 2.3896e-13 4.8159e-13 1.0282e-13 1.1563e-12 2.0925e-13 1.5682e-13 -2.6532e-14 1.5142e-13 2.8647e-14 3.0055e-13 5.2887e-14 -1.8838e-14 2.272e-13
7.4865e-11 6.2246e-11 6.2373e-11 6.2831e-11 6.3044e-11 6.2345e-11 8.7524e-11 4.5206e-11 7.4178e-11 4.2105e-11 6.264e-11 5.7247e-11 5.175e-11 5.1703e-11 5.7672e-11 4.8502e-11 3.5772e-11 4.8675e-11 5.7775e-11 4.6127e-11 2.8711e-11 4.5022e-11 4.053e-11 3.5824e-11 4.2971e-11 3.2195e-11 3.3962e-11 3.7513e-11 3.1508e-11 2.7535e-11 2.139e-11 1.8565e-11 2.4793e-11 1.8945e-11 2.2792e-11 1.9256e-11 1.8457e-11 1.2113e-11 1.3938e-11 1.829e-11 1.1115e-11 3.522e-12 5.6723e-12 6.1928e-12 4.6783e-12 4.427e-12 3.3555e-12 9.9094e-12 -5.1845e-13 -1.0664e-12 8.4306e-13 2.9382e-13 -1.9117e-12 -5.2256e-12 1.072e-12 5.2549e-13 2.5836e-12 -1.4823e-12 4.4751e-13 -5.101e-12 2.0839e-12 -9.8117e-13 3.1857e-12 -6.4613e-12 -6.4597e-13 -3.3474e-12 -8.2911e-12 3.215e-12 -7.7349e-12 -1.9167e-12 -1.6147e-12 7.2596e-12 4.856e-13 5.0566e-13 -1.2229e-12 2.7648e-12 -3.3424e-12 9.4542e-13 1.2886e-12 -8.2336e-12 -5.8129e-12 -3.3155e-12 -3.0914e-12 -2.4675e-12 -7.1699e-12 -6.8653e-13 4.3654e-13 -6.4967e-13 1.3507e-12 1.9132e-12 -8.2981e-13 1.2199e-12 -2.2941e-12 8.2392e-13 -1.7624e-12 7.3235e-13 9.8778e-13 8.1584e-13 -2.9792e-12 -1.4634e-12 2.7522e-13 4.1467e-12 -8.2102e-13 8.4417e-13 -3.0078e-14 9.1939e-13 -5.6314e-13 4.9259e-13 -1.0909e-13 1.1988e-13 1.2013e-13 -5.5442e-14 3.8806e-14 2.9519e-13 1.4625e-13 2.5843e-13 5.222e-14 6.268e-14 1.9474e-13
8.2631e-11 6.6585e-11 6.2372e-11 6.2819e-11 6.27e-11 6.5023e-11 7.9441e-11 4.4151e-11 6.8412e-11 4.5598e-11 6.881e-11 6.0179e-11 5.6492e-11 5.2658e-11 6.0289e-11 4.9928e-11 3.9808e-11 4.7459e-11 4.6127e-11 6.2237e-11 3.2581e-11 4.3645e-11 4.094e-11 3.5897e-11 4.07e-11 3.7652e-11 3.949e-11 3.5996e-11 3.3033e-11 3.09e-11 1.9635e-11 1.7035e-11 2.6917e-11 2.3167e-11 2.2886e-11 1.5957e-11 1.9232e-11 1.0548e-11 1.4596e-11 1.6486e-11 7.1775e-12 7.3562e-12 9.6053e-12 6.3332e-12 1.3449e-12 4.0569e-12 1.5166e-13 7.6343e-12 6.1936e-13 -2.1067e-12 3.8122e-12 -1.319e-12 -1.8889e-12 -4.0382e-12 -2.6935e-13 1.5978e-12 8.7537e-12 1.8958e-12 1.7357e-13 -4.3454e-12 7.9497e-12 -2.0663e-12 -5.3895e-13 -7.5248e-12 1.6268e-12 -2.1321e-12 -1.0667e-11 2.459e-12 -4.4351e-12 7.9481e-13 -7.7719e-13 3.8142e-12 -1.4261e-12 6.9369e-13 -6.9087e-13 1.4532e-12 -1.2705e-13 -2.3274e-13 7.3606e-13 -6.7749e-12 -3.7398e-12 -4.2715e-12 -3.3677e-12 -3.3599e-12 -3.5777e-12 2.9824e-13 1.0768e-12 3.503e-12 -9.1102e-14 -1.7347e-13 -9.408e-13 2.0942e-13 -8.9193e-13 4.9441e-14 7.7197e-13 2.2944e-12 2.9671e-12 -2.0317e-12 -3.7348e-12 -5.1207e-13 1.8325e-13 3.3002e-12 1.4738e-12 -4.0946e-13 -3.8545e-13 1.7673e-12 -6.9328e-13 4.1878e-13 6.5189e-13 9.8156e-13 -1.2654e-13 -3.717e-14 3.055e-13 1.7046e-13 1.8613e-13 2.2135e-13 -5.0745e-15 -3.3715e-14 6.1982e-14
4.9171e-11 4.3155e-11 4.0794e-11 3.8205e-11 3.9811e-11 3.9637e-11 5.1242e-11 3.2393e-11 4.6527e-11 3.0213e-11 3.9902e-11 3.852e-11 2.9e-11 3.264e-11 4.1145e-11 3.4625e-11 2.1454e-11 3.3258e-11 2.8711e-11 3.2581e-11 3.3407e-11 2.9346e-11 2.6254e-11 2.982e-11 2.6797e-11 2.1054e-11 1.9587e-11 2.2194e-11 1.9748e-11 1.5962e-11 1.0828e-11 1.2397e-11 1.1879e-11 1.727e-11 1.323e-11 1.1215e-11 1.3161e-11 1.1069e-11 1.3296e-11 1.2331e-11 5.7897e-12 6.0913e-12 7.8062e-12 7.0777e-12 -2.3006e-13 2.038e-12 2.3609e-12 1.0518e-12 -3.94e-12 -3.2726e-12 9.8589e-13 2.8485e-12 -1.3965e-12 1.5735e-13 1.5687e-13 -3.5824e-12 3.0656e-12 -8.4468e-14 -2.0274e-13 -4.1165e-12 3.7366e-12 -8.4707e-13 -5.2817e-13 -6.9675e-12 2.1299e-12 -9.8594e-13 -4.1444e-12 1.1278e-12 -3.8803e-12 2.2738e-12 1.2783e-13 4.2497e-12 -8.9187e-13 -2.3993e-12 1.4775e-12 3.7901e-12 -3.3944e-12 2.3042e-13 2.2012e-12 -6.3672e-12 -4.6056e-12 -1.6612e-13 -1.3704e-12 -9.8281e-13 -3.4014e-12 -1.8266e-13 2.0282e-13 3.9662e-12 -1.4412e-12 -4.9063e-13 1.2354e-12 1.3661e-12 6.8725e-14 2.7438e-13 -1.1717e-12 1.4665e-12 1.9123e-12 -1.0307e-12 -3.2325e-12 2.0202e-13 4.1998e-13 1.5113e-12 7.6932e-13 -1.2848e-12 -9.8793e-13 1.4305e-12 3.9348e-13 -1.0345e-13 -1.6175e-13 6.827e-13 -1.8761e-13 2.3732e-13 1.7496e-13 -1.9587e-14 -4.46e-15 1.3589e-13 2.9033e-14 -5.5337e-14 6.4672e-14
7.2403e-11 5.716e-11 5.6702e-11 5.6074e-11 5.8857e-11 5.9571e-11 7.7508e-11 4.4859e-11 6.6714e-11 4.1184e-11 6.2705e-11 5.6144e-11 5.0719e-11 4.7284e-11 5.5963e-11 4.3836e-11 3.0352e-11 4.6369e-11 4.5022e-11 4.3645e-11 2.9346e-11 5.7243e-11 3.6384e-11 3.0435e-11 4.3434e-11 2.7038e-11 3.5439e-11 3.3018e-11 3.4079e-11 2.531e-11 2.0562e-11 1.8396e-11 2.3157e-11 2.0333e-11 2.3894e-11 1.5555e-11 1.92e-11 1.0944e-11 1.5393e-11 1.7953e-11 9.8438e-12 7.6475e-12 9.3802e-12 8.5227e-12 6.8535e-12 -3.0939e-13 5.7431e-12 6.7277e-12 1.1772e-12 -3.4012e-12 2.6285e-12 -1.0556e-12 3.8366e-12 -1.5769e-12 1.3743e-12 -1.6252e-12 7.2225e-12 -2.9502e-12 -2.4318e-12 -5.6113e-12 -1.3915e-12 -3.3352e-12 4.2987e-12 -6.7675e-12 -9.1983e-13 -1.549e-12 -1.0611e-11 3.3278e-12 -5.2898e-12 7.1931e-13 2.3905e-12 1.0538e-11 5.3134e-14 -2.7298e-12 9.3373e-13 6.3959e-13 -1.5553e-12 2.8107e-12 3.8282e-12 -5.4143e-12 -5.5497e-12 -2.764e-12 -2.1256e-12 -3.2716e-12 -1.6495e-12 -3.8957e-13 -1.2131e-12 1.0131e-12 2.6179e-13 -3.6644e-13 -1.114e-12 1.5712e-12 -9.0218e-13 -6.0701e-13 2.3369e-13 2.5422e-12 1.6033e-12 -1.6016e-13 -1.1875e-12 -8.7895e-13 -6.5695e-13 2.9248e-12 4.068e-13 4.8771e-13 -4.5647e-13 1.6691e-12 -8.7163e-13 3.8416e-13 -3.5866e-13 8.3201e-13 -2.6202e-13 2.4687e-13 2.2544e-13 2.1868e-13 1.1588e-13 1.8274e-13 -2.9583e-14 6.394e-15 1.2598e-13
6.6302e-11 5.5365e-11 5.1318e-11 5.3462e-11 4.8923e-11 5.3092e-11 7.1518e-11 3.867e-11 5.4983e-11 3.5661e-11 6.0023e-11 4.8057e-11 4.7843e-11 4.4581e-11 5.0806e-11 4.1687e-11 3.2855e-11 4.1617e-11 4.053e-11 4.094e-11 2.6254e-11 3.6384e-11 4.8615e-11 3.3681e-11 3.4153e-11 2.7883e-11 3.0438e-11 3.3661e-11 2.6211e-11 2.5899e-11 1.8077e-11 1.0946e-11 2.0598e-11 1.4593e-11 1.9533e-11 1.9848e-11 1.7003e-11 1.2177e-11 1.2112e-11 1.8222e-11 9.5053e-12 8.1767e-12 5.5874e-12 7.442e-12 1.8436e-12 4.0882e-12 4.0182e-12 4.3187e-12 -1.4421e-12 -4.5331e-12 4.1643e-13 -2.5868e-12 -2.0281e-12 -1.0223e-12 -2.3106e-12 1.6172e-12 3.839e-12 4.3877e-13 1.6881e-12 -3.8723e-12 1.781e-12 1.5725e-12 -2.0987e-12 -3.9792e-12 -1.9411e-12 -1.9176e-12 -5.5521e-12 2.7598e-12 -5.7232e-12 2.2979e-12 -3.5629e-12 9.3012e-13 -3.0967e-12 -3.7009e-13 1.6712e-12 9.9523e-13 -1.9561e-13 1.2861e-12 1.3273e-12 -7.1885e-12 -3.5688e-12 -5.2513e-12 -3.1566e-12 -2.5342e-12 -5.3527e-12 1.0389e-12 5.4403e-13 1.902e-12 -1.6401e-12 2.5999e-13 8.3286e-13 2.4246e-12 -1.143e-12 1.5544e-12 3.3158e-13 6.4871e-13 2.1084e-12 -8.4294e-13 -7.6914e-14 -1.9014e-12 5.059e-13 2.056e-12 -5.4128e-13 4.221e-13 4.9734e-13 6.4022e-13 4.5908e-13 5.3722e-13 -1.3134e-13 3.8362e-13 3.7014e-13 1.9077e-13 1.4407e-13 9.4398e-14 1.5131e-13 9.6661e-14 1.8884e-14 1.649e-14 1.207e-13
5.3192e-11 5.3603e-11 4.948e-11 4.607e-11 4.899e-11 4.8455e-11 6.3625e-11 3.5045e-11 5.1302e-11 3.7977e-11 5.1225e-11 4.7103e-11 3.3846e-11 3.6533e-11 4.5891e-11 3.9479e-11 2.7538e-11 3.8458e-11 3.5824e-11 3.5897e-11 2.982e-11 3.0435e-11 3.3681e-11 4.6478e-11 2.9968e-11 2.6226e-11 2.2574e-11 2.9643e-11 2.3101e-11 2.0482e-11 8.712e-12 1.4303e-11 1.4255e-11 2.0382e-11 1.8852e-11 1.8026e-11 1.5408e-11 9.7996e-12 1.507e-11 1.5135e-11 8.1027e-12 6.3016e-12 5.4599e-12 6.9098e-12 -7.5282e-13 6.6611e-13 -1.7089e-12 5.4898e-13 -3.4137e-12 -2.6364e-12 -2.9841e-12 -2.8797e-12 -7.5145e-12 -9.5074e-13 -6.7169e-13 -2.6572e-12 4.4296e-12 -4.075e-12 2.7593e-13 -4.3456e-12 2.7846e-13 1.8925e-12 -2.7565e-12 -3.3136e-12 -6.5819e-13 -5.5751e-12 -7.3755e-12 1.1439e-12 -5.323e-12 2.5921e-12 -1.3652e-12 2.9778e-12 9.8936e-13 2.6689e-13 -2.1229e-13 3.2146e-12 -4.9068e-12 1.0227e-14 5.3854e-13 -7.7245e-12 -3.4292e-12 -3.3209e-12 -2.641e-12 -1.6341e-13 -3.1227e-12 -8.3212e-14 -4.996e-13 1.9628e-12 -1.7269e-12 -4.5229e-13 2.1979e-12 3.4959e-12 3.3417e-14 1.3485e-12 -1.848e-12 2.4625e-12 1.1562e-12 -8.6587e-13 -5.2342e-12 -6.9776e-13 1.303e-13 5.6716e-13 5.2971e-13 -7.4273e-13 -1.9794e-12 1.6516e-12 -1.492e-13 -3.0831e-14 3.1666e-13 2.6683e-13 1.7588e-13 1.8299e-13 1.5489e-13 1.9001e-13 7.9381e-14 1.6991e-13 -3.1262e-14 -2.8142e-14 1.0839e-13
6.7698e-11 5.7357e-11 5.747e-11 5.524e-11 5.3973e-11 5.7812e-11 6.9104e-11 4.4497e-11 6.4092e-11 3.4658e-11 6.0311e-11 5.3613e-11 4.3945e-11 4.3606e-11 5.1675e-11 4.3519e-11 3.1984e-11 4.1099e-11 4.2971e-11 4.07e-11 2.6797e-11 4.3434e-11 3.4153e-11 2.9968e-11 5.0939e-11 3.0842e-11 3.1061e-11 3.4426e-11 3.1411e-11 2.4629e-11 1.847e-11 1.5291e-11 2.1541e-11 1.9855e-11 2.0715e-11 1.5611e-11 2.0807e-11 7.8713e-12 1.3706e-11 1.9289e-11 9.1897e-12 4.5349e-12 6.1637e-12 6.3945e-12 5.0015e-12 3.328e-12 4.4546e-12 6.3971e-12 3.2875e-12 -3.3262e-13 2.5685e-12 1.9541e-12 -1.5522e-13 1.3834e-12 -1.9683e-12 -2.0938e-12 7.4969e-12 -5.3121e-13 -6.3938e-13 -4.1134e-12 2.9768e-12 -1.2818e-12 9.4493e-13 -4.0006e-12 -1.3617e-12 -3.9053e-12 -6.3208e-12 -2.9136e-14 -4.67e-12 6.8372e-14 9.9009e-14 7.1322e-12 -1.3161e-12 1.211e-12 8.1617e-13 1.6027e-12 -1.4291e-12 1.8375e-12 3.8345e-12 -5.9733e-12 -3.8949e-12 -4.6004e-12 -2.1286e-12 -3.3538e-12 -4.3893e-12 3.6135e-13 1.7034e-12 -1.8014e-12 1.2419e-12 -5.5242e-13 9.3482e-13 1.1712e-12 -1.6579e-12 -1.2326e-12 -1.3651e-12 1.9576e-12 2.5281e-12 -2.1256e-13 -1.9019e-12 -1.5905e-13 8.0417e-13 2.0879e-12 1.0152e-12 1.5423e-12 -4.0257e-13 2.5331e-12 -7.9826e-13 3.7477e-13 -1.8838e-13 1.9077e-13 -1.7304e-13 2.5259e-13 2.5154e-13 2.2398e-13 1.1135e-13 1.8587e-13 -1.3344e-14 -8.8925e-15 1.7137e-13
5.4681e-11 4.6256e-11 4.3202e-11 4.0778e-11 4.3873e-11 4.5492e-11 5.3327e-11 2.853e-11 4.6291e-11 2.8389e-11 4.7933e-11 4.1137e-11 3.4625e-11 3.1035e-11 4.0123e-11 3.3737e-11 2.9003e-11 3.3494e-11 3.2195e-11 3.7652e-11 2.1054e-11 2.7038e-11 2.7883e-11 2.6226e-11 3.0842e-11 3.3726e-11 2.3518e-11 2.3472e-11 2.2792e-11 2.1275e-11 1.1572e-11 8.0986e-12 1.4594e-11 1.8167e-11 1.5812e-11 1.2259e-11 1.1859e-11 9.1615e-12 1.0711e-11 1.0998e-11 1.9825e-12 6.3553e-12 1.5763e-12 4.9297e-12 9.5809e-13 2.8097e-12 -2.912e-14 4.5024e-12 5.8479e-13 -7.019e-13 -9.2753e-13 -2.7637e-12 -1.4833e-12 -2.0209e-12 -2.164e-12 2.6235e-12 6.6928e-12 3.0643e-12 -6.4203e-14 1.7191e-12 5.2449e-12 -1.8374e-12 -1.7502e-12 -2.2925e-12 3.3264e-13 -3.7241e-12 -5.1848e-12 1.8922e-12 -2.5245e-12 6.2695e-13 -2.5879e-12 -1.8133e-12 7.9265e-13 7.2826e-13 -2.5196e-13 3.3205e-13 1.1614e-12 5.3468e-13 1.5674e-12 -6.7079e-12 -1.17e-12 -3.6153e-12 -2.5988e-12 -1.6072e-12 -2.7433e-12 9.9109e-13 2.7545e-13 6.435e-13 1.9697e-12 4.2028e-14 1.3007e-12 6.231e-13 3.7537e-13 -2.2307e-13 -8.6224e-14 4.4622e-13 2.1331e-12 -1.0258e-12 -3.302e-12 7.1429e-15 6.0724e-14 1.8566e-12 1.4942e-12 1.3702e-12 -6.9633e-13 1.9581e-12 -2.68e-13 -4.8927e-14 2.8531e-13 6.1324e-13 2.5604e-13 -1.1955e-13 5.9291e-14 1.4274e-13 3.9327e-14 1.3331e-13 7.5703e-14 -3.3363e-14 2.0888e-13
6.1985e-11 4.7299e-11 4.4968e-11 4.4933e-11 4.261e-11 4.8601e-11 5.9638e-11 3.4891e-11 4.8574e-11 3.214e-11 5.6859e-11 3.9773e-11 4.5543e-11 4.0914e-11 4.1628e-11 3.3915e-11 2.8325e-11 3.1505e-11 3.3962e-11 3.949e-11 1.9587e-11 3.5439e-11 3.0438e-11 2.2574e-11 3.1061e-11 2.3518e-11 4.369e-11 2.4436e-11 2.1038e-11 1.9861e-11 1.4955e-11 1.3562e-11 2.0648e-11 1.2026e-11 1.6101e-11 1.2653e-11 1.7626e-11 5.8511e-12 7.8805e-12 1.5212e-11 3.885e-12 1.8985e-12 1.0022e-11 6.1688e-12 2.4565e-12 3.8086e-12 3.5534e-12 3.5871e-12 8.2347e-13 2.2288e-12 2.5219e-12 9.5532e-14 7.5202e-13 -1.5752e-12 1.6365e-12 7.7246e-13 8.514e-12 1.9856e-12 -1.3165e-12 -5.8892e-13 2.1473e-12 -4.608e-14 -4.2249e-13 -4.502e-12 -7.273e-14 -2.9866e-12 -6.3624e-12 2.9517e-12 -3.5921e-12 -1.8034e-12 -1.4954e-12 3.5943e-12 -1.6506e-12 -1.5772e-12 -1.4612e-12 2.574e-12 2.9606e-12 1.3928e-12 9.1917e-13 -3.5394e-12 -3.605e-12 -4.9039e-12 -3.9435e-12 -3.0486e-12 -2.9951e-12 2.7543e-13 1.1842e-12 2.7121e-12 2.1849e-15 1.6532e-13 -1.294e-12 2.8917e-13 -7.7535e-13 -9.1096e-13 8.3123e-13 1.149e-12 2.1078e-12 -6.7608e-14 -3.0563e-12 6.8836e-13 5.6079e-13 3.1506e-12 5.7186e-13 6.2231e-13 -1.1518e-12 2.2032e-12 -1.3667e-13 -4.6038e-13 7.1511e-13 -1.2431e-13 -9.2334e-14 3.8932e-13 4.0177e-13 2.3941e-13 3.7335e-13 1.1742e-13 -1.2649e-13 1.7769e-14 3.8515e-15
5.9114e-11 5.3541e-11 4.736e-11 5.4794e-11 5.1455e-11 5.0991e-11 6.6535e-11 4.0684e-11 5.2855e-11 3.7485e-11 5.3001e-11 4.9107e-11 4.1432e-11 4.3051e-11 4.3937e-11 3.9047e-11 3.1621e-11 3.4975e-11 3.7513e-11 3.5996e-11 2.2194e-11 3.3018e-11 3.3661e-11 2.9643e-11 3.4426e-11 2.3472e-11 2.4436e-11 4.6027e-11 2.6284e-11 2.0568e-11 2.005e-11 1.1839e-11 2.3733e-11 1.7535e-11 1.6407e-11 1.9023e-11 1.2539e-11 1.1863e-11 1.3714e-11 1.9917e-11 7.9721e-12 7.2801e-12 4.1304e-12 6.1744e-12 1.1227e-12 2.358e-12 -1.647e-12 2.7646e-12 1.3283e-12 -6.0643e-12 2.7074e-12 -1.2128e-12 -5.4768e-12 -4.4463e-12 -1.6516e-12 7.1446e-13 2.2813e-12 -4.8849e-12 -1.7301e-12 -9.9086e-12 7.9469e-12 -3.4306e-12 1.5259e-12 -6.1201e-12 -6.6996e-12 -3.418e-12 -1.1282e-11 1.8953e-12 -4.0991e-12 1.1086e-12 -2.7733e-12 3.5434e-12 -3.5617e-12 -6.1591e-13 -6.7252e-13 4.5525e-13 -2.2906e-12 6.8695e-13 2.6328e-12 -4.0025e-12 4.9131e-14 -4.7618e-12 -2.6065e-12 -2.1835e-12 -5.5046e-12 -1.4767e-12 1.3781e-12 -2.804e-13 -7.8956e-14 -3.9843e-13 -1.6789e-12 7.0745e-13 -1.5386e-12 1.0546e-12 -1.462e-12 2.8109e-12 1.25e-12 -1.2421e-12 -1.0364e-12 -1.0806e-12 1.9684e-12 2.9803e-12 -8.967e-13 -9.6895e-13 -3.2667e-13 1.1882e-12 -7.77e-13 9.1684e-13 -1.0536e-14 6.9335e-13 -4.5239e-13 2.806e-13 2.2162e-13 6.1146e-14 2.3772e-13 2.4195e-13 -2.5133e-14 2.5914e-15 3.347e-14
4.9685e-11 4.0431e-11 4.005e-11 4.1676e-11 4.5446e-11 4.4664e-11 5.5587e-11 3.1299e-11 4.8109e-11 2.8138e-11 4.3658e-11 4.3019e-11 3.3564e-11 3.4685e-11 3.6617e-11 3.1628e-11 2.4802e-11 3.1518e-11 3.1508e-11 3.3033e-11 1.9748e-11 3.4079e-11 2.6211e-11 2.3101e-11 3.1411e-11 2.2792e-11 2.1038e-11 2.6284e-11 3.5832e-11 2.3012e-11 1.9074e-11 1.3519e-11 1.8898e-11 2.0806e-11 1.5729e-11 1.4804e-11 1.2959e-11 8.8487e-12 9.6982e-12 1.0385e-11 7.4503e-12 4.3996e-12 4.4884e-13 2.8637e-12 3.3551e-12 2.1978e-12 2.7981e-12 4.4882e-12 2.5596e-12 -4.0633e-12 -1.9163e-13 -1.6733e-12 -3.4102e-12 -1.2658e-12 -1.0127e-12 -1.356e-12 5.0671e-12 -1.1363e-12 -9.6917e-13 -5.3914e-12 5.1296e-14 -1.8026e-13 4.974e-13 -5.1513e-12 4.4478e-13 -6.3901e-13 -7.1991e-12 3.7561e-12 -4.693e-12 1.3203e-12 1.5452e-12 4.5968e-12 -1.2225e-12 -1.5999e-12 2.8691e-13 1.9502e-12 -1.2421e-12 2.2915e-12 1.4375e-12 -3.3368e-12 -2.1978e-12 -1.7229e-12 -4.9429e-13 -2.3991e-12 -2.2955e-12 1.198e-12 -3.7631e-13 1.4542e-12 3.77e-13 -6.0698e-13 1.7803e-13 -1.1131e-12 -2.3397e-14 -6.5242e-13 5.0425e-13 1.1577e-12 1.0302e-12 -9.0195e-13 -3.1628e-13 -9.2164e-13 4.2847e-13 2.4105e-12 -1.4296e-13 9.8976e-13 -1.998e-13 1.312e-12 1.503e-13 2.8907e-14 -2.7471e-13 4.5746e-13 -3.2697e-13 2.3074e-13 4.7842e-15 8.355e-14 1.7849e-13 1.3931e-13 -3.8857e-14 -4.7742e-14 8.2986e-14
