1.439e-10 9.6701e-11 9.3688e-11 9.5833e-11 7.4887e-11 9.6249e-11 9.4189e-11 5.8077e-11 8.6194e-11 5.766e-11 5.439e-11 2.5233e-11 4.9789e-11 3.6639e-11 3.4273e-11 2.3087e-11 1.246e-11 3.4014e-11 2.4485e-11 3.0965e-11 3.4756e-12 -1.5137e-12 -3.4199e-12 8.0002e-12 -4.7413e-12 4.3483e-12 -5.7651e-12 -8.5263e-13 -1.855e-11 -1.7826e-12 -1.0662e-11 -1.5273e-11 -5.3605e-12 -1.2942e-11 -9.7102e-12 -1.6305e-11 -1.3704e-11 -1.5087e-11 -1.9531e-11 -1.7869e-11 -9.0221e-12 -6.799e-12 -1.0573e-11 -1.3875e-11 -7.5079e-12 -2.6204e-11 -9.952e-12 -1.678e-11 -7.8072e-12 -1.6679e-11 -8.7488e-12 -2.4769e-12 -1.4427e-11 -5.2245e-12 -7.9959e-12 -3.7499e-12 -6.1009e-12 -8.5193e-12 5.3106e-14 -7.4063e-12 4.8979e-12 -3.5147e-12 -2.5079e-12 -5.1389e-12 4.4114e-14 7.9194e-12 -9.4693e-12 4.8607e-13 6.0601e-12 -7.6667e-12 4.9179e-12 1.2824e-13 -2.2483e-12 -4.8057e-12 1.8458e-12 6.6678e-13 -2.6353e-12 3.6597e-12 -1.3545e-12 -5.9706e-12 2.7181e-12 -4.9998e-12 6.008e-12 9.0756e-13 -4.0085e-12 -8.0557e-13 -1.7924e-12 5.6436e-13 4.3236e-14 3.0923e-13 6.2037e-13 -1.0687e-12 -6.9412e-14 1.7263e-13 3.7266e-13 2.6377e-14 1.8068e-13 -1.5743e-14 -6.093e-14
9.6701e-11 8.9599e-11 6.7224e-11 7.4156e-11 6.1444e-11 6.5257e-11 6.5154e-11 4.3935e-11 6.0546e-11 4.3771e-11 4.3281e-11 1.7612e-11 3.578e-11 2.5691e-11 2.2367e-11 1.6767e-11 5.7746e-12 2.5795e-11 1.548e-11 2.3893e-11 3.3106e-12 -6.5576e-13 5.9163e-13 5.3993e-12 1.2169e-12 1.2036e-11 -2.6178e-12 1.4073e-12 -1.4205e-11 3.6145e-13 -1.0643e-11 -1.1501e-11 -8.4869e-12 -1.0135e-11 -7.9347e-12 -1.2205e-11 -1.0869e-11 -1.6963e-11 -1.3515e-11 -1.4114e-11 -7.5265e-12 -2.1476e-12 -7.1172e-12 -6.1453e-12 -6.0616e-12 -1.7923e-11 -4.7395e-12 -9.6412e-12 -9.0123e-12 -1.2217e-11 -3.6392e-12 -1.0213e-12 -9.8388e-12 -4.17e-12 -3.2477e-12 -2.5838e-12 -6.216e-12 -5.5832e-12 1.5837e-12 -4.0959e-12 -5.1545e-13 -9.4513e-13 1.3358e-12 -1.9527e-12 3.4288e-13 7.8834e-12 -7.5683e-12 3.776e-12 4.0636e-12 -6.4882e-12 2.4303e-12 -5.6667e-13 2.5367e-13 -3.7048e-12 2.3202e-13 1.5813e-12 6.6913e-14 2.9396e-12 -2.3117e-13 -4.2328e-12 1.1343e-12 -5.3252e-12 4.8963e-12 4.7057e-13 -2.5903e-12 1.1992e-14 -1.2525e-12 7.4785e-13 3.776e-13 3.0371e-13 5.5359e-13 -6.5171e-13 -1.4071e-13 1.4556e-13 2.3687e-13 8.4857e-15 1.2681e-13 -3.1118e-14 -1.0411e-13
9.3688e-11 6.7224e-11 9.245e-11 7.2468e-11 5.4645e-11 6.9679e-11 6.4124e-11 4.5222e-11 5.817e-11 4.0027e-11 4.1042e-11 2.193e-11 3.5362e-11 1.9726e-11 2.076e-11 1.6414e-11 1.0088e-11 3.4917e-11 1.4156e-11 1.2254e-11 3.4079e-12 5.6863e-12 3.1019e-12 1.2679e-12 7.1822e-13 1.2268e-12 1.655e-14 -8.6148e-12 -8.8383e-12 -2.9085e-13 -1.5919e-12 -1.2807e-11 -5.4997e-12 -4.3072e-12 -4.145e-12 -6.6891e-12 -7.6286e-12 -1.3234e-11 -1.3037e-11 -1.3682e-11 -5.5548e-12 -7.8812e-12 -7.3276e-12 -4.7235e-12 -5.7891e-12 -1.1728e-11 -4.6187e-12 -1.3035e-11 -1.0137e-11 -1.2087e-11 -1.8018e-12 1.1547e-12 -1.2017e-11 -4.6703e-12 6.2447e-14 -2.6747e-12 -5.9923e-13 -4.8916e-12 -3.9395e-12 -4.5266e-12 4.067e-12 -3.2418e-12 -2.2187e-12 -1.8511e-12 2.861e-12 4.9676e-12 -6.8865e-12 -1.817e-12 3.7856e-12 -6.2272e-12 7.4395e-12 7.0333e-13 -4.1847e-12 -2.8532e-12 5.6867e-13 2.5617e-12 -2.3882e-12 3.7864e-12 -2.197e-12 -5.2066e-12 1.3563e-12 -3.7271e-12 4.7543e-12 2.2288e-12 -2.5248e-12 -3.625e-13 -8.1004e-13 -3.3997e-13 9.4088e-13 1.8242e-13 2.0801e-13 -4.129e-13 -3.7254e-13 -7.5445e-14 2.7998e-13 -9.5374e-14 1.3479e-13 -4.0607e-14 -7.1802e-14
9.5833e-11 7.4156e-11 7.2468e-11 9.7095e-11 6.008e-11 7.7605e-11 6.6178e-11 4.2104e-11 6.1681e-11 4.055e-11 4.3672e-11 2.0805e-11 3.751e-11 2.5453e-11 1.5593e-11 1.9265e-11 1.3039e-11 2.3576e-11 1.8621e-11 1.9011e-11 8.1806e-12 1.4228e-12 8.4439e-12 3.4357e-13 6.3572e-12 8.2541e-12 1.6556e-12 6.1073e-13 -7.5394e-12 -5.6743e-13 -1.1206e-11 -1.0168e-11 -8.8928e-12 -6.1624e-12 -1.0639e-11 -1.0394e-11 -6.1578e-12 -1.6287e-11 -1.0484e-11 -1.438e-11 -8.0379e-12 1.0714e-13 -8.1158e-12 -1.0661e-11 -3.0709e-12 -1.9505e-11 -4.8178e-12 -1.2997e-11 -7.3657e-12 -1.0454e-11 -7.0493e-12 -2.8298e-12 -1.2904e-11 -4.7274e-12 -3.4608e-12 -1.1946e-12 -2.175e-12 -6.7048e-12 -2.296e-12 -7.9199e-12 5.8327e-13 -4.0349e-12 -4.3467e-12 -1.8226e-13 3.0149e-12 4.2716e-12 -9.4314e-12 -1.0579e-12 4.8053e-12 -6.2956e-12 2.7491e-12 -3.0758e-13 -1.3409e-12 -4.1923e-12 5.2013e-13 2.1178e-12 -2.1787e-12 2.741e-12 -1.639e-12 -2.9533e-12 4.1746e-13 -5.9761e-12 5.085e-12 9.0091e-13 -4.4262e-12 -1.0748e-13 -6.714e-13 1.302e-12 2.0559e-13 5.4131e-13 -1.3899e-13 -1.0284e-12 -3.0161e-13 1.4084e-13 2.5948e-13 -8.4682e-14 1.5331e-13 -1.9771e-14 -1.0605e-13
7.4887e-11 6.1444e-11 5.4645e-11 6.008e-11 6.2451e-11 5.4721e-11 5.8764e-11 4.033e-11 4.6165e-11 3.465e-11 4.1146e-11 1.395e-11 2.7201e-11 2.2914e-11 1.6122e-11 1.4289e-11 6.718e-12 2.8053e-11 1.6162e-11 1.355e-11 3.8708e-12 3.1428e-12 3.7156e-12 6.671e-12 4.2573e-13 8.6103e-12 3.1764e-12 2.3748e-12 -1.058e-11 -2.2551e-12 -8.4968e-12 -8.9551e-12 -9.8461e-12 -8.0356e-12 -5.4212e-12 -1.0209e-11 -9.506e-12 -9.4075e-12 -1.0569e-11 -1.2165e-11 -7.6741e-12 -3.296e-12 -5.0697e-12 -3.138e-12 -3.8395e-12 -1.3205e-11 -4.4961e-12 -6.5189e-12 -9.4974e-12 -1.0675e-11 -3.337e-12 2.9104e-13 -7.1076e-12 -2.764e-12 -1.5866e-12 -5.916e-13 -5.9457e-12 -3.6239e-12 1.3881e-12 -2.2202e-12 8.131e-13 5.8884e-13 1.1992e-12 -9.7781e-13 5.1143e-13 3.5327e-12 -5.2233e-12 3.0166e-13 4.4074e-12 -3.9311e-12 2.2858e-12 -4.3128e-13 1.4694e-12 -4.1348e-12 1.0754e-12 2.7449e-12 -5.2665e-13 2.573e-12 -2.7105e-13 -3.0974e-12 1.482e-13 -4.1788e-12 3.4694e-12 -4.9274e-13 -2.3436e-12 2.3796e-13 -9.673e-13 -2.3906e-13 2.447e-13 -4.0422e-13 2.5444e-13 -9.023e-13 4.9081e-13 3.5192e-13 2.2893e-13 -2.0908e-14 -2.9961e-14 -7.1943e-15 -9.1403e-14
9.6249e-11 6.5257e-11 6.9679e-11 7.7605e-11 5.4721e-11 8.9835e-11 6.8842e-11 4.0731e-11 6.2554e-11 3.9818e-11 4.4246e-11 1.4872e-11 3.5905e-11 2.5499e-11 2.2975e-11 1.2586e-11 1.5915e-11 2.6702e-11 1.4089e-11 1.6347e-11 3.9976e-12 1.7023e-12 -4.5618e-12 1.9636e-12 1.7838e-12 4.0985e-12 -4.0752e-12 -7.7726e-13 -1.2879e-11 7.8882e-14 -1.0858e-11 -9.0552e-12 -7.8763e-12 -1.3387e-11 -8.763e-12 -1.3468e-11 -6.3413e-12 -1.4088e-11 -1.4528e-11 -1.5353e-11 -3.6162e-12 -6.8024e-13 -9.1489e-12 -4.3023e-12 -7.5383e-12 -1.6249e-11 -5.1395e-12 -1.1981e-11 -7.0121e-12 -1.1326e-11 -9.7467e-12 -7.5404e-13 -1.0092e-11 -7.7255e-12 -5.0202e-12 -8.5456e-13 -3.7898e-12 -4.5195e-12 1.5192e-12 -5.5695e-12 1.9293e-12 -2.9111e-12 -2.1643e-12 -6.0825e-12 1.6105e-12 2.6619e-12 -5.9562e-12 5.8484e-13 6.6407e-12 -5.9591e-12 6.4641e-12 -1.937e-12 -9.8538e-13 -4.0494e-12 3.6277e-13 3.11e-12 -7.8979e-13 2.3403e-12 -7.5557e-13 -3.1192e-12 1.8885e-12 -4.8973e-12 4.2421e-12 1.1686e-12 -2.9211e-12 -2.8476e-13 -5.6158e-13 1.8041e-13 1.4855e-13 8.5736e-13 6.5998e-13 -9.8895e-13 2.5675e-13 3.719e-14 2.3882e-13 1.7518e-15 1.4363e-13 -2.5998e-14 -8.1888e-14
9.4189e-11 6.5154e-11 6.4124e-11 6.6178e-11 5.8764e-11 6.8842e-11 9.4323e-11 4.0166e-11 6.2237e-11 4.3413e-11 4.17e-11 1.6762e-11 2.3403e-11 2.9585e-11 2.6378e-11 1.2809e-11 8.8965e-12 2.0341e-11 1.4928e-11 1.9218e-11 2.8225e-12 5.6675e-12 1.2215e-12 4.1983e-12 -3.8532e-12 8.2153e-12 2.2925e-12 -1.6227e-13 -1.2471e-11 -6.581e-12 -1.0235e-11 -8.5018e-12 -5.0075e-12 -1.5614e-11 -4.9324e-12 -1.238e-11 -8.4181e-12 -1.099e-11 -1.4611e-11 -1.51e-11 -9.9859e-12 -6.3098e-12 -5.0322e-12 -2.0225e-12 -6.1422e-12 -1.7073e-11 -2.9241e-12 -1.4564e-11 -6.3122e-12 -8.7333e-12 -7.0597e-12 -2.9393e-12 -7.1919e-12 -4.8202e-12 -3.6538e-12 -3.1813e-12 -3.8411e-12 -7.0731e-12 2.0808e-12 -1.4134e-12 4.512e-12 -3.0931e-12 -3.1692e-12 -3.6391e-12 1.6612e-12 1.7473e-12 -3.9431e-12 -1.2055e-14 4.7139e-12 -8.1551e-12 6.0365e-12 7.4149e-13 1.2022e-12 -3.2189e-12 1.7747e-12 2.7049e-12 6.6667e-13 -2.5456e-13 -1.2012e-12 -4.4243e-12 5.0751e-13 -3.7916e-12 4.7423e-12 3.6744e-13 -2.6687e-12 -1.3169e-13 -1.6062e-12 1.2092e-12 4.3135e-13 -5.3242e-13 2.0101e-13 -5.3363e-13 3.6779e-13 4.0142e-13 2.4658e-13 -4.9131e-14 6.1616e-14 -3.9383e-15 -1.3592e-13
5.8077e-11 4.3935e-11 4.5222e-11 4.2104e-11 4.033e-11 4.0731e-11 4.0166e-11 4.8706e-11 3.6301e-11 2.5223e-11 2.9365e-11 8.1732e-12 2.067e-11 1.5623e-11 2.4e-11 7.1957e-12 1.0342e-11 2.5271e-11 1.0183e-11 1.3918e-11 9.2265e-12 7.1451e-12 -1.3307e-12 4.4914e-12 -1.2199e-12 7.8774e-12 2.227e-12 -7.2251e-13 -9.535e-12 -1.7969e-12 -7.5857e-12 -1.258e-12 -1.659e-12 -5.0389e-12 -2.3822e-12 -1.2163e-11 -8.4095e-12 -8.9049e-12 -1.1671e-11 -6.8608e-12 -6.4378e-12 -6.5024e-12 -4.1517e-12 -1.6937e-12 -3.5132e-12 -1.1429e-11 -2.6148e-12 -5.0419e-12 -4.0382e-12 -1.0062e-11 1.9572e-12 1.5962e-12 -5.5934e-12 -1.8061e-12 -5.9618e-13 -1.1869e-13 -4.7816e-12 -2.1395e-12 3.7477e-12 8.9731e-13 1.4812e-12 1.2774e-12 4.141e-13 -1.4362e-12 2.6558e-12 1.2542e-12 -1.8476e-12 3.6189e-12 3.2237e-12 -3.5471e-12 2.5825e-12 2.1771e-12 2.4485e-12 -3.0756e-12 1.4932e-12 1.5421e-12 -9.3757e-13 7.9556e-13 5.9202e-13 -2.6814e-12 1.1989e-12 -2.2624e-12 3.3629e-12 -7.6942e-13 -1.4412e-12 3.7752e-13 -2.6771e-14 -1.2731e-12 4.5615e-13 -1.8952e-13 2.1905e-13 -6.7924e-13 3.5047e-13 2.3451e-13 8.2752e-14 1.7117e-14 -1.9439e-14 1.2005e-14 -2.4971e-14
8.6194e-11 6.0546e-11 5.817e-11 6.1681e-11 4.6165e-11 6.2554e-11 6.2237e-11 3.6301e-11 8.0299e-11 3.7252e-11 3.7873e-11 1.4837e-11 3.1954e-11 2.0569e-11 1.7157e-11 1.6825e-11 7.8599e-12 2.6902e-11 9.4868e-12 1.5921e-11 2.39e-12 2.9057e-13 2.4462e-12 3.0688e-12 -1.8222e-12 2.4036e-12 -4.886e-12 -6.0159e-12 -9.694e-12 -2.6405e-13 -8.5523e-12 -8.5701e-12 -3.5718e-12 -5.9006e-12 1.6941e-12 -6.4851e-12 -1.0841e-11 -9.9148e-12 -1.2745e-11 -1.3178e-11 -9.4405e-12 -2.5667e-13 -5.1032e-12 -4.4907e-12 -4.3662e-12 -8.6547e-12 -6.7924e-12 -7.4381e-12 -3.7312e-12 -9.5212e-12 -8.4668e-12 9.0203e-13 -5.8546e-12 -2.1292e-12 -3.7215e-12 4.4348e-13 -2.8043e-12 -6.1482e-12 2.1002e-12 -2.9805e-12 3.1586e-12 -3.5308e-12 -1.8751e-12 -2.9624e-12 3.6648e-12 4.069e-12 -7.4585e-12 3.9261e-12 3.344e-12 -3.9258e-12 4.7861e-12 -9.023e-13 -1.9776e-12 -2.1303e-12 -1.0236e-13 2.0371e-12 -1.6424e-12 2.8289e-12 -1.935e-12 -1.5747e-12 -4.2907e-13 -4.0825e-12 3.8778e-12 6.011e-13 -2.7417e-12 4.8994e-13 -4.8486e-13 8.9363e-13 -2.6776e-13 2.3304e-13 7.9077e-13 -9.2004e-13 -2.0406e-13 -1.9686e-14 2.149e-13 -3.4654e-15 1.7972e-13 3.1748e-14 -7.0896e-14
5.766e-11 4.3771e-11 4.0027e-11 4.055e-11 3.465e-11 3.9818e-11 4.3413e-11 2.5223e-11 3.7252e-11 4.3208e-11 2.5136e-11 9.2216e-12 1.7125e-11 1.5756e-11 1.813e-11 1.3458e-11 6.7368e-12 1.316e-11 5.4533e-12 1.0648e-11 3.1975e-12 -4.3028e-13 -1.7722e-12 7.6617e-12 -2.5692e-12 4.0464e-12 -5.3521e-12 -1.9305e-12 -1.0924e-11 -8.9829e-13 -5.8794e-12 -1.8738e-12 -4.4685e-12 -5.3162e-12 -4.7961e-12 -7.4728e-12 -2.9153e-12 -5.6348e-12 -5.7262e-12 -1.116e-11 -5.178e-12 1.2538e-12 -1.3215e-12 -3.331e-12 -7.5054e-13 -8.9601e-12 6.437e-13 -6.8713e-12 -8.3277e-12 -8.1732e-12 -3.3584e-12 1.6135e-12 -2.2738e-12 -1.7514e-13 -2.766e-12 1.4045e-12 -7.3565e-13 -3.6503e-13 1.7886e-12 -1.9058e-12 9.1561e-13 -6.1931e-13 9.5798e-13 -9.9852e-13 1.4275e-12 1.7745e-12 -4.5952e-12 1.1451e-13 1.6477e-12 -2.9822e-12 2.2739e-12 1.3237e-13 -1.2523e-12 6.6413e-14 -4.1406e-13 5.5802e-13 -2.6734e-13 5.1469e-13 8.6993e-13 -2.0797e-12 1.5243e-12 -2.4504e-12 1.7214e-12 8.9619e-13 -1.2504e-12 -5.1043e-13 -1.1582e-12 5.005e-13 2.4485e-14 5.4856e-15 3.3762e-13 -2.2311e-13 -3.954e-14 1.4347e-13 1.4005e-13 -1.731e-14 1.5655e-14 -1.2708e-14 -4.5173e-14
5.439e-11 4.3281e-11 4.1042e-11 4.3672e-11 4.1146e-11 4.4246e-11 4.17e-11 2.9365e-11 3.7873e-11 2.5136e-11 4.6698e-11 1.3832e-11 2.541e-11 1.4022e-11 9.076e-12 4.1376e-12 3.3644e-12 2.4015e-11 7.8278e-12 1.1813e-11 2.7411e-12 6.504e-12 2.1435e-12 5.6836e-12 -8.3951e-13 8.4796e-12 1.0479e-12 -6.2649e-13 -7.6501e-12 6.7825e-13 -4.6926e-12 -4.6349e-12 -2.9392e-12 -9.7217e-12 -8.9449e-13 -4.7885e-12 -5.0574e-12 -8.3812e-12 -1.1535e-11 -7.0347e-12 -6.9483e-12 -4.1976e-13 -6.1268e-12 9.1264e-13 -4.2546e-12 -8.47e-12 -1.4067e-12 -4.4978e-12 4.4157e-13 -8.1414e-12 -4.0849e-12 3.0133e-12 -3.8177e-12 2.8045e-13 -1.5746e-13 3.7224e-13 -2.5851e-12 -1.8118e-12 2.8527e-12 3.3308e-13 1.8417e-13 5.154e-13 -1.5949e-12 -7.56e-13 7.9798e-13 3.6224e-13 -3.2606e-12 1.9552e-12 4.23e-12 -3.9679e-12 3.2082e-12 -3.8349e-12 -2.8248e-13 -1.8104e-12 -2.4932e-13 3.3658e-12 4.4579e-13 2.1987e-12 -2.3945e-12 -1.6402e-12 -1.7533e-13 -3.8487e-12 2.1293e-12 -1.3499e-12 -1.75e-12 1.3592e-12 -1.4332e-12 2.7011e-13 2.8871e-13 5.0857e-13 1.7601e-13 -8.8481e-13 1.9934e-13 1.4599e-13 1.2143e-13 -4.9744e-14 -1.3434e-14 2.6363e-14 -1.6388e-14
2.5233e-11 1.7612e-11 2.193e-11 2.0805e-11 1.395e-11 1.4872e-11 1.6762e-11 8.1732e-12 1.4837e-11 9.2216e-12 1.3832e-11 2.9234e-11 1.49e-11 8.4756e-12 2.2213e-12 7.3156e-12 -1.7008e-12 5.9798e-12 1.0143e-11 -7.9964e-13 -3.0867e-12 -4.1068e-13 -1.0021e-12 4.2869e-12 -6.6813e-13 1.1e-12 7.1591e-13 5.8094e-13 -2.8504e-12 -8.3378e-14 3.3484e-12 -4.4786e-13 1.5259e-12 3.3458e-12 -2.2729e-12 4.7526e-12 2.2341e-13 -6.3516e-12 -7.473e-12 -7.2655e-12 -3.3432e-12 -1.5362e-12 -1.2021e-12 -1.8326e-12 -2.0887e-12 -5.1294e-12 -4.658e-12 -4.7103e-12 3.5713e-12 -1.5915e-13 -2.6304e-12 -3.103e-12 -7.1203e-12 -2.111e-12 -3.7379e-13 -2.1493e-12 2.459e-12 -2.5604e-12 -7.1522e-13 -1.2592e-12 1.393e-12 -1.9988e-12 -2.3811e-12 -1.3653e-12 2.6991e-12 3.3617e-12 -3.1569e-12 -2.5689e-12 7.6449e-13 -1.0398e-12 2.4031e-13 2.1974e-12 -2.1795e-12 -1.595e-12 1.0428e-12 2.6266e-12 2.9894e-12 2.9705e-12 -1.579e-12 -7.7945e-13 -2.1338e-12 -9.0417e-13 5.3361e-14 -1.1112e-12 3.1182e-13 -1.3608e-12 -5.4904e-13 -3.9134e-13 6.1197e-13 -4.4021e-14 -1.0716e-13 8.8083e-14 1.0796e-13 4.3418e-14 5.9723e-14 2.2106e-14 8.3502e-14 -6.5132e-14 -2.0373e-14
4.9789e-11 3.578e-11 3.5362e-11 3.751e-11 2.7201e-11 3.5905e-11 2.3403e-11 2.067e-11 3.1954e-11 1.7125e-11 2.541e-11 1.49e-11 3.5111e-11 1.0974e-11 7.3809e-12 8.9221e-12 5.3087e-12 1.8628e-11 1.0042e-11 7.2863e-12 1.929e-12 -4.4282e-13 -6.3729e-13 4.7438e-12 -3.5836e-12 2.856e-12 -1.3522e-12 -1.1998e-12 -6.1828e-12 -2.4774e-12 -4.6576e-12 -4.8438e-12 9.4138e-13 -1.2161e-12 -2.842e-12 -1.5493e-12 -4.9664e-12 -7.809e-12 -7.8173e-12 -5.5426e-12 -1.9749e-12 -1.1207e-12 -3.4273e-12 -5.8666e-12 -5.6868e-12 -8.9282e-12 -6.9908e-12 -3.9046e-12 -2.369e-12 -4.5122e-12 -4.7823e-12 2.2882e-12 -6.7055e-12 -3.4508e-12 -5.7998e-13 1.8419e-12 -2.9793e-12 -2.7954e-12 -1.0833e-12 -2.4356e-12 2.5599e-12 8.4859e-13 -1.8689e-12 -7.3815e-13 9.9962e-13 4.0112e-12 -6.2984e-12 -7.8637e-13 2.8992e-12 -2.1965e-12 1.5463e-12 3.8796e-13 -2.3536e-12 -2.0595e-12 1.4732e-12 1.3786e-13 6.763e-14 2.6274e-12 -1.6898e-12 -3.9286e-13 -7.6776e-13 -2.5033e-12 2.2751e-12 6.5499e-14 -6.9646e-13 -9.7616e-13 1.1142e-13 9.4221e-14 3.9682e-14 4.6092e-13 -1.7966e-13 -5.3642e-13 6.9414e-15 1.2852e-14 2.1232e-13 3.9497e-14 1.3087e-13 -3.1897e-14 2.5856e-14
3.6639e-11 2.5691e-11 1.9726e-11 2.5453e-11 2.2914e-11 2.5499e-11 2.9585e-11 1.5623e-11 2.0569e-11 1.5756e-11 1.4022e-11 8.4756e-12 1.0974e-11 2.5854e-11 1.2182e-11 4.7413e-12 6.5959e-12 5.1919e-12 1.0544e-11 7.0793e-12 1.072e-12 1.0738e-12 -7.6846e-13 6.0705e-12 -5.1212e-12 1.9434e-13 -4.8733e-12 -2.6526e-12 -9.8087e-12 -8.4101e-13 -6.9671e-12 2.0779e-13 -4.3394e-12 -2.0849e-12 -6.5971e-12 -3.1563e-12 2.2664e-13 -3.1915e-12 -4.182e-12 -8.1781e-12 -6.8483e-13 3.6024e-13 1.6384e-12 -2.2899e-12 -4.0971e-12 -7.4032e-12 -2.5602e-12 -8.4525e-12 -4.2547e-12 -6.3194e-12 -3.6058e-12 -2.7216e-12 -1.1347e-12 -2.1083e-12 -2.1002e-12 5.203e-13 -6.2287e-13 -9.4103e-13 1.1745e-12 -2.8245e-12 1.2229e-12 -9.6401e-14 2.6704e-13 -1.6133e-12 1.4867e-12 -3.5279e-13 -2.6904e-12 1.7656e-12 3.721e-12 -4.2518e-12 2.0119e-12 1.1595e-12 -3.3523e-13 -9.415e-13 -6.0387e-13 1.0431e-12 -1.2413e-13 -6.292e-13 -1.6761e-12 -1.7347e-12 -3.0554e-13 -1.5821e-12 2.0238e-12 -3.1048e-13 3.4034e-13 -1.4793e-12 -7.6283e-13 3.1624e-13 3.4334e-14 -4.7228e-13 3.9676e-13 -8.9778e-14 2.945e-13 2.278e-13 6.0901e-14 1.9381e-14 1.8132e-14 -6.6084e-14 -4.4333e-15
3.4273e-11 2.2367e-11 2.076e-11 1.5593e-11 1.6122e-11 2.2975e-11 2.6378e-11 2.4e-11 1.7157e-11 1.813e-11 9.076e-12 2.2213e-12 7.3809e-12 1.2182e-11 2.7692e-11 4.9303e-12 6.9096e-12 1.2927e-12 1.8881e-12 8.1362e-12 3.8204e-12 2.9263e-12 -6.5266e-12 7.1052e-12 -1.766e-12 3.4335e-12 -3.5388e-13 -4.7081e-12 -9.7026e-12 -1.9659e-12 -3.7429e-12 -1.5227e-12 3.4716e-13 -7.175e-12 -5.8444e-12 -9.7028e-12 -1.5856e-12 -6.5641e-12 -4.5517e-12 -8.1512e-12 -1.0253e-12 -4.2105e-12 1.0033e-12 -1.1782e-12 -9.1986e-13 -1.1613e-11 -9.5472e-13 -8.9693e-12 -3.5553e-12 -4.1481e-12 1.2373e-12 -1.7312e-12 -3.2851e-12 -2.1523e-12 -1.619e-12 -3.0468e-13 -4.6854e-12 5.5047e-13 5.1636e-12 8.5695e-13 3.8957e-12 9.0269e-13 1.6646e-12 -1.7839e-12 3.9187e-13 -1.1971e-12 9.6739e-13 2.9928e-12 2.3449e-12 -3.0824e-12 3.2992e-12 2.5257e-12 1.3576e-12 -5.1185e-13 1.6982e-12 -2.3434e-13 -1.802e-13 -2.0307e-13 -2.1493e-13 -1.8612e-12 2.326e-12 5.1738e-13 2.505e-12 2.798e-13 -2.2585e-13 -1.2785e-12 -3.6796e-13 -1.7077e-13 3.8367e-13 3.3499e-14 4.1243e-13 2.5576e-13 2.3534e-13 1.4082e-14 3.0218e-15 1.1374e-14 2.0139e-14 -2.2311e-14 -1.6122e-14
2.3087e-11 1.6767e-11 1.6414e-11 1.9265e-11 1.4289e-11 1.2586e-11 1.2809e-11 7.1957e-12 1.6825e-11 1.3458e-11 4.1376e-12 7.3156e-12 8.9221e-12 4.7413e-12 4.9303e-12 2.693e-11 1.1626e-12 -7.1239e-13 -5.0221e-13 2.4039e-12 -6.8064e-13 -3.5511e-12 4.0147e-12 2.2986e-12 4.4924e-13 -3.2172e-12 -4.5719e-13 -1.472e-13 -2.4272e-12 -3.6785e-13 -3.6636e-12 -1.8776e-12 -6.4725e-12 -2.6151e-12 -1.0144e-12 -8.3964e-13 -5.0875e-12 -4.5572e-12 5.409e-12 -6.6368e-12 -2.6088e-12 -7.4686e-12 2.231e-12 -9.8879e-12 9.1695e-13 -4.2781e-12 -6.0019e-12 -3.2776e-12 -4.6092e-12 -1.4534e-12 -6.3837e-14 -4.511e-12 -4.1261e-12 -1.2018e-12 -9.3929e-13 -4.0863e-13 6.0829e-13 -7.0941e-13 -9.7042e-13 -6.233e-13 8.2724e-13 -1.9719e-12 -2.6408e-13 2.0451e-12 3.4652e-13 1.7495e-12 -4.5675e-12 -1.2351e-12 -1.9267e-13 4.7498e-13 -1.9564e-12 -8.4138e-13 -2.9646e-12 -8.6932e-13 1.0344e-12 -1.2653e-12 -1.4306e-12 2.5046e-12 8.1857e-13 -2.5819e-12 -1.1855e-13 -1.8045e-12 1.1771e-12 -4.7776e-13 -6.9956e-13 -2.1034e-13 6.0987e-13 9.5942e-13 -3.0497e-13 4.0412e-13 5.2417e-13 -8.0076e-14 -3.7021e-13 7.0465e-14 4.5174e-14 -4.6264e-14 5.7045e-15 7.5214e-15 1.2917e-14
1.246e-11 5.7746e-12 1.0088e-11 1.3039e-11 6.718e-12 1.5915e-11 8.8965e-12 1.0342e-11 7.8599e-12 6.7368e-12 3.3644e-12 -1.7008e-12 5.3087e-12 6.5959e-12 6.9096e-12 1.1626e-12 1.5994e-11 2.9222e-12 4.7042e-12 1.3857e-12 4.8554e-12 7.0393e-14 -2.5466e-12 7.0476e-13 -1.5149e-12 1.3395e-12 1.5058e-12 -3.9879e-12 -4.1154e-12 9.122e-13 -1.6433e-12 4.3628e-12 -2.1754e-12 -1.5841e-12 -5.1305e-12 -4.72e-12 7.0055e-13 1.121e-13 -1.3741e-12 -1.1923e-12 -3.0197e-12 6.8571e-13 5.4618e-14 -1.4892e-12 3.5858e-13 -1.9714e-12 2.5897e-12 -2.8015e-12 -3.0329e-12 7.0553e-13 -1.3169e-12 7.6574e-13 -2.676e-13 -2.1939e-12 -2.9899e-12 4.2231e-12 1.3376e-12 -4.2962e-14 3.1733e-14 -1.182e-12 -1.1836e-12 -9.6801e-13 3.433e-13 -1.37e-12 -3.7103e-13 -1.6495e-12 9.082e-13 -6.0401e-13 3.8508e-13 -2.2582e-12 1.0945e-12 7.9827e-13 1.4418e-13 1.7499e-13 -1.6453e-12 -9.0178e-13 -2.9667e-13 -2.3954e-12 1.0808e-12 -4.4829e-14 9.5292e-13 4.6052e-13 1.6332e-12 9.2276e-13 -3.2419e-13 -6.5971e-14 3.2104e-13 1.51e-14 3.8845e-13 1.3225e-13 1.8769e-13 5.4124e-14 1.7026e-13 5.4782e-15 6.7532e-15 -3.0356e-15 1.4554e-14 2.7525e-14 1.2057e-14
3.4014e-11 2.5795e-11 3.4917e-11 2.3576e-11 2.8053e-11 2.6702e-11 2.0341e-11 2.5271e-11 2.6902e-11 1.316e-11 2.4015e-11 5.9798e-12 1.8628e-11 5.1919e-12 1.2927e-12 -7.1239e-13 2.9222e-12 4.54e-11 8.0885e-12 5.0903e-12 9.7894e-13 3.004e-12 2.4933e-12 2.0464e-12 2.4364e-12 3.6545e-15 1.3345e-12 -1.2208e-12 -2.8867e-12 -3.336e-12 -3.409e-12 -4.0013e-12 7.8434e-13 -7.3151e-14 1.8888e-12 2.1524e-12 -6.7967e-12 -6.6244e-13 -1.0411e-11 4.2768e-13 -1.9155e-12 3.7048e-13 -4.5059e-12 2.1448e-12 -3.5025e-12 -6.1417e-14 -7.9668e-13 -6.9755e-13 -3.9068e-12 -9.0395e-12 7.3199e-13 3.0902e-12 -1.4034e-12 -1.025e-12 3.4256e-12 1.4868e-12 -1.2348e-13 -2.3646e-12 -7.5018e-13 8.2285e-13 1.5073e-12 3.3697e-12 1.5913e-12 -2.2319e-12 5.9179e-13 2.5111e-12 -2.1658e-12 2.2717e-14 2.4431e-12 -5.9929e-13 3.0049e-12 9.3163e-13 -4.8029e-13 -2.679e-12 -3.8941e-13 1.4837e-12 1.0363e-13 1.7969e-12 1.2527e-12 -6.3908e-13 -1.1546e-12 -3.5277e-12 1.8346e-12 1.4071e-12 2.3579e-13 1.1374e-12 8.8319e-13 -1.6375e-12 -4.7415e-13 4.9291e-13 -3.0913e-13 -4.6827e-13 1.8796e-13 2.2877e-13 6.4014e-14 2.0203e-15 5.2602e-14 -1.7057e-14 1.6112e-14
2.4485e-11 1.548e-11 1.4156e-11 1.8621e-11 1.6162e-11 1.4089e-11 1.4928e-11 1.0183e-11 9.4868e-12 5.4533e-12 7.8278e-12 1.0143e-11 1.0042e-11 1.0544e-11 1.8881e-12 -5.0221e-13 4.7042e-12 8.0885e-12 2.7223e-11 3.6123e-12 1.7698e-12 1.9812e-13 3.4486e-12 -1.6081e-12 7.4974e-13 1.7166e-12 1.5616e-12 1.8804e-12 -3.7076e-12 -4.0211e-12 2.2277e-12 -6.3992e-12 -2.0819e-12 1.0031e-12 -5.8296e-12 -1.2092e-13 -5.0369e-12 -5.9215e-13 -2.7657e-12 -1.5707e-13 -3.1539e-12 2.0019e-12 -1.8065e-12 -5.814e-12 -3.7765e-13 -7.5627e-12 -5.1816e-12 -2.8222e-12 -7.1908e-13 -2.0408e-12 -4.8834e-12 1.6793e-13 -3.7553e-12 -7.9965e-13 -2.2072e-12 1.2696e-12 -3.0697e-12 -1.8746e-12 -1.9997e-12 -5.1824e-13 -3.5357e-12 -1.5767e-12 1.7323e-12 -1.7284e-12 1.5098e-12 2.0608e-12 -1.4606e-12 -1.796e-12 -1.6995e-12 -3.1654e-12 -6.569e-13 2.9078e-12 -1.5737e-13 -2.2747e-12 5.6079e-13 4.7348e-13 -4.9162e-13 -1.8004e-12 -6.6648e-13 -1.0304e-12 -8.3002e-13 -1.0408e-13 1.0765e-12 1.6687e-13 1.3583e-13 4.6783e-13 -8.4925e-13 -2.941e-13 1.0912e-13 -3.8295e-13 -4.0804e-13 -5.0406e-13 2.7571e-13 2.7598e-13 7.4159e-14 -1.5774e-14 -4.3954e-14 -6.3247e-15 -2.8511e-14
3.0965e-11 2.3893e-11 1.2254e-11 1.9011e-11 1.355e-11 1.6347e-11 1.9218e-11 1.3918e-11 1.5921e-11 1.0648e-11 1.1813e-11 -7.9964e-13 7.2863e-12 7.0793e-12 8.1362e-12 2.4039e-12 1.3857e-12 5.0903e-12 3.6123e-12 2.3424e-11 3.3295e-12 2.4788e-12 -1.8855e-12 -1.2e-12 -7.2693e-13 2.9753e-12 -3.2346e-12 8.2074e-13 -4.4858e-12 6.1038e-13 -2.9799e-12 -2.1189e-12 -3.184e-12 -4.9784e-12 -5.0177e-12 -9.0525e-12 -6.834e-12 -2.9694e-12 -6.0365e-12 -4.4145e-13 -1.7323e-12 -1.4445e-12 -2.6182e-12 -6.3523e-12 -3.5866e-12 -8.7187e-12 -7.268e-14 -3.3762e-12 2.7417e-12 -2.2645e-12 -1.925e-12 -1.102e-12 -5.2596e-13 -7.8099e-13 -2.5721e-12 -8.4255e-13 -1.9013e-12 -3.2572e-12 2.5038e-12 -8.6578e-13 1.6951e-12 -5.5328e-13 -4.7666e-13 -3.4334e-13 8.5581e-14 1.597e-12 -1.7635e-12 2.9208e-12 1.6707e-12 -2.5422e-12 -1.2782e-12 -9.8813e-13 -7.5124e-13 3.0709e-14 -1.4048e-13 -2.4942e-13 -1.211e-12 -3.021e-13 3.5298e-13 -2.531e-12 1.6846e-12 -2.0888e-12 1.3895e-12 -1.6017e-13 -3.5475e-13 9.6455e-13 3.817e-13 2.2861e-13 1.0742e-14 2.12e-13 -1.825e-13 -3.2963e-13 -2.0996e-14 1.5554e-13 -3.6841e-14 1.1105e-14 1.5165e-14 8.808e-14 3.8716e-14
3.4756e-12 3.3106e-12 3.4079e-12 8.1806e-12 3.8708e-12 3.9976e-12 2.8225e-12 9.2265e-12 2.39e-12 3.1975e-12 2.7411e-12 -3.0867e-12 1.929e-12 1.072e-12 3.8204e-12 -6.8064e-13 4.8554e-12 9.7894e-13 1.7698e-12 3.3295e-12 1.2782e-11 4.6207e-12 1.0129e-12 1.3869e-12 1.5186e-12 4.3038e-12 2.0474e-12 1.5366e-12 -1.3097e-12 -2.2488e-12 4.7873e-13 4.5988e-12 -5.2697e-13 2.6674e-12 -1.7795e-12 -4.2617e-12 -2.086e-12 -5.4899e-13 -1.0061e-12 -1.8989e-12 -3.7375e-12 1.3179e-12 -1.4593e-13 -8.9983e-13 9.2032e-14 -3.8378e-12 1.4056e-12 -6.9434e-13 -1.4325e-12 -1.5952e-12 1.1273e-12 3.7018e-12 7.9586e-13 -5.5604e-13 4.2656e-13 1.8838e-12 -9.0251e-13 6.9925e-13 1.0256e-12 9.8444e-13 -1.5559e-13 6.0847e-14 4.64e-13 1.9085e-12 -8.0831e-14 -4.7354e-13 -5.3996e-13 1.956e-13 -7.0499e-13 -2.2562e-12 5.7875e-13 8.3605e-13 1.7154e-12 1.3623e-12 1.1498e-13 1.8724e-12 -1.2959e-12 -6.2397e-13 3.1714e-13 -7.2597e-13 1.2082e-12 -5.4071e-13 1.0316e-12 -5.2219e-13 -8.2124e-13 3.2791e-13 3.5108e-13 4.4001e-13 1.9046e-13 7.817e-14 -5.2603e-13 -1.6518e-13 -1.1167e-13 2.0546e-13 -3.5142e-14 -6.3507e-14 4.4793e-15 4.0424e-14 2.2861e-14
-1.5137e-12 -6.5576e-13 5.6863e-12 1.4228e-12 3.1428e-12 1.7023e-12 5.6675e-12 7.1451e-12 2.9057e-13 -4.3028e-13 6.504e-12 -4.1068e-13 -4.4282e-13 1.0738e-12 2.9263e-12 -3.5511e-12 7.0393e-14 3.004e-12 1.9812e-13 2.4788e-12 4.6207e-12 1.5422e-11 1.8145e-12 -9.1071e-13 2.287e-12 7.0544e-13 1.2265e-12 1.2663e-12 -1.2982e-12 -5.0592e-13 1.9852e-13 1.8875e-13 -3.5907e-13 -3.6879e-13 -7.0775e-14 -9.9583e-13 -9.8034e-14 -1.4819e-12 -2.879e-12 -6.715e-13 -4.6081e-13 -1.4848e-12 -3.5726e-13 2.5386e-12 -2.2094e-12 -7.2058e-13 -1.9235e-12 -2.1902e-12 1.1489e-13 -1.4344e-12 1.0963e-12 8.7947e-13 2.4156e-12 7.4549e-13 1.3714e-12 -7.8994e-13 -6.5775e-13 -8.8729e-13 -1.1684e-12 1.0432e-12 -1.025e-12 8.5832e-13 -5.4699e-13 1.6647e-12 1.4331e-12 -1.5518e-12 -1.0868e-12 5.2495e-13 2.0729e-12 -1.5308e-12 1.8204e-12 7.9342e-13 1.1085e-12 1.0396e-12 2.9545e-13 1.4231e-12 -8.7825e-13 -9.1578e-13 -1.021e-12 -4.9266e-13 -1.0554e-12 -2.365e-13 -6.339e-14 1.3923e-13 3.7238e-13 6.0744e-13 -9.5594e-14 -2.6954e-13 4.2888e-13 9.4918e-14 -5.2529e-13 -1.3253e-13 -1.4992e-13 1.215e-13 3.1257e-14 -3.5637e-14 -1.8019e-14 1.9472e-14 1.6135e-14
-3.4199e-12 5.9163e-13 3.1019e-12 8.4439e-12 3.7156e-12 -4.5618e-12 1.2215e-12 -1.3307e-12 2.4462e-12 -1.7722e-12 2.1435e-12 -1.0021e-12 -6.3729e-13 -7.6846e-13 -6.5266e-12 4.0147e-12 -2.5466e-12 2.4933e-12 3.4486e-12 -1.8855e-12 1.0129e-12 1.8145e-12 2.2727e-11 -6.2252e-12 4.9308e-12 1.2813e-12 6.8715e-12 -1.3536e-12 2.0619e-12 -4.6165e-12 -5.9164e-13 -2.8387e-12 -2.9733e-12 3.9205e-12 -9.7082e-13 2.8349e-12 -1.7313e-12 3.3717e-12 2.0883e-12 -3.4598e-12 -7.6067e-13 -1.311e-12 5.1408e-13 -3.4151e-12 1.2291e-12 8.0647e-13 -8.9147e-13 -1.8461e-12 -6.2681e-13 -2.7221e-12 -1.288e-12 -4.245e-13 -1.4494e-13 1.6999e-12 2.3852e-12 2.873e-13 2.3856e-12 -7.0975e-13 -7.9357e-13 3.6853e-13 6.0527e-13 6.5469e-13 -7.2798e-13 3.2267e-12 9.967e-13 -1.0265e-12 -9.9477e-13 -6.9154e-13 -1.3711e-12 -8.7104e-13 -1.3747e-12 5.8476e-13 7.7734e-14 -1.0034e-12 7.1683e-13 -6.5544e-13 1.3677e-13 -6.8881e-13 -1.2763e-12 2.0401e-13 -2.14e-12 -1.4036e-12 1.1526e-12 6.5113e-13 -1.3337e-12 1.0738e-12 1.1224e-14 1.1876e-12 -3.3409e-13 8.3263e-14 -3.4132e-13 -7.9812e-13 7.6064e-14 2.1844e-13 -3.8764e-14 -1.2058e-13 -9.8053e-16 -3.0146e-14 -3.5863e-14
8.0002e-12 5.3993e-12 1.2679e-12 3.4357e-13 6.671e-12 1.9636e-12 4.1983e-12 4.4914e-12 3.0688e-12 7.6617e-12 5.6836e-12 4.2869e-12 4.7438e-12 6.0705e-12 7.1052e-12 2.2986e-12 7.0476e-13 2.0464e-12 -1.6081e-12 -1.2e-12 1.3869e-12 -9.1071e-13 -6.2252e-12 1.6938e-11 1.8024e-13 2.7305e-12 -2.1283e-12 -3.2436e-12 -1.6186e-12 6.6429e-13 2.691e-12 2.0974e-12 -4.1738e-13 -9.1238e-13 -3.2595e-13 2.1674e-12 2.8976e-12 -1.5455e-12 2.1055e-12 -1.1879e-12 -7.2143e-14 1.906e-12 2.3481e-12 -1.3012e-12 -6.1167e-13 -2.5576e-12 -7.0952e-13 1.004e-12 -4.569e-13 -3.5345e-12 2.169e-12 2.1957e-12 -4.5238e-13 1.7869e-12 3.7214e-13 1.2431e-12 -1.8619e-13 1.1157e-12 -1.05e-13 -5.3667e-13 1.5526e-12 2.7276e-12 1.8055e-12 2.0521e-12 -1.12e-12 -1.005e-12 -2.2286e-13 4.76e-13 1.0148e-12 5.1707e-13 6.9793e-13 1.002e-12 2.6467e-13 1.7315e-12 -3.1419e-13 3.5233e-13 1.3475e-12 1.0477e-12 6.7667e-14 1.5656e-12 6.4719e-13 1.5979e-13 7.0048e-14 3.0912e-13 1.0703e-12 -1.3415e-12 2.9036e-13 -2.4071e-14 4.219e-13 -4.2857e-14 1.3017e-13 4.8629e-13 8.2001e-14 1.1465e-13 5.8195e-14 4.228e-14 -2.451e-14 -3.0345e-14 1.2764e-14
-4.7413e-12 1.2169e-12 7.1822e-13 6.3572e-12 4.2573e-13 1.7838e-12 -3.8532e-12 -1.2199e-12 -1.8222e-12 -2.5692e-12 -8.3951e-13 -6.6813e-13 -3.5836e-12 -5.1212e-12 -1.766e-12 4.4924e-13 -1.5149e-12 2.4364e-12 7.4974e-13 -7.2693e-13 1.5186e-12 2.287e-12 4.9308e-12 1.8024e-13 2.0877e-11 3.786e-12 -6.5628e-13 2.6211e-12 2.0615e-12 1.2068e-13 1.2136e-12 -1.1557e-12 -3.365e-12 2.3407e-12 -9.5851e-13 2.272e-12 -8.6768e-13 -6.5298e-12 3.4116e-12 -4.8664e-12 1.3349e-12 3.8286e-12 -1.0869e-13 8.8972e-13 3.2837e-12 -1.4751e-12 1.9068e-12 4.7279e-13 -2.8061e-13 1.6111e-12 3.3053e-12 -1.2514e-12 -1.4292e-12 -1.0712e-12 1.5753e-12 -2.8751e-12 1.3544e-12 8.5776e-13 -2.4273e-12 5.9466e-13 -1.7634e-12 -1.5224e-12 6.1913e-13 2.4622e-12 -1.4219e-13 -5.9982e-13 9.1962e-13 -1.1942e-12 2.8324e-13 -3.6217e-13 -1.0551e-12 2.138e-13 -3.1082e-13 1.3733e-12 -1.2021e-12 3.9247e-13 -7.5404e-13 1.1771e-12 9.4645e-13 1.0135e-12 -1.7393e-12 -2.3468e-12 -1.833e-13 1.2259e-12 -1.9081e-12 9.1784e-13 2.0613e-13 -3.5751e-14 5.3112e-13 9.8664e-13 -5.1908e-13 -1.1756e-13 -1.2322e-13 8.5653e-14 -9.0566e-14 -8.367e-14 -2.7157e-14 2.9151e-14 -7.21e-14
4.3483e-12 1.2036e-11 1.2268e-12 8.2541e-12 8.6103e-12 4.0985e-12 8.2153e-12 7.8774e-12 2.4036e-12 4.0464e-12 8.4796e-12 1.1e-12 2.856e-12 1.9434e-13 3.4335e-12 -3.2172e-12 1.3395e-12 3.6545e-15 1.7166e-12 2.9753e-12 4.3038e-12 7.0544e-13 1.2813e-12 2.7305e-12 3.786e-12 1.874e-11 4.2315e-12 5.525e-13 -1.6116e-12 1.8441e-12 7.4668e-13 4.5091e-12 1.1137e-12 -3.9163e-12 -6.735e-13 -2.679e-12 -4.671e-12 -4.6718e-12 -1.7699e-12 2.2023e-12 -3.4535e-12 7.75e-13 -9.9867e-14 1.6314e-13 -8.7138e-13 -5.3633e-12 2.85e-12 1.2794e-12 2.9248e-12 -1.3617e-13 1.4628e-12 1.7905e-12 -2.8389e-12 -8.1125e-13 1.191e-12 2.1234e-13 -2.5534e-12 9.0786e-13 3.1606e-12 9.6736e-13 -2.5759e-12 1.5294e-12 1.478e-12 2.1761e-12 5.4716e-13 -2.2099e-13 1.7298e-12 2.4475e-12 -1.4635e-12 -1.4656e-12 3.7484e-13 2.357e-13 1.747e-12 3.2274e-13 3.2558e-13 4.0085e-13 5.9923e-13 1.0456e-13 8.52e-13 2.1235e-13 -4.6377e-14 -8.5852e-13 9.964e-13 -4.8519e-13 -1.4642e-12 6.6201e-13 -3.963e-13 -2.2951e-13 5.208e-13 -6.6722e-15 -1.4213e-13 -2.8967e-13 2.369e-13 1.9719e-13 6.4179e-14 2.846e-15 1.0816e-14 2.6496e-14 -4.1373e-14
-5.7651e-12 -2.6178e-12 1.655e-14 1.6556e-12 3.1764e-12 -4.0752e-12 2.2925e-12 2.227e-12 -4.886e-12 -5.3521e-12 1.0479e-12 7.1591e-13 -1.3522e-12 -4.8733e-12 -3.5388e-13 -4.5719e-13 1.5058e-12 1.3345e-12 1.5616e-12 -3.2346e-12 2.0474e-12 1.2265e-12 6.8715e-12 -2.1283e-12 -6.5628e-13 4.2315e-12 1.8123e-11 -5.4007e-13 3.5639e-12 -1.8703e-12 1.911e-12 -1.7188e-12 3.7291e-12 -9.7431e-13 3.8649e-13 -7.9845e-15 2.5123e-12 3.5547e-12 -1.7229e-12 8.5912e-13 -1.4535e-12 -4.5738e-13 -2.0844e-12 9.4853e-13 4.2842e-12 -1.8363e-12 1.5866e-12 -3.2935e-13 -6.9918e-13 2.9327e-12 3.7913e-13 -1.1471e-12 -3.9902e-12 9.0703e-14 7.3383e-13 2.9364e-12 -1.5489e-12 7.8715e-14 1.8113e-12 -4.4819e-13 2.2142e-12 1.4512e-12 2.3289e-12 8.7008e-13 -6.679e-13 -1.0062e-12 3.5194e-12 -1.4426e-12 -1.1558e-12 -6.3294e-14 4.2433e-13 2.0882e-12 2.4147e-12 -2.8172e-12 1.9469e-12 -7.7543e-13 7.9922e-13 -1.3484e-13 -2.1369e-13 6.7123e-13 6.9683e-13 1.5797e-12 1.964e-12 4.1508e-13 -5.8855e-13 4.7366e-13 6.0947e-13 4.1715e-13 3.9009e-13 -1.0799e-13 -3.563e-13 7.4991e-14 4.5542e-14 7.8897e-14 -1.3121e-13 -5.8109e-14 1.0076e-14 8.2495e-15 -2.8477e-14
-8.5263e-13 1.4073e-12 -8.6148e-12 6.1073e-13 2.3748e-12 -7.7726e-13 -1.6227e-13 -7.2251e-13 -6.0159e-12 -1.9305e-12 -6.2649e-13 5.8094e-13 -1.1998e-12 -2.6526e-12 -4.7081e-12 -1.472e-13 -3.9879e-12 -1.2208e-12 1.8804e-12 8.2074e-13 1.5366e-12 1.2663e-12 -1.3536e-12 -3.2436e-12 2.6211e-12 5.525e-13 -5.4007e-13 1.7385e-11 1.6255e-12 -9.5226e-13 -4.1509e-12 1.3497e-12 -7.3034e-15 -1.0708e-12 1.8468e-12 -2.0299e-12 -7.0009e-13 9.773e-13 -2.9534e-12 -1.1884e-12 -1.8475e-12 8.8714e-13 -2.847e-12 1.1752e-12 -3.1894e-14 -6.956e-13 -2.3092e-12 2.8357e-12 2.0564e-12 7.9873e-14 -4.5007e-13 -1.5999e-12 7.8599e-13 -8.6599e-13 -1.6022e-12 -3.5588e-12 -6.5963e-14 -6.3164e-13 -1.5487e-12 2.7227e-13 -3.1992e-12 -8.6506e-13 -1.0463e-12 -6.6687e-13 -1.5485e-12 3.6872e-12 -3.8241e-13 -1.2616e-12 6.0636e-13 1.3042e-12 -2.4823e-12 -8.232e-13 2.309e-12 -8.2944e-13 1.213e-12 -3.8951e-13 1.6985e-13 -1.3984e-13 2.2915e-12 -6.3482e-13 -9.3048e-13 -6.6174e-13 -1.348e-12 -1.6554e-12 -1.2665e-12 4.1684e-13 -8.8556e-13 1.3514e-13 -2.4901e-13 5.9194e-13 -4.3893e-13 -4.2566e-13 -6.4083e-14 2.0767e-13 2.5673e-14 3.8972e-14 2.3913e-15 1.5777e-14 -2.9584e-14
-1.855e-11 -1.4205e-11 -8.8383e-12 -7.5394e-12 -1.058e-11 -1.2879e-11 -1.2471e-11 -9.535e-12 -9.694e-12 -1.0924e-11 -7.6501e-12 -2.8504e-12 -6.1828e-12 -9.8087e-12 -9.7026e-12 -2.4272e-12 -4.1154e-12 -2.8867e-12 -3.7076e-12 -4.4858e-12 -1.3097e-12 -1.2982e-12 2.0619e-12 -1.6186e-12 2.0615e-12 -1.6116e-12 3.5639e-12 1.6255e-12 1.2674e-11 9.0062e-13 3.7229e-12 -6.7611e-13 -4.1645e-13 2.5969e-14 3.5968e-12 3.7813e-12 2.4018e-12 3.645e-12 4.2143e-12 3.6724e-12 1.1858e-12 1.1336e-12 1.7422e-12 -5.892e-13 1.9663e-12 4.7296e-12 3.3781e-13 3.9124e-12 3.427e-12 1.6539e-12 2.0382e-12 7.8764e-13 -8.5105e-15 1.4263e-12 1.9102e-12 -5.9627e-13 2.6889e-12 -3.9404e-13 -1.9181e-12 2.5829e-13 -6.5044e-13 -4.6501e-14 -1.0182e-12 2.7834e-12 1.2e-12 4.6802e-13 9.9523e-13 -9.5163e-13 -1.3047e-12 1.1226e-12 -1.4568e-13 -5.4374e-13 1.3226e-13 9.968e-13 1.5066e-12 -2.697e-13 -4.8539e-13 -2.4014e-13 -2.3938e-13 1.7585e-12 -4.6613e-13 1.0408e-12 -1.1638e-12 6.0279e-13 1.7016e-13 2.8105e-13 5.0749e-13 1.7251e-13 2.4624e-14 2.5751e-14 -4.7169e-13 1.4256e-13 -3.4309e-13 -1.2135e-13 -4.1498e-14 -1.9124e-14 -2.6911e-15 1.7809e-15 -1.4233e-14
-1.7826e-12 3.6145e-13 -2.9085e-13 -5.6743e-13 -2.2551e-12 7.8882e-14 -6.581e-12 -1.7969e-12 -2.6405e-13 -8.9829e-13 6.7825e-13 -8.3378e-14 -2.4774e-12 -8.4101e-13 -1.9659e-12 -3.6785e-13 9.122e-13 -3.336e-12 -4.0211e-12 6.1038e-13 -2.2488e-12 -5.0592e-13 -4.6165e-12 6.6429e-13 1.2068e-13 1.8441e-12 -1.8703e-12 -9.5226e-13 9.0062e-13 1.2928e-11 -1.3762e-12 6.0806e-13 3.1179e-13 -2.3251e-12 1.8335e-12 9.4564e-13 9.5888e-13 -2.287e-12 -1.0135e-12 1.2289e-12 -2.8169e-13 1.5712e-12 -2.3204e-13 -3.6671e-13 -1.8508e-12 1.0412e-12 4.2264e-13 1.8084e-12 1.323e-12 -6.874e-13 9.1292e-13 -7.7868e-14 -1.0997e-12 3.1746e-12 -2.5856e-12 1.2331e-12 2.5391e-12 5.3642e-13 2.5964e-13 -1.9881e-12 -2.6129e-12 -5.4437e-13 1.0782e-12 -1.0968e-12 5.0475e-13 1.4615e-12 -1.2285e-13 9.2978e-13 1.7604e-12 1.6492e-12 -7.6962e-13 -2.9681e-12 -9.825e-13 -1.0736e-13 -6.3937e-13 -1.8904e-13 -1.9765e-12 3.6258e-13 4.3976e-13 3.8174e-14 8.5126e-13 1.059e-12 -1.1485e-12 -2.235e-13 -2.4556e-13 1.2846e-14 -5.7323e-13 5.2722e-13 6.9344e-13 -4.2802e-15 2.8793e-13 1.542e-14 -1.0725e-13 -2.29e-13 -4.4018e-14 2.2503e-14 3.5197e-14 3.4656e-14 1.89e-14
-1.0662e-11 -1.0643e-11 -1.5919e-12 -1.1206e-11 -8.4968e-12 -1.0858e-11 -1.0235e-11 -7.5857e-12 -8.5523e-12 -5.8794e-12 -4.6926e-12 3.3484e-12 -4.6576e-12 -6.9671e-12 -3.7429e-12 -3.6636e-12 -1.6433e-12 -3.409e-12 2.2277e-12 -2.9799e-12 4.7873e-13 1.9852e-13 -5.9164e-13 2.691e-12 1.2136e-12 7.4668e-13 1.911e-12 -4.1509e-12 3.7229e-12 -1.3762e-12 1.9182e-11 2.4994e-13 2.804e-13 4.7005e-12 -1.0544e-12 3.6763e-12 1.8473e-12 2.8248e-12 2.881e-12 7.013e-12 -1.4597e-12 -3.6024e-13 -9.8171e-13 -9.1041e-13 4.435e-12 3.0979e-12 2.195e-12 2.6895e-12 4.3945e-12 3.7153e-12 2.3479e-13 1.9026e-12 -6.4989e-13 1.2025e-12 2.2395e-12 -3.847e-13 9.6623e-13 6.7179e-13 -1.4667e-12 3.5092e-13 2.4633e-13 -7.7095e-13 1.0448e-12 1.8294e-12 -1.1439e-12 -9.4875e-13 2.4075e-12 -1.1991e-12 -3.663e-12 4.2685e-13 1.3592e-12 2.8878e-12 -1.0649e-12 1.9062e-12 1.125e-13 3.6187e-13 1.0163e-12 5.1689e-13 -7.1319e-13 4.6427e-13 7.6444e-13 1.5372e-12 -9.1436e-13 2.1459e-13 2.938e-13 1.2446e-14 -3.4231e-14 -1.0334e-12 1.5994e-13 -3.1044e-14 -2.9581e-13 2.3995e-13 2.1312e-14 -3.2865e-14 8.3188e-14 1.059e-15 -5.0919e-15 -9.2061e-16 -2.2938e-15
-1.5273e-11 -1.1501e-11 -1.2807e-11 -1.0168e-11 -8.9551e-12 -9.0552e-12 -8.5018e-12 -1.258e-12 -8.5701e-12 -1.8738e-12 -4.6349e-12 -4.4786e-13 -4.8438e-12 2.0779e-13 -1.5227e-12 -1.8776e-12 4.3628e-12 -4.0013e-12 -6.3992e-12 -2.1189e-12 4.5988e-12 1.8875e-13 -2.8387e-12 2.0974e-12 -1.1557e-12 4.5091e-12 -1.7188e-12 1.3497e-12 -6.7611e-13 6.0806e-13 2.4994e-13 1.6978e-11 4.2225e-13 1.3675e-12 -6.6251e-13 1.1858e-12 1.4035e-12 1.178e-12 -9.9272e-13 -1.5615e-13 -3.5596e-12 3.0567e-12 2.1545e-12 9.7928e-13 2.712e-12 3.6863e-12 4.038e-12 2.0699e-12 3.0151e-12 9.1726e-13 2.1485e-12 8.9851e-13 3.4783e-12 -3.5279e-13 6.4186e-14 2.2056e-12 4.3161e-12 2.902e-12 1.4484e-12 8.906e-13 -1.2624e-12 -1.7534e-13 5.0236e-13 1.5993e-12 8.336e-13 -2.1199e-12 2.8182e-12 -1.0653e-13 -4.3518e-13 -2.6728e-13 -3.1588e-13 7.8555e-15 8.6618e-13 1.7444e-12 -8.6064e-13 -1.8253e-13 6.0885e-13 -7.1939e-13 1.0688e-12 6.3283e-13 -9.6707e-13 -7.2545e-13 -8.316e-13 -8.901e-13 1.2733e-13 -4.5877e-13 5.4576e-13 -6.0844e-13 1.8866e-13 2.0978e-13 -1.5986e-13 1.8932e-13 2.2897e-13 1.8887e-13 -1.2716e-13 -6.402e-16 6.3263e-16 2.1885e-14 5.431e-14
-5.3605e-12 -8.4869e-12 -5.4997e-12 -8.8928e-12 -9.8461e-12 -7.8763e-12 -5.0075e-12 -1.659e-12 -3.5718e-12 -4.4685e-12 -2.9392e-12 1.5259e-12 9.4138e-13 -4.3394e-12 3.4716e-13 -6.4725e-12 -2.1754e-12 7.8434e-13 -2.0819e-12 -3.184e-12 -5.2697e-13 -3.5907e-13 -2.9733e-12 -4.1738e-13 -3.365e-12 1.1137e-12 3.7291e-12 -7.3034e-15 -4.1645e-13 3.1179e-13 2.804e-13 4.2225e-13 1.4659e-11 4.1491e-12 5.3996e-12 3.5133e-12 3.4945e-12 2.436e-12 -2.3626e-12 3.3473e-12 1.217e-12 3.2571e-13 -1.6047e-12 3.5035e-12 5.6408e-13 -2.6848e-13 1.4437e-12 7.6954e-13 2.7538e-12 3.9472e-12 1.1456e-13 7.0779e-13 -1.3101e-12 1.9063e-12 1.3586e-12 4.8085e-13 -8.0003e-13 7.2746e-13 2.1373e-13 1.508e-12 2.9107e-12 2.1505e-12 -1.2663e-13 -1.5899e-12 -3.9275e-14 1.068e-13 8.1563e-13 -1.6195e-12 -5.6998e-13 1.714e-13 5.8911e-13 1.2527e-12 2.3882e-13 -1.0236e-12 6.2614e-13 -8.2624e-13 1.23e-13 2.7845e-13 -9.2131e-13 3.8381e-13 3.3242e-13 1.7876e-12 1.2492e-12 -4.9897e-13 -5.9149e-13 -6.9225e-13 -3.2488e-13 4.4329e-13 -2.7243e-13 -1.652e-13 -3.6278e-13 1.4329e-13 -5.332e-14 -1.1475e-13 -5.9369e-14 3.6746e-14 6.357e-14 -4.9022e-15 2.4965e-14
-1.2942e-11 -1.0135e-11 -4.3072e-12 -6.1624e-12 -8.0356e-12 -1.3387e-11 -1.5614e-11 -5.0389e-12 -5.9006e-12 -5.3162e-12 -9.7217e-12 3.3458e-12 -1.2161e-12 -2.0849e-12 -7.175e-12 -2.6151e-12 -1.5841e-12 -7.3151e-14 1.0031e-12 -4.9784e-12 2.6674e-12 -3.6879e-13 3.9205e-12 -9.1238e-13 2.3407e-12 -3.9163e-12 -9.7431e-13 -1.0708e-12 2.5969e-14 -2.3251e-12 4.7005e-12 1.3675e-12 4.1491e-12 1.7189e-11 2.3361e-12 2.7484e-12 2.5948e-12 3.8048e-12 1.9881e-12 -1.9806e-12 2.6192e-12 1.5205e-12 5.961e-13 2.4191e-12 -2.4081e-14 3.9685e-12 1.1694e-12 3.2169e-12 -1.4905e-12 3.1725e-12 3.4472e-13 2.0403e-12 7.2371e-13 1.2821e-13 2.3949e-12 -7.2276e-14 1.8546e-12 6.473e-13 -2.808e-12 -9.2181e-13 1.4802e-12 4.0923e-13 -6.3242e-13 1.2616e-12 6.4475e-13 8.8296e-13 -1.7361e-12 -2.2921e-12 -1.7379e-12 9.2103e-13 -1.6824e-12 3.1838e-12 -1.2913e-12 1.2465e-12 -1.6154e-12 9.1131e-13 7.5312e-13 1.1169e-12 -6.1262e-13 5.7524e-13 -5.8538e-13 4.2395e-13 -1.6588e-13 5.4513e-14 -6.3029e-13 -7.7035e-13 6.2139e-13 -6.2938e-13 -9.5728e-14 -5.4524e-13 -2.8224e-13 -8.0461e-14 -2.6412e-14 -3.9923e-14 -8.1913e-15 1.1188e-14 1.6049e-14 -2.5642e-14 -5.5603e-15
-9.7102e-12 -7.9347e-12 -4.145e-12 -1.0639e-11 -5.4212e-12 -8.763e-12 -4.9324e-12 -2.3822e-12 1.6941e-12 -4.7961e-12 -8.9449e-13 -2.2729e-12 -2.842e-12 -6.5971e-12 -5.8444e-12 -1.0144e-12 -5.1305e-12 1.8888e-12 -5.8296e-12 -5.0177e-12 -1.7795e-12 -7.0775e-14 -9.7082e-13 -3.2595e-13 -9.5851e-13 -6.735e-13 3.8649e-13 1.8468e-12 3.5968e-12 1.8335e-12 -1.0544e-12 -6.6251e-13 5.3996e-12 2.3361e-12 1.558e-11 1.5043e-12 6.2345e-13 3.6295e-12 1.6783e-12 6.2049e-14 9.4258e-13 -2.4519e-12 -2.5947e-14 4.474e-12 -1.5653e-12 6.9307e-12 -9.2139e-13 6.2315e-12 3.3702e-12 3.9901e-13 2.9225e-12 3.8194e-12 5.9349e-13 1.9064e-12 1.2207e-12 -5.013e-13 1.9743e-12 1.8815e-13 -5.9248e-13 1.8962e-12 6.8277e-13 -2.533e-13 8.0166e-14 1.3252e-12 3.3991e-13 1.2849e-12 1.4735e-12 1.1031e-12 -1.2421e-12 2.0862e-12 -5.0079e-14 -1.327e-12 -5.6431e-13 3.9654e-13 4.1275e-14 1.0461e-13 -4.5553e-13 8.989e-13 6.4643e-14 3.2488e-13 -6.1608e-13 7.0544e-13 1.8328e-13 -5.9399e-13 -5.9901e-13 8.5863e-13 2.7458e-13 3.6962e-13 -4.5799e-14 -2.3291e-13 2.3208e-13 -2.7106e-13 -2.3026e-13 -1.1926e-13 7.9643e-14 3.1675e-14 1.23e-14 2.5579e-14 -3.2109e-14
