,0,1,2,3,4,5,6,7,8,9,10,11,12,13,14,15,16,17,18,19,20,21,22,23,24,25,26,27,28,29,30,31,32,33,34,35,36,37,38,39,40,41,42,43,44,45,46,47,48,49,50,51,52,53,54,55,56,57,58,59,60,61,62,63,64,65,66,67,68,69,70,71,72,73,74,75,76,77,78
0,1,0.15503,0.24667,0.076192,0.16844,0.25391,0.10588,0.14558,-0.025735,-0.092517,0.24741,-0.078444,-0.2126,0.10262,-0.2051,0.24915,0.075197,-0.031715,-0.016679,0.079532,0.035769,0.11697,0.012108,-0.31547,0.095796,-0.060446,-0.012658,0.23113,-0.069939,-0.27825,0.18255,0.015768,0.19734,-0.048146,0.004357,-0.22831,0.082903,0.22391,-0.11107,0.15922,0.16498,0.20823,0.20598,0.22768,-0.21657,0.073637,0.14608,0.21787,0.058311,0.26217,-0.024938,-0.077464,0.1067,0.31456,0.3208,0.010688,-0.068921,0.13572,-0.13914,0.069025,0.33577,0.036679,0.32293,0.36107,-0.087033,-0.079983,0.009114,0.036014,0.055977,-0.050787,-0.24116,-0.17353,0.016255,-0.078955,0.021927,-0.13215,-0.094508,-0.0016015,-0.24453
1,0.15503,1,0.50315,0.24929,0.066921,0.11602,-0.17228,0.349,-0.19013,-0.24622,0.037146,0.089728,-0.016208,0.084462,0.13964,-0.41439,0.23589,-0.18205,0.15906,-0.024931,-0.045406,0.06429,0.1238,0.04267,-0.28963,-0.16815,-0.014152,0.058084,0.0014405,-0.061813,-0.12416,0.13515,0.11847,0.091154,0.15666,-0.028307,-0.27366,0.028326,0.21694,-0.070448,0.23025,0.22027,-0.093665,-0.047408,0.095204,-0.037396,-0.040296,0.047017,0.1502,0.073118,0.099036,0.14602,0.1047,0.11973,0.16547,0.016097,-0.078497,0.16036,-0.20277,0.12496,0.17834,0.090766,0.10544,0.37608,0.0096644,0.047622,0.1469,0.14283,-0.0015344,0.13366,0.17781,0.21685,-0.24935,0.17542,0.020909,-0.27873,-0.055911,0.20571,0.057785
2,0.24667,0.50315,1,0.076101,0.10574,0.23766,0.013899,0.06804,-0.076996,-0.079962,0.0077301,0.2064,-0.10773,0.0060816,-0.092379,-0.27893,0.15757,-0.14277,-0.1855,-0.10064,-0.030379,-0.1157,0.13443,-0.078376,-0.1421,0.076211,-0.0089473,-0.054761,0.0052556,-0.21449,-0.27826,0.14388,0.086699,-0.053379,-0.013041,0.0083616,-0.10764,0.017975,-0.02262,-0.11725,0.06436,0.11924,-0.094163,-0.16596,-0.027803,-0.070117,-0.25363,0.01891,0.12444,0.059643,-0.00057253,-0.0046402,0.19251,0.12895,0.23826,-0.073233,0.071618,0.38346,-0.17608,-0.062215,0.14773,-0.10669,0.02994,0.083871,0.033751,0.1382,0.10622,0.30184,0.036806,-0.091708,-0.26125,0.13046,-0.088034,0.24144,0.14681,0.062235,0.17765,0.23625,-0.11514
3,0.076192,0.24929,0.076101,1,0.19564,0.14915,-0.070526,0.10623,0.1405,0.0035839,0.12665,0.34568,0.18245,0.16652,0.040731,0.21508,0.25712,0.044537,0.50546,0.24687,0.12251,0.27888,0.039098,0.18486,0.10161,0.092636,0.20114,0.069056,-0.18219,0.1618,0.26046,0.13293,-0.021619,-0.094614,0.062516,-0.15109,-0.18267,-0.083863,0.12044,-0.0084419,0.20114,-0.16432,0.29149,-0.17296,-0.23516,-0.03617,-0.067154,0.23401,-0.036461,0.12106,0.13467,-0.28947,-0.098772,-0.070114,0.26651,-0.16225,-0.15477,-0.16632,-0.058952,-0.23913,0.045309,0.03612,0.1669,0.019879,-0.17081,0.20982,0.087606,-0.12079,-0.25813,0.0074813,0.12676,-0.33755,0.008921,-0.028652,-0.088151,-0.09297,-0.16718,-0.127,0.034382
4,0.16844,0.066921,0.10574,0.19564,1,0.29605,0.21967,-0.034813,0.3237,0.29198,-0.13532,0.25923,0.27131,0.30287,0.07858,0.48061,0.095793,-0.1875,0.16673,0.29213,0.1064,0.084629,0.21356,-0.037106,0.081191,0.10594,0.32687,0.22869,-0.03544,0.13676,0.033874,0.27267,0.16243,0.080988,0.06381,0.13185,-0.16275,0.20455,0.028864,0.15564,0.037885,0.21843,0.28707,-0.073673,-0.23322,0.1412,0.073252,0.16939,0.11503,0.038319,0.09721,-0.043667,0.16736,0.079048,0.24963,-0.27066,0.2102,0.13562,-0.14448,-0.10021,0.03191,0.18824,0.32955,-0.0047708,0.028571,0.13268,-0.24764,0.12105,-0.020621,0.023253,-0.15517,-0.056911,-0.12663,-0.085504,0.02967,-0.23743,-0.1629,0.013601,-0.1339
5,0.25391,0.11602,0.23766,0.14915,0.29605,1,0.20585,0.2567,-0.082585,0.27626,0.073067,0.22056,0.0079787,0.23682,-0.17611,0.19387,0.34473,0.05372,0.13886,0.20018,-0.01782,-0.076287,0.24511,-0.078609,0.1674,-0.023592,0.091198,0.14476,0.2155,-0.063068,-0.10852,0.31408,-0.14358,0.2696,0.012118,0.10806,-0.048621,0.051301,0.00057652,0.08392,-0.043971,-0.090898,0.087414,-0.031734,-0.35668,0.22011,0.015332,0.30982,-0.20078,-0.28385,0.10046,-0.19833,0.063989,0.055061,0.31674,-0.0046538,-0.020079,0.16076,-0.16234,0.044089,0.14522,0.030523,0.32973,0.27475,-0.098535,0.15531,-0.22498,-0.10339,0.13379,-0.33513,0.047327,-0.19666,0.021048,0.1416,-0.02594,-0.35217,0.08071,-0.046629,-0.15625
6,0.10588,-0.17228,0.013899,-0.070526,0.21967,0.20585,1,0.06231,0.15796,0.016922,0.24387,0.37997,-0.0053986,0.2146,-0.2599,0.18992,0.029032,0.13008,0.067351,-0.012667,0.0053535,0.2098,0.30935,0.06796,0.32904,0.26491,0.22705,0.063142,-0.082955,0.16447,0.2725,0.14458,0.31045,-0.031707,0.015102,0.023396,0.091442,0.29423,-0.033081,-0.027621,0.0038035,0.15908,-0.10144,0.055174,0.058899,-0.11867,0.19259,0.079144,-0.11712,-0.18982,0.2234,-0.095188,0.098421,0.012169,0.022187,-0.07812,-0.17258,-0.15556,0.00073671,0.067813,0.26257,0.019701,0.050186,-0.18147,-0.41618,-0.11291,-0.16292,-0.036722,-0.00070689,0.00259,-0.23448,0.021428,0.022482,0.021162,-0.22718,0.098353,-0.24934,0.10492,-0.012611
7,0.14558,0.349,0.06804,0.10623,-0.034813,0.2567,0.06231,1,-0.12995,0.15742,0.09514,0.17549,-0.08515,0.27264,0.23098,-0.12059,0.11184,0.20299,0.25336,0.17521,-0.0088397,0.25082,0.49316,0.11512,-0.047086,0.15088,0.30305,0.14399,0.08263,0.017145,0.31469,0.12648,0.38774,0.32085,0.36886,0.42514,-0.09982,0.07406,-0.055898,-0.17401,-0.052867,0.03059,-0.016004,-0.077073,0.065225,0.14071,0.12465,0.066206,-0.13171,-0.11136,0.063013,0.14828,0.031398,0.02159,0.038537,0.046819,-0.26009,0.029979,0.16385,0.22393,0.14963,0.25625,0.1387,-0.067095,-0.11486,-0.14116,0.059448,0.032032,0.16945,0.13228,0.20955,-0.1189,0.028992,0.137,-0.024399,-0.087396,-0.16311,-0.022981,0.069273
8,-0.025735,-0.19013,-0.076996,0.1405,0.3237,-0.082585,0.15796,-0.12995,1,0.19147,0.033254,0.19427,0.32391,0.37466,0.084792,0.18779,-0.034516,0.3452,0.20077,0.43402,0.38688,0.30919,0.18781,0.27177,0.27002,0.12493,0.029748,0.32729,0.23427,0.2526,0.18911,0.14745,0.037482,-0.052178,-0.028326,0.076608,0.25163,0.13918,0.15823,0.29642,0.06442,0.3173,-0.039176,-0.059596,0.096092,-0.13957,0.14122,-0.065528,-0.14733,-0.058089,0.22371,-0.062205,-0.18492,-0.18632,0.038058,-0.077936,-0.016994,-0.15806,0.015002,-0.14694,-0.046404,0.03043,0.17289,-0.2499,-0.017943,-0.1006,-0.30399,-0.019875,0.016886,0.078135,-0.24024,-0.17802,-0.139,-0.19811,0.00023649,-0.28363,-0.033981,-0.044682,0.21222
9,-0.092517,-0.24622,-0.079962,0.0035839,0.29198,0.27626,0.016922,0.15742,0.19147,1,-0.13585,0.12155,0.044758,0.21356,0.28668,0.32758,0.22106,-0.018167,0.037989,0.31199,0.10156,-0.072104,0.27383,-0.077645,0.26868,0.070979,0.26897,0.26384,0.039597,0.2659,-0.039258,0.058559,0.083907,0.14181,0.097366,0.22706,0.16122,0.041696,0.010613,0.18702,-0.38568,-0.014744,0.075046,0.037069,-0.20162,-0.02845,0.25766,0.16515,-0.22424,0.075718,0.023378,0.090189,-0.13638,-0.21358,0.28433,-0.35551,0.11208,-0.12552,0.064117,-0.099017,-0.23073,0.15528,0.23664,-0.099964,-0.053603,0.127,-0.27399,-0.074393,0.016837,0.02493,0.068124,-0.26728,0.29783,-0.14899,0.18102,-0.26133,-0.062133,-0.028526,0.039147
10,0.24741,0.037146,0.0077301,0.12665,-0.13532,0.073067,0.24387,0.09514,0.033254,-0.13585,1,0.27681,0.0068994,0.2576,0.10513,0.091495,-0.0151,0.18763,0.19679,0.09905,0.21519,0.3332,0.084755,-0.071448,0.22272,0.07033,0.36869,0.26753,0.17378,0.12211,0.29426,0.0039471,-0.039718,0.021811,0.1066,-0.088019,0.27328,0.41635,-0.10699,-0.10233,0.2234,-0.088041,0.12788,0.48641,0.22971,0.075763,0.054867,0.20998,-0.1552,0.0053228,-0.017939,-0.037652,0.071956,0.17368,-0.075041,-0.044854,0.093465,-0.17472,0.055783,0.067883,0.053709,0.035823,0.11487,0.087025,-0.21466,-0.061006,0.071899,0.0022621,0.16081,0.010849,0.097508,-0.072916,-0.14086,-0.27612,-0.11066,0.15948,-0.109,0.092368,-0.092987
11,-0.078444,0.089728,0.2064,0.34568,0.25923,0.22056,0.37997,0.17549,0.19427,0.12155,0.27681,1,0.18408,0.16442,-0.0055666,0.17461,0.25333,0.090611,0.34785,0.22328,0.082166,0.26602,0.31112,0.24064,0.14854,0.45726,0.43623,0.25191,0.076765,0.33451,0.17689,0.19587,0.10459,0.1239,0.31784,0.21246,-0.10285,0.068414,0.32497,-0.0024948,0.17131,-0.25269,-0.02723,-0.035418,-0.13221,0.056779,-0.061633,0.013222,0.059065,-0.10094,0.29614,-0.1255,-0.15103,-0.0397,0.028138,0.083662,0.098653,-0.15624,0.17319,0.04197,-0.07526,0.081734,0.11294,-0.23086,-0.34294,0.1042,-0.31656,0.024153,-0.23668,0.065971,0.05557,-0.10452,0.068711,-0.22338,-0.019799,-0.070811,-0.069228,0.09302,0.11801
12,-0.2126,-0.016208,-0.10773,0.18245,0.27131,0.0079787,-0.0053986,-0.08515,0.32391,0.044758,0.0068994,0.18408,1,0.40271,0.25849,0.22503,0.17554,0.14954,0.15002,0.28431,0.1903,0.2527,0.40343,0.40249,0.26972,0.086979,-0.013815,0.059855,0.042002,0.36177,0.0093468,0.2062,-0.21736,0.14307,0.10367,-0.12788,-0.081431,0.066498,0.15197,-0.12751,-0.12404,0.199,-0.15043,-0.09484,0.020199,-0.06189,-0.2249,-0.029497,0.16393,-0.13574,0.091325,0.086311,-0.085779,-0.15219,-0.094078,-0.13131,0.0059037,0.060942,0.025487,-0.074032,0.10451,-0.011701,0.053206,-0.24269,0.11934,0.046782,0.041858,0.12104,0.081543,0.019119,0.063382,-0.03445,-0.078057,-0.17931,-0.1037,0.027913,0.13185,0.12389,0.038037
13,0.10262,0.084462,0.0060816,0.16652,0.30287,0.23682,0.2146,0.27264,0.37466,0.21356,0.2576,0.16442,0.40271,1,0.5,0.21569,0.27435,0.38079,0.21188,0.36074,0.38869,0.43236,0.43912,0.18785,0.32119,0.11795,0.24794,0.41306,0.26802,0.28222,0.14035,0.29386,0.060354,0.45433,0.058066,0.095635,0.079942,0.42102,-0.040995,0.076449,-0.16043,0.37516,0.030648,0.14573,0.20351,0.10478,0.099213,0.23571,0.009711,-0.13926,0.0608,-0.046576,0.018257,-0.037508,0.12123,-0.14858,-0.14979,0.027399,0.1197,-0.39698,0.075565,0.17922,0.084645,0.044799,-0.15908,-0.066708,-0.23155,-0.060347,0.35915,0.18514,0.22237,-0.24084,0.032829,-0.19187,0.06272,-0.24153,-0.12816,0.13466,-0.26484
14,-0.2051,0.13964,-0.092379,0.040731,0.07858,-0.17611,-0.2599,0.23098,0.084792,0.28668,0.10513,-0.0055666,0.25849,0.5,1,0.022429,0.13847,0.13701,0.2014,0.39607,0.25894,0.39355,0.18413,0.12975,0.12192,0.1709,0.20534,0.31677,0.14075,0.36794,0.070902,0.050793,-0.046575,0.43769,0.043721,0.0012659,-0.05126,0.10301,-0.026368,-0.032514,-0.11131,0.21981,0.045211,0.043569,0.13585,0.24282,0.029251,0.014915,0.082009,0.091782,-0.04279,0.4346,-0.0034887,0.032302,-0.051366,-0.32393,0.10261,-0.040776,0.27398,-0.20216,-0.26715,0.19427,-0.17095,0.10141,0.0075151,0.14764,-0.0029775,0.11278,0.08804,0.25167,0.49034,-0.01233,0.016675,-0.29778,0.066379,-0.1107,-0.11581,0.3529,-0.18803
15,0.24915,-0.41439,-0.27893,0.21508,0.48061,0.19387,0.18992,-0.12059,0.18779,0.32758,0.091495,0.17461,0.22503,0.21569,0.022429,1,-0.021706,0.076584,0.3806,0.41677,0.31852,0.1747,0.12456,-0.071501,0.22501,0.208,0.14204,0.37442,0.089813,0.30032,0.225,0.26984,-0.0092444,0.052251,0.051622,0.035941,0.016404,0.17885,0.0070515,0.12867,0.0086926,-0.12106,0.16179,0.16936,-0.14782,0.33166,-0.034193,0.20072,-0.065353,0.13337,0.01499,-0.1843,-0.32021,-0.14865,0.13849,-0.2142,0.070047,-0.10279,0.02304,-0.23523,-0.0014206,-0.12132,0.36302,-0.032406,-0.099506,-0.027244,-0.039625,0.012657,-0.37753,-0.049824,-0.103,-0.23111,0.18067,-0.28803,0.035353,-0.040721,-0.10107,-0.19974,-0.23325
16,0.075197,0.23589,0.15757,0.25712,0.095793,0.34473,0.029032,0.11184,-0.034516,0.22106,-0.0151,0.25333,0.17554,0.27435,0.13847,-0.021706,1,0.097091,0.24357,0.047615,0.15511,0.11869,0.23163,0.26539,0.21714,0.17051,0.21271,0.073905,0.093315,0.040632,0.065963,0.23892,-0.21656,0.39363,0.089127,-0.07079,0.12248,-0.027125,0.078639,0.013984,-0.20803,0.26194,-0.010975,0.11832,-0.18063,0.03942,-0.0089,0.12992,0.019207,-0.1628,-0.12171,-0.14207,0.13179,0.24447,0.23038,0.14837,-0.078003,0.034207,-0.10773,-0.23326,0.069325,0.060539,0.059409,0.34978,-0.022991,0.27606,-0.22781,-0.022483,-0.11445,0.078686,0.10541,0.0032473,0.13175,0.039942,-0.023877,-0.20438,-0.17592,0.061117,-0.14197
17,-0.031715,-0.18205,-0.14277,0.044537,-0.1875,0.05372,0.13008,0.20299,0.3452,-0.018167,0.18763,0.090611,0.14954,0.38079,0.13701,0.076584,0.097091,1,0.27135,0.29848,0.3256,0.48474,0.30989,0.44857,0.30798,0.35316,0.090905,0.1391,0.22541,0.17868,0.49433,0.35602,0.11008,0.23696,0.17743,0.25807,0.34229,0.025916,-0.015391,0.040303,0.10257,0.15879,-0.072084,-0.0074505,-0.031013,0.064924,-0.01898,0.084817,-0.097267,-0.22734,-0.048724,-0.17398,-0.17422,-0.026535,-0.19208,0.064848,-0.20603,-0.26712,-0.023585,-0.17666,0.0024893,-0.072576,-0.1582,-0.1574,-0.29213,-0.00084022,0.1408,-0.1944,0.09404,0.26829,0.14221,-0.023413,0.059599,-0.043275,0.097614,-0.0063974,0.053931,-0.012654,-0.03875
18,-0.016679,0.15906,-0.1855,0.50546,0.16673,0.13886,0.067351,0.25336,0.20077,0.037989,0.19679,0.34785,0.15002,0.21188,0.2014,0.3806,0.24357,0.27135,1,0.27181,0.42314,0.3944,0.22983,0.31282,0.016611,0.32249,0.26485,0.50671,0.15464,0.2045,0.33978,0.30196,0.015269,0.26386,0.15863,0.11834,0.16852,0.047938,0.12194,-0.10269,-0.054632,-0.13436,-0.094091,-0.0068006,-0.068041,0.18608,-0.1636,-0.040009,-0.24112,-0.21376,0.24107,-0.059535,-0.040664,-0.197,0.11293,-0.14315,-0.27554,-0.12167,0.099409,-0.22214,-0.10227,0.087785,0.12545,0.061863,-0.20098,-0.14234,-0.0022268,-0.011925,-0.44835,0.22921,0.1715,0.02246,-0.05927,-0.20947,-0.11178,-0.20278,-0.33506,-0.21349,0.029986
19,0.079532,-0.024931,-0.10064,0.24687,0.29213,0.20018,-0.012667,0.17521,0.43402,0.31199,0.09905,0.22328,0.28431,0.36074,0.39607,0.41677,0.047615,0.29848,0.27181,1,0.39287,0.41076,0.38202,0.22461,0.1515,0.24787,0.19087,0.43143,0.25183,0.37992,0.30091,0.27203,0.14538,0.20624,0.15953,0.17655,-0.0096711,0.31463,0.26824,0.25939,0.3068,0.13683,0.12525,-0.025599,-0.15139,0.21415,0.094167,0.12344,-0.039547,0.13405,0.16893,0.11004,-0.28886,-0.06061,0.048926,-0.35377,-0.060808,-0.14304,0.12486,-0.026086,-0.035142,-0.01792,0.10542,-0.037604,-0.066902,0.17081,-0.03597,-0.13412,-0.10024,0.057222,0.14217,-0.30511,0.17269,-0.40089,-0.0017458,-0.17341,0.016656,-0.022776,-0.021929
20,0.035769,-0.045406,-0.030379,0.12251,0.1064,-0.01782,0.0053535,-0.0088397,0.38688,0.10156,0.21519,0.082166,0.1903,0.38869,0.25894,0.31852,0.15511,0.3256,0.42314,0.39287,1,0.42415,0.32605,0.23491,0.088108,0.29556,0.2313,0.39637,0.34108,0.2235,0.22203,0.20821,0.15819,0.30291,0.24555,0.063284,0.48101,0.2938,0.043932,-0.029895,-0.093217,0.10053,-0.24627,-0.036221,0.11343,0.031429,-0.054994,-0.0847,-0.16133,-0.054482,0.18672,-0.20386,-0.11387,-0.2615,-0.054789,-0.064587,-0.018575,-0.015347,-0.03278,-0.20888,-0.106,-0.13058,0.23545,0.024822,0.046638,-0.33579,0.026307,0.24009,-0.08603,0.21103,0.031244,-0.0119,0.14548,-0.33394,0.10412,0.02561,-0.35247,0.02014,-0.22515
21,0.11697,0.06429,-0.1157,0.27888,0.084629,-0.076287,0.2098,0.25082,0.30919,-0.072104,0.3332,0.26602,0.2527,0.43236,0.39355,0.1747,0.11869,0.48474,0.3944,0.41076,0.42415,1,0.40305,0.41177,0.29321,0.33632,0.29709,0.35623,0.095792,0.30269,0.48823,0.35378,0.12417,0.28279,0.34307,-0.01424,-0.027702,0.20489,0.046061,0.11236,0.20731,0.18881,0.038695,0.057176,0.030911,-0.036493,0.10061,-0.0022459,0.0064637,0.18189,0.019002,0.023293,-0.082259,0.1027,-0.19174,0.049373,0.099892,-0.16265,-0.072656,-0.054504,0.00058793,0.04356,0.0016034,0.0021207,-0.044964,-0.11477,0.063439,0.089062,0.042165,0.26294,0.18873,-0.11706,-0.064625,-0.3568,-0.21234,0.078079,-0.26292,0.27395,-0.060519
22,0.012108,0.1238,0.13443,0.039098,0.21356,0.24511,0.30935,0.49316,0.18781,0.27383,0.084755,0.31112,0.40343,0.43912,0.18413,0.12456,0.23163,0.30989,0.22983,0.38202,0.32605,0.40305,1,0.43643,0.14615,0.38269,0.41553,0.22971,0.13618,0.093536,0.21597,0.27246,0.31089,0.46061,0.46171,0.33709,0.10088,0.32907,0.10882,-0.1472,-0.11884,0.17624,-0.10237,-0.10624,-0.033876,-0.058277,0.038463,0.027878,0.048654,-0.16698,0.069984,0.11345,-0.049961,-0.33086,0.10052,-0.061388,-0.21361,0.0097085,-0.10762,0.036352,0.24568,0.039122,0.12575,-0.24358,0.01798,-0.23831,0.046144,-0.036346,0.11466,0.071551,0.13371,-0.060185,0.12339,-0.22629,-0.15344,-0.03202,-0.13777,-0.05656,-0.048685
23,-0.31547,0.04267,-0.078376,0.18486,-0.037106,-0.078609,0.06796,0.11512,0.27177,-0.077645,-0.071448,0.24064,0.40249,0.18785,0.12975,-0.071501,0.26539,0.44857,0.31282,0.22461,0.23491,0.41177,0.43643,1,0.028172,0.3213,0.22441,0.14401,0.096044,0.26917,0.38225,0.30008,0.05118,0.1491,0.12117,0.05534,0.14012,0.072257,0.39326,-0.074954,0.054516,0.26349,-0.27086,-0.097111,-0.092909,-0.10556,-0.26808,-0.12105,-0.025586,-0.29625,0.038583,-0.071166,-0.12029,-0.11087,-0.28185,0.18562,-0.27548,-0.20906,-0.058991,-0.13895,0.036753,0.056245,-0.11421,-0.22794,0.041198,-0.020226,-0.014629,-0.21333,-0.11389,0.15173,0.18637,0.20353,-0.041201,0.022181,0.049182,0.038573,0.042602,0.21079,0.17678
24,0.095796,-0.28963,-0.1421,0.10161,0.081191,0.1674,0.32904,-0.047086,0.27002,0.26868,0.22272,0.14854,0.26972,0.32119,0.12192,0.22501,0.21714,0.30798,0.016611,0.1515,0.088108,0.29321,0.14615,0.028172,1,0.092367,0.09347,0.13001,0.01022,0.27082,0.030977,0.22084,0.0042049,0.24086,-0.14248,-0.21913,0.28111,0.096347,-0.099164,-0.037872,-0.17209,0.18796,-0.050422,0.15537,-0.046581,-0.026159,0.11232,0.090757,-0.024861,0.090351,0.10993,0.17865,-0.08052,0.16065,0.076205,-0.15746,0.012468,-0.16184,-0.0053933,-0.011982,0.014408,-0.048517,0.21908,0.067182,-0.22415,-0.047959,-0.031108,-0.053593,0.10566,-0.14433,-0.030657,-0.40291,0.072545,-0.13399,0.068866,-0.016394,-0.28189,0.27023,-0.067253
25,-0.060446,-0.16815,0.076211,0.092636,0.10594,-0.023592,0.26491,0.15088,0.12493,0.070979,0.07033,0.45726,0.086979,0.11795,0.1709,0.208,0.17051,0.35316,0.32249,0.24787,0.29556,0.33632,0.38269,0.3213,0.092367,1,0.33647,0.16645,-0.023468,0.1072,0.42892,0.22416,0.30623,0.25953,0.266,0.27641,0.059849,0.025493,0.010332,0.0678,0.04533,-0.10751,0.0086305,-0.21383,-0.27863,-0.018281,0.0095618,-0.17513,-0.073108,-0.2394,0.19436,0.034076,0.073009,0.091222,0.0058121,0.11586,0.043373,-0.17456,0.13641,-0.22215,-0.31091,-0.18623,-0.14,-0.318,-0.23274,0.012267,0.038207,0.064127,-0.17164,0.18977,-0.14094,-0.068469,0.39498,-0.28573,0.18929,0.13453,0.020773,-0.020572,-0.26443
26,-0.012658,-0.014152,-0.0089473,0.20114,0.32687,0.091198,0.22705,0.30305,0.029748,0.26897,0.36869,0.43623,-0.013815,0.24794,0.20534,0.14204,0.21271,0.090905,0.26485,0.19087,0.2313,0.29709,0.41553,0.22441,0.09347,0.33647,1,0.20652,0.070142,0.16887,0.32517,0.10803,0.41119,0.11739,0.34363,0.41498,0.19445,0.26774,0.16544,0.018935,-0.085298,0.023097,0.21024,0.093081,-0.17995,0.023158,0.12864,0.32682,-0.031079,0.028453,-0.12273,-0.035436,0.20228,0.037854,0.21202,-0.055371,0.12077,-0.080554,-0.018044,-0.0787,0.057002,-0.046627,-0.0040764,-0.26531,-0.25278,-0.0062571,-0.18984,-0.09323,-0.032505,0.33824,0.095011,-0.0095859,-0.065144,-0.21023,-0.069005,0.038811,-0.24654,0.074923,-0.13453
27,0.23113,0.058084,-0.054761,0.069056,0.22869,0.14476,0.063142,0.14399,0.32729,0.26384,0.26753,0.25191,0.059855,0.41306,0.31677,0.37442,0.073905,0.1391,0.50671,0.43143,0.39637,0.35623,0.22971,0.14401,0.13001,0.16645,0.20652,1,0.26029,0.27406,0.067507,0.40911,0.095188,0.22886,-0.064561,-0.00040141,0.23675,0.39738,0.075683,0.26492,-0.068292,0.1055,-0.085528,0.30178,0.056066,0.16298,0.14446,0.18696,-0.19452,0.078048,0.16112,0.13307,0.032248,-0.12726,0.0090476,-0.22035,-0.062069,0.048247,0.075917,-0.20544,-0.20778,0.1652,0.19502,0.14222,-0.10903,-0.1757,-0.17369,-0.21632,-0.087364,0.14337,0.080789,-0.034817,0.077973,-0.31209,0.17604,-0.23224,-0.19123,0.058211,-0.19009
28,-0.069939,0.0014405,0.0052556,-0.18219,-0.03544,0.2155,-0.082955,0.08263,0.23427,0.039597,0.17378,0.076765,0.042002,0.26802,0.14075,0.089813,0.093315,0.22541,0.15464,0.25183,0.34108,0.095792,0.13618,0.096044,0.01022,-0.023468,0.070142,0.26029,1,0.43263,-0.033732,0.24198,-0.15694,0.27839,0.22532,0.2475,0.28891,0.24733,0.1613,0.058811,0.067506,0.06564,-0.015164,0.2722,0.12139,0.31433,-0.0068319,-0.072753,-0.098249,-0.4122,-0.054693,0.076145,-0.1741,0.038802,-0.057453,0.17925,-0.032157,0.17966,-0.14035,-0.040892,0.072597,-0.089949,0.18968,0.16958,-0.023804,-0.31311,-0.37727,0.096614,0.0069459,0.054742,0.13034,-0.19077,0.039748,-0.011828,-0.091598,-0.25313,0.01702,0.1345,-0.21556
29,-0.27825,-0.061813,-0.21449,0.1618,0.13676,-0.063068,0.16447,0.017145,0.2526,0.2659,0.12211,0.33451,0.36177,0.28222,0.36794,0.30032,0.040632,0.17868,0.2045,0.37992,0.2235,0.30269,0.093536,0.26917,0.27082,0.1072,0.16887,0.27406,0.43263,1,0.19143,0.27988,-0.031575,0.0015637,0.14247,-0.095523,0.026608,0.13781,0.32313,0.031657,0.10991,0.033324,-0.049479,0.050489,0.087817,0.12318,0.08142,0.15647,0.0013933,-0.16398,0.16908,0.01294,-0.28796,0.019352,-0.27211,-0.142,0.078365,-0.25328,-0.019412,-0.054576,-0.023831,0.090636,0.12987,-0.076708,-0.31288,-0.066456,-0.24604,-0.088175,-0.14485,0.17668,0.23301,-0.14291,0.072471,-0.039816,0.04906,-0.0036799,-0.0059407,0.46797,0.00045361
30,0.18255,-0.12416,-0.27826,0.26046,0.033874,-0.10852,0.2725,0.31469,0.18911,-0.039258,0.29426,0.17689,0.0093468,0.14035,0.070902,0.225,0.065963,0.49433,0.33978,0.30091,0.22203,0.48823,0.21597,0.38225,0.030977,0.42892,0.32517,0.067507,-0.033732,0.19143,1,0.0010621,0.35385,-0.078502,0.2584,0.11853,0.19247,0.15714,0.0051623,0.12214,0.24375,0.082036,0.21558,0.18711,-0.095959,-0.14528,0.18728,0.12176,-0.10011,-0.08188,-0.017317,-0.073112,-0.071491,0.17277,-0.18083,0.098304,-0.23617,-0.53384,0.013756,-0.062658,0.00019605,0.070532,0.038814,-0.24178,-0.25317,0.13041,0.005439,-0.09733,-0.10239,0.24482,0.037432,0.044596,0.030326,-0.17558,-0.06403,0.040623,-0.17663,0.005965,0.0085969
31,0.015768,0.13515,0.14388,0.13293,0.27267,0.31408,0.14458,0.12648,0.14745,0.058559,0.0039471,0.19587,0.2062,0.29386,0.050793,0.26984,0.23892,0.35602,0.30196,0.27203,0.20821,0.35378,0.27246,0.30008,0.22084,0.22416,0.10803,0.40911,0.24198,0.27988,0.0010621,1,0.0032832,0.29629,0.14084,0.23054,-0.077363,0.19158,0.15784,0.086192,0.014059,0.1798,-0.098003,0.13983,-0.085906,0.24502,-0.11067,0.26865,-0.14458,-0.050053,-0.072612,-0.16968,0.093897,0.072663,-0.076221,-0.090872,-0.013299,0.14867,-0.36775,0.043598,-0.03418,-0.087304,0.087357,0.19267,-0.084199,-0.081242,0.10341,-0.059047,-0.1644,0.078251,-0.18705,-0.024165,0.067891,-0.020297,0.11585,-0.10483,0.088333,0.082742,-0.17891
32,0.19734,0.11847,0.086699,-0.021619,0.16243,-0.14358,0.31045,0.38774,0.037482,0.083907,-0.039718,0.10459,-0.21736,0.060354,-0.046575,-0.0092444,-0.21656,0.11008,0.015269,0.14538,0.15819,0.12417,0.31089,0.05118,0.0042049,0.30623,0.41119,0.095188,-0.15694,-0.031575,0.35385,0.0032832,1,-0.16268,0.29612,0.39872,0.11077,0.21269,0.11507,0.097895,-0.06499,0.11127,-0.057073,-0.035875,-0.21002,-0.2895,0.21654,-0.026713,0.012394,0.18029,0.15601,0.12398,0.13636,0.035362,0.18005,-0.21355,-0.16726,-0.14049,0.088305,0.09186,-0.00063368,-0.028097,-0.016695,-0.29746,-0.36012,-0.2569,0.15299,0.058956,0.11345,0.39443,-0.1871,0.048034,0.15604,-0.065048,0.12729,0.097903,-0.21342,-0.031589,0.02422
33,-0.048146,0.091154,-0.053379,-0.094614,0.080988,0.2696,-0.031707,0.32085,-0.052178,0.14181,0.021811,0.1239,0.14307,0.45433,0.43769,0.052251,0.39363,0.23696,0.26386,0.20624,0.30291,0.28279,0.46061,0.1491,0.24086,0.25953,0.11739,0.22886,0.27839,0.0015637,-0.078502,0.29629,-0.16268,1,0.18419,0.17895,0.026173,0.21942,-0.13489,-0.20639,-0.1915,0.059772,-0.12847,-0.012288,0.094302,0.35828,-0.089105,-0.087487,0.044348,-0.20888,0.10192,0.093853,0.11921,-0.028483,-0.077537,0.08846,-0.013932,0.13617,0.071465,-0.003502,-0.056103,0.18616,0.044629,0.37961,0.19036,-0.19791,-0.18379,0.10737,0.05159,-0.052691,0.39861,-0.21453,0.20268,-0.20969,0.072989,-0.23407,-0.26823,-0.023034,-0.22019
34,0.004357,0.15666,-0.013041,0.062516,0.06381,0.012118,0.015102,0.36886,-0.028326,0.097366,0.1066,0.31784,0.10367,0.058066,0.043721,0.051622,0.089127,0.17743,0.15863,0.15953,0.24555,0.34307,0.46171,0.12117,-0.14248,0.266,0.34363,-0.064561,0.22532,0.14247,0.2584,0.14084,0.29612,0.18419,1,0.3733,-0.039362,0.092733,0.13464,-0.10897,0.18953,-0.17584,0.15101,-0.084809,-0.17171,-0.079142,0.22787,-0.12037,0.20777,-0.1444,-0.14974,-0.10309,-0.078362,-0.0465,0.071493,0.21963,0.059711,-0.026891,-0.084279,0.24407,0.011872,0.0071056,-0.08434,-0.13282,-0.094797,-0.29497,0.045592,0.071219,-0.018882,0.33403,0.21964,-0.10853,0.0032097,-0.21226,-0.16592,-0.021543,-0.0080031,-0.14287,0.19044
35,-0.22831,-0.028307,0.0083616,-0.15109,0.13185,0.10806,0.023396,0.42514,0.076608,0.22706,-0.088019,0.21246,-0.12788,0.095635,0.0012659,0.035941,-0.07079,0.25807,0.11834,0.17655,0.063284,-0.01424,0.33709,0.05534,-0.21913,0.27641,0.41498,-0.00040141,0.2475,-0.095523,0.11853,0.23054,0.39872,0.17895,0.3733,1,-0.05046,0.015588,0.13765,0.11548,-0.085356,-0.034033,0.034664,0.050449,-0.064266,0.21092,-0.021295,0.040587,-0.1964,-0.050833,-0.19312,0.01053,-0.011605,-0.077911,0.1451,-0.019116,0.020335,0.046207,0.12977,0.19184,-0.058333,-0.17607,-0.063685,-0.34759,-0.12714,-0.043657,-0.10013,0.12407,0.048669,0.31474,-0.10031,-0.030704,0.13112,-0.088152,0.04858,-0.19335,0.084104,-0.35914,0.017512
36,0.082903,-0.27366,-0.10764,-0.18267,-0.16275,-0.048621,0.091442,-0.09982,0.25163,0.16122,0.27328,-0.10285,-0.081431,0.079942,-0.05126,0.016404,0.12248,0.34229,0.16852,-0.0096711,0.48101,-0.027702,0.10088,0.14012,0.28111,0.059849,0.19445,0.23675,0.28891,0.026608,0.19247,-0.077363,0.11077,0.026173,-0.039362,-0.05046,1,0.29451,-0.15885,-0.089518,-0.27838,0.22726,-0.16382,0.19956,0.015871,-0.10719,0.094593,-0.052032,-0.19833,-0.28076,0.074719,0.057481,0.030919,-0.15799,0.0084918,-0.083611,-0.36107,-0.11818,0.024258,-0.1648,0.08372,-0.01284,0.12839,-0.059918,-0.11348,-0.2426,-0.0022674,-0.1412,0.01501,0.10927,-0.11132,0.10875,-0.0011466,-0.11052,0.16631,0.0058204,-0.24169,-0.015542,-0.12939
37,0.22391,0.028326,0.017975,-0.083863,0.20455,0.051301,0.29423,0.07406,0.13918,0.041696,0.41635,0.068414,0.066498,0.42102,0.10301,0.17885,-0.027125,0.025916,0.047938,0.31463,0.2938,0.20489,0.32907,0.072257,0.096347,0.025493,0.26774,0.39738,0.24733,0.13781,0.15714,0.19158,0.21269,0.21942,0.092733,0.015588,0.29451,1,0.066305,0.18583,0.041789,0.32964,-0.15583,0.34186,0.090731,0.049119,0.038271,0.1544,-0.24525,-0.037848,0.074671,0.029383,0.14085,-0.057729,0.031617,-0.25297,-0.16016,-0.033211,0.081548,-0.0063304,0.19858,0.15094,0.20524,0.0097987,-0.19591,-0.32202,-0.10735,-0.13154,0.091388,0.025491,0.07238,0.051002,-0.018301,-0.39195,0.086817,-0.011994,-0.15025,-0.029107,-0.16167
38,-0.11107,0.21694,-0.02262,0.12044,0.028864,0.00057652,-0.033081,-0.055898,0.15823,0.010613,-0.10699,0.32497,0.15197,-0.040995,-0.026368,0.0070515,0.078639,-0.015391,0.12194,0.26824,0.043932,0.046061,0.10882,0.39326,-0.099164,0.010332,0.16544,0.075683,0.1613,0.32313,0.0051623,0.15784,0.11507,-0.13489,0.13464,0.13765,-0.15885,0.066305,1,0.14046,0.25842,0.051467,-0.26216,0.020991,-0.21166,0.074713,-0.32526,0.022412,-0.12422,0.00085123,0.064532,-0.097826,-0.37339,-0.11631,0.096335,0.056126,0.056719,-0.228,-0.053076,0.20855,0.039328,-0.17616,0.064879,-0.1457,-0.3216,0.0017729,-0.16121,-0.098539,-0.25481,0.2113,0.049806,0.1029,-0.072756,-0.29953,-0.10056,-0.33018,0.11354,0.15935,0.3346
39,0.15922,-0.070448,-0.11725,-0.0084419,0.15564,0.08392,-0.027621,-0.17401,0.29642,0.18702,-0.10233,-0.0024948,-0.12751,0.076449,-0.032514,0.12867,0.013984,0.040303,-0.10269,0.25939,-0.029895,0.11236,-0.1472,-0.074954,-0.037872,0.0678,0.018935,0.26492,0.058811,0.031657,0.12214,0.086192,0.097895,-0.20639,-0.10897,0.11548,-0.089518,0.18583,0.14046,1,0.062058,0.19687,0.032337,0.167,-0.29938,-0.20136,0.41793,0.24641,-0.24908,0.323,-0.0088636,0.029027,-0.11806,0.080543,0.26142,0.093217,0.23317,-0.18769,-0.11063,-0.16743,-0.12889,-0.17318,0.1649,-0.051614,-0.15551,0.10803,-0.39438,-0.22341,-0.0358,-0.010444,-0.10077,0.052525,0.098803,-0.20515,0.20856,-0.32842,0.2479,-0.032218,-0.21849
40,0.16498,0.23025,0.06436,0.20114,0.037885,-0.043971,0.0038035,-0.052867,0.06442,-0.38568,0.2234,0.17131,-0.12404,-0.16043,-0.11131,0.0086926,-0.20803,0.10257,-0.054632,0.3068,-0.093217,0.20731,-0.11884,0.054516,-0.17209,0.04533,-0.085298,-0.068292,0.067506,0.10991,0.24375,0.014059,-0.06499,-0.1915,0.18953,-0.085356,-0.27838,0.041789,0.25842,0.062058,1,0.021114,0.33445,-0.060284,0.050817,0.23178,0.052374,0.011612,0.07499,0.039316,-0.036055,-0.064314,-0.2882,0.21382,-0.19056,0.21727,0.12121,-0.090947,-0.16425,0.25869,0.025289,-0.027735,0.047308,0.015364,-0.12026,0.2492,0.10923,-0.17259,-0.087896,0.020353,0.13148,-0.13951,-0.13372,-0.049576,-0.17385,-0.054078,0.10077,0.13504,0.087863
41,0.20823,0.22027,0.11924,-0.16432,0.21843,-0.090898,0.15908,0.03059,0.3173,-0.014744,-0.088041,-0.25269,0.199,0.37516,0.21981,-0.12106,0.26194,0.15879,-0.13436,0.13683,0.10053,0.18881,0.17624,0.26349,0.18796,-0.10751,0.023097,0.1055,0.06564,0.033324,0.082036,0.1798,0.11127,0.059772,-0.17584,-0.034033,0.22726,0.32964,0.051467,0.19687,0.021114,1,-0.13276,0.13823,0.13673,-0.0051133,0.12468,0.14439,-0.029266,0.026676,-0.10569,0.23162,0.0647,0.19474,0.04101,-0.091442,-0.20934,0.16683,-0.031055,-0.017784,0.31815,-0.019902,0.10847,0.091375,-0.0047179,0.096258,-0.067902,-0.0077618,0.14567,0.28762,-0.12406,0.20315,-0.16082,0.080252,0.044189,-0.20382,-0.063674,0.31673,-0.12969
42,0.20598,-0.093665,-0.094163,0.29149,0.28707,0.087414,-0.10144,-0.016004,-0.039176,0.075046,0.12788,-0.02723,-0.15043,0.030648,0.045211,0.16179,-0.010975,-0.072084,-0.094091,0.12525,-0.24627,0.038695,-0.10237,-0.27086,-0.050422,0.0086305,0.21024,-0.085528,-0.015164,-0.049479,0.21558,-0.098003,-0.057073,-0.12847,0.15101,0.034664,-0.16382,-0.15583,-0.26216,0.032337,0.33445,-0.13276,1,0.14062,-0.21873,0.13849,0.41069,0.31904,0.31868,0.036563,-0.37339,-0.031506,0.14728,0.31196,0.15633,-0.029899,0.071282,-0.084628,-0.13222,-0.12257,-0.012852,0.053236,-0.12151,0.11059,0.03603,0.41177,0.021763,-0.23091,0.18725,0.069379,0.016114,-0.4607,-0.0041509,-0.055825,-0.18116,-0.14011,-0.0074875,-0.19364,-0.20597
43,0.22768,-0.047408,-0.16596,-0.17296,-0.073673,-0.031734,0.055174,-0.077073,-0.059596,0.037069,0.48641,-0.035418,-0.09484,0.14573,0.043569,0.16936,0.11832,-0.0074505,-0.0068006,-0.025599,-0.036221,0.057176,-0.10624,-0.097111,0.15537,-0.21383,0.093081,0.30178,0.2722,0.050489,0.18711,0.13983,-0.035875,-0.012288,-0.084809,0.050449,0.19956,0.34186,0.020991,0.167,-0.060284,0.13823,0.14062,1,0.18732,0.065027,0.082855,0.21808,-0.059941,0.20959,-0.34234,0.17684,-0.015956,0.26846,-0.05844,-0.049455,-0.016962,-0.15529,-0.079468,0.087895,-0.044126,0.023279,0.16891,0.29162,-0.013791,0.027384,-0.11941,0.0081943,0.064844,0.026087,-0.058092,0.051357,0.046215,-0.26176,-0.064557,-0.13211,-0.086686,0.036475,-0.12434
44,-0.21657,0.095204,-0.027803,-0.23516,-0.23322,-0.35668,0.058899,0.065225,0.096092,-0.20162,0.22971,-0.13221,0.020199,0.20351,0.13585,-0.14782,-0.18063,-0.031013,-0.068041,-0.15139,0.11343,0.030911,-0.033876,-0.092909,-0.046581,-0.27863,-0.17995,0.056066,0.12139,0.087817,-0.095959,-0.085906,-0.21002,0.094302,-0.17171,-0.064266,0.015871,0.090731,-0.21166,-0.29938,0.050817,0.13673,-0.21873,0.18732,1,-0.027658,0.026976,-0.044759,0.046053,0.03408,0.069792,0.097148,-0.16753,-0.2091,-0.46837,0.15712,-0.055779,0.16771,0.0090875,0.01203,-0.031515,0.067627,0.077038,-0.015163,0.29227,-0.14327,-0.03075,0.1441,0.048951,0.009161,0.031606,0.081755,-0.12282,0.14881,-0.1639,0.17814,-0.17562,0.17151,0.099786
45,0.073637,-0.037396,-0.070117,-0.03617,0.1412,0.22011,-0.11867,0.14071,-0.13957,-0.02845,0.075763,0.056779,-0.06189,0.10478,0.24282,0.33166,0.03942,0.064924,0.18608,0.21415,0.031429,-0.036493,-0.058277,-0.10556,-0.026159,-0.018281,0.023158,0.16298,0.31433,0.12318,-0.14528,0.24502,-0.2895,0.35828,-0.079142,0.21092,-0.10719,0.049119,0.074713,-0.20136,0.23178,-0.0051133,0.13849,0.065027,-0.027658,1,-0.37677,0.073959,-0.16865,-0.095628,-0.27124,0.0048038,-0.061342,0.15325,0.03428,-0.16585,0.017698,0.10132,0.16664,0.14788,0.15118,0.097279,0.084623,0.24035,-0.15093,0.10763,0.047306,0.030769,-0.12703,-0.073851,0.20452,-0.13485,-0.082081,-0.091946,0.068542,-0.1995,-0.098404,-0.066737,-0.31169
46,0.14608,-0.040296,-0.25363,-0.067154,0.073252,0.015332,0.19259,0.12465,0.14122,0.25766,0.054867,-0.061633,-0.2249,0.099213,0.029251,-0.034193,-0.0089,-0.01898,-0.1636,0.094167,-0.054994,0.10061,0.038463,-0.26808,0.11232,0.0095618,0.12864,0.14446,-0.0068319,0.08142,0.18728,-0.11067,0.21654,-0.089105,0.22787,-0.021295,0.094593,0.038271,-0.32526,0.41793,0.052374,0.12468,0.41069,0.082855,0.026976,-0.37677,1,0.29536,0.20387,0.065766,0.026476,0.12244,0.010699,0.03779,0.091068,0.16392,-0.018238,-0.10836,-0.10538,-0.030452,-0.067351,-0.014592,0.033311,0.071774,-0.029461,-0.022803,-0.23615,-0.35909,0.14465,0.10669,0.066869,-0.21847,0.14759,0.065401,0.0035391,-0.15829,-0.074496,-0.015196,-0.086267
47,0.21787,0.047017,0.01891,0.23401,0.16939,0.30982,0.079144,0.066206,-0.065528,0.16515,0.20998,0.013222,-0.029497,0.23571,0.014915,0.20072,0.12992,0.084817,-0.040009,0.12344,-0.0847,-0.0022459,0.027878,-0.12105,0.090757,-0.17513,0.32682,0.18696,-0.072753,0.15647,0.12176,0.26865,-0.026713,-0.087487,-0.12037,0.040587,-0.052032,0.1544,0.022412,0.24641,0.011612,0.14439,0.31904,0.21808,-0.044759,0.073959,0.29536,1,0.017827,0.16421,-0.28538,-0.31177,0.08787,0.013929,0.090469,-0.11547,0.069588,-0.10144,-0.15428,-0.063562,0.21373,-0.21574,0.062751,0.10141,-0.25651,0.31309,-0.082921,-0.41629,-0.0037459,0.12066,0.069493,0.011188,-0.10929,0.068273,0.099313,-0.19687,0.11009,-0.0016049,-0.17024
48,0.058311,0.1502,0.12444,-0.036461,0.11503,-0.20078,-0.11712,-0.13171,-0.14733,-0.22424,-0.1552,0.059065,0.16393,0.009711,0.082009,-0.065353,0.019207,-0.097267,-0.24112,-0.039547,-0.16133,0.0064637,0.048654,-0.025586,-0.024861,-0.073108,-0.031079,-0.19452,-0.098249,0.0013933,-0.10011,-0.14458,0.012394,0.044348,0.20777,-0.1964,-0.19833,-0.24525,-0.12422,-0.24908,0.07499,-0.029266,0.31868,-0.059941,0.046053,-0.16865,0.20387,0.017827,1,0.11682,-0.097368,0.059603,-0.069299,0.097402,-0.075006,0.15072,0.0067745,0.14348,-0.036475,-0.15262,0.17437,-0.06143,-0.31019,0.18751,0.29557,0.08099,0.072975,-0.039837,0.0073508,0.038069,0.17859,-0.02149,-0.0066923,0.17005,-0.011921,0.18096,0.089905,0.12961,0.050179
49,0.26217,0.073118,0.059643,0.12106,0.038319,-0.28385,-0.18982,-0.11136,-0.058089,0.075718,0.0053228,-0.10094,-0.13574,-0.13926,0.091782,0.13337,-0.1628,-0.22734,-0.21376,0.13405,-0.054482,0.18189,-0.16698,-0.29625,0.090351,-0.2394,0.028453,0.078048,-0.4122,-0.16398,-0.08188,-0.050053,0.18029,-0.20888,-0.1444,-0.050833,-0.28076,-0.037848,0.00085123,0.323,0.039316,0.026676,0.036563,0.20959,0.03408,-0.095628,0.065766,0.16421,0.11682,1,-0.16867,0.15672,-0.15628,0.018505,0.15071,-0.2361,0.3491,-0.0041507,-0.091566,0.13356,0.024838,-0.14649,0.09159,0.062927,0.17862,0.1291,0.17901,0.17084,-0.099059,-0.07911,-0.11111,-0.016456,0.046028,-0.2035,0.027318,0.1168,-0.086225,0.074789,-0.03267
50,-0.024938,0.099036,-0.00057253,0.13467,0.09721,0.10046,0.2234,0.063013,0.22371,0.023378,-0.017939,0.29614,0.091325,0.0608,-0.04279,0.01499,-0.12171,-0.048724,0.24107,0.16893,0.18672,0.019002,0.069984,0.038583,0.10993,0.19436,-0.12273,0.16112,-0.054693,0.16908,-0.017317,-0.072612,0.15601,0.10192,-0.14974,-0.19312,0.074719,0.074671,0.064532,-0.0088636,-0.036055,-0.10569,-0.37339,-0.34234,0.069792,-0.27124,0.026476,-0.28538,-0.097368,-0.16867,1,0.0014917,-0.15528,-0.27593,-0.20379,-0.024819,-0.10753,-0.042682,0.1717,-0.019063,-0.17015,0.20996,0.32914,0.0076489,-0.00079709,-0.18809,-0.17037,0.14007,-0.10115,-0.071797,-0.11109,-0.1004,0.23068,-0.025988,0.028638,-0.0050921,-0.05654,0.093127,0.14042
51,-0.077464,0.14602,-0.0046402,-0.28947,-0.043667,-0.19833,-0.095188,0.14828,-0.062205,0.090189,-0.037652,-0.1255,0.086311,-0.046576,0.4346,-0.1843,-0.14207,-0.17398,-0.059535,0.11004,-0.20386,0.023293,0.11345,-0.071166,0.17865,0.034076,-0.035436,0.13307,0.076145,0.01294,-0.073112,-0.16968,0.12398,0.093853,-0.10309,0.01053,0.057481,0.029383,-0.097826,0.029027,-0.064314,0.23162,-0.031506,0.17684,0.097148,0.0048038,0.12244,-0.31177,0.059603,0.15672,0.0014917,1,0.0041574,0.084068,0.10218,-0.21384,-0.12552,0.080581,0.068206,0.14957,-0.096071,0.043233,-0.00073759,-0.08695,0.080756,0.031417,0.052248,0.116,0.03995,-0.08564,0.073407,0.042251,-0.064536,-0.18874,-0.076651,-0.12854,-0.10587,0.323,-0.17579
52,0.1067,0.1047,0.19251,-0.098772,0.16736,0.063989,0.098421,0.031398,-0.18492,-0.13638,0.071956,-0.15103,-0.085779,0.018257,-0.0034887,-0.32021,0.13179,-0.17422,-0.040664,-0.28886,-0.11387,-0.082259,-0.049961,-0.12029,-0.08052,0.073009,0.20228,0.032248,-0.1741,-0.28796,-0.071491,0.093897,0.13636,0.11921,-0.078362,-0.011605,0.030919,0.14085,-0.37339,-0.11806,-0.2882,0.0647,0.14728,-0.015956,-0.16753,-0.061342,0.010699,0.08787,-0.069299,-0.15628,-0.15528,0.0041574,1,0.42859,0.0597,-0.20282,0.050475,0.22346,-0.027888,0.016382,-0.037803,0.25625,-0.3637,0.16157,-0.013248,-0.0046338,0.0082212,0.055757,0.3405,0.12337,-0.17611,0.11062,-0.1838,0.10147,0.046984,0.095213,-0.10828,-0.07424,-0.17613
53,0.31456,0.11973,0.12895,-0.070114,0.079048,0.055061,0.012169,0.02159,-0.18632,-0.21358,0.17368,-0.0397,-0.15219,-0.037508,0.032302,-0.14865,0.24447,-0.026535,-0.197,-0.06061,-0.2615,0.1027,-0.33086,-0.11087,0.16065,0.091222,0.037854,-0.12726,0.038802,0.019352,0.17277,0.072663,0.035362,-0.028483,-0.0465,-0.077911,-0.15799,-0.057729,-0.11631,0.080543,0.21382,0.19474,0.31196,0.26846,-0.2091,0.15325,0.03779,0.013929,0.097402,0.018505,-0.27593,0.084068,0.42859,1,-0.033873,0.075499,0.22589,-0.013366,0.018991,0.11641,-0.035111,0.11792,-0.12363,0.36338,-0.11785,0.26088,-0.062323,0.12268,0.28797,0.092402,-0.11945,-0.11019,-0.067417,0.13083,0.15329,0.076454,0.039103,0.28667,-0.15335
54,0.3208,0.16547,0.23826,0.26651,0.24963,0.31674,0.022187,0.038537,0.038058,0.28433,-0.075041,0.028138,-0.094078,0.12123,-0.051366,0.13849,0.23038,-0.19208,0.11293,0.048926,-0.054789,-0.19174,0.10052,-0.28185,0.076205,0.0058121,0.21202,0.0090476,-0.057453,-0.27211,-0.18083,-0.076221,0.18005,-0.077537,0.071493,0.1451,0.0084918,0.031617,0.096335,0.26142,-0.19056,0.04101,0.15633,-0.05844,-0.46837,0.03428,0.091068,0.090469,-0.075006,0.15071,-0.20379,0.10218,0.0597,-0.033873,1,-0.2452,-0.10669,0.090017,-0.046814,-0.20345,0.27644,-0.22849,0.048556,-0.0014414,-0.28766,-0.027121,-0.064207,-0.067148,-0.10062,-0.11641,-0.08162,-0.17313,-0.033234,-0.099665,0.041781,-0.37713,-0.0452,-0.266,-0.17635
55,0.010688,0.016097,-0.073233,-0.16225,-0.27066,-0.0046538,-0.07812,0.046819,-0.077936,-0.35551,-0.044854,0.083662,-0.13131,-0.14858,-0.32393,-0.2142,0.14837,0.064848,-0.14315,-0.35377,-0.064587,0.049373,-0.061388,0.18562,-0.15746,0.11586,-0.055371,-0.22035,0.17925,-0.142,0.098304,-0.090872,-0.21355,0.08846,0.21963,-0.019116,-0.083611,-0.25297,0.056126,0.093217,0.21727,-0.091442,-0.029899,-0.049455,0.15712,-0.16585,0.16392,-0.11547,0.15072,-0.2361,-0.024819,-0.21384,-0.20282,0.075499,-0.2452,1,0.16881,0.068893,-0.23936,-0.0010682,-0.020518,-0.21499,0.079812,0.011944,0.24836,-0.14286,-0.30073,-0.031562,-0.055319,-0.075126,0.017739,0.0041166,-0.00069809,0.23076,-0.055259,-0.046622,0.13244,0.112,0.013898
56,-0.068921,-0.078497,0.071618,-0.15477,0.2102,-0.020079,-0.17258,-0.26009,-0.016994,0.11208,0.093465,0.098653,0.0059037,-0.14979,0.10261,0.070047,-0.078003,-0.20603,-0.27554,-0.060808,-0.018575,0.099892,-0.21361,-0.27548,0.012468,0.043373,0.12077,-0.062069,-0.032157,0.078365,-0.23617,-0.013299,-0.16726,-0.013932,0.059711,0.020335,-0.36107,-0.16016,0.056719,0.23317,0.12121,-0.20934,0.071282,-0.016962,-0.055779,0.017698,-0.018238,0.069588,0.0067745,0.3491,-0.10753,-0.12552,0.050475,0.22589,-0.10669,0.16881,1,0.1375,-0.11003,0.14721,-0.28099,-0.16226,0.024526,0.022898,0.18375,0.11029,-0.14913,0.36703,0.14379,-0.010951,-0.036856,0.0074216,-0.0047082,-0.085477,0.0019915,0.10796,0.1832,0.22576,0.022457
