2.8592e-11 2.0348e-11 2.6069e-11 2.6188e-11 2.4179e-11 2.3601e-11 3.3831e-11 2.506e-11 3.0365e-11 2.1028e-11 3.266e-11 2.7002e-11 2.9017e-11 2.6054e-11 2.936e-11 2.457e-11 2.096e-11 3.1937e-11 2.6461e-11 3.2468e-11 2.0728e-11 3.2827e-11 3.2091e-11 2.4093e-11 3.293e-11 2.615e-11 2.729e-11 3.0533e-11 2.6874e-11 2.8008e-11 2.2992e-11 2.2946e-11 2.2568e-11 2.9019e-11 2.6407e-11 2.9475e-11 2.2756e-11 2.8666e-11 2.4735e-11 2.4297e-11 2.9267e-11 2.7519e-11 2.3175e-11 2.2419e-11 1.9647e-11 2.507e-11 1.924e-11 2.1372e-11 1.7886e-11 1.8919e-11 2.2385e-11 1.9726e-11 1.1585e-11 1.6059e-11 8.1924e-12 1.5063e-11 1.4647e-11 8.8341e-12 2.8505e-12 4.7785e-12 1.1542e-11 1.4227e-11 1.1254e-11 9.0364e-12 8.8129e-12 9.6676e-12 7.819e-12 4.2462e-12 8.705e-12 7.5679e-12 4.7645e-12 2.0443e-12 4.3991e-12 2.4071e-12 3.3888e-12 6.3146e-12 4.8544e-12 6.3454e-12 5.6933e-12 4.2963e-12 1.4058e-12 1.4988e-12 3.5197e-12 6.6492e-12 3.222e-12 2.3237e-12 6.813e-12 5.7e-12 3.6898e-12 4.8585e-12 1.8818e-12 4.1333e-13 -2.91e-13 3.8844e-13 4.2461e-12 3.7727e-12 3.0064e-12 1.7634e-12 1.1647e-13 7.169e-12 -3.2847e-13 1.1227e-12 1.9031e-12 7.8842e-13 1.2553e-13 8.6191e-13 1.8254e-12 1.2011e-12 1.9912e-12 -8.835e-13 3.5188e-12 -4.7841e-13 1.569e-12 -2.4026e-12 1.4821e-12 6.4328e-13 6.5079e-13 -1.6584e-13 8.3208e-13 -4.0422e-13 3.8442e-12 1.1866e-12 -6.8316e-13 3.9635e-12 1.5654e-12 -1.5425e-12 -1.431e-12 -7.6215e-13 2.198e-12 -9.4829e-13 -1.1405e-12 -3.6681e-12 -6.6434e-13 -2.1212e-12 -1.1059e-12 -1.8325e-12 8.186e-13 2.0195e-12 1.5164e-13 1.0113e-12 1.2405e-12 -2.5305e-13 4.6548e-13 1.0942e-12 2.1104e-12 -1.0276e-12 7.8591e-13 -1.5756e-12 -4.1286e-13 2.5064e-13 6.9067e-13 -1.5257e-12 -1.9495e-12 -2.0413e-12 -2.7478e-12 9.009e-13 2.9002e-13 5.6992e-13 -5.6047e-13 1.841e-13 -1.1106e-12 -2.8599e-13 4.1084e-13 -1.995e-13 9.8859e-13 -5.0223e-13 1.0312e-12 5.0894e-13 8.6212e-13 -1.6826e-13 -4.0441e-13 6.3426e-14 -9.2128e-13 -6.3139e-13 -6.7711e-13 5.7252e-13 2.2737e-13 1.434e-13 1.3117e-13
2.0348e-11 2.7696e-11 2.428e-11 2.2074e-11 2.1089e-11 2.0333e-11 3.1607e-11 2.2791e-11 2.8483e-11 1.9442e-11 3.0426e-11 2.3499e-11 2.5317e-11 2.4877e-11 2.7656e-11 2.2269e-11 1.8034e-11 2.7638e-11 2.2695e-11 3.0214e-11 1.7814e-11 2.8631e-11 2.9265e-11 2.3927e-11 3.3602e-11 2.3694e-11 2.6114e-11 2.5701e-11 2.75e-11 2.5839e-11 2.4324e-11 2.2369e-11 2.2994e-11 2.4892e-11 2.3027e-11 2.651e-11 1.9785e-11 2.8981e-11 2.6018e-11 2.2466e-11 2.537e-11 2.6397e-11 2.1805e-11 2.2487e-11 1.6492e-11 2.4833e-11 1.4766e-11 2.0376e-11 1.6714e-11 1.4317e-11 2.0974e-11 1.8057e-11 1.2925e-11 1.6794e-11 1.0087e-11 1.2426e-11 1.4325e-11 8.273e-12 4.4219e-12 5.5584e-12 1.0137e-11 1.0767e-11 9.1624e-12 8.2863e-12 6.9436e-12 5.4091e-12 7.3459e-12 5.4644e-12 8.7987e-12 5.6634e-12 5.5348e-12 4.5503e-12 6.2393e-13 4.3384e-12 -6.9262e-13 4.1233e-12 2.624e-12 8.4511e-12 4.6124e-12 5.6589e-12 2.509e-12 2.8271e-12 3.4963e-12 6.2529e-12 3.1235e-12 -4.7918e-13 7.026e-12 4.1472e-12 4.9868e-12 1.2195e-12 2.879e-12 2.3302e-12 3.0329e-12 1.3094e-12 2.7752e-12 6.8827e-12 5.0522e-13 -6.9256e-13 2.123e-13 7.0068e-12 2.1789e-12 -6.1227e-13 4.5203e-12 2.8678e-12 -2.9256e-13 8.7538e-13 1.0501e-12 9.7008e-13 4.3345e-12 -1.4334e-13 2.4606e-12 2.0749e-13 1.4345e-12 -2.5905e-12 4.1866e-14 -5.6244e-13 -2.1457e-12 -7.339e-13 3.7525e-14 1.8052e-12 1.5015e-12 3.6007e-12 1.7985e-12 6.1295e-12 6.2574e-13 3.7721e-13 -2.9832e-12 -3.2204e-12 6.2043e-13 1.0016e-12 7.2322e-13 -3.0707e-12 -1.1974e-12 -2.2359e-12 -1.5433e-12 -1.6422e-13 6.8329e-14 5.4969e-14 3.3367e-12 1.0676e-12 5.8961e-13 1.5464e-12 1.2795e-12 9.2724e-13 3.6652e-12 -5.477e-14 8.0035e-13 -8.3196e-13 -8.9451e-13 -1.4483e-12 1.4212e-12 -3.9361e-13 -7.1321e-13 -2.2683e-12 -3.5964e-12 9.4961e-13 4.3757e-13 -1.8005e-13 -9.7622e-14 4.6241e-13 -1.8492e-12 -2.0625e-13 1.219e-13 -7.9333e-13 1.138e-12 -5.5573e-13 6.6436e-13 1.5854e-13 2.2255e-13 1.0102e-12 -9.3038e-13 6.8079e-13 -1.1699e-12 -9.7221e-13 -6.0125e-13 5.9823e-13 7.369e-14 9.0294e-14 4.5985e-13
2.6069e-11 2.428e-11 3.3683e-11 2.7546e-11 2.7336e-11 2.6549e-11 3.8517e-11 2.8616e-11 3.3087e-11 2.4133e-11 3.7409e-11 2.8249e-11 3.1498e-11 3.093e-11 3.3139e-11 2.7885e-11 2.3804e-11 3.6306e-11 2.8528e-11 3.4272e-11 2.3693e-11 3.5223e-11 3.4855e-11 2.7532e-11 3.9657e-11 2.8159e-11 3.0435e-11 3.2214e-11 3.123e-11 3.0994e-11 2.7386e-11 2.4022e-11 2.6719e-11 3.0649e-11 2.952e-11 3.2254e-11 2.3235e-11 3.2111e-11 3.0363e-11 2.7695e-11 3.1484e-11 3.0742e-11 2.576e-11 2.5276e-11 2.1898e-11 2.7859e-11 2.1354e-11 2.2835e-11 1.8148e-11 2.2084e-11 2.3804e-11 2.1691e-11 1.4389e-11 1.9374e-11 1.3714e-11 1.5536e-11 1.5796e-11 1.2756e-11 9.3271e-12 5.4254e-12 1.2846e-11 1.4158e-11 1.1524e-11 1.1214e-11 8.8599e-12 8.975e-12 1.0883e-11 4.548e-12 8.0262e-12 8.5621e-12 4.4956e-12 5.9608e-12 2.622e-12 3.645e-12 3.1238e-12 6.1672e-12 2.1316e-12 7.0507e-12 8.2917e-12 6.9676e-12 5.7379e-13 4.3887e-12 5.5635e-12 8.379e-12 5.9886e-12 9.7781e-13 9.4712e-12 2.8215e-12 4.6575e-12 4.6641e-12 1.5144e-12 3.0788e-12 2.7843e-12 3.6564e-12 2.6654e-12 7.7938e-12 1.0825e-12 1.0762e-12 1.0104e-12 8.5103e-12 4.2421e-13 3.0873e-13 3.7264e-12 2.6049e-12 -7.648e-13 9.2812e-13 3.3288e-12 8.6554e-13 4.0794e-12 -2.6874e-12 4.3468e-12 1.9521e-12 1.8826e-12 -2.8441e-12 3.9972e-13 -1.2033e-12 -7.6707e-13 -1.0481e-12 2.5217e-12 2.8898e-12 2.89e-12 2.0893e-12 -5.3596e-13 4.1232e-12 6.1153e-13 2.3702e-13 -2.4517e-12 -3.3817e-12 1.8791e-12 -4.0578e-13 -2.0442e-13 -3.4606e-12 -4.2306e-13 -1.1547e-12 -1.2509e-12 -1.9003e-12 -5.2969e-13 4.2225e-13 2.2572e-12 1.1842e-12 1.1435e-12 6.1574e-13 1.0588e-13 7.5582e-13 2.645e-12 -1.0907e-12 4.6445e-13 -1.5889e-12 -1.4441e-12 -4.6833e-13 1.7467e-12 -1.6294e-12 -5.8354e-13 -2.4105e-12 -2.1824e-12 6.3734e-13 4.7649e-13 -9.4058e-13 -8.063e-13 2.5093e-13 -2.355e-12 1.1121e-12 4.5134e-13 -1.2131e-13 5.422e-13 -3.6515e-13 1.1822e-12 3.6535e-13 6.7526e-13 1.2321e-13 -9.2196e-13 2.7752e-13 -1.168e-12 -1.1342e-12 -5.4601e-13 9.0053e-13 2.5851e-13 2.6672e-13 1.041e-13
2.6188e-11 2.2074e-11 2.7546e-11 3.1662e-11 2.3638e-11 2.4772e-11 3.6382e-11 2.6913e-11 3.0735e-11 2.0294e-11 3.374e-11 2.7784e-11 2.8458e-11 2.9024e-11 3.2459e-11 2.4701e-11 2.1954e-11 3.4019e-11 2.6701e-11 3.387e-11 2.1593e-11 3.4535e-11 3.0627e-11 2.5314e-11 3.6097e-11 2.6553e-11 2.7052e-11 2.8e-11 2.7724e-11 2.9265e-11 2.6759e-11 2.2338e-11 2.4223e-11 3.087e-11 2.5552e-11 3.1768e-11 2.3526e-11 2.8088e-11 2.4606e-11 2.498e-11 2.8215e-11 2.6698e-11 2.5077e-11 2.6422e-11 2.0428e-11 2.4229e-11 1.9645e-11 2.3667e-11 1.7027e-11 1.6698e-11 2.1935e-11 1.7571e-11 1.6629e-11 1.6832e-11 1.1912e-11 1.5636e-11 1.3556e-11 8.7953e-12 5.2557e-12 4.8526e-12 1.227e-11 1.3496e-11 1.2175e-11 1.2237e-11 9.2312e-12 7.8237e-12 9.6421e-12 3.3679e-12 1.0218e-11 7.6752e-12 4.8846e-12 4.0364e-12 5.9212e-12 -7.4751e-13 5.4383e-12 4.3629e-12 2.8072e-12 8.3315e-12 5.1579e-12 5.5485e-12 7.7651e-13 2.5497e-12 3.8819e-12 7.3283e-12 1.5679e-12 3.7279e-12 7.9749e-12 4.2326e-12 4.6698e-12 4.0647e-12 1.6982e-12 1.8007e-12 -4.9054e-13 2.0549e-12 3.8539e-12 3.5493e-12 1.1746e-12 7.3567e-13 6.553e-13 6.1595e-12 -3.2227e-12 2.4309e-12 2.5925e-12 2.8217e-12 8.4377e-13 1.3775e-12 2.7934e-12 2.699e-12 1.8694e-12 -2.7775e-12 5.4502e-12 2.4136e-12 -1.1383e-13 -2.1705e-12 5.1427e-13 -1.4642e-12 -6.1703e-13 -2.446e-13 4.4074e-13 -6.7657e-13 1.1975e-12 2.955e-12 1.7843e-12 3.3959e-12 9.9545e-13 -5.6534e-14 -2.5661e-12 -2.0892e-12 1.4295e-12 2.184e-13 -3.8124e-13 -3.1417e-12 -8.7948e-13 -2.0306e-12 -4.657e-13 -1.14e-12 2.5551e-13 3.857e-13 1.0161e-12 1.108e-12 6.3312e-13 9.4444e-14 -5.8531e-13 8.4236e-13 2.128e-12 -1.9141e-12 9.4379e-13 -6.7389e-13 -5.8285e-14 -1.0109e-12 -9.1079e-14 -1.1212e-12 -2.1907e-12 -2.147e-12 -2.0945e-12 1.2422e-12 -2.144e-14 -1.3438e-13 -1.4198e-12 7.7564e-13 -1.6279e-12 4.2213e-13 4.0818e-13 -9.7021e-13 1.3758e-13 -1.251e-13 1.2659e-12 1.8054e-13 8.0991e-13 -2.0037e-13 -7.8229e-13 -2.0104e-13 -7.9204e-13 -3.8602e-13 -7.5593e-13 5.933e-13 3.9202e-13 3.085e-13 1.573e-13
2.4179e-11 2.1089e-11 2.7336e-11 2.3638e-11 3.104e-11 2.5469e-11 3.4151e-11 2.5315e-11 2.9629e-11 2.2815e-11 3.3236e-11 2.6248e-11 2.9839e-11 2.8079e-11 2.7356e-11 2.4716e-11 1.9314e-11 3.1317e-11 2.6867e-11 3.1921e-11 2.1773e-11 3.1439e-11 3.4285e-11 2.7099e-11 3.516e-11 2.6359e-11 2.6877e-11 3.0353e-11 2.6995e-11 3.0257e-11 2.4405e-11 2.3406e-11 2.3178e-11 2.6827e-11 2.5051e-11 2.9353e-11 2.2903e-11 3.0035e-11 2.9972e-11 2.4197e-11 3.0761e-11 2.6481e-11 2.6897e-11 2.2084e-11 1.9184e-11 2.35e-11 2.043e-11 2.0541e-11 1.6508e-11 1.8996e-11 2.1602e-11 2.214e-11 1.2018e-11 1.8462e-11 1.0822e-11 1.6802e-11 1.2579e-11 1.1496e-11 7.5612e-12 4.9085e-12 1.3937e-11 1.4489e-11 1.1433e-11 1.059e-11 7.775e-12 6.6426e-12 7.2839e-12 5.7067e-12 6.6551e-12 8.7414e-12 4.5383e-12 3.9106e-12 2.9999e-12 2.8064e-12 3.2619e-14 7e-12 2.4895e-12 7.6448e-12 6.17e-12 3.4747e-12 1.7811e-12 3.8489e-12 4.4558e-12 8.3408e-12 6.8708e-12 -7.0127e-13 9.4415e-12 3.5195e-12 2.7439e-12 3.8136e-12 4.245e-13 1.6152e-12 2.1695e-12 2.1974e-12 2.0934e-12 1.9115e-12 4.1172e-13 2.4948e-12 7.8239e-13 8.7373e-12 4.0086e-13 -1.1353e-12 3.9385e-12 2.3764e-12 -6.0755e-13 5.2887e-13 2.786e-12 1.8178e-12 2.0342e-12 2.4302e-14 5.3407e-12 3.7707e-13 1.4175e-12 -2.1317e-12 -7.3455e-14 5.6255e-13 -3.6891e-13 -1.7509e-12 1.5e-12 3.2303e-12 3.4156e-12 2.7115e-12 -6.1234e-13 4.4662e-12 -2.0461e-13 -5.145e-13 -1.2384e-12 -4.353e-13 2.2671e-12 -1.5832e-13 -1.0992e-12 -4.5527e-12 -1.6255e-12 -1.0104e-12 -5.5345e-13 -2.8688e-12 1.1534e-12 3.2147e-13 1.0986e-12 1.3433e-13 1.04e-12 2.712e-13 1.2586e-12 1.7634e-12 3.1652e-12 -1.0021e-12 6.1547e-13 -2.0135e-12 -1.368e-12 -3.4873e-13 2.8546e-12 -2.1664e-12 -1.8748e-13 -2.451e-12 -1.6064e-12 1.3236e-12 4.1568e-13 -3.5629e-13 -6.998e-13 9.9827e-13 -2.934e-12 8.7657e-13 8.5295e-13 -4.5165e-13 8.7442e-13 -9.485e-13 7.4024e-13 8.2455e-13 3.7369e-13 -3.5614e-13 -2.3017e-13 1.9509e-13 -1.2087e-12 -6.1665e-13 -8.4763e-14 6.9802e-13 2.0527e-13 2.7886e-14 -1.415e-13
2.3601e-11 2.0333e-11 2.6549e-11 2.4772e-11 2.5469e-11 2.9026e-11 3.0762e-11 2.5136e-11 2.9213e-11 2.1372e-11 3.3527e-11 2.6132e-11 2.8736e-11 2.7133e-11 2.5787e-11 2.2378e-11 1.9618e-11 3.2461e-11 2.4443e-11 3.1894e-11 2.026e-11 3.0217e-11 3.1722e-11 2.4265e-11 3.4537e-11 2.4106e-11 2.661e-11 3.026e-11 2.6703e-11 2.7642e-11 2.3975e-11 2.3891e-11 2.2714e-11 2.7652e-11 2.5028e-11 3.0688e-11 2.0791e-11 2.87e-11 2.8117e-11 2.4863e-11 2.9218e-11 2.3922e-11 2.5708e-11 2.3518e-11 1.9999e-11 2.2331e-11 2.1556e-11 2.068e-11 1.4742e-11 1.8567e-11 2.1123e-11 2.135e-11 1.2989e-11 1.5283e-11 1.0346e-11 1.4084e-11 1.2204e-11 8.5134e-12 5.529e-12 5.8995e-12 1.0783e-11 1.6397e-11 1.0535e-11 1.025e-11 9.481e-12 9.4066e-12 9.1371e-12 5.5498e-12 5.5033e-12 7.3165e-12 2.9076e-12 5.6519e-12 1.3772e-12 3.0721e-12 2.7186e-12 6.0217e-12 2.3437e-12 8.6499e-12 7.7219e-12 5.8527e-12 1.9622e-12 3.0984e-12 3.5842e-12 7.8294e-12 6.3977e-12 1.3064e-12 7.6685e-12 2.6664e-12 2.2296e-12 2.7925e-12 2.5918e-12 -1.4776e-12 1.9257e-12 1.7344e-13 1.3694e-12 4.6937e-12 5.4401e-13 -2.564e-12 1.9241e-12 6.9607e-12 -1.8418e-12 1.1801e-12 4.0886e-12 1.3127e-13 -6.3662e-13 3.0031e-12 3.3495e-12 2.2002e-12 1.3395e-12 -1.9366e-12 6.6585e-12 1.7285e-12 1.2309e-12 -3.2216e-12 1.3169e-12 -4.0526e-14 8.8603e-13 -1.7075e-12 1.0476e-12 2.8344e-12 1.8842e-12 1.9297e-12 -8.5506e-13 3.5058e-12 -5.2414e-13 -6.1705e-13 -2.6319e-12 -9.1429e-13 1.6523e-12 -6.0638e-13 -1.5577e-12 -2.2169e-12 -1.2939e-12 -2.2617e-12 -5.4547e-13 -1.4617e-12 7.9289e-13 4.6192e-13 1.7314e-12 9.7399e-13 1.7685e-12 8.7637e-14 9.2614e-13 8.1554e-13 3.7239e-12 -2.2006e-12 1.1006e-12 -8.8504e-13 -4.3489e-13 -4.795e-13 9.12e-13 -1.6172e-12 -3.8546e-13 -2.1617e-12 -1.7071e-12 7.3643e-13 2.7933e-13 -7.5916e-13 -6.7101e-13 6.2562e-13 -1.9093e-12 4.528e-13 -1.5702e-13 -2.5012e-13 5.8766e-13 -4.2079e-15 9.3772e-13 -5.9588e-13 3.5966e-13 3.048e-13 -4.9221e-13 1.6584e-13 -1.2515e-12 -2.9872e-13 -5.4179e-13 8.5202e-13 1.8916e-13 2.7888e-13 2.5692e-13
3.3831e-11 3.1607e-11 3.8517e-11 3.6382e-11 3.4151e-11 3.0762e-11 5.583e-11 3.4852e-11 4.192e-11 2.8004e-11 4.4213e-11 3.8368e-11 3.9367e-11 3.6415e-11 4.2569e-11 3.6576e-11 3.0206e-11 4.4566e-11 3.7842e-11 4.6479e-11 3.0386e-11 4.4537e-11 4.4062e-11 3.7472e-11 5.0157e-11 3.7921e-11 3.862e-11 4.0273e-11 4.07e-11 4.0079e-11 3.7389e-11 3.2249e-11 3.4203e-11 3.88e-11 3.5107e-11 4.013e-11 3.4768e-11 3.8752e-11 3.7905e-11 3.4992e-11 3.9484e-11 3.939e-11 3.4213e-11 3.429e-11 2.5379e-11 3.5661e-11 2.8555e-11 3.0374e-11 2.7218e-11 2.4774e-11 3.1422e-11 2.9425e-11 2.0019e-11 2.5814e-11 1.6033e-11 2.3762e-11 2.0482e-11 1.5469e-11 1.071e-11 5.9343e-12 1.9897e-11 1.794e-11 1.6091e-11 1.4957e-11 1.0919e-11 1.0221e-11 1.3636e-11 6.7802e-12 1.3932e-11 8.5651e-12 7.5864e-12 4.1725e-12 7.6782e-12 4.6535e-12 5.6407e-12 7.9965e-12 5.5882e-12 7.9092e-12 7.3887e-12 4.2401e-12 2.5572e-12 7.2636e-12 4.5101e-12 9.9816e-12 5.4591e-12 3.2164e-12 1.2121e-11 6.6919e-12 7.9903e-12 4.9987e-12 2.087e-12 4.0281e-12 4.5129e-12 2.079e-12 5.0449e-12 7.4019e-12 1.8879e-12 1.4631e-12 3.6687e-13 9.4723e-12 5.26e-13 1.3655e-12 5.6597e-12 5.2649e-12 1.6134e-12 -9.7564e-14 4.4515e-12 3.2681e-12 4.0847e-12 -1.8312e-12 3.8281e-12 -6.5024e-13 2.8301e-12 -2.7313e-12 6.9656e-13 -1.7422e-12 -4.0415e-14 -1.4094e-12 1.6772e-12 1.5819e-12 2.6575e-12 3.8616e-12 2.1713e-12 5.4682e-12 8.7501e-13 1.1335e-12 -3.4982e-12 -4.2477e-12 3.1284e-12 1.3688e-12 1.6729e-13 -5.5187e-12 2.9641e-13 -3.0346e-12 -1.767e-12 -2.0801e-12 9.5115e-13 1.8181e-12 2.1617e-12 1.6007e-12 -1.9612e-13 -8.2627e-14 4.2942e-13 7.1032e-13 3.9548e-12 -1.4599e-12 -2.2544e-13 -3.0909e-12 -1.1205e-12 -1.2926e-12 2.8442e-12 -2.78e-12 -1.5537e-12 -2.6778e-12 -5.4152e-12 1.1896e-12 1.0117e-12 -5.5377e-15 -1.6931e-12 1.0087e-12 -2.6072e-12 1.453e-12 1.7872e-12 -1.602e-12 8.9116e-13 -1.0385e-12 1.1765e-12 4.5665e-13 1.1604e-12 -1.421e-13 -9.2419e-13 4.4719e-13 -1.6092e-12 -1.1645e-12 -1.0285e-12 1.1023e-12 3.5393e-13 7.4776e-14 -8.4652e-14
2.506e-11 2.2791e-11 2.8616e-11 2.6913e-11 2.5315e-11 2.5136e-11 3.4852e-11 3.2206e-11 3.2342e-11 2.0908e-11 3.4108e-11 2.7643e-11 3.0565e-11 2.8419e-11 2.9866e-11 2.358e-11 2.0478e-11 3.3219e-11 2.5275e-11 3.3507e-11 2.0414e-11 3.2527e-11 3.4076e-11 2.6282e-11 3.5474e-11 2.7163e-11 2.7746e-11 2.8234e-11 2.8262e-11 3.0876e-11 2.5885e-11 2.3982e-11 2.5983e-11 2.9033e-11 2.7353e-11 3.1272e-11 2.3494e-11 3.2425e-11 2.7546e-11 2.6351e-11 3.0443e-11 2.5896e-11 2.5511e-11 2.4077e-11 2.3189e-11 2.6166e-11 2.2878e-11 2.2143e-11 1.9996e-11 1.8309e-11 2.4283e-11 1.8891e-11 1.312e-11 1.5726e-11 8.801e-12 1.5365e-11 1.2813e-11 8.5322e-12 6.2188e-12 6.0686e-12 1.0994e-11 1.6315e-11 1.1712e-11 1.1325e-11 1.0566e-11 7.9495e-12 8.0558e-12 4.6622e-12 6.8866e-12 9.3708e-12 3.4248e-12 4.8175e-12 4.7575e-12 1.4048e-12 2.621e-12 6.8161e-12 2.5318e-12 7.5923e-12 6.4194e-12 7.8882e-12 5.1111e-13 2.3323e-12 4.9449e-12 7.3744e-12 5.1073e-12 2.1479e-12 7.2163e-12 6.2573e-12 4.9018e-12 3.7815e-12 2.0471e-12 2.5086e-12 2.3714e-12 3.1479e-12 3.0208e-12 5.4022e-12 -1.4104e-13 1.3364e-12 3.8241e-12 8.0922e-12 -1.9462e-12 1.5709e-12 4.3839e-12 4.7742e-12 -9.6955e-13 -3.9341e-14 2.6925e-12 3.3688e-12 2.6336e-12 -4.5816e-12 5.1076e-12 2.5036e-12 1.5246e-12 -1.9059e-12 2.9056e-12 -1.8597e-12 8.8613e-13 2.1274e-14 1.7823e-12 1.7246e-12 8.8484e-13 8.8629e-13 -1.1594e-12 2.5813e-12 1.0142e-13 2.134e-13 -1.4557e-12 -2.1897e-12 1.1254e-12 -1.3162e-12 -4.2848e-13 -2.6073e-12 -1.4109e-12 -2.0304e-12 -2.0689e-12 -2.4144e-12 -9.0841e-13 -2.5411e-14 1.6775e-12 1.0945e-12 3.6467e-13 6.4079e-13 -2.6958e-13 1.6102e-12 3.0442e-12 -1.6059e-12 1.2894e-12 -1.5786e-12 -4.1952e-13 -7.5603e-13 6.4731e-13 -1.4446e-12 1.1836e-13 -2.0461e-12 -3.0795e-12 9.5271e-14 2.6024e-13 -7.6025e-13 -1.3669e-12 7.7056e-13 -2.2962e-12 3.9749e-13 8.7879e-13 -2.4508e-13 4.1893e-13 -3.4856e-13 1.2444e-12 2.4464e-14 5.56e-13 5.2081e-13 -2.1572e-13 -2.62e-13 -1.3793e-12 -1.2584e-12 -6.4848e-13 8.2493e-13 3.3403e-13 2.0399e-13 1.4613e-13
3.0365e-11 2.8483e-11 3.3087e-11 3.0735e-11 2.9629e-11 2.9213e-11 4.192e-11 3.2342e-11 4.3685e-11 2.7016e-11 4.1915e-11 3.3093e-11 3.5431e-11 3.3054e-11 3.6197e-11 3.0575e-11 2.6375e-11 3.9734e-11 3.1925e-11 4.1215e-11 2.4544e-11 3.9378e-11 3.9815e-11 3.0809e-11 4.2892e-11 3.2816e-11 3.6238e-11 3.7527e-11 3.5418e-11 3.5993e-11 3.1559e-11 2.8641e-11 3.2533e-11 3.5679e-11 3.1735e-11 3.7857e-11 2.69e-11 3.7343e-11 3.4708e-11 2.9929e-11 3.4491e-11 3.3425e-11 3.0984e-11 2.6743e-11 2.6139e-11 3.0619e-11 2.667e-11 2.6624e-11 2.18e-11 2.1478e-11 2.8054e-11 2.5502e-11 1.452e-11 1.816e-11 1.1987e-11 1.9112e-11 1.8167e-11 9.544e-12 7.2324e-12 6.0503e-12 1.4046e-11 1.6717e-11 1.3101e-11 1.1716e-11 1.0617e-11 1.0957e-11 1.0699e-11 6.5823e-12 1.0733e-11 8.2365e-12 5.3117e-12 7.1765e-12 3.3868e-12 4.798e-12 -2.6429e-14 9.6392e-12 5.0454e-12 7.322e-12 9.0126e-12 6.6389e-12 2.02e-12 3.8528e-12 4.4005e-12 9.0074e-12 4.3754e-12 1.5915e-12 9.6946e-12 7.3563e-12 5.4513e-12 5.9702e-12 6.8112e-13 1.6755e-12 7.4842e-13 3.2435e-12 2.509e-12 6.1689e-12 2.6403e-13 -1.8604e-12 2.9549e-12 9.9673e-12 4.8797e-13 1.6623e-12 4.4284e-12 5.2595e-12 -2.3926e-12 1.5616e-12 3.4732e-12 2.4296e-12 4.3007e-12 -1.9286e-12 6.0968e-12 1.6487e-12 1.1716e-12 -3.1555e-12 3.7454e-12 3.4852e-13 8.2652e-14 -8.9033e-13 2.1182e-12 1.9776e-12 2.0443e-12 3.4945e-12 -1.0903e-12 4.3867e-12 1.0365e-12 -9.9612e-13 -2.9532e-12 -1.6549e-12 1.7476e-12 3.1849e-13 1.3155e-13 -3.5655e-12 -1.3424e-12 -2.29e-12 -3.0116e-12 -1.0197e-12 1.7038e-13 4.3575e-13 2.4716e-12 1.4866e-12 1.5526e-12 -2.9145e-13 4.6957e-13 2.0209e-12 3.9912e-12 -1.6368e-12 8.6942e-13 -1.6561e-12 -1.8399e-12 -1.3688e-12 -1.5729e-13 -1.2716e-12 -1.5381e-12 -2.5868e-12 -3.5309e-12 1.2902e-12 -4.1917e-13 -1.1393e-12 -2.1016e-12 8.9138e-13 -2.3089e-12 4.5001e-13 1.7855e-13 -4.2864e-13 3.7422e-13 -1.0956e-12 7.959e-13 -3.9198e-13 4.6043e-13 8.1591e-13 -7.794e-13 2.2067e-13 -1.3584e-12 -1.0346e-12 -8.5858e-13 9.2255e-13 1.0357e-13 5.1895e-14 3.079e-13
2.1028e-11 1.9442e-11 2.4133e-11 2.0294e-11 2.2815e-11 2.1372e-11 2.8004e-11 2.0908e-11 2.7016e-11 2.4316e-11 2.945e-11 2.1411e-11 2.4143e-11 2.3832e-11 2.4946e-11 2.0864e-11 1.7425e-11 2.704e-11 2.234e-11 2.8102e-11 1.747e-11 2.7702e-11 2.8311e-11 2.074e-11 3.0047e-11 2.0471e-11 2.3196e-11 2.7742e-11 2.4067e-11 2.3472e-11 2.0046e-11 2.053e-11 2.1788e-11 2.6081e-11 2.0881e-11 2.6931e-11 1.6479e-11 2.5875e-11 2.5469e-11 2.0145e-11 2.6141e-11 2.6118e-11 2.4091e-11 2.0044e-11 1.6993e-11 2.1366e-11 1.7152e-11 1.9478e-11 1.3335e-11 1.8184e-11 1.8331e-11 1.9672e-11 1.3199e-11 1.5553e-11 1.0596e-11 1.3883e-11 1.1927e-11 1.0486e-11 6.7836e-12 5.4103e-12 1.0292e-11 1.1314e-11 7.875e-12 6.8157e-12 7.451e-12 6.2832e-12 7.0424e-12 5.3694e-12 8.0779e-12 6.8568e-12 5.8371e-12 3.4503e-12 1.8953e-12 3.4243e-12 3.5229e-12 6.1952e-12 2.0263e-12 6.0915e-12 7.4914e-12 5.4246e-12 2.5839e-12 2.7298e-12 5.6484e-12 8.0458e-12 4.2456e-12 8.2819e-13 8.4263e-12 2.5463e-12 2.3277e-12 3.3822e-12 2.147e-12 1.1888e-12 1.8785e-12 2.1267e-12 6.3604e-13 6.4493e-12 1.1168e-12 8.0581e-13 9.2366e-13 7.2095e-12 9.9401e-13 3.2104e-14 3.3593e-12 3.104e-13 -1.0504e-12 6.8311e-13 1.3856e-12 1.5318e-12 3.0938e-12 7.7038e-14 4.1026e-12 2.4037e-12 2.1238e-12 -3.419e-12 4.9093e-13 9.2133e-13 5.692e-13 -1.8517e-12 1.3377e-12 1.0049e-12 4.0939e-12 2.7584e-12 -4.6536e-13 4.3136e-12 1.2927e-12 -1.0315e-12 -2.2533e-12 4.5227e-14 1.2021e-12 2.4842e-13 4.9946e-13 -4.4528e-12 -6.57e-13 -2.0446e-12 -1.1455e-12 -2.143e-12 9.8289e-13 9.9322e-13 1.6265e-12 4.9818e-13 1.684e-12 -9.3008e-13 1.2077e-12 1.215e-12 2.6392e-12 -1.1111e-12 6.5408e-13 -3.8188e-13 -1.2935e-12 -4.4086e-13 6.9877e-13 -9.9128e-13 -8.3302e-13 -1.5509e-12 -2.4482e-12 1.0034e-12 -9.923e-14 -3.9841e-13 3.5697e-13 1.9879e-13 -1.4254e-12 2.1076e-13 1.9918e-14 -9.3002e-13 5.8383e-13 -3.6983e-13 1.8349e-13 -1.6915e-13 4.0621e-13 -7.1658e-14 -6.2264e-13 -5.9574e-13 -1.2669e-12 -6.2606e-13 -4.8148e-13 5.7366e-13 2.5998e-13 1.2788e-13 1.3911e-13
3.266e-11 3.0426e-11 3.7409e-11 3.374e-11 3.3236e-11 3.3527e-11 4.4213e-11 3.4108e-11 4.1915e-11 2.945e-11 5.2236e-11 3.3471e-11 4.0326e-11 3.5527e-11 4.1114e-11 3.2756e-11 2.8981e-11 4.3314e-11 3.4932e-11 4.2542e-11 2.87e-11 4.427e-11 4.3536e-11 3.6223e-11 4.6652e-11 3.336e-11 3.7584e-11 4.102e-11 4.044e-11 3.9813e-11 3.1267e-11 3.2387e-11 3.3765e-11 3.8514e-11 3.6565e-11 4.1799e-11 3.0981e-11 4.2563e-11 3.8245e-11 3.501e-11 4.0611e-11 3.5835e-11 3.5298e-11 3.1359e-11 2.7979e-11 3.2046e-11 2.9099e-11 2.8376e-11 2.1415e-11 2.4033e-11 2.8173e-11 2.7378e-11 1.6679e-11 2.1546e-11 1.5411e-11 1.6638e-11 1.7189e-11 1.3531e-11 8.9543e-12 7.8913e-12 1.6701e-11 1.8084e-11 1.3996e-11 1.4365e-11 1.1923e-11 1.1155e-11 1.453e-11 7.5741e-12 9.6172e-12 1.0873e-11 7.1581e-12 8.1623e-12 1.1973e-12 3.3325e-12 5.1112e-12 8.402e-12 2.5448e-12 1.1742e-11 7.875e-12 1.001e-11 1.6074e-12 6.8893e-12 7.1121e-12 9.833e-12 6.3615e-12 1.8244e-12 1.294e-11 6.1423e-12 7.6651e-12 4.8722e-12 1.1858e-12 4.4381e-13 1.4713e-12 2.1627e-12 1.4929e-12 9.1102e-12 4.8525e-13 5.2471e-13 9.7818e-13 1.0796e-11 4.5513e-13 2.4413e-14 2.9097e-12 2.0455e-12 -1.276e-12 3.0808e-12 3.558e-12 2.234e-12 4.1388e-12 -3.0043e-12 5.9901e-12 1.8963e-12 3.5124e-12 -4.1819e-12 1.0858e-12 -7.8278e-14 1.1581e-12 -1.3887e-12 1.4137e-12 1.7321e-12 4.6238e-12 2.7474e-12 7.7176e-13 5.9452e-12 1.3269e-12 -6.6721e-13 -3.9125e-12 -3.4644e-12 1.4424e-12 -9.1346e-14 1.6035e-13 -4.5381e-12 -1.5823e-12 -1.4241e-12 -1.8505e-12 -9.884e-13 1.6341e-12 -4.4921e-14 1.8738e-12 1.3519e-12 1.7852e-12 5.2869e-13 1.4791e-12 1.5111e-12 4.3538e-12 -1.1129e-12 1.3225e-12 -1.6151e-12 -1.4698e-12 -2.2628e-12 -3.9135e-13 -1.8859e-12 1.9138e-13 -2.5817e-12 -3.7188e-12 1.7574e-12 2.8207e-13 -2.0589e-12 -1.511e-12 2.1392e-13 -2.2056e-12 4.7868e-13 -1.1648e-13 1.809e-13 1.0206e-12 -7.4504e-14 9.7808e-13 -3.3585e-13 1.0232e-12 6.9754e-13 -9.583e-13 4.9859e-15 -1.4504e-12 -9.2386e-13 -4.3991e-13 9.6887e-13 2.0335e-13 1.6143e-13 4.3922e-13
2.7002e-11 2.3499e-11 2.8249e-11 2.7784e-11 2.6248e-11 2.6132e-11 3.8368e-11 2.7643e-11 3.3093e-11 2.1411e-11 3.3471e-11 3.4786e-11 3.1756e-11 2.7949e-11 3.0485e-11 2.6312e-11 2.415e-11 3.6271e-11 2.8878e-11 3.6256e-11 2.2051e-11 3.3631e-11 3.4855e-11 2.6304e-11 3.8617e-11 2.9489e-11 3.0011e-11 3.1201e-11 3.0021e-11 3.1038e-11 2.7892e-11 2.5277e-11 2.6373e-11 2.9188e-11 2.6385e-11 3.1989e-11 2.4396e-11 3.017e-11 2.9455e-11 2.7509e-11 2.9187e-11 2.8914e-11 2.4443e-11 2.5249e-11 1.9409e-11 2.6798e-11 2.1508e-11 2.2723e-11 2.0702e-11 1.8709e-11 2.5719e-11 2.3868e-11 1.37e-11 1.8049e-11 1.1239e-11 1.8125e-11 1.4127e-11 8.6272e-12 5.1564e-12 5.1388e-12 1.2241e-11 1.6071e-11 1.3358e-11 1.0873e-11 1.0462e-11 9.6101e-12 7.155e-12 5.7284e-12 8.8351e-12 6.222e-12 4.4126e-12 5.4638e-12 4.5889e-12 4.4116e-12 3.0064e-12 6.1752e-12 3.5483e-12 6.9278e-12 6.3236e-12 3.0094e-12 1.9833e-12 1.3043e-12 1.0876e-12 8.4772e-12 6.3509e-12 1.1312e-12 7.0476e-12 5.9931e-12 4.4799e-12 3.8704e-12 2.4621e-12 2.3498e-12 1.6809e-12 2.8974e-13 3.7427e-12 3.2946e-12 1.2458e-13 -1.3534e-12 2.4048e-12 6.5851e-12 -1.0604e-12 8.3312e-13 3.3597e-12 2.8169e-12 5.6751e-13 4.2951e-14 3.7152e-12 7.5199e-14 3.2617e-12 -1.0061e-14 3.9558e-12 -7.8027e-13 1.6377e-12 -3.1077e-12 2.797e-12 2.9844e-13 6.4322e-13 -1.5643e-12 8.5968e-13 1.114e-12 2.5993e-12 3.3734e-12 -9.1512e-14 5.3454e-12 6.115e-13 -5.6016e-13 -5.6819e-13 -3.4827e-12 3.2211e-12 2.4813e-13 -1.0277e-12 -3.0082e-12 -8.4513e-13 -1.5576e-12 -1.9484e-12 -2.1224e-12 7.4074e-13 1.145e-12 2.2971e-12 1.9891e-12 1.0527e-12 1.1002e-12 4.5624e-13 2.2057e-12 3.8103e-12 -9.3881e-13 4.8607e-13 -1.5664e-12 -3.1322e-13 8.048e-13 1.4777e-12 -1.2921e-12 -1.3379e-12 -1.9232e-12 -3.0969e-12 7.4018e-13 -2.4894e-14 -2.7099e-13 -1.4881e-12 7.5071e-13 -8.8266e-13 4.1541e-13 1.2278e-12 1.5797e-13 1.5165e-12 -3.0826e-13 1.4193e-12 -1.0942e-13 6.4983e-13 -3.8498e-13 -7.5904e-13 1.5023e-13 -1.1614e-12 -9.8469e-13 -9.5448e-13 7.9577e-13 1.4468e-13 1.1413e-13 3.5738e-14
2.9017e-11 2.5317e-11 3.1498e-11 2.8458e-11 2.9839e-11 2.8736e-11 3.9367e-11 3.0565e-11 3.5431e-11 2.4143e-11 4.0326e-11 3.1756e-11 4.3278e-11 3.1144e-11 3.2435e-11 2.7931e-11 2.5695e-11 3.7593e-11 3.0243e-11 3.7483e-11 2.2836e-11 3.5798e-11 3.8316e-11 3.1799e-11 4.066e-11 3.1487e-11 3.2227e-11 3.5941e-11 3.5702e-11 3.4932e-11 2.8705e-11 2.8737e-11 2.4662e-11 3.0456e-11 3.0713e-11 3.3674e-11 2.6376e-11 3.7158e-11 3.2686e-11 3.06e-11 3.6118e-11 3.2675e-11 2.9295e-11 2.7494e-11 2.261e-11 2.8711e-11 2.2685e-11 2.5128e-11 1.9511e-11 1.9705e-11 2.6967e-11 2.4086e-11 1.2972e-11 1.8674e-11 1.0961e-11 1.9101e-11 1.5672e-11 1.1345e-11 3.1412e-12 8.1506e-12 1.3861e-11 1.6874e-11 1.4223e-11 1.4666e-11 9.274e-12 8.8631e-12 7.9351e-12 7.8036e-12 1.0536e-11 9.7774e-12 4.572e-12 6.5139e-12 4.9132e-12 3.7417e-12 2.7879e-12 8.2515e-12 3.621e-12 9.8459e-12 5.0483e-12 4.7022e-12 4.5108e-12 3.2345e-12 6.2121e-12 5.6e-12 5.0606e-12 -1.273e-13 6.1768e-12 8.2122e-12 6.3925e-12 4.7176e-12 3.2098e-12 2.3595e-12 1.555e-12 1.245e-12 2.6678e-12 6.9111e-12 -1.11e-13 1.3164e-12 1.7743e-12 1.0807e-11 -1.4844e-12 5.1652e-13 3.3934e-12 2.4817e-12 4.304e-13 3.6902e-12 4.3626e-12 5.6906e-13 2.7886e-12 -2.8738e-12 6.0993e-12 -1.1061e-12 4.1301e-12 -2.9373e-12 1.4032e-12 4.4102e-13 -4.9424e-14 -2.7669e-13 2.8945e-12 4.6498e-13 2.3461e-12 3.4281e-12 6.7877e-13 4.2859e-12 -4.892e-13 -7.526e-14 -1.1404e-12 -3.504e-12 1.8794e-12 -1.2596e-13 -1.7463e-13 -2.1292e-12 -3.1418e-12 -1.5622e-12 6.5297e-13 -1.3017e-12 7.7599e-13 6.37e-13 1.1601e-12 1.7637e-12 2.1793e-12 -2.363e-13 1.7139e-12 1.6654e-12 3.7787e-12 -1.2124e-12 6.3437e-13 -3.1436e-12 -8.6337e-13 -8.6174e-13 2.37e-12 -2.3788e-12 5.457e-13 -2.6692e-12 -3.1889e-12 8.7461e-13 1.4527e-12 -1.3724e-12 -1.1096e-12 1.153e-13 -1.6713e-12 -4.9883e-13 1.7078e-13 -1.1783e-12 6.8355e-13 3.5716e-14 1.2071e-12 -2.6763e-13 7.2569e-13 1.7142e-13 1.008e-13 2.9548e-13 -1.4067e-12 -1.5671e-12 -4.5184e-13 6.7521e-13 5.242e-14 1.8301e-13 3.5388e-13
2.6054e-11 2.4877e-11 3.093e-11 2.9024e-11 2.8079e-11 2.7133e-11 3.6415e-11 2.8419e-11 3.3054e-11 2.3832e-11 3.5527e-11 2.7949e-11 3.1144e-11 4.1136e-11 3.3884e-11 2.5068e-11 2.2187e-11 3.7142e-11 2.8172e-11 3.6814e-11 2.3862e-11 3.594e-11 3.4537e-11 2.6557e-11 4.1609e-11 3.0012e-11 3.48e-11 3.1493e-11 2.9494e-11 3.2622e-11 2.7391e-11 2.5293e-11 2.6747e-11 3.1242e-11 2.6926e-11 3.2309e-11 2.4383e-11 3.2347e-11 3.0632e-11 2.6812e-11 3.1439e-11 2.8473e-11 2.5495e-11 2.4595e-11 1.9756e-11 2.7396e-11 2.1328e-11 2.5362e-11 1.6498e-11 2.025e-11 2.2308e-11 2.0481e-11 1.6269e-11 1.991e-11 1.3641e-11 2.0291e-11 1.601e-11 1.4505e-11 9.8421e-12 4.9951e-12 1.3274e-11 1.403e-11 1.2192e-11 1.0058e-11 8.4338e-12 1.1723e-11 1.2247e-11 5.0919e-12 9.5683e-12 6.406e-12 4.1263e-12 4.002e-12 3.8775e-12 4.6051e-12 -9.1929e-13 6.2024e-12 2.1898e-12 8.5409e-12 9.2633e-12 4.6498e-12 8.8915e-13 2.1437e-12 4.8488e-12 1.1888e-11 3.753e-12 7.8317e-13 8.4658e-12 7.8525e-13 3.2215e-12 5.0393e-12 2.7874e-12 2.3907e-12 2.131e-12 6.5212e-13 -2.8415e-13 4.0804e-12 -7.3886e-13 3.0025e-12 1.3731e-12 8.3932e-12 -1.4456e-12 2.3808e-12 4.5617e-12 3.2858e-12 -1.1879e-12 -1.9563e-12 3.4573e-12 4.5822e-12 3.6229e-12 6.5221e-14 7.2341e-12 3.4122e-12 -4.4988e-13 -2.4345e-12 1.5211e-12 -1.3111e-12 -1.4547e-12 1.7293e-12 1.5369e-12 2.0583e-12 6.0037e-13 4.2435e-12 8.2781e-13 4.6288e-12 1.5496e-12 -8.1883e-13 -2.723e-12 -3.9245e-12 1.6496e-12 -7.9501e-13 -3.9583e-13 -3.6097e-12 -1.5956e-12 -1.4503e-12 -1.812e-12 -2.1298e-12 6.072e-13 -4.1221e-13 2.5221e-12 7.2725e-13 1.3018e-12 -9.7082e-13 1.1116e-12 7.6592e-13 3.3414e-12 -8.5202e-13 1.903e-12 -2.7822e-13 -2.7552e-12 -8.2792e-14 -1.0341e-13 -1.0464e-12 -8.418e-13 -4.8026e-12 -2.2593e-12 1.0966e-12 1.53e-12 -5.5221e-13 -9.5582e-13 9.8061e-13 -2.4085e-12 1.1731e-12 3.8647e-13 -1.1432e-13 3.0351e-13 2.4398e-13 1.005e-12 4.9945e-13 8.3453e-13 -2.195e-13 -9.5941e-13 3.1684e-13 -1.221e-12 -1.0619e-12 -5.9926e-13 8.9758e-13 4.5469e-13 5.7958e-13 2.6598e-13
2.936e-11 2.7656e-11 3.3139e-11 3.2459e-11 2.7356e-11 2.5787e-11 4.2569e-11 2.9866e-11 3.6197e-11 2.4946e-11 4.1114e-11 3.0485e-11 3.2435e-11 3.3884e-11 4.3344e-11 3.0053e-11 2.5455e-11 3.6894e-11 3.0343e-11 3.9401e-11 2.6009e-11 3.9791e-11 3.5294e-11 2.9544e-11 4.3229e-11 3.0043e-11 3.3482e-11 3.5184e-11 3.2818e-11 3.4575e-11 2.8782e-11 2.5111e-11 3.1175e-11 3.4855e-11 3.0801e-11 3.6241e-11 2.7739e-11 3.5857e-11 3.1785e-11 2.7588e-11 3.1873e-11 3.4189e-11 2.6924e-11 2.9564e-11 2.2232e-11 3.1179e-11 2.2229e-11 2.7476e-11 2.0116e-11 2.2124e-11 2.495e-11 2.1781e-11 1.804e-11 2.0051e-11 1.4475e-11 1.7334e-11 1.8996e-11 1.2226e-11 9.4833e-12 3.1208e-12 1.476e-11 1.2689e-11 1.2729e-11 1.2167e-11 1.2642e-11 1.1227e-11 1.2183e-11 4.9991e-12 1.1768e-11 7.7382e-12 6.3325e-12 2.7613e-12 4.5907e-12 -2.8843e-14 5.454e-12 6.9748e-12 1.9373e-12 9.1834e-12 6.3443e-12 6.4804e-12 2.2699e-12 5.2442e-12 5.7393e-12 8.7912e-12 2.7977e-12 3.0291e-12 9.7694e-12 5.475e-12 7.2464e-12 4.7122e-12 2.2742e-12 7.6286e-13 1.6076e-12 4.2709e-12 3.1633e-12 6.5833e-12 7.6246e-15 2.9263e-12 1.3084e-12 8.0538e-12 1.3584e-13 2.5839e-12 1.5545e-12 3.8898e-12 2.253e-13 2.6646e-13 2.357e-12 2.7638e-12 3.8346e-12 -2.8553e-12 4.4872e-12 9.5195e-13 1.5326e-12 -2.7805e-12 -1.9792e-13 -1.481e-12 -6.0858e-13 -1.322e-12 1.4544e-12 4.3683e-13 3.1118e-12 4.6525e-12 8.0916e-13 5.8401e-12 2.1866e-12 -1.1685e-13 -2.7598e-12 -4.5874e-12 8.5454e-13 -5.8759e-13 1.2292e-15 -4.9236e-12 -1.3348e-12 -7.1914e-13 -1.5716e-12 -1.7172e-12 -6.627e-13 1.2203e-12 1.8193e-12 3.0646e-13 4.6891e-14 -6.3539e-13 8.0968e-13 1.4893e-12 2.0545e-12 2.1215e-13 4.9346e-13 -8.9012e-13 -4.5219e-13 -1.4139e-12 -1.1448e-12 -1.1047e-12 -1.3693e-12 -1.5927e-12 -3.9435e-12 1.5129e-12 4.7731e-13 -1.2048e-13 -1.1574e-12 3.4746e-13 -1.5257e-12 6.8072e-13 9.5797e-13 -5.3428e-13 -1.5342e-13 -1.6045e-14 7.4987e-13 3.452e-13 9.1271e-13 1.7574e-13 -1.3024e-12 3.4745e-14 -9.5949e-13 -1.1418e-12 -6.3263e-13 8.3576e-13 2.4274e-13 3.0215e-13 1.3231e-13
2.457e-11 2.2269e-11 2.7885e-11 2.4701e-11 2.4716e-11 2.2378e-11 3.6576e-11 2.358e-11 3.0575e-11 2.0864e-11 3.2756e-11 2.6312e-11 2.7931e-11 2.5068e-11 3.0053e-11 3.1163e-11 2.1122e-11 3.1921e-11 2.5903e-11 3.1699e-11 2.1799e-11 3.1483e-11 3.1079e-11 2.6184e-11 3.5133e-11 2.4819e-11 2.7559e-11 3.0927e-11 2.889e-11 2.8378e-11 2.4674e-11 2.2508e-11 2.2e-11 2.7731e-11 2.4568e-11 2.8285e-11 2.2681e-11 2.8896e-11 2.7873e-11 2.3621e-11 2.8041e-11 3.0363e-11 2.2535e-11 2.329e-11 2.0021e-11 2.6972e-11 1.7557e-11 1.9023e-11 1.9555e-11 1.8645e-11 1.9563e-11 2.1765e-11 1.31e-11 1.7073e-11 1.0762e-11 1.5637e-11 1.3176e-11 1.2093e-11 4.9812e-12 3.832e-12 1.2205e-11 1.2271e-11 1.1799e-11 1.2196e-11 7.3361e-12 9.3045e-12 7.6663e-12 4.6623e-12 7.9377e-12 6.2972e-12 4.2536e-12 4.4034e-12 4.8779e-12 6.0773e-12 2.4881e-12 5.9895e-12 3.8093e-12 7.4774e-12 5.2614e-12 2.741e-12 2.359e-12 7.4724e-12 3.161e-12 8.9331e-12 4.8021e-12 1.8859e-12 8.2441e-12 3.7856e-12 5.0074e-12 4.5368e-12 8.8762e-13 3.8214e-13 1.338e-12 1.4052e-12 3.1799e-12 6.8555e-12 7.7874e-13 -5.6174e-13 1.7244e-12 8.4959e-12 3.3032e-13 -1.1849e-12 2.3138e-12 1.5371e-12 -7.1698e-13 7.3266e-13 3.2307e-12 3.156e-13 4.0857e-12 -2.0083e-12 2.9043e-12 2.4659e-12 2.2192e-12 -1.9968e-12 1.4753e-13 -1.1052e-12 6.9657e-13 -2.0446e-12 2.2812e-12 1.441e-12 2.9165e-12 1.8968e-12 -9.3477e-13 3.8039e-12 1.3402e-12 -1.0586e-12 -2.1605e-12 -1.9131e-12 2.3555e-12 -7.0322e-13 1.2854e-13 -3.2275e-12 2.9222e-13 -4.8235e-13 -1.2421e-12 -1.9321e-12 5.3245e-13 1.2862e-12 1.1244e-12 1.0242e-12 6.6384e-13 3.605e-13 7.2806e-13 1.9299e-13 1.7374e-12 -2.5544e-13 1.9166e-13 -2.3722e-12 -1.0454e-12 -7.1252e-13 1.9515e-12 -2.0381e-12 -7.9341e-13 -3.1313e-12 -3.1956e-12 1.9345e-12 1.1477e-12 -2.5215e-13 -7.7423e-13 2.6249e-13 -1.8968e-12 4.7584e-13 2.236e-13 2.941e-13 8.4738e-13 -3.1745e-13 8.6887e-13 1.983e-13 7.4395e-13 -4.1369e-14 -9.423e-13 1.1962e-13 -9.0888e-13 -2.7939e-13 -3.6671e-13 8.5684e-13 1.4818e-13 1.1504e-13 -1.1246e-13
2.096e-11 1.8034e-11 2.3804e-11 2.1954e-11 1.9314e-11 1.9618e-11 3.0206e-11 2.0478e-11 2.6375e-11 1.7425e-11 2.8981e-11 2.415e-11 2.5695e-11 2.2187e-11 2.5455e-11 2.1122e-11 2.4077e-11 2.7275e-11 2.2199e-11 2.7628e-11 1.8338e-11 2.7372e-11 2.5807e-11 2.0263e-11 3.0813e-11 2.2454e-11 2.4089e-11 2.4959e-11 2.551e-11 2.3378e-11 2.2921e-11 1.9726e-11 1.9575e-11 2.284e-11 2.0171e-11 2.4482e-11 1.6719e-11 2.2911e-11 2.2958e-11 2.0968e-11 2.2598e-11 2.3316e-11 2.0484e-11 1.9826e-11 1.6507e-11 2.0142e-11 1.6686e-11 1.8192e-11 1.5732e-11 1.4938e-11 1.6979e-11 1.8251e-11 9.7358e-12 1.5058e-11 1.0366e-11 1.3846e-11 1.2379e-11 8.2455e-12 3.3752e-12 4.5743e-12 8.7594e-12 1.1279e-11 9.4162e-12 9.6048e-12 5.5342e-12 7.0193e-12 8.0475e-12 4.8141e-12 7.3143e-12 4.3811e-12 5.2734e-12 4.9056e-12 2.5488e-12 3.2847e-12 5.3136e-12 4.4134e-12 5.273e-12 5.0072e-12 4.8238e-12 4.6054e-12 -6.0771e-13 2.434e-12 4.103e-12 5.0978e-12 2.6528e-12 -5.1527e-13 6.3189e-12 2.7395e-12 4.869e-12 3.7878e-12 9.0843e-13 1.4619e-12 2.9731e-13 1.3101e-13 3.2604e-12 4.463e-12 2.1793e-12 -1.8751e-12 1.0853e-12 4.8336e-12 -3.5049e-13 4.707e-13 -1.9194e-13 7.1082e-13 -3.5604e-14 3.2598e-12 3.2224e-12 3.8231e-13 3.3979e-12 -1.3241e-12 4.1515e-12 -6.8669e-13 2.4971e-12 -3.2047e-12 1.1428e-12 8.1846e-13 -1.1374e-13 -8.9946e-13 1.2743e-12 9.338e-13 1.297e-12 1.6919e-12 2.1577e-12 3.644e-12 1.1665e-12 5.1991e-13 -7.0671e-13 -2.8417e-12 1.402e-12 1.6477e-12 -4.7065e-16 -1.6873e-12 -9.9635e-14 -4.3253e-13 -9.1897e-13 -7.8272e-13 4.5228e-13 -3.7752e-14 1.2744e-12 1.2877e-12 7.8275e-13 -1.9047e-13 4.5735e-13 1.0557e-12 2.3692e-12 -3.433e-13 -3.1251e-13 -6.9804e-13 -1.3792e-12 -4.6209e-13 5.4781e-14 -1.737e-12 -8.9521e-13 -1.9885e-12 -2.3922e-12 1.1718e-12 2.2671e-13 -1.2218e-12 -1.4988e-12 -5.5006e-13 -1.6483e-13 1.5849e-13 5.0031e-13 8.8103e-14 1.1763e-12 -2.3874e-13 1.1658e-12 1.9777e-13 8.8294e-13 -1.8843e-13 -8.1382e-13 5.2092e-13 -7.4802e-13 -1.075e-12 -4.1228e-13 6.0537e-13 4.1159e-13 1.52e-13 3.7618e-14
3.1937e-11 2.7638e-11 3.6306e-11 3.4019e-11 3.1317e-11 3.2461e-11 4.4566e-11 3.3219e-11 3.9734e-11 2.704e-11 4.3314e-11 3.6271e-11 3.7593e-11 3.7142e-11 3.6894e-11 3.1921e-11 2.7275e-11 5.0481e-11 3.3193e-11 4.2131e-11 2.5397e-11 4.2098e-11 4.1044e-11 3.3496e-11 4.5542e-11 3.5305e-11 3.7451e-11 3.8769e-11 3.8406e-11 3.7252e-11 3.2391e-11 3.1239e-11 3.1842e-11 3.5819e-11 3.4588e-11 3.9898e-11 3.2177e-11 3.6418e-11 3.6851e-11 3.2772e-11 3.797e-11 3.6627e-11 3.0637e-11 2.9816e-11 2.4088e-11 3.2644e-11 2.6596e-11 2.494e-11 2.2308e-11 2.4426e-11 2.9954e-11 2.5415e-11 1.7444e-11 2.0486e-11 1.4528e-11 2.1226e-11 1.5567e-11 1.3311e-11 7.3229e-12 5.2084e-12 1.5714e-11 1.8049e-11 1.184e-11 1.4482e-11 1.2494e-11 1.4123e-11 1.2992e-11 6.7107e-12 1.3335e-11 7.971e-12 4.5115e-12 7.1905e-12 5.7045e-12 4.1757e-12 2.9248e-12 4.1845e-12 4.6243e-12 8.6842e-12 8.8984e-12 5.0589e-12 -4.8044e-13 3.7994e-12 4.9867e-12 1.1733e-11 6.1267e-12 2.0199e-12 1.1831e-11 4.7564e-12 7.1345e-12 4.4761e-12 4.289e-14 4.3186e-12 1.4988e-12 1.9296e-12 1.2172e-12 8.098e-12 -1.2496e-13 -4.6856e-13 -7.6692e-13 1.069e-11 -1.0497e-12 1.7619e-12 5.4604e-12 3.1664e-12 2.5348e-12 -5.3926e-13 3.6468e-12 1.1964e-12 4.2396e-12 -3.6901e-12 5.2377e-12 3.8225e-12 9.6066e-13 -5.1608e-12 2.8209e-13 -3.2668e-13 6.011e-13 -1.4778e-12 9.2684e-13 1.9499e-12 1.2271e-12 4.1495e-12 -8.4911e-13 3.5445e-12 3.3112e-12 1.3544e-13 -3.2815e-12 -3.3662e-12 4.3237e-12 -2.3049e-13 -5.6993e-13 -2.9339e-12 -1.1652e-12 -8.0075e-13 -1.9114e-12 -5.7018e-13 9.9215e-13 3.5793e-13 1.9284e-12 7.0939e-13 1.966e-12 1.0992e-12 1.4578e-13 2.1072e-13 3.0358e-12 -1.8547e-12 1.7208e-13 -2.2649e-12 -1.156e-12 -1.0352e-12 1.5507e-12 -1.4454e-12 -8.1236e-13 -3.5177e-12 -2.1286e-12 5.0689e-13 -5.1821e-13 -1.6638e-14 -1.8844e-12 7.1884e-13 -2.6483e-12 1.1844e-12 -4.4701e-13 6.4653e-13 7.452e-13 2.0281e-13 1.2541e-12 -8.9079e-13 9.3184e-13 -2.4242e-13 -9.5162e-13 7.0206e-13 -1.5091e-12 -5.1721e-13 -1.0063e-12 1.0284e-12 4.2708e-13 4.2015e-13 1.6538e-13
2.6461e-11 2.2695e-11 2.8528e-11 2.6701e-11 2.6867e-11 2.4443e-11 3.7842e-11 2.5275e-11 3.1925e-11 2.234e-11 3.4932e-11 2.8878e-11 3.0243e-11 2.8172e-11 3.0343e-11 2.5903e-11 2.2199e-11 3.3193e-11 3.2066e-11 3.4146e-11 2.2376e-11 3.4669e-11 3.3765e-11 2.6762e-11 3.6821e-11 2.9208e-11 2.9031e-11 3.0932e-11 2.8905e-11 2.9451e-11 2.5752e-11 2.4525e-11 2.5442e-11 2.9447e-11 2.6905e-11 3.0259e-11 2.4068e-11 3.0224e-11 2.8262e-11 2.7393e-11 2.9015e-11 2.8149e-11 2.7038e-11 2.4688e-11 2.0293e-11 2.6451e-11 2.2389e-11 2.349e-11 1.7568e-11 1.6788e-11 2.5234e-11 2.2414e-11 1.239e-11 1.9145e-11 1.1568e-11 1.5896e-11 1.4369e-11 1.0775e-11 8.889e-12 5.12e-12 1.485e-11 1.5194e-11 1.2374e-11 9.7022e-12 7.6556e-12 8.0877e-12 1.0099e-11 4.2058e-12 8.782e-12 7.5565e-12 7.0445e-12 4.005e-12 5.026e-12 5.4609e-12 2.4843e-12 6.3728e-12 3.4456e-12 8.1802e-12 7.0815e-12 4.0577e-12 1.0983e-12 3.9969e-12 3.7338e-12 7.6795e-12 4.7874e-12 2.3495e-12 9.2712e-12 4.9016e-12 5.2446e-12 4.9065e-12 1.2421e-12 3.0283e-12 1.1028e-12 1.6897e-12 5.4084e-12 3.6234e-12 1.6093e-12 1.8837e-12 1.5608e-12 8.5794e-12 -8.2116e-13 2.5812e-13 4.0056e-12 1.8817e-12 5.8037e-13 1.4358e-12 3.2509e-12 9.0449e-13 4.0014e-12 -3.2958e-13 3.1399e-12 1.5901e-13 1.5536e-12 -4.3946e-12 7.4719e-13 1.5132e-12 -7.0797e-13 7.395e-13 2.0637e-12 -2.9958e-13 2.7198e-12 1.4965e-12 4.223e-13 4.7206e-12 1.1605e-12 -6.004e-13 -2.1944e-12 -2.5146e-12 1.5347e-12 1.9242e-13 9.015e-14 -4.9782e-12 -3.9942e-13 -1.9371e-12 -1.7924e-12 -2.3652e-12 1.7521e-12 1.9706e-12 1.2512e-12 1.6347e-13 1.0396e-12 1.3043e-13 9.9284e-13 1.0496e-12 3.3945e-12 -5.3247e-13 3.7314e-13 -6.7117e-13 -1.891e-12 1.2965e-13 1.7409e-12 -1.4813e-12 -1.4527e-12 -2.6122e-12 -2.8023e-12 1.4871e-12 4.0713e-13 -2.3465e-13 -1.5758e-12 1.0968e-12 -1.2698e-12 1.156e-12 5.8711e-13 -9.1224e-13 6.3655e-13 -1.0155e-12 1.0006e-12 5.8694e-13 5.8238e-13 1.4046e-13 -1.9467e-13 3.7858e-13 -1.008e-12 -6.4074e-13 -8.0138e-13 8.0067e-13 8.3712e-14 -6.7648e-14 9.3424e-14
3.2468e-11 3.0214e-11 3.4272e-11 3.387e-11 3.1921e-11 3.1894e-11 4.6479e-11 3.3507e-11 4.1215e-11 2.8102e-11 4.2542e-11 3.6256e-11 3.7483e-11 3.6814e-11 3.9401e-11 3.1699e-11 2.7628e-11 4.2131e-11 3.4146e-11 4.8918e-11 2.6789e-11 3.973e-11 4.1546e-11 3.2551e-11 4.7715e-11 3.4158e-11 3.835e-11 3.9879e-11 3.7707e-11 3.8516e-11 3.2694e-11 3.1374e-11 3.3427e-11 3.7304e-11 3.247e-11 4.0938e-11 3.195e-11 3.9239e-11 3.5843e-11 3.1687e-11 3.7622e-11 3.4521e-11 3.0954e-11 3.4555e-11 2.5352e-11 3.334e-11 2.8509e-11 2.9053e-11 2.354e-11 2.2417e-11 3.0103e-11 2.785e-11 1.715e-11 1.9989e-11 1.5155e-11 2.2302e-11 1.8351e-11 1.2679e-11 6.5136e-12 8.3765e-12 1.6109e-11 1.9657e-11 1.3132e-11 1.2286e-11 1.3171e-11 1.3653e-11 1.1787e-11 7.2409e-12 1.3603e-11 7.3329e-12 5.2955e-12 4.1327e-12 3.2798e-12 4.6528e-12 3.0471e-12 7.5696e-12 4.6852e-12 8.9268e-12 7.3927e-12 5.6615e-12 3.2719e-12 4.8683e-12 3.2173e-12 1.1889e-11 5.7645e-12 3.007e-12 9.0526e-12 7.2836e-12 5.6815e-12 4.2452e-12 2.7442e-12 1.7507e-12 4.552e-12 8.41e-13 3.4891e-12 7.6468e-12 1.9942e-12 -7.8669e-13 1.1006e-12 1.0461e-11 -6.7625e-13 2.6473e-12 6.0628e-12 3.1512e-12 3.5497e-13 1.5446e-12 3.4452e-12 3.8515e-12 4.3159e-12 -4.094e-13 5.4041e-12 8.0197e-13 5.5871e-13 -5.3218e-12 2.4561e-12 -1.0802e-12 1.2364e-14 -6.1257e-13 1.6514e-12 1.2087e-12 2.25e-12 2.045e-12 5.5112e-13 5.0305e-12 6.2939e-13 7.2259e-15 -2.3203e-12 -3.4636e-12 2.2597e-12 1.8197e-12 -1.2929e-12 -4.4068e-12 -1.5278e-12 -2.7831e-12 -1.0963e-12 -1.7734e-12 1.5217e-13 7.6325e-13 2.3471e-12 1.3544e-12 7.4446e-13 -5.0931e-13 1.6461e-12 3.026e-12 4.1983e-12 -2.2757e-12 9.82e-13 -1.5536e-12 -1.5951e-12 -4.33e-13 2.2976e-13 -1.4949e-12 -4.3344e-13 -2.2876e-12 -4.8834e-12 4.109e-13 -1.4128e-13 1.2e-12 -5.1342e-13 1.2695e-12 -1.9195e-12 1.1488e-13 1.4468e-13 -5.5635e-13 1.0729e-12 -4.712e-13 6.8365e-13 -2.4932e-13 1.1361e-12 6.9623e-14 -1.044e-12 4.0008e-13 -1.3496e-12 -8.823e-13 -8.398e-13 1.0412e-12 3.6071e-13 1.9755e-13 2.2608e-13
