,0,1,2,3,4,5,6,7,8,9,10,11,12,13,14,15,16,17,18,19,20,21,22,23,24,25,26,27,28,29,30,31,32,33,34,35,36,37,38,39,40,41,42,43,44,45,46,47,48,49,50,51,52,53,54,55,56,57,58,59,60,61,62,63,64,65,66,67,68,69,70,71,72,73,74,75,76,77,78,79,80,81,82,83,84,85,86,87,88,89,90,91,92,93,94,95,96,97,98,99,100,101,102,103,104,105,106,107,108,109,110,111,112,113,114,115,116,117,118
0,1,0.91125,0.90261,0.83906,0.88341,0.9162,0.88668,0.78917,0.86603,0.84745,0.91615,0.82886,0.88523,0.80969,0.88178,0.84472,0.83048,0.84709,0.85605,0.91034,0.7394,0.83173,0.82648,0.67813,0.82441,0.81836,0.81505,0.75731,0.7214,0.77288,0.60354,0.52628,0.61719,0.57719,0.51852,0.45314,0.57131,0.34928,0.49492,0.4757,0.21519,0.21634,0.29367,0.34354,0.081428,0.10199,0.10932,0.26279,0.040164,-0.08463,0.10857,0.053853,-0.057706,-0.16502,-0.0013957,0.033636,0.30446,0.035529,-0.015013,-0.12641,0.1303,-0.1011,0.070602,-0.27059,-0.041656,-0.11435,-0.29374,0.10766,-0.2898,0.0015323,-0.066297,0.19921,-0.073901,-0.069561,0.012648,0.11648,-0.020628,0.0712,0.15886,-0.33263,-0.2391,-0.24583,-0.30501,-0.20985,-0.30991,-0.0028032,0.01694,0.12635,0.021973,0.025272,-0.10882,0.017281,-0.15927,0.0033733,-0.013711,0.1423,0.31199,-0.086084,-0.25536,-0.048511,0.03446,0.2963,0.0143,-0.059295,-0.0031138,0.31786,-0.059116,0.071501,0.050058,0.16854,0.008733,0.070844,0.10536,0.1082,0.27198,0.26686,-0.029987,-0.024582,0.1469
1,0.91125,1,0.92217,0.8471,0.89629,0.90809,0.89719,0.83124,0.84917,0.84487,0.89175,0.87318,0.77169,0.80072,0.86625,0.87411,0.75554,0.81927,0.81993,0.84505,0.74756,0.75642,0.79503,0.78722,0.80463,0.79749,0.71646,0.79016,0.67627,0.7327,0.48828,0.4849,0.61363,0.56117,0.55994,0.42263,0.57369,0.39743,0.56253,0.53095,0.20077,0.21383,0.27289,0.30221,0.057024,0.18116,0.067078,0.14322,0.047556,-0.064502,0.017595,-0.011297,-0.13539,-0.12202,-0.0077672,-0.067475,0.2818,-0.085734,-0.041054,-0.17401,0.05086,-0.053156,-0.038527,-0.30894,-0.14371,-0.2029,-0.26274,0.049007,-0.23097,-0.031386,-0.059263,0.11564,-0.1265,-0.0026799,-0.11952,0.069642,-0.082728,0.10413,0.18708,-0.37342,-0.18888,-0.29905,-0.22157,-0.056155,-0.28706,0.0089772,0.11034,0.091015,-0.039523,-0.023872,-0.10515,0.090459,-0.14409,0.11923,-0.11125,0.15166,0.30967,-0.11591,-0.22379,-0.062562,0.060128,0.23942,0.085214,-0.041116,-0.11181,0.33015,-0.1017,0.051224,0.079838,0.20303,0.031264,0.09493,0.2336,0.19996,0.1788,0.29073,0.0089435,-0.056909,0.061509
2,0.90261,0.92217,1,0.8057,0.90282,0.90188,0.88615,0.83283,0.892,0.76833,0.88866,0.85205,0.79093,0.78714,0.86444,0.87652,0.78458,0.80375,0.85667,0.82537,0.73681,0.7824,0.76838,0.7577,0.84063,0.77662,0.71023,0.72878,0.69849,0.67074,0.49884,0.56611,0.65161,0.5612,0.61888,0.42867,0.61716,0.44419,0.50389,0.56312,0.21737,0.10036,0.19358,0.27966,0.19818,0.13821,0.11714,0.27665,0.093455,0.010131,0.059141,0.047174,-0.1077,0.019006,-0.031181,-0.1352,0.239,-0.05079,-0.021187,-0.089996,-0.01349,-0.10979,0.02436,-0.30674,-0.039172,-0.24578,-0.27334,0.11368,-0.30944,-0.059798,-0.098019,0.20605,-0.079575,0.0028068,-0.037739,0.08343,-0.15783,0.092278,0.17793,-0.37354,-0.2279,-0.17591,-0.23032,-0.07142,-0.2897,-0.055885,0.099948,-0.0019049,-0.048134,0.01825,-0.097574,0.13212,-0.1012,-0.044594,-0.10988,0.18032,0.24357,-0.083577,-0.22204,-0.096564,0.066751,0.29275,0.081719,-0.011301,-0.049346,0.33525,-0.033656,0.094727,0.018483,0.11021,-0.042959,0.15498,0.13969,0.18765,0.1911,0.26986,-0.065404,-0.048795,0.14961
3,0.83906,0.8471,0.8057,1,0.84484,0.83459,0.87371,0.75706,0.8764,0.83065,0.82922,0.83298,0.76024,0.82959,0.84433,0.81063,0.74076,0.82828,0.81081,0.78106,0.64836,0.72697,0.7521,0.66285,0.75919,0.68874,0.66679,0.79222,0.68293,0.70053,0.55437,0.52019,0.55075,0.58564,0.46845,0.56699,0.53394,0.28532,0.37231,0.51218,0.35599,0.19524,0.33461,0.34781,0.14052,0.068442,0.018767,0.25449,-0.012292,-0.24528,0.13262,0.087903,-0.11971,-0.10437,-0.039122,0.039898,0.19891,-0.0079726,-0.052256,-0.1012,0.14929,0.019661,0.021266,-0.3272,-0.062437,-0.03796,-0.3024,0.0068706,-0.16605,-0.12242,0.046819,0.19728,-0.050146,0.028281,-0.012945,0.12691,-0.019785,-0.018037,0.02958,-0.16129,-0.20564,-0.30478,-0.20742,-0.10065,-0.20421,0.081355,0.066625,-0.039284,-0.082884,-0.15319,-0.11716,0.10709,-0.15936,0.031938,0.025652,0.2248,0.10587,-0.054586,-0.16211,-0.20538,0.22034,0.22327,-0.0099062,-0.019843,-0.11184,0.31146,-0.030866,0.15327,0.088552,0.2569,0.067009,0.092085,0.086048,0.23412,0.23562,0.39079,-0.06658,-0.094992,0.13622
4,0.88341,0.89629,0.90282,0.84484,1,0.86466,0.8878,0.7708,0.83931,0.8278,0.86832,0.87149,0.82637,0.77963,0.84993,0.83478,0.7666,0.84016,0.83717,0.80219,0.69521,0.78518,0.70821,0.72531,0.76329,0.76252,0.65066,0.76553,0.76631,0.71264,0.51394,0.55494,0.54811,0.62514,0.60941,0.44998,0.52866,0.42685,0.48935,0.52109,0.19313,0.15981,0.23448,0.23334,0.10852,0.10969,0.013417,0.31012,0.020796,-0.18935,0.066322,0.00048731,-0.17839,-0.13211,-0.021457,-0.040472,0.17804,-0.10917,-0.059517,-0.18169,-0.0046705,-0.088517,0.1064,-0.38959,-0.051149,-0.23101,-0.3021,0.14877,-0.22233,-0.12484,0.027113,0.22656,0.012469,0.0018388,-0.092623,0.11414,-0.099289,0.14861,0.13233,-0.20978,-0.16606,-0.22773,-0.2058,0.0086895,-0.24238,-0.057449,-0.077893,0.057508,0.035904,-0.047998,-0.14562,-0.027301,-0.11401,0.012796,-0.064452,0.23953,0.20853,-0.072628,-0.23688,-0.14667,0.04877,0.37985,0.10161,-0.040554,-0.069759,0.40207,-0.051596,0.01455,0.045291,0.18755,-0.0038926,0.17615,0.022723,0.20127,0.18109,0.34212,-0.029635,-0.07356,0.11417
5,0.9162,0.90809,0.90188,0.83459,0.86466,1,0.87617,0.80381,0.87024,0.82625,0.86344,0.85408,0.79122,0.81498,0.86941,0.83616,0.7579,0.83466,0.84226,0.84636,0.70418,0.80851,0.7819,0.72984,0.83177,0.80439,0.75503,0.77179,0.76619,0.70796,0.62469,0.49865,0.62674,0.59686,0.55643,0.49627,0.57454,0.28899,0.54622,0.43064,0.28139,0.25134,0.24773,0.2755,0.18419,0.093034,0.074369,0.13655,0.14868,-0.047702,-0.06232,0.0039023,-0.089793,-0.13704,-0.093543,-0.0078218,0.23437,-0.055101,-0.043508,-0.099419,0.10451,-0.087194,0.0047681,-0.32789,-0.10694,-0.1643,-0.34932,0.17101,-0.31037,0.053862,-0.08469,0.11351,-0.04655,0.0087475,-0.16054,0.091762,-0.057115,0.088172,0.13543,-0.30909,-0.18614,-0.26423,-0.28895,-0.28556,-0.2777,-0.013395,0.10729,0.0084948,-0.088422,-0.024078,-0.042199,0.0068599,-0.12147,0.024732,-0.080769,0.18376,0.23983,-0.17269,-0.27927,-0.10289,0.083972,0.26139,0.010058,0.065773,-0.12651,0.32696,-0.015703,0.001529,0.10915,0.2126,0.0031742,0.068438,0.059895,0.22358,0.20635,0.34365,-0.016671,-0.046748,0.12601
6,0.88668,0.89719,0.88615,0.87371,0.8878,0.87617,1,0.81286,0.9063,0.79882,0.84361,0.81356,0.7872,0.81448,0.85574,0.8232,0.77065,0.81718,0.92338,0.8075,0.71094,0.8215,0.82253,0.74839,0.77643,0.73636,0.72352,0.78644,0.74466,0.7566,0.58211,0.55283,0.58347,0.54092,0.56339,0.50439,0.542,0.38885,0.48412,0.54854,0.27355,0.19412,0.2255,0.29297,0.20795,0.21887,0.12669,0.26176,-0.046669,-0.13929,0.047601,-0.064018,-0.10211,-0.13821,0.077903,-0.0065623,0.18715,-0.029174,-0.037184,-0.23319,0.017653,-0.055702,0.045219,-0.35634,-0.021184,-0.087721,-0.28632,0.1225,-0.26255,-0.066409,-0.0309,0.20792,-0.055653,-0.081279,-0.0033181,0.076333,-0.073757,0.094789,0.048266,-0.32763,-0.25355,-0.23835,-0.16818,-0.14154,-0.24527,-0.014663,0.036446,0.049252,0.022827,-0.030394,-0.040547,0.14616,-0.13898,0.038912,-0.032725,0.14769,0.16263,-0.12545,-0.16853,-0.18799,0.023408,0.31344,-0.014816,0.033417,-0.071074,0.21011,-0.048336,0.10112,-0.035951,0.10724,-0.054801,0.077672,0.075025,0.20832,0.23242,0.27089,0.052225,0.037181,0.13574
7,0.78917,0.83124,0.83283,0.75706,0.7708,0.80381,0.81286,1,0.78928,0.74596,0.77924,0.73828,0.72647,0.74381,0.83627,0.76998,0.68472,0.68484,0.75354,0.70909,0.7101,0.75122,0.7027,0.6513,0.78993,0.62244,0.66881,0.7598,0.66249,0.61171,0.48962,0.55981,0.60705,0.57639,0.56789,0.42218,0.55914,0.52032,0.50722,0.43547,0.22427,0.12343,0.19284,0.31028,0.25227,0.18252,0.058639,0.17054,0.057584,-0.012682,0.13495,0.012733,-0.069438,-0.014901,0.027994,-0.25965,0.16345,-0.021136,-0.11484,-0.091365,0.076193,-0.12698,-0.020499,-0.30753,-0.089858,-0.11924,-0.27869,0.097228,-0.26465,-0.088911,-0.077773,0.16817,-0.12944,0.042655,-0.026902,0.063551,-0.1579,-0.016304,0.30843,-0.32289,-0.179,-0.224,-0.061947,-0.059549,-0.2971,-0.13813,0.13053,0.094282,0.019514,-0.0089358,0.032518,0.081774,-0.011033,-0.10801,-0.21499,0.20329,0.23795,-0.03951,-0.10221,-0.081853,0.094276,0.27299,0.14461,0.080816,-0.18242,0.33268,-0.10858,0.00075857,-0.056038,-0.0012328,-0.15392,0.18622,0.22319,0.15784,0.22828,0.16829,-0.12325,-0.017395,0.062022
8,0.86603,0.84917,0.892,0.8764,0.83931,0.87024,0.9063,0.78928,1,0.76009,0.81999,0.83124,0.75221,0.74825,0.85373,0.8229,0.76369,0.81292,0.89347,0.79392,0.73698,0.80729,0.72197,0.68895,0.82215,0.72977,0.67281,0.71327,0.73582,0.66382,0.56269,0.52589,0.62085,0.56777,0.47561,0.52299,0.56377,0.37113,0.50104,0.51249,0.28079,0.090002,0.29265,0.28713,0.30665,0.083376,0.17664,0.29031,0.0061941,-0.068164,0.057317,0.13894,-0.022629,-0.13281,0.072715,-0.056234,0.22814,0.097834,-0.0080987,-0.11565,0.066717,-0.10806,0.080292,-0.35765,0.006134,-0.052929,-0.29411,0.096998,-0.30204,-0.15163,0.036007,0.25891,-0.081428,-0.10024,0.042126,0.12442,-0.13779,-0.0013255,0.069283,-0.35734,-0.32437,-0.080699,-0.2046,-0.13424,-0.28756,0.030741,0.13751,-0.039207,-0.029052,-0.05925,-0.1208,0.11632,-0.13598,0.043599,-0.033288,0.13756,0.096784,-0.051221,-0.21836,-0.15074,0.11621,0.31829,-0.019938,-0.03631,-0.15006,0.26032,-0.061777,0.15069,-0.054005,0.13528,-0.022987,0.055249,0.012279,0.17705,0.1414,0.36191,0.060909,-0.12165,0.22321
9,0.84745,0.84487,0.76833,0.83065,0.8278,0.82625,0.79882,0.74596,0.76009,1,0.76089,0.79621,0.74012,0.75687,0.85652,0.7896,0.70066,0.83167,0.75292,0.78559,0.71048,0.73987,0.69516,0.75714,0.66002,0.66444,0.6609,0.75098,0.63892,0.69417,0.49616,0.58578,0.49481,0.67418,0.47727,0.43898,0.48806,0.3035,0.36357,0.43552,0.27762,0.22893,0.26852,0.36849,0.0060931,-0.079091,-0.040227,0.23513,0.02188,-0.23958,-0.051132,-0.0048342,-0.066424,-0.20666,0.011491,-0.12052,0.23965,-0.13064,-0.038825,-0.17514,0.15293,-0.043119,0.028058,-0.23695,-0.13067,-0.12374,-0.4646,0.10918,-0.28192,-0.020539,-0.0073441,0.18694,-0.070388,-0.081626,-0.13203,0.11147,-0.083875,-0.11345,0.20984,-0.25503,-0.21836,-0.24612,-0.27931,-0.13229,-0.26394,-0.067924,0.027574,0.17249,-0.042584,-0.0058403,-0.091993,0.059925,-0.06833,0.017195,-0.074039,0.30301,0.10518,-0.085731,-0.32104,-0.029911,0.14132,0.23141,-0.036549,-0.084152,-0.16839,0.33846,-0.11172,-0.012631,0.065683,0.22421,0.056958,0.071685,-0.019661,0.12873,0.16131,0.34176,-0.12879,-0.0080067,0.12076
10,0.91615,0.89175,0.88866,0.82922,0.86832,0.86344,0.84361,0.77924,0.81999,0.76089,1,0.82791,0.83219,0.76363,0.79462,0.82098,0.79842,0.77544,0.76549,0.81019,0.64126,0.76983,0.79963,0.69794,0.78492,0.76668,0.79903,0.72567,0.67746,0.71848,0.49229,0.52243,0.60197,0.52839,0.54346,0.50915,0.64225,0.4282,0.50003,0.51426,0.20642,0.14085,0.32352,0.27862,0.092098,0.023271,0.15325,0.20844,-0.00049167,-0.14247,0.14146,0.076395,-0.13261,-0.068245,0.052102,-0.005111,0.27575,0.04936,-0.061351,-0.035337,0.029971,-0.053758,0.033108,-0.2129,-0.10523,-0.14304,-0.20538,0.077523,-0.21308,-0.0085047,-0.072481,0.16027,-0.044441,-0.055411,0.020419,0.091855,-0.0038512,0.21004,0.10685,-0.27126,-0.15197,-0.24633,-0.29487,-0.040732,-0.13419,-0.0024299,-0.09944,-0.012416,0.0036591,-0.038455,-0.09798,0.025712,-0.10073,0.047064,0.058417,0.13648,0.25391,-0.045765,-0.22356,-0.14897,0.036953,0.25164,0.065767,-0.052756,-0.082197,0.37539,-0.046424,0.03715,0.080829,0.12987,0.051727,0.15798,0.18168,0.21579,0.40366,0.23593,-0.083168,-0.11464,0.073647
11,0.82886,0.87318,0.85205,0.83298,0.87149,0.85408,0.81356,0.73828,0.83124,0.79621,0.82791,1,0.73832,0.75613,0.78654,0.85067,0.69858,0.80138,0.77177,0.78168,0.68292,0.76042,0.70629,0.708,0.76976,0.72588,0.6166,0.74173,0.73643,0.69747,0.5046,0.43251,0.5923,0.58862,0.58934,0.51051,0.51081,0.36251,0.408,0.59566,0.18165,0.14463,0.24184,0.37228,0.08782,0.062931,0.1178,0.15341,0.11309,-0.14523,-0.044557,0.16909,-0.083108,-0.11663,-0.083193,-0.083,0.21935,-0.15616,-0.12558,-0.25034,0.099424,-0.085987,0.049302,-0.2963,-0.14906,-0.17354,-0.35668,0.045303,-0.1519,-0.027612,0.15075,0.15745,-0.035491,-0.011009,-0.094507,0.077813,-0.077016,0.10578,0.1586,-0.27487,-0.14174,-0.14093,-0.070185,-0.12325,-0.22014,0.077428,0.0070287,0.00073739,-0.12082,0.0424,-0.16691,0.011805,-0.067749,0.063826,-0.009202,0.18826,0.16881,-0.099959,-0.13194,-0.1735,0.091604,0.24052,0.048598,0.098149,-0.17704,0.30527,-0.11704,0.024971,0.0051348,0.29946,-0.047129,0.052442,0.044162,0.19335,0.11403,0.34739,-0.032501,-0.12241,0.11844
12,0.88523,0.77169,0.79093,0.76024,0.82637,0.79122,0.7872,0.72647,0.75221,0.74012,0.83219,0.73832,1,0.74896,0.82424,0.72303,0.78867,0.76549,0.77066,0.81055,0.56794,0.7588,0.77669,0.56196,0.69695,0.67488,0.77992,0.69127,0.63469,0.63659,0.54119,0.45813,0.55072,0.48749,0.53413,0.41032,0.46036,0.34504,0.3666,0.39659,0.17692,0.18778,0.28534,0.31341,0.10713,0.097682,-0.0031532,0.37371,0.060299,-0.09134,0.15812,0.025976,-0.008465,-0.09001,-0.11217,0.03374,0.18817,-0.022652,-0.1088,-0.083115,0.097812,-0.086955,0.053392,-0.35307,-0.063718,-0.15187,-0.31401,0.10538,-0.33721,-0.13011,-0.028009,0.17212,-0.083063,0.0053479,0.039993,-0.030066,-0.0059792,0.0037817,0.16972,-0.1999,-0.1591,-0.31959,-0.24641,-0.17512,-0.30214,-0.030849,-0.049475,0.11277,-0.047126,-0.017678,-0.19198,-0.043168,-0.1042,-0.063624,0.10796,0.1531,0.25586,-0.028824,-0.16947,-0.13448,0.045829,0.41859,0.028632,0.016669,0.031271,0.32684,-0.041362,0.03315,0.03553,0.070325,0.046154,0.14268,0.038627,0.20297,0.26745,0.19753,-0.0095248,0.085224,0.036214
13,0.80969,0.80072,0.78714,0.82959,0.77963,0.81498,0.81448,0.74381,0.74825,0.75687,0.76363,0.75613,0.74896,1,0.73864,0.83621,0.71429,0.77467,0.76592,0.75158,0.63587,0.7037,0.71996,0.60339,0.68795,0.60174,0.69697,0.71451,0.65244,0.67228,0.5629,0.49614,0.61225,0.47925,0.56376,0.43889,0.46603,0.32657,0.3554,0.43997,0.43074,0.23213,0.16976,0.26679,0.10179,0.092182,0.0070888,0.15005,0.048678,-0.058978,0.021133,0.020793,-0.062122,0.0093998,-0.015636,-0.0074089,0.19955,-0.082901,-0.15378,-0.1272,0.073876,-0.0042267,0.010304,-0.28419,0.0008244,-0.032875,-0.42713,0.039464,-0.39434,0.075223,-0.011686,0.2577,-0.17001,0.037078,-0.12061,0.16647,-0.013394,0.073346,0.10136,-0.3196,-0.10403,-0.16274,-0.27685,-0.22679,-0.19983,0.094179,-0.013695,0.15718,-0.086175,0.034831,-0.16281,0.16698,-0.17384,-0.077445,0.039095,0.23484,0.25037,-0.0030951,-0.11478,-0.082592,0.13852,0.28091,-0.089499,-0.051592,0.08654,0.20512,-0.027794,0.18197,0.18526,0.25009,-0.10498,-0.060956,0.14671,0.24124,0.35107,0.15342,-0.0055215,0.12089,-0.026885
14,0.88178,0.86625,0.86444,0.84433,0.84993,0.86941,0.85574,0.83627,0.85373,0.85652,0.79462,0.78654,0.82424,0.73864,1,0.78602,0.7311,0.87354,0.83449,0.8405,0.78293,0.81351,0.8014,0.74033,0.79632,0.75986,0.69265,0.71227,0.67278,0.68787,0.49511,0.58913,0.44948,0.58207,0.57161,0.35725,0.50664,0.32658,0.40065,0.43779,0.32708,0.30938,0.27378,0.32426,0.19074,0.096111,-0.0072155,0.29393,-0.05863,-0.10986,0.082335,-0.03067,0.017012,-0.089237,-0.14282,-0.14778,0.24713,0.027175,0.012408,-0.088554,0.068203,-0.013689,-0.065763,-0.36329,-0.035427,-0.13674,-0.30523,0.10766,-0.24776,-0.13059,0.0091976,0.20162,-0.040479,0.05457,-0.047274,-0.018671,-0.11542,-0.084354,0.16791,-0.25953,-0.33017,-0.30263,-0.2106,-0.17203,-0.31045,-0.038832,0.11283,0.1081,-0.0087277,-0.051326,0.005361,0.13329,0.0028006,-0.064925,-0.088633,0.21401,0.17042,-0.11933,-0.23371,-0.046913,0.13813,0.25747,0.13094,0.050369,-0.17454,0.32766,-0.048618,-0.0040283,-0.0057072,0.14494,0.02858,0.16945,0.11326,0.17551,0.034578,0.26129,-0.042453,0.039443,0.23752
15,0.84472,0.87411,0.87652,0.81063,0.83478,0.83616,0.8232,0.76998,0.8229,0.7896,0.82098,0.85067,0.72303,0.83621,0.78602,1,0.74425,0.8042,0.78469,0.77826,0.73667,0.71248,0.73523,0.71212,0.74982,0.71438,0.63097,0.70777,0.64976,0.69828,0.43207,0.46108,0.60199,0.63448,0.60234,0.5202,0.51899,0.40049,0.51961,0.57083,0.19725,0.2322,0.16812,0.29535,0.12768,-0.0029305,0.079147,0.15606,0.076375,-0.015743,-0.065086,0.096969,0.0039444,-0.071164,0.0096075,-0.045146,0.18189,-0.10319,0.0030948,-0.041639,0.070179,0.031479,0.021269,-0.22386,-0.08449,-0.010232,-0.29529,0.0096518,-0.24245,-0.026765,-0.090082,0.16322,0.016757,0.0059913,-0.058359,0.28512,-0.15014,0.012623,0.22505,-0.35764,-0.096056,-0.044713,-0.17455,-0.078629,-0.22464,0.03426,0.094461,0.076452,-0.046083,0.051603,-0.087971,0.072418,-0.14912,-0.003031,-0.077214,0.22028,0.2161,-0.005145,-0.18153,-0.19858,0.15004,0.28358,0.021505,-0.10487,-0.058412,0.23501,-0.094215,0.17062,0.076643,0.20769,-0.050434,0.034204,0.091838,0.15697,0.12273,0.34874,-0.0019383,0.029775,0.077709
16,0.83048,0.75554,0.78458,0.74076,0.7666,0.7579,0.77065,0.68472,0.76369,0.70066,0.79842,0.69858,0.78867,0.71429,0.7311,0.74425,1,0.64948,0.69676,0.74706,0.54954,0.59392,0.69763,0.59801,0.66347,0.73938,0.63443,0.69004,0.61342,0.70962,0.50379,0.50124,0.52921,0.57459,0.47816,0.46431,0.29408,0.37842,0.42827,0.51044,0.10753,0.16968,0.14496,0.27389,0.18265,0.050999,-0.025496,0.32012,0.0059569,-0.047779,0.061272,-0.085851,-0.11568,-0.1102,-0.12742,0.076786,0.30238,0.11437,0.037711,-0.048745,0.051625,-0.20241,0.025803,-0.15371,-0.14838,-0.0026532,-0.27473,0.055943,-0.1763,-0.041333,-0.09465,0.020715,-0.13846,-0.089253,0.043964,0.050575,0.030505,-0.047791,0.086781,-0.34464,-0.076019,-0.21976,-0.23446,-0.17811,-0.15424,0.051331,0.06612,0.026909,0.081905,0.029985,-0.089248,0.13443,0.092274,-0.16049,0.031703,0.24193,0.20169,-0.11419,-0.30788,-0.026926,0.20831,0.22101,-0.013905,-0.036339,-0.025422,0.29071,-0.11133,0.13403,-0.12288,0.014385,-0.067189,0.032276,-0.012565,0.067985,0.35073,0.082354,0.0065539,0.014449,0.22404
17,0.84709,0.81927,0.80375,0.82828,0.84016,0.83466,0.81718,0.68484,0.81292,0.83167,0.77544,0.80138,0.76549,0.77467,0.87354,0.8042,0.64948,1,0.82184,0.77205,0.73845,0.78654,0.76601,0.72396,0.73902,0.74019,0.6117,0.66162,0.67573,0.65629,0.4654,0.45732,0.42819,0.63093,0.46097,0.44945,0.53438,0.23824,0.33244,0.36017,0.25411,0.27264,0.26211,0.22125,0.10837,-0.026943,0.079729,0.26898,-0.11606,-0.18099,-0.11434,0.068243,-0.060787,-0.052704,-0.1251,-0.025294,0.18513,0.010294,0.0060189,-0.039727,0.041244,0.048269,0.0087987,-0.25933,-0.013213,-0.052368,-0.38018,0.057122,-0.33995,-0.020086,0.030432,0.25037,-0.027701,-0.13993,-0.012451,0.086704,-0.057621,-0.00054935,0.1607,-0.29316,-0.20146,-0.23926,-0.386,-0.11577,-0.24493,-0.02018,-0.062698,0.087602,-0.004048,0.052586,-0.076909,-0.003914,-0.074683,0.017678,-0.049991,0.13257,0.12726,0.040818,-0.27565,-0.066037,0.068085,0.24186,-0.0064666,-0.06147,-0.10539,0.26234,0.034373,0.082836,0.01988,0.27266,0.060936,0.047291,-0.015189,0.13555,0.027334,0.37434,0.075903,-0.036096,0.28085
18,0.85605,0.81993,0.85667,0.81081,0.83717,0.84226,0.92338,0.75354,0.89347,0.75292,0.76549,0.77177,0.77066,0.76592,0.83449,0.78469,0.69676,0.82184,1,0.76923,0.65351,0.78287,0.76476,0.69133,0.79211,0.72936,0.67598,0.72745,0.69249,0.6872,0.57147,0.5279,0.55406,0.4716,0.52978,0.46851,0.51152,0.3312,0.41244,0.44909,0.33438,0.11097,0.17332,0.25573,0.18555,0.17202,0.11352,0.33723,-0.020576,-0.039851,0.029816,0.010208,-0.070597,-0.19197,0.048491,0.021498,0.10207,-0.056191,0.018106,-0.1636,0.065257,-0.0397,0.12829,-0.26661,-0.029158,-0.15032,-0.29518,0.13983,-0.39434,-0.087896,-0.06219,0.28426,0.020266,0.025193,-0.077186,0.12056,-0.1571,0.054202,0.07693,-0.35982,-0.32266,-0.18209,-0.19207,-0.17511,-0.40222,-0.048767,0.028791,-0.034712,0.086782,0.13465,-0.056293,0.076971,-0.18881,0.057455,-0.16357,0.055262,0.089976,0.075712,-0.20939,-0.13509,0.025428,0.33067,-0.072767,0.074518,-0.0027973,0.13253,-0.083042,0.086859,-0.021623,0.028979,0.035862,-0.01714,0.022774,0.27088,0.14305,0.32997,0.076829,0.12312,0.24678
19,0.91034,0.84505,0.82537,0.78106,0.80219,0.84636,0.8075,0.70909,0.79392,0.78559,0.81019,0.78168,0.81055,0.75158,0.8405,0.77826,0.74706,0.77205,0.76923,1,0.71453,0.73122,0.74427,0.66743,0.72284,0.82182,0.7573,0.67255,0.6995,0.74302,0.50544,0.4667,0.57955,0.55563,0.51254,0.37407,0.51352,0.27788,0.41616,0.39001,0.20804,0.2233,0.28277,0.25197,0.051394,0.15188,0.0049432,0.25031,0.023683,-0.075849,0.1299,-0.044149,-0.067207,-0.14293,-0.011739,0.062981,0.33321,0.069243,0.0067661,-0.13427,0.23985,-0.080552,-0.020912,-0.29915,0.070747,-0.092249,-0.36589,0.10304,-0.21785,0.035117,-0.02884,0.1439,-0.057343,0.033299,-0.042015,0.061053,-0.0057535,-0.012856,0.042337,-0.28526,-0.20001,-0.22603,-0.20159,-0.22973,-0.19338,0.020412,0.068425,0.18033,-0.0056396,-0.011762,-0.061492,0.012731,-0.070727,0.0033218,0.06903,0.16681,0.2604,-0.18166,-0.25291,-0.045546,0.016312,0.25356,0.12586,-0.034824,-0.034539,0.24546,-0.098499,0.071147,0.12449,0.22861,-0.036395,-0.011071,0.17274,0.15071,0.17542,0.2723,-0.0071933,-0.063808,0.075677
20,0.7394,0.74756,0.73681,0.64836,0.69521,0.70418,0.71094,0.7101,0.73698,0.71048,0.64126,0.68292,0.56794,0.63587,0.78293,0.73667,0.54954,0.73845,0.65351,0.71453,1,0.67107,0.65146,0.75676,0.64959,0.62723,0.51268,0.56598,0.57077,0.52388,0.38042,0.46357,0.3491,0.56533,0.40442,0.35882,0.47965,0.39804,0.51741,0.39817,0.22906,0.25238,0.31366,0.38435,-0.011999,0.10414,0.10504,0.04707,-0.20563,-0.16083,0.045853,0.13014,-0.067818,0.0076014,0.0093316,-0.19273,0.15928,-0.0042109,-0.010788,-0.17362,0.15388,-0.045072,-0.027972,-0.37807,0.12643,-0.058224,-0.19403,0.064506,-0.26015,0.13712,0.0064748,0.21883,-0.048948,-0.1572,0.12265,0.21733,-0.20981,0.017372,0.17281,-0.36593,-0.3362,-0.011998,-0.11197,-0.091721,-0.25093,-0.017063,0.017591,0.27868,-0.12177,-0.045407,0.11021,0.11335,0.0074382,0.025161,-0.14301,0.14553,0.22907,-0.12579,-0.29878,0.024526,0.051027,0.15848,0.089668,-0.14915,-0.12083,0.27118,0.076305,-0.023988,-0.042162,0.21703,-0.073651,0.096484,0.13503,-0.023637,-0.0057371,0.22817,0.056174,-0.14294,0.10778
21,0.83173,0.75642,0.7824,0.72697,0.78518,0.80851,0.8215,0.75122,0.80729,0.73987,0.76983,0.76042,0.7588,0.7037,0.81351,0.71248,0.59392,0.78654,0.78287,0.73122,0.67107,1,0.68971,0.59006,0.80435,0.61536,0.70866,0.64326,0.75248,0.6346,0.5519,0.52552,0.5199,0.50849,0.55797,0.38022,0.53455,0.30062,0.45761,0.44284,0.29751,0.24206,0.28794,0.35357,0.27309,-0.012077,0.19519,0.23001,0.046935,-0.12769,0.093392,-0.036841,0.14234,-0.058198,0.062451,-0.066797,0.28667,-0.11235,-0.098848,-0.1808,-0.043775,-0.13557,0.17392,-0.28054,-0.041712,-0.069884,-0.37951,0.1454,-0.27094,0.033138,0.092496,0.41454,0.0022277,-0.13663,0.05921,0.028018,-0.073441,0.16189,0.22959,-0.23771,-0.30948,-0.15251,-0.13268,-0.23325,-0.092961,-0.027801,-0.080379,0.054383,0.016898,-0.025908,-0.075924,0.099599,-0.074595,-0.042525,0.021789,0.19272,0.14672,-0.014932,-0.083848,-0.081518,-0.060976,0.23432,0.036222,0.043252,-0.04265,0.24172,-0.12913,0.068053,-0.071419,0.20206,-0.07858,0.076672,0.13291,0.2016,0.11388,0.23441,-0.043726,0.012618,0.16039
22,0.82648,0.79503,0.76838,0.7521,0.70821,0.7819,0.82253,0.7027,0.72197,0.69516,0.79963,0.70629,0.77669,0.71996,0.8014,0.73523,0.69763,0.76601,0.76476,0.74427,0.65146,0.68971,1,0.70856,0.68631,0.68861,0.66045,0.71161,0.628,0.70463,0.52648,0.33929,0.50181,0.39599,0.49498,0.52644,0.51369,0.36299,0.39073,0.48774,0.31174,0.28084,0.18611,0.33502,0.079714,0.17317,0.14819,0.16022,-0.062393,-0.18467,0.016055,-0.09797,-0.081644,-0.040938,-0.11394,0.072126,0.16534,0.018132,0.074461,-0.13538,0.0608,0.069362,-0.092137,-0.17899,-0.095515,-0.093874,-0.21548,0.13085,-0.31808,0.11488,-0.1496,0.039703,-0.14088,-0.020101,0.11499,0.047309,-0.010023,0.08038,0.086383,-0.34247,-0.21596,-0.31441,-0.2138,-0.19606,-0.32734,0.080449,0.039114,0.11078,-0.11488,0.019947,0.061593,0.16678,-0.10255,0.11817,0.033548,0.053364,0.20937,-0.085279,-0.0058932,-0.19136,0.050952,0.17873,-0.052298,0.040619,0.050424,0.10061,0.073799,0.10327,-0.028379,0.10109,0.12046,0.064294,0.092169,0.094432,0.16135,0.13454,0.030287,0.035311,0.16674
23,0.67813,0.78722,0.7577,0.66285,0.72531,0.72984,0.74839,0.6513,0.68895,0.75714,0.69794,0.708,0.56196,0.60339,0.74033,0.71212,0.59801,0.72396,0.69133,0.66743,0.75676,0.59006,0.70856,1,0.61591,0.66242,0.50095,0.64091,0.56607,0.56991,0.25951,0.45346,0.35516,0.56568,0.48857,0.48898,0.4761,0.29875,0.49719,0.41432,0.27178,0.22136,0.186,0.31813,-0.03329,0.028857,-0.064455,0.020829,-0.15105,-0.10984,-0.11767,-0.11154,-0.30939,-0.03894,-0.033875,-0.1212,0.19512,-0.17223,0.012447,-0.15539,0.0097218,0.085373,-0.12377,-0.15244,-0.033124,-0.27913,-0.29276,0.055468,-0.30257,0.13253,-0.058623,0.13,0.046035,0.014825,-0.014939,0.15628,-0.25713,0.00065371,0.035845,-0.37637,-0.21223,-0.20335,-0.18295,-0.012929,-0.19531,-0.0065902,-0.036736,0.11692,-0.12371,-0.035488,0.16624,0.24593,0.0030664,0.10484,-0.19122,0.20718,0.11742,-0.089591,-0.41016,-0.071818,0.013422,0.050425,0.052344,-0.073099,-0.20525,0.26544,-0.02453,-0.0060613,0.069978,0.071913,0.058537,0.063073,0.10135,0.1944,0.08657,0.24188,-0.051282,-0.061633,0.15314
24,0.82441,0.80463,0.84063,0.75919,0.76329,0.83177,0.77643,0.78993,0.82215,0.66002,0.78492,0.76976,0.69695,0.68795,0.79632,0.74982,0.66347,0.73902,0.79211,0.72284,0.64959,0.80435,0.68631,0.61591,1,0.74412,0.65843,0.71097,0.73522,0.65461,0.52552,0.46307,0.51268,0.52635,0.5128,0.40449,0.61412,0.22922,0.43193,0.50441,0.29443,0.15216,0.20057,0.28122,0.21126,0.13772,0.16049,0.23185,0.13895,-0.013237,0.096741,0.072298,-0.0061044,0.054122,-0.094819,-0.091223,0.31543,-0.021446,-0.027551,-0.1405,0.099276,-0.055236,0.040527,-0.1758,-0.06546,-0.18677,-0.23965,-0.0013495,-0.25356,0.0033391,0.0040612,0.29742,-0.058493,0.064256,0.054865,0.074428,-0.071536,0.11219,0.24379,-0.27801,-0.23025,-0.26908,-0.14084,-0.25347,-0.26224,0.027336,0.11965,-0.1025,0.084979,-0.041404,0.067538,0.078702,-0.14531,-0.091543,-0.13493,0.15732,0.24524,-0.021009,-0.14236,-0.015637,0.079125,0.17731,0.095825,0.145,-0.039873,0.38887,-0.12536,0.070377,-0.039766,0.049113,-0.055012,0.083161,0.15721,0.21889,0.116,0.25274,-0.020909,-0.018603,0.23128
25,0.81836,0.79749,0.77662,0.68874,0.76252,0.80439,0.73636,0.62244,0.72977,0.66444,0.76668,0.72588,0.67488,0.60174,0.75986,0.71438,0.73938,0.74019,0.72936,0.82182,0.62723,0.61536,0.68861,0.66242,0.74412,1,0.61267,0.59574,0.65565,0.69494,0.40465,0.30141,0.42687,0.5919,0.48106,0.39037,0.43014,0.32787,0.41485,0.35345,0.078062,0.26207,0.06304,0.26644,0.049736,0.14289,-0.0012894,0.20054,0.030376,-0.03433,-0.042935,-0.12567,-0.071695,-0.097167,-0.12812,0.14048,0.34608,0.15204,-0.0034,0.07216,0.21497,-0.097305,-0.092253,-0.12381,0.019652,-0.21889,-0.24159,0.10771,-0.16845,0.03763,-0.13046,-0.092929,0.043296,0.047489,-0.020815,0.018951,0.07145,0.040121,0.12247,-0.38368,-0.085,-0.25988,-0.21133,-0.14928,-0.20143,0.092144,0.023777,0.045001,0.16564,0.0038712,0.11548,0.051459,0.040435,-0.02036,-0.010474,0.044071,0.25431,-0.1246,-0.30376,0.00086305,0.0073429,0.19377,0.17333,0.15831,-0.084761,0.36943,-0.051726,-0.011292,0.074016,0.19402,0.10004,-0.048372,0.045541,0.17143,0.050348,0.22278,0.14578,-0.085774,0.34644
26,0.81505,0.71646,0.71023,0.66679,0.65066,0.75503,0.72352,0.66881,0.67281,0.6609,0.79903,0.6166,0.77992,0.69697,0.69265,0.63097,0.63443,0.6117,0.67598,0.7573,0.51268,0.70866,0.66045,0.50095,0.65843,0.61267,1,0.54493,0.53171,0.57,0.45946,0.44348,0.53061,0.34425,0.43039,0.35402,0.56172,0.18398,0.26816,0.42952,0.1344,0.068784,0.35214,0.29293,0.11204,0.17018,0.13824,0.14038,0.037581,0.095777,0.10257,0.0038165,0.031935,-0.066543,0.085123,0.03634,0.38681,0.086557,-0.061254,-0.02172,0.077325,-0.002144,-0.019566,-0.21361,-0.0037751,-0.15423,-0.26048,0.14762,-0.21059,-0.095101,-0.066231,0.16184,-0.079213,-0.09036,-0.10606,0.12907,0.16002,0.091826,0.063101,-0.17787,-0.23011,-0.30972,-0.28175,-0.24879,-0.19322,0.022498,0.089807,0.16664,0.00016143,0.013379,-0.10094,0.020982,-0.073381,-0.07305,0.088715,0.099706,0.22079,-0.0072151,-0.24702,0.073075,0.05958,0.28891,0.058283,0.063171,-0.12318,0.36522,-0.023176,-0.093351,0.163,-0.034556,-0.031697,0.13841,0.27114,0.25263,0.41995,0.17241,-0.21401,0.040137,0.0056125
27,0.75731,0.79016,0.72878,0.79222,0.76553,0.77179,0.78644,0.7598,0.71327,0.75098,0.72567,0.74173,0.69127,0.71451,0.71227,0.70777,0.69004,0.66162,0.72745,0.67255,0.56598,0.64326,0.71161,0.64091,0.71097,0.59574,0.54493,1,0.64721,0.5751,0.60015,0.37717,0.59421,0.48904,0.42729,0.51854,0.38932,0.36341,0.45466,0.54791,0.2687,0.25698,0.14139,0.28566,0.04989,0.10265,-0.062425,0.1054,0.059061,-0.2539,0.10728,-0.047206,-0.22659,-0.183,-0.083699,0.032747,0.10098,-0.20747,-0.07843,-0.35604,0.27881,-0.15552,0.068846,-0.28293,-0.33881,-0.17196,-0.45001,0.092352,-0.23414,0.056956,-0.11967,0.15545,-0.16654,-0.034379,-0.047559,0.022241,-0.12062,0.044124,0.17609,-0.19597,0.0030554,-0.29301,-0.18144,-0.17361,-0.34597,-0.11752,0.10183,-0.016786,-0.0056836,-0.031415,-0.1276,0.050012,-0.14187,0.08239,-0.15202,0.23764,0.12756,-0.12915,-0.081612,-0.11177,0.20375,0.26626,-0.089041,-0.095829,-0.034038,0.1919,-0.12837,0.18113,-0.0023397,0.18778,-0.1513,0.097189,0.14572,0.062865,0.26052,0.34611,-0.041429,0.0057029,0.047519
28,0.7214,0.67627,0.69849,0.68293,0.76631,0.76619,0.74466,0.66249,0.73582,0.63892,0.67746,0.73643,0.63469,0.65244,0.67278,0.64976,0.61342,0.67573,0.69249,0.6995,0.57077,0.75248,0.628,0.56607,0.73522,0.65565,0.53171,0.64721,1,0.72928,0.64707,0.48811,0.53625,0.65764,0.46426,0.45736,0.45604,0.30723,0.36441,0.32379,0.28461,0.17602,0.017414,0.15016,0.16897,0.10844,0.1202,0.19395,0.12899,-0.19281,-0.0086057,-0.073818,-0.15991,-0.059046,-0.058169,-0.07044,0.2542,-0.054695,-0.049793,-0.21956,0.0020397,-0.0092614,0.025436,-0.2699,0.025493,-0.036438,-0.32545,0.20744,-0.30381,0.076881,0.075569,0.22855,-0.064784,-0.10122,0.022996,0.10798,-0.074134,0.16682,0.10897,-0.18517,-0.15491,-0.12015,-0.038996,-0.21619,-0.16352,0.10806,-0.031514,0.098661,0.030758,-0.054242,0.015336,-0.089184,-0.0024452,-0.05777,0.059426,0.11093,0.11916,-0.10629,-0.028227,-0.10804,0.050266,0.24408,-0.016089,0.11094,-0.023596,0.24015,0.028143,0.0064724,-0.06914,0.14042,-0.12394,0.090578,0.0035651,0.097354,0.2217,0.22587,-0.072594,-0.11908,0.13353
29,0.77288,0.7327,0.67074,0.70053,0.71264,0.70796,0.7566,0.61171,0.66382,0.69417,0.71848,0.69747,0.63659,0.67228,0.68787,0.69828,0.70962,0.65629,0.6872,0.74302,0.52388,0.6346,0.70463,0.56991,0.65461,0.69494,0.57,0.5751,0.72928,1,0.48777,0.53488,0.43326,0.58275,0.54442,0.38705,0.29032,0.35234,0.31755,0.39999,0.29254,0.36554,0.064837,0.2529,0.017226,0.12968,0.095801,0.15626,-0.0049265,-0.14271,0.057954,-0.031216,-0.17093,-0.19965,-0.036788,-0.079739,0.14754,0.07172,0.068261,-0.10984,0.11759,0.21167,0.074985,-0.085004,-0.02965,0.083728,-0.23245,-0.0096225,-0.073746,0.077991,0.080077,0.085832,-0.014637,0.065674,0.06135,0.096374,-0.099485,0.022844,0.038221,-0.31997,-0.14233,-0.11652,-0.15902,-0.21012,-0.12108,0.16698,-0.17958,0.19142,0.10309,0.050733,-0.040791,0.041965,-0.059487,0.079053,0.11999,0.015583,0.2662,-0.13667,-0.10763,-0.067367,-0.045826,0.22724,0.066814,0.14776,0.02386,0.15224,-0.048533,0.049128,-0.053886,0.086169,-0.0047879,0.0037451,0.0067885,0.017861,0.28686,0.025417,-0.062385,0.16844,0.12181
30,0.60354,0.48828,0.49884,0.55437,0.51394,0.62469,0.58211,0.48962,0.56269,0.49616,0.49229,0.5046,0.54119,0.5629,0.49511,0.43207,0.50379,0.4654,0.57147,0.50544,0.38042,0.5519,0.52648,0.25951,0.52552,0.40465,0.45946,0.60015,0.64707,0.48777,1,0.37697,0.47427,0.37086,0.36271,0.36383,0.19663,0.16215,0.2507,0.26812,0.19228,0.048966,0.041496,0.30453,0.094894,0.012376,0.0016886,0.19997,0.10789,-0.34409,0.073005,0.039416,-0.055479,-0.021522,0.041375,0.095875,-0.016053,-0.14589,-0.16937,-0.14664,0.21188,-0.11305,0.11196,-0.25516,-0.14373,0.067407,-0.29969,0.23479,-0.36538,0.17533,0.024208,0.23803,-0.28675,-0.13592,-0.18362,-0.096179,-0.037111,-0.045849,0.20077,-0.051826,-0.14985,-0.19596,-0.14786,-0.241,-0.32635,0.10157,0.065726,-0.19898,-0.13987,0.17314,-0.10104,-0.011722,-0.052474,0.075869,0.090506,-0.017988,0.14212,-0.047928,0.099133,-0.19481,0.026187,0.33881,-0.27382,0.0012212,0.02169,0.046322,0.019392,0.12989,-0.11868,0.15763,-0.1536,-0.13341,0.048735,-0.02335,0.20842,0.15306,-0.057791,0.022842,0.028982
31,0.52628,0.4849,0.56611,0.52019,0.55494,0.49865,0.55283,0.55981,0.52589,0.58578,0.52243,0.43251,0.45813,0.49614,0.58913,0.46108,0.50124,0.45732,0.5279,0.4667,0.46357,0.52552,0.33929,0.45346,0.46307,0.30141,0.44348,0.37717,0.48811,0.53488,0.37697,1,0.22456,0.48556,0.44955,0.21292,0.29702,0.17809,0.14835,0.18188,0.32242,0.14619,0.19306,0.14385,0.18828,-0.044188,0.035788,0.36949,-0.034815,-0.14596,0.26379,0.0034519,-0.081996,0.057106,-0.023139,-0.3841,0.1024,-0.13079,0.15283,-0.031024,-0.015258,0.033505,-0.052975,-0.22265,-0.00023034,0.018811,-0.1512,0.1599,-0.1857,-0.073311,-0.079919,0.30911,-0.065422,-0.058504,-0.035935,0.085102,-0.30357,-0.054339,0.044685,-0.084643,-0.28543,-0.042019,-0.12036,-0.060841,-0.016684,0.0083155,-0.15853,0.079358,0.065706,-0.0060435,-0.099391,0.034674,0.12053,-0.23786,-0.028892,0.15291,-0.055016,0.046025,-0.26013,0.012064,0.054249,0.077834,-0.05701,0.049889,-0.062305,0.19056,0.0030629,-0.10187,-0.098404,-0.047826,-0.084078,0.28468,0.12482,0.18198,0.45055,-0.0006794,-0.25121,0.18374,-0.069232
32,0.61719,0.61363,0.65161,0.55075,0.54811,0.62674,0.58347,0.60705,0.62085,0.49481,0.60197,0.5923,0.55072,0.61225,0.44948,0.60199,0.52921,0.42819,0.55406,0.57955,0.3491,0.5199,0.50181,0.35516,0.51268,0.42687,0.53061,0.59421,0.53625,0.43326,0.47427,0.22456,1,0.35986,0.28675,0.40668,0.47507,0.37815,0.38174,0.38999,0.12883,-0.077982,0.010433,0.24978,0.049989,0.17339,0.23669,0.046949,0.11261,-0.025008,0.14385,0.02576,-0.1746,-0.20939,0.16209,0.008685,0.083076,0.011256,-0.087322,-0.17034,0.10458,-0.19273,0.18359,-0.17492,-0.16761,-0.17159,-0.31116,0.16344,-0.30168,0.090411,-0.19341,0.044447,-0.30662,-0.0086279,-0.025099,0.012342,-0.038667,0.025813,0.092674,-0.39443,-0.053482,0.042649,-0.10761,-0.067746,-0.29332,-0.10355,0.24339,-0.099393,-0.20676,-0.03171,-0.2788,-0.034729,-0.21701,-0.096325,-0.14061,0.014438,0.24588,-0.011856,-0.093255,-0.14559,-0.027009,0.35953,-0.034263,-0.1456,0.036142,0.072996,-0.03521,0.2836,0.047028,-0.0023466,-0.18533,0.15358,0.14226,0.16895,0.2886,0.26196,-0.066655,-0.039777,-0.0047171
33,0.57719,0.56117,0.5612,0.58564,0.62514,0.59686,0.54092,0.57639,0.56777,0.67418,0.52839,0.58862,0.48749,0.47925,0.58207,0.63448,0.57459,0.63093,0.4716,0.55563,0.56533,0.50849,0.39599,0.56568,0.52635,0.5919,0.34425,0.48904,0.65764,0.58275,0.37086,0.48556,0.35986,1,0.27528,0.49663,0.29471,0.23651,0.36738,0.2127,0.013499,0.19184,0.092145,0.25817,0.062844,-0.082349,-0.073456,0.19498,0.042637,-0.25826,-0.14379,-0.0077448,-0.13723,-0.012546,-0.09596,-0.1366,0.09628,-0.019994,0.041057,0.052472,0.25648,0.036506,0.067116,-0.22666,0.043634,0.07115,-0.24171,0.092731,-0.1121,0.0018573,-0.057795,0.065545,0.05774,-0.17738,0.033242,0.22435,-0.26164,-0.17986,0.31085,-0.17431,-0.041584,-0.044685,-0.091991,0.016466,-0.052754,0.05542,0.018304,0.079835,0.070646,-0.036699,0.1032,-0.17416,0.14992,-0.14154,-0.01469,0.090311,0.1328,0.026026,-0.28239,-0.10723,0.055013,0.18086,0.11043,-0.050881,-0.1203,0.43624,0.080808,0.068415,-0.19983,0.20784,-0.080374,0.17236,-0.13166,-0.075232,0.088679,0.2936,-0.11806,-0.14417,0.1784
34,0.51852,0.55994,0.61888,0.46845,0.60941,0.55643,0.56339,0.56789,0.47561,0.47727,0.54346,0.58934,0.53413,0.56376,0.57161,0.60234,0.47816,0.46097,0.52978,0.51254,0.40442,0.55797,0.49498,0.48857,0.5128,0.48106,0.43039,0.42729,0.46426,0.54442,0.36271,0.44955,0.28675,0.27528,1,0.1827,0.11929,0.35508,0.22856,0.42504,0.17236,0.13741,-0.073814,0.30362,0.094362,-0.01281,-0.09492,0.12463,0.15762,0.028426,-0.11508,-0.068345,0.070642,0.194,0.055684,-0.089001,0.025862,-0.35963,-0.086297,0.014112,-0.13045,-0.016238,-0.049793,-0.066382,-0.096669,-0.1585,-0.35893,0.00099415,-0.177,-0.0071064,0.074626,0.049692,0.10089,0.26527,-0.25054,-0.01871,-0.17887,0.052223,0.090773,-0.1511,-0.024205,-0.16901,0.081048,-0.038813,-0.084192,0.026854,-0.21594,-0.058487,0.012658,0.13448,-0.0064576,0.26616,0.087037,-0.017678,0.013955,0.17047,0.14852,-0.033111,0.04347,-0.04467,-0.24028,0.34831,0.093479,0.23931,-0.089842,0.0095215,-0.020056,-0.068491,0.076172,0.031334,-0.15081,-0.13453,0.10323,0.15973,0.026343,-0.001575,-0.15628,0.15014,0.01817
35,0.45314,0.42263,0.42867,0.56699,0.44998,0.49627,0.50439,0.42218,0.52299,0.43898,0.50915,0.51051,0.41032,0.43889,0.35725,0.5202,0.46431,0.44945,0.46851,0.37407,0.35882,0.38022,0.52644,0.48898,0.40449,0.39037,0.35402,0.51854,0.45736,0.38705,0.36383,0.21292,0.40668,0.49663,0.1827,1,0.30155,0.068965,0.38412,0.36003,0.029278,0.012115,0.2625,0.34354,0.2791,-0.073951,0.012838,0.11753,0.019711,-0.26437,-0.040856,0.053437,-0.15802,-0.066132,0.063632,0.22163,-0.0019431,0.020254,0.091337,0.040436,0.30778,-0.084558,0.11174,-0.19289,-0.058763,0.052306,-0.11114,0.17174,-0.095693,0.08416,-0.34847,-0.0082277,-0.10135,-0.072743,0.22306,0.38902,-0.018245,0.044832,0.10324,-0.16009,0.11872,-0.0357,-0.070263,-0.075262,-0.059378,0.17576,0.043617,-0.055341,-0.27319,-0.11045,0.010018,-0.0023577,-0.14958,0.14877,-0.067573,0.057256,-0.08796,0.23881,-0.10905,-0.47453,-0.08037,-0.026986,-0.0044772,-0.0092485,-0.12337,0.17195,0.25265,0.13678,0.080933,0.11069,0.18049,-0.020139,-0.11043,0.077317,0.27181,0.27284,0.038606,-0.29205,0.071477
36,0.57131,0.57369,0.61716,0.53394,0.52866,0.57454,0.542,0.55914,0.56377,0.48806,0.64225,0.51081,0.46036,0.46603,0.50664,0.51899,0.29408,0.53438,0.51152,0.51352,0.47965,0.53455,0.51369,0.4761,0.61412,0.43014,0.56172,0.38932,0.45604,0.29032,0.19663,0.29702,0.47507,0.29471,0.11929,0.30155,1,0.214,0.28611,0.32299,0.23901,-0.13061,0.38015,0.067033,0.12698,0.14481,0.36532,0.24687,0.10057,-0.061785,0.1577,0.19999,-0.075991,0.049448,0.16808,-0.097649,0.32652,0.094626,-0.088816,-0.095701,-0.045298,0.078365,-0.10425,-0.1319,0.16071,-0.27322,-0.047735,0.089373,-0.25629,-0.008116,-0.10963,0.25137,-0.023542,-0.052517,0.15006,0.13748,0.03909,0.18658,0.10425,-0.11247,-0.29115,-0.131,-0.3005,-0.072189,-0.12669,-0.13595,0.14076,-0.009417,-0.075743,-0.20467,0.027144,-0.1381,-0.32436,-0.027772,-0.089336,0.21664,0.12167,-0.081019,-0.14694,-0.18737,0.089505,0.10658,0.040072,-0.05431,-0.04533,0.37396,-0.084334,0.050977,0.09137,0.013138,0.13644,0.2976,0.07465,0.38387,0.18102,0.42388,-0.11781,-0.2679,0.0092277
37,0.34928,0.39743,0.44419,0.28532,0.42685,0.28899,0.38885,0.52032,0.37113,0.3035,0.4282,0.36251,0.34504,0.32657,0.32658,0.40049,0.37842,0.23824,0.3312,0.27788,0.39804,0.30062,0.36299,0.29875,0.22922,0.32787,0.18398,0.36341,0.30723,0.35234,0.16215,0.17809,0.37815,0.23651,0.35508,0.068965,0.214,1,0.37015,0.26471,0.092322,0.073468,-0.035339,0.098119,-0.044743,0.019461,0.099431,0.021715,-0.043362,-0.10237,0.21233,0.076465,-0.22112,-0.033647,0.1568,-0.20733,-0.15237,0.03766,-0.26904,0.086501,0.0041556,-0.059395,0.16674,-0.13129,-0.10683,-0.081632,-0.16242,0.046097,-0.1607,0.086382,0.061988,-0.010312,0.040627,-0.036453,0.15569,-0.077031,-0.24451,0.10439,0.24678,-0.28913,-0.16779,0.26976,-0.024016,0.22788,-0.19608,-0.25335,-0.26395,0.16213,0.099271,-0.006706,-0.054776,0.030785,0.15448,0.13745,0.027577,-0.035011,0.15535,-0.095053,0.12111,-0.077304,0.12307,0.4247,0.047027,-0.059964,0.10678,0.080562,-0.097055,0.049429,-0.24441,-0.057589,-0.066524,0.13944,-0.0019029,-0.023002,0.13255,0.023753,-0.01516,-0.021603,-0.051958
