,0,1,2,3,4,5,6,7,8,9,10,11,12,13,14,15,16,17,18,19,20,21,22,23,24,25,26,27,28,29,30,31,32,33,34,35,36,37,38,39,40,41,42,43,44,45,46,47,48,49,50,51,52,53,54,55,56,57,58,59,60,61,62,63,64,65,66,67,68,69,70,71,72,73,74,75,76,77,78,79,80,81,82,83,84,85,86,87,88,89,90,91,92,93,94,95,96,97,98,99
0,1,0.80734,0.76502,0.79229,0.88399,0.69476,0.7772,0.76229,0.68836,0.73347,0.75471,0.61357,0.52433,0.67736,0.61899,0.56288,0.36186,0.4126,0.216,0.44191,0.032449,-0.048601,-0.058857,0.0067879,-0.12126,0.05363,-0.074898,-0.37628,-0.21711,0.018849,-0.252,-0.31587,-0.35411,-0.41872,-0.36714,-0.38246,-0.30653,-0.25922,-0.16316,-0.35198,-0.33866,-0.22398,-0.36222,-0.13481,-0.37106,-0.32603,-0.34726,-0.054298,-0.40268,-0.156,-0.197,-0.30938,-0.24469,-0.070006,-0.30214,-0.21006,-0.21756,-0.14747,-0.10744,-0.03656,-0.1614,-0.11189,-0.16457,-0.14853,0.045123,0.061973,0.088966,0.064076,0.20073,-0.099606,-0.29185,-0.12046,0.037471,-0.065346,-0.011736,-0.019312,0.12836,0.19073,-0.061036,0.022175,0.097926,-0.084754,-0.28172,-0.03094,-0.15722,-0.14592,-0.17399,0.23232,0.26632,0.21232,0.29126,0.41344,0.03252,0.31995,0.4041,-0.087223,0.31565,-0.072352,-0.051468,0.045736
1,0.80734,1,0.79466,0.78828,0.84484,0.71094,0.78565,0.74618,0.69769,0.75119,0.68392,0.61342,0.58655,0.58713,0.51291,0.50481,0.29781,0.44294,0.24994,0.39051,0.22071,0.049315,-0.017768,-0.13877,-0.13985,0.2832,-0.12328,-0.16593,-0.2021,0.051751,-0.32443,-0.15274,-0.23052,-0.31296,-0.29744,-0.40839,-0.25229,-0.2467,-0.20869,-0.43986,-0.30035,-0.2143,-0.33804,-0.14539,-0.28995,-0.35526,-0.44584,-0.10295,-0.3615,-0.012904,-0.024247,-0.15747,-0.13103,-0.17303,-0.35778,-0.2409,-0.10279,-0.16195,-0.15339,-0.1057,0.0094814,-0.027951,-0.04182,-0.037072,-0.20833,-0.037537,0.039613,0.00066738,0.22797,0.13028,-0.028114,-0.10697,-0.015575,-0.13292,-0.013038,0.17166,0.01954,0.2431,-0.116,-0.004631,0.05728,-0.080957,-0.17083,-0.050331,-0.18795,0.037618,-0.00028025,0.22524,0.23827,0.099609,0.2742,0.37033,-0.090169,0.31946,0.26151,-0.024683,0.35897,-0.099569,-0.091229,-0.13503
2,0.76502,0.79466,1,0.78109,0.8013,0.70063,0.72593,0.77551,0.78239,0.73361,0.75087,0.61172,0.39842,0.67807,0.44164,0.40202,0.35659,0.50033,0.3521,0.38081,0.20526,-0.042419,-0.00038936,0.033289,-0.16605,0.061593,0.026818,-0.38614,-0.11284,-0.07039,-0.18392,-0.19339,-0.24709,-0.392,-0.30403,-0.286,-0.21409,-0.10672,-0.063096,-0.29833,-0.22392,-0.22716,-0.40386,-0.23535,-0.2708,-0.20622,-0.14312,-0.12581,-0.44356,-0.075787,-0.089613,-0.28777,-0.15369,0.088949,-0.1933,-0.11233,-0.068891,-0.105,0.047418,-0.13648,0.091097,0.19674,-0.032175,0.039709,-0.063986,-0.12695,-0.0058996,-0.043991,0.15924,-0.028076,-0.044419,-0.18649,-0.13339,-0.043562,0.091099,0.058313,0.085411,0.10119,-0.011683,-0.00052465,-0.025039,-0.11465,-0.17913,0.067036,-0.14915,-0.047794,-0.042003,0.049604,0.32409,0.20921,0.22469,0.22965,0.051797,0.26969,0.26555,-0.077912,0.35174,0.045898,-0.087016,0.10666
3,0.79229,0.78828,0.78109,1,0.80004,0.68876,0.72474,0.75123,0.69509,0.67517,0.71107,0.6298,0.41567,0.59862,0.55453,0.48674,0.45384,0.4232,0.23238,0.45273,0.018126,-0.092202,-0.027468,0.070661,0.026808,0.3015,-0.051205,-0.38188,-0.14816,-0.13704,-0.22892,-0.26654,-0.29657,-0.37533,-0.2118,-0.35615,-0.14224,-0.20626,-0.14921,-0.39917,-0.32581,-0.18977,-0.37103,-0.11898,-0.29218,-0.20078,-0.18528,-0.11268,-0.36899,-0.18399,-0.06614,-0.35531,-0.16207,0.088749,-0.36473,-0.1753,0.039837,-0.046173,-0.13905,-0.04875,-0.1237,0.068615,-0.20232,-0.091186,-0.08895,-0.019037,0.12561,-0.038678,0.12972,0.094239,-0.14475,-0.15148,0.014213,-0.0070273,-0.0474,0.076162,-0.051873,0.15256,-0.10165,0.011459,0.14963,-0.22773,-0.18562,-0.0031553,0.0053533,-0.089531,-0.059491,0.053514,0.19416,0.19833,0.24837,0.29116,0.10036,0.2452,0.23356,8.212e-05,0.33087,-0.1448,-0.045507,-0.11625
4,0.88399,0.84484,0.8013,0.80004,1,0.76064,0.82746,0.78284,0.79075,0.7471,0.70921,0.72785,0.49504,0.71622,0.64951,0.47746,0.47394,0.43724,0.23261,0.4834,0.087561,-0.0056798,-0.053956,-0.040142,-0.12387,0.090282,-0.0038626,-0.32478,-0.18071,0.022508,-0.25881,-0.27541,-0.29257,-0.36886,-0.37438,-0.349,-0.31724,-0.23561,-0.17668,-0.33394,-0.37777,-0.1884,-0.40276,-0.30402,-0.32779,-0.33127,-0.2966,-0.023458,-0.42432,-0.15364,-0.14684,-0.34475,-0.16695,-0.13943,-0.30154,-0.18439,-0.14883,-0.086113,-0.027887,-0.03954,-0.0057281,-0.0071094,-0.15262,-0.10252,-0.052061,0.09607,0.02966,0.060631,0.2308,0.05046,-0.13773,-0.0044834,-0.01267,-0.089352,0.048867,0.098755,0.063463,0.21155,-0.091265,0.075295,0.025547,0.046187,-0.25163,3.4252e-05,-0.079329,-0.10677,-0.10123,0.1866,0.34639,0.14419,0.31181,0.26954,0.063261,0.40276,0.36735,-0.12203,0.33191,-0.030887,0.05798,-0.011203
5,0.69476,0.71094,0.70063,0.68876,0.76064,1,0.66896,0.7437,0.61147,0.57461,0.71955,0.48283,0.44412,0.57379,0.36189,0.29019,0.36748,0.34507,0.16922,0.39242,0.12174,0.02139,-0.12,0.085163,0.053212,0.21472,-0.094936,-0.26596,-0.13888,-0.062578,-0.11959,-0.30017,-0.29458,-0.35108,-0.3961,-0.44536,-0.12575,-0.18366,-0.029512,-0.29884,-0.16295,-0.16658,-0.3392,-0.30117,-0.27618,-0.15168,-0.27828,-0.10213,-0.20127,-0.086524,-0.21888,-0.17483,-0.1739,-0.046155,-0.3711,-0.15041,0.047979,-0.22661,0.12775,-0.029913,0.040677,-0.0072051,-0.070997,0.021263,-0.16809,-0.010456,-0.02842,0.14581,0.06517,-0.024877,0.076116,-0.070914,-0.038448,-0.10144,0.0059804,0.010438,-0.12823,0.10301,-0.24956,-0.032639,-0.10573,0.027915,-0.22811,-0.084919,-0.045687,-0.15145,0.061346,0.11984,0.33016,0.23714,0.35669,0.45009,0.014665,0.25261,0.32771,-0.026303,0.29949,-0.070194,0.06262,-0.070501
6,0.7772,0.78565,0.72593,0.72474,0.82746,0.66896,1,0.75338,0.71407,0.62372,0.63532,0.64759,0.46741,0.63926,0.5588,0.50893,0.31956,0.33618,0.16928,0.51381,0.026925,0.037304,-0.20026,-0.084168,-0.018717,0.065298,-0.030949,-0.30462,-0.16224,0.08766,-0.22468,-0.23785,-0.22232,-0.37815,-0.15021,-0.48922,-0.23451,-0.21077,-0.28529,-0.47229,-0.30086,-0.11829,-0.34214,-0.27814,-0.49678,-0.27705,-0.32895,0.12587,-0.46881,-0.17117,-0.10051,-0.40444,-0.16999,-0.22487,-0.35427,-0.13407,-0.15959,-0.090791,-0.22741,-0.042579,0.071572,-0.078803,-0.20033,-0.089303,-0.064142,0.036872,0.072498,-0.082495,0.13384,0.095636,-0.059931,0.058575,-0.043733,-0.085349,0.12501,-0.12433,0.11203,0.26097,-0.079102,0.17033,0.10117,0.015451,-0.07014,0.060692,-0.041009,-0.086194,0.062461,0.13065,0.25799,0.11147,0.15851,0.22607,0.15743,0.34749,0.14042,-0.096596,0.34141,-0.038637,-0.116,-0.049638
7,0.76229,0.74618,0.77551,0.75123,0.78284,0.7437,0.75338,1,0.72024,0.6897,0.66185,0.62068,0.38747,0.64699,0.542,0.3182,0.35354,0.36656,0.27949,0.46087,0.17258,-0.0043179,-0.1383,0.037317,-0.07852,0.16703,-0.23389,-0.32367,-0.1812,-0.19201,-0.21765,-0.28117,-0.21922,-0.43818,-0.28775,-0.44824,-0.16324,-0.19813,-0.032555,-0.37977,-0.19175,-0.19002,-0.43049,-0.2419,-0.28001,-0.28442,-0.28936,-0.12972,-0.28791,-0.26491,-0.17935,-0.40342,-0.1618,-0.031213,-0.41284,-0.091309,0.00065,0.056444,-0.039665,-0.010688,0.15314,0.065686,-0.035807,0.069922,0.0039927,0.075368,-0.019728,0.10683,0.069845,0.025634,-0.064911,-0.12155,0.031575,0.012365,0.18001,0.027735,-0.13428,0.18671,0.014974,-0.081577,-0.024783,-0.14131,-0.20381,-0.050451,-0.020172,-0.080897,0.029367,0.15489,0.26142,0.040301,0.25229,0.1847,0.024536,0.41859,0.16474,-0.013936,0.41062,-0.020617,-0.065878,0.05363
8,0.68836,0.69769,0.78239,0.69509,0.79075,0.61147,0.71407,0.72024,1,0.73492,0.50738,0.61512,0.25012,0.53679,0.4754,0.49301,0.42381,0.41587,0.30083,0.45481,0.15565,0.093203,-0.010289,-0.069865,-0.1721,0.050534,-0.0558,-0.38374,-0.1517,-0.021142,-0.084444,-0.21826,-0.054125,-0.39348,-0.20215,-0.37591,-0.23254,-0.067553,-0.032799,-0.18876,-0.20455,-0.14804,-0.38023,-0.19021,-0.33933,-0.18159,-0.098959,-0.1276,-0.41431,-0.061112,0.0866,-0.41064,0.032095,0.040123,-0.18424,-0.08965,-0.1431,-0.096314,-0.081529,0.06546,0.055158,0.19947,-0.032405,-0.015328,0.17536,0.12888,0.043933,0.018239,0.11025,0.054412,0.01017,0.043924,-0.13216,-0.05412,0.17252,0.065057,0.030163,-0.022236,0.058415,0.2457,0.02444,0.012924,-0.13063,0.18274,0.015904,0.026802,-0.019498,0.13456,0.3396,0.13849,0.27957,0.056496,-0.073574,0.36532,0.2925,-0.086754,0.37356,0.2038,0.051107,-0.03348
9,0.73347,0.75119,0.73361,0.67517,0.7471,0.57461,0.62372,0.6897,0.73492,1,0.56284,0.57597,0.48665,0.6746,0.43534,0.4865,0.31295,0.33396,0.37574,0.43374,0.12205,-0.0027412,0.011852,-0.03822,-0.064425,0.15833,-0.22901,-0.36113,-0.067612,-0.17924,-0.12274,-0.19469,-0.36537,-0.36644,-0.25849,-0.48658,-0.24066,-0.18732,-0.13635,-0.34421,-0.27905,-0.25049,-0.28768,-0.22596,-0.38299,-0.33606,-0.39217,-0.18873,-0.27851,-0.022595,0.1167,-0.31301,0.017467,-0.091569,-0.30468,-0.00030543,-0.16433,-0.051166,-0.12614,0.12932,0.061987,0.18709,0.057435,-0.082989,-0.11347,-0.044853,0.020288,0.10779,0.034332,-0.020907,-0.0035305,0.0077155,-0.042289,-0.18152,0.18748,0.0074392,0.051265,0.22747,0.12196,-0.040245,0.10788,-0.031313,-0.38434,0.09311,-0.069065,-0.10353,0.0041628,0.23663,0.24589,0.14413,0.38176,0.37399,-0.065172,0.19089,0.30841,-0.0083629,0.28132,-0.12242,0.018319,0.12978
10,0.75471,0.68392,0.75087,0.71107,0.70921,0.71955,0.63532,0.66185,0.50738,0.56284,1,0.58393,0.43769,0.68532,0.36983,0.38331,0.30157,0.29273,0.2318,0.26956,0.14795,-0.022833,-0.044019,0.025476,0.093064,0.13077,0.092119,-0.26518,-0.31125,0.017267,-0.072163,-0.17834,-0.32074,-0.24402,-0.17316,-0.29642,-0.037488,-0.32134,-0.077596,-0.21608,-0.16992,-0.24218,-0.36543,-0.12166,-0.22084,-0.055696,-0.19893,0.056234,-0.33331,-0.12778,-0.22039,-0.17377,-0.40339,0.062134,-0.23115,-0.050724,0.13339,-0.12864,0.091917,-0.1769,-0.12774,0.14719,-0.10662,0.12957,-0.11255,-0.047932,-0.016516,0.051077,-0.0041032,-0.20241,-0.10804,-0.16349,-0.024571,-0.069788,0.08686,0.010323,0.22869,0.33065,-0.093617,-0.17287,-0.042944,-0.12259,-0.33461,-0.10022,-0.18629,-0.02569,-0.07273,0.069296,0.38242,0.24198,0.42153,0.46489,0.010788,0.40665,0.30026,-0.012646,0.30828,-0.039542,-0.10011,0.10603
11,0.61357,0.61342,0.61172,0.6298,0.72785,0.48283,0.64759,0.62068,0.61512,0.57597,0.58393,1,0.48757,0.58159,0.48735,0.29626,0.34381,0.26932,0.28924,0.39933,0.17669,0.09316,0.029269,-0.13754,-0.0023104,-0.206,0.012352,-0.2328,-0.055061,0.04324,-0.060271,-0.066316,-0.16238,-0.20496,-0.18049,-0.24477,-0.20962,-0.25222,-0.19446,-0.20314,-0.42456,0.0071372,-0.33811,-0.28248,-0.26132,-0.23976,-0.16351,-0.020112,-0.33529,-0.15057,-0.20265,-0.42953,-0.14843,0.027848,-0.26549,-0.12872,-0.065833,0.068406,-0.061517,-0.07755,0.13801,0.15977,-0.098874,-0.0047603,0.034753,0.12987,0.064411,0.18309,0.12778,0.072553,-0.056182,0.057525,-0.12574,-0.012255,0.31364,0.067756,0.15354,0.41635,0.08923,0.15367,0.060056,-0.073459,-0.22456,0.076348,0.12618,-0.11337,0.046034,-0.13268,0.31046,0.15124,0.22096,0.16768,0.19177,0.40794,0.12504,-0.078038,0.26621,0.10732,-0.07963,-0.106
12,0.52433,0.58655,0.39842,0.41567,0.49504,0.44412,0.46741,0.38747,0.25012,0.48665,0.43769,0.48757,1,0.50787,0.29942,0.12637,0.32465,0.23549,0.28079,0.30485,0.22622,0.11458,0.10616,-0.076762,-0.076378,-0.036057,-0.26573,-0.08745,-0.0084098,-0.053156,-0.25065,-0.049483,-0.25285,-0.15559,-0.096511,-0.218,-0.0045626,-0.033945,-0.1206,-0.35346,-0.016696,-0.02371,-0.11242,0.002677,-0.25506,-0.28362,-0.38232,-0.12984,-0.10714,-0.091443,0.0062905,0.13003,-0.30899,-0.055058,-0.16479,-0.12512,-0.041035,-0.083842,-0.17057,0.025348,0.1843,0.07473,-0.12316,0.067736,-0.29526,0.004759,0.036866,0.23115,-0.072046,0.095774,-0.12926,-0.14152,0.00050331,-0.23397,-0.052564,0.013925,0.07012,0.40943,-0.027026,-0.015507,0.10965,0.15019,-0.28167,-0.11833,0.044958,0.12241,-0.004845,0.070496,0.16657,0.099292,0.26772,0.35197,0.19324,0.22782,0.18882,-0.10477,0.12108,-0.21445,-0.080772,-0.046912
13,0.67736,0.58713,0.67807,0.59862,0.71622,0.57379,0.63926,0.64699,0.53679,0.6746,0.68532,0.58159,0.50787,1,0.38532,0.37728,0.34216,0.55896,0.27238,0.30521,0.16723,-0.080948,0.0030336,-0.001601,0.057971,0.055405,-0.026084,-0.25604,-0.21903,-0.083813,-0.21772,-0.18607,-0.14789,-0.3496,-0.19382,-0.37829,-0.13711,-0.20311,-0.087592,-0.28534,-0.33396,-0.12129,-0.42233,-0.1656,-0.35951,-0.2099,-0.27293,0.061732,-0.30353,-0.21377,0.0090055,-0.25615,-0.38001,-0.027484,-0.35552,0.050079,-0.017276,-0.11256,0.0083555,0.068501,0.094397,0.2044,-0.22742,0.13895,-0.098134,-0.004707,-0.10213,0.18508,0.10293,-0.097484,-0.23978,0.08242,-0.031205,-0.096242,0.17888,0.0092134,0.13216,0.35084,0.016616,-0.13145,0.11916,-0.0002041,-0.29174,-0.022196,-0.062995,-0.15137,0.062918,0.019751,0.07807,0.12283,0.19479,0.36204,0.074397,0.37023,0.2545,-0.16138,0.31759,-0.089913,-0.13744,0.11913
14,0.61899,0.51291,0.44164,0.55453,0.64951,0.36189,0.5588,0.542,0.4754,0.43534,0.36983,0.48735,0.29942,0.38532,1,0.23663,0.31805,0.33244,0.17799,0.26128,-0.058854,0.14241,-0.036169,-0.10411,-0.26453,0.057851,-0.16201,-0.24871,-0.30517,-0.030504,-0.20046,-0.14456,-0.30904,-0.12622,-0.022445,-0.15452,-0.31471,-0.039963,-0.18557,-0.25799,-0.26872,-0.15923,-0.063114,-0.23721,-0.13364,-0.18636,-0.19097,-0.086339,-0.3393,-0.2639,-0.15636,-0.30996,0.04976,-0.16534,-0.33655,-0.12609,-0.24601,0.079264,-0.2913,0.0070536,0.062555,-0.1176,-0.24811,-0.20151,0.036521,0.045437,0.17672,-0.030546,0.311,0.1958,-0.20548,-0.19659,-0.022727,-0.16759,0.0034079,-0.05509,0.083681,0.24925,-0.080048,-0.039601,-0.1583,0.0025512,0.10318,-0.13207,-0.11682,0.038584,-0.35984,0.10373,0.19073,-0.092954,0.13353,-0.020758,0.061386,0.19308,0.24011,-0.32889,0.052354,-0.24513,0.093867,-0.062656
15,0.56288,0.50481,0.40202,0.48674,0.47746,0.29019,0.50893,0.3182,0.49301,0.4865,0.38331,0.29626,0.12637,0.37728,0.23663,1,0.035125,0.17879,-0.11357,0.22033,-0.057779,-0.13427,-0.028272,0.10866,-0.064091,0.22294,-0.029159,-0.22453,-0.22502,0.081459,-0.37819,-0.23721,0.052313,-0.24006,-0.22997,-0.43806,-0.076185,-0.28191,-0.35982,-0.28649,-0.38502,-0.26861,-0.30813,-0.019949,-0.53639,-0.29255,-0.25156,0.28622,-0.41873,-0.14067,0.11558,-0.23449,-0.029238,0.0085723,-0.26052,-0.30151,-0.16755,-0.17234,-0.20478,0.050561,-0.28441,-0.026317,-0.18096,-0.039739,-0.094507,-0.0021007,0.091412,-0.018265,0.14568,-0.22691,-0.017957,0.2169,0.0087982,0.1464,-0.24564,0.03856,0.053263,0.13653,0.057363,0.21741,0.33333,-0.05751,-0.25922,0.064416,-0.22269,-0.10084,-0.071751,0.22092,0.051418,0.090505,0.25161,0.40424,-0.026747,0.19059,0.20837,0.18583,0.26128,0.013832,-0.068878,-0.010883
16,0.36186,0.29781,0.35659,0.45384,0.47394,0.36748,0.31956,0.35354,0.42381,0.31295,0.30157,0.34381,0.32465,0.34216,0.31805,0.035125,1,0.38158,0.13715,0.44998,-0.16829,0.17533,0.10197,0.14246,-0.019604,0.066085,-0.022609,-0.15744,0.13453,-0.09203,0.08571,0.047075,-0.19377,-0.34053,0.009975,0.089852,0.06086,0.10522,0.34181,-0.0039445,-0.057692,0.12822,-0.19992,-0.15589,-0.15955,0.037052,0.0057929,-0.021025,-0.048059,-0.037048,0.088712,-0.089181,-0.13993,0.1722,0.073608,0.14268,0.1404,0.095359,0.038391,-0.052748,0.1098,0.16379,-0.022406,0.1195,0.029239,0.26756,-0.034368,-0.077155,-0.043675,0.035473,-0.049297,-0.10463,-0.15017,-0.14694,0.070137,0.021625,0.1015,0.11236,-0.14808,0.088757,-0.11978,-0.14614,-0.11865,-0.13741,0.21461,0.10333,0.0081808,0.22036,0.076629,0.025093,0.17614,-0.075476,-0.0032043,0.15307,-0.023002,-0.16485,-0.18579,-0.029864,-0.016616,0.011647
17,0.4126,0.44294,0.50033,0.4232,0.43724,0.34507,0.33618,0.36656,0.41587,0.33396,0.29273,0.26932,0.23549,0.55896,0.33244,0.17879,0.38158,1,-0.033768,0.26036,0.10161,-0.014555,0.026668,-0.16931,-0.053889,0.15447,0.05784,0.087436,-0.18314,-0.02258,-0.24321,0.11556,-0.042214,-0.17888,-0.12422,-0.12259,-0.22291,-0.0095379,-0.0049595,-0.29531,-0.19811,0.13406,-0.34003,0.035785,-0.096738,0.0064088,-0.11038,0.12461,-0.1101,-0.0018245,0.16603,-0.046128,-0.066761,-0.090812,-0.23217,0.032425,-0.032202,-0.082708,-0.12079,-0.047234,0.094523,0.098982,-0.10446,-0.088241,-0.040687,-0.025426,0.014727,-0.09667,0.15149,0.066331,-0.021396,-0.16471,-0.099853,-0.023558,0.02012,0.16169,0.096562,0.034872,-0.13719,0.024352,0.043851,-0.094036,0.12209,0.082431,-0.24691,-0.011146,0.1428,-0.17475,-0.18043,0.023448,-0.097036,0.096378,-0.13196,0.043975,0.16598,-0.23744,0.19639,-0.18376,-0.14555,-0.13186
18,0.216,0.24994,0.3521,0.23238,0.23261,0.16922,0.16928,0.27949,0.30083,0.37574,0.2318,0.28924,0.28079,0.27238,0.17799,-0.11357,0.13715,-0.033768,1,0.11153,0.089981,0.041855,-0.072573,-0.1398,-0.11093,-0.032846,-0.24322,-0.3477,-0.061958,-0.062799,0.13248,0.024265,0.049817,0.027049,-0.0079359,-0.16481,-0.054438,0.36031,0.075912,0.053124,0.040035,-0.17847,-0.094664,-0.12492,0.074285,0.037643,0.25338,-0.38086,0.021324,-0.025685,0.082098,-0.011071,-0.080308,0.049922,-0.014255,0.15355,0.039219,-0.062475,0.13029,-0.090121,0.092014,0.14105,-0.02573,0.025702,0.030647,-0.16511,0.15066,0.12381,0.016774,0.24645,-0.22816,-0.25189,-0.12007,-0.072505,0.2429,-0.060185,0.035223,-0.0067673,0.08364,-0.18908,0.066246,-0.1201,-0.19246,-0.25471,0.022258,0.12401,-0.10898,0.072398,0.21644,-0.077338,0.061588,-0.10691,-0.094192,0.14942,0.066328,0.058544,-0.10227,-0.033436,-0.1307,-0.12255
19,0.44191,0.39051,0.38081,0.45273,0.4834,0.39242,0.51381,0.46087,0.45481,0.43374,0.26956,0.39933,0.30485,0.30521,0.26128,0.22033,0.44998,0.26036,0.11153,1,-0.21867,0.12411,0.036312,-0.061931,0.083957,-0.055954,-0.0017646,-0.0051619,0.18783,-0.13618,-0.17997,-0.25422,-0.11942,-0.15823,-0.04842,-0.49221,-0.013397,-0.077403,-0.25657,-0.27107,-0.27821,0.18944,-0.23387,-0.28961,-0.33612,-0.0053478,-0.12181,0.086843,-0.24642,-0.13435,0.017064,-0.2711,0.094314,-0.23453,-0.17676,0.15522,0.065368,0.05788,-0.16247,-0.17223,0.21727,-0.0026629,0.067968,-0.2127,0.10528,-0.12228,0.16876,-0.12346,-0.08409,0.12287,-0.090643,0.067288,-0.033951,0.16354,0.18519,0.085339,-0.014797,0.047939,-0.066867,0.16506,0.132,-0.046024,-0.25271,-0.035034,0.18089,-0.086312,0.1674,0.28424,0.062282,0.034148,0.060693,0.14882,0.13001,0.1738,0.040479,0.0013113,0.088798,0.013444,0.068096,0.19215
20,0.032449,0.22071,0.20526,0.018126,0.087561,0.12174,0.026925,0.17258,0.15565,0.12205,0.14795,0.17669,0.22622,0.16723,-0.058854,-0.057779,-0.16829,0.10161,0.089981,-0.21867,1,0.12456,0.14284,-0.13441,-0.22509,0.083379,-0.3014,0.06599,-0.32031,0.21232,0.10386,0.10081,0.10657,-0.098376,-0.1401,0.032766,0.1051,-0.089755,-0.061561,-0.02475,0.085514,-0.26058,-0.26621,0.069187,0.13991,-0.087551,-0.14263,-0.27996,0.081908,0.085607,0.025963,0.014977,-0.11403,0.29839,0.077887,-0.22709,0.091665,-0.22928,-0.037344,0.30057,0.08623,0.26512,-0.092574,0.17976,-0.09913,-0.20384,-0.28747,0.41121,-0.13385,0.024694,0.012719,-0.24903,0.036764,-0.10852,0.0055915,0.25587,-0.15391,0.084835,0.0050063,-0.062869,-0.042832,0.14049,-0.15455,0.00033423,-0.11098,0.044622,0.038536,-0.15725,0.030155,0.21225,0.087693,-0.0079399,-0.11155,0.21997,0.01297,-0.022526,0.46479,0.097199,0.18034,-0.15082
21,-0.048601,0.049315,-0.042419,-0.092202,-0.0056798,0.02139,0.037304,-0.0043179,0.093203,-0.0027412,-0.022833,0.09316,0.11458,-0.080948,0.14241,-0.13427,0.17533,-0.014555,0.041855,0.12411,0.12456,1,0.17167,-0.41814,-0.22033,-0.24813,-0.18044,0.25324,-0.026699,0.28758,0.31913,-0.01611,0.040815,0.040056,0.095701,0.00013686,-0.10173,0.051939,0.03113,0.038973,0.10679,0.11317,0.12047,0.016219,-0.062919,0.10917,-0.16439,-0.096007,0.21689,0.12388,-0.12618,0.025102,0.081018,-0.057611,0.022708,0.19315,0.10997,-0.16795,-0.01124,-0.12267,0.16868,0.16995,0.14655,0.17555,0.045077,0.1257,0.11206,-0.030165,-0.10776,0.069412,-0.015143,-0.19465,0.07517,-0.17994,0.21409,0.0065632,0.053744,0.34478,-0.067363,0.027656,-0.043757,0.22377,-0.0038634,0.099731,0.13086,0.29029,-0.049836,0.1758,0.033982,-0.039492,-0.23062,-0.058034,-0.29052,0.25778,0.020712,-0.070996,0.083942,0.15494,0.0073829,-0.066829
22,-0.058857,-0.017768,-0.00038936,-0.027468,-0.053956,-0.12,-0.20026,-0.1383,-0.010289,0.011852,-0.044019,0.029269,0.10616,0.0030336,-0.036169,-0.028272,0.10197,0.026668,-0.072573,0.036312,0.14284,0.17167,1,-0.018511,-0.15352,-0.12514,0.2088,0.34147,-0.14363,-0.11527,0.13434,-0.29622,0.29458,-0.014066,-0.10909,0.17972,-0.015918,-0.14487,0.08261,0.21849,-0.16835,0.10043,0.17148,0.0072145,0.0064207,0.14052,-0.067268,-0.042822,-0.11614,-0.066701,-0.040605,0.23629,0.23956,0.12662,0.04014,0.17876,0.069133,-0.24075,-0.06046,0.10276,0.092077,0.33856,0.033047,0.21987,-0.11746,0.046749,-0.14692,0.11706,0.02766,0.073038,-0.18703,-0.16815,-0.16367,-0.0058635,-0.23526,0.21615,0.08257,0.10832,0.046157,-0.077781,-0.072922,-0.12648,-0.070862,-0.21309,-0.034686,-0.0071432,0.03024,0.1199,-0.054098,0.04976,0.057513,0.065744,-0.16181,0.061276,0.12524,-0.18208,-0.19347,0.27459,0.29508,0.11195
23,0.0067879,-0.13877,0.033289,0.070661,-0.040142,0.085163,-0.084168,0.037317,-0.069865,-0.03822,0.025476,-0.13754,-0.076762,-0.001601,-0.10411,0.10866,0.14246,-0.16931,-0.1398,-0.061931,-0.13441,-0.41814,-0.018511,1,0.10755,0.11671,0.063923,-0.16413,0.24826,-0.30973,-0.17083,-0.22749,-0.043089,-0.24292,-0.1041,0.06577,0.54519,-0.10733,0.43536,0.073251,0.017128,-0.027104,0.11051,-0.090593,-0.029276,-0.26514,0.30229,-0.24515,-0.17607,-0.19937,-0.10058,0.072708,-0.00085675,0.46265,0.27544,-0.23634,0.062377,0.11955,0.1918,0.089324,-0.042122,0.066652,-0.020906,0.18268,-0.06369,-0.038479,0.081904,-0.098404,0.018638,-0.02074,0.13453,0.16223,0.085952,-0.057762,-0.32437,0.068893,-0.1762,-0.2747,0.030036,0.049931,-0.16871,-0.022986,-0.042608,-0.11368,0.051695,-0.28966,0.057069,0.12019,0.074749,0.020123,0.25033,0.032308,0.18011,-0.35865,-0.042478,-0.11534,-0.19041,-0.13192,0.22611,0.21447
24,-0.12126,-0.13985,-0.16605,0.026808,-0.12387,0.053212,-0.018717,-0.07852,-0.1721,-0.064425,0.093064,-0.0023104,-0.076378,0.057971,-0.26453,-0.064091,-0.019604,-0.053889,-0.11093,0.083957,-0.22509,-0.22033,-0.15352,0.10755,1,0.25147,0.30575,0.19476,-0.093139,-0.15175,0.10792,0.13371,-0.1292,0.060879,0.099407,-0.13928,-0.020413,-0.0028481,0.064579,-0.058677,0.049791,0.36846,0.036264,-0.129,-0.013981,0.13374,0.064096,0.049437,0.035203,-0.026084,0.018774,-0.012093,-0.12581,-0.23715,-0.11837,-0.002492,0.14337,-0.029546,0.25254,-0.059871,-0.11597,0.11247,-0.035613,0.08243,-0.17703,0.12183,0.12057,-0.1802,-0.16896,-0.0042522,0.087483,0.17081,0.038334,0.070414,0.25298,-0.18306,-0.11663,0.09883,-0.2677,0.17677,0.070118,-0.059126,-0.12913,0.0080985,0.15683,-0.19314,0.2722,-0.011643,-0.30507,-0.0072447,0.15505,0.2366,0.13447,-0.22873,0.0088701,0.25913,-0.052764,-0.14703,-0.2044,0.015247
25,0.05363,0.2832,0.061593,0.3015,0.090282,0.21472,0.065298,0.16703,0.050534,0.15833,0.13077,-0.206,-0.036057,0.055405,0.057851,0.22294,0.066085,0.15447,-0.032846,-0.055954,0.083379,-0.24813,-0.12514,0.11671,0.25147,1,-0.10227,0.098893,-0.27848,-0.080291,-0.1352,0.082349,-0.03791,-0.024663,-0.0086402,-0.15329,0.20364,-0.07027,-0.10543,-0.33177,0.024619,-0.073525,-0.048562,-0.12174,0.18943,-0.097504,-0.15459,-0.035918,0.046331,0.16584,0.33889,0.098754,0.016372,-0.053154,-0.17038,-0.11589,0.17272,-0.2332,-0.057181,0.12076,-0.14853,-0.033951,-0.10903,0.082225,-0.35214,0.0067433,0.11623,-0.10554,0.026215,0.0078434,0.20171,-0.16185,-0.097435,-0.028586,-0.21866,0.15987,-0.38785,-0.094652,-0.35121,-0.19439,0.097369,-0.095178,-0.016315,-0.21356,-0.11618,0.00075781,0.071834,0.13755,-0.23599,0.0034251,0.2358,0.092885,-0.18517,-0.12347,-0.038992,0.15939,0.14184,-0.35129,0.013112,-0.15982
26,-0.074898,-0.12328,0.026818,-0.051205,-0.0038626,-0.094936,-0.030949,-0.23389,-0.0558,-0.22901,0.092119,0.012352,-0.26573,-0.026084,-0.16201,-0.029159,-0.022609,0.05784,-0.24322,-0.0017646,-0.3014,-0.18044,0.2088,0.063923,0.30575,-0.10227,1,0.12615,0.031616,0.027678,0.075456,0.057011,0.071964,0.24445,-0.058227,0.16741,-0.16781,-0.10169,0.080581,0.13575,-0.060993,0.40045,0.043845,-0.16666,0.012898,0.19793,0.37262,0.24121,-0.38249,0.1322,-0.023081,0.11649,-0.056355,-0.14404,0.25043,0.03938,-0.13863,-0.046226,0.28451,-0.32055,-0.24425,0.076267,0.1069,-0.037326,0.1665,0.052841,-0.034875,-0.32914,0.13427,0.07397,0.0075295,0.16505,0.055039,-0.00040348,0.15882,0.13186,0.22242,-0.024729,0.010666,0.23518,-0.098225,-0.05541,0.18185,0.12916,-0.026262,-0.38572,0.11023,-0.19064,0.044032,0.037609,0.0011814,-0.0090311,0.20549,-0.11066,0.078014,0.010744,-0.23857,0.26583,-0.10751,0.29012
27,-0.37628,-0.16593,-0.38614,-0.38188,-0.32478,-0.26596,-0.30462,-0.32367,-0.38374,-0.36113,-0.26518,-0.2328,-0.08745,-0.25604,-0.24871,-0.22453,-0.15744,0.087436,-0.3477,-0.0051619,0.06599,0.25324,0.34147,-0.16413,0.19476,0.098893,0.12615,1,-0.14764,0.05621,-0.06461,0.22277,0.20784,0.22398,0.19916,0.11404,0.13486,-0.038925,-0.078757,-0.0018626,-0.024826,0.29629,0.22085,0.10747,0.19034,0.23483,-0.15006,0.13547,0.13247,0.14372,0.11564,0.33911,0.17688,-0.21068,0.14046,0.086663,0.24861,-0.14588,0.067504,-0.038631,0.14074,0.15425,0.18984,0.065691,-0.23096,0.078504,0.0092242,-0.13067,-0.1325,0.078399,0.035593,-0.0085828,0.052433,0.17773,-0.1247,0.29204,-0.081475,0.076146,-0.16118,-0.097803,0.03062,0.004656,0.073869,-0.089709,-0.02508,0.25268,0.25758,0.066636,-0.16811,-0.27312,-0.19279,-0.11314,-0.33999,-0.061558,-0.089729,-0.12177,-0.065643,-0.022006,0.084023,-0.065463
28,-0.21711,-0.2021,-0.11284,-0.14816,-0.18071,-0.13888,-0.16224,-0.1812,-0.1517,-0.067612,-0.31125,-0.055061,-0.0084098,-0.21903,-0.30517,-0.22502,0.13453,-0.18314,-0.061958,0.18783,-0.32031,-0.026699,-0.14363,0.24826,-0.093139,-0.27848,0.031616,-0.14764,1,0.056521,0.080839,0.025075,-0.072669,-0.044025,-0.010131,0.00084749,0.13118,0.14491,0.12171,0.020005,-0.01206,0.17387,0.2529,0.026298,0.041137,-0.21976,0.1832,-0.033236,0.15282,0.16222,-0.016137,-0.053425,0.074539,0.13636,0.23893,-0.014611,-0.17675,0.25442,0.17314,0.090213,0.16658,-0.0013753,0.31894,-0.12615,0.20429,-0.028057,0.051756,0.039111,0.075234,-0.019763,0.054186,0.35335,-0.036375,0.077112,0.068467,0.19255,-0.093618,-0.13979,0.18507,0.15287,-0.0038797,0.057801,-0.037194,0.16111,0.19908,-0.17086,0.15329,0.0069168,-0.037786,0.12342,-0.21692,-0.10091,0.1157,-0.24692,-0.24545,0.0064867,-0.28182,0.060572,-0.099317,0.15338
29,0.018849,0.051751,-0.07039,-0.13704,0.022508,-0.062578,0.08766,-0.19201,-0.021142,-0.17924,0.017267,0.04324,-0.053156,-0.083813,-0.030504,0.081459,-0.09203,-0.02258,-0.062799,-0.13618,0.21232,0.28758,-0.11527,-0.30973,-0.15175,-0.080291,0.027678,0.05621,0.056521,1,0.25666,0.23561,0.15532,0.05287,0.082164,0.05448,-0.11559,-0.015519,-0.11246,-0.070002,-0.02658,0.053132,0.13857,0.0097875,0.2064,-0.036616,0.046612,0.24471,0.21995,0.32054,-0.012874,-0.11441,-0.021614,0.10419,0.054196,-0.22714,-0.058866,-0.37978,0.048812,0.11001,0.058943,-0.1671,-0.14235,-0.09299,0.16435,0.065034,0.15799,0.26454,0.015786,-0.060056,-0.12155,-0.12748,-0.031339,0.0081342,-0.11808,0.036373,0.18051,-0.069141,-0.28086,0.29604,0.085083,0.28342,-0.064122,-0.083287,-0.33988,-0.089387,-0.045644,-0.08439,-0.060951,0.23161,-0.11111,0.11631,-0.28441,0.13614,-0.042089,-0.13477,0.066808,0.19238,-0.24491,-0.24127
30,-0.252,-0.32443,-0.18392,-0.22892,-0.25881,-0.11959,-0.22468,-0.21765,-0.084444,-0.12274,-0.072163,-0.060271,-0.25065,-0.21772,-0.20046,-0.37819,0.08571,-0.24321,0.13248,-0.17997,0.10386,0.31913,0.13434,-0.17083,0.10792,-0.1352,0.075456,-0.06461,0.080839,0.25666,1,0.12004,-0.10899,-0.085237,0.20166,0.055573,0.05024,-0.0075917,0.34227,0.36132,0.22382,0.054097,-0.0036722,-0.10442,0.20478,0.44844,0.23995,-0.19974,0.2918,0.27432,-0.054449,-0.05908,0.040609,0.13021,0.29367,0.13557,0.1639,-0.34702,0.2316,0.13576,-0.029955,0.31769,-0.023336,0.18522,0.28794,0.095501,0.018713,0.097186,-0.21845,-0.038241,0.033653,-0.15415,-0.22596,-0.17928,0.35345,-0.16994,0.17716,0.049956,-0.033827,0.10415,-0.13596,-0.058121,-0.036911,-0.13025,-0.054117,-0.11742,-0.0061126,-0.10646,0.036552,0.33788,0.036568,-0.12696,-0.26165,-0.11507,-0.10362,0.17754,-0.22815,0.1525,0.047134,0.061063
31,-0.31587,-0.15274,-0.19339,-0.26654,-0.27541,-0.30017,-0.23785,-0.28117,-0.21826,-0.19469,-0.17834,-0.066316,-0.049483,-0.18607,-0.14456,-0.23721,0.047075,0.11556,0.024265,-0.25422,0.10081,-0.01611,-0.29622,-0.22749,0.13371,0.082349,0.057011,0.22277,0.025075,0.23561,0.12004,1,-0.058189,0.23322,0.3876,0.26173,0.016397,0.40843,0.15061,-0.080845,0.25249,0.18916,0.0134,0.15642,0.12137,0.28485,0.13273,0.12789,0.13083,0.29704,0.47723,0.0075228,-0.15551,0.026098,0.14485,-0.069477,0.17154,0.1801,0.0068662,-0.12387,0.011584,0.16329,0.11294,-0.085152,0.085433,-0.035748,-0.037629,-0.01878,-0.18502,-0.050242,0.20308,-0.13641,-0.038094,-0.076579,0.23954,0.097468,0.21048,0.057428,-0.030691,0.064611,-0.039361,-0.049871,0.017444,0.020664,-0.10282,0.15556,0.06507,-0.34022,-0.10069,-0.20509,-0.082539,-0.27252,-0.052448,-0.21514,-0.38443,0.027098,-0.10292,-0.084291,-0.47431,-0.10858
32,-0.35411,-0.23052,-0.24709,-0.29657,-0.29257,-0.29458,-0.22232,-0.21922,-0.054125,-0.36537,-0.32074,-0.16238,-0.25285,-0.14789,-0.30904,0.052313,-0.19377,-0.042214,0.049817,-0.11942,0.10657,0.040815,0.29458,-0.043089,-0.1292,-0.03791,0.071964,0.20784,-0.072669,0.15532,-0.10899,-0.058189,1,0.095852,0.016586,0.059699,0.14024,0.19431,0.025338,0.23728,-0.0081226,0.16663,0.12954,0.088798,-0.0026299,0.030559,0.25912,0.26207,0.13795,-0.10821,0.087892,0.14657,-0.07255,0.12445,-0.036657,0.10169,0.1759,-0.011914,-0.0024048,-0.013938,0.028275,0.069772,-0.18286,0.17505,0.02304,0.11104,-0.067802,0.027303,0.14192,0.20599,-0.12945,0.14137,-0.16682,0.19299,-0.21826,0.26124,-0.17027,-0.20225,0.066858,0.14275,-0.011888,-0.12681,0.038399,-0.11491,-0.076932,0.12982,0.15055,-0.061531,-0.14169,-0.32032,-0.27512,-0.20272,-0.27453,0.10321,-0.054004,-0.02207,0.020604,0.32028,-0.078337,-0.24313
33,-0.41872,-0.31296,-0.392,-0.37533,-0.36886,-0.35108,-0.37815,-0.43818,-0.39348,-0.36644,-0.24402,-0.20496,-0.15559,-0.3496,-0.12622,-0.24006,-0.34053,-0.17888,0.027049,-0.15823,-0.098376,0.040056,-0.014066,-0.24292,0.060879,-0.024663,0.24445,0.22398,-0.044025,0.05287,-0.085237,0.23322,0.095852,1,0.23197,0.16695,-0.048604,0.099923,-0.20913,0.0059581,-0.019091,0.26888,0.35199,0.10016,0.29233,0.22028,0.31672,0.075533,0.010454,0.034067,0.12777,0.21311,0.26467,-0.11887,0.097727,0.10253,-0.16648,0.14178,0.081672,-0.24357,-0.038526,-0.090386,0.32158,-0.080546,-0.071379,-0.28908,0.10846,0.021465,-0.19968,0.11912,0.16595,-0.14565,0.23111,-0.11005,0.11305,0.094093,-0.096646,-0.1045,0.11663,-0.14171,-0.003689,0.22759,0.16369,0.075445,-0.021536,0.096992,0.10764,-0.2349,-0.056492,-0.012968,0.074899,-0.021608,0.12699,0.088361,-0.35327,0.093387,-0.28808,-0.076354,0.036821,-0.2452
34,-0.36714,-0.29744,-0.30403,-0.2118,-0.37438,-0.3961,-0.15021,-0.28775,-0.20215,-0.25849,-0.17316,-0.18049,-0.096511,-0.19382,-0.022445,-0.22997,0.009975,-0.12422,-0.0079359,-0.04842,-0.1401,0.095701,-0.10909,-0.1041,0.099407,-0.0086402,-0.058227,0.19916,-0.010131,0.082164,0.20166,0.3876,0.016586,0.23197,1,0.033457,0.35519,0.15233,0.07744,0.17921,0.21637,0.1768,0.2556,0.17173,0.15907,0.44655,0.22464,0.016535,0.0925,0.077551,0.4897,0.012827,0.020324,0.17703,0.15481,0.24645,0.32391,0.16584,-0.090813,-0.0095489,0.30183,0.082836,-0.058988,0.044328,0.11297,0.035761,0.057257,-0.032644,-0.37902,0.12605,0.0981,0.050287,-0.050023,-0.086056,0.10019,-0.21719,0.045872,-0.068578,0.1506,0.13577,-0.07482,-0.11361,0.18355,-0.088555,0.13671,0.46345,0.052367,-0.17552,0.054292,-0.12471,0.0626,-0.21479,-0.046069,-0.053938,-0.29463,-0.22238,-0.24509,-0.087816,-0.17696,-0.041045
35,-0.38246,-0.40839,-0.286,-0.35615,-0.349,-0.44536,-0.48922,-0.44824,-0.37591,-0.48658,-0.29642,-0.24477,-0.218,-0.37829,-0.15452,-0.43806,0.089852,-0.12259,-0.16481,-0.49221,0.032766,0.00013686,0.17972,0.06577,-0.13928,-0.15329,0.16741,0.11404,0.00084749,0.05448,0.055573,0.26173,0.059699,0.16695,0.033457,1,0.052164,0.12752,0.25696,0.30126,0.094535,0.19672,0.20782,0.1759,0.31502,0.10446,0.14435,-0.0069955,0.19419,0.2973,-0.20612,0.26256,-0.078653,0.27238,0.39055,0.14723,-0.043727,0.13912,0.14818,-0.043839,-0.079911,-0.008592,-0.045281,0.15376,-0.04398,0.098463,-0.15402,-0.12989,0.1309,-0.10387,0.0042236,-0.19043,-0.10152,-0.19174,-0.15512,0.0023081,0.1436,-0.18067,-0.15629,-0.18336,-0.23578,0.048535,0.30935,0.073552,0.14369,0.16799,-0.12142,-0.23071,-0.050064,-0.16261,-0.22771,-0.32666,0.017037,-0.13111,-0.17039,-0.2268,-0.17893,0.16627,0.13464,-0.084002
36,-0.30653,-0.25229,-0.21409,-0.14224,-0.31724,-0.12575,-0.23451,-0.16324,-0.23254,-0.24066,-0.037488,-0.20962,-0.0045626,-0.13711,-0.31471,-0.076185,0.06086,-0.22291,-0.054438,-0.013397,0.1051,-0.10173,-0.015918,0.54519,-0.020413,0.20364,-0.16781,0.13486,0.13118,-0.11559,0.05024,0.016397,0.14024,-0.048604,0.35519,0.052164,1,-0.16276,0.2225,0.1508,0.13453,0.014515,0.048018,0.1015,0.15409,0.14827,0.25907,-0.10711,0.045458,0.070752,0.13819,0.25225,-0.11494,0.46198,0.3599,0.054768,0.48222,-0.026834,-0.050886,0.066038,0.11017,0.19562,-0.17213,0.34713,-0.1192,-0.14116,0.050088,-0.027641,-0.31388,-0.012714,0.27128,0.068885,-0.057645,-0.0098341,-0.19664,0.088305,-0.065497,-0.13957,-0.011789,-0.092081,-0.016767,0.049294,-0.055395,-0.16123,0.13343,0.14521,0.26153,-0.037376,0.011477,0.012003,0.1427,-0.099269,-0.02851,-0.12227,-0.30805,0.0036547,-0.049224,-0.059309,0.2461,0.11112
37,-0.25922,-0.2467,-0.10672,-0.20626,-0.23561,-0.18366,-0.21077,-0.19813,-0.067553,-0.18732,-0.32134,-0.25222,-0.033945,-0.20311,-0.039963,-0.28191,0.10522,-0.0095379,0.36031,-0.077403,-0.089755,0.051939,-0.14487,-0.10733,-0.0028481,-0.07027,-0.10169,-0.038925,0.14491,-0.015519,-0.0075917,0.40843,0.19431,0.099923,0.15233,0.12752,-0.16276,1,0.12284,-0.050394,0.36705,0.11863,0.24154,0.18316,0.089923,0.19889,0.37583,-0.036621,0.29456,-0.010855,0.32032,0.16734,0.035566,-0.025376,0.10239,0.057684,-0.041953,0.14724,0.097671,-0.028319,0.11334,0.048964,0.11502,-0.19688,0.14458,0.096241,-0.098209,-0.019945,-0.14677,0.053643,-0.13622,-0.17663,-0.055332,0.15553,0.014264,0.001767,-0.16975,-0.14945,0.16902,0.077633,-0.061299,-0.017975,-0.038812,-0.068637,0.031383,0.23447,-0.19643,-0.017401,-0.064623,-0.34405,-0.35871,-0.43338,-0.0080734,-0.11946,0.059292,0.038927,-0.27338,0.10676,-0.23807,-0.071877
38,-0.16316,-0.20869,-0.063096,-0.14921,-0.17668,-0.029512,-0.28529,-0.032555,-0.032799,-0.13635,-0.077596,-0.19446,-0.1206,-0.087592,-0.18557,-0.35982,0.34181,-0.0049595,0.075912,-0.25657,-0.061561,0.03113,0.08261,0.43536,0.064579,-0.10543,0.080581,-0.078757,0.12171,-0.11246,0.34227,0.15061,0.025338,-0.20913,0.07744,0.25696,0.2225,0.12284,1,0.33813,0.35663,0.12623,0.092153,0.069544,0.14395,0.16402,0.31412,-0.39156,0.17318,0.054969,0.00010946,0.14782,-0.11041,0.36019,0.31247,0.007399,0.20458,0.053599,0.34021,-0.15416,0.11331,0.24001,0.13813,0.3918,0.24311,0.16927,-0.039949,-0.12893,-0.13266,0.11171,0.028207,-0.14999,0.069295,-0.32373,0.10321,-0.058528,0.13177,-0.15075,-0.035673,0.056805,-0.26414,-0.073247,0.15872,-0.11049,-0.076903,-0.028351,-0.022872,0.12307,0.048228,-0.067448,0.17206,-0.16242,-0.15279,-0.1557,-0.10493,-0.063843,-0.32856,0.090568,-0.081668,0.17132
39,-0.35198,-0.43986,-0.29833,-0.39917,-0.33394,-0.29884,-0.47229,-0.37977,-0.18876,-0.34421,-0.21608,-0.20314,-0.35346,-0.28534,-0.25799,-0.28649,-0.0039445,-0.29531,0.053124,-0.27107,-0.02475,0.038973,0.21849,0.073251,-0.058677,-0.33177,0.13575,-0.0018626,0.020005,-0.070002,0.36132,-0.080845,0.23728,0.0059581,0.17921,0.30126,0.1508,-0.050394,0.33813,1,0.24624,-0.0068,0.055536,-0.11894,0.10298,0.32491,0.26861,-0.21311,0.027444,-0.017565,-0.16208,0.1737,-0.052175,0.25082,0.26828,0.17532,0.11472,0.00079158,0.22334,0.008783,-0.019968,0.078522,-0.027248,0.18462,0.15135,0.079557,-0.28914,0.002673,0.13255,0.025871,-0.077503,0.20395,0.0066932,-0.14314,0.13326,-0.11991,0.10699,-0.13133,-0.043857,-0.01427,-0.22926,-0.20285,0.033937,-0.065369,0.15443,0.20166,0.067563,0.030121,0.0093656,-0.04453,0.0065117,-0.23109,-0.10275,0.0084837,0.036943,-0.020155,-0.35312,0.081954,0.088111,0.16908
40,-0.33866,-0.30035,-0.22392,-0.32581,-0.37777,-0.16295,-0.30086,-0.19175,-0.20455,-0.27905,-0.16992,-0.42456,-0.016696,-0.33396,-0.26872,-0.38502,-0.057692,-0.19811,0.040035,-0.27821,0.085514,0.10679,-0.16835,0.017128,0.049791,0.024619,-0.060993,-0.024826,-0.01206,-0.02658,0.22382,0.25249,-0.0081226,-0.019091,0.21637,0.094535,0.13453,0.36705,0.35663,0.24624,1,0.056605,0.086321,0.059261,0.14624,0.20601,0.19336,-0.1029,0.26396,-0.081627,0.17575,0.21105,-0.0055489,0.058834,0.20369,0.0040043,0.21905,0.033744,-0.010819,0.016666,0.13515,0.17847,0.22737,0.094564,0.080752,0.1684,0.026519,-0.041954,-0.30208,-0.04294,0.18752,-0.23905,0.15419,-0.15199,0.052847,-0.17991,0.053396,-0.097079,-0.041912,0.016424,-0.10278,0.14657,-0.028076,-0.044839,-0.057159,0.22264,-0.022473,-0.09975,0.0051132,-0.16533,0.016005,-0.31773,0.0063851,-0.072629,0.09273,0.12733,-0.068837,-0.12802,-0.23255,0.23711
41,-0.22398,-0.2143,-0.22716,-0.18977,-0.1884,-0.16658,-0.11829,-0.19002,-0.14804,-0.25049,-0.24218,0.0071372,-0.02371,-0.12129,-0.15923,-0.26861,0.12822,0.13406,-0.17847,0.18944,-0.26058,0.11317,0.10043,-0.027104,0.36846,-0.073525,0.40045,0.29629,0.17387,0.053132,0.054097,0.18916,0.16663,0.26888,0.1768,0.19672,0.014515,0.11863,0.12623,-0.0068,0.056605,1,0.24882,-0.12454,0.07255,0.25697,0.18704,0.1678,0.11582,0.20213,0.11673,-0.040467,0.075569,-0.1584,0.10323,0.25838,-0.078397,0.025755,0.10837,-0.21427,0.19194,0.0044566,0.16973,0.014665,0.02563,0.21281,0.17088,-0.064873,-0.092104,0.075691,0.19603,0.0035083,-0.028819,-0.27598,0.18121,-0.010637,-0.15364,-0.067108,-0.097192,0.29082,-0.069784,0.21004,0.10944,-0.024323,0.11763,-0.12872,0.46289,-0.31406,-0.41759,-0.24031,-0.17835,-0.092813,0.023688,-0.085549,-0.15901,0.051734,-0.18211,0.24954,-0.1527,0.008008
42,-0.36222,-0.33804,-0.40386,-0.37103,-0.40276,-0.3392,-0.34214,-0.43049,-0.38023,-0.28768,-0.36543,-0.33811,-0.11242,-0.42233,-0.063114,-0.30813,-0.19992,-0.34003,-0.094664,-0.23387,-0.26621,0.12047,0.17148,0.11051,0.036264,-0.048562,0.043845,0.22085,0.2529,0.13857,-0.0036722,0.0134,0.12954,0.35199,0.2556,0.20782,0.048018,0.24154,0.092153,0.055536,0.086321,0.24882,1,-0.022346,0.3413,-0.12397,0.08367,-0.053321,0.18296,0.10386,0.047854,0.17393,0.26574,0.086536,0.11395,0.12463,-0.16859,0.1495,-0.051581,0.030046,0.18774,-0.20435,0.20751,-0.17258,-0.1661,0.1843,0.10823,-0.083433,-0.1136,0.1385,0.0090965,-0.13975,0.016739,-0.1376,-0.19018,-0.21174,-0.19742,-0.1646,0.016585,0.054839,-0.1936,0.14154,0.1444,0.15962,0.076207,0.14262,0.047613,0.11927,-0.11631,-0.071597,-0.036544,-0.080468,-0.051405,-0.21907,-0.055507,-0.33988,-0.33074,-0.013355,0.03684,-0.064334
43,-0.13481,-0.14539,-0.23535,-0.11898,-0.30402,-0.30117,-0.27814,-0.2419,-0.19021,-0.22596,-0.12166,-0.28248,0.002677,-0.1656,-0.23721,-0.019949,-0.15589,0.035785,-0.12492,-0.28961,0.069187,0.016219,0.0072145,-0.090593,-0.129,-0.12174,-0.16666,0.10747,0.026298,0.0097875,-0.10442,0.15642,0.088798,0.10016,0.17173,0.1759,0.1015,0.18316,0.069544,-0.11894,0.059261,-0.12454,-0.022346,1,0.079183,0.14066,0.13739,0.074804,0.21867,-0.010544,0.1656,0.29319,-0.10576,0.06869,0.074195,0.028829,0.04017,0.1579,-0.10196,0.13871,-0.33348,0.013728,0.019095,0.03658,0.14299,-0.0017951,-0.15549,0.15668,-0.21933,-0.12549,-0.10047,0.057661,0.23911,0.19123,-0.25933,0.30704,0.10397,-0.029364,0.39273,-0.091341,0.11698,0.021043,0.017052,0.050402,-0.11174,0.29845,-0.096991,-0.10825,-0.06208,-0.071267,-0.21939,0.0025116,-0.21361,0.019844,-0.05257,0.071854,0.043899,0.16239,-0.042132,-0.24919
44,-0.37106,-0.28995,-0.2708,-0.29218,-0.32779,-0.27618,-0.49678,-0.28001,-0.33933,-0.38299,-0.22084,-0.26132,-0.25506,-0.35951,-0.13364,-0.53639,-0.15955,-0.096738,0.074285,-0.33612,0.13991,-0.062919,0.0064207,-0.029276,-0.013981,0.18943,0.012898,0.19034,0.041137,0.2064,0.20478,0.12137,-0.0026299,0.29233,0.15907,0.31502,0.15409,0.089923,0.14395,0.10298,0.14624,0.07255,0.3413,0.079183,1,0.018551,0.33654,-0.24116,0.32644,0.16271,0.0975,0.20516,0.21128,0.14961,0.33589,-0.048783,0.067542,-0.08045,0.20693,-0.0041731,0.11599,-0.15146,0.12443,0.12058,-0.0066271,0.15241,0.21383,0.1691,-0.093708,0.12081,0.0647,-0.30856,-0.18056,0.21392,-0.15536,0.10907,-0.20244,-0.37439,-0.038369,-0.062314,-0.31723,0.056129,0.15733,-0.19583,0.031488,0.13708,-0.16943,-0.15974,-0.12092,0.19305,0.09402,-0.16539,-0.22729,-0.16492,-0.027446,-0.10175,-0.084765,0.064685,0.058692,-0.19753
