1.3464e-10 1.0424e-10 1.1125e-10 1.0642e-10 8.4317e-11 9.0905e-11 1.1294e-10 7.965e-11 9.3443e-11 6.7355e-11 9.8058e-11 8.4871e-11 8.6433e-11 8.4516e-11 7.0239e-11 8.5991e-11 7.0158e-11 8.5892e-11 6.8602e-11 7.9339e-11 5.7555e-11 6.0449e-11 6.4024e-11 5.512e-11 7.711e-11 4.4718e-11 5.9409e-11 5.2849e-11 5.1799e-11 4.594e-11 3.9359e-11 2.1767e-11 2.9869e-11 3.7368e-11 3.173e-11 2.7431e-11 3.2591e-11 1.412e-11 2.0734e-11 2.856e-11 1.1206e-11 2.1567e-11 2.3441e-11 2.633e-12 9.8993e-12 1.5861e-11 7.3307e-13 2.583e-11 6.5589e-12 1.1364e-12 -3.2098e-12 3.9931e-12 -8.255e-12 -6.1201e-12 2.4309e-12 7.8914e-12 3.5996e-12 -8.3817e-12 7.8997e-12 -2.263e-12 -5.9499e-12 1.3054e-11 -1.1429e-11 -7.9651e-12 -4.1904e-12 -5.9338e-12 -5.1865e-12 1.3081e-12 -2.4508e-12 -9.7246e-12 -4.8582e-12 -1.6047e-12 2.1318e-12 -4.7969e-12 -3.6995e-12 -2.8391e-12 -9.2249e-12 6.8272e-13 -2.8162e-12 -1.8695e-12 2.9387e-13 -5.0351e-12 -1.7714e-12 -4.8512e-12 -1.6616e-12 -3.6421e-12 -2.7218e-12 3.6611e-12 -3.707e-12 -5.031e-12 6.9154e-13 5.5728e-13 4.1896e-12 -1.9357e-12 -1.5285e-12 -2.7781e-12 6.7378e-12 -1.3762e-12 -3.353e-12 -1.4724e-12 1.9478e-12 -4.2799e-12 -3.5399e-12 -4.5573e-13 -5.9555e-13 1.6469e-12 -6.9764e-13 -9.0183e-15 4.4409e-13 6.6492e-13 6.6831e-13 -4.8475e-13 8.8742e-13 4.2048e-13 -1.7646e-13 2.0135e-13 2.2739e-14 -1.4614e-14 -5.2596e-14
1.0424e-10 1.058e-10 9.653e-11 8.9122e-11 7.4283e-11 8.2119e-11 1.0475e-10 6.664e-11 8.7454e-11 5.8247e-11 8.4653e-11 7.332e-11 7.8755e-11 7.6572e-11 6.1757e-11 7.2352e-11 6.1174e-11 7.265e-11 6.1782e-11 6.6905e-11 4.8532e-11 5.1694e-11 5.729e-11 5.1141e-11 6.3852e-11 4.1219e-11 4.5443e-11 4.3723e-11 4.1855e-11 3.6762e-11 3.73e-11 1.7882e-11 2.5178e-11 3.2504e-11 2.5368e-11 2.0533e-11 3.4367e-11 1.4768e-11 1.9825e-11 2.5634e-11 1.3925e-11 1.8838e-11 2.2205e-11 2.8357e-12 1.1889e-11 1.1847e-11 -9.342e-13 2.6716e-11 5.337e-12 1.9807e-12 -1.6262e-12 6.8868e-12 -7.708e-12 1.1911e-12 6.2592e-12 2.3973e-12 -3.1035e-12 -7.3635e-12 4.7993e-12 -2.7322e-13 -1.882e-12 1.038e-11 -9.9683e-12 -1.1108e-11 -3.1215e-12 -8.4896e-12 -2.8509e-13 2.7757e-12 -1.711e-12 -7.9778e-12 -3.2943e-12 -2.5408e-12 1.2897e-13 -1.4072e-12 -6.4505e-12 -4.5238e-12 -6.9758e-12 -3.1225e-12 -3.7177e-12 1.0528e-12 -5.6611e-14 -4.9317e-12 -9.6015e-13 -4.2151e-12 -2.064e-12 -1.8766e-12 1.0506e-12 3.4618e-12 -6.65e-12 -3.6079e-12 -7.8909e-13 -1.5433e-12 2.8602e-12 -5.0121e-13 -3.547e-12 -4.3462e-13 4.3897e-12 -3.9908e-13 -1.1427e-12 -5.7821e-13 1.33e-12 -7.4399e-13 -3.0277e-12 -1.6064e-12 -1.5717e-12 1.1142e-12 -7.2829e-13 1.6802e-13 -1.286e-13 4.6644e-13 7.2269e-13 -5.701e-14 9.9937e-13 1.2297e-13 -3.1057e-13 3.4276e-13 1.0011e-13 3.5232e-15 -1.6919e-13
1.1125e-10 9.653e-11 1.1972e-10 9.8725e-11 8.0389e-11 8.9267e-11 1.1401e-10 7.4772e-11 9.0066e-11 6.7146e-11 9.057e-11 7.4576e-11 8.7842e-11 7.8942e-11 6.9489e-11 8.0269e-11 6.6959e-11 7.8213e-11 6.2412e-11 7.2317e-11 5.1586e-11 6.095e-11 6.7745e-11 5.5104e-11 6.7967e-11 4.6006e-11 5.0901e-11 5.1491e-11 4.4893e-11 4.4143e-11 3.8858e-11 1.7925e-11 3.1915e-11 3.8345e-11 2.1079e-11 2.2703e-11 3.1748e-11 2.0063e-11 1.9352e-11 3.2235e-11 1.0586e-11 1.8738e-11 2.0304e-11 5.0402e-12 9.6824e-12 1.1498e-11 6.1356e-12 2.215e-11 7.7791e-12 -1.3065e-12 7.4102e-13 2.2149e-12 -9.7308e-12 -5.6601e-12 5.2619e-12 2.0226e-12 5.7914e-12 -9.1728e-12 4.3868e-12 -4.026e-12 -7.4555e-12 5.0361e-12 -1.4901e-11 -1.1643e-11 -6.6911e-12 -5.9389e-12 -3.8398e-12 1.0359e-12 -1.9362e-12 -7.9575e-12 -6.3799e-12 -3.1955e-12 5.7601e-13 -4.6672e-12 -2.0441e-12 -3.8278e-12 -8.9816e-12 -2.6257e-12 -7.918e-13 -1.6187e-12 1.3545e-12 -7.7797e-12 -1.1057e-12 -3.2727e-12 -1.8265e-12 -2.0373e-12 -6.1291e-13 3.5523e-12 -4.0822e-12 -3.2284e-12 -3.9434e-13 5.4279e-13 1.6958e-12 -3.8908e-12 -3.4657e-12 -1.7276e-12 5.1368e-12 -6.0468e-13 -3.8006e-13 -1.2686e-12 2.3964e-12 -3.2922e-12 -2.8303e-12 1.2049e-13 -9.6238e-13 1.6862e-12 -1.2503e-12 1.1845e-12 4.7412e-14 1.3422e-12 3.5354e-13 -1.4014e-13 1.2566e-12 2.327e-13 -2.9517e-13 2.8886e-13 4.7093e-14 -7.9843e-14 -1.5527e-13
1.0642e-10 8.9122e-11 9.8725e-11 1.0704e-10 7.491e-11 8.0876e-11 1.0554e-10 6.9193e-11 8.8826e-11 6.1441e-11 8.6397e-11 7.0772e-11 8.5482e-11 7.4327e-11 6.4163e-11 7.4078e-11 6.1812e-11 7.3892e-11 5.9885e-11 6.8516e-11 5.0471e-11 5.1098e-11 5.8191e-11 5.2154e-11 6.3592e-11 4.3257e-11 5.2169e-11 4.235e-11 4.7125e-11 4.0863e-11 3.1623e-11 1.4891e-11 3.2239e-11 3.0822e-11 2.5984e-11 2.3515e-11 3.4747e-11 1.6229e-11 1.6885e-11 2.8521e-11 9.3143e-12 1.9012e-11 1.8909e-11 5.9674e-12 1.5862e-11 1.7458e-11 -5.043e-13 2.8544e-11 6.9175e-12 -1.7819e-12 -2.0244e-12 1.4515e-12 -4.2817e-12 -3.9958e-12 5.7893e-12 4.7056e-12 5.4255e-12 -3.0616e-12 7.3276e-12 -5.8791e-12 -7.3441e-12 7.3093e-12 -8.5083e-12 -6.5613e-12 -8.494e-12 -5.2868e-12 -4.4191e-12 3.4542e-12 -2.5945e-12 -5.5969e-12 -5.3415e-12 -5.6311e-12 -5.9846e-13 -4.1058e-12 -2.8146e-12 -3.0525e-12 -6.5213e-12 -1.3727e-12 -2.2031e-12 -1.7715e-12 7.9975e-13 -3.9434e-12 5.1674e-13 -2.1759e-12 -3.1811e-12 -1.697e-12 -2.0803e-12 2.9709e-12 -5.0923e-12 -5.3247e-12 -4.5343e-13 -2.8827e-13 2.7516e-12 -1.5304e-12 -1.1954e-12 -3.8457e-12 5.5702e-12 -1.7639e-12 -1.8034e-13 -2.0733e-12 9.1589e-13 -3.1821e-12 -1.9819e-12 1.3752e-12 -1.11e-12 9.8846e-13 -1.3178e-12 7.4653e-13 2.8349e-13 6.7162e-13 3.7907e-13 -4.8508e-13 9.7941e-13 3.6036e-13 -2.4628e-13 2.3611e-13 1.1565e-13 7.1925e-14 -1.2438e-13
8.4317e-11 7.4283e-11 8.0389e-11 7.491e-11 7.02e-11 6.3204e-11 8.2812e-11 5.486e-11 7.2355e-11 4.8142e-11 6.9285e-11 5.8877e-11 6.4026e-11 5.8657e-11 5.0194e-11 6.2142e-11 5.0038e-11 6.1106e-11 5.0541e-11 5.4815e-11 4.0708e-11 4.2058e-11 4.822e-11 4.198e-11 5.1962e-11 2.9969e-11 3.3894e-11 3.6861e-11 3.4977e-11 3.2531e-11 2.9717e-11 1.481e-11 2.335e-11 2.8731e-11 1.9831e-11 2.174e-11 2.5435e-11 1.0924e-11 1.6207e-11 2.3192e-11 8.9932e-12 1.5377e-11 1.3472e-11 2.4828e-12 1.1747e-11 1.1031e-11 1.7762e-12 1.7901e-11 4.5627e-12 -1.5269e-12 9.454e-13 3.725e-12 -5.2581e-12 -3.1737e-12 5.6933e-12 3.0719e-12 7.7554e-13 -4.4914e-12 3.5397e-12 -1.8046e-12 -3.1987e-12 5.1419e-12 -9.2271e-12 -6.4244e-12 -5.218e-12 -2.9783e-12 -4.8098e-12 2.7538e-12 -4.6294e-12 -3.7972e-12 -4.4163e-12 -1.0564e-12 2.382e-13 -3.4655e-12 -1.9757e-12 -8.3936e-13 -6.4525e-12 -2.4723e-12 -1.5662e-12 -1.3816e-12 7.5435e-13 -4.0691e-12 2.7624e-13 -2.1033e-12 9.1501e-14 -4.7638e-13 -3.2439e-13 3.3911e-12 -3.961e-12 -4.0487e-12 -6.3128e-15 1.5137e-12 1.3188e-12 -1.7817e-12 -1.6596e-12 6.497e-14 3.4993e-12 -5.5438e-13 -8.4401e-14 -2.7475e-13 4.0982e-13 -2.4263e-12 -2.7854e-12 -1.1896e-14 -2.116e-12 3.5889e-13 -4.9621e-13 -3.532e-13 3.0983e-13 4.6934e-13 1.9689e-13 2.6745e-13 8.2432e-13 5.1254e-14 -2.0143e-13 7.6822e-14 4.5348e-14 -1.0029e-14 -2.1198e-13
9.0905e-11 8.2119e-11 8.9267e-11 8.0876e-11 6.3204e-11 8.3461e-11 9.5566e-11 6.2125e-11 7.8139e-11 5.1088e-11 7.4445e-11 6.6406e-11 7.1632e-11 6.7029e-11 5.2133e-11 6.7328e-11 5.336e-11 6.4025e-11 5.1221e-11 6.2155e-11 4.1832e-11 4.501e-11 5.6153e-11 4.9826e-11 6.0199e-11 3.6865e-11 4.3602e-11 4.0533e-11 3.9726e-11 3.6329e-11 3.2605e-11 1.6322e-11 2.5387e-11 2.9683e-11 1.9491e-11 1.7848e-11 2.7264e-11 1.7031e-11 1.7052e-11 2.4134e-11 9.2301e-12 1.5632e-11 1.9588e-11 2.9147e-12 9.0737e-12 1.1573e-11 1.9617e-12 1.6631e-11 4.6434e-12 1.3928e-12 -4.6359e-12 9.2848e-13 -7.0333e-12 -7.9057e-12 4.2763e-12 3.7094e-12 2.2484e-12 -6.5561e-12 5.3363e-12 -3.0981e-12 -4.56e-12 7.1104e-12 -7.5201e-12 -6.8103e-12 -4.8204e-12 -5.4556e-12 -1.459e-12 -7.3151e-14 -2.3342e-12 -6.8921e-12 -4.5107e-12 -4.1554e-12 3.0666e-12 -3.3346e-12 -2.8524e-12 -3.524e-12 -6.6513e-12 -3.6962e-13 5.3014e-13 -1.6887e-12 1.5105e-14 -6.2611e-12 -1.695e-12 -2.5419e-12 -1.9707e-12 -3.2035e-12 -1.1539e-12 3.0083e-12 -4.9523e-12 -3.3817e-12 -2.8952e-12 -2.8703e-13 2.1484e-12 -1.7807e-12 -3.3833e-12 -1.7073e-12 3.3926e-12 -2.0176e-12 -5.9173e-13 -1.5902e-12 2.5023e-12 -2.8388e-12 -2.1296e-12 8.0789e-13 9.1709e-14 4.8123e-13 -7.5638e-13 1.5809e-12 1.4992e-13 9.0571e-13 7.7144e-13 -2.0023e-14 8.9722e-13 3.8848e-13 -3.3877e-13 2.9475e-13 1.0978e-13 -2.3946e-15 -1.3722e-13
1.1294e-10 1.0475e-10 1.1401e-10 1.0554e-10 8.2812e-11 9.5566e-11 1.401e-10 7.9649e-11 1.0229e-10 6.8056e-11 9.6964e-11 7.8369e-11 9.5186e-11 8.3674e-11 7.6257e-11 7.8989e-11 6.9079e-11 7.9605e-11 6.8805e-11 7.7037e-11 5.3476e-11 6.5427e-11 7.3315e-11 6.3291e-11 7.5982e-11 4.6927e-11 6.039e-11 5.3982e-11 4.6923e-11 4.5994e-11 4.1551e-11 1.9537e-11 3.423e-11 4.4358e-11 2.7518e-11 2.472e-11 4.1815e-11 2.145e-11 2.5366e-11 3.2208e-11 1.4543e-11 2.0541e-11 2.2233e-11 5.1744e-12 1.7545e-11 1.4815e-11 6.5097e-12 2.5217e-11 1.0939e-11 4.3401e-13 -3.6529e-12 5.4831e-12 -8.5372e-12 -3.9818e-12 1.1207e-11 5.2273e-12 1.9623e-12 -1.055e-11 5.8207e-12 -1.2495e-12 -7.0079e-12 1.0529e-11 -1.3618e-11 -8.9486e-12 -4.1982e-12 -3.5115e-12 -6.0487e-12 4.4221e-12 6.9005e-13 -8.916e-12 -5.371e-12 -4.5701e-12 2.1522e-12 -5.5071e-12 -5.8165e-12 -1.8193e-12 -4.6137e-12 -3.0642e-12 -2.3595e-12 -2.934e-12 -3.0604e-14 -6.9838e-12 -8.6673e-13 -4.1356e-12 -2.1666e-12 -6.6581e-12 9.923e-13 5.9626e-12 -6.5588e-12 -5.518e-12 -1.2923e-12 -1.94e-12 1.2285e-13 -2.1119e-12 -3.5044e-12 -5.9736e-13 4.9668e-12 -6.4124e-13 -1.3599e-12 2.2996e-13 2.1341e-12 -2.7561e-12 -1.4257e-12 -2.3203e-13 -2.148e-12 -5.5652e-14 -1.8908e-12 1.0123e-12 4.3269e-13 1.8778e-12 8.9179e-13 -1.2133e-13 8.9462e-13 2.213e-13 -2.4193e-13 1.333e-13 5.3129e-14 -9.6905e-14 -2.111e-13
7.965e-11 6.664e-11 7.4772e-11 6.9193e-11 5.486e-11 6.2125e-11 7.9649e-11 6.2316e-11 6.3415e-11 4.4315e-11 6.2846e-11 5.4481e-11 5.6821e-11 5.4426e-11 4.7132e-11 5.5321e-11 4.4982e-11 5.6243e-11 4.5244e-11 4.898e-11 3.7018e-11 4.1144e-11 4.7462e-11 3.7329e-11 4.7989e-11 3.1573e-11 3.5741e-11 3.3136e-11 3.4463e-11 3.206e-11 2.8678e-11 9.4272e-12 2.2487e-11 2.1983e-11 1.9373e-11 1.9862e-11 2.2788e-11 1.2161e-11 1.6269e-11 1.9912e-11 8.7767e-12 1.4106e-11 1.8122e-11 2.8418e-12 7.9803e-12 8.6508e-12 4.6088e-12 1.5445e-11 8.3822e-12 -2.0207e-12 -2.1186e-12 1.31e-12 -6.4874e-12 -4.0173e-12 3.4657e-12 5.2519e-12 1.6751e-12 -6.0595e-12 1.5042e-12 -2.9789e-12 -1.6856e-12 7.1167e-12 -1.0098e-11 -6.2508e-12 -2.6801e-12 -4.4486e-12 -3.7648e-12 -1.0499e-13 -2.108e-12 -8.2257e-12 -2.6548e-12 -1.4257e-12 1.8099e-12 -4.245e-12 -1.859e-12 -6.8483e-13 -6.0004e-12 -6.4394e-13 -2.4228e-12 -1.3323e-12 -1.5428e-12 -4.501e-12 -1.1545e-12 -3.5595e-12 -2.3818e-12 -4.7038e-12 -1.0189e-12 2.0051e-12 -2.0016e-12 -1.7248e-12 -2.8891e-13 -4.8984e-13 5.3216e-13 -8.3644e-13 -5.7688e-13 -2.1068e-12 2.8037e-12 -2.5471e-13 -7.9552e-13 -2.1477e-12 1.8325e-12 -2.5674e-12 -1.6636e-12 5.3656e-13 6.7411e-13 3.0698e-13 -9.6676e-13 -2.4282e-13 2.7825e-13 9.7287e-13 1.6635e-13 -1.7404e-13 6.224e-13 7.2807e-14 -8.065e-14 1.5453e-13 -1.4404e-14 3.6811e-14 -1.0896e-13
9.3443e-11 8.7454e-11 9.0066e-11 8.8826e-11 7.2355e-11 7.8139e-11 1.0229e-10 6.3415e-11 9.4898e-11 5.6338e-11 8.0633e-11 6.7647e-11 7.5862e-11 6.8224e-11 6.0023e-11 7.1798e-11 5.7904e-11 7.0917e-11 5.3786e-11 6.5941e-11 4.3123e-11 5.2872e-11 5.6968e-11 5.1317e-11 6.3474e-11 3.6417e-11 4.3758e-11 3.9631e-11 4.0134e-11 3.8779e-11 3.2668e-11 1.9783e-11 2.4635e-11 3.404e-11 2.2682e-11 1.8638e-11 3.004e-11 1.5082e-11 2.0356e-11 2.4188e-11 1.2211e-11 1.5344e-11 1.8857e-11 2.4006e-12 1.3051e-11 1.1007e-11 5.6249e-12 2.0439e-11 7.2028e-12 -2.8416e-12 6.9437e-13 8.3719e-13 -2.8235e-12 -3.8074e-12 6.6464e-12 1.8491e-12 2.627e-12 -6.4941e-12 5.0648e-12 -3.1144e-12 -3.9296e-13 6.6142e-12 -7.6302e-12 -8.4089e-12 -3.4153e-12 -3.3059e-12 -5.8938e-12 5.5484e-12 2.5865e-13 -5.5373e-12 -6.9263e-12 -2.7497e-12 2.4922e-12 1.1624e-12 -3.0147e-12 -2.6085e-12 -6.9038e-12 -3.8466e-12 -8.3102e-13 -1.465e-13 -1.6626e-12 -4.4344e-12 -3.0427e-13 -1.8616e-12 -1.0858e-12 -4.0819e-12 -4.5005e-13 5.4606e-12 -5.5077e-12 -2.2484e-12 -7.4811e-13 -6.4059e-14 2.1908e-12 -1.5301e-12 -2.2756e-12 -1.645e-12 4.821e-12 -1.6422e-12 -1.7676e-12 -1.0919e-12 2.2539e-12 -2.1362e-12 -1.5434e-12 9.0564e-13 -6.1246e-13 2.3227e-13 -8.5136e-13 3.6592e-13 4.7009e-14 3.8926e-13 1.0348e-12 8.3159e-14 9.0713e-13 2.3173e-13 -2.5332e-13 1.6657e-13 1.3491e-13 8.3667e-14 -1.7777e-13
6.7355e-11 5.8247e-11 6.7146e-11 6.1441e-11 4.8142e-11 5.1088e-11 6.8056e-11 4.4315e-11 5.6338e-11 5.11e-11 5.5269e-11 4.2454e-11 5.4012e-11 4.9313e-11 4.3972e-11 5.0192e-11 3.9537e-11 4.7523e-11 3.513e-11 4.3616e-11 3.1581e-11 4.0022e-11 4.2574e-11 3.5241e-11 4.4225e-11 2.675e-11 2.9306e-11 3.2445e-11 2.5256e-11 2.6207e-11 2.5215e-11 1.2691e-11 1.7941e-11 2.316e-11 1.5763e-11 1.7636e-11 1.407e-11 8.123e-12 1.1215e-11 1.4407e-11 8.5335e-12 1.6415e-11 1.298e-11 2.6751e-12 1.1716e-11 6.9419e-12 2.5875e-13 1.6814e-11 4.7779e-12 -3.5638e-12 2.7342e-13 1.9292e-12 -2.1027e-12 1.1638e-12 1.9027e-12 9.8193e-13 1.4201e-12 -5.421e-12 1.2201e-12 -4.6309e-13 -4.8764e-12 8.0872e-12 -8.4104e-12 -6.6364e-12 -3.9572e-12 -3.4907e-12 -2.7161e-12 3.1736e-12 -2.0088e-12 -3.5367e-12 -3.994e-12 -6.9116e-13 -1.5519e-12 -1.746e-12 -1.9326e-12 -2.9316e-12 -4.6519e-12 -2.9276e-12 -1.7845e-12 -9.2874e-13 -2.7607e-13 -4.4504e-12 -1.8739e-12 -1.7571e-12 9.5858e-14 -1.2616e-12 -8.8878e-13 3.0298e-12 -1.12e-12 -1.7238e-12 1.5502e-12 -7.3489e-13 1.4385e-12 -2.7773e-12 -2.8826e-12 -1.5218e-12 4.1248e-12 -2.5923e-13 -1.3979e-12 -2.2446e-12 2.1297e-12 -1.4175e-12 -1.5918e-12 9.0375e-13 -1.358e-12 9.8273e-13 -8.8054e-13 -2.6269e-13 1.733e-14 3.3462e-13 7.1129e-13 -2.035e-14 6.2226e-13 2.5597e-13 -8.5529e-14 5.1166e-14 7.9922e-14 -1.4623e-15 -7.6542e-14
9.8058e-11 8.4653e-11 9.057e-11 8.6397e-11 6.9285e-11 7.4445e-11 9.6964e-11 6.2846e-11 8.0633e-11 5.5269e-11 9.3415e-11 7.1559e-11 7.3848e-11 6.5727e-11 5.8325e-11 6.772e-11 6.0361e-11 7.0768e-11 5.4778e-11 6.2271e-11 4.5292e-11 5.3276e-11 5.8529e-11 4.7163e-11 6.1366e-11 3.5871e-11 4.722e-11 4.1698e-11 4.2487e-11 3.7589e-11 3.1731e-11 1.8582e-11 2.4456e-11 3.589e-11 2.055e-11 2.316e-11 2.924e-11 1.3028e-11 1.767e-11 2.4225e-11 6.0749e-12 1.672e-11 2.1588e-11 1.3275e-13 1.0733e-11 9.7472e-12 2.8848e-14 2.2084e-11 6.6748e-12 -7.5053e-13 -4.5661e-13 4.2949e-12 -6.3235e-12 -4.6681e-12 6.1737e-12 2.4473e-12 3.6446e-12 -5.5906e-12 5.1432e-12 -3.4667e-12 -2.9436e-12 4.2538e-12 -1.1019e-11 -7.5891e-12 -4.9756e-12 -2.2127e-12 -4.2783e-12 2.3085e-12 -4.3706e-13 -7.4771e-12 -5.0897e-12 -2.7592e-12 1.3463e-12 -2.4357e-12 -4.8398e-12 3.1405e-13 -7.0194e-12 -2.3515e-12 -9.6414e-13 -4.67e-13 2.0187e-12 -3.0328e-12 -1.9324e-12 -3.1443e-12 -2.5714e-12 -7.7259e-13 3.751e-13 3.4318e-12 -3.965e-12 -5.2206e-12 -1.3575e-12 1.477e-12 3.6297e-12 -1.0957e-12 -2.3081e-13 -1.3138e-12 3.9365e-12 -3.0116e-12 -1.68e-12 -1.879e-12 2.8802e-12 -2.2923e-12 -1.9639e-12 1.0313e-12 -1.3213e-12 8.5724e-13 -8.0962e-13 5.1349e-14 -2.2079e-13 4.5082e-13 9.8899e-13 -1.2115e-13 8.7401e-13 1.7457e-13 -1.7798e-13 2.4424e-13 3.291e-14 -1.7811e-14 -9.5671e-14
8.4871e-11 7.332e-11 7.4576e-11 7.0772e-11 5.8877e-11 6.6406e-11 7.8369e-11 5.4481e-11 6.7647e-11 4.2454e-11 7.1559e-11 7.3985e-11 5.8932e-11 5.7523e-11 4.9295e-11 5.9535e-11 5.3396e-11 6.1064e-11 4.869e-11 5.0575e-11 3.7796e-11 4.2683e-11 4.7751e-11 3.5948e-11 5.403e-11 2.6558e-11 3.4375e-11 3.307e-11 3.7176e-11 2.9622e-11 2.7164e-11 1.5784e-11 2.4793e-11 2.8742e-11 1.8139e-11 1.64e-11 2.3661e-11 1.196e-11 1.5317e-11 1.9505e-11 7.7736e-12 1.0457e-11 1.9019e-11 -2.1738e-12 8.0486e-12 1.1562e-11 -2.5784e-12 1.6727e-11 8.2409e-12 1.2425e-12 -1.6074e-14 8.3366e-12 -5.131e-12 -1.9698e-12 2.1028e-12 2.8493e-12 1.4784e-12 -4.07e-12 6.0712e-12 -2.9185e-12 -4.2759e-12 1.6629e-12 -8.1178e-12 -2.9244e-12 -4.0858e-12 -5.2097e-13 -7.9076e-13 -1.4037e-13 -2.643e-12 -6.8794e-12 -3.2718e-12 -2.6054e-12 1.6997e-12 6.7626e-13 -1.7127e-12 -1.4263e-13 -7.4862e-12 1.3442e-12 6.0447e-13 -1.2315e-13 5.1979e-13 -1.6108e-12 -3.8776e-12 -3.2269e-12 -4.3451e-13 -9.6102e-13 -1.3571e-12 2.5571e-12 -4.9762e-12 -4.608e-12 -2.0112e-12 1.3269e-12 2.7467e-12 -2.2694e-12 -1.3533e-12 -1.2893e-12 2.902e-12 -1.4904e-12 -1.9362e-12 -1.3406e-12 2.5564e-12 -3.6288e-12 -2.5017e-12 9.7209e-13 -9.5828e-13 3.4049e-13 -3.6905e-13 6.2125e-13 2.3308e-13 4.3984e-13 8.4587e-13 2.7149e-13 6.2198e-13 1.5953e-13 -3.3807e-13 2.6042e-13 4.2081e-14 -1.3969e-14 -1.243e-13
8.6433e-11 7.8755e-11 8.7842e-11 8.5482e-11 6.4026e-11 7.1632e-11 9.5186e-11 5.6821e-11 7.5862e-11 5.4012e-11 7.3848e-11 5.8932e-11 8.6039e-11 6.5788e-11 5.8769e-11 6.1174e-11 5.2113e-11 6.2111e-11 5.138e-11 5.683e-11 4.0706e-11 4.9224e-11 5.2038e-11 4.8299e-11 5.545e-11 3.5857e-11 4.6061e-11 3.5399e-11 4.0293e-11 3.6995e-11 3.3854e-11 1.5887e-11 2.451e-11 3.1814e-11 1.9646e-11 1.5501e-11 2.5347e-11 1.3859e-11 1.4092e-11 2.5945e-11 8.7413e-12 1.5522e-11 1.8801e-11 6.0804e-12 1.1435e-11 9.9674e-12 -1.7066e-13 1.8375e-11 1.9925e-12 3.0213e-13 -1.9877e-12 2.3901e-12 -3.8916e-12 -2.8364e-12 5.1251e-12 -5.505e-13 -5.275e-13 -5.744e-12 5.8675e-12 -4.7491e-12 -9.1702e-12 5.759e-12 -9.8813e-12 -8.6062e-12 -7.2711e-12 -5.5943e-12 -2.0623e-12 3.8671e-12 -3.18e-12 -4.3826e-12 -4.3465e-12 -4.8067e-12 3.7479e-13 -5.0806e-12 -3.4443e-12 -2.1589e-12 -5.7414e-12 -3.9454e-12 -1.2924e-14 5.1136e-13 3.3607e-13 -5.016e-12 -1.0694e-12 1.5496e-13 -7.1324e-13 -2.1944e-12 -1.3367e-12 1.1414e-12 -7.6008e-12 -5.015e-12 2.161e-13 -2.7398e-12 1.5825e-12 -2.4648e-12 -2.9925e-12 -1.2036e-12 5.0601e-12 -5.0536e-13 7.5068e-13 -6.4239e-13 8.3097e-13 -1.9581e-12 -9.173e-13 5.1698e-13 -3.2774e-12 1.583e-12 -1.1709e-12 1.7393e-12 2.3992e-14 5.9872e-13 -3.4683e-14 1.925e-13 7.7562e-13 1.7506e-13 -3.0611e-13 2.0051e-13 1.2135e-13 -1.8808e-14 -1.9842e-13
8.4516e-11 7.6572e-11 7.8942e-11 7.4327e-11 5.8657e-11 6.7029e-11 8.3674e-11 5.4426e-11 6.8224e-11 4.9313e-11 6.5727e-11 5.7523e-11 6.5788e-11 7.3548e-11 5.0511e-11 5.8824e-11 4.741e-11 5.6919e-11 4.697e-11 5.142e-11 4.0171e-11 4.402e-11 4.9249e-11 4.2345e-11 5.2375e-11 3.4802e-11 3.5727e-11 3.8325e-11 3.8119e-11 3.3832e-11 2.8359e-11 1.3754e-11 2.2903e-11 2.6408e-11 2.1492e-11 1.3936e-11 2.0751e-11 1.434e-11 1.4045e-11 2.3679e-11 6.7824e-12 1.7346e-11 1.4599e-11 4.1185e-12 9.1608e-12 1.1356e-11 -1.2686e-12 1.6123e-11 6.0639e-12 1.2633e-12 -2.8631e-12 4.9944e-12 -3.9863e-12 -1.1926e-12 -1.2272e-12 6.2674e-13 3.4005e-12 -6.3591e-12 6.6905e-12 -1.1373e-13 -4.7661e-12 7.7353e-12 -6.6376e-12 -8.2786e-12 -3.4263e-12 -4.1068e-12 -2.6864e-12 2.5516e-12 -2.4748e-12 -4.2629e-12 -2.6836e-12 -8.5501e-13 7.9457e-15 -3.7005e-12 -2.4375e-12 -1.3803e-12 -5.5735e-12 2.9128e-13 -1.8326e-12 1.6645e-12 1.0541e-12 -5.9631e-12 -3.2646e-13 -2.6015e-12 -1.7447e-12 -2.619e-12 -1.9029e-12 3.9407e-12 -3.2334e-12 -1.5605e-12 1.6522e-13 -7.8009e-13 2.8654e-12 -1.7125e-12 -2.4635e-12 -2.7588e-13 3.1398e-12 8.9292e-13 8.1561e-15 -1.46e-12 1.6233e-12 -2.5534e-12 -1.862e-12 6.3526e-13 -1.1329e-12 4.5393e-13 -3.4595e-13 -8.095e-15 8.0015e-13 7.2774e-13 8.4754e-13 4.8046e-14 7.5132e-13 2.1978e-13 -2.623e-13 2.0827e-13 5.7595e-14 -7.2483e-14 -1.2621e-13
7.0239e-11 6.1757e-11 6.9489e-11 6.4163e-11 5.0194e-11 5.2133e-11 7.6257e-11 4.7132e-11 6.0023e-11 4.3972e-11 5.8325e-11 4.9295e-11 5.8769e-11 5.0511e-11 6.0109e-11 5.1195e-11 4.7305e-11 4.9075e-11 4.0961e-11 4.6965e-11 3.2418e-11 4.1007e-11 4.3685e-11 3.6481e-11 4.0581e-11 2.6863e-11 3.2958e-11 3.4516e-11 3.0651e-11 2.9084e-11 2.4835e-11 1.1317e-11 2.1709e-11 2.6462e-11 1.6746e-11 1.6797e-11 2.2856e-11 1.2787e-11 1.3915e-11 1.9264e-11 6.412e-12 1.6283e-11 1.2785e-11 3.0516e-12 6.4482e-12 8.3525e-12 -2.758e-13 1.2983e-11 8.8675e-12 -3.5555e-13 -4.563e-13 2.8546e-12 -3.5515e-12 1.977e-12 3.3859e-12 2.9339e-12 2.783e-12 -8.6303e-12 2.5259e-12 -2.9191e-12 -5.2331e-12 2.6313e-12 -9.3428e-12 -5.3494e-12 -3.6691e-12 1.241e-12 -3.0814e-12 2.9618e-12 -3.3232e-12 -7.3608e-12 -5.4172e-12 -5.4118e-13 6.0686e-13 -1.6875e-12 -4.026e-12 -2.8264e-12 -3.8393e-12 -8.7695e-13 -1.0781e-12 2.3867e-12 -3.2276e-13 -4.1022e-12 -2.204e-12 -3.117e-12 -1.6196e-13 -1.4744e-12 5.2933e-13 2.2154e-12 -4.3996e-12 -3.0776e-12 2.746e-12 -1.089e-12 1.4959e-13 -2.0781e-12 -1.8676e-12 -1.3076e-12 5.2662e-12 7.7959e-13 -1.7546e-12 -1.2402e-12 2.5197e-12 -1.1643e-12 -9.7399e-13 6.3336e-14 -2.0824e-12 6.0367e-13 -7.1869e-13 3.1151e-13 3.6697e-13 6.5266e-13 5.3176e-13 -1.1691e-13 1.4805e-13 1.4306e-13 -2.2392e-13 4.2087e-14 1.7733e-14 -4.7614e-14 -1.0766e-13
8.5991e-11 7.2352e-11 8.0269e-11 7.4078e-11 6.2142e-11 6.7328e-11 7.8989e-11 5.5321e-11 7.1798e-11 5.0192e-11 6.772e-11 5.9535e-11 6.1174e-11 5.8824e-11 5.1195e-11 7.3554e-11 5.1335e-11 6.1606e-11 4.944e-11 5.6972e-11 3.7237e-11 4.3298e-11 4.7401e-11 4.1271e-11 5.3979e-11 3.2403e-11 3.3245e-11 3.5657e-11 3.2889e-11 3.6495e-11 2.9088e-11 1.3935e-11 2.1442e-11 2.5756e-11 1.9975e-11 2.009e-11 1.9509e-11 1.1534e-11 1.0797e-11 2.1302e-11 1.0921e-11 1.5778e-11 1.517e-11 1.8825e-12 9.8525e-12 1.2257e-11 -1.1916e-13 1.684e-11 6.8854e-12 -3.3465e-12 1.6427e-12 2.4617e-12 -2.7599e-12 -3.105e-12 3.0046e-12 6.3863e-12 2.0892e-12 -5.7796e-12 1.9168e-12 -4.9302e-12 -2.1766e-12 6.4111e-12 -6.0875e-12 -7.8548e-12 -7.0023e-12 -4.2435e-12 -3.1965e-12 4.004e-13 -3.2598e-12 -5.6775e-12 -4.7261e-12 -7.526e-13 1.1327e-12 -7.3728e-13 3.9928e-14 -4.7105e-12 -8.2049e-12 -1.7483e-12 -1.5202e-12 -1.3166e-12 -1.0832e-12 -4.5918e-12 -2.7854e-12 -2.781e-12 5.8112e-14 -2.5749e-12 -8.8268e-13 3.9852e-12 -1.3678e-12 -3.1975e-12 2.56e-13 1.0653e-12 3.5387e-12 -8.8201e-13 -2.3526e-12 -2.1446e-12 5.1508e-12 -9.9034e-13 -1.864e-12 -1.4661e-12 3.3142e-12 -1.9349e-12 -2.2615e-12 6.9368e-13 -7.0765e-13 6.1583e-14 -4.3612e-13 4.8362e-13 2.6011e-13 -2.0426e-13 4.3747e-13 -1.2982e-14 7.4141e-13 3.529e-13 -1.4358e-13 1.4405e-13 6.559e-14 1.9876e-15 -6.415e-14
7.0158e-11 6.1174e-11 6.6959e-11 6.1812e-11 5.0038e-11 5.336e-11 6.9079e-11 4.4982e-11 5.7904e-11 3.9537e-11 6.0361e-11 5.3396e-11 5.2113e-11 4.741e-11 4.7305e-11 5.1335e-11 5.2449e-11 5.109e-11 4.0111e-11 4.7235e-11 3.1788e-11 3.8765e-11 4.1843e-11 3.4213e-11 4.6024e-11 2.5552e-11 3.1015e-11 3.0132e-11 3.081e-11 2.486e-11 2.3319e-11 1.1459e-11 1.8611e-11 2.4149e-11 1.4903e-11 1.3721e-11 2.21e-11 1.0084e-11 1.0061e-11 1.8244e-11 8.4723e-12 1.3229e-11 1.212e-11 2.2246e-12 5.1362e-12 9.9558e-12 5.7043e-13 1.3333e-11 3.2827e-12 -1.3775e-13 1.7561e-12 5.7257e-12 -6.3977e-12 -8.1583e-13 1.746e-12 3.7402e-12 4.1402e-12 -3.9359e-12 4.456e-12 -2.4889e-12 -6.2013e-12 1.011e-12 -8.4072e-12 -5.47e-12 -3.4586e-12 -6.2408e-13 -1.9402e-12 1.4058e-13 -2.4538e-12 -4.3648e-12 -4.5991e-12 -1.6087e-13 2.1199e-12 1.6861e-12 -2.027e-12 -7.4089e-13 -4.3551e-12 3.739e-13 -4.658e-13 1.2323e-12 -2.0367e-12 -3.9165e-12 -1.8819e-12 -1.5984e-12 -4.9149e-13 -4.2416e-13 -1.1222e-12 1.3605e-12 -2.5463e-12 -3.1167e-12 5.6151e-14 2.6809e-12 2.4035e-12 -1.2846e-12 1.0208e-13 -7.4041e-13 4.1426e-12 -1.1254e-12 -3.025e-12 -1.1917e-12 3.058e-12 -1.3732e-12 -1.0777e-12 1.5306e-13 -9.5055e-13 1.2794e-13 -6.5518e-13 -8.3395e-14 -1.311e-13 7.7091e-13 9.0007e-13 -1.4174e-13 2.299e-13 9.1404e-14 -2.8545e-13 1.4257e-13 9.7399e-14 -8.3518e-14 -8.6279e-14
8.5892e-11 7.265e-11 7.8213e-11 7.3892e-11 6.1106e-11 6.4025e-11 7.9605e-11 5.6243e-11 7.0917e-11 4.7523e-11 7.0768e-11 6.1064e-11 6.2111e-11 5.6919e-11 4.9075e-11 6.1606e-11 5.109e-11 7.139e-11 4.5133e-11 5.5758e-11 3.9095e-11 4.4028e-11 4.6218e-11 3.8288e-11 5.199e-11 2.9346e-11 3.6941e-11 3.3141e-11 3.497e-11 3.0911e-11 2.9825e-11 1.6206e-11 2.1015e-11 2.7819e-11 1.7551e-11 2.0456e-11 2.1762e-11 9.044e-12 1.5374e-11 1.7924e-11 7.9893e-12 1.1709e-11 1.7961e-11 -5.6286e-13 8.619e-12 9.4098e-12 2.7631e-12 2.161e-11 5.7355e-12 -3.715e-12 -2.7638e-12 4.4288e-12 -4.6098e-12 -1.9529e-12 2.7252e-12 3.1321e-12 2.7733e-12 -6.7283e-12 6.8655e-12 -8.0976e-13 -1.956e-12 6.2786e-12 -1.0639e-11 -4.8902e-12 -4.499e-12 -5.3914e-12 -1.5576e-12 2.8488e-12 -1.539e-12 -5.6029e-12 -4.7579e-12 -4.0971e-12 1.916e-12 -4.3714e-13 -2.535e-12 -6.4e-13 -7.9298e-12 -2.3967e-12 -1.9969e-12 -7.6952e-13 -7.6405e-13 -2.9188e-12 -8.6976e-13 -3.2795e-12 -1.0421e-12 -1.3429e-12 -2.9029e-12 2.6621e-12 -3.7408e-12 -2.19e-12 -1.1492e-12 2.4026e-13 3.4523e-12 -1.336e-12 -1.0104e-12 -1.5371e-12 2.0274e-12 -1.2685e-12 -1.8636e-12 -9.1126e-13 3.1682e-12 -2.393e-12 -2.4724e-12 4.541e-13 -3.385e-13 5.8062e-13 2.4202e-14 3.3333e-13 -3.0096e-13 -1.7774e-13 4.3132e-13 5.7751e-14 7.4817e-13 1.8384e-13 -1.6248e-13 2.5608e-13 2.9918e-14 -5.7359e-15 -5.125e-14
6.8602e-11 6.1782e-11 6.2412e-11 5.9885e-11 5.0541e-11 5.1221e-11 6.8805e-11 4.5244e-11 5.3786e-11 3.513e-11 5.4778e-11 4.869e-11 5.138e-11 4.697e-11 4.0961e-11 4.944e-11 4.0111e-11 4.5133e-11 5.4421e-11 4.3916e-11 3.3582e-11 3.3711e-11 3.5543e-11 3.0447e-11 3.9734e-11 2.5125e-11 3.2621e-11 2.8028e-11 2.8783e-11 2.4505e-11 2.4688e-11 8.3816e-12 1.9327e-11 1.9278e-11 1.5352e-11 1.5291e-11 2.2406e-11 8.7186e-12 9.2009e-12 1.878e-11 7.6523e-12 1.337e-11 1.2295e-11 -7.2968e-14 8.5687e-12 8.9423e-12 -2.5165e-12 1.6699e-11 4.7576e-12 1.6528e-12 4.5642e-13 4.7379e-12 -7.7901e-12 1.8868e-12 4.3316e-12 3.1076e-12 1.7673e-12 -2.7887e-12 2.9743e-12 -5.7679e-12 -1.6688e-12 5.8958e-12 -6.8358e-12 -4.0893e-12 -4.051e-12 -2.5324e-12 -3.6487e-12 9.9211e-13 -3.9007e-12 -5.5784e-12 -3.312e-13 4.9704e-13 4.7865e-13 -4.8128e-12 -2.1927e-12 -2.0819e-12 -5.983e-12 5.7794e-13 -3.2183e-12 -7.2449e-13 -1.5156e-12 -4.5991e-12 -1.9293e-12 -2.7306e-12 -1.4531e-12 -2.3705e-12 9.5992e-13 1.1428e-12 -2.9374e-12 -4.3255e-12 -1.004e-12 8.1085e-14 2.7864e-13 -1.1929e-12 -2.4195e-12 3.5754e-14 2.2791e-12 -1.5054e-12 -3.0736e-13 1.1544e-12 -8.6587e-13 -7.6592e-13 -1.2142e-12 -7.6812e-14 -3.2609e-12 -4.8757e-13 -9.7472e-13 1.1267e-13 3.72e-13 1.0693e-12 2.6376e-13 1.9828e-13 5.5012e-13 1.2819e-13 -1.6297e-13 1.6614e-13 -2.9466e-14 -3.6443e-14 -6.4956e-14
7.9339e-11 6.6905e-11 7.2317e-11 6.8516e-11 5.4815e-11 6.2155e-11 7.7037e-11 4.898e-11 6.5941e-11 4.3616e-11 6.2271e-11 5.0575e-11 5.683e-11 5.142e-11 4.6965e-11 5.6972e-11 4.7235e-11 5.5758e-11 4.3916e-11 7.0172e-11 3.5815e-11 3.7209e-11 4.2414e-11 4.1714e-11 4.8116e-11 2.5906e-11 3.6371e-11 3.4934e-11 3.4478e-11 2.5974e-11 2.7233e-11 1.565e-11 1.7453e-11 2.4936e-11 1.801e-11 1.6857e-11 2.1471e-11 1.2379e-11 1.2844e-11 1.4796e-11 7.8557e-12 1.233e-11 1.3048e-11 1.3383e-12 9.1398e-12 1.3329e-11 4.6519e-12 1.7083e-11 2.4481e-12 -3.048e-12 3.4638e-13 2.7606e-12 -4.7464e-12 -1.032e-11 4.0907e-12 1.3373e-12 1.2305e-12 -6.0549e-12 7.5377e-12 -2.1135e-12 -6.4576e-12 9.0738e-12 -7.3843e-12 -4.9708e-12 -2.1633e-12 -4.9558e-12 -4.6689e-12 3.1879e-12 -2.2908e-12 -4.754e-12 -5.3215e-12 -2.1919e-12 2.9622e-12 -1.0681e-12 -4.0204e-12 -3.384e-12 -6.1169e-12 -2.1312e-12 3.5055e-14 1.4308e-12 -1.929e-12 -2.955e-12 6.3961e-13 -3.673e-12 -2.1508e-12 -3.2712e-12 -2.011e-12 3.9028e-12 -4.1316e-12 -5.4333e-13 -3.1012e-13 -2.7072e-12 2.4152e-12 -2.4764e-14 -2.6047e-12 -3.7081e-12 3.3854e-12 -5.8541e-13 -1.2798e-12 -1.7984e-12 2.0495e-12 -1.6579e-12 -1.879e-12 -8.0213e-13 8.9266e-13 2.2861e-13 3.2561e-13 2.3808e-13 -4.8815e-13 5.8702e-13 3.4026e-13 9.4752e-15 7.1468e-13 4.7879e-13 -3.0595e-13 8.1096e-14 4.9987e-14 4.005e-14 -9.1166e-14
5.7555e-11 4.8532e-11 5.1586e-11 5.0471e-11 4.0708e-11 4.1832e-11 5.3476e-11 3.7018e-11 4.3123e-11 3.1581e-11 4.5292e-11 3.7796e-11 4.0706e-11 4.0171e-11 3.2418e-11 3.7237e-11 3.1788e-11 3.9095e-11 3.3582e-11 3.5815e-11 3.5197e-11 2.7834e-11 3.0802e-11 2.6361e-11 3.1287e-11 2.1918e-11 2.4481e-11 2.8348e-11 2.381e-11 1.8469e-11 1.6789e-11 6.8945e-12 1.4874e-11 1.5652e-11 1.4737e-11 1.3372e-11 1.5319e-11 6.9391e-12 9.7673e-12 1.386e-11 1.3378e-12 1.1909e-11 9.4032e-12 -1.7335e-12 8.9954e-12 9.3913e-12 6.1598e-13 1.5201e-11 3.1254e-12 -7.512e-13 -2.7796e-15 2.5048e-12 -3.8343e-12 2.1561e-12 2.4589e-12 1.4419e-12 -3.8387e-13 -7.0666e-13 2.0682e-12 -2.622e-12 -2.2337e-12 4.9657e-12 -6.5186e-12 -3.2197e-12 -4.8649e-12 -8.9096e-13 -3.7373e-12 1.3379e-12 -9.7987e-13 -3.1593e-12 -1.0192e-12 -1.8192e-13 4.968e-13 -3.7842e-12 -9.7572e-13 -2.2035e-12 -3.6177e-12 1.1811e-12 -1.5472e-12 -2.3274e-12 3.347e-13 -3.4675e-12 4.1257e-13 -2.4e-12 -1.9058e-12 -3.1041e-12 5.9391e-14 2.4015e-12 -1.0898e-12 -1.7178e-12 1.4379e-13 -5.319e-13 1.0959e-12 -1.1658e-12 -6.9148e-13 -5.9949e-13 1.4292e-12 -4.0909e-14 4.219e-13 -1.2975e-13 2.7411e-13 -1.2674e-12 -1.6751e-12 9.9199e-13 -8.8599e-13 -3.5184e-14 -6.0644e-13 -3.7257e-13 1.4253e-13 3.9333e-13 4.9292e-13 1.1469e-14 3.4713e-13 7.7441e-14 -9.7444e-14 1.0181e-13 3.6766e-14 -2.1325e-14 -8.0869e-14
6.0449e-11 5.1694e-11 6.095e-11 5.1098e-11 4.2058e-11 4.501e-11 6.5427e-11 4.1144e-11 5.2872e-11 4.0022e-11 5.3276e-11 4.2683e-11 4.9224e-11 4.402e-11 4.1007e-11 4.3298e-11 3.8765e-11 4.4028e-11 3.3711e-11 3.7209e-11 2.7834e-11 4.7148e-11 3.7624e-11 3.2165e-11 4.1417e-11 2.3439e-11 2.9189e-11 2.7365e-11 2.456e-11 2.2809e-11 2.4356e-11 1.3825e-11 1.3905e-11 2.497e-11 1.4771e-11 1.0501e-11 1.3281e-11 8.6887e-12 1.0362e-11 1.6526e-11 9.1035e-12 1.3454e-11 1.3517e-11 1.1236e-12 7.3011e-12 5.0807e-12 4.3254e-12 9.7907e-12 5.8618e-12 -1.9698e-12 1.0629e-12 3.3193e-12 -2.3004e-12 -2.7765e-13 2.1832e-12 -2.6872e-13 1.493e-12 -7.8656e-12 1.277e-12 -1.1425e-12 -4.2937e-12 4.7408e-12 -8.8891e-12 -5.2655e-12 -1.4797e-12 1.4282e-12 -4.822e-12 4.5259e-12 9.438e-13 -3.4444e-12 -3.6526e-12 7.3955e-13 4.181e-12 1.8122e-12 -1.6894e-12 -4.6406e-13 -3.8659e-12 -1.954e-12 -4.3734e-13 -8.8186e-13 1.4446e-14 -5.0121e-12 -1.994e-12 -1.277e-12 -3.2713e-13 -3.7356e-12 1.4446e-13 2.25e-12 -1.6332e-12 -1.0786e-12 1.1472e-14 3.83e-13 2.1145e-12 -3.4166e-12 -5.2191e-13 3.2778e-13 3.9653e-12 -5.8488e-13 -2.4077e-12 -4.339e-13 2.112e-12 -2.5491e-12 -1.1952e-12 1.4308e-13 -1.9985e-12 6.8095e-13 -6.6614e-13 1.6257e-13 -5.6202e-13 6.0544e-13 7.9448e-13 -2.6697e-14 5.3067e-13 3.4855e-14 -6.138e-15 1.3952e-13 -1.1887e-14 -7.1254e-14 -1.1483e-13
6.4024e-11 5.729e-11 6.7745e-11 5.8191e-11 4.822e-11 5.6153e-11 7.3315e-11 4.7462e-11 5.6968e-11 4.2574e-11 5.8529e-11 4.7751e-11 5.2038e-11 4.9249e-11 4.3685e-11 4.7401e-11 4.1843e-11 4.6218e-11 3.5543e-11 4.2414e-11 3.0802e-11 3.7624e-11 5.7756e-11 3.3146e-11 4.5176e-11 2.2727e-11 3.1812e-11 3.2488e-11 2.9753e-11 2.8528e-11 2.4346e-11 1.0332e-11 1.984e-11 2.7998e-11 1.3368e-11 1.507e-11 1.8894e-11 1.0175e-11 1.4028e-11 1.7285e-11 5.4422e-12 1.3896e-11 1.4036e-11 3.5928e-12 8.5989e-12 1.717e-12 3.1174e-12 1.234e-11 7.1961e-12 -1.293e-12 -1.545e-12 -1.1106e-12 -7.3902e-12 -5.0065e-12 2.8447e-12 1.1672e-12 3.9101e-12 -5.353e-12 1.0702e-12 1.798e-12 -5.6553e-12 3.7933e-12 -9.2037e-12 -3.3055e-12 -3.7437e-12 -2.0592e-12 -5.1047e-12 1.3141e-12 -1.7757e-12 -5.9248e-12 -4.5917e-12 -9.8556e-13 -2.046e-12 -6.7326e-13 -2.1109e-12 -1.228e-12 -4.7967e-12 -3.4929e-13 -1.1904e-12 -1.8121e-12 -3.704e-13 -6.6619e-12 -1.421e-12 -2.7648e-12 -1.2505e-12 -1.7144e-12 1.2076e-12 1.4235e-12 -2.6923e-12 -1.8452e-12 -1.1952e-12 -1.4715e-12 -1.8208e-13 -2.2031e-12 -1.3557e-12 8.4694e-13 1.9356e-12 -1.5268e-12 -3.707e-13 -1.8812e-12 3.7114e-12 -2.2411e-12 -3.647e-12 5.3096e-13 -1.7158e-12 -4.3299e-13 -1.1292e-12 -5.224e-15 6.5882e-13 1.5027e-12 8.8027e-13 -2.9301e-13 5.5207e-13 6.0973e-14 -2.4571e-13 1.088e-13 4.155e-14 -7.2236e-14 -1.3321e-13
5.512e-11 5.1141e-11 5.5104e-11 5.2154e-11 4.198e-11 4.9826e-11 6.3291e-11 3.7329e-11 5.1317e-11 3.5241e-11 4.7163e-11 3.5948e-11 4.8299e-11 4.2345e-11 3.6481e-11 4.1271e-11 3.4213e-11 3.8288e-11 3.0447e-11 4.1714e-11 2.6361e-11 3.2165e-11 3.3146e-11 4.3193e-11 3.6767e-11 2.5784e-11 2.6345e-11 2.7415e-11 2.4671e-11 2.5286e-11 2.2149e-11 1.3283e-11 1.7043e-11 2.03e-11 1.2662e-11 1.1926e-11 1.9888e-11 1.1943e-11 1.028e-11 1.4884e-11 1.0463e-11 1.5503e-11 1.0643e-11 2.5153e-12 8.9842e-12 8.3174e-12 3.5412e-12 8.9323e-12 2.5997e-12 9.7934e-13 -2.6053e-12 1.2084e-12 -1.6108e-12 -2.9472e-12 6.7087e-12 2.562e-12 -1.488e-12 -6.7008e-12 3.7988e-13 -4.4021e-13 -3.209e-12 5.1327e-12 -3.5427e-12 -6.1378e-12 -1.6701e-12 -1.2006e-12 -2.3262e-12 5.7886e-13 -3.8989e-12 -2.3217e-12 -3.2934e-12 -9.2888e-13 5.9937e-12 -2.6071e-12 -3.4657e-12 -1.4969e-12 -2.4916e-12 -2.7618e-12 -5.7562e-13 -1.4197e-12 2.2918e-13 -3.8253e-12 9.2597e-13 -2.7406e-13 -6.7452e-13 -1.53e-12 9.8942e-13 3.2529e-12 -3.9688e-12 -1.7208e-12 -8.4846e-13 2.1512e-13 1.9196e-12 -8.7139e-13 -1.5714e-12 -2.7992e-13 2.6025e-12 -3.9984e-13 -5.1222e-13 -1.3759e-12 1.2425e-12 -1.9587e-12 -4.2261e-13 4.6234e-13 -7.0852e-13 1.0091e-12 -3.9849e-13 9.3288e-13 -2.4542e-14 2.37e-13 5.148e-13 9.087e-15 5.6182e-13 2.583e-13 -1.9461e-13 1.8832e-13 3.8119e-14 2.6952e-14 -1.409e-13
7.711e-11 6.3852e-11 6.7967e-11 6.3592e-11 5.1962e-11 6.0199e-11 7.5982e-11 4.7989e-11 6.3474e-11 4.4225e-11 6.1366e-11 5.403e-11 5.545e-11 5.2375e-11 4.0581e-11 5.3979e-11 4.6024e-11 5.199e-11 3.9734e-11 4.8116e-11 3.1287e-11 4.1417e-11 4.5176e-11 3.6767e-11 6.2899e-11 2.6414e-11 3.6113e-11 2.9944e-11 3.1621e-11 2.6793e-11 2.5397e-11 1.6262e-11 1.6845e-11 2.7791e-11 1.9192e-11 1.3876e-11 1.7199e-11 1.0375e-11 1.5092e-11 1.8157e-11 9.5429e-12 1.2986e-11 1.8049e-11 7.5209e-13 7.0939e-12 1.0271e-11 4.01e-12 1.5865e-11 4.148e-12 1.5654e-12 -8.6041e-13 3.936e-12 -4.5374e-12 -5.8261e-12 2.253e-12 1.3578e-12 1.8527e-12 -5.4547e-12 3.5577e-12 -1.403e-12 -7.343e-12 7.8303e-12 -6.7926e-12 -4.3864e-12 -8.5324e-13 -3.6446e-12 -6.1432e-12 2.752e-13 -2.0697e-13 -3.5843e-12 -2.0423e-12 -1.8865e-12 2.8914e-12 1.0848e-12 -2.2438e-12 2.1694e-14 -3.1672e-12 -3.0955e-13 -1.1655e-12 -3.2375e-14 -8.5566e-13 -2.5178e-12 -5.6178e-13 -2.5437e-12 6.0831e-13 -3.7036e-12 -3.3497e-12 1.5134e-12 -2.047e-12 -2.9251e-12 -1.2898e-12 3.1038e-12 3.0162e-12 -1.4192e-12 -9.0305e-13 -1.2681e-12 4.8323e-12 -1.0054e-12 -2.3088e-12 -1.3317e-12 1.7549e-12 -2.7612e-12 -1.3287e-12 -3.7772e-13 -8.1822e-13 1.5409e-13 -1.2367e-12 -2.029e-13 5.1138e-14 8.893e-13 6.9042e-13 -2.142e-13 4.0781e-13 2.7187e-13 -1.948e-13 1.2755e-13 1.0839e-13 -2.707e-14 -1.2225e-13
4.4718e-11 4.1219e-11 4.6006e-11 4.3257e-11 2.9969e-11 3.6865e-11 4.6927e-11 3.1573e-11 3.6417e-11 2.675e-11 3.5871e-11 2.6558e-11 3.5857e-11 3.4802e-11 2.6863e-11 3.2403e-11 2.5552e-11 2.9346e-11 2.5125e-11 2.5906e-11 2.1918e-11 2.3439e-11 2.2727e-11 2.5784e-11 2.6414e-11 3.2001e-11 2.2597e-11 2.1158e-11 1.784e-11 1.8484e-11 1.297e-11 6.3967e-12 1.388e-11 1.2943e-11 1.0186e-11 1.0727e-11 1.6332e-11 8.2576e-12 8.5637e-12 1.6595e-11 8.1816e-12 1.2427e-11 7.6343e-12 5.6174e-13 5.0394e-12 8.4726e-12 1.4961e-12 1.1243e-11 1.8628e-12 3.6578e-12 5.7767e-13 2.0369e-12 -2.4946e-12 1.1243e-12 3.0384e-12 3.6637e-12 2.2614e-12 -1.4918e-12 -1.2534e-12 -2.4166e-12 -7.742e-13 1.5692e-12 -3.8106e-12 -6.5095e-12 -2.3306e-13 -3.7835e-12 8.4612e-13 -1.8983e-13 -3.4486e-12 -3.4065e-12 -2.724e-12 -4.3355e-13 2.8013e-12 -2.133e-12 -5.096e-13 -1.2643e-12 -2.7642e-12 -1.6461e-12 -3.9485e-12 -1.76e-12 7.3494e-14 -1.4761e-12 1.4098e-12 8.2569e-14 -2.4693e-12 -1.5941e-12 8.5327e-13 2.5419e-12 -1.485e-12 -1.5098e-12 2.374e-13 1.8719e-12 3.0336e-12 7.3589e-14 -4.5794e-13 -1.2225e-12 2.1525e-12 3.8614e-13 -5.9274e-13 -1.0561e-12 5.9271e-13 -1.196e-12 1.2664e-12 2.4368e-13 1.5729e-12 6.089e-13 -5.0968e-13 8.5617e-13 1.2648e-13 4.3996e-13 2.9476e-13 -4.6174e-13 3.3553e-13 1.9526e-13 -5.0565e-14 2.2415e-13 3.8454e-14 -2.9602e-15 4.7953e-14
5.9409e-11 4.5443e-11 5.0901e-11 5.2169e-11 3.3894e-11 4.3602e-11 6.039e-11 3.5741e-11 4.3758e-11 2.9306e-11 4.722e-11 3.4375e-11 4.6061e-11 3.5727e-11 3.2958e-11 3.3245e-11 3.1015e-11 3.6941e-11 3.2621e-11 3.6371e-11 2.4481e-11 2.9189e-11 3.1812e-11 2.6345e-11 3.6113e-11 2.2597e-11 4.8007e-11 2.4544e-11 2.8127e-11 1.919e-11 1.6739e-11 1.1207e-11 1.3141e-11 1.9286e-11 1.5064e-11 8.1819e-12 2.0556e-11 6.7059e-12 7.1465e-12 1.5624e-11 7.948e-12 1.3328e-11 1.2643e-11 4.472e-12 4.1315e-12 6.8608e-12 2.1973e-12 1.2658e-11 -3.7014e-13 5.0244e-12 -1.3572e-12 -9.5922e-13 -1.8487e-12 -7.6697e-12 1.5816e-12 9.6151e-13 7.3306e-12 -1.6267e-12 5.6828e-12 -9.9861e-13 -3.0386e-12 5.9134e-12 -6.9413e-12 -3.2861e-12 1.383e-12 -3.5073e-12 -2.0222e-12 4.1071e-12 2.0901e-12 -4.3618e-12 -4.3525e-12 -3.2952e-12 5.3448e-13 -1.5491e-12 -3.9153e-12 1.1167e-12 -2.0215e-12 1.6673e-12 -1.4678e-12 -2.2293e-12 1.1689e-12 -2.9003e-12 -9.6379e-13 -1.9482e-12 -7.4172e-13 -2.2266e-12 7.4338e-13 7.5798e-13 -3.0181e-12 -3.8658e-12 -9.9422e-13 -1.6979e-12 4.7074e-13 -2.6325e-12 -9.5159e-13 -3.8636e-13 3.9714e-12 -3.0355e-12 -1.7034e-12 -1.878e-13 4.4817e-13 -5.3778e-13 -1.2937e-12 -1.4474e-12 -8.6457e-13 8.2903e-13 -6.4317e-13 7.9774e-13 2.2823e-13 1.0918e-12 1.443e-13 -5.2804e-13 2.5156e-13 3.4116e-13 3.1538e-14 3.7053e-15 -1.1769e-15 -1.1997e-13 1.4895e-14
5.2849e-11 4.3723e-11 5.1491e-11 4.235e-11 3.6861e-11 4.0533e-11 5.3982e-11 3.3136e-11 3.9631e-11 3.2445e-11 4.1698e-11 3.307e-11 3.5399e-11 3.8325e-11 3.4516e-11 3.5657e-11 3.0132e-11 3.3141e-11 2.8028e-11 3.4934e-11 2.8348e-11 2.7365e-11 3.2488e-11 2.7415e-11 2.9944e-11 2.1158e-11 2.4544e-11 3.886e-11 1.9683e-11 1.8295e-11 1.702e-11 8.2924e-12 1.4267e-11 1.9674e-11 1.1628e-11 1.4475e-11 1.1977e-11 6.3822e-12 9.3314e-12 1.6567e-11 1.672e-12 1.5311e-11 8.1037e-12 -1.3661e-12 6.6282e-12 8.8725e-12 1.0058e-12 1.0528e-11 5.8878e-12 1.8994e-12 -1.3544e-12 4.3387e-12 -4.0909e-12 9.0608e-13 1.3001e-12 2.5311e-12 5.5275e-12 -1.5025e-12 7.2788e-13 -3.6353e-13 -3.8923e-12 7.0392e-12 -7.6715e-12 -2.1625e-12 1.8172e-13 8.8968e-13 -3.2767e-12 1.7001e-12 -2.1268e-12 -3.0375e-12 -2.1313e-12 2.3524e-12 4.06e-13 -2.5111e-12 -1.8785e-12 -3.7751e-12 -8.6377e-13 2.1855e-12 -2.3824e-12 -1.7262e-12 1.7932e-12 -4.7256e-12 -2.4607e-12 -2.2683e-12 -8.8516e-14 -3.3989e-12 1.1159e-12 5.0132e-12 3.7221e-13 -1.3429e-12 9.8857e-13 3.5017e-14 1.1401e-12 -1.0717e-12 -1.5141e-12 2.0793e-13 2.6578e-12 5.6391e-13 -9.8261e-13 6.5106e-14 1.8025e-12 -1.8696e-12 -1.5418e-12 5.4616e-14 -2.0347e-13 -4.347e-14 7.1642e-14 -3.8547e-13 2.9312e-13 1.2474e-12 5.6214e-13 3.1467e-14 2.8385e-13 2.7435e-13 -5.8833e-14 -5.3041e-14 -5.569e-14 -1.663e-13 -8.7731e-14
5.1799e-11 4.1855e-11 4.4893e-11 4.7125e-11 3.4977e-11 3.9726e-11 4.6923e-11 3.4463e-11 4.0134e-11 2.5256e-11 4.2487e-11 3.7176e-11 4.0293e-11 3.8119e-11 3.0651e-11 3.2889e-11 3.081e-11 3.497e-11 2.8783e-11 3.4478e-11 2.381e-11 2.456e-11 2.9753e-11 2.4671e-11 3.1621e-11 1.784e-11 2.8127e-11 1.9683e-11 3.4525e-11 1.8698e-11 1.8913e-11 1.0803e-11 1.2484e-11 1.6752e-11 1.5483e-11 8.7657e-12 1.3922e-11 7.7857e-12 6.2205e-12 1.3239e-11 3.5875e-12 1.019e-11 7.2185e-12 1.353e-12 3.4511e-12 1.058e-11 2.3325e-12 8.2039e-12 2.87e-12 4.8694e-13 -8.0227e-14 -3.8166e-13 -1.989e-12 -9.594e-12 8.7968e-14 4.1102e-13 3.7047e-12 -1.422e-12 4.4497e-12 -4.699e-12 -3.6655e-12 1.6761e-12 -4.8132e-12 -4.0671e-12 -1.8464e-12 -1.193e-12 -1.787e-12 2.4541e-12 -2.4808e-12 -2.908e-12 -2.8643e-12 -1.5718e-12 1.5809e-12 -2.2465e-12 5.6027e-13 6.0759e-14 -2.9941e-12 1.5211e-12 1.5638e-12 8.7829e-13 7.5632e-13 -1.0252e-12 7.2038e-15 -1.8215e-12 -1.5576e-13 -6.1259e-13 -9.4682e-13 1.0243e-13 -4.3293e-12 -1.0985e-12 3.6436e-13 -9.9473e-13 1.9958e-12 -2.0605e-12 -3.1593e-13 -8.1442e-13 1.9433e-12 -4.4055e-13 6.0921e-13 -1.3574e-12 2.1639e-13 -9.1569e-13 -1.713e-12 1.115e-13 -6.6685e-13 2.0605e-13 -2.0037e-13 -1.738e-13 6.5368e-15 7.6005e-13 -9.5515e-14 1.1479e-14 4.6078e-13 1.3383e-13 -1.3549e-13 1.6052e-13 -2.7974e-15 2.5654e-14 -6.6662e-14
