3.2993e-11 3.94e-12 -5.7919e-12 5.8631e-12 7.2536e-16 3.2355e-12 2.9458e-12 1.0383e-12 4.6187e-12 -3.1788e-12 1.0804e-11 -6.9927e-12 4.7685e-12 -2.7133e-12 3.1493e-12 -3.5123e-12 -1.2413e-12 4.9468e-12 -5.2657e-12 3.1766e-12 1.5624e-12 -1.8655e-12 2.8169e-12 3.4927e-12 1.8645e-12 -1.0486e-12 -3.7624e-12 1.097e-12 3.5341e-12 7.0518e-13 2.5e-12 3.7705e-12 1.2064e-12 -2.9275e-12 1.5086e-12 1.5953e-12 -6.2136e-13 -4.3005e-12 -1.1087e-12 3.5511e-12 2.3183e-12 6.1012e-12 1.1661e-14 1.9629e-12 2.5078e-14 2.7191e-12 1.9912e-12 -3.8925e-12 1.5502e-12 2.5192e-12 3.313e-13 1.6214e-12 3.2446e-12 3.1033e-12 -1.3565e-13 4.5693e-14 -1.5128e-12 -1.8273e-12 9.9789e-13 4.5607e-13 3.1908e-12 -1.2463e-12 6.7643e-13 1.0146e-12 -8.5258e-13 2.4339e-12 -1.0305e-12 -5.2503e-13 2.2712e-12 5.7175e-13 -2.9978e-13 7.017e-13 1.5951e-13 -1.0466e-13 5.6549e-13 -1.3894e-13 2.0043e-13 -3.64e-14 -1.9005e-14 2.5259e-14
3.94e-12 4.0148e-11 2.6137e-12 9.2712e-12 6.9449e-12 5.7717e-12 1.002e-11 -9.8125e-12 3.57e-12 1.1677e-13 7.3555e-12 -6.1351e-13 9.1946e-12 1.9912e-12 -8.8758e-12 5.0527e-12 -3.3568e-12 -7.5188e-12 5.6472e-12 4.1744e-12 -3.5393e-13 9.7497e-12 2.709e-12 -5.3832e-13 3.4789e-12 9.9202e-13 3.7991e-12 2.881e-12 -7.062e-12 -2.5867e-12 2.5637e-12 -3.5189e-12 -2.1692e-12 4.8302e-12 1.8669e-12 7.0018e-13 3.329e-12 2.2349e-12 -3.3057e-12 4.9081e-12 3.5676e-12 -2.75e-12 -2.6108e-12 1.4097e-12 -2.2493e-12 6.5983e-13 3.3474e-12 4.5909e-13 1.591e-13 -3.2921e-13 1.1341e-13 4.0203e-12 8.5347e-13 2.2148e-17 2.899e-12 6.1375e-13 7.9482e-13 -7.4163e-13 3.4734e-12 -2.0091e-12 4.1754e-12 1.3193e-12 -5.2917e-13 -3.7962e-13 1.2537e-12 9.7373e-13 -2.4143e-13 9.32e-14 1.5182e-12 3.2195e-14 1.0623e-12 1.2065e-12 -8.5604e-14 6.2926e-14 1.4943e-13 5.2992e-14 -1.6246e-13 -9.6571e-15 6.305e-15 -3.6676e-14
-5.7919e-12 2.6137e-12 3.103e-11 -5.1453e-12 4.8647e-12 8.6009e-12 1.6726e-12 9.1183e-13 -6.2892e-12 -3.4278e-12 -2.336e-12 2.7912e-12 -3.338e-12 2.4475e-12 -3.7828e-12 3.2859e-12 -5.9534e-12 -2.0148e-12 -1.1738e-12 -2.4191e-12 1.8458e-12 -2.211e-14 -6.3661e-13 -1.8181e-12 -3.9454e-13 6.4996e-13 4.022e-12 -4.9375e-13 4.0653e-12 -4.4074e-13 -6.2018e-12 -1.3074e-12 4.1989e-12 2.699e-12 1.4762e-13 -8.3832e-14 -3.0452e-12 6.1145e-12 -3.362e-13 -3.1802e-12 2.1868e-12 -5.2956e-13 3.0006e-12 6.2489e-13 5.9226e-13 -4.0465e-13 -2.4187e-13 1.5136e-12 1.9696e-12 5.071e-13 2.9769e-12 -1.3575e-12 3.0745e-13 -1.5551e-12 2.2963e-12 4.9806e-12 3.7225e-12 2.6495e-12 2.3035e-12 -4.8944e-13 1.3168e-12 1.5019e-12 3.6652e-13 -3.4158e-13 2.623e-13 -3.0508e-13 9.6647e-13 -1.2125e-13 5.9832e-13 1.4621e-12 1.7508e-14 9.0189e-13 3.6762e-13 -1.0456e-13 5.3798e-13 -9.6284e-14 -1.7027e-13 -9.8494e-15 2.1412e-14 -1.3173e-14
5.8631e-12 9.2712e-12 -5.1453e-12 2.274e-11 -2.8978e-13 3.1104e-12 -1.178e-12 9.6101e-13 1.7034e-12 -3.8038e-12 2.005e-12 -8.3145e-14 2.2029e-12 4.3862e-12 2.6693e-12 2.0303e-12 4.0069e-12 -3.8537e-12 -1.4879e-12 2.6065e-12 -4.658e-12 5.4024e-12 2.5085e-12 5.4389e-12 1.2371e-12 9.0814e-14 -1.3051e-12 -4.2519e-12 1.2935e-13 -3.1869e-13 4.1406e-13 -3.1544e-12 1.4072e-12 3.7412e-12 -3.1426e-12 -1.2292e-12 1.1568e-12 -3.5837e-12 -2.2547e-14 1.5982e-12 2.0146e-12 1.7e-12 1.2633e-12 -6.5227e-14 -2.2109e-12 1.6894e-14 3.7427e-12 2.1815e-12 -2.7094e-12 -3.9502e-12 1.0719e-12 5.005e-12 1.743e-13 2.4475e-12 7.3797e-13 8.9673e-13 -1.1918e-12 9.2847e-13 3.0998e-13 9.75e-13 1.4151e-12 2.0964e-13 -1.5442e-12 4.3793e-13 1.1267e-12 1.863e-12 -2.3788e-12 6.8826e-13 2.304e-12 4.2371e-13 9.6092e-13 1.4926e-13 -3.2123e-13 -3.4025e-13 9.5711e-14 4.6477e-14 -1.7108e-13 5.0853e-14 -9.9114e-15 -8.7698e-15
7.2536e-16 6.9449e-12 4.8647e-12 -2.8978e-13 2.3179e-11 9.4771e-12 3.7013e-12 -3.4489e-12 3.1445e-12 3.7072e-13 6.0558e-12 6.235e-13 -3.2387e-13 -4.3461e-14 1.8775e-12 4.4809e-12 9.465e-13 -5.4408e-12 1.6543e-12 4.2292e-12 3.6037e-12 3.805e-12 3.6975e-12 3.4968e-12 6.2286e-12 9.8044e-12 5.4018e-12 3.0964e-12 1.7135e-12 -2.4984e-12 -3.2804e-12 1.1076e-12 -6.7617e-13 4.0724e-12 1.3883e-12 1.2225e-12 -1.434e-12 3.7299e-12 2.3689e-12 1.7796e-12 -3.8558e-13 -8.5644e-13 7.5988e-13 -1.3893e-13 2.6388e-12 -2.3316e-12 5.4391e-12 -2.0166e-12 1.9648e-12 -7.2565e-13 -1.5302e-12 9.7297e-13 7.9852e-13 -1.6044e-13 2.2745e-12 -1.1846e-12 2.2623e-12 -1.8749e-12 2.324e-12 3.3087e-13 5.5204e-13 -6.1998e-13 7.2828e-13 -1.4357e-12 6.6919e-14 1.7501e-12 -1.2806e-12 -2.6754e-13 -1.3595e-12 2.0744e-13 2.5288e-13 1.1153e-12 3.4139e-13 5.018e-13 3.3312e-13 3.0721e-13 -2.3628e-13 -4.755e-14 -5.9939e-15 -1.1657e-14
3.2355e-12 5.7717e-12 8.6009e-12 3.1104e-12 9.4771e-12 2.8475e-11 2.0944e-12 8.6694e-14 3.1294e-12 1.1829e-12 1.8053e-12 3.0249e-12 5.7863e-12 3.48e-12 -1.4857e-12 3.2897e-12 3.7382e-12 1.3394e-14 -9.2641e-14 5.1691e-12 4.3264e-12 7.3205e-12 4.295e-12 8.069e-12 3.93e-12 2.3343e-12 -1.586e-13 3.3287e-12 3.5823e-12 -2.8192e-12 6.4436e-12 2.9621e-12 -3.6159e-12 6.5461e-12 -1.8893e-12 1.3113e-12 6.9326e-13 4.6958e-12 -2.7517e-12 3.0479e-12 1.2096e-12 1.0824e-12 7.031e-13 -8.3547e-13 9.3111e-13 -1.4914e-12 4.971e-12 1.5773e-12 -2.4499e-12 -1.027e-12 7.7632e-13 3.1507e-12 2.6822e-13 8.1555e-13 3.2226e-12 5.8171e-13 8.8126e-13 -1.8534e-12 3.7597e-12 -1.4882e-12 1.3382e-12 -4.7651e-13 1.3241e-12 -8.9567e-13 6.398e-14 1.3898e-12 -2.9077e-12 -1.6961e-13 1.0696e-12 -4.8057e-13 -1.1522e-13 8.4901e-13 3.7365e-13 -1.6272e-13 2.9096e-13 6.1152e-13 -1.8194e-13 3.2776e-14 -1.646e-14 -1.0975e-14
2.9458e-12 1.002e-11 1.6726e-12 -1.178e-12 3.7013e-12 2.0944e-12 1.9549e-11 -2.7435e-12 -9.9954e-13 4.804e-12 1.2573e-11 -2.5552e-12 7.68e-13 2.467e-12 6.112e-12 1.0178e-12 -1.2316e-12 2.1772e-12 1.5087e-13 6.8275e-13 3.4613e-12 4.4017e-12 -1.2023e-12 -5.7431e-14 4.6648e-12 -1.7377e-12 2.0788e-12 7.3897e-12 -1.307e-12 5.76e-13 9.9972e-13 1.8398e-12 -1.1271e-12 1.783e-12 3.4231e-12 4.8923e-13 1.4088e-12 -7.155e-13 4.0105e-14 2.9532e-12 2.2178e-12 -2.2479e-12 -1.016e-12 1.1259e-12 9.2209e-14 1.7936e-12 -1.1663e-12 -3.0194e-12 1.1772e-12 1.135e-12 2.9567e-12 -1.3223e-12 4.0982e-13 -5.7578e-13 3.9083e-13 -1.2717e-13 -2.3492e-13 -1.245e-12 -1.7961e-13 7.4448e-13 1.5233e-12 7.0398e-13 1.5969e-12 2.956e-14 3.4597e-13 -6.3666e-15 1.0299e-12 -1.6279e-13 -6.9147e-13 4.1334e-13 -7.0512e-13 2.4803e-15 6.0724e-13 -4.2842e-14 -1.9407e-13 1.2617e-13 1.6424e-13 2.6906e-14 -2.7438e-14 -1.1026e-14
1.0383e-12 -9.8125e-12 9.1183e-13 9.6101e-13 -3.4489e-12 8.6694e-14 -2.7435e-12 2.9516e-11 -3.4624e-12 1.9511e-13 -4.8234e-13 1.4986e-12 4.3979e-12 6.8542e-12 3.104e-12 3.4346e-12 1.0475e-11 6.6383e-12 -2.8676e-12 1.7006e-12 -1.1911e-12 -1.3031e-12 3.3404e-13 3.6936e-12 1.2482e-12 -1.1446e-12 1.472e-12 -1.6271e-12 -4.2179e-13 6.7812e-12 1.1254e-12 5.8661e-12 1.017e-12 -1.3599e-13 -7.2543e-12 -1.3786e-12 2.0923e-12 -6.261e-13 -9.9281e-13 3.7865e-12 -1.7733e-12 -9.4354e-13 4.9704e-12 -2.7316e-13 7.3807e-13 3.8888e-13 4.0793e-12 2.24e-12 1.7929e-12 -2.6892e-12 2.9126e-13 6.2697e-13 5.0609e-13 2.1012e-12 -9.7113e-13 4.8037e-13 -1.9383e-12 -5.0208e-13 -1.624e-12 -8.688e-13 1.0442e-12 -6.0581e-14 1.3333e-12 -1.0093e-12 1.3048e-13 5.1723e-13 4.7564e-13 7.4508e-13 -1.126e-12 1.0221e-13 -3.578e-13 -3.1103e-13 -1.1256e-12 -4.2843e-13 -1.8428e-13 -5.8493e-13 1.6859e-13 7.6526e-14 -1.2309e-15 1.5887e-14
4.6187e-12 3.57e-12 -6.2892e-12 1.7034e-12 3.1445e-12 3.1294e-12 -9.9954e-13 -3.4624e-12 2.0515e-11 1.8705e-12 6.7452e-12 2.8377e-12 4.9478e-12 4.821e-12 3.8731e-12 1.763e-12 9.3751e-12 5.3147e-12 -5.0605e-13 3.8315e-12 6.0463e-12 6.8408e-12 5.7111e-12 2.9377e-12 4.4978e-12 3.5889e-12 2.1181e-12 2.8011e-12 3.9829e-12 7.523e-12 2.0742e-12 5.7946e-14 2.4418e-12 3.9241e-12 3.884e-12 1.3616e-12 4.7186e-12 1.4845e-12 6.2736e-13 2.2845e-12 3.1555e-12 1.048e-12 -1.4203e-12 2.3001e-12 -3.0725e-13 -1.8953e-14 2.0227e-12 8.4617e-13 4.6811e-13 -1.3006e-12 -5.3464e-13 1.0768e-12 6.5522e-13 1.6234e-12 1.9161e-12 -2.6802e-13 -2.3348e-12 -1.4261e-12 2.0369e-12 -3.014e-13 1.3016e-12 -1.9631e-12 -2.6539e-12 -3.7393e-13 -1.4761e-12 2.6897e-12 -1.9408e-12 -5.2816e-13 5.9774e-13 -6.1938e-13 6.6351e-13 -7.1757e-14 -1.9913e-13 1.3217e-13 -2.2665e-13 -5.7734e-14 8.6972e-14 4.6392e-14 -1.086e-14 4.6547e-16
-3.1788e-12 1.1677e-13 -3.4278e-12 -3.8038e-12 3.7072e-13 1.1829e-12 4.804e-12 1.9511e-13 1.8705e-12 2.1583e-11 4.3111e-12 7.2139e-12 7.1827e-12 1.8344e-12 5.9554e-12 1.3022e-12 8.347e-13 3.0303e-12 4.4855e-12 2.8449e-12 9.129e-12 6.399e-12 1.1823e-12 -9.6652e-13 4.8955e-12 4.5037e-12 -1.0334e-12 6.5955e-12 -1.229e-12 3.342e-12 5.393e-12 2.0391e-12 3.1428e-12 1.054e-12 3.1976e-12 4.8849e-12 4.2118e-12 3.3991e-12 3.5635e-13 4.3269e-12 -2.7996e-14 2.1372e-12 -1.6558e-12 -2.6325e-12 7.8956e-13 2.4512e-13 -1.696e-12 8.778e-14 -1.0241e-12 3.8874e-13 -1.3122e-12 -9.7259e-14 2.0803e-12 -4.0274e-12 -1.8681e-12 -2.7084e-12 -4.5505e-13 -9.4495e-13 1.3982e-12 -1.5853e-12 -6.0316e-13 -1.8378e-12 8.3684e-13 7.8916e-14 -4.4278e-13 -4.2033e-13 -7.8672e-13 2.9176e-13 -1.2851e-12 -1.056e-12 6.1612e-14 -9.3441e-14 -4.4776e-13 -1.72e-13 -6.8109e-13 6.3694e-14 7.2895e-14 4.2734e-14 -1.8162e-14 -1.1568e-14
1.0804e-11 7.3555e-12 -2.336e-12 2.005e-12 6.0558e-12 1.8053e-12 1.2573e-11 -4.8234e-13 6.7452e-12 4.3111e-12 3.4731e-11 2.8138e-12 2.5852e-12 5.8251e-12 1.4821e-11 5.2989e-12 7.9261e-12 2.9358e-12 5.0653e-12 5.6055e-12 3.9721e-12 1.0452e-11 3.6844e-12 -3.7632e-13 1.6828e-11 2.5586e-12 4.4954e-12 9.8369e-12 5.2572e-12 5.9644e-12 2.0646e-12 -3.9176e-13 -2.1535e-12 6.9313e-14 7.3788e-12 -4.3322e-14 -1.2105e-12 -4.6805e-12 4.0399e-12 2.7098e-12 1.1301e-12 4.9668e-13 -1.3459e-12 8.0577e-13 4.1161e-13 2.3664e-12 2.0226e-12 -7.1711e-12 -2.7349e-13 6.7466e-13 3.7861e-12 -4.5434e-13 2.0351e-12 2.042e-12 -1.5977e-13 -1.7856e-12 2.167e-14 -1.0014e-12 8.1998e-13 -1.9841e-13 1.8373e-12 -1.3931e-12 2.0313e-12 3.0406e-13 -1.9077e-13 6.7922e-13 2.4143e-13 5.8959e-13 -7.0805e-14 5.8274e-13 -5.3433e-15 -2.652e-13 -1.2336e-13 5.7202e-13 7.5116e-14 -4.0185e-13 1.1932e-13 1.0612e-14 -3.1757e-14 -1.5468e-14
-6.9927e-12 -6.1351e-13 2.7912e-12 -8.3145e-14 6.235e-13 3.0249e-12 -2.5552e-12 1.4986e-12 2.8377e-12 7.2139e-12 2.8138e-12 3.1968e-11 5.7961e-12 7.2288e-12 3.9757e-12 1.1938e-11 8.3606e-12 1.5055e-12 9.8172e-12 7.1912e-12 1.1283e-11 1.1739e-11 8.8258e-12 6.2628e-12 7.2323e-12 7.13e-12 4.2795e-12 8.3826e-13 3.6163e-12 3.3596e-12 7.3487e-12 3.7126e-12 -6.8859e-13 -1.5306e-12 4.0324e-12 2.8669e-12 2.5958e-12 4.5649e-12 4.6103e-12 1.1201e-12 3.4754e-12 1.3503e-12 -4.158e-13 -1.7465e-12 2.5328e-12 3.7342e-13 2.1609e-12 3.5458e-12 1.183e-12 -1.1934e-12 -2.751e-12 -1.5825e-13 -1.6538e-12 -3.5338e-12 6.4105e-13 -9.1727e-13 -1.3474e-12 7.2155e-13 1.5573e-12 -1.6034e-12 1.7348e-13 -2.0072e-12 -1.0087e-12 -6.1152e-13 -2.7082e-13 1.2003e-12 8.8936e-14 3.4517e-13 -9.1596e-13 -1.4711e-12 1.9753e-14 7.8854e-13 -1.2283e-12 3.4887e-13 -5.8359e-13 -3.6492e-13 -4.2405e-13 -5.2071e-14 -6.6441e-16 2.9985e-14
4.7685e-12 9.1946e-12 -3.338e-12 2.2029e-12 -3.2387e-13 5.7863e-12 7.68e-13 4.3979e-12 4.9478e-12 7.1827e-12 2.5852e-12 5.7961e-12 3.4181e-11 6.8624e-12 -3.3459e-12 7.9499e-12 2.6895e-12 6.8595e-12 6.1215e-12 1.0156e-11 6.7951e-12 4.1399e-12 5.754e-12 8.3453e-12 3.8264e-12 4.8375e-12 -2.9119e-12 7.6986e-12 5.0457e-12 1.0812e-12 8.4075e-12 -5.9707e-14 -1.0224e-12 7.0614e-12 1.7805e-12 4.9108e-12 5.9409e-12 8.6981e-12 3.6318e-12 8.3372e-12 -1.3382e-12 1.5518e-12 -4.1018e-12 3.6944e-13 5.0362e-13 -1.3418e-12 1.1951e-12 3.2318e-12 -2.4085e-12 -3.5207e-12 -1.9617e-13 3.039e-13 1.9508e-12 1.7297e-12 1.5225e-12 -9.8131e-13 -2.4231e-12 6.2589e-13 2.2265e-12 -5.1531e-12 4.4892e-12 -9.3666e-13 4.3678e-13 2.1197e-13 -7.842e-13 2.049e-12 -2.3515e-12 1.4105e-12 1.0015e-12 -1.6309e-12 2.8918e-14 1.5377e-12 -1.2805e-12 -5.2671e-13 2.7338e-13 -3.1465e-13 -9.3817e-14 5.1536e-14 1.6876e-14 -7.7363e-15
-2.7133e-12 1.9912e-12 2.4475e-12 4.3862e-12 -4.3461e-14 3.48e-12 2.467e-12 6.8542e-12 4.821e-12 1.8344e-12 5.8251e-12 7.2288e-12 6.8624e-12 2.9685e-11 5.6814e-12 7.7395e-12 1.2167e-11 7.7106e-12 9.054e-12 7.9978e-14 7.7379e-12 9.3517e-12 4.9361e-12 5.6885e-12 4.482e-12 2.3181e-12 4.5369e-12 3.6924e-12 2.2628e-12 9.9032e-12 6.9014e-12 3.1168e-12 -8.2438e-13 4.7359e-12 6.2286e-12 5.4308e-13 5.5431e-12 4.8898e-12 -7.4393e-13 1.3887e-12 3.352e-12 -1.4883e-13 -7.3458e-13 6.5875e-13 5.2315e-12 7.1601e-13 5.7648e-12 2.5949e-12 4.5402e-12 -3.4147e-12 2.2777e-12 2.2051e-12 -4.5008e-13 1.4407e-12 -3.0463e-13 1.0794e-12 -1.6843e-13 -5.6873e-13 7.2616e-14 -1.802e-12 1.8073e-12 -2.9142e-12 -4.8625e-13 1.3698e-12 1.0723e-14 1.9911e-12 -1.2532e-12 1.1693e-12 4.6576e-13 6.7089e-13 -7.4091e-13 1.9641e-13 -1.3303e-13 -1.4304e-13 -1.2296e-12 6.2139e-14 3.1875e-14 8.2613e-14 -3.171e-14 9.77e-15
3.1493e-12 -8.8758e-12 -3.7828e-12 2.6693e-12 1.8775e-12 -1.4857e-12 6.112e-12 3.104e-12 3.8731e-12 5.9554e-12 1.4821e-11 3.9757e-12 -3.3459e-12 5.6814e-12 3.098e-11 2.4247e-12 6.0091e-12 5.9156e-12 -1.8286e-12 6.3738e-12 6.19e-12 1.073e-11 6.6599e-12 3.8923e-12 1.4772e-11 4.3314e-12 2.1667e-12 4.4284e-12 7.3109e-12 3.6208e-12 7.2733e-13 -2.6782e-12 2.2587e-12 7.2426e-13 5.13e-12 2.169e-12 1.9971e-12 -2.1212e-12 -6.6869e-13 1.2325e-12 2.0072e-12 1.3022e-13 1.1618e-12 8.0183e-14 1.8506e-13 6.5886e-13 -2.4165e-13 -2.4392e-12 -2.3701e-12 -4.8472e-14 3.067e-12 -1.8085e-12 1.0158e-13 -4.9173e-13 -2.827e-12 -9.5619e-13 2.0381e-13 -4.7218e-13 -1.897e-12 1.2178e-12 6.332e-13 -1.92e-12 1.3189e-12 2.8629e-13 -3.8147e-13 1.1394e-12 -1.9512e-13 -7.7449e-13 -1.5466e-12 1.0431e-12 -4.1026e-14 -5.0956e-13 -3.6596e-13 1.9404e-13 -1.0975e-13 -3.1621e-13 -1.0694e-13 4.2219e-14 -3.586e-14 1.0557e-15
-3.5123e-12 5.0527e-12 3.2859e-12 2.0303e-12 4.4809e-12 3.2897e-12 1.0178e-12 3.4346e-12 1.763e-12 1.3022e-12 5.2989e-12 1.1938e-11 7.9499e-12 7.7395e-12 2.4247e-12 1.8069e-11 6.1335e-12 -3.0625e-13 1.1061e-11 4.8387e-12 5.1282e-12 4.6246e-12 7.1363e-12 6.4284e-12 5.8731e-12 6.3916e-12 3.4168e-12 2.3018e-12 1.9147e-12 1.5649e-12 3.5279e-12 1.2106e-12 2.0451e-12 1.8325e-12 1.3567e-12 3.171e-13 1.1086e-12 2.2643e-12 3.8145e-12 3.689e-12 -2.5584e-13 3.1362e-14 -3.0612e-12 -1.2236e-13 8.8024e-13 1.1903e-13 4.7634e-12 1.4928e-12 9.3398e-13 -3.8434e-12 -2.2932e-12 1.7319e-12 -6.2152e-13 -1.1864e-12 3.5166e-12 6.0909e-13 -6.822e-13 2.0976e-12 -4.4058e-13 -1.3338e-12 7.2772e-13 -2.2323e-12 -5.8214e-13 -3.6628e-13 -5.7711e-13 6.5516e-13 -7.9337e-13 -7.3244e-13 -9.3592e-13 -2.1151e-13 5.5534e-13 2.842e-14 -7.5864e-13 6.8891e-14 1.9153e-14 -4.0189e-13 -1.9285e-13 -4.2933e-14 -2.0571e-15 -9.2631e-15
-1.2413e-12 -3.3568e-12 -5.9534e-12 4.0069e-12 9.465e-13 3.7382e-12 -1.2316e-12 1.0475e-11 9.3751e-12 8.347e-13 7.9261e-12 8.3606e-12 2.6895e-12 1.2167e-11 6.0091e-12 6.1335e-12 2.5176e-11 8.6423e-12 6.3487e-12 7.8349e-12 6.6827e-12 8.7499e-12 7.8764e-12 6.8439e-12 7.4589e-12 2.6114e-12 5.5856e-12 3.5524e-12 4.2672e-13 9.6592e-12 5.5171e-12 7.1173e-12 3.0337e-13 2.8024e-12 4.4643e-13 -1.0401e-12 2.9519e-12 3.0219e-12 2.7379e-12 4.5851e-12 6.4882e-13 1.5085e-13 1.62e-12 -2.5748e-14 5.2808e-13 1.9593e-12 5.9832e-12 2.1588e-12 7.7729e-13 -2.6889e-12 2.2944e-13 6.3099e-13 -9.8838e-13 1.3498e-12 6.2627e-13 -5.3296e-13 -3.6122e-12 -9.5529e-13 -1.1305e-13 8.5122e-14 9.1371e-14 -1.8201e-12 -1.8573e-13 -7.8189e-13 -9.9452e-14 1.9022e-12 -2.4203e-12 6.536e-13 2.2792e-13 -4.5812e-13 1.1024e-13 -2.6667e-13 -6.9057e-13 -1.4989e-13 -7.0472e-13 -1.7059e-13 -6.0177e-14 9.4349e-14 6.9821e-15 1.5221e-14
4.9468e-12 -7.5188e-12 -2.0148e-12 -3.8537e-12 -5.4408e-12 1.3394e-14 2.1772e-12 6.6383e-12 5.3147e-12 3.0303e-12 2.9358e-12 1.5055e-12 6.8595e-12 7.7106e-12 5.9156e-12 -3.0625e-13 8.6423e-12 2.9529e-11 1.422e-12 1.6133e-12 4.4236e-12 1.5597e-12 6.2073e-12 4.3167e-12 6.3059e-12 -4.5122e-12 -4.9983e-14 9.9974e-13 5.8548e-13 5.7755e-12 7.2829e-12 8.2321e-12 1.326e-12 3.4598e-12 4.5629e-12 -9.0123e-13 2.588e-12 2.7327e-12 -2.538e-12 4.8666e-12 -4.5802e-13 -1.2823e-12 2.4577e-12 7.3385e-13 2.4687e-12 3.8996e-13 -4.6173e-13 -8.495e-14 2.1057e-12 -2.7477e-12 3.8211e-12 -5.8838e-13 -3.5684e-13 1.2328e-12 -1.1286e-13 1.5259e-12 -1.6854e-12 -6.3748e-13 -9.5271e-13 -2.6427e-13 1.876e-12 -1.1267e-12 1.9537e-12 -1.0363e-12 -4.5137e-13 1.6206e-12 -8.9652e-13 -7.567e-13 -1.4663e-12 2.5057e-13 -1.705e-12 1.0027e-13 -7.4189e-15 -6.9025e-13 -7.9894e-13 -5.6551e-14 8.6267e-14 2.1059e-14 2.7435e-14 3.3357e-15
-5.2657e-12 5.6472e-12 -1.1738e-12 -1.4879e-12 1.6543e-12 -9.2641e-14 1.5087e-13 -2.8676e-12 -5.0605e-13 4.4855e-12 5.0653e-12 9.8172e-12 6.1215e-12 9.054e-12 -1.8286e-12 1.1061e-11 6.3487e-12 1.422e-12 2.9494e-11 6.4122e-12 6.5759e-12 8.1726e-12 -6.3361e-13 6.2537e-12 7.5619e-12 7.3312e-12 3.0538e-12 7.7577e-12 -1.6746e-12 1.2663e-12 1.816e-12 5.4719e-12 1.2813e-13 5.4999e-12 2.6221e-12 -3.0237e-12 3.1656e-12 7.4793e-13 6.2683e-12 4.5046e-12 2.4872e-12 -2.2974e-12 -7.1474e-12 -3.4743e-12 3.4087e-13 6.3357e-13 3.5253e-12 -3.3072e-12 3.0296e-12 -1.0746e-12 -1.0556e-12 -3.1596e-13 -8.9873e-14 -1.714e-12 2.1843e-12 -1.5115e-12 6.9972e-14 1.542e-12 -7.6232e-13 -3.027e-12 5.3272e-13 -2.3976e-12 1.048e-13 1.5046e-12 -1.8566e-12 6.9586e-14 -9.5916e-14 -2.7206e-13 -4.7594e-13 -3.21e-13 7.4466e-14 4.3953e-14 1.7287e-13 3.8051e-14 -7.6128e-13 1.34e-13 -1.0082e-13 -7.3002e-14 -1.185e-14 -2.6027e-14
3.1766e-12 4.1744e-12 -2.4191e-12 2.6065e-12 4.2292e-12 5.1691e-12 6.8275e-13 1.7006e-12 3.8315e-12 2.8449e-12 5.6055e-12 7.1912e-12 1.0156e-11 7.9978e-14 6.3738e-12 4.8387e-12 7.8349e-12 1.6133e-12 6.4122e-12 2.1859e-11 8.9999e-12 7.8923e-12 4.786e-12 6.0853e-12 1.1284e-11 6.5229e-12 3.9446e-12 3.9416e-12 4.2266e-12 -1.3786e-12 -2.0507e-13 5.3853e-13 -7.4615e-13 3.661e-12 -4.031e-13 3.6146e-12 1.9186e-12 2.7345e-12 2.1084e-13 6.7267e-12 6.4521e-13 1.492e-12 -4.6605e-12 -2.9879e-12 -1.1842e-12 1.0151e-12 4.1345e-12 2.3058e-12 -3.4195e-12 3.0946e-13 2.9827e-13 -1.4097e-12 -7.1656e-14 2.2161e-12 1.1325e-12 -1.2854e-13 -1.1002e-12 -9.2569e-13 1.1146e-12 -1.1505e-12 1.163e-12 -2.7478e-13 2.4143e-13 -1.3592e-12 1.7181e-13 1.4828e-12 -8.6585e-13 -3.2715e-14 -6.9949e-13 -8.9002e-13 2.4455e-13 8.3908e-13 -3.797e-13 -4.1339e-14 8.2056e-14 -9.7152e-14 -1.1182e-13 1.3021e-14 1.0174e-14 -1.1156e-15
1.5624e-12 -3.5393e-13 1.8458e-12 -4.658e-12 3.6037e-12 4.3264e-12 3.4613e-12 -1.1911e-12 6.0463e-12 9.129e-12 3.9721e-12 1.1283e-11 6.7951e-12 7.7379e-12 6.19e-12 5.1282e-12 6.6827e-12 4.4236e-12 6.5759e-12 8.9999e-12 2.4286e-11 8.7684e-12 1.1681e-12 2.0273e-12 8.9099e-12 7.2526e-12 3.075e-13 2.9641e-12 5.1861e-13 3.4346e-12 2.3425e-12 5.2684e-12 2.3369e-12 3.4261e-12 4.1831e-12 4.2016e-12 4.2483e-12 3.9009e-12 5.1297e-13 5.0543e-12 1.1403e-12 -5.2791e-13 -3.3218e-12 -1.468e-12 -9.022e-13 2.3223e-12 1.4458e-12 2.2823e-12 8.2386e-14 2.7591e-12 -6.1946e-13 -3.2844e-12 1.3088e-12 -2.1149e-12 -2.994e-13 -1.4308e-12 -3.1054e-12 -1.8935e-12 1.4191e-12 -1.7489e-12 8.33e-13 -2.5094e-12 4.0336e-13 7.7524e-13 -1.153e-12 1.5908e-12 6.5359e-13 -2.1655e-13 -6.9004e-13 -9.3613e-13 -8.8964e-13 9.4887e-13 2.0068e-14 -1.2602e-13 -8.3829e-13 9.8678e-14 -9.65e-14 6.4912e-14 1.4144e-14 1.0951e-14
-1.8655e-12 9.7497e-12 -2.211e-14 5.4024e-12 3.805e-12 7.3205e-12 4.4017e-12 -1.3031e-12 6.8408e-12 6.399e-12 1.0452e-11 1.1739e-11 4.1399e-12 9.3517e-12 1.073e-11 4.6246e-12 8.7499e-12 1.5597e-12 8.1726e-12 7.8923e-12 8.7684e-12 2.9555e-11 5.5784e-12 4.4682e-12 1.2924e-11 6.3059e-12 2.8924e-12 4.2385e-12 5.1295e-13 5.6583e-12 4.6207e-12 -1.4988e-12 -1.8005e-12 5.7411e-12 2.1245e-12 -7.8562e-13 3.9441e-12 9.685e-13 -1.1597e-12 2.9699e-12 4.3685e-12 5.3288e-13 1.6121e-12 -5.1024e-13 1.4565e-12 9.6024e-13 3.3612e-12 -2.0587e-13 -1.3039e-12 -1.087e-13 1.9127e-12 1.4955e-12 2.6392e-13 -1.0041e-12 -4.7803e-13 -8.15e-13 -1.2731e-12 -2.2361e-12 1.2446e-12 -9.6395e-13 1.4145e-12 5.6187e-13 2.305e-12 9.0774e-13 1.3872e-12 9.5722e-13 -1.554e-12 1.162e-12 1.7808e-12 -6.8931e-13 1.5146e-13 8.139e-13 1.093e-13 -2.0548e-13 -8.6022e-14 4.238e-13 -1.8751e-13 6.6967e-15 1.23e-14 -1.296e-14
2.8169e-12 2.709e-12 -6.3661e-13 2.5085e-12 3.6975e-12 4.295e-12 -1.2023e-12 3.3404e-13 5.7111e-12 1.1823e-12 3.6844e-12 8.8258e-12 5.754e-12 4.9361e-12 6.6599e-12 7.1363e-12 7.8764e-12 6.2073e-12 -6.3361e-13 4.786e-12 1.1681e-12 5.5784e-12 2.0902e-11 7.2346e-12 7.4658e-12 2.7222e-12 2.4619e-12 4.6325e-12 3.8525e-12 4.9033e-12 4.4497e-12 3.7643e-12 1.8542e-12 -2.0044e-12 4.0224e-12 1.7478e-12 1.2033e-12 7.4884e-12 7.5271e-14 2.4666e-12 -5.3297e-13 4.0089e-15 2.3242e-12 1.2952e-12 3.9594e-13 -6.4185e-13 4.66e-12 1.3591e-12 -1.7853e-12 -1.0576e-12 9.3566e-14 2.2974e-12 -7.6377e-13 -1.3114e-12 1.0445e-12 1.2528e-12 -8.7539e-13 8.2158e-13 -6.9494e-13 1.176e-12 -1.3282e-13 -2.5049e-12 5.4776e-13 -1.891e-12 -1.9768e-13 2.5297e-12 -3.0791e-12 -7.2212e-13 -9.813e-13 -1.0489e-13 4.4931e-13 3.5545e-13 -9.2325e-13 4.4206e-13 1.5659e-14 -3.1278e-13 -1.6612e-13 1.2467e-14 8.6382e-15 -4.6219e-15
3.4927e-12 -5.3832e-13 -1.8181e-12 5.4389e-12 3.4968e-12 8.069e-12 -5.7431e-14 3.6936e-12 2.9377e-12 -9.6652e-13 -3.7632e-13 6.2628e-12 8.3453e-12 5.6885e-12 3.8923e-12 6.4284e-12 6.8439e-12 4.3167e-12 6.2537e-12 6.0853e-12 2.0273e-12 4.4682e-12 7.2346e-12 2.0864e-11 4.8872e-12 3.4401e-12 2.5367e-12 5.1938e-12 1.9559e-12 -1.4341e-12 1.8085e-12 2.4807e-12 -7.005e-13 5.2438e-12 7.4238e-13 -2.5803e-15 2.8958e-12 2.2985e-12 -1.0219e-13 5.9298e-12 2.8826e-13 -3.6958e-13 -1.0089e-12 -1.1943e-12 8.8276e-13 -1.3935e-12 2.9734e-12 3.1461e-12 5.098e-13 -1.5187e-12 2.2704e-12 3.0076e-13 2.3708e-13 -4.6776e-13 3.0766e-12 1.4394e-12 -1.3008e-12 -4.1866e-13 -2.221e-12 -1.2643e-12 2.4431e-12 3.4885e-13 2.2949e-14 -8.2775e-14 -1.8975e-13 1.3437e-12 -2.8191e-12 -8.4402e-13 -1.2167e-13 -3.9608e-13 2.1106e-13 2.7872e-13 -4.798e-13 -7.2885e-14 -1.2193e-13 -6.5296e-14 -7.5262e-14 2.6879e-15 -6.4891e-15 -1.0646e-14
1.8645e-12 3.4789e-12 -3.9454e-13 1.2371e-12 6.2286e-12 3.93e-12 4.6648e-12 1.2482e-12 4.4978e-12 4.8955e-12 1.6828e-11 7.2323e-12 3.8264e-12 4.482e-12 1.4772e-11 5.8731e-12 7.4589e-12 6.3059e-12 7.5619e-12 1.1284e-11 8.9099e-12 1.2924e-11 7.4658e-12 4.8872e-12 3.243e-11 5.002e-12 9.2092e-12 7.5359e-12 2.2811e-12 3.284e-12 9.9169e-14 3.0162e-12 2.0607e-12 2.9122e-12 5.9952e-12 -2.0842e-12 1.9217e-12 5.4063e-13 1.3113e-12 3.9717e-13 1.1347e-12 -5.7073e-13 -4.5107e-13 -2.4618e-12 3.6972e-13 -1.8804e-12 8.6215e-13 -1.4973e-12 -2.8797e-12 -4.2755e-13 4.7265e-12 -1.3785e-12 1.7966e-12 3.1944e-14 -1.4939e-12 -3.6444e-13 -2.0187e-12 -1.4075e-12 8.8054e-14 -4.8385e-13 1.495e-12 -1.0571e-12 2.3527e-12 -2.5353e-13 -4.7327e-13 -1.2134e-13 -1.707e-12 -1.2901e-12 -1.5208e-12 6.7391e-14 1.3753e-13 4.5432e-13 -6.0185e-14 -1.9552e-13 -4.4879e-13 -4.6831e-13 -1.5938e-13 5.1515e-14 7.8648e-15 1.8013e-15
-1.0486e-12 9.9202e-13 6.4996e-13 9.0814e-14 9.8044e-12 2.3343e-12 -1.7377e-12 -1.1446e-12 3.5889e-12 4.5037e-12 2.5586e-12 7.13e-12 4.8375e-12 2.3181e-12 4.3314e-12 6.3916e-12 2.6114e-12 -4.5122e-12 7.3312e-12 6.5229e-12 7.2526e-12 6.3059e-12 2.7222e-12 3.4401e-12 5.002e-12 1.6151e-11 1.2135e-12 4.404e-12 3.5045e-12 2.5178e-12 -5.8102e-13 1.8014e-12 2.9634e-12 3.9777e-12 1.2969e-12 3.8167e-12 8.2046e-13 1.8353e-12 3.5016e-12 5.0579e-12 1.5795e-12 1.7677e-12 -2.871e-12 1.0754e-12 -2.728e-13 -2.0707e-13 4.0238e-12 -1.3749e-12 4.1642e-13 -1.1948e-12 -1.8436e-12 -1.1364e-12 2.4514e-12 -2.1162e-12 9.4114e-13 -2.1024e-12 5.012e-13 -6.0965e-13 1.0863e-12 -2.1367e-12 6.8326e-13 -5.3107e-13 -7.8274e-13 2.4253e-13 -7.7065e-13 9.01e-13 -2.7411e-13 6.2618e-14 -4.9672e-13 -2.2618e-13 3.7003e-13 1.8943e-13 -8.183e-14 7.574e-14 -1.4742e-13 7.0382e-14 -1.8856e-13 7.1618e-15 5.0182e-15 -1.6687e-15
-3.7624e-12 3.7991e-12 4.022e-12 -1.3051e-12 5.4018e-12 -1.586e-13 2.0788e-12 1.472e-12 2.1181e-12 -1.0334e-12 4.4954e-12 4.2795e-12 -2.9119e-12 4.5369e-12 2.1667e-12 3.4168e-12 5.5856e-12 -4.9983e-14 3.0538e-12 3.9446e-12 3.075e-13 2.8924e-12 2.4619e-12 2.5367e-12 9.2092e-12 1.2135e-12 1.6793e-11 2.3428e-12 1.6189e-12 2.0007e-12 -3.7968e-12 2.631e-12 -1.8936e-13 -6.0282e-13 3.8188e-12 -2.1695e-12 2.1118e-12 -1.7422e-12 5.04e-13 -1.6817e-12 1.1367e-12 -1.8361e-14 1.9867e-12 1.4007e-13 2.9074e-12 -3.8554e-13 2.8755e-12 1.3207e-12 2.3064e-12 3.6588e-13 5.5404e-14 1.3133e-12 -1.4466e-13 -6.1193e-13 -4.2749e-13 2.9168e-12 1.5226e-13 -2.0967e-12 5.4722e-13 1.0631e-12 6.3919e-13 6.672e-13 -2.5538e-13 -9.6288e-13 4.7824e-13 -1.2308e-13 -1.4455e-12 -2.1845e-12 -2.4312e-13 2.8207e-13 6.5123e-13 6.9818e-13 -2.6453e-13 -4.1982e-14 -2.5936e-13 -2.1585e-13 -2.705e-16 4.2027e-14 -2.0994e-14 7.3607e-15
1.097e-12 2.881e-12 -4.9375e-13 -4.2519e-12 3.0964e-12 3.3287e-12 7.3897e-12 -1.6271e-12 2.8011e-12 6.5955e-12 9.8369e-12 8.3826e-13 7.6986e-12 3.6924e-12 4.4284e-12 2.3018e-12 3.5524e-12 9.9974e-13 7.7577e-12 3.9416e-12 2.9641e-12 4.2385e-12 4.6325e-12 5.1938e-12 7.5359e-12 4.404e-12 2.3428e-12 1.5241e-11 3.6069e-12 2.8852e-12 8.2182e-13 2.2334e-12 3.778e-13 3.4583e-12 3.3007e-12 2.457e-12 3.0076e-12 4.1127e-12 3.2478e-12 3.0539e-12 1.6227e-12 -7.9512e-13 -4.311e-12 9.9063e-13 -9.376e-14 -3.7086e-13 9.6584e-13 -3.7944e-12 6.2602e-13 1.1929e-12 2.5093e-12 -1.9149e-12 1.6434e-12 -2.3403e-12 2.7732e-13 -2.6865e-13 2.4424e-13 -6.0078e-13 7.1738e-13 -9.1449e-13 1.7481e-12 -5.2311e-13 9.8437e-13 -2.0553e-13 -1.461e-12 -3.6549e-14 -1.377e-12 -6.8196e-13 -8.8547e-13 1.7327e-14 2.8429e-13 -4.8347e-13 3.3838e-14 1.5661e-13 -4.2111e-13 -8.8339e-14 1.216e-13 3.0839e-14 -1.8183e-14 -3.0538e-14
3.5341e-12 -7.062e-12 4.0653e-12 1.2935e-13 1.7135e-12 3.5823e-12 -1.307e-12 -4.2179e-13 3.9829e-12 -1.229e-12 5.2572e-12 3.6163e-12 5.0457e-12 2.2628e-12 7.3109e-12 1.9147e-12 4.2672e-13 5.8548e-13 -1.6746e-12 4.2266e-12 5.1861e-13 5.1295e-13 3.8525e-12 1.9559e-12 2.2811e-12 3.5045e-12 1.6189e-12 3.6069e-12 1.6701e-11 2.0919e-12 -1.4626e-12 -3.6699e-12 1.7878e-12 9.9192e-13 3.5767e-12 3.3232e-12 5.209e-13 2.1531e-12 3.2097e-12 -7.0906e-13 1.9668e-12 1.5209e-12 -1.7059e-12 6.3455e-13 1.8345e-12 2.1093e-13 1.3279e-12 -8.27e-13 -3.5287e-13 4.8196e-13 -2.3566e-13 -2.0819e-12 2.8956e-13 1.1355e-12 -5.1688e-13 -2.3487e-14 8.7936e-13 1.5471e-12 1.5055e-12 -2.0945e-13 1.5903e-12 -8.3709e-13 -1.2486e-12 -7.1561e-13 -1.4545e-12 1.3065e-12 -1.6176e-12 -3.6007e-13 2.6454e-13 -1.1924e-13 4.7001e-13 -3.6662e-14 -3.1726e-13 1.0768e-13 5.2963e-13 -1.8695e-13 -3.699e-14 1.2809e-14 -2.1534e-14 1.8717e-14
7.0518e-13 -2.5867e-12 -4.4074e-13 -3.1869e-13 -2.4984e-12 -2.8192e-12 5.76e-13 6.7812e-12 7.523e-12 3.342e-12 5.9644e-12 3.3596e-12 1.0812e-12 9.9032e-12 3.6208e-12 1.5649e-12 9.6592e-12 5.7755e-12 1.2663e-12 -1.3786e-12 3.4346e-12 5.6583e-12 4.9033e-12 -1.4341e-12 3.284e-12 2.5178e-12 2.0007e-12 2.8852e-12 2.0919e-12 1.7904e-11 2.7262e-12 4.0183e-12 3.4062e-12 -1.8166e-12 2.4498e-12 -4.2551e-13 4.1513e-12 1.6639e-12 1.2434e-12 1.5592e-13 1.8234e-12 4.0673e-13 3.6184e-12 2.9103e-12 1.7819e-13 1.0735e-12 3.294e-12 -6.5447e-13 2.2876e-12 -2.8832e-12 2.3199e-12 2.7853e-13 1.3367e-12 1.1966e-12 -4.0174e-13 1.1084e-12 -1.9795e-12 2.7257e-13 3.9474e-13 -9.6167e-13 -1.7027e-13 -1.3599e-12 -1.3159e-12 9.9156e-13 -7.7183e-13 5.1824e-13 -3.3755e-13 8.0026e-13 2.1729e-13 -1.0428e-13 -4.0572e-14 -5.4262e-13 -1.5e-13 -5.7861e-14 -6.9173e-13 -9.625e-14 2.0032e-13 8.9307e-14 -8.2205e-15 1.7474e-14
2.5e-12 2.5637e-12 -6.2018e-12 4.1406e-13 -3.2804e-12 6.4436e-12 9.9972e-13 1.1254e-12 2.0742e-12 5.393e-12 2.0646e-12 7.3487e-12 8.4075e-12 6.9014e-12 7.2733e-13 3.5279e-12 5.5171e-12 7.2829e-12 1.816e-12 -2.0507e-13 2.3425e-12 4.6207e-12 4.4497e-12 1.8085e-12 9.9169e-14 -5.8102e-13 -3.7968e-12 8.2182e-13 -1.4626e-12 2.7262e-12 1.6901e-11 1.5044e-12 -3.3316e-12 -8.8729e-13 2.8433e-12 1.8167e-12 6.1698e-13 4.2083e-12 -1.2346e-12 2.7006e-12 -7.9828e-13 -3.1333e-13 6.3399e-13 1.3273e-12 1.4075e-12 8.2625e-13 3.6857e-13 1.2445e-12 4.7844e-13 -4.0974e-12 -9.5837e-13 2.2998e-12 -2.3497e-13 -1.1959e-12 -1.3121e-12 -2.6706e-12 -1.3993e-12 -1.2827e-13 2.5457e-12 -1.9475e-12 6.1348e-13 -1.8599e-12 7.3589e-13 6.1293e-13 5.7631e-13 4.6026e-13 -9.2523e-13 1.0543e-12 7.1408e-13 -1.036e-12 -8.8462e-13 -7.7179e-14 -5.5228e-13 -2.2417e-13 -4.0007e-13 1.5875e-13 8.8819e-15 1.9105e-14 -4.5169e-16 2.4389e-14
3.7705e-12 -3.5189e-12 -1.3074e-12 -3.1544e-12 1.1076e-12 2.9621e-12 1.8398e-12 5.8661e-12 5.7946e-14 2.0391e-12 -3.9176e-13 3.7126e-12 -5.9707e-14 3.1168e-12 -2.6782e-12 1.2106e-12 7.1173e-12 8.2321e-12 5.4719e-12 5.3853e-13 5.2684e-12 -1.4988e-12 3.7643e-12 2.4807e-12 3.0162e-12 1.8014e-12 2.631e-12 2.2334e-12 -3.6699e-12 4.0183e-12 1.5044e-12 1.5855e-11 1.9531e-12 3.3661e-13 3.6738e-13 -1.9522e-12 2.6757e-12 1.48e-12 2.2707e-12 3.9296e-12 -6.6728e-14 -3.9622e-13 2.0673e-12 2.5298e-13 9.8846e-13 -4.5604e-14 2.7031e-12 -1.4107e-12 2.6396e-12 9.9234e-13 -1.1188e-12 7.6963e-13 1.5132e-12 -7.8536e-13 3.6911e-13 3.8715e-13 -7.5755e-13 -2.4197e-12 -1.1006e-12 5.2654e-14 -1.7068e-13 -1.6502e-12 1.1639e-12 -1.2984e-13 -1.247e-12 1.5698e-12 3.9018e-14 -7.1846e-13 -1.0826e-12 1.604e-13 -1.065e-12 2.2989e-13 2.8332e-13 1.1325e-13 -8.4332e-13 1.0832e-13 5.3916e-14 3.1366e-14 4.3851e-15 1.6103e-15
1.2064e-12 -2.1692e-12 4.1989e-12 1.4072e-12 -6.7617e-13 -3.6159e-12 -1.1271e-12 1.017e-12 2.4418e-12 3.1428e-12 -2.1535e-12 -6.8859e-13 -1.0224e-12 -8.2438e-13 2.2587e-12 2.0451e-12 3.0337e-13 1.326e-12 1.2813e-13 -7.4615e-13 2.3369e-12 -1.8005e-12 1.8542e-12 -7.005e-13 2.0607e-12 2.9634e-12 -1.8936e-13 3.778e-13 1.7878e-12 3.4062e-12 -3.3316e-12 1.9531e-12 1.3062e-11 7.8865e-14 -9.6905e-13 -1.1493e-12 1.8367e-12 1.2393e-12 3.0543e-12 -2.9104e-13 1.2243e-12 -1.3723e-12 -4.5203e-13 5.1083e-13 -2.3761e-12 -1.0965e-12 6.602e-13 5.7286e-13 1.2459e-12 -8.3163e-13 5.3813e-13 3.2537e-13 3.0897e-12 -2.0573e-12 -6.5645e-13 4.9114e-13 -6.8545e-13 2.1233e-12 1.6332e-13 -2.2053e-13 -2.6109e-13 -3.4079e-13 -1.8527e-12 3.4965e-13 -1.4453e-12 4.3894e-13 -8.8683e-13 -1.2861e-12 -3.9161e-13 5.1454e-13 1.6392e-13 -8.8892e-13 -3.3073e-13 -5.3216e-14 -3.4398e-13 -1.8575e-13 1.9065e-13 4.1023e-14 2.6031e-14 -1.1543e-14
-2.9275e-12 4.8302e-12 2.699e-12 3.7412e-12 4.0724e-12 6.5461e-12 1.783e-12 -1.3599e-13 3.9241e-12 1.054e-12 6.9313e-14 -1.5306e-12 7.0614e-12 4.7359e-12 7.2426e-13 1.8325e-12 2.8024e-12 3.4598e-12 5.4999e-12 3.661e-12 3.4261e-12 5.7411e-12 -2.0044e-12 5.2438e-12 2.9122e-12 3.9777e-12 -6.0282e-13 3.4583e-12 9.9192e-13 -1.8166e-12 -8.8729e-13 3.3661e-13 7.8865e-14 1.1521e-11 -2.4571e-13 5.0659e-13 2.8591e-12 2.9259e-12 -5.3228e-13 5.344e-12 1.117e-12 -4.9893e-13 -2.8459e-12 6.7946e-14 -1.3195e-13 -1.211e-12 7.9964e-13 8.0558e-13 2.3208e-13 -1.5883e-12 1.6124e-12 -2.2533e-13 6.6204e-13 3.1243e-13 1.6036e-12 -4.3592e-14 6.7369e-13 -4.9586e-13 7.4543e-13 -1.4939e-12 2.4129e-12 6.1201e-13 2.351e-13 -3.3138e-13 -2.4703e-13 1.2047e-12 -7.9478e-13 1.0953e-13 4.8078e-13 3.0083e-13 1.208e-13 3.1953e-13 5.9086e-13 -4.159e-13 -1.3835e-13 2.6127e-13 -1.7862e-13 3.2326e-14 7.9179e-15 -4.1832e-14
1.5086e-12 1.8669e-12 1.4762e-13 -3.1426e-12 1.3883e-12 -1.8893e-12 3.4231e-12 -7.2543e-12 3.884e-12 3.1976e-12 7.3788e-12 4.0324e-12 1.7805e-12 6.2286e-12 5.13e-12 1.3567e-12 4.4643e-13 4.5629e-12 2.6221e-12 -4.031e-13 4.1831e-12 2.1245e-12 4.0224e-12 7.4238e-13 5.9952e-12 1.2969e-12 3.8188e-12 3.3007e-12 3.5767e-12 2.4498e-12 2.8433e-12 3.6738e-13 -9.6905e-13 -2.4571e-13 1.041e-11 2.7069e-12 1.2629e-12 2.025e-12 -3.6929e-13 -4.3476e-13 6.631e-13 4.4643e-13 -3.8905e-13 -2.4548e-13 2.4886e-12 5.8667e-13 -1.9295e-12 -5.6286e-13 1.8921e-12 5.2286e-13 1.1493e-12 -1.121e-12 1.0619e-12 -8.8262e-13 -9.5264e-13 1.4714e-14 1.9405e-13 -5.0143e-14 -8.6929e-14 -4.7524e-14 1.0388e-12 -1.0831e-12 1.5945e-13 8.8917e-13 -3.3379e-13 6.4936e-13 -1.7431e-13 5.169e-14 -4.3667e-14 -6.1595e-14 6.4762e-14 4.9608e-13 1.9033e-13 2.3935e-13 -2.777e-13 -9.3452e-14 -1.3557e-13 1.3941e-14 -1.641e-14 1.2278e-14
1.5953e-12 7.0018e-13 -8.3832e-14 -1.2292e-12 1.2225e-12 1.3113e-12 4.8923e-13 -1.3786e-12 1.3616e-12 4.8849e-12 -4.3322e-14 2.8669e-12 4.9108e-12 5.4308e-13 2.169e-12 3.171e-13 -1.0401e-12 -9.0123e-13 -3.0237e-12 3.6146e-12 4.2016e-12 -7.8562e-13 1.7478e-12 -2.5803e-15 -2.0842e-12 3.8167e-12 -2.1695e-12 2.457e-12 3.3232e-12 -4.2551e-13 1.8167e-12 -1.9522e-12 -1.1493e-12 5.0659e-13 2.7069e-12 8.5717e-12 -2.6275e-13 3.8525e-12 -2.3296e-12 2.5565e-12 -2.7989e-13 2.7597e-12 -2.5523e-12 2.1056e-13 8.6931e-13 5.3111e-13 -9.2752e-13 5.4637e-13 -6.525e-13 1.2318e-13 -2.2634e-13 -1.0467e-12 6.0358e-13 -1.1693e-12 3.385e-13 -8.8321e-13 4.2541e-13 -3.7445e-13 1.1702e-12 -1.0167e-13 1.4171e-12 -3.0243e-13 -2.882e-13 -4.0274e-13 -4.2466e-14 3.7261e-13 2.1059e-13 7.7902e-13 -3.2142e-13 -1.9344e-13 3.3371e-13 4.1536e-13 -1.0459e-13 -1.879e-13 -7.1551e-14 -3.0429e-14 -1.9401e-13 9.2018e-15 -1.2132e-15 6.8943e-15
-6.2136e-13 3.329e-12 -3.0452e-12 1.1568e-12 -1.434e-12 6.9326e-13 1.4088e-12 2.0923e-12 4.7186e-12 4.2118e-12 -1.2105e-12 2.5958e-12 5.9409e-12 5.5431e-12 1.9971e-12 1.1086e-12 2.9519e-12 2.588e-12 3.1656e-12 1.9186e-12 4.2483e-12 3.9441e-12 1.2033e-12 2.8958e-12 1.9217e-12 8.2046e-13 2.1118e-12 3.0076e-12 5.209e-13 4.1513e-12 6.1698e-13 2.6757e-12 1.8367e-12 2.8591e-12 1.2629e-12 -2.6275e-13 8.6123e-12 5.6553e-13 3.236e-13 4.5006e-13 2.0453e-12 -1.3032e-12 1.9151e-13 -7.873e-13 6.0082e-13 -7.603e-14 1.9908e-12 2.3e-12 1.7879e-12 1.0019e-12 -4.0266e-13 3.1659e-13 1.2096e-12 4.2489e-13 -4.6604e-13 1.6638e-12 -4.3375e-13 -8.3964e-13 3.0419e-13 -1.3092e-12 1.121e-12 -6.0363e-13 -6.8822e-13 1.0804e-12 -1.2157e-12 1.133e-12 -5.2731e-13 -3.2601e-13 -7.935e-13 -4.1805e-13 2.9442e-13 6.3801e-14 -1.7734e-13 2.928e-13 -5.1454e-13 1.5857e-14 4.8331e-14 5.5195e-14 -2.5329e-14 -3.7922e-15
-4.3005e-12 2.2349e-12 6.1145e-12 -3.5837e-12 3.7299e-12 4.6958e-12 -7.155e-13 -6.261e-13 1.4845e-12 3.3991e-12 -4.6805e-12 4.5649e-12 8.6981e-12 4.8898e-12 -2.1212e-12 2.2643e-12 3.0219e-12 2.7327e-12 7.4793e-13 2.7345e-12 3.9009e-12 9.685e-13 7.4884e-12 2.2985e-12 5.4063e-13 1.8353e-12 -1.7422e-12 4.1127e-12 2.1531e-12 1.6639e-12 4.2083e-12 1.48e-12 1.2393e-12 2.9259e-12 2.025e-12 3.8525e-12 5.6553e-13 1.4046e-11 1.4624e-12 1.9168e-12 -2.0221e-13 1.7364e-13 -5.9936e-13 2.5826e-13 7.8847e-13 -2.388e-12 -3.8721e-13 2.5747e-12 1.1803e-13 -1.7292e-12 1.1219e-13 -1.0078e-12 -8.6307e-14 -1.3382e-12 9.673e-13 -8.3225e-13 5.443e-13 7.1038e-13 1.6873e-12 -5.1542e-13 1.5964e-12 -1.3012e-12 2.406e-13 -1.6825e-12 -4.047e-13 1.325e-12 -1.4596e-12 8.0408e-13 -3.2914e-13 -1.7674e-13 -2.2214e-13 3.8133e-13 -4.1796e-13 2.5401e-13 -1.8178e-13 -8.2798e-15 -1.6292e-13 5.9947e-17 2.8943e-14 -6.4474e-15
-1.1087e-12 -3.3057e-12 -3.362e-13 -2.2547e-14 2.3689e-12 -2.7517e-12 4.0105e-14 -9.9281e-13 6.2736e-13 3.5635e-13 4.0399e-12 4.6103e-12 3.6318e-12 -7.4393e-13 -6.6869e-13 3.8145e-12 2.7379e-12 -2.538e-12 6.2683e-12 2.1084e-13 5.1297e-13 -1.1597e-12 7.5271e-14 -1.0219e-13 1.3113e-12 3.5016e-12 5.04e-13 3.2478e-12 3.2097e-12 1.2434e-12 -1.2346e-12 2.2707e-12 3.0543e-12 -5.3228e-13 -3.6929e-13 -2.3296e-12 3.236e-13 1.4624e-12 1.2299e-11 -1.5023e-12 1.9066e-12 7.1349e-13 -1.3791e-12 9.902e-13 -7.9303e-13 -1.125e-12 5.608e-13 -2.5773e-12 7.3009e-13 -1.0781e-12 -1.9431e-12 -8.5663e-13 1.147e-12 1.0898e-13 1.4368e-12 -8.8222e-13 -4.1326e-14 9.1274e-13 -1.1261e-13 5.5171e-14 3.2811e-13 -7.5571e-13 -6.5632e-13 4.2156e-13 -9.8419e-13 7.2301e-13 -8.1492e-13 2.8404e-13 3.2573e-14 -1.5524e-13 3.4301e-13 -5.4838e-13 -6.627e-13 6.2133e-13 -1.1482e-13 -1.1391e-13 7.6099e-15 -3.1565e-14 1.1231e-14 9.6402e-15
3.5511e-12 4.9081e-12 -3.1802e-12 1.5982e-12 1.7796e-12 3.0479e-12 2.9532e-12 3.7865e-12 2.2845e-12 4.3269e-12 2.7098e-12 1.1201e-12 8.3372e-12 1.3887e-12 1.2325e-12 3.689e-12 4.5851e-12 4.8666e-12 4.5046e-12 6.7267e-12 5.0543e-12 2.9699e-12 2.4666e-12 5.9298e-12 3.9717e-13 5.0579e-12 -1.6817e-12 3.0539e-12 -7.0906e-13 1.5592e-13 2.7006e-12 3.9296e-12 -2.9104e-13 5.344e-12 -4.3476e-13 2.5565e-12 4.5006e-13 1.9168e-12 -1.5023e-12 1.1853e-11 -4.7835e-14 -7.6899e-13 -2.8085e-12 1.1403e-12 -1.7224e-12 1.1801e-12 2.0247e-12 -7.142e-13 -9.0966e-13 -1.4927e-12 -4.2343e-13 -5.82e-14 5.6575e-13 -4.2686e-13 1.4923e-12 -1.3614e-12 -1.0186e-12 -1.284e-12 -6.2132e-13 -2.1719e-12 1.7114e-12 -7.9139e-14 5.6347e-14 -1.2168e-12 1.8662e-13 1.1407e-12 -1.6697e-14 -7.3909e-14 2.0495e-13 -6.5312e-13 -2.1778e-13 -1.8693e-14 -1.4151e-13 -4.4013e-13 -1.5601e-13 -7.8962e-14 -1.5862e-15 2.8031e-14 1.9538e-14 -2.7329e-14
2.3183e-12 3.5676e-12 2.1868e-12 2.0146e-12 -3.8558e-13 1.2096e-12 2.2178e-12 -1.7733e-12 3.1555e-12 -2.7996e-14 1.1301e-12 3.4754e-12 -1.3382e-12 3.352e-12 2.0072e-12 -2.5584e-13 6.4882e-13 -4.5802e-13 2.4872e-12 6.4521e-13 1.1403e-12 4.3685e-12 -5.3297e-13 2.8826e-13 1.1347e-12 1.5795e-12 1.1367e-12 1.6227e-12 1.9668e-12 1.8234e-12 -7.9828e-13 -6.6728e-14 1.2243e-12 1.117e-12 6.631e-13 -2.7989e-13 2.0453e-12 -2.0221e-13 1.9066e-12 -4.7835e-14 7.9339e-12 9.9551e-13 -2.7924e-13 9.9195e-13 5.3112e-14 5.4614e-13 6.1472e-13 -1.2227e-12 1.4184e-12 -4.0785e-13 2.531e-13 6.3995e-13 -6.5576e-13 4.6117e-13 5.5543e-13 9.559e-13 -3.2326e-14 -9.0827e-13 4.7256e-13 -7.01e-14 1.6529e-12 4.9831e-13 -1.5335e-12 -2.6451e-13 -6.1818e-13 5.3447e-13 2.0373e-13 1.2172e-13 7.4126e-13 -1.1099e-13 4.8902e-13 -3.6099e-13 -4.3812e-14 1.7038e-13 -2.4683e-13 -1.6568e-13 -7.5237e-14 -2.2141e-14 -1.3059e-14 1.1787e-14
6.1012e-12 -2.75e-12 -5.2956e-13 1.7e-12 -8.5644e-13 1.0824e-12 -2.2479e-12 -9.4354e-13 1.048e-12 2.1372e-12 4.9668e-13 1.3503e-12 1.5518e-12 -1.4883e-13 1.3022e-13 3.1362e-14 1.5085e-13 -1.2823e-12 -2.2974e-12 1.492e-12 -5.2791e-13 5.3288e-13 4.0089e-15 -3.6958e-13 -5.7073e-13 1.7677e-12 -1.8361e-14 -7.9512e-13 1.5209e-12 4.0673e-13 -3.1333e-13 -3.9622e-13 -1.3723e-12 -4.9893e-13 4.4643e-13 2.7597e-12 -1.3032e-12 1.7364e-13 7.1349e-13 -7.6899e-13 9.9551e-13 1.1057e-11 -7.3857e-13 -3.6166e-13 2.5435e-12 -1.0667e-13 -7.6379e-13 1.0544e-12 -9.2233e-13 1.4419e-14 -1.127e-12 7.0785e-13 7.5365e-14 1.3456e-12 1.3439e-12 -1.3231e-13 6.8019e-14 -7.9155e-13 -1.8713e-13 1.1104e-12 8.4525e-14 -2.8506e-13 2.0883e-13 -3.2219e-13 6.3741e-13 -1.6803e-13 -1.3034e-12 3.8003e-13 1.5406e-12 4.5513e-13 5.2698e-13 5.9038e-13 1.5779e-13 -2.2e-13 4.212e-13 5.3804e-14 -1.7365e-13 -4.9792e-14 -1.7967e-14 1.5921e-14
1.1661e-14 -2.6108e-12 3.0006e-12 1.2633e-12 7.5988e-13 7.031e-13 -1.016e-12 4.9704e-12 -1.4203e-12 -1.6558e-12 -1.3459e-12 -4.158e-13 -4.1018e-12 -7.3458e-13 1.1618e-12 -3.0612e-12 1.62e-12 2.4577e-12 -7.1474e-12 -4.6605e-12 -3.3218e-12 1.6121e-12 2.3242e-12 -1.0089e-12 -4.5107e-13 -2.871e-12 1.9867e-12 -4.311e-12 -1.7059e-12 3.6184e-12 6.3399e-13 2.0673e-12 -4.5203e-13 -2.8459e-12 -3.8905e-13 -2.5523e-12 1.9151e-13 -5.9936e-13 -1.3791e-12 -2.8085e-12 -2.7924e-13 -7.3857e-13 9.5021e-12 7.3422e-13 4.7728e-13 -3.1542e-13 -4.6358e-13 1.5914e-12 2.3439e-14 -8.8194e-13 6.9068e-13 1.5277e-12 -3.214e-13 -1.2442e-13 -1.2038e-12 1.5871e-12 -3.4431e-13 -8.9401e-13 -2.3523e-13 1.294e-12 -1.4499e-13 6.1893e-13 1.4066e-12 -1.5718e-13 8.7767e-13 3.5393e-13 -8.011e-14 8.7074e-13 1.0941e-13 2.6229e-13 -2.9232e-13 4.3902e-13 -2.8887e-13 2.155e-13 3.0102e-13 -6.6528e-14 -4.3534e-14 3.432e-14 6.0575e-15 2.1241e-14
1.9629e-12 1.4097e-12 6.2489e-13 -6.5227e-14 -1.3893e-13 -8.3547e-13 1.1259e-12 -2.7316e-13 2.3001e-12 -2.6325e-12 8.0577e-13 -1.7465e-12 3.6944e-13 6.5875e-13 8.0183e-14 -1.2236e-13 -2.5748e-14 7.3385e-13 -3.4743e-12 -2.9879e-12 -1.468e-12 -5.1024e-13 1.2952e-12 -1.1943e-12 -2.4618e-12 1.0754e-12 1.4007e-13 9.9063e-13 6.3455e-13 2.9103e-12 1.3273e-12 2.5298e-13 5.1083e-13 6.7946e-14 -2.4548e-13 2.1056e-13 -7.873e-13 2.5826e-13 9.902e-13 1.1403e-12 9.9195e-13 -3.6166e-13 7.3422e-13 6.1692e-12 -4.5224e-13 -1.4518e-13 4.6428e-13 -1.7386e-12 7.8558e-13 -2.2065e-12 5.3425e-13 1.3315e-12 1.6503e-13 -1.4439e-12 2.2883e-13 7.0434e-13 7.5576e-13 -7.072e-13 6.0475e-13 -4.0613e-14 9.461e-13 3.2096e-13 -5.9251e-13 -4.3083e-13 5.9727e-13 3.1007e-13 2.3425e-13 -2.786e-13 5.5406e-13 7.1882e-13 -7.836e-14 -4.0217e-13 3.1102e-15 -2.6791e-13 -1.8737e-13 -1.4918e-15 5.9899e-14 2.488e-14 2.3948e-14 -7.1698e-15
