3.368e-11 2.5648e-11 2.4376e-11 2.6076e-11 2.55e-11 2.6235e-11 3.3601e-11 2.7492e-11 3.4213e-11 2.4442e-11 3.1404e-11 2.9765e-11 3.0403e-11 3.0837e-11 2.9125e-11 2.9587e-11 2.5036e-11 3.5373e-11 2.6657e-11 3.1424e-11 2.1426e-11 3.0221e-11 3.3803e-11 2.4802e-11 3.6928e-11 3.0051e-11 2.4277e-11 3.6049e-11 3.8579e-11 2.8337e-11 2.6549e-11 2.6418e-11 2.546e-11 3.197e-11 2.3181e-11 3.0343e-11 2.8178e-11 2.7144e-11 3.2058e-11 2.8408e-11 3.2818e-11 2.7215e-11 2.7368e-11 2.7034e-11 2.6012e-11 2.1156e-11 1.6255e-11 2.3542e-11 1.973e-11 1.8968e-11 1.8578e-11 2.4276e-11 1.8082e-11 1.3508e-11 1.801e-11 9.675e-12 1.8152e-11 1.444e-11 1.2497e-11 1.1414e-11 4.1837e-12 1.4699e-11 1.115e-11 9.9687e-12 1.452e-11 1.0567e-11 8.5395e-12 6.9387e-12 4.5442e-12 8.2019e-12 1.2264e-11 1.5623e-12 7.8222e-12 2.4376e-13 4.9983e-12 5.7541e-12 5.1648e-12 7.6932e-12 8.643e-12 1.9001e-12 4.0457e-12 4.8282e-12 1.6961e-12 2.4536e-12 6.8015e-12 2.7022e-12 3.1387e-12 3.8237e-12 4.3702e-12 8.1132e-12 1.2173e-12 -1.1827e-12 2.4564e-12 5.8555e-13 3.0491e-12 2.3704e-12 4.9936e-12 7.4589e-13 3.9201e-13 2.3955e-12 -1.2473e-12 3.9704e-13 4.9749e-12 2.3513e-12 6.5021e-12 4.3097e-12 -8.7219e-13 2.1236e-12 2.5445e-12 4.6937e-13 1.129e-12 -3.1989e-13 -1.1987e-12 -2.676e-12 -3.5329e-13 2.9257e-12 1.8656e-12 6.5989e-13 3.0896e-12 -6.6853e-13 4.1571e-13 1.7043e-13 -1.5707e-12 4.07e-12 2.0794e-12 -1.4814e-13 1.2395e-12 -9.0833e-13 -4.4209e-12 2.8833e-13 2.3123e-14 -4.5318e-13 -2.4926e-12 -2.6395e-13 -1.4986e-12 -5.7802e-14 1.8572e-13 2.7254e-13 1.5312e-12 1.2149e-12 6.7487e-13 3.9186e-12 -2.511e-12 1.8092e-12 2.206e-12 -7.2841e-13 9.8308e-13 -2.0992e-13 8.2871e-14 -1.346e-12 -2.3068e-13 -9.0833e-13 -1.1811e-12 -3.5428e-13 -1.259e-13 -3.0902e-12 1.5307e-12 -2.0607e-12 -1.4595e-12 -1.8839e-13 -3.5838e-13 1.0306e-14 5.8241e-13 4.8622e-13 9.5926e-13 -1.4147e-12 3.44e-13 -1.1217e-13 5.7613e-13 1.3203e-12 -3.7535e-13 -1.627e-13 2.8598e-14 -1.5781e-12 -1.8592e-12 1.6599e-13 2.021e-13 7.7596e-13 4.6993e-13 6.2235e-13
2.5648e-11 2.9872e-11 1.9984e-11 2.2419e-11 2.1993e-11 2.4585e-11 3.1965e-11 2.423e-11 3.1536e-11 2.2207e-11 2.6623e-11 2.8976e-11 2.6959e-11 2.6322e-11 2.5524e-11 2.6488e-11 2.3985e-11 3.1385e-11 2.4896e-11 2.7082e-11 2.0585e-11 2.7168e-11 2.9232e-11 2.3996e-11 3.2726e-11 2.5831e-11 2.1615e-11 2.935e-11 3.7785e-11 2.487e-11 2.3562e-11 2.389e-11 2.4506e-11 2.9716e-11 2.2754e-11 2.6395e-11 2.6435e-11 2.5455e-11 2.4856e-11 2.5428e-11 3.1305e-11 2.7745e-11 2.5615e-11 2.1794e-11 1.9745e-11 1.6726e-11 1.7294e-11 1.9835e-11 1.6759e-11 1.8565e-11 1.542e-11 2.2144e-11 1.5381e-11 1.255e-11 1.7341e-11 7.7526e-12 1.3918e-11 1.203e-11 1.1415e-11 7.9217e-12 7.3379e-12 1.466e-11 1.166e-11 7.405e-12 1.2443e-11 8.4014e-12 4.0876e-12 4.974e-12 9.419e-13 8.7593e-12 1.2489e-11 3.439e-12 5.2357e-12 2.0595e-13 2.7476e-12 3.8664e-12 5.2488e-12 5.289e-12 6.5612e-12 3.7843e-12 5.6102e-12 3.3571e-12 1.1831e-12 1.3624e-12 6.579e-12 7.2529e-12 2.2119e-12 4.9576e-12 6.0069e-12 6.6598e-12 1.1702e-12 -2.8367e-12 1.8981e-12 6.9762e-13 1.4676e-12 3.434e-12 4.3031e-12 8.7357e-13 2.466e-12 4.5802e-12 -2.8286e-13 8.5405e-13 4.1088e-12 3.4717e-12 4.0426e-12 5.589e-12 -3.0283e-12 1.59e-12 3.5712e-12 1.2405e-12 -5.0857e-13 2.975e-12 -1.7464e-12 -1.9381e-12 8.2048e-13 2.2564e-12 -4.6929e-13 -4.0548e-13 2.6829e-12 1.4138e-12 -1.2667e-13 2.3319e-12 8.6238e-13 2.1888e-12 -8.3333e-14 9.5214e-13 1.7024e-12 -1.3538e-12 -2.3183e-12 1.6026e-12 -2.7452e-13 -3.0529e-12 -2.1381e-12 -1.3781e-12 -1.3752e-12 -9.7143e-13 4.3262e-13 5.6307e-13 1.357e-12 1.2584e-12 5.9433e-13 4.0463e-12 -2.8782e-12 4.5743e-13 2.984e-12 -1.1915e-12 1.1369e-12 -8.2017e-13 2.4488e-13 -9.761e-13 -1.0557e-12 3.4667e-14 -5.7476e-14 -4.9188e-13 2.159e-13 -1.5821e-12 2.0007e-13 -2.3501e-12 -7.3986e-13 1.02e-12 -1.146e-12 -5.6429e-13 -5.7055e-13 4.0755e-13 -1.5745e-13 -1.8819e-12 -5.335e-13 4.3848e-13 5.4332e-13 8.3996e-13 3.5843e-13 6.6929e-14 1.9821e-14 -7.953e-13 -1.4054e-12 4.4682e-13 7.8468e-14 1.9331e-13 2.3298e-13 7.0315e-13
2.4376e-11 1.9984e-11 2.6271e-11 2.0559e-11 1.877e-11 2.2593e-11 2.575e-11 2.3956e-11 2.662e-11 2.1087e-11 2.8364e-11 2.5615e-11 2.3782e-11 2.4825e-11 2.3498e-11 2.396e-11 2.0164e-11 2.8632e-11 2.2007e-11 2.7134e-11 1.7551e-11 2.5163e-11 2.6866e-11 2.1492e-11 3.1124e-11 2.4228e-11 2.0069e-11 2.7448e-11 3.151e-11 2.4599e-11 2.0636e-11 2.1563e-11 2.2962e-11 2.7431e-11 2.1139e-11 2.3784e-11 2.7549e-11 2.3676e-11 2.6948e-11 2.3684e-11 2.5319e-11 2.0991e-11 2.2395e-11 2.3258e-11 1.8509e-11 1.7551e-11 1.3715e-11 1.8809e-11 1.6991e-11 1.607e-11 1.7327e-11 1.9084e-11 1.28e-11 1.1606e-11 1.2519e-11 9.4924e-12 1.4049e-11 9.5584e-12 9.7498e-12 9.9912e-12 6.2534e-12 1.3156e-11 9.9307e-12 8.7077e-12 1.317e-11 9.1279e-12 7.2279e-12 3.4968e-12 1.6121e-12 1.1039e-11 8.1113e-12 4.8505e-12 6.5603e-12 8.3885e-13 1.1058e-12 5.0384e-12 3.9491e-12 7.3333e-12 8.0571e-12 2.0043e-12 4.7732e-12 4.1488e-12 3.4848e-12 3.4288e-12 5.7337e-12 2.7942e-12 1.4284e-12 5.398e-12 7.0199e-12 4.4565e-12 2.2169e-12 -1.2231e-12 2.9608e-12 -8.8257e-13 2.9859e-12 1.9798e-12 2.035e-12 -5.6122e-13 1.4973e-12 2.9995e-12 -2.7562e-12 1.4727e-12 2.1312e-12 4.1064e-12 6.3349e-12 1.9625e-12 1.1253e-12 1.6612e-12 9.6612e-13 3.8227e-12 6.5127e-13 3.0399e-13 -9.133e-13 -1.5095e-12 -1.6173e-13 2.1379e-12 1.8635e-13 1.1777e-12 1.7128e-12 -7.5699e-13 8.7236e-13 -1.4639e-13 5.1806e-13 2.018e-12 1.937e-12 -1.2633e-12 2.1978e-12 -2.0309e-12 -1.4257e-12 1.0692e-14 7.6059e-13 -3.494e-13 -1.4998e-12 3.1371e-13 -1.5325e-12 -1.6226e-12 -9.2688e-13 1.1358e-12 7.5871e-13 1.648e-12 6.4122e-13 3.3678e-12 -2.8976e-12 1.5135e-12 2.7678e-12 5.0916e-13 1.1898e-12 1.0469e-13 1.5332e-12 -2.3548e-12 2.5653e-14 -9.0338e-13 3.1682e-14 -8.4752e-14 4.157e-14 -2.8827e-12 4.0062e-13 -1.0582e-12 -1.2923e-12 -3.3728e-14 -1.4273e-12 3.7122e-13 2.7397e-13 -1.2098e-13 9.9272e-13 -1.313e-12 7.0579e-13 1.8846e-13 1.6218e-13 9.6747e-13 -8.343e-14 -3.6122e-13 -4.4795e-13 -1.1429e-12 -9.5747e-13 -2.8956e-13 5.0617e-14 3.4984e-13 2.2545e-13 8.0439e-13
2.6076e-11 2.2419e-11 2.0559e-11 2.7462e-11 2.1819e-11 2.3155e-11 2.9271e-11 2.321e-11 3.0874e-11 2.1711e-11 2.8382e-11 2.7369e-11 2.6386e-11 2.6685e-11 2.5264e-11 2.5772e-11 2.1403e-11 3.0971e-11 2.3095e-11 2.7042e-11 1.9369e-11 2.6535e-11 2.797e-11 2.2535e-11 3.3123e-11 2.5019e-11 2.0307e-11 2.7209e-11 3.5024e-11 2.4725e-11 2.2401e-11 2.2412e-11 2.3762e-11 3.0256e-11 2.222e-11 2.8861e-11 2.4279e-11 2.2404e-11 2.4343e-11 2.4325e-11 3.0709e-11 2.541e-11 2.1007e-11 2.1806e-11 2.0485e-11 1.6187e-11 1.4341e-11 2.1231e-11 2.044e-11 1.5113e-11 1.6529e-11 1.9747e-11 1.5082e-11 1.2592e-11 1.4763e-11 5.9028e-12 1.5264e-11 1.0904e-11 1.1807e-11 1.0129e-11 3.8756e-12 1.1611e-11 1.09e-11 1.0509e-11 1.0296e-11 9.5341e-12 7.3441e-12 4.0687e-12 3.1813e-13 8.0042e-12 8.2473e-12 1.2949e-12 8.6993e-12 -1.1127e-13 2.8995e-12 3.9996e-12 7.9302e-12 5.4515e-12 7.5009e-12 1.807e-12 3.063e-12 4.4411e-12 1.1125e-12 2.9841e-12 4.6477e-12 2.8578e-12 2.5375e-12 6.389e-12 5.2551e-12 5.5577e-12 1.5352e-12 -7.5416e-13 1.7499e-12 8.9568e-13 8.3238e-13 1.4971e-12 3.8756e-12 9.1251e-13 1.4967e-12 1.9982e-12 -2.6508e-12 -1.343e-13 8.7582e-13 1.9995e-12 4.8938e-12 3.9448e-12 8.6667e-13 1.1065e-12 3.9183e-12 1.4042e-12 1.17e-13 9.724e-13 -1.3846e-12 -3.9929e-12 8.5261e-13 4.0835e-12 1.1725e-12 -2.1344e-13 2.0346e-12 -1.7922e-12 -1.3485e-13 7.4849e-13 -4.4539e-13 2.4973e-12 1.0167e-12 -8.2333e-13 1.9512e-13 -1.1971e-12 -4.7755e-12 3.8467e-13 -2.0932e-13 -4.8451e-13 -2.2578e-12 -4.5207e-13 -6.9648e-13 -4.4983e-13 -6.2967e-13 5.921e-13 8.5363e-13 1.2518e-12 1.5911e-12 4.4613e-12 -3.4277e-12 9.5804e-13 2.5213e-12 3.5943e-13 9.473e-13 1.7355e-12 -7.7783e-13 -1.192e-12 -9.9484e-14 1.7507e-13 -6.442e-13 -5.602e-13 -8.0503e-13 -7.8114e-13 1.4593e-12 -9.6247e-13 -1.7813e-12 -2.0289e-13 -4.1512e-13 5.1053e-13 -6.4182e-14 4.6925e-13 -8.2244e-14 -1.1682e-12 4.0643e-13 3.7164e-13 1.017e-12 1.0536e-12 -5.9835e-13 -3.8178e-13 -1.2118e-14 -1.1106e-12 -1.2018e-12 6.0725e-14 5.2178e-13 4.3507e-13 2.0757e-13 8.0367e-13
2.55e-11 2.1993e-11 1.877e-11 2.1819e-11 2.7138e-11 2.3846e-11 2.9805e-11 2.4117e-11 2.9406e-11 2.1232e-11 2.6271e-11 2.7579e-11 2.6107e-11 2.5632e-11 2.5066e-11 2.4807e-11 2.1976e-11 2.9832e-11 2.3418e-11 2.7741e-11 1.8771e-11 2.7989e-11 2.9811e-11 2.0556e-11 3.2983e-11 2.6529e-11 1.9365e-11 3.1014e-11 3.5361e-11 2.5243e-11 2.2057e-11 2.3976e-11 2.3065e-11 2.9043e-11 2.1186e-11 2.8641e-11 2.7488e-11 2.5193e-11 2.8436e-11 2.7393e-11 2.6845e-11 2.351e-11 2.4403e-11 2.4361e-11 2.1675e-11 1.7417e-11 1.6297e-11 2.0763e-11 1.7959e-11 1.7016e-11 1.9423e-11 2.137e-11 1.3504e-11 1.0998e-11 1.6662e-11 9.6869e-12 1.4998e-11 1.2738e-11 1.2908e-11 7.5935e-12 4.7175e-12 1.4043e-11 1.0139e-11 9.5936e-12 1.164e-11 1.1579e-11 7.8275e-12 5.9134e-12 3.2263e-12 6.7333e-12 1.0437e-11 7.0115e-13 7.05e-12 9.805e-13 3.3808e-12 4.3384e-12 5.8435e-12 5.4067e-12 6.5932e-12 1.2208e-12 2.816e-12 2.7896e-12 -7.3066e-13 5.2424e-12 6.753e-12 2.7379e-12 5.8124e-12 6.7038e-12 2.2031e-12 5.9445e-12 7.1057e-13 -2.2077e-12 1.8153e-12 2.4899e-12 8.5161e-14 1.956e-12 2.911e-12 3.5144e-12 2.1821e-12 3.325e-12 -1.0492e-12 1.4429e-12 3.5829e-12 1.2508e-12 4.6787e-12 1.3628e-12 -2.9106e-12 3.9527e-12 3.0356e-12 -7.1395e-14 1.3351e-12 1.6855e-12 -1.4253e-12 -2.7923e-12 3.5707e-13 4.6905e-12 1.884e-12 -2.1977e-12 1.4035e-12 9.7225e-13 -2.8957e-13 1.1796e-12 1.0509e-12 2.5736e-12 4.1982e-13 1.2651e-12 1.4679e-12 5.5526e-14 -3.2112e-12 1.7973e-12 -6.257e-13 -1.3241e-12 -1.8953e-12 -2.6415e-13 -1.266e-12 -9.4307e-13 -1.2371e-12 -2.2929e-13 1.3376e-12 1.847e-12 1.3988e-12 2.8856e-12 -1.831e-12 8.4942e-13 1.3616e-12 8.8675e-13 1.234e-12 -4.8311e-13 6.7596e-13 -3.6038e-13 4.0451e-13 4.8962e-13 2.8453e-13 -2.8871e-13 6.4169e-14 -1.719e-12 2.287e-13 -2.3523e-12 -9.7796e-13 1.5461e-13 -2.2734e-13 -2.0615e-13 -3.8779e-13 8.9609e-13 4.0337e-13 -1.173e-13 -1.6615e-13 3.3354e-13 5.3602e-13 3.3779e-13 -3.8818e-13 -4.5251e-13 -3.509e-13 -1.3623e-12 -1.1993e-12 1.7737e-13 9.6059e-14 5.1383e-13 3.5229e-13 5.9057e-13
2.6235e-11 2.4585e-11 2.2593e-11 2.3155e-11 2.3846e-11 3.0153e-11 3.1995e-11 2.4973e-11 3.1989e-11 2.2684e-11 3.0202e-11 3.006e-11 2.7712e-11 2.689e-11 2.5973e-11 2.9167e-11 2.2768e-11 3.2069e-11 2.4773e-11 3.0622e-11 2.0395e-11 2.7321e-11 3.0333e-11 2.321e-11 3.4238e-11 2.7546e-11 2.1093e-11 3.2994e-11 3.8025e-11 2.7088e-11 2.3947e-11 2.3793e-11 2.5492e-11 3.1266e-11 2.7653e-11 2.8614e-11 2.8948e-11 2.7768e-11 2.9314e-11 2.8637e-11 3.0769e-11 2.5563e-11 2.7217e-11 2.4079e-11 2.05e-11 1.746e-11 1.7317e-11 2.3886e-11 1.7924e-11 1.7237e-11 2.0321e-11 2.2791e-11 1.5588e-11 1.5017e-11 1.7534e-11 1.0213e-11 1.4495e-11 1.37e-11 1.2716e-11 1.0997e-11 8.8031e-12 1.3206e-11 1.2774e-11 8.4052e-12 1.3106e-11 1.1244e-11 8.46e-12 4.1926e-12 -5.1069e-13 1.0394e-11 8.7016e-12 5.1487e-12 6.4379e-12 7.508e-13 2.3168e-12 5.2969e-12 6.7388e-12 5.2687e-12 6.3525e-12 3.5006e-12 5.7392e-12 5.1597e-12 -2.5578e-13 2.9609e-12 4.8389e-12 4.1286e-12 5.4866e-12 5.9901e-12 4.989e-12 4.3383e-12 2.4634e-12 -4.1329e-13 1.7462e-12 -2.9288e-13 2.9766e-12 1.601e-12 3.169e-12 4.0647e-13 1.7975e-12 4.4964e-12 -8.83e-13 1.9754e-12 4.5075e-12 1.8997e-12 6.317e-12 3.0266e-12 -2.7204e-12 3.3533e-12 2.1419e-12 2.1441e-12 1.5506e-12 1.3958e-12 -1.1025e-12 -2.7787e-12 2.0885e-12 4.1315e-12 1.5132e-12 1.0133e-13 7.3576e-13 1.3089e-12 1.1028e-12 2.5144e-12 2.0637e-12 2.5872e-12 5.2208e-13 1.1908e-12 1.1297e-12 -1.3905e-12 -5.9721e-13 1.9321e-12 -5.2182e-13 -1.0079e-12 -1.5079e-12 -1.4545e-12 -1.1211e-12 -5.6793e-13 -1.345e-12 2.5899e-13 1.4189e-12 2.2513e-12 3.0411e-13 4.115e-12 -3.9037e-12 2.058e-12 3.1031e-12 8.1878e-13 2.8162e-12 -1.1366e-12 1.9969e-12 -1.9124e-12 6.0478e-13 3.2905e-14 -1.7551e-13 -8.5405e-13 -6.832e-13 -1.656e-12 1.5118e-12 -2.3e-12 -1.894e-12 2.9552e-13 -1.0599e-12 9.5125e-13 8.3118e-13 3.0626e-15 5.186e-13 -1.262e-12 6.9279e-14 1.8891e-14 5.0095e-13 3.9487e-13 1.7179e-13 -4.064e-13 3.4899e-13 -1.8163e-12 -1.5529e-12 1.771e-14 2.4195e-13 3.1739e-13 1.349e-14 5.8708e-13
3.3601e-11 3.1965e-11 2.575e-11 2.9271e-11 2.9805e-11 3.1995e-11 4.5077e-11 3.2413e-11 3.9898e-11 2.8463e-11 3.636e-11 3.721e-11 3.5335e-11 3.5349e-11 3.3796e-11 3.5785e-11 2.9881e-11 3.8929e-11 3.136e-11 3.6311e-11 2.5939e-11 3.5666e-11 3.8648e-11 2.9115e-11 4.4083e-11 3.3762e-11 2.8811e-11 3.939e-11 4.6854e-11 3.472e-11 3.1199e-11 3.0666e-11 3.1105e-11 3.7917e-11 3.0482e-11 3.6686e-11 3.5198e-11 3.2881e-11 3.2272e-11 3.2705e-11 4.0108e-11 3.5443e-11 3.2377e-11 2.889e-11 2.8518e-11 2.407e-11 2.1688e-11 2.6287e-11 2.3776e-11 2.3288e-11 2.1803e-11 2.8106e-11 2.1149e-11 1.7933e-11 2.0261e-11 1.0001e-11 1.9914e-11 1.6055e-11 1.5723e-11 1.1508e-11 8.3456e-12 1.6799e-11 1.4585e-11 1.1715e-11 1.603e-11 1.2521e-11 8.2793e-12 6.5374e-12 4.0833e-12 1.0682e-11 1.391e-11 4.4015e-12 1.1618e-11 3.6049e-13 4.972e-12 6.9636e-12 8.6115e-12 8.1546e-12 1.1156e-11 9.725e-13 5.6266e-12 4.104e-12 6.5337e-13 5.5643e-12 9.8908e-12 6.6986e-12 3.2227e-12 6.2495e-12 8.9353e-12 8.5408e-12 1.4981e-12 -1.95e-12 1.7925e-12 2.6139e-12 3.7918e-12 1.8833e-12 4.0251e-12 1.6391e-12 1.9117e-12 5.1767e-12 -3.3327e-12 1.759e-12 6.3111e-12 6.2911e-12 7.105e-12 6.9613e-12 -4.1525e-12 2.2825e-12 2.5557e-12 4.7497e-13 4.6398e-13 2.5915e-12 -2.1161e-12 -1.9761e-12 1.228e-12 5.1074e-12 9.002e-13 -1.9296e-12 3.1525e-12 6.4792e-13 9.5064e-13 1.9883e-13 2.1443e-12 2.5394e-12 -8.6633e-14 1.491e-12 2.4214e-12 -7.9064e-13 -3.4202e-12 1.7799e-12 -3.2991e-12 -2.3331e-12 -1.8445e-12 -3.1208e-12 -1.595e-12 -5.8232e-13 -5.0445e-13 -2.9634e-14 8.5256e-13 2.7964e-12 9.0449e-13 4.3477e-12 -4.4951e-12 1.0362e-12 2.8016e-12 4.5388e-13 1.6725e-12 -1.2489e-13 2.3391e-13 -1.8022e-12 -1.1013e-13 -7.1262e-14 1.1779e-12 -1.88e-12 -7.2961e-13 -1.5241e-12 1.3144e-12 -2.413e-12 -1.4204e-12 -2.7237e-13 -2.9664e-13 -2.4279e-13 -4.3303e-13 -1.2072e-13 -1.1484e-13 -2.073e-12 -1.2149e-13 2.0152e-13 6.5601e-13 6.9433e-13 3.0981e-13 6.2844e-14 2.024e-13 -1.1031e-12 -1.9107e-12 3.4061e-14 3.8052e-13 4.8252e-13 3.3485e-13 8.5338e-13
2.7492e-11 2.423e-11 2.3956e-11 2.321e-11 2.4117e-11 2.4973e-11 3.2413e-11 3.218e-11 3.2078e-11 2.4116e-11 3.0607e-11 2.8611e-11 3.0493e-11 2.9501e-11 2.7824e-11 2.7302e-11 2.3882e-11 3.1975e-11 2.6207e-11 3.0477e-11 2.2724e-11 2.9756e-11 3.0202e-11 2.5906e-11 3.5667e-11 2.8136e-11 2.3768e-11 3.205e-11 3.8178e-11 2.9677e-11 2.6234e-11 2.6757e-11 2.5986e-11 3.0795e-11 2.3675e-11 3.0541e-11 2.9252e-11 2.7323e-11 2.9209e-11 2.9112e-11 3.2706e-11 2.8627e-11 2.4804e-11 2.6173e-11 2.3984e-11 1.7714e-11 2.0527e-11 2.2662e-11 1.674e-11 1.7201e-11 1.799e-11 2.3773e-11 1.567e-11 9.6601e-12 1.4895e-11 6.6213e-12 1.6156e-11 1.2343e-11 1.0619e-11 7.8352e-12 8.1378e-12 1.6397e-11 1.3133e-11 9.1963e-12 1.3403e-11 1.0743e-11 7.7233e-12 5.1897e-12 2.6267e-12 1.0193e-11 1.1332e-11 3.3495e-12 8.1323e-12 -8.3041e-13 3.1706e-12 4.6684e-12 5.6367e-12 8.0979e-12 8.2937e-12 -1.0359e-12 4.2338e-12 2.7061e-12 2.6589e-12 3.3692e-12 7.5196e-12 3.9462e-12 1.2792e-12 6.193e-12 3.9687e-12 6.466e-12 9.3413e-13 -2.3744e-12 2.6554e-12 1.0819e-12 2.3253e-12 3.2827e-12 3.0802e-12 -1.0511e-12 -2.9149e-13 3.8529e-12 -2.1024e-12 1.2148e-12 3.5662e-12 6.3339e-12 3.8924e-12 5.1099e-12 -1.2901e-12 3.7248e-12 2.4572e-12 8.3537e-13 -4.2312e-13 3.4959e-12 -2.1917e-12 -1.6299e-12 -1.2849e-12 3.9439e-12 -1.1942e-13 3.8642e-13 2.3838e-12 2.0169e-13 1.0899e-12 -1.2687e-12 -8.5781e-14 2.1101e-12 -9.7724e-14 -1.1008e-12 2.3526e-12 -2.0142e-12 -2.7629e-12 1.2256e-12 -1.0239e-12 -1.7135e-12 -1.7134e-12 -4.7473e-13 -6.0377e-13 -1.875e-12 -3.7785e-14 -9.9512e-14 1.0085e-12 2.9886e-12 4.7078e-13 3.358e-12 -2.8841e-12 1.4186e-12 1.1968e-12 1.5536e-12 7.0467e-13 -5.1259e-13 6.8004e-13 -1.6519e-12 -4.9599e-14 6.7883e-13 5.1238e-13 -9.5358e-13 -2.1185e-15 -1.675e-12 1.6015e-12 -2.1408e-12 -8.5066e-13 -1.4184e-13 -6.6914e-13 -1.1851e-12 -3.7422e-13 6.0976e-13 6.409e-13 -7.3152e-13 1.3299e-13 6.6862e-13 -7.3273e-14 9.4376e-13 3.8961e-13 -9.153e-14 -1.3792e-13 -1.0011e-12 -1.226e-12 1.0718e-13 3.3429e-14 2.2159e-13 3.9854e-13 6.7048e-13
3.4213e-11 3.1536e-11 2.662e-11 3.0874e-11 2.9406e-11 3.1989e-11 3.9898e-11 3.2078e-11 4.5173e-11 2.7576e-11 3.6869e-11 3.6293e-11 3.4121e-11 3.7081e-11 3.4202e-11 3.3819e-11 2.9655e-11 4.0157e-11 3.1864e-11 3.6292e-11 2.6053e-11 3.4722e-11 3.7202e-11 2.9152e-11 4.4942e-11 3.3599e-11 2.8128e-11 4.1282e-11 4.7135e-11 3.3288e-11 3.0973e-11 3.081e-11 3.0994e-11 3.8619e-11 3.1041e-11 3.7096e-11 3.3875e-11 3.2554e-11 3.3728e-11 3.4204e-11 4.1e-11 3.3862e-11 3.183e-11 2.9552e-11 2.7603e-11 2.2508e-11 1.9871e-11 2.8692e-11 2.2157e-11 2.2851e-11 2.2704e-11 3.0011e-11 1.9627e-11 1.6531e-11 2.1203e-11 1.1461e-11 1.9417e-11 1.8679e-11 1.4709e-11 1.4819e-11 6.4908e-12 1.6558e-11 1.2795e-11 1.421e-11 1.4901e-11 1.4056e-11 8.0247e-12 6.8812e-12 2.6884e-12 9.9495e-12 1.2052e-11 3.4418e-12 9.1437e-12 6.5202e-13 4.2014e-12 5.7653e-12 8.3213e-12 6.6363e-12 9.8609e-12 3.1278e-12 6.9778e-12 4.9806e-12 7.6547e-13 2.8616e-12 8.0695e-12 3.1673e-12 4.6933e-12 6.4762e-12 5.5916e-12 6.1209e-12 4.3673e-12 -3.0663e-12 8.9847e-13 1.9135e-12 2.0589e-12 3.0706e-12 5.1454e-12 -7.4961e-13 1.6339e-12 3.5513e-12 -2.4901e-12 1.2564e-12 4.5051e-12 4.2148e-12 8.3558e-12 4.2049e-12 -1.8698e-12 3.7353e-12 5.2588e-12 1.8086e-12 4.2025e-13 2.5753e-12 -4.2895e-13 -3.3796e-12 3.6315e-13 4.6901e-12 1.4812e-12 4.6081e-13 2.5966e-12 -5.9858e-13 1.2754e-12 1.4375e-12 -1.043e-12 3.196e-12 1.6386e-12 5.0661e-13 1.8807e-12 -1.2516e-12 -3.8867e-12 2.3911e-12 3.32e-13 -2.5275e-12 -2.9937e-12 -1.742e-12 -1.4664e-12 -9.9243e-13 -6.9946e-13 4.117e-13 2.2423e-12 2.4845e-12 1.7596e-12 4.9101e-12 -4.2088e-12 1.0328e-12 3.7876e-12 -3.4768e-13 1.1457e-12 3.3826e-15 1.0308e-12 -1.1281e-12 -4.629e-13 4.0736e-13 1.3688e-13 -1.8616e-12 -6.6219e-14 -2.1101e-12 2.0338e-12 -1.8253e-12 -1.7632e-12 6.0822e-13 -1.4732e-12 4.2772e-13 3.2601e-13 5.032e-13 2.838e-13 -1.4623e-12 6.0795e-13 1.8139e-13 7.3423e-13 1.1426e-12 -3.2173e-13 -1.4126e-13 1.5039e-13 -1.8026e-12 -1.9366e-12 -2.0906e-13 4.1459e-13 4.1167e-13 4.1617e-13 9.1206e-13
2.4442e-11 2.2207e-11 2.1087e-11 2.1711e-11 2.1232e-11 2.2684e-11 2.8463e-11 2.4116e-11 2.7576e-11 2.5968e-11 2.6724e-11 2.653e-11 2.4882e-11 2.5259e-11 2.4923e-11 2.2693e-11 2.1171e-11 3.0442e-11 2.26e-11 2.7425e-11 1.8544e-11 2.5297e-11 2.8727e-11 2.2735e-11 3.0785e-11 2.3759e-11 1.8695e-11 2.8597e-11 3.1911e-11 2.5256e-11 2.184e-11 2.2623e-11 2.4089e-11 2.9434e-11 2.2594e-11 2.7976e-11 2.7538e-11 2.3492e-11 2.464e-11 2.6353e-11 2.786e-11 2.4974e-11 2.128e-11 2.3702e-11 2.1249e-11 1.6542e-11 1.5485e-11 2.0578e-11 1.8647e-11 1.5998e-11 1.7379e-11 2.2509e-11 1.5128e-11 1.0653e-11 1.3467e-11 7.3763e-12 1.363e-11 1.0691e-11 1.0747e-11 1.0306e-11 5.7221e-12 1.4372e-11 9.6675e-12 5.8146e-12 1.1209e-11 8.2387e-12 7.5447e-12 4.5548e-12 1.6163e-12 1.0051e-11 7.7871e-12 3.3893e-12 6.464e-12 -2.8657e-13 2.3615e-12 3.3274e-12 3.8058e-12 7.2474e-12 6.6412e-12 1.0172e-12 5.4567e-12 4.0449e-12 8.1568e-13 3.5168e-12 5.4736e-12 4.1413e-12 4.9064e-12 5.465e-12 4.4183e-12 6.4896e-12 1.2783e-12 -3.0725e-13 1.3952e-12 -4.9562e-13 2.1485e-12 2.6861e-12 4.1249e-12 7.8775e-13 1.4362e-12 2.9748e-12 -1.3617e-12 1.5071e-12 3.1286e-12 3.1096e-12 5.6391e-12 2.9103e-12 -2.113e-12 1.8626e-12 2.2167e-12 2.9894e-12 6.9603e-13 9.8146e-13 -1.6145e-13 -1.9723e-12 8.0277e-13 2.9449e-12 1.3765e-12 6.1641e-13 2.5008e-12 -7.2365e-13 -1.894e-12 9.2748e-13 1.9539e-12 1.8657e-12 -9.8123e-13 2.3271e-13 2.3258e-12 -1.4857e-12 -3.0308e-12 2.8821e-14 -2.5815e-13 -1.4682e-12 -1.3963e-12 -1.4395e-12 -3.3747e-12 -1.6696e-12 -1.6406e-13 -7.4495e-13 1.6e-12 2.0917e-12 -9.3859e-14 3.9226e-12 -2.2444e-12 1.8008e-12 3.0337e-12 5.9454e-13 7.6392e-13 -7.536e-15 1.0692e-13 -1.7154e-12 -1.9667e-13 -1.29e-12 -8.046e-14 -2.0064e-13 -4.6321e-14 -1.5934e-12 5.1538e-13 -1.4392e-12 -1.2986e-12 -1.1772e-13 -3.7999e-13 -6.6059e-13 -1.0993e-12 3.1959e-13 1.245e-14 -1.1696e-12 4.8497e-14 -3.8408e-14 5.3756e-13 9.6122e-13 2.6585e-13 -4.9313e-13 -7.4521e-13 -1.1285e-12 -8.5784e-13 2.1147e-13 1.2222e-13 1.8455e-13 4.4283e-13 6.7914e-13
3.1404e-11 2.6623e-11 2.8364e-11 2.8382e-11 2.6271e-11 3.0202e-11 3.636e-11 3.0607e-11 3.6869e-11 2.6724e-11 3.9969e-11 3.343e-11 3.2551e-11 3.3521e-11 3.1702e-11 3.1755e-11 2.6875e-11 3.807e-11 2.9253e-11 3.6038e-11 2.3321e-11 3.0802e-11 3.3924e-11 2.7663e-11 3.9414e-11 2.9807e-11 2.6177e-11 3.58e-11 4.3382e-11 3.2293e-11 2.8089e-11 2.7265e-11 2.9612e-11 3.5592e-11 2.8642e-11 3.2008e-11 3.438e-11 2.9919e-11 3.3195e-11 3.1517e-11 3.5409e-11 3.1671e-11 2.8345e-11 2.8552e-11 2.5145e-11 2.1303e-11 1.7348e-11 2.3753e-11 2.3491e-11 1.8438e-11 2.1813e-11 2.7094e-11 1.7947e-11 1.635e-11 1.7953e-11 9.763e-12 1.7412e-11 1.2993e-11 1.1909e-11 1.2306e-11 6.4356e-12 1.5484e-11 1.4501e-11 1.217e-11 1.4962e-11 1.1585e-11 6.9018e-12 3.0504e-12 3.4499e-12 1.1086e-11 1.0659e-11 5.1912e-12 9.3396e-12 1.9971e-12 3.4505e-12 7.1198e-12 7.1975e-12 8.3138e-12 8.9237e-12 2.551e-12 5.7288e-12 5.0743e-12 2.3618e-12 4.5655e-12 7.626e-12 3.5607e-12 3.5265e-12 7.2435e-12 6e-12 6.1739e-12 2.6527e-12 -1.5478e-13 2.9101e-12 1.9896e-12 3.6983e-12 1.9995e-12 4.7313e-12 -1.08e-12 -1.817e-13 5.1124e-12 -3.0924e-12 5.1938e-14 5.6636e-12 3.6533e-12 7.3811e-12 4.1142e-12 4.5465e-14 2.5503e-12 2.6179e-12 2.8012e-12 1.4279e-12 1.1397e-12 -1.1131e-12 -1.6624e-12 -2.388e-13 6.688e-12 3.2919e-13 1.3819e-12 2.4039e-12 -3.6981e-13 7.7161e-13 1.7142e-12 1.6272e-12 2.5091e-12 -8.4773e-15 -1.6287e-13 3.2902e-12 -2.4135e-12 -2.3882e-12 9.578e-13 5.5816e-13 -5.3669e-13 -1.4437e-12 3.627e-13 -1.8689e-12 -1.2349e-12 -1.8907e-12 3.5276e-13 5.4919e-13 3.7768e-12 2.1883e-12 4.873e-12 -4.0474e-12 2.1884e-12 4.1166e-12 1.7628e-12 3.5249e-13 -6.3003e-13 1.1187e-12 -2.3702e-12 1.4243e-12 5.836e-13 5.3235e-13 -2.2608e-12 -1.3169e-12 -1.5826e-12 1.8172e-12 -1.9695e-12 -9.1199e-13 -2.9063e-13 -7.612e-13 6.4024e-13 3.1517e-13 8.8055e-14 7.7794e-13 -1.7805e-12 6.0843e-13 -1.3316e-13 2.6593e-13 1.2425e-12 -3.1491e-13 -3.7052e-13 2.3119e-13 -1.5994e-12 -1.8486e-12 -2.6842e-13 2.9442e-13 2.4794e-13 2.4416e-13 1.0413e-12
2.9765e-11 2.8976e-11 2.5615e-11 2.7369e-11 2.7579e-11 3.006e-11 3.721e-11 2.8611e-11 3.6293e-11 2.653e-11 3.343e-11 4.0709e-11 3.1868e-11 3.2625e-11 3.1303e-11 3.3608e-11 2.8159e-11 3.694e-11 2.889e-11 3.4795e-11 2.3093e-11 3.2931e-11 3.3706e-11 2.8282e-11 4.0855e-11 3.3381e-11 2.5e-11 3.5695e-11 4.2224e-11 2.9503e-11 2.7201e-11 2.7713e-11 2.9979e-11 3.6996e-11 2.8449e-11 3.229e-11 3.25e-11 3.1253e-11 3.0594e-11 2.9928e-11 3.7751e-11 3.0719e-11 2.9211e-11 2.7126e-11 2.4992e-11 2.217e-11 1.7726e-11 2.3262e-11 2.2069e-11 1.8301e-11 2.3656e-11 2.5885e-11 1.9312e-11 1.4843e-11 1.8476e-11 1.2266e-11 1.9543e-11 1.2474e-11 1.3873e-11 1.2428e-11 5.295e-12 1.7464e-11 1.4281e-11 1.0754e-11 1.3349e-11 1.2672e-11 8.2787e-12 6.6648e-12 -4.6263e-13 1.2576e-11 1.434e-11 3.2975e-12 9.1622e-12 2.2038e-12 4.3391e-12 7.6144e-12 4.6522e-12 6.9996e-12 8.0933e-12 2.4555e-12 6.3131e-12 4.9628e-12 1.5087e-12 3.3598e-12 7.1728e-12 4.2301e-12 6.7085e-12 8.2103e-12 7.4598e-12 4.7096e-12 2.7507e-12 -6.7657e-13 2.6243e-12 1.51e-12 1.6204e-12 1.1623e-12 2.7071e-12 2.2856e-12 4.665e-12 5.2544e-12 -4.2418e-12 3.7058e-12 4.3098e-12 1.9553e-12 7.3241e-12 3.3787e-12 -2.9468e-12 3.0023e-12 3.4961e-12 1.5745e-12 1.123e-12 3.2471e-12 -7.1317e-13 -2.2483e-12 1.574e-12 4.52e-12 1.3825e-12 -2.3391e-12 3.1169e-12 -7.7518e-13 1.2561e-12 1.2616e-12 2.8434e-12 3.5158e-12 1.5497e-12 5.765e-13 1.5036e-12 -1.278e-12 -1.7453e-12 2.1147e-12 -2.8821e-12 -2.6761e-12 -6.7424e-13 -1.5062e-12 -2.8552e-12 -9.1889e-13 -1.3806e-12 1.2052e-12 1.5307e-12 3.0474e-12 1.489e-12 4.1669e-12 -3.9464e-12 2.0832e-12 2.4056e-12 9.9644e-13 2.4426e-12 -8.2993e-13 1.0461e-12 -9.2086e-13 3.7526e-14 -1.3826e-12 1.4811e-12 -1.4089e-12 -2.5529e-13 -2.1557e-12 9.4464e-13 -1.9378e-12 -1.1216e-12 -3.1785e-13 -8.0628e-13 7.2178e-13 -4.2454e-13 2.151e-13 7.4257e-13 -1.2722e-12 -4.94e-13 1.0838e-12 9.298e-13 5.1618e-13 -1.5339e-13 -2.769e-13 -6.8915e-14 -1.4445e-12 -1.7197e-12 2.2996e-15 1.4062e-13 1.5073e-13 2.1941e-13 9.744e-13
3.0403e-11 2.6959e-11 2.3782e-11 2.6386e-11 2.6107e-11 2.7712e-11 3.5335e-11 3.0493e-11 3.4121e-11 2.4882e-11 3.2551e-11 3.1868e-11 3.7961e-11 3.2383e-11 2.9432e-11 3.0741e-11 2.5819e-11 3.6299e-11 2.8668e-11 3.257e-11 2.3055e-11 3.1435e-11 3.4018e-11 2.6585e-11 3.6241e-11 2.9425e-11 2.8173e-11 3.4245e-11 4.0231e-11 3.1817e-11 2.8786e-11 2.8142e-11 2.6912e-11 3.3767e-11 2.5223e-11 3.2179e-11 2.9562e-11 2.8882e-11 3.2646e-11 3.0698e-11 3.5229e-11 2.7453e-11 2.5523e-11 2.7052e-11 2.3752e-11 1.9062e-11 2.0025e-11 2.4634e-11 1.746e-11 1.7422e-11 2.0728e-11 2.4992e-11 1.6235e-11 1.0776e-11 1.7667e-11 8.6336e-12 1.6461e-11 1.0335e-11 1.002e-11 8.4943e-12 6.2063e-12 1.6292e-11 1.3503e-11 8.3344e-12 1.1928e-11 1.0566e-11 8.0422e-12 6.351e-12 4.0476e-12 8.8045e-12 1.0486e-11 1.6088e-12 9.2332e-12 6.9801e-14 5.1063e-12 4.8895e-12 5.2803e-12 9.1995e-12 6.9578e-12 1.2485e-12 3.8254e-12 3.6488e-12 3.2941e-12 3.21e-12 8.7128e-12 4.4911e-12 4.9841e-12 7.4385e-12 3.5516e-12 7.7484e-12 9.1356e-13 -2.7074e-12 2.7272e-12 8.8576e-13 1.0316e-12 1.5927e-12 3.7552e-12 9.0473e-13 1.0418e-12 3.8722e-12 -1.5748e-12 2.2767e-13 3.9228e-12 5.3424e-12 4.0911e-12 5.1958e-12 -4.6113e-13 3.5943e-12 2.8604e-12 -1.3694e-12 3.277e-13 3.5854e-12 -1.0016e-12 -2.3492e-12 1.078e-12 5.6148e-12 1.2437e-12 5.836e-13 2.8999e-12 -1.9453e-12 2.474e-14 2.4313e-13 2.021e-13 3.3744e-12 1.0975e-12 6.4601e-13 -4.5089e-14 -1.9459e-12 -5.4522e-12 8.7307e-13 -1.7908e-12 -3.0242e-12 -1.6934e-12 -1.1101e-12 4.2344e-13 -9.6025e-13 4.2455e-13 -2.7275e-13 4.5004e-13 2.5277e-12 2.2272e-12 4.8382e-12 -3.3308e-12 9.6033e-13 2.4e-12 1.5332e-12 8.7488e-13 -8.5419e-13 1.6931e-12 -2.0064e-12 5.2689e-13 8.8643e-13 -5.1696e-13 -2.434e-13 -8.0722e-13 -2.0403e-12 1.4502e-12 -2.165e-12 -1.4135e-12 2.8589e-13 5.2389e-13 -9.5347e-13 -2.5772e-13 -1.0753e-13 3.7262e-13 2.7605e-13 2.0063e-13 5.7058e-13 2.1369e-13 1.0023e-12 -1.2276e-13 -2.8037e-13 9.1429e-14 -8.8561e-13 -1.3892e-12 2.3857e-13 5.5926e-14 1.8456e-13 2.5491e-13 8.4781e-13
3.0837e-11 2.6322e-11 2.4825e-11 2.6685e-11 2.5632e-11 2.689e-11 3.5349e-11 2.9501e-11 3.7081e-11 2.5259e-11 3.3521e-11 3.2625e-11 3.2383e-11 3.8771e-11 3.0808e-11 2.8805e-11 2.5708e-11 3.7391e-11 2.8522e-11 3.3931e-11 2.4753e-11 3.2552e-11 3.4013e-11 2.702e-11 4.1558e-11 2.9539e-11 2.7356e-11 3.6022e-11 4.0812e-11 3.1887e-11 2.6249e-11 2.9926e-11 2.6221e-11 3.3187e-11 2.6258e-11 3.1799e-11 2.7426e-11 2.8151e-11 2.9952e-11 3.0533e-11 3.489e-11 2.839e-11 2.6588e-11 2.6844e-11 2.6706e-11 2.0909e-11 1.8795e-11 2.4879e-11 1.9466e-11 1.8831e-11 1.6988e-11 2.6987e-11 1.5762e-11 1.4787e-11 1.4536e-11 1.0352e-11 1.7557e-11 1.2844e-11 1.2338e-11 1.3098e-11 6.2513e-12 1.4209e-11 1.2021e-11 1.0558e-11 1.2793e-11 1.1053e-11 7.8561e-12 5.255e-12 4.1123e-12 1.015e-11 9.7263e-12 2.9721e-12 7.9729e-12 1.866e-12 5.9224e-12 7.2778e-12 7.8705e-12 9.5779e-12 7.9093e-12 2.427e-12 4.4844e-12 6.6008e-13 2.2942e-12 9.8613e-13 6.0375e-12 1.4368e-12 3.6911e-12 5.5632e-12 6.9829e-12 6.3467e-12 2.0593e-12 2.7397e-13 3.2056e-12 7.0997e-14 8.245e-13 1.9379e-12 3.5799e-12 -1.2436e-13 1.8651e-12 4.5738e-12 -1.9402e-12 1.4099e-12 2.7574e-12 3.7761e-12 6.8362e-12 3.1059e-12 -1.0283e-13 2.7162e-12 4.0982e-12 3.3588e-12 -2.7143e-13 2.6391e-12 -1.2503e-12 -5.3831e-13 1.9471e-12 7.0634e-12 5.5488e-13 1.5535e-12 1.4154e-12 -1.3259e-12 6.5146e-13 1.0063e-12 1.0385e-12 4.2751e-12 2.457e-12 1.8384e-13 3.173e-12 -2.6218e-13 -5.0134e-12 2.6553e-12 1.0983e-13 -2.2623e-12 -1.7355e-12 -1.0191e-12 -1.7591e-12 -1.6296e-12 -3.3908e-13 4.0764e-13 2.1028e-12 1.5365e-12 1.1828e-12 5.2903e-12 -2.0497e-12 2.3632e-12 3.1434e-12 7.2408e-13 -1.3741e-13 3.8651e-13 1.7815e-12 -1.8436e-12 -3.1718e-13 -3.0238e-15 1.2657e-13 -1.2925e-12 -3.2051e-13 -1.668e-12 1.3615e-12 -2.6789e-12 -9.8802e-13 -3.2828e-13 4.3615e-14 -5.6562e-13 -3.926e-13 2.6868e-13 1.0111e-12 -1.2495e-12 2.2114e-13 7.3287e-13 8.2811e-13 1.1211e-12 -6.8436e-13 9.9815e-14 1.3312e-13 -1.2403e-12 -1.7205e-12 -9.8254e-14 -3.6378e-14 2.719e-13 3.6053e-13 1.1025e-12
2.9125e-11 2.5524e-11 2.3498e-11 2.5264e-11 2.5066e-11 2.5973e-11 3.3796e-11 2.7824e-11 3.4202e-11 2.4923e-11 3.1702e-11 3.1303e-11 2.9432e-11 3.0808e-11 3.5452e-11 2.993e-11 2.653e-11 3.4776e-11 2.5766e-11 3.1763e-11 2.1393e-11 2.9861e-11 3.2377e-11 2.5686e-11 3.7821e-11 2.9797e-11 2.2485e-11 3.4033e-11 3.9735e-11 2.692e-11 2.6336e-11 2.5157e-11 2.4738e-11 3.5686e-11 2.4589e-11 3.1581e-11 3.0868e-11 2.7475e-11 2.9588e-11 2.7161e-11 3.4149e-11 2.8607e-11 2.5429e-11 2.6537e-11 2.5494e-11 2.1487e-11 1.7325e-11 2.1558e-11 1.925e-11 1.8616e-11 2.0201e-11 2.1281e-11 1.5442e-11 1.2282e-11 1.6481e-11 7.4097e-12 1.7311e-11 1.5612e-11 1.0805e-11 1.0802e-11 3.2936e-12 1.5485e-11 1.372e-11 1.1852e-11 1.3805e-11 1.0762e-11 6.4894e-12 3.3953e-12 1.0437e-12 1.0883e-11 9.521e-12 4.1218e-12 1.1013e-11 9.454e-13 3.1132e-12 4.0366e-12 5.3816e-12 8.4415e-12 8.5712e-12 5.9173e-13 3.148e-12 5.4257e-12 2.5915e-12 4.5196e-12 6.8197e-12 4.1255e-12 2.3517e-12 7.4818e-12 2.8323e-12 6.798e-12 1.446e-12 -3.453e-12 1.503e-12 -8.4558e-13 3.3454e-12 1.7966e-12 2.7724e-12 4.0934e-13 1.6727e-12 4.7364e-12 -2.2668e-12 7.956e-13 3.1505e-12 1.69e-12 5.7465e-12 2.7467e-12 -2.7256e-12 2.4938e-12 3.1147e-12 1.8234e-12 -2.4259e-12 1.5799e-12 -2.0769e-13 -8.3584e-13 -6.8821e-13 4.1323e-12 2.383e-12 6.7303e-13 1.3933e-12 -8.9817e-13 2.5314e-13 -8.3555e-13 3.3217e-12 2.1353e-12 -5.6873e-13 9.2226e-13 2.5157e-12 -8.7409e-13 -2.9659e-12 1.831e-12 4.4621e-13 -2.5936e-12 -2.4454e-12 5.752e-13 -1.15e-12 5.9557e-14 -1.6367e-12 6.0374e-13 2.6494e-13 2.0537e-12 1.3897e-12 1.5561e-12 -2.6942e-12 1.0486e-12 3.7607e-12 -5.1819e-13 1.4018e-12 8.4971e-13 6.5472e-13 -9.4104e-13 4.4696e-13 -3.8605e-13 -3.3715e-13 -5.435e-13 -3.1592e-14 -2.2765e-12 2.1711e-12 -1.731e-12 -1.2124e-12 -1.3007e-13 -1.0928e-12 7.366e-13 -9.7623e-13 1.2843e-12 1.323e-12 -2.7591e-13 6.1315e-13 3.8359e-13 8.3223e-13 1.0895e-12 -4.014e-14 -4.0385e-13 -3.9994e-13 -1.2366e-12 -1.4397e-12 -1.8158e-13 4.3652e-13 2.129e-13 2.4758e-13 1.0443e-12
2.9587e-11 2.6488e-11 2.396e-11 2.5772e-11 2.4807e-11 2.9167e-11 3.5785e-11 2.7302e-11 3.3819e-11 2.2693e-11 3.1755e-11 3.3608e-11 3.0741e-11 2.8805e-11 2.993e-11 3.7787e-11 2.5204e-11 3.2155e-11 2.481e-11 2.8396e-11 2.3456e-11 2.9238e-11 3.0092e-11 2.674e-11 3.7377e-11 3.1772e-11 2.3862e-11 3.5028e-11 4.2344e-11 2.8933e-11 2.6233e-11 2.4459e-11 2.4516e-11 3.3744e-11 2.6527e-11 3.0804e-11 2.814e-11 2.9676e-11 3.1042e-11 2.7478e-11 3.6272e-11 2.9474e-11 2.7782e-11 2.6464e-11 2.3982e-11 2.0723e-11 1.5782e-11 2.3079e-11 2.056e-11 1.8109e-11 1.9687e-11 2.1515e-11 1.6747e-11 1.5223e-11 1.7844e-11 8.3719e-12 1.8213e-11 1.4069e-11 1.2842e-11 1.2869e-11 4.4912e-12 1.6843e-11 1.3211e-11 1.2324e-11 1.3852e-11 1.1186e-11 8.2249e-12 3.4903e-12 1.513e-12 8.9067e-12 1.1689e-11 2.8117e-12 1.1327e-11 -3.6166e-13 2.9281e-12 8.1797e-12 5.0473e-12 7.628e-12 8.7392e-12 1.7506e-12 5.4837e-12 5.7687e-12 2.8955e-12 3.8036e-12 7.0819e-12 4.7807e-12 2.3205e-12 8.0969e-12 7.1061e-12 4.2696e-12 3.0485e-12 -1.853e-12 2.878e-12 1.5365e-12 2.0491e-12 1.0736e-12 3.1812e-12 -1.5729e-13 2.8728e-12 3.5697e-12 -8.0508e-13 1.9234e-12 4.5916e-12 2.7273e-12 6.4821e-12 6.3354e-12 -1.1031e-12 3.3693e-12 4.4998e-12 6.072e-13 -4.4409e-13 2.8895e-12 -8.4349e-13 -2.5055e-12 1.7629e-12 2.7333e-12 7.8403e-13 -1.674e-12 2.2898e-12 -1.1357e-12 2.1526e-12 -7.4832e-13 1.7395e-12 3.538e-12 2.5493e-12 -1.7525e-13 6.7059e-13 -8.5884e-13 -1.6808e-12 8.2098e-13 -1.2349e-12 -1.7534e-12 -1.4181e-12 -5.7095e-13 -6.8055e-13 8.0639e-13 -9.8574e-13 6.5035e-13 -5.4541e-13 3.3545e-12 9.6089e-13 2.8945e-12 -4.1356e-12 2.1284e-12 3.4532e-12 4.6673e-13 2.7144e-12 -1.1315e-12 5.2057e-13 -2.106e-12 3.215e-13 -3.641e-13 -1.5526e-12 -1.0786e-12 4.665e-13 -2.2903e-12 2.2835e-12 -8.8906e-13 -1.4788e-12 -6.1198e-13 -2.9801e-13 8.0695e-13 5.7386e-13 1.1145e-13 1.0579e-12 -1.2639e-12 -1.9864e-13 1.9756e-13 3.3647e-13 9.3591e-13 1.1239e-13 -1.8942e-14 5.8814e-13 -1.6099e-12 -2.1003e-12 3.804e-13 4.0706e-13 2.3552e-13 3.9739e-14 7.7951e-13
2.5036e-11 2.3985e-11 2.0164e-11 2.1403e-11 2.1976e-11 2.2768e-11 2.9881e-11 2.3882e-11 2.9655e-11 2.1171e-11 2.6875e-11 2.8159e-11 2.5819e-11 2.5708e-11 2.653e-11 2.5204e-11 2.6238e-11 3.099e-11 2.3757e-11 2.7342e-11 1.8649e-11 2.6321e-11 2.7794e-11 2.1297e-11 3.1248e-11 2.6017e-11 1.9389e-11 2.9666e-11 3.7026e-11 2.3547e-11 2.2587e-11 2.1794e-11 2.3858e-11 2.9765e-11 2.1057e-11 2.7689e-11 2.6811e-11 2.5073e-11 2.6105e-11 2.3488e-11 2.9243e-11 2.5731e-11 2.3408e-11 2.2508e-11 2.1732e-11 1.6658e-11 1.488e-11 1.8903e-11 1.5674e-11 1.5651e-11 1.6199e-11 2.0905e-11 1.403e-11 1.059e-11 1.6732e-11 8.9225e-12 1.2937e-11 1.2178e-11 8.9231e-12 7.6359e-12 6.457e-12 1.4134e-11 1.2281e-11 9.7733e-12 1.2003e-11 1.1112e-11 5.2516e-12 6.1694e-12 2.3567e-12 9.2699e-12 1.0638e-11 3.0076e-12 7.5592e-12 1.9668e-12 3.3538e-12 3.3006e-12 3.5661e-12 4.5572e-12 6.8616e-12 1.6336e-12 2.5243e-12 3.7907e-12 1.3111e-12 2.537e-12 8.5242e-12 3.2179e-12 2.6597e-12 4.972e-12 4.1251e-12 4.8412e-12 8.5137e-13 -1.6891e-12 9.3429e-13 -8.3056e-17 1.9891e-12 2.2358e-12 2.435e-12 2.8476e-12 8.7231e-13 4.2987e-12 -3.3516e-12 4.8292e-13 3.0722e-12 2.918e-12 4.2528e-12 4.0677e-12 -2.1915e-12 9.4607e-13 2.2537e-12 -6.0554e-14 2.6367e-13 1.8611e-12 -1.6232e-12 -1.4667e-12 -2.3283e-13 1.7591e-12 4.4267e-13 -1.452e-12 1.8871e-12 -2.2957e-14 7.4393e-13 -9.1895e-13 5.5086e-13 2.1618e-12 6.4233e-13 1.015e-12 9.9927e-13 -3.8893e-13 -2.2814e-12 2.252e-12 -1.1308e-12 -2.3755e-12 -2.0472e-12 -4.715e-13 -1.7493e-12 1.2107e-12 -1.2702e-13 7.407e-13 7.1798e-13 1.0801e-12 8.7697e-13 2.9942e-12 -2.7004e-12 4.6981e-14 2.1628e-12 -7.8552e-14 5.3553e-13 6.7999e-13 4.8061e-13 -4.6938e-13 -2.7428e-13 -5.6474e-13 4.7478e-13 -9.8817e-14 -8.5381e-13 -2.1412e-12 9.0964e-13 -1.8452e-12 -4.6712e-13 2.5305e-13 -1.1208e-12 9.3653e-14 -6.5322e-13 1.9782e-13 9.0429e-14 4.2413e-13 6.8037e-14 8.4781e-13 3.1176e-13 8.7733e-13 -3.4005e-13 6.6883e-14 -2.0681e-13 -8.9273e-13 -1.0316e-12 2.2804e-13 7.0672e-15 4.1324e-13 4.1736e-13 9.9996e-13
3.5373e-11 3.1385e-11 2.8632e-11 3.0971e-11 2.9832e-11 3.2069e-11 3.8929e-11 3.1975e-11 4.0157e-11 3.0442e-11 3.807e-11 3.694e-11 3.6299e-11 3.7391e-11 3.4776e-11 3.2155e-11 3.099e-11 4.8458e-11 3.4413e-11 3.9563e-11 2.5295e-11 3.808e-11 3.8796e-11 3.1834e-11 4.4304e-11 3.4189e-11 2.7107e-11 4.0873e-11 4.6933e-11 3.337e-11 2.8884e-11 3.0301e-11 3.2787e-11 3.9381e-11 2.8314e-11 3.6245e-11 3.5146e-11 3.3212e-11 3.4085e-11 3.2064e-11 3.7685e-11 3.2354e-11 3.2934e-11 3.1271e-11 2.9136e-11 2.2232e-11 1.8879e-11 2.831e-11 2.2743e-11 2.0384e-11 2.2772e-11 2.9733e-11 1.7666e-11 1.8318e-11 2.2347e-11 1.1449e-11 1.9926e-11 1.8129e-11 1.4366e-11 1.1624e-11 8.9106e-12 1.5797e-11 1.4589e-11 1.1034e-11 1.4203e-11 1.2104e-11 8.682e-12 8.663e-12 2.259e-12 1.3188e-11 1.1078e-11 4.1965e-12 8.2018e-12 2.8565e-12 6.4832e-12 2.4872e-12 6.8455e-12 9.8497e-12 7.3226e-12 4.0545e-12 4.4773e-12 2.5015e-12 3.4156e-12 9.452e-13 6.6394e-12 4.4668e-12 4.6775e-12 6.7509e-12 5.9444e-12 9.5348e-12 1.3986e-12 1.2307e-13 2.0189e-12 -1.1461e-12 2.7737e-12 2.9143e-12 3.9812e-12 2.5728e-12 1.9707e-12 3.2841e-12 -2.3984e-12 8.4934e-13 3.7814e-12 1.2514e-12 6.7953e-12 4.227e-12 -2.3668e-12 2.9826e-12 3.6311e-12 3.4494e-12 2.6241e-12 7.0971e-13 -2.4847e-12 -4.6528e-12 6.2422e-13 6.1788e-12 3.854e-13 1.415e-12 2.5549e-12 -1.9496e-12 -8.9546e-14 1.8072e-12 2.2828e-12 4.1899e-12 -3.8421e-13 2.1858e-12 2.119e-12 -5.3355e-13 -4.3222e-12 2.7683e-12 1.4913e-12 -2.3799e-12 -2.2e-12 -6.7653e-13 -2.8644e-12 -1.8295e-12 -1.3002e-12 5.3289e-13 1.7846e-12 3.3014e-13 1.2341e-12 5.3409e-12 -2.7886e-12 8.1849e-13 3.3412e-12 8.4656e-13 3.7759e-13 3.0867e-13 1.3286e-12 -9.0635e-13 -4.7459e-13 -2.3621e-13 -5.0441e-13 -4.0525e-13 -7.3964e-13 -2.6499e-12 1.1318e-12 -3.1038e-12 -2.2121e-12 7.8415e-14 -4.6311e-13 7.7579e-13 -4.1993e-13 3.8269e-13 5.9643e-13 -1.1969e-13 2.6258e-13 5.8793e-13 4.8918e-13 1.2099e-12 -2.7911e-13 -7.1577e-13 -8.6214e-14 -1.6268e-12 -1.6141e-12 4.1643e-13 -4.7574e-14 4.1478e-13 2.2112e-13 1.1395e-12
2.6657e-11 2.4896e-11 2.2007e-11 2.3095e-11 2.3418e-11 2.4773e-11 3.136e-11 2.6207e-11 3.1864e-11 2.26e-11 2.9253e-11 2.889e-11 2.8668e-11 2.8522e-11 2.5766e-11 2.481e-11 2.3757e-11 3.4413e-11 2.9049e-11 3.1745e-11 1.9992e-11 2.9814e-11 2.9319e-11 2.2788e-11 3.3946e-11 2.7386e-11 2.1648e-11 3.1775e-11 3.5906e-11 2.7214e-11 2.3765e-11 2.477e-11 2.6317e-11 3.0902e-11 2.327e-11 2.746e-11 2.9379e-11 2.6512e-11 2.5517e-11 2.5994e-11 2.9356e-11 2.563e-11 2.398e-11 2.3584e-11 2.0989e-11 1.7271e-11 1.7383e-11 2.2879e-11 1.6066e-11 1.647e-11 1.7732e-11 2.2501e-11 1.4177e-11 1.2257e-11 1.7044e-11 9.2031e-12 1.6187e-11 1.3702e-11 1.0906e-11 9.5033e-12 6.1513e-12 1.2178e-11 1.0897e-11 8.6354e-12 1.2562e-11 1.0363e-11 6.4306e-12 7.8275e-12 1.3467e-12 8.5242e-12 1.0417e-11 2.6896e-12 6.245e-12 -2.1595e-13 4.4477e-12 3.6639e-12 5.5695e-12 6.5145e-12 6.9341e-12 4.7282e-13 4.5355e-12 1.4248e-12 1.5977e-13 1.7781e-12 6.0601e-12 4.2869e-12 3.2141e-12 6.3026e-12 4.4572e-12 7.0724e-12 7.0935e-13 -1.2282e-12 1.9497e-12 5.4875e-13 2.0463e-12 2.4391e-12 2.3927e-12 2.6525e-12 9.1367e-13 2.6992e-12 -2.3358e-12 1.354e-12 4.3097e-12 3.4235e-12 6.346e-12 3.1e-12 -2.0218e-12 2.9175e-12 2.3244e-12 1.699e-12 1.0516e-12 1.9651e-12 -2.8002e-12 -3.5404e-12 6.7608e-13 4.8443e-12 6.7689e-13 -2.9377e-13 3.3363e-12 -1.1855e-12 3.4609e-13 2.2572e-13 1.3924e-12 2.7941e-12 -1.0689e-13 4.8654e-13 1.0072e-12 -1.2861e-12 -3.3666e-12 1.3361e-12 -4.4233e-13 -2.0733e-12 -1.8419e-12 -1.5113e-12 -1.4366e-12 -2.1511e-12 -3.8561e-13 6.3483e-13 1.5445e-12 9.336e-13 1.4109e-12 4.3857e-12 -2.2318e-12 8.2267e-13 3.2382e-12 2.1181e-12 8.5101e-13 -5.1496e-13 1.1541e-12 -4.8529e-13 -6.5918e-13 1.9914e-13 3.5141e-13 -5.6408e-13 -5.0216e-13 -1.8628e-12 2.3544e-13 -2.131e-12 -8.6362e-13 2.8463e-13 -7.3197e-13 -6.2574e-14 -2.0571e-13 3.5433e-13 1.7181e-13 -7.3667e-13 8.3222e-14 3.9132e-13 3.3164e-13 6.0515e-13 -2.8524e-13 -3.5042e-13 1.11e-13 -8.7002e-13 -1.3946e-12 8.7864e-14 -1.1053e-13 4.1066e-13 2.2831e-13 8.6579e-13
3.1424e-11 2.7082e-11 2.7134e-11 2.7042e-11 2.7741e-11 3.0622e-11 3.6311e-11 3.0477e-11 3.6292e-11 2.7425e-11 3.6038e-11 3.4795e-11 3.257e-11 3.3931e-11 3.1763e-11 2.8396e-11 2.7342e-11 3.9563e-11 3.1745e-11 4.401e-11 2.0343e-11 3.4179e-11 3.5835e-11 2.6676e-11 4.275e-11 3.1942e-11 2.5758e-11 3.7e-11 4.1434e-11 3.0828e-11 2.9456e-11 2.9819e-11 3.0646e-11 3.643e-11 3.215e-11 3.1555e-11 3.6979e-11 3.1407e-11 3.0617e-11 3.0284e-11 3.3149e-11 2.8966e-11 2.9506e-11 2.8737e-11 2.5114e-11 2.0163e-11 2.0715e-11 2.6124e-11 1.7785e-11 2.0172e-11 2.2526e-11 2.7685e-11 1.8171e-11 1.3013e-11 1.9135e-11 1.2875e-11 1.7371e-11 1.517e-11 1.3864e-11 1.2591e-11 8.2005e-12 1.5439e-11 1.5563e-11 8.9353e-12 1.5033e-11 1.2965e-11 1.1371e-11 7.6848e-12 -4.1276e-13 1.3628e-11 1.0931e-11 5.8133e-12 8.5943e-12 1.6535e-12 5.0084e-12 5.8014e-12 6.6199e-12 8.3627e-12 9.3945e-12 1.8253e-12 4.8668e-12 3.1852e-12 -1.0869e-14 3.4332e-12 5.9554e-12 4.3717e-12 5.3917e-12 5.4009e-12 5.5252e-12 8.5677e-12 1.0188e-12 -6.7756e-13 1.8225e-12 -4.051e-13 2.632e-12 3.4861e-12 2.2057e-12 2.6286e-12 1.5132e-12 4.4816e-12 -4.3654e-12 1.8782e-12 4.5874e-12 2.4462e-12 6.1979e-12 -6.8835e-13 -3.4604e-12 3.4126e-12 7.0847e-13 2.111e-12 1.6779e-12 1.6415e-12 -2.4603e-12 -3.1708e-12 2.3635e-12 5.1544e-12 1.7563e-12 4.5112e-13 2.9352e-12 1.604e-13 2.6235e-14 5.9159e-13 8.0055e-13 3.9995e-12 -2.2777e-13 -1.4298e-13 1.8323e-12 -1.7e-12 -1.9714e-12 1.2939e-12 -1.4745e-12 -2.2191e-12 -2.804e-12 -2.0165e-12 -2.1752e-12 -1.0726e-12 -2.0339e-12 1.6925e-12 1.5985e-12 1.4628e-12 1.6402e-12 4.0474e-12 -2.8023e-12 1.8253e-12 2.7647e-12 1.5274e-12 9.0629e-13 3.7283e-13 1.2848e-12 -1.6951e-12 -6.7353e-14 -2.076e-13 1.209e-12 1.5674e-13 -1.1149e-12 -2.201e-12 1.0785e-12 -3.0079e-12 -8.3658e-14 -3.7562e-13 -9.99e-13 8.6444e-13 9.9522e-13 1.8048e-12 8.4597e-13 -1.2201e-12 2.6586e-13 4.0577e-13 1.3527e-12 2.796e-13 4.6693e-14 -3.1641e-13 -3.2548e-13 -1.2185e-12 -1.4064e-12 -1.2036e-13 5.2036e-14 6.8873e-13 3.2611e-13 7.8855e-13
