1.2154e-10 9.5642e-11 8.2532e-11 8.531e-11 9.2472e-11 6.2034e-11 7.912e-11 6.4324e-11 6.5865e-11 4.8144e-11 5.6974e-11 3.6236e-11 3.9361e-11 4.8053e-11 3.295e-11 2.7071e-11 2.1106e-11 2.4394e-11 9.3336e-12 2.9621e-11 1.5438e-12 -1.9611e-12 -2.96e-12 3.5132e-13 -6.6234e-12 2.5029e-12 -2.8441e-12 -1.5307e-11 -9.9144e-12 9.6075e-13 -1.2377e-11 -1.3689e-11 -1.5742e-11 -2.2439e-11 -1.6902e-11 -1.7198e-11 -1.2078e-11 -1.1845e-11 -7.8132e-12 -1.6101e-11 -1.3299e-11 -1.0085e-11 -1.5021e-11 -6.451e-12 -1.3501e-11 -1.3751e-11 -1.3932e-11 -2.1677e-12 -1.457e-11 -5.8016e-12 -9.6368e-12 -1.0856e-11 -9.3175e-12 -2.308e-12 -1.0967e-11 -6.8471e-12 -7.0152e-12 -4.4074e-12 -3.2281e-12 -1.0672e-12 -4.3623e-12 -3.5116e-12 -4.4529e-12 -3.3057e-12 1.0785e-12 1.3784e-12 1.6502e-12 1.7379e-12 4.3429e-12 -2.6065e-12 -5.2711e-12 -2.718e-12 9.1736e-13 -1.1774e-12 -1.9458e-13 -3.8533e-13 2.4007e-12 3.7948e-12 -1.0553e-12 2.8713e-13 1.8043e-12 -1.1641e-12 -4.0484e-12 -5.9448e-13 -2.0708e-12 -2.2663e-12 -2.1281e-12 2.2135e-12 2.1921e-12 1.6297e-12 2.1348e-12 2.4254e-12 1.5955e-13 1.0691e-12 9.0411e-13 -9.3923e-14 2.5089e-13 -5.9593e-14 -2.9031e-14 2.5854e-14
9.5642e-11 1.1547e-10 8.356e-11 8.2731e-11 8.6142e-11 6.1873e-11 7.7956e-11 6.1372e-11 6.5068e-11 4.8059e-11 5.0323e-11 3.531e-11 4.2918e-11 4.0598e-11 2.6612e-11 2.3664e-11 1.6931e-11 2.5525e-11 1.0527e-11 2.5513e-11 1.0235e-11 1.9395e-12 -8.7095e-13 -7.0005e-12 -7.4456e-12 1.2883e-11 -4.5627e-12 -6.5792e-12 -8.9955e-12 2.571e-12 -1.5532e-11 -6.4519e-12 -9.9888e-12 -1.6347e-11 -1.3347e-11 -1.79e-11 -9.6894e-12 -1.0987e-11 -9.7409e-12 -1.9611e-11 -1.1496e-11 -9.4052e-12 -1.3663e-11 -6.7817e-12 -1.0283e-11 -1.4604e-11 -1.7434e-11 -4.0059e-12 -1.2749e-11 -4.6776e-13 -1.1561e-12 -5.386e-12 -4.8631e-12 -5.5604e-12 -1.2658e-11 -7.6537e-12 -3.2307e-12 -4.7176e-12 -4.4922e-12 -3.0072e-12 2.4978e-13 -8.5503e-13 -1.103e-12 -8.0418e-13 -4.8534e-12 -8.1375e-13 7.1618e-13 1.7643e-14 4.8073e-12 3.3228e-12 -4.9493e-13 -2.3525e-12 -3.7167e-13 -2.3344e-12 -2.107e-13 3.3384e-12 3.5622e-13 4.7143e-12 -1.9549e-12 -5.8446e-14 1.0287e-12 -1.0838e-12 -2.3927e-12 -9.4261e-13 -2.413e-12 5.6946e-13 -3.3411e-15 2.0918e-12 1.9116e-12 7.452e-13 1.9589e-12 2.1175e-12 -4.3118e-13 1.0404e-12 5.7027e-13 -2.5907e-14 2.781e-13 -7.9935e-14 -5.0156e-14 -7.4399e-14
8.2532e-11 8.356e-11 9.5757e-11 7.4652e-11 7.4403e-11 5.5527e-11 6.5595e-11 5.8086e-11 6.6449e-11 4.2742e-11 5.0314e-11 3.2067e-11 2.6548e-11 4.2697e-11 2.0867e-11 1.7162e-11 1.8461e-11 2.6256e-11 1.3505e-11 2.2657e-11 8.6681e-12 -1.5193e-12 -1.7381e-14 1.5293e-12 -8.0506e-12 2.5515e-12 9.0391e-13 -1.3942e-11 -4.5737e-12 -3.1846e-12 -8.0183e-12 -7.439e-12 -9.7502e-12 -1.8646e-11 -1.2423e-11 -1.1416e-11 -7.4878e-12 -4.3283e-12 -2.6819e-12 -1.2113e-11 -7.8047e-12 -9.0786e-12 -1.4865e-11 -9.9967e-12 -8.746e-12 -7.7204e-12 -5.0965e-12 -4.4581e-12 -1.4246e-11 -2.5018e-12 -3.891e-12 -8.9632e-12 -5.1946e-12 2.603e-12 -6.2275e-12 -3.2499e-12 -1.9717e-12 -2.7855e-12 1.2646e-12 -3.5361e-12 2.1855e-12 5.4807e-12 -7.7276e-13 7.8442e-13 -1.3575e-12 -2.5062e-12 -9.7132e-14 -1.059e-12 3.058e-12 -6.5212e-13 -7.1209e-13 -3.7349e-12 -2.8987e-12 -6.9667e-13 1.3407e-12 1.0327e-12 1.4179e-12 1.787e-12 -1.793e-13 -6.0299e-15 -4.095e-13 -1.3977e-12 -2.2848e-12 1.1433e-12 -1.7437e-12 -6.5887e-13 -4.5602e-13 4.1951e-13 2.3678e-12 1.4253e-12 1.4618e-12 1.1958e-12 2.2556e-13 7.9984e-13 5.2735e-13 -7.4468e-14 2.4816e-13 3.3556e-14 -4.3566e-14 5.3517e-14
8.531e-11 8.2731e-11 7.4652e-11 9.5392e-11 7.4144e-11 5.4483e-11 6.5362e-11 5.616e-11 5.8922e-11 3.9262e-11 4.7555e-11 3.2951e-11 2.7644e-11 3.7622e-11 2.6151e-11 2.0739e-11 2.3451e-11 2.2166e-11 8.8961e-12 2.6885e-11 7.6399e-13 -3.296e-12 -1.2238e-12 3.24e-12 1.2973e-12 1.2466e-11 -1.7226e-12 -1.3762e-11 -5.9941e-12 -6.188e-12 -9.9612e-12 -1.0234e-11 -1.168e-11 -1.7819e-11 -8.6382e-12 -1.4188e-11 -4.9652e-12 -8.3497e-12 -6.3301e-12 -1.6176e-11 -1.1334e-11 -7.5699e-12 -1.3631e-11 -5.0442e-12 -9.4182e-12 -7.5022e-12 -6.5853e-12 -3.9852e-12 -1.1828e-11 -6.062e-12 -2.8664e-12 -1.1046e-11 -5.4676e-12 2.5922e-12 -1.1728e-11 -5.0621e-12 1.138e-12 -1.2225e-12 -3.7012e-12 -1.2607e-12 -2.962e-12 1.9078e-12 -4.8499e-12 -1.7979e-12 -1.8835e-12 -3.7511e-13 2.0642e-12 -9.2936e-13 2.4863e-12 2.1847e-12 -2.3162e-12 -3.028e-12 3.0827e-13 -1.1217e-13 -6.9622e-13 1.3463e-12 -8.5952e-13 2.6891e-12 -1.557e-12 1.3145e-13 2.4425e-12 -2.771e-12 -2.3631e-12 -5.3711e-14 6.2468e-14 -1.2319e-12 -6.4466e-13 4.5171e-13 1.4159e-12 1.3486e-12 1.6128e-12 1.5132e-12 4.3622e-13 7.2581e-13 4.6294e-13 7.8341e-17 2.3298e-13 -1.0566e-13 -2.274e-14 -5.822e-14
9.2472e-11 8.6142e-11 7.4403e-11 7.4144e-11 9.0036e-11 5.8455e-11 7.2501e-11 5.6856e-11 6.5121e-11 4.2207e-11 4.608e-11 3.6997e-11 3.1985e-11 4.3731e-11 2.9758e-11 1.9764e-11 2.3792e-11 2.2249e-11 8.6512e-12 2.7888e-11 3.5854e-12 -1.9725e-13 -2.3355e-12 -1.7882e-12 -5.8237e-12 3.6265e-12 -1.2624e-13 -1.1371e-11 -7.1027e-12 9.8742e-13 -1.0941e-11 -1.0273e-11 -1.1194e-11 -1.7013e-11 -1.4834e-11 -1.3507e-11 -1.0759e-11 -9.266e-12 -7.2822e-12 -1.3147e-11 -1.2768e-11 -7.3014e-12 -1.4375e-11 -1.2522e-11 -1.0265e-11 -1.2025e-11 -1.0242e-11 -8.0605e-13 -1.3214e-11 -4.9178e-12 -6.1823e-12 -1.0412e-11 -5.4718e-12 -3.9564e-12 -9.4203e-12 -5.173e-12 -4.1304e-12 -2.2151e-12 -7.2116e-13 -9.9338e-13 -1.3325e-13 -1.9204e-13 -3.5543e-12 -1.9638e-12 -1.071e-12 1.8391e-12 4.7352e-13 1.4154e-12 4.2976e-12 1.1365e-12 -2.141e-12 -8.7069e-14 -2.6697e-13 -1.3856e-12 6.9732e-13 1.6959e-12 1.0216e-12 3.6226e-12 -1.3581e-12 8.3913e-13 4.0513e-13 5.46e-13 -3.1122e-12 5.6645e-16 -8.9933e-13 -1.4272e-12 -1.0657e-12 1.5303e-12 2.454e-12 9.5254e-13 1.9671e-12 1.3609e-12 2.6713e-13 1.1583e-12 7.0739e-13 -1.131e-13 2.2706e-13 -2.1896e-14 2.8148e-14 -5.4508e-15
6.2034e-11 6.1873e-11 5.5527e-11 5.4483e-11 5.8455e-11 6.5595e-11 5.0029e-11 4.6103e-11 4.2982e-11 2.7708e-11 3.9905e-11 2.0948e-11 2.4493e-11 2.9904e-11 1.4152e-11 1.0253e-11 1.5746e-11 1.4988e-11 5.372e-12 1.9323e-11 4.2551e-12 6.3405e-13 -4.4336e-12 3.2381e-12 2.1353e-12 7.3619e-12 -2.6484e-12 -7.948e-12 -4.6592e-12 -2.3432e-12 -4.3152e-12 -9.5565e-12 -9.6207e-12 -1.3822e-11 -1.3396e-11 -1.4713e-11 -3.64e-12 -6.1653e-12 -1.0382e-12 -1.0042e-11 -4.7008e-12 -5.5101e-12 -1.0333e-11 -1.0588e-11 -7.3823e-12 -4.6997e-12 -8.2016e-12 -2.9953e-12 -5.35e-12 -2.364e-12 -7.866e-12 -4.5068e-12 -4.8646e-12 -1.1179e-12 -9.8953e-12 -3.6017e-12 1.1365e-12 -4.9754e-12 2.8198e-12 -6.4146e-13 8.0767e-13 -1.6612e-13 -1.4113e-12 3.4765e-13 -2.9515e-12 -1.7085e-13 -3.8726e-13 2.9053e-12 1.0358e-12 -4.7823e-13 1.0099e-12 -1.1755e-12 -6.9151e-13 -1.3427e-12 7.2842e-14 1.5299e-13 -1.762e-12 1.5057e-12 -3.1698e-12 -3.1047e-13 -1.4311e-12 2.8167e-13 -2.4082e-12 -1.1987e-12 -4.4209e-13 -1.728e-12 5.5124e-13 8.3887e-13 1.9964e-12 1.3371e-12 1.9206e-12 1.9398e-12 5.2855e-14 6.2008e-13 5.3864e-13 -2.0807e-14 1.7487e-13 -4.2474e-14 2.5948e-14 -2.9278e-14
7.912e-11 7.7956e-11 6.5595e-11 6.5362e-11 7.2501e-11 5.0029e-11 8.5267e-11 5.3248e-11 5.7228e-11 3.4291e-11 4.0171e-11 3.2034e-11 2.9389e-11 3.7985e-11 2.4915e-11 2.0501e-11 1.5612e-11 1.6648e-11 6.1268e-12 2.8847e-11 1.0729e-12 1.2608e-12 -8.4355e-12 -3.6488e-12 -8.5635e-13 2.5525e-12 -9.8435e-13 -1.0379e-11 -6.2055e-12 3.7424e-12 -9.2433e-12 -8.6338e-12 -8.2783e-12 -1.6973e-11 -5.7918e-12 -1.8426e-11 -7.7396e-12 -8.0667e-12 -1.1443e-11 -1.8095e-11 -9.8957e-12 -4.461e-12 -1.1884e-11 -1.1148e-11 -1.514e-11 -9.7873e-12 -1.1054e-11 4.2089e-12 -1.4208e-11 -5.332e-12 -4.1183e-12 -1.1887e-11 -5.4216e-12 -6.2095e-12 -1.077e-11 -3.6602e-12 -4.3102e-12 -2.2727e-12 -5.7231e-12 -1.041e-12 1.6203e-12 -2.0715e-12 -4.5401e-12 -1.6647e-12 -1.2841e-12 6.869e-13 1.1263e-12 -1.8741e-12 2.4253e-12 2.0961e-12 -9.0662e-13 1.107e-12 -8.9679e-13 -1.288e-12 1.736e-12 -2.0778e-12 1.7551e-12 4.349e-12 -1.1455e-12 1.8473e-12 1.5613e-12 1.7775e-13 -8.4423e-13 9.7676e-13 -4.5243e-13 -1.1213e-12 6.3991e-13 1.0427e-12 1.7787e-12 7.1666e-13 9.7311e-13 1.1108e-12 6.4691e-13 9.7248e-13 2.6314e-13 -8.7123e-14 2.2729e-13 -2.6655e-14 -5.4803e-14 -2.3503e-14
6.4324e-11 6.1372e-11 5.8086e-11 5.616e-11 5.6856e-11 4.6103e-11 5.3248e-11 5.8586e-11 4.7847e-11 3.1431e-11 3.4689e-11 2.5449e-11 2.0194e-11 3.1867e-11 2.0031e-11 1.0625e-11 1.4317e-11 1.5046e-11 8.385e-12 2.1448e-11 5.7006e-12 -1.2096e-13 -4.8288e-12 1.3409e-12 -2.9778e-12 5.4122e-12 -6.1661e-12 -9.1414e-12 -5.7449e-12 -6.795e-12 -7.4222e-12 -8.4599e-12 -6.7662e-12 -1.6303e-11 -9.197e-12 -1.3994e-11 -4.4656e-12 -6.2856e-12 -1.0824e-12 -1.2061e-11 -5.2279e-12 -5.9402e-12 -1.2394e-11 -8.037e-12 -7.0736e-12 -8.3285e-12 -8.0597e-12 -3.5956e-12 -7.2328e-12 -6.8402e-12 -6.0913e-12 -9.8285e-12 -4.2775e-12 -7.1447e-13 -1.0404e-11 -2.0664e-12 1.4551e-14 1.1712e-12 -8.2743e-13 -2.166e-13 2.8737e-12 1.4313e-12 -6.7267e-13 1.0804e-12 6.6257e-14 1.1638e-12 -2.5405e-13 2.0117e-12 1.0491e-12 4.6571e-13 -8.1395e-13 -1.9041e-12 5.3669e-13 1.5468e-13 2.0721e-12 3.842e-13 -1.7437e-12 2.5791e-12 1.7975e-13 -7.3337e-13 -3.1704e-13 -1.3475e-12 -2.0334e-12 -6.7302e-13 -1.8447e-13 -8.7231e-13 2.4939e-13 1.0246e-12 1.4939e-12 2.1476e-13 1.2839e-12 7.5228e-13 8.3575e-14 9.7105e-13 2.5589e-13 -1.0419e-14 2.266e-13 -1.179e-14 -2.5799e-14 2.1048e-14
6.5865e-11 6.5068e-11 6.6449e-11 5.8922e-11 6.5121e-11 4.2982e-11 5.7228e-11 4.7847e-11 7.5328e-11 3.7976e-11 3.0154e-11 2.8599e-11 1.4782e-11 2.9979e-11 1.9923e-11 1.8666e-11 1.946e-11 1.9356e-11 1.0234e-11 2.4e-11 5.8298e-12 2.9607e-12 -4.0738e-13 -2.8467e-12 -7.4009e-12 1.8567e-12 -1.6681e-12 -1.2289e-11 -5.4539e-12 -8.4836e-13 -3.2653e-12 -7.4466e-12 -1.8943e-12 -1.66e-11 -7.3264e-12 -1.3308e-11 -7.2135e-12 -2.4301e-12 -1.2365e-12 -6.7975e-12 -6.3236e-12 -5.2476e-12 -1.2413e-11 -7.1658e-12 -9.7199e-12 -6.0294e-12 -3.1255e-12 -4.0105e-12 -1.1802e-11 -1.7892e-12 3.3351e-12 -1.1344e-11 9.6213e-13 1.0414e-12 -5.2646e-12 -2.3005e-12 -3.6326e-12 -2.2661e-12 -1.9285e-12 1.5043e-12 1.1737e-12 4.9286e-12 -6.9029e-13 -2.6857e-13 3.2998e-12 2.2566e-12 6.4153e-13 3.8945e-13 1.8778e-12 1.1209e-12 1.446e-13 7.8023e-13 -2.5471e-12 -7.6767e-13 2.2518e-12 1.0219e-12 4.4413e-13 -3.4828e-13 7.9511e-13 2.5046e-12 3.5451e-13 1.3975e-13 -1.4779e-12 2.7642e-12 1.6492e-13 3.2771e-13 -1.8775e-13 1.0093e-12 2.2006e-12 8.3683e-13 1.6132e-12 2.6092e-13 -2.8417e-13 9.6096e-13 5.1519e-13 -7.3544e-14 2.3375e-13 1.3215e-13 2.2694e-14 -1.49e-14
4.8144e-11 4.8059e-11 4.2742e-11 3.9262e-11 4.2207e-11 2.7708e-11 3.4291e-11 3.1431e-11 3.7976e-11 3.5448e-11 2.2946e-11 1.837e-11 1.973e-11 2.5845e-11 1.2515e-11 1.2636e-11 9.8578e-12 1.0663e-11 8.7684e-12 1.5701e-11 3.136e-12 -5.9734e-14 3.219e-13 -1.0683e-12 -1.9005e-12 3.9905e-12 -4.6964e-12 -7.9335e-12 -1.6675e-12 -4.9338e-12 -3.2559e-12 -4.5567e-12 -8.7719e-12 -1.0605e-11 -6.4266e-12 -1.1817e-11 -5.1211e-12 -4.6224e-12 -3.5261e-12 -8.5033e-12 -5.9179e-12 -6.0911e-12 -6.4426e-12 -5.8398e-12 -7.5258e-12 -7.6546e-12 -8.4969e-12 -4.0691e-12 -5.4424e-12 -4.5382e-13 3.0829e-12 -5.9317e-12 3.5919e-13 -1.6304e-12 -5.9724e-12 -5.3765e-15 -2.8616e-12 -8.2582e-13 -2.0468e-12 2.0386e-12 9.048e-13 3.171e-12 8.3929e-13 -9.9745e-13 -1.4647e-12 -5.3876e-13 2.0323e-13 1.5788e-12 4.0113e-13 -2.9546e-13 -3.4436e-14 9.4017e-14 -5.5913e-13 -1.7663e-12 1.6787e-12 8.016e-14 5.1783e-13 2.4441e-12 1.1388e-12 -2.8143e-13 1.0734e-12 -2.3227e-13 -2.9828e-12 9.6617e-13 -4.9129e-13 -8.6837e-13 2.7498e-14 1.2176e-12 1.093e-12 5.9746e-13 1.5112e-12 1.1849e-12 -1.7268e-13 3.4445e-13 3.7265e-13 -4.8633e-15 1.2075e-13 -5.4454e-14 5.5802e-15 3.962e-14
5.6974e-11 5.0323e-11 5.0314e-11 4.7555e-11 4.608e-11 3.9905e-11 4.0171e-11 3.4689e-11 3.0154e-11 2.2946e-11 4.6888e-11 2.1419e-11 2.0408e-11 3.0197e-11 1.2228e-11 1.145e-11 1.0925e-11 1.0749e-11 6.2212e-12 1.1223e-11 4.3719e-12 -5.7223e-13 -1.375e-12 8.1896e-13 3.1574e-12 3.7906e-12 2.1727e-12 -6.7002e-12 -8.8284e-12 5.4665e-13 -2.2015e-12 -4.8004e-12 -8.8564e-12 -8.1222e-12 -4.9512e-12 -8.2789e-12 -9.1748e-13 -9.1201e-12 -2.308e-12 -6.1392e-12 -4.1444e-12 -6.7729e-12 -9.4122e-12 -3.616e-12 -4.9909e-12 -1.459e-12 -4.9569e-12 1.3944e-12 -7.4907e-12 -2.9515e-12 -6.6964e-12 -3.7873e-12 -9.5406e-12 1.2723e-12 -5.2111e-12 -1.0269e-12 2.6714e-12 -2.3879e-12 1.7154e-12 -3.2073e-12 -2.1445e-12 2.8692e-12 -1.7918e-12 1.7911e-12 -1.6709e-12 -6.6216e-13 -1.9028e-13 8.6045e-13 -5.5138e-14 -3.2898e-12 -1.212e-12 -2.2912e-12 -3.7363e-13 -7.81e-13 8.9448e-13 1.2793e-13 2.6567e-12 4.086e-12 -1.0053e-12 -1.3903e-12 -4.9146e-13 -1.0458e-12 -2.9866e-12 -1.1961e-12 -1.524e-12 -2.4782e-13 -5.5254e-13 4.101e-13 1.9551e-12 1.1536e-12 1.9191e-12 1.6939e-12 3.2874e-14 8.4392e-13 4.1725e-13 -8.4579e-15 1.5219e-13 -2.0229e-14 -3.5071e-14 3.7228e-14
3.6236e-11 3.531e-11 3.2067e-11 3.2951e-11 3.6997e-11 2.0948e-11 3.2034e-11 2.5449e-11 2.8599e-11 1.837e-11 2.1419e-11 2.8697e-11 1.7785e-11 2.0048e-11 1.2606e-11 6.9233e-12 9.744e-12 7.737e-12 6.073e-12 1.3006e-11 4.0846e-12 1.8265e-12 7.1524e-13 -3.4589e-12 -6.1323e-14 -4.6715e-12 2.2791e-13 -4.6016e-12 -1.2218e-12 1.0709e-12 -1.4385e-12 -1.3965e-12 -3.5076e-12 -5.3369e-12 -4.0374e-12 -5.3483e-12 -4.0134e-12 -5.6002e-12 -4.5249e-12 -4.5151e-12 -8.101e-12 1.5615e-13 -6.8127e-12 -6.5685e-12 -4.6201e-12 -4.9137e-12 -3.1874e-12 -3.9014e-13 -5.8949e-12 -2.721e-12 -4.817e-12 -7.3238e-12 -2.7463e-12 4.4611e-13 -4.6824e-12 -2.0386e-12 -1.0315e-12 9.9339e-13 -8.9813e-13 -1.1e-12 1.8125e-12 2.4366e-12 -1.3e-12 -5.1478e-14 4.0362e-13 1.4035e-12 5.8053e-13 2.4129e-12 1.3433e-12 9.2252e-13 -4.9305e-13 6.3069e-13 -1.4958e-12 -1.0729e-13 2.5268e-12 6.569e-13 1.3954e-12 4.025e-12 7.4964e-13 9.6685e-13 5.3767e-13 -4.9026e-13 -1.568e-12 7.1281e-13 8.0757e-13 -8.5554e-13 2.736e-13 -6.1429e-13 1.2417e-12 5.6408e-13 7.8695e-13 4.7797e-13 4.5717e-13 6.6232e-13 1.3593e-13 -4.0832e-14 1.0282e-13 4.2953e-14 -2.1825e-14 -2.9117e-14
3.9361e-11 4.2918e-11 2.6548e-11 2.7644e-11 3.1985e-11 2.4493e-11 2.9389e-11 2.0194e-11 1.4782e-11 1.973e-11 2.0408e-11 1.7785e-11 4.6366e-11 2.2253e-11 9.8444e-12 3.7538e-12 1.1696e-11 8.5993e-12 7.4941e-12 1.2621e-11 6.6475e-12 2.8557e-12 3.2976e-12 -2.4539e-12 -2.5768e-12 -1.0394e-12 -6.2323e-12 -2.1972e-12 -2.372e-13 -1.6734e-12 -7.6041e-12 -1.3245e-12 -6.9429e-12 -5.1499e-12 -2.7442e-12 -6.0547e-12 -1.1104e-13 -9.5802e-13 -3.5671e-12 -9.9863e-12 -4.0496e-13 -6.5939e-13 -2.8794e-12 7.9125e-14 -5.7321e-12 -7.3885e-12 -9.4737e-12 -3.2015e-12 -2.3943e-12 -2.1005e-12 1.9006e-13 2.8182e-12 -7.2672e-12 -1.1212e-12 -3.6943e-12 -2.519e-12 -8.1724e-13 -1.5476e-12 -3.1655e-12 4.57e-13 3.0766e-12 1.4486e-12 -2.0583e-12 9.311e-13 -4.359e-12 6.5377e-14 4.2235e-13 3.8722e-12 -9.6274e-13 1.5479e-12 -1.442e-12 -1.9723e-12 7.6107e-15 -2.6037e-12 -5.3828e-13 1.7161e-13 8.1004e-13 5.0313e-12 -2.8861e-13 -1.2402e-13 1.2479e-12 1.2741e-12 -2.5e-12 -1.4043e-12 3.6575e-13 1.1742e-12 -3.6603e-14 4.1487e-13 8.4684e-13 4.7072e-13 1.212e-12 1.2753e-12 5.8556e-13 4.7016e-13 2.6093e-13 -6.9684e-14 5.9441e-14 -1.091e-13 -2.814e-14 -1.6379e-14
4.8053e-11 4.0598e-11 4.2697e-11 3.7622e-11 4.3731e-11 2.9904e-11 3.7985e-11 3.1867e-11 2.9979e-11 2.5845e-11 3.0197e-11 2.0048e-11 2.2253e-11 4.1407e-11 1.1972e-11 1.0591e-11 1.1649e-11 1.9289e-11 6.87e-12 1.1941e-11 4.6439e-12 -1.9065e-12 8.9048e-14 -4.8367e-14 1.8483e-12 1.5093e-12 -5.7813e-13 -6.0794e-12 -5.8383e-12 -2.4935e-12 -6.2419e-12 -4.7066e-12 -3.8374e-12 -1.0935e-11 -5.208e-12 -9.929e-12 -3.1533e-12 -5.417e-12 -2.4483e-12 -7.6184e-12 -7.6544e-12 -3.1878e-12 -1.0222e-11 -4.6256e-12 -7.6352e-12 -5.1672e-12 -6.3911e-12 1.4385e-12 -6.4104e-12 -4.6403e-12 2.5713e-13 -5.2465e-12 -8.446e-12 -5.2888e-13 -7.5321e-12 9.5279e-13 -3.2516e-13 -1.9636e-12 1.4653e-13 1.1671e-12 1.4892e-12 3.7444e-12 -3.5918e-12 1.805e-12 -1.3691e-12 -6.1107e-14 -1.1057e-12 2.93e-12 1.2997e-12 -1.4889e-12 -2.5277e-12 1.0855e-12 -4.4591e-13 -1.0121e-12 1.7311e-12 1.073e-13 1.4428e-12 4.0742e-12 1.6769e-13 -9.935e-13 1.2815e-12 -1.6362e-15 -2.4471e-12 -2.4893e-13 -4.8431e-13 -1.3722e-12 4.4919e-13 1.0985e-13 3.7508e-13 5.5027e-13 8.3336e-13 1.2397e-12 2.1304e-13 7.2204e-13 3.3234e-13 -1.0143e-13 1.4734e-13 -4.3226e-14 -4.5251e-14 3.9307e-14
3.295e-11 2.6612e-11 2.0867e-11 2.6151e-11 2.9758e-11 1.4152e-11 2.4915e-11 2.0031e-11 1.9923e-11 1.2515e-11 1.2228e-11 1.2606e-11 9.8444e-12 1.1972e-11 2.3314e-11 4.9844e-12 8.1247e-12 8.608e-12 3.3687e-12 7.6704e-12 -1.2264e-12 2.5167e-12 -7.9667e-13 -2.36e-12 -6.3285e-12 1.1825e-12 -2.6943e-12 -4.431e-12 -6.1036e-12 -6.8096e-13 -4.3123e-12 -2.7438e-12 -6.0171e-12 -2.9625e-12 -4.5255e-13 -3.0433e-12 -5.4311e-12 -7.9978e-13 -3.8921e-12 -5.1685e-12 -4.6216e-12 -3.14e-12 -1.1463e-12 -4.9717e-12 -2.1297e-12 -3.4425e-12 -3.3555e-12 -1.5096e-12 -5.3771e-12 -4.2984e-12 -3.35e-12 -4.7638e-12 8.2988e-13 -2.3874e-12 -5.3501e-12 -1.8e-12 -3.4743e-12 1.0375e-12 -3.8334e-12 9.0177e-14 7.405e-13 -1.6165e-12 -2.9404e-12 -1.9642e-12 3.8232e-13 4.4261e-13 1.4356e-12 -3.6286e-13 2.9469e-12 2.244e-12 -1.6254e-12 -1.9427e-12 -2.4369e-13 -1.3225e-12 2.4746e-14 -4.8141e-13 6.8549e-13 2.1719e-12 -6.0616e-13 -2.2458e-13 -1.2774e-12 1.5347e-14 6.4938e-13 -1.1115e-12 -6.7395e-13 2.6246e-13 -1.9277e-12 4.3288e-13 6.8758e-13 -3.1248e-13 4.2867e-13 -5.3334e-14 1.319e-13 2.8256e-13 2.3529e-13 -1.5511e-13 1.8225e-14 -8.8428e-14 2.3189e-14 -1.5513e-14
2.7071e-11 2.3664e-11 1.7162e-11 2.0739e-11 1.9764e-11 1.0253e-11 2.0501e-11 1.0625e-11 1.8666e-11 1.2636e-11 1.145e-11 6.9233e-12 3.7538e-12 1.0591e-11 4.9844e-12 1.9031e-11 8.1069e-13 4.1826e-12 -1.9419e-12 5.8439e-12 -1.0877e-12 -2.1438e-12 -5.6262e-13 2.2254e-12 -1.3853e-12 4.1171e-12 -4.3813e-13 -3.6142e-12 -4.0662e-12 1.6429e-12 -7.3505e-12 -4.0678e-12 9.2024e-13 -5.0906e-12 -4.1892e-12 -7.7947e-12 -1.1879e-12 -5.0973e-12 -6.8183e-12 -5.1856e-12 -5.9827e-12 -4.7859e-12 -5.0561e-12 -3.7776e-13 -7.7228e-12 -4.8824e-12 -3.9935e-12 4.5216e-12 -5.9952e-12 -2.0701e-12 2.2374e-12 -3.256e-12 -4.4055e-13 1.1183e-13 -3.7418e-12 -3.8889e-12 -2.1378e-12 -2.0381e-12 -2.4347e-12 5.8401e-13 -3.0418e-12 -3.2683e-13 -1.9375e-12 -3.4996e-13 -8.9385e-13 -1.8488e-14 6.7094e-13 -1.9602e-13 1.2471e-12 -2.3496e-12 -1.2834e-13 1.9366e-12 8.5233e-14 1.0438e-12 -1.6115e-12 3.0444e-13 3.942e-13 1.0749e-12 3.9245e-13 1.1139e-12 2.4302e-12 -3.1256e-13 -1.474e-12 4.8976e-13 -1.1607e-12 -6.197e-13 -3.4727e-13 8.3293e-13 1.6747e-13 2.7488e-13 7.2975e-13 9.3839e-13 -5.1924e-14 2.5199e-13 1.8447e-13 7.918e-14 8.2177e-14 4.5083e-15 -1.5373e-14 -2.4343e-15
2.1106e-11 1.6931e-11 1.8461e-11 2.3451e-11 2.3792e-11 1.5746e-11 1.5612e-11 1.4317e-11 1.946e-11 9.8578e-12 1.0925e-11 9.744e-12 1.1696e-11 1.1649e-11 8.1247e-12 8.1069e-13 2.799e-11 1.0826e-11 2.844e-12 1.4474e-11 -3.8422e-12 3.3951e-12 2.461e-12 3.5384e-12 -5.1388e-13 1.4801e-12 -4.12e-13 -3.0735e-12 2.9482e-12 -2.2511e-12 2.0203e-12 9.7903e-13 -4.1338e-12 -8.7575e-12 2.2037e-13 1.939e-12 1.1508e-12 2.3073e-12 7.8549e-12 -8.6589e-14 -1.0872e-12 2.7706e-12 -3.9785e-12 -3.5801e-12 -2.786e-12 7.4993e-13 1.1153e-13 -4.0281e-13 -8.3449e-13 -6.612e-13 2.0826e-12 -1.5018e-12 -2.5571e-12 2.7245e-12 1.2822e-12 2.2319e-12 2.1725e-12 1.3676e-12 5.5355e-13 -7.389e-13 1.4241e-12 2.4669e-12 -2.9094e-13 1.2763e-12 3.3538e-13 2.8558e-12 -3.0592e-13 -1.0042e-12 -4.5346e-13 4.4546e-13 -4.2728e-13 -1.1329e-12 -1.7643e-12 -1.2705e-12 5.5804e-13 2.0706e-13 9.1105e-13 1.0728e-12 -1.2287e-12 5.5152e-13 -1.0591e-12 -9.6323e-13 -8.1821e-13 -1.267e-12 1.3565e-12 7.7017e-13 4.8019e-14 1.0076e-12 3.0269e-13 9.2427e-14 6.1958e-13 -2.1249e-13 -7.5441e-15 2.4545e-13 -2.4697e-14 -8.5185e-14 -7.0866e-14 -1.1804e-14 -4.4976e-15 3.1596e-15
2.4394e-11 2.5525e-11 2.6256e-11 2.2166e-11 2.2249e-11 1.4988e-11 1.6648e-11 1.5046e-11 1.9356e-11 1.0663e-11 1.0749e-11 7.737e-12 8.5993e-12 1.9289e-11 8.608e-12 4.1826e-12 1.0826e-11 2.8758e-11 -7.0978e-13 8.489e-12 2.3516e-12 -2.8568e-13 6.5238e-13 -4.2626e-12 -1.4318e-12 3.5067e-12 1.0684e-12 1.7301e-12 -4.0681e-12 -5.5984e-13 -5.8109e-12 2.4361e-12 -9.1286e-13 -4.663e-12 -2.7818e-12 -2.6815e-12 -4.2724e-12 -2.12e-13 -1.1553e-13 -6.5709e-12 -3.7842e-12 2.9361e-12 -6.8589e-12 8.33e-13 -1.7122e-12 1.3148e-13 -2.1541e-12 2.4198e-12 -1.9379e-12 -3.3007e-14 3.9507e-12 -7.8736e-13 -1.2366e-12 -1.4564e-12 -4.0991e-12 5.1412e-13 -5.0508e-13 -1.2024e-12 -1.7653e-12 -6.7068e-13 1.2427e-12 1.5111e-12 -1.3749e-12 -9.5528e-13 -4.7306e-13 -2.7508e-13 1.3287e-13 -1.2754e-12 1.5943e-12 8.4431e-13 -1.8797e-13 -1.8078e-12 -1.1891e-12 -2.0647e-13 1.6227e-13 1.5693e-12 8.7851e-13 3.3749e-13 -1.1538e-12 1.5338e-13 3.9301e-13 -6.2827e-13 8.5346e-13 7.7043e-13 -1.582e-12 -8.4204e-14 8.4965e-13 -8.0993e-13 -7.2241e-13 8.7547e-14 -3.4597e-13 2.7503e-13 -3.1492e-13 7.1472e-14 1.8064e-13 -1.2437e-13 7.5929e-14 -7.3625e-14 -3.9936e-14 -3.6257e-14
9.3336e-12 1.0527e-11 1.3505e-11 8.8961e-12 8.6512e-12 5.372e-12 6.1268e-12 8.385e-12 1.0234e-11 8.7684e-12 6.2212e-12 6.073e-12 7.4941e-12 6.87e-12 3.3687e-12 -1.9419e-12 2.844e-12 -7.0978e-13 1.5363e-11 2.6579e-12 1.522e-12 6.0044e-13 -1.2976e-12 -2.5724e-12 -2.1543e-12 -5.4501e-13 -3.2836e-12 -5.0287e-12 -1.0059e-12 -1.138e-12 2.3135e-12 3.7387e-13 7.8738e-13 5.1535e-13 -1.2989e-13 -2.635e-12 -7.6262e-13 5.8534e-12 1.2924e-12 8.6395e-13 5.5893e-13 -2.8571e-12 -1.3957e-12 -2.1254e-12 9.6097e-13 5.6447e-13 3.6141e-12 -5.4058e-12 2.7431e-13 -3.3961e-13 1.4278e-12 -1.3812e-13 -1.0872e-12 5.8517e-13 -1.8396e-13 1.7795e-12 4.4961e-13 -6.6383e-13 1.3918e-12 -9.3528e-13 8.8419e-13 1.5739e-12 -2.4753e-13 2.0337e-13 2.6044e-13 -1.3056e-12 9.9355e-13 1.1939e-12 1.2903e-13 2.2929e-12 -1.4651e-12 -2.0207e-12 -1.0451e-12 -4.6446e-13 1.4318e-12 -4.2694e-13 2.3422e-13 -4.7869e-14 5.1414e-13 -8.7046e-13 4.3396e-13 -5.8649e-13 -9.833e-13 -1.74e-12 1.0424e-13 6.8475e-13 -4.739e-13 2.4525e-13 6.334e-13 -2.1105e-13 1.605e-13 -2.2298e-13 -1.643e-13 1.775e-13 5.276e-14 2.2413e-14 -2.8899e-14 -9.7913e-15 -2.6211e-14 -2.463e-14
2.9621e-11 2.5513e-11 2.2657e-11 2.6885e-11 2.7888e-11 1.9323e-11 2.8847e-11 2.1448e-11 2.4e-11 1.5701e-11 1.1223e-11 1.3006e-11 1.2621e-11 1.1941e-11 7.6704e-12 5.8439e-12 1.4474e-11 8.489e-12 2.6579e-12 3.6967e-11 -5.7374e-12 2.7618e-12 1.0071e-12 -1.7677e-12 2.5292e-12 -1.4402e-12 -3.6955e-14 -1.158e-13 4.7306e-12 -3.8281e-12 -4.8751e-12 -6.0759e-12 -2.9279e-12 -4.6765e-12 -1.2293e-12 -1.2207e-11 -2.9113e-13 -1.9506e-12 -6.776e-12 -6.8383e-12 -6.0251e-12 4.7041e-12 -5.3485e-12 -7.6434e-12 -6.7447e-12 -1.2439e-13 -2.6952e-12 1.912e-12 -4.9172e-12 -2.7555e-12 4.6036e-13 -5.2464e-12 1.9806e-12 -4.2642e-12 -3.5384e-12 2.7903e-12 1.1624e-12 9.5399e-13 -2.6921e-12 -2.7727e-12 3.2387e-12 -4.6091e-14 1.0143e-12 -2.6107e-12 1.3878e-12 -1.5e-12 1.7264e-12 -1.8467e-12 -1.0033e-12 1.7732e-12 -9.0287e-13 8.3731e-13 -4.584e-13 1.625e-12 1.6933e-12 9.3905e-13 -1.5263e-13 5.2601e-13 -6.3759e-13 1.1787e-12 1.3413e-12 -3.4862e-13 -2.0028e-12 -3.7124e-13 1.314e-12 -7.3929e-13 1.1292e-12 1.4936e-12 2.8272e-13 1.4455e-13 2.4534e-13 4.8149e-13 3.5175e-13 3.2026e-13 4.9947e-14 7.7872e-16 3.8924e-14 6.1068e-15 2.1183e-14 5.9904e-14
1.5438e-12 1.0235e-11 8.6681e-12 7.6399e-13 3.5854e-12 4.2551e-12 1.0729e-12 5.7006e-12 5.8298e-12 3.136e-12 4.3719e-12 4.0846e-12 6.6475e-12 4.6439e-12 -1.2264e-12 -1.0877e-12 -3.8422e-12 2.3516e-12 1.522e-12 -5.7374e-12 1.8623e-11 1.9674e-12 2.8119e-12 -2.7231e-12 -4.8128e-12 1.5232e-12 -4.4801e-12 1.0508e-12 -5.7257e-12 4.2363e-12 1.9969e-12 1.7101e-12 1.8545e-12 -2.0636e-12 -2.5246e-12 5.7676e-13 1.6211e-12 -1.6054e-12 -1.154e-12 -4.4317e-13 1.3145e-12 -4.5928e-12 -4.3212e-12 1.296e-12 1.9927e-12 -1.4454e-12 -2.2399e-12 -4.375e-12 1.1601e-12 1.2462e-12 4.9715e-13 2.0573e-13 -1.6997e-12 3.8509e-12 1.1066e-12 -2.8975e-12 1.157e-12 -2.6823e-12 -4.3922e-13 3.4344e-12 9.1231e-13 3.2571e-12 -9.8052e-13 1.5661e-12 -9.2748e-13 -1.7747e-12 -2.0873e-12 4.3658e-12 -1.1336e-12 2.5294e-13 8.9919e-14 -2.1995e-12 3.5232e-13 -7.6537e-13 3.6288e-14 1.9984e-12 -1.1268e-12 6.607e-13 3.3882e-14 -3.1865e-13 -3.0892e-13 7.5533e-13 -8.6936e-13 2.5138e-15 -5.7221e-13 2.7128e-13 1.8451e-13 -5.8648e-13 9.7158e-14 6.377e-13 2.516e-13 -1.8233e-14 -2.1422e-13 2.877e-13 1.1359e-14 -9.4947e-15 1.4461e-13 3.1338e-14 3.9818e-14 -3.3373e-14
-1.9611e-12 1.9395e-12 -1.5193e-12 -3.296e-12 -1.9725e-13 6.3405e-13 1.2608e-12 -1.2096e-13 2.9607e-12 -5.9734e-14 -5.7223e-13 1.8265e-12 2.8557e-12 -1.9065e-12 2.5167e-12 -2.1438e-12 3.3951e-12 -2.8568e-13 6.0044e-13 2.7618e-12 1.9674e-12 1.3396e-11 2.8662e-12 -7.1847e-12 -3.9956e-12 -3.8445e-12 -2.2747e-12 3.42e-12 -4.0478e-13 4.8663e-12 5.2039e-12 -2.3179e-13 6.0238e-13 7.1264e-13 1.4626e-12 2.0432e-15 -1.3307e-12 7.8791e-13 4.949e-13 5.9185e-13 1.3921e-12 1.6917e-12 1.6585e-12 2.5767e-13 -7.6003e-13 1.5287e-12 -2.1895e-12 -1.2725e-12 2.6054e-12 1.5295e-12 -2.0493e-12 2.9243e-13 1.0242e-12 -6.3057e-13 2.7363e-13 2.0901e-12 1.1772e-12 -1.6664e-12 -1.1212e-13 -1.1887e-12 1.5135e-12 1.7708e-12 1.3165e-12 1.2971e-12 3.577e-13 9.2817e-13 6.9003e-13 -2.7162e-13 -7.74e-13 6.0301e-13 -9.08e-14 -1.458e-12 6.1096e-13 -1.0763e-12 1.1784e-12 4.3475e-14 3.3372e-13 2.2774e-12 -3.8666e-13 1.1889e-13 -2.6766e-13 1.0203e-12 -1.8431e-14 6.3617e-13 5.7224e-13 1.4968e-12 -2.0237e-13 5.5608e-13 9.286e-14 -1.0063e-13 -5.6119e-13 -1.1303e-13 -4.7318e-13 2.8594e-13 1.5384e-14 -2.538e-14 2.215e-14 4.2368e-14 1.3825e-15 -1.2542e-14
-2.96e-12 -8.7095e-13 -1.7381e-14 -1.2238e-12 -2.3355e-12 -4.4336e-12 -8.4355e-12 -4.8288e-12 -4.0738e-13 3.219e-13 -1.375e-12 7.1524e-13 3.2976e-12 8.9048e-14 -7.9667e-13 -5.6262e-13 2.461e-12 6.5238e-13 -1.2976e-12 1.0071e-12 2.8119e-12 2.8662e-12 2.081e-11 -3.9643e-13 -3.4698e-12 -2.4167e-12 3.2807e-12 5.7476e-12 -2.714e-12 -2.4312e-12 2.7302e-12 -5.3119e-12 5.4188e-12 -3.119e-13 -2.0781e-12 3.344e-12 -2.5952e-13 -2.739e-12 1.6369e-12 4.1355e-12 -2.7355e-12 1.8712e-12 2.9424e-12 1.4286e-13 9.6667e-14 2.4524e-12 -1.1167e-12 -7.0738e-13 -1.7388e-12 -1.0264e-12 -8.219e-13 3.431e-12 3.7745e-12 1.7274e-12 6.0286e-13 2.411e-12 9.2238e-13 -2.9771e-12 -7.5167e-13 1.2412e-12 1.0298e-12 4.3967e-12 3.7e-13 2.0248e-12 -1.1617e-12 4.3024e-13 -1.1276e-12 1.3137e-12 2.4762e-13 7.9083e-13 -1.3978e-12 -1.5699e-12 -1.658e-12 -4.3714e-14 -1.614e-12 1.7845e-12 6.3902e-13 8.9174e-13 3.3021e-13 -4.1674e-13 -5.5595e-13 -7.1883e-13 -4.2136e-13 -1.6942e-12 -1.8905e-13 -4.5905e-14 1.5305e-13 4.7271e-13 -1.8425e-13 1.5804e-13 1.7443e-13 1.5959e-13 -3.2848e-13 8.4718e-14 1.1595e-13 -8.1129e-14 -6.3629e-14 9.3585e-14 6.8869e-14 2.6185e-14
3.5132e-13 -7.0005e-12 1.5293e-12 3.24e-12 -1.7882e-12 3.2381e-12 -3.6488e-12 1.3409e-12 -2.8467e-12 -1.0683e-12 8.1896e-13 -3.4589e-12 -2.4539e-12 -4.8367e-14 -2.36e-12 2.2254e-12 3.5384e-12 -4.2626e-12 -2.5724e-12 -1.7677e-12 -2.7231e-12 -7.1847e-12 -3.9643e-13 2.204e-11 2.5018e-12 2.3195e-12 1.0336e-12 -2.8431e-12 4.8278e-12 -6.7228e-12 -3.573e-12 -4.1982e-12 -8.1571e-13 -5.5436e-12 -2.0407e-12 1.2594e-12 9.1479e-12 -2.0885e-12 8.878e-12 1.4269e-12 2.8642e-13 -5.1969e-13 1.9516e-12 -1.8461e-12 -4.536e-13 -4.762e-12 5.1644e-12 -4.1677e-12 -2.7129e-12 -3.1574e-12 -2.0952e-12 1.0865e-12 -1.3893e-14 6.4954e-12 4.2574e-12 -3.2806e-12 8.565e-13 1.5215e-12 2.4541e-12 1.1103e-12 -4.8481e-13 8.908e-13 -2.4089e-13 1.7314e-12 -6.4826e-13 -3.6445e-13 6.4694e-13 -1.1365e-12 1.7171e-13 -2.3111e-13 1.0347e-12 1.5587e-12 8.9608e-13 -4.4318e-13 -2.2901e-12 5.8536e-13 -1.4034e-12 -2.3274e-12 2.2115e-13 2.7532e-13 -1.3237e-12 -1.3444e-13 -2.6074e-13 -9.3018e-13 2.8996e-13 -1.9157e-12 2.9725e-13 4.8767e-13 2.62e-13 6.5772e-14 7.8133e-13 8.0711e-14 3.7629e-13 -5.103e-13 -4.047e-14 -5.2891e-14 -6.4448e-14 -4.6271e-14 5.4311e-14 5.1629e-14
-6.6234e-12 -7.4456e-12 -8.0506e-12 1.2973e-12 -5.8237e-12 2.1353e-12 -8.5635e-13 -2.9778e-12 -7.4009e-12 -1.9005e-12 3.1574e-12 -6.1323e-14 -2.5768e-12 1.8483e-12 -6.3285e-12 -1.3853e-12 -5.1388e-13 -1.4318e-12 -2.1543e-12 2.5292e-12 -4.8128e-12 -3.9956e-12 -3.4698e-12 2.5018e-12 2.4549e-11 5.2745e-12 5.2179e-12 3.5606e-12 -1.9115e-12 -3.4762e-12 2.3823e-12 2.6042e-12 -2.5814e-12 1.4662e-12 2.0567e-12 -2.8147e-12 -3.6149e-13 -5.8488e-14 1.3898e-12 -1.2063e-12 8.7872e-13 7.4562e-12 6.7585e-13 -2.7744e-12 -2.2863e-13 2.5351e-12 1.1557e-12 8.87e-13 5.7245e-13 -4.3597e-13 4.1274e-13 -1.9072e-13 -2.153e-12 -3.5139e-12 -1.9309e-12 -3.6506e-14 2.0776e-12 -3.9685e-13 3.4102e-12 -7.8543e-13 -1.4087e-12 1.5863e-12 -4.3307e-13 8.2447e-13 -1.9016e-12 1.2178e-12 1.0051e-12 -2.1965e-12 -1.6429e-12 -5.0007e-14 7.1011e-13 1.7321e-12 4.2178e-13 5.7018e-13 1.8851e-12 -1.6415e-12 -9.8037e-13 8.837e-13 -2.0801e-12 1.0287e-12 5.8063e-13 -3.6497e-13 -8.3395e-13 6.9934e-14 9.284e-13 -1.3481e-12 1.4963e-12 -4.9857e-14 -1.1285e-12 -2.4991e-14 5.1076e-13 6.238e-13 2.965e-13 -3.4347e-13 8.9189e-15 1.254e-13 -1.8848e-14 -5.4425e-14 -5.1815e-14 3.8738e-15
2.5029e-12 1.2883e-11 2.5515e-12 1.2466e-11 3.6265e-12 7.3619e-12 2.5525e-12 5.4122e-12 1.8567e-12 3.9905e-12 3.7906e-12 -4.6715e-12 -1.0394e-12 1.5093e-12 1.1825e-12 4.1171e-12 1.4801e-12 3.5067e-12 -5.4501e-13 -1.4402e-12 1.5232e-12 -3.8445e-12 -2.4167e-12 2.3195e-12 5.2745e-12 1.7921e-11 -1.4913e-12 1.5447e-12 -4.8832e-12 -1.5715e-12 -2.55e-12 1.3704e-12 -6.4714e-13 -5.075e-13 -1.5274e-13 -2.6469e-12 3.0811e-12 -1.233e-12 -1.9386e-12 -5.8275e-12 3.7123e-13 -1.2712e-12 -7.7327e-13 -2.237e-12 2.6467e-12 -1.5791e-12 -2.3815e-12 -5.5061e-13 6.4372e-13 2.3683e-12 6.3658e-12 1.3306e-12 2.3939e-13 -6.7291e-13 -2.3747e-12 -1.4505e-12 2.1385e-12 -2.6762e-12 -6.5972e-13 1.3535e-12 -1.5416e-12 -4.0915e-13 -1.1328e-12 7.0269e-13 -3.232e-12 5.7591e-14 8.2786e-13 -1.0992e-12 2.1779e-13 7.8811e-14 1.3989e-12 -1.4023e-12 -9.1597e-13 -1.9778e-13 -1.3921e-12 1.2249e-12 -2.7855e-12 -7.2312e-13 -2.3317e-12 -9.6651e-13 6.8889e-13 -5.0198e-13 -9.0028e-14 -1.5757e-12 -5.8763e-13 4.5194e-15 3.3738e-13 5.0324e-13 -7.4589e-13 1.0095e-14 6.6365e-13 2.0924e-13 -3.4884e-13 -1.5841e-13 -3.3498e-14 6.5903e-14 4.3289e-14 -1.111e-13 2.84e-15 -3.4692e-14
-2.8441e-12 -4.5627e-12 9.0391e-13 -1.7226e-12 -1.2624e-13 -2.6484e-12 -9.8435e-13 -6.1661e-12 -1.6681e-12 -4.6964e-12 2.1727e-12 2.2791e-13 -6.2323e-12 -5.7813e-13 -2.6943e-12 -4.3813e-13 -4.12e-13 1.0684e-12 -3.2836e-12 -3.6955e-14 -4.4801e-12 -2.2747e-12 3.2807e-12 1.0336e-12 5.2179e-12 -1.4913e-12 1.1864e-11 1.6033e-12 4.5109e-13 4.4076e-13 1.1579e-12 7.7192e-13 9.9952e-13 4.0928e-12 -8.3748e-13 2.352e-12 -2.0658e-12 -1.4517e-12 1.2056e-12 1.9401e-12 -7.483e-13 5.6334e-12 5.6805e-13 -2.4917e-12 1.4663e-13 2.6081e-12 4.6705e-12 3.0086e-12 -4.324e-12 1.5361e-12 -3.5275e-13 1.2771e-12 -6.7045e-13 -1.4837e-12 2.8399e-12 4.0104e-13 -1.3966e-12 -4.3163e-13 2.6708e-12 -2.9233e-12 -2.0626e-12 7.4783e-13 9.0368e-13 -2.5953e-13 1.2433e-12 3.6719e-13 -2.021e-13 -2.7891e-12 9.0759e-13 6.0475e-13 4.2488e-14 1.1635e-12 4.2099e-13 -2.2713e-15 8.227e-13 8.2201e-13 1.2997e-12 -1.5372e-13 5.7616e-14 9.514e-13 -5.6543e-13 -2.3778e-13 8.1647e-13 7.7538e-13 -1.0807e-13 -1.8716e-12 4.2123e-13 -5.6751e-13 1.1324e-13 9.0189e-14 2.7054e-15 -1.6553e-14 3.1498e-13 -1.1552e-13 5.4532e-14 3.6145e-15 -5.9244e-14 6.8406e-14 -1.8947e-14 5.1239e-14
-1.5307e-11 -6.5792e-12 -1.3942e-11 -1.3762e-11 -1.1371e-11 -7.948e-12 -1.0379e-11 -9.1414e-12 -1.2289e-11 -7.9335e-12 -6.7002e-12 -4.6016e-12 -2.1972e-12 -6.0794e-12 -4.431e-12 -3.6142e-12 -3.0735e-12 1.7301e-12 -5.0287e-12 -1.158e-13 1.0508e-12 3.42e-12 5.7476e-12 -2.8431e-12 3.5606e-12 1.5447e-12 1.6033e-12 1.3615e-11 -2.2566e-12 9.5891e-13 -1.0621e-12 3.2311e-12 3.0924e-12 4.0172e-12 3.0686e-12 1.7163e-12 1.7785e-12 -5.9529e-13 -1.2623e-12 -2.8516e-14 -3.2629e-13 4.4651e-12 3.0651e-12 1.7214e-12 2.318e-12 3.3149e-12 -2.0149e-12 1.8102e-12 1.6042e-12 1.7889e-12 1.8933e-12 3.9827e-12 2.2542e-12 -2.3248e-12 1.7063e-12 9.4545e-13 2.683e-12 -1.4592e-12 6.7883e-13 -3.7741e-13 1.2732e-12 1.6203e-12 1.7192e-12 4.8932e-13 -1.8477e-12 5.8439e-13 5.7265e-14 -1.1862e-12 -9.5944e-13 6.8663e-13 2.1516e-13 -6.4816e-14 4.2963e-13 1.0718e-12 -6.9197e-13 1.9502e-12 -5.1003e-13 5.0706e-13 -9.3273e-13 -4.2385e-13 1.8883e-13 2.1404e-14 3.5528e-13 -5.7691e-13 -1.1056e-13 1.3135e-12 1.0545e-12 2.125e-13 -4.6312e-13 -7.0164e-13 -4.7294e-13 -2.2214e-13 -5.5827e-13 -6.884e-14 -6.7191e-14 -4.3885e-14 -1.7462e-14 -6.0663e-15 1.5862e-14 -1.2386e-14
-9.9144e-12 -8.9955e-12 -4.5737e-12 -5.9941e-12 -7.1027e-12 -4.6592e-12 -6.2055e-12 -5.7449e-12 -5.4539e-12 -1.6675e-12 -8.8284e-12 -1.2218e-12 -2.372e-13 -5.8383e-12 -6.1036e-12 -4.0662e-12 2.9482e-12 -4.0681e-12 -1.0059e-12 4.7306e-12 -5.7257e-12 -4.0478e-13 -2.714e-12 4.8278e-12 -1.9115e-12 -4.8832e-12 4.5109e-13 -2.2566e-12 1.7158e-11 1.0824e-12 1.4919e-12 4.0829e-13 -1.2138e-12 -8.8643e-13 -1.7524e-13 1.4319e-14 1.9421e-12 2.4878e-12 2.1898e-12 3.4383e-13 -1.7793e-13 2.9415e-12 3.9404e-12 4.7284e-13 5.6239e-13 -3.4825e-12 2.7615e-12 -4.9854e-13 2.0776e-12 2.2668e-12 -2.9659e-13 -7.0438e-13 1.0665e-12 1.6892e-12 3.2585e-12 -1.7894e-13 -2.1414e-12 2.8569e-12 1.9547e-12 9.8942e-13 1.6917e-12 -1.6218e-14 3.2425e-12 -1.0549e-12 1.8347e-12 -2.3447e-13 3.607e-13 3.9857e-13 6.1157e-13 -1.9431e-13 3.6771e-13 2.9956e-12 -3.346e-13 5.2203e-13 4.2651e-13 1.4435e-12 -6.579e-13 -1.045e-12 1.2023e-12 7.4372e-13 -2.6859e-14 2.9829e-13 -2.0082e-13 1.1631e-12 9.8525e-13 -9.9704e-13 7.0446e-13 2.4762e-14 -1.1686e-13 3.5593e-13 -5.974e-13 -2.2242e-13 2.1329e-13 -3.0999e-13 -2.0633e-13 2.6245e-15 -8.4162e-14 1.8745e-14 -2.1048e-14 3.2578e-14
9.6075e-13 2.571e-12 -3.1846e-12 -6.188e-12 9.8742e-13 -2.3432e-12 3.7424e-12 -6.795e-12 -8.4836e-13 -4.9338e-12 5.4665e-13 1.0709e-12 -1.6734e-12 -2.4935e-12 -6.8096e-13 1.6429e-12 -2.2511e-12 -5.5984e-13 -1.138e-12 -3.8281e-12 4.2363e-12 4.8663e-12 -2.4312e-12 -6.7228e-12 -3.4762e-12 -1.5715e-12 4.4076e-13 9.5891e-13 1.0824e-12 2.1375e-11 5.2867e-12 4.282e-12 2.8957e-12 1.1882e-12 1.5863e-12 1.0274e-12 -1.91e-12 -2.9739e-13 -2.2586e-12 -1.3429e-12 -4.3772e-13 1.0033e-12 2.4098e-12 1.9642e-13 3.1494e-12 -6.4766e-13 7.8422e-13 4.097e-12 3.3375e-12 4.9993e-12 -2.641e-13 -1.6837e-12 -3.4515e-13 1.4406e-12 8.2497e-13 -3.1049e-12 -7.9601e-13 -4.7598e-12 6.1505e-13 1.3467e-12 6.681e-13 -2.1994e-12 -1.6153e-12 -8.679e-13 1.6474e-12 6.0661e-13 1.229e-12 3.0089e-12 1.4322e-13 -6.5905e-13 -9.2069e-13 -1.2063e-12 -3.2176e-13 6.1462e-14 -8.2103e-13 3.0435e-13 1.4159e-12 -5.7689e-13 -2.0365e-12 1.6075e-12 6.5743e-13 1.6325e-12 -3.8643e-13 -6.7111e-13 -1.8774e-12 -5.822e-13 -2.3413e-13 -3.372e-13 -2.1039e-13 7.4552e-13 -3.4154e-13 2.8615e-13 -5.8516e-13 1.9076e-13 -3.9491e-14 -6.0861e-14 2.2269e-14 6.645e-14 -5.7932e-14 -5.7198e-14
-1.2377e-11 -1.5532e-11 -8.0183e-12 -9.9612e-12 -1.0941e-11 -4.3152e-12 -9.2433e-12 -7.4222e-12 -3.2653e-12 -3.2559e-12 -2.2015e-12 -1.4385e-12 -7.6041e-12 -6.2419e-12 -4.3123e-12 -7.3505e-12 2.0203e-12 -5.8109e-12 2.3135e-12 -4.8751e-12 1.9969e-12 5.2039e-12 2.7302e-12 -3.573e-12 2.3823e-12 -2.55e-12 1.1579e-12 -1.0621e-12 1.4919e-12 5.2867e-12 1.985e-11 2.1023e-12 -1.9581e-12 -1.8459e-12 3.7517e-12 1.0099e-12 8.0001e-13 -1.4019e-13 6.6237e-12 6.6792e-12 3.5519e-12 9.8436e-13 -6.1539e-14 -2.0195e-12 3.0112e-12 7.6434e-12 3.8903e-12 -3.2225e-12 4.2668e-12 4.1228e-12 -1.0764e-12 -8.3781e-13 6.2492e-13 1.7349e-12 4.3077e-12 1.7859e-12 2.1358e-12 -4.1912e-12 2.8122e-12 1.6015e-12 -3.2719e-13 4.0294e-12 -2.5518e-13 1.6659e-12 2.7813e-12 8.5841e-13 1.4027e-13 1.0652e-12 -1.91e-12 -4.0439e-13 2.4563e-13 -1.4056e-12 -2.2356e-12 -1.3054e-12 2.3682e-12 -1.3703e-12 1.3391e-12 4.0167e-13 -2.3635e-13 5.4501e-13 -1.0124e-12 -3.2261e-13 -2.1436e-13 -1.0114e-12 -2.8807e-13 -7.37e-13 -3.0215e-14 -4.0993e-13 1.2159e-13 1.0481e-12 1.0832e-13 -3.01e-13 -5.1876e-13 -1.5538e-13 -9.3693e-14 7.726e-14 -7.3284e-14 5.0761e-14 1.0744e-14 1.395e-14
-1.3689e-11 -6.4519e-12 -7.439e-12 -1.0234e-11 -1.0273e-11 -9.5565e-12 -8.6338e-12 -8.4599e-12 -7.4466e-12 -4.5567e-12 -4.8004e-12 -1.3965e-12 -1.3245e-12 -4.7066e-12 -2.7438e-12 -4.0678e-12 9.7903e-13 2.4361e-12 3.7387e-13 -6.0759e-12 1.7101e-12 -2.3179e-13 -5.3119e-12 -4.1982e-12 2.6042e-12 1.3704e-12 7.7192e-13 3.2311e-12 4.0829e-13 4.282e-12 2.1023e-12 1.5453e-11 -9.2238e-13 4.4563e-12 6.3625e-12 4.1966e-12 2.3038e-13 6.6546e-12 2.5716e-12 -1.3186e-12 3.5353e-12 3.037e-12 1.9814e-13 2.6691e-12 1.5746e-12 4.2838e-12 1.8986e-12 1.8205e-12 1.6879e-12 3.9389e-12 8.3241e-12 9.4125e-14 -2.1114e-12 3.068e-13 1.8747e-12 -8.0749e-13 1.9722e-12 1.9192e-12 7.356e-14 -1.2893e-12 1.1164e-13 1.8273e-12 1.0897e-12 -6.7573e-13 7.2811e-13 -2.835e-13 -2.4887e-13 -1.8162e-13 -1.4273e-12 -4.6878e-13 1.3078e-12 -1.0974e-12 -3.3254e-13 -4.9198e-13 1.4161e-12 6.9342e-13 1.4037e-12 4.074e-13 -1.8921e-13 2.9831e-13 -2.5859e-13 -2.4424e-13 8.9382e-14 1.4157e-13 -4.829e-13 8.6148e-13 2.8379e-13 -1.1559e-12 -2.9551e-13 -5.6131e-13 -2.1572e-13 -5.7005e-13 -9.1749e-14 -2.5631e-13 -3.0668e-13 1.0404e-14 -2.9167e-14 -2.4755e-14 -9.5394e-14 -2.1885e-14
-1.5742e-11 -9.9888e-12 -9.7502e-12 -1.168e-11 -1.1194e-11 -9.6207e-12 -8.2783e-12 -6.7662e-12 -1.8943e-12 -8.7719e-12 -8.8564e-12 -3.5076e-12 -6.9429e-12 -3.8374e-12 -6.0171e-12 9.2024e-13 -4.1338e-12 -9.1286e-13 7.8738e-13 -2.9279e-12 1.8545e-12 6.0238e-13 5.4188e-12 -8.1571e-13 -2.5814e-12 -6.4714e-13 9.9952e-13 3.0924e-12 -1.2138e-12 2.8957e-12 -1.9581e-12 -9.2238e-13 1.626e-11 1.8788e-12 2.7929e-13 9.819e-13 2.0212e-12 3.2476e-12 4.4381e-13 3.97e-12 -1.1667e-13 2.7443e-12 1.9648e-12 1.5543e-12 -3.5e-14 4.7143e-13 3.8024e-12 3.8269e-12 1.8257e-12 -1.4719e-12 1.5726e-12 1.8812e-12 -1.0105e-12 1.5007e-12 -4.8667e-13 1.2124e-12 2.0745e-12 -1.3024e-13 -2.6429e-14 -1.4881e-13 2.7952e-13 8.0095e-13 -1.8098e-12 1.425e-12 2.0143e-13 9.0333e-13 -4.6e-13 2.7086e-13 1.1231e-12 1.9716e-12 -8.5519e-13 1.1668e-12 -1.4938e-12 1.2719e-12 -1.3236e-12 1.9065e-12 -1.1648e-12 -1.4718e-12 4.2281e-13 6.761e-13 -8.0119e-14 -6.3705e-13 2.0183e-13 -8.0755e-13 -3.7064e-13 7.3745e-13 6.7356e-13 -2.1444e-13 -4.266e-13 -8.9929e-13 -7.376e-13 -4.3498e-13 -4.9264e-13 1.2613e-13 -4.4194e-14 -8.6927e-15 5.9901e-15 9.649e-14 -1.6162e-14 -5.0271e-14
-2.2439e-11 -1.6347e-11 -1.8646e-11 -1.7819e-11 -1.7013e-11 -1.3822e-11 -1.6973e-11 -1.6303e-11 -1.66e-11 -1.0605e-11 -8.1222e-12 -5.3369e-12 -5.1499e-12 -1.0935e-11 -2.9625e-12 -5.0906e-12 -8.7575e-12 -4.663e-12 5.1535e-13 -4.6765e-12 -2.0636e-12 7.1264e-13 -3.119e-13 -5.5436e-12 1.4662e-12 -5.075e-13 4.0928e-12 4.0172e-12 -8.8643e-13 1.1882e-12 -1.8459e-12 4.4563e-12 1.8788e-12 2.3628e-11 4.7085e-12 3.3101e-12 -8.444e-13 2.0132e-12 -4.4156e-12 1.2017e-13 -3.3054e-13 5.3379e-12 6.4357e-12 2.1134e-12 4.6899e-12 4.0965e-12 5.6025e-12 1.3296e-12 1.6677e-13 5.5862e-13 2.7557e-12 3.2972e-12 4.4436e-12 -1.7279e-12 1.564e-12 1.4735e-12 -2.3668e-12 1.8682e-12 1.082e-12 -3.1349e-12 -4.5912e-13 -1.2508e-12 3.8366e-12 -7.9038e-13 -7.5224e-13 -2.8349e-12 8.8703e-13 2.5669e-13 -1.9048e-12 1.3743e-12 1.3215e-12 -1.449e-12 2.4947e-12 -8.7427e-13 8.2641e-13 8.2777e-13 -7.97e-13 -9.1671e-13 8.891e-13 -8.0906e-13 -2.9969e-14 1.3783e-12 1.0372e-12 6.3916e-13 -1.2507e-13 6.6418e-13 5.8052e-13 -9.8683e-13 -2.0502e-13 -4.3887e-14 2.4206e-13 -5.5892e-14 2.7471e-13 1.3017e-13 -3.4848e-13 4.4338e-14 -1.0096e-13 -2.7729e-14 9.1574e-15 -6.1115e-14
-1.6902e-11 -1.3347e-11 -1.2423e-11 -8.6382e-12 -1.4834e-11 -1.3396e-11 -5.7918e-12 -9.197e-12 -7.3264e-12 -6.4266e-12 -4.9512e-12 -4.0374e-12 -2.7442e-12 -5.208e-12 -4.5255e-13 -4.1892e-12 2.2037e-13 -2.7818e-12 -1.2989e-13 -1.2293e-12 -2.5246e-12 1.4626e-12 -2.0781e-12 -2.0407e-12 2.0567e-12 -1.5274e-13 -8.3748e-13 3.0686e-12 -1.7524e-13 1.5863e-12 3.7517e-12 6.3625e-12 2.7929e-13 4.7085e-12 1.7437e-11 5.6986e-13 5.3011e-12 2.6365e-12 1.4046e-12 3.1049e-12 3.2183e-12 3.0153e-12 4.0147e-12 3.1127e-12 2.1923e-12 7.1338e-12 3.4136e-12 2.5004e-13 1.2677e-12 1.0924e-12 9.0736e-12 1.7049e-13 2.9313e-13 2.2106e-12 2.1283e-12 3.0428e-12 3.956e-12 1.8773e-12 -1.0335e-12 -1.0558e-13 3.0899e-12 9.8472e-13 -6.0457e-13 3.7367e-13 1.0228e-12 3.0127e-13 4.0227e-13 -3.3536e-13 -3.1059e-12 1.2494e-12 6.7111e-13 4.2977e-13 -4.6387e-13 -5.873e-13 6.2919e-13 -1.6414e-12 3.2497e-13 -5.168e-13 9.8624e-13 6.6589e-13 -5.2216e-13 -5.9103e-13 9.9909e-13 -6.4449e-13 6.8207e-13 2.7263e-12 2.4261e-13 -6.3343e-13 1.6927e-13 -3.6255e-13 1.7379e-13 -4.7728e-13 -8.5609e-14 -6.8263e-14 -2.4968e-13 -9.07e-14 -7.3786e-14 -2.7397e-14 -3.7807e-14 -8.7884e-15
