,0,1,2,3,4,5,6,7,8,9,10,11,12,13,14,15,16,17,18,19,20,21,22,23,24,25,26,27,28,29,30,31,32,33,34,35,36,37,38,39,40,41,42,43,44,45,46,47,48,49,50,51,52,53,54,55,56,57,58,59,60,61,62,63,64,65,66,67,68,69,70,71,72,73,74,75,76,77,78,79,80,81,82,83,84,85,86,87,88,89,90,91,92,93,94,95,96,97,98,99
0,1,0.76282,0.80069,0.80189,0.76754,0.79029,0.73434,0.62138,0.69757,0.61022,0.73198,0.66249,0.46791,0.63546,0.59699,0.53988,0.48717,0.32744,-0.067888,0.26406,0.16584,0.19854,0.0044662,0.17624,0.12896,-0.0091539,-0.074624,0.093616,-0.27528,-0.043876,-0.25577,-0.16975,-0.17431,-0.15013,-0.35852,-0.013776,-0.2704,-0.29368,-0.12106,0.14201,-0.24506,-0.4059,-0.41831,-0.14588,-0.35677,-0.33269,-0.24957,-0.46025,-0.020669,-0.085466,-0.23926,-0.13118,-0.28679,-0.078459,-0.22924,-0.097583,-0.16717,-0.089061,-0.022194,-0.015968,0.24938,-0.12348,-0.10753,0.040987,0.1449,-0.094551,0.14594,-0.12805,-0.19124,-0.021846,-0.2135,-0.13979,-0.01381,-0.24491,-0.073323,-0.28129,0.15614,-0.13786,0.15859,-0.019379,0.17303,-0.068181,0.13999,-0.23641,0.089779,0.20785,0.19235,0.21585,0.59338,0.10555,-0.0089496,0.038162,-0.028722,0.10353,0.053553,0.25805,-0.0092606,0.082913,-0.22648,0.22499
1,0.76282,1,0.85074,0.79672,0.76835,0.7125,0.69444,0.57889,0.81146,0.55866,0.73069,0.49259,0.43121,0.7524,0.72343,0.56753,0.4628,0.39005,-0.09813,0.27037,0.23524,0.33579,-0.11091,0.25331,0.22387,-0.077384,0.012693,0.10579,-0.26233,-0.067511,-0.10698,-0.11796,-0.048082,-0.27306,-0.26774,0.10921,-0.15878,-0.11279,-0.23689,0.10424,-0.27567,-0.43499,-0.44163,-0.16258,-0.40916,-0.33408,-0.22975,-0.38777,-0.22939,-0.29361,-0.17321,-0.09535,-0.23798,-0.098071,-0.19514,-0.084935,-0.27842,-0.12859,0.16603,-0.071674,0.13853,0.077437,0.066673,-0.35702,0.027248,-0.16058,0.019421,-0.017098,-0.26635,-0.099805,-0.21644,0.10756,-0.10781,-0.17257,-0.083905,-0.086712,0.31443,0.031257,0.14361,0.07727,0.1681,-0.26556,-0.032656,-0.26595,0.05894,0.042973,0.24039,0.18056,0.49918,0.13737,0.055295,0.2013,-0.12183,0.050528,0.19838,0.16003,0.0058174,0.062986,-0.14993,0.15242
2,0.80069,0.85074,1,0.76076,0.75652,0.62152,0.76369,0.72626,0.79096,0.61884,0.68458,0.63609,0.46329,0.69989,0.74155,0.5068,0.48175,0.41033,-0.20175,0.28728,0.33641,0.34937,-0.069295,0.099219,0.2408,-0.091315,-0.05749,0.068171,-0.22185,-0.074735,-0.16561,0.027354,-0.08219,-0.2761,-0.1858,0.012365,-0.22576,-0.096036,-0.058918,0.085972,-0.30112,-0.42402,-0.34857,-0.1418,-0.25704,-0.44003,-0.30265,-0.38148,-0.1931,-0.23412,-0.2427,-0.23964,-0.28414,-0.15386,-0.18044,-0.25197,-0.1849,-0.026805,0.11441,0.051543,0.27923,-0.016159,-0.066705,-0.24141,0.0041498,-0.055811,0.098553,0.01936,-0.12741,-0.051304,-0.19707,0.02724,-0.12169,-0.22403,-0.12236,-0.1524,0.26705,-0.084351,0.16818,-0.061704,0.16129,-0.10763,0.068473,-0.1793,0.075249,0.17605,0.29673,0.16683,0.48473,0.21441,-0.03706,0.023268,-0.029353,0.017084,0.10754,0.21379,-0.03296,0.029779,-0.094239,0.32306
3,0.80189,0.79672,0.76076,1,0.73692,0.71791,0.68505,0.61153,0.79758,0.6028,0.75058,0.58362,0.53557,0.50426,0.60468,0.52925,0.45001,0.3085,-0.039884,0.18633,0.20061,0.21397,-0.24684,0.086383,0.12857,-0.14351,0.10509,0.14475,-0.4213,-0.041725,-0.077125,0.0082185,-0.070762,-0.25463,-0.30089,-0.054181,-0.18028,-0.14301,-0.1297,0.15923,-0.27309,-0.46707,-0.40988,-0.18488,-0.34156,-0.37405,-0.24821,-0.38624,-0.27372,-0.29486,-0.042001,-0.19766,-0.29682,-0.10812,-0.25968,-0.15835,-0.21041,-0.066801,0.031252,-0.12411,0.18604,0.069827,-0.068607,-0.12564,0.095945,-0.086149,-0.012124,0.00057075,-0.17919,-0.20477,-0.055406,-0.013848,0.008934,-0.30093,-0.094254,-0.16245,0.42232,-0.14151,0.33335,0.064,0.19029,-0.17031,0.0098295,-0.19733,0.20408,0.032797,0.24499,0.1517,0.54384,0.32714,-0.13891,0.12676,-0.094064,-0.0075734,-0.029114,0.30885,0.059991,0.055333,-0.1153,0.25484
4,0.76754,0.76835,0.75652,0.73692,1,0.67792,0.71592,0.70617,0.67163,0.55747,0.71209,0.55724,0.47364,0.56671,0.51563,0.58103,0.38687,0.17504,0.046904,0.32277,0.26424,0.24884,-0.035052,0.075598,0.19571,-0.068253,0.066969,-0.017397,-0.25914,-0.11728,-0.27798,-0.007085,-0.17627,-0.32288,-0.5321,-0.080615,-0.31459,-0.076538,-0.20968,0.19276,-0.19452,-0.32904,-0.41427,-0.094122,-0.27712,-0.38328,-0.17548,-0.27808,-0.27129,-0.15998,-0.12122,-0.10505,-0.34051,-0.13157,-0.20769,-0.035535,-0.26048,0.0047562,0.093486,-0.13846,0.15328,-0.23576,-0.19094,-0.0085571,0.16815,0.053488,0.15197,-0.12361,-0.20968,-0.019959,-0.20243,0.035045,-0.17684,-0.23609,-0.23012,-0.23577,0.13762,-0.10358,0.041312,0.042683,0.00066094,-0.24686,0.16433,-0.22328,0.049173,0.091521,0.25775,0.35954,0.44443,0.0818,0.0010468,0.13665,-0.071876,0.10253,0.068383,0.074823,0.076468,0.099122,-0.30301,0.29097
5,0.79029,0.7125,0.62152,0.71791,0.67792,1,0.73792,0.63713,0.63658,0.50707,0.61861,0.46893,0.55985,0.5969,0.53401,0.48868,0.38339,0.36058,-0.086076,0.25414,0.19212,0.12676,-0.06342,0.23901,0.11149,-0.019518,-0.1647,0.16638,-0.32968,-0.14527,-0.19528,-0.06337,-0.24207,-0.35543,-0.27014,0.03616,-0.33964,-0.23265,-0.32857,0.16119,-0.1476,-0.48627,-0.35459,-0.14987,-0.37786,-0.29202,-0.18845,-0.45189,-0.21674,-0.14191,-0.085901,-0.2295,-0.46106,-0.16152,-0.076645,0.10975,-0.18856,0.10939,0.064614,0.020184,0.1967,0.068825,0.0009272,-0.072655,0.15638,-0.03492,-0.099858,-0.0085531,-0.21455,-0.016838,0.0074012,0.076815,-0.033153,-0.26486,-0.17056,-0.26143,0.06077,-0.03792,0.14549,0.033677,0.10412,-0.10595,0.12531,-0.24758,-0.014386,0.21535,0.18252,0.30503,0.40886,-0.0038678,-0.15403,0.057126,-0.039305,0.19125,0.11306,0.22279,0.075795,0.086465,-0.23681,-0.03912
6,0.73434,0.69444,0.76369,0.68505,0.71592,0.73792,1,0.66178,0.76618,0.56212,0.65328,0.58055,0.48725,0.56877,0.56066,0.39701,0.44948,0.36782,-0.17842,0.43944,0.29191,0.19074,-0.075344,0.20675,0.021513,-0.15593,-0.0089423,0.040105,-0.34676,-0.12674,-0.17104,-0.10845,-0.21779,-0.34996,-0.31773,-0.18045,-0.39314,-0.25463,-0.26918,0.0078747,-0.17746,-0.52625,-0.52729,-0.16703,-0.34961,-0.34301,-0.33592,-0.44561,-0.18417,-0.27646,-0.11659,-0.354,-0.4439,-0.19357,-0.25603,-0.08047,-0.039073,0.061056,0.062888,0.008329,0.31577,0.011212,-0.13852,-0.053311,0.18212,0.062435,-0.12375,0.035503,-0.162,0.019197,-0.059468,0.12309,-0.085564,-0.17155,-0.13789,-0.36945,0.084508,-0.078615,0.043582,-0.097573,0.17163,-0.12529,0.20455,-0.064985,0.15261,0.25796,0.20952,0.11413,0.42805,0.13272,-0.10309,0.10054,0.030107,0.061514,0.21619,0.16383,0.17234,0.082147,-0.35227,0.29385
7,0.62138,0.57889,0.72626,0.61153,0.70617,0.63713,0.66178,1,0.57425,0.5061,0.45185,0.54339,0.46027,0.52309,0.60503,0.45594,0.33829,0.24435,-0.056424,0.18285,0.1987,0.36472,-0.10896,-0.062707,0.1492,-0.058335,0.00071521,0.0023134,-0.094478,-0.12215,-0.26785,0.184,-0.16701,-0.21063,-0.43451,-0.10014,-0.27955,-0.14526,-0.016011,0.01262,-0.10456,-0.3864,-0.25597,-0.12482,-0.1876,-0.46988,-0.33113,-0.278,-0.16118,-0.083772,-0.062547,-0.2929,-0.33475,-0.22947,-0.20008,-0.15151,-0.23298,0.19733,0.10032,-0.066525,0.37283,-0.046698,-0.22422,-0.15001,0.087192,0.048505,-0.023043,0.16049,-0.063782,-0.059116,0.0074643,-0.018184,-0.1033,-0.22559,-0.20413,-0.23155,0.059018,-0.030706,0.23216,-0.23232,0.20617,0.0095092,0.050987,-0.18545,0.015824,0.13967,0.24489,0.36018,0.3111,0.21795,-0.3035,0.028971,-0.092297,-0.0030944,0.059475,0.27384,0.082956,0.10705,-0.055753,0.26886
8,0.69757,0.81146,0.79096,0.79758,0.67163,0.63658,0.76618,0.57425,1,0.65125,0.65323,0.47199,0.41633,0.5891,0.61441,0.41892,0.35801,0.32004,0.00085972,0.32703,0.31167,0.29904,-0.26095,0.091573,0.082213,-0.22864,0.0076357,0.12068,-0.24649,-0.14869,-0.18884,-0.18922,0.071997,-0.37198,-0.21393,0.02727,-0.10964,-0.20878,-0.1789,0.26158,-0.16793,-0.55108,-0.47788,-0.19995,-0.36581,-0.26982,-0.36796,-0.47832,-0.22168,-0.29675,-0.093076,-0.21672,-0.23015,-0.19444,-0.31292,-0.16704,-0.17315,0.042591,0.088463,0.030744,0.23205,0.11565,0.011034,-0.20225,0.06958,-0.013911,-0.07311,0.066381,-0.10992,0.017118,-0.023596,0.17863,-0.0096549,-0.25101,-0.024338,-0.074218,0.26223,-0.17766,0.01227,0.014837,0.109,-0.096038,-0.0021866,-0.20559,0.1526,0.082811,0.13796,0.19626,0.51176,0.16814,-0.12068,0.10797,-0.17547,0.1025,0.079894,0.20372,0.072074,-0.10148,-0.003714,0.25959
9,0.61022,0.55866,0.61884,0.6028,0.55747,0.50707,0.56212,0.5061,0.65125,1,0.50941,0.45892,0.63911,0.50752,0.51712,0.39151,0.39541,0.31523,-0.085889,0.16735,0.14373,0.36723,0.050543,-0.12861,-0.089163,-0.11206,0.015997,0.10502,-0.16697,-0.18217,-0.13466,-0.048995,0.17556,-0.14705,-0.25432,0.15824,-0.12448,-0.11722,0.11458,0.090851,-0.20543,-0.44239,-0.33492,-0.030358,-0.27667,-0.23421,-0.014091,-0.36068,0.019271,-0.19627,-0.08794,-0.17759,-0.23272,0.095121,-0.31292,-0.13631,-0.10101,-0.070911,-0.046083,0.14981,0.48177,-0.09426,0.13535,-0.094837,0.12393,-0.19413,-0.016968,-0.12968,-0.14346,0.091691,0.025844,-0.11551,0.18937,-0.05079,-0.19624,-0.23704,0.014932,-0.32343,0.033485,0.097491,0.16341,-0.029349,-0.031914,-0.40644,0.19318,0.3539,0.14994,0.24182,0.41761,0.21027,-0.034701,0.10605,-0.22264,0.17684,-0.12331,0.041218,0.044508,0.078734,-0.16916,0.3087
10,0.73198,0.73069,0.68458,0.75058,0.71209,0.61861,0.65328,0.45185,0.65323,0.50941,1,0.5211,0.45854,0.52928,0.54685,0.61434,0.40791,0.25216,0.034757,0.31904,0.30947,0.14718,-0.12087,0.09545,0.22356,-0.0031717,-0.034736,0.19875,-0.27995,-0.030586,0.051694,-0.17783,-0.12329,-0.27956,-0.19022,-0.037846,-0.14582,-0.14639,-0.25698,0.020171,-0.37833,-0.22372,-0.36579,-0.14517,-0.22191,-0.2129,-0.034493,-0.2658,-0.228,-0.19686,-0.0047464,-0.16262,-0.066332,-0.14853,-0.30399,0.0073534,-0.024485,-0.090881,-0.1723,-0.093897,-0.032061,0.0072359,0.069244,-0.14693,0.16513,-0.019967,0.11977,-0.033117,-0.30805,-0.13679,-0.11625,0.14115,-0.046529,-0.19242,0.096606,-0.1041,0.37118,-0.15212,0.13019,0.015116,0.13032,-0.071433,0.17783,-0.19458,0.022281,0.058942,0.1756,0.14907,0.58259,0.12602,0.10138,0.15893,0.03445,0.039203,-0.078627,0.22712,-0.024218,-0.022112,-0.36517,0.27034
11,0.66249,0.49259,0.63609,0.58362,0.55724,0.46893,0.58055,0.54339,0.47199,0.45892,0.5211,1,0.32705,0.38027,0.43297,0.37685,0.49588,0.33707,-0.15097,0.28848,0.1397,0.30877,-0.12922,0.035736,-0.11634,-0.11086,-0.033843,-0.1966,-0.25706,0.01351,-0.15718,-0.045519,-0.0070223,-0.045459,-0.40467,0.0027753,-0.36739,-0.050947,-0.013488,-0.054633,-0.35056,-0.35004,-0.34203,-0.095469,-0.28264,-0.1843,-0.19366,-0.26352,-0.065797,-0.077258,-0.045123,-0.13305,-0.25016,-0.21406,-0.21131,-0.25854,0.079348,-0.096505,-0.00031903,0.0079963,0.12743,-0.20373,0.10627,0.0095926,-0.043466,-0.085578,0.14089,-0.2092,-0.23063,0.10083,-0.27332,0.016596,0.048317,-0.25789,0.076403,-0.34165,-0.041396,-0.096907,0.17053,-0.11351,0.11874,-0.036534,0.1187,-0.1294,0.19885,0.10598,0.039989,0.063421,0.34232,0.25771,-0.1416,0.032482,-0.061094,-0.081225,-0.18451,0.26624,-0.0049284,0.19247,-0.18035,0.23235
12,0.46791,0.43121,0.46329,0.53557,0.47364,0.55985,0.48725,0.46027,0.41633,0.63911,0.45854,0.32705,1,0.37471,0.47651,0.28709,0.36087,0.45473,0.050787,0.075627,0.42562,0.042193,-0.042438,-0.10055,-0.099295,0.096493,-0.19198,0.087492,-0.29518,-0.12927,-0.08802,0.084117,-0.19786,-0.32134,-0.27265,0.05549,-0.19264,-0.18965,-0.078294,0.16754,-0.19172,-0.24394,-0.17661,-0.041136,-0.25328,-0.3636,0.068234,-0.32753,-0.09676,-0.18539,0.053631,-0.27094,-0.26839,-0.1325,-0.11673,0.0035579,-0.33253,0.075392,0.072885,0.10365,0.23874,-0.094767,0.014956,-0.10757,0.037964,-0.16611,0.0080909,-0.18365,-0.17899,-0.074432,0.11027,0.017123,0.077759,0.017525,-0.045218,-0.24479,0.087241,-0.26834,0.14943,0.061408,0.13919,-0.047543,0.20534,-0.27693,0.04822,0.39255,0.10077,0.21092,0.13785,0.26238,0.040766,0.14529,-0.17803,0.13444,-0.036187,0.12053,0.14027,0.15539,-0.22531,0.17031
13,0.63546,0.7524,0.69989,0.50426,0.56671,0.5969,0.56877,0.52309,0.5891,0.50752,0.52928,0.38027,0.37471,1,0.60744,0.33366,0.50779,0.52129,-0.1293,0.079958,0.18619,0.3178,-0.034319,0.1477,-0.0044474,0.033019,-0.056359,0.10258,-0.16107,-0.059326,-0.0033722,-0.19543,-0.10416,-0.29644,-0.067868,0.18276,-0.049474,-0.14656,-0.11882,0.12643,-0.26365,-0.3178,-0.36849,-0.2062,-0.37371,-0.1691,-0.18274,-0.33326,0.055028,-0.27925,-0.26476,-0.10297,-0.15349,-0.20535,-0.23245,-0.13034,-0.19314,-0.057734,0.1647,0.020076,0.2094,0.12398,0.17557,-0.25382,0.071385,-0.22319,0.065181,0.10712,-0.13736,-0.044085,-0.1696,0.1506,0.044941,-0.07097,-0.076647,-0.038676,0.16406,-0.036144,0.1058,0.098529,0.04212,-0.30581,0.12226,-0.24067,-0.014528,0.086971,0.11302,0.29877,0.47214,0.15248,0.11854,0.25795,-0.044455,0.098389,0.18896,0.20316,0.08858,0.085789,-0.21912,0.13865
14,0.59699,0.72343,0.74155,0.60468,0.51563,0.53401,0.56066,0.60503,0.61441,0.51712,0.54685,0.43297,0.47651,0.60744,1,0.42028,0.35064,0.35243,-0.13682,0.051734,0.12025,0.23269,-0.1758,0.045647,0.056703,-0.18793,-0.15937,0.086796,-0.2797,-0.0058004,-0.029579,-0.012673,-0.11609,-0.077275,-0.19785,0.18097,-0.12287,-0.13102,-0.047535,0.046934,-0.42787,-0.31737,-0.45249,-0.12844,-0.26045,-0.48322,-0.23249,-0.43462,-0.16324,-0.25657,-0.12602,-0.29657,-0.16193,-0.1949,-0.31642,-0.14748,-0.12938,0.039075,0.12314,0.10431,0.21464,0.12508,-0.028161,-0.35096,-0.0080524,-0.13198,0.0076591,-0.029137,-0.11543,-0.20848,0.012956,0.095905,-0.014892,-0.14797,0.021972,-0.079196,0.19825,-0.060879,0.1209,-0.25321,0.1959,-0.048226,-0.010747,-0.27393,0.016179,0.22966,0.28392,0.22245,0.40475,0.033593,-0.19153,0.0034887,-0.13587,-0.041797,0.085449,0.3238,-0.030111,0.14269,-0.055722,0.21526
15,0.53988,0.56753,0.5068,0.52925,0.58103,0.48868,0.39701,0.45594,0.41892,0.39151,0.61434,0.37685,0.28709,0.33366,0.42028,1,0.13486,0.2215,0.070265,0.14394,0.14629,0.18263,0.085878,0.22532,0.27181,-0.076129,-0.10899,0.12758,-0.14658,-0.16537,-0.062232,0.10339,-0.11337,-0.2864,-0.34988,0.023085,-0.31141,-0.11681,-0.083928,-0.0238,-0.063365,-0.1518,-0.29139,-0.13977,-0.27982,-0.23301,-0.034048,-0.17942,-0.3159,-0.10687,-0.20394,-0.36828,-0.084905,0.010545,-0.19736,0.014471,-0.22195,-0.053938,0.16022,0.063069,0.1165,-0.10065,-0.021476,-0.25583,-0.0091711,0.11613,0.12666,0.10337,-0.23426,-0.097552,-0.13231,-0.11568,0.088868,-0.077116,-0.060841,-0.13241,0.22562,-0.044904,0.162,-0.19183,-0.028074,0.0012332,0.022643,-0.44921,0.027034,-0.17618,0.09639,0.17552,0.29252,-0.25429,0.031628,-0.0023411,0.027117,-0.14106,0.077328,0.17902,-0.18145,0.073763,-0.20637,0.18708
16,0.48717,0.4628,0.48175,0.45001,0.38687,0.38339,0.44948,0.33829,0.35801,0.39541,0.40791,0.49588,0.36087,0.50779,0.35064,0.13486,1,0.28082,-0.14403,0.14115,0.21813,0.05341,-0.17873,0.11798,-0.10173,0.055091,0.054763,0.089412,-0.186,0.25853,0.13787,-0.033213,-0.23081,-0.13543,-0.082103,0.029698,-0.044162,0.057247,-0.050754,0.16811,-0.23113,-0.15486,-0.16067,-0.096323,-0.28654,-0.055368,-0.27386,-0.22541,0.13301,-0.15377,0.0088048,0.043333,-0.054354,-0.085755,-0.10966,-0.092214,-0.089164,-0.2171,0.1162,-0.063954,-0.02215,-0.15895,0.10227,0.023464,0.2299,-0.1534,0.1438,-0.0074152,-0.2905,0.013663,-0.18885,0.11826,-0.026733,0.041088,0.0081348,-0.24576,0.13075,-0.23999,0.23427,0.13591,0.046975,-0.33463,0.026885,-0.20574,0.33435,0.37256,-0.03055,-0.020441,0.5093,0.1965,-0.034317,0.044045,-0.28327,0.18492,0.28462,0.082758,-0.12247,0.10991,-0.21336,-0.026408
17,0.32744,0.39005,0.41033,0.3085,0.17504,0.36058,0.36782,0.24435,0.32004,0.31523,0.25216,0.33707,0.45473,0.52129,0.35243,0.2215,0.28082,1,-0.078709,0.10277,0.155,0.018628,-0.12387,-0.037187,-0.11425,0.10981,-0.043916,-0.095957,-0.13187,0.14261,0.082412,-0.11686,-0.1063,-0.1746,0.066,0.057866,-0.20792,-0.050963,-0.21096,0.072867,-0.054016,-0.29936,-0.13602,-0.26382,-0.3651,-0.13743,-0.040189,-0.38837,-0.048225,-0.34827,-0.081447,-0.24806,-0.21593,-0.13105,-0.091206,-0.082622,-0.1044,-0.030797,-0.012125,0.16375,0.27632,0.1691,0.25722,-0.26834,-0.086102,-0.13438,-0.048041,-0.071038,-0.1404,-0.15578,-0.0509,-0.023803,0.38981,-0.081889,-0.067817,-0.13027,0.057831,0.13617,-0.0020109,0.069637,-0.022253,-0.29066,0.039174,-0.024367,0.094768,0.087889,0.07414,0.082719,0.2261,0.3054,0.11634,0.064515,0.15461,-0.089074,0.14797,0.071093,0.12874,0.089724,-0.22907,0.19596
18,-0.067888,-0.09813,-0.20175,-0.039884,0.046904,-0.086076,-0.17842,-0.056424,0.00085972,-0.085889,0.034757,-0.15097,0.050787,-0.1293,-0.13682,0.070265,-0.14403,-0.078709,1,-0.15019,-0.067774,-0.047084,0.04916,-0.038494,-0.019265,-0.046808,0.13621,0.22787,0.19417,-0.13202,-0.10185,-0.21361,0.022849,-0.10046,-0.2957,-0.026874,0.084953,-0.19639,0.1606,0.27923,0.24298,0.34288,-0.13282,-0.28765,0.078029,0.18456,0.11265,0.011154,0.067562,0.044397,0.20016,0.037959,0.19514,-0.036206,-0.2116,0.028554,-0.016871,0.24688,-0.071478,-0.010485,-0.043734,-0.027565,-0.28247,-0.093608,0.23049,0.035078,-0.16709,-0.15249,0.012615,0.28372,0.20818,0.13247,0.19031,-0.025469,0.35721,0.15953,0.048645,-0.1929,-0.076413,-0.014214,-0.0074888,0.023595,0.057282,-0.2235,0.012404,-0.054634,-0.25736,0.094595,-0.092576,-0.16519,0.053378,0.22194,-0.27436,0.31718,0.13152,-0.095247,0.079609,0.31209,0.095613,0.0039234
19,0.26406,0.27037,0.28728,0.18633,0.32277,0.25414,0.43944,0.18285,0.32703,0.16735,0.31904,0.28848,0.075627,0.079958,0.051734,0.14394,0.14115,0.10277,-0.15019,1,0.21664,0.15927,-0.018202,0.13569,0.21804,-0.078678,-0.037284,-0.0046044,-0.088318,0.20817,-0.20642,-0.20922,-0.049857,-0.083076,-0.097648,-0.016967,-0.13489,0.18497,-0.14433,-0.041561,-0.060949,-0.24082,-0.28242,0.0046383,-0.15732,-0.11475,-0.11005,-0.19969,-0.10939,0.13129,0.19018,-0.097142,-0.17973,-0.046198,-0.059846,0.14394,0.10712,0.22505,0.043614,0.21259,0.11408,-0.14473,0.12641,0.048782,0.10194,-0.098637,0.11353,-0.15157,-0.18732,0.07802,0.13615,0.18013,-0.20231,0.076114,-0.16411,-0.20089,-0.0781,0.16586,-0.10486,0.11664,-0.23068,0.08852,0.22117,0.072398,0.10392,0.26062,0.063263,0.11365,0.19966,0.098655,0.17448,-0.092219,0.0070541,0.20193,0.31827,-0.12554,0.051701,-0.18739,-0.23373,0.22251
20,0.16584,0.23524,0.33641,0.20061,0.26424,0.19212,0.29191,0.1987,0.31167,0.14373,0.30947,0.1397,0.42562,0.18619,0.12025,0.14629,0.21813,0.155,-0.067774,0.21664,1,-0.26611,-0.14416,-0.053555,0.080235,0.10316,-0.31244,0.077358,-0.10268,-0.17139,-0.24694,-0.047973,-0.22477,-0.39281,0.10349,-0.13761,-0.031249,-0.25237,-0.0087205,0.18666,-0.020151,-0.076225,-0.001286,0.1246,-0.015286,-0.12526,-0.072542,0.020075,-0.16289,-0.056049,0.090272,-0.09503,0.21825,-0.15466,0.1063,0.042161,-0.16956,0.27015,0.04921,-0.054606,-0.13516,-0.1773,-0.0018032,-0.1375,-0.18958,0.12323,0.19723,0.27434,-0.2467,0.051973,-0.064797,0.20018,-0.24664,0.13906,0.087136,-0.070672,0.21793,-0.27363,-0.11871,-0.047065,-0.11138,0.12843,0.11734,0.017727,-0.060051,0.080104,-0.20983,0.043601,0.05655,-0.014029,0.30828,0.0088754,-0.10993,-0.075059,0.031269,0.18372,0.014936,-0.086378,0.05363,0.12786
21,0.19854,0.33579,0.34937,0.21397,0.24884,0.12676,0.19074,0.36472,0.29904,0.36723,0.14718,0.30877,0.042193,0.3178,0.23269,0.18263,0.05341,0.018628,-0.047084,0.15927,-0.26611,1,0.028418,0.10328,0.10156,-0.04257,0.14183,-0.070927,0.11308,-0.12463,-0.013157,0.034449,0.30124,0.014072,-0.19424,0.32803,-0.047217,0.18023,0.11127,-0.15872,-0.048753,-0.32257,-0.08979,0.11662,-0.22045,0.00042796,-0.053284,0.024655,0.024444,0.096078,-0.15346,-0.1663,-0.3714,0.036801,-0.2101,-0.12749,0.00060062,-0.14738,0.088268,0.016937,0.37359,-0.028218,0.14708,-0.058895,0.086784,-0.049549,-0.058795,-0.099022,-0.061354,-0.032242,0.061711,-0.06728,0.0010469,-0.097038,-0.057748,-0.10604,-0.00020987,0.087029,0.12554,-0.14175,0.12731,-0.057356,-0.026748,-0.30353,0.15849,0.018682,0.13332,0.17001,0.072099,0.22309,-0.11188,0.063405,-0.021529,0.14529,-0.032612,-0.084004,0.17312,0.093562,-0.01274,0.036019
22,0.0044662,-0.11091,-0.069295,-0.24684,-0.035052,-0.06342,-0.075344,-0.10896,-0.26095,0.050543,-0.12087,-0.12922,-0.042438,-0.034319,-0.1758,0.085878,-0.17873,-0.12387,0.04916,-0.018202,-0.14416,0.028418,1,0.23432,0.22113,-0.0059346,-0.17752,-0.0035547,0.16324,-0.22145,-0.18045,0.11371,0.093676,0.10289,-0.24081,0.086784,0.058158,-0.043956,0.085496,-0.083719,0.19097,0.41422,0.014427,-0.012447,0.10938,-0.058952,0.1587,0.097791,0.21937,0.1128,-0.19129,0.12142,-0.010179,0.23675,0.020208,0.09901,0.055778,0.073465,0.0066088,-0.085429,0.10606,-0.22368,-0.101,-0.13589,-0.18444,0.038155,0.081146,-0.22079,0.020608,0.28377,0.15951,-0.1092,0.057812,-0.037295,-0.32057,-0.038131,-0.35602,-0.18956,-0.017203,-0.11933,0.020392,0.34887,0.18905,-0.26233,-0.17298,0.19132,0.00067642,0.056495,-0.23674,-0.16388,0.16711,-0.025761,0.036735,-0.0023244,0.18998,-0.18808,-0.15544,0.13656,-0.037299,-0.16546
23,0.17624,0.25331,0.099219,0.086383,0.075598,0.23901,0.20675,-0.062707,0.091573,-0.12861,0.09545,0.035736,-0.10055,0.1477,0.045647,0.22532,0.11798,-0.037187,-0.038494,0.13569,-0.053555,0.10328,0.23432,1,0.17572,0.061458,-0.2448,-0.055601,0.10139,-0.1073,-0.060947,-0.11656,-0.26847,0.033499,-0.11087,0.094224,-0.25075,-0.047505,-0.10271,-0.12732,0.090372,-0.11536,-0.29786,-0.10553,-0.23991,0.042356,-0.13095,0.034469,0.072257,0.12164,-0.11994,-0.12117,-0.09805,0.18313,-0.12273,0.033503,-0.084492,-0.027586,0.21589,-0.033781,-0.10785,0.050767,0.014525,-0.1437,0.25295,0.01861,0.083057,0.091014,-0.24285,-0.045205,-0.15274,-0.11295,-0.071331,-0.033367,0.0092432,-0.20779,0.054095,0.18744,0.1149,-0.096125,0.06349,-0.14068,-0.0075577,-0.26148,-0.002475,-0.18866,-0.001942,-0.17826,-0.056191,-0.31667,0.17871,0.27435,0.016039,0.10911,0.29812,0.20674,0.1358,0.030009,0.079576,-0.42646
24,0.12896,0.22387,0.2408,0.12857,0.19571,0.11149,0.021513,0.1492,0.082213,-0.089163,0.22356,-0.11634,-0.099295,-0.0044474,0.056703,0.27181,-0.10173,-0.11425,-0.019265,0.21804,0.080235,0.10156,0.22113,0.17572,1,0.028234,0.021104,0.12102,0.20502,-0.0082135,0.040961,0.21721,-0.1776,-0.15252,0.17033,-0.031282,-0.089315,0.11771,-0.026243,0.022404,0.21258,0.1376,0.09857,-0.0050627,0.17474,-0.11027,0.024334,0.062413,-0.18783,0.31579,-0.082443,0.10608,-0.04264,0.096858,-0.083197,-0.054776,-0.10098,0.32725,0.1125,0.0090287,-0.061766,0.22217,0.088706,-0.0071255,-0.060482,0.22007,-0.03312,0.065089,0.090475,-0.05079,-0.033455,-0.039403,-0.028018,-0.32045,-0.17621,0.23065,0.23612,0.13251,0.21326,-0.12665,0.072781,0.20404,-0.16051,0.10265,-0.13332,0.068306,0.30832,0.021172,0.21981,0.056603,0.10847,-0.28935,0.35918,0.02481,0.08097,-0.051266,-0.21506,-0.087684,0.074018,-0.040784
25,-0.0091539,-0.077384,-0.091315,-0.14351,-0.068253,-0.019518,-0.15593,-0.058335,-0.22864,-0.11206,-0.0031717,-0.11086,0.096493,0.033019,-0.18793,-0.076129,0.055091,0.10981,-0.046808,-0.078678,0.10316,-0.04257,-0.0059346,0.061458,0.028234,1,-0.0158,-0.16988,0.35042,0.03142,-0.12587,-0.18748,-0.36779,0.11243,0.11812,-0.30744,-0.1546,-0.028824,-0.25218,-0.23319,-0.15677,0.19784,0.28365,-0.028755,-0.13569,-0.071858,0.11115,0.13264,0.10403,-0.0057784,-0.070785,0.054472,0.19454,0.10813,0.18059,-0.075531,-0.13443,-0.31531,-0.31463,-0.32779,0.013874,0.0085413,0.077255,0.13203,0.22345,-0.15954,0.2936,0.035204,-0.22413,-0.0080676,-0.31976,-0.28073,0.029213,0.17462,-0.020982,0.049723,0.3225,0.11044,-0.077102,0.2832,-0.042813,-0.12261,-0.032197,0.18975,-0.1259,-0.11165,-0.062536,-0.039766,0.11801,0.032016,0.1769,0.023761,0.021384,-0.020079,-0.10865,0.034963,-0.021403,-0.13347,-0.065008,-0.14169
26,-0.074624,0.012693,-0.05749,0.10509,0.066969,-0.1647,-0.0089423,0.00071521,0.0076357,0.015997,-0.034736,-0.033843,-0.19198,-0.056359,-0.15937,-0.10899,0.054763,-0.043916,0.13621,-0.037284,-0.31244,0.14183,-0.17752,-0.2448,0.021104,-0.0158,1,0.044652,0.082199,0.033754,0.10435,-0.028535,0.19621,-0.22755,-0.089753,-0.35988,0.031849,0.054476,-0.039602,-0.25887,0.072169,-0.095756,-0.11368,-0.055431,-0.17087,0.18431,-0.057307,0.22447,0.032813,-0.18444,0.18055,0.26211,0.062828,0.12201,0.071115,0.034372,-0.033662,-0.055785,-0.0020514,-0.13874,0.1905,-0.0029611,-0.20915,0.25468,0.12417,0.033353,-0.23833,0.040235,0.069338,0.0817,0.040015,-0.1872,0.13741,-0.21556,-0.14165,0.14843,0.14287,0.077492,0.10151,0.097046,-0.012529,-0.37693,-0.22334,0.26225,0.18008,0.065363,0.30322,-0.04473,0.10832,0.36938,-0.068189,0.038742,0.10638,0.15684,0.055669,-0.22727,0.24413,0.1344,-0.15988,0.14046
27,0.093616,0.10579,0.068171,0.14475,-0.017397,0.16638,0.040105,0.0023134,0.12068,0.10502,0.19875,-0.1966,0.087492,0.10258,0.086796,0.12758,0.089412,-0.095957,0.22787,-0.0046044,0.077358,-0.070927,-0.0035547,-0.055601,0.12102,-0.16988,0.044652,1,-0.13984,-0.048987,0.17577,-0.17145,0.041063,-0.23262,0.23504,-0.021156,0.20073,-0.06622,0.24919,0.065685,-0.096614,-0.018588,0.040456,-0.1664,0.15785,-0.074264,-0.016116,0.089,-0.0056597,0.04406,0.1124,0.099048,0.069865,0.046422,0.15396,0.025226,0.063757,0.15696,0.044404,0.020502,0.015581,0.11195,-0.13032,-0.1751,0.090042,-0.21905,-0.16488,0.20317,0.17166,0.1472,0.24207,0.19912,0.003722,0.028326,0.027734,0.012803,0.19638,-0.13243,0.31781,-0.04278,0.16143,0.093327,-0.060449,-0.033288,-0.007131,0.11441,0.089646,0.1014,0.14021,-0.063616,0.1525,-0.077847,0.060095,0.21456,0.29099,-0.17988,-0.0045589,0.0044994,0.079758,0.0034685
28,-0.27528,-0.26233,-0.22185,-0.4213,-0.25914,-0.32968,-0.34676,-0.094478,-0.24649,-0.16697,-0.27995,-0.25706,-0.29518,-0.16107,-0.2797,-0.14658,-0.186,-0.13187,0.19417,-0.088318,-0.10268,0.11308,0.16324,0.10139,0.20502,0.35042,0.082199,-0.13984,1,0.0041869,-0.14277,-0.22631,0.13345,0.16585,0.061406,-0.14424,-0.022636,0.0012038,0.040186,-0.20941,0.21305,0.28462,0.32379,-0.16626,0.10612,0.23077,0.20064,0.41661,0.32754,0.2542,0.028424,0.11019,0.37334,0.15945,0.071251,0.051499,-0.012134,0.010874,-0.014518,-0.050586,0.063209,-0.055225,-0.037235,0.05763,0.19273,0.020588,-0.0011754,0.11011,0.029324,0.36978,0.049016,-0.1492,0.14146,-0.033004,0.18581,0.26533,-0.055099,-0.029925,-0.26071,0.074359,0.085453,0.10671,-0.35727,0.049968,-0.38699,-0.11213,-0.032421,-0.12338,-0.083678,0.014272,-0.057075,0.03602,0.10978,0.28829,-0.039352,-0.0070582,0.088353,-0.17643,0.19738,-0.23871
29,-0.043876,-0.067511,-0.074735,-0.041725,-0.11728,-0.14527,-0.12674,-0.12215,-0.14869,-0.18217,-0.030586,0.01351,-0.12927,-0.059326,-0.0058004,-0.16537,0.25853,0.14261,-0.13202,0.20817,-0.17139,-0.12463,-0.22145,-0.1073,-0.0082135,0.03142,0.033754,-0.048987,0.0041869,1,0.34235,0.13385,-0.010501,0.32192,0.11277,-0.18279,0.00090596,0.22557,0.010577,0.10748,-0.30929,0.16773,0.15216,-0.0027924,0.10927,-0.074166,0.16725,0.02435,0.17924,-0.039588,-0.076934,0.17448,0.068634,0.023437,-0.040895,0.0018023,0.16319,-0.10972,-0.238,0.078901,-0.1832,-0.071908,0.1244,0.045958,0.043319,-0.27571,0.26174,-0.087755,-0.041256,-0.30126,0.056813,0.17057,-0.028696,-0.0018159,0.024055,-0.12739,0.054043,0.067374,-0.02546,0.14401,-0.014832,0.019177,-0.22852,0.043437,-0.18525,0.068974,0.046758,-0.067473,0.24681,0.18311,-0.028696,-0.040024,0.023164,-0.1568,0.1416,0.055198,-0.15337,-0.26939,-0.016896,0.10812
30,-0.25577,-0.10698,-0.16561,-0.077125,-0.27798,-0.19528,-0.17104,-0.26785,-0.18884,-0.13466,0.051694,-0.15718,-0.08802,-0.0033722,-0.029579,-0.062232,0.13787,0.082412,-0.10185,-0.20642,-0.24694,-0.013157,-0.18045,-0.060947,0.040961,-0.12587,0.10435,0.17577,-0.14277,0.34235,1,0.30195,0.18733,-0.014489,0.31498,0.085054,0.26206,0.30257,0.02516,0.027763,-0.12228,0.10166,0.13003,-0.10562,0.17348,0.19887,0.26023,0.068675,0.094138,0.021671,0.066193,0.020665,0.11206,0.076724,-0.077698,-0.0058412,0.27238,-0.12708,0.0088316,0.10802,-0.21243,0.32779,0.35331,-0.13247,0.0071349,0.034334,-0.048136,0.077296,0.14183,-0.25303,0.0071436,0.2841,-0.036968,0.0015192,0.13634,0.24226,0.20074,0.088037,0.14789,0.10364,0.18257,-0.18714,-0.046366,-0.024507,0.079438,-0.028847,0.086261,-0.064812,0.10721,0.081741,0.013294,-0.057246,0.22004,-0.0072327,-0.012823,0.052931,-0.1195,-0.19734,-0.32422,-0.20704
31,-0.16975,-0.11796,0.027354,0.0082185,-0.007085,-0.06337,-0.10845,0.184,-0.18922,-0.048995,-0.17783,-0.045519,0.084117,-0.19543,-0.012673,0.10339,-0.033213,-0.11686,-0.21361,-0.20922,-0.047973,0.034449,0.11371,-0.11656,0.21721,-0.18748,-0.028535,-0.17145,-0.22631,0.13385,0.30195,1,-0.042387,-0.054979,-0.052339,-0.03144,-0.00012789,0.31572,0.094752,0.12397,0.14827,0.11267,0.23709,0.17836,0.22837,-0.1602,-0.070845,0.082668,-0.051278,0.0027799,-0.19655,-0.22777,-0.22141,0.080389,0.050495,-0.18955,-0.1525,0.077613,0.1541,0.18339,-0.068136,-0.032121,-0.00062503,-0.11684,-0.31453,0.23456,0.03855,0.14616,0.022047,-0.27721,0.09621,-0.071098,-0.15624,0.050824,-0.30807,-0.022904,0.024146,-0.015261,0.19912,-0.14225,0.11599,0.2623,0.045303,-0.15198,0.061886,-0.033221,0.26256,-0.080385,-0.16202,-0.012406,-0.32667,-0.19062,-0.005503,-0.2532,-0.085278,0.08927,-0.30761,0.041588,0.094743,-0.097682
32,-0.17431,-0.048082,-0.08219,-0.070762,-0.17627,-0.24207,-0.21779,-0.16701,0.071997,0.17556,-0.12329,-0.0070223,-0.19786,-0.10416,-0.11609,-0.11337,-0.23081,-0.1063,0.022849,-0.049857,-0.22477,0.30124,0.093676,-0.26847,-0.1776,-0.36779,0.19621,0.041063,0.13345,-0.010501,0.18733,-0.042387,1,0.033189,-0.03255,0.29091,0.3525,0.094657,0.041307,-0.079872,0.076784,-0.015124,0.15213,0.16184,0.09174,0.31768,0.32178,0.0094164,0.10788,-0.026107,-0.011341,0.24644,0.1248,0.12496,0.03537,0.16422,0.064064,-0.13807,0.040033,0.060862,0.050948,0.067744,0.14381,-0.14771,-0.05963,-0.058173,-0.091752,-0.20765,0.15933,0.15263,0.15408,0.11415,-0.13838,-0.19892,-0.051119,0.1582,-0.29439,-0.11003,-0.057805,0.029173,0.091975,0.025502,-0.16959,-0.19296,-0.094175,0.029072,-0.028557,0.032759,-0.17789,0.079747,-0.078571,0.022197,-0.089479,0.22234,-0.15971,-0.0081087,-0.11466,-0.20739,0.11931,-0.093913
33,-0.15013,-0.27306,-0.2761,-0.25463,-0.32288,-0.35543,-0.34996,-0.21063,-0.37198,-0.14705,-0.27956,-0.045459,-0.32134,-0.29644,-0.077275,-0.2864,-0.13543,-0.1746,-0.10046,-0.083076,-0.39281,0.014072,0.10289,0.033499,-0.15252,0.11243,-0.22755,-0.23262,0.16585,0.32192,-0.014489,-0.054979,0.033189,1,-0.016021,0.045448,0.08067,0.13787,0.27813,-0.20873,-0.08843,0.11691,0.16296,0.018897,0.25617,-0.064557,0.16841,0.029931,0.26071,0.15255,-0.1189,0.17609,0.043759,0.22124,-0.059295,-0.14337,0.22005,-0.29148,-0.34851,-0.12984,0.035965,0.027742,0.019332,-0.087507,0.023404,-0.27069,0.22292,-0.18939,-0.10078,-0.2156,-0.21608,-0.26632,0.028786,0.30635,0.12213,-0.15017,-0.072131,0.16934,-0.15122,0.049174,0.35109,0.19272,-0.23332,0.00085498,-0.015705,-0.16839,-0.1568,-0.18181,0.009035,0.0064814,0.026178,0.03577,-0.084512,-0.18783,-0.14134,0.078976,-0.021682,-0.074193,0.13387,0.12288
34,-0.35852,-0.26774,-0.1858,-0.30089,-0.5321,-0.27014,-0.31773,-0.43451,-0.21393,-0.25432,-0.19022,-0.40467,-0.27265,-0.067868,-0.19785,-0.34988,-0.082103,0.066,-0.2957,-0.097648,0.10349,-0.19424,-0.24081,-0.11087,0.17033,0.11812,-0.089753,0.23504,0.061406,0.11277,0.31498,-0.052339,-0.03255,-0.016021,1,0.046363,0.19532,0.20404,0.056214,0.069668,0.017185,0.0034605,0.42451,0.12549,0.18683,0.14342,0.1648,0.086711,0.018314,0.054905,0.014214,0.033374,0.17468,0.065421,0.21167,-0.045936,0.097362,0.036827,-0.054909,0.29431,-0.1206,0.4632,0.32156,0.015946,0.0032262,-0.047712,-0.016786,0.35735,0.29595,-0.082318,-0.0028254,0.068193,0.0581,0.10073,0.023151,0.31788,0.28235,0.13474,0.00049971,0.1223,-0.10559,-0.041503,-0.20172,0.28012,0.011489,0.014025,-0.023679,-0.1526,0.04095,0.031793,0.1062,-0.1606,0.22264,0.015434,-0.01366,-0.12697,-0.20595,-0.25397,0.19095,-0.017818
35,-0.013776,0.10921,0.012365,-0.054181,-0.080615,0.03616,-0.18045,-0.10014,0.02727,0.15824,-0.037846,0.0027753,0.05549,0.18276,0.18097,0.023085,0.029698,0.057866,-0.026874,-0.016967,-0.13761,0.32803,0.086784,0.094224,-0.031282,-0.30744,-0.35988,-0.021156,-0.14424,-0.18279,0.085054,-0.03144,0.29091,0.045448,0.046363,1,0.33876,0.16892,0.079762,0.20225,0.15321,-0.093288,0.033699,0.19151,-0.072494,0.26056,-0.0475,-0.13521,0.095903,0.17929,0.0075002,-0.062493,-0.109,0.008681,-0.1561,0.042168,0.017228,-0.0096306,0.24753,0.17567,-0.10964,0.03448,0.3957,-0.12687,0.00041468,0.032745,-0.030771,-0.32699,-0.0059329,-0.21877,0.092806,0.013554,-0.02974,0.086948,0.021691,0.10401,-0.26274,-0.048274,0.10698,-0.09706,-0.16387,-0.088796,0.34419,-0.38973,0.195,0.15733,-0.16009,0.19679,-0.19592,-0.13699,0.087051,-0.11853,-0.23822,0.16174,-0.0016504,-0.10773,-0.1721,0.10305,0.10581,-0.27988
36,-0.2704,-0.15878,-0.22576,-0.18028,-0.31459,-0.33964,-0.39314,-0.27955,-0.10964,-0.12448,-0.14582,-0.36739,-0.19264,-0.049474,-0.12287,-0.31141,-0.044162,-0.20792,0.084953,-0.13489,-0.031249,-0.047217,0.058158,-0.25075,-0.089315,-0.1546,0.031849,0.20073,-0.022636,0.00090596,0.26206,-0.00012789,0.3525,0.08067,0.19532,0.33876,1,0.20274,0.13417,0.19564,0.10884,0.34459,0.10895,0.098619,0.24711,0.14365,0.0071026,0.063917,0.19379,0.077139,0.16023,0.23924,0.49561,0.12337,-0.067498,0.014536,0.093363,-0.061266,-0.10695,-0.10307,-0.083059,-0.083691,0.15766,-0.15626,-0.24624,0.053581,0.019142,0.048431,0.16543,0.028342,0.18168,0.13611,-0.19023,0.16485,-0.0083875,0.23769,0.069811,-0.10868,0.10833,0.17322,0.038078,0.068607,0.22821,-0.039379,0.053071,-0.010451,0.027601,0.16588,-0.13042,-0.020707,0.15268,0.014578,-0.27408,0.068031,0.036689,-0.091517,-0.15483,-0.16716,0.27578,-0.12757
37,-0.29368,-0.11279,-0.096036,-0.14301,-0.076538,-0.23265,-0.25463,-0.14526,-0.20878,-0.11722,-0.14639,-0.050947,-0.18965,-0.14656,-0.13102,-0.11681,0.057247,-0.050963,-0.19639,0.18497,-0.25237,0.18023,-0.043956,-0.047505,0.11771,-0.028824,0.054476,-0.06622,0.0012038,0.22557,0.30257,0.31572,0.094657,0.13787,0.20404,0.16892,0.20274,1,-0.06818,0.0014452,0.03908,0.057865,0.22227,0.14429,0.25264,0.089104,0.049843,0.2078,-0.039461,0.21759,0.16155,0.053023,-0.060265,0.2619,0.2009,-0.090154,0.03198,-0.13225,0.1473,0.063182,-0.020342,0.0026177,0.18366,-0.041991,-0.10359,-0.0039434,0.088077,-0.22474,0.060339,-0.11536,0.028196,0.22306,-0.087795,0.047915,-0.24922,0.028807,-0.030172,0.18963,0.19477,0.1331,-0.15556,-0.16828,0.019472,0.046188,0.22649,-0.024581,0.2485,-0.0059041,-0.080333,0.094444,-0.0064756,-0.060106,0.04192,0.021276,0.088765,-0.32452,-0.15171,-0.075064,-0.025248,-0.10786
38,-0.12106,-0.23689,-0.058918,-0.1297,-0.20968,-0.32857,-0.26918,-0.016011,-0.1789,0.11458,-0.25698,-0.013488,-0.078294,-0.11882,-0.047535,-0.083928,-0.050754,-0.21096,0.1606,-0.14433,-0.0087205,0.11127,0.085496,-0.10271,-0.026243,-0.25218,-0.039602,0.24919,0.040186,0.010577,0.02516,0.094752,0.041307,0.27813,0.056214,0.079762,0.13417,-0.06818,1,0.040469,-0.067087,0.058133,-0.10104,0.047102,0.29729,-0.068721,0.056233,0.21244,0.11441,0.30677,0.13442,0.12908,0.16381,0.23212,-0.080053,-0.2141,0.26228,0.29393,-0.075684,0.22756,0.21323,-0.15116,-0.11889,-0.10794,-0.17948,-0.21719,-0.051287,0.10275,0.25344,0.097294,0.10951,-0.030192,0.20272,0.16884,0.21445,0.012314,-0.02044,-0.07463,0.1911,-0.059729,0.13313,0.26733,-0.20109,-0.1632,0.065584,-0.003524,-0.14063,0.065307,-0.12116,0.097517,0.24008,0.11565,-0.042891,-0.084105,-0.078755,0.01776,0.18888,0.17799,0.27574,0.25338
39,0.14201,0.10424,0.085972,0.15923,0.19276,0.16119,0.0078747,0.01262,0.26158,0.090851,0.020171,-0.054633,0.16754,0.12643,0.046934,-0.0238,0.16811,0.072867,0.27923,-0.041561,0.18666,-0.15872,-0.083719,-0.12732,0.022404,-0.23319,-0.25887,0.065685,-0.20941,0.10748,0.027763,0.12397,-0.079872,-0.20873,0.069668,0.20225,0.19564,0.0014452,0.040469,1,0.13112,0.040999,0.030155,-0.017368,-0.11525,-0.23819,-0.20409,-0.32223,0.055398,0.093669,0.026238,0.018539,-0.062151,-0.082253,-0.16515,-0.0523,-0.19923,0.23445,0.15339,0.25957,-0.25264,-0.060707,0.053904,-0.010467,-0.028377,0.12199,0.12224,0.022052,0.29515,0.084192,0.19797,0.25386,0.026055,-0.016628,-0.11944,0.22833,0.05906,-0.21636,-0.18868,0.11063,-0.21309,-0.0024915,0.13841,-0.27926,0.21197,0.079858,-0.12024,0.36523,0.21727,-0.092511,-0.14759,-0.073021,-0.25367,0.15608,0.21435,-0.099627,-0.30786,-0.047892,0.15726,-0.09796
40,-0.24506,-0.27567,-0.30112,-0.27309,-0.19452,-0.1476,-0.17746,-0.10456,-0.16793,-0.20543,-0.37833,-0.35056,-0.19172,-0.26365,-0.42787,-0.063365,-0.23113,-0.054016,0.24298,-0.060949,-0.020151,-0.048753,0.19097,0.090372,0.21258,-0.15677,0.072169,-0.096614,0.21305,-0.30929,-0.12228,0.14827,0.076784,-0.08843,0.017185,0.15321,0.10884,0.03908,-0.067087,0.13112,1,0.048437,0.31109,0.17819,0.034372,0.39911,-0.11849,0.028095,0.12171,0.28215,-0.013946,-0.10971,-0.091124,0.3598,0.044247,0.16753,-0.26921,0.17215,0.28586,0.032697,0.15787,0.090829,-0.13586,0.21555,0.11787,0.52285,-0.17351,0.084825,0.057805,0.031005,0.075099,-0.22323,0.0727,0.048957,-0.13463,-0.036828,-0.21728,0.03044,-0.033942,-0.21466,-0.052979,0.0097509,0.11872,-0.11507,0.16596,0.053371,0.016727,0.0067486,-0.25812,-0.20766,-0.0039991,-0.095611,0.11574,0.20396,0.23597,-0.11348,-0.041516,0.12668,0.19075,-0.21122
41,-0.4059,-0.43499,-0.42402,-0.46707,-0.32904,-0.48627,-0.52625,-0.3864,-0.55108,-0.44239,-0.22372,-0.35004,-0.24394,-0.3178,-0.31737,-0.1518,-0.15486,-0.29936,0.34288,-0.24082,-0.076225,-0.32257,0.41422,-0.11536,0.1376,0.19784,-0.095756,-0.018588,0.28462,0.16773,0.10166,0.11267,-0.015124,0.11691,0.0034605,-0.093288,0.34459,0.057865,0.058133,0.040999,0.048437,1,0.22105,0.033734,0.35356,0.067079,0.27057,0.18175,0.090282,0.064642,-0.066316,0.17309,0.4774,0.076808,-0.12444,-0.012564,0.085248,-0.018525,-0.12576,-0.1189,-0.29702,-0.11991,-0.022213,-0.033265,-0.084078,0.050779,0.040962,-0.086921,0.098933,0.24301,0.12113,0.14078,0.048792,0.12026,0.094434,0.18191,0.0033315,-0.14705,0.060506,0.09017,-0.092374,0.30727,0.14467,0.019796,-0.26514,-0.068583,-0.057561,-0.14726,-0.14123,-0.24431,0.08335,-0.0079942,-0.019709,-0.045155,0.031438,0.025165,-0.39042,0.13066,0.14357,-0.14011
42,-0.41831,-0.44163,-0.34857,-0.40988,-0.41427,-0.35459,-0.52729,-0.25597,-0.47788,-0.33492,-0.36579,-0.34203,-0.17661,-0.36849,-0.45249,-0.29139,-0.16067,-0.13602,-0.13282,-0.28242,-0.001286,-0.08979,0.014427,-0.29786,0.09857,0.28365,-0.11368,0.040456,0.32379,0.15216,0.13003,0.23709,0.15213,0.16296,0.42451,0.033699,0.10895,0.22227,-0.10104,0.030155,0.31109,0.22105,1,0.18449,0.29746,0.17106,0.23321,0.34372,0.15441,0.19229,-0.091471,0.10677,0.036719,0.19424,0.51274,0.095586,-0.1739,-0.25385,-0.0060098,-0.13378,-0.19553,0.037139,0.056653,0.1804,0.051254,0.15712,0.27173,0.12165,0.11215,-0.12079,-0.068372,-0.11972,-0.12538,0.089253,-0.00396,0.14011,0.00091559,-0.02222,-0.055192,0.038937,-0.021672,0.065748,-0.076996,0.035935,-0.25747,-0.018792,0.0060063,-0.020034,-0.22233,0.063515,-0.12531,-0.23931,0.14248,-0.020994,-0.14511,-0.14758,-0.3016,-0.27142,0.26971,-0.21528
43,-0.14588,-0.16258,-0.1418,-0.18488,-0.094122,-0.14987,-0.16703,-0.12482,-0.19995,-0.030358,-0.14517,-0.095469,-0.041136,-0.2062,-0.12844,-0.13977,-0.096323,-0.26382,-0.28765,0.0046383,0.1246,0.11662,-0.012447,-0.10553,-0.0050627,-0.028755,-0.055431,-0.1664,-0.16626,-0.0027924,-0.10562,0.17836,0.16184,0.018897,0.12549,0.19151,0.098619,0.14429,0.047102,-0.017368,0.17819,0.033734,0.18449,1,-0.11033,0.015882,0.068368,0.12811,-0.14393,0.17567,0.034658,0.066521,-0.072156,0.36022,-0.0044983,0.31861,-0.11167,-0.090195,-0.11341,0.10594,0.045217,-0.1582,-0.056465,0.33757,-0.056972,0.064157,0.042504,-0.046359,0.11848,-0.14051,0.034817,-0.11266,-0.22919,-0.001032,-0.26662,-0.26245,-0.16916,-0.00063221,0.091401,-0.25811,-0.1443,0.12652,0.038367,-0.10918,0.10603,0.2249,0.1489,0.065286,-0.19458,-0.16654,0.15709,-0.020094,0.095719,-0.046489,-0.099522,-0.0667,-0.11586,-0.035536,0.083405,-0.04861
44,-0.35677,-0.40916,-0.25704,-0.34156,-0.27712,-0.37786,-0.34961,-0.1876,-0.36581,-0.27667,-0.22191,-0.28264,-0.25328,-0.37371,-0.26045,-0.27982,-0.28654,-0.3651,0.078029,-0.15732,-0.015286,-0.22045,0.10938,-0.23991,0.17474,-0.13569,-0.17087,0.15785,0.10612,0.10927,0.17348,0.22837,0.09174,0.25617,0.18683,-0.072494,0.24711,0.25264,0.29729,-0.11525,0.034372,0.35356,0.29746,-0.11033,1,0.2032,0.29342,0.21324,0.085766,0.39963,-0.074181,0.27729,0.21235,0.075281,0.2021,-0.18351,0.25715,0.145,-0.14905,-0.15687,-0.16967,-0.036224,0.028329,-0.12571,-0.19089,0.20355,-0.092873,-0.049995,0.11152,-0.019248,-0.031345,0.20918,-0.15421,0.048998,0.22537,-0.036636,-0.17928,0.11247,0.15201,0.015047,0.17815,0.25592,-0.060753,0.2532,-0.2949,-0.13122,-0.018688,-0.23189,-0.22256,-0.038377,0.16888,-0.046552,0.09312,-0.18073,-0.2523,-0.051718,-0.08512,0.093531,0.21466,0.063596
