4.8732e-11 1.5358e-11 1.5086e-11 1.0767e-11 -3.6379e-14 2.4982e-12 2.0246e-12 -4.8627e-14 -7.3345e-13 -3.491e-13 7.8364e-13 -1.0099e-11 -9.4257e-12 -7.8936e-13 -1.3541e-11 -4.4031e-14 2.062e-12 -1.5229e-11 -6.6464e-12 3.5138e-14 -6.0647e-12 3.4205e-12 -1.0654e-13 2.0785e-12 -1.1354e-13 -8.883e-12 -6.7508e-12 -3.3268e-12 -2.1401e-12 -8.33e-13 -1.9631e-12 -2.3283e-12 -4.8133e-12 -3.1173e-12 -3.8519e-12 7.0687e-12 -3.5842e-12 -6.9179e-12 -4.9462e-12 1.2532e-12 2.4955e-12 6.7485e-12 1.533e-12 1.29e-12 2.1739e-13 -2.8928e-12 2.1407e-12 -9.1819e-13 1.8827e-13 -1.7972e-12 -4.2206e-12 9.5787e-13 -4.046e-12 -2.5487e-12 3.9765e-12 -1.1648e-13 -2.1579e-13 -2.126e-12 -1.3466e-12 2.3591e-12 1.0158e-12 -1.3897e-12 1.3778e-12 2.4684e-12 3.2474e-12 7.7196e-13 3.7096e-12 -9.6285e-14 3.7523e-12 4.6851e-13 -6.0368e-13 -2.7499e-13 5.1129e-13 4.2707e-13 5.962e-13 6.1383e-13 3.9989e-13 -8.4272e-14 4.7876e-15 3.3743e-14 -3.479e-14
1.5358e-11 2.7532e-11 7.3883e-12 6.4509e-12 -7.2803e-13 9.3673e-12 3.0122e-12 -2.1182e-12 -5.769e-12 -2.4534e-12 8.8018e-14 -2.5746e-12 -6.9121e-12 -4.0166e-13 -2.8145e-12 3.9741e-12 -5.9668e-13 1.385e-12 -3.7602e-12 -2.1563e-12 -1.43e-12 -5.6967e-13 -1.2402e-12 2.8037e-12 2.9819e-12 -9.1633e-13 -8.0404e-12 -2.3695e-12 -2.1666e-12 1.9966e-12 -5.0946e-12 -9.3341e-13 -5.7581e-13 1.16e-12 -2.9376e-12 6.1549e-13 -9.043e-13 4.3504e-13 -1.9645e-12 -1.2723e-12 -8.463e-13 1.5803e-12 4.6227e-12 7.4489e-13 1.1362e-12 -2.5728e-12 2.4355e-12 8.2801e-13 1.1391e-12 -1.9756e-12 4.7631e-13 -6.5323e-13 -2.5936e-12 -2.4221e-12 4.422e-12 9.0661e-13 -4.2242e-12 -6.955e-13 -1.9867e-12 2.2628e-12 2.0872e-12 1.0751e-13 2.2078e-12 -5.4428e-13 2.1139e-12 -3.3717e-13 1.4937e-12 1.1404e-12 1.1788e-12 6.4049e-13 -1.2351e-12 9.1804e-13 6.5037e-14 -2.8482e-13 9.7335e-14 -7.0668e-14 3.6721e-13 1.5236e-13 1.0351e-13 2.5192e-14 -6.6619e-15
1.5086e-11 7.3883e-12 4.4023e-11 9.1374e-12 9.3055e-12 1.6458e-11 -1.6644e-12 2.5058e-12 -4.8071e-12 -2.2376e-12 6.9959e-12 -1.0669e-12 -1.829e-12 3.5465e-12 -9.0417e-12 -1.0691e-12 -3.6834e-12 -6.8806e-13 -1.5962e-12 -1.5573e-13 -1.7457e-12 -1.1265e-12 6.4033e-12 6.4887e-12 5.7732e-12 1.8939e-12 -3.51e-12 -2.6586e-12 -1.4205e-12 -2.1012e-12 -3.4165e-12 -6.2003e-12 -3.1697e-12 -6.3223e-14 2.9116e-12 3.5372e-12 3.7454e-12 -3.6205e-12 -1.1113e-12 6.4648e-12 2.3241e-13 8.4583e-12 3.0538e-12 -2.5923e-12 6.987e-13 -1.7242e-12 -2.3193e-12 6.1179e-13 2.6827e-12 2.0127e-13 9.0118e-13 2.649e-12 -5.3693e-12 -4.1433e-12 2.6875e-12 -1.7945e-12 3.8034e-14 -2.9958e-12 -4.377e-13 1.8742e-12 -5.3427e-13 -1.8601e-12 -1.5269e-12 2.2479e-12 1.8268e-12 1.5569e-12 1.6606e-12 -3.7497e-14 8.7056e-13 -9.0626e-14 3.2557e-13 -2.1789e-13 2.156e-13 4.4018e-13 -1.052e-12 1.023e-12 5.8194e-13 2.0425e-13 1.0681e-13 5.2452e-14 3.8897e-14
1.0767e-11 6.4509e-12 9.1374e-12 2.7632e-11 -2.6664e-12 -6.0045e-13 -4.7818e-13 2.4863e-12 -1.5307e-12 -4.7004e-13 2.1466e-12 3.6189e-12 -6.6019e-12 9.6131e-13 -5.1898e-12 1.6565e-12 5.709e-12 -6.0166e-12 1.9254e-12 5.9467e-13 -8.3308e-13 -5.5508e-12 3.8159e-13 1.9803e-12 5.3414e-12 -1.3087e-12 -6.7509e-13 3.7402e-12 -4.7218e-12 3.5325e-12 -2.2625e-12 5.1532e-13 -1.5682e-12 2.2599e-12 -2.184e-12 1.4465e-12 -4.2482e-12 2.1118e-13 3.2317e-12 -2.3342e-13 -6.4592e-13 -7.3317e-13 3.8306e-12 -2.7548e-12 -1.6277e-12 -2.3578e-13 -6.0969e-14 1.7003e-12 -2.9351e-12 -3.3753e-12 5.3753e-13 1.4534e-12 -1.2829e-12 -4.618e-13 2.9131e-12 -1.1862e-12 -6.9953e-13 -2.1361e-12 -3.1976e-12 3.4674e-12 2.3647e-12 -7.1147e-13 -1.4434e-13 -1.4389e-12 -1.2453e-13 2.2821e-13 -1.1874e-12 -4.6283e-13 -9.2634e-13 -3.0061e-13 2.8201e-13 -4.5999e-13 9.3529e-13 8.143e-13 -3.2719e-13 -3.0132e-13 -1.9169e-13 -3.4688e-14 1.3885e-14 2.599e-14 -1.2828e-14
-3.6379e-14 -7.2803e-13 9.3055e-12 -2.6664e-12 2.6117e-11 7.5063e-12 2.287e-12 3.0701e-12 5.8617e-13 1.3927e-12 1.4272e-12 -1.919e-12 7.1267e-12 5.0404e-13 1.9542e-12 1.0761e-12 2.3314e-12 -1.0835e-12 1.846e-12 -2.4911e-12 4.8003e-12 -3.8033e-13 -1.2346e-12 7.2532e-12 -2.4907e-12 2.4538e-13 2.0135e-12 -7.5213e-13 3.7366e-12 -6.4988e-13 -3.2752e-12 -5.1823e-12 -6.3085e-13 4.53e-12 1.6023e-12 -2.0669e-12 1.3674e-12 -1.5134e-12 1.1614e-12 -1.3744e-12 6.3321e-13 2.1557e-12 1.4797e-12 8.9891e-13 -3.267e-13 -3.2331e-12 -1.1115e-12 1.131e-12 4.3173e-12 4.8748e-13 5.9417e-13 7.6567e-14 -8.8286e-13 -2.6482e-12 -2.7222e-12 -1.5557e-12 7.5829e-13 -5.2924e-13 -9.9997e-13 -1.1794e-13 6.7236e-13 -3.8822e-14 -1.5935e-12 1.1617e-12 5.3359e-13 -6.6895e-13 8.0085e-13 1.6419e-12 6.5251e-13 1.3613e-12 4.4936e-13 -2.6134e-13 -3.3764e-13 -8.1505e-14 -1.3385e-13 1.5041e-14 1.9235e-13 4.9577e-13 1.0183e-13 -4.7531e-14 2.6951e-14
2.4982e-12 9.3673e-12 1.6458e-11 -6.0045e-13 7.5063e-12 4.2627e-11 4.2182e-12 1.5982e-12 4.4547e-12 1.7258e-12 1.0143e-11 3.4649e-12 1.2568e-11 7.0256e-12 6.7835e-12 1.0261e-12 -4.2043e-14 2.1755e-11 3.6482e-12 1.0457e-12 6.131e-12 7.9187e-12 4.9673e-12 6.692e-12 1.4726e-11 1.0682e-11 2.5476e-12 5.5377e-12 1.9598e-12 -2.6914e-12 8.7043e-13 -4.2123e-13 -2.394e-13 4.9486e-12 1.4386e-12 4.5606e-12 3.3703e-12 7.6947e-12 5.3167e-13 4.9017e-12 4.7685e-13 7.3961e-12 7.2552e-12 2.0818e-12 1.9441e-12 -3.0823e-12 7.2436e-13 4.7517e-12 2.5072e-12 -6.9416e-13 1.9267e-12 8.3178e-13 1.2471e-12 -2.6937e-12 -1.9739e-12 4.7108e-13 -1.5362e-12 -3.2958e-12 1.5461e-12 4.0818e-12 -5.5906e-13 -5.0691e-13 1.4287e-12 1.9768e-12 5.8756e-14 -1.4866e-12 5.6106e-13 -2.8287e-12 -5.8539e-13 5.4762e-13 -4.9766e-13 8.7266e-13 -4.2808e-13 3.9159e-14 -3.2362e-13 -6.1595e-14 1.0243e-13 3.8778e-13 8.6972e-14 6.191e-14 2.2115e-14
2.0246e-12 3.0122e-12 -1.6644e-12 -4.7818e-13 2.287e-12 4.2182e-12 2.9501e-11 -3.9515e-12 2.0834e-12 1.8341e-12 6.7886e-12 -2.5698e-12 6.0481e-12 -2.48e-12 6.1925e-12 5.4992e-12 5.5415e-14 7.4158e-12 8.361e-14 3.0071e-12 -3.1722e-12 1.2337e-11 8.4804e-13 -2.7898e-13 8.6155e-12 6.5288e-13 4.0452e-12 2.197e-13 4.1376e-13 7.2195e-13 -5.0901e-12 -1.1863e-12 -1.0842e-14 5.7619e-12 -2.2257e-12 5.7687e-13 2.3616e-12 -6.142e-13 -2.8145e-13 -1.1915e-12 1.4421e-12 5.1033e-12 3.728e-13 -1.2183e-12 3.7965e-13 -8.0335e-12 4.531e-13 1.1132e-12 9.9568e-13 4.912e-12 -9.66e-13 -1.6742e-12 1.0014e-12 4.1314e-13 -1.2925e-12 -6.7229e-13 -7.8658e-13 -1.7964e-13 -1.9236e-12 -3.726e-12 7.0602e-13 1.7017e-12 -7.4582e-13 -1.2979e-12 3.844e-13 -1.7886e-12 2.0645e-13 -2.0656e-12 -2.8878e-13 -1.0516e-12 -8.3496e-13 -6.5307e-13 7.6339e-13 -9.8856e-13 6.0234e-13 -6.492e-13 -1.3399e-13 2.7643e-13 5.6245e-14 -9.0616e-14 -2.235e-14
-4.8627e-14 -2.1182e-12 2.5058e-12 2.4863e-12 3.0701e-12 1.5982e-12 -3.9515e-12 2.7966e-11 1.6592e-12 6.6706e-12 1.819e-12 7.4041e-12 4.1714e-13 -1.144e-11 -2.4275e-12 -3.3699e-14 7.0513e-12 -6.2874e-12 1.7221e-12 5.5172e-12 -1.7978e-12 -6.0296e-12 -7.1849e-14 2.1423e-12 -2.146e-12 4.0271e-12 -2.6769e-12 1.6608e-12 8.2505e-13 -5.5981e-13 1.973e-12 -5.0037e-13 3.9742e-12 -3.2084e-12 -2.959e-12 -5.8734e-13 -1.3987e-14 1.0413e-12 3.0645e-12 -2.9828e-13 1.357e-12 -1.5633e-12 -1.1976e-12 -3.0352e-12 1.3787e-12 1.48e-12 -8.9715e-13 1.7204e-12 1.6736e-12 -1.1218e-12 4.6002e-14 1.7523e-12 5.0905e-13 1.6115e-13 -2.2437e-12 3.3959e-12 1.0525e-12 1.7776e-12 2.0741e-12 -9.9226e-13 6.5384e-13 -1.5516e-12 8.4568e-13 -8.6084e-13 -3.8747e-13 4.3962e-13 1.3095e-12 -5.2295e-13 -1.25e-13 -3.4279e-13 5.9263e-13 -9.8315e-13 5.4307e-13 1.1298e-12 -8.8265e-13 -1.2184e-13 1.3964e-14 1.2502e-13 -6.158e-14 -1.3809e-14 1.6242e-15
-7.3345e-13 -5.769e-12 -4.8071e-12 -1.5307e-12 5.8617e-13 4.4547e-12 2.0834e-12 1.6592e-12 3.3346e-11 4.1879e-12 -2.9336e-13 -2.9646e-12 3.1388e-12 5.193e-12 -6.0339e-12 2.7375e-14 1.5159e-12 2.1894e-12 6.137e-13 1.073e-11 7.292e-12 5.5643e-12 1.9082e-12 -5.7608e-13 -4.3095e-12 2.0982e-12 6.83e-12 2.9009e-12 1.3217e-12 4.9904e-12 7.3673e-12 3.2015e-13 -1.7886e-12 -8.7414e-13 4.1095e-12 -1.0289e-12 -6.8671e-13 6.6528e-12 1.012e-13 3.9046e-12 2.7068e-12 3.5808e-12 -9.5836e-14 -9.5707e-13 1.7972e-12 -1.637e-12 -1.0572e-12 -1.7577e-12 1.6905e-12 -2.1962e-12 3.5289e-13 1.4324e-12 3.4086e-12 7.9336e-14 2.0973e-12 2.2597e-13 -6.0078e-15 -7.4277e-13 8.7338e-13 1.8945e-12 2.245e-13 1.8485e-13 -5.57e-13 -1.2151e-12 -1.1725e-12 -1.0406e-12 -8.4253e-13 4.0935e-13 7.3591e-13 1.7695e-12 -6.681e-13 8.8663e-13 -1.128e-12 1.2492e-12 4.9446e-13 -1.8062e-13 -6.3918e-13 -1.0229e-13 -3.1504e-13 4.9758e-14 -1.1581e-14
-3.491e-13 -2.4534e-12 -2.2376e-12 -4.7004e-13 1.3927e-12 1.7258e-12 1.8341e-12 6.6706e-12 4.1879e-12 2.0384e-11 4.5061e-12 4.8492e-12 6.6243e-12 -5.4475e-13 5.5267e-12 7.4275e-12 5.1883e-12 4.419e-12 2.5598e-12 9.0837e-12 3.0305e-13 3.9375e-12 -3.5495e-13 -4.8505e-15 1.5425e-13 4.557e-12 3.088e-12 4.7305e-12 1.8908e-12 2.1732e-12 2.4999e-12 9.2945e-13 4.9211e-12 4.3036e-12 -2.1076e-12 2.5573e-13 1.679e-12 1.9691e-12 2.6004e-13 2.5423e-12 2.4182e-12 1.992e-12 -9.1852e-13 -2.167e-12 -1.4654e-12 1.7836e-12 -2.6652e-12 9.2182e-13 -4.6873e-13 9.1419e-13 -8.1322e-13 7.7187e-15 2.6371e-12 5.3029e-13 1.3289e-12 -7.9387e-13 1.6165e-12 3.3507e-13 2.7614e-13 -2.0717e-12 1.4013e-12 -2.0289e-12 6.6664e-13 -1.7564e-15 -4.1123e-13 -9.0448e-13 1.9734e-13 -3.2614e-13 8.0663e-13 -2.2566e-12 3.6317e-13 -7.5632e-13 9.5528e-13 1.5362e-14 -1.9293e-13 -1.8856e-13 -8.1357e-14 -5.7649e-14 -1.3095e-13 4.0637e-15 3.8112e-15
7.8364e-13 8.8018e-14 6.9959e-12 2.1466e-12 1.4272e-12 1.0143e-11 6.7886e-12 1.819e-12 -2.9336e-13 4.5061e-12 3.4339e-11 9.6359e-12 3.8555e-12 7.369e-12 9.1241e-12 1.0176e-11 -5.1069e-13 1.4184e-11 5.743e-12 5.3515e-12 -1.0103e-12 9.2353e-12 5.2511e-12 7.1015e-12 1.0798e-11 5.2355e-12 6.0575e-12 7.1474e-12 5.1596e-12 -1.921e-12 -2.1619e-12 2.6629e-12 -2.763e-13 4.7349e-12 2.1176e-12 6.4956e-12 3.8331e-12 -1.567e-12 9.3741e-13 1.1703e-12 1.9412e-12 3.9856e-12 -2.2348e-12 -3.7018e-13 -3.561e-12 -2.7408e-12 -2.9099e-12 3.7519e-12 2.952e-12 2.3494e-12 3.196e-12 -1.9137e-12 -1.4793e-12 -5.3976e-13 -8.8837e-13 3.3849e-13 -8.2323e-13 -1.928e-12 9.7878e-13 1.3812e-12 1.2592e-12 1.6802e-13 -2.2359e-12 -1.046e-12 -1.1205e-13 -2.0233e-12 1.6424e-12 -1.2042e-12 1.5538e-13 -7.8477e-13 -7.8955e-14 -2.3206e-13 -1.755e-13 -6.7822e-13 -1.6213e-12 -8.3829e-13 -2.0756e-13 3.201e-13 -1.8647e-13 -2.6434e-14 -2.4112e-14
-1.0099e-11 -2.5746e-12 -1.0669e-12 3.6189e-12 -1.919e-12 3.4649e-12 -2.5698e-12 7.4041e-12 -2.9646e-12 4.8492e-12 9.6359e-12 2.9051e-11 1.1224e-11 8.0209e-12 1.2747e-11 9.3221e-12 1.1214e-11 9.8266e-12 3.2688e-12 5.648e-12 9.3332e-12 1.4752e-12 1.0059e-11 8.1938e-12 5.9256e-12 1.0964e-11 5.7292e-12 9.4531e-12 4.8761e-12 3.5694e-12 3.3755e-12 5.4617e-13 1.4272e-12 3.0706e-12 1.2096e-12 2.2814e-12 1.601e-12 3.6101e-12 7.8863e-12 1.8389e-12 -5.5014e-13 -1.3504e-12 1.2284e-12 -7.2445e-13 -8.9224e-13 4.9896e-13 -4.11e-12 4.5369e-12 -5.6595e-13 -1.6428e-12 1.4885e-12 -1.4529e-12 1.4579e-12 1.6529e-12 1.589e-12 -6.5529e-13 -3.1204e-13 -1.6099e-12 2.9296e-12 -8.7336e-13 3.2881e-12 7.801e-13 -1.5619e-12 -3.3465e-12 -7.254e-13 -1.4806e-12 -1.7326e-13 -3.051e-12 -9.2096e-13 -1.3921e-12 3.9381e-13 1.072e-13 -4.9505e-13 -5.1424e-13 -9.8797e-13 1.5109e-13 -1.2702e-13 1.3035e-13 -1.364e-13 -5.9478e-15 -4.1614e-15
-9.4257e-12 -6.9121e-12 -1.829e-12 -6.6019e-12 7.1267e-12 1.2568e-11 6.0481e-12 4.1714e-13 3.1388e-12 6.6243e-12 3.8555e-12 1.1224e-11 3.2641e-11 6.9383e-12 1.8114e-11 1.9448e-12 3.905e-12 1.2298e-11 3.6971e-12 2.2007e-12 2.4833e-12 7.8124e-12 3.1231e-12 4.4714e-13 2.96e-12 8.8824e-12 9.3748e-12 4.0355e-12 5.82e-12 4.1774e-12 4.7062e-12 -2.9412e-12 1.6333e-12 6.4745e-12 2.6867e-12 2.9219e-12 1.7126e-12 8.5214e-12 3.3333e-12 4.4283e-12 9.7571e-13 3.5731e-12 3.5119e-13 -1.5374e-12 -5.8333e-14 -2.7974e-12 -4.4762e-13 3.6286e-13 2.0214e-13 2.141e-12 4.2105e-12 -5.4167e-13 1.6598e-12 -1.94e-12 -2.2829e-12 -6.719e-13 2.531e-12 -2.1602e-12 -4.7602e-13 -2.7679e-12 -4.3748e-13 3.7224e-13 -1.5556e-12 -2.2422e-12 -1.1663e-12 -2.533e-12 -3.4388e-13 -2.5506e-12 -1.0221e-13 1.4898e-12 9.4843e-13 -5.8131e-14 3.3357e-13 -5.1352e-13 3.2729e-13 3.443e-13 -1.5879e-13 2.8524e-13 2.4122e-14 -1.9829e-14 2.8292e-14
-7.8936e-13 -4.0166e-13 3.5465e-12 9.6131e-13 5.0404e-13 7.0256e-12 -2.48e-12 -1.144e-11 5.193e-12 -5.4475e-13 7.369e-12 8.0209e-12 6.9383e-12 2.896e-11 1.4954e-12 1.6618e-12 -2.0992e-12 9.4754e-12 2.5963e-12 5.511e-12 8.3251e-12 4.8992e-12 3.5796e-12 2.3262e-12 3.0258e-12 7.8873e-12 4.0826e-12 6.3606e-12 3.3269e-12 3.8719e-12 5.7129e-13 2.8975e-12 -4.4578e-12 -1.0607e-12 1.0216e-12 6.1556e-12 -1.2596e-12 1.6125e-12 1.7473e-12 3.0388e-12 9.3874e-13 4.0679e-12 2.3848e-12 2.0244e-12 -4.1793e-12 3.0454e-13 -2.5117e-12 3.4121e-12 -1.848e-12 -8.3539e-13 -6.7121e-14 -6.3818e-13 -3.8024e-13 -8.733e-13 4.2748e-12 -2.6943e-12 -2.5384e-12 -4.6084e-12 5.3364e-13 4.4321e-12 -1.1453e-12 1.1316e-12 -1.4669e-12 -7.8576e-13 -9.0099e-13 -1.8881e-12 2.0038e-13 -4.382e-13 1.1897e-13 3.9656e-13 -3.372e-13 1.4531e-12 -1.0613e-12 -1.838e-13 -9.9313e-14 1.0546e-13 -3.2838e-13 -1.2445e-13 -1.3454e-13 -1.6887e-14 -1.8863e-14
-1.3541e-11 -2.8145e-12 -9.0417e-12 -5.1898e-12 1.9542e-12 6.7835e-12 6.1925e-12 -2.4275e-12 -6.0339e-12 5.5267e-12 9.1241e-12 1.2747e-11 1.8114e-11 1.4954e-12 3.6367e-11 1.2553e-11 6.7682e-12 1.7364e-11 4.8968e-12 3.2825e-12 9.3419e-12 7.7513e-12 5.7455e-12 7.4785e-12 1.2856e-11 5.3294e-12 5.3572e-12 7.8655e-12 3.7208e-12 4.953e-12 5.2692e-12 3.3006e-12 4.7372e-12 8.4658e-12 4.1285e-12 3.9808e-12 4.7939e-12 6.7414e-12 5.7328e-12 3.7077e-12 4.1212e-13 6.2626e-13 1.6708e-12 2.1503e-13 3.8461e-14 -1.2799e-12 1.061e-12 3.3721e-12 1.3506e-12 -5.9824e-13 3.2989e-12 5.3181e-13 1.8548e-12 -4.7391e-13 -7.9307e-13 7.8385e-13 9.8858e-13 -2.3761e-12 -8.8339e-15 -1.6693e-12 9.5084e-13 1.2814e-12 -6.2221e-13 -2.9443e-12 9.6386e-13 -3.7478e-12 2.0745e-13 -2.0661e-12 -1.1965e-12 -8.9966e-14 1.7481e-14 -6.6774e-13 8.6135e-13 -1.204e-12 2.0033e-14 1.0718e-13 1.1472e-13 2.0759e-13 2.1793e-13 -5.9982e-14 -8.7332e-15
-4.4031e-14 3.9741e-12 -1.0691e-12 1.6565e-12 1.0761e-12 1.0261e-12 5.4992e-12 -3.3699e-14 2.7375e-14 7.4275e-12 1.0176e-11 9.3221e-12 1.9448e-12 1.6618e-12 1.2553e-11 1.912e-11 5.5267e-12 1.1218e-11 7.2604e-13 5.8338e-12 5.6882e-12 8.2035e-12 7.4474e-12 6.1111e-12 7.5054e-12 1.4437e-12 4.7773e-12 4.0781e-12 5.1083e-12 4.4672e-12 -1.2744e-13 2.3642e-12 3.2657e-12 2.1447e-12 -1.116e-13 1.5816e-12 4.0919e-12 -3.1894e-15 1.2698e-12 3.5988e-12 1.3851e-12 2.2988e-12 1.4697e-12 -1.7329e-12 4.9785e-13 -7.4676e-13 -1.2586e-12 2.7628e-12 1.5008e-12 4.7813e-13 -1.6742e-13 -6.7837e-13 6.8405e-13 -8.9994e-13 1.1546e-12 -9.299e-13 3.4419e-13 -1.7597e-12 -7.8341e-14 -2.8315e-13 1.2317e-12 2.6411e-13 -5.637e-13 -1.8216e-12 1.4716e-12 -2.3429e-12 5.2488e-13 -7.3217e-13 -2.9511e-13 -1.5888e-12 -1.7721e-14 -8.2089e-13 3.0384e-13 -6.0372e-13 -4.7664e-13 -1.6918e-13 -3.3936e-13 2.2408e-14 -6.1689e-14 -2.3256e-14 1.2747e-16
2.062e-12 -5.9668e-13 -3.6834e-12 5.709e-12 2.3314e-12 -4.2043e-14 5.5415e-14 7.0513e-12 1.5159e-12 5.1883e-12 -5.1069e-13 1.1214e-11 3.905e-12 -2.0992e-12 6.7682e-12 5.5267e-12 2.2633e-11 4.0416e-13 5.0858e-12 4.3766e-12 5.7521e-12 7.6708e-13 2.3032e-12 7.6847e-12 1.9891e-12 2.8561e-12 3.0728e-12 1.1928e-11 -1.3322e-12 6.9157e-12 6.5187e-12 -9.4352e-15 5.3005e-12 3.7999e-12 1.4486e-12 2.6078e-12 2.798e-13 3.3117e-12 5.2321e-12 -2.0498e-12 1.7175e-12 1.8627e-12 -2.1013e-12 1.2202e-12 -5.596e-13 -2.9178e-12 -3.3087e-12 5.3463e-12 9.3855e-13 6.6547e-13 2.4804e-12 2.6524e-13 6.0905e-13 8.09e-13 1.3477e-12 -8.5573e-13 1.2386e-12 4.6863e-13 2.4243e-12 -1.3957e-13 1.6991e-12 1.2756e-13 -8.5025e-14 -1.9354e-12 -1.1841e-12 -9.9383e-13 4.9577e-13 -5.9544e-13 -4.4391e-13 -1.2439e-12 3.6108e-13 2.8096e-13 -4.6171e-14 -6.3394e-13 -5.3725e-13 -3.8619e-13 -3.2973e-14 3.713e-14 2.0944e-14 -2.1261e-14 -2.6703e-14
-1.5229e-11 1.385e-12 -6.8806e-13 -6.0166e-12 -1.0835e-12 2.1755e-11 7.4158e-12 -6.2874e-12 2.1894e-12 4.419e-12 1.4184e-11 9.8266e-12 1.2298e-11 9.4754e-12 1.7364e-11 1.1218e-11 4.0416e-13 4.1341e-11 8.0079e-12 5.2704e-12 1.1118e-11 1.3237e-11 6.9104e-12 6.1775e-12 1.1337e-11 1.0054e-11 1.0842e-11 7.8311e-12 4.8763e-12 2.5727e-12 3.1507e-12 3.4372e-12 2.2952e-12 5.1624e-12 2.6907e-12 2.0128e-12 4.977e-12 3.3568e-12 1.205e-12 5.5487e-12 1.2498e-12 6.747e-12 2.1175e-12 -6.045e-13 8.5239e-13 -4.3842e-12 1.8255e-12 4.7885e-12 6.997e-13 -4.7159e-14 1.3347e-13 -1.549e-12 1.6298e-12 2.137e-12 -2.5749e-12 -1.0346e-12 -2.4174e-13 -3.0329e-12 -5.7803e-13 1.7836e-12 1.577e-13 7.6627e-13 -7.8262e-13 -1.8557e-12 -4.0196e-13 -3.2466e-12 -1.6315e-12 -7.3705e-13 -3.2632e-12 -1.2652e-12 -1.056e-12 4.8225e-13 -6.4815e-13 -1.3181e-12 -2.3757e-13 -1.0984e-12 -4.4476e-13 5.9505e-14 9.9841e-15 -2.351e-14 -2.5591e-15
-6.6464e-12 -3.7602e-12 -1.5962e-12 1.9254e-12 1.846e-12 3.6482e-12 8.361e-14 1.7221e-12 6.137e-13 2.5598e-12 5.743e-12 3.2688e-12 3.6971e-12 2.5963e-12 4.8968e-12 7.2604e-13 5.0858e-12 8.0079e-12 1.6294e-11 3.4862e-12 5.933e-12 2.1698e-12 9.8421e-13 1.5098e-12 2.3454e-12 4.7046e-12 4.5297e-12 6.7551e-12 -6.6002e-13 2.7572e-12 4.9409e-12 2.4109e-13 2.5961e-12 3.3517e-12 1.8267e-12 3.2256e-12 2.9422e-12 8.3226e-13 6.6055e-13 -6.4907e-13 2.8577e-12 2.3204e-12 -1.661e-12 2.7453e-12 -1.2143e-12 2.5141e-13 -5.3614e-13 2.9071e-12 8.711e-13 2.2492e-13 2.2633e-12 3.8484e-13 -2.2138e-12 2.2138e-12 -5.2858e-13 -8.3106e-14 -1.5226e-13 -3.1324e-13 -4.8876e-13 1.4281e-12 1.2002e-12 -7.3204e-13 -4.2579e-13 2.3669e-13 -1.699e-12 9.2661e-13 -1.0117e-12 1.0733e-12 -1.1495e-12 3.2676e-14 6.4273e-13 3.2953e-13 -8.7484e-13 3.6768e-14 -5.4757e-13 -5.8034e-13 -3.1492e-13 2.6206e-13 -5.2793e-14 -1.4943e-14 -1.3552e-14
3.5138e-14 -2.1563e-12 -1.5573e-13 5.9467e-13 -2.4911e-12 1.0457e-12 3.0071e-12 5.5172e-12 1.073e-11 9.0837e-12 5.3515e-12 5.648e-12 2.2007e-12 5.511e-12 3.2825e-12 5.8338e-12 4.3766e-12 5.2704e-12 3.4862e-12 2.3352e-11 2.5897e-12 4.0409e-12 3.2922e-12 2.0782e-12 5.0849e-13 4.4188e-12 5.2862e-12 5.0354e-12 1.8571e-13 3.22e-12 2.0796e-12 1.2939e-12 3.8443e-12 -1.7252e-12 4.927e-13 2.2129e-12 3.1568e-13 1.2434e-12 3.9084e-12 3.745e-12 4.4283e-12 1.2144e-12 6.8177e-13 -1.6264e-12 -6.4779e-13 6.6125e-13 1.3234e-15 -5.0137e-13 -2.8889e-13 6.7099e-13 -1.0402e-12 -3.5266e-13 -4.9857e-13 8.0868e-13 4.2837e-12 -6.1941e-13 -8.3959e-14 -3.0864e-12 1.7154e-13 -4.175e-15 1.6237e-12 -8.7109e-13 -8.5836e-15 -9.762e-13 1.7208e-13 -1.332e-12 4.8687e-13 -2.4998e-12 -9.9384e-13 -2.0012e-12 -1.1659e-12 -4.166e-13 -9.5057e-13 5.472e-13 -8.9642e-13 -2.8288e-13 -2.1368e-13 -1.4307e-13 -1.2515e-13 -1.444e-14 -3.1698e-14
-6.0647e-12 -1.43e-12 -1.7457e-12 -8.3308e-13 4.8003e-12 6.131e-12 -3.1722e-12 -1.7978e-12 7.292e-12 3.0305e-13 -1.0103e-12 9.3332e-12 2.4833e-12 8.3251e-12 9.3419e-12 5.6882e-12 5.7521e-12 1.1118e-11 5.933e-12 2.5897e-12 2.7461e-11 3.7256e-12 5.5052e-12 9.3691e-12 -8.3576e-13 2.1687e-12 2.4947e-12 7.5409e-12 4.0454e-12 4.2656e-12 8.2413e-12 2.9953e-12 -8.3986e-13 4.8184e-13 4.3998e-12 3.0797e-13 3.0661e-13 4.4819e-12 1.0179e-12 2.973e-12 -9.4961e-15 2.1175e-12 1.9268e-12 2.8181e-12 4.6682e-12 -2.0732e-12 -1.4017e-12 2.3776e-12 1.2534e-12 -4.7196e-12 5.0864e-14 1.5438e-13 -3.6095e-13 9.5343e-14 1.1295e-12 -3.2767e-12 -2.0719e-12 -1.252e-12 3.112e-14 2.6139e-12 1.6621e-12 1.7781e-13 -1.5451e-12 -1.2669e-12 6.7683e-13 -5.6391e-13 -1.2128e-12 6.4546e-14 -1.3028e-12 8.008e-13 1.7373e-13 3.5695e-13 -1.6853e-12 8.7398e-15 1.3129e-12 2.1711e-13 1.131e-13 1.1819e-13 -1.868e-14 -8.1407e-15 -3.3834e-14
3.4205e-12 -5.6967e-13 -1.1265e-12 -5.5508e-12 -3.8033e-13 7.9187e-12 1.2337e-11 -6.0296e-12 5.5643e-12 3.9375e-12 9.2353e-12 1.4752e-12 7.8124e-12 4.8992e-12 7.7513e-12 8.2035e-12 7.6708e-13 1.3237e-11 2.1698e-12 4.0409e-12 3.7256e-12 2.2281e-11 1.1915e-11 3.1745e-13 4.6526e-12 2.5903e-12 8.7019e-12 4.1887e-12 2.2543e-13 5.1708e-12 1.752e-12 1.1032e-12 5.7321e-13 2.0591e-12 1.1141e-13 1.0923e-12 1.1507e-12 -7.6584e-14 -1.2355e-12 1.7228e-12 2.4997e-12 4.9278e-12 7.9707e-14 -2.8883e-12 2.9854e-12 -4.3714e-12 4.8072e-13 9.5079e-13 2.0112e-12 3.122e-12 7.2757e-13 1.4863e-12 -7.5619e-13 8.3195e-13 -2.5769e-13 -6.3348e-13 -4.9849e-13 -1.5042e-12 -1.4328e-12 -1.2588e-13 3.6968e-13 -2.2908e-13 -8.0951e-13 3.6157e-16 1.7885e-13 -2.0259e-12 1.7905e-14 -1.1542e-12 -3.0476e-13 -4.2104e-13 -2.7703e-13 9.0761e-14 1.5923e-14 -1.0544e-12 3.2221e-13 -4.1979e-13 -4.9167e-13 5.828e-14 -7.9687e-14 -1.6064e-14 -1.1255e-14
-1.0654e-13 -1.2402e-12 6.4033e-12 3.8159e-13 -1.2346e-12 4.9673e-12 8.4804e-13 -7.1849e-14 1.9082e-12 -3.5495e-13 5.2511e-12 1.0059e-11 3.1231e-12 3.5796e-12 5.7455e-12 7.4474e-12 2.3032e-12 6.9104e-12 9.8421e-13 3.2922e-12 5.5052e-12 1.1915e-11 2.2161e-11 8.3904e-14 6.6404e-12 3.5228e-12 7.5601e-12 1.7818e-12 6.7481e-14 5.7382e-12 2.3104e-12 -1.411e-12 -3.9475e-13 8.8186e-13 2.6562e-12 7.0984e-13 2.2332e-12 6.5674e-13 2.5007e-12 2.4549e-12 1.7059e-12 4.0011e-13 1.4225e-13 -1.4793e-12 4.0512e-12 -2.9908e-12 -1.5783e-12 1.256e-12 8.7411e-13 4.3145e-13 8.8248e-13 1.1255e-12 -3.0964e-12 9.1729e-13 2.5085e-12 1.5943e-12 -5.9017e-13 -1.7313e-12 -1.1197e-12 6.791e-13 1.2937e-12 4.6435e-13 -8.1607e-13 3.9516e-13 1.1142e-13 -6.4555e-13 -1.1354e-12 -1.815e-12 -3.1517e-13 2.8422e-14 -1.574e-13 -4.9242e-13 -3.1251e-13 -4.8003e-13 -4.9568e-13 1.3624e-13 -1.5346e-13 2.8048e-14 -2.3631e-14 2.9594e-14 1.3117e-14
2.0785e-12 2.8037e-12 6.4887e-12 1.9803e-12 7.2532e-12 6.692e-12 -2.7898e-13 2.1423e-12 -5.7608e-13 -4.8505e-15 7.1015e-12 8.1938e-12 4.4714e-13 2.3262e-12 7.4785e-12 6.1111e-12 7.6847e-12 6.1775e-12 1.5098e-12 2.0782e-12 9.3691e-12 3.1745e-13 8.3904e-14 2.0815e-11 4.4485e-12 2.6079e-13 -4.128e-13 6.788e-12 1.8834e-12 -9.2442e-14 -6.0797e-14 8.2158e-13 -8.5305e-13 2.9394e-12 1.7294e-12 1.5524e-12 1.5306e-12 -7.3643e-16 2.9575e-12 -5.8494e-13 -1.7242e-12 4.128e-12 -9.8872e-13 1.2245e-12 -2.3607e-12 5.2463e-13 -1.4884e-12 3.0969e-12 -1.6504e-13 -1.4464e-12 4.1013e-14 1.7228e-12 1.881e-12 5.1973e-13 7.3051e-14 -3.0313e-12 -8.3145e-13 -1.0532e-12 1.5347e-12 9.2023e-13 2.6355e-12 5.337e-13 -6.0122e-13 -1.1903e-12 8.3599e-13 -1.4405e-12 4.2523e-13 8.4962e-13 6.2412e-14 -5.7121e-13 1.2716e-14 -2.4174e-14 -1.925e-13 -1.1928e-13 -5.4817e-13 2.7554e-13 2.3534e-13 2.113e-13 1.8752e-14 -1.4404e-14 -4.5768e-15
-1.1354e-13 2.9819e-12 5.7732e-12 5.3414e-12 -2.4907e-12 1.4726e-11 8.6155e-12 -2.146e-12 -4.3095e-12 1.5425e-13 1.0798e-11 5.9256e-12 2.96e-12 3.0258e-12 1.2856e-11 7.5054e-12 1.9891e-12 1.1337e-11 2.3454e-12 5.0849e-13 -8.3576e-13 4.6526e-12 6.6404e-12 4.4485e-12 2.21e-11 5.4655e-12 5.0668e-12 4.5717e-12 5.8111e-13 -6.8968e-13 -1.8823e-12 1.7418e-12 3.6007e-13 6.2901e-12 1.3832e-12 3.8267e-12 2.0567e-12 2.8727e-12 3.1466e-12 2.1494e-12 4.0233e-14 2.2219e-12 2.6154e-12 1.342e-13 -1.9517e-12 -9.528e-13 -2.4743e-13 3.6942e-12 8.0742e-14 2.253e-13 9.1754e-13 -7.9507e-13 3.2333e-13 -4.8678e-13 3.2081e-13 8.6425e-13 -1.2616e-12 -1.7544e-12 1.6664e-12 1.1556e-12 -3.4955e-13 1.7733e-12 8.6947e-13 -1.0182e-13 -5.2196e-13 -1.2649e-12 1.2714e-13 -1.9742e-12 -1.9505e-13 -2.3186e-13 -2.9801e-13 -5.716e-14 5.9699e-13 -6.6669e-13 -9.3781e-13 -3.4698e-13 -4.7521e-14 2.5077e-13 8.9583e-14 -9.2402e-15 1.1854e-14
-8.883e-12 -9.1633e-13 1.8939e-12 -1.3087e-12 2.4538e-13 1.0682e-11 6.5288e-13 4.0271e-12 2.0982e-12 4.557e-12 5.2355e-12 1.0964e-11 8.8824e-12 7.8873e-12 5.3294e-12 1.4437e-12 2.8561e-12 1.0054e-11 4.7046e-12 4.4188e-12 2.1687e-12 2.5903e-12 3.5228e-12 2.6079e-13 5.4655e-12 1.7469e-11 4.579e-12 7.2297e-12 1.1781e-13 3.3358e-12 4.0516e-12 1.7097e-12 -3.1689e-12 1.0895e-12 8.1284e-13 2.2092e-12 2.6495e-12 3.5401e-12 3.2957e-12 1.3169e-12 1.5325e-12 2.6604e-12 1.7992e-12 5.3583e-14 7.1036e-13 7.0312e-13 -2.9569e-12 2.7822e-12 6.0616e-13 -1.6125e-12 1.2038e-12 -4.3487e-13 -7.6762e-13 4.4933e-13 9.469e-14 2.6748e-13 -1.0606e-12 -1.626e-12 1.9892e-12 -2.3322e-13 -1.2777e-13 5.0132e-13 -2.1455e-12 -1.1428e-12 -1.8521e-12 -9.6452e-13 3.5519e-13 -5.49e-13 -1.0076e-12 5.1219e-13 1.7829e-13 1.1321e-12 -7.0999e-13 -6.0702e-13 -5.5052e-13 -5.3811e-13 -8.2208e-14 -9.3545e-15 -9.2151e-14 -1.5446e-14 6.1352e-15
-6.7508e-12 -8.0404e-12 -3.51e-12 -6.7509e-13 2.0135e-12 2.5476e-12 4.0452e-12 -2.6769e-12 6.83e-12 3.088e-12 6.0575e-12 5.7292e-12 9.3748e-12 4.0826e-12 5.3572e-12 4.7773e-12 3.0728e-12 1.0842e-11 4.5297e-12 5.2862e-12 2.4947e-12 8.7019e-12 7.5601e-12 -4.128e-13 5.0668e-12 4.579e-12 1.7087e-11 4.3493e-12 2.1033e-12 2.2426e-12 2.7125e-12 -3.5918e-12 2.0953e-12 4.9082e-12 3.5563e-12 -7.0855e-13 -5.2122e-13 1.1379e-12 3.0903e-12 5.9547e-13 2.5874e-12 1.3665e-12 -7.2776e-13 -1.5921e-12 9.9792e-13 -1.5661e-12 -2.5034e-13 -7.047e-13 1.5497e-12 7.048e-13 6.5238e-13 -1.2162e-12 1.0714e-13 5.2416e-13 -1.5498e-12 7.8964e-13 8.7708e-14 -1.9451e-12 -1.5951e-12 1.4122e-12 -8.5884e-13 -3.0726e-13 -1.3736e-12 1.0063e-13 -2.2383e-12 -1.8123e-12 -1.6543e-12 -1.1719e-12 -6.3803e-13 5.3175e-13 -1.0334e-13 -3.8356e-13 -8.6028e-13 -4.8057e-13 -5.2051e-13 -7.2872e-13 -5.347e-13 1.8252e-14 -5.3266e-14 -2.7144e-14 1.4487e-14
-3.3268e-12 -2.3695e-12 -2.6586e-12 3.7402e-12 -7.5213e-13 5.5377e-12 2.197e-13 1.6608e-12 2.9009e-12 4.7305e-12 7.1474e-12 9.4531e-12 4.0355e-12 6.3606e-12 7.8655e-12 4.0781e-12 1.1928e-11 7.8311e-12 6.7551e-12 5.0354e-12 7.5409e-12 4.1887e-12 1.7818e-12 6.788e-12 4.5717e-12 7.2297e-12 4.3493e-12 1.7764e-11 1.3009e-12 6.9134e-12 6.2187e-12 4.2189e-12 7.2214e-13 1.7856e-12 1.338e-13 2.9713e-12 1.0647e-13 4.7446e-12 4.3783e-12 9.6759e-13 1.7584e-12 2.3882e-12 -1.203e-12 1.5871e-12 -1.2946e-12 -1.0554e-12 -3.0202e-12 5.1799e-12 7.7855e-13 -1.4524e-12 1.9926e-12 1.0693e-12 9.1595e-13 1.6538e-12 -1.1366e-12 -1.4124e-12 -1.3268e-12 -8.7768e-13 2.6577e-12 1.6071e-12 9.4696e-13 -2.8625e-13 -1.4062e-12 -1.8942e-12 -1.2049e-12 -2.2941e-12 -2.1006e-13 -1.2523e-12 -6.5608e-13 -4.2305e-13 5.1585e-13 8.2844e-13 -2.6913e-13 -7.4053e-13 -3.6835e-13 -4.7931e-13 8.7709e-15 -4.3374e-14 -1.1021e-13 -2.5695e-14 -1.7554e-14
-2.1401e-12 -2.1666e-12 -1.4205e-12 -4.7218e-12 3.7366e-12 1.9598e-12 4.1376e-13 8.2505e-13 1.3217e-12 1.8908e-12 5.1596e-12 4.8761e-12 5.82e-12 3.3269e-12 3.7208e-12 5.1083e-12 -1.3322e-12 4.8763e-12 -6.6002e-13 1.8571e-13 4.0454e-12 2.2543e-13 6.7481e-14 1.8834e-12 5.8111e-13 1.1781e-13 2.1033e-12 1.3009e-12 1.6991e-11 7.1786e-13 -1.2256e-12 1.4956e-12 3.9671e-13 -3.304e-14 1.322e-12 1.3731e-12 1.92e-12 1.9865e-12 -1.2292e-12 2.9493e-12 2.2633e-12 2.3372e-12 -9.6805e-14 3.2769e-12 -1.8422e-13 -1.5214e-12 -3.3244e-12 -7.9542e-13 1.1237e-12 1.1053e-12 3.3547e-13 -4.5623e-13 1.4795e-12 -3.5846e-13 -1.9472e-12 -1.2011e-12 1.1318e-13 1.0779e-12 1.7013e-12 7.6294e-13 -1.0153e-12 -1.1519e-13 1.3636e-12 -4.4313e-13 -6.4316e-13 -2.9298e-13 -1.6392e-13 -2.2274e-12 1.0215e-12 4.8391e-13 7.3305e-13 5.3004e-14 -5.9883e-13 2.4303e-13 -1.4412e-13 7.4624e-14 3.329e-14 3.2746e-13 -1.2785e-13 8.2598e-15 2.8759e-15
-8.33e-13 1.9966e-12 -2.1012e-12 3.5325e-12 -6.4988e-13 -2.6914e-12 7.2195e-13 -5.5981e-13 4.9904e-12 2.1732e-12 -1.921e-12 3.5694e-12 4.1774e-12 3.8719e-12 4.953e-12 4.4672e-12 6.9157e-12 2.5727e-12 2.7572e-12 3.22e-12 4.2656e-12 5.1708e-12 5.7382e-12 -9.2442e-14 -6.8968e-13 3.3358e-12 2.2426e-12 6.9134e-12 7.1786e-13 1.3733e-11 5.2361e-12 2.3742e-12 1.0996e-13 9.178e-13 2.4264e-12 1.3619e-12 8.117e-13 4.2568e-12 1.3114e-12 1.1195e-12 2.3667e-12 1.5692e-12 9.5133e-13 -2.155e-12 1.1987e-12 -2.3593e-12 -9.7013e-13 2.6895e-12 3.1794e-13 -4.9956e-13 1.7917e-12 2.4538e-12 -1.3867e-12 1.0294e-12 2.6334e-12 -1.0804e-12 -4.4461e-13 -2.5362e-13 -8.1961e-13 7.1634e-13 1.0694e-12 9.6324e-13 -8.9642e-13 -1.5404e-12 -4.1191e-13 -1.6516e-12 -9.0858e-13 2.6261e-13 -1.1045e-12 -2.2175e-14 3.7332e-13 6.027e-13 2.4878e-14 -5.6731e-13 6.0957e-13 -9.7378e-14 -2.0572e-13 -1.114e-13 3.4363e-15 1.7569e-15 2.6667e-15
-1.9631e-12 -5.0946e-12 -3.4165e-12 -2.2625e-12 -3.2752e-12 8.7043e-13 -5.0901e-12 1.973e-12 7.3673e-12 2.4999e-12 -2.1619e-12 3.3755e-12 4.7062e-12 5.7129e-13 5.2692e-12 -1.2744e-13 6.5187e-12 3.1507e-12 4.9409e-12 2.0796e-12 8.2413e-12 1.752e-12 2.3104e-12 -6.0797e-14 -1.8823e-12 4.0516e-12 2.7125e-12 6.2187e-12 -1.2256e-12 5.2361e-12 1.4007e-11 1.5567e-12 -1.1637e-13 -1.1628e-12 5.3561e-12 3.0032e-12 1.6149e-12 4.8985e-12 1.0042e-12 5.0446e-12 1.9352e-12 2.0635e-12 -1.6803e-12 8.2453e-13 3.7922e-12 1.0953e-13 2.7107e-13 2.2373e-12 2.1046e-13 -1.5211e-12 7.6224e-13 2.0726e-12 9.5381e-13 2.2426e-12 1.3651e-13 5.7302e-13 1.7373e-12 4.0069e-13 1.702e-12 1.3723e-12 2.0901e-13 -7.7484e-13 -1.3068e-12 7.0859e-14 -9.2284e-13 -8.1139e-13 -1.0242e-12 1.0204e-12 -6.682e-14 6.5891e-13 2.431e-13 6.7089e-13 -1.445e-13 -2.341e-13 6.2136e-13 3.3492e-13 3.4511e-14 -2.6594e-13 -2.2583e-14 3.2996e-14 -1.7195e-14
-2.3283e-12 -9.3341e-13 -6.2003e-12 5.1532e-13 -5.1823e-12 -4.2123e-13 -1.1863e-12 -5.0037e-13 3.2015e-13 9.2945e-13 2.6629e-12 5.4617e-13 -2.9412e-12 2.8975e-12 3.3006e-12 2.3642e-12 -9.4352e-15 3.4372e-12 2.4109e-13 1.2939e-12 2.9953e-12 1.1032e-12 -1.411e-12 8.2158e-13 1.7418e-12 1.7097e-12 -3.5918e-12 4.2189e-12 1.4956e-12 2.3742e-12 1.5567e-12 8.6148e-12 -1.5614e-12 -1.5038e-12 1.0535e-13 1.5689e-12 -2.4634e-13 1.514e-12 -5.8394e-13 1.7882e-12 -6.7052e-13 -2.9908e-13 4.1378e-13 -4.1642e-13 -3.5827e-13 9.4811e-13 -2.7393e-13 1.6309e-12 -1.6891e-12 -4.1614e-13 7.557e-14 4.8209e-13 7.4643e-13 1.8634e-12 -2.8587e-13 -2.1548e-12 1.8683e-13 7.6962e-13 1.3629e-12 1.2081e-13 1.239e-14 8.5059e-13 -4.3643e-15 -1.764e-12 3.124e-13 -2.8682e-13 1.5839e-13 7.1441e-14 -1.1554e-12 -5.1831e-13 4.5231e-13 2.9586e-13 2.8e-13 -1.0637e-13 4.1708e-13 -1.6961e-13 -8.8944e-14 -1.1076e-13 -6.7861e-14 -9.3608e-15 -1.4711e-14
-4.8133e-12 -5.7581e-13 -3.1697e-12 -1.5682e-12 -6.3085e-13 -2.394e-13 -1.0842e-14 3.9742e-12 -1.7886e-12 4.9211e-12 -2.763e-13 1.4272e-12 1.6333e-12 -4.4578e-12 4.7372e-12 3.2657e-12 5.3005e-12 2.2952e-12 2.5961e-12 3.8443e-12 -8.3986e-13 5.7321e-13 -3.9475e-13 -8.5305e-13 3.6007e-13 -3.1689e-12 2.0953e-12 7.2214e-13 3.9671e-13 1.0996e-13 -1.1637e-13 -1.5614e-12 1.0601e-11 3.031e-12 2.7493e-13 5.577e-13 8.8404e-13 1.5201e-12 5.2827e-13 -3.2925e-13 1.5299e-12 -7.1236e-13 -3.1998e-13 -1.1626e-12 -1.8917e-12 -3.3753e-13 -3.0783e-13 -2.0662e-13 2.1644e-12 2.4928e-12 1.171e-12 -3.2354e-13 8.0286e-13 -2.3649e-13 8.7114e-13 1.4847e-12 -1.4443e-13 9.2158e-13 -9.8874e-14 -5.4978e-13 -9.5964e-13 -1.0802e-12 1.9332e-12 6.7937e-13 -4.9569e-13 3.2316e-14 8.4288e-14 -8.0619e-13 1.0732e-13 -1.5696e-12 1.1526e-13 -6.6102e-13 2.6574e-13 1.62e-13 -4.061e-13 -1.1178e-13 -2.6775e-13 5.2701e-14 8.9765e-14 -7.9694e-16 2.08e-15
-3.1173e-12 1.16e-12 -6.3223e-14 2.2599e-12 4.53e-12 4.9486e-12 5.7619e-12 -3.2084e-12 -8.7414e-13 4.3036e-12 4.7349e-12 3.0706e-12 6.4745e-12 -1.0607e-12 8.4658e-12 2.1447e-12 3.7999e-12 5.1624e-12 3.3517e-12 -1.7252e-12 4.8184e-13 2.0591e-12 8.8186e-13 2.9394e-12 6.2901e-12 1.0895e-12 4.9082e-12 1.7856e-12 -3.304e-14 9.178e-13 -1.1628e-12 -1.5038e-12 3.031e-12 1.3754e-11 3.034e-12 -3.8079e-14 9.7367e-13 1.1039e-12 1.2747e-12 -1.1388e-12 -6.1326e-13 1.4023e-12 7.0067e-13 3.5901e-13 -1.88e-12 -3.032e-12 -7.4704e-13 6.3368e-13 1.2527e-12 1.0344e-12 2.1939e-12 -8.9961e-13 2.0093e-12 -5.1706e-13 7.2204e-13 -9.3616e-13 1.6316e-13 7.0073e-13 -1.4256e-12 -1.0608e-12 1.6746e-12 8.4332e-13 2.3465e-13 -7.2421e-13 -1.3598e-13 -8.4256e-14 2.6551e-13 3.407e-13 5.3407e-14 -2.8156e-13 4.6088e-13 -5.8456e-13 2.7203e-13 -3.4805e-13 -1.4694e-14 6.7163e-15 6.233e-15 3.2742e-13 7.9975e-14 -2.8392e-15 2.4264e-15
-3.8519e-12 -2.9376e-12 2.9116e-12 -2.184e-12 1.6023e-12 1.4386e-12 -2.2257e-12 -2.959e-12 4.1095e-12 -2.1076e-12 2.1176e-12 1.2096e-12 2.6867e-12 1.0216e-12 4.1285e-12 -1.116e-13 1.4486e-12 2.6907e-12 1.8267e-12 4.927e-13 4.3998e-12 1.1141e-13 2.6562e-12 1.7294e-12 1.3832e-12 8.1284e-13 3.5563e-12 1.338e-13 1.322e-12 2.4264e-12 5.3561e-12 1.0535e-13 2.7493e-13 3.034e-12 9.8446e-12 2.0145e-12 2.3662e-12 2.2095e-12 7.1653e-13 1.391e-12 2.2358e-13 8.8384e-13 2.4884e-13 -9.7039e-13 1.1915e-12 -5.4197e-13 -4.5432e-14 4.0576e-14 1.7128e-12 -1.9792e-13 1.2877e-12 -2.0731e-13 -1.38e-12 1.0101e-12 1.4359e-12 -9.2591e-13 8.8162e-13 4.2354e-13 -5.2557e-14 7.1535e-13 -4.7501e-14 6.9174e-13 -9.4519e-13 4.4294e-13 -1.0111e-12 1.8425e-13 -7.454e-13 4.4305e-13 -6.0538e-13 5.2336e-13 -1.1876e-13 3.4624e-13 -6.7621e-13 -1.8928e-13 3.2074e-13 2.3473e-13 -1.3836e-14 8.1803e-15 7.9606e-14 1.4888e-14 1.6285e-14
7.0687e-12 6.1549e-13 3.5372e-12 1.4465e-12 -2.0669e-12 4.5606e-12 5.7687e-13 -5.8734e-13 -1.0289e-12 2.5573e-13 6.4956e-12 2.2814e-12 2.9219e-12 6.1556e-12 3.9808e-12 1.5816e-12 2.6078e-12 2.0128e-12 3.2256e-12 2.2129e-12 3.0797e-13 1.0923e-12 7.0984e-13 1.5524e-12 3.8267e-12 2.2092e-12 -7.0855e-13 2.9713e-12 1.3731e-12 1.3619e-12 3.0032e-12 1.5689e-12 5.577e-13 -3.8079e-14 2.0145e-12 9.1461e-12 1.6847e-12 8.0584e-13 -2.5341e-13 2.4203e-12 2.0397e-12 3.9098e-12 -2.1992e-13 1.3923e-12 -2.8484e-12 -2.326e-13 -1.5903e-12 2.3402e-12 -2.4419e-13 1.1508e-13 2.9621e-13 2.7777e-13 -1.1324e-12 -6.3235e-13 1.5936e-12 -1.5737e-13 -1.6035e-13 -1.3508e-12 6.4868e-13 9.9432e-13 -4.3349e-13 6.9184e-14 -1.8814e-13 1.1459e-12 8.7698e-14 -7.9695e-13 7.2668e-13 -6.0093e-13 2.9962e-13 -2.4737e-13 1.4764e-13 3.6865e-14 8.1344e-14 1.0802e-13 -5.023e-14 2.124e-13 -1.591e-14 -6.9573e-14 6.8618e-14 3.7475e-15 -1.68e-14
-3.5842e-12 -9.043e-13 3.7454e-12 -4.2482e-12 1.3674e-12 3.3703e-12 2.3616e-12 -1.3987e-14 -6.8671e-13 1.679e-12 3.8331e-12 1.601e-12 1.7126e-12 -1.2596e-12 4.7939e-12 4.0919e-12 2.798e-13 4.977e-12 2.9422e-12 3.1568e-13 3.0661e-13 1.1507e-12 2.2332e-12 1.5306e-12 2.0567e-12 2.6495e-12 -5.2122e-13 1.0647e-13 1.92e-12 8.117e-13 1.6149e-12 -2.4634e-13 8.8404e-13 9.7367e-13 2.3662e-12 1.6847e-12 1.0102e-11 6.5315e-13 -1.8841e-12 7.4259e-13 -1.0395e-13 4.1211e-12 1.143e-12 1.7864e-12 4.5587e-13 -2.2872e-13 -1.0692e-12 1.4466e-12 1.2116e-12 2.2721e-12 -8.5241e-13 2.6001e-13 -1.5714e-14 7.7138e-13 2.3297e-13 1.0314e-12 2.5293e-14 -6.0087e-13 9.8459e-13 -9.7124e-13 -2.1538e-13 -3.7597e-13 -8.7686e-13 6.3183e-13 3.5025e-13 -1.785e-13 5.8415e-13 -3.1235e-13 -1.1658e-13 -1.1292e-12 3.5286e-13 -3.2875e-13 9.2187e-14 -3.9534e-13 7.3226e-14 3.5891e-13 6.0908e-14 6.518e-14 9.3688e-14 1.194e-14 3.9459e-15
-6.9179e-12 4.3504e-13 -3.6205e-12 2.1118e-13 -1.5134e-12 7.6947e-12 -6.142e-13 1.0413e-12 6.6528e-12 1.9691e-12 -1.567e-12 3.6101e-12 8.5214e-12 1.6125e-12 6.7414e-12 -3.1894e-15 3.3117e-12 3.3568e-12 8.3226e-13 1.2434e-12 4.4819e-12 -7.6584e-14 6.5674e-13 -7.3643e-16 2.8727e-12 3.5401e-12 1.1379e-12 4.7446e-12 1.9865e-12 4.2568e-12 4.8985e-12 1.514e-12 1.5201e-12 1.1039e-12 2.2095e-12 8.0584e-13 6.5315e-13 1.0808e-11 2.26e-12 2.4791e-12 4.395e-13 -9.7309e-14 1.1934e-12 5.0527e-13 1.5927e-12 -6.0327e-13 -1.3567e-12 -1.2431e-13 -2.3272e-13 -4.1419e-13 2.9051e-12 1.3278e-12 1.1962e-12 -6.2606e-13 8.505e-13 6.8933e-13 -1.4976e-12 -1.108e-13 1.4074e-12 8.0637e-13 -7.0442e-13 -2.1265e-14 -3.9734e-14 -1.1886e-12 -1.1156e-12 -1.7202e-12 -1.3482e-12 -1.2532e-12 3.9165e-13 9.6201e-13 4.5099e-13 6.063e-13 3.0309e-13 -1.6871e-14 6.2102e-13 1.4308e-13 -6.2952e-14 5.6592e-14 3.4359e-14 3.5798e-14 1.194e-14
-4.9462e-12 -1.9645e-12 -1.1113e-12 3.2317e-12 1.1614e-12 5.3167e-13 -2.8145e-13 3.0645e-12 1.012e-13 2.6004e-13 9.3741e-13 7.8863e-12 3.3333e-12 1.7473e-12 5.7328e-12 1.2698e-12 5.2321e-12 1.205e-12 6.6055e-13 3.9084e-12 1.0179e-12 -1.2355e-12 2.5007e-12 2.9575e-12 3.1466e-12 3.2957e-12 3.0903e-12 4.3783e-12 -1.2292e-12 1.3114e-12 1.0042e-12 -5.8394e-13 5.2827e-13 1.2747e-12 7.1653e-13 -2.5341e-13 -1.8841e-12 2.26e-12 7.5856e-12 -5.4922e-14 1.7977e-13 -2.2878e-12 5.4218e-13 -3.9824e-13 4.526e-14 1.4023e-12 2.7004e-13 2.7772e-12 6.5735e-13 -1.112e-12 5.5436e-13 7.2673e-13 1.0283e-12 8.5607e-13 4.8895e-13 1.2027e-12 5.5614e-13 -1.5326e-12 8.8904e-13 5.2595e-13 2.9912e-13 -4.2874e-13 -9.1466e-13 -1.8442e-12 -5.4943e-13 -1.8299e-12 -3.4511e-13 -7.9338e-13 -6.7929e-13 -3.4912e-13 -6.3994e-13 2.2331e-13 7.6227e-14 -1.3119e-13 -7.8849e-13 -2.0011e-13 -3.5408e-14 9.1701e-16 -8.3733e-15 -2.6642e-14 6.9622e-15
1.2532e-12 -1.2723e-12 6.4648e-12 -2.3342e-13 -1.3744e-12 4.9017e-12 -1.1915e-12 -2.9828e-13 3.9046e-12 2.5423e-12 1.1703e-12 1.8389e-12 4.4283e-12 3.0388e-12 3.7077e-12 3.5988e-12 -2.0498e-12 5.5487e-12 -6.4907e-13 3.745e-12 2.973e-12 1.7228e-12 2.4549e-12 -5.8494e-13 2.1494e-12 1.3169e-12 5.9547e-13 9.6759e-13 2.9493e-12 1.1195e-12 5.0446e-12 1.7882e-12 -3.2925e-13 -1.1388e-12 1.391e-12 2.4203e-12 7.4259e-13 2.4791e-12 -5.4922e-14 1.0407e-11 1.2722e-12 2.7694e-12 1.1325e-12 -5.5545e-13 1.9629e-12 -4.6756e-13 7.9061e-13 2.0792e-13 -3.4008e-13 -4.2342e-14 1.869e-13 1.3102e-12 1.4079e-12 5.0083e-13 -5.5601e-13 -7.1941e-13 2.0839e-12 -1.0035e-12 1.2361e-12 8.3375e-13 -2.1646e-13 -5.5002e-13 -1.2737e-13 -6.9361e-13 1.4492e-12 -9.0096e-13 -1.088e-13 -4.6603e-13 4.1261e-13 1.5144e-13 3.8175e-13 -2.2702e-13 5.3771e-13 1.5775e-13 1.4528e-14 6.5428e-13 4.9723e-14 -1.4423e-13 -6.5449e-14 2.7475e-14 3.2251e-15
2.4955e-12 -8.463e-13 2.3241e-13 -6.4592e-13 6.3321e-13 4.7685e-13 1.4421e-12 1.357e-12 2.7068e-12 2.4182e-12 1.9412e-12 -5.5014e-13 9.7571e-13 9.3874e-13 4.1212e-13 1.3851e-12 1.7175e-12 1.2498e-12 2.8577e-12 4.4283e-12 -9.4961e-15 2.4997e-12 1.7059e-12 -1.7242e-12 4.0233e-14 1.5325e-12 2.5874e-12 1.7584e-12 2.2633e-12 2.3667e-12 1.9352e-12 -6.7052e-13 1.5299e-12 -6.1326e-13 2.2358e-13 2.0397e-12 -1.0395e-13 4.395e-13 1.7977e-13 1.2722e-12 4.194e-12 1.4959e-12 -1.0079e-12 1.0113e-12 3.7647e-13 -1.6173e-12 -1.1968e-12 -1.1542e-13 1.1917e-12 8.6226e-13 1.8383e-13 6.9274e-13 -1.4048e-12 -5.057e-14 4.7542e-13 8.5751e-13 2.4473e-13 -3.1637e-13 -1.8275e-13 9.6138e-13 -7.8647e-13 -2.0417e-13 5.6894e-14 6.9406e-13 -7.0991e-13 -1.0779e-13 -2.1671e-13 -5.8337e-13 6.403e-13 -1.0938e-13 -7.9048e-14 5.4238e-14 -3.5356e-13 2.198e-14 -2.2646e-13 -3.1115e-13 -1.2063e-13 7.3517e-15 -4.6615e-14 -7.2623e-15 -8.943e-15
6.7485e-12 1.5803e-12 8.4583e-12 -7.3317e-13 2.1557e-12 7.3961e-12 5.1033e-12 -1.5633e-12 3.5808e-12 1.992e-12 3.9856e-12 -1.3504e-12 3.5731e-12 4.0679e-12 6.2626e-13 2.2988e-12 1.8627e-12 6.747e-12 2.3204e-12 1.2144e-12 2.1175e-12 4.9278e-12 4.0011e-13 4.128e-12 2.2219e-12 2.6604e-12 1.3665e-12 2.3882e-12 2.3372e-12 1.5692e-12 2.0635e-12 -2.9908e-13 -7.1236e-13 1.4023e-12 8.8384e-13 3.9098e-12 4.1211e-12 -9.7309e-14 -2.2878e-12 2.7694e-12 1.4959e-12 9.5725e-12 -1.5037e-13 1.2357e-12 8.3023e-13 -2.6081e-12 -1.2369e-12 1.3522e-12 1.2858e-12 1.9526e-12 -2.9662e-14 1.3797e-12 4.3857e-13 3.2086e-13 7.9133e-13 -1.2614e-13 -4.9469e-13 -1.3706e-12 1.9363e-13 6.1615e-13 -9.8308e-13 -9.2465e-13 -6.8078e-13 3.2768e-13 -2.5751e-14 -5.3155e-13 1.0186e-12 5.1395e-13 5.8961e-13 -1.3698e-13 1.2576e-13 1.3367e-13 -3.9607e-14 -2.7713e-13 1.1667e-13 3.5068e-15 -6.0105e-14 6.642e-14 -2.5012e-14 1.9605e-16 -5.5993e-15
1.533e-12 4.6227e-12 3.0538e-12 3.8306e-12 1.4797e-12 7.2552e-12 3.728e-13 -1.1976e-12 -9.5836e-14 -9.1852e-13 -2.2348e-12 1.2284e-12 3.5119e-13 2.3848e-12 1.6708e-12 1.4697e-12 -2.1013e-12 2.1175e-12 -1.661e-12 6.8177e-13 1.9268e-12 7.9707e-14 1.4225e-13 -9.8872e-13 2.6154e-12 1.7992e-12 -7.2776e-13 -1.203e-12 -9.6805e-14 9.5133e-13 -1.6803e-12 4.1378e-13 -3.1998e-13 7.0067e-13 2.4884e-13 -2.1992e-13 1.143e-12 1.1934e-12 5.4218e-13 1.1325e-12 -1.0079e-12 -1.5037e-13 7.2515e-12 -1.1148e-12 1.3088e-12 7.0996e-13 2.1578e-12 7.9771e-13 6.3578e-13 -1.8817e-12 -1.0966e-12 2.4427e-13 4.5595e-13 -7.4533e-13 8.38e-13 -1.2233e-13 -8.0969e-13 -1.9164e-12 -7.2094e-13 1.4646e-12 6.3965e-14 -8.6578e-14 5.1589e-13 1.5897e-13 1.0896e-12 -4.8215e-13 4.6248e-13 -1.4143e-12 -1.1511e-12 -3.7394e-13 -2.9672e-13 8.2073e-14 -7.5024e-14 1.7551e-13 4.4991e-13 2.2108e-13 -9.0734e-14 4.6715e-15 9.3352e-14 1.1646e-14 1.0113e-14
