1.3656e-10 1.0245e-10 1.0711e-10 1.0748e-10 9.8754e-11 1.0358e-10 1.2762e-10 7.3e-11 1.1145e-10 7.1823e-11 8.7331e-11 9.4069e-11 8.9706e-11 8.3767e-11 7.987e-11 7.8039e-11 7.5199e-11 8.9086e-11 5.8416e-11 7.6938e-11 4.7283e-11 5.6482e-11 6.7397e-11 6.8075e-11 6.2715e-11 4.6993e-11 5.161e-11 5.856e-11 4.5125e-11 5.1377e-11 4.2328e-11 3.3609e-11 2.2497e-11 4.5093e-11 2.0559e-11 3.155e-11 2.3805e-11 1.9486e-11 2.6927e-11 3.6665e-12 2.2543e-11 1.131e-11 2.3942e-11 4.1731e-12 1.2063e-11 1.5052e-11 9.4573e-12 5.3456e-12 9.3685e-12 9.9786e-12 1.2142e-11 2.1299e-12 1.3562e-12 6.8324e-12 -7.6376e-13 -2.8327e-12 1.1939e-11 -9.5045e-12 -1.9536e-11 -1.4452e-14 5.2657e-13 2.3777e-12 -3.8854e-12 -2.2305e-13 -3.0363e-12 -6.7569e-12 -3.3436e-12 -3.958e-12 -2.4025e-12 2.6967e-12 -1.0221e-12 -6.7374e-12 -1.2491e-11 -1.1912e-11 -8.8702e-12 4.6088e-12 -7.7519e-16 -1.3546e-12 7.8117e-13 -6.6823e-12 -5.1549e-12 -6.8485e-12 -5.5411e-13 -1.3959e-12 -1.801e-12 -7.0466e-12 -5.701e-12 -4.354e-12 5.8956e-13 -1.2055e-12 1.4034e-12 -2.3291e-12 2.2478e-12 -7.5191e-13 6.177e-13 -1.2991e-12 -8.4768e-13 3.4637e-12 1.1212e-12 -2.8621e-12 2.9953e-12 3.6499e-13 2.3617e-12 -3.7188e-12 1.0821e-12 -6.0414e-13 2.5968e-12 8.2563e-13 4.2831e-13 2.436e-12 1.4438e-13 2.58e-12 3.7471e-13 -2.9265e-13 1.1505e-12 1.6348e-13 2.6684e-13 2.427e-13 -9.9253e-14 -2.0565e-13 -5.4824e-14
1.0245e-10 1.0091e-10 9.4935e-11 9.4698e-11 9.2165e-11 8.7767e-11 1.1123e-10 6.7985e-11 9.8243e-11 6.3083e-11 6.8824e-11 8.1319e-11 7.8535e-11 6.8443e-11 7.1475e-11 7.1501e-11 6.5273e-11 7.3452e-11 4.9581e-11 6.7416e-11 4.15e-11 5.184e-11 6.1633e-11 5.8923e-11 5.3485e-11 4.5855e-11 4.3488e-11 5.019e-11 3.4863e-11 4.6516e-11 3.5697e-11 2.3669e-11 2.5206e-11 3.6435e-11 1.6142e-11 2.581e-11 2.0145e-11 2.2271e-11 1.9513e-11 1.1164e-11 2.0229e-11 1.1597e-11 2.503e-11 5.8954e-12 9.5729e-12 1.945e-11 5.5154e-12 4.7944e-12 5.246e-12 9.2516e-12 1.6211e-11 1.7579e-12 2.902e-12 8.1896e-12 4.3673e-13 -4.8446e-12 1.6222e-12 -5.5697e-12 -1.4372e-11 3.2164e-12 3.173e-12 3.005e-12 -6.0581e-12 -3.7352e-12 -3.744e-12 -5.791e-12 -6.856e-12 -8.7658e-13 -2.0947e-12 -1.9639e-12 -1.8421e-12 -4.1007e-12 -6.2962e-12 -7.2345e-12 -6.5273e-12 7.6796e-13 -3.182e-12 -6.1216e-12 2.3501e-12 -8.2007e-12 -3.4052e-12 -8.5297e-13 -2.2594e-12 2.8934e-13 -3.2469e-12 -5.2705e-12 -7.7534e-12 -2.0168e-12 1.9234e-12 -2.4417e-12 -7.4355e-13 -1.2389e-12 1.8124e-12 -1.1698e-12 2.1158e-14 -9.2062e-13 1.7787e-12 1.1072e-12 1.1177e-12 -2.3446e-12 2.2414e-12 -1.0541e-12 7.6683e-13 -3.1551e-12 -4.3634e-13 -3.1204e-13 2.2256e-12 7.2035e-13 7.3327e-13 2.8062e-12 5.0387e-13 2.6467e-12 -1.3618e-13 1.731e-13 7.0221e-13 2.0912e-14 1.6534e-13 3.2763e-14 -7.7351e-14 -1.4922e-13 -7.995e-14
1.0711e-10 9.4935e-11 9.9787e-11 9.6288e-11 9.227e-11 8.9427e-11 1.1205e-10 6.5172e-11 9.7763e-11 6.2086e-11 7.3375e-11 8.2752e-11 8.0237e-11 7.1611e-11 7.2836e-11 7.0332e-11 6.4058e-11 7.6268e-11 5.09e-11 6.8865e-11 4.0748e-11 4.9508e-11 6.0695e-11 5.9527e-11 5.5718e-11 4.4833e-11 4.6043e-11 5.5039e-11 4.0109e-11 4.6138e-11 3.7995e-11 2.3922e-11 2.3474e-11 3.734e-11 1.4857e-11 2.5917e-11 2.2407e-11 2.2155e-11 2.1465e-11 1.0383e-11 1.7268e-11 1.0415e-11 1.9877e-11 8.1942e-12 8.4351e-12 1.6938e-11 3.4059e-12 3.3898e-12 5.066e-12 1.0158e-11 1.309e-11 1.9373e-12 5.3212e-12 4.7996e-12 -9.5105e-13 -3.4303e-12 6.316e-12 -7.3324e-12 -1.4635e-11 2.9278e-12 2.9361e-12 4.7685e-12 -5.2168e-12 -5.1609e-12 -5.5958e-12 -5.2303e-12 -4.8169e-12 -1.1528e-12 -1.8686e-12 -9.8166e-13 -2.8704e-12 -5.0393e-12 -8.8948e-12 -9.239e-12 -5.7248e-12 1.5444e-12 -2.4347e-12 -2.7925e-12 2.0346e-12 -7.9594e-12 -3.9848e-12 -2.0352e-12 -2.3941e-12 -1.5076e-12 -2.8528e-12 -4.4047e-12 -6.3358e-12 -3.3948e-12 1.2002e-12 -1.104e-12 -2.5486e-13 -7.7789e-13 1.1473e-12 -6.207e-13 9.1014e-13 -7.2733e-13 3.0602e-13 2.4725e-12 2.718e-13 -7.389e-13 3.6288e-12 7.0064e-13 1.2712e-12 -1.6742e-12 1.0958e-13 -2.6592e-13 2.8993e-12 9.4785e-13 -1.0279e-13 2.0751e-12 5.2419e-13 2.0124e-12 -5.7687e-14 6.8071e-14 8.6843e-13 -1.0776e-13 1.8643e-13 1.3334e-13 -1.0679e-13 -9.7124e-14 -4.6319e-14
1.0748e-10 9.4698e-11 9.6288e-11 1.1619e-10 9.5544e-11 8.9048e-11 1.0885e-10 7.0498e-11 9.5668e-11 6.4383e-11 7.7158e-11 8.4866e-11 8.2173e-11 7.1199e-11 7.3957e-11 7.2029e-11 7.2098e-11 7.6946e-11 5.4115e-11 7.1762e-11 4.7934e-11 4.5389e-11 6.257e-11 6.2708e-11 5.5317e-11 4.8498e-11 4.6116e-11 4.971e-11 3.4833e-11 5.085e-11 3.6727e-11 2.3303e-11 1.8841e-11 3.8371e-11 1.7661e-11 2.6537e-11 1.822e-11 2.4568e-11 2.7287e-11 1.1432e-11 2.2765e-11 8.2314e-12 2.0609e-11 6.2083e-12 1.1741e-11 1.638e-11 4.5086e-12 2.8743e-12 1.2631e-12 1.3899e-11 1.8706e-11 -3.5445e-12 9.0952e-13 6.849e-12 9.8333e-14 -9.9333e-13 7.8476e-12 -1.1104e-11 -1.5401e-11 3.8086e-12 -9.0738e-13 8.8081e-12 -8.2586e-12 -5.8331e-12 -3.7502e-12 -5.841e-12 -1.7226e-12 -7.85e-13 -5.781e-13 -3.2079e-12 -5.1833e-13 -3.6898e-12 -6.1617e-12 -9.8302e-12 -9.0236e-12 1.425e-12 -2.3331e-12 -1.7124e-12 2.5869e-12 -6.5302e-12 -4.98e-12 -3.8274e-12 -4.8352e-12 -4.2269e-12 -2.7743e-12 -3.896e-12 -9.1852e-12 -4.164e-12 1.7027e-12 -1.9622e-12 -9.5702e-13 -9.7298e-13 4.535e-12 3.8667e-13 -1.2758e-12 -1.0547e-12 2.8071e-14 3.1061e-12 -4.555e-13 -2.3046e-12 3.867e-12 5.4374e-13 3.2847e-12 -1.3655e-12 1.2969e-12 1.3047e-12 2.6664e-12 5.9095e-14 4.8576e-13 2.2737e-12 -3.375e-13 2.493e-12 -3.1778e-14 4.7554e-13 5.7719e-13 -2.3588e-13 1.7267e-13 1.8088e-13 -9.2075e-14 -1.6137e-13 -1.3654e-14
9.8754e-11 9.2165e-11 9.227e-11 9.5544e-11 1.0673e-10 8.7802e-11 1.0861e-10 6.4349e-11 1.0001e-10 6.2846e-11 6.9618e-11 8.0822e-11 8.0047e-11 6.5794e-11 6.4766e-11 7.0931e-11 6.1302e-11 7.7742e-11 5.1246e-11 6.822e-11 4.0068e-11 4.6118e-11 5.86e-11 6.3117e-11 5.0228e-11 4.4285e-11 3.7067e-11 4.9515e-11 3.3977e-11 4.6973e-11 3.363e-11 2.025e-11 1.9989e-11 3.4963e-11 1.9758e-11 2.5193e-11 2.3912e-11 2.436e-11 2.1398e-11 1.1642e-11 2.1286e-11 1.2913e-11 1.8611e-11 7.1491e-12 1.0507e-11 1.8293e-11 4.7435e-12 5.021e-12 5.7762e-12 1.2082e-11 1.72e-11 -2.6162e-13 3.4875e-12 6.6679e-12 -1.0532e-13 -1.1301e-12 1.6845e-12 -5.65e-12 -9.2941e-12 7.4638e-12 3.8925e-12 3.9751e-12 -5.7811e-12 -5.5121e-12 -2.9959e-12 -7.9111e-12 -7.5298e-12 1.6231e-12 9.3986e-13 -3.8926e-14 -1.5662e-12 -4.6074e-12 -5.325e-12 -1.1789e-11 -6.848e-12 3.1621e-12 -4.9828e-12 -2.7741e-12 1.1381e-12 -6.6406e-12 -1.1099e-12 1.1793e-13 -3.8751e-12 -1.5621e-12 -1.6599e-12 -6.4417e-12 -8.631e-12 -4.3841e-12 8.9128e-13 -2.6468e-12 4.99e-13 -9.6662e-13 1.7138e-12 -2.4172e-13 -1.565e-13 -6.2389e-13 2.367e-12 1.1082e-12 1.1418e-12 -2.2466e-12 1.4619e-12 7.1841e-13 1.1407e-12 -1.2186e-12 5.0474e-13 1.1402e-12 2.0608e-12 -1.1218e-13 -1.3005e-13 2.2809e-12 -4.8763e-13 2.8616e-12 -2.0568e-13 -5.4049e-14 5.5883e-13 -9.801e-14 1.8817e-13 1.9005e-13 -1.1265e-13 -2.1186e-13 2.7527e-14
1.0358e-10 8.7767e-11 8.9427e-11 8.9048e-11 8.7802e-11 1.0495e-10 1.1064e-10 6.3156e-11 9.3534e-11 5.8264e-11 7.7032e-11 8.3518e-11 7.957e-11 6.8751e-11 6.9402e-11 6.6933e-11 5.9149e-11 7.7079e-11 4.9962e-11 6.491e-11 4.3773e-11 5.1258e-11 5.8637e-11 5.8096e-11 5.602e-11 4.4021e-11 3.9233e-11 4.8558e-11 3.5759e-11 4.4535e-11 3.4439e-11 2.4123e-11 2.7592e-11 3.5888e-11 1.5405e-11 2.3559e-11 2.3803e-11 1.9669e-11 2.3876e-11 1.3277e-11 1.8157e-11 1.3648e-11 1.9269e-11 5.3262e-12 1.4503e-11 1.5587e-11 6.1263e-12 7.7823e-12 7.0166e-12 1.2909e-11 1.0495e-11 2.0497e-12 1.0665e-12 6.9219e-12 -1.9585e-12 -2.5902e-12 6.9962e-12 -8.3989e-12 -1.2283e-11 3.167e-12 4.3675e-13 7.5338e-13 -2.1605e-12 -4.3115e-12 -1.9092e-12 -6.0434e-12 -4.1527e-12 -1.3032e-12 -1.82e-12 -2.0947e-12 -3.405e-12 -5.0846e-12 -7.627e-12 -9.5543e-12 -5.4413e-12 3.3622e-12 -2.9657e-12 -5.6056e-12 5.0366e-12 -5.8825e-12 -2.8602e-12 -2.7496e-12 -6.2614e-13 -9.8761e-13 -3.3433e-12 -7.2804e-12 -7.296e-12 -2.5605e-12 4.3084e-13 -2.1876e-12 2.2834e-12 -1.6538e-12 8.7153e-13 -2.6005e-12 2.984e-12 -2.4924e-12 -4.6419e-13 1.943e-12 1.0193e-12 -3.4799e-12 -5.6115e-13 3.8988e-13 1.6989e-13 -2.549e-12 2.1478e-14 1.1262e-12 2.2473e-12 1.4175e-12 -8.4662e-15 1.4186e-12 6.4416e-13 2.0736e-12 3.7737e-13 -2.3795e-13 8.1977e-13 1.3953e-14 3.4681e-13 2.1683e-13 -3.1801e-14 -1.0639e-13 -3.4952e-14
1.2762e-10 1.1123e-10 1.1205e-10 1.0885e-10 1.0861e-10 1.1064e-10 1.5648e-10 7.7694e-11 1.2272e-10 7.6692e-11 8.8451e-11 1.0193e-10 9.8232e-11 7.7281e-11 8.5618e-11 8.388e-11 7.7308e-11 9.5072e-11 5.5352e-11 7.6151e-11 4.6e-11 6.5371e-11 7.1875e-11 7.8673e-11 7.2326e-11 5.0625e-11 5.1383e-11 6.3406e-11 4.3552e-11 5.9122e-11 5.0927e-11 2.9035e-11 2.8634e-11 4.1709e-11 2.126e-11 3.2985e-11 2.3584e-11 2.3135e-11 3.0269e-11 1.1836e-11 2.2749e-11 1.5417e-11 2.8757e-11 7.5252e-12 1.0826e-11 2.2789e-11 1.516e-11 5.3898e-12 4.1968e-12 1.1014e-11 1.6678e-11 5.6992e-12 4.7644e-12 6.7202e-12 -7.3225e-13 -2.8631e-12 6.9534e-12 -8.1345e-12 -1.9559e-11 1.7574e-12 2.5166e-12 2.2686e-12 -5.0689e-12 -4.5202e-12 1.0738e-12 -6.0146e-12 -7.4798e-12 -1.7449e-12 -3.2295e-12 -3.8553e-12 -7.0464e-12 -5.8198e-12 -8.2909e-12 -9.7366e-12 -6.6486e-12 6.0281e-12 -3.9837e-12 -4.6777e-12 2.9073e-12 -1.1911e-11 -6.4226e-12 -2.9783e-13 -1.2228e-12 -1.6273e-12 -2.8311e-12 -5.9373e-12 -1.0077e-11 -3.0548e-12 -3.5956e-13 -1.638e-12 -9.587e-13 -2.7913e-12 8.3605e-13 1.036e-12 2.9219e-12 2.4332e-13 1.9033e-13 3.3964e-12 -2.5703e-13 -2.4013e-12 7.4918e-13 -4.1895e-13 2.0755e-13 -4.7253e-12 -5.1079e-13 -7.8475e-13 2.7256e-12 1.9947e-12 2.3296e-13 2.6398e-12 9.5965e-13 2.6294e-12 1.411e-13 3.3976e-15 8.8719e-13 1.2111e-13 3.5086e-13 1.9733e-13 -4.2472e-14 -2.5598e-13 5.3835e-14
7.3e-11 6.7985e-11 6.5172e-11 7.0498e-11 6.4349e-11 6.3156e-11 7.7694e-11 5.8101e-11 6.799e-11 4.4075e-11 5.2444e-11 5.9227e-11 5.7714e-11 4.7272e-11 5.063e-11 4.8073e-11 4.7299e-11 5.3618e-11 3.786e-11 5.1304e-11 3.3514e-11 3.3517e-11 4.5996e-11 4.33e-11 4.08e-11 3.3787e-11 3.0747e-11 3.5054e-11 2.3749e-11 3.1057e-11 2.7708e-11 1.5091e-11 1.791e-11 2.4028e-11 1.4236e-11 1.4863e-11 1.1929e-11 1.7782e-11 1.7971e-11 1.0102e-11 1.3899e-11 7.5429e-12 1.6326e-11 -7.1223e-13 7.8625e-12 1.1677e-11 2.2555e-12 5.6228e-12 5.2072e-12 8.7356e-12 9.6137e-12 1.869e-12 2.5397e-12 2.7751e-12 2.0866e-13 -1.339e-12 4.03e-12 -5.5261e-12 -1.0662e-11 4.3645e-12 2.7792e-13 5.44e-12 -5.6823e-12 -3.7401e-12 3.0713e-13 -5.2099e-12 -3.4579e-13 -3.5421e-12 -2.9586e-12 -1.9886e-12 -9.655e-13 -2.0522e-12 -4.6697e-12 -3.5393e-12 -7.6477e-12 -3.8291e-13 -1.4124e-12 -1.6065e-12 2.5631e-12 -7.1528e-12 -2.6136e-12 -3.4615e-12 -2.0881e-12 -7.7885e-14 -3.2013e-12 -3.0636e-12 -5.6647e-12 -2.3329e-12 2.5378e-12 -1.9852e-12 -6.5355e-13 -1.6031e-12 3.2544e-12 -2.7876e-13 7.5064e-14 3.3991e-13 -5.6766e-13 4.829e-13 1.4889e-13 -1.3304e-12 1.4492e-13 1.3368e-12 1.6045e-12 -1.077e-12 -1.3379e-12 7.2312e-13 1.2531e-12 7.2195e-14 7.6176e-14 1.2238e-12 1.4522e-13 1.3945e-12 1.8159e-13 2.8346e-13 4.7209e-13 1.2722e-13 1.9895e-13 1.4072e-14 -9.0275e-14 -1.2966e-13 -1.3005e-13
1.1145e-10 9.8243e-11 9.7763e-11 9.5668e-11 1.0001e-10 9.3534e-11 1.2272e-10 6.799e-11 1.2131e-10 6.3326e-11 7.7799e-11 9.1014e-11 8.7653e-11 7.2505e-11 7.2808e-11 6.9818e-11 6.6871e-11 8.1535e-11 5.0657e-11 6.5238e-11 3.6894e-11 5.4856e-11 6.1031e-11 6.8128e-11 5.4034e-11 4.7245e-11 4.4404e-11 5.1574e-11 4.1603e-11 4.7323e-11 3.7626e-11 3.078e-11 2.4366e-11 3.7015e-11 1.9535e-11 2.8704e-11 2.1652e-11 1.968e-11 2.1804e-11 9.8441e-12 2.3842e-11 2.0162e-11 2.7758e-11 6.3992e-12 1.074e-11 1.5757e-11 6.2162e-12 4.5729e-12 4.9435e-12 1.0762e-11 1.457e-11 7.6279e-14 -5.608e-14 7.8093e-12 -5.107e-13 -4.3031e-12 5.2092e-13 -8.0733e-12 -1.9811e-11 3.2004e-12 5.6971e-12 -3.9768e-13 -7.5469e-12 -2.9836e-12 -4.4667e-12 -5.5858e-12 -5.0534e-12 -6.1457e-13 -1.4136e-12 -1.1904e-12 -1.8807e-12 -3.91e-12 -8.1199e-12 -6.5684e-12 -7.5118e-12 6.8998e-12 -3.8486e-12 -3.5792e-12 7.142e-13 -8.1681e-12 -5.1139e-12 -2.5403e-13 1.0732e-12 8.6282e-13 -2.8561e-12 -7.5925e-12 -8.3783e-12 -5.2748e-12 1.572e-12 -6.9651e-13 -1.1328e-12 -3.5092e-12 3.3723e-12 6.844e-13 3.1869e-12 -9.3046e-13 1.7419e-12 1.4363e-12 -1.8617e-13 -3.5418e-12 1.3267e-12 -1.6332e-12 7.5179e-13 -3.462e-12 -1.7097e-12 7.5336e-14 2.3211e-12 1.6915e-12 1.4476e-14 2.7457e-12 -1.2135e-12 2.6366e-12 4.3038e-13 -1.0568e-14 8.1887e-13 1.0501e-13 3.2201e-13 8.6654e-14 -9.6066e-14 -2.0715e-13 -2.6861e-14
7.1823e-11 6.3083e-11 6.2086e-11 6.4383e-11 6.2846e-11 5.8264e-11 7.6692e-11 4.4075e-11 6.3326e-11 5.231e-11 4.5672e-11 5.2482e-11 5.3174e-11 4.621e-11 4.5389e-11 4.867e-11 4.6476e-11 4.8634e-11 3.5221e-11 4.176e-11 2.9303e-11 3.3692e-11 3.9744e-11 3.8198e-11 3.8518e-11 3.0015e-11 2.8828e-11 3.4144e-11 2.2926e-11 3.2486e-11 2.514e-11 1.5762e-11 1.3468e-11 2.3858e-11 1.6773e-11 1.5144e-11 1.3314e-11 1.6476e-11 1.5242e-11 4.6893e-12 1.8639e-11 8.4487e-12 1.3494e-11 2.0946e-12 6.8327e-12 1.511e-11 8.1605e-12 2.23e-12 3.1481e-12 8.0456e-12 1.0097e-11 1.0475e-12 4.356e-13 2.214e-12 2.8652e-12 -1.9683e-12 2.3741e-12 -8.9498e-13 -9.2655e-12 3.5054e-12 3.8057e-12 1.8953e-12 -2.5735e-12 -6.6094e-13 -7.6018e-13 -3.1416e-12 -4.1423e-12 -2.4002e-12 -2.3842e-12 -2.392e-14 -1.4762e-12 -2.7003e-12 -4.7973e-12 -6.7985e-12 -3.677e-12 7.1254e-13 1.5479e-12 -2.4646e-12 1.4189e-12 -4.7348e-12 -8.6208e-13 -2.2819e-12 -3.7776e-13 -1.0285e-12 -1.6719e-12 -3.533e-12 -4.4422e-12 -1.2023e-13 3.8166e-13 -6.3009e-13 4.8747e-13 -7.7207e-13 6.9597e-13 -3.6743e-13 -4.1674e-13 -4.1899e-13 5.0949e-14 9.7435e-13 2.1722e-12 -1.272e-12 1.2737e-12 8.5637e-13 1.5282e-12 -1.4068e-12 -1.8439e-13 -3.9379e-13 1.6998e-12 -1.7777e-13 2.3517e-13 1.8201e-12 3.2904e-13 2.0956e-12 -1.179e-13 -2.5574e-13 5.0393e-13 -8.1972e-15 7.316e-14 4.212e-14 -8.0754e-14 -1.6424e-13 2.0378e-14
8.7331e-11 6.8824e-11 7.3375e-11 7.7158e-11 6.9618e-11 7.7032e-11 8.8451e-11 5.2444e-11 7.7799e-11 4.5672e-11 7.3752e-11 6.7912e-11 6.4191e-11 5.6402e-11 5.7993e-11 5.2752e-11 5.1553e-11 6.3736e-11 4.1677e-11 5.2948e-11 3.3051e-11 3.8442e-11 5.1216e-11 4.8462e-11 4.5187e-11 3.5705e-11 3.4129e-11 3.9668e-11 3.2317e-11 3.891e-11 3.1171e-11 2.0917e-11 1.9448e-11 3.2301e-11 1.1159e-11 2.0507e-11 1.931e-11 1.5186e-11 2.1206e-11 8.9942e-12 1.588e-11 1.1116e-11 1.6094e-11 3.8745e-12 6.7424e-12 1.2845e-11 4.9498e-12 2.3736e-12 7.9612e-12 9.8961e-12 9.7273e-12 3.1021e-12 3.2911e-12 4.8197e-12 1.6027e-12 -1.1395e-12 6.552e-12 -7.6483e-12 -1.2588e-11 2.2153e-12 1.5764e-13 1.7015e-12 -3.2704e-12 -4.4318e-12 -4.0504e-12 -3.5962e-12 -2.4504e-12 -3.1081e-12 -2.5668e-12 -3.7056e-13 -1.2103e-12 -2.506e-12 -6.8074e-12 -5.2901e-12 -5.7752e-12 3.987e-12 -6.0019e-13 -1.3681e-12 3.4127e-12 -4.0649e-12 -3.2287e-12 -3.7957e-12 2.3215e-13 -1.5382e-12 -1.2046e-12 -4.1928e-12 -5.527e-12 -4.6722e-12 2.5724e-12 -2.098e-12 1.4362e-12 -1.7389e-12 2.525e-12 -3.3583e-13 2.4979e-12 -1.4217e-12 -6.4956e-13 3.0892e-12 -1.5174e-12 -2.2321e-12 3.7089e-13 4.1337e-13 2.4532e-13 -3.0065e-12 6.0961e-13 1.3441e-12 2.1629e-12 8.2767e-13 -6.1347e-13 1.4466e-12 5.1637e-13 1.568e-12 1.9508e-13 1.9745e-13 7.1638e-13 3.7752e-14 2.0189e-13 1.7626e-13 -9.266e-14 -8.6043e-14 -4.2288e-14
9.4069e-11 8.1319e-11 8.2752e-11 8.4866e-11 8.0822e-11 8.3518e-11 1.0193e-10 5.9227e-11 9.1014e-11 5.2482e-11 6.7912e-11 8.4635e-11 7.4992e-11 6.155e-11 6.6048e-11 5.9023e-11 5.5909e-11 6.7103e-11 4.1589e-11 5.9633e-11 3.7916e-11 4.6927e-11 5.5521e-11 5.5356e-11 4.9587e-11 4.0554e-11 3.764e-11 4.0362e-11 3.6954e-11 3.9061e-11 3.5509e-11 2.0803e-11 1.9667e-11 3.3652e-11 1.7031e-11 2.2273e-11 2.0062e-11 1.7652e-11 1.9683e-11 7.03e-12 1.7882e-11 1.4128e-11 1.8555e-11 2.0724e-12 8.6638e-12 1.4882e-11 6.2375e-12 5.6627e-12 3.3601e-12 9.3172e-12 8.3455e-12 7.9087e-13 -4.8474e-13 7.7896e-12 -4.1671e-12 -1.9032e-12 5.5584e-12 -8.945e-12 -1.355e-11 1.1817e-13 1.2323e-12 -1.9168e-12 -3.4314e-12 -3.4821e-12 -4.1497e-12 -8.299e-12 -4.4329e-12 -1.0765e-12 -1.9511e-12 -5.2831e-13 -3.3261e-12 -2.9839e-12 -5.563e-12 -8.9868e-12 -7.2624e-12 9.9287e-13 -5.9839e-12 -1.6463e-12 3.9945e-12 -7.4352e-12 -3.2321e-12 3.433e-15 -1.5066e-14 -2.611e-13 -1.4953e-12 -4.9909e-12 -5.2875e-12 -3.7116e-12 1.5201e-12 -1.6918e-12 4.188e-13 -2.7466e-12 1.3224e-12 -9.248e-13 1.8207e-12 -6.1916e-13 -7.2553e-13 1.9807e-12 -2.0985e-13 -1.5048e-12 3.1451e-13 -1.2249e-12 2.0301e-12 -1.7742e-12 -5.6488e-13 7.9626e-13 2.1262e-12 7.241e-13 3.0264e-13 1.568e-12 -3.4108e-13 2.1481e-12 8.7507e-14 -1.5464e-14 6.791e-13 -1.1447e-14 2.6689e-13 1.1112e-13 -4.6194e-14 -1.5962e-13 -1.6004e-14
8.9706e-11 7.8535e-11 8.0237e-11 8.2173e-11 8.0047e-11 7.957e-11 9.8232e-11 5.7714e-11 8.7653e-11 5.3174e-11 6.4191e-11 7.4992e-11 8.1191e-11 6.0275e-11 6.0801e-11 5.7693e-11 5.5891e-11 6.7954e-11 4.3253e-11 5.788e-11 3.4936e-11 4.1522e-11 5.2315e-11 5.1545e-11 4.9959e-11 4.1338e-11 3.5946e-11 4.2084e-11 3.1097e-11 4.071e-11 3.1468e-11 2.2062e-11 2.2511e-11 3.1291e-11 1.6061e-11 1.924e-11 1.7825e-11 1.7767e-11 2.2804e-11 1.0177e-11 1.6465e-11 1.1597e-11 1.9734e-11 1.8629e-12 6.2901e-12 1.4332e-11 2.6107e-12 3.3251e-12 5.8647e-12 1.1421e-11 8.4199e-12 1.0112e-12 -3.7208e-13 6.204e-12 -3.2032e-12 -1.8582e-12 5.5981e-12 -9.3922e-12 -1.1917e-11 4.7528e-12 -2.6022e-12 2.2298e-12 -3.2658e-12 -1.5663e-12 -5.3762e-12 -6.9151e-12 -1.618e-12 -1.8415e-12 -5.2118e-13 -2.0785e-12 -3.3919e-12 -4.2235e-12 -7.1236e-12 -1.0379e-11 -4.9714e-12 2.6308e-12 -5.2533e-12 -1.6924e-12 3.124e-12 -8.2341e-12 -2.7398e-12 -1.2861e-12 2.4563e-14 -4.3259e-13 -3.0275e-12 -4.8745e-12 -5.5717e-12 -3.3859e-12 1.7056e-12 -1.8533e-12 -8.4755e-13 -2.2827e-12 2.5306e-12 -6.0458e-14 1.7953e-12 -2.9913e-12 -1.875e-13 1.3296e-12 1.1607e-14 4.549e-13 5.7116e-13 1.0155e-12 2.6623e-12 -2.7874e-12 1.028e-12 -1.3793e-13 1.675e-12 1.1104e-12 5.1794e-13 2.8373e-13 -5.8167e-16 1.8754e-12 -1.1598e-13 3.6637e-14 6.281e-13 -1.3874e-13 3.3293e-13 6.9729e-14 -9.7706e-14 -7.0403e-14 -4.8294e-14
8.3767e-11 6.8443e-11 7.1611e-11 7.1199e-11 6.5794e-11 6.8751e-11 7.7281e-11 4.7272e-11 7.2505e-11 4.621e-11 5.6402e-11 6.155e-11 6.0275e-11 6.66e-11 5.5714e-11 4.9524e-11 4.9122e-11 5.3395e-11 4.1755e-11 5.4451e-11 3.014e-11 3.9028e-11 4.1307e-11 4.4732e-11 4.0494e-11 3.5683e-11 3.4788e-11 4.1328e-11 2.9739e-11 3.4703e-11 2.2349e-11 2.0325e-11 1.73e-11 2.6195e-11 8.2571e-12 2.3291e-11 1.7576e-11 1.3462e-11 1.5626e-11 3.6638e-12 1.4343e-11 5.8773e-12 1.6956e-11 3.9572e-12 6.9154e-12 9.657e-12 3.7109e-12 2.9603e-12 4.0598e-12 9.9056e-12 1.0408e-11 -1.4065e-12 6.2833e-12 1.508e-12 1.386e-12 -3.0648e-12 6.4359e-12 -4.8397e-12 -1.1871e-11 4.169e-12 -9.4003e-13 1.6893e-12 -4.9427e-12 -4.5562e-13 -2.8531e-12 -5.3541e-12 -4.6383e-12 -2.0209e-12 -6.8473e-13 5.935e-13 -5.1767e-13 -2.3268e-12 -7.5665e-12 -5.1434e-12 -3.0435e-12 1.4545e-12 8.0228e-13 -2.4518e-13 2.38e-12 -3.8971e-12 -1.4966e-12 -1.9052e-12 1.5395e-12 1.3833e-12 -3.5589e-13 -4.5137e-12 -3.1933e-12 -2.9244e-12 1.8597e-13 -2.6544e-12 4.6699e-13 -6.4714e-13 5.4221e-14 -8.6922e-13 1.016e-12 -1.074e-12 -6.0321e-13 1.5835e-12 -5.1827e-13 -4.6305e-13 3.7419e-12 4.2605e-13 7.8118e-13 -7.8723e-13 5.3953e-13 -1.6284e-13 2.5203e-12 1.7038e-12 -1.6501e-13 1.3615e-12 3.5354e-13 1.7291e-12 -1.5484e-13 1.1362e-14 6.7995e-13 -5.4875e-14 1.5345e-13 1.2104e-13 -7.8505e-14 -8.4419e-14 -2.6481e-14
7.987e-11 7.1475e-11 7.2836e-11 7.3957e-11 6.4766e-11 6.9402e-11 8.5618e-11 5.063e-11 7.2808e-11 4.5389e-11 5.7993e-11 6.6048e-11 6.0801e-11 5.5714e-11 6.598e-11 5.0943e-11 4.7682e-11 5.8849e-11 3.7299e-11 5.507e-11 3.1857e-11 4.2378e-11 4.7709e-11 4.8311e-11 4.2062e-11 3.5555e-11 3.3608e-11 3.6161e-11 2.7547e-11 3.9717e-11 3.0694e-11 1.5557e-11 2.0613e-11 2.7114e-11 7.312e-12 1.8026e-11 1.7105e-11 1.2537e-11 1.3132e-11 6.3733e-12 1.4539e-11 8.4272e-12 1.3041e-11 4.2324e-12 6.2867e-12 1.2843e-11 4.444e-12 6.047e-12 3.1408e-12 7.2702e-12 1.022e-11 1.289e-13 3.2837e-12 5.8657e-12 1.2504e-12 -3.4998e-12 7.779e-12 -3.6218e-12 -1.1297e-11 -1.2135e-12 2.1516e-13 3.0221e-12 -3.5845e-12 -3.4032e-12 -2.0474e-12 -4.0468e-12 -5.4776e-12 3.1821e-13 -3.0005e-12 -3.7541e-12 -2.3193e-12 -1.7154e-13 -4.5111e-12 -3.7621e-12 -5.2818e-12 1.4942e-13 -2.1422e-12 -4.4063e-12 2.4601e-12 -7.2539e-12 -3.6622e-12 -1.0685e-12 9.509e-13 6.9756e-14 -2.4822e-12 -2.5172e-12 -2.899e-12 -3.0423e-12 1.1862e-12 -9.7419e-13 -5.8835e-13 -1.3544e-12 3.343e-13 -7.5948e-13 1.9204e-12 -1.0487e-12 -3.1274e-13 1.9599e-12 -1.7452e-13 -1.025e-12 2.6798e-12 -5.4812e-14 2.4862e-12 -8.4834e-13 -1.0908e-12 5.4123e-14 2.9359e-12 1.1946e-12 4.9405e-13 2.2323e-12 3.1064e-14 1.489e-12 -8.7492e-14 5.0206e-13 6.6675e-13 -3.3495e-14 2.5048e-13 1.0343e-13 -1.6235e-14 -4.4087e-14 -8.3846e-14
7.8039e-11 7.1501e-11 7.0332e-11 7.2029e-11 7.0931e-11 6.6933e-11 8.388e-11 4.8073e-11 6.9818e-11 4.867e-11 5.2752e-11 5.9023e-11 5.7693e-11 4.9524e-11 5.0943e-11 6.6011e-11 5.0838e-11 5.769e-11 3.3331e-11 4.4033e-11 2.8783e-11 3.7717e-11 4.7568e-11 4.4212e-11 4.1086e-11 3.6462e-11 3.0437e-11 3.9215e-11 2.076e-11 4.2245e-11 2.8954e-11 1.8942e-11 1.9261e-11 2.8078e-11 1.3128e-11 1.7497e-11 1.6006e-11 1.7898e-11 2.1675e-11 9.8669e-12 1.8584e-11 7.272e-12 1.3787e-11 4.7485e-12 9.7953e-12 9.9494e-12 9.8724e-12 1.2119e-12 1.6021e-12 1.3101e-12 1.3e-11 9.9653e-13 9.9769e-13 4.7024e-12 1.8352e-12 -2.8788e-12 4.241e-12 -5.6358e-12 -1.3978e-11 2.2962e-12 1.1336e-12 2.1835e-12 -3.6785e-12 -2.4394e-12 -3.3624e-12 -1.6126e-12 -3.7079e-12 -7.4528e-13 -8.3574e-13 -4.7197e-12 -1.485e-12 -4.1216e-12 -6.5273e-12 -7.8909e-12 -5.6684e-12 -3.7858e-13 -1.183e-12 -2.1446e-12 1.781e-12 -4.1576e-12 -4.6562e-12 -1.8408e-13 -2.2885e-12 -1.3042e-12 -2.2784e-12 -4.4115e-12 -7.5779e-12 1.2108e-12 7.5608e-13 -1.1105e-12 4.472e-13 2.0897e-12 2.4517e-12 -1.8572e-12 -6.1104e-13 7.3918e-14 6.8061e-13 8.6583e-13 1.117e-12 -7.8057e-13 8.8781e-13 -1.3979e-13 2.5762e-12 -1.3794e-12 1.0552e-12 -3.2442e-13 3.7319e-12 5.1774e-13 7.8673e-13 1.9469e-12 3.7458e-13 2.2232e-12 -4.0952e-13 1.9996e-13 5.5942e-13 5.7112e-14 1.2639e-13 1.1674e-13 -9.2275e-14 -1.5739e-13 -8.9593e-14
7.5199e-11 6.5273e-11 6.4058e-11 7.2098e-11 6.1302e-11 5.9149e-11 7.7308e-11 4.7299e-11 6.6871e-11 4.6476e-11 5.1553e-11 5.5909e-11 5.5891e-11 4.9122e-11 4.7682e-11 5.0838e-11 5.9325e-11 4.8274e-11 3.3844e-11 4.2802e-11 2.8592e-11 3.4453e-11 4.2444e-11 4.2644e-11 4.0809e-11 3.3865e-11 3.1165e-11 3.5491e-11 2.4428e-11 3.4816e-11 2.3057e-11 1.8719e-11 1.4168e-11 2.8315e-11 9.8042e-12 1.5047e-11 1.4851e-11 1.4507e-11 2.2291e-11 5.113e-12 1.7262e-11 7.8561e-12 1.3475e-11 -8.9082e-13 6.3097e-12 1.2432e-11 6.8073e-12 1.0798e-12 4.1167e-12 7.8567e-12 1.3383e-11 -1.0658e-12 1.2281e-12 4.8929e-12 2.9268e-12 -9.8815e-13 3.1503e-12 -5.51e-12 -1.1054e-11 2.4592e-12 -3.4815e-13 2.7092e-12 -3.7444e-12 -1.2393e-12 -6.1984e-13 -2.0149e-12 -1.7181e-12 -3.8779e-13 -1.4413e-13 -4.6902e-12 2.0998e-12 -2.986e-12 -4.3467e-12 -4.9559e-12 -4.0193e-12 -1.2039e-12 -2.558e-12 -1.5978e-12 1.6142e-12 -5.1765e-12 -2.9817e-12 -2.845e-12 -5.4789e-13 -3.9186e-13 -1.4463e-12 -2.8519e-12 -5.1981e-12 -4.1293e-13 2.184e-13 -1.5129e-12 -2.3681e-13 -2.4122e-13 2.3977e-12 8.63e-13 -1.2291e-12 5.2429e-13 -9.3267e-13 5.1168e-13 -1.5445e-12 -4.9388e-13 2.5091e-12 4.2868e-13 2.9966e-12 -1.9975e-12 1.5047e-13 -1.1153e-12 1.2233e-12 6.9694e-13 -2.045e-13 1.4261e-12 4.7199e-13 1.724e-12 -3.8147e-14 1.8039e-13 5.3073e-13 2.2717e-15 9.8175e-14 8.1337e-14 -6.8988e-14 -1.916e-13 -1.8403e-14
8.9086e-11 7.3452e-11 7.6268e-11 7.6946e-11 7.7742e-11 7.7079e-11 9.5072e-11 5.3618e-11 8.1535e-11 4.8634e-11 6.3736e-11 6.7103e-11 6.7954e-11 5.3395e-11 5.8849e-11 5.769e-11 4.8274e-11 7.6748e-11 3.8321e-11 5.3747e-11 3.2212e-11 3.849e-11 5.2806e-11 5.2801e-11 4.2981e-11 3.3528e-11 3.5178e-11 3.9332e-11 2.8353e-11 4.0326e-11 3.1995e-11 2.1759e-11 1.8668e-11 3.0892e-11 1.1663e-11 2.2903e-11 2.0347e-11 1.4916e-11 1.8499e-11 7.0593e-12 1.5403e-11 8.1498e-12 1.3606e-11 5.0664e-12 7.8674e-12 8.3645e-12 7.6107e-12 5.8671e-12 3.1679e-12 8.3326e-12 9.0781e-12 3.5805e-12 1.031e-12 6.7545e-12 -1.8833e-13 -3.3243e-12 8.9602e-12 -5.8236e-12 -1.2733e-11 6.5738e-13 -2.0202e-12 4.3557e-12 -3.2493e-12 -1.9986e-12 -2.1024e-12 -5.6438e-12 -2.2498e-12 -2.0857e-12 -2.6681e-12 -1.139e-12 -4.9281e-12 -1.9619e-12 -5.7526e-12 -7.254e-12 -6.3617e-12 5.8093e-12 -1.755e-12 -1.8052e-12 9.681e-13 -7.2531e-12 -3.7107e-12 -2.3567e-12 -3.6786e-12 -2.045e-12 -3.5333e-12 -4.8788e-12 -5.181e-12 -1.4376e-12 8.5719e-13 -8.2188e-13 -1.0267e-13 -4.1536e-13 1.7706e-12 7.2569e-13 1.0299e-12 -2.2553e-12 6.6117e-13 2.9154e-12 8.8493e-13 -1.9319e-12 7.9276e-13 7.4902e-13 1.598e-12 -1.7422e-12 1.3269e-12 7.0438e-13 1.5646e-12 1.1784e-12 9.1626e-13 1.7973e-12 -6.7582e-13 1.8684e-12 2.7361e-13 -8.9119e-15 5.6582e-13 -1.5824e-14 2.3241e-13 1.794e-13 -1.6842e-14 -6.8185e-14 -9.8963e-14
5.8416e-11 4.9581e-11 5.09e-11 5.4115e-11 5.1246e-11 4.9962e-11 5.5352e-11 3.786e-11 5.0657e-11 3.5221e-11 4.1677e-11 4.1589e-11 4.3253e-11 4.1755e-11 3.7299e-11 3.3331e-11 3.3844e-11 3.8321e-11 4.1407e-11 4.3051e-11 2.3343e-11 2.4601e-11 3.197e-11 3.0629e-11 2.9386e-11 2.7646e-11 2.2932e-11 3.1261e-11 2.0847e-11 2.566e-11 1.6799e-11 8.3614e-12 1.6625e-11 1.9784e-11 1.3186e-11 1.2608e-11 1.0027e-11 1.1466e-11 1.3664e-11 8.0434e-12 1.0262e-11 5.604e-12 1.3316e-11 2.826e-12 4.3003e-12 1.0819e-11 -3.721e-13 4.9354e-12 5.9515e-12 8.9017e-12 8.2132e-12 -4.1111e-13 5.9277e-12 6.3511e-13 3.9653e-13 -3.3131e-12 2.5533e-12 -4.4075e-12 -3.2801e-12 7.1485e-12 2.2099e-13 3.6516e-12 -3.0475e-12 -5.4342e-12 -7.3341e-13 -4.5159e-12 -2.3494e-12 -2.0693e-12 1.4928e-14 -5.0567e-13 2.0414e-12 -3.8772e-12 -5.641e-12 -6.2489e-12 -3.3285e-12 3.0303e-12 4.8107e-13 -2.3637e-12 1.739e-12 -3.297e-12 4.8612e-13 -2.246e-12 6.3439e-13 -1.9109e-14 -1.5636e-12 -2.5141e-12 -4.8616e-12 -3.7658e-12 1.4829e-12 -1.0612e-12 5.5467e-13 -1.8007e-12 2.1561e-12 -9.7307e-13 1.0325e-12 -2.013e-12 4.881e-13 1.659e-12 5.7793e-14 -1.0662e-12 2.0519e-12 1.9249e-12 -5.8674e-13 -2.2059e-12 -1.2157e-13 5.8841e-13 1.6766e-12 -4.9793e-14 -4.0991e-13 4.7697e-13 -5.1011e-14 1.1566e-12 1.1601e-14 6.2098e-15 5.1174e-13 1.8934e-14 1.192e-13 3.8959e-14 -9.9501e-14 -4.6979e-15 4.9799e-14
7.6938e-11 6.7416e-11 6.8865e-11 7.1762e-11 6.822e-11 6.491e-11 7.6151e-11 5.1304e-11 6.5238e-11 4.176e-11 5.2948e-11 5.9633e-11 5.788e-11 5.4451e-11 5.507e-11 4.4033e-11 4.2802e-11 5.3747e-11 4.3051e-11 6.7447e-11 3.3621e-11 3.4337e-11 4.4621e-11 4.2434e-11 4.049e-11 3.2308e-11 2.8628e-11 3.8165e-11 2.6072e-11 3.1377e-11 2.5579e-11 1.0585e-11 1.5851e-11 2.5756e-11 1.0659e-11 1.8952e-11 1.6591e-11 1.2962e-11 1.3036e-11 7.2055e-12 7.1597e-12 5.0254e-12 1.273e-11 7.8297e-12 5.0706e-12 1.309e-11 -5.2303e-12 6.7136e-12 7.3252e-12 1.1248e-11 1.2092e-11 5.5007e-13 7.6437e-12 1.4069e-12 -1.8831e-12 6.1826e-13 7.8868e-12 -4.0464e-12 -4.9424e-12 2.9933e-12 -7.2198e-13 6.9035e-12 -5.4699e-12 -4.9302e-12 -2.7487e-12 -7.3487e-12 -2.5841e-12 2.3018e-13 1.1935e-12 4.761e-13 -3.2274e-13 -3.4091e-12 -5.2379e-12 -8.0206e-12 -5.296e-12 7.7922e-13 -1.5657e-12 -3.1847e-12 1.7494e-12 -4.8514e-12 -1.5506e-12 -2.2152e-12 -1.6304e-12 6.5179e-13 -1.282e-12 -2.931e-12 -4.9251e-12 -6.9875e-12 1.137e-12 -1.5483e-12 -5.1909e-13 -1.3661e-12 -4.8679e-13 1.9047e-13 8.841e-14 -7.4208e-13 -3.6168e-13 1.5507e-12 -8.3018e-13 -8.9197e-13 2.7895e-12 1.6739e-12 7.0327e-13 -2.1904e-12 -8.4273e-14 2.6593e-13 2.3577e-12 6.8019e-13 -8.0011e-13 8.8244e-13 1.6503e-13 1.4765e-12 -2.73e-13 2.1994e-13 5.6563e-13 5.1682e-14 1.4532e-13 1.6635e-13 -8.0705e-14 -9.1274e-14 7.8155e-14
4.7283e-11 4.15e-11 4.0748e-11 4.7934e-11 4.0068e-11 4.3773e-11 4.6e-11 3.3514e-11 3.6894e-11 2.9303e-11 3.3051e-11 3.7916e-11 3.4936e-11 3.014e-11 3.1857e-11 2.8783e-11 2.8592e-11 3.2212e-11 2.3343e-11 3.3621e-11 3.1286e-11 2.1292e-11 2.6737e-11 2.369e-11 2.6097e-11 1.8043e-11 1.8941e-11 1.9929e-11 1.7342e-11 1.9327e-11 1.5214e-11 1.0748e-11 9.3264e-12 1.5793e-11 1.0365e-11 8.8332e-12 9.2157e-12 1.0763e-11 6.7096e-12 6.5685e-12 9.289e-12 3.4745e-12 8.828e-12 6.1695e-13 8.5293e-12 8.814e-12 7.007e-13 1.1243e-12 2.8115e-12 7.8927e-12 6.4775e-12 -1.4242e-12 -9.3039e-13 3.7603e-12 -7.0559e-13 -1.0607e-12 2.0168e-12 -3.3079e-12 -3.9137e-12 -1.656e-12 -7.024e-13 3.602e-12 -1.8203e-12 -1.8317e-12 -2.3275e-12 -3.4634e-12 -2.7337e-12 1.2279e-12 -1.2399e-12 2.2508e-12 -8.3419e-13 -2.7756e-12 -4.3774e-12 -5.0844e-12 -4.6665e-12 -2.2194e-12 -7.2624e-13 -1.4557e-12 1.5634e-12 -2.2558e-12 3.2775e-13 -4.4464e-12 -2.8072e-12 -9.7943e-13 -1.1593e-12 3.0517e-13 -2.6549e-12 -2.4352e-12 1.3552e-12 -1.2552e-12 -9.0517e-14 -1.8195e-12 5.0929e-13 -2.0748e-12 -1.7872e-12 3.8416e-13 -8.6608e-13 1.8042e-13 2.071e-12 -1.0182e-12 4.8265e-13 8.4028e-13 5.9221e-13 -3.9293e-13 4.0127e-13 2.6938e-13 1.1192e-13 -1.195e-12 1.9531e-13 8.4275e-13 8.7312e-13 1.0633e-12 9.6086e-14 -1.0963e-13 2.192e-13 -8.7286e-14 1.0245e-13 2.7888e-14 -1.8106e-14 -1.0872e-13 -3.6666e-14
5.6482e-11 5.184e-11 4.9508e-11 4.5389e-11 4.6118e-11 5.1258e-11 6.5371e-11 3.3517e-11 5.4856e-11 3.3692e-11 3.8442e-11 4.6927e-11 4.1522e-11 3.9028e-11 4.2378e-11 3.7717e-11 3.4453e-11 3.849e-11 2.4601e-11 3.4337e-11 2.1292e-11 4.1677e-11 3.0724e-11 3.0735e-11 3.1259e-11 2.6293e-11 2.4009e-11 2.8175e-11 2.2718e-11 2.7357e-11 1.9906e-11 1.5052e-11 1.2576e-11 1.8423e-11 6.5045e-12 1.1641e-11 1.3266e-11 1.0159e-11 1.1625e-11 3.2354e-12 1.0111e-11 8.168e-12 1.31e-11 4.1619e-12 5.0219e-12 1.0887e-11 5.2887e-12 4.3441e-13 1.4438e-12 3.1759e-12 7.7233e-12 -2.8793e-12 3.2371e-12 2.9115e-12 -2.7077e-13 -2.8968e-12 2.7852e-12 -2.3971e-12 -6.6917e-12 -1.1392e-12 2.8437e-12 -1.3283e-12 -2.6276e-12 -9.8873e-13 2.2741e-12 -1.8826e-12 -6.1053e-12 4.6858e-13 -3.558e-12 -3.2841e-12 -1.9905e-12 -1.7196e-12 -5.5339e-12 -3.6403e-12 -3.8117e-12 8.0078e-13 -3.0562e-13 -2.1587e-12 3.0121e-12 -4.3498e-12 -2.0783e-12 -4.1463e-13 -9.5006e-14 -9.2929e-14 -2.8352e-12 -2.2272e-12 -2.0399e-12 -1.2219e-12 7.6526e-13 1.2853e-13 -2.9602e-13 -7.2266e-13 -9.0567e-13 -5.1601e-13 9.535e-13 3.9428e-13 4.4125e-13 2.252e-13 2.2005e-13 -2.2702e-12 -1.1064e-13 -1.6017e-12 -1.2467e-14 -2.8059e-12 -1.1299e-12 -7.6775e-13 2.6246e-12 2.2839e-13 3.902e-13 1.4972e-12 1.2365e-13 1.4084e-12 -2.2257e-13 9.8011e-14 3.2196e-13 1.6036e-13 8.7174e-14 2.6572e-14 3.4597e-14 -1.3746e-13 5.6412e-14
6.7397e-11 6.1633e-11 6.0695e-11 6.257e-11 5.86e-11 5.8637e-11 7.1875e-11 4.5996e-11 6.1031e-11 3.9744e-11 5.1216e-11 5.5521e-11 5.2315e-11 4.1307e-11 4.7709e-11 4.7568e-11 4.2444e-11 5.2806e-11 3.197e-11 4.4621e-11 2.6737e-11 3.0724e-11 5.3853e-11 3.7618e-11 3.8965e-11 3.2653e-11 2.4887e-11 3.2795e-11 2.2091e-11 3.2492e-11 2.4736e-11 1.2388e-11 1.5203e-11 2.7535e-11 1.2319e-11 1.1885e-11 1.3179e-11 1.1496e-11 1.4879e-11 1.034e-11 1.435e-11 7.9612e-12 9.0379e-12 6.4043e-13 4.6591e-12 1.2061e-11 2.4362e-12 6.6012e-12 5.5021e-12 4.398e-12 6.1537e-12 5.3014e-12 2.3042e-12 4.9425e-12 -8.1275e-13 -2.9359e-12 7.6418e-12 -6.2942e-12 -9.1029e-12 -1.7376e-12 1.3341e-12 1.3751e-12 -8.5782e-13 -2.5992e-12 -3.6699e-12 -6.2323e-12 -1.9592e-12 -3.4884e-12 -4.4251e-12 -7.7461e-13 -2.1725e-12 -2.6189e-12 -3.44e-12 -4.7325e-12 -5.5628e-12 3.1916e-13 -2.2621e-12 -1.9448e-12 3.3701e-12 -3.8739e-12 -3.9597e-12 -2.1168e-13 -1.7924e-12 -4.1081e-13 -3.1553e-12 -2.5756e-12 -3.8473e-12 -9.5601e-13 2.711e-12 -5.7307e-13 -1.4979e-13 3.563e-13 2.9238e-12 -2.7952e-13 9.3307e-13 -1.301e-12 -5.2525e-13 1.667e-12 -1.4062e-13 6.1754e-13 3.1318e-13 4.9482e-13 8.6124e-13 -2.9783e-12 2.1619e-13 2.3317e-13 1.7879e-12 -7.4078e-14 5.6846e-13 1.4512e-12 -2.6095e-13 1.554e-12 -3.7618e-14 1.9809e-13 4.0779e-13 8.8967e-14 1.5905e-13 2.7173e-14 -5.6263e-14 -8.6973e-14 -3.2835e-14
6.8075e-11 5.8923e-11 5.9527e-11 6.2708e-11 6.3117e-11 5.8096e-11 7.8673e-11 4.33e-11 6.8128e-11 3.8198e-11 4.8462e-11 5.5356e-11 5.1545e-11 4.4732e-11 4.8311e-11 4.4212e-11 4.2644e-11 5.2801e-11 3.0629e-11 4.2434e-11 2.369e-11 3.0735e-11 3.7618e-11 5.4822e-11 3.67e-11 2.5659e-11 2.9205e-11 3.1669e-11 2.2123e-11 3.3389e-11 2.737e-11 1.396e-11 1.4477e-11 2.3256e-11 9.3891e-12 2.0869e-11 9.981e-12 8.6801e-12 1.2127e-11 4.6096e-12 1.6609e-11 7.1895e-12 1.1831e-11 2.1534e-12 9.2593e-12 8.9144e-12 1.1332e-11 7.9723e-12 3.3026e-12 6.0871e-12 1.2596e-11 1.5524e-12 3.2335e-12 2.7102e-12 2.6063e-12 -2.5211e-12 3.1762e-12 -3.7449e-12 -1.0655e-11 1.9562e-12 -9.0418e-13 2.062e-12 -4.9238e-12 -5.6146e-12 -8.7965e-13 -5.4998e-12 -2.9781e-12 1.7135e-12 2.3963e-13 -1.7515e-12 -2.2345e-12 2.2153e-13 -6.8284e-13 -2.4992e-12 -3.4937e-12 4.1424e-12 -2.9999e-12 -2.676e-12 -2.2641e-14 -5.8499e-12 -2.9018e-12 2.0942e-13 4.8158e-13 7.3266e-13 1.2098e-13 -5.3917e-12 -5.2843e-12 -2.3057e-12 -1.6999e-12 -2.3771e-12 -8.3549e-13 -1.5752e-12 -9.5831e-14 -7.2785e-13 8.3139e-13 -4.9715e-13 1.2065e-12 1.7675e-12 -4.0812e-13 -7.8995e-13 2.0376e-12 -3.481e-13 1.2163e-12 -1.7888e-13 -1.1452e-12 2.6361e-13 1.2393e-12 1.4423e-12 -3.1847e-13 2.4098e-12 -7.0841e-13 1.2524e-12 4.4642e-13 3.1624e-13 5.2857e-13 -5.1103e-15 2.1049e-13 1.49e-13 8.6709e-15 -1.4335e-13 -6.778e-14
6.2715e-11 5.3485e-11 5.5718e-11 5.5317e-11 5.0228e-11 5.602e-11 7.2326e-11 4.08e-11 5.4034e-11 3.8518e-11 4.5187e-11 4.9587e-11 4.9959e-11 4.0494e-11 4.2062e-11 4.1086e-11 4.0809e-11 4.2981e-11 2.9386e-11 4.049e-11 2.6097e-11 3.1259e-11 3.8965e-11 3.67e-11 4.8955e-11 2.8883e-11 2.8499e-11 3.1978e-11 2.4215e-11 3.1707e-11 2.2282e-11 1.1603e-11 1.1499e-11 2.4594e-11 9.1415e-12 1.143e-11 8.9501e-12 6.5955e-12 1.5397e-11 9.3822e-12 1.2233e-11 6.8267e-12 1.1842e-11 1.4912e-12 5.656e-12 1.2972e-11 6.773e-12 9.1528e-14 6.2658e-12 6.8724e-12 6.277e-12 -1.5792e-14 4.3922e-12 1.4767e-13 -2.2995e-12 -7.72e-13 6.4263e-12 -4.8516e-12 -7.5043e-12 -7.4636e-13 -8.1248e-13 5.9865e-13 -1.4209e-12 -4.1761e-12 4.1842e-13 -3.2554e-12 -1.2353e-12 -3.1561e-12 -2.868e-12 -1.2897e-12 -2.4435e-12 -1.5481e-12 -3.3925e-12 -4.5073e-12 -2.1138e-12 -5.307e-13 -1.8524e-12 -5.1602e-13 4.2781e-12 -2.9947e-12 -2.7706e-12 -6.3942e-13 -5.3459e-13 -9.4563e-13 -1.8993e-12 -2.1852e-12 -4.1027e-12 -1.397e-12 -5.0268e-13 1.3437e-13 -1.2707e-12 -3.0546e-13 7.2323e-13 -1.3423e-12 1.4482e-12 -7.9818e-13 -8.8889e-13 1.2679e-12 -6.3258e-14 1.5623e-12 9.5135e-13 1.0046e-12 4.7813e-13 -3.0541e-12 -1.3024e-12 -3.6571e-13 2.0089e-12 5.2774e-13 -6.3166e-13 7.4337e-13 8.1648e-13 8.1987e-13 1.71e-13 8.2911e-14 4.4962e-13 -1.9474e-15 1.4197e-13 1.0429e-13 -2.2749e-14 -1.2474e-13 -5.323e-14
4.6993e-11 4.5855e-11 4.4833e-11 4.8498e-11 4.4285e-11 4.4021e-11 5.0625e-11 3.3787e-11 4.7245e-11 3.0015e-11 3.5705e-11 4.0554e-11 4.1338e-11 3.5683e-11 3.5555e-11 3.6462e-11 3.3865e-11 3.3528e-11 2.7646e-11 3.2308e-11 1.8043e-11 2.6293e-11 3.2653e-11 2.5659e-11 2.8883e-11 3.5837e-11 2.004e-11 2.7112e-11 1.4724e-11 2.7565e-11 1.5639e-11 6.8785e-12 1.5415e-11 1.8893e-11 1.0114e-11 9.2993e-12 9.5216e-12 1.1288e-11 1.5073e-11 1.0771e-11 1.0713e-11 8.6168e-12 1.0746e-11 -3.0379e-13 2.9799e-12 7.5038e-12 1.577e-12 -2.6794e-13 1.0744e-12 4.2451e-12 8.4441e-12 -3.4025e-12 2.6503e-12 3.4456e-13 -1.6266e-12 -3.6444e-12 2.2819e-12 -5.6649e-12 -6.8849e-12 1.6566e-12 -7.3206e-13 3.036e-12 -3.4553e-12 -1.6673e-12 -1.0197e-12 -1.7198e-12 -4.0553e-12 -4.2092e-12 -4.6852e-13 -4.9214e-12 1.07e-12 -2.8851e-12 -2.2227e-12 -4.5936e-12 -3.2525e-12 6.6249e-13 -6.0594e-13 -1.1506e-12 2.8811e-12 -3.5118e-12 -2.0852e-12 2.379e-12 -2.8076e-12 1.1467e-12 -2.7759e-12 -2.247e-12 -6.3552e-12 -1.2212e-12 1.1016e-12 -1.0504e-12 2.7687e-13 6.0307e-13 5.0273e-12 -8.2321e-13 1.8258e-12 -1.1774e-12 -8.8324e-13 1.3382e-13 -2.0296e-12 1.3138e-12 2.0695e-13 1.4462e-12 1.2194e-12 -1.2891e-12 -3.9493e-13 6.704e-13 2.1537e-12 4.4983e-13 3.8828e-13 8.0305e-14 -2.0409e-13 9.1448e-13 -1.6747e-13 2.2845e-13 1.5508e-13 -4.6208e-14 2.0713e-13 7.8128e-14 -8.5977e-14 -5.0765e-14 -5.9885e-14
5.161e-11 4.3488e-11 4.6043e-11 4.6116e-11 3.7067e-11 3.9233e-11 5.1383e-11 3.0747e-11 4.4404e-11 2.8828e-11 3.4129e-11 3.764e-11 3.5946e-11 3.4788e-11 3.3608e-11 3.0437e-11 3.1165e-11 3.5178e-11 2.2932e-11 2.8628e-11 1.8941e-11 2.4009e-11 2.4887e-11 2.9205e-11 2.8499e-11 2.004e-11 3.4132e-11 2.7091e-11 2.4989e-11 1.9225e-11 1.956e-11 1.2364e-11 9.6819e-12 1.7259e-11 5.369e-12 1.4854e-11 5.3678e-12 9.3949e-12 9.9273e-12 1.6564e-12 9.1135e-12 3.1647e-12 1.1251e-11 3.0391e-12 3.7702e-12 6.7782e-12 8.9314e-12 -1.7885e-12 -1.6662e-13 6.3835e-12 5.3395e-12 -3.1827e-12 1.1256e-12 -1.4236e-12 8.4645e-13 -1.8424e-12 3.7102e-12 -4.1085e-12 -1.0165e-11 8.6947e-13 -4.1938e-14 4.6703e-12 -3.7584e-12 -1.9263e-12 -1.1743e-12 -8.0054e-13 -4.097e-13 -7.1019e-13 -2.6926e-13 -3.8864e-13 -1.9624e-13 -1.6268e-12 -4.426e-12 -2.761e-12 -1.6056e-12 2.3931e-12 1.6628e-12 -2.0097e-12 1.3683e-12 -3.6138e-12 -1.535e-12 -3.2812e-12 -2.2829e-12 -1.1379e-12 4.5054e-13 -2.2201e-12 -2.1057e-12 -9.3489e-13 1.1092e-13 -3.2839e-13 -1.4585e-12 2.6665e-13 -8.7835e-13 -5.5993e-13 7.1847e-13 -1.1882e-12 -8.7543e-14 2.7975e-12 -8.3865e-13 4.3749e-15 2.7785e-12 -5.2938e-13 6.7273e-13 -7.408e-13 -1.1371e-12 4.429e-13 5.9381e-13 9.941e-13 2.2396e-13 1.0892e-12 -3.5234e-13 5.6426e-13 5.2156e-13 1.1646e-13 2.5792e-13 -6.1044e-14 2.5714e-14 6.3327e-14 3.3877e-15 -3.7265e-14 -1.1405e-13
5.856e-11 5.019e-11 5.5039e-11 4.971e-11 4.9515e-11 4.8558e-11 6.3406e-11 3.5054e-11 5.1574e-11 3.4144e-11 3.9668e-11 4.0362e-11 4.2084e-11 4.1328e-11 3.6161e-11 3.9215e-11 3.5491e-11 3.9332e-11 3.1261e-11 3.8165e-11 1.9929e-11 2.8175e-11 3.2795e-11 3.1669e-11 3.1978e-11 2.7112e-11 2.7091e-11 5.0006e-11 2.5174e-11 2.8227e-11 2.0762e-11 9.5366e-12 2.0155e-11 1.6887e-11 6.5522e-12 1.6722e-11 5.7781e-12 1.3302e-11 1.6193e-11 8.132e-12 7.8214e-12 6.3331e-12 1.4249e-11 4.999e-12 2.3078e-12 6.5659e-12 6.8136e-12 -2.9483e-13 3.8419e-12 5.6973e-12 1.0425e-11 1.7861e-12 7.6532e-12 -4.8953e-12 2.7458e-12 -1.7728e-12 5.3828e-12 -3.6517e-12 -7.6519e-12 5.7371e-12 2.7751e-12 7.0806e-12 -1.3844e-12 -1.2043e-12 -9.6343e-13 7.8467e-13 -1.7185e-12 -1.0229e-12 -4.7319e-13 -1.9289e-12 4.807e-13 -6.0905e-12 -7.261e-12 -7.4083e-12 4.7732e-13 3.2548e-12 3.2143e-12 -2.8438e-12 1.5814e-12 -1.7166e-12 -1.5903e-12 -2.3555e-12 -3.9489e-12 1.3142e-13 9.6047e-14 -1.4052e-12 -5.2531e-12 -3.2475e-12 1.4256e-12 -4.2978e-14 -7.1146e-13 6.9048e-13 -1.172e-13 -5.5933e-13 1.9253e-12 -4.1379e-15 -6.0838e-13 1.8704e-12 -1.9478e-12 2.0823e-13 2.321e-12 2.0138e-12 -7.8782e-13 -1.3419e-12 -2.2527e-14 -5.5396e-14 2.0879e-12 4.4286e-13 -3.8014e-13 6.5822e-13 4.2202e-13 5.3484e-13 -1.7467e-13 -1.2329e-13 2.2645e-13 -3.7319e-14 1.0844e-13 1.335e-13 -9.5252e-14 -4.5985e-14 3.144e-14
4.5125e-11 3.4863e-11 4.0109e-11 3.4833e-11 3.3977e-11 3.5759e-11 4.3552e-11 2.3749e-11 4.1603e-11 2.2926e-11 3.2317e-11 3.6954e-11 3.1097e-11 2.9739e-11 2.7547e-11 2.076e-11 2.4428e-11 2.8353e-11 2.0847e-11 2.6072e-11 1.7342e-11 2.2718e-11 2.2091e-11 2.2123e-11 2.4215e-11 1.4724e-11 2.4989e-11 2.5174e-11 3.3773e-11 1.2914e-11 1.4473e-11 7.5116e-12 8.2158e-12 1.6837e-11 5.9955e-12 1.1221e-11 8.6735e-12 4.5474e-12 4.2009e-12 -1.2378e-12 6.4023e-12 7.8373e-12 9.7806e-12 2.1632e-13 3.4389e-13 6.5414e-12 2.8454e-12 -6.1085e-12 3.7088e-12 6.4478e-12 4.4403e-12 -2.8216e-12 1.4266e-12 1.1422e-12 7.5051e-13 4.2542e-14 1.6108e-12 -2.5433e-12 -5.0282e-12 1.1614e-12 4.8966e-12 -2.9544e-12 -1.7804e-12 -2.7307e-12 -1.7008e-12 -1.8021e-12 -3.895e-12 6.3542e-13 1.6205e-13 2.2563e-12 1.6006e-12 -3.0222e-12 -5.6077e-12 -4.932e-12 -1.1372e-12 9.4636e-13 -1.4233e-12 -3.5662e-13 1.5684e-12 -2.884e-12 1.0978e-12 -1.8371e-12 -8.3188e-13 -3.2416e-13 1.9411e-12 1.5588e-13 1.0107e-13 -2.0061e-12 7.2698e-13 4.5238e-13 -6.8037e-13 -2.4312e-12 -1.4662e-12 -6.5186e-13 1.3055e-12 1.268e-13 3.2988e-14 2.0365e-12 -6.5556e-13 -8.1071e-13 1.5528e-12 -7.1781e-13 -6.3059e-13 -6.1487e-13 -9.5711e-13 1.1381e-13 -2.8074e-13 -2.9146e-13 -1.5084e-12 6.1005e-13 -1.829e-13 7.6713e-13 2.9949e-13 -2.2436e-13 2.1077e-13 -1.0721e-13 2.7688e-14 4.2393e-14 -2.5451e-14 -5.5086e-14 -4.1515e-14
