1.3912e-10 8.1968e-11 9.4962e-11 8.7337e-11 6.5464e-11 7.0907e-11 8.9061e-11 4.3721e-11 7.7096e-11 3.6494e-11 6.4588e-11 4.5325e-11 3.3289e-11 4.2039e-11 3.5829e-11 3.1359e-11 2.9978e-11 1.7609e-11 -3.375e-12 1.5796e-11 7.0777e-12 8.9266e-12 2.6631e-13 8.1608e-12 6.0933e-12 -4.5071e-13 -4.2736e-12 5.6826e-12 -1.3668e-11 -2.3008e-12 -1.1647e-11 -7.5356e-12 -6.583e-12 -9.4961e-12 -1.6827e-11 -6.092e-13 -1.3465e-11 -1.6636e-11 -5.3769e-12 6.4958e-12 -1.1901e-11 -2.0558e-11 -1.9111e-11 -5.4267e-12 -1.4128e-11 -1.6103e-11 -9.5319e-12 -2.0525e-11 -7.4181e-13 -3.5921e-12 -1.0178e-11 -4.4409e-12 -9.9669e-12 -3.7276e-12 -6.7645e-12 -3.6357e-12 -5.584e-12 -3.1628e-12 -5.7572e-13 -5.1485e-13 6.832e-12 -3.6181e-12 -3.4423e-12 1.0221e-12 4.0174e-12 -2.171e-12 3.8548e-12 -3.2547e-12 -5.0509e-12 -4.2465e-13 -5.8508e-12 -2.5943e-12 -3.5622e-13 -5.0005e-12 -1.6128e-12 -5.346e-12 3.55e-12 -2.97e-12 2.5962e-12 -3.8125e-13 3.4031e-12 -1.1196e-12 2.1058e-12 -4.3265e-12 1.3671e-12 3.6522e-12 2.1648e-12 2.2334e-12 5.5161e-12 1.0478e-12 -7.6086e-14 2.7265e-13 -1.2171e-13 3.8936e-13 1.4285e-13 4.3921e-13 -8.3076e-15 7.0086e-14 -1.706e-13 1.4232e-13
8.1968e-11 8.2993e-11 7.793e-11 6.7021e-11 5.0615e-11 4.9375e-11 6.505e-11 3.1459e-11 6.9268e-11 2.5805e-11 4.9798e-11 2.6029e-11 2.3694e-11 3.8445e-11 3.3534e-11 2.5461e-11 2.1996e-11 1.6201e-11 -3.768e-12 1.2492e-11 7.7544e-12 1.1661e-11 -5.1079e-12 9.0592e-12 8.1703e-12 -2.9429e-12 5.6143e-13 4.9599e-12 -1.006e-11 -2.7342e-12 -3.7626e-12 -4.0445e-12 -1.4025e-12 -1.3339e-11 -9.7057e-12 3.7301e-12 -6.1069e-12 -4.9348e-12 -8.1266e-12 3.6826e-12 -1.034e-11 -1.7017e-11 -1.5584e-11 -4.6712e-12 -1.2514e-11 -1.2489e-11 -6.7774e-12 -1.3357e-11 -6.3588e-12 -9.5312e-12 -5.6912e-12 -2.493e-12 -6.3881e-12 -3.5987e-12 -4.4475e-12 -2.4441e-12 -7.1832e-12 -3.527e-12 3.3266e-12 -1.7849e-12 2.9312e-12 1.7524e-12 1.6485e-12 -6.8763e-12 5.8349e-13 -2.8478e-12 3.962e-13 -3.3565e-13 -5.4333e-12 -1.4984e-12 -4.5812e-12 1.5417e-12 -2.148e-12 -2.7214e-12 -1.4254e-12 -1.2729e-12 5.5216e-12 5.2009e-13 1.8158e-12 1.1741e-12 2.5535e-12 -3.368e-12 -3.7939e-13 -3.7591e-12 6.9321e-13 5.832e-13 2.0895e-12 1.443e-12 3.5841e-12 1.0532e-12 3.6308e-13 1.1108e-12 -3.9875e-13 1.4677e-13 4.0869e-13 2.1037e-13 4.0308e-15 4.1122e-14 -8.7228e-14 7.4469e-14
9.4962e-11 7.793e-11 1.0111e-10 7.0635e-11 5.5006e-11 4.7539e-11 7.8958e-11 4.3562e-11 7.4522e-11 3.155e-11 5.1495e-11 3.7099e-11 2.8097e-11 3.9472e-11 3.794e-11 2.5095e-11 2.5271e-11 1.8811e-11 -8.5505e-12 1.465e-11 1.2239e-11 1.3391e-11 -3.5224e-12 3.9165e-12 9.6997e-12 -3.8329e-12 -2.8067e-12 3.5277e-12 -9.3901e-12 -3.3408e-12 -6.4291e-12 1.0352e-12 -2.6462e-12 -1.4887e-11 -7.4344e-12 4.6613e-13 -9.5842e-12 -4.6376e-12 -2.2309e-12 3.3523e-12 -1.2466e-11 -1.8308e-11 -1.3576e-11 -4.4968e-12 -8.6769e-12 -1.8157e-11 -9.8539e-12 -1.4503e-11 -5.9081e-12 -8.3883e-12 -8.8014e-12 -6.9158e-12 -8.4183e-12 -6.2314e-12 -4.539e-12 -8.0031e-12 -5.2652e-12 -8.1149e-13 2.53e-12 1.4167e-12 6.5215e-12 -4.0363e-13 -1.8203e-12 -5.132e-12 9.8084e-14 -1.0924e-12 2.2191e-12 4.1949e-13 -2.8687e-12 -8.5014e-13 -4.6038e-12 4.3097e-13 -2.6759e-12 -3.8993e-12 -2.2944e-12 -2.4691e-12 5.176e-12 -1.5491e-12 2.347e-12 -1.0349e-12 2.7042e-12 -1.5067e-12 8.7804e-13 -2.7973e-12 9.7683e-13 2.637e-12 2.8468e-12 1.4715e-12 3.8414e-12 1.8144e-12 -2.6859e-13 1.4172e-13 -1.0604e-13 5.4772e-14 2.4453e-13 3.102e-13 -2.5207e-14 2.1458e-14 -6.0514e-14 1.7421e-13
8.7337e-11 6.7021e-11 7.0635e-11 8.5265e-11 4.9205e-11 5.0426e-11 6.5043e-11 3.3685e-11 6.9009e-11 2.8222e-11 5.1849e-11 3.1259e-11 2.9829e-11 2.6116e-11 2.8411e-11 2.4067e-11 2.1679e-11 1.2988e-11 -1.5523e-12 8.7263e-12 6.7026e-12 7.5315e-12 -1.1523e-11 3.1313e-12 4.756e-12 -5.5319e-12 4.7117e-12 6.8787e-12 -1.6376e-11 -1.7129e-12 -2.7495e-12 2.8561e-13 -2.0922e-12 -1.2609e-11 -1.1056e-11 -1.8757e-12 -7.0283e-12 -6.3418e-12 -4.5099e-12 5.7017e-12 -1.0382e-11 -1.852e-11 -1.466e-11 -5.3841e-12 -1.0588e-11 -1.4174e-11 -7.4215e-12 -1.3485e-11 -7.6906e-12 -9.7019e-12 -1.3988e-12 -5.2382e-12 -8.0757e-12 -4.0216e-12 -5.9987e-12 -4.6187e-12 -5.5024e-12 -1.8572e-12 6.3467e-13 -3.1326e-12 3.9902e-12 1.6017e-12 -1.7193e-12 -2.4528e-12 2.0825e-12 -1.5485e-12 -2.5069e-13 1.1357e-14 -3.7049e-12 -3.1161e-12 -1.1886e-12 -2.012e-13 1.8041e-13 -4.8101e-12 -1.623e-12 -2.417e-12 7.5169e-12 -2.3866e-12 4.2719e-12 9.8571e-13 2.9299e-12 -2.1893e-12 1.1575e-13 -2.8271e-12 2.4328e-12 4.5114e-13 2.1585e-12 1.2288e-12 3.9578e-12 2.5422e-12 -9.2449e-13 7.0898e-13 -3.1206e-13 -2.2297e-14 -6.0795e-14 4.1153e-13 4.2132e-14 3.6617e-14 -6.7993e-14 1.262e-13
6.5464e-11 5.0615e-11 5.5006e-11 4.9205e-11 5.2288e-11 3.7289e-11 5.323e-11 3.0461e-11 4.5507e-11 2.0439e-11 3.852e-11 2.3373e-11 2.0657e-11 2.2984e-11 1.8972e-11 2.069e-11 1.4595e-11 5.7709e-12 1.4295e-12 1.1837e-11 6.9137e-12 6.8591e-12 -1.2813e-12 2.146e-12 5.6694e-12 -2.0602e-12 2.3512e-12 -6.4739e-13 -7.8879e-12 -3.7702e-12 -7.7606e-12 -1.9282e-13 -4.0812e-12 -1.252e-11 -1.5311e-11 -2.1855e-12 -9.604e-12 -2.658e-12 -5.7095e-12 5.4054e-12 -5.7911e-12 -1.0217e-11 -1.1603e-11 -2.1465e-12 -6.7274e-12 -1.1373e-11 -4.1087e-12 -7.6027e-12 -5.9691e-12 -4.1221e-12 -3.1614e-12 -2.1802e-12 -7.2549e-12 -3.8321e-12 -3.7572e-12 -8.1166e-13 -5.3344e-12 1.0355e-13 1.4867e-12 -2.7369e-12 2.5744e-12 -4.2349e-12 -3.7472e-12 -1.3082e-13 2.8582e-12 7.5292e-13 2.4608e-12 -1.9261e-12 -3.395e-12 -2.3785e-13 -3.4009e-12 3.9873e-13 -2.7965e-12 -2.9552e-12 -3.103e-12 -2.747e-12 1.9182e-12 -1.368e-12 4.146e-13 5.148e-13 7.969e-15 -2.4851e-12 1.5154e-12 -2.5051e-12 4.5905e-13 9.8588e-13 1.7784e-12 2.2807e-12 2.5328e-12 4.978e-13 5.456e-15 5.9853e-13 -1.8673e-13 2.3639e-13 1.1182e-13 7.8075e-14 4.2055e-14 5.1366e-14 -1.3992e-13 1.1284e-13
7.0907e-11 4.9375e-11 4.7539e-11 5.0426e-11 3.7289e-11 5.7864e-11 5.7717e-11 2.8911e-11 4.5374e-11 1.9557e-11 3.5203e-11 2.069e-11 2.5686e-11 2.5467e-11 2.0669e-11 1.8306e-11 1.5215e-11 1.2506e-11 -2.7597e-12 9.8045e-12 5.288e-12 3.6755e-12 -2.4388e-12 7.1373e-12 3.3974e-12 -6.1976e-13 -6.0829e-12 6.5133e-12 -1.0557e-11 -4.9128e-12 -5.7349e-12 -1.8142e-12 -5.896e-12 -1.4499e-11 -8.1768e-12 1.0313e-12 -1.0908e-11 -8.4991e-12 -9.4117e-12 4.7548e-12 -4.6225e-12 -1.5884e-11 -1.0448e-11 -3.5956e-12 -9.6498e-12 -9.1155e-12 -4.6418e-12 -1.2997e-11 -5.0166e-12 -3.8467e-12 -2.3567e-12 -5.0104e-12 -1.0334e-11 -4.9491e-12 -1.4586e-12 2.6372e-12 -4.0622e-12 2.5053e-12 1.081e-12 4.197e-13 3.4754e-12 1.3005e-12 1.9142e-14 -1.1685e-12 2.7962e-12 -5.1709e-13 -1.701e-12 -1.402e-13 -3.6544e-12 -2.1108e-13 1.308e-13 9.1939e-13 -5.5151e-13 -3.4876e-12 -2.4194e-12 -3.2044e-12 8.9107e-13 -5.2684e-13 1.5359e-12 4.2729e-13 1.3207e-12 -1.122e-12 1.2156e-12 -2.922e-12 -1.4128e-13 2.4404e-12 1.3247e-12 2.0354e-12 2.4512e-12 -2.4761e-14 -8.4452e-13 2.6321e-13 -1.0742e-13 4.6384e-13 1.9449e-13 2.4455e-13 4.3851e-14 4.7136e-14 -1.1504e-13 -1.5959e-14
8.9061e-11 6.505e-11 7.8958e-11 6.5043e-11 5.323e-11 5.7717e-11 1.0573e-10 4.0591e-11 7.3819e-11 2.9306e-11 5.0251e-11 3.4625e-11 3.0218e-11 3.2802e-11 2.9333e-11 2.0103e-11 2.4112e-11 1.7244e-11 -7.7324e-12 2.2916e-11 1.086e-11 7.4759e-12 -3.9164e-12 8.3456e-12 8.8614e-13 -6.6931e-12 -4.4643e-13 2.1222e-12 -1.5009e-11 -5.7937e-12 -6.7898e-12 -4.197e-12 -7.1704e-12 -1.9296e-11 -1.3e-11 -6.9565e-12 -1.7067e-11 -1.2574e-11 -1.0423e-11 3.14e-13 -7.5125e-12 -2.3236e-11 -2.1001e-11 -5.4166e-12 -1.2069e-11 -1.4473e-11 -1.1184e-11 -1.7324e-11 -5.7622e-12 -1.0129e-11 -4.3235e-12 -1.0447e-11 -1.3449e-11 -8.0171e-12 -6.5862e-12 -2.6136e-12 -1.1378e-12 1.8902e-12 1.4221e-12 2.3411e-13 7.5415e-12 2.8637e-13 -3.8656e-12 -1.1589e-12 4.4019e-12 1.2497e-12 -2.8495e-12 7.8663e-13 -3.7299e-12 3.2529e-13 -1.4206e-12 1.9914e-12 -1.924e-12 -3.0534e-12 -2.644e-12 -6.121e-12 1.675e-12 -1.4764e-12 6.2193e-13 -1.6734e-12 2.9426e-12 -1.7935e-12 2.6822e-12 -1.0367e-12 2.0259e-12 3.9514e-12 2.0556e-12 1.0294e-12 3.4688e-12 1.1485e-12 -7.6402e-13 6.2615e-13 1.1122e-13 2.0167e-13 5.0269e-13 2.4309e-13 1.3477e-13 6.0533e-14 -2.3131e-13 1.6204e-13
4.3721e-11 3.1459e-11 4.3562e-11 3.3685e-11 3.0461e-11 2.8911e-11 4.0591e-11 3.5584e-11 3.2098e-11 1.5307e-11 2.0164e-11 1.8802e-11 1.656e-11 1.7501e-11 1.8365e-11 1.3394e-11 1.0528e-11 6.6457e-12 -1.4186e-12 5.5318e-12 4.2888e-12 8.2933e-12 -3.2858e-12 -1.4685e-12 3.5654e-12 -1.4526e-12 2.0714e-14 7.1019e-14 -2.3724e-12 -3.2394e-12 -6.1687e-12 4.131e-12 -3.1898e-12 -6.7377e-12 -1.0314e-11 -2.2395e-12 -7.0403e-12 -4.1615e-12 -3.5965e-13 2.9195e-13 -2.568e-12 -9.8978e-12 -5.9144e-12 -2.3483e-12 -3.7571e-12 -1.1502e-11 -6.3961e-12 -6.2701e-12 -2.9257e-12 -1.7807e-12 -1.3457e-12 -5.0145e-12 -5.8838e-12 -5.5137e-12 -2.9859e-12 -2.8548e-12 -3.9359e-12 3.5441e-12 1.3162e-12 -1.0848e-12 5.1657e-12 -6.9199e-13 -3.63e-12 -1.8918e-12 1.2226e-12 5.6325e-13 -3.0781e-13 2.0629e-12 -8.5194e-13 -5.8115e-13 1.0345e-13 -1.7068e-13 -1.3476e-12 -2.3295e-12 -2.2707e-12 -2.2256e-12 6.7863e-13 -3.3455e-13 1.9221e-12 -2.3115e-12 2.0506e-12 7.897e-14 3.8787e-13 -1.7164e-12 1.2186e-13 1.2411e-12 1.3938e-12 1.8848e-12 1.4626e-12 1.0942e-12 -1.3049e-12 1.0468e-13 -1.9781e-13 -5.8855e-15 8.0231e-14 2.3572e-13 3.7637e-14 4.5763e-14 -2.1239e-14 8.6009e-14
7.7096e-11 6.9268e-11 7.4522e-11 6.9009e-11 4.5507e-11 4.5374e-11 7.3819e-11 3.2098e-11 8.7799e-11 3.0941e-11 4.5789e-11 2.5653e-11 2.3529e-11 3.096e-11 2.9294e-11 1.9331e-11 1.7501e-11 1.3673e-11 3.3953e-14 1.5541e-11 1.0567e-11 1.0681e-11 -1.2361e-11 3.3684e-12 3.086e-12 -8.9431e-12 3.4738e-13 5.8194e-12 -9.7223e-12 -6.194e-12 -6.8316e-12 -6.6728e-12 2.1601e-12 -1.8691e-11 -7.9767e-12 9.58e-13 -4.3372e-12 -9.3953e-12 -6.3123e-12 9.5052e-12 -6.4782e-12 -2.2174e-11 -1.7344e-11 -5.909e-12 -1.1508e-11 -1.0375e-11 -1.1164e-11 -1.6946e-11 -6.3205e-12 -9.9081e-12 -3.1455e-12 -5.828e-12 -6.3543e-12 -7.3387e-12 -7.3354e-12 -4.9439e-12 -4.5948e-12 1.2016e-12 1.823e-12 7.8748e-13 5.0503e-12 2.692e-12 2.806e-13 -4.0065e-12 1.5325e-12 -2.5375e-13 -1.534e-12 1.3403e-12 -2.3061e-12 2.6433e-13 -5.1368e-13 2.6337e-12 -1.9784e-13 -4.0713e-12 -4.2527e-13 -1.1206e-12 4.7363e-12 -3.0405e-12 1.5956e-13 2.3189e-13 1.703e-12 -1.2528e-12 -2.6128e-14 -2.9889e-12 1.846e-12 1.1559e-12 1.2335e-12 1.6132e-12 3.7793e-12 1.3259e-12 -8.1503e-13 6.1279e-13 -5.9072e-13 3.0622e-13 1.6929e-13 2.7545e-13 5.1364e-14 -6.8146e-14 -2.2224e-15 1.3044e-13
3.6494e-11 2.5805e-11 3.155e-11 2.8222e-11 2.0439e-11 1.9557e-11 2.9306e-11 1.5307e-11 3.0941e-11 2.5708e-11 1.9322e-11 1.3497e-11 1.9545e-11 1.4433e-11 1.3341e-11 9.7756e-12 1.0459e-11 7.2873e-12 -1.8355e-12 4.3035e-12 2.6368e-12 7.0975e-12 1.2955e-12 -2.56e-12 -1.811e-12 -2.3719e-12 3.9381e-13 2.7403e-12 -3.5637e-12 -4.1062e-12 -2.636e-12 -9.3496e-13 2.8502e-12 -3.9982e-12 -5.1311e-12 3.008e-12 -2.6647e-12 -2.8543e-12 2.1876e-12 1.7864e-12 -4.2883e-12 -9.632e-12 -6.5775e-12 -4.8545e-13 -4.7095e-12 -4.8732e-12 -2.3135e-13 -6.9144e-12 2.9732e-13 -3.546e-12 -1.6081e-12 -2.5842e-12 -3.4767e-12 1.9426e-12 -3.9692e-12 -2.1831e-12 -1.4504e-12 -1.0825e-12 -5.1388e-13 2.0763e-12 5.6736e-12 -1.1872e-12 1.8625e-12 -1.0166e-12 1.4771e-12 -1.916e-12 -1.9266e-13 -1.4169e-12 -1.6287e-12 7.6615e-13 3.0444e-13 -9.2149e-13 2.0998e-12 -4.4577e-13 -1.8555e-12 -1.9366e-12 1.4594e-13 -2.9952e-12 2.3563e-13 8.2448e-13 1.3815e-12 -2.0717e-13 -2.0636e-13 -3.1973e-12 1.2646e-12 2.6731e-12 7.2538e-13 1.0755e-12 1.6688e-12 8.9724e-13 -1.2682e-13 3.257e-13 -4.0558e-13 2.8589e-13 -1.4139e-13 3.0157e-14 1.7164e-14 2.8609e-14 -5.4773e-14 8.3939e-14
6.4588e-11 4.9798e-11 5.1495e-11 5.1849e-11 3.852e-11 3.5203e-11 5.0251e-11 2.0164e-11 4.5789e-11 1.9322e-11 5.5964e-11 2.2612e-11 2.069e-11 2.2208e-11 2.0816e-11 2.2633e-11 1.592e-11 8.6007e-12 1.0959e-12 1.2105e-11 8.3768e-12 4.1971e-12 -4.5709e-12 2.8032e-12 6.6997e-12 -9.9048e-14 -1.2617e-12 7.6517e-12 -8.8158e-12 -1.0172e-12 1.493e-12 -5.007e-12 -2.9533e-12 -1.1215e-11 -5.6627e-12 -1.0615e-12 -4.6056e-12 -5.2595e-12 -7.2392e-12 5.8519e-13 -1.1652e-11 -7.1867e-12 -1.0599e-11 -3.4252e-12 -5.5733e-12 -6.5359e-12 -8.3554e-13 -7.5182e-12 -5.19e-12 -5.2478e-12 -1.2806e-13 -3.4915e-12 -1.4621e-12 -4.4757e-12 -5.6893e-12 1.7377e-13 -5.1875e-13 -2.047e-12 -2.8348e-12 -1.9202e-12 -5.5709e-13 1.3447e-13 1.4059e-12 -2.3239e-12 2.9038e-12 -2.9077e-13 2.0065e-12 -5.3385e-13 -5.1601e-12 -1.6864e-12 -2.0204e-12 1.6614e-12 -7.6123e-13 -2.4918e-12 1.3477e-12 -1.2548e-12 5.3525e-12 -2.0785e-12 1.3516e-12 1.8862e-13 1.6256e-12 -7.4395e-13 1.6965e-12 -2.2585e-12 2.1519e-13 6.5687e-13 1.2534e-12 9.7826e-13 3.4349e-12 7.9338e-13 5.4667e-13 7.2014e-13 9.2594e-14 9.3506e-14 -1.3302e-13 2.4518e-13 -1.378e-14 -1.1855e-14 -1.7445e-13 1.0846e-13
4.5325e-11 2.6029e-11 3.7099e-11 3.1259e-11 2.3373e-11 2.069e-11 3.4625e-11 1.8802e-11 2.5653e-11 1.3497e-11 2.2612e-11 3.3645e-11 1.1442e-11 1.2372e-11 1.2779e-11 1.0765e-11 1.5006e-11 8.9142e-12 -3.6908e-12 8.4864e-12 2.932e-12 6.827e-12 -3.7893e-12 8.1373e-13 -2.7034e-12 -2.6843e-12 -9.531e-13 -5.8687e-12 -6.2766e-12 3.4839e-13 -3.5199e-12 -9.9372e-13 -1.3042e-13 -1.414e-12 -9.3404e-12 6.0354e-14 -8.9971e-12 -1.4192e-12 -2.9461e-13 -1.2289e-12 -8.3717e-12 -8.7187e-12 -7.6846e-12 -1.7465e-12 -5.504e-12 -4.3868e-12 -3.6373e-12 -5.7793e-12 -1.1613e-12 -1.5968e-12 -9.4398e-13 -2.2149e-12 -4.2754e-12 -5.0013e-12 -3.0664e-12 -4.737e-12 1.3034e-12 -1.6854e-12 -4.0698e-15 1.2679e-13 1.7168e-12 -2.9356e-12 1.6729e-12 1.1764e-13 -5.9264e-13 -9.663e-13 1.8301e-12 -2.6148e-12 -2.9954e-12 9.6382e-13 -3.6834e-12 1.5146e-13 6.1291e-13 -2.5894e-12 8.2642e-13 -3.1931e-12 -4.6285e-13 -1.0267e-12 1.3728e-12 -1.0982e-12 1.1484e-12 -2.9502e-13 8.7801e-13 -1.1646e-12 1.4891e-12 9.1577e-13 2.2132e-13 3.2271e-13 1.5649e-12 1.2581e-12 -5.9202e-13 1.1412e-13 -1.2732e-13 -1.5022e-13 -2.4202e-13 2.2285e-13 -2.1742e-15 8.001e-14 -6.6805e-14 7.2278e-14
3.3289e-11 2.3694e-11 2.8097e-11 2.9829e-11 2.0657e-11 2.5686e-11 3.0218e-11 1.656e-11 2.3529e-11 1.9545e-11 2.069e-11 1.1442e-11 3.638e-11 1.2676e-11 1.4624e-11 8.5274e-12 1.1355e-11 1.2505e-11 1.2911e-12 2.3135e-12 9.2889e-12 9.7009e-13 -1.294e-12 -2.3809e-12 -2.3992e-12 2.4295e-12 -5.6221e-12 2.7158e-12 -7.4945e-12 -3.4663e-12 -2.0497e-12 1.9095e-12 -3.8212e-12 -1.0393e-11 -6.5438e-12 1.2548e-12 -4.9056e-12 -5.4935e-12 -1.7783e-12 3.9187e-12 -4.7608e-12 -6.3182e-12 -4.1261e-12 -7.8251e-13 -5.1287e-12 -8.9996e-12 1.3326e-12 -7.4693e-12 -1.7758e-12 -3.9845e-12 1.1667e-12 -4.6903e-12 -4.7698e-12 -3.219e-12 -1.7614e-12 6.7785e-14 -5.6801e-12 1.3691e-12 9.6683e-13 1.709e-12 3.3446e-12 -1.4199e-12 2.4482e-13 -1.3717e-12 5.3826e-13 -1.9504e-12 1.0928e-13 -2.3869e-12 -2.4174e-12 -7.3985e-13 1.5453e-12 1.625e-13 1.0257e-12 1.8297e-13 -5.0859e-13 -2.3791e-12 1.0143e-12 -2.9561e-12 1.2509e-12 6.1778e-13 1.3998e-12 -3.9921e-13 1.5795e-12 -2.5915e-12 3.7548e-13 3.5272e-12 5.7995e-13 1.116e-12 6.553e-13 1.3319e-12 1.7723e-13 5.3079e-13 -3.8579e-13 2.5854e-13 -4.9358e-14 1.049e-13 6.4349e-14 6.7167e-14 -8.6787e-14 5.5088e-14
4.2039e-11 3.8445e-11 3.9472e-11 2.6116e-11 2.2984e-11 2.5467e-11 3.2802e-11 1.7501e-11 3.096e-11 1.4433e-11 2.2208e-11 1.2372e-11 1.2676e-11 3.1459e-11 1.7336e-11 9.2159e-12 1.4859e-11 1.3331e-11 -3.0566e-12 2.2745e-12 3.7785e-12 6.7946e-12 -9.7308e-13 3.2521e-12 -9.9928e-14 7.731e-13 -1.5348e-12 2.9611e-12 -3.8029e-12 -1.4793e-12 -7.3023e-14 -4.1255e-12 -1.8706e-12 -8.9159e-12 -1.5147e-12 3.8432e-12 -1.1715e-12 -3.9477e-12 -2.5095e-12 2.7499e-12 -6.0882e-12 -7.6542e-12 -8.0056e-12 -3.6476e-12 -7.037e-12 -3.8921e-12 -3.3188e-12 -7.0673e-12 9.3914e-13 -5.5811e-12 -5.3559e-12 -1.6576e-12 -2.5366e-12 -4.6392e-12 -3.2616e-12 -2.3092e-12 -3.0679e-12 -9.7494e-13 2.0316e-12 3.078e-13 2.728e-12 1.7275e-12 2.6726e-12 -3.0099e-12 9.4116e-13 -2.4368e-12 8.1867e-13 1.2946e-12 -1.7251e-12 -4.0749e-13 -2.21e-12 1.329e-12 5.5125e-13 -6.8904e-13 -8.0167e-13 -3.4953e-13 1.7738e-12 -3.7026e-13 8.2359e-13 9.2175e-13 3.9391e-13 -2.3878e-12 8.7449e-13 -2.0944e-12 -1.052e-13 7.2669e-13 6.0482e-13 1.47e-12 2.0871e-12 7.1973e-13 4.792e-13 8.7635e-13 -8.9583e-14 1.7595e-13 2.3967e-13 1.6443e-13 3.7787e-14 3.4483e-14 -7.8485e-14 4.1706e-14
3.5829e-11 3.3534e-11 3.794e-11 2.8411e-11 1.8972e-11 2.0669e-11 2.9333e-11 1.8365e-11 2.9294e-11 1.3341e-11 2.0816e-11 1.2779e-11 1.4624e-11 1.7336e-11 2.5891e-11 1.0531e-11 9.308e-12 8.176e-12 -2.9343e-12 1.3351e-12 2.214e-12 4.5132e-12 -4.5221e-12 9.1181e-13 1.1558e-12 -3.9917e-12 -3.9371e-12 2.2729e-12 -5.9909e-12 -1.3121e-13 -5.8109e-13 -2.427e-13 -1.8914e-12 -2.1085e-12 -4.006e-12 3.4524e-12 -2.6396e-12 -3.2017e-12 -9.1081e-13 9.2612e-13 -8.9634e-12 -6.9346e-12 -8.9182e-12 -2.0612e-12 -4.4493e-12 -1.009e-11 -3.8305e-12 -8.3615e-12 -2.5275e-12 -4.652e-12 -2.3127e-12 -4.331e-12 -2.4277e-12 -3.9945e-12 -4.028e-12 -2.3705e-12 -1.8644e-12 5.9862e-13 1.378e-12 1.4509e-12 2.5367e-12 1.5811e-12 -3.8889e-13 -3.7755e-12 -9.6312e-14 -1.3073e-12 8.727e-14 -3.1947e-13 -1.3152e-12 -1.7482e-12 1.5316e-13 7.6783e-13 -1.6572e-13 -1.3033e-12 2.0848e-13 -6.4932e-13 1.9445e-12 -5.6578e-13 8.5378e-13 -2.149e-12 1.6621e-12 -3.4162e-13 -6.9739e-14 -2.1626e-12 1.0628e-13 1.7408e-12 1.3784e-12 9.9291e-13 1.6232e-12 1.4386e-13 -7.0242e-13 1.0752e-14 -2.4839e-13 -6.781e-14 9.8324e-14 2.3775e-13 -1.1653e-14 5.2034e-14 -1.8106e-14 5.8739e-14
3.1359e-11 2.5461e-11 2.5095e-11 2.4067e-11 2.069e-11 1.8306e-11 2.0103e-11 1.3394e-11 1.9331e-11 9.7756e-12 2.2633e-11 1.0765e-11 8.5274e-12 9.2159e-12 1.0531e-11 2.4251e-11 3.4649e-12 4.9734e-12 1.4584e-12 3.5949e-12 2.6068e-12 3.4282e-12 2.138e-12 4.356e-12 5.3623e-12 -1.565e-12 -2.606e-12 3.2332e-12 -3.0387e-12 -3.6205e-12 -1.1832e-12 1.9163e-12 -1.7876e-12 -7.5633e-12 -6.8563e-12 4.2622e-13 -6.4746e-12 -2.7626e-12 -1.5564e-12 -4.5452e-13 -1.2847e-12 -3.21e-12 -5.5581e-12 -2.1708e-12 -4.6263e-12 -4.7088e-12 -5.4293e-13 -3.3407e-12 -4.7336e-12 -1.8753e-12 -3.6222e-12 -5.2052e-12 -1.232e-12 2.0917e-13 -2.4315e-12 2.2511e-13 -3.0954e-12 -7.9973e-13 1.7353e-12 8.4901e-13 1.3326e-12 -1.2313e-12 -2.8703e-13 -2.6635e-12 -1.0616e-13 1.1132e-12 1.3968e-12 1.0969e-12 -2.5832e-12 -7.9169e-13 -1.5139e-12 -8.9636e-13 9.5708e-13 -6.5738e-13 -5.5872e-13 -1.0507e-12 2.1417e-12 -4.0389e-13 1.1072e-12 -1.5757e-12 -2.3052e-13 8.4546e-15 1.422e-13 -3.4322e-12 1.7188e-13 -1.2925e-12 4.5291e-13 7.5824e-13 1.1353e-12 -1.0539e-12 1.1226e-13 -6.9834e-15 4.7979e-14 -2.2149e-13 8.6116e-14 1.2721e-13 -6.7962e-14 2.6033e-14 -6.4903e-14 4.9408e-14
2.9978e-11 2.1996e-11 2.5271e-11 2.1679e-11 1.4595e-11 1.5215e-11 2.4112e-11 1.0528e-11 1.7501e-11 1.0459e-11 1.592e-11 1.5006e-11 1.1355e-11 1.4859e-11 9.308e-12 3.4649e-12 2.7217e-11 6.6797e-12 -3.167e-12 3.7348e-12 4.1176e-12 1.0621e-12 -4.7137e-12 2.4162e-12 -2.1262e-12 1.1998e-12 1.3871e-12 2.4006e-12 -4.0847e-12 5.9962e-12 2.7769e-12 -6.5213e-13 -3.8556e-12 -3.7887e-12 -1.7044e-12 5.8087e-13 -9.727e-13 1.4343e-12 -9.9709e-13 3.401e-12 -4.9643e-12 -3.4692e-12 -3.2468e-12 -1.5849e-12 -5.0187e-12 -1.1854e-12 -4.6263e-12 -4.4463e-12 2.1115e-12 -2.8586e-12 1.6567e-13 6.4883e-13 -8.3552e-13 -1.802e-12 -1.4313e-12 -1.5196e-12 -1.3174e-12 -3.4101e-12 1.3332e-12 -9.1207e-13 -2.684e-13 -2.06e-12 1.4481e-12 2.588e-13 2.8194e-12 -1.5579e-12 1.68e-12 -8.3361e-14 -3.3935e-12 1.1747e-13 -2.289e-12 9.7075e-13 -3.05e-13 3.7106e-13 7.9141e-14 -2.0659e-12 1.3149e-12 -2.2868e-12 1.6962e-12 1.1826e-12 4.0863e-13 -2.4304e-12 1.7887e-13 -1.6653e-12 2.2519e-12 2.8955e-12 -1.5207e-13 -9.355e-14 2.0941e-12 8.6277e-13 -1.2904e-13 1.3918e-13 -5.3095e-13 3.0759e-13 3.358e-13 6.2302e-14 -4.8594e-14 4.1093e-14 -7.1085e-14 -7.3884e-15
1.7609e-11 1.6201e-11 1.8811e-11 1.2988e-11 5.7709e-12 1.2506e-11 1.7244e-11 6.6457e-12 1.3673e-11 7.2873e-12 8.6007e-12 8.9142e-12 1.2505e-11 1.3331e-11 8.176e-12 4.9734e-12 6.6797e-12 2.0787e-11 -1.5125e-12 2.3764e-12 2.557e-12 3.2375e-13 -2.8552e-12 -6.6558e-13 -2.0867e-12 2.09e-12 -9.7214e-13 -2.2515e-12 -2.531e-12 2.8907e-12 1.4507e-12 -2.0053e-12 -1.5518e-12 -4.2689e-12 1.1974e-12 9.8915e-13 -4.0023e-12 -1.1159e-12 -3.622e-12 1.2883e-12 -1.0139e-12 -5.8609e-12 -2.4021e-12 -3.7936e-12 -5.5884e-12 -2.5713e-12 -5.9331e-13 -6.695e-12 -6.6903e-13 -5.6581e-12 -1.3393e-12 -3.246e-12 -2.9007e-12 -2.4068e-12 -1.0403e-12 -1.1899e-12 -1.348e-12 -4.2276e-13 -1.2158e-13 2.0409e-12 2.9262e-12 1.9152e-12 3.1827e-12 -2.5866e-12 -9.2277e-13 -1.1927e-12 -4.9049e-13 -6.9792e-13 -1.4334e-12 -1.1705e-12 -5.3918e-13 -1.7076e-13 3.8867e-12 -6.4629e-13 -5.7659e-13 -9.5706e-13 5.0824e-13 1.1339e-12 -1.2724e-14 5.2956e-13 -1.6917e-13 -1.8449e-12 2.2777e-13 -1.7237e-13 5.5782e-13 5.9695e-13 3.2253e-13 3.3084e-13 8.1244e-13 1.1718e-12 3.8232e-13 1.7817e-13 2.5326e-13 -1.2949e-13 1.5256e-13 4.6773e-14 4.4642e-14 2.9317e-14 -6.6696e-14 4.7914e-14
-3.375e-12 -3.768e-12 -8.5505e-12 -1.5523e-12 1.4295e-12 -2.7597e-12 -7.7324e-12 -1.4186e-12 3.3953e-14 -1.8355e-12 1.0959e-12 -3.6908e-12 1.2911e-12 -3.0566e-12 -2.9343e-12 1.4584e-12 -3.167e-12 -1.5125e-12 1.7765e-11 -3.2105e-12 -1.0336e-12 -7.5647e-13 1.0475e-12 -6.3694e-13 -3.2528e-13 -8.2357e-13 2.7874e-12 4.9427e-12 3.445e-12 -2.4737e-12 -1.6574e-12 -3.3884e-12 3.0836e-13 -2.2707e-12 -4.9595e-12 -4.2467e-13 1.5117e-12 -3.9753e-12 2.549e-12 4.5641e-12 4.2163e-12 6.2058e-12 -2.1684e-12 -3.8237e-12 1.1041e-12 3.1922e-12 1.5374e-12 1.7775e-13 8.6648e-13 6.6679e-13 3.0427e-12 4.5918e-13 2.4235e-12 -6.1468e-13 -2.2312e-12 3.8016e-13 -2.0138e-13 3.133e-12 -6.6258e-13 -1.2081e-13 -4.2815e-13 -2.8862e-13 -3.2312e-12 -8.3414e-13 2.2836e-12 2.8781e-13 -1.577e-12 -1.385e-12 1.1906e-13 1.9707e-12 2.0386e-12 8.785e-13 1.7542e-12 -1.8582e-13 2.8076e-12 1.0834e-12 3.9522e-13 -1.485e-12 -4.4699e-13 -9.9927e-14 -5.263e-14 1.3845e-13 3.079e-13 -1.4616e-12 6.7498e-14 -3.4304e-13 -1.035e-12 3.4975e-13 -3.0752e-13 -5.8597e-13 1.6216e-13 5.6662e-13 -4.1547e-13 4.2624e-13 1.2536e-13 -5.793e-14 2.552e-14 9.4269e-14 2.5736e-14 8.8682e-16
1.5796e-11 1.2492e-11 1.465e-11 8.7263e-12 1.1837e-11 9.8045e-12 2.2916e-11 5.5318e-12 1.5541e-11 4.3035e-12 1.2105e-11 8.4864e-12 2.3135e-12 2.2745e-12 1.3351e-12 3.5949e-12 3.7348e-12 2.3764e-12 -3.2105e-12 2.5722e-11 3.9756e-12 3.079e-12 -4.6669e-13 2.7016e-12 4.43e-12 -1.6657e-12 -9.181e-13 -1.2018e-13 -1.8855e-12 4.6937e-12 -4.0419e-12 -3.9935e-12 -8.0963e-13 -2.2594e-12 -1.9707e-12 -3.2261e-13 -2.8883e-12 4.5053e-12 -2.7565e-12 -8.1742e-13 -1.2727e-12 -5.2448e-12 -5.548e-12 7.4192e-14 -2.6787e-12 -2.3882e-12 -1.8074e-12 -3.8292e-12 -1.6881e-12 2.3727e-12 3.4787e-12 -1.414e-12 -2.6858e-12 -9.4375e-13 -7.5933e-13 2.3059e-12 1.5386e-12 3.4364e-12 4.8647e-13 2.9474e-12 1.3438e-12 -1.8233e-12 1.7399e-12 5.2306e-13 1.2153e-12 -9.7383e-13 1.2894e-12 -1.6565e-12 -2.1272e-12 6.521e-13 1.6043e-12 1.4374e-12 -2.2439e-12 6.6822e-13 -1.5521e-12 -1.6417e-12 -7.6352e-13 1.5364e-12 -7.3807e-13 9.8666e-13 -1.9508e-12 6.2501e-13 1.4305e-12 5.6969e-13 6.8044e-13 1.969e-12 3.0614e-13 5.0561e-13 7.9807e-13 4.2109e-13 6.3782e-13 -2.833e-13 1.2854e-14 3.2652e-13 3.6503e-13 -9.1874e-14 1.9943e-14 -6.811e-14 -7.57e-14 6.0519e-14
7.0777e-12 7.7544e-12 1.2239e-11 6.7026e-12 6.9137e-12 5.288e-12 1.086e-11 4.2888e-12 1.0567e-11 2.6368e-12 8.3768e-12 2.932e-12 9.2889e-12 3.7785e-12 2.214e-12 2.6068e-12 4.1176e-12 2.557e-12 -1.0336e-12 3.9756e-12 1.3092e-11 -3.6703e-12 -2.6369e-12 -7.6073e-13 1.163e-12 1.5581e-12 -5.4888e-12 1.4405e-12 -1.564e-12 -2.757e-12 -3.4496e-12 -6.5329e-13 -2.6041e-12 -7.6217e-12 1.4901e-12 -1.8668e-12 -4.7736e-13 -4.3855e-12 -1.1882e-13 2.6192e-12 -3.0019e-13 -1.1843e-12 -1.8023e-14 1.4219e-12 -1.8569e-13 -1.8598e-12 -8.4992e-13 2.7465e-13 -1.7934e-12 -7.2266e-13 1.1781e-12 -9.8686e-13 2.3269e-12 -2.254e-12 9.6221e-13 4.8188e-13 -1.7375e-12 2.943e-12 3.916e-13 -5.4011e-13 -1.1359e-12 -1.5937e-12 -1.7708e-14 -1.0519e-12 -1.6124e-12 8.68e-13 1.5981e-12 2.1391e-12 -1.9987e-12 3.0991e-13 -5.4473e-13 1.1397e-12 -1.9517e-12 8.7101e-13 5.8795e-13 -4.1204e-13 1.52e-12 -1.8083e-12 -5.9615e-13 -2.8405e-13 -6.7199e-13 6.4693e-13 5.4147e-13 9.9519e-14 -2.8052e-13 4.3178e-13 -7.2441e-13 1.3839e-13 1.6127e-13 -4.2721e-14 8.0401e-13 1.9452e-14 -1.429e-13 -8.6593e-14 2.5586e-14 9.5924e-14 4.1103e-15 -2.2398e-14 1.2392e-14 2.4812e-14
8.9266e-12 1.1661e-11 1.3391e-11 7.5315e-12 6.8591e-12 3.6755e-12 7.4759e-12 8.2933e-12 1.0681e-11 7.0975e-12 4.1971e-12 6.827e-12 9.7009e-13 6.7946e-12 4.5132e-12 3.4282e-12 1.0621e-12 3.2375e-13 -7.5647e-13 3.079e-12 -3.6703e-12 1.453e-11 5.4762e-13 1.5456e-12 1.5509e-12 -6.7738e-13 2.625e-12 -1.3914e-12 1.8144e-12 -2.112e-12 -1.9363e-13 4.9421e-13 3.6767e-12 2.8765e-13 -2.9463e-12 4.688e-12 -7.5988e-13 3.2993e-12 1.5972e-12 -2.3462e-12 -7.6511e-13 -5.28e-12 -1.3257e-12 1.402e-12 -2.8211e-12 6.6944e-15 -6.5769e-13 3.5534e-13 2.8352e-13 1.305e-12 -2.1097e-12 -1.8194e-12 -4.1714e-12 5.6504e-13 -2.0036e-12 -1.535e-12 6.4839e-15 -1.6915e-12 7.3999e-13 1.7649e-13 3.3077e-12 -2.672e-13 1.5216e-12 -4.7463e-13 7.7761e-13 -3.6767e-13 -5.0187e-13 -8.1337e-13 -5.2368e-13 -2.0254e-13 5.4653e-13 -4.0353e-13 8.727e-15 -6.403e-13 -4.1049e-13 -6.5134e-13 -1.5421e-15 6.0591e-13 6.6417e-13 -9.0122e-13 8.092e-13 -3.0438e-13 -1.3003e-13 -1.7952e-12 7.7997e-13 1.0609e-13 4.849e-13 5.685e-13 2.1661e-13 7.1568e-13 -3.074e-13 1.464e-13 -2.9485e-14 1.7658e-13 -2.8113e-14 -4.6207e-14 5.0191e-14 2.5559e-14 -3.1012e-15 7.3632e-15
2.6631e-13 -5.1079e-12 -3.5224e-12 -1.1523e-11 -1.2813e-12 -2.4388e-12 -3.9164e-12 -3.2858e-12 -1.2361e-11 1.2955e-12 -4.5709e-12 -3.7893e-12 -1.294e-12 -9.7308e-13 -4.5221e-12 2.138e-12 -4.7137e-12 -2.8552e-12 1.0475e-12 -4.6669e-13 -2.6369e-12 5.4762e-13 2.5556e-11 4.6502e-12 4.4783e-12 -1.2524e-13 -4.3571e-12 -9.2481e-14 3.4737e-12 -4.9769e-12 -3.5219e-12 2.1636e-12 1.5163e-12 2.7892e-12 -4.8441e-12 1.6448e-12 1.2413e-12 -1.0672e-12 1.6276e-12 -1.6413e-12 3.9748e-12 8.9921e-12 2.825e-13 -1.9846e-13 1.8563e-12 -1.223e-12 2.5978e-12 1.8692e-12 3.3745e-12 2.0319e-12 -3.4878e-12 1.7617e-12 -1.5162e-13 4.8209e-12 2.5557e-13 1.5811e-12 7.9857e-13 1.1182e-12 7.3477e-14 -1.1806e-12 1.2453e-12 -2.809e-12 -1.3857e-12 -1.4524e-12 -2.1918e-12 3.7548e-13 9.1862e-13 -2.4052e-12 2.3327e-13 2.3641e-12 1.8734e-12 -8.6858e-13 6.3914e-13 -3.2637e-13 -3.022e-12 -3.1061e-13 -3.4693e-12 -1.7503e-12 -1.207e-13 -1.0062e-12 1.7189e-13 2.4553e-12 1.2188e-12 -2.0576e-12 -1.129e-12 1.4408e-12 3.2627e-15 2.5054e-13 -9.4322e-13 -6.9722e-13 6.089e-13 -7.8882e-14 6.6721e-14 -3.7465e-15 2.1719e-13 -1.372e-13 -5.9764e-14 4.9474e-14 -1.2042e-14 -4.4858e-14
8.1608e-12 9.0592e-12 3.9165e-12 3.1313e-12 2.146e-12 7.1373e-12 8.3456e-12 -1.4685e-12 3.3684e-12 -2.56e-12 2.8032e-12 8.1373e-13 -2.3809e-12 3.2521e-12 9.1181e-13 4.356e-12 2.4162e-12 -6.6558e-13 -6.3694e-13 2.7016e-12 -7.6073e-13 1.5456e-12 4.6502e-12 1.5411e-11 2.7634e-12 1.0071e-12 -4.666e-12 -1.1233e-12 1.6756e-12 -1.8727e-12 -9.2373e-13 -1.7221e-12 -3.3746e-12 7.052e-13 -1.732e-12 1.3868e-12 -4.156e-12 -8.9563e-13 -1.5184e-12 -1.9383e-12 1.4606e-12 -1.9447e-12 -4.5292e-12 -1.3065e-12 -3.1619e-12 6.8234e-13 -1.6646e-12 5.1162e-13 8.6312e-13 1.7016e-12 -1.6982e-12 -1.3652e-12 -1.1341e-12 2.8957e-12 -1.2053e-12 4.1544e-13 -9.3936e-13 -3.2606e-13 1.8639e-12 -3.6251e-13 -9.8336e-13 4.9508e-13 1.5475e-13 -1.1927e-12 2.3342e-12 1.4222e-13 7.3014e-13 7.6991e-13 -2.1347e-12 -2.9245e-13 -1.3931e-12 -6.9767e-13 -6.1239e-13 -2.2674e-13 6.7666e-14 -1.3144e-12 4.0935e-13 1.3439e-12 6.2601e-13 -6.2941e-13 4.1559e-13 -7.6887e-13 -3.7837e-14 -1.5927e-12 -1.2544e-14 -1.1033e-12 -7.2741e-15 -6.1389e-13 -1.7386e-13 -1.0462e-12 5.0567e-13 6.5236e-13 2.2622e-14 1.3657e-13 2.6466e-13 1.1711e-13 4.0546e-14 8.4427e-15 1.995e-14 -8.9783e-14
6.0933e-12 8.1703e-12 9.6997e-12 4.756e-12 5.6694e-12 3.3974e-12 8.8614e-13 3.5654e-12 3.086e-12 -1.811e-12 6.6997e-12 -2.7034e-12 -2.3992e-12 -9.9928e-14 1.1558e-12 5.3623e-12 -2.1262e-12 -2.0867e-12 -3.2528e-13 4.43e-12 1.163e-12 1.5509e-12 4.4783e-12 2.7634e-12 1.6048e-11 4.7214e-13 4.1048e-13 2.495e-12 3.4573e-12 -1.4628e-13 6.3352e-13 3.2749e-12 -2.2781e-12 -3.2764e-12 2.7152e-12 -4.6982e-13 -1.5106e-12 2.2646e-12 -3.9587e-13 3.4805e-13 3.5061e-12 2.3671e-12 1.5295e-12 -6.3965e-14 2.35e-12 -1.8128e-12 3.1565e-13 9.4534e-13 -2.2896e-12 4.5079e-12 -1.1912e-12 1.2197e-12 -5.033e-13 1.5629e-12 -8.338e-13 -6.9314e-13 -1.1457e-12 3.9471e-12 9.9118e-13 9.887e-14 -5.7471e-13 2.2109e-12 9.6443e-13 -6.0349e-14 -5.6953e-13 1.7161e-12 -2.9711e-13 5.6187e-13 8.1156e-13 -3.353e-13 -3.1137e-13 -2.4836e-13 -2.4546e-13 -2.2222e-12 -1.3164e-12 1.4888e-12 1.8233e-12 9.6955e-13 1.1857e-12 -8.4624e-13 4.8615e-13 1.138e-12 -8.2e-13 6.3803e-13 -6.895e-13 4.0763e-13 1.1785e-12 7.4401e-14 6.9399e-13 1.9083e-13 3.1321e-13 -7.0212e-13 5.1697e-13 3.1688e-14 7.3353e-14 -2.9635e-14 -6.5524e-14 -2.5173e-14 1.8936e-14 -8.762e-15
-4.5071e-13 -2.9429e-12 -3.8329e-12 -5.5319e-12 -2.0602e-12 -6.1976e-13 -6.6931e-12 -1.4526e-12 -8.9431e-12 -2.3719e-12 -9.9048e-14 -2.6843e-12 2.4295e-12 7.731e-13 -3.9917e-12 -1.565e-12 1.1998e-12 2.09e-12 -8.2357e-13 -1.6657e-12 1.5581e-12 -6.7738e-13 -1.2524e-13 1.0071e-12 4.7214e-13 1.7426e-11 -3.2024e-13 -3.6495e-12 6.1576e-12 5.831e-13 -2.0286e-12 -2.9455e-12 -4.916e-12 2.5167e-12 1.9621e-12 -4.8117e-12 -2.7248e-12 -5.7786e-13 -3.964e-12 -3.775e-12 -2.6943e-12 3.5464e-12 4.5864e-12 -3.7857e-13 -1.9017e-12 -1.231e-12 1.5024e-12 2.0936e-12 1.3214e-12 -8.5952e-14 -1.0657e-12 6.5262e-13 2.3929e-12 1.8181e-12 1.886e-12 -9.9595e-13 -1.5893e-12 -3.9629e-12 -2.8886e-12 -3.7405e-12 1.3452e-13 8.8571e-14 8.7524e-13 1.1652e-12 2.1926e-12 -1.2964e-12 2.7445e-12 3.1667e-13 -2.095e-12 -5.55e-14 -3.1012e-12 -1.8439e-12 2.6669e-13 1.2618e-12 -1.6333e-13 3.3445e-13 2.595e-12 8.42e-13 -4.4669e-13 1.9718e-12 -2.98e-13 -7.1257e-13 -1.714e-13 1.229e-12 -6.7852e-13 -6.9433e-13 -2.4908e-13 -1.4562e-13 3.8825e-13 1.1248e-13 5.3226e-13 6.0079e-14 3.2071e-14 -2.6725e-14 -1.0257e-13 2.1061e-14 -6.7952e-15 -3.9929e-14 -1.733e-14 -3.1719e-14
-4.2736e-12 5.6143e-13 -2.8067e-12 4.7117e-12 2.3512e-12 -6.0829e-12 -4.4643e-13 2.0714e-14 3.4738e-13 3.9381e-13 -1.2617e-12 -9.531e-13 -5.6221e-12 -1.5348e-12 -3.9371e-12 -2.606e-12 1.3871e-12 -9.7214e-13 2.7874e-12 -9.181e-13 -5.4888e-12 2.625e-12 -4.3571e-12 -4.666e-12 4.1048e-13 -3.2024e-13 2.3573e-11 1.1157e-12 1.68e-12 7.2857e-13 1.956e-12 -5.2143e-13 3.0502e-12 -5.9245e-12 -1.734e-12 -6.551e-12 6.5286e-13 1.2702e-12 -7.2405e-13 -4.874e-12 1.4426e-12 -1.9964e-12 -2.1379e-12 -8.4881e-13 -2.7852e-12 3.6721e-12 -9.0095e-13 4.1207e-12 4.8476e-13 -3.191e-12 3.1617e-12 3.6524e-12 8.9881e-13 2.3862e-12 8.6381e-13 5.2714e-13 -4.6286e-13 -8.1548e-13 -2.1905e-14 -1.8414e-12 2.1483e-12 -3.5714e-14 -2.756e-12 2.6143e-12 1.4171e-12 3.1524e-13 -2.5912e-12 4.2095e-13 7.5381e-13 6.5371e-13 4.5138e-13 -1.4301e-12 1.459e-12 -1.8117e-12 -1.2825e-12 1.1612e-12 1.3371e-12 6.8719e-13 6.8402e-13 7.859e-13 -1.0143e-13 -2.5478e-12 -1.3829e-12 1.9755e-12 1.1288e-12 4.7276e-13 1.4047e-12 -1.9051e-13 4.1449e-13 1.5093e-12 -2.3863e-13 1.1394e-13 1.8556e-13 2.4279e-13 6.1123e-14 -1.5923e-13 9.0152e-14 4.6766e-14 -4.9572e-14 3.6574e-14
5.6826e-12 4.9599e-12 3.5277e-12 6.8787e-12 -6.4739e-13 6.5133e-12 2.1222e-12 7.1019e-14 5.8194e-12 2.7403e-12 7.6517e-12 -5.8687e-12 2.7158e-12 2.9611e-12 2.2729e-12 3.2332e-12 2.4006e-12 -2.2515e-12 4.9427e-12 -1.2018e-13 1.4405e-12 -1.3914e-12 -9.2481e-14 -1.1233e-12 2.495e-12 -3.6495e-12 1.1157e-12 2.6485e-11 -3.0295e-12 -1.1208e-12 3.4924e-12 -3.3208e-12 6.7664e-13 -6.4195e-12 4.8133e-12 -4.0819e-13 4.3614e-12 -1.6367e-12 4.8291e-12 1.3109e-12 -2.0471e-12 -4.1077e-13 8.0645e-13 -2.7008e-12 2.7273e-12 -1.5684e-12 -2.6857e-13 1.7318e-12 -8.8627e-14 8.0797e-13 2.0863e-12 1.463e-12 1.0594e-12 9.623e-13 1.9822e-12 4.1008e-13 9.2924e-13 2.432e-12 5.0258e-13 2.8843e-13 1.8625e-13 1.4312e-12 -1.8202e-12 -1.9051e-12 1.0892e-12 -2.1945e-12 -1.9001e-12 2.2531e-12 1.9781e-12 1.2484e-12 2.8944e-12 1.6124e-12 4.189e-14 2.5234e-13 2.6616e-13 1.0617e-13 1.9481e-12 -1.2447e-12 2.2699e-12 -3.6722e-13 1.3853e-12 6.6864e-13 -3.9673e-13 -2.6579e-13 -4.7379e-14 8.7716e-13 4.402e-13 4.5778e-13 5.6868e-13 -2.7553e-13 5.6567e-13 -2.4267e-13 1.1112e-13 3.5207e-13 3.3866e-13 -1.3358e-13 -1.7844e-15 1.6594e-15 2.6213e-14 9.5728e-16
-1.3668e-11 -1.006e-11 -9.3901e-12 -1.6376e-11 -7.8879e-12 -1.0557e-11 -1.5009e-11 -2.3724e-12 -9.7223e-12 -3.5637e-12 -8.8158e-12 -6.2766e-12 -7.4945e-12 -3.8029e-12 -5.9909e-12 -3.0387e-12 -4.0847e-12 -2.531e-12 3.445e-12 -1.8855e-12 -1.564e-12 1.8144e-12 3.4737e-12 1.6756e-12 3.4573e-12 6.1576e-12 1.68e-12 -3.0295e-12 1.772e-11 7.8355e-14 -2.3203e-12 -3.5854e-12 1.7987e-12 3.7437e-12 1.0286e-12 -2.2765e-12 -4.0229e-13 2.4336e-14 6.37e-13 -3.4185e-12 3.6924e-12 5.1448e-12 5.2794e-12 -2.2073e-12 1.4998e-12 3.9864e-12 2.7348e-12 6.6308e-12 4.1953e-12 3.813e-12 4.3154e-13 1.3313e-12 4.6306e-12 2.7036e-12 7.5035e-13 6.8477e-13 -1.4466e-13 1.3781e-13 -1.344e-13 -5.821e-13 6.1802e-13 -5.7749e-13 -4.2539e-13 5.1288e-13 1.907e-12 1.687e-13 -1.108e-14 9.9876e-13 2.764e-13 2.5652e-12 4.7939e-13 -9.8824e-13 1.3023e-12 -2.4049e-13 1.4586e-12 1.7997e-12 -4.4708e-13 -2.3008e-13 -1.5231e-12 5.2209e-13 5.998e-13 6.2534e-13 -1.918e-12 3.2635e-13 -2.1031e-12 -7.0319e-13 -1.3022e-13 -4.556e-13 -2.7762e-13 5.056e-14 -1.7317e-13 9.1843e-14 1.6603e-13 3.8693e-13 -3.7461e-14 -4.2874e-15 2.8287e-14 -5.3224e-14 5.3061e-14 -5.3888e-14
-2.3008e-12 -2.7342e-12 -3.3408e-12 -1.7129e-12 -3.7702e-12 -4.9128e-12 -5.7937e-12 -3.2394e-12 -6.194e-12 -4.1062e-12 -1.0172e-12 3.4839e-13 -3.4663e-12 -1.4793e-12 -1.3121e-13 -3.6205e-12 5.9962e-12 2.8907e-12 -2.4737e-12 4.6937e-12 -2.757e-12 -2.112e-12 -4.9769e-12 -1.8727e-12 -1.4628e-13 5.831e-13 7.2857e-13 -1.1208e-12 7.8355e-14 1.9764e-11 5.8761e-12 2.2396e-12 -1.4948e-13 7.6746e-12 1.995e-12 -3.0467e-12 1.7004e-14 4.8162e-12 1.7708e-13 1.853e-12 -5.6611e-12 3.202e-12 2.6202e-12 -3.9153e-14 1.6309e-12 -1.3531e-12 2.4076e-12 4.093e-13 2.4246e-12 -6.2714e-13 -1.2336e-12 2.2262e-12 8.9905e-13 4.1969e-13 -4.5484e-13 2.531e-14 2.0546e-12 -1.4686e-12 -2.3271e-12 9.5886e-13 -1.8918e-12 -7.9414e-13 1.5009e-12 4.3197e-13 4.527e-13 -2.386e-12 2.6057e-12 -8.4068e-13 -4.1069e-13 -2.2072e-12 5.8681e-13 1.1931e-12 -2.7899e-13 -1.3975e-14 1.9943e-13 -9.1258e-13 4.6313e-13 5.4707e-13 -1.5709e-13 1.0679e-12 -1.0995e-13 1.1869e-13 -1.2956e-12 2.9961e-13 -1.0632e-12 4.568e-13 1.9834e-13 -2.6314e-13 8.648e-13 6.8509e-13 -9.1953e-14 -1.0778e-13 3.7e-14 -2.2225e-13 1.4236e-13 3.5411e-14 -5.1859e-14 -8.5829e-14 -4.797e-15 2.5778e-14
-1.1647e-11 -3.7626e-12 -6.4291e-12 -2.7495e-12 -7.7606e-12 -5.7349e-12 -6.7898e-12 -6.1687e-12 -6.8316e-12 -2.636e-12 1.493e-12 -3.5199e-12 -2.0497e-12 -7.3023e-14 -5.8109e-13 -1.1832e-12 2.7769e-12 1.4507e-12 -1.6574e-12 -4.0419e-12 -3.4496e-12 -1.9363e-13 -3.5219e-12 -9.2373e-13 6.3352e-13 -2.0286e-12 1.956e-12 3.4924e-12 -2.3203e-12 5.8761e-12 1.4906e-11 4.3875e-12 2.3157e-12 -2.9997e-13 4.839e-12 1.2311e-12 4.2716e-12 5.61e-12 3.6579e-13 4.1566e-13 -1.9437e-12 1.6854e-12 1.9445e-12 -1.2861e-12 2.2486e-12 3.1507e-12 3.2533e-12 1.0025e-12 1.1059e-12 2.9813e-13 9.217e-13 2.2898e-13 1.2748e-12 1.1931e-12 -7.5047e-13 -7.1235e-14 2.9782e-12 -1.4772e-12 7.4989e-14 1.1401e-12 -1.905e-12 3.1438e-12 3.702e-12 -1.0813e-12 6.4751e-14 2.5804e-13 -4.1616e-13 6.4306e-13 1.2261e-12 -1.6099e-12 6.4078e-14 1.7259e-12 -3.1213e-13 1.0153e-14 9.8158e-13 1.5071e-12 1.4939e-12 6.2079e-13 7.9243e-13 6.6738e-13 1.1753e-12 -1.0059e-12 -2.2829e-13 -1.468e-13 3.9595e-13 -1.6591e-13 3.1777e-13 -2.195e-13 3.2621e-13 2.6559e-13 3.6995e-14 -1.3387e-13 3.0522e-13 -8.9032e-15 -1.1196e-14 2.9489e-14 -3.5089e-14 -5.4602e-14 -7.9939e-14 -4.2868e-14
-7.5356e-12 -4.0445e-12 1.0352e-12 2.8561e-13 -1.9282e-13 -1.8142e-12 -4.197e-12 4.131e-12 -6.6728e-12 -9.3496e-13 -5.007e-12 -9.9372e-13 1.9095e-12 -4.1255e-12 -2.427e-13 1.9163e-12 -6.5213e-13 -2.0053e-12 -3.3884e-12 -3.9935e-12 -6.5329e-13 4.9421e-13 2.1636e-12 -1.7221e-12 3.2749e-12 -2.9455e-12 -5.2143e-13 -3.3208e-12 -3.5854e-12 2.2396e-12 4.3875e-12 1.4165e-11 -5.108e-13 -1.1096e-12 -7.8385e-13 -4.4363e-13 -2.0321e-15 5.7066e-12 1.3429e-12 1.8094e-12 2.2975e-12 1.8209e-12 3.4563e-12 2.1171e-12 2.8856e-12 -2.4741e-12 -8.6337e-13 1.1764e-12 -5.8723e-13 3.7281e-14 -2.668e-12 -2.4603e-12 -2.4553e-12 1.2187e-12 4.7544e-13 -2.2534e-12 -1.6254e-12 8.7947e-13 1.2755e-12 1.8867e-12 -5.9563e-13 -3.0031e-13 -6.3843e-15 -9.2967e-13 -2.7826e-12 1.7185e-12 3.249e-13 1.1854e-12 1.8579e-13 -1.7194e-12 8.4127e-13 -4.2103e-13 -1.2859e-12 3.3111e-13 -2.1621e-12 -1.389e-13 1.7517e-13 -1.049e-13 1.0401e-12 -8.9296e-13 7.2792e-13 1.3743e-12 2.1744e-13 -8.8746e-13 3.007e-13 -1.8626e-13 9.4288e-13 -2.6539e-13 -4.8058e-13 -3.9294e-14 -8.8616e-13 -4.3454e-13 -7.4411e-15 -3.0383e-13 -7.2582e-14 4.8482e-14 -8.8054e-14 1.1217e-14 2.2771e-14 -1.9716e-14
-6.583e-12 -1.4025e-12 -2.6462e-12 -2.0922e-12 -4.0812e-12 -5.896e-12 -7.1704e-12 -3.1898e-12 2.1601e-12 2.8502e-12 -2.9533e-12 -1.3042e-13 -3.8212e-12 -1.8706e-12 -1.8914e-12 -1.7876e-12 -3.8556e-12 -1.5518e-12 3.0836e-13 -8.0963e-13 -2.6041e-12 3.6767e-12 1.5163e-12 -3.3746e-12 -2.2781e-12 -4.916e-12 3.0502e-12 6.7664e-13 1.7987e-12 -1.4948e-13 2.3157e-12 -5.108e-13 1.0252e-11 5.6987e-13 -4.1473e-13 3.4923e-12 4.7652e-12 1.4556e-12 4.9806e-13 -9.9176e-13 1.0122e-12 -2.0795e-13 1.8868e-12 1.6344e-12 9.8617e-13 4.1742e-12 3.3362e-12 1.14e-13 1.0511e-12 -2.9787e-13 -1.3097e-13 2.2647e-12 1.1774e-12 1.6116e-12 2.8333e-13 1.661e-12 5.8092e-13 -1.331e-12 2.8191e-13 5.3271e-13 3.789e-13 5.3884e-13 1.2497e-12 -9.9994e-13 -4.488e-13 -3.6259e-13 -6.5787e-13 -1.4327e-12 1.1423e-12 8.0539e-13 1.1462e-12 5.751e-13 -9.6897e-13 -1.1026e-12 -3.0523e-13 8.1618e-13 -1.817e-12 -6.4344e-13 -2.5687e-13 1.558e-13 4.9104e-13 1.1368e-13 -6.925e-13 -9.586e-13 -3.893e-13 1.3867e-13 -8.7246e-14 9.2014e-14 -4.4891e-13 2.1489e-13 -1.8133e-13 4.3051e-14 -1.0294e-13 2.2699e-13 -1.1565e-13 -3.7465e-15 -2.7924e-14 -4.7589e-14 2.4396e-14 -1.6126e-14
-9.4961e-12 -1.3339e-11 -1.4887e-11 -1.2609e-11 -1.252e-11 -1.4499e-11 -1.9296e-11 -6.7377e-12 -1.8691e-11 -3.9982e-12 -1.1215e-11 -1.414e-12 -1.0393e-11 -8.9159e-12 -2.1085e-12 -7.5633e-12 -3.7887e-12 -4.2689e-12 -2.2707e-12 -2.2594e-12 -7.6217e-12 2.8765e-13 2.7892e-12 7.052e-13 -3.2764e-12 2.5167e-12 -5.9245e-12 -6.4195e-12 3.7437e-12 7.6746e-12 -2.9997e-13 -1.1096e-12 5.6987e-13 2.8756e-11 -3.4187e-13 9.1372e-13 1.8264e-12 3.5506e-12 5.6164e-12 -4.3406e-12 -1.9523e-12 2.692e-12 3.3849e-12 3.196e-13 4.6119e-12 -1.4206e-12 2.9243e-12 6.0685e-13 4.254e-12 2.915e-12 -2.2995e-12 2.7102e-12 6.9141e-13 4.7788e-12 -7.9548e-13 -2.4285e-12 3.3419e-12 -4.706e-12 -4.1102e-12 -1.9032e-12 4.4795e-13 3.6955e-13 2.8136e-13 -9.9209e-13 2.9501e-13 -2.8257e-12 2.6769e-12 -2.1884e-12 -1.2101e-12 -1.9053e-12 -2.6921e-12 -2.2471e-12 3.3758e-13 2.8437e-12 1.2213e-12 -1.2975e-12 -7.456e-13 1.6586e-12 -1.1255e-12 4.3982e-13 3.1393e-12 1.4387e-12 -1.5956e-12 7.1135e-15 -1.0872e-13 -1.3452e-12 -8.0229e-13 -8.5525e-13 3.8185e-14 2.9251e-14 1.0118e-13 1.1619e-13 -1.6282e-13 -3.2114e-13 -1.714e-13 6.1113e-14 -8.8431e-15 -2.8512e-14 4.5844e-14 3.5337e-14
-1.6827e-11 -9.7057e-12 -7.4344e-12 -1.1056e-11 -1.5311e-11 -8.1768e-12 -1.3e-11 -1.0314e-11 -7.9767e-12 -5.1311e-12 -5.6627e-12 -9.3404e-12 -6.5438e-12 -1.5147e-12 -4.006e-12 -6.8563e-12 -1.7044e-12 1.1974e-12 -4.9595e-12 -1.9707e-12 1.4901e-12 -2.9463e-12 -4.8441e-12 -1.732e-12 2.7152e-12 1.9621e-12 -1.734e-12 4.8133e-12 1.0286e-12 1.995e-12 4.839e-12 -7.8385e-13 -4.1473e-13 -3.4187e-13 1.5834e-11 6.9169e-13 3.2814e-12 3.8994e-12 8.4233e-13 1.0751e-12 2.8153e-13 5.9131e-14 6.5431e-12 1.5749e-12 2.496e-12 2.3419e-12 2.1234e-12 1.3046e-12 2.2175e-13 7.7852e-13 2.0399e-13 3.8115e-13 2.048e-12 1.0486e-12 2.1072e-12 -5.7739e-13 1.0972e-12 4.4121e-13 -4.8054e-13 3.2014e-12 -1.1146e-12 4.5787e-12 3.4727e-12 1.3415e-13 3.0177e-14 -3.6959e-13 -1.4958e-13 3.0642e-12 2.6369e-12 -5.3982e-13 -2.6121e-14 4.2696e-13 5.0561e-13 6.9386e-13 1.7179e-13 2.0382e-12 2.1657e-12 9.7927e-13 2.7597e-15 8.1173e-13 -7.0056e-13 -2.2992e-13 -1.0236e-12 1.7294e-12 5.902e-14 8.3142e-14 -8.9903e-14 -5.3268e-13 1.2843e-13 1.0647e-13 3.046e-13 -3.8709e-13 3.183e-13 1.9582e-14 -1.2292e-14 -7.2909e-14 -6.2331e-14 -7.2427e-14 4.8525e-14 -3.8024e-15
