3.1902e-11 2.3096e-11 2.2564e-11 2.3973e-11 2.4211e-11 2.5436e-11 3.0084e-11 2.2603e-11 3.0008e-11 2.292e-11 3.374e-11 2.7099e-11 3.1831e-11 2.6524e-11 2.4751e-11 2.7887e-11 2.6555e-11 3.1331e-11 2.6253e-11 3.1182e-11 2.3662e-11 2.9512e-11 3.0329e-11 3.1358e-11 3.0525e-11 2.4463e-11 2.5678e-11 2.7729e-11 2.9832e-11 3.1962e-11 2.7743e-11 2.4293e-11 2.1408e-11 2.8789e-11 2.3562e-11 3.1185e-11 2.6807e-11 2.267e-11 2.9738e-11 2.7447e-11 2.7082e-11 3.1297e-11 2.5059e-11 2.4953e-11 2.9498e-11 2.3625e-11 2.2507e-11 2.2371e-11 1.8909e-11 2.1864e-11 1.4908e-11 1.9382e-11 2.0952e-11 2.0436e-11 5.9882e-12 1.5253e-11 1.3855e-11 8.7444e-12 1.0455e-11 1.5028e-11 7.786e-12 1.1463e-11 1.3042e-11 1.1112e-11 1.0808e-11 6.8843e-12 1.0348e-11 9.616e-12 8.6229e-12 5.6406e-12 6.5035e-12 6.7829e-12 8.8637e-12 3.3451e-12 2.9797e-12 6.523e-12 5.4451e-12 6.8443e-12 9.091e-12 6.9038e-12 3.1163e-12 7.2247e-12 3.6345e-12 5.3253e-12 3.6818e-12 6.5967e-12 2.8601e-12 7.1454e-12 8.6849e-12 1.3758e-12 1.4903e-12 2.4238e-12 -3.6584e-14 -1.064e-12 1.3345e-12 -2.7753e-13 -1.3992e-12 5.3876e-12 2.9584e-12 -2.1535e-12 5.0385e-12 3.0318e-12 5.2564e-12 4.714e-12 6.2027e-13 2.3484e-12 -3.4891e-13 4.5602e-12 4.5245e-12 1.2552e-12 4.6507e-13 -1.9169e-12 -9.1937e-13 1.6545e-13 -1.9286e-13 2.3095e-12 1.4085e-12 7.5888e-13 4.4729e-14 2.6843e-12 -5.7554e-12 2.6673e-12 7.0019e-12 -2.6354e-12 -2.592e-13 2.0519e-12 -1.3965e-12 5.3142e-13 6.8136e-13 4.0641e-13 1.5365e-12 1.3763e-12 -1.3096e-12 2.1377e-13 -2.7985e-12 1.3625e-12 -7.4542e-13 -1.4776e-12 3.0255e-13 -2.6628e-13 -3.4951e-12 -7.77e-13 -4.3923e-13 1.6743e-12 -1.3732e-13 1.4257e-12 2.1705e-12 2.0554e-13 -1.3172e-12 -5.6609e-13 -1.211e-12 -3.9425e-14 -1.0689e-12 -1.4748e-13 -1.2218e-12 1.4339e-12 8.3243e-13 5.5969e-13 -1.2756e-12 5.5508e-13 -5.4046e-13 -4.9695e-15 9.4289e-13 -9.4526e-13 -4.2712e-13 -7.8387e-13 -1.2339e-12 -7.5614e-13 1.3919e-13 -3.1596e-13 8.6247e-13 -4.5681e-13 -3.3331e-13 -6.9998e-13 6.8531e-14 -4.2977e-13 -1.2616e-12 -2.2285e-13 4.9233e-13 1.8851e-14 1.2633e-13 0
2.3096e-11 2.4955e-11 2.0416e-11 2.1405e-11 2.1409e-11 2.3479e-11 2.7344e-11 2.1186e-11 2.9084e-11 2.0924e-11 3.0399e-11 2.4402e-11 3.022e-11 2.2739e-11 2.386e-11 2.4477e-11 2.1437e-11 2.7796e-11 2.4642e-11 2.7659e-11 2.3163e-11 2.5888e-11 2.6693e-11 2.8346e-11 2.7408e-11 2.1023e-11 2.3938e-11 2.6187e-11 2.5606e-11 2.6973e-11 2.3044e-11 2.0749e-11 2.0915e-11 2.3061e-11 2.1152e-11 2.5686e-11 2.5794e-11 1.9373e-11 2.7872e-11 2.3822e-11 2.4772e-11 2.6395e-11 2.373e-11 2.2289e-11 2.417e-11 2.288e-11 2.125e-11 1.8177e-11 1.5556e-11 2.0901e-11 1.5092e-11 2.0178e-11 1.6259e-11 1.7396e-11 5.1578e-12 1.4491e-11 1.3596e-11 9.4148e-12 9.0355e-12 1.057e-11 8.2251e-12 7.8113e-12 1.0244e-11 8.0851e-12 9.3737e-12 6.5184e-12 7.214e-12 8.2519e-12 6.8182e-12 4.0604e-12 7.4314e-12 4.6227e-12 6.96e-12 7.7999e-13 2.6871e-12 4.4036e-12 3.7483e-12 5.4146e-12 8.4467e-12 4.7858e-12 2.9803e-13 4.8774e-12 5.7242e-12 5.0582e-12 6.2717e-13 5.5377e-12 1.1943e-12 6.227e-12 7.1212e-12 2.646e-12 1.6728e-12 2.7617e-12 -2.1427e-12 -4.1202e-13 1.0819e-12 -2.848e-12 -1.148e-12 5.2986e-12 2.0667e-12 -1.9349e-12 2.1773e-12 8.5501e-13 6.0241e-12 5.688e-12 5.5115e-13 2.3376e-12 1.276e-12 3.6791e-12 2.2554e-12 -1.2835e-13 8.9952e-13 -2.1162e-12 1.0416e-13 -4.5687e-13 -2.4271e-12 9.785e-13 -2.84e-13 1.3079e-12 1.3346e-12 2.2904e-12 -3.2785e-12 9.5785e-13 5.1013e-12 -1.6858e-12 1.4646e-14 6.4604e-13 -1.4635e-12 -9.4566e-13 1.86e-12 2.3636e-13 -1.7699e-12 2.4847e-13 -1.7972e-13 2.4967e-14 -5.4129e-12 1.3335e-12 7.8951e-13 7.6328e-13 -1.5262e-13 7.5826e-14 -3.2237e-12 -7.6444e-13 -6.1294e-14 7.3331e-13 -8.6316e-13 6.1983e-13 1.4016e-12 2.7839e-12 -5.9394e-13 -6.3026e-13 -1.5458e-12 -7.9962e-14 -1.5746e-12 -1.2616e-13 -1.369e-12 8.2378e-13 -6.4442e-14 -8.1446e-13 -1.0011e-12 1.8446e-12 5.252e-13 3.0334e-13 9.92e-13 1.2874e-13 -2.3438e-14 -6.2515e-13 -1.927e-12 -2.1741e-13 -3.4049e-13 3.1477e-13 6.9414e-13 2.6961e-13 -4.528e-13 -7.1927e-13 4.6632e-13 -6.3925e-13 -1.0336e-12 1.3179e-13 5.9145e-13 3.1081e-13 -4.5662e-14 0
2.2564e-11 2.0416e-11 2.3289e-11 2.09e-11 2.2135e-11 2.1845e-11 2.4909e-11 1.9255e-11 2.6444e-11 1.9643e-11 2.8751e-11 2.3598e-11 3.0376e-11 2.1221e-11 2.2802e-11 2.4982e-11 2.3143e-11 2.8248e-11 2.3334e-11 2.7575e-11 2.2344e-11 2.4461e-11 2.4863e-11 2.7967e-11 2.494e-11 2.1859e-11 2.3446e-11 2.5925e-11 2.5028e-11 2.793e-11 2.2138e-11 2.0916e-11 2.0338e-11 2.2613e-11 2.1122e-11 2.689e-11 2.4483e-11 1.8687e-11 2.6938e-11 2.3866e-11 2.2843e-11 2.5883e-11 2.2628e-11 2.1847e-11 2.3907e-11 2.2111e-11 1.9288e-11 1.7806e-11 1.4729e-11 1.9369e-11 1.2611e-11 1.7957e-11 1.5668e-11 1.7548e-11 6.7842e-12 1.2087e-11 1.2303e-11 9.1999e-12 7.4199e-12 1.0599e-11 8.956e-12 7.9375e-12 8.9506e-12 9.585e-12 9.2237e-12 4.3882e-12 6.8584e-12 9.374e-12 7.2022e-12 2.4725e-12 6.7042e-12 6.1134e-12 8.478e-12 1.8705e-12 4.1885e-12 3.5107e-12 5.7166e-12 4.0215e-12 6.702e-12 6.4974e-12 3.3111e-12 3.093e-12 5.2881e-12 6.782e-12 9.7893e-13 6.7052e-12 1.1211e-12 5.5254e-12 7.3556e-12 7.984e-13 -7.5561e-13 2.0786e-12 -5.4087e-13 1.2579e-12 2.179e-12 -2.3921e-12 -1.2823e-12 3.7688e-12 1.3936e-12 -3.2404e-12 1.6535e-12 2.566e-12 4.0762e-12 5.8506e-12 9.8931e-13 3.6413e-12 2.6813e-12 2.8159e-12 2.0936e-12 1.3755e-12 -3.4517e-13 -2.1555e-12 -6.2794e-13 -1.1669e-12 -1.6081e-12 9.6355e-13 -6.8843e-13 2.5429e-12 3.3378e-13 2.0995e-12 -2.9199e-12 1.3528e-12 5.9688e-12 -1.8721e-12 1.9104e-13 1.5455e-12 -2.8034e-12 6.0976e-13 1.9471e-12 -1.8787e-13 -6.2394e-13 -7.4989e-13 -7.6836e-13 1.119e-12 -4.2783e-12 1.2753e-12 -1.0471e-12 -2.1496e-13 5.3455e-13 2.3172e-14 -1.7956e-12 -3.585e-13 -6.6251e-13 1.3464e-12 3.6099e-13 1.3045e-12 1.7057e-12 8.8183e-13 -4.7345e-13 -1.0645e-13 -1.0329e-12 -9.3847e-13 -7.7709e-13 5.669e-13 -2.1204e-12 6.1162e-13 5.8532e-13 -2.1838e-13 -8.5059e-13 1.4452e-12 3.4018e-13 2.2734e-13 1.6324e-12 -7.9419e-13 -5.5473e-14 -6.1966e-13 -9.4346e-13 6.6974e-13 -7.155e-14 3.1257e-13 5.9597e-13 -1.8052e-13 -8.1142e-14 -4.3832e-13 1.8761e-13 -3.5614e-13 -1.3547e-12 -2.3127e-13 4.7803e-13 4.7999e-13 6.4566e-14 0
2.3973e-11 2.1405e-11 2.09e-11 2.7511e-11 2.087e-11 2.2228e-11 2.8254e-11 1.9863e-11 2.5961e-11 1.9743e-11 2.9322e-11 2.4376e-11 3.2236e-11 2.3571e-11 2.2123e-11 2.5794e-11 2.2782e-11 2.9698e-11 2.3063e-11 2.6061e-11 2.2678e-11 2.7494e-11 2.5789e-11 2.9654e-11 2.6968e-11 2.1671e-11 2.1397e-11 2.4538e-11 2.6377e-11 2.8748e-11 2.2095e-11 2.1546e-11 1.9542e-11 2.2061e-11 2.3228e-11 2.4794e-11 2.593e-11 1.7845e-11 2.6294e-11 2.4231e-11 2.6586e-11 2.9093e-11 2.4387e-11 2.3237e-11 2.7491e-11 2.1497e-11 2.2629e-11 1.7988e-11 1.5536e-11 1.8445e-11 1.2978e-11 1.8871e-11 2.0522e-11 1.8666e-11 7.1353e-12 1.304e-11 1.4992e-11 9.272e-12 9.914e-12 1.3055e-11 7.04e-12 9.8977e-12 1.0094e-11 6.8216e-12 9.8825e-12 8.2684e-12 8.1979e-12 8.4698e-12 7.192e-12 3.0118e-12 8.8701e-12 5.2791e-12 9.4138e-12 1.425e-12 1.8044e-12 2.4811e-12 3.6458e-12 6.1179e-12 6.5598e-12 6.1372e-12 3.6352e-12 4.3176e-12 5.221e-12 5.7597e-12 -7.1755e-13 8.2235e-12 1.4034e-12 6.6877e-12 7.2823e-12 3.1907e-12 -8.2321e-13 7.9476e-13 -2.2631e-12 6.5141e-13 2.5959e-12 -4.7945e-13 -1.267e-12 4.3275e-12 3.7631e-12 -1.0853e-12 3.9245e-12 1.3854e-12 5.1935e-12 4.8517e-12 -6.8339e-14 2.5438e-12 2.1474e-12 4.7243e-12 1.348e-12 -8.3776e-13 -4.9252e-14 -1.4085e-13 -4.7403e-13 -4.928e-14 -8.0929e-13 -1.5886e-12 -1.5403e-12 1.8937e-12 2.0575e-12 1.0934e-12 -3.3902e-12 1.5101e-12 4.1026e-12 -2.0063e-13 -1.1978e-13 2.4399e-13 -2.9985e-12 1.392e-12 2.4146e-12 4.1043e-13 8.1536e-13 4.5122e-14 2.6072e-13 -4.1623e-13 -3.6924e-12 1.4439e-12 -6.3607e-14 -9.735e-13 1.1362e-13 -3.4402e-13 -3.2059e-12 -1.3258e-12 2.3429e-13 7.3415e-13 -3.4678e-13 3.2722e-13 1.3612e-12 1.5087e-12 -1.8452e-12 -1.1735e-12 -1.7183e-12 -6.7056e-13 -6.735e-13 -5.0107e-13 -1.9459e-12 5.4897e-13 1.885e-12 1.6822e-13 -6e-13 6.639e-13 -5.824e-13 3.6042e-14 9.9294e-13 1.603e-13 -8.1516e-13 -5.8101e-13 -1.2828e-12 3.0547e-14 -1.9726e-13 2.3182e-13 6.7361e-13 -8.8003e-14 -3.6206e-13 -3.856e-13 -2.4547e-13 -5.7136e-13 -7.705e-13 -2.0573e-13 3.9681e-13 2.6164e-13 1.3221e-13 0
2.4211e-11 2.1409e-11 2.2135e-11 2.087e-11 2.7588e-11 2.3155e-11 2.4387e-11 2.1177e-11 2.7746e-11 2.1622e-11 3.1807e-11 2.5601e-11 3.227e-11 2.2801e-11 2.3704e-11 2.6343e-11 2.4589e-11 3.1019e-11 2.5144e-11 3.0386e-11 2.2311e-11 2.5294e-11 2.841e-11 2.9285e-11 2.5952e-11 2.1727e-11 2.4635e-11 2.7857e-11 2.4472e-11 3.0138e-11 2.4266e-11 2.3687e-11 2.3698e-11 2.422e-11 2.1787e-11 2.7914e-11 2.5367e-11 2.0055e-11 2.8417e-11 2.6371e-11 2.3369e-11 2.7655e-11 2.1837e-11 1.9631e-11 2.4267e-11 2.1822e-11 2.0533e-11 2.0693e-11 1.7271e-11 2.0937e-11 1.3103e-11 1.9498e-11 1.6438e-11 1.9143e-11 5.5018e-12 1.2979e-11 1.1927e-11 8.7363e-12 7.7128e-12 1.1025e-11 8.7652e-12 9.7755e-12 1.1321e-11 9.3242e-12 1.1651e-11 5.7938e-12 7.5601e-12 8.816e-12 6.8213e-12 4.0347e-12 7.2413e-12 4.5857e-12 1.0203e-11 9.6984e-13 4.2359e-12 5.2118e-12 4.6397e-12 4.2493e-12 9.0408e-12 7.182e-12 2.9574e-12 4.1372e-12 4.8736e-12 6.6112e-12 2.5929e-12 5.7854e-12 1.6413e-12 7.0027e-12 7.1172e-12 1.0431e-12 -7.4146e-13 1.341e-12 -2.7051e-13 1.2338e-12 1.9417e-12 -4.5557e-12 -4.407e-13 4.2887e-12 1.1712e-12 -2.1415e-12 3.0628e-12 1.2398e-12 4.7211e-12 4.5097e-12 -1.0648e-14 1.2513e-12 8.1819e-13 3.2111e-12 2.7482e-12 1.5757e-12 1.7034e-12 -2.2643e-12 -2.1688e-12 -1.076e-12 4.9571e-13 2.3086e-12 -1.4848e-13 1.7586e-12 1.5651e-12 2.2593e-12 -3.3762e-12 3.3706e-13 6.7159e-12 -2.9552e-13 -1.1108e-12 5.9281e-13 -2.8415e-12 1.3511e-14 1.9174e-12 -6.5494e-13 -1.2631e-12 -3.8932e-13 -1.1553e-12 5.9989e-14 -3.2992e-12 6.2592e-13 -5.2112e-13 3.2709e-13 1.9231e-13 9.2894e-14 -1.8522e-12 1.1259e-13 6.1707e-13 1.4747e-12 3.1238e-13 2.081e-12 2.7257e-12 6.7715e-13 -7.592e-13 1.5241e-13 -9.9761e-13 -1.163e-13 -1.0107e-12 -7.4451e-13 -1.4101e-12 2.1869e-12 8.2059e-13 -5.1311e-13 -7.6279e-13 1.4348e-12 -1.7925e-13 6.8888e-13 1.7211e-12 -2.4821e-13 1.382e-13 1.6116e-13 -1.5419e-13 6.7379e-13 1.211e-13 1.2587e-13 9.8462e-13 2.8586e-13 -4.5468e-13 -6.4612e-13 -3.3058e-13 -4.5534e-13 -8.252e-13 6.3493e-14 4.1189e-13 4.7697e-13 -5.9719e-14 0
2.5436e-11 2.3479e-11 2.1845e-11 2.2228e-11 2.3155e-11 2.7981e-11 2.8206e-11 2.3041e-11 2.8739e-11 2.165e-11 3.2623e-11 2.518e-11 3.1938e-11 2.3221e-11 2.6185e-11 2.6108e-11 2.4654e-11 3.0858e-11 2.5192e-11 3.1378e-11 2.3714e-11 2.8329e-11 2.8676e-11 3.003e-11 2.936e-11 2.4187e-11 2.4771e-11 2.6787e-11 2.8843e-11 3.0757e-11 2.6011e-11 2.2681e-11 2.076e-11 2.6897e-11 2.2823e-11 2.74e-11 2.8582e-11 2.1704e-11 2.9586e-11 2.6075e-11 2.5604e-11 2.8794e-11 2.3761e-11 2.3384e-11 2.7342e-11 2.281e-11 2.059e-11 2.1623e-11 1.8439e-11 2.2578e-11 1.5483e-11 1.9479e-11 1.7376e-11 1.8414e-11 7.0456e-12 1.4427e-11 1.2932e-11 9.3258e-12 9.9372e-12 1.2051e-11 9.9431e-12 9.9739e-12 9.8743e-12 9.1358e-12 1.1219e-11 7.9722e-12 8.3904e-12 8.8988e-12 6.4601e-12 3.9709e-12 6.8272e-12 6.4715e-12 1.0114e-11 9.0589e-13 4.3759e-12 3.5788e-12 3.5334e-12 5.6373e-12 9.8037e-12 6.3323e-12 1.2156e-12 4.6436e-12 4.0567e-12 6.8279e-12 4.6795e-13 6.7211e-12 1.7787e-12 8.3574e-12 9.5247e-12 2.3651e-12 4.7904e-13 3.6269e-12 -1.6002e-12 -3.0949e-13 3.136e-12 -2.8285e-12 -2.1868e-12 5.0136e-12 3.5211e-12 -2.4593e-12 2.874e-12 1.698e-12 4.9209e-12 5.3887e-12 2.636e-12 -1.6008e-14 1.0901e-12 3.204e-12 3.116e-12 9.8504e-13 5.3565e-13 -1.1128e-12 -1.2007e-12 -2.0819e-12 -1.9824e-12 1.5272e-12 5.1839e-13 3.9298e-13 1.3411e-12 2.6817e-12 -4.8568e-12 1.5546e-12 5.5732e-12 -1.0245e-12 -4.4906e-15 9.6725e-13 -2.1312e-12 -7.7193e-14 1.9277e-12 1.8591e-12 -1.8852e-12 1.0307e-12 -1.1269e-12 -1.8018e-14 -4.1864e-12 1.9071e-13 -6.529e-13 4.6215e-13 2.7206e-13 4.1478e-14 -2.3068e-12 -6.7173e-13 -2.4243e-14 1.6506e-12 -1.7572e-13 1.1859e-12 1.8854e-12 6.1997e-13 -6.0416e-13 -2.0527e-14 -1.4221e-12 -1.2147e-13 -1.2716e-12 -6.4001e-14 -1.9928e-12 9.3508e-13 3.8403e-13 -1.1861e-12 -1.3283e-12 2.1608e-12 -1.6569e-13 3.2127e-13 1.0087e-12 -6.0364e-13 3.1015e-13 2.5695e-13 -1.5422e-12 2.786e-13 3.3605e-13 6.2763e-13 6.2737e-13 3.5927e-13 -5.2382e-13 -6.9549e-13 -4.5935e-14 -4.3551e-13 -1.1753e-12 -2.882e-13 6.56e-13 2.9988e-13 -1.3116e-13 0
3.0084e-11 2.7344e-11 2.4909e-11 2.8254e-11 2.4387e-11 2.8206e-11 4.2144e-11 2.4429e-11 3.2841e-11 2.5215e-11 3.7785e-11 2.9412e-11 3.8116e-11 2.9176e-11 2.8985e-11 3.0435e-11 2.6491e-11 3.5904e-11 3.1971e-11 3.3713e-11 2.804e-11 3.3078e-11 3.2343e-11 3.6222e-11 3.7532e-11 2.8381e-11 2.9828e-11 3.0161e-11 3.3754e-11 3.4479e-11 2.9947e-11 2.5639e-11 2.3083e-11 3.0893e-11 2.6153e-11 3.3084e-11 3.3624e-11 2.414e-11 3.4188e-11 3.022e-11 3.1351e-11 3.2579e-11 2.6712e-11 2.9365e-11 3.0625e-11 2.7942e-11 2.6221e-11 2.4449e-11 1.9428e-11 2.1003e-11 1.6095e-11 2.3691e-11 2.1826e-11 2.1286e-11 8.4238e-12 1.8963e-11 1.8289e-11 1.2262e-11 1.2851e-11 1.2182e-11 6.4677e-12 1.1535e-11 1.127e-11 1.0067e-11 9.5237e-12 1.1795e-11 8.0054e-12 9.0379e-12 8.8409e-12 5.8062e-12 1.1101e-11 7.3926e-12 1.2133e-11 3.8366e-12 2.7795e-12 5.3323e-12 7.7929e-12 7.4263e-12 6.7785e-12 8.2944e-12 2.0707e-12 6.7539e-12 5.7702e-12 5.442e-12 -8.8664e-13 5.8109e-12 1.3324e-12 8.4287e-12 8.0933e-12 2.1611e-14 -7.0917e-13 1.6476e-12 2.2184e-12 -8.4924e-13 2.868e-12 -1.8214e-12 -2.0665e-12 5.4492e-12 1.7877e-12 -1.7188e-12 4.2911e-12 4.8431e-12 5.8e-12 6.921e-12 -2.0662e-12 1.1609e-12 2.1925e-12 3.189e-12 3.9442e-12 -7.5768e-13 9.0752e-13 -1.4501e-12 -1.3667e-12 1.476e-13 -3.2383e-12 -9.8463e-13 1.3022e-12 3.6323e-12 3.6788e-13 2.2457e-12 -5.2933e-12 1.3691e-12 5.7266e-12 -9.9144e-13 1.816e-12 1.4845e-12 -2.727e-13 -2.2805e-13 1.1501e-12 3.8394e-13 1.4506e-12 2.1646e-12 -1.1869e-12 1.6706e-12 -5.8864e-12 -1.5727e-13 9.5475e-13 -6.0506e-13 -7.9584e-13 -2.3754e-13 -3.4931e-12 -2.255e-12 -1.0638e-12 1.5351e-12 5.645e-13 7.1273e-13 1.5095e-12 2.8128e-12 5.9628e-13 -1.1329e-12 -1.4025e-12 -7.9262e-13 -1.1464e-12 5.9045e-13 -2.8825e-12 2.0675e-13 1.1723e-12 -6.6003e-13 -8.9908e-13 5.045e-13 3.7938e-13 -7.0948e-13 1.048e-12 -9.7632e-13 3.0333e-13 -3.827e-13 -1.7523e-12 9.8549e-14 -1.5756e-13 1.0013e-12 5.833e-13 -2.0705e-14 -8.02e-13 -9.5167e-13 7.0848e-13 -6.1138e-13 -1.1026e-12 1.3049e-13 3.8507e-13 7.4441e-14 -1.6171e-13 0
2.2603e-11 2.1186e-11 1.9255e-11 1.9863e-11 2.1177e-11 2.3041e-11 2.4429e-11 2.4937e-11 2.6817e-11 2.0453e-11 2.8371e-11 2.3832e-11 2.8363e-11 2.2062e-11 2.2405e-11 2.3408e-11 2.2015e-11 2.7165e-11 2.1569e-11 2.9309e-11 2.1021e-11 2.5019e-11 2.4786e-11 2.7124e-11 2.5669e-11 1.937e-11 2.2162e-11 2.4561e-11 2.6017e-11 2.712e-11 2.3185e-11 1.9005e-11 1.9303e-11 2.3966e-11 2.127e-11 2.4032e-11 2.5979e-11 2.0273e-11 2.6348e-11 2.3571e-11 2.2961e-11 2.6412e-11 2.139e-11 2.0898e-11 2.3286e-11 2.0886e-11 2.0619e-11 1.7781e-11 1.7538e-11 1.9731e-11 1.4243e-11 1.7913e-11 1.7139e-11 1.7921e-11 4.0087e-12 1.4254e-11 1.1427e-11 8.7582e-12 7.5409e-12 1.027e-11 7.6784e-12 9.1989e-12 8.9354e-12 7.8693e-12 8.3668e-12 5.2174e-12 8.1558e-12 8.6433e-12 6.6234e-12 4.1849e-12 8.1482e-12 4.2818e-12 9.199e-12 9.4507e-13 2.6225e-12 5.5761e-12 2.3518e-12 4.8874e-12 6.3525e-12 6.4831e-12 1.413e-12 4.7697e-12 4.9093e-12 4.6515e-12 -1.525e-13 5.7005e-12 1.6973e-12 7.2792e-12 8.1953e-12 2.2677e-12 2.168e-12 3.4352e-12 -2.4711e-12 5.8416e-14 2.1461e-12 -1.9673e-12 -1.4309e-12 6.228e-12 3.3374e-12 -3.0063e-12 1.782e-12 1.2444e-12 6.3036e-12 4.2926e-12 1.9367e-12 1.3946e-12 1.3349e-12 1.5228e-12 3.0295e-12 -1.2217e-13 1.1122e-12 -1.9898e-12 -1.4275e-12 -1.27e-12 -5.1167e-13 5.0355e-13 -8.6962e-13 1.8886e-12 1.9621e-12 1.0576e-12 -3.9547e-12 2.6713e-12 6.735e-12 -1.8747e-12 -4.8539e-13 -3.2449e-13 -3.6774e-12 -4.2882e-13 7.5327e-13 1.5355e-12 -3.0566e-12 2.113e-13 -2.3391e-12 6.0686e-13 -3.2774e-12 4.7011e-13 -1.4839e-13 -8.8433e-14 -5.5521e-13 1.4922e-13 -3.1276e-12 -2.0972e-14 -5.8603e-13 9.8291e-13 1.0809e-13 1.1436e-12 1.3236e-12 6.7404e-13 -4.7259e-13 7.2108e-13 -8.5024e-13 -3.8514e-13 -6.7994e-14 2.1526e-13 -3.7866e-13 1.5357e-12 4.0632e-13 -2.6293e-13 -5.5259e-13 1.4754e-12 1.1978e-12 -4.1399e-13 1.2934e-12 -1.6319e-13 -1.6663e-14 -3.058e-13 -7.9336e-13 -1.0438e-13 2.3034e-13 3.5872e-13 5.7635e-13 -9.4544e-14 -2.2709e-13 -8.8304e-13 1.7674e-14 -8.1266e-13 -6.2294e-13 -3.175e-13 5.7838e-13 2.1504e-13 4.515e-14 0
3.0008e-11 2.9084e-11 2.6444e-11 2.5961e-11 2.7746e-11 2.8739e-11 3.2841e-11 2.6817e-11 4.3252e-11 2.7659e-11 3.7276e-11 3.1668e-11 3.7674e-11 2.8193e-11 3.0976e-11 3.112e-11 2.9359e-11 3.7454e-11 3.1999e-11 3.7292e-11 2.836e-11 3.3342e-11 3.4406e-11 3.6504e-11 3.5318e-11 2.5464e-11 3.0388e-11 3.341e-11 3.4447e-11 3.4388e-11 3.058e-11 2.7597e-11 2.5588e-11 2.9636e-11 2.5426e-11 3.4654e-11 2.9949e-11 2.5402e-11 3.5691e-11 3.0537e-11 3.1316e-11 3.4291e-11 3.0792e-11 2.7486e-11 2.9908e-11 2.8455e-11 2.3706e-11 2.3154e-11 1.9018e-11 2.6365e-11 1.7083e-11 2.1483e-11 2.1902e-11 2.3358e-11 7.9508e-12 1.9016e-11 1.6026e-11 1.2114e-11 1.0694e-11 1.4238e-11 8.5044e-12 1.2036e-11 1.5166e-11 9.5633e-12 9.2538e-12 6.2079e-12 9.0473e-12 1.133e-11 7.1492e-12 5.3198e-12 8.2551e-12 5.2558e-12 9.2061e-12 8.1386e-13 3.322e-12 5.6372e-12 6.5006e-12 6.2368e-12 7.4455e-12 5.3133e-12 9.5417e-13 5.3189e-12 5.0162e-12 7.6284e-12 -1.0374e-12 7.5122e-12 2.272e-12 5.2064e-12 1.0382e-11 3.3348e-12 -1.1593e-12 1.8852e-12 7.62e-13 2.448e-12 1.1241e-12 -2.2025e-12 -7.0997e-13 6.3262e-12 3.6499e-12 -3.0075e-12 1.92e-12 3.1561e-12 9.8957e-12 4.6838e-12 1.1944e-12 4.569e-12 1.4558e-12 4.0706e-12 2.6422e-12 4.0366e-12 -1.5416e-12 -3.6227e-12 -1.3706e-12 -1.1583e-13 -2.9048e-12 2.0992e-12 -6.4087e-13 2.3291e-12 9.1844e-13 1.1055e-12 -2.2026e-12 1.9572e-12 8.7456e-12 -2.2707e-12 5.6652e-13 9.9396e-13 -3.49e-12 -3.8383e-13 2.884e-12 4.1874e-13 -1.5767e-12 -3.1506e-15 -1.8158e-12 2.3989e-12 -6.2689e-12 1.8273e-12 2.1286e-13 5.9713e-13 2.765e-12 4.2431e-13 -3.8342e-12 -8.2237e-13 1.2089e-12 1.1074e-12 2.0788e-12 3.0696e-13 2.8557e-12 2.6353e-12 -1.0898e-12 -1.3624e-12 -1.5961e-12 -3.4206e-13 -6.831e-13 -1.0407e-12 -1.2751e-12 1.6713e-12 6.0548e-13 -4.7565e-13 -1.0163e-12 2.5181e-12 1.1856e-12 -1.5152e-13 1.3663e-12 -9.0403e-13 -8.5918e-13 9.5198e-14 -2.0574e-12 -9.8758e-13 -1.9205e-13 -1.7537e-13 8.3991e-13 -2.1949e-13 -5.6729e-13 -1.2258e-12 1.8393e-13 -1.0986e-12 -1.0893e-12 1.9818e-13 1.0149e-12 5.2461e-13 5.6873e-15 0
2.292e-11 2.0924e-11 1.9643e-11 1.9743e-11 2.1622e-11 2.165e-11 2.5215e-11 2.0453e-11 2.7659e-11 2.5948e-11 3.0146e-11 2.268e-11 2.8223e-11 2.2413e-11 2.1873e-11 2.2472e-11 2.1803e-11 2.8623e-11 2.3325e-11 2.6731e-11 2.2181e-11 2.6357e-11 2.7344e-11 2.7273e-11 2.7621e-11 2.0584e-11 2.3513e-11 2.5311e-11 2.4798e-11 2.7915e-11 2.2468e-11 2.1861e-11 1.8839e-11 2.4284e-11 2.2258e-11 2.5669e-11 2.4736e-11 2.0661e-11 2.6449e-11 2.4324e-11 2.4974e-11 2.6208e-11 2.0392e-11 2.036e-11 2.1808e-11 2.1985e-11 2.0561e-11 1.8333e-11 1.5087e-11 2.0788e-11 1.33e-11 1.842e-11 1.7447e-11 1.9508e-11 4.8396e-12 1.3087e-11 1.5185e-11 6.8604e-12 9.1449e-12 1.2475e-11 8.2259e-12 1.0414e-11 1.0977e-11 7.6141e-12 7.7246e-12 6.6337e-12 5.0493e-12 9.5521e-12 6.6595e-12 4.0322e-12 9.0723e-12 2.8058e-12 6.8245e-12 1.1922e-12 4.3552e-12 5.9555e-12 4.873e-12 6.2763e-12 6.5046e-12 5.0103e-12 2.9383e-12 5.011e-12 6.4236e-12 4.6343e-12 1.0771e-12 4.8761e-12 6.0587e-14 5.9687e-12 7.5456e-12 1.8212e-12 9.0623e-13 2.2045e-12 -6.1455e-13 2.3807e-12 3.3771e-13 -3.259e-12 -7.1859e-13 3.2229e-12 1.7885e-12 -2.2096e-12 2.3773e-12 2.7882e-12 6.1892e-12 6.3643e-12 9.2824e-13 3.4729e-14 2.2767e-12 2.7018e-12 3.4172e-12 3.6742e-12 8.1625e-13 -7.3245e-13 -2.5797e-12 1.5856e-12 -1.4267e-12 1.5524e-12 -1.865e-12 3.0395e-12 1.5288e-12 6.4127e-13 -1.7008e-12 9.3797e-13 6.9834e-12 -1.762e-12 -3.3741e-13 1.7882e-12 -2.1776e-12 8.7542e-14 3.0753e-12 6.2625e-14 -9.4638e-13 -1.1257e-13 -1.1059e-12 1.6496e-12 -4.6425e-12 -3.9956e-14 -1.2224e-13 1.6292e-12 -5.4249e-13 1.2968e-12 -3.4231e-12 -1.4361e-12 4.8975e-13 1.0707e-12 -1.0731e-13 1.6629e-12 1.5192e-12 1.45e-12 -5.8304e-13 -8.2164e-13 -8.0405e-13 -5.9543e-13 -1.1186e-12 -5.0135e-13 -1.1716e-12 2.1041e-13 1.0794e-12 -1.3734e-12 -3.6741e-13 1.4719e-12 1.2405e-12 -1.6693e-13 1.2366e-12 -2.8065e-13 -2.4858e-14 -5.3875e-13 -1.4857e-12 8.2744e-13 -1.1718e-13 2.5881e-13 6.6956e-13 2.7655e-13 -4.2401e-14 -9.0451e-13 1.5972e-13 -3.1028e-13 -9.6618e-13 2.6781e-13 4.8317e-13 3.0831e-13 -1.7609e-14 0
3.374e-11 3.0399e-11 2.8751e-11 2.9322e-11 3.1807e-11 3.2623e-11 3.7785e-11 2.8371e-11 3.7276e-11 3.0146e-11 4.6358e-11 3.373e-11 4.2404e-11 3.1298e-11 3.2798e-11 3.503e-11 3.148e-11 4.0466e-11 3.2795e-11 3.9364e-11 3.142e-11 3.5969e-11 3.7079e-11 3.9444e-11 3.9085e-11 3.1046e-11 3.3279e-11 3.69e-11 3.518e-11 3.9575e-11 3.2962e-11 3.0899e-11 2.988e-11 3.4592e-11 2.9863e-11 3.6718e-11 3.5524e-11 2.7542e-11 3.805e-11 3.2957e-11 3.3059e-11 3.6924e-11 3.1306e-11 3.0792e-11 3.4674e-11 3.0428e-11 2.7349e-11 2.6998e-11 2.3351e-11 2.756e-11 2.1284e-11 2.4816e-11 2.417e-11 2.5476e-11 8.4104e-12 1.8038e-11 1.8143e-11 1.1378e-11 1.1949e-11 1.5013e-11 9.4178e-12 1.1644e-11 1.2026e-11 1.2767e-11 1.253e-11 9.3616e-12 8.1008e-12 1.0765e-11 8.643e-12 6.6258e-12 9.6337e-12 8.2904e-12 1.1068e-11 -9.3065e-13 5.1872e-12 8.2557e-12 5.5587e-12 6.4865e-12 1.1224e-11 8.3663e-12 3.7396e-12 6.6992e-12 6.3219e-12 7.7583e-12 2.867e-12 7.5954e-12 2.2328e-12 1.1003e-11 9.5839e-12 2.3627e-12 -1.0166e-13 1.7157e-12 3.7806e-13 -1.167e-13 2.0442e-12 -4.1563e-12 -2.0989e-12 5.029e-12 1.5448e-12 -1.976e-12 5.0079e-12 2.4184e-12 6.0448e-12 7.4575e-12 1.0356e-13 4.5601e-13 8.0137e-13 4.5022e-12 4.8959e-12 1.7792e-12 1.7496e-12 -2.2924e-12 -1.3247e-12 3.8668e-13 -4.431e-13 2.808e-12 -2.8744e-13 1.722e-12 7.6482e-13 1.4514e-12 -5.4082e-12 1.4147e-12 9.453e-12 -1.577e-12 -4.0337e-13 2.6392e-12 -1.676e-12 -6.0781e-13 1.7482e-12 1.0437e-12 -4.9047e-13 6.5429e-13 -6.4975e-13 6.3732e-14 -6.5802e-12 6.3905e-13 -5.6262e-14 6.6771e-13 2.1734e-13 6.6666e-13 -3.0986e-12 -5.4678e-14 8.3598e-13 9.2724e-13 -7.3707e-13 1.5217e-12 2.2194e-12 1.7722e-12 2.3499e-13 -2.1452e-13 -1.4551e-12 -7.3036e-13 -1.7324e-12 -2.9714e-13 -2.2745e-12 2.1263e-12 1.6603e-12 -1.2385e-12 -6.3618e-13 2.3724e-12 7.1455e-14 1.5082e-13 2.0436e-12 -1.7848e-13 3.4907e-13 -4.9807e-13 -1.755e-12 4.7264e-13 1.948e-13 5.6369e-13 1.4044e-12 2.8422e-13 -4.9272e-13 -1.2804e-12 -1.4966e-13 -4.1649e-13 -1.512e-12 1.5501e-13 3.6906e-13 5.1322e-13 -4.3542e-14 0
2.7099e-11 2.4402e-11 2.3598e-11 2.4376e-11 2.5601e-11 2.518e-11 2.9412e-11 2.3832e-11 3.1668e-11 2.268e-11 3.373e-11 3.2035e-11 3.4404e-11 2.4463e-11 2.6354e-11 2.7453e-11 2.6766e-11 3.2987e-11 2.5782e-11 3.1585e-11 2.4758e-11 2.8099e-11 2.9497e-11 3.3254e-11 2.9485e-11 2.4466e-11 2.3285e-11 2.9055e-11 2.9281e-11 3.297e-11 2.6035e-11 2.562e-11 2.3895e-11 2.6628e-11 2.3181e-11 3.0017e-11 2.913e-11 2.2547e-11 3.178e-11 2.8586e-11 2.6859e-11 3.0133e-11 2.4817e-11 2.3454e-11 2.7221e-11 2.4408e-11 2.3583e-11 2.1447e-11 1.9292e-11 2.1505e-11 1.5589e-11 2.0416e-11 1.9279e-11 1.9912e-11 6.6907e-12 1.6447e-11 1.3466e-11 1.0783e-11 1.0013e-11 1.1715e-11 7.4259e-12 1.0887e-11 1.2026e-11 9.1267e-12 1.1757e-11 7.771e-12 9.4015e-12 9.644e-12 8.436e-12 3.4879e-12 9.7181e-12 4.3124e-12 8.5678e-12 5.9748e-13 3.1857e-12 4.5746e-12 4.2333e-12 3.7011e-12 8.322e-12 6.1256e-12 2.1619e-12 5.3235e-12 5.6303e-12 5.9642e-12 1.5593e-12 8.5165e-12 2.5069e-12 8.0815e-12 8.6403e-12 2.1146e-12 3.337e-13 2.2905e-13 3.1114e-13 7.8805e-13 1.3366e-12 -3.54e-12 -2.7704e-12 5.3544e-12 2.4932e-12 -4.4424e-12 3.421e-12 2.2227e-12 6.4678e-12 4.0676e-12 6.7046e-13 3.2684e-12 2.2799e-12 2.8876e-12 2.1039e-12 8.6792e-13 -5.1585e-13 -1.6387e-12 -1.4305e-13 -1.8128e-12 3.9429e-13 1.7708e-12 -8.4532e-13 1.6515e-12 -4.6455e-13 1.1022e-12 -4.6983e-12 1.2338e-12 7.4434e-12 -4.8689e-13 -3.1815e-13 1.2922e-12 -2.9699e-12 -6.1314e-13 2.5692e-12 7.4939e-13 -6.8773e-13 -1.0796e-12 -7.5094e-13 9.1607e-13 -3.3836e-12 1.1542e-12 1.6418e-13 -9.3418e-13 -1.0058e-13 -7.871e-13 -3.3453e-12 -7.713e-13 -5.0785e-13 4.8515e-13 -6.1233e-13 1.6966e-12 2.5457e-12 1.8501e-12 -4.0128e-13 4.1159e-13 -1.7866e-12 -6.4388e-13 1.8443e-13 -4.775e-13 -1.7441e-12 1.5051e-12 9.6336e-13 2.1157e-13 -9.7261e-13 8.5316e-13 1.0673e-12 -1.1347e-13 8.5759e-13 -6.1666e-13 -6.639e-13 2.5292e-13 -1.257e-12 -2.5272e-13 1.3341e-13 1.1887e-13 5.479e-13 -1.3783e-14 -3.319e-13 -4.9439e-13 5.2391e-14 -6.6171e-13 -1.0468e-12 -1.3795e-13 8.1459e-13 2.9468e-13 2.2182e-13 0
3.1831e-11 3.022e-11 3.0376e-11 3.2236e-11 3.227e-11 3.1938e-11 3.8116e-11 2.8363e-11 3.7674e-11 2.8223e-11 4.2404e-11 3.4404e-11 5.1658e-11 3.2394e-11 3.4527e-11 3.5699e-11 3.3702e-11 4.1805e-11 3.5445e-11 4.0251e-11 3.1444e-11 3.9255e-11 3.7448e-11 4.2365e-11 3.9246e-11 3.2107e-11 3.3858e-11 3.7629e-11 3.5203e-11 4.14e-11 3.2322e-11 3.3199e-11 3.1618e-11 3.4113e-11 3.1095e-11 3.7491e-11 3.7234e-11 2.7197e-11 4.0014e-11 3.4703e-11 3.4971e-11 3.8359e-11 3.4687e-11 3.1534e-11 3.4023e-11 3.2428e-11 3.1406e-11 2.7003e-11 2.1858e-11 2.6094e-11 1.9288e-11 2.6837e-11 2.5323e-11 2.5704e-11 9.1057e-12 1.6758e-11 2.0128e-11 1.4639e-11 1.38e-11 1.4693e-11 9.7301e-12 1.3073e-11 1.1745e-11 1.2594e-11 1.4942e-11 1.1291e-11 1.0152e-11 1.3348e-11 1.0965e-11 3.2149e-12 1.125e-11 1.0312e-11 1.644e-11 8.2594e-13 2.7684e-12 5.871e-12 6.1845e-12 8.9318e-12 8.7305e-12 8.9001e-12 4.495e-12 6.5444e-12 7.171e-12 8.8263e-12 7.2961e-13 8.2892e-12 9.3759e-13 1.1782e-11 9.0188e-12 3.8244e-12 -2.0979e-12 2.5429e-12 -8.2416e-13 2.2582e-12 6.2468e-12 -3.1796e-12 -2.4622e-12 5.6584e-12 1.5453e-12 -3.0389e-12 4.1862e-12 2.4236e-12 6.8518e-12 6.6982e-12 3.6155e-13 1.3853e-12 3.1513e-12 4.637e-12 1.8729e-12 3.6995e-13 4.4522e-13 -1.6322e-12 -1.4863e-12 -2.217e-12 -1.5476e-14 8.455e-13 -4.6296e-13 3.0697e-12 2.8191e-12 2.8989e-12 -4.4271e-12 1.6907e-12 6.8357e-12 -1.9492e-13 8.0346e-13 1.251e-12 -5.1623e-12 4.6826e-13 2.7639e-12 2.0255e-12 -5.0387e-13 -5.6935e-13 -9.7822e-13 1.7235e-12 -5.412e-12 8.1137e-13 -2.5168e-12 2.5789e-13 1.2354e-12 9.9571e-13 -3.3948e-12 -1.2893e-12 -1.96e-13 2.1318e-12 1.514e-12 1.5034e-12 2.0429e-12 1.035e-12 -2.2127e-12 6.2659e-13 -2.3132e-12 -1.362e-12 -1.9152e-12 3.5694e-13 -3.2612e-12 2.7781e-13 1.2286e-12 -8.5096e-13 -1.6285e-12 1.5187e-12 6.2999e-14 -1.6539e-13 1.8993e-12 -4.9653e-13 -8.925e-13 -7.2637e-14 -4.6127e-13 7.0488e-14 -2.1778e-13 7.8779e-13 1.3931e-12 -5.7016e-14 -9.0666e-13 -1.0339e-12 -1.2894e-13 -7.1629e-13 -7.4237e-13 -1.9785e-14 3.1911e-13 6.2188e-13 5.1697e-15 0
2.6524e-11 2.2739e-11 2.1221e-11 2.3571e-11 2.2801e-11 2.3221e-11 2.9176e-11 2.2062e-11 2.8193e-11 2.2413e-11 3.1298e-11 2.4463e-11 3.2394e-11 3.0732e-11 2.4551e-11 2.6492e-11 2.361e-11 3.0756e-11 2.7597e-11 2.8264e-11 2.3589e-11 2.7757e-11 2.9739e-11 3.0085e-11 2.8689e-11 2.2445e-11 2.5838e-11 2.6336e-11 2.7568e-11 3.2756e-11 2.4614e-11 2.251e-11 2.2454e-11 2.4891e-11 2.2701e-11 2.7728e-11 2.7605e-11 1.9836e-11 3.1444e-11 2.5214e-11 2.6727e-11 2.9468e-11 2.4006e-11 2.3692e-11 2.639e-11 2.5905e-11 2.5684e-11 1.8903e-11 1.6371e-11 2.2253e-11 1.2201e-11 2.1588e-11 2.026e-11 1.7885e-11 7.3266e-12 1.4386e-11 1.7284e-11 6.567e-12 1.0849e-11 1.2626e-11 8.0249e-12 1.0801e-11 1.195e-11 9.2419e-12 1.0105e-11 6.057e-12 8.6793e-12 8.4764e-12 7.7207e-12 3.1563e-12 7.9026e-12 5.883e-12 9.7212e-12 2.0795e-12 2.6447e-12 5.8518e-12 4.2649e-12 8.4697e-12 6.3007e-12 9.2827e-12 4.6923e-12 3.5533e-12 6.0931e-12 7.057e-12 2.5756e-12 5.7694e-12 -1.1393e-12 9.2727e-12 7.7279e-12 -4.7951e-13 -2.5498e-14 1.2914e-12 -2.2092e-12 -5.1391e-13 2.9827e-12 6.2475e-14 -2.3904e-13 5.5084e-12 3.1678e-12 -9.8082e-13 5.281e-12 1.4203e-12 5.056e-12 5.929e-12 9.7171e-13 3.343e-13 2.1309e-12 5.1635e-12 2.7483e-12 7.073e-13 -5.2765e-13 -1.6172e-12 4.5368e-13 2.7357e-12 -2.0062e-12 1.6213e-12 6.4951e-13 2.0676e-12 1.4621e-12 2.6364e-12 -2.9914e-12 2.5585e-12 5.3538e-12 -3.2185e-13 1.3692e-12 9.5901e-13 -1.6951e-12 -1.3544e-13 9.0047e-13 6.4654e-13 -7.3502e-13 2.6069e-12 -5.5338e-13 7.1745e-13 -4.4245e-12 1.6498e-13 -1.1334e-12 -3.2983e-13 3.7395e-13 6.2329e-13 -3.6468e-12 2.5433e-13 9.9098e-13 1.8419e-12 5.1977e-13 6.8947e-13 1.8293e-12 -3.8771e-14 -1.0544e-12 1.0677e-13 -4.5998e-13 -3.1124e-13 -7.7818e-13 -5.696e-13 -8.7305e-13 1.2833e-12 3.117e-13 -5.8557e-13 -7.9499e-13 6.3285e-13 -1.0403e-13 -5.1248e-13 1.3106e-12 -5.3391e-13 -2.0107e-13 -2.2832e-13 -1.7791e-12 -4.1271e-13 -3.3233e-13 -1.4134e-13 7.8218e-13 -4.3892e-13 -4.4877e-13 -1.1336e-12 -1.7478e-13 -7.6976e-13 -9.2403e-13 -4.0867e-13 7.1837e-13 3.0188e-13 -7.038e-14 0
2.4751e-11 2.386e-11 2.2802e-11 2.2123e-11 2.3704e-11 2.6185e-11 2.8985e-11 2.2405e-11 3.0976e-11 2.1873e-11 3.2798e-11 2.6354e-11 3.4527e-11 2.4551e-11 3.1847e-11 2.6528e-11 2.592e-11 3.1827e-11 2.8288e-11 3.2357e-11 2.6896e-11 2.7744e-11 2.8394e-11 3.1596e-11 3.0873e-11 2.5154e-11 2.6167e-11 3.1087e-11 2.9762e-11 3.1581e-11 2.5285e-11 2.3421e-11 2.1811e-11 2.6355e-11 2.4451e-11 2.9488e-11 2.8868e-11 1.9302e-11 3.1589e-11 2.5203e-11 2.4944e-11 2.7173e-11 2.6688e-11 2.5331e-11 2.555e-11 2.416e-11 2.1771e-11 2.3529e-11 1.8299e-11 2.1456e-11 1.4685e-11 1.9663e-11 1.7131e-11 2.0927e-11 7.2335e-12 1.5376e-11 1.4769e-11 1.0796e-11 1.0541e-11 1.1935e-11 7.5686e-12 1.0425e-11 1.0685e-11 7.892e-12 1.0697e-11 9.2694e-12 8.1395e-12 9.5038e-12 7.2673e-12 1.7444e-12 8.2978e-12 8.9921e-12 1.2485e-11 7.864e-13 4.0153e-12 4.918e-12 5.1699e-12 8.0519e-12 7.9223e-12 5.6321e-12 1.1653e-12 3.3619e-12 5.2747e-12 7.2145e-12 -6.4358e-14 5.7636e-12 4.747e-13 8.1513e-12 8.291e-12 3.6732e-12 -7.0584e-13 3.5207e-12 2.543e-13 1.5067e-12 3.3146e-12 -2.3751e-12 -1.9133e-12 4.4537e-12 1.9897e-12 -2.6605e-12 9.226e-13 3.0808e-12 4.8213e-12 5.7952e-12 2.2543e-12 3.0069e-13 3.5915e-12 2.2445e-12 2.8087e-12 2.3163e-12 2.2348e-14 -1.9527e-12 -1.2279e-12 -5.781e-13 -1.2412e-12 2.8822e-12 9.9836e-13 1.3739e-12 1.6803e-12 1.2823e-12 -4.1303e-12 3.2002e-12 5.9958e-12 -3.6342e-13 2.3954e-13 2.5496e-12 -2.1237e-12 3.8904e-14 1.4816e-12 1.2196e-12 -9.6726e-13 6.7869e-13 -1.061e-12 1.1555e-12 -5.3133e-12 3.4164e-14 -1.752e-12 8.0488e-13 1.9008e-12 -7.8605e-13 -2.6732e-12 -1.1198e-12 1.3321e-13 1.9081e-12 1.0907e-12 1.0824e-12 1.6183e-12 6.8036e-13 -7.8118e-13 -2.7023e-13 -1.6484e-12 -1.1689e-12 -7.6226e-13 6.2852e-15 -2.8294e-12 1.3531e-12 3.5544e-13 -4.7715e-13 -1.5124e-12 1.1933e-12 -6.5398e-13 -1.3849e-13 1.3499e-12 -2.2056e-13 -8.7437e-14 3.2534e-13 -1.0124e-12 1.7795e-13 6.0626e-14 5.6525e-13 6.3583e-13 2.2671e-13 -1.2059e-12 -8.3749e-13 -7.7849e-14 -4.1775e-13 -8.7934e-13 -2.258e-13 6.9035e-13 2.412e-13 -2.4305e-13 0
2.7887e-11 2.4477e-11 2.4982e-11 2.5794e-11 2.6343e-11 2.6108e-11 3.0435e-11 2.3408e-11 3.112e-11 2.2472e-11 3.503e-11 2.7453e-11 3.5699e-11 2.6492e-11 2.6528e-11 3.5516e-11 2.6476e-11 3.2867e-11 2.7462e-11 3.0177e-11 2.6424e-11 2.918e-11 2.9048e-11 3.1604e-11 3.1823e-11 2.4907e-11 2.6359e-11 3.0109e-11 2.992e-11 3.2353e-11 2.6944e-11 2.3311e-11 2.3465e-11 2.6773e-11 2.3026e-11 3.11e-11 3.1025e-11 2.2583e-11 3.152e-11 2.8786e-11 2.6782e-11 3.1153e-11 2.7384e-11 2.8123e-11 2.9515e-11 2.7235e-11 2.2835e-11 2.0969e-11 1.5598e-11 2.1191e-11 1.717e-11 2.1676e-11 1.8751e-11 2.1726e-11 8.1343e-12 1.4597e-11 1.6026e-11 1.0962e-11 8.1905e-12 1.2535e-11 7.5258e-12 8.8084e-12 1.0654e-11 1.4376e-11 1.0093e-11 6.7325e-12 8.7359e-12 1.018e-11 6.1225e-12 4.5514e-12 7.5407e-12 7.3065e-12 1.2242e-11 2.7876e-12 4.5866e-12 6.4498e-12 5.6859e-12 6.7496e-12 5.1524e-12 5.2096e-12 4.384e-12 3.6967e-12 5.6611e-12 7.4844e-12 8.205e-13 8.8447e-12 1.0757e-12 8.9896e-12 8.8693e-12 1.2939e-12 -2.5963e-12 8.8238e-13 -1.3489e-12 1.5525e-12 3.7169e-12 -1.1559e-12 1.7219e-13 3.2857e-12 1.6069e-12 -1.1294e-12 3.9297e-12 2.0762e-12 6.0115e-12 5.7773e-12 1.1497e-12 3.3942e-12 2.0624e-12 4.429e-13 3.4826e-12 -9.0906e-13 -2.712e-13 -1.5103e-12 9.0369e-13 -4.7829e-13 -1.6738e-12 2.0761e-12 -8.1305e-13 2.2672e-12 1.4537e-12 1.5107e-12 -3.5342e-12 1.2943e-12 8.1032e-12 -1.6001e-12 -7.9726e-13 9.4914e-13 -3.1552e-12 1.8601e-12 8.9971e-13 5.7017e-13 -1.6677e-13 4.4347e-13 -4.0925e-13 1.2687e-13 -3.7043e-12 1.3832e-12 -6.2692e-13 -8.6629e-13 8.0867e-13 -5.312e-13 -3.4024e-12 -1.1378e-12 5.3973e-13 8.7581e-13 2.8954e-13 1.7282e-12 2.0273e-12 6.096e-14 -1.0924e-12 -1.783e-12 -1.4304e-13 3.7205e-14 -1.8346e-12 -4.4419e-13 -1.2038e-12 1.3597e-12 1.2125e-12 -3.0509e-14 3.9222e-13 2.3071e-12 -1.2071e-13 1.0272e-13 1.3403e-12 5.214e-13 9.1242e-13 7.7661e-14 -1.2108e-12 -4.3396e-13 1.79e-13 -7.516e-13 1.1266e-12 -7.6795e-14 -4.9874e-13 -9.5016e-13 -1.5839e-15 -7.6317e-13 -1.619e-12 -3.4208e-13 4.0936e-13 2.5299e-13 3.2717e-13 0
2.6555e-11 2.1437e-11 2.3143e-11 2.2782e-11 2.4589e-11 2.4654e-11 2.6491e-11 2.2015e-11 2.9359e-11 2.1803e-11 3.148e-11 2.6766e-11 3.3702e-11 2.361e-11 2.592e-11 2.6476e-11 3.1369e-11 3.2095e-11 2.56e-11 3.0268e-11 2.3407e-11 2.9519e-11 2.7069e-11 3.155e-11 2.7912e-11 2.4804e-11 2.4771e-11 2.9473e-11 2.8108e-11 3.3574e-11 2.6158e-11 2.4143e-11 2.1342e-11 2.71e-11 2.3279e-11 3.0622e-11 2.818e-11 2.2157e-11 2.9709e-11 2.8022e-11 2.5382e-11 2.7298e-11 2.6025e-11 2.6156e-11 2.521e-11 2.3489e-11 2.1975e-11 1.9768e-11 1.7947e-11 2.1171e-11 1.448e-11 1.8803e-11 1.8732e-11 1.888e-11 7.3371e-12 1.2892e-11 1.192e-11 1.0644e-11 1.0847e-11 1.4404e-11 7.9946e-12 1.0933e-11 1.136e-11 1.0526e-11 1.2921e-11 6.9023e-12 8.769e-12 1.0124e-11 7.5701e-12 3.792e-12 7.3188e-12 6.4567e-12 1.0966e-11 1.723e-12 4.6973e-12 5.2543e-12 4.1e-12 5.8579e-12 6.0237e-12 6.0943e-12 2.4631e-12 5.1722e-12 4.7497e-12 7.0674e-12 1.4287e-12 7.078e-12 2.7124e-12 7.9828e-12 7.7379e-12 4.0754e-12 -9.1815e-13 6.3929e-13 1.0082e-12 1.8251e-12 3.0624e-12 -2.6925e-13 -1.938e-14 3.8267e-12 1.5464e-12 -1.9795e-12 4.897e-12 3.9548e-12 4.3929e-12 5.6075e-12 6.7867e-13 2.0076e-12 1.8988e-12 4.0944e-12 1.9574e-12 2.9625e-12 -1.9917e-13 -2.1689e-12 -1.4524e-12 -6.0081e-13 -7.0643e-13 6.0984e-13 -9.2022e-13 1.299e-12 -9.865e-13 1.9838e-12 -2.8815e-12 4.2479e-12 7.9215e-12 -2.482e-12 -1.6023e-12 2.5074e-12 -3.1595e-12 1.151e-12 1.1351e-12 1.9796e-12 -3.51e-13 1.6352e-13 -1.3222e-12 -3.8264e-13 -2.447e-12 7.0566e-13 -2.5372e-12 -7.6803e-13 1.6398e-12 1.7185e-13 -2.2537e-12 -2.4186e-14 2.3817e-13 1.4094e-12 6.6004e-13 1.1194e-12 2.3365e-12 -4.8059e-13 -2.0823e-12 6.0981e-13 -9.4484e-13 -1.6471e-12 4.6171e-13 -6.3063e-13 -1.5263e-12 1.2682e-12 1.4011e-12 3.3386e-13 -1.0003e-12 1.8765e-12 -9.7204e-13 1.4547e-13 2.0082e-12 -8.737e-13 -1.3849e-12 9.6796e-13 -1.0453e-12 4.538e-13 5.7591e-13 -1.9032e-13 6.9072e-13 -1.314e-13 -1.7028e-13 -1.1429e-12 9.0928e-14 -3.4473e-13 -1.1643e-12 -3.3031e-13 6.6051e-13 2.9996e-13 -7.3593e-14 0
3.1331e-11 2.7796e-11 2.8248e-11 2.9698e-11 3.1019e-11 3.0858e-11 3.5904e-11 2.7165e-11 3.7454e-11 2.8623e-11 4.0466e-11 3.2987e-11 4.1805e-11 3.0756e-11 3.1827e-11 3.2867e-11 3.2095e-11 4.5437e-11 3.2953e-11 3.697e-11 2.9681e-11 3.5275e-11 3.6144e-11 3.9277e-11 3.5045e-11 3.0397e-11 3.2322e-11 3.4772e-11 3.6279e-11 4.1051e-11 3.091e-11 3.0533e-11 2.7745e-11 3.5336e-11 2.8227e-11 3.6265e-11 3.4262e-11 2.6634e-11 3.7473e-11 3.5011e-11 3.2913e-11 3.7635e-11 2.9936e-11 2.9282e-11 3.2531e-11 2.9164e-11 2.6974e-11 2.5186e-11 2.1472e-11 2.7038e-11 1.6001e-11 2.5818e-11 2.4966e-11 2.42e-11 1.1672e-11 1.7494e-11 2.0236e-11 1.0592e-11 1.3854e-11 1.7209e-11 9.0455e-12 1.5049e-11 1.5397e-11 9.8446e-12 1.2478e-11 7.589e-12 9.5843e-12 1.278e-11 8.1661e-12 3.0218e-12 1.2176e-11 6.5965e-12 1.4099e-11 6.3474e-13 4.8724e-12 6.391e-12 6.9233e-12 5.6832e-12 7.0393e-12 8.7943e-12 4.4054e-12 5.8266e-12 4.5598e-12 9.0733e-12 1.5035e-13 9.5993e-12 3.6854e-12 9.4924e-12 9.0355e-12 3.289e-12 -1.3702e-12 1.9257e-12 1.646e-12 2.3812e-12 1.6087e-12 -1.6485e-12 -1.3284e-12 6.1082e-12 4.7832e-12 -1.1257e-12 4.2351e-12 2.0943e-12 5.9797e-12 6.8262e-12 -6.6825e-13 2.6898e-12 1.7385e-12 5.5644e-12 4.0243e-12 2.6392e-12 2.1314e-12 -3.032e-12 -1.8022e-12 5.2087e-13 -2.6212e-12 1.3407e-12 1.6494e-13 3.0826e-12 1.4835e-12 1.0238e-12 -3.286e-12 2.149e-12 7.4196e-12 -5.6008e-14 6.4858e-13 7.9559e-13 -3.0613e-12 -3.4787e-13 2.9038e-12 -2.0981e-13 -1.1787e-12 6.7127e-13 -2.4539e-12 1.6653e-13 -5.3656e-12 6.8317e-13 -2.0154e-12 6.5575e-13 1.4862e-12 2.8375e-13 -3.363e-12 -3.1854e-13 9.5782e-13 2.9585e-12 1.0541e-12 2.0589e-12 2.9333e-12 1.278e-12 -4.7337e-13 -5.6533e-14 -1.4825e-12 -8.5235e-13 -7.4596e-13 -1.5043e-12 -3.0291e-12 5.2078e-13 2.1427e-12 -9.5839e-13 -1.1504e-12 2.1539e-12 7.5682e-13 -3.6738e-13 1.9357e-12 -1.3587e-12 -3.8699e-13 1.5939e-12 -5.8837e-13 2.1815e-13 2.3203e-13 5.7729e-13 9.5929e-13 8.201e-14 -8.8416e-13 -1.1607e-12 -4.5032e-13 -7.9169e-13 -1.1735e-12 -1.9908e-13 8.1728e-13 5.2311e-13 4.1972e-14 0
2.6253e-11 2.4642e-11 2.3334e-11 2.3063e-11 2.5144e-11 2.5192e-11 3.1971e-11 2.1569e-11 3.1999e-11 2.3325e-11 3.2795e-11 2.5782e-11 3.5445e-11 2.7597e-11 2.8288e-11 2.7462e-11 2.56e-11 3.2953e-11 3.5122e-11 2.9954e-11 2.4995e-11 2.9212e-11 3.2265e-11 3.252e-11 3.1674e-11 2.429e-11 2.954e-11 3.0743e-11 2.9482e-11 3.3601e-11 2.8324e-11 2.6804e-11 2.31e-11 2.7016e-11 2.3108e-11 3.3835e-11 3.2105e-11 2.1934e-11 3.3697e-11 2.8433e-11 2.5761e-11 3.2455e-11 2.2664e-11 2.4749e-11 2.5973e-11 2.7387e-11 2.3938e-11 2.2298e-11 1.5983e-11 2.2281e-11 1.373e-11 2.2065e-11 1.8458e-11 2.0923e-11 7.5312e-12 1.6758e-11 1.6978e-11 1.1815e-11 1.1141e-11 1.2293e-11 7.1268e-12 1.0752e-11 1.3643e-11 9.5682e-12 1.0764e-11 1.052e-11 8.2935e-12 9.9931e-12 8.4521e-12 2.0877e-12 9.2764e-12 7.5637e-12 1.2075e-11 8.4725e-13 3.8811e-12 4.4134e-12 6.9586e-12 9.4736e-12 6.307e-12 6.7528e-12 1.7411e-12 4.4622e-12 6.1375e-12 6.5483e-12 2.1683e-13 5.3339e-12 4.6665e-13 7.4038e-12 7.4457e-12 1.4241e-14 -2.3509e-12 1.136e-12 1.3411e-12 -1.6653e-12 2.7459e-12 -1.8335e-12 -5.8409e-13 6.4677e-12 2.8355e-12 -3.1151e-12 3.055e-12 3.5112e-12 4.2291e-12 5.4374e-12 -4.3208e-13 1.5118e-12 2.8758e-12 3.7409e-12 1.6033e-12 2.3406e-12 1.3615e-12 -2.597e-12 -2.4216e-12 -4.9625e-13 -4.0712e-12 5.1573e-13 1.2744e-12 2.9692e-12 1.1512e-12 2.0823e-12 -2.8154e-12 1.704e-12 5.2173e-12 -1.4781e-12 1.0645e-12 1.537e-12 -3.9928e-12 -7.9706e-13 2.1179e-12 2.1144e-13 -5.0634e-13 8.308e-13 -1.2401e-12 1.0111e-12 -5.6568e-12 -3.7209e-15 -2.1675e-13 1.4096e-12 8.1646e-13 3.8798e-14 -3.1755e-12 -3.5115e-13 7.6999e-14 2.2916e-12 1.3812e-12 1.4234e-12 2.8285e-12 9.7387e-13 -1.7393e-12 -6.7193e-13 -1.1434e-12 1.0632e-12 -1.3983e-12 -7.9974e-13 -2.1017e-12 1.124e-12 6.331e-13 -7.4117e-13 -1.7885e-12 1.2333e-12 -5.0618e-13 -8.5139e-13 1.9238e-12 -8.9147e-13 -1.9162e-13 1.9503e-13 -1.1428e-12 -2.1994e-14 1.0048e-13 4.3555e-13 6.6338e-13 2.8776e-13 -1.0853e-12 -1.0924e-12 9.8682e-15 -4.1552e-13 -9.0524e-13 1.3207e-14 1.0059e-12 3.6918e-13 -3.2725e-13 0
