,0,1,2,3,4,5,6,7,8,9,10,11,12,13,14,15,16,17,18,19,20,21,22,23,24,25,26,27,28,29,30,31,32,33,34,35,36,37,38,39,40,41,42,43,44,45,46,47,48,49,50,51,52,53,54,55,56,57,58,59,60,61,62,63,64,65,66,67,68,69,70,71,72,73,74,75,76,77,78,79,80,81,82,83,84,85,86,87,88,89,90,91,92,93,94,95,96,97,98,99,100,101,102,103,104,105,106,107,108,109,110,111,112,113,114,115,116,117,118,119,120
0,1,0.87272,0.91758,0.85325,0.81797,0.86519,0.873,0.81952,0.86587,0.84977,0.87018,0.87499,0.85192,0.87836,0.84142,0.82193,0.83545,0.87018,0.77683,0.80166,0.72337,0.74867,0.7859,0.78676,0.76701,0.67174,0.75594,0.70863,0.66445,0.69443,0.67715,0.49935,0.35185,0.70513,0.37152,0.56779,0.42725,0.35275,0.46302,0.077757,0.44489,0.25034,0.43485,0.097509,0.28087,0.30962,0.1565,0.098081,0.20767,0.22451,0.24254,0.050889,0.035283,0.14081,-0.020324,-0.0866,0.27581,-0.23315,-0.43963,-0.00033992,0.012872,0.055068,-0.1035,-0.0055952,-0.073834,-0.22185,-0.081737,-0.11563,-0.076933,0.078175,-0.030076,-0.23197,-0.36465,-0.31742,-0.36168,0.15111,-2.3359e-05,-0.042641,0.031498,-0.22051,-0.19227,-0.22274,-0.016473,-0.060195,-0.069698,-0.2742,-0.21243,-0.15419,0.029237,-0.057128,0.073856,-0.11435,0.094086,-0.035831,0.02976,-0.063593,-0.043612,0.22482,0.059068,-0.1299,0.14755,0.020215,0.13036,-0.18064,0.065991,-0.040718,0.16493,0.070351,0.040424,0.27126,0.014218,0.42055,0.088655,-0.08253,0.45636,0.098325,0.18377,0.18987,-0.12268,-0.24243,-0.036634
1,0.87272,1,0.94605,0.87455,0.88805,0.85283,0.88516,0.88786,0.88791,0.86825,0.79777,0.87992,0.86763,0.83487,0.87594,0.87605,0.84361,0.83464,0.76702,0.81716,0.73859,0.79937,0.83605,0.7922,0.76095,0.76251,0.74099,0.70653,0.59719,0.7314,0.66433,0.40908,0.45859,0.66278,0.33935,0.54033,0.42061,0.46902,0.39032,0.27543,0.46442,0.29861,0.52885,0.16025,0.2593,0.46541,0.10618,0.10233,0.13528,0.24215,0.37669,0.048858,0.08783,0.19634,0.01352,-0.17229,0.043595,-0.15894,-0.37625,0.088007,0.090231,0.080963,-0.18774,-0.109,-0.10591,-0.22119,-0.19497,-0.029791,-0.078031,-0.06623,-0.06306,-0.16424,-0.21383,-0.22426,-0.30961,0.029291,-0.11154,-0.22417,0.11024,-0.31481,-0.14775,-0.032272,-0.078141,0.014515,-0.14617,-0.23858,-0.33608,-0.083085,0.11096,-0.13461,-0.04552,-0.070755,0.088253,-0.064848,0.0011859,-0.052427,0.10645,0.083602,0.068501,-0.12379,0.12844,-0.067916,0.049237,-0.17828,-0.030955,-0.024466,0.16444,0.071404,0.080507,0.36351,0.05772,0.50188,-0.037482,0.056789,0.32403,0.014631,0.13247,0.029817,-0.11122,-0.20464,-0.062148
2,0.91758,0.94605,1,0.89423,0.89407,0.87384,0.89669,0.85591,0.88854,0.85934,0.85531,0.90047,0.89142,0.87843,0.89765,0.86658,0.83256,0.87151,0.79185,0.83942,0.72928,0.76769,0.82796,0.80482,0.79719,0.74972,0.78894,0.77914,0.69091,0.72954,0.71107,0.41579,0.42949,0.68307,0.31408,0.54563,0.47046,0.46921,0.43178,0.25759,0.39869,0.26969,0.42234,0.22398,0.22977,0.40759,0.065936,0.072761,0.13137,0.26736,0.30589,0.05415,0.16195,0.11571,-0.029607,-0.12268,0.17069,-0.21042,-0.38529,0.080561,0.083965,0.1292,-0.16257,-0.15145,-0.15918,-0.2009,-0.13775,-0.039399,-0.07,-0.033291,-0.098815,-0.20297,-0.30378,-0.28801,-0.27307,0.059238,-0.085825,-0.10284,0.095974,-0.30727,-0.17387,-0.077434,-0.083263,-0.076055,-0.12915,-0.20051,-0.27617,-0.14064,0.069627,-0.061204,-0.01569,-0.044677,0.056179,-0.034602,0.051297,-0.041652,0.018418,0.18775,0.016751,-0.039233,0.20911,0.045396,0.082081,-0.095136,0.0078179,-0.020966,0.21542,0.094484,-0.011349,0.27032,0.060386,0.38374,-0.015967,0.022457,0.40299,-0.075819,0.1502,0.12203,-0.15442,-0.13394,-0.036209
3,0.85325,0.87455,0.89423,1,0.85796,0.80639,0.80724,0.85803,0.80579,0.82583,0.8335,0.85581,0.84604,0.80939,0.84468,0.82246,0.8684,0.81484,0.78019,0.81065,0.79502,0.65225,0.791,0.78571,0.73346,0.75158,0.7323,0.65215,0.55606,0.74513,0.63698,0.37535,0.31947,0.6505,0.34601,0.51774,0.35453,0.48217,0.50868,0.26285,0.48709,0.19753,0.40581,0.15727,0.29639,0.36528,0.080888,0.057175,0.030355,0.33903,0.4051,-0.091812,0.025653,0.15303,0.0028369,-0.032923,0.19655,-0.29532,-0.37575,0.097119,-0.024047,0.22116,-0.23851,-0.15864,-0.098867,-0.20791,-0.045654,-0.024863,-0.020069,-0.10082,-0.016536,-0.13773,-0.19502,-0.28399,-0.39889,0.050653,-0.076219,-0.058439,0.11308,-0.23363,-0.20137,-0.13495,-0.15584,-0.19762,-0.1164,-0.16435,-0.37105,-0.15987,0.091542,-0.10081,-0.054601,-0.051788,0.2058,0.019976,-0.066637,-0.055974,0.0015657,0.21858,-0.026016,-0.1134,0.20651,0.032649,0.19655,-0.071906,0.08574,0.09533,0.1836,0.0054591,0.049703,0.27449,-0.036031,0.44057,-0.0081512,0.14539,0.24822,-0.1538,0.12892,0.15341,-0.12339,-0.20624,-0.0098913
4,0.81797,0.88805,0.89407,0.85796,1,0.82957,0.8404,0.81714,0.87891,0.84107,0.78466,0.85036,0.85988,0.78036,0.77178,0.84504,0.77038,0.85896,0.77086,0.80405,0.69337,0.69147,0.77293,0.82512,0.69486,0.71604,0.61412,0.67776,0.56591,0.71818,0.60855,0.34031,0.35362,0.61843,0.40387,0.51284,0.48545,0.49883,0.4162,0.27927,0.47518,0.32331,0.38235,0.18895,0.27673,0.42562,0.088793,0.10421,0.14483,0.30749,0.38864,-0.0070704,0.10263,0.15544,-0.0031702,-0.039078,0.044019,-0.15677,-0.23658,0.19858,0.10763,0.10414,-0.1742,-0.15641,-0.082403,-0.29381,-0.20821,0.053637,0.034043,-0.0012764,-0.052132,-0.17943,-0.17584,-0.35534,-0.31584,0.11727,-0.16984,-0.098777,0.051909,-0.24787,-0.046826,0.0043385,-0.13031,-0.0762,-0.07266,-0.28353,-0.36377,-0.17561,0.049996,-0.14188,0.029704,-0.05368,0.081141,-0.013029,-0.0085289,-0.034546,0.13775,0.081364,0.06804,-0.11534,0.081456,0.045007,0.071216,-0.066956,0.034817,0.086927,0.14805,-0.010813,-0.013884,0.28729,-0.054315,0.52763,-0.055047,-0.017241,0.25074,-0.066677,0.14658,0.16818,-0.1575,-0.28251,0.020806
5,0.86519,0.85283,0.87384,0.80639,0.82957,1,0.86336,0.80876,0.82892,0.78634,0.87556,0.88615,0.86198,0.82232,0.83401,0.80415,0.7496,0.85883,0.75789,0.7715,0.76389,0.77503,0.77995,0.7659,0.78153,0.71779,0.65551,0.67027,0.60063,0.68665,0.62845,0.40882,0.49225,0.64015,0.31754,0.48363,0.4873,0.40617,0.46832,0.32119,0.40876,0.34458,0.39922,0.14196,0.38519,0.36572,0.11565,0.16288,0.17742,0.33131,0.23913,0.055861,0.03165,0.16272,-0.05945,-0.090325,0.18436,-0.23502,-0.3153,0.084973,0.012179,0.019904,-0.065652,-0.12337,-0.052958,-0.22634,-0.1158,-0.043429,-0.066477,-0.069267,-0.1143,-0.19969,-0.25399,-0.29042,-0.25308,0.12575,-0.10194,-0.20129,0.23165,-0.22143,-0.12169,-0.10201,-0.021233,-0.048582,-0.14759,-0.32315,-0.3101,-0.10343,0.024372,-0.11825,0.13707,-0.092616,0.041613,-0.14136,0.16399,-0.13918,-0.027242,0.14386,0.061254,-0.18016,-0.031531,0.024632,0.010696,-0.14124,0.0014941,0.086584,0.16281,0.13778,-0.00091146,0.18019,0.072357,0.38557,0.10185,-0.076544,0.37093,0.0095726,0.27245,0.1935,-0.044838,-0.14306,-0.026642
6,0.873,0.88516,0.89669,0.80724,0.8404,0.86336,1,0.81481,0.89071,0.84766,0.82334,0.88575,0.87149,0.75701,0.84261,0.8253,0.80236,0.86753,0.68764,0.74124,0.65743,0.80948,0.78296,0.8494,0.82634,0.67602,0.70308,0.71678,0.59908,0.74652,0.76109,0.40299,0.41836,0.60929,0.35891,0.55453,0.39541,0.39125,0.48622,0.2345,0.41941,0.31878,0.48793,0.16426,0.23548,0.43792,0.23437,0.092384,0.086907,0.23151,0.31121,0.1272,0.11579,0.12938,-0.018203,-0.081769,0.15006,-0.18641,-0.41118,0.038616,0.057471,0.049082,-0.12614,-0.10593,0.024393,-0.18448,-0.17081,-0.047621,-0.096608,-0.10441,-0.19371,-0.18719,-0.22612,-0.24238,-0.25325,0.18464,-0.11214,-0.13756,0.10951,-0.3672,-0.22378,-0.009049,-0.03396,-0.065557,-0.10235,-0.21582,-0.35077,-0.10106,-0.016657,-0.072516,-0.047132,-0.12802,0.032692,0.046121,0.13151,0.011127,0.0091475,0.20594,-0.01265,-0.10182,0.034475,-0.021676,0.010702,-0.21442,-0.029099,-0.04941,0.16172,0.15878,0.02054,0.27461,0.08828,0.4004,0.031186,0.00089509,0.32876,0.068045,0.22573,0.14422,-0.049043,-0.28191,0.033606
7,0.81952,0.88786,0.85591,0.85803,0.81714,0.80876,0.81481,1,0.80984,0.79948,0.80116,0.8446,0.8403,0.75994,0.81773,0.77625,0.80564,0.80294,0.77189,0.81956,0.78606,0.68113,0.82229,0.76721,0.76502,0.74045,0.69045,0.65033,0.53612,0.64357,0.67956,0.34375,0.42944,0.57605,0.39441,0.41009,0.32823,0.49352,0.47377,0.32846,0.42055,0.25596,0.45461,-0.025514,0.28067,0.36823,0.057225,0.15817,0.17696,0.30133,0.29442,0.068463,0.1013,0.08768,0.0085129,-0.062758,0.14273,-0.20783,-0.36784,0.15739,0.010416,0.19316,-0.23207,-0.14384,0.01145,-0.26225,-0.012959,-0.15865,-0.14525,-0.088383,-0.043559,-0.10833,-0.20901,-0.14459,-0.47807,-0.019248,-0.065251,-0.077529,0.15845,-0.36187,-0.14945,-0.1726,-0.095174,-0.0051493,-0.18994,-0.18276,-0.3236,-0.12666,0.19295,-0.14423,-0.052729,-0.12066,0.20884,-0.020365,0.0055445,0.02551,-0.044775,0.048055,0.012026,-0.092573,0.010944,0.11351,0.13577,-0.080206,-0.12508,0.074719,0.12202,0.0094312,0.011022,0.20892,0.021925,0.34849,0.065869,0.12256,0.2871,0.11731,0.21006,0.016878,-0.17107,-0.23433,-0.13323
8,0.86587,0.88791,0.88854,0.80579,0.87891,0.82892,0.89071,0.80984,1,0.79493,0.82249,0.89821,0.88319,0.80664,0.8138,0.7802,0.78825,0.845,0.71474,0.72121,0.59885,0.77147,0.75507,0.8354,0.70115,0.71653,0.69005,0.66216,0.64995,0.67864,0.63864,0.4852,0.40432,0.61412,0.37455,0.54806,0.4123,0.378,0.39779,0.2215,0.49923,0.47349,0.5349,0.15864,0.26533,0.34388,0.10914,0.089021,0.11627,0.25692,0.30878,0.0019336,-0.001548,0.17076,-0.014419,-0.13958,0.012768,-0.21012,-0.47302,0.079867,0.14776,-0.0097721,-0.2133,-0.079408,-0.11524,-0.19458,-0.13107,-0.01905,-0.048027,-0.036612,-0.05872,-0.14283,-0.25151,-0.1857,-0.32497,0.24003,-0.12304,-0.11954,0.030554,-0.28598,-0.20237,-0.0087657,0.033852,0.039478,-0.11727,-0.31346,-0.33122,-0.19819,0.082709,-0.03502,-0.063253,-0.18279,0.14977,0.034603,0.16291,-0.048327,0.095084,0.098914,-0.010406,-0.17056,0.069337,-0.095973,0.044026,-0.17842,-0.11062,0.0053872,0.15641,0.15292,0.0014496,0.32439,-0.12679,0.45599,0.10804,-0.003162,0.34463,0.067006,0.23529,0.071926,-0.12598,-0.2591,-0.019044
9,0.84977,0.86825,0.85934,0.82583,0.84107,0.78634,0.84766,0.79948,0.79493,1,0.73531,0.78875,0.81593,0.7829,0.77259,0.82825,0.8343,0.76756,0.75679,0.70304,0.72433,0.72158,0.7488,0.71329,0.76116,0.69323,0.68224,0.66759,0.54544,0.70947,0.64983,0.37837,0.34034,0.60279,0.48974,0.44034,0.38608,0.48193,0.42347,0.16068,0.59435,0.30215,0.396,0.079079,0.25706,0.50219,0.2182,0.06611,0.11275,0.29248,0.32589,0.040439,0.018311,0.073723,0.1232,-0.097226,0.088616,-0.035473,-0.3369,0.13322,0.15032,0.070925,-0.11077,-0.026789,-0.029867,-0.16666,-0.16362,-0.1133,-0.12336,-0.0011204,-0.070187,-0.15022,-0.22629,-0.29271,-0.24224,0.037748,0.075365,-0.12536,0.09244,-0.25245,-0.051953,-0.11992,-0.018146,-0.071666,-0.10455,-0.22213,-0.26744,-0.0068795,0.030581,-0.048245,0.041449,-0.061245,0.04707,-0.02829,-0.032442,-0.033141,0.0042353,0.10219,0.1849,-0.093282,0.10138,0.076636,0.13629,-0.11041,-0.018169,-0.042883,0.17444,-0.024475,0.035862,0.32747,0.052353,0.55192,-0.045072,-0.11653,0.32298,-0.0079658,0.08141,0.053241,-0.16128,-0.31284,0.022001
10,0.87018,0.79777,0.85531,0.8335,0.78466,0.87556,0.82334,0.80116,0.82249,0.73531,1,0.85958,0.82953,0.80477,0.83135,0.75603,0.77938,0.84716,0.75418,0.75072,0.68805,0.69339,0.81267,0.76214,0.75201,0.69451,0.68024,0.6532,0.64752,0.71565,0.67855,0.42288,0.4139,0.68732,0.2744,0.50217,0.4716,0.3741,0.49619,0.25956,0.42646,0.3348,0.39775,0.12319,0.21363,0.35953,0.11146,0.059261,0.24014,0.30298,0.2644,0.10085,0.11651,0.13516,0.058037,-0.047404,0.20597,-0.2553,-0.38548,0.070903,0.0052436,0.053625,-0.11855,-0.15128,-0.13402,-0.16067,-0.081512,-0.12356,-0.11184,-0.014618,-0.048465,-0.11741,-0.27043,-0.19182,-0.32043,0.17788,-0.02461,-0.058604,0.18725,-0.18253,-0.16387,-0.16799,0.0093916,-0.090263,-0.063433,-0.22201,-0.28024,-0.22515,0.17359,-0.13529,0.10285,-0.11617,0.14382,-0.021777,0.16376,-0.094703,-0.045475,0.27286,-0.10878,-0.13785,0.024861,0.031154,0.018425,-0.19872,0.050588,0.12327,0.18693,0.095968,-0.078786,0.2192,0.069192,0.34779,0.062807,0.075769,0.38668,0.030896,0.1892,0.18764,-0.15585,-0.13803,-0.038452
11,0.87499,0.87992,0.90047,0.85581,0.85036,0.88615,0.88575,0.8446,0.89821,0.78875,0.85958,1,0.90466,0.81982,0.88386,0.78966,0.78902,0.8326,0.70255,0.78928,0.73684,0.79013,0.8224,0.81267,0.77036,0.73636,0.70032,0.62042,0.69121,0.67066,0.72158,0.39262,0.39073,0.66845,0.39095,0.50916,0.45738,0.40593,0.42992,0.18938,0.4483,0.39724,0.42809,0.061511,0.25625,0.38884,0.13112,0.13198,0.094614,0.26628,0.21176,0.024003,-0.016019,0.20392,-0.14086,-0.073908,0.16311,-0.27873,-0.38734,0.0035306,0.038265,-0.056392,-0.11611,-0.11096,-0.12818,-0.34613,-0.13765,-0.039951,-0.079363,-0.019454,-0.12433,-0.1305,-0.2063,-0.3042,-0.37615,0.041352,-0.22904,-0.065828,0.20459,-0.31167,-0.15313,0.00014183,-0.00056897,-0.014303,-0.073506,-0.24669,-0.25026,-0.16696,0.095755,-0.10184,0.027996,-0.17129,0.070315,-0.05598,0.11143,-0.038501,-0.047416,0.16331,-0.014043,-0.086756,0.01968,-0.086178,0.14234,-0.10947,-0.043758,0.068171,0.17154,0.078375,0.036282,0.22179,-0.042665,0.44479,0.0263,-0.0055394,0.34218,-0.0087457,0.23348,0.11043,-0.07253,-0.23902,-0.013584
12,0.85192,0.86763,0.89142,0.84604,0.85988,0.86198,0.87149,0.8403,0.88319,0.81593,0.82953,0.90466,1,0.81968,0.83071,0.78806,0.80533,0.86086,0.74597,0.78216,0.69317,0.71379,0.79116,0.77261,0.79243,0.76636,0.68284,0.66047,0.59386,0.71364,0.65289,0.4251,0.45661,0.6346,0.37641,0.44906,0.41491,0.41714,0.50854,0.27992,0.42142,0.3329,0.46486,0.056454,0.18995,0.38233,0.05603,0.079123,0.1686,0.33326,0.21813,0.031333,-0.012554,0.16582,-0.11055,-0.073673,0.16772,-0.29881,-0.3478,0.14498,-0.082499,0.066976,-0.11283,-0.050957,-0.16955,-0.29446,-0.051298,-0.069773,-0.021644,-0.078145,-0.12945,-0.18859,-0.26972,-0.35871,-0.26289,0.11187,-0.2053,-0.069092,0.16337,-0.3524,-0.13253,-0.05425,0.00094704,-0.024194,-0.15195,-0.246,-0.26925,-0.15551,0.10969,-0.1139,-0.057846,-0.14535,0.13738,-0.0037365,0.11218,-0.18991,-0.012511,0.11193,0.00079303,0.026777,0.036488,0.072941,0.19058,-0.1756,0.081301,-0.012056,0.13797,0.12272,0.063398,0.040976,-7.4286e-05,0.39647,-0.035588,0.0134,0.32313,-0.10822,0.29736,0.070748,-0.15663,-0.10764,-0.041853
13,0.87836,0.83487,0.87843,0.80939,0.78036,0.82232,0.75701,0.75994,0.80664,0.7829,0.80477,0.81982,0.81968,1,0.84047,0.74691,0.78149,0.74685,0.79514,0.81243,0.66028,0.74079,0.68974,0.74029,0.70918,0.73041,0.72966,0.71613,0.62706,0.67168,0.51197,0.43241,0.38746,0.58656,0.21367,0.6002,0.45171,0.34897,0.38477,0.11126,0.40533,0.18628,0.441,0.13241,0.23057,0.28445,0.087938,0.077778,0.12887,0.31914,0.29772,-0.048122,0.23408,0.044503,0.052814,-0.13417,0.2129,-0.17,-0.38255,0.14042,-0.032905,0.056026,-0.18854,-0.016366,-0.099346,-0.25173,-0.16236,-0.084544,-0.031398,0.024637,-0.021814,-0.11471,-0.31632,-0.19626,-0.1777,0.068291,0.034618,-0.011052,0.13742,-0.18416,-0.079935,-0.08873,0.065538,0.085421,-0.019722,-0.2515,-0.17038,-0.1483,0.013206,-0.18012,0.035191,-0.045495,0.0032499,-0.059314,0.070094,-0.075285,-0.04444,0.14719,-0.039097,-0.030095,0.26394,0.03379,0.061742,-0.054757,0.047115,-0.015716,0.22922,0.20789,-0.0223,0.2171,0.049852,0.4036,-0.052462,0.0045884,0.38623,-0.04726,0.15133,0.1356,-0.13895,-0.14251,-0.025339
14,0.84142,0.87594,0.89765,0.84468,0.77178,0.83401,0.84261,0.81773,0.8138,0.77259,0.83135,0.88386,0.83071,0.84047,1,0.77192,0.76214,0.827,0.71361,0.82552,0.70117,0.80813,0.80037,0.80328,0.74008,0.73119,0.70819,0.62953,0.58356,0.77232,0.70644,0.33253,0.46381,0.60998,0.1901,0.46672,0.44166,0.32652,0.32487,0.19445,0.41281,0.26836,0.34076,0.14227,0.2106,0.38006,0.1058,0.15962,0.10016,0.23533,0.29372,0.0044309,0.12291,0.17391,0.047871,-0.15393,0.25854,-0.12782,-0.36577,-0.041063,0.0075667,0.1007,-0.13737,-0.12282,-0.071627,-0.19116,-0.19264,0.013374,-0.13823,-0.15657,-0.098189,-0.0084972,-0.18947,-0.14423,-0.30984,0.0070482,-0.092866,-0.19955,0.14271,-0.34438,-0.19651,-0.049996,0.04067,0.0043278,-0.1382,-0.14092,-0.15541,-0.155,0.084626,-0.066418,-0.044544,-0.095664,0.020132,-0.052069,0.13311,-0.073861,-0.023148,0.18302,-0.013227,-0.066932,0.18991,-0.0043675,0.19742,-0.059284,-0.095702,0.005248,0.26827,0.14645,0.067083,0.35763,0.0044008,0.34919,-0.029781,0.20369,0.3805,-0.028982,0.24818,0.11641,-0.028871,-0.074773,-0.080605
15,0.82193,0.87605,0.86658,0.82246,0.84504,0.80415,0.8253,0.77625,0.7802,0.82825,0.75603,0.78966,0.78806,0.74691,0.77192,1,0.81239,0.81052,0.63754,0.65992,0.63336,0.7191,0.79782,0.73495,0.72275,0.74967,0.64123,0.68254,0.43968,0.82129,0.66622,0.40479,0.43328,0.63151,0.34122,0.4529,0.41319,0.46605,0.53607,0.30098,0.52753,0.23151,0.36018,0.15959,0.32805,0.29437,0.23499,0.031982,0.051081,0.042396,0.37349,0.034246,0.037334,0.13939,0.070244,-0.12659,0.14092,-0.19885,-0.45244,0.077685,0.039858,0.072739,-0.14095,-0.088015,-0.1176,-0.076153,-0.13038,-0.031317,-0.038492,-0.19679,-0.062852,-0.20411,-0.27409,-0.30244,-0.33244,-0.017854,-0.051273,-0.097101,0.10329,-0.19734,-0.24979,-0.0086113,-0.09786,-0.080898,-0.12682,-0.24691,-0.40613,0.061675,0.05393,-0.075692,0.03385,0.14756,0.14761,-0.12729,-0.042344,0.0052046,0.050366,0.080835,0.084638,-0.050957,0.062903,-0.011136,0.20452,-0.096373,0.092552,-0.03145,0.34092,0.063454,0.1068,0.31183,0.053054,0.52125,-0.13936,0.081109,0.31918,0.049406,0.12519,0.13136,-0.16405,-0.26688,-0.086109
16,0.83545,0.84361,0.83256,0.8684,0.77038,0.7496,0.80236,0.80564,0.78825,0.8343,0.77938,0.78902,0.80533,0.78149,0.76214,0.81239,1,0.71542,0.68286,0.67666,0.66366,0.69289,0.75092,0.74776,0.75724,0.73446,0.69259,0.65162,0.54574,0.71399,0.55963,0.42196,0.33619,0.67178,0.26881,0.41084,0.40441,0.39847,0.58155,0.16452,0.51688,0.26383,0.37133,-0.031581,0.2229,0.388,0.17092,0.03006,0.13845,0.2682,0.40561,-0.038634,0.048476,0.15299,0.11817,-0.045834,0.11042,-0.20507,-0.37743,0.087761,-0.012912,0.0952,-0.15134,-0.047166,-0.022868,-0.10037,-0.063725,-0.017189,-0.0070022,-0.20629,0.093751,-0.15598,-0.19254,-0.20037,-0.24865,-0.05989,-0.11695,-0.076311,0.098749,-0.25918,-0.16874,-0.14039,-0.024713,-0.025639,-0.084923,-0.16837,-0.29387,-0.022186,0.016432,-0.10878,-0.018908,-0.017968,0.15227,0.062395,-0.089849,0.03894,-0.072803,0.050391,-0.12345,-0.03401,0.18752,0.036023,0.25095,-0.14721,0.013922,-0.11405,0.11788,0.090101,-0.029284,0.24094,0.070517,0.42638,-0.013694,0.077183,0.31941,0.0020729,0.10258,0.096543,-0.12938,-0.3427,-0.018657
17,0.87018,0.83464,0.87151,0.81484,0.85896,0.85883,0.86753,0.80294,0.845,0.76756,0.84716,0.8326,0.86086,0.74685,0.827,0.81052,0.71542,1,0.67978,0.74703,0.65736,0.68057,0.82139,0.81402,0.70121,0.63931,0.68732,0.6349,0.55691,0.72708,0.68276,0.43123,0.38946,0.64438,0.28115,0.54981,0.48712,0.3602,0.42433,0.1997,0.4055,0.24063,0.32965,0.15791,0.24436,0.22951,0.16801,0.1436,0.093671,0.25008,0.24189,0.11411,0.035778,0.18569,-0.0066853,-0.13557,0.27612,-0.19056,-0.38224,0.020626,-0.065877,0.13457,-0.11546,-0.066876,-0.068195,-0.24718,-0.073363,-0.081282,-0.11397,-0.044047,-0.19345,-0.090105,-0.22403,-0.25785,-0.34601,0.25408,-0.070544,-0.075804,0.05207,-0.31928,-0.18462,-0.10224,-0.14588,-0.11764,-0.1824,-0.25324,-0.25751,-0.067911,0.056704,-0.051954,-0.0072071,-0.027202,0.098863,0.04613,0.06619,-0.14727,0.045375,0.25242,0.062188,-0.11696,0.052091,0.055338,0.11766,-0.11289,0.10794,0.063327,0.13256,0.13394,0.11535,0.26697,-0.088773,0.40627,0.086354,-0.0033525,0.29939,-0.012695,0.21351,0.18722,-0.027769,-0.10722,-0.088211
18,0.77683,0.76702,0.79185,0.78019,0.77086,0.75789,0.68764,0.77189,0.71474,0.75679,0.75418,0.70255,0.74597,0.79514,0.71361,0.63754,0.68286,0.67978,1,0.81464,0.64855,0.59221,0.67701,0.64286,0.6527,0.71768,0.60999,0.687,0.55747,0.62988,0.48805,0.22561,0.47221,0.56184,0.43275,0.41207,0.32682,0.37695,0.4267,0.30979,0.36781,0.22526,0.43922,0.11992,0.18184,0.40415,-0.011183,0.16446,0.23959,0.36373,0.29795,-0.017838,0.28007,0.02377,0.019163,-0.18394,0.10712,-0.19635,-0.13405,0.30535,0.0098107,0.15359,-0.14743,-0.24756,-0.032388,-0.26927,-0.1043,-0.10979,0.00086812,-0.026622,0.10909,-0.24243,-0.29908,-0.30241,-0.24648,0.18044,0.026326,-0.13513,0.12734,-0.19759,0.032928,-0.13266,0.034251,-0.0014965,-0.1099,-0.17767,-0.32898,-0.24219,0.13355,-0.091329,0.053011,-0.16055,0.1639,-0.084211,0.090338,-0.17896,0.045605,0.19556,0.0055293,-0.087882,0.18356,0.19361,-0.058814,-0.19459,-0.013463,0.072021,0.19339,-0.0077052,-0.070258,0.096457,-0.0091224,0.34238,0.0049849,0.0031803,0.36865,0.020681,0.14908,0.055351,-0.22336,-0.010058,0.060432
19,0.80166,0.81716,0.83942,0.81065,0.80405,0.7715,0.74124,0.81956,0.72121,0.70304,0.75072,0.78928,0.78216,0.81243,0.82552,0.65992,0.67666,0.74703,0.81464,1,0.7319,0.64764,0.74037,0.69785,0.70465,0.65715,0.59667,0.65717,0.54628,0.60347,0.58228,0.22377,0.35276,0.5731,0.27409,0.48533,0.42371,0.3339,0.31896,0.21744,0.20106,0.15828,0.329,0.26032,0.168,0.38313,-0.12316,0.17528,0.23105,0.36011,0.34369,0.018701,0.28297,0.041258,-0.071304,0.026895,0.25926,-0.14124,-0.15827,0.10018,-0.025114,0.22751,-0.20734,-0.17598,-0.095108,-0.34333,-0.089887,0.0095689,0.054381,0.019639,-0.013514,-0.16702,-0.21759,-0.30412,-0.30727,0.036354,-0.067134,-0.14265,0.10037,-0.2278,-0.082293,-0.10252,-0.068973,0.039996,-0.070596,-0.16229,-0.26113,-0.3521,0.080231,-0.1044,-0.038871,-0.095434,-0.028994,0.012915,0.0060611,-0.051691,-0.026478,0.14322,-0.062233,-0.057607,0.19552,0.13192,0.055234,-0.1514,-0.0073128,0.025503,0.21308,0.082472,-0.10745,0.13982,0.023125,0.34246,-0.091912,0.088258,0.31926,0.04423,0.14241,0.18518,-0.14195,-0.15311,0.074312
20,0.72337,0.73859,0.72928,0.79502,0.69337,0.76389,0.65743,0.78606,0.59885,0.72433,0.68805,0.73684,0.69317,0.66028,0.70117,0.63336,0.66366,0.65736,0.64855,0.7319,1,0.58964,0.65138,0.57203,0.66682,0.53884,0.57961,0.50384,0.53352,0.54577,0.50849,0.33364,0.30475,0.51597,0.39135,0.33211,0.34556,0.4071,0.24104,0.29103,0.38301,0.16067,0.33499,0.030118,0.41492,0.37878,0.024226,0.043099,0.1302,0.37101,0.27033,-0.071093,-0.050571,0.16191,-0.039228,-0.06775,0.097339,-0.16953,-0.18401,-0.081377,-0.035873,0.17429,-0.10131,-0.096,-0.11825,-0.23758,-0.13962,0.074946,-0.082948,0.13632,-0.051286,-0.19966,-0.26699,-0.28306,-0.39753,-0.15203,-0.045721,-0.095737,0.13171,-0.15553,0.02554,-0.30213,-0.17436,-0.088243,-0.09373,0.024809,-0.20667,-0.18017,0.14041,-0.12428,-0.0099522,-0.18663,0.044538,-0.20657,-0.1799,0.03929,-0.093094,0.024466,0.22795,-0.096549,0.049672,0.097232,0.068291,-0.039876,0.051125,0.037931,0.014851,-0.21273,0.038512,0.19606,0.17963,0.3621,0.047497,-0.064595,0.18166,-0.10968,0.1474,0.045582,-0.046757,-0.26776,-0.051189
21,0.74867,0.79937,0.76769,0.65225,0.69147,0.77503,0.80948,0.68113,0.77147,0.72158,0.69339,0.79013,0.71379,0.74079,0.80813,0.7191,0.69289,0.68057,0.59221,0.64764,0.58964,1,0.64853,0.64299,0.69203,0.68034,0.63656,0.61716,0.60554,0.66935,0.57646,0.40482,0.35604,0.52147,0.21277,0.37924,0.431,0.33292,0.36184,0.12421,0.3612,0.32726,0.43071,0.17603,0.21167,0.40538,0.15843,0.014428,0.057935,0.12935,0.27927,-0.12453,0.15245,0.10861,-0.013043,-0.16031,0.11647,-0.10644,-0.2726,-0.048503,0.12583,-0.055687,-0.12671,-0.044897,0.1001,-0.11189,-0.27017,0.02478,-0.20624,-0.17234,-0.10603,-0.10717,-0.29245,-0.1756,-0.28134,0.047527,-0.01667,-0.12301,0.21985,-0.25984,-0.14032,-0.024411,-0.0051127,-0.0072542,-0.19862,-0.15688,-0.13759,-0.078326,0.068696,0.011026,-0.028199,-0.064223,-0.068622,-0.044512,0.083157,0.034939,0.041093,0.02646,0.020984,-0.18652,-0.0098653,-0.16058,-0.0012456,-0.24671,-0.12473,-0.093667,0.30175,0.035228,0.066664,0.3018,0.022041,0.41557,-0.095325,0.050033,0.23118,0.17458,0.10868,0.03763,0.077411,-0.29334,0.068235
22,0.7859,0.83605,0.82796,0.791,0.77293,0.77995,0.78296,0.82229,0.75507,0.7488,0.81267,0.8224,0.79116,0.68974,0.80037,0.79782,0.75092,0.82139,0.67701,0.74037,0.65138,0.64853,1,0.69234,0.75887,0.74328,0.58049,0.63196,0.51799,0.69937,0.63015,0.29308,0.37863,0.68565,0.35449,0.3406,0.37667,0.33142,0.40744,0.3492,0.451,0.28061,0.2614,0.02383,0.17275,0.39509,0.0642,0.19287,0.19422,0.15757,0.19575,0.2017,0.095461,0.1622,-0.034441,-0.14293,0.28113,-0.24588,-0.32622,-0.065083,0.051932,0.050716,-0.03639,-0.10383,-0.14211,-0.32586,-0.076268,-0.16229,-0.22565,-0.035759,-0.1018,-0.14359,-0.15992,-0.20082,-0.36119,0.016664,-0.10855,-0.097489,0.21639,-0.20357,-0.23518,-0.010963,-0.084854,-0.028211,-0.19445,-0.1596,-0.22828,-0.053912,0.21409,-0.043246,-0.012553,0.027856,0.19489,-0.021212,0.071587,-0.10142,-0.043033,0.17231,-0.011797,0.044634,0.024567,0.043642,0.075699,-0.23038,0.020994,0.025026,0.18083,-0.010052,0.085436,0.25734,-0.04092,0.40339,-0.014173,0.088958,0.25759,0.085208,0.17443,0.033852,-0.11075,-0.16327,-0.03494
23,0.78676,0.7922,0.80482,0.78571,0.82512,0.7659,0.8494,0.76721,0.8354,0.71329,0.76214,0.81267,0.77261,0.74029,0.80328,0.73495,0.74776,0.81402,0.64286,0.69785,0.57203,0.64299,0.69234,1,0.70843,0.57889,0.67515,0.60485,0.51413,0.71228,0.69107,0.32736,0.35735,0.57396,0.26779,0.59276,0.28273,0.24801,0.32911,0.15429,0.51736,0.25116,0.33916,0.079416,0.34028,0.28941,0.29597,0.23087,0.11554,0.21616,0.39712,0.058542,0.13277,0.088156,0.10946,-0.12164,0.11581,-0.14499,-0.37846,0.072621,-0.034885,0.075375,-0.20702,-0.22229,-0.033761,-0.285,-0.1149,0.07901,0.012111,-0.080137,-0.10378,0.012038,-0.031464,-0.10511,-0.22484,0.21437,-0.14267,-0.13295,-0.0014409,-0.30468,-0.17082,0.01075,0.022597,0.049867,0.0073895,-0.33113,-0.31077,-0.12887,-0.13305,-0.17779,-0.069396,-0.12206,-0.006331,-0.054743,0.06322,-0.038411,0.097967,0.18107,-0.033935,-0.056588,0.15841,-0.03043,0.10596,-0.013714,-0.11022,0.028042,0.12423,0.19397,-0.047439,0.42354,-0.1101,0.32221,0.16671,0.14076,0.33092,-0.0048509,0.2288,0.18397,0.016916,-0.26671,-0.071485
24,0.76701,0.76095,0.79719,0.73346,0.69486,0.78153,0.82634,0.76502,0.70115,0.76116,0.75201,0.77036,0.79243,0.70918,0.74008,0.72275,0.75724,0.70121,0.6527,0.70465,0.66682,0.69203,0.75887,0.70843,1,0.68956,0.69719,0.64631,0.59552,0.71579,0.59536,0.28791,0.30038,0.64234,0.27591,0.34354,0.26829,0.19942,0.44221,0.33233,0.40324,0.25238,0.35924,0.058196,0.21996,0.44566,0.1872,0.0028049,0.23198,0.25825,0.20942,-0.00063017,0.19085,0.005083,-0.1022,-0.039419,0.24795,-0.19878,-0.28206,-0.02932,-0.033172,0.023157,-0.06322,-0.17497,0.016994,-0.17852,-0.050436,-0.154,-0.15339,-0.062446,-0.12009,-0.089025,-0.16542,-0.2006,-0.14395,-0.029062,-0.09323,-0.027131,0.28811,-0.16506,-0.1726,-0.034734,-0.026544,-0.068109,-0.12277,-0.14201,-0.25532,-0.082631,-0.041635,0.010636,-0.11169,-0.025047,0.050562,-0.10683,0.11654,-0.06526,-0.076382,0.13746,-0.005566,0.11843,0.07827,0.092933,0.044077,-0.24777,-0.13265,-0.041168,0.2131,0.075106,-0.099571,0.13826,0.13428,0.22321,0.067574,0.039052,0.29788,-0.0019562,0.1633,0.13627,-0.046966,-0.2456,-0.059408
25,0.67174,0.76251,0.74972,0.75158,0.71604,0.71779,0.67602,0.74045,0.71653,0.69323,0.69451,0.73636,0.76636,0.73041,0.73119,0.74967,0.73446,0.63931,0.71768,0.65715,0.53884,0.68034,0.74328,0.57889,0.68956,1,0.573,0.64044,0.42324,0.72731,0.48839,0.1995,0.47064,0.57673,0.3568,0.32669,0.33359,0.39889,0.50595,0.44591,0.41274,0.37232,0.38099,-0.013857,0.13545,0.30131,0.050944,-0.0095969,0.046492,0.18645,0.32927,-0.15869,0.1346,0.013862,-0.084497,-0.21749,0.10291,-0.27127,-0.30245,0.076062,-0.034934,0.13726,-0.17968,-0.081643,-0.048405,-0.11023,-0.19352,-0.24005,-0.029287,-0.2785,0.061466,-0.19391,-0.12667,-0.23895,-0.25888,0.042402,-0.035643,-0.070705,0.22678,-0.22623,-0.15182,0.15104,-0.16294,0.09653,-0.20971,-0.17069,-0.46226,-0.084423,0.10664,-0.097166,0.028443,0.057798,0.41078,-0.076578,0.17171,-0.11251,-0.088706,0.016956,-0.20873,0.1164,0.0199,0.15636,0.13138,-0.12224,-0.047014,0.088203,0.26703,0.074823,0.071537,0.017457,-0.039231,0.29099,-0.077348,0.12577,0.12008,-0.054251,0.27847,0.11932,-0.20745,-0.11682,-0.078116
26,0.75594,0.74099,0.78894,0.7323,0.61412,0.65551,0.70308,0.69045,0.69005,0.68224,0.68024,0.70032,0.68284,0.72966,0.70819,0.64123,0.69259,0.68732,0.60999,0.59667,0.57961,0.63656,0.58049,0.67515,0.69719,0.573,1,0.65575,0.736,0.51977,0.62589,0.36744,0.30289,0.53984,0.19407,0.5347,0.1927,0.3402,0.34145,0.070268,0.35977,0.14012,0.40873,0.14204,0.17559,0.27889,0.29564,-0.065641,-0.007388,0.28728,0.21335,-0.15211,0.058578,-0.058686,0.045055,-0.11266,0.17144,-0.20159,-0.45755,0.040907,-0.0020506,0.21636,-0.20027,-0.096657,-0.057116,-0.052576,-0.020034,-0.041502,-0.017246,-0.022536,-0.011551,-0.11203,-0.25846,-0.14717,-0.13095,0.15695,0.10022,-0.12654,0.11036,-0.23854,-0.11452,-0.21346,-0.13575,-0.098155,0.034876,-0.1728,-0.15694,-0.066223,0.011003,-0.031128,-0.15353,0.026186,-0.073541,-0.053372,0.06924,-0.11634,-0.009009,0.36321,-0.088375,0.00039718,0.27377,-0.058647,0.074272,-0.071977,-0.1387,0.059709,0.07544,0.16943,0.04228,0.24261,-0.069401,0.18398,0.24683,0.065695,0.20464,-0.073437,0.035423,0.099097,0.0083759,-0.087872,-0.15244
27,0.70863,0.70653,0.77914,0.65215,0.67776,0.67027,0.71678,0.65033,0.66216,0.66759,0.6532,0.62042,0.66047,0.71613,0.62953,0.68254,0.65162,0.6349,0.687,0.65717,0.50384,0.61716,0.63196,0.60485,0.64631,0.64044,0.65575,1,0.61257,0.6305,0.54889,0.23415,0.52091,0.43637,0.19567,0.4973,0.17137,0.39795,0.46015,0.285,0.25509,0.23165,0.42768,0.19303,0.088799,0.22319,0.18634,-0.0089397,0.14074,0.21183,0.34415,0.070523,0.32904,-0.16672,0.12075,-0.089562,0.2055,-0.14803,-0.28457,0.223,0.1121,0.271,-0.060944,-0.049923,-0.038715,0.042575,-0.069424,-0.049383,-0.02504,-0.092408,0.023376,-0.34653,-0.35031,-0.32624,0.032163,0.17636,0.16006,-0.14793,0.10537,-0.093611,-0.098024,-0.1266,-0.19401,0.0093654,0.0061425,-0.090359,-0.32346,-0.19005,0.11683,-0.0033658,-0.061873,0.05602,-0.0081073,-0.044047,0.15329,-0.00033474,-0.051725,0.20063,-0.16958,0.015618,0.18893,0.18432,-0.071859,-0.10772,-0.0022702,-0.0061699,0.21914,0.06236,-0.059289,0.12113,0.068676,0.14407,-0.068296,-0.057459,0.14844,-0.037092,0.12341,0.17259,-0.19457,-0.089585,0.034719
28,0.66445,0.59719,0.69091,0.55606,0.56591,0.60063,0.59908,0.53612,0.64995,0.54544,0.64752,0.69121,0.59386,0.62706,0.58356,0.43968,0.54574,0.55691,0.55747,0.54628,0.53352,0.60554,0.51799,0.51413,0.59552,0.42324,0.736,0.61257,1,0.35101,0.46558,0.22442,0.25839,0.52941,0.21787,0.40608,0.31303,0.16554,0.14526,-0.052788,0.25408,0.34883,0.35721,0.010164,0.016102,0.27057,0.094687,-0.22538,0.16532,0.29172,0.17836,-0.13556,0.074632,0.047333,0.040161,0.0026152,0.07483,-0.12545,-0.22754,0.054931,0.2407,-0.13759,-0.095371,-0.13774,-0.083166,-0.11898,-0.19147,0.037329,0.010435,0.13153,0.094714,-0.20924,-0.3292,-0.26428,-0.09324,0.062395,-0.086245,-0.022574,0.12717,-0.19138,0.082334,-0.12015,-0.049731,-0.02811,0.15106,0.012197,0.0075728,-0.14286,0.072495,0.043109,-0.071999,-0.24002,-0.12341,-0.062465,0.12648,0.012482,0.0034128,0.26581,-0.069448,-0.073992,0.15381,-0.079945,-0.069989,-0.060058,-0.11737,0.015424,-0.035855,-0.04994,-0.28628,0.1366,-0.036216,0.25145,0.14249,-0.12723,0.16812,-0.12967,0.038344,0.066691,-0.06326,-0.13058,-0.055783
29,0.69443,0.7314,0.72954,0.74513,0.71818,0.68665,0.74652,0.64357,0.67864,0.70947,0.71565,0.67066,0.71364,0.67168,0.77232,0.82129,0.71399,0.72708,0.62988,0.60347,0.54577,0.66935,0.69937,0.71228,0.71579,0.72731,0.51977,0.6305,0.35101,1,0.52451,0.24675,0.4445,0.54285,0.14191,0.39005,0.24301,0.22482,0.42219,0.39169,0.53978,0.2986,0.35664,0.10967,0.19229,0.191,0.24802,0.0064362,0.051272,0.087083,0.39618,-0.061505,0.17655,0.06029,0.18062,-0.26669,0.1561,-0.11444,-0.29267,0.029031,-0.074582,0.12199,-0.057968,-0.10882,-0.033372,-0.0016208,-0.22857,-0.008681,-0.074372,-0.2914,-0.085431,0.0034556,-0.14125,-0.16837,-0.1365,0.062018,0.028652,-0.12199,0.16849,-0.17526,-0.27817,0.031749,-0.046363,-0.036517,-0.08643,-0.072709,-0.4062,-0.046329,0.16814,-0.043644,-0.063486,-0.025882,0.20017,-0.086437,0.13279,-0.12533,0.080703,0.030118,-0.0077755,0.017876,0.13636,0.12659,0.19673,-0.12511,0.063135,-0.039239,0.38229,0.025093,0.12031,0.32579,0.021022,0.38147,-0.21354,0.17007,0.24536,-0.088015,0.2075,0.1299,-0.071371,-0.11503,-0.055657
30,0.67715,0.66433,0.71107,0.63698,0.60855,0.62845,0.76109,0.67956,0.63864,0.64983,0.67855,0.72158,0.65289,0.51197,0.70644,0.66622,0.55963,0.68276,0.48805,0.58228,0.50849,0.57646,0.63015,0.69107,0.59536,0.48839,0.62589,0.54889,0.46558,0.52451,1,0.30574,0.36571,0.53905,0.43942,0.37566,0.21856,0.36238,0.38193,0.083232,0.31584,0.29353,0.23499,0.16315,0.14023,0.32993,0.24816,0.066054,-0.01835,-0.0055969,0.26526,0.30542,0.023436,0.066865,0.0057995,-0.058249,0.10463,-0.13311,-0.45875,0.017823,0.009728,0.10334,-0.29106,-0.17268,-0.18606,-0.13468,0.059162,-0.12111,-0.071613,-0.12406,-0.25659,-0.062011,-0.098469,-0.33503,-0.29401,0.11257,0.014783,-0.12375,0.026588,-0.25925,-0.25703,-0.00076208,-0.048144,-0.091004,-0.053408,-0.25428,-0.24671,-0.12726,-0.0069354,-0.039287,-0.083259,-0.05807,0.043757,-0.013435,0.040823,-0.03107,-0.053866,0.32211,-0.086065,0.014757,0.024813,-0.084576,0.13327,-0.092786,-0.076777,0.0032339,0.16464,-0.025843,-0.10931,0.19717,0.045761,0.25293,0.1256,0.072567,0.36103,0.14753,0.24478,0.18297,-0.16211,-0.14429,0.012418
31,0.49935,0.40908,0.41579,0.37535,0.34031,0.40882,0.40299,0.34375,0.4852,0.37837,0.42288,0.39262,0.4251,0.43241,0.33253,0.40479,0.42196,0.43123,0.22561,0.22377,0.33364,0.40482,0.29308,0.32736,0.28791,0.1995,0.36744,0.23415,0.22442,0.24675,0.30574,1,0.11288,0.26802,0.12419,0.23353,0.15077,0.078132,0.19672,-0.032368,0.34497,0.037143,0.36983,0.19301,0.27914,0.050965,0.11481,-0.079186,-0.03761,-0.018358,-0.026357,0.030744,-0.15564,0.038812,-0.1033,-0.057855,0.00066857,-0.20966,-0.38198,-0.12693,0.089379,-0.13098,0.069277,0.2049,-0.016597,0.03604,0.25951,0.0097221,-0.19964,0.028485,-0.078018,0.01986,-0.20672,-0.028348,-0.2717,0.072865,-0.071056,0.1267,-0.23595,-0.068379,-0.32325,-0.20554,0.098883,-0.084792,-0.075328,-0.16703,-0.099775,-0.19565,-0.10903,0.26348,-0.25329,-0.016782,0.077711,0.025568,-0.13774,0.0072753,-0.01235,-0.027114,0.27815,-0.24926,0.18679,-0.31207,0.040737,-0.22562,0.096502,0.010962,0.079228,0.12003,0.068069,0.23994,0.19328,0.42182,0.18201,-0.24127,0.31475,0.040654,0.03535,-0.18584,0.0055351,-0.085187,0.16396
32,0.35185,0.45859,0.42949,0.31947,0.35362,0.49225,0.41836,0.42944,0.40432,0.34034,0.4139,0.39073,0.45661,0.38746,0.46381,0.43328,0.33619,0.38946,0.47221,0.35276,0.30475,0.35604,0.37863,0.35735,0.30038,0.47064,0.30289,0.52091,0.25839,0.4445,0.36571,0.11288,1,0.26865,0.057625,0.2228,0.1243,0.15245,0.17624,0.32525,0.18298,0.2257,0.34595,0.043215,0.23236,0.095161,0.072167,0.074277,0.23652,-0.019692,0.25355,0.2082,0.067473,0.026544,0.16323,-0.39122,0.084581,0.09241,-0.13697,0.24685,-0.085783,0.11497,0.079287,-0.20495,-0.17773,0.24865,-0.090026,0.10183,0.16695,-0.26953,0.2866,-0.23945,-0.18747,-0.095649,0.037032,0.10147,-0.04704,-0.44124,0.099532,-0.1823,0.010236,0.039175,0.20177,0.25521,-0.02995,-0.036199,-0.3495,-0.053619,0.068647,-0.0033564,-0.028329,-0.11414,0.068201,-0.30063,0.22841,0.0058543,-0.14781,0.10182,-0.062187,-0.081663,-0.073683,-0.043187,0.053242,-0.08625,-0.13881,0.14502,0.027627,0.24306,0.12377,0.0043687,0.15642,0.085692,-0.0032401,0.094388,0.27013,0.0245,0.34041,0.04737,-0.12645,0.25221,-0.1322
33,0.70513,0.66278,0.68307,0.6505,0.61843,0.64015,0.60929,0.57605,0.61412,0.60279,0.68732,0.66845,0.6346,0.58656,0.60998,0.63151,0.67178,0.64438,0.56184,0.5731,0.51597,0.52147,0.68565,0.57396,0.64234,0.57673,0.53984,0.43637,0.52941,0.54285,0.53905,0.26802,0.26865,1,0.245,0.23379,0.53677,0.26289,0.41591,-0.00458,0.41826,0.24782,0.14676,0.025171,0.17518,0.43176,0.014157,0.20862,0.21081,0.161,0.25581,0.098351,0.043064,0.25097,-0.067161,-0.23676,0.12369,-0.14164,-0.38475,-0.052455,-0.097687,-0.08953,-0.055573,-0.011541,-0.29826,-0.30727,-0.044788,-0.12532,0.21887,-0.081516,-0.0069988,0.01479,-0.058784,-0.30066,-0.24925,0.020129,-0.24918,-0.066083,0.26485,-0.13377,-0.073996,-0.016958,-0.0953,-0.069523,-0.16501,-0.23807,-0.13542,0.070859,-0.056526,-0.081856,0.17277,-0.060886,0.17394,-0.10541,0.044247,-0.30354,-0.11199,0.12047,-0.15454,-0.014178,-0.067445,-0.071528,0.084962,-0.18938,0.067193,-0.038277,0.10098,-0.11006,-0.092213,0.15359,0.025613,0.34257,0.11678,-0.028059,0.41778,0.11706,0.047486,0.35274,-0.28581,-0.14127,0.05181
34,0.37152,0.33935,0.31408,0.34601,0.40387,0.31754,0.35891,0.39441,0.37455,0.48974,0.2744,0.39095,0.37641,0.21367,0.1901,0.34122,0.26881,0.28115,0.43275,0.27409,0.39135,0.21277,0.35449,0.26779,0.27591,0.3568,0.19407,0.19567,0.21787,0.14191,0.43942,0.12419,0.057625,0.245,1,0.10443,0.044389,0.28906,0.24088,0.13083,0.46079,0.22872,0.18169,-0.14154,0.21815,0.31091,0.089101,0.06257,0.099461,0.029935,0.13379,0.12119,-0.23079,0.047988,-0.065768,-0.017885,-0.19173,-0.32061,-0.19471,-0.015227,0.15668,-0.11725,-0.13715,-0.18305,-0.12537,-0.2612,-0.0029005,-0.15102,-0.054689,0.18514,-0.11357,-0.28486,-0.2547,-0.41936,-0.36859,0.091323,-0.03442,0.14971,-0.19023,-0.039287,0.047785,-0.029321,-0.030642,0.17148,-0.18191,-0.16377,-0.2669,-0.057959,-0.080336,-0.067159,-0.03075,0.0081249,0.25486,-0.19345,-0.20511,0.0094843,0.13934,0.059762,0.25023,-0.025666,-0.16489,0.023031,0.082376,-0.17745,0.15705,0.01895,0.034685,-0.26314,-0.070302,-0.06559,-0.12657,0.30188,0.085663,-0.21412,0.07554,0.089223,0.14363,-0.10322,-0.17611,-0.28863,0.094337
35,0.56779,0.54033,0.54563,0.51774,0.51284,0.48363,0.55453,0.41009,0.54806,0.44034,0.50217,0.50916,0.44906,0.6002,0.46672,0.4529,0.41084,0.54981,0.41207,0.48533,0.33211,0.37924,0.3406,0.59276,0.34354,0.32669,0.5347,0.4973,0.40608,0.39005,0.37566,0.23353,0.2228,0.23379,0.10443,1,0.18049,0.17936,0.093615,0.031764,0.18511,0.082557,0.5497,0.32455,0.1362,-0.04847,0.24497,-0.083182,-0.092378,0.16047,0.38967,0.047551,0.20123,-0.016204,-0.0030263,-0.11766,0.035431,0.012072,-0.31882,0.1484,-0.053816,0.16248,-0.25241,-0.13836,-0.07582,-0.13454,-0.2468,-0.068909,0.040855,0.20728,-0.027051,-0.17663,-0.054321,-0.092105,-0.014977,0.48806,0.15799,-0.046348,-0.08102,-0.079717,-0.020223,0.057061,-0.10141,0.075426,0.14965,-0.19983,-0.35108,-0.16922,-0.13528,-0.21827,-0.0063275,-0.078264,-0.0038047,0.16869,0.027628,0.17582,0.18367,0.3378,-0.079159,-0.22484,0.25175,-0.059398,-0.11395,-0.099256,0.1576,0.17775,-0.027617,0.35493,0.046436,0.31309,-0.1295,0.28197,-0.0097242,-0.078395,0.15455,-0.13,-0.14087,0.16192,0.033568,-0.11736,-0.12119
36,0.42725,0.42061,0.47046,0.35453,0.48545,0.4873,0.39541,0.32823,0.4123,0.38608,0.4716,0.45738,0.41491,0.45171,0.44166,0.41319,0.40441,0.48712,0.32682,0.42371,0.34556,0.431,0.37667,0.28273,0.26829,0.33359,0.1927,0.17137,0.31303,0.24301,0.21856,0.15077,0.1243,0.53677,0.044389,0.18049,1,0.36177,0.25716,-0.10881,0.065631,0.11282,-0.062058,0.13091,-0.0090114,0.32682,-0.12291,0.15733,0.17536,0.23975,0.14132,0.016332,0.18298,0.32633,-0.14652,-0.03827,-0.0024285,0.094653,-0.16409,-0.059277,-0.10123,-0.12854,0.00072776,0.048747,-0.19027,-0.29349,-0.3226,0.098096,0.12282,-0.01449,0.015711,-0.048642,-0.11087,-0.17627,-0.29771,-0.090994,-0.30391,0.012758,0.18617,-0.24301,0.27473,0.12688,-0.026169,-0.022401,-0.22591,-0.024715,0.057343,0.0019421,-0.046297,-0.12291,0.33588,0.058049,-0.12227,0.048424,-0.045291,0.067359,-0.089029,0.00098618,-0.05462,-0.073063,-0.12949,0.069745,-0.005333,-0.057821,0.16438,-0.096685,0.17608,0.077289,-0.11388,0.018414,0.082387,0.29856,-0.18863,-0.091031,0.36951,0.080532,-0.088698,0.16763,-0.091845,-0.11047,0.036868
37,0.35275,0.46902,0.46921,0.48217,0.49883,0.40617,0.39125,0.49352,0.378,0.48193,0.3741,0.40593,0.41714,0.34897,0.32652,0.46605,0.39847,0.3602,0.37695,0.3339,0.4071,0.33292,0.33142,0.24801,0.19942,0.39889,0.3402,0.39795,0.16554,0.22482,0.36238,0.078132,0.15245,0.26289,0.28906,0.17936,0.36177,1,0.59792,0.2357,0.12417,0.086615,0.26954,0.10777,0.12142,0.40254,-0.1596,0.22265,0.031906,0.33173,0.1808,0.14173,0.030493,0.11403,-0.04955,0.19904,-0.086202,-0.20377,-0.30972,0.32988,0.15163,0.3125,-0.064132,0.057623,-0.028849,-0.1502,-0.029772,-0.15201,0.06453,-0.023784,-0.17585,-0.20504,-0.15896,-0.15171,-0.2639,0.042747,-0.0072781,0.008006,0.29735,-0.24782,-0.025236,-0.21274,-0.20974,-0.24123,-0.16643,-0.083918,-0.15776,-0.018028,0.33484,-0.33957,0.35502,0.047811,0.10928,0.16771,0.13521,0.027107,0.069385,-0.032935,-0.098392,-0.22004,-0.27138,0.19929,0.097709,0.06115,0.23161,0.25035,-0.0074124,-0.14925,0.17745,-0.047425,0.066678,0.14688,-0.25958,0.012862,0.091787,-0.038398,0.050777,0.07304,-0.26566,-0.075012,0.053725
