,0,1,2,3,4,5,6,7,8,9,10,11,12,13,14,15,16,17,18,19,20,21,22,23,24,25,26,27,28,29,30,31,32,33,34,35,36,37,38,39,40,41,42,43,44,45,46,47,48,49,50,51,52,53,54,55,56,57,58,59,60,61,62,63,64,65,66,67,68,69,70,71,72,73,74,75,76,77,78,79,80,81,82,83,84,85,86,87,88,89,90,91,92,93,94,95,96,97,98,99,100,101,102,103,104,105,106,107,108,109,110,111,112,113,114,115,116,117,118,119,120,121,122,123,124,125,126,127,128,129,130,131,132,133,134,135,136,137,138,139,140,141,142,143,144,145,146,147,148,149,150,151,152,153,154,155,156,157,158,159,160,161,162,163,164,165,166,167,168,169,170,171,172,173,174,175,176,177,178,179,180,181,182
0,1,0.825,0.8072,0.84688,0.82806,0.81459,0.82833,0.78764,0.83424,0.82954,0.7888,0.79001,0.78753,0.8135,0.80043,0.7691,0.77374,0.83801,0.84985,0.82815,0.88726,0.85887,0.82645,0.74271,0.83839,0.85905,0.77349,0.78272,0.82486,0.82463,0.72821,0.84093,0.82531,0.74674,0.7043,0.77306,0.75336,0.68665,0.65887,0.79951,0.69982,0.80141,0.71891,0.68947,0.67149,0.81009,0.74715,0.70205,0.62375,0.58677,0.57593,0.68525,0.65507,0.63311,0.51276,0.48357,0.5424,0.66475,0.47167,0.59292,0.37039,0.60306,0.64158,0.38862,0.56255,0.26226,0.63623,0.45708,0.40995,0.077562,0.34882,0.3564,0.27263,0.38487,0.35324,0.23186,0.11599,0.344,0.2691,0.32871,0.33189,0.15759,0.23631,0.17996,0.087506,0.23221,0.33403,0.045168,0.21859,0.1587,0.029788,0.10342,0.012695,0.056974,-0.0523,0.1815,0.28797,-0.15495,0.26185,0.09641,-0.12882,-0.043156,0.32907,0.15534,0.17155,0.43391,-0.34925,0.21753,0.32409,0.085384,0.044162,-0.057481,-0.096655,0.27193,-0.073241,0.036004,-0.23178,-0.094974,0.17804,-0.068346,-0.049809,0.07194,0.34579,0.25353,-0.068729,-0.070179,-0.062935,0.21396,-0.20587,0.097445,0.24657,-0.10564,-0.15736,-0.061376,-0.17512,-0.053593,-0.28117,-0.06944,-0.074248,0.0059164,0.081498,0.054442,-0.11989,-0.076159,0.13908,0.055341,-0.101,-0.061929,0.14564,-0.31109,-0.030577,-0.026945,-0.11745,0.14546,0.036887,0.066942,0.019798,0.032135,-0.11229,0.096009,0.039303,-0.13906,0.060738,0.11134,0.091403,0.074494,-0.10215,-0.30027,-0.27932,0.024105,0.022853,-0.02582,0.17062,-0.069702,-0.40556,-0.04555,0.010298,-0.26076,0.013336,-0.09762,-0.06309,0.018169,0.19807
1,0.825,1,0.83497,0.88033,0.81426,0.81718,0.82172,0.79159,0.85357,0.82947,0.81324,0.77545,0.77132,0.87545,0.84431,0.82251,0.78865,0.85301,0.83895,0.85679,0.83929,0.81683,0.82788,0.7667,0.85149,0.82679,0.83125,0.80545,0.80571,0.83376,0.80396,0.7799,0.81733,0.84736,0.75811,0.795,0.71295,0.76854,0.67223,0.85049,0.73392,0.74117,0.65083,0.78041,0.68298,0.78136,0.76449,0.76174,0.71101,0.49588,0.61771,0.7254,0.69993,0.6558,0.55726,0.59813,0.4653,0.73184,0.53313,0.58315,0.26828,0.56188,0.52632,0.47148,0.42039,0.30508,0.63186,0.48176,0.4979,0.0086903,0.4008,0.42653,0.43353,0.31574,0.35045,0.14012,0.26208,0.43054,0.22411,0.40021,0.39292,0.25976,0.2412,0.22526,0.022841,0.3308,0.43427,0.088195,0.236,0.19493,0.11461,0.073033,0.032241,0.041719,-0.0049978,0.11414,0.16201,-0.22577,0.26064,0.11414,-0.14479,0.0012027,0.36407,0.27916,0.25375,0.36311,-0.31039,0.21857,0.34499,0.049327,0.049965,-0.071603,0.030308,0.22044,0.0055116,0.1533,0.089913,0.13615,0.12963,-0.043362,-0.080918,0.025288,0.31031,-0.029017,-0.011946,-0.052095,-0.061029,0.11901,-0.11713,0.02866,0.10291,-0.040999,-0.0013056,-0.12173,-0.052644,0.055917,-0.2175,0.096889,-0.18279,0.089111,0.027522,-0.057911,-0.0050385,-0.070394,0.10094,-0.005804,-0.20569,0.067581,0.11144,-0.16221,-0.10941,0.014695,-0.26152,0.13908,-0.021008,0.0045204,-0.098475,-0.040429,-0.1799,0.18692,-0.060766,-0.19103,-0.049411,-0.076927,-0.065198,0.015598,0.0031212,-0.253,-0.19877,-0.10194,0.21189,-0.047905,0.11665,-0.16716,-0.35748,-0.26571,0.11565,-0.0799,0.10723,-0.078387,-0.08553,0.054694,0.062117
2,0.8072,0.83497,1,0.81675,0.80062,0.76237,0.8142,0.78903,0.8501,0.79041,0.80993,0.77552,0.82241,0.84714,0.76288,0.76197,0.81426,0.76248,0.81487,0.80338,0.80923,0.82352,0.77504,0.81746,0.80177,0.77325,0.80584,0.79911,0.79196,0.8281,0.79991,0.76021,0.77151,0.7629,0.74655,0.77008,0.69721,0.7987,0.72321,0.75177,0.76973,0.74313,0.57313,0.70687,0.70881,0.78454,0.70131,0.67942,0.73412,0.60948,0.64218,0.79026,0.59333,0.75279,0.62056,0.62985,0.6272,0.66748,0.54817,0.51062,0.2681,0.51851,0.54942,0.47806,0.48165,0.40112,0.52746,0.4289,0.49182,0.028889,0.28258,0.45066,0.36752,0.37787,0.3241,0.20309,0.21773,0.34001,0.26125,0.5169,0.26963,0.27133,0.21524,0.27062,0.10739,0.28658,0.47929,0.036108,0.28025,0.25587,0.1959,0.11005,-0.08671,0.32123,0.069079,0.16963,0.12187,-0.18735,0.16076,0.11098,-0.036863,0.041155,0.39718,0.1043,0.28589,0.30713,-0.24103,0.15624,0.30843,0.15339,0.084569,0.061029,-0.064096,0.19505,-0.024328,0.16063,-0.015787,-0.026996,0.10435,-0.085732,0.056631,0.10393,0.26624,0.14447,-0.093722,0.029351,0.15815,0.082941,-0.089059,0.10308,0.14176,-0.1017,0.0083766,-0.081193,-0.060297,-0.0048025,-0.27181,-0.014172,-0.10401,0.1842,0.11392,-0.038216,0.039964,-0.017412,0.13967,0.11219,-0.20885,-0.071745,0.24587,-0.24204,-0.037677,-0.04997,-0.24305,0.22536,0.028722,0.00096659,-0.10964,-0.09827,-0.16855,0.26786,-0.051805,-0.1894,0.121,-0.040081,-0.050804,0.1161,-0.047427,-0.11394,-0.24249,-0.051894,0.13298,-0.11511,0.25673,-0.098834,-0.38156,-0.21288,-0.0031183,-0.030356,0.13701,-0.09681,-0.028622,0.0017007,0.17852
3,0.84688,0.88033,0.81675,1,0.84561,0.82352,0.7971,0.79477,0.88917,0.8358,0.78378,0.76616,0.82225,0.83728,0.82851,0.79791,0.78692,0.88309,0.872,0.87973,0.8032,0.84167,0.83766,0.78511,0.90037,0.86073,0.81757,0.85744,0.80315,0.85178,0.79998,0.79207,0.7873,0.83447,0.8031,0.77529,0.78371,0.73372,0.66732,0.82246,0.70175,0.74584,0.64564,0.75446,0.68315,0.82441,0.80498,0.7624,0.62735,0.54684,0.67506,0.76112,0.63179,0.64917,0.64568,0.68277,0.4584,0.66466,0.52862,0.57543,0.32214,0.54135,0.61491,0.39891,0.46957,0.28104,0.56988,0.37312,0.57953,0.014836,0.2447,0.41648,0.33972,0.42036,0.38968,0.2183,0.31818,0.35025,0.21997,0.44782,0.32611,0.2186,0.29007,0.22667,0.09211,0.33539,0.40216,0.1034,0.19298,0.20196,0.094012,0.085593,0.017276,0.023271,0.013045,0.052631,0.15533,-0.30935,0.2193,0.1447,-0.1163,0.079426,0.30801,0.18991,0.21754,0.37914,-0.34406,0.30005,0.28167,0.011695,-0.012404,-0.23751,0.02571,0.21549,-0.066629,0.12299,-0.053272,0.054026,0.12638,-0.10239,-0.040717,-0.013357,0.31665,0.14847,0.062956,-0.0055807,-0.07051,0.075069,-0.073856,0.09762,0.16109,-0.060301,-0.13397,-0.1684,-0.061559,0.10118,-0.34507,0.041791,-0.05387,0.071083,0.0067391,-0.041965,-0.091883,-0.10828,0.10576,-0.034342,-0.1259,0.012708,0.1633,-0.12136,0.033485,-0.15315,-0.055973,0.082081,0.056664,0.018491,-0.0047673,-0.020983,-0.22627,0.18268,-0.1038,-0.10334,0.050689,0.019018,-0.0060831,0.049408,0.015744,-0.28698,-0.30616,0.090754,0.10475,-0.048966,0.22792,-0.18083,-0.37063,-0.19562,0.0070186,-0.19625,0.10834,-0.03322,-0.1686,0.10338,0.13303
4,0.82806,0.81426,0.80062,0.84561,1,0.75874,0.80141,0.86791,0.80628,0.80341,0.75163,0.82548,0.78874,0.85279,0.77933,0.83423,0.78815,0.80824,0.83795,0.88609,0.83371,0.79022,0.83334,0.76034,0.82953,0.77924,0.88115,0.84834,0.73472,0.80495,0.73857,0.81705,0.80299,0.83419,0.79718,0.81081,0.75824,0.70839,0.70158,0.85575,0.65554,0.7068,0.6727,0.74425,0.72615,0.78127,0.72572,0.68621,0.61713,0.57021,0.5249,0.72192,0.65183,0.65496,0.533,0.57613,0.48764,0.57666,0.53365,0.58323,0.20845,0.61458,0.54364,0.38923,0.50108,0.21627,0.57021,0.53686,0.53427,0.095899,0.31296,0.55731,0.35127,0.3416,0.28087,0.19678,0.28607,0.25349,0.16045,0.38638,0.35903,0.23202,0.37359,0.2826,0.11568,0.1633,0.35041,0.097102,0.050026,0.12654,0.14556,-0.046592,0.064646,0.069864,0.029331,0.10498,0.13133,-0.25273,0.25349,0.11519,-0.033115,0.10456,0.34437,0.14337,0.14906,0.30772,-0.26618,0.091404,0.27925,0.10471,0.13305,-0.18655,-0.04623,0.22478,0.0035368,0.17918,-0.1108,-0.017611,0.095615,-0.033856,0.059609,-0.013063,0.33727,0.17707,0.04909,-0.069934,0.033199,0.057043,-0.050324,-0.012325,0.15446,-0.066612,-0.059622,-0.022051,-0.17563,-0.073243,-0.23805,0.048312,-0.18222,0.13069,-0.083096,-0.0088606,-0.053886,0.069019,0.1141,-0.072653,-0.12934,0.049571,0.12409,-0.31661,-0.028302,-0.10961,-0.12522,0.051492,0.03493,-0.088174,-0.082559,0.10184,-0.1637,0.11628,0.0066948,-0.0071974,0.074977,0.026137,0.082094,-0.028795,0.055295,-0.24999,-0.35096,0.0067854,0.13122,-0.099149,0.25281,-0.086134,-0.24927,-0.16029,0.043966,-0.060745,0.052849,0.03443,-0.16531,0.035401,-0.0022195
5,0.81459,0.81718,0.76237,0.82352,0.75874,1,0.80678,0.75558,0.83532,0.77453,0.73921,0.84183,0.83431,0.80598,0.82663,0.78801,0.77303,0.80841,0.88407,0.8509,0.81015,0.79135,0.79219,0.75136,0.83176,0.79863,0.80582,0.79271,0.7224,0.83979,0.7571,0.74299,0.72635,0.78859,0.70333,0.78185,0.76957,0.73772,0.69945,0.77544,0.73362,0.81841,0.66842,0.73036,0.76442,0.7532,0.78648,0.70044,0.58144,0.51345,0.55243,0.73542,0.67842,0.6365,0.67272,0.62376,0.39375,0.63957,0.51238,0.63577,0.37407,0.55276,0.53719,0.5229,0.39202,0.24795,0.64364,0.37906,0.40589,0.0053462,0.34251,0.3565,0.31251,0.38594,0.4067,0.035328,0.27844,0.31423,0.20314,0.29794,0.26217,0.31391,0.3444,0.13391,0.039176,0.28196,0.40143,0.20929,0.2501,0.081389,0.0056457,0.032689,0.0054355,0.11165,0.092125,0.061821,0.1026,-0.26772,0.31835,0.086068,-0.11458,-0.035771,0.30512,0.29297,0.35593,0.2094,-0.26832,0.27788,0.24919,-0.095478,0.07404,-0.11596,-0.22573,0.17684,-0.052045,0.17567,0.0027961,0.012241,0.10568,-0.01184,-0.20664,0.12561,0.20256,0.12928,0.0066087,0.10346,-0.00657,0.23193,-0.091164,0.13454,0.21158,-0.13349,-0.046791,-0.21093,-0.11984,-0.052197,-0.2967,-0.020778,-0.18868,0.0045028,-0.0056084,-0.018825,-0.074001,-0.11342,0.10089,0.097632,-0.16491,-0.1212,0.21858,-0.11325,0.012467,-0.011088,-0.12401,-0.086521,0.067077,-0.044658,0.098869,0.058667,-0.072059,0.20444,0.0038162,-0.13086,-0.098527,0.092987,0.068034,0.044348,-0.0074755,-0.22267,-0.19799,-0.085397,-0.015795,-0.17895,0.20838,-0.15355,-0.30875,-0.15091,0.043305,-0.17889,0.091255,-0.14957,-0.087777,0.046298,0.14826
6,0.82833,0.82172,0.8142,0.7971,0.80141,0.80678,1,0.77112,0.82233,0.79251,0.79464,0.7975,0.79435,0.84081,0.77248,0.71097,0.80317,0.77465,0.80488,0.77943,0.7916,0.77099,0.80433,0.82636,0.80221,0.76799,0.8675,0.77572,0.78032,0.79988,0.77454,0.77614,0.81098,0.83097,0.73479,0.78302,0.71524,0.78128,0.74879,0.82226,0.6632,0.79475,0.73947,0.71504,0.67386,0.77924,0.76671,0.6855,0.66492,0.63668,0.57353,0.73244,0.68266,0.72309,0.66219,0.54819,0.49931,0.55412,0.50404,0.58066,0.34055,0.61997,0.54011,0.35953,0.48181,0.38353,0.68537,0.41527,0.53134,0.030231,0.30078,0.4144,0.3422,0.41388,0.40623,0.11058,0.14663,0.41896,0.26696,0.33446,0.45001,0.27009,0.41377,0.14232,0.24416,0.14738,0.45313,0.32621,0.13669,0.12651,0.047718,0.17059,-0.047496,0.037513,-0.059355,0.2096,0.12136,-0.26981,0.079327,-0.011154,-0.062288,-0.0050047,0.34743,0.30847,0.21517,0.18051,-0.27936,0.1032,0.22448,0.16587,0.13469,-0.18375,-0.058266,0.19213,0.004304,0.14417,-0.0092395,0.053069,0.21225,-0.0071767,-0.10118,0.086774,0.24031,0.11387,-0.10411,-0.11831,-0.012521,0.18163,-0.26424,0.047342,0.12514,-0.1604,0.090258,-0.15754,-0.18175,-0.071236,-0.30712,0.001411,-0.21357,0.090813,0.050062,-0.046872,-0.080058,-0.020913,-0.052397,0.11751,-0.17455,-0.17767,0.21467,-0.15527,0.059992,0.093828,-0.25586,-0.052331,0.040368,0.044925,0.019224,-0.021668,-0.20222,0.12832,-0.025628,-0.18698,-0.03197,0.034932,0.063437,0.044722,-0.004174,-0.27084,-0.16348,0.0042899,0.1819,-0.025849,0.14469,0.010033,-0.44177,-0.20466,0.096087,-0.1236,0.18769,0.021241,-0.13493,0.051648,0.089725
7,0.78764,0.79159,0.78903,0.79477,0.86791,0.75558,0.77112,1,0.77391,0.78973,0.74086,0.8411,0.82078,0.87314,0.73005,0.77285,0.76494,0.85391,0.81208,0.81398,0.7827,0.73536,0.78098,0.81641,0.81552,0.73502,0.81128,0.72759,0.69419,0.82869,0.76381,0.81837,0.74331,0.79901,0.8105,0.81548,0.74724,0.75827,0.64861,0.79318,0.70692,0.6905,0.71902,0.69925,0.75927,0.74312,0.71568,0.65003,0.54785,0.56686,0.49545,0.66044,0.64557,0.66283,0.54559,0.5046,0.44718,0.55745,0.51325,0.45783,0.18194,0.4701,0.48498,0.5518,0.5154,0.25819,0.53699,0.3862,0.44507,0.15196,0.38331,0.51534,0.25054,0.29254,0.2109,0.24112,0.16069,0.25623,0.19262,0.28475,0.30722,0.24363,0.34049,0.20268,0.063614,0.25916,0.42081,0.014655,0.18308,0.23822,0.17097,0.038381,0.064395,0.11283,-0.0045973,-0.023552,0.10702,-0.32879,0.34025,0.049233,-0.1807,0.0070406,0.23324,0.091605,0.1894,0.24464,-0.19891,0.018904,0.33253,0.090455,-0.0035088,-0.16494,-0.065235,0.10683,-0.021745,0.23505,-0.018992,0.0029073,-0.0094331,-0.030204,-0.052627,0.013867,0.20771,0.13825,-0.058381,-0.0036251,0.10582,-0.011364,-0.14626,0.058531,0.21299,-0.0030051,-0.058446,-0.10152,-0.1141,-0.037231,-0.26021,-0.17983,-0.17349,0.21807,-0.031099,-0.052166,-0.020069,0.0052558,0.18315,-0.075964,-0.12617,-0.071601,0.17809,-0.26189,-0.11608,0.077604,-0.22121,0.11124,0.060904,-0.11262,-0.057825,0.048575,-0.23378,0.14824,-0.090609,-0.099569,-0.082987,0.11684,0.17808,-0.16849,0.058122,-0.10681,-0.22888,0.093439,0.10472,-0.16027,0.30966,-0.1762,-0.28451,-0.17403,0.068895,-0.20935,0.089401,-0.12429,-0.038384,-0.051586,0.10091
8,0.83424,0.85357,0.8501,0.88917,0.80628,0.83532,0.82233,0.77391,1,0.82701,0.84303,0.80215,0.83634,0.85393,0.83833,0.78277,0.77626,0.82555,0.84655,0.85,0.83015,0.85719,0.85019,0.84718,0.89779,0.85679,0.8329,0.81414,0.78571,0.85068,0.7599,0.75996,0.79188,0.84146,0.74952,0.85591,0.76776,0.8252,0.67852,0.81122,0.72763,0.78769,0.64007,0.78479,0.70979,0.80213,0.82143,0.76553,0.61237,0.57144,0.68078,0.75741,0.67422,0.78775,0.69829,0.6843,0.51594,0.63576,0.42431,0.51564,0.32589,0.53184,0.6411,0.46986,0.47087,0.30502,0.52125,0.39817,0.48631,0.068995,0.27459,0.48209,0.35086,0.37131,0.43071,0.27052,0.21124,0.26154,0.21162,0.44759,0.27833,0.27076,0.21948,0.1409,0.13253,0.24146,0.3213,0.14768,0.14861,0.18758,0.12501,0.14713,0.070403,0.1129,0.12062,0.17031,0.076192,-0.24779,0.2936,0.14276,-0.052028,0.12022,0.29694,0.25472,0.28568,0.31724,-0.29842,0.23426,0.29496,0.12727,0.0037068,-0.061742,-0.055185,0.23063,-0.063739,0.059321,-0.051543,0.047583,0.1814,-0.048075,-0.028512,0.081202,0.29466,0.16204,-0.0282,-0.049191,-0.037227,0.16232,-0.16325,0.13482,0.13624,-0.1655,-0.020213,-0.1649,-0.20055,0.052002,-0.39103,0.10201,-0.10526,0.11533,0.13317,-0.087794,-0.024056,-0.040033,0.11642,-0.024116,-0.1449,-0.075994,0.18732,-0.18873,-0.077296,-0.061936,-0.10063,0.20666,-0.012638,-0.018653,0.0047308,-0.083732,-0.26073,0.14255,0.014654,-0.1639,0.078794,-0.00057783,0.022996,0.047853,0.026055,-0.17772,-0.26506,0.016758,0.084213,-0.079554,0.16114,-0.084418,-0.32768,-0.11688,-0.027418,-0.26992,0.10848,0.0014388,-0.15843,0.10309,0.19782
9,0.82954,0.82947,0.79041,0.8358,0.80341,0.77453,0.79251,0.78973,0.82701,1,0.81392,0.73911,0.75616,0.81146,0.79725,0.84141,0.84047,0.86437,0.84832,0.82481,0.83719,0.83646,0.86129,0.79366,0.81474,0.81232,0.81374,0.83864,0.8125,0.85082,0.74565,0.796,0.75588,0.83085,0.76425,0.77814,0.78753,0.72854,0.70086,0.75711,0.72134,0.68432,0.69354,0.70924,0.70482,0.74741,0.77032,0.67563,0.65041,0.54891,0.58323,0.77523,0.67296,0.69895,0.57442,0.60523,0.58779,0.6547,0.43036,0.59527,0.30206,0.62691,0.61532,0.36002,0.59952,0.24493,0.6092,0.38104,0.39092,-0.13851,0.34262,0.43253,0.28486,0.38441,0.28403,0.2515,0.14132,0.39964,0.21388,0.17828,0.2967,0.18746,0.19459,0.31342,0.017172,0.32806,0.4684,0.135,0.15062,0.21127,0.12865,0.10281,-0.011215,0.027769,0.042526,0.23681,0.22758,-0.17034,0.18965,0.051129,-0.097139,0.12103,0.19677,0.29118,0.17559,0.32732,-0.25674,0.21743,0.34569,0.082907,0.16458,-0.081263,-0.15994,0.13329,-0.014134,0.1969,-0.013432,-0.036944,0.16027,-0.051112,-0.1149,0.0022338,0.24391,0.16726,-0.0051715,-0.082932,0.015228,-0.0042789,-0.25435,0.083356,0.17848,-0.069464,-0.11117,-0.089265,-0.23812,0.052191,-0.21901,-0.015835,-0.22066,0.074641,0.10431,-0.10138,-0.12241,-0.036617,0.16699,-0.044382,-0.13302,0.076662,0.16219,-0.22325,-0.072455,0.046249,-0.28952,0.23665,0.093594,-0.11186,-0.073235,0.059596,-0.24859,0.21264,0.036617,-0.15471,0.067479,0.15022,-0.15355,0.043519,0.015121,-0.15653,-0.24015,0.032384,0.12858,-0.0066148,0.22672,-0.095172,-0.45358,-0.21079,0.046364,-0.07531,-0.015743,-0.025924,-0.12355,0.066228,0.10386
10,0.7888,0.81324,0.80993,0.78378,0.75163,0.73921,0.79464,0.74086,0.84303,0.81392,1,0.74635,0.67034,0.79632,0.7343,0.7844,0.7852,0.78782,0.73425,0.75681,0.78663,0.81142,0.77802,0.75283,0.82078,0.73223,0.83752,0.73389,0.80508,0.76805,0.7056,0.76867,0.76989,0.81249,0.71421,0.72849,0.73477,0.73617,0.75473,0.73931,0.73815,0.7235,0.69272,0.71678,0.7034,0.70383,0.72065,0.69993,0.5605,0.56387,0.64516,0.74403,0.63385,0.76004,0.6093,0.48354,0.48515,0.5333,0.43777,0.50407,0.35079,0.56703,0.59038,0.50325,0.62989,0.45106,0.56323,0.44302,0.42741,0.0447,0.30263,0.38695,0.31464,0.36649,0.37612,0.26411,0.12135,0.41688,0.11251,0.44027,0.23032,0.032063,0.28097,0.26634,0.10898,0.25298,0.33123,0.16843,0.19771,0.30123,0.14155,0.086482,0.022824,0.13872,0.093386,0.13044,0.16583,-0.18119,0.23987,0.14446,-0.1631,0.12391,0.28713,0.25576,0.28335,0.47053,-0.26717,0.18893,0.22087,0.053054,0.11301,0.0075432,-0.051885,0.22965,-0.060253,0.13188,0.052172,0.11363,0.0034209,-0.22702,-0.10988,0.14009,0.22152,0.086206,-0.1595,-0.065058,-0.067517,0.16936,-0.15452,0.046991,0.1382,-0.25826,0.14425,-0.1157,-0.095744,0.036537,-0.11782,0.071297,-0.10063,0.15083,0.040419,-0.061452,-0.15908,-0.038052,0.16761,-0.15705,-0.082415,0.046824,0.25354,-0.28168,-0.21906,-0.081612,-0.21346,0.26071,-0.12919,-0.066099,0.016859,0.013434,-0.21448,0.19445,0.095181,-0.10476,-0.029136,-0.10228,-0.084239,0.010606,0.04872,-0.051856,-0.26977,0.048631,0.17341,-0.15414,0.019987,0.011538,-0.31257,-0.11315,-0.050287,-0.12139,-0.11505,-0.0098156,-0.039199,0.066998,0.20159
11,0.79001,0.77545,0.77552,0.76616,0.82548,0.84183,0.7975,0.8411,0.80215,0.73911,0.74635,1,0.75365,0.83829,0.78934,0.7906,0.78654,0.77256,0.85665,0.79939,0.80091,0.75647,0.85504,0.75222,0.82675,0.75584,0.80664,0.7758,0.6279,0.80368,0.77202,0.76592,0.79327,0.81501,0.78087,0.75769,0.73503,0.7949,0.77845,0.80122,0.61233,0.70162,0.70942,0.74418,0.70256,0.70175,0.70176,0.59537,0.62018,0.46351,0.43144,0.65115,0.5854,0.65732,0.61692,0.56507,0.38677,0.52552,0.52571,0.61582,0.37071,0.59579,0.50799,0.54632,0.47804,0.24012,0.56494,0.49804,0.44418,0.15308,0.3898,0.4155,0.3348,0.37992,0.28436,0.21138,0.27573,0.25084,0.1712,0.27843,0.33981,0.28175,0.30679,0.27629,0.0019844,0.11029,0.28201,0.095694,0.26429,0.19482,0.070967,-0.080879,0.018619,0.044046,0.12825,-0.046967,0.10907,-0.20869,0.21473,-0.020529,-0.24265,0.0709,0.23336,0.30203,0.3087,0.248,-0.27042,0.11621,0.28192,0.00059392,0.087304,-0.13422,-0.09384,0.14466,0.059399,0.2089,-0.12056,-0.023092,0.064628,0.040962,-0.1388,0.16518,0.29003,0.074321,-0.0094245,0.07317,0.16817,0.21765,-0.11262,0.15636,0.16171,-0.14006,-0.011933,-0.11964,-0.22997,0.004788,-0.31377,-0.063648,-0.13289,0.24221,0.099071,0.10423,-0.042011,0.0058723,0.097158,-0.0846,-0.1438,-0.11429,0.14715,-0.34645,-0.068922,-0.013488,-0.11576,0.039471,0.084487,-0.074049,0.091199,0.017519,-0.16779,0.19451,-0.01214,-0.1438,-0.063387,-0.024659,0.14659,-0.12519,-0.014266,-0.23802,-0.33412,0.086226,0.1532,-0.21438,0.21805,-0.034904,-0.20494,-0.16061,0.15366,-0.15433,0.10002,-0.13234,0.02174,0.10964,0.11733
12,0.78753,0.77132,0.82241,0.82225,0.78874,0.83431,0.79435,0.82078,0.83634,0.75616,0.67034,0.75365,1,0.77601,0.774,0.74938,0.70801,0.79459,0.83478,0.86905,0.76983,0.7541,0.70035,0.81967,0.78531,0.76588,0.78501,0.80034,0.73071,0.85176,0.75834,0.74664,0.68902,0.7571,0.69589,0.81791,0.80109,0.70899,0.60041,0.73015,0.69389,0.75321,0.61509,0.71698,0.72989,0.81182,0.70008,0.73975,0.66246,0.50663,0.55593,0.76,0.62288,0.68129,0.63235,0.57844,0.5729,0.68668,0.50138,0.43699,0.1324,0.45566,0.53187,0.44473,0.3466,0.2083,0.49395,0.26289,0.57055,-0.06769,0.31473,0.48273,0.24955,0.36936,0.24974,0.2222,0.23397,0.23135,0.29545,0.40548,0.18255,0.35999,0.31687,0.10734,0.11515,0.24692,0.47525,0.17415,0.21863,0.17842,0.25884,0.15872,0.069826,0.20054,-0.011394,0.15204,-0.020858,-0.28453,0.221,0.034141,-0.069999,-0.011199,0.35041,0.16709,0.28542,0.21455,-0.23496,0.1353,0.35079,0.073843,-0.092114,-0.17824,-0.069322,0.19208,-0.045818,0.1687,-0.01247,-0.041674,0.13896,0.025935,-0.0049373,0.0611,0.27572,0.29492,-0.0071984,-0.1286,0.11845,0.14771,-0.083485,0.055674,0.1946,-0.15715,-0.12355,-0.20022,-0.029927,-0.12796,-0.34059,-0.11668,-0.16415,0.14739,0.021316,-0.12332,0.024208,0.079724,0.16858,0.23323,-0.095369,-0.15869,0.17069,-0.13181,0.064041,0.13008,-0.074758,0.011763,-0.021067,0.025016,-0.046369,-0.094531,-0.090227,0.18048,-0.078115,-0.12341,0.075648,0.2135,0.15657,0.1548,-0.040162,-0.075335,-0.14117,-0.0008882,-0.035074,-0.11427,0.33634,-0.20774,-0.36823,-0.18226,-0.073975,-0.29033,0.17923,-0.036078,-0.18191,-0.034642,0.1447
13,0.8135,0.87545,0.84714,0.83728,0.85279,0.80598,0.84081,0.87314,0.85393,0.81146,0.79632,0.83829,0.77601,1,0.77745,0.79769,0.83559,0.88632,0.84525,0.81889,0.83296,0.78488,0.86198,0.85995,0.88491,0.83037,0.8396,0.79904,0.72661,0.79817,0.80561,0.8068,0.81722,0.83923,0.78321,0.80415,0.69872,0.84191,0.68992,0.85337,0.73129,0.79044,0.72079,0.77044,0.69436,0.75278,0.72609,0.65068,0.63077,0.65031,0.58485,0.75723,0.69272,0.76102,0.62441,0.57918,0.51444,0.63736,0.4849,0.55105,0.29034,0.5887,0.52255,0.44483,0.56851,0.36539,0.53382,0.42561,0.48925,0.15746,0.36981,0.45844,0.32982,0.32743,0.33919,0.28214,0.21036,0.23776,0.14806,0.31044,0.4139,0.33601,0.25776,0.22033,0.068107,0.21435,0.44528,0.1504,0.20687,0.257,0.07992,0.12698,0.064354,0.10663,-0.0067343,0.072094,0.080537,-0.18865,0.25645,0.13848,-0.15102,0.10706,0.29957,0.11405,0.15559,0.32493,-0.32187,0.16445,0.34991,0.19413,0.14381,-0.086381,-0.046063,0.12604,7.5507e-05,0.21938,-0.038748,0.032336,0.11826,-0.015662,-0.12353,0.11609,0.2486,0.073356,-0.010534,-0.0061065,0.051691,0.0081498,-0.094751,-0.022049,0.17139,0.004638,-0.012939,-0.12863,-0.20434,-0.022867,-0.33604,0.056944,-0.14178,0.21467,0.037441,-0.10354,-0.016263,0.061368,0.089453,-0.062901,-0.11954,-0.065917,0.19669,-0.17548,0.028686,0.036299,-0.35906,0.14731,0.052854,-0.12629,-0.058393,-0.033911,-0.12706,0.23776,-0.036447,-0.1414,-0.017726,-0.069841,0.053806,-0.055113,0.061337,-0.26364,-0.19872,0.055154,0.081126,-0.13558,0.24522,-0.12422,-0.3546,-0.281,0.034043,-0.15431,0.080238,-0.063668,0.029922,0.1426,0.11516
14,0.80043,0.84431,0.76288,0.82851,0.77933,0.82663,0.77248,0.73005,0.83833,0.79725,0.7343,0.78934,0.774,0.77745,1,0.79879,0.71022,0.81973,0.85834,0.84884,0.82876,0.77687,0.76618,0.69306,0.84162,0.7614,0.78302,0.78053,0.74298,0.87046,0.74932,0.72742,0.68833,0.78462,0.63084,0.76172,0.74146,0.75547,0.67528,0.75782,0.6638,0.69245,0.61171,0.75615,0.71954,0.74719,0.70331,0.72423,0.60497,0.45928,0.61832,0.69914,0.61213,0.6512,0.54544,0.52411,0.44809,0.69909,0.44571,0.59275,0.35214,0.47647,0.53964,0.50129,0.45249,0.11926,0.63785,0.44485,0.46946,-0.13977,0.4474,0.35539,0.36567,0.42798,0.35521,0.1539,0.28546,0.33198,0.26667,0.39954,0.26227,0.27889,0.23308,0.3237,0.05259,0.24051,0.38909,0.065941,0.33873,0.044223,0.11682,0.057418,-0.0443,0.078693,-0.020517,0.1487,0.20793,-0.17929,0.19764,0.034233,-0.051167,-0.086101,0.30251,0.3581,0.19293,0.38721,-0.20656,0.20595,0.2212,0.064575,0.058344,-0.18288,-0.080541,0.23786,-0.030108,0.2777,-0.015141,0.1218,0.28165,-0.0022007,-0.0043695,0.080537,0.35523,0.17811,0.00065446,-0.03818,-0.040108,0.21294,-0.22152,0.10473,0.12946,-0.13645,-0.011935,-0.18544,-0.25501,-0.075794,-0.26351,0.11919,-0.19697,-0.074239,0.017801,-0.0075881,-0.11473,-0.13478,0.26258,0.036904,-0.050024,-0.098562,0.092943,-0.19507,-0.17944,-0.08142,-0.15899,0.070752,-0.039993,-0.032282,0.044543,-0.1255,-0.17936,0.19565,0.020271,-0.18932,-0.055185,0.11224,-0.090848,0.073697,0.082329,-0.21146,-0.2518,-0.18632,0.11642,-0.024138,0.16566,-0.18664,-0.30273,-0.15267,0.13384,-0.13935,0.15942,-0.14942,-0.21584,0.14787,0.1512
15,0.7691,0.82251,0.76197,0.79791,0.83423,0.78801,0.71097,0.77285,0.78277,0.84141,0.7844,0.7906,0.74938,0.79769,0.79879,1,0.8074,0.79864,0.82148,0.84211,0.8291,0.76549,0.80981,0.71028,0.74948,0.74504,0.8209,0.82555,0.7035,0.84327,0.65628,0.73155,0.7594,0.78676,0.73932,0.75967,0.80696,0.68355,0.65169,0.75255,0.65739,0.65981,0.63449,0.69278,0.74436,0.7298,0.64476,0.61172,0.64585,0.53887,0.61401,0.76599,0.5751,0.69881,0.56525,0.58171,0.4819,0.62274,0.48864,0.54948,0.19146,0.52397,0.43893,0.37712,0.47916,0.14207,0.51124,0.55476,0.41884,-9.6815e-05,0.47311,0.48533,0.30064,0.35159,0.21404,0.16619,0.25955,0.18369,0.24934,0.34127,0.24579,0.19622,0.20499,0.35326,-0.0038701,0.31015,0.4426,0.093012,0.26489,0.17706,0.22043,0.025997,-0.015691,0.11028,0.028652,0.024014,0.13819,-0.051586,0.28068,-0.043818,-0.11523,0.067282,0.27959,0.18897,0.28957,0.4321,-0.2333,0.30678,0.26233,-0.075359,0.10368,-0.15344,-0.010135,0.28314,0.098023,0.22365,-0.047773,0.0038494,0.056633,-0.025355,-0.0074529,0.036119,0.24631,0.15777,0.13768,-0.048428,0.055559,0.085825,-0.20008,-0.014782,0.18969,-0.099672,-0.020607,-0.039994,-0.1803,-0.064517,-0.27384,0.013037,-0.19641,0.2398,-0.016977,-0.094691,-0.1354,0.067582,0.1977,-0.06183,0.0045038,0.091109,0.06449,-0.3065,-0.042453,-0.084752,-0.24891,0.1887,0.049014,-0.12676,-0.068601,0.029156,-0.03438,0.19116,0.13185,-0.12125,-0.040186,0.093214,-0.065678,0.039193,-0.071498,-0.23076,-0.35374,0.021231,0.085857,-0.032299,0.089925,-0.043944,-0.32186,-0.10227,-0.059454,-0.068642,0.020409,0.030787,0.035227,0.05433,0.015447
16,0.77374,0.78865,0.81426,0.78692,0.78815,0.77303,0.80317,0.76494,0.77626,0.84047,0.7852,0.78654,0.70801,0.83559,0.71022,0.8074,1,0.80517,0.82547,0.78622,0.78012,0.86973,0.83443,0.76967,0.78385,0.80269,0.80053,0.79048,0.76289,0.78428,0.74894,0.70952,0.7515,0.803,0.80274,0.72539,0.72905,0.7764,0.78277,0.74481,0.72434,0.72392,0.77509,0.73,0.65191,0.72369,0.70097,0.58783,0.61444,0.58965,0.54673,0.73242,0.59885,0.72277,0.56822,0.5651,0.5703,0.56202,0.6052,0.65088,0.34408,0.6041,0.49563,0.43365,0.4964,0.34349,0.51608,0.50273,0.43549,0.014559,0.28469,0.32759,0.33724,0.25645,0.33664,0.09619,0.17307,0.33311,0.17143,0.16895,0.25271,0.24037,0.31998,0.36546,0.071563,0.25519,0.41161,0.20487,0.22786,0.23401,0.14893,0.11527,0.071181,0.10323,0.13057,0.081218,0.053399,-0.23858,0.037546,-0.013267,-0.054974,0.068811,0.23142,0.17792,0.33948,0.33222,-0.35404,0.21469,0.35294,0.10103,0.14068,-0.15828,-0.055788,0.16086,0.13987,0.23439,-0.1395,0.012652,0.19464,0.043085,-0.064924,0.039813,0.2789,0.048494,-0.044404,0.1163,0.17088,0.089345,-0.28947,0.12673,0.17918,-0.033286,0.061671,-0.067928,-0.20759,0.073602,-0.22178,0.083158,-0.32925,0.22723,-0.046164,0.027935,-0.078505,-0.04754,0.023539,-0.11732,-0.042795,-0.022353,0.23675,-0.2032,0.0090917,-0.053874,-0.34622,0.19232,0.075906,-0.12998,-0.11629,0.048282,-0.13987,0.25493,0.067775,-0.07059,0.045076,-0.038497,-0.054395,0.052703,-0.089829,-0.22047,-0.21443,0.066501,0.2736,-0.093252,0.10774,-0.052863,-0.42137,-0.32826,0.029402,0.029225,0.02409,-0.0090068,-0.05784,0.1293,0.01985
17,0.83801,0.85301,0.76248,0.88309,0.80824,0.80841,0.77465,0.85391,0.82555,0.86437,0.78782,0.77256,0.79459,0.88632,0.81973,0.79864,0.80517,1,0.83585,0.8433,0.81712,0.80189,0.82159,0.78181,0.86656,0.81981,0.78738,0.82389,0.80296,0.8397,0.84592,0.80311,0.742,0.8272,0.75949,0.76375,0.75598,0.74511,0.65302,0.79798,0.71408,0.76556,0.71498,0.75171,0.77193,0.76237,0.74879,0.66161,0.60425,0.56207,0.58931,0.75828,0.70395,0.65053,0.52135,0.58855,0.48555,0.70653,0.49968,0.56718,0.34923,0.49064,0.5797,0.50178,0.53088,0.29404,0.63089,0.37429,0.49487,0.057476,0.24826,0.39871,0.24572,0.32709,0.32136,0.27623,0.094498,0.28651,0.19245,0.25214,0.2952,0.223,0.30573,0.2653,0.020537,0.30515,0.40089,0.15847,0.27128,0.20545,0.16877,0.1061,0.050722,0.059562,-0.075394,0.12246,0.14141,-0.24061,0.2704,0.1287,-0.17409,0.08811,0.22655,0.18319,0.21318,0.39367,-0.33471,0.25738,0.36109,0.11592,0.025108,-0.1983,-0.040302,0.1655,-0.016469,0.19428,0.014513,0.030986,0.1411,-0.028904,-0.12268,0.057455,0.23285,0.10645,0.057673,0.0096645,-0.054945,0.066026,-0.14209,0.0016154,0.1493,-0.1103,-0.11044,-0.15975,-0.11918,0.11897,-0.28249,-0.022275,-0.15162,0.10346,0.042401,0.0025505,-0.077919,0.039787,0.21665,-0.029513,0.01893,0.0047752,0.18003,-0.082789,-0.038447,-0.00075835,-0.23607,0.081851,0.062585,-0.098788,0.035112,-0.021083,-0.23019,0.21865,-0.039802,-0.061341,-0.074832,0.11187,-0.068455,-0.048473,0.10265,-0.24524,-0.16355,0.028609,0.044886,-0.11382,0.30364,-0.1638,-0.34964,-0.17612,0.0028606,-0.26714,-0.049649,-0.12852,-0.043474,0.1426,0.1483
18,0.84985,0.83895,0.81487,0.872,0.83795,0.88407,0.80488,0.81208,0.84655,0.84832,0.73425,0.85665,0.83478,0.84525,0.85834,0.82148,0.82547,0.83585,1,0.88573,0.80737,0.84448,0.82684,0.79942,0.89893,0.78872,0.84159,0.81994,0.7175,0.90486,0.83416,0.78262,0.77374,0.79413,0.78209,0.78891,0.78615,0.79232,0.68113,0.79773,0.73109,0.78795,0.71241,0.79544,0.77358,0.80011,0.76724,0.65433,0.61866,0.5134,0.58668,0.75907,0.6649,0.68687,0.60567,0.60859,0.50778,0.67025,0.50203,0.684,0.38273,0.6336,0.57465,0.44857,0.48373,0.2445,0.5561,0.50295,0.50968,-0.080322,0.42391,0.38128,0.34219,0.29368,0.32652,0.1957,0.28888,0.30109,0.28999,0.26888,0.26732,0.36804,0.32501,0.29703,-0.00046603,0.26146,0.41024,0.11821,0.27067,0.21633,0.043512,0.037599,0.033905,0.14869,-0.02667,0.074186,0.16396,-0.23377,0.2519,0.12432,-0.11064,0.10611,0.26476,0.27256,0.24457,0.27576,-0.28804,0.23777,0.32501,-0.017454,0.090738,-0.13864,-0.071446,0.18305,-0.048027,0.24978,-0.066681,-0.066116,0.17867,-0.073327,-0.081647,0.043673,0.31298,0.24589,0.00039575,-0.00072848,0.0078507,0.051673,-0.15843,0.104,0.20882,-0.1015,-0.038981,-0.16508,-0.25972,-0.058492,-0.28816,-0.013431,-0.20435,0.091812,0.051417,0.083092,-0.090305,-0.090855,0.19135,0.020138,-0.13182,-0.076227,0.1349,-0.19178,0.057658,0.0073748,-0.17012,0.061716,0.14654,-0.037245,0.039025,0.016008,-0.084745,0.1946,-0.037332,-0.1635,-0.021226,0.14142,-0.0527,0.0015878,0.0031295,-0.28157,-0.29247,-0.022143,0.075434,-0.06734,0.22809,-0.17664,-0.32814,-0.15576,0.026078,-0.04867,0.073903,0.016414,-0.12998,0.010308,0.15957
19,0.82815,0.85679,0.80338,0.87973,0.88609,0.8509,0.77943,0.81398,0.85,0.82481,0.75681,0.79939,0.86905,0.81889,0.84884,0.84211,0.78622,0.8433,0.88573,1,0.81021,0.83606,0.82837,0.77208,0.83375,0.81178,0.87442,0.90461,0.78591,0.84224,0.79076,0.76278,0.75057,0.84765,0.71239,0.82571,0.83311,0.73229,0.66116,0.81719,0.68789,0.68802,0.64028,0.7833,0.77113,0.7967,0.7832,0.76764,0.61133,0.47061,0.59105,0.8058,0.69522,0.66044,0.58791,0.60218,0.5367,0.69867,0.5486,0.66419,0.29512,0.5281,0.54643,0.44032,0.46392,0.21989,0.56791,0.5146,0.56451,-0.067457,0.38733,0.50544,0.38998,0.33375,0.32682,0.22274,0.31557,0.31422,0.17997,0.35665,0.18861,0.22337,0.26888,0.25652,0.01835,0.23718,0.42236,0.15724,0.16915,0.099071,0.23711,0.090017,0.090994,0.16034,0.014317,0.099947,0.077566,-0.26807,0.3021,0.093518,-0.091877,0.13121,0.40679,0.27425,0.31275,0.31482,-0.35126,0.17943,0.32809,-0.02244,0.010934,-0.18258,0.041083,0.19801,-0.10512,0.17953,0.019322,-0.0017122,0.17915,-0.12089,-0.066851,-0.038377,0.3393,0.15919,0.083223,-0.039362,0.020414,0.13713,-0.061847,0.16067,0.12952,-0.05041,-0.079906,-0.15125,-0.18722,-0.023596,-0.26952,0.024626,-0.17838,0.063408,-0.017043,0.012821,-0.098085,-0.081662,0.16829,0.0022258,-0.085851,-0.0071993,0.12033,-0.25934,-0.039194,-0.053931,-0.16884,0.10655,0.015602,-0.045513,-0.15472,0.047877,-0.10116,0.18973,-0.022414,-0.1846,0.021721,0.12038,-0.033107,0.085787,0.02287,-0.15754,-0.18896,0.0097535,0.064173,-0.094901,0.30765,-0.1728,-0.32913,-0.24718,-0.0017061,-0.12083,0.046317,0.019993,-0.24711,0.050932,0.10833
20,0.88726,0.83929,0.80923,0.8032,0.83371,0.81015,0.7916,0.7827,0.83015,0.83719,0.78663,0.80091,0.76983,0.83296,0.82876,0.8291,0.78012,0.81712,0.80737,0.81021,1,0.81826,0.82867,0.76034,0.8197,0.79721,0.80852,0.77107,0.76176,0.84151,0.68499,0.82403,0.83117,0.77274,0.72101,0.80797,0.7282,0.69107,0.71829,0.80848,0.73152,0.7226,0.69233,0.70817,0.68281,0.79006,0.73362,0.63914,0.64324,0.53302,0.57116,0.702,0.67109,0.68783,0.56288,0.49658,0.56855,0.59198,0.41438,0.55249,0.25503,0.59622,0.65962,0.45901,0.53273,0.26895,0.64235,0.44829,0.39615,0.054909,0.30331,0.45578,0.42396,0.48092,0.3919,0.21871,0.17749,0.26779,0.31011,0.34589,0.37667,0.21886,0.16846,0.31374,0.029402,0.31519,0.31174,0.029031,0.17617,0.20919,0.083431,-0.014515,-0.04942,0.085211,0.11958,0.2891,0.20214,-0.10192,0.2288,0.1145,-0.030813,-0.036428,0.20006,0.057628,0.17979,0.38581,-0.27905,0.14487,0.25828,0.028498,0.080115,-0.087052,-0.12744,0.26578,0.10845,0.15028,-0.15291,0.095708,0.19436,0.089423,-0.04759,0.10251,0.27976,0.10956,0.037335,-0.047911,-0.08533,0.22393,-0.13543,-0.010053,0.20337,-0.14644,-0.16226,-0.16484,-0.16647,-0.092007,-0.27551,-0.025219,-0.2189,0.10423,0.089254,-0.040878,-0.045082,0.084927,0.16243,0.066484,-0.072652,-0.056043,0.076667,-0.35716,-0.14247,-0.048012,-0.11866,0.14968,-0.0038987,-0.035765,-0.021483,-0.012426,-0.13819,0.19931,0.11881,-0.12141,0.070949,0.054839,0.010067,0.0091694,0.018935,-0.19779,-0.19438,-0.1018,0.048966,-0.011072,0.12526,-0.079845,-0.23227,-0.13966,0.075961,-0.14538,0.10744,-0.13906,-0.058567,0.097609,0.019313
21,0.85887,0.81683,0.82352,0.84167,0.79022,0.79135,0.77099,0.73536,0.85719,0.83646,0.81142,0.75647,0.7541,0.78488,0.77687,0.76549,0.86973,0.80189,0.84448,0.83606,0.81826,1,0.83604,0.79934,0.8302,0.84362,0.806,0.79465,0.82826,0.81923,0.75294,0.81195,0.76862,0.7921,0.73059,0.76386,0.74733,0.71521,0.67097,0.75192,0.79174,0.71371,0.65616,0.73533,0.63721,0.79903,0.74464,0.72156,0.59797,0.55157,0.58444,0.72962,0.62939,0.65456,0.47555,0.54506,0.6444,0.60649,0.55268,0.57274,0.33536,0.6017,0.68151,0.40663,0.49577,0.3355,0.53769,0.47521,0.49116,-0.089176,0.28048,0.24742,0.28061,0.35527,0.2623,0.22655,0.1697,0.405,0.17728,0.35215,0.29015,0.14439,0.22636,0.27691,0.08816,0.30616,0.28009,0.11506,0.15998,0.20778,0.19314,0.12814,0.080593,0.15111,0.11691,0.056065,0.12522,-0.35048,0.17941,0.11304,-0.15814,0.089292,0.30272,0.19102,0.23021,0.41317,-0.3841,0.28465,0.34863,0.12959,0.11343,-0.026616,-0.035626,0.2911,-0.094459,0.15536,-0.096253,0.090831,0.24146,-0.021592,-0.092933,0.087768,0.35973,0.15633,-0.09682,0.085336,-0.00079516,0.20279,-0.21042,0.12874,0.2232,-0.015546,0.0296,-0.042356,-0.25349,0.096958,-0.16884,0.056334,-0.20318,0.14067,0.01751,0.1226,0.021464,-0.13876,0.051699,-0.036535,-0.084001,-0.062939,0.21178,-0.28637,-0.056712,-0.023051,-0.14391,0.26061,0.073832,-0.093901,-0.11049,0.024443,-0.20555,0.16646,-0.0094367,-0.1334,0.026747,-0.039431,-0.10045,0.17986,-0.046082,-0.19058,-0.24948,0.017082,0.16813,-0.1697,0.11536,-0.11937,-0.41881,-0.17019,-0.0082632,-0.063176,0.011882,-0.025221,-0.13984,0.0040015,0.18276
22,0.82645,0.82788,0.77504,0.83766,0.83334,0.79219,0.80433,0.78098,0.85019,0.86129,0.77802,0.85504,0.70035,0.86198,0.76618,0.80981,0.83443,0.82159,0.82684,0.82837,0.82867,0.83604,1,0.76574,0.83449,0.84362,0.79943,0.83011,0.69436,0.77882,0.75737,0.74567,0.81228,0.84882,0.77231,0.78202,0.69349,0.76442,0.76157,0.83003,0.69807,0.69151,0.68269,0.68841,0.66185,0.72878,0.78728,0.61281,0.68465,0.51884,0.54037,0.68713,0.64499,0.62484,0.60255,0.68911,0.50519,0.58912,0.46351,0.60506,0.38278,0.65644,0.66092,0.40479,0.54178,0.29496,0.57519,0.4922,0.47057,0.12534,0.34481,0.42034,0.32327,0.43837,0.31339,0.24996,0.1702,0.30998,0.086451,0.26364,0.41578,0.15752,0.24087,0.24143,0.047645,0.15377,0.27738,0.17052,0.087535,0.14115,0.10844,0.039062,0.045678,-0.005576,0.13566,0.032137,0.21812,-0.22599,0.23409,0.072363,-0.22633,0.14189,0.20402,0.29723,0.27228,0.33308,-0.36119,0.16633,0.33857,0.025064,0.20447,-0.11504,-0.029966,0.14752,-0.02852,0.15077,-0.11107,-0.044485,0.13729,-0.052035,-0.18803,0.091568,0.32533,0.035674,-0.0068363,0.018797,0.10959,0.11633,-0.16696,0.17574,0.26609,0.082,-0.14949,-0.10622,-0.28138,0.17542,-0.36732,0.11765,-0.14742,0.14038,0.16406,0.049094,-0.13147,-0.054856,0.0011732,-0.1459,-0.12872,-0.016432,0.14699,-0.35552,-0.013725,-0.02779,-0.28537,0.1884,0.15704,-0.014021,-0.077381,-0.013656,-0.23193,0.2054,0.053751,-0.21251,0.013481,-0.049323,-0.058778,0.0093863,-0.050604,-0.30426,-0.28624,0.1386,0.14312,-0.13854,0.26362,0.069797,-0.36328,-0.16174,0.10426,-0.15552,0.0010313,-0.010839,0.0013562,0.17306,0.064624
23,0.74271,0.7667,0.81746,0.78511,0.76034,0.75136,0.82636,0.81641,0.84718,0.79366,0.75283,0.75222,0.81967,0.85995,0.69306,0.71028,0.76967,0.78181,0.79942,0.77208,0.76034,0.79934,0.76574,1,0.78708,0.74218,0.80629,0.76111,0.70169,0.77736,0.79505,0.81039,0.79454,0.78981,0.76878,0.83098,0.73779,0.7581,0.5861,0.74902,0.73383,0.70527,0.67047,0.71407,0.65358,0.76856,0.70077,0.66901,0.62556,0.54861,0.52421,0.7353,0.57633,0.78918,0.72391,0.55984,0.56585,0.55646,0.38731,0.48033,0.14161,0.55116,0.58589,0.3171,0.5248,0.33633,0.45197,0.26197,0.52143,-0.010063,0.26471,0.44016,0.35148,0.39249,0.27451,0.332,0.16545,0.25071,0.23878,0.32701,0.33672,0.29959,0.26078,0.16188,0.19958,0.22174,0.38239,0.30399,-0.0084675,0.17794,0.12823,0.26849,0.074552,0.17463,0.058928,0.13845,-0.09962,-0.3683,0.25357,0.036957,-0.089011,0.16946,0.31974,0.18712,0.11307,0.18676,-0.2871,0.18935,0.24662,0.10582,0.091414,-0.10889,-0.022918,0.0774,-0.048942,0.22246,0.038888,0.018386,0.12985,0.09423,-0.089914,0.054187,0.21055,0.18802,-0.034014,0.01461,0.008392,0.05513,-0.23643,-0.019373,0.20532,-0.098788,0.069207,-0.29108,-0.16911,-0.11255,-0.2534,-0.15803,-0.13683,0.31115,0.087889,-0.045576,0.016628,0.064975,0.025845,0.074751,-0.1635,-0.11654,0.26124,-0.21261,-0.021905,0.1889,-0.18232,0.11485,0.10615,-0.10723,-0.062888,-0.045784,-0.19604,0.24615,-0.20544,-0.11971,0.023951,-0.015833,0.055523,0.0051668,0.035707,-0.1118,-0.17473,0.12179,0.033393,-0.082809,0.23346,-0.11402,-0.37573,-0.19376,-0.01699,-0.11201,0.20896,0.035798,-0.085565,0.030473,0.10026
24,0.83839,0.85149,0.80177,0.90037,0.82953,0.83176,0.80221,0.81552,0.89779,0.81474,0.82078,0.82675,0.78531,0.88491,0.84162,0.74948,0.78385,0.86656,0.89893,0.83375,0.8197,0.8302,0.83449,0.78708,1,0.84189,0.81318,0.76338,0.7561,0.83528,0.80266,0.80188,0.75387,0.81836,0.76932,0.75483,0.71318,0.79589,0.71633,0.8575,0.72249,0.81584,0.69827,0.77827,0.68737,0.76104,0.80912,0.67683,0.57307,0.53472,0.60037,0.69565,0.68958,0.74023,0.61548,0.58198,0.46783,0.5937,0.48962,0.58847,0.34285,0.61349,0.6311,0.50451,0.52124,0.36425,0.57186,0.42983,0.46087,0.089432,0.3038,0.37744,0.34323,0.32446,0.45525,0.29045,0.30836,0.30103,0.24089,0.36376,0.31191,0.31911,0.31131,0.27853,0.089201,0.22398,0.29195,0.087261,0.20441,0.26314,0.020144,-0.040756,0.10041,0.071701,0.093184,0.076177,0.18159,-0.28701,0.27145,0.28639,-0.092335,0.034147,0.19713,0.19256,0.19468,0.3587,-0.32051,0.19625,0.30393,0.092389,0.090977,-0.09403,-0.070414,0.19955,-0.063299,0.11732,-0.051774,0.051572,0.17381,-0.10549,-0.086123,0.11984,0.27605,0.20695,-0.14346,-0.017231,-0.050758,0.10591,-0.073688,0.086764,0.1762,-0.1097,-0.048701,-0.11326,-0.19631,0.086857,-0.35727,0.14836,-0.1398,0.10534,0.038309,-0.035116,-0.11237,-0.046163,0.22588,-0.082244,-0.096884,-0.072254,0.18235,-0.2149,-0.028045,-0.01788,-0.12089,0.10245,-0.0081516,0.036285,0.085427,0.010371,-0.19018,0.2281,0.063073,-0.11856,-0.017695,-0.019966,0.010635,0.012969,0.11708,-0.16308,-0.21615,-0.01452,0.0605,-0.091978,0.21836,-0.15509,-0.31402,-0.18482,0.0031384,-0.16199,0.046392,-0.050649,-0.1434,0.032357,0.15528
