,0,1,2,3,4,5,6,7,8,9,10,11,12,13,14,15,16,17,18,19,20,21,22,23,24,25,26,27,28,29,30,31,32,33,34,35,36,37,38,39,40,41,42,43,44,45,46,47,48,49,50,51,52,53,54,55,56,57,58,59,60,61,62,63,64,65,66,67,68,69,70,71,72,73,74,75,76,77,78,79,80,81,82,83,84,85,86,87,88,89,90,91,92,93,94,95,96,97,98,99,100,101
0,1,0.72807,0.73133,0.79274,0.71735,0.70921,0.74184,0.78319,0.70242,0.75568,0.66946,0.80035,0.54469,0.63106,0.5597,0.45306,0.47706,0.37722,0.26839,0.53148,0.38541,0.16137,-0.0092653,0.18587,-0.045902,0.056876,-0.079468,-0.09677,0.1505,-0.25492,-0.3301,-0.24354,-0.30672,0.011349,-0.23512,-0.23404,-0.27872,-0.29534,-0.36552,-0.2376,-0.26949,-0.13703,-0.34202,0.022566,-0.39979,-0.10811,-0.3374,-0.30206,-0.39021,-0.18817,-0.43204,-0.20471,-0.22618,-0.15868,-0.094317,-0.37796,-0.027512,-0.15427,0.026995,-0.14453,-0.077147,0.038489,-0.2269,-0.11984,-0.16131,0.018756,-0.11592,0.15509,-0.0087467,-0.018795,-0.045678,-0.27505,0.23468,-0.13411,-0.025725,-0.23043,-0.02535,-0.035922,-0.015726,-0.15718,0.29288,-0.064966,0.007597,-0.065879,0.16624,0.20026,0.065364,0.13436,0.14307,0.18298,0.25647,0.058827,0.15304,-0.14713,0.16771,0.16244,-0.033986,0.04792,0.090039,-0.11478,0.191,0.29844
1,0.72807,1,0.73642,0.77728,0.68932,0.80244,0.79151,0.76254,0.71033,0.75602,0.43167,0.78776,0.56307,0.55481,0.43507,0.23088,0.46638,0.19721,0.39994,0.53187,0.21099,0.33217,0.019216,0.28988,0.073741,0.035066,-0.23431,-0.025547,0.21492,-0.21596,-0.20205,-0.23623,-0.36056,0.15932,-0.14971,-0.20313,-0.32382,-0.31663,-0.34381,-0.25868,-0.36313,-0.41708,-0.33498,0.04717,-0.19875,-0.11125,-0.28024,-0.15766,-0.36766,-0.33172,-0.36627,-0.086316,-0.062149,-0.010609,-0.29154,-0.48073,0.074792,-0.089663,0.19899,-0.11463,-0.041943,0.018997,-0.16084,-0.011378,-0.2695,0.10687,0.10677,0.0058456,0.07795,0.13223,-0.29096,-0.21227,0.32079,-0.21664,-0.17734,-0.099906,0.046165,-0.088768,0.32577,0.03931,0.21702,-0.091903,-0.0080192,0.02294,0.15409,0.20529,-0.06686,0.067116,0.021886,0.06476,0.1211,0.085513,0.12676,-0.10212,0.21199,0.20526,0.075339,0.11183,0.1582,-0.089371,0.25945,0.134
2,0.73133,0.73642,1,0.73774,0.73853,0.67658,0.78357,0.71167,0.70727,0.61088,0.57669,0.77402,0.52515,0.67066,0.50411,0.43519,0.48703,0.35553,0.36719,0.45476,0.27294,0.30391,0.074473,0.12233,0.0091324,0.078838,0.035132,-0.1341,0.21864,-0.30894,-0.15499,-0.14957,-0.36883,-0.084338,-0.13162,-0.2328,-0.2947,-0.25831,-0.24666,-0.19062,-0.22686,-0.2779,-0.24282,-0.11351,-0.26426,-0.13237,-0.23409,-0.14,-0.31713,-0.20231,-0.32515,-0.092171,0.079024,-0.0028349,-0.20106,-0.4789,0.1299,-0.19833,0.0062422,-0.09812,-0.12043,-0.017631,-0.17656,-0.098169,-0.079061,0.010206,-0.069749,0.077744,0.10234,-0.041097,-0.23024,-0.24636,0.146,-0.31288,-0.089725,-0.03072,0.011695,-0.0817,-0.039021,-0.064965,0.21048,-0.19016,-0.010902,0.036214,0.10515,0.19048,0.075072,0.077252,0.33211,0.079776,0.082131,0.03577,0.17624,-0.06084,0.18409,0.01009,-0.065657,-0.10498,0.088712,-0.22527,0.090996,0.22511
3,0.79274,0.77728,0.73774,1,0.74284,0.68217,0.76283,0.67836,0.66378,0.66154,0.5659,0.77306,0.61903,0.65268,0.43213,0.40134,0.52306,0.23213,0.47357,0.48147,0.37773,0.2883,0.026949,0.10468,-0.11214,0.008124,-0.046658,0.013122,0.22935,-0.19299,-0.15277,-0.30842,-0.24092,0.098295,-0.11796,-0.30326,-0.18282,-0.35737,-0.35252,-0.26556,-0.1988,-0.25412,-0.31382,0.11254,-0.23875,-0.13412,-0.19658,-0.33613,-0.34238,-0.34101,-0.19451,-0.057302,-0.097788,-0.067405,-0.16553,-0.4569,0.097537,-0.27938,0.15028,-0.074462,-0.16153,0.0046665,-0.23153,-0.095516,-0.20356,-0.02301,0.018743,-0.042456,0.037217,0.016853,-0.22708,-0.25463,0.22389,-0.064374,-0.095703,-0.11584,-0.062339,0.041433,0.083415,-0.11776,0.34938,-0.19322,-0.20523,0.018855,0.11166,0.11312,0.09637,0.082075,0.020381,0.25773,0.1729,0.18445,0.095963,0.080587,0.19407,0.10209,-0.098272,-0.0024221,0.035088,-0.046726,-0.029594,0.35454
4,0.71735,0.68932,0.73853,0.74284,1,0.65433,0.70274,0.61975,0.59483,0.6187,0.51176,0.61654,0.43957,0.59512,0.49162,0.28038,0.47238,0.30371,0.18505,0.38842,0.29496,0.27161,0.026699,0.12376,-0.024721,-0.19263,0.060092,0.1504,0.11989,-0.39415,-0.13177,-0.36829,-0.25335,-0.05365,-0.13665,-0.066633,-0.28252,-0.3348,-0.15471,-0.29676,-0.19932,-0.32394,-0.22897,-0.012635,-0.15986,-0.18314,-0.36446,-0.22786,-0.45037,-0.22817,-0.16358,-0.15652,-0.10278,-0.026574,-0.16715,-0.41982,-0.019019,-0.15351,0.018029,-0.15966,-0.14083,-0.041432,-0.09274,-0.12297,-0.069141,0.0020735,0.094331,0.097229,0.10311,-0.094309,-0.14976,-0.13571,0.10117,-0.1967,-0.24425,-0.11704,-0.04561,-0.010556,0.11169,-0.2398,0.26408,-0.10941,-0.20632,-0.05581,0.11314,0.17468,0.034088,0.0078591,0.021266,0.15587,0.14588,-0.14194,0.15692,-0.05809,0.02199,0.10301,-0.048338,-0.079253,0.14937,0.038427,-0.080619,0.11594
5,0.70921,0.80244,0.67658,0.68217,0.65433,1,0.71567,0.6728,0.76206,0.64884,0.56777,0.69622,0.51274,0.54966,0.36503,0.29702,0.43568,0.16677,0.43035,0.50949,0.14353,0.20664,0.080274,0.18697,0.11608,-0.051688,-0.18718,-0.17365,0.13611,-0.42786,-0.056161,-0.12455,-0.36371,0.031197,-0.12088,-0.25005,-0.41344,-0.20206,-0.14222,-0.34099,-0.26419,-0.34697,-0.272,-0.078747,-0.28674,-0.07781,-0.36029,-0.20597,-0.33205,-0.12146,-0.28375,-0.2021,-0.0015791,-0.082546,-0.16301,-0.43416,-0.079797,-0.14014,0.075265,-0.038683,-0.10205,-0.017121,-0.073018,-0.040624,-0.16615,0.025904,0.20468,0.021272,0.095358,-0.14015,-0.22706,-0.16321,0.13764,-0.10844,-0.17138,-0.26697,-0.075197,0.024541,0.22517,-0.08211,0.13352,-0.12764,-0.083193,-0.056525,0.10296,0.18646,-0.11587,0.14902,0.07879,0.091216,0.16674,0.061726,0.28311,-0.06746,0.20488,0.050777,0.064701,-0.049968,0.22826,-0.03735,0.10339,0.33239
6,0.74184,0.79151,0.78357,0.76283,0.70274,0.71567,1,0.76469,0.6614,0.73075,0.51868,0.78509,0.56994,0.44414,0.52817,0.37082,0.41326,0.32615,0.35511,0.66764,0.36048,0.31548,-0.021897,0.11688,0.0011882,-0.046762,-0.19009,0.014335,0.26975,-0.32929,-0.16868,-0.23175,-0.3017,-0.069129,-0.13218,-0.33936,-0.23018,-0.27492,-0.2383,-0.28782,-0.19831,-0.31459,-0.33444,0.066933,-0.31007,-0.18395,-0.30656,-0.18024,-0.43038,-0.28223,-0.29441,-0.15322,-0.12033,0.048038,-0.2547,-0.40808,0.076172,-0.12741,0.056758,-0.17974,-0.015164,-0.06861,-0.1657,-0.070692,-0.18822,0.016481,0.085787,0.066437,-0.0046036,0.063721,-0.10924,-0.21932,0.30338,-0.19615,-0.069591,-0.1054,-0.077117,-0.10046,0.17405,0.0084113,0.34405,-0.15399,-0.0074558,0.032587,0.1134,0.26614,0.09369,-0.052564,0.038826,-0.025386,0.27608,0.087343,0.17429,0.013536,0.21655,0.11997,-0.013634,0.04601,0.12321,-0.13994,0.071398,0.2782
7,0.78319,0.76254,0.71167,0.67836,0.61975,0.6728,0.76469,1,0.71035,0.74247,0.61045,0.7879,0.59507,0.46372,0.46193,0.44492,0.50553,0.21755,0.31607,0.57822,0.301,0.1403,-0.049912,0.15233,-0.01319,0.012639,-0.12024,0.021985,-0.04529,-0.28874,-0.27069,-0.27781,-0.2224,0.06326,-0.28633,-0.31735,-0.36416,-0.33809,-0.35306,-0.27328,-0.36887,-0.1878,-0.47165,-0.080799,-0.46622,-0.21857,-0.3006,-0.14319,-0.33492,-0.28398,-0.54468,-0.24178,-0.22807,-0.16368,-0.11164,-0.44728,0.081438,-0.16331,0.13413,-0.15383,0.029351,0.066958,-0.19478,-0.07767,-0.16572,-0.061629,0.036572,0.047989,-0.072508,-0.01101,-0.16063,-0.18799,0.30479,-0.1918,-0.07348,-0.21356,0.039388,-0.15938,0.093526,-0.017895,0.27407,-0.29305,0.18036,0.01025,0.055902,0.065187,0.074027,0.061956,0.11003,0.22307,0.12873,0.090036,-0.030417,-0.17082,0.24228,0.11845,-0.1252,-0.090743,0.19425,0.0018878,0.19018,0.21135
8,0.70242,0.71033,0.70727,0.66378,0.59483,0.76206,0.6614,0.71035,1,0.67806,0.58383,0.76621,0.60069,0.52336,0.43366,0.25105,0.62721,0.1569,0.32207,0.40913,0.1727,0.27276,0.14548,0.039899,0.27311,0.09222,0.030786,-0.042088,0.053256,-0.23135,-0.24083,-0.0040549,-0.18202,0.14622,-0.19283,-0.16159,-0.33232,-0.21135,-0.21159,-0.16767,-0.14732,-0.36729,-0.35601,0.069648,-0.29729,-0.057885,-0.23814,-0.040795,-0.18553,-0.20459,-0.3779,-0.22665,0.090447,-0.15554,-0.16594,-0.35069,0.069586,-0.16153,0.12785,-0.11911,-0.13125,0.083499,0.0093386,-0.2125,-0.14716,-0.053962,-0.011295,-0.0072585,0.070447,-0.13239,-0.24374,0.062094,0.32348,-0.14135,-0.16128,-0.30328,0.042188,-0.083613,0.13496,-0.044152,0.3631,-0.097494,-0.040476,-0.0029846,0.17119,0.22895,-0.1148,0.19781,0.1306,0.30258,0.23851,0.062676,0.044156,-0.10279,0.20936,0.141,-0.029547,-0.16008,0.2864,0.0047021,0.18311,0.33934
9,0.75568,0.75602,0.61088,0.66154,0.6187,0.64884,0.73075,0.74247,0.67806,1,0.50298,0.63038,0.55929,0.39373,0.52905,0.32164,0.45836,0.2553,0.29043,0.45031,0.32055,0.2563,0.032398,0.21343,0.053607,-0.0066017,-0.16932,-0.019355,0.035013,-0.32506,-0.36568,-0.1056,-0.12134,0.038864,-0.092225,-0.042246,-0.22761,-0.13323,-0.11444,-0.31948,-0.21049,-0.34492,-0.32611,0.081842,-0.24575,0.014518,-0.32918,-0.086886,-0.4026,-0.23767,-0.31728,-0.36404,-0.1578,-0.13411,-0.22728,-0.33086,0.077565,-0.18318,0.10663,-0.053873,-0.017312,-0.0041452,-0.15413,-0.078541,-0.29798,0.064944,0.094137,0.062287,0.1268,0.031227,-0.15121,-0.25229,0.46143,-0.18635,0.0041352,-0.25164,0.019672,-0.15531,0.21455,-0.062935,0.40747,-0.066764,0.23585,-0.063808,0.24174,0.15642,0.16668,-0.0064442,0.10334,0.12867,0.13257,0.012265,0.074318,-0.24117,0.33076,0.20518,0.0037114,0.11921,0.12531,-0.19401,0.19334,0.17518
10,0.66946,0.43167,0.57669,0.5659,0.51176,0.56777,0.51868,0.61045,0.58383,0.50298,1,0.54183,0.51558,0.37124,0.35565,0.52871,0.60608,0.2229,0.25709,0.51702,0.35451,-0.092667,-0.21226,0.18535,-0.12888,0.20798,0.078668,-0.24124,0.049491,-0.19943,-0.29865,0.051211,-0.075436,-0.073868,-0.33977,0.022336,-0.37185,-0.10927,-0.057787,-0.044306,-0.21117,0.039971,-0.41784,-0.12769,-0.2395,-0.12522,-0.2303,-0.16397,-0.14952,-0.040618,-0.27172,-0.18814,-0.22027,-0.10742,-0.16257,-0.25793,0.10038,-0.39455,-0.0053137,0.036312,-0.039885,-0.026897,-0.15571,-0.1611,-0.15832,-0.22703,-0.12403,0.20136,-0.027896,-0.053054,0.022914,-0.193,0.19106,-0.113,-0.0058534,-0.26743,0.11084,0.080661,-0.053335,-0.13938,0.2973,-0.2972,0.00017847,0.02392,-0.0016908,0.064334,0.25165,0.19193,0.16311,0.28213,0.070184,0.16182,0.028553,-0.24547,0.084938,0.18693,-0.16316,-0.032501,0.16558,-0.12206,-0.09026,0.3149
11,0.80035,0.78776,0.77402,0.77306,0.61654,0.69622,0.78509,0.7879,0.76621,0.63038,0.54183,1,0.54973,0.59619,0.42961,0.37791,0.46528,0.29046,0.41779,0.60009,0.054395,0.31281,-0.025911,0.013847,0.051627,0.047754,-0.11553,-0.14936,0.18139,-0.17021,-0.31161,-0.19043,-0.21555,0.13032,-0.26218,-0.32415,-0.15662,-0.28284,-0.47457,-0.13351,-0.1824,-0.26352,-0.3635,0.090485,-0.30492,-0.23945,-0.23711,-0.25577,-0.33281,-0.23944,-0.38158,-0.068896,0.0018033,-0.042942,-0.1885,-0.41004,0.087995,-0.06167,0.089166,-0.14263,0.0052952,0.073926,-0.21144,-0.19319,-0.14824,0.10299,-0.13777,0.076943,0.010126,0.07733,-0.1218,-0.19444,0.20824,-0.25124,-0.076985,-0.1779,-0.023938,-0.16981,0.058939,-0.10162,0.2693,-0.15233,0.023101,0.029261,0.16902,0.27717,0.0064764,0.15706,-0.012459,0.17608,0.16915,0.19583,0.12617,0.03432,0.16732,0.079734,0.0080568,0.042162,0.12826,-0.0031261,0.16249,0.31118
12,0.54469,0.56307,0.52515,0.61903,0.43957,0.51274,0.56994,0.59507,0.60069,0.55929,0.51558,0.54973,1,0.31295,0.3129,0.20989,0.40298,0.19375,0.2983,0.31131,0.22427,0.16928,-0.11525,0.24048,0.15132,-0.0030164,0.059759,0.14853,0.083277,-0.1307,-0.13807,-0.1069,-0.052312,0.20101,-0.059768,-0.11923,-0.1265,-0.15845,-0.015614,0.014045,-0.14759,-0.26034,-0.44117,-0.034807,-0.29563,0.050128,-0.22703,-0.11499,-0.2115,-0.016357,-0.25345,-0.1003,0.16394,-0.0034901,-0.17431,-0.2177,0.19848,-0.16398,0.030184,-0.034563,-0.13393,-0.020512,-0.030846,0.0047885,-0.3725,-0.2013,-0.017432,0.06851,-0.097912,-0.16047,-0.25846,-0.10497,0.25394,-0.05781,-0.077504,-0.22275,0.13154,-0.084696,0.13214,-0.13244,0.31405,-0.1849,0.13459,0.10062,0.19009,-0.060592,0.18868,0.060258,0.046227,0.15569,0.12154,0.26585,0.035983,-0.028132,0.17922,0.15245,-0.24242,0.013004,0.19568,-0.24144,0.10795,0.44894
13,0.63106,0.55481,0.67066,0.65268,0.59512,0.54966,0.44414,0.46372,0.52336,0.39373,0.37124,0.59619,0.31295,1,0.29265,0.30805,0.37695,0.38105,0.33552,0.34466,0.15382,0.22318,0.1152,0.15795,-0.15675,-0.10918,0.01647,-0.16594,0.11719,-0.17153,-0.02092,-0.19191,-0.19446,-0.022857,0.00047321,-0.24507,-0.12836,-0.36984,-0.2195,-0.18495,-0.15207,-0.25796,-0.12951,-0.09948,-0.12178,-0.016543,-0.16189,0.028872,-0.28057,-0.10331,-0.32986,-0.073156,0.046082,-0.1654,0.055631,-0.40986,-0.1218,-0.010998,0.11926,-0.2087,-0.054279,0.090376,-0.34274,-0.066114,-0.1193,0.033734,-0.24488,0.10001,0.15214,-0.094386,-0.39853,-0.26657,-0.099028,-0.03213,0.10598,-0.13588,-0.1506,0.080654,-0.19474,-0.11059,0.22132,-0.14664,-0.19835,-0.16747,0.20666,0.072852,-0.085552,0.35863,0.07569,0.20255,0.10904,0.035483,0.069347,0.066969,0.12924,0.071501,-0.0014689,-0.069494,0.017705,-0.14172,0.022257,0.22953
14,0.5597,0.43507,0.50411,0.43213,0.49162,0.36503,0.52817,0.46193,0.43366,0.52905,0.35565,0.42961,0.3129,0.29265,1,0.26327,0.10614,0.17869,0.036769,0.32823,0.35861,0.1887,0.14257,-0.077159,0.022837,-0.038546,0.1725,0.035105,0.01405,-0.23633,-0.16839,-0.057955,-0.24777,-0.14201,-0.064562,-0.088405,-0.16497,-0.17927,-0.036313,-0.40546,-0.53431,-0.13769,-0.21384,0.09624,-0.14768,-0.058911,-0.12521,-0.12796,-0.32352,-0.12154,-0.25238,-0.2045,0.02057,-0.18129,-0.074682,-0.35102,0.092392,-0.060446,-0.10761,-0.20766,0.067317,0.0041522,-0.16125,-0.053154,-0.023407,-0.047986,-0.036808,0.068839,-0.088623,-0.044161,-0.030972,-0.07234,0.24878,-0.17335,-0.064533,-0.17139,0.023182,-0.2942,0.086705,0.10242,0.058429,-0.040576,-0.16871,-0.029103,-0.14283,0.21219,0.20874,-0.12246,0.067306,-0.15349,0.002414,-0.095354,0.12546,-0.12739,0.25743,0.10584,0.24495,0.13389,-0.015223,-0.0061015,0.061614,0.1623
15,0.45306,0.23088,0.43519,0.40134,0.28038,0.29702,0.37082,0.44492,0.25105,0.32164,0.52871,0.37791,0.20989,0.30805,0.26327,1,0.42303,0.21033,0.23568,0.46032,0.38343,-0.045308,0.10133,0.028943,-0.18664,0.12557,-0.023094,-0.24551,0.044459,-0.1276,0.057025,-0.10217,-0.011557,-0.20989,-0.26209,-0.14116,-0.32526,0.039098,-0.089178,-0.08778,0.02293,0.08552,-0.050358,-0.041996,-0.14756,-0.16802,-0.099337,-0.15569,0.095707,0.079148,-0.18459,-0.12174,-0.20152,-0.015711,-0.073829,-0.19906,-0.04609,-0.27157,0.026863,0.08012,0.2525,0.23774,-0.3276,0.0058595,-0.1109,0.019052,-0.19285,0.08062,-0.14391,0.1306,0.088531,-0.108,0.081273,-0.039014,0.13017,-0.078951,-0.063598,-0.09558,-0.15169,-0.13325,0.12978,-0.41438,0.13112,0.32869,-0.041029,-0.0034434,0.049637,0.16381,0.29431,0.1892,0.16057,0.30185,0.013665,-0.083314,-0.050054,-0.091835,-0.17354,-0.19163,-0.096533,-0.10513,0.028323,0.31705
16,0.47706,0.46638,0.48703,0.52306,0.47238,0.43568,0.41326,0.50553,0.62721,0.45836,0.60608,0.46528,0.40298,0.37695,0.10614,0.42303,1,0.15459,0.27726,0.36562,0.29604,0.27669,0.048855,0.13007,-0.050699,0.077612,0.076721,-0.036817,0.058913,-0.030138,-0.10237,-0.1096,0.14925,0.039936,-0.22757,-0.0059726,-0.28748,-0.013649,-0.035329,0.017175,0.070715,-0.064911,-0.32519,0.039223,-0.10225,-0.072624,-0.099127,-0.062806,0.16446,-0.21216,-0.20925,-0.13481,-0.1508,-0.0027337,-0.017285,-0.19552,0.17608,-0.193,0.19023,0.00060529,-0.029492,0.22634,-0.047138,-0.18357,-0.099204,-0.17142,-0.19178,0.12763,0.204,0.091102,-0.20518,0.03864,0.40354,-0.040413,-0.1626,-0.029836,0.24402,0.072271,0.095387,-0.1782,0.34799,-0.08941,-0.04059,0.27016,0.19233,-0.07471,-0.20309,0.35266,0.15573,0.34814,0.16631,0.26751,0.0056483,-0.039704,-0.15476,0.12405,-0.093179,-0.067349,0.28873,-0.044034,0.11718,0.20431
17,0.37722,0.19721,0.35553,0.23213,0.30371,0.16677,0.32615,0.21755,0.1569,0.2553,0.2229,0.29046,0.19375,0.38105,0.17869,0.21033,0.15459,1,-0.042894,0.32475,0.22698,0.20556,-0.14838,0.017572,0.044702,0.017797,0.19002,-0.048378,-0.04271,0.013784,-0.21542,-0.067624,0.040655,0.053844,0.071293,-0.13093,0.083514,-0.11382,-0.096283,0.088037,0.038298,-0.0062117,0.041829,-0.20784,-0.013408,-0.1639,-0.14743,0.11805,-0.34093,0.29983,-0.26092,0.0049142,-0.013029,-0.17959,-0.18759,0.066837,0.14953,0.045972,-0.23346,-0.012528,0.11837,0.094962,-0.27388,0.12941,-0.14064,-0.037912,-0.37004,0.32447,0.13113,0.10843,-0.0029082,-0.22253,0.040663,-0.093924,0.25832,-0.083235,0.036696,-0.044853,-0.084958,-0.023191,0.16978,-0.046138,-0.028388,-0.093959,0.1575,0.19241,-0.0068819,-0.01716,0.0324,0.036818,0.015006,0.013863,0.31843,-0.17416,0.014662,0.14616,0.11385,0.025593,0.014278,-0.37849,0.12462,0.14122
18,0.26839,0.39994,0.36719,0.47357,0.18505,0.43035,0.35511,0.31607,0.32207,0.29043,0.25709,0.41779,0.2983,0.33552,0.036769,0.23568,0.27726,-0.042894,1,0.32309,0.030164,0.17059,-0.055316,0.014999,-0.24199,0.19191,-0.19197,-0.37304,0.069504,-0.061409,0.04852,-0.18409,-0.24552,0.067409,-0.1239,-0.27237,6.0876e-05,0.069345,-0.23053,-0.20373,-0.076941,-0.13384,-0.021767,0.15581,-0.18901,-0.15282,-0.12602,-0.17716,-0.24961,-0.20132,0.018955,0.0015685,0.071074,0.084471,-0.1708,-0.077806,-0.084602,0.018457,0.018623,0.26908,0.15623,-0.31135,-0.12543,0.046317,-0.30953,0.037343,0.061026,-0.28835,0.21087,0.053471,-0.22791,-0.24045,0.13664,-0.062546,-0.03065,-0.1234,-0.23419,0.11352,0.0019173,0.10628,0.33526,-0.12508,-0.010311,0.079252,0.058519,-0.17146,-0.17327,0.015909,0.065187,0.018144,0.072213,0.23127,0.024592,0.27098,0.078613,-0.0096438,0.041816,0.044258,0.084185,-0.11912,0.078005,0.14316
19,0.53148,0.53187,0.45476,0.48147,0.38842,0.50949,0.66764,0.57822,0.40913,0.45031,0.51702,0.60009,0.31131,0.34466,0.32823,0.46032,0.36562,0.32475,0.32309,1,0.23814,0.16112,-0.037319,0.1647,-0.11333,0.045968,-0.20241,-0.065111,0.080048,-0.25835,-0.051101,-0.10356,0.042008,-0.1139,-0.15434,-0.28452,-0.13908,-0.042462,-0.25812,-0.14103,-0.19584,0.030281,-0.41783,0.12047,-0.08604,-0.4811,-0.16192,-0.0094935,-0.15067,-0.10355,-0.26274,-0.097972,-0.14061,-0.017433,-0.031835,-0.16984,-0.051952,-0.047696,0.23368,-0.024982,0.057112,0.049093,-0.1089,-0.076134,-0.11303,0.046267,0.073554,0.063092,-0.022392,0.060107,-0.0054826,-0.12774,0.064161,-0.22202,0.0383,-0.20272,-0.1867,-0.046379,0.0068779,0.061783,0.20076,-0.17149,-0.048973,0.041028,-0.040266,0.31903,-0.040925,0.033318,-0.21445,0.039809,0.24996,0.37435,0.17318,-0.073593,0.071193,0.13483,0.063929,-0.020901,0.013133,-0.0097227,0.051434,0.20178
20,0.38541,0.21099,0.27294,0.37773,0.29496,0.14353,0.36048,0.301,0.1727,0.32055,0.35451,0.054395,0.22427,0.15382,0.35861,0.38343,0.29604,0.22698,0.030164,0.23814,1,-0.064532,0.038593,0.19114,-0.17258,0.16804,0.12106,0.09828,0.13656,-0.07394,-0.098359,-0.34988,-0.18197,-0.11479,-0.1213,-0.32933,-0.18869,-0.16917,-0.10372,-0.15965,-0.08404,0.028043,-0.072377,0.034361,-0.11512,0.079106,-0.1007,-0.087066,-0.11652,-0.0014137,-0.093024,-0.0050719,-0.3043,-0.060887,-0.084172,-0.26897,-0.13339,-0.11419,-0.057925,0.16842,-0.05453,0.033549,-0.12416,-0.013887,-0.22432,-0.2071,0.04345,-0.05616,0.057462,0.096192,-0.10195,-0.11064,0.41386,0.06848,0.016896,0.015019,0.0063729,0.12288,-0.024325,0.026979,0.3454,-0.094247,-0.17345,0.035909,-0.019634,-0.17896,0.14926,-0.14455,0.036766,-0.11235,0.1374,0.11936,-0.060421,-0.16974,0.10966,0.35157,0.0094631,0.076705,-0.052259,-0.2512,0.10796,-0.030322
21,0.16137,0.33217,0.30391,0.2883,0.27161,0.20664,0.31548,0.1403,0.27276,0.2563,-0.092667,0.31281,0.16928,0.22318,0.1887,-0.045308,0.27669,0.20556,0.17059,0.16112,-0.064532,1,0.24979,-0.20276,0.30409,-0.2079,-0.1495,0.01548,0.13952,0.10888,-0.13674,-0.14956,-0.016522,0.10841,-0.079505,-0.046234,0.15669,0.066859,-0.088879,-0.18683,-0.12493,-0.42089,-0.12325,0.24256,-0.050651,-0.13786,-0.11281,-0.20024,0.024745,-0.23074,-0.059441,-0.067636,0.22368,0.058748,0.132,-0.059735,0.33033,0.12249,0.14629,-0.21495,-0.060901,0.18215,0.095565,-0.0035213,-0.22995,-0.086643,0.035935,-0.048825,0.087578,0.1707,-0.2301,0.18887,0.17485,-0.19243,-0.2584,0.031015,-0.10706,-0.22169,0.12821,-0.21595,0.062783,0.26191,-0.085407,0.32184,-0.18829,0.21603,-0.14287,-0.18789,-0.057852,-0.14939,-0.12201,-0.10171,0.22044,0.079598,-0.029451,-0.012614,0.078775,0.11234,0.24958,-0.010258,0.0091275,0.16561
22,-0.0092653,0.019216,0.074473,0.026949,0.026699,0.080274,-0.021897,-0.049912,0.14548,0.032398,-0.21226,-0.025911,-0.11525,0.1152,0.14257,0.10133,0.048855,-0.14838,-0.055316,-0.037319,0.038593,0.24979,1,-0.29426,0.080527,-0.13487,-0.048577,0.020837,0.2332,-0.35315,0.36689,0.061401,-0.0568,-0.28175,0.081115,-0.20187,-0.15374,0.10295,0.12379,-0.29931,-0.17665,-0.21976,0.016933,0.34919,0.06209,0.0039497,-0.061433,0.062443,0.043924,-0.13085,-0.11885,0.12171,0.19879,0.035987,0.27714,-0.029425,-0.070165,0.25863,0.11173,-0.2181,-0.20239,0.12688,0.15525,0.012987,0.17203,0.15127,0.0083619,-0.063497,0.060392,-0.20409,-0.078709,0.44475,0.0089267,0.0064167,-0.064653,0.034356,-0.21054,0.12247,-0.021935,-0.066267,-0.018018,-0.035485,-0.23698,0.1008,-0.063156,0.1058,-0.2704,0.10842,0.10816,-0.07526,-0.0028226,0.14796,0.14964,-0.073388,0.088449,-0.067364,-0.11352,-0.098875,-0.027636,0.26349,0.023861,0.058253
23,0.18587,0.28988,0.12233,0.10468,0.12376,0.18697,0.11688,0.15233,0.039899,0.21343,0.18535,0.013847,0.24048,0.15795,-0.077159,0.028943,0.13007,0.017572,0.014999,0.1647,0.19114,-0.20276,-0.29426,1,0.02095,0.25071,-0.11485,-0.037218,0.11016,-0.0023663,-0.032382,0.19893,0.021383,0.036261,-0.051163,0.11856,0.032486,0.020285,0.072311,0.054962,-0.0023447,-0.010368,-0.097949,-0.19122,0.26141,0.18979,-0.087003,0.26309,0.053194,0.026438,-0.13446,-0.039697,-0.11463,0.029387,-0.075315,-0.16573,-0.12004,-0.15234,0.20289,0.20383,0.029585,0.021266,-0.076505,0.00099188,-0.062485,0.050572,0.13522,0.28541,0.12625,-0.033976,-0.11745,-0.2451,0.080912,0.31359,-0.022588,0.12251,0.17567,0.068198,0.12343,-0.094156,0.056154,-0.10739,0.083317,-0.0091447,0.14519,-0.03269,0.18464,0.041,-0.019108,-0.041712,0.24591,0.16306,-0.20193,-0.28443,0.047717,0.16298,-0.087156,0.16737,-0.0069562,-0.30672,0.2155,-0.09761
24,-0.045902,0.073741,0.0091324,-0.11214,-0.024721,0.11608,0.0011882,-0.01319,0.27311,0.053607,-0.12888,0.051627,0.15132,-0.15675,0.022837,-0.18664,-0.050699,0.044702,-0.24199,-0.11333,-0.17258,0.30409,0.080527,0.02095,1,0.0073921,-0.048421,0.062209,0.044566,0.15217,-0.029548,0.16651,0.088897,0.41646,-0.10106,0.1434,-0.038071,0.19905,0.099126,0.088037,-0.038496,-0.25778,-0.14044,-0.049452,0.035033,0.049805,0.019751,0.0026608,0.16017,0.36722,-0.24504,-0.032573,0.24462,-0.070136,-0.19195,-0.053081,0.084934,0.0045641,0.12829,0.078616,0.033681,0.1703,0.20344,0.08484,-0.17348,-0.020207,0.24497,-0.10705,-0.044969,-0.13615,0.037417,0.37581,0.091659,0.099804,-0.25296,0.074123,0.10713,-0.060646,0.13717,-0.011297,-0.16048,0.22572,0.1034,0.16565,-0.12873,0.22532,-0.029414,-0.079976,0.060725,-0.0099993,-0.12897,-0.089608,0.035845,-0.19603,-0.14714,-0.013834,0.15311,-0.11163,0.28218,0.12962,0.047496,0.048374
25,0.056876,0.035066,0.078838,0.008124,-0.19263,-0.051688,-0.046762,0.012639,0.09222,-0.0066017,0.20798,0.047754,-0.0030164,-0.10918,-0.038546,0.12557,0.077612,0.017797,0.19191,0.045968,0.16804,-0.2079,-0.13487,0.25071,0.0073921,1,0.13517,-0.29664,-0.049479,0.30604,-0.20588,0.23808,-0.12465,0.12855,-0.21104,-0.027439,-0.015947,0.23105,-0.19812,0.33425,-0.072954,0.020747,0.25803,-0.11897,0.14337,0.11442,-0.11232,0.19976,0.13066,0.053844,-0.1642,0.27075,0.088292,0.03502,-0.27565,0.013031,0.061186,-0.22965,-0.037595,0.32652,-0.042459,-0.17434,-0.062827,-0.055737,0.020617,0.26323,-0.013358,0.066852,-0.13873,0.14324,0.24366,0.069717,0.21265,-0.097907,0.13237,0.031065,-0.083743,-0.12306,-0.15678,0.20862,0.10868,-0.0073391,-0.021579,0.10245,-0.041006,0.34934,0.0020965,-0.13852,0.23823,-0.028266,-0.078895,0.095165,-0.12382,-0.17202,-0.080273,0.26181,-0.015866,0.11192,-0.081414,-0.23982,0.31096,-0.19412
26,-0.079468,-0.23431,0.035132,-0.046658,0.060092,-0.18718,-0.19009,-0.12024,0.030786,-0.16932,0.078668,-0.11553,0.059759,0.01647,0.1725,-0.023094,0.076721,0.19002,-0.19197,-0.20241,0.12106,-0.1495,-0.048577,-0.11485,-0.048421,0.13517,1,0.19793,-0.10226,0.077784,-0.17215,0.15417,0.15759,0.0066351,0.11185,0.25117,0.013346,-0.12658,0.051954,0.21276,-0.0043417,0.071648,0.079555,-0.036687,-0.010719,0.26567,0.11389,0.23974,0.20017,0.27957,0.075809,0.21729,0.16597,-0.027177,0.097603,0.082169,0.26551,0.081736,-0.23209,0.07219,-0.20128,0.088152,-0.061649,-0.18137,0.38457,-0.26427,-0.20345,0.069529,0.063099,-0.34266,0.15759,-0.0024143,-0.016606,0.12423,0.10075,0.084325,0.060199,-0.00059296,0.01519,-0.11779,0.036059,-0.0062364,-0.15981,-0.11818,0.055602,-0.076255,-0.020022,-0.11676,0.082264,0.12851,0.077613,0.16618,0.047467,0.016901,-0.14094,-0.081761,-0.059959,-0.20574,-0.058718,-0.21791,-0.14978,0.070168
27,-0.09677,-0.025547,-0.1341,0.013122,0.1504,-0.17365,0.014335,0.021985,-0.042088,-0.019355,-0.24124,-0.14936,0.14853,-0.16594,0.035105,-0.24551,-0.036817,-0.048378,-0.37304,-0.065111,0.09828,0.01548,0.020837,-0.037218,0.062209,-0.29664,0.19793,1,-0.17904,0.057413,0.11985,-0.20854,0.17127,-0.016481,0.21776,0.16477,0.085598,-0.25301,0.15196,-0.041928,0.035108,0.07456,-0.14149,0.29282,0.0031165,0.040538,0.14339,0.13288,0.1587,-0.043073,0.027312,0.20184,0.028874,-0.15805,0.24941,0.06403,0.037136,0.0038135,0.12185,-0.26079,-0.26551,0.26818,0.12708,0.10931,0.0031621,-0.038471,0.21571,-0.17475,-0.2162,-0.10559,-0.065882,0.30704,-0.11575,-0.066811,-0.16152,0.05455,0.076554,-0.0564,0.026598,-0.11103,-0.11661,0.15911,0.0022627,-0.040908,-0.15894,0.0099112,-0.025102,-0.078934,-0.10884,0.21553,0.2371,-0.099404,-0.20803,0.19449,0.037475,0.0013996,-0.16017,-0.021434,0.13461,-0.043006,-0.03168,-0.10686
28,0.1505,0.21492,0.21864,0.22935,0.11989,0.13611,0.26975,-0.04529,0.053256,0.035013,0.049491,0.18139,0.083277,0.11719,0.01405,0.044459,0.058913,-0.04271,0.069504,0.080048,0.13656,0.13952,0.2332,0.11016,0.044566,-0.049479,-0.10226,-0.17904,1,-0.046578,0.13861,-0.076599,-0.17961,-0.10272,0.097914,-0.019387,-0.0048388,-0.17245,-0.036943,0.0090159,-0.0077351,-0.29684,0.027236,0.3363,-0.12356,0.1785,0.011522,-0.071853,-0.029134,-0.017841,0.07134,0.23745,0.040896,0.37438,-0.083742,-0.1316,0.15107,0.22828,0.06332,-0.19644,0.015011,-0.036736,-0.17094,-0.11237,-0.035216,-0.026318,-0.23812,-0.026474,-0.036347,-0.063951,0.032034,-0.039332,0.22498,0.046631,-0.073944,0.32085,-0.01993,0.27326,0.029595,-0.029446,-0.021251,-0.061611,-0.18929,0.064158,0.20866,0.02906,-0.13632,-0.0051748,0.095196,-0.28866,0.29753,0.38171,0.18829,0.15214,0.062075,0.094621,-0.046845,0.11301,0.12113,0.0083717,-0.092692,0.24126
29,-0.25492,-0.21596,-0.30894,-0.19299,-0.39415,-0.42786,-0.32929,-0.28874,-0.23135,-0.32506,-0.19943,-0.17021,-0.1307,-0.17153,-0.23633,-0.1276,-0.030138,0.013784,-0.061409,-0.25835,-0.07394,0.10888,-0.35315,-0.0023663,0.15217,0.30604,0.077784,0.057413,-0.046578,1,-0.18747,-0.071535,0.06974,0.28754,-0.05789,0.20397,0.25157,-0.022277,-0.12149,0.41893,0.021703,0.10354,0.27259,0.10595,0.17013,0.046576,0.17647,0.09685,0.28366,0.1277,0.11702,0.25132,0.17167,-0.10239,-0.02314,0.094796,0.17762,0.036984,0.06892,-0.072926,0.10205,0.14039,-0.21187,0.029465,-0.22224,-0.052317,-0.1271,-0.062853,-0.18413,0.40319,0.0033645,0.0027592,0.068531,0.043793,-0.16523,0.22225,0.017823,-0.067347,-0.059071,-0.0010949,0.0096693,0.2097,0.03753,0.36562,-0.10081,-0.048527,0.019692,0.019503,0.01114,-0.0020522,0.014167,-0.080913,-0.37129,0.10893,-0.094839,0.063492,0.070131,0.18088,0.044842,-0.18011,0.14279,0.088437
30,-0.3301,-0.20205,-0.15499,-0.15277,-0.13177,-0.056161,-0.16868,-0.27069,-0.24083,-0.36568,-0.29865,-0.31161,-0.13807,-0.02092,-0.16839,0.057025,-0.10237,-0.21542,0.04852,-0.051101,-0.098359,-0.13674,0.36689,-0.032382,-0.029548,-0.20588,-0.17215,0.11985,0.13861,-0.18747,1,-0.090018,0.10513,-0.31901,0.27776,-0.20953,-0.026817,0.11575,0.26895,-0.13354,0.062728,0.086854,0.24882,-0.0056289,0.069572,-0.085373,0.13205,0.060407,0.1521,0.21281,0.14208,0.28352,0.274,0.079929,0.11423,0.048918,-0.26825,0.084185,-0.013763,-0.11404,0.1027,-0.13113,0.018102,0.2824,0.12145,0.1241,0.088303,-0.14596,-0.079201,-0.016596,-0.0047446,0.17264,-0.25067,0.18488,-0.034944,0.23585,-0.0077416,0.097359,-0.049892,0.094171,-0.40544,-0.11746,-0.20069,-0.074182,-0.025871,-0.096168,-0.21567,0.21487,0.029465,-0.01542,0.0068243,0.10262,0.10154,0.2299,-0.22115,-0.24395,0.00058535,-0.11269,-0.11095,0.26416,-0.029163,-0.0052228
31,-0.24354,-0.23623,-0.14957,-0.30842,-0.36829,-0.12455,-0.23175,-0.27781,-0.0040549,-0.1056,0.051211,-0.19043,-0.1069,-0.19191,-0.057955,-0.10217,-0.1096,-0.067624,-0.18409,-0.10356,-0.34988,-0.14956,0.061401,0.19893,0.16651,0.23808,0.15417,-0.20854,-0.076599,-0.071535,-0.090018,1,0.17679,-0.04006,0.11407,0.39718,0.14131,0.3931,0.28641,0.11424,0.071543,0.065397,-0.09538,-0.086412,0.35497,0.29838,0.078639,0.32775,0.31135,0.091459,-0.085537,-0.04649,0.038718,-0.054374,0.056321,0.22604,0.20616,-0.11995,-0.0090128,0.16541,0.00090882,0.12864,0.18531,-0.073701,0.26452,-0.053741,-0.10758,0.22201,0.12619,-0.19569,0.11349,0.074445,-0.11123,0.33015,0.17995,0.0096564,0.12532,0.11375,0.045039,0.023584,-0.16535,-0.16192,-0.0012584,-0.087261,-0.091133,0.21698,0.11496,0.025183,0.18429,0.053091,0.066007,0.12227,-0.01805,-0.23788,0.02007,-0.05429,-0.0031077,-0.084089,0.021944,-0.11691,-0.22584,0.06748
32,-0.30672,-0.36056,-0.36883,-0.24092,-0.25335,-0.36371,-0.3017,-0.2224,-0.18202,-0.12134,-0.075436,-0.21555,-0.052312,-0.19446,-0.24777,-0.011557,0.14925,0.040655,-0.24552,0.042008,-0.18197,-0.016522,-0.0568,0.021383,0.088897,-0.12465,0.15759,0.17127,-0.17961,0.06974,0.10513,0.17679,1,0.024406,-0.07679,0.2283,0.17092,0.18516,0.21099,0.0056427,0.31187,0.14788,-0.045941,0.073511,0.28064,0.06225,0.31495,0.17131,0.27443,0.30612,-0.037223,-0.010927,0.028264,-0.21971,0.20257,0.32624,-0.046086,-0.060655,0.053589,0.0078366,0.23515,0.20603,0.031737,-0.19614,0.070663,-0.11692,-0.069783,0.086132,0.032439,-0.0048373,0.28406,0.16085,0.11717,0.13555,0.37331,-0.081203,0.26319,-0.093378,-0.14022,-0.079622,0.073095,0.12047,0.17603,0.13116,0.15226,0.02169,0.11555,0.22354,-0.31926,0.29878,-0.031321,0.25543,0.031545,0.080106,-0.24532,0.10783,-0.2144,-0.0060137,0.066705,0.080841,-0.0005778,-0.013198
33,0.011349,0.15932,-0.084338,0.098295,-0.05365,0.031197,-0.069129,0.06326,0.14622,0.038864,-0.073868,0.13032,0.20101,-0.022857,-0.14201,-0.20989,0.039936,0.053844,0.067409,-0.1139,-0.11479,0.10841,-0.28175,0.036261,0.41646,0.12855,0.0066351,-0.016481,-0.10272,0.28754,-0.31901,-0.04006,0.024406,1,-0.060312,0.056251,0.15313,0.055026,-0.25156,0.13817,0.010188,0.0069861,-0.10715,-0.17291,0.13169,0.10289,0.069427,0.076783,0.042827,0.054705,-0.11736,-0.032516,0.089296,-0.0068136,-0.083466,-0.14468,0.12144,-0.1255,0.29598,0.23445,0.076391,0.074209,0.022814,0.171,-0.10915,-0.23135,-0.063852,-0.082622,-0.19359,-0.094915,-0.14193,0.042967,0.1694,-0.024417,-0.15264,-0.099345,0.1462,-0.018491,0.17706,0.28354,-0.023963,0.043717,-0.093159,-0.014527,0.11218,-0.1485,-0.17078,0.069547,-0.06928,0.2564,-0.089973,0.20434,-0.2131,0.10217,-0.0039815,-0.042283,0.058,-0.12769,-0.050556,0.15172,0.15971,-0.0077677
34,-0.23512,-0.14971,-0.13162,-0.11796,-0.13665,-0.12088,-0.13218,-0.28633,-0.19283,-0.092225,-0.33977,-0.26218,-0.059768,0.00047321,-0.064562,-0.26209,-0.22757,0.071293,-0.1239,-0.15434,-0.1213,-0.079505,0.081115,-0.051163,-0.10106,-0.21104,0.11185,0.21776,0.097914,-0.05789,0.27776,0.11407,-0.07679,-0.060312,1,-0.051575,0.091675,0.17787,0.2856,0.12923,0.098237,0.04188,0.15447,0.083502,0.10338,0.13235,0.16006,0.26353,-0.021995,0.16737,0.16989,0.15239,0.1645,0.058262,0.2149,0.17693,0.26471,0.077976,0.087148,-0.01855,-0.28782,-0.091571,0.014865,0.1211,0.1835,0.093486,-0.057822,-0.093278,0.13776,-0.16294,-0.27631,-0.070913,-0.073125,-0.050015,-0.033651,0.24628,-0.2921,0.23958,-0.14396,-0.028624,-0.26688,-0.11939,-0.20233,-0.29939,0.24808,-0.12485,-0.043937,-0.12164,0.0035833,-0.008716,0.062051,0.044427,0.10664,0.13183,0.2124,-0.3975,0.28398,-0.07021,-0.19323,-0.14458,-0.22215,0.093552
35,-0.23404,-0.20313,-0.2328,-0.30326,-0.066633,-0.25005,-0.33936,-0.31735,-0.16159,-0.042246,0.022336,-0.32415,-0.11923,-0.24507,-0.088405,-0.14116,-0.0059726,-0.13093,-0.27237,-0.28452,-0.32933,-0.046234,-0.20187,0.11856,0.1434,-0.027439,0.25117,0.16477,-0.019387,0.20397,-0.20953,0.39718,0.2283,0.056251,-0.051575,1,0.07009,0.06781,0.41014,0.18426,0.010168,0.029844,0.087585,0.04339,0.16882,0.24744,0.19333,0.22441,0.3442,0.13474,0.2231,-0.11031,0.038729,0.072789,-0.094038,0.21758,0.18302,-0.09035,0.0074849,-0.13376,0.049313,0.1949,0.036497,-0.10086,-0.048827,-0.10939,-0.12478,0.018509,-0.07936,-0.079399,0.096382,0.063553,-0.13625,-0.0050816,0.026995,0.0051571,0.24094,-0.0083576,0.13221,-0.090562,-0.15492,0.20745,0.20547,0.010293,-0.099233,0.054337,0.029558,-0.017578,0.24103,0.15824,0.076707,-0.12515,-0.13314,-0.081453,-0.10866,0.0078559,-0.18056,-0.095468,0.16417,-0.16747,-0.21418,-0.0061918
36,-0.27872,-0.32382,-0.2947,-0.18282,-0.28252,-0.41344,-0.23018,-0.36416,-0.33232,-0.22761,-0.37185,-0.15662,-0.1265,-0.12836,-0.16497,-0.32526,-0.28748,0.083514,6.0876e-05,-0.13908,-0.18869,0.15669,-0.15374,0.032486,-0.038071,-0.015947,0.013346,0.085598,-0.0048388,0.25157,-0.026817,0.14131,0.17092,0.15313,0.091675,0.07009,1,0.044013,0.032054,0.17202,0.33218,0.20199,0.17435,0.094253,0.29023,0.047454,0.06459,0.13488,0.18496,-0.05884,0.39254,0.11626,0.38898,0.11002,0.19217,0.13668,0.095022,0.21834,-0.0055121,0.07146,0.11425,0.14122,-0.033782,-0.0080987,0.00026977,0.011524,-0.14739,-0.019015,0.0074121,-0.051108,-0.096131,-0.15187,-0.18657,0.1796,-0.058247,0.083954,0.080823,-0.098094,-0.056936,0.016442,-0.14923,0.071099,-0.076022,-0.17824,-0.13563,-0.020526,0.070224,-0.097235,-0.25202,-0.22748,0.12209,0.1623,-0.092153,0.1656,0.099212,0.10205,0.15623,0.14714,-0.10028,-0.12691,-0.074457,0.065727
37,-0.29534,-0.31663,-0.25831,-0.35737,-0.3348,-0.20206,-0.27492,-0.33809,-0.21135,-0.13323,-0.10927,-0.28284,-0.15845,-0.36984,-0.17927,0.039098,-0.013649,-0.11382,0.069345,-0.042462,-0.16917,0.066859,0.10295,0.020285,0.19905,0.23105,-0.12658,-0.25301,-0.17245,-0.022277,0.11575,0.3931,0.18516,0.055026,0.17787,0.06781,0.044013,1,0.20113,0.16721,0.1865,0.090167,0.045164,-0.018534,0.35923,0.014196,-0.16753,0.00079496,0.20175,0.28668,0.049665,0.023248,-0.0046329,0.057856,0.12779,0.25743,-0.052066,-0.13089,0.1149,0.5394,0.055242,-0.254,0.25156,0.080995,0.046396,0.15247,0.11116,0.10194,0.15333,0.066262,0.11979,0.208,0.063906,-0.0011645,-0.071791,0.095146,-0.15064,0.10031,-0.16264,-0.24761,-0.11599,0.084708,0.043109,0.13931,-0.084771,0.034227,-0.01113,0.021864,0.016438,-0.12239,-0.23443,0.10261,0.1124,-0.23879,-0.29381,-0.28748,0.16725,0.13208,-0.11836,-0.029213,-0.097994,-0.22816
38,-0.36552,-0.34381,-0.24666,-0.35252,-0.15471,-0.14222,-0.2383,-0.35306,-0.21159,-0.11444,-0.057787,-0.47457,-0.015614,-0.2195,-0.036313,-0.089178,-0.035329,-0.096283,-0.23053,-0.25812,-0.10372,-0.088879,0.12379,0.072311,0.099126,-0.19812,0.051954,0.15196,-0.036943,-0.12149,0.26895,0.28641,0.21099,-0.25156,0.2856,0.41014,0.032054,0.20113,1,-0.024756,0.088244,0.089187,0.059045,-0.069364,0.18779,0.27964,0.24947,0.30394,0.25861,0.24409,0.20852,-0.065682,0.12277,0.22333,-0.0023595,0.21593,0.16313,-0.017956,-0.079334,-0.022352,0.037737,0.19098,0.048227,0.19553,-0.11368,0.097781,-0.059785,0.14775,-0.0010697,-0.23027,-0.09944,0.32589,-0.12446,0.049752,0.09677,-0.048561,0.0090913,0.045571,0.050326,0.032787,-0.12725,0.075382,0.024314,0.11875,-0.12173,-0.11062,0.024353,0.024505,0.20727,-0.17913,-0.1119,-0.065061,-0.03541,0.12308,0.0046673,-0.096208,0.05806,0.10353,0.22878,-0.16906,-0.16341,-0.0019886
39,-0.2376,-0.25868,-0.19062,-0.26556,-0.29676,-0.34099,-0.28782,-0.27328,-0.16767,-0.31948,-0.044306,-0.13351,0.014045,-0.18495,-0.40546,-0.08778,0.017175,0.088037,-0.20373,-0.14103,-0.15965,-0.18683,-0.29931,0.054962,0.088037,0.33425,0.21276,-0.041928,0.0090159,0.41893,-0.13354,0.11424,0.0056427,0.13817,0.12923,0.18426,0.17202,0.16721,-0.024756,1,0.3553,0.11493,0.038331,-0.11416,0.076629,-0.051579,-0.048948,0.23739,0.35488,0.16464,0.17737,0.10106,0.13005,0.23921,-0.18202,0.18549,0.24886,-0.045409,0.082994,0.13659,-0.25833,0.017449,0.14732,-0.035945,-0.01181,0.055763,-0.19394,0.24341,-0.041179,0.0041409,-0.037413,0.016323,-0.13294,0.054836,-0.096009,0.31809,0.092347,0.048923,-0.074408,-0.13678,-0.014552,-0.12536,0.15715,0.017688,0.2041,0.0043163,0.042019,-0.024073,0.090465,0.10333,-0.09653,0.14652,-0.15409,-0.14269,-0.25784,-0.039708,0.020031,-0.0033369,-0.19621,-0.18639,-0.11547,0.017851
40,-0.26949,-0.36313,-0.22686,-0.1988,-0.19932,-0.26419,-0.19831,-0.36887,-0.14732,-0.21049,-0.21117,-0.1824,-0.14759,-0.15207,-0.53431,0.02293,0.070715,0.038298,-0.076941,-0.19584,-0.08404,-0.12493,-0.17665,-0.0023447,-0.038496,-0.072954,-0.0043417,0.035108,-0.0077351,0.021703,0.062728,0.071543,0.31187,0.010188,0.098237,0.010168,0.33218,0.1865,0.088244,0.3553,1,0.096581,0.18293,0.063323,0.19306,0.1619,0.070837,0.085072,0.29641,0.068789,0.41653,-0.018445,0.031796,0.25096,0.01615,0.30284,-0.11799,-0.011203,-0.002741,0.32142,0.016906,0.10107,0.029564,0.0043861,0.0056493,0.12893,-0.17093,0.10724,0.2023,0.026744,0.080632,0.030178,-0.12701,0.15921,0.1362,0.03227,0.20299,0.028843,-0.090821,-0.13467,0.079922,0.047322,0.17579,0.021609,0.28162,-0.18232,-0.13721,0.20321,-0.076432,0.1018,0.196,0.12927,0.028649,0.18893,-0.2346,-0.082827,-0.024698,-0.083026,-0.0644,-0.15098,-0.00045152,-0.036782
41,-0.13703,-0.41708,-0.2779,-0.25412,-0.32394,-0.34697,-0.31459,-0.1878,-0.36729,-0.34492,0.039971,-0.26352,-0.26034,-0.25796,-0.13769,0.08552,-0.064911,-0.0062117,-0.13384,0.030281,0.028043,-0.42089,-0.21976,-0.010368,-0.25778,0.020747,0.071648,0.07456,-0.29684,0.10354,0.086854,0.065397,0.14788,0.0069861,0.04188,0.029844,0.20199,0.090167,0.089187,0.11493,0.096581,1,-0.079464,-0.057293,0.020359,-0.15952,0.42224,-0.076646,0.33363,0.073322,0.13072,0.16712,-0.14606,-0.0047423,0.27767,0.35461,0.021792,-0.15897,0.064019,0.13464,0.086562,0.22147,0.13417,0.12475,0.22175,-0.0547,-0.11099,0.051542,-0.048884,0.027163,0.24858,-0.12121,-0.16206,0.025871,-0.003704,0.020566,0.15212,0.21005,-0.12166,0.19317,-0.29563,0.031201,0.0071762,-0.074235,-0.10907,-0.29809,0.11339,0.11306,0.11908,0.21408,0.0855,0.13936,-0.096179,0.10561,-0.11539,-0.22124,0.0754,-0.095145,-0.26143,-0.049963,0.077967,-0.065937
42,-0.34202,-0.33498,-0.24282,-0.31382,-0.22897,-0.272,-0.33444,-0.47165,-0.35601,-0.32611,-0.41784,-0.3635,-0.44117,-0.12951,-0.21384,-0.050358,-0.32519,0.041829,-0.021767,-0.41783,-0.072377,-0.12325,0.016933,-0.097949,-0.14044,0.25803,0.079555,-0.14149,0.027236,0.27259,0.24882,-0.09538,-0.045941,-0.10715,0.15447,0.087585,0.17435,0.045164,0.059045,0.038331,0.18293,-0.079464,1,-0.12059,0.16847,0.19772,0.06312,0.13662,-0.074331,0.29005,0.3845,0.23248,0.33303,0.089337,-0.15044,0.11393,-0.2789,0.092138,-0.36699,-0.088491,0.14314,-0.17791,-0.19099,-0.15773,0.0073472,0.28676,-0.13332,-0.062478,-0.088259,0.26952,0.099897,-0.12046,-0.035778,-0.10266,0.23374,0.098152,-0.13679,-0.11416,-0.09859,0.044385,-0.16848,0.17983,-0.13325,-0.057652,0.10137,0.10764,-0.11358,-0.08696,0.095748,-0.17301,0.047264,-0.2526,0.12039,0.16067,-0.051914,-0.034503,-0.04043,-0.078432,-0.20939,-0.18262,0.15299,-0.03921
43,0.022566,0.04717,-0.11351,0.11254,-0.012635,-0.078747,0.066933,-0.080799,0.069648,0.081842,-0.12769,0.090485,-0.034807,-0.09948,0.09624,-0.041996,0.039223,-0.20784,0.15581,0.12047,0.034361,0.24256,0.34919,-0.19122,-0.049452,-0.11897,-0.036687,0.29282,0.3363,0.10595,-0.0056289,-0.086412,0.073511,-0.17291,0.083502,0.04339,0.094253,-0.018534,-0.069364,-0.11416,0.063323,-0.057293,-0.12059,1,0.0021826,-0.00497,0.16124,-0.01989,0.086989,-0.18212,0.084263,0.3269,0.039859,0.10527,0.24827,0.34708,0.079658,0.328,0.22248,-0.20054,-0.10717,0.11154,0.040164,-0.023129,-0.16669,0.077862,-0.010339,-0.22561,0.10522,0.097531,0.11689,0.35211,0.19441,-0.010859,-0.1665,0.066826,-0.13696,0.13644,-0.010381,-0.14936,0.12969,0.12187,-0.070847,0.15369,-0.018055,-0.078186,-0.081961,-0.11533,-0.19832,0.06721,0.278,0.19064,-0.070893,0.18042,0.082846,0.046914,-0.027267,0.21457,0.11362,0.025543,0.018374,0.065441
