1.372e-10 8.6495e-11 8.0889e-11 8.6843e-11 6.6486e-11 6.6159e-11 7.5144e-11 6.5163e-11 6.9738e-11 6.3037e-11 5.0032e-11 6.0133e-11 3.5955e-11 4.4525e-11 3.7547e-11 2.3634e-11 2.7838e-11 2.1442e-11 1.4125e-11 2.5264e-11 2.0043e-11 9.1192e-12 -4.3815e-13 8.3618e-12 -2.5603e-12 2.7167e-12 -3.8284e-12 -4.3987e-12 6.5923e-12 -1.369e-11 -1.3967e-11 -9.9655e-12 -1.384e-11 4.5966e-13 -9.6725e-12 -1.2249e-11 -1.3218e-11 -1.7226e-11 -1.5639e-11 -1.066e-11 -1.3528e-11 -5.7094e-12 -1.4295e-11 1.1006e-12 -1.8029e-11 -4.5877e-12 -1.37e-11 -9.7841e-12 -1.4106e-11 -7.5873e-12 -1.4455e-11 -8.7662e-12 -8.0383e-12 -5.364e-12 -3.1911e-12 -1.2828e-11 -8.4085e-13 -4.8388e-12 8.056e-13 -4.374e-12 -2.52e-12 1.321e-12 -6.9329e-12 -2.2688e-12 -4.6842e-12 4.7608e-13 -2.8872e-12 3.538e-12 -2.2112e-13 -3.8899e-13 -1.072e-12 -4.924e-12 4.9315e-12 -3.0529e-12 -5.6197e-13 -4.557e-12 -5.5824e-13 -7.2223e-13 -2.7227e-13 -2.4104e-12 4.2343e-12 -1.2939e-12 1.3224e-13 -1.1413e-12 2.8499e-12 3.4068e-12 1.0419e-12 2.2933e-12 1.6117e-12 1.7547e-12 2.6744e-12 4.961e-13 1.5911e-12 -8.6832e-13 7.9095e-13 5.5314e-13 -9.7356e-14 6.34e-14 7.2707e-14 -8.2633e-14 1.4796e-13 2.0751e-13
8.6495e-11 1.0287e-10 7.0526e-11 7.3729e-11 5.5319e-11 6.4816e-11 6.9422e-11 5.4935e-11 6.1064e-11 5.4607e-11 2.7934e-11 5.1248e-11 3.2183e-11 3.3895e-11 2.5271e-11 1.0428e-11 2.3564e-11 9.7065e-12 1.8226e-11 2.1892e-11 9.5004e-12 1.6253e-11 7.8684e-13 1.1292e-11 3.5614e-12 1.4503e-12 -9.7739e-12 -1.0055e-12 8.1514e-12 -1.0042e-11 -7.4026e-12 -8.3698e-12 -1.4087e-11 5.5871e-12 -5.3329e-12 -9.2053e-12 -1.3297e-11 -1.5991e-11 -1.2737e-11 -1.0049e-11 -1.5784e-11 -1.5047e-11 -1.2123e-11 1.9921e-12 -7.7607e-12 -4.0878e-12 -9.8528e-12 -4.4219e-12 -1.1508e-11 -1.1581e-11 -1.0611e-11 -3.2004e-12 -1.9124e-12 -3.1053e-13 -8.5409e-12 -1.4128e-11 1.9793e-12 -2.4352e-12 5.1419e-12 -3.0038e-12 -1.1863e-12 5.6456e-13 -4.2553e-12 -1.8652e-13 -6.7763e-12 2.3489e-12 2.3025e-12 1.1547e-13 1.7063e-12 2.3697e-12 -5.9126e-12 -3.2903e-12 5.8368e-12 -4.2704e-12 -3.3544e-12 -1.7107e-12 8.8023e-13 -1.5453e-12 4.8836e-12 5.2196e-13 2.7167e-12 -1.5849e-12 -1.2086e-13 3.4409e-13 2.2874e-12 3.024e-12 -9.2279e-13 9.9189e-13 2.1347e-13 5.3771e-13 1.0934e-12 6.2442e-13 1.1412e-12 -5.2188e-13 8.657e-13 6.0518e-13 1.8687e-13 1.2811e-13 1.1061e-13 -5.571e-14 1.7403e-13 8.0673e-14
8.0889e-11 7.0526e-11 8.9162e-11 6.515e-11 5.5179e-11 5.088e-11 6.3984e-11 4.7733e-11 5.6606e-11 4.108e-11 3.4744e-11 4.688e-11 2.7945e-11 3.8146e-11 2.7262e-11 1.83e-11 2.291e-11 1.6291e-11 1.5579e-11 1.7426e-11 1.1442e-11 1.3845e-11 2.8391e-12 4.4365e-12 4.1064e-13 3.0357e-12 1.3644e-12 -4.9136e-12 7.7204e-12 -1.3374e-11 -5.2866e-12 -4.934e-12 -1.3416e-11 -2.7536e-12 -4.3649e-12 -9.8221e-12 -1.1266e-11 -1.2146e-11 -8.5076e-12 -6.8946e-12 -9.1807e-12 -9.3343e-12 -8.1815e-12 -4.4629e-12 -9.6069e-12 -4.5282e-12 -7.6626e-12 -3.6556e-12 -9.2419e-12 -6.5758e-12 -8.7697e-12 -3.1817e-12 2.2639e-12 -7.7254e-14 -5.4837e-12 -1.3103e-11 3.2006e-12 -5.015e-12 1.5017e-13 -2.3938e-12 -3.1711e-12 -4.8782e-13 -4.3488e-12 -1.4982e-12 -1.8507e-12 2.0883e-13 -1.4004e-12 1.4297e-12 2.0857e-12 -6.8566e-13 -4.356e-12 -3.5553e-12 2.4732e-12 -5.742e-12 -1.5801e-12 -4.8973e-13 2.076e-13 -1.3242e-12 -5.4461e-13 -8.0311e-13 2.453e-12 -3.053e-12 -1.5297e-13 5.0573e-13 1.4532e-12 2.6123e-12 9.6466e-13 1.0629e-12 3.0159e-12 6.1668e-13 6.9041e-13 2.4317e-13 1.4772e-12 -2.8946e-13 6.9989e-13 2.7696e-14 -1.5162e-13 -1.1197e-13 5.7748e-14 -1.3074e-13 5.6828e-14 1.2618e-13
8.6843e-11 7.3729e-11 6.515e-11 8.7467e-11 5.4971e-11 5.081e-11 6.1696e-11 4.5064e-11 5.2618e-11 4.4061e-11 3.3768e-11 4.6375e-11 3.2626e-11 3.6769e-11 2.3145e-11 1.6716e-11 2.437e-11 1.0535e-11 1.99e-11 1.8274e-11 1.5684e-11 1.3008e-11 1.0175e-12 3.7601e-12 -4.9943e-12 3.0983e-13 -1.7947e-12 4.7622e-13 8.0212e-12 -8.2748e-12 -5.1613e-12 -1.0077e-11 -8.6796e-12 3.1786e-12 -3.8746e-12 -1.2672e-11 -6.9222e-12 -1.6643e-11 -1.2043e-11 -9.5132e-12 -7.9681e-12 -8.454e-12 -1.0473e-11 4.3828e-12 -8.5963e-12 -4.5441e-12 -6.3733e-12 -8.6931e-12 -9.8825e-12 -1.0978e-11 -5.196e-12 -1.9592e-12 -2.7748e-12 -1.8193e-12 -4.4717e-12 -1.2382e-11 2.3802e-12 -6.9967e-12 3.5808e-12 -1.7993e-12 -4.2129e-12 1.2788e-13 -5.6484e-12 -1.4438e-12 -4.7196e-12 -4.6633e-13 3.7274e-13 -7.7331e-13 7.5123e-13 2.7848e-13 -4.2551e-12 -3.6397e-12 3.7565e-12 -1.1701e-12 -1.6693e-12 -1.8291e-12 -1.0961e-12 6.6513e-13 1.1531e-12 -1.4418e-12 4.0329e-12 -3.0726e-12 -2.8523e-12 2.608e-13 1.5284e-12 1.5365e-12 1.2265e-12 1.1185e-12 1.8332e-13 1.9733e-12 1.4395e-12 1.242e-12 7.9662e-13 3.7975e-13 7.3078e-13 2.7755e-13 -2.2476e-13 -2.5586e-15 2.2623e-14 -2.6859e-14 -1.8305e-14 1.9683e-13
6.6486e-11 5.5319e-11 5.5179e-11 5.4971e-11 6.2609e-11 4.1234e-11 4.8086e-11 3.4832e-11 3.9893e-11 3.4864e-11 2.5836e-11 3.1292e-11 1.9601e-11 2.8365e-11 2.2278e-11 9.8799e-12 1.8621e-11 1.1662e-11 6.579e-12 1.2473e-11 1.0362e-11 1.0369e-11 8.529e-13 3.761e-12 -9.3146e-13 -6.2155e-12 1.9556e-12 4.6181e-12 3.5476e-12 -1.4298e-11 -3.7663e-12 -1.018e-11 -7.7224e-12 -1.4678e-12 -3.7974e-12 -2.3558e-12 -9.0505e-12 -1.3192e-11 -4.4715e-12 -8.9945e-12 -6.7592e-12 -9.1177e-12 -6.4647e-12 -4.1631e-13 -4.8699e-12 -5.2498e-12 -9.9968e-12 -4.9858e-12 -1.0998e-11 -6.2147e-12 -3.6969e-12 -4.5276e-12 -2.4675e-12 -6.0682e-13 -3.8202e-12 -9.6253e-12 -3.9267e-13 -3.2528e-12 3.6344e-13 -3.2639e-12 -3.1074e-12 -9.606e-13 -1.9142e-12 -1.5726e-12 -1.3563e-12 3.5554e-14 1.5871e-12 1.4983e-12 1.7609e-12 -1.3185e-12 -2.3742e-12 -1.6412e-12 1.436e-12 -3.0249e-12 -3.6045e-12 -1.5635e-12 -6.7847e-13 -1.4337e-13 1.3063e-12 -2.4841e-12 2.5791e-12 -1.472e-12 -2.426e-12 -6.531e-13 1.3102e-12 2.0074e-12 3.6705e-13 9.0613e-14 1.6182e-13 1.0097e-12 1.0276e-12 -8.0857e-13 1.1021e-12 -2.316e-13 7.0058e-14 2.3695e-13 -9.3537e-14 -7.0831e-14 8.1478e-14 1.8688e-14 -4.2189e-14 5.4455e-14
6.6159e-11 6.4816e-11 5.088e-11 5.081e-11 4.1234e-11 6.3426e-11 4.9289e-11 3.806e-11 5.1442e-11 3.68e-11 2.885e-11 3.5566e-11 2.3012e-11 2.6368e-11 1.6649e-11 1.0534e-11 1.7286e-11 6.4454e-12 1.54e-11 1.6467e-11 5.075e-12 7.9398e-12 2.581e-12 5.719e-12 4.4021e-12 -1.6786e-12 -6.1312e-12 -5.3667e-12 4.0537e-12 -1.5622e-11 -1.6157e-12 -3.4654e-12 -1.1158e-11 8.5909e-13 -3.3813e-12 -8.898e-12 -1.3331e-11 -8.0135e-12 -4.1371e-12 -1.0402e-11 -9.0173e-12 -9.8294e-12 -7.7297e-12 -2.6114e-12 -8.7919e-12 -2.245e-12 -9.9468e-12 -4.5361e-12 -8.1616e-12 -3.3297e-12 -6.4548e-12 -5.884e-12 -3.8156e-14 -1.8972e-12 -3.7499e-12 -1.0019e-11 -1.6582e-12 -2.9886e-12 1.5271e-12 -7.9596e-13 -2.2665e-12 -3.9953e-13 -1.5169e-12 -5.2291e-13 -3.2804e-12 4.4706e-13 3.4661e-12 3.2993e-13 1.6391e-12 -1.9721e-12 -3.6231e-12 -1.9866e-12 1.9665e-12 -1.6785e-12 -2.5455e-12 -3.5896e-12 -1.1259e-12 3.3547e-13 2.6506e-12 -8.5612e-13 1.3125e-12 -1.7284e-12 -9.8458e-13 -6.6577e-13 1.2e-12 2.1567e-12 -1.2558e-12 1.7294e-12 6.0347e-13 5.9472e-13 1.1822e-12 3.5392e-13 2.0013e-12 -2.707e-13 6.5696e-13 1.1756e-13 1.2602e-13 -4.4949e-14 1.2532e-13 -1.8282e-14 5.4457e-14 1.5714e-13
7.5144e-11 6.9422e-11 6.3984e-11 6.1696e-11 4.8086e-11 4.9289e-11 7.4784e-11 4.6972e-11 4.8479e-11 4.5005e-11 2.8618e-11 4.3548e-11 2.7776e-11 2.3135e-11 2.6158e-11 1.4281e-11 1.7804e-11 1.3687e-11 1.3798e-11 2.3431e-11 1.384e-11 1.3162e-11 -7.6451e-13 3.8819e-12 4.8931e-14 -1.6491e-12 -6.7608e-12 4.8107e-13 8.7235e-12 -1.3055e-11 -5.2693e-12 -7.0012e-12 -1.0051e-11 -2.0671e-12 -4.0146e-12 -1.3113e-11 -8.0589e-12 -1.1839e-11 -7.5275e-12 -9.5339e-12 -7.3499e-12 -9.6772e-12 -1.032e-11 2.4102e-12 -1.0323e-11 -5.7631e-12 -9.1901e-12 -4.3103e-12 -1.1486e-11 -8.4015e-12 -7.2721e-12 -4.8439e-12 -3.1571e-12 1.1989e-12 -6.3623e-12 -1.0225e-11 1.7188e-12 -2.9506e-12 1.2505e-12 -4.0159e-12 -3.6569e-13 -1.7385e-12 -3.7379e-12 -9.8807e-13 -4.0353e-12 3.0884e-13 1.5775e-12 1.1189e-12 -8.5925e-14 9.7363e-13 -1.8928e-12 -2.8987e-12 4.7066e-12 -3.2967e-12 -1.1224e-12 -1.5388e-12 -1.2537e-12 -1.4911e-12 2.2248e-12 9.5229e-14 3.6723e-12 -2.2643e-12 -9.5814e-14 4.1678e-13 1.4353e-12 3.3426e-12 1.1026e-12 -6.6237e-13 3.2291e-13 -1.7972e-13 2.1254e-12 5.4381e-13 1.3379e-12 5.898e-14 7.54e-13 3.0161e-13 -2.8834e-14 4.4942e-14 7.3451e-14 -7.438e-14 4.0836e-14 1.4281e-13
6.5163e-11 5.4935e-11 4.7733e-11 4.5064e-11 3.4832e-11 3.806e-11 4.6972e-11 5.0454e-11 4.2767e-11 3.7558e-11 2.7665e-11 3.5898e-11 2.382e-11 1.9841e-11 1.8791e-11 1.4074e-11 1.7889e-11 7.4989e-12 1.0088e-11 1.6668e-11 9.4923e-12 4.808e-12 -1.4313e-12 4.1557e-12 -4.4614e-13 3.661e-13 -3.5127e-12 6.0601e-13 -1.203e-12 -9.4029e-12 -6.9455e-12 -6.8937e-12 -6.0855e-12 1.5537e-12 -7.1433e-12 -1.0072e-11 -1.0472e-11 -1.1958e-11 -9.1603e-12 -7.4355e-12 -1.1229e-11 -4.745e-12 -1.1955e-11 -2.3898e-12 -1.275e-11 -5.6245e-12 -7.4017e-12 -2.8126e-12 -7.3421e-12 -6.9436e-12 -1.1051e-11 -6.2783e-12 -4.9152e-12 -3.3552e-12 -2.2905e-12 -9.2058e-12 1.5094e-12 -3.1064e-12 2.4274e-12 -2.8231e-12 5.814e-13 1.3936e-12 -3.6091e-12 -8.917e-13 -2.9183e-12 -9.4862e-13 5.5238e-13 6.6386e-13 -1.1116e-12 -1.3818e-13 -2.2861e-12 -2.0408e-12 3.8839e-12 -2.6478e-12 -9.7341e-13 -2.561e-12 5.2598e-13 -1.9433e-12 9.8193e-13 -1.6642e-13 2.4028e-12 -3.5393e-12 1.9038e-12 1.0767e-13 5.8116e-13 6.7249e-13 7.1557e-13 6.4126e-13 7.5161e-13 1.2972e-12 8.1403e-13 4.6044e-13 -1.9178e-13 -6.1138e-13 6.9292e-13 2.446e-13 -2.1748e-13 -7.2803e-14 9.5121e-14 8.2414e-16 8.9341e-14 8.9115e-14
6.9738e-11 6.1064e-11 5.6606e-11 5.2618e-11 3.9893e-11 5.1442e-11 4.8479e-11 4.2767e-11 7.1842e-11 4.0929e-11 3.1573e-11 4.1657e-11 2.8692e-11 2.672e-11 2.1051e-11 9.4761e-12 2.6484e-11 6.4537e-12 1.2266e-11 1.4073e-11 6.4989e-12 1.1154e-11 4.9782e-12 1.2989e-12 1.1023e-11 3.1875e-12 1.0732e-12 -1.3843e-12 1.688e-12 -8.99e-12 -7.3738e-12 -1.2007e-13 -5.9433e-12 4.2854e-12 -5.7403e-12 -6.1197e-12 -1.1404e-11 -8.9206e-12 -6.5509e-12 -5.4438e-12 -5.3516e-12 -1.1074e-11 -1.0767e-11 2.4581e-12 -9.7014e-12 -1.7774e-12 -6.9971e-12 -9.5618e-13 -4.8534e-12 -5.9693e-12 -9.149e-12 -7.0231e-12 2.3259e-12 -3.8045e-12 -4.0626e-12 -8.6128e-12 1.539e-12 -3.6663e-12 2.7607e-12 -2.6084e-12 -3.1023e-12 2.0738e-12 2.0647e-13 -2.9112e-12 -3.0922e-12 -9.9114e-13 -2.0357e-13 -1.1982e-13 1.2887e-12 -1.9827e-12 -4.1393e-12 8.0438e-13 4.9187e-12 -2.3286e-12 -2.5494e-12 -4.3399e-12 6.7226e-13 -1.2165e-12 1.6908e-12 -4.8994e-13 3.7986e-12 -1.4051e-12 -5.0982e-13 -3.7413e-14 2.1236e-12 2.8184e-12 -1.3242e-12 2.4431e-12 1.0646e-12 2.0995e-12 1.7997e-12 3.8247e-13 3.3221e-13 -4.39e-13 7.1446e-13 3.4742e-13 -6.1247e-14 -1.5325e-13 1.6735e-13 2.4495e-15 1.0265e-13 1.7073e-13
6.3037e-11 5.4607e-11 4.108e-11 4.4061e-11 3.4864e-11 3.68e-11 4.5005e-11 3.7558e-11 4.0929e-11 5.0718e-11 2.2855e-11 2.8796e-11 2.2446e-11 1.689e-11 2.1578e-11 1.0201e-11 1.6262e-11 8.8232e-12 9.2934e-12 1.3014e-11 1.0135e-11 8.8061e-12 9.3148e-13 5.8377e-12 1.8179e-12 -1.9172e-13 -4.9595e-12 -5.3491e-13 9.3247e-13 -1.0613e-11 -9.4073e-12 -2.6271e-12 -3.3288e-12 9.57e-13 -2.3068e-12 -1.3443e-12 -6.5627e-12 -4.7247e-12 -2.9769e-12 -8.715e-12 -6.4244e-12 -8.7378e-12 -8.2872e-12 2.427e-12 -6.7381e-12 3.7457e-13 -8.1265e-12 -1.7111e-12 -8.8489e-12 -5.8265e-12 -6.4541e-12 -9.4779e-12 -3.4096e-12 -2.7563e-12 -4.6753e-12 -6.8274e-12 1.4413e-12 -3.4934e-12 1.9346e-12 -9.9126e-13 -3.4382e-13 -8.6501e-14 -2.8633e-12 -9.0405e-13 -5.2608e-12 1.0023e-12 1.4255e-12 8.639e-13 1.949e-12 3.9294e-13 -2.1576e-12 -2.746e-12 5.8953e-12 -2.5793e-12 5.4923e-14 -3.0256e-12 2.6338e-13 -1.8985e-12 2.2585e-12 -5.8678e-13 3.5817e-12 -8.0844e-13 2.496e-12 -6.7206e-13 2.5196e-12 1.6179e-12 1.6153e-12 -6.6873e-14 7.078e-13 7.5016e-13 8.4047e-13 6.2888e-14 4.6979e-13 -8.6539e-13 9.4841e-13 4.2478e-13 6.4639e-15 9.5893e-14 6.1521e-14 -8.4919e-14 9.1065e-14 7.4056e-14
5.0032e-11 2.7934e-11 3.4744e-11 3.3768e-11 2.5836e-11 2.885e-11 2.8618e-11 2.7665e-11 3.1573e-11 2.2855e-11 4.0708e-11 2.2174e-11 1.8538e-11 1.4267e-11 1.2996e-11 1.5023e-11 1.9264e-11 6.9016e-12 7.3703e-12 1.3387e-11 1.0042e-11 -2.8525e-12 -5.4675e-12 4.5421e-12 -3.9158e-12 5.4113e-12 2.0643e-12 -5.973e-12 1.1808e-12 -5.8336e-12 -6.8832e-12 1.1414e-12 -1.8541e-12 -1.6296e-12 -7.6138e-12 6.3676e-13 -9.6053e-12 -3.4718e-12 -1.3467e-12 -1.0828e-12 -5.7743e-12 9.0715e-13 -9.5128e-12 -3.3924e-12 -5.8832e-12 -2.8943e-12 -5.0936e-12 -2.893e-12 -2.9442e-12 -8.9208e-13 -4.9518e-12 -4.3883e-12 -4.2639e-12 -1.978e-12 -2.9961e-12 -4.7684e-12 1.6712e-12 -6.7411e-12 -8.6373e-14 5.9858e-13 -7.0965e-13 -5.0285e-13 -2.5914e-12 -1.6613e-12 -2.5042e-12 -3.1389e-12 -1.6827e-12 2.502e-12 -3.8415e-13 -5.9809e-13 2.9292e-13 -1.882e-12 2.1869e-12 -1.4012e-12 -6.9651e-14 -2.8807e-12 1.3295e-12 8.8336e-13 -5.0298e-13 -1.1642e-12 2.3412e-12 -3.2241e-12 1.6921e-15 2.2571e-13 -1.5788e-14 5.9615e-13 2.185e-12 1.7844e-12 1.0008e-12 1.4736e-12 3.9865e-13 7.4332e-13 1.617e-13 -7.8912e-13 2.182e-13 3.4671e-13 -2.5459e-13 -2.3422e-14 7.2829e-14 -4.7866e-14 -3.8087e-14 1.1926e-13
6.0133e-11 5.1248e-11 4.688e-11 4.6375e-11 3.1292e-11 3.5566e-11 4.3548e-11 3.5898e-11 4.1657e-11 2.8796e-11 2.2174e-11 4.1143e-11 1.9871e-11 2.3035e-11 1.5782e-11 1.0795e-11 1.4868e-11 9.0412e-12 1.2041e-11 1.5621e-11 1.549e-12 9.6803e-12 -6.7099e-13 3.4112e-13 1.5769e-12 1.2491e-12 -3.0479e-12 -3.7179e-12 4.3509e-12 -5.0055e-12 -7.2202e-12 -4.2671e-12 -5.326e-12 2.8903e-12 -5.9063e-12 -9.2901e-12 -4.0672e-12 -9.0343e-12 -1.1119e-11 -3.2803e-12 -5.0142e-12 -6.0127e-12 -8.3198e-12 2.4168e-12 -7.53e-12 -5.5641e-12 -5.2723e-12 -4.5368e-12 -6.5883e-12 -5.2867e-12 -6.991e-12 -1.6155e-12 3.5094e-14 -7.9491e-13 -3.4924e-12 -7.6209e-12 1.4727e-12 -1.0593e-12 1.4571e-12 -2.3637e-12 9.4718e-14 1.3894e-12 -3.5378e-12 -2.0029e-12 -2.3573e-12 1.4316e-12 -1.879e-12 9.6118e-13 1.4018e-13 8.7641e-13 -1.5654e-12 -1.9061e-12 2.3962e-12 -3.132e-12 -9.2095e-13 -1.9266e-12 -2.8866e-13 -1.8696e-12 5.5879e-13 -8.5336e-13 2.132e-12 -1.6613e-12 2.202e-13 2.7758e-13 1.5867e-12 2.5821e-12 5.6532e-14 1.468e-12 -7.6859e-14 9.2464e-13 9.6592e-13 9.0434e-13 7.1835e-13 1.1092e-13 4.3212e-13 1.4867e-13 1.2638e-14 3.0547e-14 5.6714e-14 -1.2324e-15 6.893e-14 1.1848e-13
3.5955e-11 3.2183e-11 2.7945e-11 3.2626e-11 1.9601e-11 2.3012e-11 2.7776e-11 2.382e-11 2.8692e-11 2.2446e-11 1.8538e-11 1.9871e-11 3.1758e-11 1.0623e-11 1.0099e-11 5.2676e-12 1.1313e-11 5.2986e-12 7.5532e-12 7.1197e-12 5.6112e-12 4.6025e-12 -2.6221e-12 5.2051e-12 4.0607e-12 -6.9319e-14 1.3851e-12 3.2481e-12 1.755e-12 -3.3767e-12 -2.8107e-12 -2.1046e-12 -1.1356e-12 3.9168e-12 -1.183e-12 -3.0022e-12 -2.8862e-12 -4.4464e-12 -3.2141e-13 3.0317e-13 -3.5646e-12 -5.2188e-12 -8.8714e-12 -8.1677e-13 -6.414e-12 1.0234e-12 -4.435e-12 -1.792e-12 -3.6784e-12 -3.1731e-13 -4.0797e-12 -2.0664e-12 2.803e-12 -5.6761e-14 -2.8374e-12 -3.5548e-12 2.9185e-12 -2.4745e-12 4.3336e-13 -5.0323e-13 -2.1047e-12 -3.3871e-13 -4.5343e-13 4.3616e-14 -5.2041e-12 -2.4583e-12 -2.0888e-13 7.5191e-13 -1.1909e-12 -1.5978e-12 -2.9183e-12 -9.0406e-13 2.5672e-12 -6.3317e-13 -8.1457e-13 -2.1194e-12 1.3936e-12 -8.1926e-13 1.1006e-12 -9.7709e-13 2.1844e-12 -1.7717e-12 1.1272e-12 8.3866e-13 1.5678e-12 -4.9593e-13 1.447e-12 4.9481e-13 2.5054e-13 7.1827e-13 6.0974e-13 1.0786e-12 1.7999e-13 -7.9881e-14 4.0666e-13 2.4974e-13 -3.3409e-13 8.2773e-15 7.6023e-14 -8.3626e-14 4.0233e-14 1.5018e-13
4.4525e-11 3.3895e-11 3.8146e-11 3.6769e-11 2.8365e-11 2.6368e-11 2.3135e-11 1.9841e-11 2.672e-11 1.689e-11 1.4267e-11 2.3035e-11 1.0623e-11 3.6283e-11 1.0096e-11 8.2635e-12 1.1312e-11 1.1138e-11 9.0808e-12 8.4252e-12 4.1136e-12 6.4858e-12 2.8015e-12 3.6541e-12 -4.496e-12 -2.6819e-12 4.0802e-13 -3.8789e-12 2.6397e-12 -4.7369e-12 -4.5519e-13 -4.0384e-12 -4.5123e-12 -4.7606e-13 1.0011e-14 -6.5958e-12 -3.1303e-12 -1.1094e-11 -4.8295e-12 -4.2674e-12 -3.9258e-12 -5.5271e-12 -2.7836e-12 -2.4951e-12 -2.824e-12 -3.6101e-13 -3.3803e-12 4.8092e-13 -5.2158e-12 -2.1421e-12 -5.6753e-12 -1.6109e-12 8.4218e-13 -2.8752e-12 9.6793e-13 -7.1536e-12 -1.9143e-12 -1.774e-13 1.8302e-12 -3.248e-12 -9.1177e-13 1.5951e-12 -5.3854e-12 -6.4367e-13 -1.7815e-12 4.4033e-13 -3.1364e-12 1.1733e-12 1.9779e-12 -1.0045e-12 -4.8097e-12 -2.4541e-12 -1.0701e-12 -3.7615e-13 1.1906e-12 -1.3818e-12 -1.7054e-12 8.339e-13 -1.7338e-12 -8.7208e-13 1.6454e-12 -1.5019e-12 -1.7755e-12 -1.4919e-12 1.8218e-12 6.3734e-13 -7.0128e-13 3.1477e-12 4.3847e-13 9.9879e-13 5.8473e-13 1.5388e-13 3.7077e-13 2.0325e-13 3.1344e-13 1.252e-13 -2.1638e-15 -4.7281e-14 7.3522e-15 -5.2465e-14 8.8667e-15 8.2069e-14
3.7547e-11 2.5271e-11 2.7262e-11 2.3145e-11 2.2278e-11 1.6649e-11 2.6158e-11 1.8791e-11 2.1051e-11 2.1578e-11 1.2996e-11 1.5782e-11 1.0099e-11 1.0096e-11 3.28e-11 6.7146e-12 3.0282e-12 4.9663e-12 9.4617e-13 7.6287e-12 9.1182e-12 5.214e-12 3.2964e-12 -1.6972e-12 6.2281e-13 -9.0021e-13 4.0631e-12 7.8019e-13 3.0091e-13 -6.2052e-12 -3.4836e-12 -1.1595e-12 -5.4662e-12 -2.8122e-12 -1.2986e-12 -2.2623e-12 -3.8251e-12 -5.1126e-12 -7.5966e-13 -8.8946e-12 -1.3114e-11 -2.8049e-12 -4.3701e-12 2.2951e-12 -3.2563e-12 -1.2223e-12 -2.4858e-12 -2.0265e-12 -5.7183e-12 -2.3961e-12 -4.1284e-12 -4.2815e-12 3.5742e-13 -2.9964e-12 -1.2354e-12 -5.825e-12 1.3806e-12 -9.2701e-13 -1.5702e-12 -3.0727e-12 1.0751e-12 6.9679e-14 -2.409e-12 -4.9202e-13 -3.3233e-13 -5.9553e-13 -4.4823e-13 7.6781e-13 -1.0954e-12 -4.4687e-13 -3.554e-13 -6.332e-13 2.5561e-12 -1.9296e-12 -6.8928e-13 -1.6572e-12 2.4959e-13 -2.892e-12 7.3396e-13 7.679e-13 4.1302e-13 -3.9512e-13 -1.4358e-12 -2.4651e-13 -1.1972e-12 1.765e-12 1.6268e-12 -1.022e-12 3.7071e-13 -7.1965e-13 1.2308e-14 -3.9317e-13 6.3778e-13 -3.676e-13 5.9361e-13 1.762e-13 3.4307e-13 8.6608e-14 -6.0102e-15 -2.1477e-15 2.3338e-14 5.5175e-14
2.3634e-11 1.0428e-11 1.83e-11 1.6716e-11 9.8799e-12 1.0534e-11 1.4281e-11 1.4074e-11 9.4761e-12 1.0201e-11 1.5023e-11 1.0795e-11 5.2676e-12 8.2635e-12 6.7146e-12 1.9833e-11 9.385e-12 4.5456e-12 4.7159e-12 8.3193e-12 7.581e-12 -9.7346e-13 1.8218e-12 4.9505e-13 -3.9579e-12 2.2803e-12 -4.2299e-13 -4.2429e-12 7.4042e-13 -2.6052e-12 9.1736e-13 -1.5896e-12 -1.9827e-13 -3.232e-12 -4.0994e-12 -2.8089e-12 -5.8644e-12 8.6705e-13 -1.4506e-12 -1.4974e-12 4.3764e-13 1.3547e-12 -8.0024e-13 -7.7877e-13 -2.5299e-12 -2.7108e-12 -1.5335e-12 -1.9174e-12 1.3154e-12 1.2133e-12 -2.3481e-12 -1.9819e-12 -2.7229e-12 -2.0192e-13 -9.4971e-13 -2.5687e-12 -5.3556e-13 -3.2386e-12 3.0478e-13 9.2186e-13 3.1357e-12 3.1023e-12 -3.8057e-12 4.2176e-14 -1.2243e-12 1.8386e-13 -1.8262e-12 6.9923e-13 -1.3832e-12 1.0277e-12 7.8993e-13 -7.351e-13 6.4931e-13 -3.3767e-13 1.0812e-12 -5.9361e-13 -5.3246e-13 -7.3062e-13 -9.9848e-13 -7.7687e-13 7.1335e-13 -3.1378e-12 8.6776e-13 2.1649e-12 -2.6742e-13 -2.2271e-14 3.0082e-13 1.063e-12 1.2605e-12 6.8977e-13 6.3661e-13 9.6779e-13 5.4016e-14 -1.8695e-13 -8.975e-14 -1.1889e-13 -1.8901e-13 -9.6391e-14 -2.9637e-14 -2.8776e-14 8.3422e-15 8.3812e-14
2.7838e-11 2.3564e-11 2.291e-11 2.437e-11 1.8621e-11 1.7286e-11 1.7804e-11 1.7889e-11 2.6484e-11 1.6262e-11 1.9264e-11 1.4868e-11 1.1313e-11 1.1312e-11 3.0282e-12 9.385e-12 2.4818e-11 3.7373e-12 6.2063e-12 7.3917e-12 6.5476e-12 6.6501e-12 9.826e-13 2.4888e-12 -1.2027e-12 1.5767e-12 1.5719e-12 -7.1175e-13 1.0975e-12 -6.8833e-13 -1.8423e-12 -1.9075e-12 2.8641e-12 6.8791e-13 -3.9817e-12 -1.3295e-13 -5.7982e-12 -3.3859e-13 -6.4287e-13 3.2773e-13 1.5098e-12 -1.1503e-12 -5.7806e-12 8.1364e-13 -1.9612e-12 -1.3107e-12 -1.7119e-12 -8.6522e-13 2.5286e-12 -3.6382e-12 -2.9776e-12 -2.4551e-12 -2.2793e-12 -3.9302e-14 -2.4873e-13 -2.8224e-12 2.2888e-12 -2.5748e-12 2.4144e-12 7.7907e-15 -4.0971e-13 3.304e-12 -6.1255e-13 -1.478e-12 -1.2252e-12 -1.8505e-12 -2.0315e-12 1.2383e-12 2.1935e-12 8.0189e-13 -2.048e-12 2.942e-13 3.6065e-12 -3.9128e-13 -1.5107e-12 -2.5095e-13 2.2854e-12 6.1799e-13 7.0237e-13 -1.1622e-12 2.1397e-12 -7.5735e-13 -3.0049e-13 1.9905e-12 1.4023e-12 -5.4055e-13 -1.3768e-12 2.56e-12 7.4609e-13 1.4198e-12 7.376e-13 9.5945e-13 2.4976e-14 -9.9661e-14 -3.1042e-13 1.7965e-13 -1.1352e-13 -3.7896e-14 9.9161e-14 -1.3483e-14 3.8607e-14 6.0419e-14
2.1442e-11 9.7065e-12 1.6291e-11 1.0535e-11 1.1662e-11 6.4454e-12 1.3687e-11 7.4989e-12 6.4537e-12 8.8232e-12 6.9016e-12 9.0412e-12 5.2986e-12 1.1138e-11 4.9663e-12 4.5456e-12 3.7373e-12 2.355e-11 -9.3528e-13 6.3956e-12 4.8902e-12 4.8128e-12 -2.907e-12 3.2751e-13 1.033e-12 3.522e-13 3.7926e-12 -9.1104e-13 -7.7509e-13 3.0667e-13 -3.7763e-12 -1.1464e-12 7.6001e-13 9.0347e-13 1.2151e-12 -2.839e-12 1.6408e-12 -2.7505e-12 -1.7067e-12 1.6365e-12 7.9651e-13 -1.0723e-13 7.2432e-13 -4.1998e-12 -2.505e-13 -2.8815e-12 -2.4802e-12 1.5842e-12 -5.1061e-12 5.0086e-12 -3.6167e-12 8.7182e-14 -1.9183e-13 -2.5152e-12 -2.6294e-12 9.3982e-13 1.8934e-12 5.9741e-13 -2.8863e-12 -1.5707e-13 1.6019e-12 1.3503e-12 -3.467e-12 1.015e-12 -1.692e-12 -3.9868e-13 -3.8184e-12 3.0666e-12 1.3734e-12 9.2968e-13 -2.8277e-14 -1.6505e-12 3.54e-13 -8.8585e-13 2.3379e-12 -6.8195e-13 3.3478e-13 -3.7361e-13 -6.0938e-13 -1.4734e-13 1.0169e-12 -3.807e-13 -2.0472e-13 -6.7435e-13 1.1187e-12 1.3561e-12 -4.5447e-14 -1.2134e-13 1.5121e-13 1.4627e-13 6.483e-14 4.8434e-14 1.3716e-12 -4.2584e-13 2.8649e-14 2.0619e-13 1.3511e-13 1.4028e-14 4.7768e-15 -1.1289e-13 3.9996e-14 4.0681e-14
1.4125e-11 1.8226e-11 1.5579e-11 1.99e-11 6.579e-12 1.54e-11 1.3798e-11 1.0088e-11 1.2266e-11 9.2934e-12 7.3703e-12 1.2041e-11 7.5532e-12 9.0808e-12 9.4617e-13 4.7159e-12 6.2063e-12 -9.3528e-13 2.0189e-11 5.8915e-12 6.0173e-13 3.698e-12 -1.0034e-12 2.5884e-13 -5.1776e-12 3.5163e-12 -3.5476e-12 -6.5045e-12 1.1679e-12 -1.265e-12 7.8753e-13 -2.8896e-12 -4.2496e-12 1.0473e-12 -1.9552e-12 -5.4683e-12 1.1074e-15 1.5516e-12 -3.7835e-12 -3.5064e-12 -1.4816e-12 -2.1391e-12 -3.49e-13 2.9151e-12 -3.2697e-12 -2.4875e-12 -1.9628e-12 -2.2013e-12 -3.4615e-12 -3.1138e-12 2.4327e-13 2.5764e-14 9.6891e-13 1.0953e-12 -2.2167e-12 -1.013e-12 -9.9187e-13 2.2208e-13 2.1318e-13 3.1237e-12 1.9576e-12 -4.0991e-12 -1.4702e-12 3.3637e-13 -3.4479e-12 3.636e-13 5.8305e-13 -2.5233e-12 2.045e-12 4.2451e-13 -2.0518e-12 -1.6512e-12 1.1014e-12 -5.462e-13 -2.5685e-13 -9.3611e-13 -1.9782e-12 8.7549e-13 1.2733e-14 6.2519e-13 1.8593e-12 -9.5563e-13 -6.8845e-14 5.2665e-13 3.8483e-13 -1.1189e-12 -1.0595e-12 1.0416e-13 2.8169e-13 6.6742e-14 2.8886e-13 7.4816e-13 9.8082e-14 6.1348e-13 1.4222e-13 -1.2597e-14 4.5949e-14 2.2462e-14 2.6077e-14 -3.2896e-14 2.3181e-14 3.8183e-14
2.5264e-11 2.1892e-11 1.7426e-11 1.8274e-11 1.2473e-11 1.6467e-11 2.3431e-11 1.6668e-11 1.4073e-11 1.3014e-11 1.3387e-11 1.5621e-11 7.1197e-12 8.4252e-12 7.6287e-12 8.3193e-12 7.3917e-12 6.3956e-12 5.8915e-12 1.6469e-11 4.2907e-12 3.1546e-12 -6.1144e-13 2.5671e-12 -2.1902e-12 7.6073e-13 -3.3784e-12 -1.0254e-12 1.2148e-12 -4.8067e-12 -7.4912e-13 -1.4681e-12 6.5672e-13 -1.5983e-12 -2.1999e-12 -5.1591e-12 -2.2852e-12 -8.5811e-13 -3.8262e-12 -2.1923e-12 -3.4062e-12 4.3713e-13 -6.0507e-12 2.0357e-12 -1.3443e-12 -7.0732e-12 -2.2778e-12 -1.0654e-13 -1.8871e-12 -1.4466e-12 -3.0456e-12 -1.4535e-12 -1.7313e-12 -2.0417e-13 -3.7317e-13 -1.9971e-12 -5.5012e-13 -5.1833e-13 2.416e-12 -2.6194e-13 6.4633e-13 5.8378e-13 -1.1528e-12 -4.9938e-13 -1.1371e-12 4.0688e-13 6.3471e-13 4.9865e-13 -1.9613e-13 4.3099e-13 -4.4579e-14 -7.923e-13 4.6712e-13 -1.7511e-12 2.8988e-13 -1.3889e-12 -1.4244e-12 -3.2306e-13 4.1256e-14 3.2825e-13 1.0056e-12 -1.1833e-12 -2.9534e-13 2.4625e-13 -2.3916e-13 1.8804e-12 -2.2601e-13 1.9702e-13 -8.3698e-13 1.3226e-13 9.0304e-13 1.0938e-12 6.2382e-13 -1.5048e-13 1.1633e-13 1.5906e-13 6.3447e-14 -9.5806e-15 3.6741e-15 -2.4251e-15 1.3805e-14 4.8608e-14
2.0043e-11 9.5004e-12 1.1442e-11 1.5684e-11 1.0362e-11 5.075e-12 1.384e-11 9.4923e-12 6.4989e-12 1.0135e-11 1.0042e-11 1.549e-12 5.6112e-12 4.1136e-12 9.1182e-12 7.581e-12 6.5476e-12 4.8902e-12 6.0173e-13 4.2907e-12 1.9711e-11 -1.3822e-12 6.9175e-13 3.2592e-12 -3.6487e-12 3.0423e-12 2.2105e-12 1.6932e-12 2.2673e-12 -1.505e-12 -1.5774e-12 -5.4267e-12 -3.1122e-12 -1.7622e-12 -1.8915e-12 -6.533e-12 -3.3917e-12 -3.7399e-12 -1.682e-12 -2.7149e-12 -1.5991e-12 4.4286e-13 -1.1466e-12 6.3523e-13 -1.9677e-12 1.2723e-12 -1.5498e-12 -1.0689e-12 -1.5966e-12 -2.1606e-14 -1.1797e-12 -8.232e-14 -4.0989e-12 -7.8012e-13 -1.0794e-12 -3.4601e-12 -1.5453e-12 -1.3575e-12 -6.5518e-13 1.9319e-12 -6.7513e-13 4.3644e-13 -1.4379e-12 -9.9651e-14 -2.469e-12 -1.9925e-12 4.1018e-13 -4.8558e-13 5.5061e-13 7.5457e-13 -9.0685e-13 -7.5076e-13 3.2963e-12 5.9089e-13 1.399e-13 1.1257e-13 5.3192e-14 9.3641e-13 -1.5963e-13 1.5681e-13 1.8927e-12 -7.1146e-13 -1.1443e-12 2.3578e-13 -1.2757e-13 -1.1539e-12 9.0181e-13 -9.3512e-13 1.5698e-13 -4.0836e-13 5.4308e-13 3.8151e-13 -2.3811e-13 -3.7971e-13 1.9603e-13 4.5374e-13 1.0275e-14 3.8465e-14 -1.5995e-14 -6.8544e-14 3.17e-14 -7.991e-15
9.1192e-12 1.6253e-11 1.3845e-11 1.3008e-11 1.0369e-11 7.9398e-12 1.3162e-11 4.808e-12 1.1154e-11 8.8061e-12 -2.8525e-12 9.6803e-12 4.6025e-12 6.4858e-12 5.214e-12 -9.7346e-13 6.6501e-12 4.8128e-12 3.698e-12 3.1546e-12 -1.3822e-12 2.3276e-11 4.8653e-12 -3.757e-12 6.9862e-12 -4.0903e-12 -2.9664e-12 2.8981e-13 2.5172e-12 2.4083e-12 -2.3831e-12 -2.5208e-12 -3.0706e-13 1.8085e-12 -1.3472e-12 -9.9666e-13 3.0606e-12 1.6063e-12 -1.5663e-12 -3.4527e-12 -2.5831e-12 -7.2231e-12 -2.1217e-12 4.8729e-12 -9.408e-13 -2.4095e-12 -1.8866e-12 -2.6715e-12 3.6845e-13 -3.832e-12 -8.1913e-13 -1.1929e-12 3.2742e-12 8.1796e-13 1.8395e-12 -8.3506e-13 4.1583e-12 1.5825e-12 1.7981e-12 -2.6793e-12 -8.1936e-13 2.5749e-12 1.2027e-12 -2.7458e-14 -2.7504e-12 -9.0583e-13 3.6864e-13 -4.5876e-13 9.1193e-13 1.4551e-12 -2.2242e-12 1.3926e-12 1.5133e-12 -1.8043e-12 -2.325e-12 2.5263e-13 -9.7106e-13 -1.8358e-12 9.1429e-13 -1.364e-12 3.7385e-13 2.1485e-12 -6.1232e-13 2.2964e-12 -1.3295e-12 1.5137e-12 -9.38e-13 -1.3209e-12 -2.6843e-13 -5.9002e-13 -5.2402e-13 -3.533e-13 9.44e-13 1.9349e-13 -5.721e-14 -1.7691e-14 9.2943e-14 6.1217e-14 8.301e-14 -3.0419e-15 2.9124e-15 4.7428e-14
-4.3815e-13 7.8684e-13 2.8391e-12 1.0175e-12 8.529e-13 2.581e-12 -7.6451e-13 -1.4313e-12 4.9782e-12 9.3148e-13 -5.4675e-12 -6.7099e-13 -2.6221e-12 2.8015e-12 3.2964e-12 1.8218e-12 9.826e-13 -2.907e-12 -1.0034e-12 -6.1144e-13 6.9175e-13 4.8653e-12 1.6299e-11 -4.5628e-12 1.5481e-12 -2.2204e-12 -8.066e-13 3.2646e-13 3.5207e-12 -6.5364e-12 5.3506e-12 8.6599e-13 -8.8337e-13 -3.933e-12 1.1502e-12 -3.6415e-12 -2.5129e-12 2.0697e-12 1.8256e-12 -4.6287e-12 -3.0564e-12 -3.1559e-12 2.4393e-13 5.8702e-12 9.6508e-13 5.7769e-14 -8.5977e-13 6.9714e-13 5.4729e-13 -1.8184e-12 -1.3705e-12 1.7963e-12 2.435e-12 4.1929e-13 3.2319e-12 -3.4421e-13 -7.3913e-13 2.7961e-12 1.1492e-12 -2.275e-12 -2.2786e-12 1.501e-12 1.635e-12 8.4745e-14 1.7218e-12 1.3234e-12 7.1783e-14 -4.9926e-13 5.2623e-13 -1.4559e-12 -6.3667e-13 2.7443e-12 6.4653e-14 5.0349e-14 -4.868e-13 2.3417e-13 -1.598e-12 8.4865e-13 -1.3089e-13 -3.5026e-13 -8.9783e-14 -2.4359e-13 -1.4217e-12 6.0187e-13 -3.7317e-13 6.2035e-13 -1.4856e-12 6.3781e-13 4.1995e-13 -2.4874e-13 -1.0145e-14 4.3006e-13 5.3625e-13 -1.4928e-13 1.4378e-13 -7.9061e-14 -1.1208e-13 -4.5088e-14 -7.6916e-15 6.538e-14 6.3711e-15 1.396e-14
8.3618e-12 1.1292e-11 4.4365e-12 3.7601e-12 3.761e-12 5.719e-12 3.8819e-12 4.1557e-12 1.2989e-12 5.8377e-12 4.5421e-12 3.4112e-13 5.2051e-12 3.6541e-12 -1.6972e-12 4.9505e-13 2.4888e-12 3.2751e-13 2.5884e-13 2.5671e-12 3.2592e-12 -3.757e-12 -4.5628e-12 1.4751e-11 3.8315e-13 3.9266e-12 -1.8142e-12 -5.5471e-13 1.5822e-12 -4.1667e-14 -4.4927e-13 2.6691e-12 3.1636e-13 4.8155e-13 -6.9016e-13 2.0347e-12 5.0515e-13 3.8795e-13 1.0145e-12 8.0858e-13 -3.8594e-14 -1.4164e-13 -1.3424e-12 -3.0581e-12 3.8654e-12 2.6408e-12 -1.1584e-12 2.7943e-12 6.3053e-13 3.4953e-13 -1.475e-12 -5.5738e-13 -1.3357e-12 3.2573e-13 -8.3553e-13 -1.8444e-12 -1.203e-12 -1.5668e-12 1.9852e-12 2.0227e-12 3.1687e-13 2.3933e-13 -7.6647e-13 6.1573e-15 -5.9495e-13 4.209e-13 1.1043e-12 2.1348e-12 1.0465e-12 -2.3056e-13 -9.0379e-13 -1.4387e-12 5.575e-13 2.3408e-12 -1.618e-13 7.9437e-13 1.2684e-12 4.4959e-13 7.0069e-13 -4.7344e-13 2.6619e-13 -7.0127e-13 4.7553e-13 -5.1944e-14 8.1616e-13 -1.8235e-13 9.6504e-13 2.2945e-13 -7.0579e-14 -1.3115e-13 8.4081e-13 4.5089e-13 -6.8841e-13 -5.5042e-13 7.379e-14 1.8197e-13 -8.1862e-14 7.2606e-14 -1.8418e-15 -7.2402e-14 5.474e-14 -2.2254e-14
-2.5603e-12 3.5614e-12 4.1064e-13 -4.9943e-12 -9.3146e-13 4.4021e-12 4.8931e-14 -4.4614e-13 1.1023e-11 1.8179e-12 -3.9158e-12 1.5769e-12 4.0607e-12 -4.496e-12 6.2281e-13 -3.9579e-12 -1.2027e-12 1.033e-12 -5.1776e-12 -2.1902e-12 -3.6487e-12 6.9862e-12 1.5481e-12 3.8315e-13 2.2676e-11 1.4354e-13 -9.4832e-13 1.1496e-12 7.9362e-13 3.3221e-12 -5.0827e-13 2.77e-12 1.6307e-12 6.8572e-12 -1.6902e-12 3.0511e-12 -7.3398e-13 4.72e-12 1.7242e-12 1.6058e-12 -7.8564e-13 -4.3665e-12 -2.3863e-12 -9.8056e-13 6.4228e-13 8.5919e-13 3.2603e-13 3.5039e-14 2.354e-12 6.0194e-12 -3.333e-12 -5.6704e-13 3.5342e-12 -9.6385e-13 -2.6403e-12 -7.3241e-13 1.0553e-12 5.82e-14 1.5564e-12 9.6723e-13 4.4726e-13 2.3763e-12 2.5271e-12 6.5297e-13 -2.0479e-12 -2.0852e-13 2.4804e-12 -9.9281e-13 -4.6218e-13 -1.1455e-12 3.57e-13 2.7351e-12 7.8302e-13 9.2368e-13 -2.2466e-12 5.9591e-13 9.591e-13 -4.957e-13 9.6549e-13 -7.0427e-14 -9.4321e-13 1.8276e-12 7.3171e-13 1.1666e-12 -8.9718e-13 1.5583e-12 -1.9061e-13 -5.5494e-13 2.781e-13 -3.8981e-14 -5.4675e-13 -3.0721e-13 1.5151e-13 -4.7035e-13 -2.8211e-13 -1.9151e-14 1.783e-13 -6.0041e-14 9.2634e-14 3.7937e-14 1.4958e-14 1.3674e-14
2.7167e-12 1.4503e-12 3.0357e-12 3.0983e-13 -6.2155e-12 -1.6786e-12 -1.6491e-12 3.661e-13 3.1875e-12 -1.9172e-13 5.4113e-12 1.2491e-12 -6.9319e-14 -2.6819e-12 -9.0021e-13 2.2803e-12 1.5767e-12 3.522e-13 3.5163e-12 7.6073e-13 3.0423e-12 -4.0903e-12 -2.2204e-12 3.9266e-12 1.4354e-13 1.6629e-11 2.2671e-12 -4.6943e-12 -7.5455e-13 5.7217e-12 -3.0327e-12 3.3916e-12 -1.9581e-12 1.8126e-12 -3.0225e-12 -4.9995e-13 -2.6329e-13 4.6917e-12 -2.951e-12 5.2211e-12 -1.275e-12 3.0094e-13 3.7546e-12 -2.0202e-12 2.2509e-12 1.6903e-12 -1.5878e-12 2.2526e-12 1.6444e-12 7.5583e-13 -1.9126e-12 4.0363e-12 1.0924e-12 4.1214e-13 -3.2469e-12 1.5398e-13 6.5103e-13 -2.5078e-12 -3.9059e-13 3.4402e-12 -4.8284e-13 -2.0831e-12 -6.6831e-13 -3.6736e-13 2.0843e-13 2.3261e-12 -1.1583e-13 5.3092e-13 -1.221e-12 1.032e-12 1.9908e-12 4.3451e-13 1.5557e-12 -7.7597e-13 1.0067e-12 2.1388e-13 -6.42e-13 -8.6139e-13 -9.4501e-13 1.1138e-12 5.47e-13 -5.0887e-14 -1.3077e-13 6.1789e-13 -2.4473e-13 2.069e-12 1.1634e-14 -8.2307e-13 9.343e-13 -9.4365e-14 -2.8641e-13 2.794e-13 -4.4819e-13 -3.5345e-13 -1.318e-13 3.1036e-13 -1.5823e-14 5.1552e-14 -2.2888e-14 -6.0106e-14 8.3866e-14 -4.699e-14
-3.8284e-12 -9.7739e-12 1.3644e-12 -1.7947e-12 1.9556e-12 -6.1312e-12 -6.7608e-12 -3.5127e-12 1.0732e-12 -4.9595e-12 2.0643e-12 -3.0479e-12 1.3851e-12 4.0802e-13 4.0631e-12 -4.2299e-13 1.5719e-12 3.7926e-12 -3.5476e-12 -3.3784e-12 2.2105e-12 -2.9664e-12 -8.066e-13 -1.8142e-12 -9.4832e-13 2.2671e-12 1.6915e-11 3.1591e-12 -1.5728e-12 1.4667e-12 -2.5577e-12 2.2151e-12 2.4968e-12 9.4358e-14 1.6157e-12 4.6157e-12 2.2222e-13 -2.5923e-12 7.8051e-13 3.3518e-12 -7.6528e-14 1.0482e-12 1.1675e-12 -6.2829e-13 -1.6973e-13 3.9585e-12 1.6237e-12 2.7266e-12 2.5408e-12 3.958e-12 8.9056e-13 3.267e-12 2.071e-12 -3.2257e-13 1.1595e-12 9.7922e-13 2.8493e-12 9.002e-13 -2.4319e-12 7.671e-13 -2.3085e-12 1.0623e-12 -6.6139e-13 -1.2056e-12 3.9211e-12 -2.3553e-12 -1.7792e-12 5.5692e-13 5.6011e-13 -2.4901e-12 1.2986e-12 -1.5176e-14 -1.2252e-13 9.9302e-13 7.728e-13 5.8553e-13 4.6546e-13 -4.186e-15 9.2343e-14 -6.3425e-13 1.8304e-13 -4.3612e-14 -9.7671e-13 -7.1888e-13 3.3469e-13 -4.5549e-13 -1.1206e-13 -6.9975e-13 3.2538e-13 4.3269e-13 2.8417e-13 4.9206e-13 1.7328e-13 3.5024e-14 -2.3339e-13 -9.7753e-14 -6.0308e-14 -9.5578e-14 -1.6648e-14 -5.5083e-14 -4.0742e-14 1.7131e-14
-4.3987e-12 -1.0055e-12 -4.9136e-12 4.7622e-13 4.6181e-12 -5.3667e-12 4.8107e-13 6.0601e-13 -1.3843e-12 -5.3491e-13 -5.973e-12 -3.7179e-12 3.2481e-12 -3.8789e-12 7.8019e-13 -4.2429e-12 -7.1175e-13 -9.1104e-13 -6.5045e-12 -1.0254e-12 1.6932e-12 2.8981e-13 3.2646e-13 -5.5471e-13 1.1496e-12 -4.6943e-12 3.1591e-12 1.5059e-11 -2.5983e-12 1.0214e-12 1.6801e-12 -2.8271e-12 2.5602e-12 -2.2114e-13 2.9679e-12 2.857e-12 1.3448e-12 -4.8893e-12 2.1539e-12 -6.2323e-13 5.8389e-13 1.0292e-12 -1.9592e-12 4.7316e-12 4.6561e-14 5.6991e-13 1.9289e-12 1.426e-12 1.9007e-12 -5.7538e-13 3.0274e-13 2.8634e-12 3.3996e-13 -1.77e-12 2.7957e-12 7.1997e-13 3.7602e-13 3.9629e-14 1.2047e-12 -2.6147e-12 -2.8732e-12 3.0494e-12 1.2863e-12 6.8559e-13 3.0421e-14 -3.2352e-13 1.7799e-12 -1.3207e-12 -1.8107e-12 -7.2398e-13 -5.1224e-13 1.8211e-12 -8.0584e-13 -5.0389e-13 -1.169e-12 3.5739e-13 5.585e-13 -3.7567e-13 1.5256e-13 -5.6409e-13 -5.5854e-13 1.0498e-12 1.3048e-14 -2.3478e-13 -9.0272e-13 5.586e-14 -1.3256e-13 -4.4634e-13 -4.0621e-13 6.847e-13 8.1911e-13 -2.7772e-13 -7.1655e-13 3.8029e-13 5.8553e-14 1.5789e-15 -1.5201e-13 -9.3948e-15 3.6012e-14 -1.0257e-14 -8.1306e-15 -2.4616e-14
6.5923e-12 8.1514e-12 7.7204e-12 8.0212e-12 3.5476e-12 4.0537e-12 8.7235e-12 -1.203e-12 1.688e-12 9.3247e-13 1.1808e-12 4.3509e-12 1.755e-12 2.6397e-12 3.0091e-13 7.4042e-13 1.0975e-12 -7.7509e-13 1.1679e-12 1.2148e-12 2.2673e-12 2.5172e-12 3.5207e-12 1.5822e-12 7.9362e-13 -7.5455e-13 -1.5728e-12 -2.5983e-12 1.3985e-11 -7.9857e-13 1.8724e-12 -1.0007e-12 -2.5874e-12 -1.3283e-12 1.286e-12 -3.2394e-13 -7.3261e-14 -3.2114e-12 -5.0463e-13 1.2915e-13 -1.2397e-13 -3.9486e-12 3.6343e-13 5.2368e-12 -1.7789e-12 2.4182e-12 1.4936e-13 -7.4306e-13 -3.3625e-13 -2.2966e-13 7.6202e-13 3.2463e-12 4.6401e-13 4.0404e-12 -9.0457e-13 -1.426e-12 1.4741e-12 2.2861e-12 6.0327e-13 -1.898e-12 1.5654e-13 -4.0254e-13 -1.6675e-12 -6.7917e-13 -3.2648e-13 -2.1328e-13 -1.8934e-12 -1.9281e-13 -2.9337e-13 -4.2255e-13 2.4002e-13 -2.248e-13 1.5094e-12 3.3892e-13 -5.1572e-13 2.0257e-12 -1.4012e-13 1.754e-12 1.6359e-13 -1.4417e-13 -9.8087e-14 -3.9176e-13 -1.0519e-12 3.5484e-13 1.142e-12 1.5784e-13 -6.9375e-13 -2.8198e-14 3.4237e-13 -8.8373e-13 9.9054e-13 1.0277e-12 6.2502e-13 2.8668e-13 9.3465e-14 1.0286e-13 -4.2842e-14 4.7735e-14 3.1228e-14 1.9242e-15 -2.2925e-14 5.3555e-14
-1.369e-11 -1.0042e-11 -1.3374e-11 -8.2748e-12 -1.4298e-11 -1.5622e-11 -1.3055e-11 -9.4029e-12 -8.99e-12 -1.0613e-11 -5.8336e-12 -5.0055e-12 -3.3767e-12 -4.7369e-12 -6.2052e-12 -2.6052e-12 -6.8833e-13 3.0667e-13 -1.265e-12 -4.8067e-12 -1.505e-12 2.4083e-12 -6.5364e-12 -4.1667e-14 3.3221e-12 5.7217e-12 1.4667e-12 1.0214e-12 -7.9857e-13 2.1019e-11 -3.1048e-12 -1.1457e-12 1.2317e-12 4.5581e-12 -9.3214e-13 4.1783e-12 4.6695e-12 -5.0857e-13 -2.0345e-12 7.3569e-12 4.2643e-13 1.6886e-12 4.4593e-12 2.0226e-12 3.0029e-12 7.7357e-13 2.8045e-12 1.2279e-12 4.0136e-12 2.0152e-12 1.5324e-12 4.2121e-12 2.3879e-12 -1.3548e-12 -3.0643e-13 1.2593e-12 2.1248e-12 4.5405e-13 8.05e-13 -8.6381e-13 1.3048e-12 1.886e-12 -2.5338e-12 2.1833e-13 -2.526e-12 -5.1976e-13 -1.239e-12 -5.6119e-13 -1.8219e-12 3.266e-12 3.0905e-14 1.9333e-14 5.6364e-13 3.9021e-13 -1.4127e-12 1.7203e-12 1.5362e-13 -5.2998e-13 -4.0029e-13 -6.5714e-15 5.4714e-14 1.6346e-12 2.5569e-13 2.4791e-12 -6.7645e-13 -3.2312e-13 1.2286e-13 1.3029e-13 4.9119e-14 -7.7024e-15 5.7821e-14 -2.6707e-13 -1.5109e-12 2.5162e-13 -1.7506e-13 8.4619e-14 7.863e-14 9.3666e-14 1.4172e-14 -5.0749e-14 4.3296e-14 2.4068e-14
-1.3967e-11 -7.4026e-12 -5.2866e-12 -5.1613e-12 -3.7663e-12 -1.6157e-12 -5.2693e-12 -6.9455e-12 -7.3738e-12 -9.4073e-12 -6.8832e-12 -7.2202e-12 -2.8107e-12 -4.5519e-13 -3.4836e-12 9.1736e-13 -1.8423e-12 -3.7763e-12 7.8753e-13 -7.4912e-13 -1.5774e-12 -2.3831e-12 5.3506e-12 -4.4927e-13 -5.0827e-13 -3.0327e-12 -2.5577e-12 1.6801e-12 1.8724e-12 -3.1048e-12 1.3049e-11 -1.136e-12 1.4629e-12 -3.9845e-12 3.524e-12 -3.3819e-12 -3.9219e-13 2.082e-12 3.5488e-12 -1.8478e-12 9.7112e-13 1.116e-12 3.2072e-12 -8.4668e-14 9.6756e-13 -1.1172e-12 1.6535e-12 6.0342e-13 1.6957e-12 2.6463e-12 1.466e-12 3.7441e-12 3.003e-12 8.3325e-13 1.1918e-12 5.1202e-13 -2.5284e-12 8.1434e-13 -1.2666e-13 -1.0644e-12 1.0345e-12 -1.388e-12 1.7057e-13 1.6488e-12 1.0876e-12 9.7145e-13 6.7826e-13 -1.0268e-12 -6.1749e-13 -1.0592e-13 -3.4339e-14 9.5315e-13 -1.6244e-12 1.298e-12 -2.3542e-13 1.4384e-12 -5.2574e-14 6.0367e-13 -2.6639e-13 4.4535e-13 -1.8077e-12 -7.2142e-13 -1.0773e-12 -3.9631e-13 -1.3677e-13 -5.0453e-13 -1.0602e-12 1.131e-12 1.0236e-13 -4.56e-14 2.1946e-14 2.6688e-13 3.2556e-13 4.1845e-13 -3.2165e-13 -2.5617e-13 5.171e-16 -4.5977e-14 -2.763e-14 5.8648e-14 -6.9673e-15 -1.1199e-15
-9.9655e-12 -8.3698e-12 -4.934e-12 -1.0077e-11 -1.018e-11 -3.4654e-12 -7.0012e-12 -6.8937e-12 -1.2007e-13 -2.6271e-12 1.1414e-12 -4.2671e-12 -2.1046e-12 -4.0384e-12 -1.1595e-12 -1.5896e-12 -1.9075e-12 -1.1464e-12 -2.8896e-12 -1.4681e-12 -5.4267e-12 -2.5208e-12 8.6599e-13 2.6691e-12 2.77e-12 3.3916e-12 2.2151e-12 -2.8271e-12 -1.0007e-12 -1.1457e-12 -1.136e-12 1.2204e-11 2.3791e-12 -4.8389e-13 1.3997e-12 6.1997e-12 1.9986e-12 6.8384e-12 3.6548e-12 1.5286e-12 1.0711e-12 8.1267e-13 -1.189e-12 -1.257e-12 4.7743e-12 3.7763e-12 9.5233e-13 3.1663e-12 3.3568e-12 1.0998e-12 -8.5353e-13 -5.9374e-13 4.1038e-13 -5.4819e-13 5.6833e-13 2.2881e-12 1.8792e-12 -1.1222e-12 -8.0216e-14 1.493e-12 8.8538e-15 1.3168e-12 1.6887e-12 -4.1615e-13 2.2909e-12 -4.0684e-13 -7.9912e-13 1.5105e-12 9.5148e-13 -1.2079e-12 7.9438e-13 3.9748e-13 -6.9708e-13 2.2416e-12 1.1724e-12 5.6953e-14 8.2306e-13 6.8207e-13 2.3256e-13 1.0786e-13 -7.1297e-13 -9.6177e-13 -6.5327e-15 -4.5084e-13 -4.6595e-13 1.1009e-12 5.4652e-13 1.282e-13 6.1917e-13 1.5184e-13 2.0528e-13 3.0753e-13 -5.5971e-14 -4.1872e-13 2.823e-14 -5.5134e-14 -2.655e-15 -3.3181e-14 5.2849e-15 -2.5103e-14 -5.218e-14 1.3993e-14
-1.384e-11 -1.4087e-11 -1.3416e-11 -8.6796e-12 -7.7224e-12 -1.1158e-11 -1.0051e-11 -6.0855e-12 -5.9433e-12 -3.3288e-12 -1.8541e-12 -5.326e-12 -1.1356e-12 -4.5123e-12 -5.4662e-12 -1.9827e-13 2.8641e-12 7.6001e-13 -4.2496e-12 6.5672e-13 -3.1122e-12 -3.0706e-13 -8.8337e-13 3.1636e-13 1.6307e-12 -1.9581e-12 2.4968e-12 2.5602e-12 -2.5874e-12 1.2317e-12 1.4629e-12 2.3791e-12 1.4839e-11 3.2508e-13 -1.0389e-12 3.9296e-12 2.6657e-12 3.5519e-12 2.9688e-12 8.3261e-14 5.1489e-12 2.0264e-12 -6.315e-13 1.1791e-12 4.1621e-12 8.6873e-13 4.2058e-12 1.8249e-12 3.2627e-12 4.0592e-12 -4.0957e-13 -1.5388e-13 3.3033e-13 -2.4425e-12 2.2541e-12 3.6415e-12 -4.6322e-13 -6.257e-13 5.2593e-13 7.7996e-14 2.5261e-12 2.3256e-12 3.1891e-13 -1.2212e-12 6.7483e-13 -9.7602e-13 -5.7159e-13 6.4618e-13 2.6971e-13 -3.2925e-14 2.1924e-12 9.4704e-13 8.097e-13 1.0148e-12 2.682e-12 -5.2812e-13 1.906e-12 -6.1743e-13 -7.9837e-13 -4.0155e-13 3.4754e-13 7.891e-13 1.0077e-12 7.4725e-13 8.5843e-13 1.2135e-13 6.0575e-13 1.2548e-12 -1.1828e-12 9.4225e-13 -1.0741e-13 7.0842e-13 1.0786e-13 1.5548e-13 -3.8049e-13 1.2075e-13 -2.0198e-13 -2.6166e-15 1.7714e-14 1.914e-14 -1.4721e-16 -3.018e-15
4.5966e-13 5.5871e-12 -2.7536e-12 3.1786e-12 -1.4678e-12 8.5909e-13 -2.0671e-12 1.5537e-12 4.2854e-12 9.57e-13 -1.6296e-12 2.8903e-12 3.9168e-12 -4.7606e-13 -2.8122e-12 -3.232e-12 6.8791e-13 9.0347e-13 1.0473e-12 -1.5983e-12 -1.7622e-12 1.8085e-12 -3.933e-12 4.8155e-13 6.8572e-12 1.8126e-12 9.4358e-14 -2.2114e-13 -1.3283e-12 4.5581e-12 -3.9845e-12 -4.8389e-13 3.2508e-13 1.1956e-11 -7.3243e-13 8.6905e-13 2.1437e-12 9.4744e-13 -3.1772e-12 1.8299e-12 1.5098e-13 8.5925e-14 -1.322e-12 -2.4895e-12 1.753e-12 1.2888e-12 8.3217e-13 7.3418e-13 4.5702e-13 6.5112e-13 -1.1591e-12 -4.1102e-13 9.3677e-13 -6.799e-14 -8.3362e-13 -1.4496e-12 1.0957e-12 -1.1621e-12 2.6073e-12 2.0945e-12 7.3659e-13 7.5185e-13 2.0577e-13 9.5564e-13 -9.356e-13 -1.7334e-12 -4.6946e-13 -5.5638e-13 -1.4447e-12 -5.7987e-13 -9.8327e-13 2.2706e-13 1.0508e-12 -1.6409e-13 -9.8429e-13 -5.7994e-13 9.5037e-13 -1.0974e-13 9.0489e-13 1.2835e-12 -1.0227e-13 2.5702e-13 -4.7867e-13 -7.429e-14 5.677e-13 -7.4576e-13 -8.0359e-13 3.504e-13 -2.3038e-13 7.258e-13 -2.7695e-13 5.0869e-13 -6.5402e-13 1.78e-13 -5.543e-15 -4.2501e-14 4.9045e-14 -4.9871e-14 -1.2051e-14 3.2243e-14 3.6524e-14 -1.5943e-15
