2.8177e-11 8.4941e-12 2.1268e-12 1.1053e-11 -7.1142e-13 2.1377e-12 2.2081e-12 -4.3589e-12 -1.893e-12 1.8669e-12 -5.9457e-12 2.3463e-12 -4.3348e-12 -5.0661e-12 1.6843e-12 -9.1133e-13 -3.0009e-12 -3.0224e-12 -7.0911e-12 8.8916e-13 -1.927e-12 2.1817e-12 -3.0989e-12 -3.1729e-12 -3.9089e-12 -6.7731e-12 -3.5437e-12 -6.7302e-12 1.1788e-12 -5.0347e-12 -5.2309e-12 -3.9446e-12 2.1172e-12 1.7257e-12 -5.4307e-12 1.0503e-12 2.9994e-14 -1.2062e-12 3.4334e-12 8.1008e-15 1.1188e-12 -4.9945e-13 6.4441e-13 1.1906e-12 -2.0118e-12 8.2338e-13 -2.5132e-12 7.0892e-13 3.5871e-12 3.9438e-12 2.1403e-12 1.1344e-12 -1.8583e-12 1.0608e-12 -3.546e-12 -5.6935e-13 1.2024e-12 -3.2592e-13 1.6874e-12 1.0759e-12 1.0112e-12 -5.1621e-13 8.4277e-13 8.955e-13 1.3466e-12 2.3755e-12 1.9399e-12 1.7642e-12 4.5867e-13 2.2404e-12 1.1546e-12 2.1653e-12 -1.0214e-12 -4.0458e-13 -2.7134e-13 6.6986e-13 5.6418e-13 3.0506e-13 2.0685e-13 2.0689e-13 -1.8846e-14 -1.6059e-14 3.1433e-14
8.4941e-12 3.6132e-11 1.1715e-11 6.2685e-12 6.7416e-12 7.0941e-12 4.0386e-12 4.5674e-12 -4.6521e-12 -5.1822e-12 -3.2722e-12 2.4068e-12 3.6162e-13 -9.4758e-12 -7.3659e-12 -9.9745e-12 -7.4327e-13 -2.2257e-12 -5.7832e-12 -2.601e-12 -4.3112e-12 -2.7227e-12 -1.2556e-12 -4.7038e-12 2.0041e-12 -1.5253e-12 -3.9216e-12 1.7111e-12 -2.2193e-12 -2.6018e-12 -1.7359e-12 1.1772e-12 -3.8407e-12 -1.4068e-13 -4.1167e-12 7.5579e-13 2.1407e-12 -7.3224e-13 1.9791e-12 -2.2493e-12 8.7249e-13 -1.6318e-12 3.3839e-12 -5.2731e-12 -1.3135e-12 4.2636e-12 -3.5522e-12 2.7597e-12 8.5448e-13 6.6013e-13 4.362e-13 5.5347e-13 8.5123e-13 -1.2559e-12 1.4212e-12 9.7414e-13 9.5823e-13 -9.829e-13 1.562e-12 1.3486e-12 2.8214e-12 1.2876e-12 2.1472e-12 -2.0991e-13 1.9456e-13 4.2627e-12 6.6593e-13 6.2907e-13 1.1835e-12 1.8563e-12 7.1429e-13 4.112e-13 -6.0514e-13 9.2649e-13 9.9276e-13 4.7092e-13 1.6856e-13 3.0303e-13 -1.0017e-13 1.9502e-13 1.5119e-16 3.6676e-14 9.7572e-14
2.1268e-12 1.1715e-11 4.227e-11 1.3171e-11 5.2925e-12 1.3991e-11 4.0469e-12 -4.8884e-12 2.6544e-12 -3.184e-12 4.3696e-12 -2.2526e-13 1.2364e-11 -2.0909e-12 6.1428e-12 -5.2562e-12 1.5868e-11 1.1326e-11 8.9646e-14 4.7606e-12 -5.6052e-12 -2.0665e-12 4.7398e-12 -8.7046e-12 6.4569e-12 -6.9769e-13 -1.1854e-13 7.6591e-12 1.1294e-12 3.283e-12 6.053e-12 -9.7181e-13 -2.3045e-14 -2.2839e-13 1.2769e-12 3.8094e-13 -2.1436e-12 -2.3006e-12 2.2562e-12 5.857e-12 -7.3864e-13 -1.8318e-12 3.6065e-12 4.0479e-12 2.0299e-12 2.3078e-12 2.1123e-12 -3.2249e-12 1.5035e-12 1.1144e-12 -2.9842e-12 2.1088e-12 8.7983e-13 -1.2477e-12 1.9274e-12 -1.3621e-12 1.4556e-12 -4.2272e-13 3.4734e-12 1.5337e-12 -9.499e-13 4.196e-12 9.6608e-13 -1.516e-12 -2.5454e-12 -6.9794e-13 -1.6672e-12 9.8597e-13 -6.9038e-13 6.8069e-13 1.7217e-12 1.1524e-12 -6.4362e-13 1.5683e-12 6.3423e-13 6.2306e-13 -6.0787e-13 1.9031e-13 -7.4765e-15 2.4898e-14 1.296e-15 1.2806e-14 1.6282e-13
1.1053e-11 6.2685e-12 1.3171e-11 3.5796e-11 2.1896e-12 5.3153e-12 -2.9231e-12 6.4815e-12 3.8621e-12 6.0352e-12 -1.308e-13 -9.4123e-13 -2.6539e-12 -8.0458e-12 4.9925e-12 1.4773e-12 4.288e-12 -1.591e-12 -4.0657e-12 2.8336e-12 -2.4214e-12 2.0214e-12 -3.0557e-12 -6.5226e-13 7.442e-13 -2.1228e-12 -1.1716e-12 1.7991e-13 6.803e-12 -5.9254e-12 -4.6085e-12 1.8202e-12 -1.9742e-12 3.5394e-12 -2.3979e-12 -3.1405e-12 -2.8726e-14 -5.8125e-13 -6.6478e-13 3.4597e-12 2.7415e-12 -1.4164e-12 -7.312e-13 3.3632e-12 -4.2202e-12 -1.0748e-14 1.6694e-12 4.1312e-12 2.3034e-12 7.9205e-13 2.7841e-12 1.3414e-12 -9.5749e-13 1.6013e-12 -1.9388e-12 1.8484e-12 3.1697e-12 -1.2803e-12 3.9057e-12 -4.1501e-13 -2.272e-12 1.5255e-12 -3.5949e-13 -3.7935e-12 -1.7774e-12 1.1264e-12 -1.3462e-12 1.8394e-12 2.1962e-12 1.915e-12 2.4233e-12 1.0358e-12 -4.1738e-13 8.447e-13 -2.4716e-13 -3.1204e-13 6.0143e-14 1.0761e-13 1.6096e-14 -1.8603e-14 -8.707e-15 -1.3093e-14 1.3568e-13
-7.1142e-13 6.7416e-12 5.2925e-12 2.1896e-12 2.7341e-11 5.7737e-12 -4.4919e-12 1.9114e-12 -1.5556e-12 -2.6335e-12 3.6689e-12 3.8951e-12 4.9235e-12 2.1374e-13 2.9578e-12 -2.3458e-13 6.4936e-12 -2.8251e-12 2.3986e-12 3.6915e-12 1.5786e-12 7.5917e-13 4.6242e-12 -4.0753e-12 1.157e-11 3.4132e-13 5.5077e-13 5.2568e-13 1.3565e-12 -8.0216e-13 7.0287e-13 2.6549e-12 -1.9849e-12 -1.5845e-12 -1.8579e-12 -1.3133e-12 4.4604e-12 -1.075e-12 -1.5494e-13 4.7303e-12 2.6705e-12 6.9713e-13 -2.829e-13 1.0074e-12 1.9895e-12 3.9719e-12 2.9222e-12 1.91e-13 2.5465e-13 1.4726e-12 -1.8287e-12 8.9819e-13 4.5196e-12 -1.5526e-12 1.005e-13 -1.8649e-12 2.8881e-12 5.1045e-13 1.6692e-12 1.575e-12 1.3833e-12 3.1342e-12 2.8773e-13 -4.882e-13 -3.1434e-13 5.6251e-13 -6.0687e-13 -3.7317e-13 2.5781e-12 1.9351e-12 -1.4494e-12 7.73e-13 6.0631e-16 -1.0537e-12 -7.8683e-14 -9.8574e-13 -1.6156e-13 -2.9828e-13 7.2014e-14 -6.7704e-14 -5.1078e-14 -1.1183e-14 4.897e-14
2.1377e-12 7.0941e-12 1.3991e-11 5.3153e-12 5.7737e-12 2.7186e-11 4.1174e-12 -3.6973e-12 5.9446e-12 7.0647e-12 4.2965e-12 6.6779e-12 7.3119e-12 -2.001e-12 5.5109e-12 5.2488e-12 1.1959e-11 1.1683e-11 1.5528e-12 1.4968e-12 4.5797e-13 1.0119e-11 1.1187e-11 8.6002e-14 9.869e-12 2.5529e-12 5.3074e-12 2.8896e-12 -1.1485e-12 3.5962e-12 4.9034e-12 -6.0335e-13 3.7337e-12 3.0993e-12 4.4424e-12 -4.1984e-13 6.1761e-12 -5.4843e-13 2.4216e-12 1.7924e-12 2.1235e-13 -2.3594e-14 1.0761e-12 1.8858e-12 -2.6772e-12 1.2646e-12 -1.6367e-12 -1.0627e-12 1.0652e-12 2.0574e-12 4.1565e-13 -5.6599e-13 1.52e-12 1.3874e-13 -3.4477e-12 -3.794e-14 1.2901e-12 1.08e-12 2.6572e-12 4.6999e-13 -1.2357e-12 2.9179e-12 1.1058e-12 -2.0973e-13 -2.9701e-12 1.8758e-12 5.3883e-13 1.2233e-12 1.5194e-12 2.2254e-12 -1.1716e-12 4.2072e-13 6.5996e-13 -3.2321e-13 -2.5361e-13 6.6415e-14 -1.0214e-13 -3.001e-13 -2.1225e-14 -1.7553e-14 -5.6854e-14 1.8761e-14 1.0308e-13
2.2081e-12 4.0386e-12 4.0469e-12 -2.9231e-12 -4.4919e-12 4.1174e-12 3.3588e-11 -4.4552e-12 3.7424e-12 1.5371e-12 5.826e-12 3.8031e-12 3.9264e-12 -3.669e-13 4.22e-12 -1.6886e-12 -1.9595e-12 3.4155e-12 5.1636e-12 3.719e-12 -1.7169e-12 2.5852e-12 1.5386e-12 2.7329e-12 -2.2348e-12 2.2952e-13 1.5807e-12 2.9121e-12 2.1983e-12 2.4398e-12 5.7788e-12 2.7686e-12 1.7098e-12 9.919e-13 1.7188e-12 8.1205e-12 6.4924e-12 4.8352e-12 3.5286e-12 -1.6252e-12 2.194e-12 3.3019e-12 2.4212e-12 -1.8971e-12 -9.1857e-13 4.7498e-12 -2.4493e-12 -3.3214e-13 1.5031e-12 -2.55e-13 2.4938e-12 1.9143e-13 -6.1595e-13 2.1788e-12 3.25e-13 -7.6238e-13 1.8567e-12 -1.5909e-12 4.8576e-12 1.0557e-12 4.7652e-13 -4.0314e-13 3.466e-13 -4.9776e-13 -1.9236e-12 -1.5588e-13 2.026e-12 1.3623e-12 1.8967e-13 2.1333e-14 1.0954e-12 -6.0929e-13 -6.8571e-14 1.3395e-13 7.3769e-13 4.5614e-13 6.1402e-13 2.7908e-13 6.8026e-14 5.5224e-14 -3.6507e-14 2.2769e-14 8.7748e-14
-4.3589e-12 4.5674e-12 -4.8884e-12 6.4815e-12 1.9114e-12 -3.6973e-12 -4.4552e-12 3.6364e-11 6.1671e-12 8.7699e-13 1.4619e-12 4.3794e-12 8.8872e-12 1.0108e-11 -2.5219e-12 2.7081e-12 1.7867e-12 1.508e-11 4.056e-12 1.2081e-11 5.3911e-12 5.8946e-12 2.5358e-12 6.2344e-12 5.8995e-12 6.202e-12 1.3312e-12 4.3902e-12 -2.7868e-14 1.9022e-12 4.0359e-12 1.4798e-13 9.5506e-13 6.8237e-12 3.9145e-12 -6.7267e-12 5.4072e-12 4.0096e-12 -1.1115e-12 5.0212e-12 1.865e-12 1.8456e-12 -1.251e-12 -2.1759e-12 -2.9944e-12 -5.6927e-12 -9.7309e-13 1.4776e-12 -8.4446e-14 1.7092e-12 2.8172e-12 -3.2343e-12 -1.9584e-12 -1.2886e-12 -7.2347e-13 1.4204e-13 -4.6161e-13 -3.369e-13 -1.7967e-12 -7.5477e-13 1.0012e-12 -1.5304e-12 -7.2866e-13 5.4279e-13 6.6124e-13 -7.8939e-13 -1.0259e-12 -9.3413e-13 -2.0298e-12 8.469e-13 1.91e-12 -5.9664e-13 -1.306e-12 5.3357e-13 -4.3963e-13 -1.0097e-12 -3.2045e-13 -4.6006e-13 -1.9307e-13 -1.3447e-13 -2.1479e-14 -5.1725e-14 2.8911e-14
-1.893e-12 -4.6521e-12 2.6544e-12 3.8621e-12 -1.5556e-12 5.9446e-12 3.7424e-12 6.1671e-12 2.9001e-11 4.2834e-12 2.2933e-12 6.4949e-12 1.0881e-11 5.031e-12 1.0299e-11 5.5662e-12 1.4489e-11 1.1101e-11 4.3608e-12 6.8915e-12 5.2416e-12 1.1375e-11 5.451e-12 4.8178e-12 1.8284e-12 3.4567e-12 1.0646e-11 5.399e-12 5.6318e-12 6.2584e-12 3.3647e-12 1.96e-12 2.8661e-12 3.3802e-12 3.4293e-12 2.977e-12 9.0697e-13 -2.4359e-12 2.9858e-12 3.874e-12 1.3955e-12 -2.0997e-12 1.3004e-12 5.1599e-12 -9.6688e-13 -2.102e-12 -4.2401e-13 7.4081e-13 1.6936e-12 6.6902e-13 3.9255e-12 -3.9211e-13 -2.1052e-12 3.1805e-12 -4.8297e-13 -4.5563e-13 -1.5742e-12 -6.3033e-13 6.8819e-13 2.9685e-12 -2.8891e-12 -9.1117e-13 9.037e-13 6.4111e-13 -7.282e-13 7.6665e-14 -2.8307e-13 2.1426e-13 1.3429e-12 1.2767e-12 -4.96e-13 -1.3642e-12 -7.6067e-13 -1.4479e-12 2.4005e-13 2.6012e-13 -5.0984e-14 -4.2204e-13 5.4637e-14 2.2287e-14 -1.3851e-14 5.9493e-15 7.0965e-14
1.8669e-12 -5.1822e-12 -3.184e-12 6.0352e-12 -2.6335e-12 7.0647e-12 1.5371e-12 8.7699e-13 4.2834e-12 2.4794e-11 -2.6425e-13 3.7594e-13 8.4364e-12 -1.2033e-12 6.4591e-13 9.7788e-12 8.1511e-13 2.674e-12 1.4013e-12 4.0948e-12 7.2166e-12 9.3357e-12 4.64e-12 7.4987e-12 5.6405e-12 1.2259e-12 4.4074e-12 -5.7889e-13 3.8567e-12 1.8286e-12 -1.8953e-12 -2.7783e-12 1.2025e-12 5.3058e-12 4.2126e-12 2.8574e-12 6.619e-12 1.3386e-12 2.6709e-12 4.6808e-12 1.8515e-12 3.8996e-12 1.5961e-12 2.9429e-12 -5.1447e-12 -1.202e-12 1.4346e-12 -2.5526e-12 3.5585e-12 3.4528e-12 2.9583e-12 -9.2728e-13 -2.2257e-12 2.3538e-12 -2.972e-12 3.1538e-12 1.951e-12 2.1106e-12 3.0822e-12 -1.6294e-12 -2.8158e-12 -1.4266e-12 7.3419e-13 -1.1981e-13 -5.899e-13 -1.7277e-12 4.0028e-13 1.8033e-12 1.7364e-12 -8.2154e-13 2.4031e-13 -3.2705e-13 9.5767e-13 -1.5586e-13 -9.0276e-13 -1.6344e-12 -4.246e-15 1.1056e-13 -4.2811e-13 -1.4104e-13 -1.0652e-14 -1.6543e-14 5.2414e-14
-5.9457e-12 -3.2722e-12 4.3696e-12 -1.308e-13 3.6689e-12 4.2965e-12 5.826e-12 1.4619e-12 2.2933e-12 -2.6425e-13 2.5181e-11 1.1208e-12 4.4488e-12 3.0157e-12 5.2553e-12 7.8162e-12 3.1469e-12 8.9804e-12 -4.7757e-12 4.5895e-12 8.5373e-12 6.2391e-12 5.4928e-12 5.9676e-12 8.1399e-12 5.9861e-12 -6.0997e-13 4.1068e-12 9.0491e-13 5.9899e-12 5.2026e-12 4.3917e-12 -6.696e-13 1.4312e-12 2.7576e-12 6.2848e-13 4.7077e-12 9.3547e-13 4.9875e-12 3.0006e-12 -5.051e-13 2.1427e-12 1.3338e-12 -6.5846e-13 1.818e-12 9.6749e-13 3.5755e-13 8.6169e-13 -9.5648e-13 1.3137e-12 -2.8533e-12 2.574e-12 1.3046e-12 1.2941e-13 -1.2227e-12 -4.6768e-13 1.4109e-12 1.3977e-12 1.1026e-12 -8.7659e-13 3.0223e-13 1.6051e-12 1.643e-12 -9.4406e-13 -1.7486e-12 5.5966e-13 -1.1161e-12 -1.3291e-13 -1.03e-13 -6.7078e-13 -3.1899e-14 -2.23e-14 -1.5641e-13 -7.1473e-13 2.0638e-13 -3.6925e-13 -5.5794e-15 -2.3807e-13 -2.69e-13 -1.6041e-13 -8.4135e-15 -1.0112e-14 4.6046e-14
2.3463e-12 2.4068e-12 -2.2526e-13 -9.4123e-13 3.8951e-12 6.6779e-12 3.8031e-12 4.3794e-12 6.4949e-12 3.7594e-13 1.1208e-12 2.7011e-11 5.3181e-12 -1.1659e-12 7.368e-12 7.9785e-12 5.5078e-12 9.2104e-12 3.3741e-12 1.0678e-11 6.1375e-12 1.1373e-11 7.3352e-12 7.7953e-12 2.3636e-12 5.0203e-12 5.942e-12 4.7814e-12 5.4134e-12 8.3289e-12 6.5655e-12 -2.435e-12 7.2734e-12 6.8682e-12 5.689e-12 -5.4035e-13 4.053e-12 1.4583e-12 3.2258e-12 2.2779e-12 3.9645e-12 1.2218e-12 2.6133e-12 -2.3598e-12 3.0951e-12 -1.254e-12 -2.0623e-12 -5.9807e-13 6.9315e-13 -1.3499e-13 1.3294e-12 -5.6134e-13 -2.5548e-12 -2.4259e-12 -3.3077e-12 2.576e-13 1.154e-12 -8.2151e-13 1.4737e-13 -1.3667e-12 2.0805e-13 1.6292e-12 -1.6425e-12 2.8487e-13 -1.6382e-12 1.639e-13 -1.4738e-12 1.0719e-12 -4.172e-14 9.0974e-13 2.7285e-13 -5.7512e-13 -2.8198e-13 -7.1143e-13 -7.556e-13 -5.0017e-13 2.2484e-14 -2.1206e-13 1.2581e-13 9.7754e-14 -2.7781e-14 -5.3912e-15 2.0302e-14
-4.3348e-12 3.6162e-13 1.2364e-11 -2.6539e-12 4.9235e-12 7.3119e-12 3.9264e-12 8.8872e-12 1.0881e-11 8.4364e-12 4.4488e-12 5.3181e-12 4.114e-11 1.3875e-11 8.3146e-12 7.2181e-12 1.2243e-11 1.1771e-11 1.4156e-11 1.4844e-11 8.2153e-12 6.5131e-12 9.7942e-12 5.2953e-12 1.4119e-11 4.288e-12 7.2567e-12 4.1053e-12 3.4102e-12 1.6492e-11 1.1077e-11 7.4204e-13 1.8286e-12 6.641e-12 8.6081e-12 -9.0652e-13 6.3462e-12 3.2517e-12 4.7523e-12 5.6749e-12 3.2317e-12 1.3128e-12 3.3892e-12 3.5659e-12 1.8459e-12 4.3497e-12 4.2631e-12 -4.6847e-12 4.0561e-12 3.2498e-12 8.6811e-13 1.855e-13 3.4699e-13 -1.9106e-12 1.1e-12 8.6617e-14 3.7658e-12 1.1613e-14 1.2211e-12 1.4999e-12 1.9453e-13 -8.8666e-13 1.9072e-12 2.6665e-12 -2.1924e-12 -3.7908e-12 2.0104e-12 2.1476e-12 1.1324e-12 -1.5267e-12 2.4504e-12 -7.472e-13 -1.1006e-12 -3.418e-13 -9.7325e-13 -1.087e-12 -7.101e-13 -2.0555e-13 -6.0401e-13 -1.3022e-13 -2.0584e-14 -1.7467e-14 7.7764e-14
-5.0661e-12 -9.4758e-12 -2.0909e-12 -8.0458e-12 2.1374e-13 -2.001e-12 -3.669e-13 1.0108e-11 5.031e-12 -1.2033e-12 3.0157e-12 -1.1659e-12 1.3875e-11 2.5252e-11 1.5017e-12 3.1477e-12 6.5157e-12 1.0391e-11 1.0817e-11 8.486e-12 4.4513e-12 1.271e-12 2.7152e-12 -2.5443e-13 2.5663e-12 -2.1533e-12 7.4175e-12 2.7613e-12 -1.9932e-13 7.2143e-12 9.9886e-12 -5.844e-13 3.3157e-12 1.7456e-12 4.0057e-12 -3.3257e-12 1.4448e-12 2.7042e-12 1.1524e-12 2.6878e-13 -2.8891e-13 7.5287e-13 4.6757e-13 2.7015e-12 5.3438e-12 5.3272e-14 2.4067e-12 -5.0402e-12 1.4748e-12 3.8534e-13 -1.5663e-12 -3.2665e-13 1.891e-12 -1.7489e-12 -3.1042e-13 1.7418e-12 -1.9534e-12 2.3575e-12 -2.4976e-12 1.6727e-12 1.0439e-12 1.1046e-12 -4.5371e-13 3.3054e-12 3.8059e-13 -1.4031e-12 -8.8427e-13 9.8554e-13 -2.2611e-12 1.6994e-12 5.9529e-15 -5.9597e-13 -2.3702e-13 -3.2052e-13 -4.7617e-13 -4.8217e-13 -1.5256e-13 -1.9833e-13 -7.9615e-14 -1.1983e-13 9.2577e-16 -3.199e-14 8.634e-15
1.6843e-12 -7.3659e-12 6.1428e-12 4.9925e-12 2.9578e-12 5.5109e-12 4.22e-12 -2.5219e-12 1.0299e-11 6.4591e-13 5.2553e-12 7.368e-12 8.3146e-12 1.5017e-12 2.4904e-11 1.0965e-11 8.0797e-12 6.3498e-12 6.4235e-12 7.9988e-12 3.4696e-12 3.278e-12 4.9243e-12 2.6267e-12 6.138e-12 2.3789e-12 3.8933e-12 4.9809e-12 4.2613e-12 5.6004e-12 6.3702e-12 4.3313e-12 6.8984e-13 3.1864e-12 4.0905e-12 2.3056e-12 1.474e-12 -1.2543e-12 3.1439e-12 1.2591e-12 1.5699e-12 1.3342e-12 3.7645e-13 1.7325e-12 2.212e-12 6.4728e-13 2.2327e-12 1.5778e-12 1.8462e-12 1.9204e-12 3.2483e-12 -4.6064e-13 -7.6744e-15 -5.6465e-13 -2.9992e-12 1.2054e-13 -4.7614e-14 -5.3327e-13 -3.379e-13 -4.7734e-13 -7.604e-13 -5.4121e-13 -1.2906e-12 -1.1448e-12 -3.2641e-12 -1.5162e-12 1.2778e-13 1.0841e-12 4.6224e-13 -3.0079e-14 1.0034e-12 9.0181e-14 -9.2318e-13 -8.2218e-13 -1.0497e-12 5.2553e-14 -8.85e-14 -1.6827e-13 -4.3555e-14 -2.1033e-14 -6.2329e-14 8.7156e-15 5.3766e-14
-9.1133e-13 -9.9745e-12 -5.2562e-12 1.4773e-12 -2.3458e-13 5.2488e-12 -1.6886e-12 2.7081e-12 5.5662e-12 9.7788e-12 7.8162e-12 7.9785e-12 7.2181e-12 3.1477e-12 1.0965e-11 2.757e-11 4.2332e-12 8.0998e-12 -4.2129e-12 8.718e-12 8.0931e-12 8.9728e-12 5.0077e-12 6.0679e-12 4.7084e-12 5.6259e-12 7.1612e-12 5.5739e-12 4.3912e-12 7.7899e-12 3.1489e-12 5.6733e-14 7.4572e-12 6.9181e-12 6.7612e-12 -6.4993e-13 6.3317e-12 3.2344e-12 2.7032e-12 4.4414e-12 4.1673e-12 1.4122e-12 2.1903e-12 3.7162e-13 -1.9761e-12 1.1333e-12 2.0492e-12 -5.0316e-14 2.0638e-12 4.0158e-12 4.4114e-12 1.1568e-12 -2.4271e-12 1.1279e-12 -2.1371e-12 3.539e-13 5.5871e-13 1.1322e-12 1.3278e-12 -1.7005e-12 -1.468e-12 -3.0402e-13 9.7611e-13 5.9874e-14 -2.4034e-12 -2.8613e-12 -8.7033e-13 7.6679e-13 1.1006e-13 -8.1079e-13 2.2264e-12 4.5995e-13 -1.0914e-13 -7.8539e-13 -1.1705e-12 -5.4888e-13 -4.7706e-13 -3.3548e-13 -5.6461e-13 -2.0513e-13 -6.2052e-15 -1.3235e-14 7.4648e-15
-3.0009e-12 -7.4327e-13 1.5868e-11 4.288e-12 6.4936e-12 1.1959e-11 -1.9595e-12 1.7867e-12 1.4489e-11 8.1511e-13 3.1469e-12 5.5078e-12 1.2243e-11 6.5157e-12 8.0797e-12 4.2332e-12 2.1014e-11 1.3706e-11 2.8334e-12 6.898e-12 3.0468e-12 7.1788e-12 6.6615e-12 -1.2768e-12 5.6004e-12 2.662e-12 5.9087e-12 5.6813e-12 3.2572e-12 5.4264e-12 8.626e-12 -8.4018e-13 3.2272e-12 2.4791e-12 6.1181e-12 -1.347e-12 2.6881e-12 -1.1484e-12 2.0206e-12 4.3883e-12 1.1621e-12 -1.2448e-12 1.2975e-12 5.001e-12 1.7712e-12 -4.0414e-13 1.9737e-12 -1.5532e-12 1.1123e-12 1.0682e-12 3.8814e-13 1.7539e-12 1.4884e-12 -3.5103e-13 -1.1194e-12 -2.5901e-13 -9.0223e-13 7.8824e-13 -1.0917e-14 1.71e-12 -2.2605e-12 1.8968e-12 5.9976e-13 1.1048e-12 -2.7239e-12 1.6497e-13 -1.2511e-12 6.1935e-13 -8.7471e-14 1.7425e-12 -7.7761e-13 1.943e-13 -5.7286e-13 -2.1075e-13 1.4088e-13 -1.7786e-13 -2.786e-13 -2.982e-13 1.5328e-13 -1.1296e-14 -9.7229e-15 1.9489e-15 9.3503e-14
-3.0224e-12 -2.2257e-12 1.1326e-11 -1.591e-12 -2.8251e-12 1.1683e-11 3.4155e-12 1.508e-11 1.1101e-11 2.674e-12 8.9804e-12 9.2104e-12 1.1771e-11 1.0391e-11 6.3498e-12 8.0998e-12 1.3706e-11 4.6882e-11 2.6654e-12 1.5356e-11 1.2847e-11 1.4757e-11 1.4533e-11 6.5995e-12 8.4326e-12 9.528e-12 7.658e-12 1.0364e-11 1.1197e-12 8.5243e-12 1.5712e-11 -3.7516e-12 6.8463e-12 3.9734e-12 1.5051e-11 -2.7351e-12 4.5672e-12 1.4164e-12 3.5249e-12 4.7954e-12 -1.2098e-12 1.5505e-12 1.1386e-12 3.3012e-12 -2.97e-12 -4.7914e-12 1.7725e-12 -3.3619e-12 7.7797e-13 2.3055e-12 -2.0306e-12 6.9181e-13 -1.1139e-12 1.4424e-12 -2.9629e-12 -2.3508e-12 -3.9224e-12 1.956e-12 -1.2801e-12 1.67e-12 -1.102e-13 3.9503e-13 7.7382e-13 1.5777e-12 -2.2034e-12 -2.6833e-12 1.4684e-13 -7.2206e-13 -3.2398e-12 6.7148e-13 2.437e-13 -4.5077e-13 -1.5272e-12 1.9206e-13 1.5011e-13 2.1588e-13 -5.264e-13 -1.8207e-13 -1.1473e-13 4.5448e-15 -2.6945e-14 -4.7993e-14 1.2887e-13
-7.0911e-12 -5.7832e-12 8.9646e-14 -4.0657e-12 2.3986e-12 1.5528e-12 5.1636e-12 4.056e-12 4.3608e-12 1.4013e-12 -4.7757e-12 3.3741e-12 1.4156e-11 1.0817e-11 6.4235e-12 -4.2129e-12 2.8334e-12 2.6654e-12 2.9444e-11 9.0359e-12 2.5691e-12 1.3467e-12 5.8257e-12 -1.6457e-12 6.2743e-12 -4.7456e-12 4.9256e-12 -2.009e-12 2.4903e-12 4.6079e-12 9.2944e-12 5.799e-12 -2.8454e-12 6.1621e-13 6.5876e-12 -1.7472e-12 -1.6553e-12 3.6925e-12 -2.9689e-12 -5.1093e-13 1.2094e-12 2.0507e-13 9.8956e-13 2.7885e-12 1.471e-12 2.9164e-12 2.4638e-12 -7.348e-13 4.9651e-13 -1.6753e-13 -9.3296e-13 -3.2319e-12 9.4944e-13 -2.148e-12 1.06e-12 1.4281e-12 9.6894e-13 -7.1571e-13 -1.1956e-12 2.5061e-12 7.157e-13 -8.3363e-14 -1.9699e-12 1.9661e-13 -1.4153e-12 -2.1175e-12 1.7108e-12 1.2165e-12 -7.6206e-13 1.0897e-12 -1.8513e-13 -2.0149e-12 -2.931e-13 -5.8426e-13 -1.1085e-12 -5.4116e-13 -8.2469e-13 -1.9513e-13 4.2672e-13 -6.8787e-15 -2.1608e-14 2.3258e-15 -6.7154e-15
8.8916e-13 -2.601e-12 4.7606e-12 2.8336e-12 3.6915e-12 1.4968e-12 3.719e-12 1.2081e-11 6.8915e-12 4.0948e-12 4.5895e-12 1.0678e-11 1.4844e-11 8.486e-12 7.9988e-12 8.718e-12 6.898e-12 1.5356e-11 9.0359e-12 2.808e-11 8.4727e-12 1.1488e-11 6.9343e-12 5.4238e-12 1.164e-11 3.9498e-12 7.1815e-12 7.4918e-12 4.3062e-12 8.886e-12 8.3261e-12 1.3819e-12 4.5599e-12 7.3053e-12 8.735e-12 -1.4494e-12 5.9371e-12 2.9954e-12 2.773e-12 7.2765e-12 3.0711e-12 2.0586e-12 3.8077e-12 5.4042e-13 4.8269e-13 2.9504e-12 7.6785e-13 -4.698e-13 2.4177e-12 9.6318e-13 2.262e-12 -3.6678e-14 -1.7279e-12 -2.3399e-13 -1.8707e-12 9.3235e-13 -3.8844e-13 -1.2768e-12 1.9456e-12 4.3036e-14 -3.7073e-13 -4.3911e-14 -1.4522e-12 1.0692e-12 -3.9721e-12 -2.675e-12 4.6535e-13 2.1368e-12 -8.7654e-13 -7.0139e-13 1.3371e-12 -4.684e-13 -9.1613e-13 -4.4162e-13 -5.3547e-13 -5.946e-13 -1.6665e-13 -2.1906e-13 -2.4108e-13 1.814e-14 -2.8604e-14 -3.1958e-14 1.2319e-13
-1.927e-12 -4.3112e-12 -5.6052e-12 -2.4214e-12 1.5786e-12 4.5797e-13 -1.7169e-12 5.3911e-12 5.2416e-12 7.2166e-12 8.5373e-12 6.1375e-12 8.2153e-12 4.4513e-12 3.4696e-12 8.0931e-12 3.0468e-12 1.2847e-11 2.5691e-12 8.4727e-12 1.9497e-11 9.2695e-12 8.2863e-12 7.9234e-12 7.2908e-12 3.0338e-12 4.4938e-12 3.4465e-12 1.9758e-12 3.1154e-12 3.9876e-12 2.0123e-12 4.607e-13 4.3396e-12 5.3738e-12 -1.3156e-12 4.8277e-12 1.6105e-12 4.962e-12 5.0037e-13 9.8685e-13 6.4662e-13 3.4782e-13 1.4467e-13 -1.2019e-12 -1.0971e-12 1.1721e-12 -6.6853e-13 -1.5093e-13 1.8415e-12 -2.1125e-12 -4.8554e-13 -2.2624e-12 9.4319e-13 -3.8286e-12 1.0767e-12 -2.6162e-13 1.4026e-12 -2.6264e-12 -1.1485e-12 5.5552e-13 -2.536e-12 -7.5065e-14 -6.3437e-14 7.0223e-13 -1.5109e-12 1.5203e-12 -3.3235e-13 6.8397e-14 -1.1557e-12 -1.5419e-12 -9.5355e-13 -8.0045e-13 -1.0551e-12 1.2759e-13 -7.6611e-13 -9.531e-14 -6.2767e-14 -2.6829e-13 -3.4736e-14 -1.4446e-14 -3.5343e-14 3.6463e-14
2.1817e-12 -2.7227e-12 -2.0665e-12 2.0214e-12 7.5917e-13 1.0119e-11 2.5852e-12 5.8946e-12 1.1375e-11 9.3357e-12 6.2391e-12 1.1373e-11 6.5131e-12 1.271e-12 3.278e-12 8.9728e-12 7.1788e-12 1.4757e-11 1.3467e-12 1.1488e-11 9.2695e-12 2.4658e-11 1.1607e-11 5.228e-12 5.94e-12 5.4377e-12 6.7946e-12 4.0517e-12 3.6767e-12 7.312e-12 6.7555e-12 -1.4854e-12 7.2434e-12 4.9311e-12 5.5874e-12 -1.0208e-12 4.6185e-12 1.4264e-12 2.6097e-12 7.3598e-12 3.8195e-12 1.2235e-12 3.4369e-12 4.3449e-13 -7.6653e-13 -4.6969e-13 -2.0371e-12 1.3631e-12 2.0379e-12 3.6148e-12 1.6351e-12 1.9291e-12 -2.2646e-12 1.0084e-12 -4.4503e-12 1.4359e-12 4.9327e-13 2.4459e-12 1.9506e-12 3.7943e-13 -2.0629e-12 -1.5369e-13 -3.8768e-13 1.0325e-12 -1.7148e-12 -1.4715e-13 3.9053e-13 3.6168e-14 4.6945e-13 2.1174e-13 -2.2327e-13 -5.0385e-15 -1.2941e-13 -8.0815e-13 -6.0122e-14 -5.0319e-13 -5.1921e-14 -1.6053e-13 -2.6399e-13 5.6849e-14 -3.4766e-14 -1.2342e-14 7.5746e-14
-3.0989e-12 -1.2556e-12 4.7398e-12 -3.0557e-12 4.6242e-12 1.1187e-11 1.5386e-12 2.5358e-12 5.451e-12 4.64e-12 5.4928e-12 7.3352e-12 9.7942e-12 2.7152e-12 4.9243e-12 5.0077e-12 6.6615e-12 1.4533e-11 5.8257e-12 6.9343e-12 8.2863e-12 1.1607e-11 1.9023e-11 7.1573e-12 1.1559e-11 3.8547e-12 4.3744e-12 3.1483e-12 1.2299e-12 6.5065e-12 6.0602e-12 2.0054e-12 5.2226e-12 -3.0772e-13 6.846e-12 -2.0173e-12 1.516e-12 2.9844e-12 2.6044e-12 9.8803e-13 5.7596e-13 -2.1204e-13 3.8312e-13 3.2813e-13 -1.4085e-12 1.0874e-13 -1.9374e-14 -1.715e-12 5.1855e-14 1.475e-12 -2.4898e-12 1.029e-12 1.3958e-12 -4.5271e-14 -3.2264e-12 2.0573e-13 -9.7612e-13 8.0225e-13 -3.4901e-13 -1.2417e-12 3.7376e-13 1.8805e-13 -6.2975e-13 9.9637e-13 -1.204e-12 -1.4098e-12 1.569e-12 -1.1289e-12 -5.4678e-13 -5.1235e-13 -8.4516e-13 -6.8462e-14 -9.1148e-13 -9.1057e-13 -4.285e-13 -7.2059e-14 -3.7168e-13 -2.3343e-13 -2.9112e-14 3.5594e-14 -5.6142e-14 -1.1842e-14 8.1074e-14
-3.1729e-12 -4.7038e-12 -8.7046e-12 -6.5226e-13 -4.0753e-12 8.6002e-14 2.7329e-12 6.2344e-12 4.8178e-12 7.4987e-12 5.9676e-12 7.7953e-12 5.2953e-12 -2.5443e-13 2.6267e-12 6.0679e-12 -1.2768e-12 6.5995e-12 -1.6457e-12 5.4238e-12 7.9234e-12 5.228e-12 7.1573e-12 2.2048e-11 4.23e-12 4.3046e-12 2.3804e-12 1.245e-12 7.9618e-13 3.1591e-12 -8.5601e-13 -8.1345e-13 1.4855e-12 5.1082e-12 5.5995e-12 -1.5435e-13 2.6119e-12 3.7398e-12 2.9454e-12 -1.586e-12 -3.2305e-13 1.8465e-12 6.7284e-13 -1.2781e-12 -2.6809e-12 -4.9563e-12 -1.8369e-12 -7.4427e-13 -5.2397e-13 7.4162e-13 2.4362e-12 7.4691e-13 -1.2627e-12 1.4293e-12 -3.3185e-12 5.868e-13 3.841e-13 1.8477e-13 -3.0617e-13 -4.2245e-12 -2.3221e-13 -1.0463e-12 9.7972e-13 7.965e-14 -1.0875e-12 -4.552e-13 1.3246e-12 1.4052e-12 -6.3029e-13 -1.2328e-12 2.9802e-13 -5.311e-13 -3.4889e-13 -3.4602e-13 -3.0798e-13 -7.2397e-13 3.1464e-13 -5.3534e-13 -3.2045e-13 -4.2084e-14 -4.7159e-14 -1.9973e-14 5.6926e-14
-3.9089e-12 2.0041e-12 6.4569e-12 7.442e-13 1.157e-11 9.869e-12 -2.2348e-12 5.8995e-12 1.8284e-12 5.6405e-12 8.1399e-12 2.3636e-12 1.4119e-11 2.5663e-12 6.138e-12 4.7084e-12 5.6004e-12 8.4326e-12 6.2743e-12 1.164e-11 7.2908e-12 5.94e-12 1.1559e-11 4.23e-12 2.2683e-11 6.027e-12 2.9016e-12 9.6477e-13 -1.7382e-12 5.8477e-12 3.3232e-12 5.4549e-12 -2.2254e-12 9.8473e-13 6.4452e-12 -3.4855e-13 4.5858e-12 -7.5513e-13 1.3022e-12 3.3166e-12 4.9642e-13 1.3117e-12 -6.696e-14 7.5517e-13 -2.1252e-12 3.3237e-12 1.8154e-12 -1.3516e-14 -4.7519e-14 1.1252e-12 -8.031e-14 -2.2691e-12 2.2578e-12 -3.135e-13 -2.8754e-12 1.1226e-12 1.1546e-12 -3.6829e-14 -3.8979e-13 -6.1986e-13 -6.571e-14 2.47e-13 -7.0789e-13 -9.1835e-14 -2.3273e-12 -1.1892e-12 1.6872e-12 2.4653e-13 1.3061e-12 -1.595e-12 -8.4561e-13 -4.6279e-14 -4.7626e-13 -5.7242e-13 -5.842e-13 -8.4061e-13 -4.7443e-13 -1.8699e-13 -1.9889e-13 -5.6571e-14 -8.7418e-14 -1.3607e-14 8.1404e-14
-6.7731e-12 -1.5253e-12 -6.9769e-13 -2.1228e-12 3.4132e-13 2.5529e-12 2.2952e-13 6.202e-12 3.4567e-12 1.2259e-12 5.9861e-12 5.0203e-12 4.288e-12 -2.1533e-12 2.3789e-12 5.6259e-12 2.662e-12 9.528e-12 -4.7456e-12 3.9498e-12 3.0338e-12 5.4377e-12 3.8547e-12 4.3046e-12 6.027e-12 1.3783e-11 1.7896e-12 3.5667e-12 -1.8482e-13 5.964e-12 3.3809e-12 4.5442e-13 1.031e-12 -3.2065e-14 5.7983e-12 9.1586e-13 5.3891e-12 2.0266e-13 6.1276e-13 1.8764e-12 6.326e-13 2.0137e-12 -3.727e-13 -1.1277e-12 -1.0424e-12 9.5474e-13 -2.6831e-13 1.1046e-12 -1.0176e-13 -1.8047e-12 1.2112e-12 -1.6395e-12 -1.3804e-12 2.47e-13 -8.1926e-13 -1.6527e-12 -1.3401e-13 -7.7629e-13 -5.92e-13 -4.267e-13 -2.5806e-12 -6.9607e-13 8.3952e-14 -1.7564e-12 -1.3473e-12 -1.5369e-12 -8.9689e-14 -1.0931e-12 7.8451e-13 -1.8894e-12 3.7103e-13 -1.8947e-13 -1.0357e-13 -1.8185e-13 -3.3122e-13 -4.1299e-13 1.061e-13 -9.0834e-14 -1.5316e-13 -7.5253e-14 -9.0664e-15 -2.3685e-15 -3.2227e-15
-3.5437e-12 -3.9216e-12 -1.1854e-13 -1.1716e-12 5.5077e-13 5.3074e-12 1.5807e-12 1.3312e-12 1.0646e-11 4.4074e-12 -6.0997e-13 5.942e-12 7.2567e-12 7.4175e-12 3.8933e-12 7.1612e-12 5.9087e-12 7.658e-12 4.9256e-12 7.1815e-12 4.4938e-12 6.7946e-12 4.3744e-12 2.3804e-12 2.9016e-12 1.7896e-12 1.3043e-11 3.2453e-12 3.3379e-12 7.9413e-12 3.8706e-12 -2.7959e-13 4.1207e-12 2.8997e-12 2.8664e-12 -3.6293e-13 2.9235e-13 -1.2323e-13 4.835e-13 3.6217e-13 5.3037e-13 -1.2189e-12 2.3485e-12 2.5441e-12 -5.2009e-13 2.9462e-12 5.4153e-13 -2.6216e-12 1.3472e-12 5.9249e-13 9.5595e-13 -1.4708e-12 -1.2127e-12 1.9011e-12 -1.4893e-12 5.144e-15 -7.6633e-13 -3.3518e-13 7.8856e-13 1.2427e-12 -2.2379e-12 4.7459e-13 1.3173e-13 -4.7549e-13 -8.064e-13 -3.9333e-13 -6.5602e-13 9.2383e-13 5.8127e-13 4.2493e-13 -2.5012e-13 -9.879e-13 5.9459e-13 -5.0407e-13 -3.0376e-13 -2.446e-13 -4.571e-13 -3.5356e-13 -1.8354e-13 -6.4397e-15 -1.5952e-14 -7.2718e-15 4.792e-14
-6.7302e-12 1.7111e-12 7.6591e-12 1.7991e-13 5.2568e-13 2.8896e-12 2.9121e-12 4.3902e-12 5.399e-12 -5.7889e-13 4.1068e-12 4.7814e-12 4.1053e-12 2.7613e-12 4.9809e-12 5.5739e-12 5.6813e-12 1.0364e-11 -2.009e-12 7.4918e-12 3.4465e-12 4.0517e-12 3.1483e-12 1.245e-12 9.6477e-13 3.5667e-12 3.2453e-12 1.4829e-11 5.4319e-13 2.2057e-12 5.3984e-12 2.3605e-13 2.6685e-12 3.2176e-12 2.7062e-12 1.2027e-12 4.883e-12 4.845e-13 2.7539e-12 5.1249e-12 6.9627e-13 -2.5646e-13 1.849e-12 -2.3972e-12 2.3316e-12 -1.1686e-12 1.3614e-13 -1.1501e-12 1.3474e-12 -9.3365e-13 9.7409e-14 1.2728e-12 -6.4906e-13 -5.0713e-13 5.4363e-13 1.2369e-12 -1.3167e-12 1.4826e-12 1.1183e-13 -9.0683e-13 7.019e-13 1.8362e-12 -9.9763e-13 9.0711e-13 -1.2542e-12 -2.3937e-12 -1.1026e-12 -1.2354e-13 -5.4418e-13 -3.1866e-13 8.7078e-13 -5.1963e-13 -1.9533e-13 1.6225e-13 5.3754e-13 3.1397e-14 3.6165e-13 1.3693e-13 -3.8717e-13 -7.6073e-14 -2.6188e-17 4.5168e-15 8.4199e-14
1.1788e-12 -2.2193e-12 1.1294e-12 6.803e-12 1.3565e-12 -1.1485e-12 2.1983e-12 -2.7868e-14 5.6318e-12 3.8567e-12 9.0491e-13 5.4134e-12 3.4102e-12 -1.9932e-13 4.2613e-12 4.3912e-12 3.2572e-12 1.1197e-12 2.4903e-12 4.3062e-12 1.9758e-12 3.6767e-12 1.2299e-12 7.9618e-13 -1.7382e-12 -1.8482e-13 3.3379e-12 5.4319e-13 1.4895e-11 5.8732e-12 5.1743e-12 4.6699e-13 5.1802e-13 3.7098e-12 3.8488e-12 -1.4579e-12 1.6768e-12 1.7181e-12 5.0277e-13 4.9323e-12 1.6004e-12 -1.1416e-12 2.1781e-12 8.9369e-13 1.6559e-13 3.1401e-12 2.8642e-12 3.3336e-13 2.8802e-12 5.9748e-13 1.3272e-12 2.5359e-12 -9.659e-13 -2.4035e-13 -2.32e-14 1.2264e-12 1.0219e-12 -1.0827e-12 2.1233e-12 8.0032e-13 -5.2456e-13 7.7377e-14 -9.6527e-14 -1.0883e-12 -1.355e-12 -9.9556e-14 -1.404e-12 3.5007e-13 -1.05e-13 -5.7423e-13 1.5085e-12 -1.0698e-13 -4.2021e-13 -2.1254e-13 -1.0172e-12 -6.4521e-13 -6.9558e-13 -6.4958e-14 -1.1444e-14 -2.4542e-15 8.4908e-15 -4.5389e-16 7.5561e-14
-5.0347e-12 -2.6018e-12 3.283e-12 -5.9254e-12 -8.0216e-13 3.5962e-12 2.4398e-12 1.9022e-12 6.2584e-12 1.8286e-12 5.9899e-12 8.3289e-12 1.6492e-11 7.2143e-12 5.6004e-12 7.7899e-12 5.4264e-12 8.5243e-12 4.6079e-12 8.886e-12 3.1154e-12 7.312e-12 6.5065e-12 3.1591e-12 5.8477e-12 5.964e-12 7.9413e-12 2.2057e-12 5.8732e-12 2.5365e-11 9.751e-12 2.4021e-13 4.0856e-12 1.8351e-12 4.7452e-12 3.709e-13 -2.1559e-13 8.8373e-13 5.3447e-12 2.258e-12 7.3551e-13 9.6607e-13 4.6164e-12 5.1139e-13 3.8523e-12 5.0167e-12 1.384e-12 -2.9018e-12 4.697e-13 -1.9289e-13 7.7688e-13 7.8852e-13 1.5268e-13 -2.1528e-12 6.1615e-13 -8.6823e-13 5.404e-13 1.6559e-12 4.6476e-13 2.1586e-12 -9.1878e-13 -2.2839e-13 -3.5652e-13 1.8698e-13 -7.2404e-13 -1.0802e-12 -1.2443e-13 1.5959e-13 -6.4491e-14 -8.6101e-13 1.3116e-12 -9.2453e-13 1.7597e-13 -1.0084e-13 -1.1987e-12 -3.8543e-13 -7.674e-13 -4.1149e-13 -3.4399e-13 1.037e-13 -4.445e-14 1.3297e-15 1.1311e-14
-5.2309e-12 -1.7359e-12 6.053e-12 -4.6085e-12 7.0287e-13 4.9034e-12 5.7788e-12 4.0359e-12 3.3647e-12 -1.8953e-12 5.2026e-12 6.5655e-12 1.1077e-11 9.9886e-12 6.3702e-12 3.1489e-12 8.626e-12 1.5712e-11 9.2944e-12 8.3261e-12 3.9876e-12 6.7555e-12 6.0602e-12 -8.5601e-13 3.3232e-12 3.3809e-12 3.8706e-12 5.3984e-12 5.1743e-12 9.751e-12 1.8832e-11 5.3137e-13 4.5271e-13 3.1988e-12 7.7812e-12 -1.2483e-12 3.2338e-12 2.735e-12 4.8146e-13 3.1931e-12 6.8355e-13 -8.8016e-13 2.5147e-12 4.5343e-14 2.6872e-12 3.0374e-12 2.7734e-12 -9.8108e-13 1.2435e-12 6.8288e-13 -7.8705e-13 1.5275e-12 4.448e-13 -1.5194e-12 -1.1155e-12 7.4755e-13 4.2831e-13 1.3154e-12 -1.0408e-12 1.1137e-12 -3.7997e-13 8.7993e-13 -1.2701e-12 1.0187e-12 -2.4137e-12 -2.1451e-12 -4.4657e-14 3.7384e-13 -2.637e-12 5.7232e-13 1.1579e-12 -4.9886e-13 -5.7529e-13 8.3714e-14 -3.4257e-13 -5.7362e-13 -5.8832e-13 -1.4853e-13 -2.1623e-13 -5.7273e-14 -2.6105e-15 -3.2764e-16 3.8386e-14
-3.9446e-12 1.1772e-12 -9.7181e-13 1.8202e-12 2.6549e-12 -6.0335e-13 2.7686e-12 1.4798e-13 1.96e-12 -2.7783e-12 4.3917e-12 -2.435e-12 7.4204e-13 -5.844e-13 4.3313e-12 5.6733e-14 -8.4018e-13 -3.7516e-12 5.799e-12 1.3819e-12 2.0123e-12 -1.4854e-12 2.0054e-12 -8.1345e-13 5.4549e-12 4.5442e-13 -2.7959e-13 2.3605e-13 4.6699e-13 2.4021e-13 5.3137e-13 1.1049e-11 -3.3915e-12 -3.0982e-12 -2.05e-13 7.4217e-13 1.6242e-12 1.7967e-12 -5.3283e-13 -6.8777e-13 5.5752e-13 -2.7836e-13 -7.569e-13 7.6324e-13 3.6402e-13 2.4367e-12 1.0629e-12 3.7045e-12 -1.3687e-12 -1.5663e-12 -5.9002e-13 -7.3778e-13 4.4844e-13 8.4271e-13 9.302e-13 1.2853e-13 6.1316e-13 -8.631e-13 -1.6418e-13 7.2839e-13 7.7332e-13 -6.5543e-13 -3.4642e-13 -1.4211e-12 -9.5026e-14 -6.4686e-13 1.2892e-12 -8.141e-14 1.1371e-12 -7.668e-13 -3.9854e-13 -6.465e-13 -2.5104e-13 -6.5994e-13 -2.1895e-13 4.7832e-13 -5.0119e-14 7.0174e-15 6.0839e-14 4.6046e-14 -2.5719e-14 8.251e-15 2.0581e-14
2.1172e-12 -3.8407e-12 -2.3045e-14 -1.9742e-12 -1.9849e-12 3.7337e-12 1.7098e-12 9.5506e-13 2.8661e-12 1.2025e-12 -6.696e-13 7.2734e-12 1.8286e-12 3.3157e-12 6.8984e-13 7.4572e-12 3.2272e-12 6.8463e-12 -2.8454e-12 4.5599e-12 4.607e-13 7.2434e-12 5.2226e-12 1.4855e-12 -2.2254e-12 1.031e-12 4.1207e-12 2.6685e-12 5.1802e-13 4.0856e-12 4.5271e-13 -3.3915e-12 1.3213e-11 1.6405e-12 2.945e-12 -2.2308e-13 1.3808e-12 2.8428e-12 3.7311e-13 1.698e-12 1.556e-12 1.8892e-12 -9.6631e-13 6.4615e-13 2.5065e-12 -1.9714e-12 -2.2942e-12 -1.9104e-12 -1.5303e-13 -4.8643e-14 9.5749e-13 1.1629e-12 -1.2277e-12 -1.6138e-13 -1.3107e-12 -3.9859e-13 -2.3808e-12 6.4887e-13 1.5576e-12 -3.2414e-13 -3.7117e-13 -1.0467e-14 3.1161e-14 1.7519e-12 -1.0645e-12 -7.6181e-14 -7.9035e-13 5.2482e-13 -7.789e-13 -3.3376e-14 1.6054e-13 5.6589e-13 2.0355e-13 -1.2207e-14 -4.024e-13 3.0979e-13 -2.5976e-14 6.0461e-14 1.353e-14 4.2889e-14 -5.0627e-15 -6.7252e-15 4.4707e-14
1.7257e-12 -1.4068e-13 -2.2839e-13 3.5394e-12 -1.5845e-12 3.0993e-12 9.919e-13 6.8237e-12 3.3802e-12 5.3058e-12 1.4312e-12 6.8682e-12 6.641e-12 1.7456e-12 3.1864e-12 6.9181e-12 2.4791e-12 3.9734e-12 6.1621e-13 7.3053e-12 4.3396e-12 4.9311e-12 -3.0772e-13 5.1082e-12 9.8473e-13 -3.2065e-14 2.8997e-12 3.2176e-12 3.7098e-12 1.8351e-12 3.1988e-12 -3.0982e-12 1.6405e-12 1.1667e-11 2.526e-12 -2.762e-12 3.9657e-12 6.8291e-13 1.4849e-12 3.9274e-12 1.6789e-12 1.227e-12 1.3483e-12 -1.0838e-12 -7.2298e-14 -1.9218e-12 -1.9421e-12 -6.6189e-13 1.1806e-12 3.3404e-12 3.176e-12 -6.1428e-13 -2.7965e-12 -5.0979e-13 -2.4135e-12 1.5156e-12 1.1046e-12 -2.968e-13 8.6764e-13 -1.2328e-12 -3.1437e-13 -3.8896e-13 -5.5895e-14 6.1691e-13 -1.7188e-12 -1.0435e-13 -2.0402e-13 1.7597e-12 -4.2022e-13 3.6592e-13 1.3411e-12 -4.1129e-13 6.1611e-14 1.3424e-13 -1.1573e-14 -7.6163e-13 -2.7274e-13 -2.4912e-13 -4.1207e-13 -1.166e-13 -1.4737e-14 -1.1316e-14 8.9532e-14
-5.4307e-12 -4.1167e-12 1.2769e-12 -2.3979e-12 -1.8579e-12 4.4424e-12 1.7188e-12 3.9145e-12 3.4293e-12 4.2126e-12 2.7576e-12 5.689e-12 8.6081e-12 4.0057e-12 4.0905e-12 6.7612e-12 6.1181e-12 1.5051e-11 6.5876e-12 8.735e-12 5.3738e-12 5.5874e-12 6.846e-12 5.5995e-12 6.4452e-12 5.7983e-12 2.8664e-12 2.7062e-12 3.8488e-12 4.7452e-12 7.7812e-12 -2.05e-13 2.945e-12 2.526e-12 1.3867e-11 -5.6738e-13 3.629e-12 2.9833e-12 -3.5738e-13 2.1952e-12 1.8524e-13 1.4279e-12 1.2952e-13 5.7167e-13 -1.0602e-12 5.3571e-13 8.1571e-13 -2.0119e-13 7.9119e-13 2.7e-13 1.2683e-12 -4.8738e-13 -1.181e-13 -1.2443e-12 -8.6476e-13 9.6024e-13 -1.4324e-12 -4.5667e-14 -9.2193e-13 -3.2767e-13 -5.9193e-13 -4.5329e-13 1.7586e-13 4.7164e-13 -3.4084e-12 -1.3603e-12 5.1795e-13 1.1689e-12 -1.4167e-12 -1.609e-12 1.2157e-13 -2.66e-13 -6.1211e-13 -1.2451e-13 -7.5907e-13 -5.8399e-13 -3.9669e-13 4.674e-14 6.9212e-14 -4.7911e-14 -9.7552e-15 -1.0738e-15 6.5458e-14
1.0503e-12 7.5579e-13 3.8094e-13 -3.1405e-12 -1.3133e-12 -4.1984e-13 8.1205e-12 -6.7267e-12 2.977e-12 2.8574e-12 6.2848e-13 -5.4035e-13 -9.0652e-13 -3.3257e-12 2.3056e-12 -6.4993e-13 -1.347e-12 -2.7351e-12 -1.7472e-12 -1.4494e-12 -1.3156e-12 -1.0208e-12 -2.0173e-12 -1.5435e-13 -3.4855e-13 9.1586e-13 -3.6293e-13 1.2027e-12 -1.4579e-12 3.709e-13 -1.2483e-12 7.4217e-13 -2.2308e-13 -2.762e-12 -5.6738e-13 1.1612e-11 2.4999e-12 -1.6915e-12 2.1997e-12 1.0823e-12 -1.587e-12 7.19e-13 -8.0942e-13 -1.3383e-12 4.4614e-13 1.3583e-12 -3.3138e-13 -3.9701e-13 9.8872e-13 -2.2268e-12 2.0773e-12 -4.2543e-13 -4.1752e-13 3.5525e-13 2.0282e-12 8.0083e-13 5.5116e-13 5.6597e-13 1.0743e-12 -8.5586e-13 -1.0572e-12 -7.7786e-13 3.4665e-13 -1.1822e-12 -2.689e-13 -5.865e-13 1.1806e-12 8.9074e-13 1.2864e-12 -5.6779e-13 1.9787e-13 -3.6769e-13 4.0105e-14 -6.1634e-13 1.3783e-13 1.9603e-13 3.9783e-13 2.3075e-13 -5.0194e-14 3.0166e-14 5.1042e-15 2.3899e-14 -1.2464e-14
2.9994e-14 2.1407e-12 -2.1436e-12 -2.8726e-14 4.4604e-12 6.1761e-12 6.4924e-12 5.4072e-12 9.0697e-13 6.619e-12 4.7077e-12 4.053e-12 6.3462e-12 1.4448e-12 1.474e-12 6.3317e-12 2.6881e-12 4.5672e-12 -1.6553e-12 5.9371e-12 4.8277e-12 4.6185e-12 1.516e-12 2.6119e-12 4.5858e-12 5.3891e-12 2.9235e-13 4.883e-12 1.6768e-12 -2.1559e-13 3.2338e-12 1.6242e-12 1.3808e-12 3.9657e-12 3.629e-12 2.4999e-12 1.4875e-11 4.02e-12 2.3341e-12 5.253e-12 1.7034e-12 3.1449e-12 4.7502e-13 -1.7275e-12 -9.9321e-13 5.9347e-13 4.5388e-13 8.4502e-14 3.296e-12 -2.8439e-13 1.8995e-12 -3.8993e-13 -7.7577e-13 -3.1393e-13 -9.6585e-13 8.172e-13 1.6064e-12 3.3851e-13 1.5635e-12 -7.8963e-13 6.0317e-14 -2.0471e-13 6.9865e-13 -2.7839e-13 -1.2545e-12 -1.1628e-12 9.7421e-13 8.8908e-13 9.511e-13 -1.1784e-13 4.7573e-13 1.5747e-13 4.7065e-16 -5.2091e-13 -7.5556e-13 -7.53e-13 5.327e-13 -3.8485e-14 -1.7027e-13 -1.2639e-13 -7.3792e-15 -4.4134e-15 4.6654e-14
-1.2062e-12 -7.3224e-13 -2.3006e-12 -5.8125e-13 -1.075e-12 -5.4843e-13 4.8352e-12 4.0096e-12 -2.4359e-12 1.3386e-12 9.3547e-13 1.4583e-12 3.2517e-12 2.7042e-12 -1.2543e-12 3.2344e-12 -1.1484e-12 1.4164e-12 3.6925e-12 2.9954e-12 1.6105e-12 1.4264e-12 2.9844e-12 3.7398e-12 -7.5513e-13 2.0266e-13 -1.2323e-13 4.845e-13 1.7181e-12 8.8373e-13 2.735e-12 1.7967e-12 2.8428e-12 6.8291e-13 2.9833e-12 -1.6915e-12 4.02e-12 9.7136e-12 -1.7346e-12 8.3785e-13 2.9995e-12 6.8421e-13 1.1973e-12 -2.5249e-13 3.9208e-14 2.4519e-13 -5.3059e-13 3.3699e-14 1.1981e-12 3.8073e-14 -9.1761e-14 6.2393e-13 -1.6931e-12 3.7796e-13 2.1434e-13 -2.8517e-13 -2.7116e-13 -3.9555e-14 6.1761e-13 -6.1037e-13 3.3587e-13 -1.049e-12 8.0164e-13 -4.2381e-13 -2.7e-13 -1.9211e-12 1.0977e-12 -7.729e-14 -1.277e-12 -2.3425e-13 1.8921e-12 1.6695e-13 -5.3978e-13 1.3376e-13 -6.5807e-13 -2.452e-13 -1.3982e-13 -1.8471e-13 -6.8178e-16 -7.1197e-15 4.0785e-15 5.75e-15 1.7933e-14
3.4334e-12 1.9791e-12 2.2562e-12 -6.6478e-13 -1.5494e-13 2.4216e-12 3.5286e-12 -1.1115e-12 2.9858e-12 2.6709e-12 4.9875e-12 3.2258e-12 4.7523e-12 1.1524e-12 3.1439e-12 2.7032e-12 2.0206e-12 3.5249e-12 -2.9689e-12 2.773e-12 4.962e-12 2.6097e-12 2.6044e-12 2.9454e-12 1.3022e-12 6.1276e-13 4.835e-13 2.7539e-12 5.0277e-13 5.3447e-12 4.8146e-13 -5.3283e-13 3.7311e-13 1.4849e-12 -3.5738e-13 2.1997e-12 2.3341e-12 -1.7346e-12 7.4171e-12 5.2769e-14 -8.361e-16 1.6838e-12 1.6292e-12 -1.1914e-12 1.38e-12 3.473e-13 -6.4329e-13 -1.508e-12 6.6038e-13 4.5107e-13 -3.887e-15 9.1123e-13 3.4581e-13 -1.1319e-12 -7.542e-13 2.8916e-13 5.6449e-13 1.1476e-12 3.7386e-13 -2.396e-13 1.0644e-12 3.3567e-13 2.3719e-13 6.5953e-13 7.4536e-13 2.6802e-13 4.6692e-13 2.6686e-13 8.8245e-13 4.6157e-13 -4.538e-13 -1.2999e-13 -2.5774e-13 -4.9059e-13 3.3482e-13 2.5783e-13 5.2072e-13 7.7013e-14 -1.568e-13 4.4408e-14 -1.4485e-14 -1.1498e-14 3.2165e-14
8.1008e-15 -2.2493e-12 5.857e-12 3.4597e-12 4.7303e-12 1.7924e-12 -1.6252e-12 5.0212e-12 3.874e-12 4.6808e-12 3.0006e-12 2.2779e-12 5.6749e-12 2.6878e-13 1.2591e-12 4.4414e-12 4.3883e-12 4.7954e-12 -5.1093e-13 7.2765e-12 5.0037e-13 7.3598e-12 9.8803e-13 -1.586e-12 3.3166e-12 1.8764e-12 3.6217e-13 5.1249e-12 4.9323e-12 2.258e-12 3.1931e-12 -6.8777e-13 1.698e-12 3.9274e-12 2.1952e-12 1.0823e-12 5.253e-12 8.3785e-13 5.2769e-14 1.2961e-11 1.1678e-12 7.3106e-13 1.3845e-12 3.5035e-13 9.5321e-13 -4.3918e-13 1.2497e-12 -3.4355e-13 2.7078e-12 2.1318e-12 1.2422e-12 1.294e-12 -8.378e-13 -1.3575e-12 9.8847e-13 5.5327e-13 1.5736e-12 1.2005e-12 2.7546e-12 -2.304e-14 -8.2103e-13 1.4119e-12 1.3307e-13 3.851e-13 -9.6892e-13 -1.8776e-12 -8.7773e-13 1.755e-13 1.9733e-13 -7.5409e-13 2.0428e-12 3.8203e-13 -6.1566e-14 -2.0122e-13 -5.6386e-13 -5.2495e-13 -3.5847e-13 -2.8377e-14 -2.4719e-13 -7.3607e-14 5.4915e-16 -1.5361e-14 5.628e-14
1.1188e-12 8.7249e-13 -7.3864e-13 2.7415e-12 2.6705e-12 2.1235e-13 2.194e-12 1.865e-12 1.3955e-12 1.8515e-12 -5.051e-13 3.9645e-12 3.2317e-12 -2.8891e-13 1.5699e-12 4.1673e-12 1.1621e-12 -1.2098e-12 1.2094e-12 3.0711e-12 9.8685e-13 3.8195e-12 5.7596e-13 -3.2305e-13 4.9642e-13 6.326e-13 5.3037e-13 6.9627e-13 1.6004e-12 7.3551e-13 6.8355e-13 5.5752e-13 1.556e-12 1.6789e-12 1.8524e-13 -1.587e-12 1.7034e-12 2.9995e-12 -8.361e-16 1.1678e-12 5.5075e-12 1.5074e-12 2.1329e-12 8.1049e-13 1.35e-12 5.5625e-13 8.9336e-14 1.4094e-12 6.9665e-13 6.2103e-13 1.5426e-12 6.2886e-13 -1.4764e-12 5.3594e-13 -2.5648e-13 5.4529e-14 7.4264e-13 -1.2544e-14 1.5411e-12 1.2628e-12 -7.354e-14 -2.8734e-13 -7.2058e-14 3.3677e-13 -1.7702e-14 -1.294e-12 -1.4931e-13 -3.5648e-13 8.9454e-13 6.8278e-13 7.8381e-13 1.4508e-13 -1.5584e-13 5.4712e-14 2.1778e-13 -1.799e-13 1.154e-13 4.6614e-14 -9.737e-14 -1.9227e-15 -2.3766e-15 5.7338e-15 1.5321e-14
-4.9945e-13 -1.6318e-12 -1.8318e-12 -1.4164e-12 6.9713e-13 -2.3594e-14 3.3019e-12 1.8456e-12 -2.0997e-12 3.8996e-12 2.1427e-12 1.2218e-12 1.3128e-12 7.5287e-13 1.3342e-12 1.4122e-12 -1.2448e-12 1.5505e-12 2.0507e-13 2.0586e-12 6.4662e-13 1.2235e-12 -2.1204e-13 1.8465e-12 1.3117e-12 2.0137e-12 -1.2189e-12 -2.5646e-13 -1.1416e-12 9.6607e-13 -8.8016e-13 -2.7836e-13 1.8892e-12 1.227e-12 1.4279e-12 7.19e-13 3.1449e-12 6.8421e-13 1.6838e-12 7.3106e-13 1.5074e-12 5.8563e-12 2.309e-15 1.6401e-13 2.2896e-12 -1.7002e-12 -1.2512e-12 -3.6469e-13 -3.1482e-13 -1.6765e-13 1.2071e-12 -7.0791e-13 -2.9708e-13 -7.0972e-13 -8.1647e-13 -2.1252e-13 2.0637e-14 7.507e-13 1.0744e-12 2.7725e-13 2.3065e-13 4.0708e-14 6.4025e-14 2.3686e-13 8.1886e-14 -2.4069e-13 -2.1941e-13 5.9866e-13 3.9301e-13 3.0987e-13 -4.8437e-13 4.1659e-14 6.6545e-13 1.8605e-13 -1.1478e-13 -1.8506e-13 4.9295e-13 1.7833e-13 -2.5538e-14 -3.7971e-14 -1.9694e-14 -8.1232e-15 3.1733e-14
