2.9897e-11 2.2465e-11 2.2655e-11 2.4019e-11 2.2384e-11 2.195e-11 2.988e-11 2.2672e-11 2.942e-11 2.1564e-11 2.3959e-11 2.611e-11 2.6118e-11 2.5548e-11 2.4263e-11 2.3103e-11 2.3085e-11 3.0902e-11 2.584e-11 2.9644e-11 2.4574e-11 3.0237e-11 2.8536e-11 2.6004e-11 2.9541e-11 2.6758e-11 2.237e-11 2.3401e-11 2.6582e-11 2.8793e-11 2.2882e-11 2.8633e-11 2.3282e-11 2.4216e-11 2.2015e-11 2.6699e-11 2.206e-11 1.9902e-11 1.9628e-11 2.9217e-11 2.2395e-11 2.9003e-11 2.4869e-11 2.1384e-11 1.7781e-11 2.4657e-11 2.3426e-11 1.805e-11 1.7327e-11 1.4223e-11 1.3937e-11 1.8981e-11 1.5193e-11 1.5569e-11 1.3516e-11 1.0364e-11 1.4125e-11 1.7224e-11 1.0858e-11 1.2312e-11 8.0705e-12 1.1327e-11 1.3829e-11 7.3118e-12 9.9997e-12 5.4356e-12 1.1224e-11 8.6465e-12 1.0215e-11 1.2804e-12 6.1054e-12 7.9528e-12 4.5941e-12 6.6892e-12 6.0475e-12 3.7925e-12 2.0125e-12 5.488e-12 5.0582e-12 5.8035e-12 5.539e-12 2.7002e-12 4.8591e-12 3.2667e-12 1.4752e-12 4.3368e-12 6.2045e-12 8.5569e-13 4.0278e-12 2.6495e-12 4.9137e-13 2.1538e-12 1.9265e-13 8.6651e-13 -8.3715e-13 3.1176e-12 4.4264e-12 -2.7507e-12 4.5568e-12 1.5799e-12 -2.2419e-12 -5.087e-13 4.5245e-12 2.5266e-12 2.7303e-12 7.3944e-12 -5.1562e-12 2.8447e-12 4.7976e-12 1.1687e-12 7.002e-13 -7.6187e-13 -1.3597e-12 3.8573e-12 -1.0124e-12 4.8485e-13 -3.2446e-12 -1.2131e-12 2.6222e-12 -9.5878e-13 -6.076e-13 9.7437e-13 4.8803e-12 3.0664e-12 -9.8528e-13 -1.0742e-12 -1.0168e-12 2.5417e-12 -2.1657e-12 1.2504e-12 3.1806e-12 -1.2017e-12 -2.4064e-12 -7.5074e-13 -2.2784e-12 -6.259e-13 -3.2506e-12 -8.9909e-13 -7.582e-13 6.3488e-14 8.6059e-13 5.8431e-13 -1.3823e-12 -8.6759e-13 1.2937e-12 5.7047e-13 -1.0261e-12 -5.558e-13 1.7576e-12 -3.0655e-12 -3.2027e-13 -2.2769e-13 -1.2167e-12 1.4787e-12 3.2278e-13 5.5256e-13 1.5877e-13 2.9428e-13 -1.0378e-12 6.7219e-13 3.2293e-13 -9.7831e-13 4.9806e-13 9.432e-13 6.4239e-13 5.8612e-13 -8.2102e-13 -2.011e-12 -1.8584e-12 1.1271e-13 6.9397e-14 -1.1438e-13 7.959e-13 -2.415e-13 -1.6024e-12 -1.7472e-13 4.0011e-14 -1.0346e-12 3.9141e-14 -2.7631e-13 -1.5736e-13 4.2646e-14 7.811e-13
2.2465e-11 2.4801e-11 2.1344e-11 2.2741e-11 2.0048e-11 2.0055e-11 2.6998e-11 2.0753e-11 2.7417e-11 1.9639e-11 2.2498e-11 2.3343e-11 2.3299e-11 2.5041e-11 2.331e-11 2.2503e-11 2.1431e-11 2.8649e-11 2.3233e-11 2.7933e-11 2.1172e-11 2.6192e-11 2.6035e-11 2.445e-11 2.7326e-11 2.3456e-11 2.1896e-11 2.1933e-11 2.3649e-11 2.6515e-11 2.3009e-11 2.4186e-11 2.1e-11 2.5027e-11 2.1583e-11 2.5008e-11 1.9014e-11 2.0289e-11 1.824e-11 2.8308e-11 2.1391e-11 2.443e-11 2.0505e-11 2.2045e-11 1.6472e-11 2.1661e-11 2.1832e-11 1.7837e-11 1.7989e-11 1.0948e-11 1.3614e-11 1.83e-11 1.4786e-11 1.4688e-11 1.3379e-11 1.1676e-11 1.1037e-11 1.7271e-11 1.1177e-11 1.1029e-11 5.3242e-12 9.6117e-12 1.0333e-11 8.0793e-12 6.8061e-12 5.7591e-12 1.0153e-11 8.3004e-12 1.13e-11 1.3066e-13 6.3895e-12 8.6687e-12 6.6538e-12 4.9982e-12 5.4645e-12 2.0875e-12 4.1416e-12 6.256e-12 3.8367e-12 6.4356e-12 5.9725e-12 4.0537e-12 4.5173e-12 3.7243e-12 3.5072e-13 5.6269e-12 7.3468e-12 1.5218e-12 3.9607e-12 2.964e-12 1.7219e-12 1.3854e-12 4.4561e-13 5.779e-13 -7.2863e-14 1.7857e-12 2.2681e-12 -3.6503e-12 4.1312e-12 1.7035e-12 -2.295e-12 1.2913e-14 4.5591e-12 4.1356e-12 3.6783e-12 5.6359e-12 -4.1737e-12 2.6033e-12 4.6516e-12 6.1494e-13 7.2153e-13 -8.6439e-13 3.8834e-13 2.8481e-12 6.9391e-14 1.8803e-12 1.1464e-12 1.5839e-12 1.7388e-12 -5.5403e-13 -8.9904e-13 3.1195e-13 3.9888e-12 -3.1965e-13 -1.5597e-13 -7.2627e-13 -8.9802e-13 1.2876e-12 -1.1223e-12 3.3494e-13 1.2091e-12 -4.2478e-13 -1.8184e-14 -1.3562e-12 -6.2383e-13 5.9479e-13 -2.2902e-12 1.1426e-12 -1.7e-12 8.7093e-13 2.647e-13 -5.661e-13 -5.291e-14 -7.3038e-13 8.5521e-13 -5.4492e-14 -1.9033e-12 5.5243e-13 1.225e-12 -1.4558e-12 -1.0438e-12 1.131e-13 -2.4674e-12 1.2877e-12 -1.6743e-13 3.3984e-14 -7.1929e-13 -3.3721e-13 -1.5145e-12 1.1919e-12 -4.5474e-13 -1.224e-12 -3.6903e-13 -5.9357e-13 -4.1734e-13 1.1178e-13 2.2849e-14 -1.5433e-12 -1.2045e-12 -4.3412e-13 5.8607e-13 -1.9328e-13 4.9561e-13 -5.275e-13 -1.2865e-12 -9.2828e-13 4.0925e-13 -2.8874e-13 2.8663e-13 -2.0208e-13 -1.943e-13 1.1693e-13 2.2311e-13
2.2655e-11 2.1344e-11 2.6348e-11 2.1746e-11 2.0317e-11 1.9285e-11 2.7572e-11 2.132e-11 2.8143e-11 1.9289e-11 2.3094e-11 2.4062e-11 2.5605e-11 2.4975e-11 2.1709e-11 2.1487e-11 2.2806e-11 2.6394e-11 2.3259e-11 2.6996e-11 2.1041e-11 2.7217e-11 2.5122e-11 2.6869e-11 2.6521e-11 2.2611e-11 2.1878e-11 2.2428e-11 2.3959e-11 2.7143e-11 2.3596e-11 2.43e-11 2.0432e-11 2.3225e-11 2.1907e-11 2.4967e-11 1.9165e-11 2.1732e-11 2.0226e-11 2.5791e-11 2.3123e-11 2.5247e-11 1.8612e-11 2.0581e-11 1.762e-11 2.2417e-11 2.0642e-11 1.6398e-11 1.9144e-11 1.3869e-11 1.4588e-11 2.0549e-11 1.2919e-11 1.7379e-11 1.5356e-11 1.2673e-11 1.5334e-11 1.6236e-11 1.1846e-11 9.9542e-12 5.4839e-12 9.1421e-12 1.1117e-11 8.4437e-12 8.0374e-12 7.8047e-12 8.7356e-12 7.6166e-12 1.1505e-11 4.4769e-13 4.6432e-12 9.4405e-12 5.814e-12 6.1653e-12 5.2088e-12 3.1185e-12 3.5463e-12 5.0922e-12 4.61e-12 8.567e-12 4.2242e-12 4.3643e-12 4.1549e-12 4.6117e-12 1.6996e-12 5.0244e-12 8.3575e-12 6.4216e-13 4.8477e-12 4.0102e-12 3.0336e-12 2.1517e-12 -1.2353e-12 4.5863e-12 1.038e-12 2.7353e-12 1.7585e-12 -3.1222e-12 2.6263e-12 1.7073e-12 -6.0226e-13 4.5541e-13 5.1266e-12 1.5926e-12 4.2713e-12 4.9134e-12 -3.3405e-12 1.918e-12 4.2862e-12 1.971e-12 1.2587e-12 7.5936e-13 -8.4649e-13 2.5974e-12 -3.157e-13 2.0307e-12 -2.0746e-13 -3.237e-13 1.4427e-12 -1.129e-12 6.4851e-13 1.3214e-12 3.5275e-12 1.6403e-12 -1.2613e-12 4.2177e-13 2.3985e-12 9.2494e-13 -8.7951e-13 1.2416e-12 1.7166e-12 -1.0861e-12 1.2025e-13 -9.3232e-13 -7.3646e-13 -5.2652e-14 -2.95e-12 -1.7226e-13 -9.9708e-13 1.8556e-12 1.1293e-12 -3.8504e-13 4.3255e-13 -1.8621e-13 1.2196e-12 1.0857e-12 -1.9919e-12 -6.0447e-13 2.7855e-12 -2.239e-12 -3.7047e-13 -3.9639e-13 -2.3636e-12 2.1506e-12 2.3594e-13 7.49e-15 -8.2546e-13 -8.4482e-13 -1.4625e-12 1.7605e-12 -3.9958e-13 -1.2509e-12 9.3148e-13 -3.1876e-13 -3.3519e-13 8.5755e-13 -3.5785e-13 -7.1637e-13 -1.5146e-12 -2.2778e-13 3.7908e-13 -4.7869e-13 1.1243e-12 -3.2147e-13 -1.4153e-12 -7.6654e-13 -1.1373e-14 -1.1307e-13 3.7748e-13 -2.5724e-13 -6.7016e-14 3.7473e-15 6.6087e-13
2.4019e-11 2.2741e-11 2.1746e-11 2.6905e-11 2.1684e-11 2.1051e-11 2.7277e-11 2.1702e-11 2.9747e-11 2.0611e-11 2.2584e-11 2.4021e-11 2.5869e-11 2.4944e-11 2.3825e-11 2.2738e-11 2.2273e-11 3.0891e-11 2.5151e-11 2.9873e-11 2.1104e-11 2.811e-11 2.7438e-11 2.6077e-11 3.0096e-11 2.5434e-11 2.2431e-11 2.4319e-11 2.4553e-11 2.8213e-11 2.3846e-11 2.5584e-11 2.1069e-11 2.5671e-11 2.3814e-11 2.5401e-11 2.177e-11 2.0174e-11 1.8859e-11 2.8513e-11 2.1303e-11 2.5606e-11 2.1187e-11 2.2198e-11 1.7161e-11 2.3804e-11 2.3943e-11 1.8595e-11 1.6532e-11 1.2575e-11 1.5496e-11 1.9999e-11 1.3901e-11 1.5144e-11 1.6146e-11 1.3882e-11 1.1325e-11 1.6337e-11 1.1543e-11 1.1336e-11 6.6587e-12 9.6453e-12 1.2573e-11 7.1198e-12 7.9183e-12 5.5258e-12 9.5374e-12 6.6956e-12 1.37e-11 2.3233e-13 4.063e-12 8.8163e-12 5.4308e-12 6.9308e-12 6.3288e-12 3.3872e-12 5.2371e-12 5.3008e-12 3.9225e-12 7.5003e-12 5.1629e-12 3.5532e-12 5.6583e-12 3.9034e-12 1.4731e-12 5.9421e-12 7.0863e-12 1.8582e-12 3.3733e-12 3.1985e-12 1.4712e-12 1.6911e-12 2.487e-13 3.3575e-13 1.9809e-13 8.5759e-13 2.265e-12 -5.2096e-12 3.6204e-12 2.2495e-12 -1.92e-12 8.8815e-13 4.0175e-12 2.9303e-12 3.2844e-12 6.1292e-12 -4.8187e-12 3.7223e-12 3.9556e-12 1.5185e-13 -1.8657e-13 -2.9863e-12 3.4311e-13 2.8997e-12 -8.737e-13 1.5712e-12 -7.0743e-13 6.5463e-13 1.7657e-12 -1.3626e-12 -4.7118e-13 -1.7162e-13 4.2396e-12 1.7034e-12 8.5617e-13 -8.1035e-14 -1.0806e-12 8.4596e-13 -7.3704e-13 1.1883e-12 1.9712e-12 -6.5074e-13 -1.9434e-12 -1.9541e-12 -7.5978e-13 1.121e-12 -3.7845e-12 5.1331e-13 -5.2185e-13 7.236e-13 6.7507e-14 -4.2726e-13 -1.005e-12 -1.1701e-12 9.3326e-13 -3.3583e-13 -1.2134e-12 1.0819e-13 1.8695e-12 -1.1345e-12 3.3272e-13 -1.2277e-12 -5.5005e-13 7.9155e-13 4.7038e-13 1.4479e-13 -3.6269e-14 -1.8229e-13 -1.9839e-12 1.2133e-12 -8.0902e-13 -6.8968e-13 3.943e-13 1.5284e-13 -4.0556e-14 3.6878e-13 1.2004e-13 -1.8233e-12 -1.9324e-12 4.0254e-13 3.0177e-13 -2.0577e-13 1.0086e-12 -5.9437e-13 -1.3892e-12 -7.1181e-13 2.5869e-14 -7.3867e-13 3.0165e-13 -8.92e-14 -3.9892e-13 2.3019e-13 4.9766e-13
2.2384e-11 2.0048e-11 2.0317e-11 2.1684e-11 2.4441e-11 1.8485e-11 2.6139e-11 2.2587e-11 2.5709e-11 1.8883e-11 2.0642e-11 2.4668e-11 2.3651e-11 2.4215e-11 2.136e-11 2.2658e-11 2.1261e-11 2.6947e-11 2.3036e-11 2.8678e-11 2.0878e-11 2.5154e-11 2.6016e-11 2.407e-11 2.6428e-11 2.1946e-11 2.3041e-11 2.2932e-11 2.1408e-11 2.5412e-11 2.0983e-11 2.5153e-11 2.0482e-11 2.4459e-11 2.253e-11 2.5319e-11 2.0075e-11 1.8565e-11 1.8898e-11 2.8276e-11 1.8967e-11 2.3127e-11 2.104e-11 2.0871e-11 1.7385e-11 2.1501e-11 2.0573e-11 1.5952e-11 1.55e-11 1.2497e-11 1.1484e-11 1.808e-11 1.3669e-11 1.4563e-11 1.2703e-11 1.1164e-11 1.1482e-11 1.3509e-11 1.1107e-11 1.0951e-11 4.1066e-12 1.0436e-11 1.0595e-11 6.6213e-12 8.0533e-12 4.0529e-12 9.0954e-12 9.1822e-12 1.2037e-11 1.4313e-12 4.9528e-12 1.1244e-11 5.3521e-12 5.368e-12 4.3476e-12 2.9103e-12 4.4878e-12 3.6565e-12 2.7269e-12 6.1679e-12 5.4176e-12 3.5944e-12 6.9457e-12 4.6383e-12 1.7634e-12 2.7576e-12 5.885e-12 1.6633e-12 8.3344e-13 1.91e-12 2.171e-12 -8.7736e-13 8.8699e-13 9.6071e-13 4.2449e-13 1.6303e-12 1.8252e-12 -4.0565e-12 3.9886e-12 1.7067e-12 -5.2109e-13 1.1144e-12 4.281e-12 2.1084e-12 2.145e-12 4.7414e-12 -3.5531e-12 1.0808e-12 3.7376e-12 1.2959e-12 1.9073e-12 -2.2356e-12 -5.8803e-13 2.8828e-12 4.4203e-14 2.1817e-12 -1.4024e-12 -2.0338e-13 1.2732e-12 -4.2942e-13 6.5745e-13 -1.5997e-13 4.3038e-12 1.9364e-12 6.363e-13 -9.6788e-13 4.8496e-13 6.1269e-13 -4.7865e-13 -1.4298e-13 1.8015e-12 -6.8513e-13 -8.2434e-13 -2.4388e-13 -2.0661e-12 -7.7341e-13 -2.4883e-12 5.6558e-13 -1.6824e-12 1.268e-12 -7.9336e-13 -8.5983e-14 -5.6175e-13 7.1089e-13 9.5967e-13 -6.7714e-13 -1.1881e-12 4.0226e-13 1.354e-12 -2.8209e-12 -2.6803e-13 -8.3742e-13 -1.1728e-12 4.7328e-13 2.7636e-13 -6.5807e-13 -5.9864e-13 8.4323e-13 -1.368e-12 7.3609e-13 4.9735e-14 -4.5781e-14 5.559e-13 2.002e-13 5.2166e-13 -2.0485e-13 4.0183e-13 -1.5138e-12 -2.1113e-12 2.8686e-14 3.6029e-13 -3.9711e-13 1.0663e-12 -2.6983e-13 -8.905e-13 -5.5591e-13 1.5445e-13 -2.1792e-13 1.4024e-13 8.8112e-14 -3.7279e-13 7.5128e-14 -7.9136e-15
2.195e-11 2.0055e-11 1.9285e-11 2.1051e-11 1.8485e-11 2.4285e-11 2.623e-11 1.9601e-11 2.655e-11 1.8147e-11 2.0236e-11 2.5076e-11 2.4938e-11 2.2813e-11 2.2584e-11 2.1334e-11 2.0787e-11 2.6867e-11 2.4226e-11 2.7451e-11 2.0223e-11 2.5109e-11 2.4652e-11 2.371e-11 2.6414e-11 2.242e-11 2.1004e-11 2.136e-11 2.0982e-11 2.6427e-11 2.1441e-11 2.2801e-11 1.8468e-11 2.3048e-11 1.9814e-11 2.4337e-11 2.031e-11 1.9271e-11 1.878e-11 2.554e-11 2.1158e-11 2.6694e-11 2.0839e-11 2.0416e-11 1.8243e-11 2.0662e-11 2.2225e-11 1.623e-11 1.4557e-11 1.1217e-11 1.2048e-11 1.8359e-11 1.4181e-11 1.4107e-11 1.5982e-11 1.2049e-11 9.2419e-12 1.4935e-11 1.063e-11 1.1899e-11 7.3461e-12 9.3568e-12 1.0436e-11 8.8669e-12 6.2805e-12 4.6318e-12 1.0234e-11 6.4626e-12 9.1157e-12 7.954e-14 5.4031e-12 7.1697e-12 4.7463e-12 6.0455e-12 6.2753e-12 5.2081e-13 4.3541e-12 4.5182e-12 3.4415e-12 4.7408e-12 3.9434e-12 4.8476e-12 6.3825e-12 2.1908e-12 5.9526e-13 4.746e-12 6.7202e-12 3.5735e-12 4.1535e-12 1.2246e-12 8.3937e-14 6.1358e-13 7.4341e-14 1.5304e-12 1.329e-12 9.5703e-13 1.4214e-12 -4.2835e-12 4.9932e-12 1.2712e-12 -1.7972e-12 -3.8002e-13 3.781e-12 4.2949e-12 5.1054e-12 3.2161e-12 -3.5702e-12 3.2751e-12 3.3248e-12 -1.1778e-12 1.058e-12 -1.3852e-12 -2.8621e-12 2.2608e-12 -6.4839e-13 2.1321e-12 3.5277e-14 1.4092e-13 1.4027e-12 -1.497e-13 -2.2719e-12 1.5333e-12 2.5766e-12 1.4093e-12 8.5388e-14 1.4273e-12 -9.5664e-14 2.4831e-12 -8.6434e-13 1.5559e-12 2.4597e-12 -1.3687e-12 -6.4488e-13 -2.3253e-12 -1.4053e-12 -5.4941e-13 -3.0915e-12 -2.4247e-13 -1.7365e-12 4.3548e-14 -5.3376e-14 -1.821e-13 -7.6897e-13 -1.1645e-12 8.4582e-13 9.0706e-13 -1.51e-12 -9.8034e-13 2.3774e-12 -1.0058e-12 1.1769e-13 -8.4444e-14 -1.1578e-12 -7.9271e-13 5.2901e-13 -3.3223e-13 7.1462e-13 4.8421e-13 -6.0027e-13 1.29e-12 2.826e-14 -8.2973e-13 -7.2817e-13 7.0998e-13 4.3094e-13 3.1448e-13 -5.4152e-14 -1.3441e-12 -1.1872e-12 -3.5987e-13 -4.323e-14 -7.1445e-13 8.7608e-13 -4.7949e-13 -1.0995e-12 -5.2171e-13 1.5164e-13 -6.3971e-13 2.4139e-13 -3.8156e-13 -1.9732e-13 9.7943e-14 5.2696e-13
2.988e-11 2.6998e-11 2.7572e-11 2.7277e-11 2.6139e-11 2.623e-11 4.3525e-11 2.6781e-11 3.499e-11 2.4857e-11 2.9122e-11 3.1802e-11 3.1786e-11 3.186e-11 2.8253e-11 2.5768e-11 2.8913e-11 3.4466e-11 2.9527e-11 3.3663e-11 2.6454e-11 3.275e-11 3.3509e-11 3.491e-11 3.4106e-11 2.8864e-11 3.0271e-11 2.7983e-11 3.0341e-11 3.3698e-11 2.9365e-11 3.1886e-11 2.7604e-11 3.2513e-11 2.7713e-11 3.2629e-11 2.527e-11 2.7323e-11 2.6915e-11 3.6256e-11 2.5606e-11 3.4703e-11 3.0864e-11 2.6758e-11 2.153e-11 2.8617e-11 2.9005e-11 2.1265e-11 2.2286e-11 1.8621e-11 1.6745e-11 2.4478e-11 1.9104e-11 2.1455e-11 2.1061e-11 1.4176e-11 1.5689e-11 1.7323e-11 1.3999e-11 1.4549e-11 8.9531e-12 1.4049e-11 1.4046e-11 8.1618e-12 1.0334e-11 9.5912e-12 1.4589e-11 9.4783e-12 1.5975e-11 6.0213e-13 6.3521e-12 1.1157e-11 6.9577e-12 8.6792e-12 8.3912e-12 2.1824e-12 3.0697e-12 8.0646e-12 6.0545e-12 7.1248e-12 9.0616e-12 5.5837e-12 1.0265e-11 3.1173e-12 4.9666e-12 3.3211e-12 1.0155e-11 7.4565e-12 3.0389e-12 2.5484e-12 9.4976e-13 4.2867e-12 -8.6964e-13 6.8839e-13 -1.1463e-12 4.3438e-12 2.2508e-12 -5.7791e-12 1.6657e-12 -2.2054e-13 -1.308e-12 -7.1179e-14 5.7636e-12 6.0537e-12 4.1319e-12 3.7117e-12 -4.9763e-12 1.6284e-12 4.0096e-12 2.7393e-12 2.5766e-12 -2.9385e-12 -9.89e-13 3.2884e-12 7.1783e-14 2.3426e-12 -1.5606e-13 8.1788e-13 3.7718e-12 -1.2147e-13 -1.4892e-12 1.4181e-12 4.0922e-12 1.6617e-12 -1.8008e-12 -2.185e-12 -2.4408e-13 2.6034e-12 -3.3539e-12 7.3294e-13 1.9476e-12 -2.2015e-12 1.6653e-12 -2.325e-12 -2.8531e-12 -1.0038e-12 -4.2841e-12 2.2043e-14 -2.6314e-12 1.1758e-12 6.3783e-13 -6.0698e-13 -1.1137e-12 -2.8744e-13 -5.8808e-13 1.4615e-12 -2.1396e-12 -1.9239e-12 3.1259e-12 -1.8461e-12 7.5818e-13 9.5663e-13 -3.198e-12 -6.4187e-13 4.2621e-13 4.4743e-13 1.8602e-13 -2.3942e-13 -2.2552e-12 1.084e-12 -2.5406e-13 -1.5871e-12 -3.1631e-13 3.5706e-13 5.3794e-13 4.2456e-13 -4.0478e-14 -2.1886e-12 -1.3124e-12 2.4202e-14 6.6649e-13 -1.3816e-13 8.1437e-13 4.1945e-14 -2.1061e-12 -9.472e-13 4.5045e-13 -5.917e-13 6.6465e-13 7.2543e-14 -4.0606e-13 1.4627e-13 4.2692e-13
2.2672e-11 2.0753e-11 2.132e-11 2.1702e-11 2.2587e-11 1.9601e-11 2.6781e-11 2.7712e-11 2.6276e-11 1.9765e-11 2.1665e-11 2.6763e-11 2.6208e-11 2.6399e-11 2.1306e-11 2.2351e-11 2.1973e-11 3.0315e-11 2.3772e-11 2.8052e-11 2.0871e-11 2.4925e-11 2.5962e-11 2.752e-11 2.7665e-11 2.2043e-11 2.2589e-11 2.0943e-11 2.1538e-11 2.7857e-11 2.3107e-11 2.6827e-11 2.0188e-11 2.4946e-11 2.4391e-11 2.7115e-11 2.1066e-11 2.116e-11 1.8603e-11 2.7907e-11 2.1779e-11 2.4058e-11 2.3946e-11 2.088e-11 1.9357e-11 2.1776e-11 2.1604e-11 1.609e-11 1.4652e-11 1.3229e-11 1.1543e-11 1.7612e-11 1.4415e-11 1.5693e-11 1.3846e-11 1.0412e-11 1.1212e-11 1.3906e-11 1.1375e-11 9.1531e-12 3.8168e-12 8.5003e-12 1.0064e-11 9.9952e-12 8.8204e-12 5.152e-12 9.1208e-12 7.0336e-12 1.0678e-11 2.4151e-12 6.4591e-12 1.1071e-11 4.0647e-12 4.895e-12 3.4761e-12 3.797e-12 2.6843e-12 3.9356e-12 3.4858e-12 4.8401e-12 4.9363e-12 4.019e-12 6.7406e-12 3.5422e-12 1.0325e-12 4.6598e-12 7.5253e-12 2.6729e-13 3.2478e-12 3.829e-12 2.7153e-12 7.6959e-13 9.4081e-13 1.6521e-12 -7.0847e-14 -3.8947e-13 1.5837e-12 -5.6194e-12 5.7007e-12 7.7674e-13 -3.0277e-12 7.99e-14 3.0875e-12 1.4345e-12 2.9021e-12 4.0137e-12 -2.8272e-12 2.3801e-13 4.7394e-12 1.192e-12 -5.356e-14 -2.1048e-12 -8.8354e-13 1.4589e-12 -2.8938e-13 3.0475e-12 -2.5596e-13 3.5753e-14 -1.3375e-13 -4.0793e-13 -6.1807e-13 1.8083e-13 2.8224e-12 1.6098e-12 -8.0577e-13 -5.3422e-14 1.646e-12 -1.2997e-13 -1.4813e-12 7.2306e-13 2.6451e-12 -3.2913e-14 -8.6046e-13 -1.1955e-12 -1.4292e-12 -4.1862e-13 -2.8963e-12 -2.2417e-12 -1.7056e-12 2.2529e-12 -3.1616e-13 -5.3903e-13 -2.2278e-13 5.7643e-14 1.6402e-12 -7.539e-13 -1.2341e-12 -6.1868e-13 2.0693e-12 -2.4846e-12 -1.1706e-12 6.3134e-13 -2.2062e-12 1.0887e-12 5.131e-13 -8.9499e-13 -4.4647e-13 4.2827e-13 -2.0803e-12 9.9922e-13 -7.1675e-13 -6.7438e-13 -6.5516e-13 9.53e-13 1.205e-12 -1.2763e-12 4.4975e-13 -6.8872e-13 -1.4661e-12 4.2062e-13 3.0616e-13 -6.8354e-13 1.3908e-12 -5.8777e-13 -1.0823e-12 -6.4268e-13 2.5771e-13 -7.9971e-13 2.5262e-13 -3.3871e-13 -9.2171e-14 -1.1657e-13 3.8311e-13
2.942e-11 2.7417e-11 2.8143e-11 2.9747e-11 2.5709e-11 2.655e-11 3.499e-11 2.6276e-11 4.1598e-11 2.5359e-11 3.0204e-11 3.1272e-11 3.2718e-11 3.1633e-11 2.9975e-11 2.7736e-11 2.7319e-11 3.5908e-11 3.0361e-11 3.5889e-11 2.7121e-11 3.5597e-11 3.4627e-11 3.4988e-11 3.7314e-11 3.148e-11 2.8414e-11 2.8711e-11 2.9867e-11 3.5035e-11 2.8165e-11 3.0522e-11 2.6351e-11 3.2187e-11 2.7635e-11 3.4868e-11 2.6518e-11 2.8213e-11 2.3843e-11 3.4968e-11 2.7465e-11 3.3625e-11 2.6117e-11 2.8711e-11 2.217e-11 2.8798e-11 3.038e-11 2.3216e-11 2.0066e-11 1.6339e-11 1.9432e-11 2.4746e-11 1.8445e-11 2.285e-11 2.1712e-11 1.7299e-11 1.5849e-11 1.943e-11 1.1521e-11 1.263e-11 8.3759e-12 1.1782e-11 1.63e-11 1.0428e-11 9.8729e-12 7.4572e-12 1.0847e-11 8.8844e-12 1.4294e-11 1.3434e-12 5.6692e-12 1.2689e-11 6.9742e-12 7.6123e-12 8.6977e-12 5.2194e-12 4.3232e-12 4.9217e-12 4.692e-12 9.3213e-12 5.4791e-12 5.4722e-12 5.3233e-12 3.0171e-12 2.6355e-12 5.3191e-12 7.0395e-12 3.3e-12 3.23e-12 3.6939e-12 2.4324e-12 3.6145e-12 1.2602e-12 2.0254e-12 2.2774e-12 3.4505e-12 1.3814e-12 -5.1886e-12 6.0267e-12 2.7594e-12 -1.0681e-12 1.6716e-12 4.8158e-12 4.887e-12 5.363e-12 6.3768e-12 -5.1969e-12 3.6136e-12 5.1505e-12 2.0549e-12 6.9324e-14 -9.6528e-13 -9.1574e-13 3.8589e-12 -1.0393e-12 9.4229e-13 -8.5109e-13 7.1692e-13 3.1514e-12 -7.9551e-13 -4.1026e-13 1.2973e-12 4.9054e-12 2.3117e-12 -4.7686e-13 -8.8817e-13 -7.0943e-13 2.2745e-12 -2.0257e-12 2.0406e-12 2.073e-12 -2.2207e-12 -3.6458e-13 -2.3793e-12 -3.0778e-12 7.1637e-13 -5.3325e-12 1.5579e-12 -1.2679e-12 1.4598e-12 1.6588e-12 -1.1115e-12 -3.2716e-13 -5.3794e-13 1.2774e-12 -2.9323e-13 -1.7364e-12 -8.0451e-13 2.6665e-12 -2.1937e-12 -9.5501e-13 -6.1734e-13 -1.2296e-12 2.4781e-12 -1.3044e-13 -1.8161e-13 4.4751e-14 -9.0448e-13 -2.8425e-12 1.1773e-12 1.4202e-13 -1.36e-12 7.6213e-13 -5.7741e-15 1.9064e-13 4.4412e-13 2.4702e-13 -1.4039e-12 -2.0802e-12 9.2422e-14 3.0165e-13 -4.1568e-13 8.8667e-13 -3.4501e-13 -1.5272e-12 -5.2882e-13 -1.2565e-13 -1.2633e-12 3.7556e-13 4.8038e-15 -4.661e-13 2.8542e-13 9.2016e-13
2.1564e-11 1.9639e-11 1.9289e-11 2.0611e-11 1.8883e-11 1.8147e-11 2.4857e-11 1.9765e-11 2.5359e-11 2.2603e-11 2.1496e-11 2.124e-11 2.1805e-11 2.2158e-11 2.1013e-11 2.1977e-11 2.1804e-11 2.7714e-11 2.2427e-11 2.5671e-11 2.0161e-11 2.5605e-11 2.5858e-11 2.4162e-11 2.4962e-11 2.2001e-11 2.0463e-11 2.1801e-11 2.2767e-11 2.583e-11 2.0372e-11 2.3566e-11 1.8541e-11 2.3427e-11 2.0772e-11 2.3367e-11 2.0051e-11 1.8361e-11 1.8155e-11 2.4057e-11 2.0071e-11 2.1533e-11 2.086e-11 1.9126e-11 1.6228e-11 1.978e-11 2.1001e-11 1.5104e-11 1.571e-11 1.1569e-11 1.2271e-11 1.8671e-11 1.3571e-11 1.4945e-11 1.3166e-11 1.1279e-11 1.331e-11 1.475e-11 8.6136e-12 1.0748e-11 5.7227e-12 1.0238e-11 1.1532e-11 5.8897e-12 9.2661e-12 4.414e-12 9.345e-12 6.2673e-12 8.47e-12 -1.9881e-12 5.2143e-12 8.392e-12 4.1739e-12 5.8093e-12 4.228e-12 3.5769e-12 2.132e-12 5.5436e-12 3.4956e-12 2.7369e-12 4.3053e-12 2.7927e-12 3.4791e-12 4.9469e-12 2.5171e-13 5.3272e-12 7.5649e-12 2.2237e-12 2.4132e-12 3.0669e-12 1.8453e-12 1.8617e-12 -1.4798e-13 3.6721e-13 5.9186e-13 3.5367e-12 3.0416e-12 -2.6293e-12 2.8697e-12 7.2852e-13 -1.4699e-12 1.2404e-12 2.3523e-12 4.1181e-12 2.4298e-12 4.85e-12 -3.2957e-12 2.4724e-12 4.4495e-12 9.867e-13 2.2689e-12 -9.3651e-13 -1.9563e-12 1.6439e-12 -1.6987e-13 2.3056e-12 -1.6349e-13 -4.103e-13 2.0523e-12 -6.2344e-13 -1.2187e-12 2.6307e-14 2.9932e-12 1.759e-12 -6.4463e-14 -1.1038e-12 2.1391e-13 -4.4197e-14 -2.3265e-12 9.2999e-13 2.0019e-12 -6.8708e-13 -1.4781e-12 -9.4937e-13 -2.6937e-12 5.2998e-13 -2.2016e-12 -1.7827e-13 -1.9593e-12 6.9643e-13 9.577e-13 -9.4608e-13 -1.2271e-12 -3.627e-13 1.3506e-12 -3.9779e-13 -1.1751e-12 5.9824e-13 1.702e-12 -1.9129e-12 -6.5988e-13 3.398e-13 -2.6078e-12 2.0917e-12 7.1211e-13 -8.0281e-13 -5.1067e-13 4.7454e-13 -1.9978e-12 1.2945e-12 2.6159e-13 -9.4635e-13 4.8112e-13 1.1065e-12 -9.3831e-13 2.9773e-13 1.0567e-13 -9.1152e-13 -1.3893e-12 1.3166e-13 3.3952e-13 -2.5478e-14 9.1958e-13 -2.8672e-13 -1.5583e-12 -7.0303e-13 1.5663e-13 -2.5982e-13 -4.0176e-14 -6.3803e-14 -2.6795e-13 1.3516e-13 3.5614e-13
2.3959e-11 2.2498e-11 2.3094e-11 2.2584e-11 2.0642e-11 2.0236e-11 2.9122e-11 2.1665e-11 3.0204e-11 2.1496e-11 3.0858e-11 2.5061e-11 2.2586e-11 2.5407e-11 2.2614e-11 2.3938e-11 2.3801e-11 2.9514e-11 2.2681e-11 2.7522e-11 2.2134e-11 2.9022e-11 2.7292e-11 2.6779e-11 2.9382e-11 2.3172e-11 2.4608e-11 2.2291e-11 2.6358e-11 2.7245e-11 2.2525e-11 2.659e-11 2.2065e-11 2.6768e-11 2.2681e-11 2.5561e-11 2.1858e-11 2.1678e-11 2.2843e-11 2.7448e-11 2.3998e-11 2.6601e-11 2.4345e-11 2.2585e-11 1.8923e-11 2.1764e-11 2.2955e-11 1.8282e-11 1.5818e-11 1.3886e-11 1.5861e-11 2.0937e-11 1.4936e-11 1.8988e-11 1.6317e-11 1.0529e-11 1.2836e-11 1.4038e-11 1.0238e-11 1.0634e-11 7.7654e-12 1.082e-11 1.2928e-11 9.6195e-12 1.1375e-11 9.4979e-12 1.0095e-11 8.5141e-12 1.082e-11 7.4966e-13 5.3813e-12 8.7722e-12 5.3867e-12 6.4712e-12 6.5419e-12 4.3888e-12 2.1391e-12 6.7568e-12 2.1485e-12 7.8969e-12 3.9052e-12 5.5813e-13 5.8695e-12 4.912e-12 1.8666e-12 4.8001e-12 6.2504e-12 3.2417e-12 3.7012e-12 5.1092e-12 2.3722e-12 1.8299e-12 3.5187e-13 2.1434e-12 1.5186e-12 2.2763e-12 2.5896e-12 -3.2678e-12 4.2409e-12 2.405e-12 -2.8838e-12 1.4839e-12 4.0108e-12 4.2264e-12 4.5814e-12 8.1464e-12 -4.0072e-12 2.5101e-12 3.3218e-12 7.3775e-13 1.8203e-12 1.0157e-13 -7.4155e-13 3.3095e-12 -8.4616e-13 1.8043e-12 7.4198e-13 1.4745e-12 5.1185e-14 -3.2354e-12 -1.3618e-12 1.9276e-12 3.1762e-12 1.0593e-12 -2.3231e-12 -1.0117e-12 -1.1082e-12 2.0439e-12 -1.6514e-12 6.1257e-13 1.8111e-12 -2.9848e-12 2.241e-12 -1.4377e-12 -1.2655e-12 4.335e-13 -1.3838e-12 9.3786e-13 -1.044e-12 1.6443e-12 4.3361e-13 -6.7006e-13 -1.8634e-12 -4.4039e-13 1.5839e-12 -1.6448e-12 -8.5067e-13 4.2694e-13 3.1085e-12 -2.8199e-12 -2.3311e-12 -7.0062e-13 -2.2465e-12 2.6925e-12 -1.1485e-12 -5.5431e-13 1.3736e-13 1.2498e-13 -2.014e-12 1.3831e-12 7.9451e-13 -7.4874e-13 -2.4272e-13 -8.8033e-13 -6.0147e-13 8.4782e-14 3.9783e-13 -3.5283e-13 -1.8235e-12 2.3101e-13 5.3501e-13 -6.9371e-13 9.4723e-14 4.0614e-14 -1.2547e-12 -4.4092e-13 -1.985e-13 -4.8931e-13 -3.4305e-13 -2.8226e-14 -9.9327e-14 1.5976e-13 8.0765e-13
2.611e-11 2.3343e-11 2.4062e-11 2.4021e-11 2.4668e-11 2.5076e-11 3.1802e-11 2.6763e-11 3.1272e-11 2.124e-11 2.5061e-11 3.6536e-11 2.7631e-11 2.9103e-11 2.6451e-11 2.6254e-11 2.5942e-11 3.1493e-11 2.8793e-11 3.1632e-11 2.4522e-11 2.9441e-11 3.2637e-11 2.9115e-11 3.2204e-11 2.6027e-11 2.5789e-11 2.5641e-11 2.2369e-11 3.1021e-11 2.6817e-11 2.883e-11 2.4739e-11 2.9217e-11 2.6983e-11 2.8928e-11 2.3793e-11 2.547e-11 2.5637e-11 3.2368e-11 2.1662e-11 2.8069e-11 2.7128e-11 2.5515e-11 2.0566e-11 2.3612e-11 2.4323e-11 1.6921e-11 1.9045e-11 1.2421e-11 1.1541e-11 1.9938e-11 1.501e-11 1.7869e-11 1.7977e-11 1.3388e-11 1.1135e-11 1.5052e-11 1.3378e-11 1.4137e-11 8.9293e-12 1.237e-11 1.2104e-11 1.1363e-11 9.3937e-12 5.5016e-12 1.1018e-11 1.0415e-11 1.2236e-11 2.7935e-12 7.5423e-12 1.025e-11 6.237e-12 7.2994e-12 5.3818e-12 3.8221e-12 5.2886e-12 4.4239e-12 3.5574e-12 5.4343e-12 6.2691e-12 5.3367e-12 6.9736e-12 5.5445e-12 3.6982e-14 2.2769e-12 5.7906e-12 2.0041e-12 5.3835e-12 3.5955e-12 1.2941e-12 -1.8621e-12 3.1234e-13 7.4054e-13 2.2694e-12 -8.9182e-13 1.8533e-12 -4.0954e-12 4.1309e-12 -3.7188e-13 -4.6684e-12 9.2387e-13 3.5469e-12 5.4308e-12 5.4312e-12 4.6719e-12 -4.4134e-12 1.68e-12 4.6136e-12 8.9867e-15 1.5302e-12 -1.9666e-12 -1.4594e-12 2.2684e-12 9.0766e-13 3.1099e-12 -1.8657e-12 -3.2607e-13 1.0522e-12 6.3523e-13 -1.8717e-12 2.4732e-12 4.5251e-12 9.9369e-13 -1.4936e-13 1.2381e-12 3.0034e-12 2.8583e-12 -1.3097e-12 2.218e-12 2.306e-12 -1.7613e-12 -2.0172e-13 -1.6178e-12 -3.3076e-12 6.1816e-14 -4.0101e-12 -9.1102e-13 -1.5002e-12 2.8732e-12 1.1565e-12 1.2366e-12 -5.3546e-13 7.3951e-14 9.9909e-13 -9.6405e-13 -1.615e-12 -1.1339e-12 1.9632e-12 -3.774e-12 -7.9806e-13 -1.2599e-13 -1.3256e-12 4.4357e-13 8.1728e-13 -6.7569e-13 8.0853e-13 1.7735e-13 -1.7144e-12 1.5055e-12 -1.1027e-13 -1.1183e-12 -5.746e-13 -2.3094e-13 1.1389e-12 -1.0889e-12 -1.2676e-13 -1.7622e-12 -2.4575e-12 4.4569e-13 5.1429e-13 -1.0498e-12 1.1245e-12 -1.3369e-13 -8.9516e-13 -6.8102e-13 6.5997e-13 -6.7694e-13 3.2451e-13 -4.1409e-13 5.9943e-14 2.845e-13 5.1151e-13
2.6118e-11 2.3299e-11 2.5605e-11 2.5869e-11 2.3651e-11 2.4938e-11 3.1786e-11 2.6208e-11 3.2718e-11 2.1805e-11 2.2586e-11 2.7631e-11 3.679e-11 2.7034e-11 2.6026e-11 2.4971e-11 2.3433e-11 3.2503e-11 2.8156e-11 3.4508e-11 2.3652e-11 2.945e-11 2.6825e-11 3.1835e-11 3.0696e-11 2.6464e-11 2.5185e-11 2.6543e-11 2.6122e-11 3.2991e-11 2.6433e-11 2.8201e-11 2.1562e-11 2.7235e-11 2.413e-11 3.1336e-11 2.6021e-11 2.2796e-11 1.9842e-11 2.9599e-11 2.4632e-11 3.0238e-11 2.3603e-11 2.4668e-11 2.144e-11 2.741e-11 2.4349e-11 2.1098e-11 2.0414e-11 1.3623e-11 1.4923e-11 2.3352e-11 1.6026e-11 1.8585e-11 1.8491e-11 1.3752e-11 1.655e-11 1.9737e-11 1.2803e-11 1.0066e-11 3.2001e-12 9.4935e-12 1.2717e-11 9.282e-12 6.8344e-12 4.7892e-12 9.6667e-12 5.5166e-12 1.5771e-11 -1.2395e-12 6.1107e-12 1.1949e-11 4.665e-12 7.1211e-12 4.743e-12 4.0318e-12 4.5033e-12 4.0943e-12 6.1605e-12 7.9413e-12 3.3795e-12 6.8422e-12 7.2277e-12 2.1615e-12 2.1535e-12 5.1154e-12 9.7924e-12 3.6598e-12 4.4689e-12 3.3042e-12 4.7366e-12 3.667e-12 1.1754e-12 3.3833e-12 -2.0231e-13 2.897e-12 -3.5564e-13 -5.6031e-12 4.2662e-12 6.2063e-13 -1.3514e-12 -1.4643e-13 5.3444e-12 3.0148e-12 5.0389e-12 4.0558e-12 -3.8479e-12 1.9628e-12 5.7606e-12 1.1212e-12 -1.6201e-12 -2.6206e-12 -1.0818e-12 3.0225e-12 -7.0256e-13 2.5201e-12 -1.9364e-13 -5.9049e-13 2.2702e-12 4.0359e-13 -6.6811e-14 9.18e-13 4.3166e-12 3.9569e-12 -1.1447e-13 -2.1837e-12 2.1229e-12 1.9465e-12 -9.7422e-13 7.9246e-13 2.7845e-12 -1.983e-12 -2.0958e-12 -2.7168e-12 -4.3193e-13 -1.6577e-12 -4.368e-12 -1.6759e-12 -1.8595e-12 1.7545e-12 2.4969e-13 -1.4682e-12 3.0962e-13 1.0075e-12 1.7396e-12 2.6669e-12 -1.0748e-12 -1.5799e-12 2.2851e-12 -1.4408e-12 7.4411e-13 1.2193e-12 -8.5906e-13 1.3265e-13 -2.045e-13 2.2906e-13 -4.1251e-13 -9.603e-13 -9.2509e-13 1.4017e-12 -7.1197e-13 -9.6312e-13 6.8812e-13 2.0064e-12 1.2207e-12 1.3511e-12 -3.5808e-13 -5.5969e-13 -1.0419e-12 -4.6069e-15 -1.1815e-13 -5.6153e-13 1.7405e-12 -7.9845e-13 -1.614e-12 -7.7549e-13 -3.1883e-13 -1.2779e-12 5.8354e-13 -1.1328e-13 -5.033e-13 -9.0199e-14 6.3298e-13
2.5548e-11 2.5041e-11 2.4975e-11 2.4944e-11 2.4215e-11 2.2813e-11 3.186e-11 2.6399e-11 3.1633e-11 2.2158e-11 2.5407e-11 2.9103e-11 2.7034e-11 3.2988e-11 2.4755e-11 2.517e-11 2.6187e-11 3.433e-11 2.6995e-11 3.079e-11 2.4233e-11 2.9025e-11 3.1263e-11 3.1627e-11 3.2752e-11 2.7169e-11 2.5506e-11 2.5093e-11 2.4596e-11 2.9274e-11 2.659e-11 2.8856e-11 2.4216e-11 2.8587e-11 2.5716e-11 2.9173e-11 2.1491e-11 2.5633e-11 2.159e-11 3.2758e-11 2.4581e-11 3.0048e-11 2.6191e-11 2.51e-11 1.9313e-11 2.4068e-11 2.3914e-11 1.7572e-11 1.8406e-11 1.6558e-11 1.4866e-11 2.2032e-11 1.6877e-11 1.9658e-11 1.7289e-11 1.3039e-11 1.4073e-11 1.7347e-11 1.1725e-11 1.202e-11 6.6451e-12 1.1614e-11 1.1831e-11 8.7912e-12 1.0615e-11 7.9551e-12 9.8925e-12 8.457e-12 1.2806e-11 2.7303e-12 6.7991e-12 1.0746e-11 5.8381e-12 5.9777e-12 6.0997e-12 4.8475e-12 3.8338e-12 3.9844e-12 2.9234e-12 5.7572e-12 7.2558e-12 6.0475e-12 5.5673e-12 4.2013e-12 1.2061e-12 4.205e-12 8.6879e-12 2.993e-12 4.004e-12 4.5068e-12 1.3848e-12 2.7779e-12 1.0258e-12 1.7035e-12 -1.1323e-13 1.3008e-12 1.3003e-12 -3.5177e-12 4.6879e-12 2.3836e-12 -2.7608e-12 1.3256e-12 4.3265e-12 1.9486e-12 2.6011e-12 5.8163e-12 -4.9915e-12 2.259e-12 5.441e-12 2.7911e-12 2.395e-12 -1.2026e-12 -6.8069e-13 1.878e-12 1.0963e-15 3.1032e-12 -5.6977e-13 4.3385e-13 1.8296e-12 -2.3079e-13 -1.5828e-12 1.6515e-12 3.6855e-12 9.3194e-13 -1.5863e-13 -9.8184e-14 8.772e-13 1.0169e-13 -1.047e-12 -2.9718e-13 2.3223e-12 5.5421e-14 -2.0784e-13 -1.6526e-12 -2.7925e-12 -2.8053e-13 -4.0808e-12 7.7447e-13 -1.5208e-12 2.4197e-12 4.1529e-13 -1.1673e-12 -1.9697e-13 7.3433e-13 8.7405e-13 -6.8109e-13 -1.2757e-12 -6.2142e-13 2.4934e-12 -1.8163e-12 3.1562e-13 3.222e-13 -3.907e-12 1.573e-12 4.8581e-13 -1.095e-12 -4.919e-13 -3.262e-13 -1.2336e-12 1.7485e-12 -3.1456e-13 -1.0449e-12 -1.5268e-13 -6.215e-13 3.9722e-13 -4.5549e-13 5.1785e-13 -1.8547e-12 -1.3888e-12 2.7089e-13 2.5878e-13 -6.3085e-13 1.2016e-12 -4.521e-13 -1.4717e-12 -1.1322e-12 1.3893e-13 -6.4311e-13 2.4737e-13 -1.893e-13 7.8392e-14 3.5159e-13 4.7701e-13
2.4263e-11 2.331e-11 2.1709e-11 2.3825e-11 2.136e-11 2.2584e-11 2.8253e-11 2.1306e-11 2.9975e-11 2.1013e-11 2.2614e-11 2.6451e-11 2.6026e-11 2.4755e-11 3.0734e-11 2.4329e-11 2.1485e-11 3.0648e-11 2.6461e-11 3.0807e-11 2.3273e-11 2.773e-11 2.6823e-11 2.4603e-11 3.0067e-11 2.4047e-11 2.2961e-11 2.366e-11 2.4276e-11 3.0816e-11 2.3872e-11 2.5112e-11 1.9688e-11 2.5798e-11 1.9993e-11 2.6673e-11 2.2013e-11 2.2201e-11 2.0397e-11 2.8079e-11 2.1537e-11 2.5408e-11 2.1454e-11 2.3778e-11 1.9318e-11 2.3058e-11 2.2358e-11 1.8879e-11 1.7039e-11 1.1288e-11 1.517e-11 1.9635e-11 1.4395e-11 1.6236e-11 1.4578e-11 1.1389e-11 1.1832e-11 1.8365e-11 1.0402e-11 1.248e-11 7.7796e-12 9.0734e-12 1.1793e-11 9.5628e-12 8.1552e-12 2.5061e-12 1.1409e-11 8.5321e-12 1.1861e-11 -2.3393e-12 7.9397e-12 8.0406e-12 6.2478e-12 7.5418e-12 6.1657e-12 2.5523e-12 5.0218e-12 5.3699e-12 5.0823e-12 7.1521e-12 4.4378e-12 4.8449e-12 4.8594e-12 5.9579e-12 8.9893e-13 4.5541e-12 7.3277e-12 1.2666e-12 6.3283e-12 7.4855e-13 1.9539e-12 1.2124e-12 -6.816e-13 1.2135e-12 -3.3298e-13 2.5896e-12 3.2406e-12 -3.2271e-12 3.4872e-12 5.6878e-13 -9.0287e-13 -1.029e-12 4.2171e-12 5.9055e-12 3.1132e-12 6.6903e-12 -3.092e-12 2.7307e-12 3.3201e-12 8.9616e-13 9.3791e-13 -2.4577e-12 -1.1488e-12 3.4209e-12 -4.2197e-13 3.7917e-12 -2.1491e-13 1.5774e-12 4.2057e-12 -3.1301e-14 -5.4042e-14 1.106e-12 5.0832e-12 2.1841e-12 9.5127e-15 -5.9254e-13 -6.5699e-13 2.5648e-12 -2.3627e-12 1.3625e-12 1.6931e-12 -1.5738e-12 -1.8504e-13 -2.2998e-12 -3.3639e-12 -8.9749e-13 -3.0888e-12 1.5648e-12 -2.0394e-12 -8.0772e-13 1.9059e-13 -8.2572e-14 -1.3412e-12 -1.5567e-12 2.4765e-12 3.8571e-13 -5.1529e-13 -8.9688e-13 1.1373e-12 -1.949e-12 -1.9056e-12 -6.9757e-13 -1.6699e-12 7.2924e-13 -3.5482e-13 -2.7017e-13 3.6219e-13 -1.1653e-12 -1.6808e-12 1.3889e-12 1.6887e-13 -1.3504e-12 -4.5881e-13 9.6404e-13 -6.4736e-13 5.8791e-13 6.7091e-13 -1.4359e-12 -1.6986e-12 -8.8326e-13 3.5845e-13 -1.0841e-13 7.8352e-13 -6.5564e-13 -1.2128e-12 -5.9374e-13 5.2726e-13 -5.6057e-13 4.744e-13 -4.2881e-13 -5.4582e-13 3.5192e-13 6.0453e-13
2.3103e-11 2.2503e-11 2.1487e-11 2.2738e-11 2.2658e-11 2.1334e-11 2.5768e-11 2.2351e-11 2.7736e-11 2.1977e-11 2.3938e-11 2.6254e-11 2.4971e-11 2.517e-11 2.4329e-11 3.0181e-11 2.4204e-11 2.9589e-11 2.5095e-11 3.0287e-11 2.3072e-11 2.7077e-11 2.8094e-11 2.4987e-11 2.6534e-11 2.3317e-11 2.3854e-11 2.4799e-11 2.2779e-11 2.9583e-11 2.0719e-11 2.5027e-11 2.1525e-11 2.5634e-11 2.3219e-11 2.6361e-11 2.3741e-11 1.9906e-11 1.9506e-11 2.7632e-11 2.1136e-11 2.3991e-11 2.2053e-11 2.1589e-11 1.9804e-11 2.2318e-11 2.0312e-11 1.5802e-11 1.8026e-11 1.3124e-11 1.4928e-11 2.1318e-11 1.3402e-11 1.7266e-11 1.4971e-11 1.2526e-11 1.2609e-11 1.6212e-11 1.1301e-11 1.1464e-11 4.1916e-12 9.8877e-12 9.5057e-12 7.1291e-12 8.5578e-12 2.9586e-12 9.062e-12 1.0544e-11 1.0487e-11 -1.6058e-15 8.3201e-12 1.0881e-11 5.0902e-12 6.1396e-12 3.6818e-12 2.7312e-12 4.5247e-12 2.9444e-12 4.709e-12 6.0538e-12 4.1214e-12 3.3781e-12 4.235e-12 6.4431e-12 -6.5554e-14 5.8197e-12 8.2601e-12 1.7704e-12 4.9041e-12 2.97e-12 3.6535e-12 5.4401e-13 -2.3924e-13 1.6852e-12 4.6079e-13 4.1444e-13 2.1341e-12 -9.2011e-13 4.9077e-12 -7.2145e-13 -2.0149e-12 7.9684e-13 3.8624e-12 3.0883e-12 4.6304e-12 7.3985e-12 -3.4607e-12 4.0309e-12 3.9019e-12 -1.0364e-12 1.6517e-12 -2.0434e-12 -1.4325e-13 4.0354e-12 1.3614e-12 3.026e-12 -6.7192e-13 4.9402e-14 8.3802e-13 -3.5738e-13 -9.1346e-14 4.9152e-13 3.4928e-12 1.9173e-12 1.9832e-12 -7.4479e-13 9.0185e-13 1.0244e-12 -2.1148e-12 -1.9058e-13 2.4585e-12 -1.1392e-12 -3.1662e-13 -4.9151e-13 -2.3569e-12 -7.5705e-13 -3.1809e-12 1.696e-13 -2.0152e-12 2.5854e-12 -1.8012e-13 -1.0211e-12 -1.5685e-12 7.7353e-13 1.8478e-12 -6.4038e-13 4.5974e-14 8.2157e-13 7.8198e-13 -3.0346e-12 -4.4678e-13 -7.1955e-13 -2.5907e-12 1.9274e-12 4.3094e-13 -1.0513e-12 -5.5276e-13 2.6827e-13 -3.1927e-13 1.3447e-12 1.0884e-12 -8.5704e-13 -3.3109e-13 7.9341e-13 -4.6378e-13 3.0984e-13 -5.7738e-13 -1.5528e-12 -2.3647e-12 9.9741e-14 2.6196e-13 -1.4376e-13 4.2148e-13 -1.5298e-13 -1.2777e-12 -3.9413e-13 -2.3209e-13 -2.7365e-13 6.0182e-14 8.7555e-14 8.8279e-14 1.2813e-13 6.1203e-14
2.3085e-11 2.1431e-11 2.2806e-11 2.2273e-11 2.1261e-11 2.0787e-11 2.8913e-11 2.1973e-11 2.7319e-11 2.1804e-11 2.3801e-11 2.5942e-11 2.3433e-11 2.6187e-11 2.1485e-11 2.4204e-11 2.9775e-11 2.9629e-11 2.5047e-11 2.8085e-11 2.1562e-11 3.0556e-11 2.8752e-11 2.6893e-11 2.7563e-11 2.4952e-11 2.3105e-11 2.3585e-11 2.4535e-11 2.7328e-11 2.3485e-11 2.4109e-11 2.1157e-11 2.5986e-11 2.5041e-11 2.5001e-11 2.1304e-11 2.2457e-11 2.3272e-11 2.7163e-11 2.3132e-11 2.6145e-11 2.6757e-11 2.2594e-11 1.7227e-11 2.1982e-11 2.1933e-11 1.5082e-11 1.7033e-11 1.4264e-11 1.3203e-11 2.0245e-11 1.3861e-11 1.7737e-11 1.4948e-11 1.2087e-11 1.4822e-11 1.4532e-11 1.3903e-11 1.3488e-11 7.4818e-12 1.1323e-11 1.0661e-11 8.1421e-12 8.8057e-12 7.1046e-12 9.086e-12 9.4904e-12 1.083e-11 2.3984e-13 4.9727e-12 7.2949e-12 5.6713e-12 4.448e-12 5.7514e-12 1.5701e-12 2.9967e-12 5.3033e-12 3.2157e-12 2.9768e-12 4.2088e-12 4.1101e-12 6.5661e-12 6.6206e-12 1.204e-12 4.7562e-12 7.6298e-12 3.8732e-12 4.19e-12 3.8987e-12 2.4517e-12 2.3957e-12 1.078e-12 1.5668e-12 2.0858e-12 1.3922e-12 8.191e-13 -4.2267e-12 6.5205e-13 -2.1695e-13 -9.5478e-13 8.0945e-13 3.1754e-12 2.8879e-12 5.3918e-12 5.6499e-12 -5.2162e-12 2.8018e-12 5.214e-12 1.3801e-12 2.2259e-12 -2.0935e-12 -7.8321e-13 2.2771e-12 1.9294e-12 3.15e-12 -1.9488e-12 1.6127e-13 2.8607e-12 6.0317e-13 -7.9035e-13 5.3813e-13 3.9282e-12 5.8532e-13 -6.3525e-13 1.7765e-12 2.755e-12 1.0592e-12 -3.0389e-12 1.6228e-12 2.3066e-12 -3.7787e-13 9.4112e-13 -8.2917e-13 -2.6953e-12 8.5782e-13 -2.5588e-12 1.0745e-12 -3.3553e-12 2.4334e-12 -4.8648e-13 2.992e-13 -9.0328e-13 -5.4045e-13 2.1851e-13 -1.2068e-12 -4.3389e-13 -2.002e-13 2.8513e-12 -1.9982e-12 9.5034e-14 -4.5431e-13 -3.5792e-12 1.951e-12 6.6285e-13 -1.0707e-12 -9.3072e-13 4.4124e-13 -1.2902e-12 1.7812e-12 5.5572e-13 -4.9558e-13 3.6886e-13 -3.2547e-13 -3.8151e-13 4.1382e-13 -7.2051e-13 -1.4735e-12 -1.4238e-12 3.103e-13 8.2915e-13 -4.1224e-13 5.0156e-13 -1.8278e-13 -1.6615e-12 -1.2565e-12 1.14e-13 1.1572e-13 7.0559e-14 -2.5441e-14 -1.4396e-13 3.0288e-13 7.8118e-14
3.0902e-11 2.8649e-11 2.6394e-11 3.0891e-11 2.6947e-11 2.6867e-11 3.4466e-11 3.0315e-11 3.5908e-11 2.7714e-11 2.9514e-11 3.1493e-11 3.2503e-11 3.433e-11 3.0648e-11 2.9589e-11 2.9629e-11 4.5481e-11 3.1345e-11 3.7231e-11 2.7913e-11 3.4819e-11 3.4988e-11 3.3762e-11 3.766e-11 3.1496e-11 2.8086e-11 3.0381e-11 3.1915e-11 3.6162e-11 3.2784e-11 3.3727e-11 2.5817e-11 3.3085e-11 2.9281e-11 3.2533e-11 2.7303e-11 2.6637e-11 2.3994e-11 3.5968e-11 2.8184e-11 3.4171e-11 3.0505e-11 2.8756e-11 2.5211e-11 2.862e-11 2.8957e-11 2.098e-11 2.0703e-11 1.6805e-11 1.7589e-11 2.5905e-11 2.0138e-11 1.9731e-11 1.695e-11 1.5558e-11 1.5596e-11 2.2579e-11 1.4187e-11 1.4527e-11 9.3853e-12 1.1365e-11 1.5411e-11 1.1644e-11 1.1639e-11 7.5168e-12 1.3728e-11 8.7328e-12 1.5209e-11 1.1702e-12 5.3595e-12 1.0973e-11 5.107e-12 7.0116e-12 6.7857e-12 5.5728e-12 2.0222e-12 5.6375e-12 4.4616e-12 5.4904e-12 6.0763e-12 4.7126e-12 7.7536e-12 5.94e-12 4.2703e-13 7.0289e-12 9.1841e-12 3.7028e-12 6.1652e-12 4.2305e-12 3.4337e-12 2.7255e-12 9.4935e-13 1.1173e-12 -1.4885e-12 2.5944e-12 2.6808e-12 -5.2683e-12 5.8039e-12 2.6012e-12 -3.7369e-12 1.281e-12 3.8418e-12 3.675e-12 4.1846e-12 8.2744e-12 -6.0948e-12 4.1514e-12 6.5929e-12 1.9569e-12 4.91e-13 -3.2417e-12 -6.9928e-13 2.8955e-12 -2.8078e-13 3.2269e-12 2.5057e-13 4.8815e-13 2.5631e-12 -5.0011e-13 -1.8457e-12 9.5978e-13 4.0532e-12 1.5879e-12 1.0198e-12 1.8246e-13 -1.0948e-12 9.6739e-13 -1.8436e-12 2.5565e-14 2.3753e-12 -1.5476e-12 -2.0829e-12 -2.41e-12 -1.9125e-12 1.7137e-12 -4.0281e-12 -3.5573e-13 -1.9096e-12 1.3693e-12 5.5223e-13 3.3761e-14 -1.1081e-12 5.5901e-13 2.4856e-12 -3.7522e-13 2.3721e-13 5.2859e-14 2.6797e-12 -1.0062e-12 -4.967e-13 -7.9037e-15 -3.0162e-12 1.0263e-12 6.7546e-13 -1.0057e-12 3.4731e-13 -2.3813e-13 -2.6241e-12 1.8881e-12 -4.0335e-13 -5.3224e-13 -7.5684e-13 1.1689e-12 -5.9339e-13 -4.704e-13 1.0176e-12 -2.0257e-12 -1.3421e-12 1.6499e-13 1.6812e-13 -6.2189e-13 1.747e-12 -6.9997e-13 -1.7039e-12 -8.3322e-13 1.3708e-14 -1.3073e-12 -1.7973e-13 -4.4868e-13 -1.3374e-13 4.1284e-13 7.2129e-13
2.584e-11 2.3233e-11 2.3259e-11 2.5151e-11 2.3036e-11 2.4226e-11 2.9527e-11 2.3772e-11 3.0361e-11 2.2427e-11 2.2681e-11 2.8793e-11 2.8156e-11 2.6995e-11 2.6461e-11 2.5095e-11 2.5047e-11 3.1345e-11 3.0921e-11 3.2243e-11 2.2741e-11 3.0235e-11 2.9034e-11 2.8465e-11 3.2212e-11 2.4985e-11 2.4753e-11 2.493e-11 2.3515e-11 3.213e-11 2.6656e-11 2.71e-11 2.2198e-11 2.619e-11 2.4862e-11 2.7709e-11 2.3411e-11 2.3355e-11 2.0636e-11 2.9648e-11 2.3792e-11 2.9e-11 2.5062e-11 2.5089e-11 2.0832e-11 2.4766e-11 2.4464e-11 1.7108e-11 1.7477e-11 1.2656e-11 1.4438e-11 2.1382e-11 1.5683e-11 1.7178e-11 1.6237e-11 1.3265e-11 1.3448e-11 1.7661e-11 1.1752e-11 1.4445e-11 8.481e-12 1.2102e-11 1.2596e-11 8.5829e-12 8.7446e-12 5.1537e-12 9.9773e-12 9.6756e-12 1.2916e-11 -1.3484e-12 7.5456e-12 8.6525e-12 5.8643e-12 5.1909e-12 5.6849e-12 3.2554e-12 5.0974e-12 4.8851e-12 5.5435e-12 4.8278e-12 4.5371e-12 6.4132e-12 6.7965e-12 5.4835e-12 -7.99e-15 4.966e-12 7.7495e-12 2.2775e-12 5.0722e-12 3.6729e-12 7.2995e-13 7.9636e-13 5.2324e-13 2.2998e-12 -4.3415e-13 1.2959e-12 2.563e-12 -4.2204e-12 4.4581e-12 2.0718e-12 -1.9583e-12 1.272e-12 3.7021e-12 4.5086e-12 3.9584e-12 4.7791e-12 -4.3247e-12 3.1622e-12 4.893e-12 -2.4296e-13 1.4631e-12 -1.8688e-12 -1.0222e-12 2.6406e-12 -6.7514e-13 3.4208e-12 -9.4928e-13 -8.5885e-13 2.6761e-12 -1.0461e-12 -1.0129e-12 6.0156e-13 4.4922e-12 3.0245e-12 5.7697e-15 -1.134e-14 1.2899e-13 6.2426e-13 -1.6949e-12 1.3572e-12 2.7394e-12 -1.1742e-12 -6.0621e-13 -2.0535e-12 -3.4365e-12 -6.9471e-13 -3.388e-12 -1.7685e-13 -2.1222e-12 1.0019e-12 5.5216e-13 9.0693e-13 -1.0589e-12 -1.0526e-12 1.8102e-12 2.1111e-13 -1.362e-12 -6.9575e-13 1.6557e-12 -1.9219e-12 6.1419e-13 6.3375e-14 -1.7923e-12 6.3803e-13 1.3041e-12 -3.1265e-13 3.1828e-13 1.4908e-13 -7.9658e-13 1.3856e-12 -3.1194e-13 -1.1698e-12 -1.7701e-13 1.2184e-12 -3.7667e-13 1.2705e-14 2.558e-14 -1.9177e-12 -1.9789e-12 -1.0529e-13 2.3296e-13 -3.0336e-13 1.0821e-12 -6.2242e-13 -1.3185e-12 -6.0758e-13 1.0304e-13 -1.9639e-13 2.2059e-13 4.7249e-14 -3.2969e-13 2.4605e-14 6.3996e-13
