3.9789e-11 1.0177e-12 1.0736e-11 1.1053e-11 -5.5565e-12 8.2369e-12 -9.7883e-12 -1.2747e-12 -6.1625e-12 -3.4085e-12 -5.7147e-12 -1.3789e-11 -9.0596e-13 -7.3586e-12 -1.6003e-12 -3.3713e-12 -4.6386e-12 -3.8963e-12 -6.0563e-12 -7.317e-12 -5.61e-12 -1.9984e-12 -2.2809e-12 -7.4209e-12 -3.5187e-12 -6.9683e-12 -9.8511e-12 -7.6874e-12 -6.2296e-12 -6.7095e-13 -3.5192e-12 9.9915e-13 -5.4391e-13 1.2509e-12 -5.7749e-12 -1.2876e-12 -3.4347e-13 1.4947e-12 -5.145e-12 -1.1598e-12 -2.6484e-12 -1.0114e-12 4.0927e-13 1.5113e-12 4.1666e-12 -4.2302e-12 9.7259e-14 -3.3296e-12 2.3496e-12 3.2606e-12 -3.2663e-14 9.4477e-13 -4.8616e-14 -6.9833e-13 4.2894e-12 2.3267e-12 -1.5808e-14 4.8215e-13 -3.6363e-12 4.7513e-12 6.4971e-13 4.0893e-12 6.5291e-13 -7.8496e-14 1.4548e-12 -1.3451e-12 7.3649e-13 3.5944e-12 -6.3851e-13 6.6676e-13 1.4258e-13 -6.9981e-13 4.945e-13 1.0099e-12 1.4657e-12 -1.7711e-13 -3.7819e-13 8.2933e-13 6.4917e-13 -1.1791e-13 -8.0275e-16 1.9468e-13 -1.1661e-14 9.5337e-15
1.0177e-12 3.3561e-11 3.7189e-12 -4.8625e-12 -1.7936e-12 1.5497e-12 -1.0008e-11 3.1252e-12 2.4421e-12 -1.9102e-12 -9.8568e-12 -7.1156e-12 -7.7077e-12 -8.015e-12 -9.8136e-13 -2.2801e-12 -9.2795e-12 -1.3102e-11 -3.1862e-12 -5.1689e-12 -1.5382e-12 -9.0258e-12 -5.07e-12 -6.9127e-12 -9.4971e-12 -2.2022e-12 -8.1902e-12 -1.4278e-12 -3.3185e-12 -1.4015e-12 -5.1686e-12 -6.2782e-12 -1.4149e-12 2.9306e-12 3.916e-12 1.9403e-12 -7.5456e-12 8.0363e-13 3.6002e-12 -2.9687e-12 -1.3175e-12 3.3213e-12 -2.5609e-12 -1.7756e-12 2.0182e-12 -1.1635e-12 9.204e-13 -6.5279e-13 4.3492e-12 1.8598e-12 1.2442e-12 1.8234e-12 8.5216e-15 -1.8391e-12 -2.1737e-12 -3.2369e-12 6.5427e-13 -1.0038e-12 -1.8473e-12 -1.4782e-12 6.8821e-13 3.0024e-12 2.8956e-12 2.2468e-13 1.3238e-12 9.4937e-13 1.4178e-12 6.7145e-13 1.0279e-12 -6.536e-15 2.5077e-12 2.2005e-12 7.0671e-13 -3.2723e-13 -3.4922e-13 -1.5016e-14 -2.7983e-13 3.226e-13 8.1643e-13 1.3376e-13 2.7127e-13 1.2933e-13 -1.6973e-14 -2.4813e-14
1.0736e-11 3.7189e-12 2.4248e-11 4.9577e-12 2.1717e-12 1.9025e-12 -1.7549e-13 -2.7921e-12 2.89e-12 4.6024e-12 -1.1299e-12 -4.6908e-12 -4.9033e-12 -3.0217e-12 1.6971e-12 3.8317e-13 -1.1626e-12 -4.3917e-12 -2.0926e-12 -7.4847e-12 5.2763e-12 5.2105e-13 -1.0548e-12 -6.7099e-14 8.142e-13 -2.0323e-13 -1.7267e-12 -1.101e-12 -4.4299e-12 -2.3668e-12 -2.2184e-13 4.3388e-13 1.5406e-12 3.3654e-12 2.7133e-12 -1.7986e-12 -2.3141e-12 1.1192e-12 -4.7953e-13 -3.2249e-12 -3.1261e-12 1.1151e-12 -3.8358e-13 -3.9523e-12 7.8894e-13 -2.5941e-12 5.1484e-13 -2.7201e-12 5.4689e-12 8.8476e-13 -7.14e-13 -5.4507e-13 -1.578e-12 -3.3992e-12 -4.6626e-13 1.8436e-12 -6.5189e-13 -1.3255e-12 -4.2394e-12 2.7396e-12 2.0711e-12 6.5409e-13 -1.9456e-13 2.0977e-12 -1.2205e-13 -1.6444e-13 -1.3339e-12 -7.2521e-13 1.8614e-13 1.0685e-12 -1.6245e-12 1.4437e-12 -2.3591e-12 5.0826e-13 -3.0899e-13 -1.0195e-12 2.1015e-13 3.1442e-13 -3.0047e-14 4.1914e-13 1.1477e-13 1.8037e-13 -9.0787e-15 9.1901e-15
1.1053e-11 -4.8625e-12 4.9577e-12 3.4173e-11 7.8008e-12 9.2459e-12 3.8603e-12 3.0618e-12 -8.3331e-12 9.8362e-13 1.4142e-12 -9.5865e-13 -2.7093e-13 2.3457e-12 -6.1599e-13 1.5707e-12 3.0438e-12 8.2092e-12 -6.2715e-12 -6.5181e-12 4.69e-12 3.2311e-12 3.7104e-12 2.4661e-12 1.2415e-12 -2.027e-13 -3.2871e-12 2.1022e-13 1.3703e-12 7.9357e-12 2.9558e-12 1.2412e-12 1.6031e-12 -7.0166e-13 -7.9781e-13 -2.5203e-12 2.5098e-13 6.0175e-12 4.5694e-13 -9.0468e-13 -6.8917e-13 4.4828e-12 1.8443e-12 -3.8534e-12 -1.1849e-12 -1.2246e-12 2.0907e-12 5.0199e-14 2.9816e-12 2.5581e-12 1.6125e-12 -2.8597e-13 -7.4182e-13 -6.1025e-13 1.7631e-12 8.08e-13 8.7947e-13 1.6684e-12 -1.1118e-12 2.3052e-12 2.2994e-12 -1.7399e-12 -9.5061e-13 -1.0339e-12 -1.1124e-13 1.6993e-12 2.1977e-13 8.6855e-13 -1.5194e-12 -2.7556e-13 -1.5239e-13 -1.0449e-12 1.0186e-12 4.8736e-13 1.3234e-12 5.2751e-13 3.5426e-13 3.9678e-13 -9.4581e-14 -4.8502e-13 -3.5623e-13 -4.3038e-14 1.7749e-14 -2.5255e-14
-5.5565e-12 -1.7936e-12 2.1717e-12 7.8008e-12 3.6449e-11 1.822e-12 9.1786e-12 2.7833e-12 7.9213e-12 3.4683e-12 9.549e-12 1.6193e-11 9.2468e-12 5.2135e-12 2.239e-12 4.2449e-13 5.2193e-12 6.7358e-12 4.752e-12 4.5424e-12 1.0856e-11 9.4354e-12 8.7567e-12 3.4456e-12 8.1603e-12 2.5431e-12 8.0244e-12 1.6066e-11 5.4072e-12 1.0973e-11 2.8769e-12 3.8414e-12 7.6645e-12 2.3376e-12 -1.0582e-12 3.8142e-12 6.7602e-13 6.4169e-12 3.795e-12 -9.4547e-13 2.6727e-12 4.222e-12 5.6172e-12 2.1152e-12 -8.856e-14 7.6025e-13 2.1878e-12 2.0621e-12 -2.9862e-13 9.4752e-13 2.4888e-12 1.8447e-12 8.1494e-13 3.0435e-13 2.8014e-12 -2.3083e-13 1.5767e-12 -2.8965e-12 8.3998e-13 2.6041e-12 1.9126e-12 -2.5115e-12 1.2535e-12 2.1872e-12 -8.3268e-13 1.7918e-12 1.5122e-12 -1.3698e-13 -1.7682e-12 5.3972e-13 2.6954e-13 -1.3909e-12 5.477e-13 5.5589e-13 7.5551e-13 6.9035e-13 6.7882e-13 9.2361e-13 -2.5321e-13 -1.8585e-13 3.0281e-13 -1.8458e-14 -2.2652e-14 -9.8036e-15
8.2369e-12 1.5497e-12 1.9025e-12 9.2459e-12 1.822e-12 2.5562e-11 -8.8415e-12 2.9504e-12 -8.4795e-12 6.6641e-13 -3.1657e-12 5.9125e-13 4.5303e-12 1.0075e-11 -2.2165e-12 1.8254e-12 -1.05e-13 -3.2855e-13 1.0455e-13 -2.692e-13 4.8116e-12 2.7823e-12 -3.7013e-12 -2.0075e-12 -2.1671e-13 -3.143e-12 -2.1118e-14 1.8483e-12 4.3476e-12 -8.6703e-13 -3.7801e-12 -1.1616e-12 1.6156e-12 1.9347e-12 -2.5126e-12 1.1689e-13 -1.6574e-12 8.9274e-12 5.3566e-12 -9.2935e-13 9.0532e-13 1.5861e-12 -1.7175e-12 -3.3576e-12 1.3711e-12 -2.8654e-12 5.6923e-13 3.6154e-12 3.1166e-12 3.417e-12 2.6784e-12 3.9636e-12 1.1996e-12 4.9011e-13 1.2173e-12 -9.8289e-14 5.7359e-13 1.4916e-12 1.7154e-12 5.1663e-13 1.4917e-12 -6.9276e-13 5.3502e-13 -1.0639e-12 6.8663e-13 -2.6438e-12 -6.6575e-13 -2.245e-13 -1.6836e-12 7.1141e-13 8.8636e-13 -1.404e-12 -2.4851e-13 1.2286e-12 6.4862e-13 -7.127e-13 5.5493e-13 4.4023e-13 4.2113e-13 -6.3755e-13 2.0432e-13 4.4248e-14 -3.216e-14 1.1492e-14
-9.7883e-12 -1.0008e-11 -1.7549e-13 3.8603e-12 9.1786e-12 -8.8415e-12 4.7669e-11 5.4254e-12 7.7642e-12 1.5009e-11 1.5221e-11 2.6762e-12 6.5992e-12 1.0016e-11 7.6003e-12 -4.5413e-12 1.5505e-12 1.0164e-11 -4.4458e-12 2.2193e-12 -1.8709e-12 7.5339e-12 6.965e-12 8.6772e-12 6.0854e-12 6.0996e-12 5.7386e-12 3.3448e-12 5.9304e-13 1.02e-11 -2.0134e-12 1.0502e-12 5.0167e-12 6.8334e-12 -5.2315e-14 -3.1188e-12 5.0882e-12 2.1379e-13 -7.7567e-13 -4.6315e-13 -1.6438e-12 -1.3468e-12 4.111e-12 2.8932e-12 -6.9415e-12 2.043e-12 4.9545e-12 1.2729e-12 -3.3048e-12 -4.6919e-12 1.256e-12 -1.073e-12 -1.3514e-12 1.0468e-12 -1.6445e-12 2.8742e-12 2.4956e-12 4.2551e-13 5.2255e-13 2.7708e-12 1.6614e-12 -3.977e-12 -7.0715e-13 3.0567e-13 1.1723e-12 -1.0685e-12 1.7229e-12 1.669e-14 1.8238e-12 -1.2618e-12 -8.7178e-13 2.4987e-12 -1.9784e-12 5.5019e-13 -1.5004e-12 6.3173e-13 1.1448e-12 -2.7207e-13 -6.1323e-13 2.6097e-13 -3.6959e-13 -2.3306e-14 1.5789e-14 -2.1813e-14
-1.2747e-12 3.1252e-12 -2.7921e-12 3.0618e-12 2.7833e-12 2.9504e-12 5.4254e-12 3.333e-11 -2.282e-13 3.8658e-12 4.4313e-12 9.2687e-12 1.3918e-12 3.6946e-12 -4.6212e-12 3.6609e-12 3.1417e-12 1.6987e-12 -4.7587e-12 7.0905e-12 3.5008e-12 6.1725e-12 4.3306e-12 9.5334e-12 5.7224e-12 -1.198e-12 4.6133e-12 6.9868e-12 4.2321e-13 7.2985e-12 2.9765e-12 1.5625e-13 8.9994e-13 3.2634e-12 -2.0013e-13 2.7923e-12 2.9945e-12 -2.0576e-12 4.6742e-12 2.2059e-13 1.7498e-12 -1.7434e-12 1.6023e-12 2.0076e-12 -2.9887e-12 -7.1483e-13 2.3606e-12 2.4192e-12 -1.4081e-12 -1.6053e-12 1.8959e-12 2.8451e-12 1.6633e-12 -6.1491e-12 1.5792e-12 -5.6735e-13 -9.1368e-13 -1.3766e-12 -2.9591e-13 -2.3168e-13 -8.7357e-14 -1.1249e-12 5.5491e-13 -1.234e-12 1.3203e-12 -6.3566e-13 1.3704e-12 -1.2831e-12 -5.4266e-14 -1.1547e-12 3.6257e-12 -4.4339e-13 -9.7477e-13 9.949e-14 -5.4199e-13 9.7357e-13 9.2694e-13 -2.4364e-13 5.22e-13 3.8645e-13 1.1933e-13 -1.3731e-13 1.2038e-15 -1.0065e-14
-6.1625e-12 2.4421e-12 2.89e-12 -8.3331e-12 7.9213e-12 -8.4795e-12 7.7642e-12 -2.282e-13 3.9695e-11 1.3659e-12 6.5554e-12 8.6633e-12 1.7171e-11 7.001e-12 5.0513e-12 7.0255e-12 3.6671e-12 3.7318e-12 1.2751e-11 8.8609e-12 3.5232e-12 1.1338e-11 7.1133e-12 3.5593e-12 4.5054e-12 3.2085e-12 8.7507e-12 9.9453e-12 4.2632e-12 3.6553e-12 2.078e-12 3.0087e-13 6.6694e-12 6.7297e-12 1.1211e-12 4.1246e-12 2.914e-12 -1.5599e-12 1.3237e-12 4.9701e-12 4.6467e-12 5.8788e-12 1.3492e-12 4.2482e-13 3.4846e-12 -5.5809e-13 -1.5279e-12 -7.8111e-13 2.4517e-12 -6.0051e-13 -1.8314e-12 3.2886e-12 2.8697e-13 9.1451e-14 -4.2183e-13 -3.9147e-13 -2.7432e-12 -5.8215e-13 -1.4358e-12 1.4644e-12 -2.3494e-12 -1.4849e-13 6.1174e-13 2.3957e-12 -3.9179e-14 -1.5248e-12 1.528e-12 -1.6875e-12 1.7176e-12 1.3167e-12 2.9723e-15 4.541e-13 -1.6075e-12 -3.5249e-13 -4.6573e-13 -1.6802e-12 4.6344e-13 -7.7961e-13 -9.0085e-13 3.679e-13 2.2125e-13 -1.0809e-13 -6.8867e-16 -2.5153e-14
-3.4085e-12 -1.9102e-12 4.6024e-12 9.8362e-13 3.4683e-12 6.6641e-13 1.5009e-11 3.8658e-12 1.3659e-12 1.8285e-11 3.1937e-12 9.2675e-13 3.2898e-12 1.2645e-12 3.7349e-13 -2.5426e-12 3.1902e-12 -1.503e-12 -4.048e-12 -1.8592e-12 -1.8961e-13 1.8845e-13 4.4772e-12 2.6947e-12 2.0386e-12 5.1379e-12 7.4146e-13 2.569e-12 9.9539e-13 3.8319e-12 -1.2375e-12 1.4475e-12 4.3833e-12 -2.1855e-13 1.2803e-12 -2.425e-12 1.9793e-12 2.1403e-12 1.3417e-12 -9.458e-13 7.2364e-14 -1.0834e-12 1.8701e-12 1.0447e-13 -4.2058e-12 2.5081e-12 1.8664e-12 1.5273e-12 -1.03e-12 -1.31e-12 2.347e-13 8.1924e-13 -8.972e-13 -2.1484e-12 -1.1332e-12 8.9623e-13 3.7181e-13 1.1595e-12 8.461e-13 -5.0211e-13 1.8909e-12 -2.0346e-12 -2.2167e-13 -5.1599e-13 3.4668e-13 -9.4182e-13 -8.8298e-13 -2.482e-12 4.6379e-13 4.4228e-13 -7.8295e-15 7.185e-13 -1.9018e-12 1.8986e-14 -4.5281e-13 3.3464e-13 4.3518e-13 5.3487e-14 3.9322e-14 -1.7356e-13 1.2423e-13 2.9774e-14 1.3877e-14 -9.7326e-15
-5.7147e-12 -9.8568e-12 -1.1299e-12 1.4142e-12 9.549e-12 -3.1657e-12 1.5221e-11 4.4313e-12 6.5554e-12 3.1937e-12 2.9985e-11 9.034e-12 1.9606e-12 4.3604e-12 -2.5586e-13 -9.4967e-13 4.0398e-12 5.8328e-12 4.6621e-12 1.0733e-11 5.4096e-13 1.0186e-11 9.0974e-12 1.1009e-11 8.279e-12 7.4662e-13 5.2838e-12 4.1875e-12 8.7424e-12 3.8434e-12 3.2932e-12 5.128e-12 6.7618e-12 3.3159e-12 2.3032e-12 -1.837e-12 9.6109e-12 2.3762e-12 -8.0971e-13 3.5603e-12 -1.5175e-12 -1.6766e-12 3.1503e-12 3.3724e-12 -2.1661e-12 -5.2576e-13 -2.3501e-12 5.6268e-12 -2.2177e-12 -1.6078e-12 -6.3358e-13 1.4161e-12 3.9655e-12 2.8601e-12 3.5105e-13 -4.3279e-13 -7.0842e-13 -9.2327e-13 -2.4949e-13 3.0339e-12 9.531e-13 -7.0416e-13 1.3782e-12 -7.1331e-13 2.1325e-12 1.7439e-12 6.4061e-13 -5.3598e-13 3.4553e-13 -5.803e-13 9.0458e-13 7.6578e-14 -4.5864e-13 3.6538e-13 -1.3264e-13 7.7121e-13 7.3148e-13 1.003e-14 -7.4391e-13 1.6525e-13 1.0856e-13 -4.3367e-14 -1.7521e-14 -2.3772e-14
-1.3789e-11 -7.1156e-12 -4.6908e-12 -9.5865e-13 1.6193e-11 5.9125e-13 2.6762e-12 9.2687e-12 8.6633e-12 9.2675e-13 9.034e-12 4.7432e-11 6.202e-12 6.2354e-12 3.5939e-12 8.0049e-12 1.0108e-11 1.9637e-11 9.698e-12 1.4763e-11 9.3824e-12 1.1561e-11 4.8148e-12 1.2491e-11 5.8364e-12 6.8266e-12 1.3801e-11 1.5396e-11 5.281e-12 7.5948e-12 7.2809e-12 3.9516e-12 4.4284e-12 4.0735e-12 4.0496e-12 3.2589e-12 5.4673e-12 4.2319e-12 5.8579e-12 5.0681e-12 5.3953e-12 8.2113e-12 3.0143e-12 3.8831e-12 -2.1792e-12 2.5485e-12 -2.3044e-12 5.7558e-12 1.5232e-12 -1.1976e-12 5.3856e-13 1.1868e-12 4.457e-13 -2.0422e-13 8.438e-14 1.7044e-12 -1.0437e-13 -9.7365e-13 -9.3733e-14 -5.3415e-13 1.4363e-12 -2.8217e-12 -6.7152e-13 1.6258e-12 -4.1377e-12 1.6946e-12 -2.2273e-12 -2.1325e-12 -2.8514e-13 -1.2973e-12 7.3017e-13 -6.1957e-13 3.4982e-13 -2.3757e-13 4.9999e-13 -1.3516e-12 -8.3376e-13 8.622e-13 -2.3685e-14 2.1386e-13 9.4439e-14 -1.8194e-13 -3.87e-14 -3.0746e-14
-9.0596e-13 -7.7077e-12 -4.9033e-12 -2.7093e-13 9.2468e-12 4.5303e-12 6.5992e-12 1.3918e-12 1.7171e-11 3.2898e-12 1.9606e-12 6.202e-12 3.6263e-11 9.4703e-12 4.3509e-12 7.702e-12 8.9721e-12 1.4026e-11 9.1359e-12 1.0536e-11 6.4851e-12 1.2714e-11 4.1637e-12 2.3306e-13 3.9175e-12 5.3256e-12 1.0398e-11 7.9577e-12 9.2739e-12 6.9888e-12 5.0315e-12 4.8086e-12 4.947e-13 7.409e-12 -4.2619e-12 6.7019e-12 5.4641e-12 1.8195e-12 6.2107e-12 3.2761e-12 4.8891e-12 3.4031e-12 2.0671e-12 4.8921e-13 2.932e-12 1.4928e-12 2.1787e-12 -2.0744e-13 1.5661e-12 4.8203e-12 -5.6585e-13 2.5631e-12 9.3201e-13 1.1757e-12 2.0661e-12 1.5086e-13 -1.9522e-12 -5.3851e-13 3.7749e-12 -1.4177e-12 -7.6519e-13 -4.2076e-13 8.2195e-13 -7.9508e-13 -1.7773e-12 -2.1596e-12 8.6626e-14 -5.5698e-13 -1.4836e-12 1.2941e-12 -5.2596e-13 -1.6333e-12 -1.7459e-12 4.6279e-13 9.8343e-13 -4.8294e-13 -1.1042e-13 -2.3903e-13 -3.7723e-13 -1.74e-13 9.1585e-14 -9.3472e-14 -1.6128e-14 -1.7352e-14
-7.3586e-12 -8.015e-12 -3.0217e-12 2.3457e-12 5.2135e-12 1.0075e-11 1.0016e-11 3.6946e-12 7.001e-12 1.2645e-12 4.3604e-12 6.2354e-12 9.4703e-12 3.3982e-11 6.7252e-12 8.2348e-12 4.7764e-12 1.8598e-12 1.2146e-11 5.7219e-12 8.8789e-12 1.0988e-11 3.3624e-12 6.8128e-12 9.0594e-12 3.724e-12 1.2788e-11 7.7247e-12 6.3455e-12 3.1789e-12 2.57e-12 5.1072e-12 2.9638e-12 2.9642e-12 -9.7364e-13 9.4519e-13 -5.9321e-13 6.9091e-12 3.5095e-12 4.3462e-12 4.0405e-12 5.989e-13 -2.7139e-12 -4.3203e-13 -4.7923e-13 -8.9441e-14 8.4483e-13 1.0616e-13 2.0748e-12 1.9402e-12 -1.1191e-12 3.3559e-12 2.3397e-12 -1.1573e-12 -2.095e-12 2.4458e-12 -1.9326e-12 -3.847e-13 2.1857e-12 3.1966e-12 1.3738e-12 -4.2716e-12 1.017e-14 2.6806e-12 3.1945e-12 -2.7702e-12 7.771e-13 -1.7844e-12 4.4059e-13 -7.9281e-13 -3.002e-13 -2.4602e-12 -9.9001e-13 7.7191e-13 -3.5033e-13 -1.7829e-13 8.1045e-13 -5.7599e-13 -2.3772e-13 -6.5565e-13 -4.1277e-14 -7.6942e-14 -1.6557e-14 -1.931e-15
-1.6003e-12 -9.8136e-13 1.6971e-12 -6.1599e-13 2.239e-12 -2.2165e-12 7.6003e-12 -4.6212e-12 5.0513e-12 3.7349e-13 -2.5586e-13 3.5939e-12 4.3509e-12 6.7252e-12 1.707e-11 1.9093e-12 4.8879e-12 3.3394e-12 2.4177e-12 2.0713e-12 4.712e-12 5.9178e-12 1.6214e-12 -3.1511e-13 1.9405e-12 5.9213e-12 7.328e-12 3.546e-12 -1.493e-12 4.0571e-12 1.9827e-12 3.6279e-12 8.0707e-13 3.5834e-12 7.2111e-13 4.2886e-12 1.6912e-12 -6.5962e-13 2.8738e-12 4.1086e-13 1.5352e-12 9.6586e-13 1.1036e-12 3.1488e-12 3.5657e-13 2.9543e-12 1.3146e-12 -1.9105e-12 2.5827e-12 3.6011e-12 8.6976e-13 1.2865e-12 -1.275e-12 3.8277e-13 -2.3886e-12 2.3354e-12 -1.8709e-12 -1.4856e-12 3.8986e-13 7.27e-13 1.2389e-12 -1.7128e-12 9.0174e-13 3.1745e-12 -7.715e-13 2.6409e-13 3.9395e-13 2.8119e-13 -1.8877e-12 4.8216e-13 3.9433e-13 8.5864e-15 -1.3391e-12 -1.0873e-13 -2.7909e-13 -1.0526e-12 -7.6781e-13 -9.9235e-14 -3.2117e-13 -1.4096e-13 -1.1544e-13 1.102e-13 -1.6356e-14 2.6792e-15
-3.3713e-12 -2.2801e-12 3.8317e-13 1.5707e-12 4.2449e-13 1.8254e-12 -4.5413e-12 3.6609e-12 7.0255e-12 -2.5426e-12 -9.4967e-13 8.0049e-12 7.702e-12 8.2348e-12 1.9093e-12 1.6809e-11 9.3626e-12 7.0676e-12 6.9493e-12 3.8926e-12 1.0136e-11 6.8023e-12 4.575e-12 6.5291e-12 3.5768e-12 2.0758e-12 6.4989e-12 4.9473e-12 4.3949e-12 -3.3982e-13 5.0333e-12 1.3588e-12 1.4028e-13 4.5941e-12 1.4472e-12 1.7994e-12 9.5942e-13 1.3487e-12 3.0042e-12 2.4971e-12 5.0291e-12 2.8188e-12 -1.7225e-12 -2.0701e-12 1.5344e-12 -3.2013e-13 -2.0164e-12 -6.5591e-13 4.5809e-12 3.1846e-12 -1.8117e-12 3.0451e-12 3.4491e-14 -9.9386e-13 -1.4435e-12 -7.3288e-13 -1.9648e-12 -2.2291e-12 -1.8903e-13 -6.6605e-13 3.2588e-13 -1.6863e-12 -8.2114e-13 4.2771e-14 -1.1598e-12 2.8716e-13 -1.5361e-12 -1.2245e-12 -1.973e-12 -9.3754e-13 -4.3838e-13 -2.1137e-12 -7.6058e-13 -1.2266e-14 -7.2659e-14 -9.3006e-13 -3.4283e-13 -2.2162e-13 -2.0662e-13 -2.4638e-13 -8.533e-14 -7.0114e-14 -9.7215e-15 -2.3433e-14
-4.6386e-12 -9.2795e-12 -1.1626e-12 3.0438e-12 5.2193e-12 -1.05e-13 1.5505e-12 3.1417e-12 3.6671e-12 3.1902e-12 4.0398e-12 1.0108e-11 8.9721e-12 4.7764e-12 4.8879e-12 9.3626e-12 2.0136e-11 8.2083e-12 4.2176e-12 8.4538e-12 8.7474e-12 6.1781e-12 6.7776e-12 6.141e-12 6.529e-12 7.3979e-12 7.4593e-12 7.4207e-12 5.595e-12 4.0936e-12 5.0802e-12 5.4802e-12 3.2981e-12 -1.5943e-12 1.3014e-12 3.4602e-12 4.2814e-12 -1.9048e-13 2.806e-12 3.006e-12 1.566e-12 3.3843e-12 1.6936e-12 -6.7429e-13 -1.0864e-12 7.9762e-13 1.1069e-12 2.1824e-12 6.1262e-13 3.3667e-12 1.0167e-13 1.9821e-12 1.55e-13 -8.4786e-13 6.081e-13 -1.6093e-12 -3.3007e-12 -2.2806e-12 1.7164e-12 -1.5179e-12 4.6243e-13 -2.1102e-12 -1.2651e-12 4.4448e-13 -2.6678e-12 2.7898e-13 -4.9564e-13 -1.8198e-13 -1.4986e-12 -1.7e-14 -1.1611e-12 -1.9189e-12 -9.2762e-13 -3.6808e-13 2.8324e-13 2.6548e-15 -6.2958e-13 -2.0375e-13 -8.2913e-14 -2.6377e-13 5.7356e-14 -1.6346e-13 1.4585e-16 -1.0745e-14
-3.8963e-12 -1.3102e-11 -4.3917e-12 8.2092e-12 6.7358e-12 -3.2855e-13 1.0164e-11 1.6987e-12 3.7318e-12 -1.503e-12 5.8328e-12 1.9637e-11 1.4026e-11 1.8598e-12 3.3394e-12 7.0676e-12 8.2083e-12 4.256e-11 8.6789e-12 9.9394e-12 6.7556e-12 1.0917e-11 3.3185e-12 1.4425e-11 2.5292e-12 6.7221e-12 9.2371e-12 2.3967e-12 2.0741e-12 1.0397e-11 6.2952e-12 -1.3082e-12 -2.5292e-12 7.6409e-12 -1.7789e-12 3.4341e-12 5.1861e-12 1.2975e-12 2.3276e-12 3.3825e-12 2.8469e-12 1.8055e-12 1.7202e-12 -2.4495e-12 -2.6425e-12 3.9858e-13 4.1142e-13 8.8984e-13 1.5832e-13 2.7683e-12 1.9074e-12 -4.2099e-14 -1.6683e-12 -1.8307e-13 -4.2778e-13 -1.0623e-13 3.7039e-12 -5.1551e-12 2.3681e-12 -1.0771e-12 -2.1353e-12 -2.6087e-12 -6.7842e-13 -2.3309e-12 -3.0616e-12 -3.1323e-13 -1.3656e-12 -8.2395e-13 -2.0361e-12 -1.9259e-12 -9.8905e-13 1.2757e-12 -5.1902e-13 8.0838e-13 1.1062e-12 -5.5437e-13 -7.6872e-13 -5.0169e-14 -6.3076e-13 3.7123e-13 -3.9019e-13 -7.1744e-14 -4.4626e-14 -1.0903e-14
-6.0563e-12 -3.1862e-12 -2.0926e-12 -6.2715e-12 4.752e-12 1.0455e-13 -4.4458e-12 -4.7587e-12 1.2751e-11 -4.048e-12 4.6621e-12 9.698e-12 9.1359e-12 1.2146e-11 2.4177e-12 6.9493e-12 4.2176e-12 8.6789e-12 2.6866e-11 5.379e-12 8.9439e-12 8.422e-12 3.8083e-12 5.1941e-12 6.928e-12 4.1968e-13 9.9743e-12 4.1512e-12 3.8553e-12 -1.429e-12 -9.1413e-13 1.2161e-12 1.6975e-12 1.1024e-12 7.3466e-13 3.5846e-12 2.2368e-12 2.8882e-12 2.269e-12 3.8177e-12 1.4212e-12 3.6024e-12 -4.6388e-13 1.7982e-13 2.4772e-12 -1.9309e-12 3.7713e-13 -5.9446e-14 1.265e-12 2.5947e-12 -1.5723e-12 1.4698e-12 4.7887e-13 -1.4359e-12 -1.9835e-12 -9.0194e-13 -1.902e-12 -3.2716e-12 8.8111e-13 -6.5308e-13 -9.9474e-13 -2.2383e-12 6.2634e-13 8.553e-13 2.6751e-13 -1.3985e-13 -6.5745e-13 -2.9929e-12 -3.1789e-14 2.6486e-13 -1.4483e-12 -1.0045e-13 7.6041e-13 9.1014e-13 6.8872e-13 -5.3775e-13 1.0114e-13 -3.8995e-13 -5.7634e-13 -1.6804e-13 7.8349e-14 -7.9281e-14 -4.2554e-14 -1.4731e-14
-7.317e-12 -5.1689e-12 -7.4847e-12 -6.5181e-12 4.5424e-12 -2.692e-13 2.2193e-12 7.0905e-12 8.8609e-12 -1.8592e-12 1.0733e-11 1.4763e-11 1.0536e-11 5.7219e-12 2.0713e-12 3.8926e-12 8.4538e-12 9.9394e-12 5.379e-12 2.616e-11 1.3575e-12 1.0236e-11 4.7386e-12 8.0211e-12 4.1393e-12 -9.3248e-13 5.8813e-12 6.3459e-12 4.6275e-12 6.036e-12 6.4971e-12 3.0799e-12 2.4979e-12 4.9744e-12 3.8079e-12 6.8335e-12 6.2831e-12 1.2194e-12 5.3357e-12 4.746e-12 3.0294e-12 7.9771e-13 2.6752e-12 2.1662e-12 -9.8001e-14 4.2502e-13 -8.4647e-13 4.812e-12 -2.7996e-12 2.3518e-12 -9.7523e-13 3.1785e-12 7.4501e-13 4.2295e-13 1.8222e-12 -8.0825e-13 -1.766e-12 -1.4211e-12 1.5662e-12 1.3585e-12 -1.6756e-12 1.9527e-13 1.3954e-12 -7.1739e-13 5.0726e-13 -1.0473e-12 2.2319e-12 1.0433e-13 3.4325e-13 -1.8471e-12 6.1863e-13 -1.619e-13 -1.6489e-12 -3.5181e-13 2.9183e-14 1.3964e-13 -4.018e-13 -4.0368e-14 -2.6619e-13 -5.8107e-14 1.7446e-13 -9.925e-14 -1.6274e-14 -9.7963e-15
-5.61e-12 -1.5382e-12 5.2763e-12 4.69e-12 1.0856e-11 4.8116e-12 -1.8709e-12 3.5008e-12 3.5232e-12 -1.8961e-13 5.4096e-13 9.3824e-12 6.4851e-12 8.8789e-12 4.712e-12 1.0136e-11 8.7474e-12 6.7556e-12 8.9439e-12 1.3575e-12 2.6001e-11 6.3151e-12 8.9533e-12 1.1697e-11 1.2935e-11 4.9767e-12 1.3577e-11 1.0073e-11 3.8033e-12 5.0764e-12 8.2942e-12 1.7611e-12 2.8242e-12 2.3172e-12 -3.1628e-13 3.1342e-12 -1.6747e-12 1.7519e-12 6.0151e-12 1.3088e-12 2.6775e-12 1.4038e-12 -1.1535e-12 6.9396e-13 2.6781e-12 -2.5299e-12 3.1441e-12 -2.018e-12 4.3644e-12 4.1631e-12 1.5693e-12 2.3804e-12 -1.3235e-12 3.711e-14 -2.4865e-12 -2.6887e-13 -5.642e-13 -1.165e-12 2.1647e-12 1.3824e-12 2.989e-12 -3.3452e-12 1.4305e-12 1.0137e-12 -8.5671e-13 9.9055e-13 -1.9746e-12 -1.9433e-12 -1.3157e-12 -9.7062e-14 -7.3491e-13 -7.6172e-13 -1.2605e-12 6.1108e-13 1.4261e-13 3.0067e-13 -3.3016e-13 2.4115e-13 -4.9692e-13 -1.9779e-13 3.2e-13 -1.5639e-13 -1.7983e-14 1.1106e-14
-1.9984e-12 -9.0258e-12 5.2105e-13 3.2311e-12 9.4354e-12 2.7823e-12 7.5339e-12 6.1725e-12 1.1338e-11 1.8845e-13 1.0186e-11 1.1561e-11 1.2714e-11 1.0988e-11 5.9178e-12 6.8023e-12 6.1781e-12 1.0917e-11 8.422e-12 1.0236e-11 6.3151e-12 2.1652e-11 6.4258e-12 5.7928e-12 9.8213e-12 1.2452e-12 9.6129e-12 8.98e-12 4.9457e-12 6.5918e-12 4.9472e-12 2.5457e-12 2.9338e-12 7.6501e-12 1.8858e-12 5.0367e-12 5.2204e-12 4.1182e-12 4.3272e-12 1.7717e-12 4.1808e-12 1.2199e-12 2.6739e-12 5.8295e-13 -9.8831e-13 -6.8425e-13 -1.7822e-12 -1.2491e-12 1.2835e-12 7.2551e-13 4.2822e-13 4.0707e-12 1.6789e-12 4.0513e-13 4.2189e-13 1.6052e-12 -1.1194e-12 -2.0616e-12 -6.0868e-13 1.701e-12 9.6686e-13 -1.2002e-12 5.0563e-13 4.0597e-13 -1.4698e-12 -9.0671e-13 4.6687e-13 -1.1618e-12 -4.9259e-13 7.4151e-13 -8.2438e-13 -9.4139e-13 -1.8434e-12 2.1612e-13 -1.5904e-14 -8.952e-13 4.7336e-13 -5.8264e-13 -1.7011e-13 -2.3754e-14 -1.3904e-13 -2.3638e-14 -3.0755e-14 -1.2353e-14
-2.2809e-12 -5.07e-12 -1.0548e-12 3.7104e-12 8.7567e-12 -3.7013e-12 6.965e-12 4.3306e-12 7.1133e-12 4.4772e-12 9.0974e-12 4.8148e-12 4.1637e-12 3.3624e-12 1.6214e-12 4.575e-12 6.7776e-12 3.3185e-12 3.8083e-12 4.7386e-12 8.9533e-12 6.4258e-12 1.8037e-11 9.5756e-12 8.5616e-12 3.0833e-12 6.1711e-12 7.2715e-12 5.47e-12 7.5078e-12 5.3855e-12 4.73e-12 5.9181e-12 1.4132e-12 5.2839e-13 -2.9132e-13 3.2136e-13 1.7158e-12 7.0687e-13 4.1845e-12 -3.505e-14 9.2612e-13 3.1212e-12 9.6674e-13 1.8655e-12 -9.8588e-14 -2.8354e-13 2.3215e-13 -1.4783e-12 1.6463e-12 5.9934e-13 1.518e-12 1.6591e-12 3.2041e-13 8.2977e-13 -1.0685e-12 -7.8435e-13 -7.7676e-13 8.9235e-13 2.2821e-14 1.7461e-12 -1.2121e-12 9.9768e-13 1.4764e-13 1.7263e-12 1.0075e-12 -1.3672e-14 -8.314e-13 -1.0537e-13 -7.7146e-13 -4.4716e-13 -6.9553e-13 -1.209e-12 -5.666e-14 2.4e-13 9.351e-13 5.8545e-14 -4.2185e-13 -5.0047e-13 -1.1452e-13 2.6923e-13 -1.8083e-13 1.283e-14 -1.3194e-16
-7.4209e-12 -6.9127e-12 -6.7099e-14 2.4661e-12 3.4456e-12 -2.0075e-12 8.6772e-12 9.5334e-12 3.5593e-12 2.6947e-12 1.1009e-11 1.2491e-11 2.3306e-13 6.8128e-12 -3.1511e-13 6.5291e-12 6.141e-12 1.4425e-11 5.1941e-12 8.0211e-12 1.1697e-11 5.7928e-12 9.5756e-12 3.0557e-11 6.1612e-12 5.7564e-12 1.399e-11 1.0819e-12 3.4167e-12 3.2204e-12 7.6406e-12 1.7444e-12 3.273e-12 1.9046e-12 5.0092e-13 -4.9612e-15 3.8707e-12 6.7316e-13 -2.5571e-12 2.2581e-12 -1.3388e-12 -8.0843e-13 2.0505e-12 2.7521e-12 9.8308e-13 -3.0657e-13 7.4148e-13 -2.9158e-14 -4.0623e-13 -1.8146e-12 1.3003e-12 2.706e-12 -5.0849e-13 -1.3644e-12 2.7984e-14 3.6767e-13 6.3265e-13 -1.5637e-12 1.4877e-12 1.0727e-12 3.6438e-13 -3.4701e-12 1.7947e-13 1.202e-12 7.5931e-13 8.307e-14 -7.5721e-13 -1.0088e-12 -8.4501e-13 -1.8262e-12 -3.9471e-14 1.1007e-12 -1.3642e-12 5.8228e-13 4.9153e-13 1.3032e-12 -1.3798e-13 -6.2118e-14 -7.3579e-13 1.1607e-13 -1.333e-13 -6.5776e-14 -3.5193e-14 -3.4017e-15
-3.5187e-12 -9.4971e-12 8.142e-13 1.2415e-12 8.1603e-12 -2.1671e-13 6.0854e-12 5.7224e-12 4.5054e-12 2.0386e-12 8.279e-12 5.8364e-12 3.9175e-12 9.0594e-12 1.9405e-12 3.5768e-12 6.529e-12 2.5292e-12 6.928e-12 4.1393e-12 1.2935e-11 9.8213e-12 8.5616e-12 6.1612e-12 2.137e-11 5.4545e-12 6.4035e-12 9.0228e-12 3.431e-12 7.3504e-12 5.135e-12 3.9788e-12 2.4724e-12 2.9243e-12 -1.7899e-13 3.0259e-12 9.8664e-13 -7.4585e-13 4.2321e-13 1.1848e-12 1.2209e-12 -1.7843e-12 6.4297e-13 2.3998e-12 -1.2211e-13 -7.4805e-13 1.0651e-12 1.4357e-12 8.3184e-14 1.238e-12 1.9594e-12 1.3375e-12 8.5888e-13 -1.6655e-12 -6.0192e-13 2.3587e-12 -1.1808e-12 6.4116e-13 9.318e-13 3.8363e-12 1.8368e-12 -2.5145e-12 1.4858e-12 6.714e-14 7.3884e-13 -1.7759e-13 -4.8658e-13 -1.3267e-12 1.4699e-13 -6.058e-14 -1.6254e-12 -1.5144e-12 -9.7553e-13 2.6491e-14 -7.3811e-13 3.7346e-13 -1.4527e-14 -4.7029e-13 -1.3883e-14 -1.3792e-14 2.932e-13 -1.2763e-13 2.1393e-14 8.5668e-15
-6.9683e-12 -2.2022e-12 -2.0323e-13 -2.027e-13 2.5431e-12 -3.143e-12 6.0996e-12 -1.198e-12 3.2085e-12 5.1379e-12 7.4662e-13 6.8266e-12 5.3256e-12 3.724e-12 5.9213e-12 2.0758e-12 7.3979e-12 6.7221e-12 4.1968e-13 -9.3248e-13 4.9767e-12 1.2452e-12 3.0833e-12 5.7564e-12 5.4545e-12 1.8246e-11 3.1546e-12 5.5227e-12 5.791e-12 7.481e-12 4.3563e-12 3.2256e-12 -1.0042e-12 8.7684e-13 1.6289e-12 1.7477e-12 2.275e-12 1.029e-13 -1.7373e-12 6.5315e-13 -3.0609e-14 2.3601e-12 -1.1657e-12 9.7432e-13 6.4862e-13 4.714e-12 2.8422e-14 -2.5324e-13 2.6816e-12 1.8931e-13 -1.1202e-14 -6.6178e-13 2.2761e-13 -2.1316e-12 -9.6181e-13 5.3269e-13 -6.7651e-13 1.0968e-12 1.3399e-12 -5.0062e-13 -8.4269e-13 -7.9937e-13 -3.6675e-13 1.3611e-12 -9.7056e-13 3.8348e-13 -2.2737e-12 3.9317e-13 2.2367e-13 9.0056e-13 -1.2919e-12 -5.4826e-13 -1.0434e-12 -4.5173e-13 2.6603e-13 -1.2965e-13 -1.1e-12 -2.1e-13 7.2561e-14 4.5072e-14 7.9016e-14 -1.9586e-14 2.5917e-14 -1.3905e-14
-9.8511e-12 -8.1902e-12 -1.7267e-12 -3.2871e-12 8.0244e-12 -2.1118e-14 5.7386e-12 4.6133e-12 8.7507e-12 7.4146e-13 5.2838e-12 1.3801e-11 1.0398e-11 1.2788e-11 7.328e-12 6.4989e-12 7.4593e-12 9.2371e-12 9.9743e-12 5.8813e-12 1.3577e-11 9.6129e-12 6.1711e-12 1.399e-11 6.4035e-12 3.1546e-12 2.2874e-11 8.2113e-12 1.9247e-12 1.2715e-12 4.7515e-12 2.8025e-12 3.697e-12 6.0183e-13 -2.5914e-12 3.6209e-12 3.9271e-12 -1.2727e-12 2.8541e-12 2.8262e-12 1.009e-12 6.1341e-13 1.6276e-12 3.3239e-12 9.5402e-13 2.9341e-13 1.5401e-12 -8.782e-13 -8.1571e-13 1.4014e-12 2.5525e-12 2.7947e-12 1.0663e-12 2.0721e-13 -1.512e-12 9.9446e-13 -3.736e-13 -2.2314e-12 2.9885e-12 -1.0801e-12 1.4922e-12 -3.5214e-12 2.4962e-13 3.3206e-12 -1.2425e-12 1.5038e-13 -1.0758e-12 -1.9962e-12 -9.2402e-13 -6.7157e-13 1.1666e-12 -8.8454e-13 -8.0716e-13 7.7073e-13 6.1113e-13 -1.0234e-13 -1.4816e-14 -4.6499e-14 -9.0076e-13 -9.2799e-14 7.5087e-15 -1.0762e-13 -4.374e-14 2.2945e-15
-7.6874e-12 -1.4278e-12 -1.101e-12 2.1022e-13 1.6066e-11 1.8483e-12 3.3448e-12 6.9868e-12 9.9453e-12 2.569e-12 4.1875e-12 1.5396e-11 7.9577e-12 7.7247e-12 3.546e-12 4.9473e-12 7.4207e-12 2.3967e-12 4.1512e-12 6.3459e-12 1.0073e-11 8.98e-12 7.2715e-12 1.0819e-12 9.0228e-12 5.5227e-12 8.2113e-12 1.9783e-11 3.8139e-12 8.1871e-12 5.3997e-12 2.3337e-12 4.0129e-12 3.7417e-12 2.7383e-12 3.3369e-12 1.2023e-12 1.4438e-12 6.6189e-12 8.3916e-13 4.5785e-12 3.4024e-12 2.6681e-12 9.4698e-13 -1.9725e-12 9.4958e-13 3.0037e-13 7.5125e-13 3.5598e-12 2.7187e-12 2.7623e-12 1.9685e-12 2.2518e-12 -1.1103e-12 7.1673e-13 -3.911e-13 -9.2519e-13 3.9361e-13 1.4959e-12 1.9353e-12 3.5231e-13 -1.7151e-12 1.364e-12 1.6562e-12 -2.8151e-14 1.1764e-12 2.9214e-13 -1.1488e-12 5.2673e-13 2.9937e-13 7.1866e-14 -1.3311e-12 -6.8986e-13 2.012e-13 -2.0118e-13 -5.1851e-13 2.2529e-14 3.393e-13 -1.9119e-13 -1.3917e-13 4.1615e-13 -1.906e-13 -9.6144e-15 7.7041e-15
-6.2296e-12 -3.3185e-12 -4.4299e-12 1.3703e-12 5.4072e-12 4.3476e-12 5.9304e-13 4.2321e-13 4.2632e-12 9.9539e-13 8.7424e-12 5.281e-12 9.2739e-12 6.3455e-12 -1.493e-12 4.3949e-12 5.595e-12 2.0741e-12 3.8553e-12 4.6275e-12 3.8033e-12 4.9457e-12 5.47e-12 3.4167e-12 3.431e-12 5.791e-12 1.9247e-12 3.8139e-12 1.3244e-11 2.2721e-12 2.9025e-12 4.1625e-12 2.5804e-12 2.7339e-13 2.7396e-13 3.1107e-13 3.3346e-12 4.9321e-12 4.3328e-13 3.7733e-12 9.4085e-13 3.5409e-12 -6.622e-13 -1.4003e-13 1.5842e-12 9.0957e-13 -2.0551e-12 2.0292e-12 6.6249e-13 1.2759e-13 -1.9964e-12 9.9274e-13 2.3624e-12 3.0557e-12 1.2737e-12 -1.5065e-12 -1.4325e-12 8.8824e-13 8.4583e-13 -9.7669e-13 4.7698e-13 3.8023e-13 1.819e-13 -1.1828e-12 8.5541e-14 5.9328e-14 -1.3783e-12 1.824e-13 -2.6326e-13 6.9866e-13 1.1445e-14 -1.4046e-12 -4.2934e-13 -2.725e-13 3.8993e-13 2.7545e-13 1.6336e-13 -3.184e-13 -6.4275e-14 -1.715e-13 1.3059e-13 -1.2895e-13 1.7884e-14 -2.2631e-14
-6.7095e-13 -1.4015e-12 -2.3668e-12 7.9357e-12 1.0973e-11 -8.6703e-13 1.02e-11 7.2985e-12 3.6553e-12 3.8319e-12 3.8434e-12 7.5948e-12 6.9888e-12 3.1789e-12 4.0571e-12 -3.3982e-13 4.0936e-12 1.0397e-11 -1.429e-12 6.036e-12 5.0764e-12 6.5918e-12 7.5078e-12 3.2204e-12 7.3504e-12 7.481e-12 1.2715e-12 8.1871e-12 2.2721e-12 1.7731e-11 5.9494e-12 2.622e-12 2.6573e-12 5.4882e-12 -1.3978e-13 5.2574e-12 2.1042e-12 3.086e-12 3.2835e-12 2.7137e-12 3.3222e-12 8.8535e-13 3.4935e-12 2.0772e-12 -7.5458e-13 2.0917e-12 1.1154e-12 8.1967e-13 5.7658e-13 2.0739e-12 2.0501e-12 1.174e-12 -8.3327e-13 -1.2794e-12 -3.3652e-13 1.1134e-12 -7.5236e-13 6.1551e-13 2.0561e-12 1.689e-12 -3.7779e-13 -6.2612e-13 3.6983e-13 -1.5689e-12 8.4215e-13 4.3184e-14 2.0165e-12 -9.6405e-14 -8.1847e-13 -2.6797e-13 -4.1288e-13 -2.8756e-13 -4.4618e-13 -1.1203e-13 -2.5725e-13 5.8184e-13 -6.5182e-14 1.0853e-13 -3.4017e-13 1.8562e-13 -6.5813e-14 -6.7738e-14 2.0415e-14 -5.3173e-15
-3.5192e-12 -5.1686e-12 -2.2184e-13 2.9558e-12 2.8769e-12 -3.7801e-12 -2.0134e-12 2.9765e-12 2.078e-12 -1.2375e-12 3.2932e-12 7.2809e-12 5.0315e-12 2.57e-12 1.9827e-12 5.0333e-12 5.0802e-12 6.2952e-12 -9.1413e-13 6.4971e-12 8.2942e-12 4.9472e-12 5.3855e-12 7.6406e-12 5.135e-12 4.3563e-12 4.7515e-12 5.3997e-12 2.9025e-12 5.9494e-12 1.3309e-11 4.278e-12 -1.448e-12 2.3585e-12 1.3322e-12 1.8859e-12 1.3891e-12 -6.0847e-13 2.9312e-12 3.1508e-12 2.8296e-12 -2.3463e-12 8.245e-13 1.4067e-12 6.2938e-13 1.8824e-12 -2.0129e-12 -1.2402e-12 2.7271e-12 4.0296e-13 -6.4357e-13 4.1518e-13 3.4286e-13 6.1366e-13 -7.1493e-13 3.377e-13 -1.6825e-12 9.3991e-14 1.7212e-12 1.4282e-12 8.5481e-13 -2.4733e-13 6.4695e-13 -1.4546e-13 -2.1388e-13 1.4023e-12 3.2741e-13 -7.294e-13 -5.0818e-13 -3.2684e-14 -9.383e-13 -8.5301e-14 -1.1475e-12 -2.8946e-14 2.6341e-13 4.1698e-13 -5.1092e-13 -1.3223e-13 -3.5614e-13 1.0508e-13 3.1092e-14 -8.7378e-14 1.2403e-15 1.1848e-14
9.9915e-13 -6.2782e-12 4.3388e-13 1.2412e-12 3.8414e-12 -1.1616e-12 1.0502e-12 1.5625e-13 3.0087e-13 1.4475e-12 5.128e-12 3.9516e-12 4.8086e-12 5.1072e-12 3.6279e-12 1.3588e-12 5.4802e-12 -1.3082e-12 1.2161e-12 3.0799e-12 1.7611e-12 2.5457e-12 4.73e-12 1.7444e-12 3.9788e-12 3.2256e-12 2.8025e-12 2.3337e-12 4.1625e-12 2.622e-12 4.278e-12 1.1113e-11 1.3944e-12 7.7324e-13 -7.9778e-13 -5.6601e-13 5.9525e-13 -1.2942e-13 -2.2072e-12 1.2051e-12 1.0615e-12 1.3382e-12 1.3031e-12 2.3588e-12 1.158e-12 1.2226e-12 6.0377e-13 7.0102e-13 6.4695e-14 1.8796e-12 -8.4857e-13 -1.0139e-12 2.4152e-12 1.139e-13 2.0608e-12 1.1117e-12 -2.3203e-12 -8.727e-13 -5.4479e-14 8.996e-13 4.274e-13 1.7935e-15 1.657e-12 1.1424e-12 1.5467e-12 4.4319e-14 6.5791e-13 -5.0212e-13 -1.5307e-12 -3.0364e-13 -6.0299e-13 -9.4561e-13 -1.0106e-12 -6.2537e-13 -2.7246e-13 2.3505e-13 -4.9117e-13 -3.9646e-14 -8.036e-14 -8.4772e-14 2.6603e-14 -1.6121e-14 4.9251e-15 1.5187e-14
-5.4391e-13 -1.4149e-12 1.5406e-12 1.6031e-12 7.6645e-12 1.6156e-12 5.0167e-12 8.9994e-13 6.6694e-12 4.3833e-12 6.7618e-12 4.4284e-12 4.947e-13 2.9638e-12 8.0707e-13 1.4028e-13 3.2981e-12 -2.5292e-12 1.6975e-12 2.4979e-12 2.8242e-12 2.9338e-12 5.9181e-12 3.273e-12 2.4724e-12 -1.0042e-12 3.697e-12 4.0129e-12 2.5804e-12 2.6573e-12 -1.448e-12 1.3944e-12 9.1925e-12 -1.7134e-13 -4.2674e-13 1.1417e-12 9.1903e-13 2.4416e-12 1.8693e-13 3.2968e-12 8.6541e-13 2.8913e-12 2.5803e-12 3.893e-13 -3.1462e-13 -8.9193e-13 -2.0591e-13 1.2925e-12 -1.2506e-12 8.1085e-13 8.4595e-13 2.1805e-12 4.0233e-14 1.5625e-12 1.3421e-13 -3.0604e-13 -8.6873e-13 2.6306e-13 9.7908e-14 7.1971e-13 1.2403e-12 -1.0358e-12 -7.3962e-13 -2.049e-13 3.1305e-13 -7.2739e-13 1.3864e-13 -5.4531e-13 -5.5415e-13 -4.8286e-13 4.3913e-13 -9.1791e-13 -1.3737e-13 2.044e-13 -2.7503e-13 8.2591e-14 4.8386e-13 2.5736e-13 -5.2238e-13 -1.3722e-13 4.2117e-14 -9.6864e-14 -5.6383e-15 -9.822e-15
1.2509e-12 2.9306e-12 3.3654e-12 -7.0166e-13 2.3376e-12 1.9347e-12 6.8334e-12 3.2634e-12 6.7297e-12 -2.1855e-13 3.3159e-12 4.0735e-12 7.409e-12 2.9642e-12 3.5834e-12 4.5941e-12 -1.5943e-12 7.6409e-12 1.1024e-12 4.9744e-12 2.3172e-12 7.6501e-12 1.4132e-12 1.9046e-12 2.9243e-12 8.7684e-13 6.0183e-13 3.7417e-12 2.7339e-13 5.4882e-12 2.3585e-12 7.7324e-13 -1.7134e-13 1.3132e-11 1.64e-12 2.7474e-12 -2.5568e-13 1.6926e-12 3.313e-12 -7.7922e-13 2.9152e-12 5.9465e-13 8.57e-13 1.8329e-13 1.252e-12 1.9354e-13 -4.7614e-13 8.739e-13 3.9344e-12 1.2106e-12 9.435e-13 1.821e-12 1.2283e-12 -5.2487e-13 -1.3059e-12 7.8924e-13 2.1569e-13 -9.1136e-13 -2.5763e-13 2.0744e-12 -6.7952e-13 6.476e-13 1.6508e-12 -7.2089e-13 1.0332e-12 -8.3618e-13 1.1927e-12 -4.1752e-13 -8.331e-13 -9.3384e-13 -8.3267e-13 8.1151e-13 -1.8442e-12 5.8463e-13 -7.7038e-13 -1.0765e-12 -7.9913e-14 -7.1766e-15 -1.0442e-13 2.8255e-13 -4.3278e-14 7.9722e-14 -2.2726e-14 -4.3245e-15
-5.7749e-12 3.916e-12 2.7133e-12 -7.9781e-13 -1.0582e-12 -2.5126e-12 -5.2315e-14 -2.0013e-13 1.1211e-12 1.2803e-12 2.3032e-12 4.0496e-12 -4.2619e-12 -9.7364e-13 7.2111e-13 1.4472e-12 1.3014e-12 -1.7789e-12 7.3466e-13 3.8079e-12 -3.1628e-13 1.8858e-12 5.2839e-13 5.0092e-13 -1.7899e-13 1.6289e-12 -2.5914e-12 2.7383e-12 2.7396e-13 -1.3978e-13 1.3322e-12 -7.9778e-13 -4.2674e-13 1.64e-12 8.4263e-12 2.671e-13 3.4696e-13 7.7628e-13 2.4148e-12 -1.8039e-12 -6.4064e-14 1.8576e-12 -5.5172e-14 -1.5265e-12 -1.4748e-12 8.269e-13 -1.6726e-12 8.9183e-13 1.7543e-12 -3.4878e-13 -9.072e-13 3.4638e-13 -1.1006e-13 -2.0172e-12 -6.4008e-13 -6.9639e-13 1.599e-13 5.1644e-13 -1.76e-12 9.2692e-13 5.3086e-13 7.9475e-13 7.3421e-13 3.0084e-13 2.4716e-13 1.0421e-12 -2.2193e-13 -3.8602e-13 1.3069e-12 1.3121e-13 -7.274e-13 4.6428e-13 -4.36e-13 -7.756e-13 -3.629e-13 -3.7461e-13 -3.3056e-13 5.4249e-14 2.3091e-13 -6.1789e-14 1.1619e-13 -6.8087e-15 -1.4224e-15 -2.2584e-14
-1.2876e-12 1.9403e-12 -1.7986e-12 -2.5203e-12 3.8142e-12 1.1689e-13 -3.1188e-12 2.7923e-12 4.1246e-12 -2.425e-12 -1.837e-12 3.2589e-12 6.7019e-12 9.4519e-13 4.2886e-12 1.7994e-12 3.4602e-12 3.4341e-12 3.5846e-12 6.8335e-12 3.1342e-12 5.0367e-12 -2.9132e-13 -4.9612e-15 3.0259e-12 1.7477e-12 3.6209e-12 3.3369e-12 3.1107e-13 5.2574e-12 1.8859e-12 -5.6601e-13 1.1417e-12 2.7474e-12 2.671e-13 1.0016e-11 1.9311e-12 1.1795e-12 2.966e-12 1.1665e-12 1.8387e-12 1.2219e-12 2.2141e-12 1.4003e-12 1.0673e-12 1.4167e-12 1.9727e-13 -9.4303e-13 1.4269e-13 2.7787e-12 1.3923e-12 2.514e-12 -1.2082e-12 -2.0122e-12 -6.028e-13 4.3628e-13 -1.5123e-12 -1.0492e-12 1.434e-12 -4.0033e-13 -7.9212e-13 2.0864e-13 2.765e-13 -8.6637e-13 -1.2228e-12 -6.4266e-13 8.4268e-13 1.7674e-13 -1.6019e-12 1.8664e-13 2.2799e-13 -6.6969e-13 -2.4359e-14 -1.3682e-13 -1.8506e-14 -2.3194e-13 -2.829e-13 -3.9083e-14 -1.3319e-13 1.3687e-13 -3.1779e-14 -1.1836e-14 -1.4666e-14 -1.1154e-14
-3.4347e-13 -7.5456e-12 -2.3141e-12 2.5098e-13 6.7602e-13 -1.6574e-12 5.0882e-12 2.9945e-12 2.914e-12 1.9793e-12 9.6109e-12 5.4673e-12 5.4641e-12 -5.9321e-13 1.6912e-12 9.5942e-13 4.2814e-12 5.1861e-12 2.2368e-12 6.2831e-12 -1.6747e-12 5.2204e-12 3.2136e-13 3.8707e-12 9.8664e-13 2.275e-12 3.9271e-12 1.2023e-12 3.3346e-12 2.1042e-12 1.3891e-12 5.9525e-13 9.1903e-13 -2.5568e-13 3.4696e-13 1.9311e-12 1.1308e-11 -3.6561e-14 3.2393e-13 1.6472e-12 -2.1199e-13 -3.7599e-13 2.3208e-12 3.4595e-12 -9.9497e-13 1.7039e-12 -1.0472e-12 1.5657e-12 -2.4301e-13 -1.0005e-12 -6.8659e-13 1.7678e-12 -5.7517e-13 -2.0147e-13 2.1617e-13 9.9203e-13 -1.9982e-12 8.6723e-13 1.0604e-12 -4.5934e-13 -6.1364e-13 -2.1359e-13 -7.0703e-13 -4.8222e-13 -1.2414e-12 1.5009e-12 -2.4046e-13 -2.6248e-13 -1.7191e-13 7.0956e-13 7.278e-13 1.2071e-13 5.4425e-14 4.3467e-13 3.8492e-13 -2.5853e-15 1.841e-13 1.9812e-13 -5.5243e-13 2.2944e-14 -1.8281e-13 2.7487e-14 7.7129e-15 -2.3303e-14
1.4947e-12 8.0363e-13 1.1192e-12 6.0175e-12 6.4169e-12 8.9274e-12 2.1379e-13 -2.0576e-12 -1.5599e-12 2.1403e-12 2.3762e-12 4.2319e-12 1.8195e-12 6.9091e-12 -6.5962e-13 1.3487e-12 -1.9048e-13 1.2975e-12 2.8882e-12 1.2194e-12 1.7519e-12 4.1182e-12 1.7158e-12 6.7316e-13 -7.4585e-13 1.029e-13 -1.2727e-12 1.4438e-12 4.9321e-12 3.086e-12 -6.0847e-13 -1.2942e-13 2.4416e-12 1.6926e-12 7.7628e-13 1.1795e-12 -3.6561e-14 1.2736e-11 2.0774e-12 4.1544e-13 2.3776e-12 2.1064e-12 -2.6906e-13 4.2061e-13 1.2997e-12 -6.597e-13 -3.1488e-13 -4.7367e-13 1.6498e-12 1.344e-13 -1.8598e-12 1.0857e-12 4.04e-13 7.8286e-13 -2.1653e-13 5.3383e-14 -9.3295e-13 1.5179e-13 -5.3067e-13 2.6854e-13 7.8695e-13 -2.409e-13 -7.6004e-13 -3.5452e-13 7.3086e-13 -5.575e-13 -4.4779e-13 -2.3267e-13 2.383e-13 2.8164e-13 -6.025e-13 -3.2547e-14 9.3334e-14 -8.5184e-14 4.9213e-13 -1.2939e-13 4.1369e-13 3.0657e-13 2.597e-13 -2.2305e-13 6.5672e-14 3.3862e-14 -1.0224e-14 -1.5321e-14
-5.145e-12 3.6002e-12 -4.7953e-13 4.5694e-13 3.795e-12 5.3566e-12 -7.7567e-13 4.6742e-12 1.3237e-12 1.3417e-12 -8.0971e-13 5.8579e-12 6.2107e-12 3.5095e-12 2.8738e-12 3.0042e-12 2.806e-12 2.3276e-12 2.269e-12 5.3357e-12 6.0151e-12 4.3272e-12 7.0687e-13 -2.5571e-12 4.2321e-13 -1.7373e-12 2.8541e-12 6.6189e-12 4.3328e-13 3.2835e-12 2.9312e-12 -2.2072e-12 1.8693e-13 3.313e-12 2.4148e-12 2.966e-12 3.2393e-13 2.0774e-12 1.1104e-11 4.6304e-13 2.6845e-12 -1.5544e-12 8.11e-13 -1.6525e-12 -1.726e-12 -1.1842e-13 4.5421e-13 1.3917e-12 2.6631e-12 1.61e-12 5.5361e-13 1.7041e-12 -1.0569e-12 2.4729e-13 -2.1159e-12 -1.1349e-12 -1.7279e-12 1.0055e-13 2.6053e-12 -8.4378e-13 1.369e-12 -1.0344e-12 5.7969e-13 -5.7897e-13 -9.4731e-13 7.4652e-13 1.0258e-12 -1.153e-12 3.1581e-13 6.0169e-13 5.5951e-13 1.7304e-13 -2.8418e-13 7.323e-13 -2.3003e-14 -1.179e-13 4.6189e-13 1.7189e-13 2.7236e-14 -2.5527e-14 2.1588e-13 -5.6016e-14 -1.7228e-14 -2.9887e-16
-1.1598e-12 -2.9687e-12 -3.2249e-12 -9.0468e-13 -9.4547e-13 -9.2935e-13 -4.6315e-13 2.2059e-13 4.9701e-12 -9.458e-13 3.5603e-12 5.0681e-12 3.2761e-12 4.3462e-12 4.1086e-13 2.4971e-12 3.006e-12 3.3825e-12 3.8177e-12 4.746e-12 1.3088e-12 1.7717e-12 4.1845e-12 2.2581e-12 1.1848e-12 6.5315e-13 2.8262e-12 8.3916e-13 3.7733e-12 2.7137e-12 3.1508e-12 1.2051e-12 3.2968e-12 -7.7922e-13 -1.8039e-12 1.1665e-12 1.6472e-12 4.1544e-13 4.6304e-13 8.7102e-12 5.0156e-13 2.0978e-12 -5.5291e-13 -4.5986e-14 1.1685e-13 9.279e-13 -2.6879e-12 9.3895e-13 -4.0204e-13 1.974e-12 -1.2952e-12 8.4964e-13 2.1596e-13 1.8749e-12 -8.7152e-13 -3.1436e-13 -1.7252e-12 -3.3457e-13 1.0265e-12 -6.9881e-13 8.4031e-13 -1.1351e-13 -1.8658e-12 -1.2197e-12 1.323e-13 -5.7429e-13 -4.9968e-13 -3.4764e-13 -3.3103e-13 -7.4061e-13 4.0321e-13 -6.8155e-13 -7.4863e-14 4.7044e-13 2.4834e-13 -1.4581e-13 4.7952e-14 -3.1776e-13 -5.4146e-13 2.8027e-14 -6.5893e-14 -1.1632e-13 5.3445e-15 -7.1245e-15
-2.6484e-12 -1.3175e-12 -3.1261e-12 -6.8917e-13 2.6727e-12 9.0532e-13 -1.6438e-12 1.7498e-12 4.6467e-12 7.2364e-14 -1.5175e-12 5.3953e-12 4.8891e-12 4.0405e-12 1.5352e-12 5.0291e-12 1.566e-12 2.8469e-12 1.4212e-12 3.0294e-12 2.6775e-12 4.1808e-12 -3.505e-14 -1.3388e-12 1.2209e-12 -3.0609e-14 1.009e-12 4.5785e-12 9.4085e-13 3.3222e-12 2.8296e-12 1.0615e-12 8.6541e-13 2.9152e-12 -6.4064e-14 1.8387e-12 -2.1199e-13 2.3776e-12 2.6845e-12 5.0156e-13 7.7577e-12 -1.8206e-13 -4.1573e-13 1.0477e-12 -9.5201e-13 2.2818e-14 -3.9468e-13 -1.5422e-12 1.7358e-12 1.7931e-12 -1.3771e-12 7.9993e-13 -6.9543e-13 9.7223e-13 -7.7364e-13 4.3075e-13 -1.3262e-12 -2.1128e-13 -8.5096e-14 9.0203e-13 -9.3117e-13 -8.4672e-13 -6.6106e-14 -7.6747e-13 3.3511e-15 -7.557e-13 7.1131e-14 -1.1995e-12 -1.1727e-12 -2.4775e-13 2.8103e-13 -1.1498e-12 -2.0066e-13 -7.8934e-13 -6.0855e-13 -5.4236e-13 -1.3067e-13 2.2346e-13 -8.0817e-14 -1.1008e-13 -5.6833e-14 -3.5823e-14 -2.4436e-15 9.6505e-16
-1.0114e-12 3.3213e-12 1.1151e-12 4.4828e-12 4.222e-12 1.5861e-12 -1.3468e-12 -1.7434e-12 5.8788e-12 -1.0834e-12 -1.6766e-12 8.2113e-12 3.4031e-12 5.989e-13 9.6586e-13 2.8188e-12 3.3843e-12 1.8055e-12 3.6024e-12 7.9771e-13 1.4038e-12 1.2199e-12 9.2612e-13 -8.0843e-13 -1.7843e-12 2.3601e-12 6.1341e-13 3.4024e-12 3.5409e-12 8.8535e-13 -2.3463e-12 1.3382e-12 2.8913e-12 5.9465e-13 1.8576e-12 1.2219e-12 -3.7599e-13 2.1064e-12 -1.5544e-12 2.0978e-12 -1.8206e-13 1.2669e-11 2.08e-13 -6.652e-13 1.2337e-12 2.4646e-13 1.0757e-12 2.9705e-13 1.4549e-12 3.0389e-12 -4.8208e-13 8.2975e-13 1.4855e-12 3.4035e-13 1.3473e-12 -9.8765e-14 1.3415e-12 6.3911e-14 -2.5339e-12 -6.1072e-13 -3.2624e-13 5.8178e-13 -5.4798e-13 6.1396e-13 -9.1954e-13 -1.4822e-13 -1.1004e-12 2.1595e-13 -4.2454e-13 -5.753e-13 8.8538e-16 -8.9089e-13 -3.533e-13 -4.6785e-13 2.185e-13 -9.469e-13 -3.5875e-13 7.7322e-15 -3.8882e-15 -2.3713e-13 -1.1175e-13 -7.9152e-14 1.4659e-15 -2.8538e-14
