2.8908e-11 2.3542e-11 2.1629e-11 2.4221e-11 2.1753e-11 1.935e-11 2.7747e-11 2.1344e-11 2.8133e-11 2.3671e-11 2.7938e-11 2.3936e-11 2.9575e-11 2.6532e-11 2.4944e-11 2.3963e-11 2.3581e-11 2.763e-11 2.1784e-11 2.7698e-11 1.7909e-11 2.8785e-11 2.4513e-11 3.0794e-11 3.3807e-11 2.554e-11 1.9538e-11 2.4062e-11 2.6068e-11 2.6024e-11 2.502e-11 2.3773e-11 2.0774e-11 2.3538e-11 1.9032e-11 2.5237e-11 2.3449e-11 2.4016e-11 1.6583e-11 2.3821e-11 3.1495e-11 2.3468e-11 2.3953e-11 2.0352e-11 1.5796e-11 2.2359e-11 2.1714e-11 1.814e-11 1.9554e-11 2.0112e-11 1.394e-11 1.3471e-11 1.4667e-11 1.6376e-11 1.3543e-11 1.3212e-11 1.1565e-11 1.795e-11 8.2381e-12 7.2161e-12 1.064e-11 6.4313e-12 1.3795e-11 1.1351e-11 9.8688e-12 6.9595e-12 9.2065e-12 6.7758e-12 7.7568e-12 4.7717e-12 6.282e-12 8.2315e-12 8.4149e-12 9.8711e-12 7.0323e-12 2.2242e-12 7.549e-12 4.6265e-13 2.5953e-12 7.6733e-12 1.2126e-12 7.2492e-12 2.2239e-12 -1.212e-12 9.3856e-13 5.7656e-12 -1.4229e-14 4.728e-12 3.329e-12 1.7235e-12 1.5458e-12 -4.9725e-13 8.8538e-13 -6.2508e-12 4.4627e-12 3.6966e-12 2.4824e-12 4.3366e-12 -4.8644e-13 1.4373e-12 -1.5535e-12 -2.2266e-12 1.6397e-12 2.5623e-12 2.9411e-12 2.8282e-12 1.8258e-12 -2.4303e-13 4.9173e-12 3.7576e-12 7.3305e-13 -3.2036e-13 -2.0252e-12 3.5568e-13 4.9025e-12 -3.4989e-13 1.6631e-12 -5.7836e-13 1.0825e-12 2.8631e-13 -2.1298e-12 2.2582e-12 9.0796e-13 -4.9618e-13 2.5964e-12 3.4251e-12 -1.7552e-12 2.5914e-13 4.3374e-12 -1.9565e-13 -4.8765e-13 -4.7342e-13 -1.5981e-12 4.1368e-13 -1.5839e-12 -1.5413e-12 -3.1382e-12 -2.6659e-12 -2.2647e-12 7.0057e-13 4.0772e-13 7.9403e-13 1.3486e-12 -1.7625e-12 -4.0918e-13 2.0308e-12 -1.398e-12 -1.3774e-12 -5.0457e-13 -1.046e-12 -7.9137e-13 7.4178e-13 -1.291e-12 -4.9601e-14 -7.6406e-13 2.3438e-12 -4.8147e-13 4.8287e-13 7.6235e-13 -2.0137e-12 -2.0445e-12 -3.7613e-13 -1.544e-12 5.2773e-13 -1.9277e-12 2.4107e-12 7.9384e-13 4.4654e-13 2.2389e-13 -4.1113e-14 -5.7591e-13 -2.5102e-13 -4.9784e-13 -7.6008e-13 -1.741e-13 1.3978e-13 -3.6868e-13 8.2988e-13 -2.5588e-13 4.1915e-13 -6.6307e-13 -5.5646e-13 3.2327e-13 0
2.3542e-11 2.7644e-11 2.113e-11 2.3802e-11 2.3141e-11 1.8594e-11 2.662e-11 2.1404e-11 2.7456e-11 2.2877e-11 2.6172e-11 2.324e-11 2.6504e-11 2.6793e-11 2.4278e-11 2.492e-11 2.4707e-11 2.5987e-11 2.0683e-11 2.5607e-11 1.8304e-11 2.7724e-11 2.3978e-11 2.9619e-11 3.2838e-11 2.4043e-11 1.9352e-11 2.5156e-11 2.4222e-11 2.3918e-11 2.5996e-11 2.4733e-11 2.1605e-11 2.3771e-11 2.1264e-11 2.4055e-11 2.3793e-11 2.4463e-11 1.4544e-11 2.3744e-11 2.8926e-11 2.2807e-11 2.0711e-11 1.9853e-11 1.9796e-11 2.0634e-11 2.1044e-11 2.1006e-11 2.1051e-11 1.9536e-11 1.2074e-11 1.1428e-11 1.4068e-11 1.7755e-11 1.5614e-11 1.0763e-11 1.099e-11 1.6569e-11 9.8807e-12 7.4294e-12 1.0025e-11 5.1976e-12 1.1935e-11 1.0238e-11 9.8257e-12 5.678e-12 8.3759e-12 7.9602e-12 8.4197e-12 3.4559e-12 4.7979e-12 5.7896e-12 8.5272e-12 1.0248e-11 7.6539e-12 2.7472e-12 7.9443e-12 4.1758e-12 2.0342e-12 3.9766e-12 1.7842e-12 8.3015e-12 3.6701e-12 -4.5212e-13 3.3683e-12 3.4021e-12 1.2719e-12 4.3754e-12 5.9515e-12 1.9705e-12 1.7899e-12 -9.5306e-13 9.5946e-13 -5.6147e-12 3.0443e-12 3.2234e-12 4.4628e-12 2.4278e-12 -5.0996e-13 -6.0143e-13 -2.988e-13 -3.4348e-12 7.9734e-15 2.1335e-12 8.9042e-13 2.065e-12 -4.015e-14 -1.5753e-12 4.9807e-12 3.3842e-12 5.2976e-13 -1.2208e-12 -4.9158e-12 -3.8748e-13 4.8618e-12 2.9222e-13 4.031e-12 -6.6897e-13 1.8703e-12 8.6659e-13 -1.1612e-12 1.8784e-12 -1.3735e-13 -2.1087e-13 2.6486e-12 3.7214e-12 -5.9347e-14 6.9934e-15 4.5213e-12 -8.6254e-13 -1.2728e-12 8.0148e-13 -1.6292e-12 1.4278e-12 5.781e-13 -2.8318e-12 -2.8254e-12 -2.1004e-12 -1.3488e-12 2.7786e-13 -2.0119e-13 -8.9978e-15 9.1208e-14 -1.31e-12 -5.0389e-13 1.5619e-12 1.1784e-13 -2.0299e-12 -3.4226e-13 -1.0996e-12 -1.0207e-12 1.0874e-12 -3.9067e-14 -9.5326e-13 -3.5145e-13 2.9697e-12 -1.7556e-12 2.0845e-12 1.052e-12 -1.6175e-12 -1.6492e-12 -3.9493e-13 -5.187e-13 2.2869e-12 -1.2107e-12 2.1665e-12 9.3907e-13 9.0477e-13 -1.962e-13 4.0681e-13 -3.4832e-13 -2.9532e-14 -7.4573e-13 -4.5675e-13 -2.806e-13 7.3696e-14 -4.3235e-13 8.5067e-13 -2.1061e-13 -1.3847e-13 -5.7134e-13 -7.6076e-13 1.0914e-13 0
2.1629e-11 2.113e-11 2.5728e-11 2.2313e-11 2.02e-11 1.9158e-11 2.4375e-11 1.9287e-11 2.7543e-11 2.3782e-11 2.6961e-11 2.2096e-11 2.5285e-11 2.6795e-11 2.3262e-11 2.4132e-11 2.1969e-11 2.5744e-11 2.0992e-11 2.7474e-11 1.6909e-11 2.492e-11 2.3314e-11 2.9374e-11 3.0464e-11 2.4821e-11 1.9479e-11 2.3982e-11 2.519e-11 2.1775e-11 2.4321e-11 2.4704e-11 2.127e-11 2.1226e-11 1.798e-11 2.461e-11 2.2823e-11 2.1507e-11 1.7084e-11 2.2884e-11 2.7806e-11 2.1968e-11 2.2851e-11 2.1375e-11 2.0322e-11 2.395e-11 2.0015e-11 1.6055e-11 1.9008e-11 1.4957e-11 1.1593e-11 1.3368e-11 1.2682e-11 1.8398e-11 1.4097e-11 1.2297e-11 1.0018e-11 1.5077e-11 1.0059e-11 7.8317e-12 1.1347e-11 6.7167e-12 1.1807e-11 9.3744e-12 1.0465e-11 6.5329e-12 1.093e-11 5.6624e-12 8.3765e-12 4.6159e-12 5.568e-12 8.5547e-12 6.7632e-12 1.0551e-11 6.3391e-12 2.0812e-12 6.165e-12 2.1848e-12 1.2348e-12 3.2835e-12 2.7011e-12 6.3972e-12 6.0975e-12 -3.6389e-13 3.2097e-12 4.1598e-12 2.4943e-12 5.4506e-12 6.8971e-12 4.4648e-12 1.155e-12 1.0425e-12 -2.941e-13 -5.456e-12 4.5306e-12 3.8439e-12 4.4762e-12 3.1275e-12 -3.4402e-14 6.181e-13 -2.6645e-13 -3.9262e-12 1.4597e-12 1.5106e-12 1.1656e-12 2.6203e-12 2.3528e-12 -8.855e-13 3.4964e-12 2.8723e-12 1.0026e-12 -1.054e-12 -4.8293e-12 3.9347e-14 5.0073e-12 -3.2137e-14 3.5183e-12 5.9579e-15 6.1213e-13 2.6543e-12 -1.2298e-12 2.2275e-12 4.8016e-13 -1.8262e-12 3.7217e-12 3.1333e-12 5.1827e-15 -9.4527e-13 4.53e-12 8.9767e-14 -1.5903e-12 -4.2921e-13 -4.9169e-13 -3.0726e-13 1.6605e-12 -2.4051e-12 -2.8042e-12 -1.9644e-12 -2.1934e-12 3.3157e-13 -1.3181e-12 1.3467e-12 -1.3898e-13 -1.3671e-12 -5.5077e-13 1.9799e-12 7.885e-14 -2.7724e-12 2.3552e-13 -1.8644e-12 -4.0114e-13 2.6303e-13 -4.6887e-13 -1.3354e-12 -1.4074e-12 2.1335e-12 -1.0309e-12 6.9924e-13 -3.5067e-13 -6.1609e-13 -1.5025e-12 -4.921e-13 -7.6068e-13 1.1504e-12 -1.0309e-12 2.079e-12 7.0635e-13 5.2925e-13 -7.3965e-13 5.0864e-13 -1.4573e-13 -5.1641e-13 2.0619e-13 -1.8054e-13 -7.0125e-13 -6.1939e-13 -5.0013e-13 4.5761e-13 -4.2793e-14 2.8936e-13 -5.6776e-13 -5.4761e-13 1.358e-13 0
2.4221e-11 2.3802e-11 2.2313e-11 2.8441e-11 2.3897e-11 1.9159e-11 2.8345e-11 2.2867e-11 2.8737e-11 2.4643e-11 2.9547e-11 2.4512e-11 2.8649e-11 2.7404e-11 2.4716e-11 2.6471e-11 2.473e-11 2.8733e-11 2.2148e-11 2.9782e-11 1.8461e-11 2.8898e-11 2.4996e-11 3.193e-11 3.2667e-11 2.3966e-11 2.1031e-11 2.8185e-11 2.7072e-11 2.4798e-11 2.7274e-11 2.5495e-11 2.0334e-11 2.4761e-11 2.317e-11 2.4409e-11 2.3569e-11 2.495e-11 1.7329e-11 2.4968e-11 3.1508e-11 2.6032e-11 2.3446e-11 2.1704e-11 1.9321e-11 2.4428e-11 2.0939e-11 1.8696e-11 2.2469e-11 1.7946e-11 1.5213e-11 1.3194e-11 1.5156e-11 1.7921e-11 1.3751e-11 1.4618e-11 1.24e-11 1.8607e-11 9.605e-12 8.0425e-12 1.1744e-11 8.8548e-12 1.2627e-11 9.6135e-12 9.3705e-12 8.0394e-12 1.0041e-11 6.9068e-12 8.6254e-12 4.9773e-12 7.7305e-12 7.5901e-12 8.16e-12 1.0396e-11 9.1379e-12 1.9844e-12 9.7979e-12 8.9555e-13 4.0061e-12 3.2242e-12 3.8327e-13 6.9803e-12 4.7951e-12 8.255e-13 3.0829e-12 4.1743e-12 1.8909e-12 6.4942e-12 5.9819e-12 2.5067e-12 2.2523e-12 1.3577e-12 6.6042e-13 -5.6942e-12 3.1879e-12 3.4684e-12 2.4849e-12 4.724e-12 -4.2496e-13 1.6738e-13 5.6739e-13 -4.5221e-12 -7.0703e-13 4.5228e-12 2.9938e-12 4.0404e-12 3.2508e-12 -2.2626e-13 4.2829e-12 4.539e-12 -4.1333e-13 -8.4385e-14 -2.3479e-12 -3.3915e-13 4.5026e-12 5.9174e-13 3.1352e-12 -8.4183e-13 5.808e-13 1.8502e-12 -2.4181e-12 3.6958e-12 4.2598e-13 -5.8849e-13 2.6536e-12 2.014e-12 2.7518e-13 6.1517e-14 4.4442e-12 1.4108e-12 -3.5926e-13 3.5196e-13 -1.7018e-12 2.1449e-13 5.5857e-13 -1.3958e-12 -1.3894e-12 -1.1781e-12 -1.2507e-12 4.0523e-14 -5.3692e-14 8.3219e-13 -1.447e-13 -1.8505e-12 1.0304e-13 2.0374e-12 -1.0605e-12 -2.0966e-12 9.2119e-13 -3.365e-13 -1.2855e-13 7.0313e-13 -2.5622e-12 -1.5648e-12 -1.502e-12 2.747e-12 -6.949e-13 1.7045e-12 1.3948e-13 -5.1918e-13 -1.8596e-12 -4.9353e-13 -1.1762e-12 1.505e-12 -1.0797e-12 2.0935e-12 5.2495e-13 7.412e-13 -1.1867e-12 1.109e-12 -8.0724e-13 -1.8278e-13 -5.4609e-13 -6.216e-13 -6.3295e-13 -5.7828e-14 -2.0643e-13 2.9823e-13 -1.1962e-13 4.5742e-13 -4.6182e-13 -5.3334e-13 2.2673e-13 0
2.1753e-11 2.3141e-11 2.02e-11 2.3897e-11 2.7389e-11 1.8546e-11 2.7025e-11 2.1439e-11 2.6834e-11 2.3844e-11 2.7716e-11 2.2611e-11 2.5454e-11 2.7516e-11 2.3441e-11 2.4871e-11 2.3736e-11 2.7222e-11 2.0492e-11 2.5268e-11 1.8068e-11 2.7348e-11 2.2174e-11 2.7695e-11 3.1019e-11 2.393e-11 1.9057e-11 2.646e-11 2.5159e-11 2.2887e-11 2.5989e-11 2.3319e-11 2.137e-11 2.3564e-11 1.9673e-11 2.3862e-11 2.2651e-11 2.5122e-11 1.6049e-11 2.1404e-11 2.9481e-11 2.2305e-11 2.1211e-11 1.8807e-11 2.0692e-11 2.2544e-11 1.7538e-11 1.9355e-11 2.1169e-11 1.8428e-11 1.4906e-11 1.1119e-11 1.372e-11 1.7358e-11 1.6163e-11 1.3277e-11 1.1161e-11 1.6055e-11 1.105e-11 8.6137e-12 9.7074e-12 8.0833e-12 1.3262e-11 8.2738e-12 9.3593e-12 5.9083e-12 8.4003e-12 5.8523e-12 9.2334e-12 5.345e-12 5.4449e-12 6.7517e-12 7.9903e-12 9.5021e-12 6.9389e-12 3.6617e-12 1.0525e-11 1.1801e-12 4.2152e-12 3.545e-12 4.0443e-13 6.3875e-12 6.5081e-12 4.2045e-13 2.7828e-12 1.9179e-12 2.7858e-12 4.7052e-12 7.5125e-12 3.473e-12 2.4771e-12 -1.1807e-12 -3.4319e-13 -5.2851e-12 6.8958e-13 3.7005e-12 3.7285e-12 3.7116e-12 -8.0546e-13 -6.7619e-14 -4.9605e-13 -2.923e-12 -2.7202e-12 3.5004e-12 3.7031e-12 3.5516e-12 1.297e-12 -9.8085e-13 5.4067e-12 3.7502e-12 1.309e-12 -6.0035e-13 -2.9664e-12 -1.127e-12 3.0654e-12 1.8165e-12 4.2163e-12 -1.0921e-12 1.384e-12 3.4458e-12 -4.3056e-14 4.4083e-12 1.334e-12 -8.103e-13 3.2102e-12 1.73e-12 9.9038e-13 4.5055e-13 4.6833e-12 -2.3997e-13 -2.0647e-12 -5.1552e-13 -2.2533e-12 4.0998e-13 -3.8357e-13 -1.1975e-12 -2.2971e-12 -2.4631e-12 -1.7512e-12 -1.7288e-13 1.0186e-12 7.9603e-13 4.0369e-13 -3.4921e-12 1.5547e-12 1.7131e-12 -1.2924e-12 3.2781e-14 7.5485e-13 -8.7732e-13 5.3303e-13 1.1296e-12 -1.0982e-12 -1.4014e-12 -1.7073e-12 3.0972e-12 -9.5336e-13 1.2402e-12 6.9879e-13 -1.5405e-12 -1.1164e-12 -4.0094e-15 -3.9585e-13 1.2615e-12 -6.2009e-13 2.4345e-12 3.9348e-14 1.1445e-12 -1.3396e-12 8.9211e-13 -2.7096e-13 -1.0799e-13 -9.8241e-14 -7.2896e-13 2.1784e-14 -2.684e-13 -5.3865e-13 5.2059e-13 -2.1459e-13 4.8445e-13 -4.5087e-13 -5.2104e-13 2.4102e-13 0
1.935e-11 1.8594e-11 1.9158e-11 1.9159e-11 1.8546e-11 2.1947e-11 2.3043e-11 1.831e-11 2.416e-11 1.9663e-11 2.1118e-11 1.9354e-11 2.2896e-11 2.375e-11 2.2545e-11 2.0099e-11 2.0535e-11 2.2281e-11 1.8641e-11 2.3545e-11 1.6785e-11 2.4759e-11 1.9784e-11 2.4471e-11 2.7618e-11 2.1089e-11 1.6064e-11 2.0477e-11 2.2525e-11 2.0801e-11 1.9302e-11 2.0805e-11 1.7688e-11 1.9244e-11 1.4776e-11 2.0826e-11 1.933e-11 1.8708e-11 1.6951e-11 1.8242e-11 2.3764e-11 1.922e-11 1.8643e-11 2.0575e-11 1.617e-11 1.7831e-11 1.8295e-11 1.6547e-11 1.9461e-11 1.5437e-11 1.379e-11 1.0125e-11 1.3e-11 1.5444e-11 1.2287e-11 1.0249e-11 1.0825e-11 1.4116e-11 7.8938e-12 8.1787e-12 9.7858e-12 5.153e-12 9.8309e-12 8.3193e-12 7.6647e-12 6.0865e-12 8.6621e-12 3.8477e-12 6.9317e-12 4.5472e-12 4.6373e-12 7.8268e-12 6.5629e-12 7.2051e-12 5.3534e-12 3.2567e-12 5.344e-12 2.9021e-12 1.1787e-12 4.0169e-12 6.8513e-13 3.7674e-12 3.8449e-12 -1.0184e-12 3.2397e-12 3.595e-12 -3.8754e-14 3.6763e-12 5.4086e-12 2.4417e-12 3.0393e-12 2.1489e-12 6.837e-13 -5.8206e-12 3.3957e-12 3.3197e-12 2.8392e-12 2.9296e-12 -1.761e-13 2.8438e-12 -1.757e-12 -1.8502e-12 1.5134e-12 2.8669e-12 -4.1064e-13 2.7958e-12 1.1174e-12 -1.5943e-12 4.1533e-12 3.4654e-12 1.2169e-12 -2.3257e-13 -3.5448e-12 2.2455e-12 2.342e-12 -3.6251e-14 3.0361e-12 -1.2305e-12 1.8589e-12 1.0531e-12 -1.5384e-12 2.906e-12 -1.6861e-13 4.3217e-14 1.1243e-12 7.1913e-13 5.2585e-13 6.4673e-13 3.4323e-12 8.2756e-13 -3.3808e-13 -2.7413e-13 9.1019e-14 3.542e-13 7.069e-13 -1.3433e-12 -2.8419e-12 -7.6266e-13 -2.0206e-12 1.2789e-12 -6.8846e-13 1.8817e-13 -6.9141e-13 -1.6356e-12 1.5631e-12 1.3048e-12 -6.2443e-13 -8.4113e-13 5.3864e-13 -2.4397e-12 -5.2007e-14 1.4008e-12 -1.444e-13 -1.0044e-12 -1.4578e-13 5.3765e-13 -1.1398e-12 3.4479e-13 3.4367e-13 -8.6672e-13 -1.5138e-12 3.2342e-13 3.8229e-13 1.0391e-12 6.0868e-13 2.1613e-12 6.322e-13 5.6518e-13 -6.0712e-13 -5.5042e-14 -5.583e-13 -7.7053e-14 -1.574e-13 -4.7571e-13 -1.9286e-13 -1.4101e-13 -4.5492e-13 1.9545e-13 -7.0995e-14 -1.7103e-13 -3.0822e-13 -4.7842e-13 1.7e-13 0
2.7747e-11 2.662e-11 2.4375e-11 2.8345e-11 2.7025e-11 2.3043e-11 3.4493e-11 2.5629e-11 3.3004e-11 2.7155e-11 3.1582e-11 2.6985e-11 3.3253e-11 2.9665e-11 2.9834e-11 2.9937e-11 2.7769e-11 3.2818e-11 2.5181e-11 3.1127e-11 2.1251e-11 3.3686e-11 2.962e-11 3.3337e-11 3.8219e-11 2.7883e-11 2.4814e-11 2.9353e-11 3.0429e-11 2.8765e-11 2.8201e-11 2.8233e-11 2.4675e-11 2.8157e-11 2.3225e-11 2.8086e-11 2.7541e-11 2.7599e-11 2.1348e-11 2.8734e-11 3.5502e-11 2.8034e-11 2.6615e-11 2.5123e-11 2.2306e-11 2.645e-11 2.4635e-11 2.2165e-11 2.4121e-11 2.1786e-11 1.8414e-11 1.4978e-11 1.6518e-11 2.0224e-11 1.7837e-11 1.5602e-11 1.4193e-11 2.1324e-11 1.1519e-11 9.2552e-12 1.1061e-11 8.6481e-12 1.4528e-11 1.0668e-11 1.0589e-11 7.0843e-12 1.2601e-11 7.8676e-12 8.4394e-12 4.9112e-12 7.0642e-12 9.7199e-12 9.7125e-12 1.0811e-11 8.8146e-12 2.625e-12 9.7245e-12 5.1002e-13 2.9338e-12 5.3523e-12 1.4454e-12 7.1549e-12 4.757e-12 -1.1606e-12 3.6155e-12 5.0133e-12 1.2512e-12 7.1523e-12 7.9976e-12 1.5693e-12 4.2919e-12 8.806e-13 1.5011e-12 -6.9484e-12 5.6946e-12 4.3434e-12 4.0841e-12 5.1015e-12 -9.044e-13 6.0714e-13 -2.1129e-12 -2.4043e-12 -8.9203e-15 3.8128e-12 2.6837e-12 3.9091e-12 2.4071e-12 1.3481e-12 5.5578e-12 3.5747e-12 4.6476e-13 -2.9042e-13 -2.98e-12 -1.4633e-12 3.7452e-12 1.8343e-12 4.1388e-12 -9.1452e-13 1.2602e-12 1.2231e-12 -9.2718e-13 4.7972e-12 2.5313e-12 -1.0145e-12 2.9374e-12 2.1068e-12 1.0311e-12 6.9045e-13 4.9105e-12 4.1286e-13 -1.3486e-12 -3.3023e-14 -1.2488e-12 -1.3804e-12 -5.1143e-13 -1.7391e-12 -3.8765e-12 -2.2151e-12 -2.2601e-12 1.137e-12 1.062e-12 6.778e-13 9.415e-13 -2.7751e-12 6.0626e-13 2.653e-12 -5.9194e-13 -7.6421e-13 -3.2086e-13 -1.7273e-12 -5.7614e-13 1.0708e-12 -3.4678e-12 -1.1778e-12 -8.8635e-13 2.6415e-12 -1.4863e-12 1.5336e-12 7.8892e-13 -1.0588e-12 -2.166e-12 -3.7484e-13 -6.4201e-13 1.152e-12 -4.6241e-13 3.3699e-12 3.3407e-13 7.9916e-13 -8.5448e-13 1.0348e-12 -8.5094e-13 -3.4637e-13 -4.7646e-13 -4.392e-13 -4.5713e-14 -1.6248e-13 -4.5344e-13 2.9456e-13 -1.4427e-13 4.4576e-13 -7.6994e-13 -3.4283e-13 4.0108e-13 0
2.1344e-11 2.1404e-11 1.9287e-11 2.2867e-11 2.1439e-11 1.831e-11 2.5629e-11 2.4795e-11 2.631e-11 2.1174e-11 2.5358e-11 2.078e-11 2.6182e-11 2.5662e-11 2.3863e-11 2.2206e-11 2.2809e-11 2.5844e-11 1.9098e-11 2.5684e-11 1.6285e-11 2.5494e-11 2.3012e-11 2.5153e-11 3.014e-11 2.1894e-11 1.892e-11 2.5586e-11 2.2897e-11 2.2881e-11 2.2726e-11 2.3352e-11 1.8138e-11 2.177e-11 1.9143e-11 2.1424e-11 1.9394e-11 2.1404e-11 1.7003e-11 2.3371e-11 2.7211e-11 2.1719e-11 1.9707e-11 2.0056e-11 1.7116e-11 1.8779e-11 2.0437e-11 1.9014e-11 1.8564e-11 1.7034e-11 1.423e-11 9.7492e-12 1.4787e-11 1.5217e-11 1.466e-11 1.3293e-11 1.1044e-11 1.6993e-11 8.7114e-12 8.0022e-12 9.82e-12 7.8193e-12 9.4176e-12 9.4674e-12 8.561e-12 7.3452e-12 9.3793e-12 7.2452e-12 7.8905e-12 3.7152e-12 6.9542e-12 7.415e-12 8.1654e-12 8.7171e-12 8.7713e-12 2.767e-12 9.1448e-12 -3.4062e-13 2.2261e-12 3.0423e-12 5.6226e-13 5.7816e-12 4.3171e-12 2.9707e-14 2.7788e-12 4.9026e-12 2.2762e-12 4.4648e-12 4.2166e-12 2.6141e-12 3.8733e-12 3.3754e-13 1.1846e-13 -7.0355e-12 5.2266e-12 3.3332e-12 4.1471e-12 3.5186e-12 2.6352e-12 2.7402e-12 6.7608e-14 -2.0609e-12 -1.3059e-12 2.6775e-12 1.7484e-12 3.8253e-12 1.9377e-12 -3.67e-13 5.0807e-12 1.7923e-12 6.75e-13 -2.4956e-13 -2.8058e-12 -1.0527e-12 3.3946e-12 1.1342e-13 4.2055e-12 -1.0856e-12 -3.1659e-13 1.7537e-12 -2.5781e-12 2.5287e-12 -4.5386e-13 -1.5192e-12 2.3996e-12 2.2223e-12 5.9203e-13 -9.8034e-14 3.0868e-12 -1.5631e-14 -9.5457e-13 -1.0451e-12 -5.297e-13 -6.0778e-13 5.4952e-13 -2.7879e-13 -9.3499e-13 -2.3665e-12 -2.8967e-12 3.2495e-13 1.1235e-12 -2.0885e-14 -9.7639e-13 -1.2017e-12 9.6323e-15 2.8211e-12 2.1202e-13 -1.2815e-12 -1.3589e-12 -1.8533e-12 -7.1416e-13 1.1588e-12 -1.4297e-12 -5.9492e-13 -5.9061e-13 2.559e-12 -1.4373e-12 1.1867e-12 4.6926e-13 -3.6013e-13 -1.2337e-12 6.6584e-14 -1.1026e-12 1.1651e-12 -1.2774e-13 2.3033e-12 2.7042e-13 -4.0531e-13 -6.9394e-13 9.655e-13 -2.8604e-13 -1.7985e-13 -5.6645e-13 -2.2628e-13 -2.3186e-13 8.0024e-14 -6.5693e-13 2.4033e-13 1.7593e-13 5.7889e-14 -8.8666e-13 -2.6508e-13 1.8429e-13 0
2.8133e-11 2.7456e-11 2.7543e-11 2.8737e-11 2.6834e-11 2.416e-11 3.3004e-11 2.631e-11 4.0428e-11 3.0153e-11 3.4117e-11 2.7508e-11 3.4893e-11 3.3264e-11 2.9838e-11 2.9449e-11 2.9275e-11 3.3226e-11 2.6433e-11 2.9943e-11 2.2895e-11 3.3409e-11 3.0896e-11 3.7403e-11 4.0212e-11 2.864e-11 2.4514e-11 3.0558e-11 3.2835e-11 2.8865e-11 2.9039e-11 3.1711e-11 2.6789e-11 2.83e-11 2.4552e-11 2.9266e-11 2.9472e-11 2.8501e-11 2.0671e-11 2.7888e-11 3.5564e-11 2.8766e-11 2.788e-11 2.7698e-11 2.2466e-11 3.0569e-11 2.6671e-11 2.1169e-11 2.2775e-11 2.3941e-11 1.7374e-11 1.5299e-11 1.971e-11 2.0809e-11 1.6974e-11 1.5678e-11 1.3431e-11 2.0733e-11 1.261e-11 9.8721e-12 1.3614e-11 8.091e-12 1.4583e-11 9.976e-12 1.0702e-11 8.1896e-12 1.1985e-11 6.5753e-12 8.5088e-12 4.4023e-12 7.8129e-12 1.0318e-11 1.1152e-11 1.1637e-11 9.1051e-12 2.4551e-12 7.48e-12 1.7096e-12 2.7666e-12 6.8372e-12 9.2777e-13 5.441e-12 6.1118e-12 -9.572e-14 5.9553e-12 7.0388e-12 2.3947e-12 5.6539e-12 7.4459e-12 2.0888e-12 4.3332e-12 1.2918e-12 2.6635e-13 -6.6391e-12 6.9501e-12 2.6587e-12 6.1454e-12 3.7004e-12 -1.7589e-12 3.9238e-13 -1.5385e-12 -4.1151e-12 5.8793e-13 2.0932e-12 5.0001e-13 2.4754e-12 1.0425e-12 -1.9124e-12 5.853e-12 2.7077e-12 3.8143e-13 -5.8527e-13 -4.4128e-12 -1.2672e-12 4.5449e-12 9.3965e-13 5.6896e-12 -8.9821e-13 1.9386e-12 2.2554e-12 -1.6979e-12 4.416e-12 1.6479e-12 -9.4168e-13 3.5607e-12 3.0031e-12 -2.8865e-13 1.0717e-12 5.8192e-12 -3.2725e-13 -2.267e-12 -2.6358e-13 -6.3611e-13 -1.174e-12 5.3476e-13 -3.1465e-12 -2.9114e-12 -2.9548e-12 -2.5139e-12 3.1346e-13 4.2447e-13 1.1442e-12 6.1489e-13 -2.2317e-12 -1.4849e-13 2.8965e-12 4.9424e-15 -1.2911e-12 -1.4101e-12 -3.4656e-12 -5.2055e-13 1.8308e-12 -1.5658e-12 -7.3718e-13 -1.7771e-12 2.2448e-12 -1.1028e-12 1.2524e-12 1.6804e-13 7.9999e-14 -2.5065e-12 -1.0285e-12 -1.3012e-12 1.454e-12 -9.1722e-13 2.6045e-12 1.4521e-13 4.022e-13 -1.0209e-12 1.7254e-13 -4.6893e-13 -3.4361e-13 -1.5393e-13 -1.8906e-13 -2.5658e-13 -3.5865e-14 -6.5432e-13 3.2993e-13 1.0472e-14 2.9881e-13 -8.0756e-13 -5.8424e-13 5.9277e-13 0
2.3671e-11 2.2877e-11 2.3782e-11 2.4643e-11 2.3844e-11 1.9663e-11 2.7155e-11 2.1174e-11 3.0153e-11 2.9254e-11 2.9537e-11 2.3881e-11 2.7659e-11 2.9014e-11 2.4259e-11 2.6577e-11 2.3237e-11 3.0448e-11 2.1265e-11 2.6647e-11 1.946e-11 2.9684e-11 2.4958e-11 3.2415e-11 3.3099e-11 2.504e-11 1.9222e-11 2.876e-11 2.7063e-11 2.3164e-11 2.5601e-11 2.5662e-11 2.1924e-11 2.4053e-11 1.9795e-11 2.6096e-11 2.3542e-11 2.4495e-11 1.9231e-11 2.3966e-11 3.0789e-11 2.2921e-11 2.4872e-11 2.1385e-11 2.1285e-11 2.5166e-11 2.1501e-11 1.8303e-11 2.1076e-11 1.8351e-11 1.3529e-11 1.4543e-11 1.4418e-11 1.8933e-11 1.5571e-11 1.6206e-11 1.225e-11 1.6051e-11 1.1014e-11 9.5183e-12 1.2917e-11 7.6082e-12 1.3767e-11 9.1787e-12 1.0166e-11 6.9544e-12 1.0436e-11 7.4091e-12 6.353e-12 5.2134e-12 5.7018e-12 7.7021e-12 9.6254e-12 9.3135e-12 7.684e-12 4.236e-12 9.7169e-12 1.2275e-12 1.469e-12 6.2033e-12 1.3758e-12 5.1962e-12 4.2843e-12 1.553e-13 3.1191e-12 4.6986e-12 2.4935e-12 5.1386e-12 5.9371e-12 3.4982e-12 4.2311e-12 -4.2193e-14 -3.0781e-13 -5.4924e-12 3.1617e-12 5.0379e-12 3.6281e-12 1.3363e-12 -1.7684e-12 1.3379e-12 3.4292e-13 -3.9767e-12 5.5676e-13 2.2064e-12 1.0968e-12 2.6989e-12 2.0905e-12 -1.1379e-12 3.6355e-12 2.8555e-12 -7.8548e-13 -1.388e-12 -3.2788e-12 -6.361e-13 3.8784e-12 1.9657e-13 4.6293e-12 -1.577e-12 2.2466e-12 2.6047e-12 -1.2089e-12 4.1714e-12 8.1435e-13 -5.6718e-13 3.796e-12 2.2363e-12 -1.204e-12 6.5621e-13 5.5771e-12 -1.3996e-12 -1.9695e-12 5.7775e-13 -1.1519e-12 2.2195e-13 1.8286e-13 -3.819e-12 -2.6568e-12 -1.9649e-12 -1.2972e-12 -3.0049e-13 -1.9454e-13 1.2024e-13 1.0486e-13 -2.4833e-12 -6.8264e-14 2.8969e-12 -1.0901e-12 -2.0058e-12 -4.7422e-14 -1.9603e-12 3.3767e-13 5.7609e-13 -6.5164e-13 -1.3448e-12 -1.1739e-12 2.7489e-12 -4.4212e-13 1.028e-12 -2.7286e-13 -4.1918e-13 -1.5157e-12 -1.0599e-12 -2.4442e-13 8.7679e-13 -7.9342e-13 2.7229e-12 8.0462e-13 2.7093e-13 -1.0318e-12 1.4693e-12 1.8451e-13 1.6891e-13 2.2709e-13 -5.4967e-13 -3.5728e-13 -3.3391e-13 -9.4281e-13 3.9779e-13 -2.1432e-13 3.3575e-13 -4.2844e-13 -5.2921e-13 3.0533e-13 0
2.7938e-11 2.6172e-11 2.6961e-11 2.9547e-11 2.7716e-11 2.1118e-11 3.1582e-11 2.5358e-11 3.4117e-11 2.9537e-11 4.1044e-11 2.74e-11 3.3497e-11 3.2058e-11 2.7935e-11 3.0528e-11 2.9138e-11 3.3728e-11 2.4634e-11 3.4921e-11 2.1834e-11 3.3492e-11 2.795e-11 3.7481e-11 3.8816e-11 2.8097e-11 2.2836e-11 3.2131e-11 3.3468e-11 2.8407e-11 3.0722e-11 3.0905e-11 2.4063e-11 2.6964e-11 2.4528e-11 2.8886e-11 2.8388e-11 2.9802e-11 1.9009e-11 2.7139e-11 3.874e-11 2.9273e-11 2.8898e-11 2.3818e-11 2.44e-11 2.7605e-11 2.2186e-11 2.1955e-11 2.2654e-11 2.136e-11 1.8028e-11 1.6297e-11 1.7197e-11 2.0194e-11 1.7942e-11 1.6749e-11 1.2347e-11 1.9878e-11 1.1034e-11 1.0585e-11 1.4046e-11 1.2576e-11 1.6548e-11 1.184e-11 1.1531e-11 1.0884e-11 1.1735e-11 8.0216e-12 1.0847e-11 4.9778e-12 6.8277e-12 7.4769e-12 6.8839e-12 1.2171e-11 8.1623e-12 2.2403e-12 9.639e-12 -8.3488e-13 4.8952e-12 4.283e-12 1.066e-12 7.0845e-12 4.4803e-12 -1.0887e-12 2.4112e-12 7.0407e-12 1.9724e-12 8.6502e-12 5.9994e-12 5.1637e-12 2.1659e-12 1.9814e-13 -7.2708e-13 -5.7201e-12 2.9412e-12 4.974e-12 4.2797e-12 3.4687e-12 -1.4519e-12 -5.4667e-13 -1.9576e-12 -3.97e-12 9.2942e-13 2.4686e-12 4.9777e-12 5.3592e-12 9.5599e-13 -1.8327e-12 3.8397e-12 3.8306e-12 2.8786e-13 7.2717e-13 -2.3501e-12 -2.589e-12 6.4482e-12 6.6699e-13 5.4816e-12 5.5628e-13 4.7411e-13 2.2363e-12 -3.8443e-12 2.8622e-12 1.4503e-12 -1.9411e-12 4.5666e-12 2.2391e-12 -2.8303e-13 -9.5044e-13 5.3262e-12 8.4009e-13 -7.9011e-13 -7.0004e-13 -2e-12 -1.9377e-12 -2.1405e-13 -1.7234e-12 -2.3213e-12 -2.3763e-12 -2.7469e-12 -1.214e-12 1.1685e-12 2.1489e-13 5.9865e-13 -1.9595e-12 -1.311e-14 2.0041e-12 -2.9894e-13 -3.1563e-12 -5.0891e-13 -6.8444e-13 -8.0956e-13 1.0795e-12 -1.6393e-12 -1.7914e-12 -1.9911e-12 3.7351e-12 -1.0745e-12 7.9596e-13 7.5154e-13 -9.4493e-13 -1.3771e-12 -7.6371e-13 -2.4725e-12 1.4622e-12 -2.2857e-12 2.6321e-12 4.6067e-13 1.0473e-12 -2.0801e-12 1.0774e-12 -8.7515e-14 -4.5207e-13 -9.3199e-14 -1.4131e-13 -3.4552e-13 -6.9292e-13 -3.8765e-13 6.3625e-13 -5.4658e-14 8.9206e-13 -7.3942e-14 -7.1057e-13 2.7126e-13 0
2.3936e-11 2.324e-11 2.2096e-11 2.4512e-11 2.2611e-11 1.9354e-11 2.6985e-11 2.078e-11 2.7508e-11 2.3881e-11 2.74e-11 2.7836e-11 2.6382e-11 2.7081e-11 2.4363e-11 2.4777e-11 2.4191e-11 2.5615e-11 2.1647e-11 2.9338e-11 1.6957e-11 2.6612e-11 2.2239e-11 2.9972e-11 3.1358e-11 2.3556e-11 2.055e-11 2.5921e-11 2.5271e-11 2.2837e-11 2.4414e-11 2.4593e-11 2.156e-11 2.2316e-11 2.0046e-11 2.5147e-11 2.2957e-11 2.5341e-11 1.6444e-11 2.2737e-11 3.0085e-11 2.2721e-11 2.2015e-11 2.2898e-11 1.8402e-11 2.1834e-11 2.1141e-11 1.7113e-11 1.9453e-11 1.8875e-11 1.4746e-11 1.0937e-11 1.3834e-11 1.7349e-11 1.0964e-11 1.2073e-11 1.2065e-11 1.6395e-11 8.5505e-12 8.8981e-12 1.2217e-11 5.2124e-12 1.2512e-11 1.0499e-11 8.3357e-12 8.6331e-12 9.8455e-12 5.2893e-12 9.8669e-12 4.5767e-12 7.1329e-12 8.4698e-12 7.7252e-12 1.0768e-11 6.8083e-12 2.7543e-12 9.8533e-12 8.8214e-13 1.506e-12 4.9398e-12 4.9357e-13 7.3643e-12 3.1421e-12 -2.0119e-13 1.5429e-12 6.2279e-12 1.0307e-12 5.9645e-12 5.301e-12 3.5626e-12 2.8129e-12 -1.4357e-13 5.5e-13 -5.8614e-12 3.0874e-12 2.5386e-12 2.8917e-12 3.2781e-12 -2.0493e-12 1.5886e-12 -1.7481e-12 -4.016e-12 3.0262e-13 2.7774e-12 1.7433e-12 3.5171e-12 2.2886e-12 -4.1952e-13 4.2371e-12 2.7307e-12 -1.4762e-13 -5.5167e-13 -2.015e-12 9.8476e-13 4.881e-12 -4.5524e-13 1.2048e-12 -1.1162e-12 1.5821e-12 6.4167e-13 -1.3345e-12 2.7676e-12 4.669e-13 6.981e-13 1.18e-12 3.194e-12 -6.9048e-14 6.0738e-13 5.4017e-12 8.2262e-13 -1e-12 -5.9595e-13 -2.15e-12 6.881e-14 7.8476e-13 -1.8933e-12 -2.1617e-12 -1.1614e-12 -1.1783e-12 9.3176e-13 -1.1483e-12 4.9607e-13 5.8429e-13 -2.1986e-12 -7.8567e-13 1.7094e-12 -1.2014e-12 -2.8001e-12 1.2693e-12 -1.0563e-12 -9.4048e-14 1.0024e-13 -7.89e-13 -1.8038e-13 -9.1274e-13 1.8745e-12 -1.1258e-12 6.5421e-13 1.9483e-12 -1.1356e-12 -2.5692e-12 -2.9429e-14 -1.4365e-12 1.2815e-12 -1.0322e-12 2.1611e-12 6.3633e-13 8.8355e-13 -1.5452e-12 1.0094e-12 -1.0686e-13 -4.2458e-13 -2.7188e-13 -2.7833e-13 -3.4005e-13 -2.3988e-14 -2.8275e-13 4.7413e-13 -2.2596e-13 1.776e-13 -3.3522e-13 -5.513e-13 6.7706e-14 0
2.9575e-11 2.6504e-11 2.5285e-11 2.8649e-11 2.5454e-11 2.2896e-11 3.3253e-11 2.6182e-11 3.4893e-11 2.7659e-11 3.3497e-11 2.6382e-11 3.7521e-11 2.9856e-11 2.8978e-11 2.9325e-11 2.7808e-11 3.2435e-11 2.5552e-11 3.0731e-11 2.0793e-11 3.3566e-11 3.0603e-11 3.5507e-11 3.9213e-11 2.7985e-11 2.49e-11 2.9313e-11 3.2037e-11 2.9841e-11 2.8619e-11 3.0445e-11 2.4128e-11 2.6717e-11 2.2907e-11 2.6751e-11 2.7894e-11 2.7055e-11 2.137e-11 2.8047e-11 3.7804e-11 3.0288e-11 2.7129e-11 2.5423e-11 2.2171e-11 2.8478e-11 2.6839e-11 2.2427e-11 2.3477e-11 2.1597e-11 1.839e-11 1.5389e-11 2.0281e-11 2.0166e-11 1.7702e-11 1.5182e-11 1.26e-11 2.062e-11 1.0245e-11 9.1355e-12 1.2443e-11 1.0148e-11 1.3515e-11 1.1611e-11 1.066e-11 7.9322e-12 1.2072e-11 7.975e-12 7.487e-12 4.3926e-12 8.7869e-12 9.5118e-12 1.011e-11 9.9974e-12 7.8338e-12 1.7006e-12 9.5036e-12 4.2656e-13 2.8503e-12 5.6395e-12 4.8766e-13 5.1128e-12 4.0541e-12 -1.4953e-12 2.1501e-12 8.0614e-12 1.1663e-12 5.7144e-12 6.9677e-12 1.9587e-12 3.5791e-12 1.1834e-12 2.741e-12 -7.7255e-12 7.3853e-12 3.725e-12 3.8211e-12 5.0316e-12 2.5272e-13 4.7714e-13 -1.3399e-12 -3.2717e-12 1.8136e-12 1.3307e-12 2.3144e-12 4.1171e-12 2.8689e-12 1.0818e-12 6.0334e-12 3.8728e-12 2.2143e-14 9.0446e-13 -3.1431e-12 -1.5091e-12 4.341e-12 -8.1932e-14 3.9317e-12 -1.6455e-12 -1.1447e-13 1.0094e-12 -3.046e-12 2.9911e-12 2.094e-12 -1.2995e-12 2.6853e-12 3.6423e-12 1.0671e-13 -1.1106e-12 4.7715e-12 3.3056e-15 -2.0716e-12 -9.0131e-13 -1.4475e-12 -2.0958e-12 1.5143e-13 -1.6681e-12 -2.9092e-12 -3.1613e-12 -3.012e-12 5.866e-13 1.2269e-12 1.3009e-14 -7.2314e-14 -2.4042e-12 -7.0552e-14 2.7143e-12 -5.5309e-13 -1.6442e-12 -1.1608e-12 -1.2393e-12 -1.1554e-12 1.8066e-12 -3.0205e-12 -9.3791e-13 -9.5869e-13 3.04e-12 -1.1433e-12 1.7564e-12 8.5363e-13 -7.0882e-13 -2.4578e-12 -3.8481e-13 -1.7379e-12 1.1876e-12 -1.4957e-12 2.544e-12 6.1546e-13 4.3625e-13 -1.4512e-13 1.1097e-13 -9.9406e-13 -3.5351e-13 -9.3927e-13 -8.781e-13 -4.9115e-14 2.0824e-13 -6.9226e-13 4.0569e-13 -1.2612e-13 3.5028e-13 -5.1979e-13 -5.75e-13 7.1779e-13 0
2.6532e-11 2.6793e-11 2.6795e-11 2.7404e-11 2.7516e-11 2.375e-11 2.9665e-11 2.5662e-11 3.3264e-11 2.9014e-11 3.2058e-11 2.7081e-11 2.9856e-11 3.7485e-11 3.0057e-11 2.8623e-11 2.8514e-11 3.1471e-11 2.5257e-11 3.1713e-11 2.0665e-11 3.3056e-11 2.7305e-11 3.4034e-11 3.7592e-11 2.927e-11 2.1641e-11 3.2337e-11 3.0314e-11 2.5464e-11 2.8874e-11 2.9085e-11 2.4515e-11 2.6794e-11 2.2402e-11 3.0368e-11 2.5481e-11 2.8469e-11 2.0086e-11 2.6893e-11 3.3714e-11 2.452e-11 2.6078e-11 2.417e-11 2.1155e-11 2.6831e-11 2.2708e-11 2.2262e-11 2.4163e-11 1.8743e-11 1.4547e-11 1.4751e-11 1.8111e-11 2.008e-11 1.5832e-11 1.535e-11 1.2397e-11 1.7915e-11 1.0587e-11 1.0771e-11 1.3744e-11 8.7629e-12 1.5783e-11 1.223e-11 1.3115e-11 7.8327e-12 1.0933e-11 7.8419e-12 1.0944e-11 4.2158e-12 5.6331e-12 8.441e-12 9.6091e-12 1.1616e-11 9.372e-12 6.489e-12 1.0272e-11 3.2208e-12 3.5248e-12 5.7831e-12 -2.0033e-13 7.315e-12 6.2066e-12 2.0963e-13 3.6142e-12 4.0245e-12 1.967e-12 5.6461e-12 6.8112e-12 5.2846e-12 2.531e-12 1.1118e-12 -1.8934e-12 -6.1946e-12 2.0949e-12 4.9737e-12 3.9908e-12 3.9274e-12 7.2748e-13 1.4679e-12 -6.3417e-13 -4.4623e-12 6.6078e-13 3.7825e-12 1.6253e-12 2.3145e-12 2.4992e-12 -1.6056e-12 4.3571e-12 3.4505e-12 -6.0952e-13 -2.9607e-12 -5.7638e-12 1.3346e-12 4.2459e-12 -2.4456e-13 4.492e-12 -2.0534e-12 2.3758e-12 4.013e-12 -1.766e-12 3.6638e-12 9.1225e-13 -5.9373e-13 3.2897e-12 3.5907e-12 -1.5771e-13 -3.01e-13 5.5872e-12 6.7591e-13 -4.6168e-13 9.2591e-14 -1.4903e-12 3.9728e-13 6.3786e-13 -1.1229e-12 -2.7073e-12 -2.3913e-12 -3.138e-12 -2.5917e-13 -5.6144e-13 7.0838e-13 -8.6138e-13 -2.9515e-12 3.5638e-13 1.7265e-12 -8.3705e-13 -1.6239e-12 5.6437e-13 -2.0826e-12 1.5963e-13 4.0602e-13 9.7062e-13 -1.5325e-12 -1.2107e-12 3.2969e-12 -2.1565e-13 1.7974e-12 7.5312e-13 -4.5112e-13 -1.2613e-12 -3.262e-13 -2.1164e-13 1.5842e-12 -9.8324e-13 1.8382e-12 1.0121e-13 7.3586e-13 -1.3648e-12 5.8423e-13 2.0875e-13 -2.9294e-14 3.2287e-13 -4.8176e-13 -7.3792e-13 1.9275e-13 -8.3569e-13 8.0477e-13 -4.9249e-14 4.7445e-14 -9.2444e-13 -8.1418e-13 3.7456e-14 0
2.4944e-11 2.4278e-11 2.3262e-11 2.4716e-11 2.3441e-11 2.2545e-11 2.9834e-11 2.3863e-11 2.9838e-11 2.4259e-11 2.7935e-11 2.4363e-11 2.8978e-11 3.0057e-11 3.1552e-11 2.5443e-11 2.7182e-11 2.9537e-11 2.3493e-11 2.897e-11 1.8854e-11 3.0276e-11 2.5629e-11 3.0202e-11 3.4956e-11 2.6855e-11 2.1295e-11 2.6584e-11 2.9156e-11 2.5069e-11 2.4951e-11 2.689e-11 2.2389e-11 2.4565e-11 2.082e-11 2.6311e-11 2.5855e-11 2.5453e-11 1.7582e-11 2.5972e-11 3.1875e-11 2.5595e-11 2.4742e-11 2.1317e-11 1.8813e-11 2.3779e-11 2.3276e-11 2.1826e-11 2.1534e-11 1.9284e-11 1.5955e-11 1.5564e-11 1.5467e-11 1.839e-11 1.5727e-11 1.2251e-11 1.3229e-11 1.856e-11 8.559e-12 7.8825e-12 1.0561e-11 7.1756e-12 1.2943e-11 9.9382e-12 1.1365e-11 6.9576e-12 1.2291e-11 5.8202e-12 6.0923e-12 4.5257e-12 4.5907e-12 1.0146e-11 8.7517e-12 1.0804e-11 9.2277e-12 5.7788e-12 9.2236e-12 1.9569e-12 2.5288e-12 6.5925e-12 1.0083e-12 7.4677e-12 4.351e-12 -1.0623e-12 4.6805e-12 5.0286e-12 1.4497e-12 4.8697e-12 6.4229e-12 2.5438e-12 3.6438e-12 4.4669e-13 1.6921e-13 -5.9019e-12 5.1221e-12 4.1606e-12 4.1365e-12 4.2412e-12 8.7312e-13 1.4e-12 -1.7073e-12 -1.7932e-12 7.1913e-13 4.097e-12 2.3517e-12 3.4758e-12 2.0254e-12 4.3787e-13 5.2043e-12 2.5901e-12 3.4286e-13 -3.1282e-12 -4.3899e-12 8.5418e-13 3.5797e-12 1.8434e-13 3.8436e-12 -6.4685e-13 1.0794e-12 1.5612e-12 -1.0725e-12 2.7149e-12 2.5027e-12 -6.463e-13 1.4101e-12 3.0664e-12 8.923e-13 6.8972e-13 2.8596e-12 8.3982e-13 -3.1066e-13 4.2596e-13 -1.3617e-12 -2.0446e-12 -2.4976e-13 -1.4164e-12 -3.7087e-12 -2.9299e-12 -3.0074e-12 5.9956e-13 -2.0605e-13 6.642e-13 3.0414e-14 -2.125e-12 9.2106e-13 1.6336e-12 1.6329e-13 -7.5736e-13 -1.2892e-13 -2.253e-12 -6.4809e-13 7.4997e-13 -9.0513e-13 -9.9824e-13 -2.7309e-13 1.7341e-12 -1.3552e-12 2.5836e-12 9.7834e-13 -4.4805e-13 -1.7185e-12 -1.8889e-13 -3.8042e-13 8.8842e-13 -3.7034e-13 2.6343e-12 1.3937e-13 8.3314e-13 -9.1849e-13 2.8047e-13 -4.2755e-13 -4.2084e-13 -4.3327e-14 -2.0624e-14 -6.4347e-13 2.8931e-13 -3.533e-13 3.4639e-13 1.3312e-14 1.128e-13 -7.5755e-13 -4.5183e-13 3.9469e-14 0
2.3963e-11 2.492e-11 2.4132e-11 2.6471e-11 2.4871e-11 2.0099e-11 2.9937e-11 2.2206e-11 2.9449e-11 2.6577e-11 3.0528e-11 2.4777e-11 2.9325e-11 2.8623e-11 2.5443e-11 3.3056e-11 2.5283e-11 3.0204e-11 2.3638e-11 3.0203e-11 1.8695e-11 2.9932e-11 2.7251e-11 3.2506e-11 3.2919e-11 2.4918e-11 2.28e-11 3.0858e-11 2.8422e-11 2.5181e-11 2.5119e-11 2.5522e-11 2.346e-11 2.5364e-11 2.253e-11 2.6714e-11 2.5318e-11 2.4153e-11 2.1977e-11 2.7352e-11 3.0915e-11 2.3629e-11 2.4614e-11 2.2895e-11 2.1757e-11 2.6104e-11 2.1623e-11 2.0365e-11 2.4408e-11 1.7659e-11 1.6287e-11 1.3824e-11 1.5032e-11 2.0934e-11 1.6846e-11 1.528e-11 1.0333e-11 1.6301e-11 1.2359e-11 8.065e-12 1.2307e-11 8.55e-12 1.3919e-11 8.654e-12 1.0091e-11 5.669e-12 1.0948e-11 9.4712e-12 8.0024e-12 4.0588e-12 6.1031e-12 7.1624e-12 1.0298e-11 1.0789e-11 8.7067e-12 1.349e-12 9.7502e-12 6.3119e-13 2.6374e-12 2.8886e-12 1.6017e-12 6.1502e-12 5.9507e-12 -1.2314e-12 4.0243e-12 3.8229e-12 1.7236e-12 6.931e-12 8.3588e-12 4.7686e-12 4.0688e-12 1.1717e-12 8.1262e-13 -6.5455e-12 3.8143e-12 5.9755e-12 3.0738e-12 1.9405e-12 -7.081e-13 -5.8333e-14 -7.619e-14 -2.7143e-12 1.6676e-12 1.7052e-12 3.1307e-12 3.4455e-12 3.8295e-12 1.4321e-12 2.6512e-12 2.8348e-12 -1.7357e-13 -1.7543e-12 -4.1667e-12 -1.3286e-12 5.9662e-12 1.1414e-12 4.0495e-12 -1.8445e-12 1.0126e-12 2.1581e-12 -1.5364e-12 5.6607e-12 1.4195e-12 -2.0362e-12 2.8405e-12 3.0667e-12 1.1355e-12 4.6905e-14 4.3852e-12 2.7048e-13 -1.2698e-12 -1.9429e-13 -2.4345e-12 6.8095e-13 -5.6524e-13 -2.42e-12 -4.4064e-12 -1.1119e-12 -2.1238e-12 3.1919e-13 8.8833e-13 1.1486e-13 -9.8781e-13 -2.5594e-12 3.831e-13 1.8828e-12 -1.5827e-12 -2.4739e-12 1.44e-13 -8.7688e-13 -7.3757e-13 3.2026e-13 -2.6464e-12 -1.4717e-12 -8.8181e-13 2.6512e-12 -8.5807e-13 1.6392e-12 4.5783e-13 -3.3521e-13 -1.5914e-12 -8.4933e-13 -6.6917e-13 1.4006e-12 -1.6014e-12 3.1393e-12 4.2838e-13 9.616e-13 -1.5332e-12 1.424e-12 -6.4993e-13 -4.3915e-13 9.2857e-16 -5.5946e-13 -6.1193e-13 -3.3346e-13 -5.6793e-13 7.4974e-13 -1.325e-13 4.1092e-13 -2.9123e-13 -4.6667e-13 1.8333e-13 0
2.3581e-11 2.4707e-11 2.1969e-11 2.473e-11 2.3736e-11 2.0535e-11 2.7769e-11 2.2809e-11 2.9275e-11 2.3237e-11 2.9138e-11 2.4191e-11 2.7808e-11 2.8514e-11 2.7182e-11 2.5283e-11 2.9799e-11 2.7774e-11 2.2228e-11 2.8561e-11 1.9022e-11 2.8265e-11 2.4614e-11 2.9563e-11 3.3454e-11 2.2988e-11 2.1534e-11 2.572e-11 2.7149e-11 2.4746e-11 2.4872e-11 2.6631e-11 2.3049e-11 2.3202e-11 2.1053e-11 2.3755e-11 2.5845e-11 2.4781e-11 1.765e-11 2.4277e-11 3.054e-11 2.5957e-11 2.2047e-11 1.9845e-11 1.879e-11 2.2377e-11 2.0705e-11 2.1388e-11 2.1197e-11 2.1449e-11 1.6342e-11 1.2793e-11 1.4439e-11 1.7409e-11 1.4994e-11 1.1412e-11 1.0655e-11 1.8071e-11 8.7757e-12 8.3582e-12 1.1034e-11 7.202e-12 1.1056e-11 1.0194e-11 8.0866e-12 8.8296e-12 1.0387e-11 5.6036e-12 9.4036e-12 2.0841e-12 5.703e-12 7.5004e-12 7.046e-12 1.1623e-11 7.918e-12 3.4741e-12 9.1748e-12 3.2964e-12 3.3426e-12 4.0678e-12 3.5989e-13 7.4743e-12 4.1808e-12 -2.7956e-13 4.5688e-12 5.3205e-12 3.1279e-12 5.3509e-12 7.2679e-12 3.7557e-12 2.6343e-12 8.3422e-14 -6.0439e-13 -6.4835e-12 2.9764e-12 2.9919e-12 3.7773e-12 1.8082e-12 -1.3847e-12 2.569e-13 -3.1751e-12 -2.9854e-12 -6.7591e-14 2.26e-12 2.8458e-12 3.0994e-12 -1.6755e-13 3.3977e-13 5.3686e-12 2.5916e-12 9.0619e-13 -1.6259e-12 -3.8222e-12 -9.84e-13 4.8056e-12 7.6351e-13 3.9623e-12 -1.5391e-12 2.7525e-12 2.0526e-12 -2.613e-12 1.6579e-12 1.8864e-12 -9.0845e-13 2.6367e-12 2.8389e-12 2.8704e-13 1.0913e-12 2.6726e-12 1.0018e-12 -7.607e-13 -5.077e-13 -3.1671e-12 -8.908e-13 1.5586e-12 -7.323e-13 -2.5712e-12 -1.6472e-12 -2.5423e-12 -3.7447e-13 -1.2275e-13 8.8261e-16 -4.8455e-13 -2.6489e-12 1.0735e-12 1.8927e-12 8.5007e-13 -1.7957e-12 4.1997e-13 -1.7026e-12 2.1449e-13 1.355e-12 2.8765e-13 -5.1597e-14 -1.6149e-12 2.4862e-12 -9.659e-13 1.0113e-12 1.6055e-12 -2.5298e-13 -1.634e-12 -7.1713e-13 -7.5988e-13 2.1538e-12 -1.2307e-12 2.9042e-12 6.4468e-13 1.4808e-12 -1.0843e-12 6.447e-13 -4.2142e-13 -5.0993e-13 -3.8449e-13 -5.826e-14 -4.2333e-13 1.4664e-13 -5.3634e-13 2.5515e-13 -1.3934e-13 -1.1e-13 -4.6055e-13 -6.125e-13 2.0978e-13 0
2.763e-11 2.5987e-11 2.5744e-11 2.8733e-11 2.7222e-11 2.2281e-11 3.2818e-11 2.5844e-11 3.3226e-11 3.0448e-11 3.3728e-11 2.5615e-11 3.2435e-11 3.1471e-11 2.9537e-11 3.0204e-11 2.7774e-11 3.8678e-11 2.5469e-11 3.1485e-11 2.1347e-11 3.433e-11 2.8603e-11 3.5594e-11 3.9249e-11 2.7996e-11 2.1913e-11 3.2714e-11 3.131e-11 2.9466e-11 2.8695e-11 2.8744e-11 2.2437e-11 2.7371e-11 2.2148e-11 2.7324e-11 2.7762e-11 2.7732e-11 2.271e-11 2.7731e-11 3.5922e-11 2.9476e-11 2.925e-11 2.2584e-11 2.2705e-11 2.7524e-11 2.3758e-11 2.0874e-11 2.3833e-11 2.0045e-11 1.7203e-11 1.6624e-11 1.6381e-11 2.1662e-11 1.9295e-11 1.8168e-11 1.2565e-11 1.9667e-11 1.1933e-11 8.4543e-12 1.3671e-11 8.6484e-12 1.2594e-11 1.2086e-11 1.1378e-11 8.2578e-12 1.1637e-11 8.4471e-12 7.4356e-12 6.3275e-12 5.677e-12 9.8645e-12 1.0025e-11 9.7149e-12 8.4587e-12 4.1122e-12 1.071e-11 4.6783e-14 2.6897e-12 6.3156e-12 1.2632e-12 8.581e-12 3.9481e-12 -9.149e-13 3.85e-12 6.0048e-12 3.5129e-12 8.0069e-12 6.4368e-12 1.8692e-12 3.7492e-12 1.9806e-14 -6.7803e-13 -5.9677e-12 3.9309e-12 5.225e-12 4.6983e-12 1.4959e-12 -7.9853e-13 8.2524e-13 -5.098e-14 -2.3007e-12 -1.5082e-12 4.2626e-12 2.9036e-12 4.6125e-12 1.9841e-12 -7.2591e-15 6.0701e-12 2.7718e-12 8.2857e-13 -1.6874e-12 -4.387e-12 -2.8197e-12 5.3722e-12 1.2894e-12 7.2069e-12 -5.7205e-13 3.786e-12 3.6337e-12 -2.1274e-12 4.8272e-12 1.2387e-12 -2.5316e-12 5.3623e-12 2.3308e-12 3.1697e-13 5.0384e-13 4.1285e-12 -3.4372e-13 -2.0213e-12 5.6901e-13 -5.6633e-14 -4.5052e-13 -1.4786e-12 -2.5946e-12 -3.7863e-12 -2.6844e-12 -1.8664e-12 -1.3703e-12 -8.873e-14 7.6682e-13 4.6027e-13 -2.978e-12 7.1027e-13 2.988e-12 -6.9916e-14 -3.0147e-12 -8.996e-13 -2.2415e-12 -7.5842e-13 1.7614e-12 -2.3962e-12 -1.7228e-12 -1.519e-12 3.7192e-12 -9.166e-13 1.1688e-12 -3.4946e-13 2.7068e-14 -1.4881e-12 -7.5626e-13 -4.6858e-13 9.8115e-13 -9.7155e-13 3.5999e-12 6.1189e-13 7.3466e-13 -5.999e-13 2.0328e-12 -1.7343e-13 -1.2835e-13 -5.2382e-13 -5.1807e-13 -5.3592e-14 -6.8971e-13 -8.2707e-13 4.173e-13 -2.5672e-13 4.672e-13 -5.6614e-13 -5.4268e-13 2.5707e-13 0
2.1784e-11 2.0683e-11 2.0992e-11 2.2148e-11 2.0492e-11 1.8641e-11 2.5181e-11 1.9098e-11 2.6433e-11 2.1265e-11 2.4634e-11 2.1647e-11 2.5552e-11 2.5257e-11 2.3493e-11 2.3638e-11 2.2228e-11 2.5469e-11 2.3492e-11 2.4985e-11 1.5507e-11 2.4479e-11 2.314e-11 2.7742e-11 3.01e-11 2.1974e-11 1.83e-11 2.3435e-11 2.4325e-11 2.1693e-11 2.2549e-11 2.2803e-11 1.9557e-11 2.1044e-11 1.6806e-11 2.2999e-11 2.1945e-11 2.0764e-11 1.6512e-11 2.2033e-11 2.7642e-11 2.2902e-11 2.0445e-11 1.9987e-11 1.8502e-11 2.1684e-11 1.9856e-11 1.6173e-11 1.8042e-11 1.4718e-11 1.2629e-11 1.1663e-11 1.5168e-11 1.7786e-11 1.1581e-11 9.682e-12 7.7817e-12 1.4388e-11 6.6779e-12 8.2272e-12 1.1584e-11 7.1138e-12 1.0195e-11 7.6494e-12 8.583e-12 5.5909e-12 9.6885e-12 5.0402e-12 7.8804e-12 4.8216e-12 5.2799e-12 7.7364e-12 7.0947e-12 1.0097e-11 6.8879e-12 2.6325e-12 6.1869e-12 9.0005e-13 2.5918e-12 4.544e-12 -4.381e-13 4.0287e-12 4.5058e-12 -8.6489e-13 3.1967e-12 4.8826e-12 3.7617e-13 5.1858e-12 5.9258e-12 2.2639e-12 1.2447e-12 9.3158e-13 -1.0524e-13 -6.256e-12 4.4473e-12 2.2959e-12 2.0301e-12 3.7127e-12 -1.0696e-12 1.5457e-12 -5.1045e-13 -2.175e-12 1.0761e-13 2.2898e-12 4.8859e-13 6.6487e-13 1.5839e-12 8.1376e-13 5.182e-12 2.6764e-12 -3.8929e-13 -1.6742e-12 -4.4103e-12 1.9936e-13 4.8164e-12 8.7555e-13 2.4488e-12 -9.7707e-13 1.9634e-12 1.5588e-12 -1.1754e-12 2.8676e-12 8.5487e-13 -1.583e-12 2.4622e-12 3.9686e-12 1.6928e-13 4.4631e-13 3.5092e-12 1.2884e-12 -1.0118e-12 -4.8264e-13 -1.3613e-12 6.8246e-13 -1.5714e-13 -1.6436e-12 -3.5545e-12 -1.967e-12 -2.0329e-12 -8.9568e-15 -1.6676e-12 1.3234e-12 3.1262e-13 -1.9329e-12 2.6128e-13 2.1693e-12 -1.4756e-12 -1.9005e-12 -8.5879e-14 -1.2783e-12 -8.0822e-13 1.1304e-12 -7.5796e-13 -1.0429e-12 -1.215e-12 1.5804e-12 -4.7421e-13 7.5146e-13 1.1584e-12 -4.8924e-13 -1.2986e-12 -5.0033e-13 -8.2857e-13 1.0795e-12 -1.3079e-12 2.012e-12 3.3433e-13 1.2385e-12 -5.0717e-13 -3.7181e-13 -4.3035e-13 -6.1415e-13 -2.7484e-13 -4.046e-13 -5.6109e-13 -2.1541e-13 -2.0447e-13 5.024e-13 -2.4999e-13 1.3383e-13 -4.5582e-13 -3.4449e-13 2.5276e-13 0
