,0,1,2,3,4,5,6,7,8,9,10,11,12,13,14,15,16,17,18,19,20,21,22,23,24,25,26,27,28,29,30,31,32,33,34,35,36,37,38,39,40,41,42,43,44,45,46,47,48,49,50,51,52,53,54,55,56,57,58,59,60,61,62,63,64,65,66,67,68,69,70,71,72,73,74,75,76,77,78,79,80,81,82,83,84,85,86,87,88,89,90,91,92,93,94,95,96,97,98,99,100,101,102,103,104,105,106,107,108,109,110,111,112,113,114,115,116,117,118,119,120,121,122
0,1,0.91006,0.92918,0.88522,0.90908,0.84625,0.90315,0.90856,0.87145,0.929,0.89463,0.86912,0.89452,0.84339,0.81173,0.86104,0.81294,0.83234,0.79754,0.8588,0.86944,0.78352,0.77908,0.78188,0.83473,0.81262,0.7286,0.68996,0.77757,0.63526,0.60512,0.69078,0.63743,0.5284,0.46332,0.57122,0.50181,0.55867,0.32721,0.5888,0.40899,0.515,0.24945,0.20432,0.51423,0.2329,0.28388,-0.0901,0.20517,0.16274,0.041351,0.16706,0.41723,0.094957,0.058651,0.089892,-0.011871,-0.13196,-0.13773,-0.068303,0.18584,-0.14804,-0.34617,-0.16331,-0.23276,-0.081879,-0.28291,0.19067,-0.35913,-0.080019,-0.19369,-0.26442,-0.3878,-0.26201,-0.15927,0.14782,-0.28085,-0.018781,-0.078753,0.021818,-0.0011173,0.029365,0.12823,0.044542,-0.24914,-0.059634,-0.29245,0.050546,-0.09841,0.15445,-0.17279,-0.12941,-0.21388,-0.01454,-0.094876,-0.0071645,0.18113,-0.073614,0.13162,0.017944,0.1675,0.23145,-0.015243,-0.17233,0.11122,0.075209,0.11368,0.061481,0.12677,-0.108,-0.14469,0.21738,-0.0054858,0.21617,0.33836,0.22801,-0.17215,0.056852,0.18206,-0.014535,-0.051713,0.21608,0.081506
1,0.91006,1,0.88484,0.84175,0.86889,0.85396,0.85983,0.8653,0.85714,0.89527,0.86853,0.85782,0.8287,0.80036,0.79652,0.85298,0.85004,0.78238,0.81315,0.85236,0.78938,0.69435,0.73253,0.77029,0.73556,0.78226,0.76919,0.69394,0.75765,0.6722,0.58888,0.68081,0.59727,0.53443,0.51166,0.59115,0.52425,0.53098,0.27286,0.55013,0.36008,0.54878,0.23641,0.28683,0.53734,0.14628,0.34955,-0.092772,0.27658,0.041129,0.0022936,0.15309,0.45939,0.17417,0.07753,0.099349,-0.028615,-0.20386,-0.058721,-0.10251,0.12163,-0.002906,-0.23592,-0.17686,-0.23244,-0.059132,-0.29827,0.19778,-0.27332,-0.099934,-0.19216,-0.18958,-0.28837,-0.30111,-0.10778,0.14794,-0.37878,0.063962,-0.089699,0.063413,0.032137,0.030212,0.067329,0.050711,-0.11907,-0.075852,-0.10918,0.042193,-0.15269,0.22525,-0.27653,-0.12532,-0.26934,-0.035361,-0.01697,0.017098,0.19327,-0.018971,0.06154,0.083118,0.15659,0.18434,0.0048719,-0.12493,-0.093846,0.10384,0.12118,0.14757,0.1765,-0.13201,-0.16837,0.19779,0.0023511,0.23299,0.28832,0.23408,-0.096845,0.004357,0.21495,-0.041683,-0.0767,0.21701,0.077245
2,0.92918,0.88484,1,0.82859,0.88733,0.86688,0.88207,0.82714,0.83719,0.88243,0.84291,0.84149,0.84692,0.82521,0.78857,0.84621,0.81264,0.76516,0.80048,0.87615,0.82505,0.72596,0.74298,0.75633,0.79737,0.79002,0.71607,0.67824,0.69842,0.71786,0.65215,0.66348,0.58221,0.52122,0.51232,0.56229,0.51988,0.48895,0.29986,0.60761,0.49504,0.50339,0.21858,0.21809,0.5825,0.17448,0.27157,-0.089786,0.18161,0.1342,0.09021,0.077438,0.51453,0.10086,0.11799,0.11471,-0.0047276,-0.17541,-0.23489,-0.16765,0.093035,-0.076321,-0.35853,-0.12982,-0.14474,-0.06003,-0.32433,0.24757,-0.34469,-0.16866,-0.19129,-0.27177,-0.37309,-0.25222,-0.087419,0.19897,-0.28283,0.058167,-0.089272,-0.084624,0.0451,-0.0065904,0.054913,0.0097371,-0.19588,-0.010733,-0.1779,0.059442,-0.080078,0.062135,-0.089178,-0.09033,-0.22302,-0.0090001,-0.07684,-0.007595,0.10709,-0.017069,0.021731,0.077869,0.24235,0.18759,-0.0084894,-0.23001,0.079578,0.1587,0.05903,-0.011393,0.1501,-0.14562,-0.21821,0.19223,0.0017961,0.19528,0.34904,0.25936,-0.18362,0.028667,0.23319,-0.1064,-0.096801,0.23983,0.042947
3,0.88522,0.84175,0.82859,1,0.83188,0.81459,0.88998,0.85426,0.84681,0.84873,0.87637,0.84579,0.84824,0.78155,0.81204,0.82453,0.74584,0.78405,0.82845,0.85093,0.77766,0.84555,0.75283,0.75449,0.77496,0.79248,0.63038,0.74306,0.73431,0.65662,0.6118,0.58096,0.64317,0.59461,0.45947,0.49917,0.58031,0.563,0.34235,0.43145,0.36861,0.51664,0.20846,0.24452,0.40162,0.27729,0.20397,-0.064606,0.19136,0.23622,0.1532,0.17416,0.39841,0.099927,0.13662,0.13871,-0.030941,-0.28796,-0.14717,-0.0014042,0.16445,-0.044291,-0.36814,-0.23146,-0.12188,0.017371,-0.14691,0.18605,-0.29724,-0.038279,-0.16982,-0.17636,-0.32982,-0.23447,-0.12623,0.24333,-0.13149,-0.10831,0.048123,0.032857,-0.063469,0.070702,0.27361,0.028498,-0.32161,0.036635,-0.33067,0.060397,-0.13075,0.22669,-0.19173,-0.039057,-0.20923,-0.050625,0.0081927,-0.010978,0.2479,-0.13097,0.084544,0.042949,0.11418,0.29543,-0.0030026,-0.1513,0.12886,0.041149,0.109,0.11022,0.090749,-0.22158,-0.097764,0.090104,-0.0090588,0.080488,0.33115,0.29585,-0.2171,0.0013789,0.24783,-0.0062979,-0.033637,0.12851,0.037906
4,0.90908,0.86889,0.88733,0.83188,1,0.82038,0.88567,0.86894,0.83568,0.88493,0.86566,0.88053,0.83466,0.76742,0.81884,0.85766,0.76384,0.78782,0.76934,0.83177,0.80729,0.72069,0.71604,0.72267,0.82039,0.77305,0.6989,0.63769,0.76783,0.73488,0.69182,0.69472,0.62524,0.43492,0.47908,0.60102,0.52316,0.50816,0.26699,0.44966,0.41704,0.48609,0.2344,0.17394,0.44963,0.16296,0.26539,-0.17564,0.1475,0.092476,0.093526,0.24656,0.36484,0.11857,0.18224,-0.020209,-0.14564,-0.10559,-0.21054,-0.052967,0.039351,-0.094659,-0.27956,-0.23408,-0.18288,-0.12204,-0.32619,0.15885,-0.31748,-0.1139,-0.2481,-0.29186,-0.37793,-0.33295,-0.090644,0.11641,-0.21481,-0.092657,0.024921,0.0075416,0.090622,0.091346,0.20227,0.035215,-0.18921,-0.086926,-0.16803,0.044944,-0.051916,0.14271,-0.1044,-0.24183,-0.25763,-0.071157,-0.040492,-0.035015,0.091863,-0.060385,0.1412,0.044015,0.29728,0.17248,0.059635,-0.32121,0.02906,0.087903,0.083025,0.043588,0.1356,-0.27655,-0.11239,0.2122,0.01328,0.27294,0.34951,0.36145,-0.1631,0.16973,0.16371,0.06397,-0.16401,0.060596,0.077438
5,0.84625,0.85396,0.86688,0.81459,0.82038,1,0.866,0.84135,0.83905,0.79836,0.86721,0.81675,0.84073,0.88327,0.75239,0.86213,0.79697,0.77916,0.79792,0.85733,0.79164,0.72866,0.76349,0.7719,0.69736,0.75869,0.72977,0.71212,0.68226,0.69809,0.66237,0.64235,0.62362,0.52911,0.41549,0.57717,0.56205,0.60534,0.23365,0.50565,0.54738,0.58417,0.18547,0.30001,0.52887,0.21386,0.22452,-0.029559,0.094144,0.16325,-0.06942,0.045837,0.5231,0.0038065,0.14722,0.10166,0.099298,-0.25008,-0.13629,-0.08765,0.026803,0.095128,-0.31566,-0.17084,-0.036738,-0.0049071,-0.17701,0.18842,-0.29362,-0.17649,-0.16299,-0.042386,-0.19186,-0.14661,0.065787,0.12078,-0.22385,0.19946,-0.0066495,-0.059949,0.046391,-0.1068,0.090004,0.062934,-0.2096,0.089036,-0.15396,0.24977,0.033624,0.12814,-0.14975,-0.15297,-0.35753,7.2104e-05,-0.0088782,-0.0090896,0.071773,-0.011905,0.014098,0.18082,0.22937,0.20528,0.10099,-0.17872,-0.04223,0.11922,0.056401,0.16195,0.12396,-0.14838,-0.12926,0.038124,0.013155,0.086814,0.22555,0.24034,-0.18464,0.011329,0.21517,-0.079082,-0.10907,0.27353,-0.030714
6,0.90315,0.85983,0.88207,0.88998,0.88567,0.866,1,0.86582,0.86471,0.86021,0.89321,0.87738,0.85439,0.84135,0.82276,0.86124,0.82824,0.80273,0.79743,0.85119,0.80054,0.81141,0.81462,0.73164,0.80522,0.82004,0.65175,0.71353,0.7688,0.64352,0.64455,0.65557,0.6376,0.47689,0.46475,0.55297,0.57714,0.5593,0.19894,0.49274,0.45233,0.5829,0.15194,0.18167,0.4944,0.20264,0.30108,-0.019863,0.071599,0.14826,0.12734,0.12527,0.4641,0.10055,0.02519,0.036521,0.035721,-0.16465,-0.15067,-0.056804,0.079289,-0.034992,-0.39505,-0.28731,-0.11226,0.043457,-0.30859,0.2067,-0.35352,-0.13232,-0.2028,-0.16819,-0.23373,-0.17951,-0.087756,0.1449,-0.26878,-0.021728,0.049371,-0.12557,-0.031121,0.088931,0.12329,0.033104,-0.24358,-0.066302,-0.26842,0.097723,-0.1113,0.15757,-0.14525,-0.17773,-0.23653,-0.041817,-0.13474,-0.031876,0.16098,-0.098305,0.13269,0.066148,0.20381,0.27188,0.060542,-0.20225,0.039252,0.13162,0.010572,0.12821,0.15012,-0.11433,-0.19497,0.20124,0.047973,0.11094,0.24871,0.26209,-0.19365,0.11961,0.2337,0.054205,-0.016574,0.091371,-0.044266
7,0.90856,0.8653,0.82714,0.85426,0.86894,0.84135,0.86582,1,0.86084,0.85395,0.88455,0.80693,0.86716,0.79433,0.76425,0.85588,0.75604,0.75827,0.80808,0.83542,0.84594,0.75567,0.71064,0.72051,0.81159,0.75368,0.63955,0.72578,0.76167,0.72337,0.603,0.65847,0.60192,0.52956,0.48459,0.50197,0.58996,0.63189,0.25111,0.5545,0.3494,0.55008,0.2759,0.25136,0.44008,0.20112,0.25738,-0.15218,0.21147,0.24032,0.035965,0.13923,0.3873,0.078686,0.15829,0.016058,-0.060178,-0.15924,-0.10825,0.0024743,0.22957,-0.075079,-0.27277,-0.13283,-0.10683,0.032517,-0.29369,0.11629,-0.22828,-0.072626,-0.03467,-0.1207,-0.31843,-0.12886,-0.052555,0.14629,-0.28103,-0.011748,-0.051119,0.095531,-0.074154,-0.008453,0.1594,0.14581,-0.27845,0.055674,-0.23772,0.098515,-0.051161,0.20456,-0.2345,-0.1432,-0.22842,-0.055304,0.07293,-0.06235,0.21533,0.064599,0.13897,0.085646,0.15627,0.23628,0.080312,-0.21488,0.15449,0.031016,0.22644,0.23917,0.16396,-0.10841,-0.13164,0.16522,0.081639,0.19387,0.26198,0.19183,-0.28739,-0.013913,0.20045,-0.09545,-0.097644,0.26661,0.0056784
8,0.87145,0.85714,0.83719,0.84681,0.83568,0.83905,0.86471,0.86084,1,0.81546,0.86319,0.81272,0.85699,0.79764,0.72539,0.81375,0.79501,0.77975,0.75066,0.78799,0.76227,0.76068,0.73392,0.71249,0.78815,0.74481,0.57295,0.59873,0.66145,0.60388,0.61057,0.63554,0.60868,0.52216,0.5161,0.4302,0.56891,0.58994,0.39238,0.44347,0.41432,0.47217,0.12662,0.21311,0.3294,0.30045,0.29692,-0.060518,0.18758,0.080612,0.086312,0.13504,0.49917,0.13838,0.089231,0.13431,-0.024953,-0.16561,-0.057584,-0.065802,0.10353,-0.14953,-0.26309,-0.035556,-0.24851,0.069899,-0.18993,0.1928,-0.28724,-0.19508,-0.13654,-0.14327,-0.21593,-0.14218,-0.082772,0.1364,-0.25681,-0.0087516,-0.074192,0.054984,0.024363,0.069451,0.13104,0.1172,-0.20685,-0.03411,-0.19599,0.073887,-0.075663,0.23952,-0.19074,-0.085854,-0.22147,-0.058527,0.054595,-0.031298,0.22174,-0.073126,0.15777,0.083141,0.20613,0.23698,0.015149,-0.2345,0.07297,0.046431,0.16816,0.11411,0.037816,-0.24739,-0.15658,0.1118,0.034899,0.2833,0.34771,0.073408,-0.16158,0.028709,0.23339,-0.075387,-0.13629,0.18741,0.014485
9,0.929,0.89527,0.88243,0.84873,0.88493,0.79836,0.86021,0.85395,0.81546,1,0.84538,0.85481,0.8738,0.80878,0.78784,0.83489,0.7802,0.76467,0.785,0.80877,0.83327,0.75056,0.74386,0.77425,0.77979,0.81717,0.73696,0.70752,0.72025,0.63193,0.60075,0.58097,0.58875,0.47091,0.41394,0.58336,0.49326,0.57874,0.27348,0.53907,0.40356,0.56564,0.2355,0.21476,0.47726,0.219,0.28182,-0.1093,0.21207,0.10158,0.088153,0.13317,0.38624,0.10102,0.070495,0.11141,-0.080498,-0.2302,-0.18457,-0.12711,0.072273,-0.11521,-0.19844,-0.20268,-0.26449,-0.033034,-0.27232,0.11759,-0.34901,-0.052826,-0.24169,-0.26101,-0.34067,-0.32252,-0.087298,0.014833,-0.28463,-0.067369,-0.059109,-0.074231,-0.10192,0.03135,0.13958,-0.0053332,-0.17039,-0.017388,-0.19523,0.077617,-0.12827,0.16011,-0.20627,-0.19754,-0.22897,-0.0020486,-0.06682,0.021279,0.12595,-0.060942,0.059967,-0.055021,0.123,0.12083,-0.030086,-0.19239,0.021142,0.076483,0.17072,0.071481,0.10824,-0.10274,-0.026174,0.35549,0.01864,0.2448,0.30171,0.22967,-0.15888,0.064405,0.23539,-0.0086506,0.052324,0.24669,0.057987
10,0.89463,0.86853,0.84291,0.87637,0.86566,0.86721,0.89321,0.88455,0.86319,0.84538,1,0.78576,0.86705,0.78037,0.84542,0.83427,0.75583,0.79881,0.78721,0.82966,0.73927,0.77155,0.73434,0.75322,0.7343,0.76884,0.68327,0.70874,0.68855,0.64504,0.66597,0.6114,0.63012,0.45736,0.48425,0.61497,0.60708,0.65316,0.30108,0.45305,0.39534,0.47307,0.21195,0.32063,0.47605,0.26799,0.27362,-0.10334,0.1861,0.14324,0.030738,0.15136,0.46611,0.036793,0.14625,0.14266,-0.040022,-0.22798,-0.061073,-0.00010401,0.090611,-0.044328,-0.36868,-0.22156,-0.18107,0.054619,-0.29544,0.23601,-0.38172,-0.1668,-0.16344,-0.025387,-0.20088,-0.15167,-0.065464,0.1728,-0.31074,-0.018505,0.053273,0.0050921,-0.076294,-0.064575,0.20493,0.080781,-0.25514,-0.030094,-0.17705,0.053145,-0.049976,0.19217,-0.12337,-0.20667,-0.21084,-0.065248,-0.00059197,-0.029899,0.19753,-0.15724,0.046988,0.057256,0.11098,0.25105,0.050858,-0.19307,0.06372,0.050887,0.10939,0.17249,0.10009,-0.15123,-0.18329,0.09717,0.036809,0.14104,0.31077,0.22342,-0.20585,0.13398,0.1564,-0.049298,-0.046653,0.22244,0.015084
11,0.86912,0.85782,0.84149,0.84579,0.88053,0.81675,0.87738,0.80693,0.81272,0.85481,0.78576,1,0.78295,0.81437,0.75713,0.84713,0.80431,0.73751,0.73056,0.783,0.74918,0.75462,0.77777,0.75198,0.75622,0.80389,0.64361,0.68587,0.76805,0.63795,0.62555,0.76747,0.64669,0.41434,0.36051,0.54223,0.49129,0.41566,0.20701,0.43583,0.44375,0.53519,0.26084,0.074919,0.37314,0.13963,0.2647,-0.12673,0.22643,0.11538,0.012517,0.16435,0.41211,0.009007,0.072103,-0.023651,-0.09732,-0.10171,-0.20977,-0.025412,0.095238,-0.082142,-0.19748,-0.18977,-0.1814,-0.15755,-0.20298,0.23246,-0.29834,0.027017,-0.34681,-0.27578,-0.23991,-0.34098,-0.11996,0.022485,-0.17253,0.0032912,0.057689,0.018144,0.0031586,0.070537,0.21088,0.11244,-0.20503,-0.080265,-0.24319,0.1162,-0.16792,0.091089,-0.16419,-0.24986,-0.15079,-0.07436,-0.071464,0.051896,0.1287,-0.039765,0.15728,0.06821,0.25052,0.16688,0.042483,-0.27172,-0.036184,0.093646,0.061678,0.029292,0.14127,-0.15773,-0.15532,0.23093,0.11701,0.19363,0.19306,0.35314,-0.16315,0.063241,0.24338,0.073549,-0.063207,0.065486,0.061172
12,0.89452,0.8287,0.84692,0.84824,0.83466,0.84073,0.85439,0.86716,0.85699,0.8738,0.86705,0.78295,1,0.78363,0.75693,0.78315,0.81376,0.76077,0.80578,0.77786,0.78798,0.79183,0.72086,0.72046,0.80045,0.8063,0.67667,0.61606,0.64484,0.63076,0.60541,0.57166,0.55076,0.57737,0.41812,0.55483,0.52911,0.62926,0.27285,0.55508,0.42949,0.5611,0.15577,0.1813,0.4637,0.37215,0.28355,-0.070409,0.21146,0.17377,-0.03715,0.099719,0.47778,0.061897,0.11464,0.12432,0.039122,-0.18218,-0.073562,0.0001022,0.15196,-0.12351,-0.35915,-0.19705,-0.1714,0.02212,-0.26003,0.11579,-0.30773,-0.16411,-0.12663,-0.1635,-0.31745,-0.16185,-0.091517,0.1567,-0.223,-0.0090628,-0.096697,-0.05124,-0.10388,0.020388,0.15954,0.022903,-0.34727,-0.092399,-0.24131,0.11504,-0.024804,0.065283,-0.18457,-0.11692,-0.14884,0.0079246,0.0050613,-0.09766,0.16145,-0.092613,0.11865,-0.06013,0.12802,0.22012,0.079548,-0.14726,0.043958,0.11243,0.16309,0.20043,0.13936,-0.069307,-0.0068383,0.21051,-0.027317,0.15785,0.42877,0.18517,-0.19391,-0.065863,0.17069,0.0085029,-0.08267,0.2245,0.12574
13,0.84339,0.80036,0.82521,0.78155,0.76742,0.88327,0.84135,0.79433,0.79764,0.80878,0.78037,0.81437,0.78363,1,0.68114,0.78618,0.75372,0.7392,0.7117,0.80222,0.72791,0.71941,0.69483,0.74576,0.70097,0.74795,0.70054,0.66025,0.68936,0.57931,0.48466,0.65758,0.68102,0.45831,0.42107,0.53513,0.53467,0.53499,0.14131,0.51522,0.50337,0.46195,0.21123,0.26858,0.44626,0.17439,0.28605,0.038089,0.013353,0.2299,-0.12146,-0.025228,0.50705,-0.0051384,0.025633,0.12375,0.1385,-0.20537,-0.26107,-0.15735,0.015286,-0.012419,-0.28975,-0.16578,-0.071774,-0.025471,-0.13481,0.030982,-0.32321,-0.13184,-0.20922,-0.1217,-0.19426,-0.27073,0.061043,0.085084,-0.19628,0.09339,-0.061146,-0.079969,0.0015673,-0.13001,0.035014,0.10772,-0.26057,0.091601,-0.28788,0.09159,-0.078121,0.11219,-0.24478,-0.13893,-0.25641,-0.07818,0.0035899,0.061656,0.066645,0.080843,0.075835,0.18933,0.32933,0.14877,0.11745,-0.20528,0.038647,0.079581,0.088757,0.037785,0.07064,-0.056649,-0.16063,0.10809,-0.086774,0.13658,0.15645,0.22023,-0.049781,-0.041954,0.22639,-0.12855,0.0062461,0.30607,0.079823
14,0.81173,0.79652,0.78857,0.81204,0.81884,0.75239,0.82276,0.76425,0.72539,0.78784,0.84542,0.75713,0.75693,0.68114,1,0.79691,0.7857,0.75549,0.74744,0.77911,0.66441,0.69155,0.66281,0.68876,0.64053,0.71439,0.64999,0.63493,0.76768,0.64936,0.63544,0.60631,0.59483,0.42379,0.33183,0.66551,0.55378,0.61432,0.32765,0.42208,0.25998,0.4867,0.33547,0.23468,0.47821,0.16582,0.18232,-0.11977,0.20385,0.14715,0.18833,0.36935,0.39599,0.2178,0.054255,0.1088,0.0034669,-0.16679,-0.051291,-0.0022574,0.10555,0.10532,-0.26646,-0.30197,-0.16527,-0.016892,-0.22832,0.23895,-0.26852,-0.18596,-0.22996,-0.12789,-0.34793,-0.098751,-0.12883,0.056969,-0.2626,-0.10178,0.21279,0.0714,-0.067195,0.014333,0.26996,0.087352,-0.12055,-0.045755,-0.21439,-0.021153,0.03497,0.15449,-0.080744,-0.1911,-0.17926,0.069918,-0.04543,-0.038312,0.29768,-0.0091788,0.027167,-0.10802,0.1451,0.16642,0.012971,-0.14531,-0.025259,0.077338,-0.015591,0.15138,0.16603,-0.14492,-0.12002,0.13154,0.016699,0.05429,0.27574,0.27706,-0.17148,0.081234,0.16504,-0.039531,-0.018859,0.0046148,-0.062991
15,0.86104,0.85298,0.84621,0.82453,0.85766,0.86213,0.86124,0.85588,0.81375,0.83489,0.83427,0.84713,0.78315,0.78618,0.79691,1,0.73629,0.74809,0.77813,0.85558,0.82163,0.66535,0.78008,0.69945,0.72403,0.79624,0.66767,0.68487,0.71196,0.71451,0.58445,0.67911,0.67386,0.44455,0.4663,0.53676,0.49916,0.55734,0.28967,0.50837,0.46444,0.52612,0.28203,0.15695,0.52038,0.10219,0.056379,-0.06605,0.20453,0.11873,0.090626,0.19713,0.4005,0.0036176,0.077957,0.055779,-0.039816,-0.16342,-0.22869,-0.0078592,0.15172,-0.046365,-0.22406,-0.16471,-0.11769,-0.068729,-0.268,0.24963,-0.30638,-0.08127,-0.28427,-0.18581,-0.22865,-0.14917,-0.07849,0.042361,-0.31893,0.021531,0.1281,0.06011,-0.059813,0.04215,0.10906,0.033993,-0.17921,0.017934,-0.12511,0.084568,-0.12526,0.1697,-0.11686,-0.087581,-0.3147,-0.095193,0.021878,-0.061593,0.078273,-0.013626,0.052459,0.10936,0.20424,0.20585,0.14326,-0.13199,0.042919,0.044455,-0.025096,0.22398,0.20383,-0.075778,-0.0028285,0.11507,0.10263,0.13606,0.17215,0.35387,-0.239,0.05107,0.17118,-0.12467,0.021109,0.089832,0.020988
16,0.81294,0.85004,0.81264,0.74584,0.76384,0.79697,0.82824,0.75604,0.79501,0.7802,0.75583,0.80431,0.81376,0.75372,0.7857,0.73629,1,0.77119,0.76419,0.74305,0.69611,0.65786,0.75914,0.71703,0.6666,0.72598,0.61687,0.53319,0.77736,0.55853,0.55334,0.62582,0.54673,0.43377,0.36866,0.56114,0.50218,0.56612,0.24827,0.45646,0.32988,0.53581,0.17832,0.194,0.45955,0.1837,0.40063,-0.030112,0.27634,0.13708,-0.076,0.11005,0.50524,0.18826,-0.071087,0.044773,0.15643,-0.041594,0.051121,-0.13227,0.10662,0.14208,-0.34869,-0.26703,-0.19134,-0.067486,-0.22348,0.23288,-0.20134,-0.18175,-0.17337,-0.087913,-0.24015,-0.08827,-0.20022,0.033839,-0.24995,0.089734,-0.016119,-0.061836,-0.012571,0.0095191,0.037016,0.042164,-0.15976,-0.24289,-0.22387,0.051586,-0.027861,0.15042,-0.22912,-0.18724,-0.22482,0.07766,-0.045025,-0.062969,0.2026,-0.0051171,0.22722,-0.0048984,0.18858,0.12376,-0.0046882,-0.12264,-0.060464,0.039367,0.15741,0.063365,0.1506,-0.089613,-0.15439,0.22005,0.068769,0.089632,0.36118,0.13822,-0.16534,-0.012684,0.16343,-0.031764,-0.041268,0.16513,-0.022729
17,0.83234,0.78238,0.76516,0.78405,0.78782,0.77916,0.80273,0.75827,0.77975,0.76467,0.79881,0.73751,0.76077,0.7392,0.75549,0.74809,0.77119,1,0.67492,0.76496,0.73306,0.69503,0.72562,0.82408,0.77063,0.64411,0.60888,0.57504,0.75395,0.5318,0.485,0.5329,0.67046,0.52697,0.40656,0.51444,0.43648,0.57439,0.41054,0.41667,0.43439,0.33825,0.17434,0.27713,0.47385,0.23568,0.307,0.081087,0.067575,0.071345,-0.03568,0.30613,0.23224,0.12931,0.070706,0.13559,-0.02217,-0.20877,-0.095281,-0.11657,0.09333,0.045525,-0.2588,-0.30077,-0.0848,0.041301,-0.19277,0.18142,-0.48082,-0.11857,-0.22983,-0.19407,-0.22628,-0.13137,-0.21038,0.13912,-0.092114,-0.056223,0.084881,-0.13114,0.12983,0.087499,0.28056,-0.052416,-0.25721,-0.24829,-0.406,0.094966,0.028725,0.21027,-0.33404,-0.17291,-0.40068,0.057714,-0.12262,0.046708,0.22734,-0.022575,0.27549,0.021553,0.15034,0.26725,0.11076,-0.26153,0.038506,0.077769,0.090395,0.080377,0.065163,-0.35068,-0.098403,0.097583,-0.12827,0.1144,0.28372,0.11453,-0.14089,0.067309,-0.0054231,0.034378,-0.095881,0.12914,0.10005
18,0.79754,0.81315,0.80048,0.82845,0.76934,0.79792,0.79743,0.80808,0.75066,0.785,0.78721,0.73056,0.80578,0.7117,0.74744,0.77813,0.76419,0.67492,1,0.78309,0.72382,0.726,0.71079,0.63581,0.63925,0.75788,0.58231,0.61004,0.65077,0.69333,0.60728,0.5077,0.53974,0.53457,0.44499,0.44627,0.51882,0.51122,0.21477,0.58338,0.4227,0.51068,0.26964,0.29423,0.58036,0.19839,0.23252,-0.14354,0.13937,0.17801,-0.019227,0.18663,0.40256,0.15831,0.23688,0.12623,-0.004422,-0.25545,-0.0060345,-0.087225,0.08664,0.01718,-0.32869,-0.22453,-0.090027,0.032564,-0.20604,0.19314,-0.18969,-0.0098223,-0.17788,-0.036645,-0.34294,-0.10706,-0.0053462,0.19788,-0.22222,0.08374,-0.060203,-0.17156,-0.010584,-0.016523,0.10243,0.015449,-0.30527,0.04003,-0.29834,0.20557,0.013008,0.30203,-0.028181,-0.019828,-0.16458,0.0018581,-0.043201,-0.0052701,0.19019,-0.11488,-0.051293,-0.026901,0.19847,0.25264,-0.026235,-0.19071,0.026278,0.12262,0.045814,0.19858,0.038266,-0.21552,-0.066067,0.10999,0.014567,0.037872,0.32167,0.26954,-0.24175,0.053072,0.26817,-0.16139,-0.0609,0.19612,-0.084718
19,0.8588,0.85236,0.87615,0.85093,0.83177,0.85733,0.85119,0.83542,0.78799,0.80877,0.82966,0.783,0.77786,0.80222,0.77911,0.85558,0.74305,0.76496,0.78309,1,0.83768,0.69606,0.735,0.79435,0.72316,0.79441,0.69882,0.72779,0.77188,0.71071,0.64806,0.56001,0.6842,0.59076,0.5728,0.59808,0.57616,0.61822,0.33884,0.54663,0.38603,0.45695,0.26477,0.22804,0.53914,0.097415,0.12151,0.019171,0.13224,0.17529,0.063629,0.070169,0.36137,0.066945,0.18017,-0.00090879,0.094733,-0.24722,-0.21515,-0.10596,0.079958,-0.0031471,-0.2357,-0.26159,-0.12854,0.054589,-0.25431,0.23217,-0.44135,-0.14553,-0.12352,-0.23264,-0.30166,-0.27498,0.067885,0.11618,-0.25774,0.071199,0.013894,0.030282,0.044211,0.12046,0.15057,-0.053095,-0.19707,0.047321,-0.18032,0.018322,-0.06419,0.18995,-0.15956,-0.08094,-0.30532,0.0067699,-0.12217,-0.018921,0.047968,0.059363,0.020309,0.098581,0.29253,0.18306,0.070796,-0.16961,0.054884,0.14141,0.14354,0.16898,0.19022,-0.14117,-0.12378,-0.0088291,0.012634,0.14234,0.27164,0.24879,-0.19902,0.044371,0.14362,-0.15481,-0.083647,0.21218,0.05571
20,0.86944,0.78938,0.82505,0.77766,0.80729,0.79164,0.80054,0.84594,0.76227,0.83327,0.73927,0.74918,0.78798,0.72791,0.66441,0.82163,0.69611,0.73306,0.72382,0.83768,1,0.67612,0.73863,0.67807,0.73036,0.77486,0.67363,0.64363,0.69033,0.6571,0.63917,0.47806,0.61667,0.53975,0.46644,0.4582,0.39435,0.47616,0.30086,0.51823,0.37945,0.61149,0.14896,0.19062,0.42553,0.15026,0.1742,-0.051694,0.048779,0.15399,0.10312,0.15776,0.32916,0.011173,0.090729,0.083792,-0.018252,-0.12128,-0.12701,-0.084836,0.20304,-0.081698,-0.25131,-0.14059,-0.091318,-0.00089785,-0.29545,0.23192,-0.37402,-0.049662,-0.049954,-0.2859,-0.48491,-0.13212,-0.087665,0.067695,-0.25674,0.048067,-0.10494,0.039942,0.057284,0.18534,0.097343,-0.0072634,-0.11785,0.090472,-0.19255,0.17039,-0.088263,0.16528,-0.17906,-0.010799,-0.30566,-0.074571,-0.084137,-0.1015,0.054004,0.017231,0.094079,-0.0055423,0.10744,0.16742,-0.014954,-0.041708,0.13292,0.14457,0.10636,0.20471,0.11843,-0.074039,0.026367,0.1349,0.021295,0.088648,0.20713,0.23688,-0.35712,0.097033,0.10716,-0.083902,-0.073175,0.24828,-0.03047
21,0.78352,0.69435,0.72596,0.84555,0.72069,0.72866,0.81141,0.75567,0.76068,0.75056,0.77155,0.75462,0.79183,0.71941,0.69155,0.66535,0.65786,0.69503,0.726,0.69606,0.67612,1,0.71359,0.69033,0.71324,0.69618,0.52439,0.6162,0.59112,0.62842,0.63173,0.46403,0.54805,0.55362,0.28793,0.41493,0.62265,0.44545,0.20729,0.33352,0.39044,0.40135,0.073345,0.19343,0.32022,0.42381,0.32352,0.060986,0.14163,0.30129,0.12249,0.13841,0.38494,0.04857,0.2395,0.082413,0.037302,-0.15283,-0.1629,-0.12567,0.16303,-0.14603,-0.37686,-0.33185,-0.0078068,0.074282,-0.12091,0.26512,-0.40993,-0.018566,-0.16932,-0.17169,-0.35667,-0.15757,-0.026764,0.15396,-0.12893,-0.24785,-0.071458,-0.096652,-0.20905,0.10415,0.25043,0.06748,-0.30107,0.075473,-0.32391,0.13799,-0.090671,0.11652,-0.27376,-0.18324,-0.071957,0.048577,-0.20634,0.020024,0.39989,-0.1351,0.028272,0.04869,0.1803,0.13909,0.23283,-0.1875,0.064144,-0.076669,0.068713,0.10243,-0.10984,-0.159,-0.15311,0.18047,0.1321,0.19032,0.23494,0.17975,-0.20056,0.091122,0.22869,0.08701,-0.05331,0.11889,0.020771
22,0.77908,0.73253,0.74298,0.75283,0.71604,0.76349,0.81462,0.71064,0.73392,0.74386,0.73434,0.77777,0.72086,0.69483,0.66281,0.78008,0.75914,0.72562,0.71079,0.735,0.73863,0.71359,1,0.68324,0.70165,0.71085,0.55363,0.63203,0.68647,0.49952,0.51853,0.53536,0.59802,0.43822,0.28176,0.50251,0.50893,0.40169,0.32469,0.39314,0.53709,0.4739,0.18644,0.10715,0.48575,0.34254,0.14721,-0.028376,0.13338,0.23707,0.039105,0.15601,0.33795,-0.012508,0.11061,-0.071348,0.22868,-0.17911,-0.069481,-0.036689,0.080427,0.034965,-0.26976,-0.34474,-0.0093965,-0.15806,-0.30419,0.34507,-0.36529,-0.048166,-0.16611,-0.099236,-0.1697,-0.11467,0.034768,0.0029715,-0.10409,0.13397,0.079326,-0.1633,-0.063809,0.065777,0.033164,-0.020764,-0.08421,-0.074943,-0.18461,0.089162,-0.1481,0.16224,-0.040875,-0.071505,-0.25657,-0.061445,-0.20991,0.08164,0.080476,-0.12391,0.20967,0.058152,0.15725,0.233,0.079474,-0.16323,0.15877,-0.058873,0.0075672,0.19042,0.1055,-0.050171,-0.036443,0.18118,0.12707,0.042263,0.20453,0.12263,-0.23581,0.15191,0.20927,-0.085418,0.10261,0.05076,-0.11237
23,0.78188,0.77029,0.75633,0.75449,0.72267,0.7719,0.73164,0.72051,0.71249,0.77425,0.75322,0.75198,0.72046,0.74576,0.68876,0.69945,0.71703,0.82408,0.63581,0.79435,0.67807,0.69033,0.68324,1,0.70464,0.68828,0.5956,0.64281,0.65658,0.53333,0.5046,0.50061,0.67427,0.47487,0.26892,0.572,0.51763,0.58377,0.43069,0.38127,0.36322,0.40855,0.14915,0.11423,0.44022,0.20949,0.31879,0.064447,0.26568,0.091206,-0.12782,0.022737,0.37592,-0.0051739,0.13803,0.12468,0.13685,-0.25973,-0.28396,-0.11802,-0.015456,0.043524,-0.088392,-0.22289,-0.13741,0.086733,-0.094843,0.10746,-0.41482,-0.075177,-0.28231,-0.2275,-0.092241,-0.28644,-0.099484,0.022829,-0.14921,-0.0088459,0.025063,-0.13353,0.018189,0.026502,0.3179,-0.0089093,-0.29455,-0.095915,-0.33127,0.036535,-0.03388,0.12174,-0.29845,-0.30105,-0.37968,0.068756,-0.11002,0.1366,0.11184,0.11706,0.15613,0.11185,0.17936,0.08704,-0.00059104,-0.24291,-0.017748,0.11773,0.2516,-0.01234,0.10387,-0.23142,-0.1022,0.10844,-0.036138,0.27089,0.16436,0.057002,-0.035098,-0.0069516,0.049081,-0.066169,-0.033405,0.23162,0.1212
24,0.83473,0.73556,0.79737,0.77496,0.82039,0.69736,0.80522,0.81159,0.78815,0.77979,0.7343,0.75622,0.80045,0.70097,0.64053,0.72403,0.6666,0.77063,0.63925,0.72316,0.73036,0.71324,0.70165,0.70464,1,0.63747,0.57167,0.64496,0.62536,0.61586,0.50741,0.59747,0.54998,0.4481,0.50699,0.49967,0.36135,0.44354,0.32639,0.50914,0.3722,0.34467,0.13696,0.019554,0.45366,0.31163,0.25971,-0.02374,0.096489,0.19306,0.035493,0.082092,0.31093,0.017701,0.097899,0.037053,-0.0677,-0.19716,-0.34608,-0.013984,0.1764,-0.21385,-0.22523,-0.14122,-0.077611,-0.014253,-0.22673,-0.0077239,-0.31486,-0.23176,-0.21143,-0.30164,-0.27041,-0.26692,-0.090937,0.24352,-0.12295,-0.095269,-0.0074843,-0.054064,0.12081,0.065903,0.14619,-0.045937,-0.30126,-0.074901,-0.27367,-0.019055,-0.18535,0.10819,-0.24947,-0.1167,-0.2038,-0.0075825,-0.054402,-0.01028,0.14738,0.01782,0.22245,0.069525,0.26172,0.15956,0.11604,-0.3127,0.20099,0.071681,0.12413,0.11446,0.099176,-0.20961,-0.095178,0.23585,0.019368,0.25894,0.36507,0.083117,-0.16575,0.0071137,0.095626,-0.01461,-0.10722,0.09924,0.078091
25,0.81262,0.78226,0.79002,0.79248,0.77305,0.75869,0.82004,0.75368,0.74481,0.81717,0.76884,0.80389,0.8063,0.74795,0.71439,0.79624,0.72598,0.64411,0.75788,0.79441,0.77486,0.69618,0.71085,0.68828,0.63747,1,0.62575,0.60489,0.71058,0.63806,0.47366,0.47468,0.65339,0.47264,0.35624,0.53069,0.45981,0.44847,0.23739,0.4551,0.28863,0.53385,0.22245,0.064458,0.41845,0.12774,0.13992,-0.074794,0.097444,0.048054,0.079256,0.026415,0.4701,0.018188,0.021723,0.11201,0.037024,-0.10717,-0.19632,-0.099057,0.046238,-0.051885,-0.25705,-0.29996,-0.051847,0.0026302,-0.33137,0.17049,-0.37788,-0.12435,-0.24149,-0.32216,-0.26589,-0.14261,-0.040098,-0.079765,-0.16459,0.053276,-0.091398,-0.09635,-0.17525,0.21703,0.16515,-0.0031432,-0.29408,-0.0026022,-0.15416,0.11467,-0.10374,0.059342,-0.060399,-0.15517,-0.16209,-0.1093,-0.13495,-0.0121,0.051399,-0.089227,-0.047284,-0.043596,0.26821,0.24889,0.014862,-0.0033626,-0.10388,0.18711,0.052533,0.13803,0.11676,-0.026213,-0.075237,0.22669,0.10293,0.17331,0.19401,0.25842,-0.19344,0.12473,0.20301,-0.072374,0.040586,0.15452,0.011912
26,0.7286,0.76919,0.71607,0.63038,0.6989,0.72977,0.65175,0.63955,0.57295,0.73696,0.68327,0.64361,0.67667,0.70054,0.64999,0.66767,0.61687,0.60888,0.58231,0.69882,0.67363,0.52439,0.55363,0.5956,0.57167,0.62575,1,0.6102,0.55334,0.56968,0.52845,0.48154,0.54966,0.34857,0.31714,0.73158,0.26398,0.51583,0.18825,0.3802,0.1886,0.57638,0.26193,0.28387,0.58904,0.045742,0.22539,0.031181,0.1528,-0.03899,-0.036865,0.079338,0.34505,-0.06028,0.13031,0.010315,0.020204,-0.25819,-0.12072,-0.16228,0.13534,-0.028845,-0.14387,-0.25763,-0.097052,-0.10735,-0.24531,-0.032823,-0.29839,-0.27103,-0.18297,-0.26769,-0.29954,-0.31343,-0.0023664,0.13291,-0.2796,0.19953,-0.035553,0.049873,0.090483,-0.14778,-0.041508,-0.11083,0.027754,0.15981,0.10266,0.028672,0.079415,0.05999,-0.17498,-0.18423,-0.23054,0.082477,-0.096862,0.11228,0.13343,0.035123,-0.21483,-0.026038,0.082421,-0.0050531,0.094972,0.025747,-0.15179,0.20142,0.011608,0.18221,0.20065,0.015321,-0.021237,0.18614,-0.080248,0.23159,0.29067,0.22142,-0.17366,-0.051001,-0.0034536,-0.04847,0.041417,0.26376,0.075962
27,0.68996,0.69394,0.67824,0.74306,0.63769,0.71212,0.71353,0.72578,0.59873,0.70752,0.70874,0.68587,0.61606,0.66025,0.63493,0.68487,0.53319,0.57504,0.61004,0.72779,0.64363,0.6162,0.63203,0.64281,0.64496,0.60489,0.6102,1,0.59008,0.62,0.51351,0.47188,0.57074,0.45641,0.41992,0.54983,0.43956,0.47595,0.27554,0.4275,0.32026,0.54082,0.29168,0.16772,0.41236,0.10501,0.19359,-0.058296,0.010591,0.2093,0.12753,-0.036727,0.1609,-0.034226,0.27469,0.027642,-0.011936,-0.26901,-0.22793,-0.1285,0.2148,0.10095,-0.24313,-0.1827,-0.033557,0.01018,-0.15419,0.1184,-0.13169,-0.10767,-0.15761,-0.046035,-0.14014,-0.16854,0.15339,0.12187,-0.16961,-0.034443,0.22237,0.05603,0.022437,-0.045975,0.2113,0.027777,-0.16906,0.15367,-0.14183,0.13124,-0.16846,0.15984,-0.125,-0.21139,-0.23158,-0.028041,-0.071001,0.11302,0.023378,-0.076199,0.056036,0.1185,0.15763,0.061986,-0.028248,-0.099147,0.12571,0.014074,0.20626,0.23257,0.31135,-0.017048,-0.17112,0.15439,0.063217,0.039746,0.061837,0.23866,-0.17759,-0.019847,0.38285,-0.068174,-0.049888,0.16294,-0.15139
28,0.77757,0.75765,0.69842,0.73431,0.76783,0.68226,0.7688,0.76167,0.66145,0.72025,0.68855,0.76805,0.64484,0.68936,0.76768,0.71196,0.77736,0.75395,0.65077,0.77188,0.69033,0.59112,0.68647,0.65658,0.62536,0.71058,0.55334,0.59008,1,0.63804,0.45644,0.60382,0.6115,0.42228,0.34174,0.53266,0.48707,0.4945,0.21503,0.39773,0.21949,0.38296,0.35367,0.15316,0.41688,0.10422,0.21413,-0.21184,0.15335,0.19122,0.063843,0.26435,0.24609,0.22555,-0.10833,-0.17708,0.0092119,-0.0891,-0.055769,-0.063222,0.041094,0.1507,-0.19263,-0.35449,-0.023802,-0.12676,-0.31012,0.13046,-0.21191,-0.022433,-0.051824,-0.25855,-0.34297,-0.19282,-0.12076,-0.027721,-0.086938,-0.041157,0.098487,0.026148,0.0015204,0.12855,0.19092,0.12167,-0.068881,-0.19952,-0.26656,-0.032596,-0.098405,0.20489,-0.21128,-0.27477,-0.25856,-0.08568,-0.094147,-0.0051407,0.17452,0.024154,0.34483,-0.040755,0.28793,0.27028,0.052093,-0.18788,0.099632,0.017576,0.19411,0.078094,0.11499,-0.14905,-0.20223,0.086959,0.040338,0.14267,0.27941,0.17085,-0.13872,0.078043,0.17421,0.002167,-0.13712,0.11251,0.0074752
29,0.63526,0.6722,0.71786,0.65662,0.73488,0.69809,0.64352,0.72337,0.60388,0.63193,0.64504,0.63795,0.63076,0.57931,0.64936,0.71451,0.55853,0.5318,0.69333,0.71071,0.6571,0.62842,0.49952,0.53333,0.61586,0.63806,0.56968,0.62,0.63804,1,0.63058,0.46463,0.55979,0.43366,0.46634,0.51962,0.44747,0.36475,0.16839,0.39572,0.28987,0.38254,0.21261,0.24359,0.50041,0.14109,0.15543,-0.28003,0.11674,0.14391,0.081661,0.080018,0.38233,0.012629,0.19508,0.018865,-0.14142,-0.1972,-0.27616,-0.098951,0.11372,0.088113,-0.18583,-0.2727,0.17632,-0.072949,-0.29661,0.13421,-0.11804,-0.18171,-0.15869,-0.26642,-0.4094,-0.20675,0.045892,0.18287,-0.14921,-0.083503,-0.024328,0.022215,0.014676,0.080747,0.14416,0.20997,-0.092256,0.14594,-0.017728,0.0065752,-0.15385,0.21304,-0.18546,-0.19547,-0.16303,-0.12509,0.091114,-0.14662,0.22691,0.022536,-0.028095,0.13094,0.34185,0.11185,0.24893,-0.20486,0.1503,-0.028216,0.071319,0.19453,0.046115,-0.19009,-0.14202,0.066913,0.17934,0.23374,0.24585,0.2717,-0.28134,0.035664,0.2475,-0.16135,-0.2833,0.18423,0.058587
30,0.60512,0.58888,0.65215,0.6118,0.69182,0.66237,0.64455,0.603,0.61057,0.60075,0.66597,0.62555,0.60541,0.48466,0.63544,0.58445,0.55334,0.485,0.60728,0.64806,0.63917,0.63173,0.51853,0.5046,0.50741,0.47366,0.52845,0.51351,0.45644,0.63058,1,0.43588,0.37044,0.23714,0.38493,0.51851,0.36924,0.45243,0.063112,0.25586,0.35069,0.44631,0.050419,0.063768,0.22584,0.12071,0.22148,-0.15891,0.16111,0.027965,0.082535,0.23721,0.3054,-0.11435,0.2589,-0.041276,-0.19348,-0.10283,0.043159,-0.029691,0.085838,-0.086816,-0.22133,-0.17492,-0.16683,0.018631,-0.11039,0.27735,-0.29189,-0.067579,-0.14289,-0.04484,-0.41061,-0.24746,0.03688,0.090899,-0.36716,-0.06442,0.15391,0.052757,0.17827,-0.010854,0.20018,0.03356,-0.0097428,0.13665,-0.037945,0.065899,-0.0025476,0.13218,0.0017401,-0.24648,-0.17138,0.050049,-0.1718,-0.017545,0.11112,-0.09969,-0.069425,-0.15319,0.22018,-0.044409,-0.001419,-0.1964,0.047102,0.16688,-0.051424,0.17985,-0.073756,-0.15138,-0.084434,-0.03806,0.15699,0.11245,0.2155,0.26921,-0.22625,0.15752,0.03252,0.017194,-0.22371,0.147,-0.10997
31,0.69078,0.68081,0.66348,0.58096,0.69472,0.64235,0.65557,0.65847,0.63554,0.58097,0.6114,0.76747,0.57166,0.65758,0.60631,0.67911,0.62582,0.5329,0.5077,0.56001,0.47806,0.46403,0.53536,0.50061,0.59747,0.47468,0.48154,0.47188,0.60382,0.46463,0.43588,1,0.3937,0.3153,0.29822,0.41386,0.42265,0.32552,0.03986,0.34066,0.37363,0.32956,0.4619,0.047015,0.35614,0.10747,0.29078,-0.29973,0.26011,0.24461,-0.16142,0.13022,0.40997,0.030995,-0.033465,-0.039734,-0.0086195,0.040436,-0.14677,0.056328,0.18558,-0.0056583,-0.2335,0.096051,-0.2591,-0.23728,-0.10084,0.081177,-0.014884,-0.076133,-0.21347,-0.17209,-0.17305,-0.28937,-0.10381,0.085846,-0.19956,0.20347,0.085896,0.17597,0.085545,-0.21136,0.0074549,0.17966,-0.16834,-0.07828,-0.28804,-0.015894,-0.035489,-0.05855,-0.11528,-0.20024,-0.090449,-0.18534,0.1555,0.077129,0.13058,0.065194,0.21366,0.087071,0.20434,0.20607,0.00019025,-0.26522,-0.030687,0.085552,-0.05701,0.048433,0.26724,0.0030591,-0.33495,0.068959,0.1284,0.31234,0.10705,0.24027,-0.0063164,-0.11397,0.20215,-0.0088253,-0.14556,-0.0205,0.023627
32,0.63743,0.59727,0.58221,0.64317,0.62524,0.62362,0.6376,0.60192,0.60868,0.58875,0.63012,0.64669,0.55076,0.68102,0.59483,0.67386,0.54673,0.67046,0.53974,0.6842,0.61667,0.54805,0.59802,0.67427,0.54998,0.65339,0.54966,0.57074,0.6115,0.55979,0.37044,0.3937,1,0.25434,0.32344,0.44832,0.32476,0.50644,0.45144,0.23431,0.29716,0.28429,0.24689,0.20201,0.45346,0.11691,0.14186,0.091428,0.05963,0.08367,-0.095748,-0.032249,0.23981,-0.15561,0.0014439,0.005291,0.035384,-0.18172,-0.18418,0.082505,0.05507,-0.051134,-0.086131,-0.2473,-0.085748,0.11052,-0.11891,0.044872,-0.32892,-0.049951,-0.32678,-0.21912,-0.088453,-0.20014,-0.066676,0.021707,-0.13758,-0.02938,0.057242,0.036383,0.063333,0.14117,0.22992,0.17806,-0.19934,-0.08891,-0.32058,-0.034967,-0.19225,0.23171,-0.29756,-0.16194,-0.097735,-0.053627,-0.050278,0.019471,0.14858,-0.070526,0.14729,0.08207,0.20552,0.12695,0.033579,-0.098737,0.078096,-0.01554,0.083318,0.24505,0.032524,-0.1445,0.023123,-0.02699,0.11101,0.060421,0.17282,0.17447,-0.26762,0.10355,0.20245,-0.23113,-0.09563,0.016121,0.042034
33,0.5284,0.53443,0.52122,0.59461,0.43492,0.52911,0.47689,0.52956,0.52216,0.47091,0.45736,0.41434,0.57737,0.45831,0.42379,0.44455,0.43377,0.52697,0.53457,0.59076,0.53975,0.55362,0.43822,0.47487,0.4481,0.47264,0.34857,0.45641,0.42228,0.43366,0.23714,0.3153,0.25434,1,0.35249,0.13486,0.51564,0.268,0.35501,0.34674,0.32224,0.31923,0.21739,0.38889,0.32148,0.18597,0.1282,0.15787,-0.067161,0.28743,0.08563,0.10551,0.14605,0.33182,0.38126,0.19725,0.17525,-0.15378,-0.0013514,-0.076194,0.07648,0.13259,-0.28036,-0.070094,-0.036869,0.016742,-0.0079319,0.25117,-0.20602,-0.13178,0.14687,-0.24224,-0.41758,-0.093664,0.093059,0.29423,0.1808,0.066388,-0.11967,0.026544,-0.031677,0.23887,0.12455,0.027102,-0.27045,0.0048746,-0.23816,0.22376,0.13378,0.17025,-0.22669,0.097363,-0.20137,0.027664,0.0078639,-0.094428,0.13032,0.16665,0.058009,0.063708,0.085574,0.19485,0.14417,-0.16362,0.031054,-0.01696,0.16137,0.10711,0.25512,-0.12579,0.00042334,0.13637,-0.13758,0.058073,0.29153,0.082577,-0.14787,-0.093914,0.19276,0.095732,-0.13399,0.15412,0.057006
34,0.46332,0.51166,0.51232,0.45947,0.47908,0.41549,0.46475,0.48459,0.5161,0.41394,0.48425,0.36051,0.41812,0.42107,0.33183,0.4663,0.36866,0.40656,0.44499,0.5728,0.46644,0.28793,0.28176,0.26892,0.50699,0.35624,0.31714,0.41992,0.34174,0.46634,0.38493,0.29822,0.32344,0.35249,1,0.25163,0.15903,0.24682,0.11451,0.49547,0.31223,0.0090791,-0.054131,0.15524,0.31356,-0.11085,0.24771,0.013465,-0.17046,-0.070173,0.052148,0.013714,0.087139,0.17776,0.12197,0.12874,-0.039391,-0.16476,-0.038382,0.012477,0.12439,-0.17248,-0.25373,0.068809,-0.12939,0.087339,-0.18339,0.056689,-0.29267,-0.26298,-0.076115,-0.23008,-0.14556,-0.16865,-0.075408,0.29913,-0.31848,-0.064635,0.044373,0.14295,0.24297,0.19554,-0.11122,-0.013922,-0.027112,0.028151,-0.062507,-0.050001,-0.38135,0.3124,-0.13371,0.09962,-0.28412,-0.092771,0.042805,-0.058881,-0.053286,-0.14327,0.15724,0.11438,0.36593,0.0086222,0.040079,-0.13096,0.20626,0.061574,0.11194,0.25141,-0.066623,-0.0045474,-0.13216,-0.18613,-0.17017,0.0073874,0.26114,0.1979,-0.14894,-0.029957,0.13845,-0.14202,-0.11077,0.28188,0.028654
35,0.57122,0.59115,0.56229,0.49917,0.60102,0.57717,0.55297,0.50197,0.4302,0.58336,0.61497,0.54223,0.55483,0.53513,0.66551,0.53676,0.56114,0.51444,0.44627,0.59808,0.4582,0.41493,0.50251,0.572,0.49967,0.53069,0.73158,0.54983,0.53266,0.51962,0.51851,0.41386,0.44832,0.13486,0.25163,1,0.22468,0.41812,0.2435,0.37928,0.12925,0.4427,0.22292,0.0496,0.34959,0.08935,0.10329,-0.15769,0.11729,-0.071587,-0.13831,0.14143,0.28893,-0.050054,0.06372,-0.10382,0.17607,-0.35083,-0.13791,-0.21331,0.10078,0.17811,-0.057582,-0.47125,-0.095588,-0.1541,-0.36804,-0.042402,-0.36844,-0.23206,-0.45169,-0.1585,-0.085026,-0.28187,0.066712,-0.1035,-0.24261,0.14813,0.10862,0.1571,-0.039169,-0.11177,0.012318,-0.1096,0.11215,-0.0011654,0.015686,-0.2644,0.0045989,0.10399,-0.0036464,-0.34521,-0.18909,-0.015255,-0.084177,0.017714,0.11034,-0.06755,0.017999,0.061953,0.1988,-0.075672,0.18113,-0.015355,-0.018899,0.12055,0.058266,0.11509,0.17077,0.067571,-0.032786,0.12667,-0.011426,0.17321,0.2116,0.25377,0.087595,0.029775,-0.11696,-0.070631,-0.014103,0.15396,0.19973
36,0.50181,0.52425,0.51988,0.58031,0.52316,0.56205,0.57714,0.58996,0.56891,0.49326,0.60708,0.49129,0.52911,0.53467,0.55378,0.49916,0.50218,0.43648,0.51882,0.57616,0.39435,0.62265,0.50893,0.51763,0.36135,0.45981,0.26398,0.43956,0.48707,0.44747,0.36924,0.42265,0.32476,0.51564,0.15903,0.22468,1,0.44234,0.15856,0.068002,0.31585,0.30218,0.26858,0.30317,0.18436,0.28727,0.27964,-0.038962,0.23646,0.41664,0.044267,0.02261,0.45886,0.35184,0.29837,-0.019786,0.26875,-0.075949,-0.19312,-0.11177,-0.079643,0.017165,-0.26829,-0.21605,-0.025351,0.0058145,-0.15176,0.32937,-0.14202,-0.14173,0.23285,0.056567,-0.188,-0.054876,0.13777,0.058755,-0.083366,-0.081782,-0.030491,-0.04406,-0.33067,-0.085442,0.14446,0.16404,-0.20154,-0.0022128,-0.066548,0.067748,0.059993,0.065446,-0.12829,-0.15632,-0.033622,-0.18579,0.13504,-0.12156,0.18652,0.19562,0.1093,0.17121,0.18522,0.23567,0.20053,-0.31078,-0.0065531,-0.20656,0.32515,0.024445,0.13912,-0.10613,-0.19746,0.11077,0.068948,0.10341,0.18848,0.15091,-0.007963,0.16371,0.32695,0.032499,-0.015058,0.17038,-0.077193
