,0,1,2,3,4,5,6,7,8,9,10,11,12,13,14,15,16,17,18,19,20,21,22,23,24,25,26,27,28,29,30,31,32,33,34,35,36,37,38,39,40,41,42,43,44,45,46,47,48,49,50,51,52,53,54,55,56,57,58,59,60,61,62,63,64,65,66,67,68,69,70,71,72,73,74,75,76,77,78,79,80,81,82,83,84,85,86,87,88,89,90,91,92,93,94,95,96,97,98,99,100,101,102
0,1,0.81832,0.8418,0.81673,0.75376,0.85191,0.85788,0.76295,0.83059,0.62228,0.71517,0.70859,0.69325,0.70291,0.52394,0.44783,0.35585,0.213,0.23566,0.54949,0.42712,0.38635,-0.01204,-0.14954,0.10156,0.093155,-0.2007,-0.033128,0.054206,-0.10349,-0.41011,0.01693,-0.088981,0.024442,-0.18823,-0.3186,-0.28597,-0.27236,-0.33857,-0.26024,-0.16072,-0.26561,-0.18869,-0.12224,-0.19814,-0.32605,-0.3418,-0.23388,-0.26571,-0.06072,-0.16692,-0.043506,-0.41889,-0.070081,0.12879,-0.18799,-0.059792,-0.015775,-0.063812,-0.15628,0.055002,-0.27504,-0.3305,-0.059583,0.17738,-0.089307,0.0064019,-0.0055225,-0.087654,-0.0090885,-0.053669,0.12882,0.16334,0.12202,-0.026699,-0.12431,-0.19055,-0.098898,-0.047564,0.057442,-0.047735,-0.0043972,-0.17775,-0.0016176,0.12676,0.018843,0.056563,0.16347,0.087997,0.14835,0.17965,-0.11117,0.18346,-0.092309,-0.062184,-0.071437,0.19807,0.021451,0.23661,0.41885,0.067512,0.26651,0.060814
1,0.81832,1,0.75777,0.79612,0.75956,0.76454,0.7727,0.75323,0.75949,0.654,0.63685,0.6769,0.66012,0.71702,0.58737,0.45678,0.4295,0.29414,0.08546,0.32718,0.27912,0.30839,-0.017613,-0.077034,0.1024,0.088906,-0.2302,0.089911,0.015093,-0.042795,-0.32192,0.056978,-0.15683,-0.030574,-0.20679,-0.22932,-0.2962,-0.13418,-0.25746,-0.44133,-0.21893,-0.16227,-0.22204,-0.21546,-0.2319,-0.3048,-0.31073,-0.20851,-0.24255,-0.19395,-0.34068,0.012183,-0.31838,-0.10609,0.19764,-0.02689,-0.10689,0.021072,-0.16397,-0.15637,0.069637,-0.18456,-0.25521,-0.13572,0.19043,0.022853,0.10627,0.14911,0.031121,-0.18617,0.046783,0.12524,-0.00557,0.15203,-0.10651,-0.18038,-0.20804,-0.11429,-0.13825,0.10795,0.008174,0.0054363,-0.15673,0.081216,0.16402,0.039035,0.091229,0.056929,0.1298,0.14781,0.24832,-0.038696,0.321,-0.021423,-0.0030493,-0.12724,0.14037,0.036901,0.28204,0.46505,0.2279,0.32932,0.017939
2,0.8418,0.75777,1,0.76807,0.79172,0.70397,0.77629,0.72052,0.81614,0.6191,0.61442,0.72583,0.74539,0.65158,0.51637,0.57177,0.34074,0.1529,0.046865,0.55653,0.34914,0.51055,-0.060013,-0.12451,0.11621,0.10341,-0.32553,0.052652,0.093659,-0.31022,-0.26308,0.00086799,-0.25235,0.094429,-0.23148,-0.22633,-0.21747,-0.17846,-0.36905,-0.29924,-0.094484,-0.24008,-0.13892,-0.10348,-0.21333,-0.36122,-0.2165,-0.22184,-0.34651,-0.082954,-0.087575,0.00027411,-0.30812,-0.12077,0.24966,-0.14982,-0.0010746,0.095699,-0.057204,-0.11446,-0.099613,-0.30564,-0.14349,-0.065175,-6.3244e-05,-0.11555,0.067171,0.025052,-0.16134,-0.11184,-0.081091,0.16532,0.032004,-0.013119,-0.022648,-0.087997,-0.063514,-0.14004,-0.048074,0.039454,0.072723,0.016308,-0.13061,0.091694,0.24654,-0.14303,0.035655,0.23198,0.093738,0.31082,0.017651,-0.15125,0.11751,-0.018224,0.010668,-0.10958,0.080712,0.090259,0.25942,0.47274,-0.011526,0.19916,0.035812
3,0.81673,0.79612,0.76807,1,0.78872,0.74572,0.80608,0.73036,0.80426,0.6035,0.71605,0.65082,0.74565,0.65545,0.4241,0.46052,0.40972,0.32136,0.28271,0.4334,0.356,0.36067,-0.04304,0.020263,0.1236,0.18488,-0.1717,0.15528,0.10466,-0.13158,-0.2152,0.0032215,-0.14105,-0.11864,-0.19086,-0.28348,-0.30293,-0.25729,-0.36527,-0.32128,-0.16025,-0.18501,-0.27645,-0.1496,-0.12856,-0.41165,-0.25597,-0.11216,-0.32692,-0.1422,-0.14958,-0.0067465,-0.24189,-0.050746,0.20322,-0.082941,-0.19521,0.073307,-0.10716,-0.081781,0.046121,-0.25801,-0.34018,0.049042,0.11035,-0.087629,0.0078668,0.087841,-0.022321,-0.15357,0.053103,0.0019511,0.021844,0.13016,-0.18268,-0.23867,-0.21349,-0.11451,-0.15433,0.19108,0.1148,-0.03074,0.033433,0.017111,0.28996,-0.099332,0.033051,0.11813,-0.086154,0.31865,0.14244,0.02403,0.15995,-0.0015621,0.026681,-0.26046,0.11247,-0.019277,0.30478,0.25617,0.13761,0.16415,0.074905
4,0.75376,0.75956,0.79172,0.78872,1,0.67186,0.77981,0.7515,0.80539,0.51167,0.54963,0.70365,0.69936,0.63818,0.63115,0.51345,0.28584,0.33988,0.19995,0.3942,0.31585,0.29541,-0.042293,-0.050248,0.20293,0.11515,-0.40935,0.20623,0.073092,-0.07095,-0.15012,0.16505,-0.1445,-0.068008,-0.24741,-0.1944,-0.25545,-0.053291,-0.31721,-0.23138,-0.23498,-0.28517,-0.13144,-0.16043,-0.1512,-0.26281,-0.32787,-0.080222,-0.28278,0.01143,-0.23128,0.15528,-0.29608,-0.20025,0.30805,-0.048892,-0.19942,0.01133,-0.053852,0.016194,-0.10235,-0.3325,-0.20166,-0.026796,0.17954,0.0028302,0.0069304,0.020815,-0.066179,-0.23162,-0.021615,0.23542,0.023663,-0.044886,-0.097732,-0.10055,-0.077927,-0.22658,-0.24797,0.13955,6.5079e-05,0.055965,0.070315,0.12983,0.15983,-0.081744,0.03905,0.11729,0.021293,0.24946,0.16207,-0.15074,0.12756,0.13859,0.12791,-0.22675,0.12347,0.055988,0.1716,0.39321,0.1253,0.2289,0.082146
5,0.85191,0.76454,0.70397,0.74572,0.67186,1,0.86565,0.73624,0.76846,0.51713,0.6513,0.6228,0.57827,0.69466,0.60777,0.39728,0.46868,0.13397,0.26558,0.41544,0.42862,0.43222,-0.036222,-0.18447,0.012531,0.11925,-0.16472,-0.076795,0.12631,-0.072484,-0.47119,0.091184,-0.069814,0.11976,-0.19194,-0.4062,-0.20037,-0.21777,-0.22258,-0.28274,-0.093579,-0.13741,-0.29295,-0.02994,-0.20597,-0.21798,-0.36786,-0.20398,-0.2066,-0.078506,-0.21229,0.10485,-0.35908,-0.0065256,0.15724,-0.12628,-0.012616,0.037371,-0.086037,-0.079172,-0.078741,-0.22808,-0.34427,-0.020992,0.074441,-0.092337,0.16927,0.11199,0.024554,0.014566,0.037392,0.19491,0.037403,0.14663,-0.095903,-0.0010175,-0.22558,-0.15988,-0.22795,0.14712,0.017431,0.023338,-0.14587,-0.090299,0.11917,0.017324,-0.035064,0.11793,0.0051659,0.12979,0.2864,-0.0061637,0.27671,0.045983,0.0034899,0.086866,0.07293,0.20123,0.19331,0.30888,0.15105,0.33767,0.014693
6,0.85788,0.7727,0.77629,0.80608,0.77981,0.86565,1,0.68437,0.79564,0.53003,0.61781,0.63044,0.68414,0.69157,0.5415,0.42473,0.36083,0.12674,0.27097,0.38959,0.35574,0.44018,-0.02742,-0.15186,0.10954,0.013802,-0.25681,0.04519,0.07075,-0.016467,-0.37002,0.11122,-0.0808,-0.073434,-0.17771,-0.35355,-0.14984,-0.12379,-0.31059,-0.20629,-0.1883,-0.17086,-0.17931,-0.090162,-0.08639,-0.23417,-0.34968,-0.09373,-0.19943,0.052687,-0.20008,0.052279,-0.32528,-0.083583,0.20341,-0.21824,-0.082902,-0.029877,-0.076252,0.0097711,-0.077357,-0.31061,-0.31531,-0.10071,0.076093,-0.084524,0.14374,0.11685,-0.12712,-0.10159,0.032004,0.13065,0.08723,0.054879,-0.0041736,-0.035563,-0.17916,-0.29027,-0.16466,0.027883,0.019782,-0.038845,-0.017612,-0.025241,0.13883,-0.063014,0.044791,0.20922,0.093147,0.16635,0.27522,-0.0015481,0.28802,-0.012221,0.064528,-0.013535,0.11538,0.11272,0.14716,0.30986,0.093558,0.25305,0.096696
7,0.76295,0.75323,0.72052,0.73036,0.7515,0.73624,0.68437,1,0.76112,0.51887,0.66933,0.56768,0.67537,0.72151,0.54254,0.36888,0.37567,0.27538,0.1424,0.32562,0.35884,0.30764,-0.11486,0.04307,0.0032516,0.11009,-0.30848,0.057085,-0.016003,-0.10641,-0.23576,0.093823,-0.2839,0.0095704,-0.17329,-0.35683,-0.30819,-0.26282,-0.33877,-0.35678,-0.27231,-0.22958,-0.22267,-0.14371,-0.18624,-0.25102,-0.44403,-0.2025,-0.29618,-0.34044,-0.10502,0.04656,-0.3364,-0.175,0.31439,0.052377,-0.074211,0.10648,-0.078052,-0.01253,-0.02637,-0.3508,-0.24063,-0.037123,0.12701,-0.17061,0.052822,0.053405,0.06129,-0.12776,0.067789,0.22133,-0.12191,0.028207,-0.23017,0.0077776,-0.16592,-0.062936,-0.032234,0.31011,0.11385,-0.067156,-0.01634,-0.022096,0.17485,0.057373,0.015747,0.051522,-0.01196,0.078992,0.23101,-0.10659,0.078678,0.14273,0.12867,-0.15162,0.079581,0.11839,0.34443,0.26721,0.2441,0.19244,0.06866
8,0.83059,0.75949,0.81614,0.80426,0.80539,0.76846,0.79564,0.76112,1,0.63229,0.61793,0.66087,0.75702,0.70576,0.56206,0.58327,0.42276,0.31947,0.19442,0.46524,0.34139,0.3434,-0.022172,-0.095385,0.12399,0.089501,-0.24781,0.10247,0.00016351,-0.059853,-0.28509,0.10435,-0.24727,0.0052878,-0.26211,-0.23087,-0.15874,-0.12951,-0.27084,-0.21721,-0.021507,-0.21783,-0.11665,-0.073288,-0.25132,-0.30852,-0.27325,-0.21002,-0.2652,-0.091117,-0.28194,0.12788,-0.34491,-0.039404,0.30547,-0.10359,-0.087054,0.087218,-0.19336,-0.13004,-0.090213,-0.18731,-0.21833,-0.039216,0.072548,-0.062471,0.017433,0.024318,-0.08925,-0.12933,0.041989,0.18927,-0.050799,0.037857,-0.076977,-0.19862,-0.1181,-0.01765,-0.074913,0.078369,0.10455,0.03994,-0.11098,0.21034,0.29399,-0.16802,-0.032722,0.029696,-0.011533,0.18434,0.23278,0.028202,0.19352,0.098621,0.018286,-0.12474,0.062241,0.032895,0.26081,0.29711,-0.0034603,0.23859,0.049168
9,0.62228,0.654,0.6191,0.6035,0.51167,0.51713,0.53003,0.51887,0.63229,1,0.37539,0.40827,0.53858,0.3377,0.39108,0.41345,0.51696,0.24097,0.045335,0.35753,0.33728,0.25403,0.087359,0.0050943,-0.14434,-0.17212,-0.16105,0.21269,-0.041581,0.056229,-0.29746,-0.16225,-0.3396,0.13713,-0.016327,-0.21807,-0.089042,-0.18098,-0.16188,-0.20336,-0.0092491,-0.25895,-0.022463,-0.044979,-0.08316,-0.26872,-0.35512,-0.34349,-0.21211,-0.26765,-0.24736,0.21582,-0.28103,-0.15778,0.22185,-0.25377,-0.1568,0.076216,-0.21673,-0.21875,0.070617,-0.23095,-0.2548,-0.21889,0.19308,-0.077019,0.03647,0.036397,0.086127,-0.28656,-0.0054708,0.16121,-0.043203,0.35743,-0.16155,-0.10637,-0.35024,-0.10271,-0.066391,0.02716,0.12046,-0.0060108,-0.20188,-0.07722,0.39956,-0.003652,-0.028244,0.08519,0.12618,0.032375,0.14891,-0.24499,0.035172,-0.066114,0.058628,-0.24417,0.081035,-0.060374,0.16081,0.44175,-0.06802,0.26037,0.14987
10,0.71517,0.63685,0.61442,0.71605,0.54963,0.6513,0.61781,0.66933,0.61793,0.37539,1,0.52043,0.60142,0.59103,0.33366,0.23639,0.33927,0.10601,0.31491,0.40386,0.40848,0.47757,-0.092191,0.054459,0.091785,0.30462,-0.16908,0.1023,0.087534,-0.098537,-0.26303,-0.02872,0.020165,-0.23704,-0.24282,-0.35964,-0.39253,-0.34244,-0.33726,-0.31368,-0.25348,-0.065403,-0.34939,-0.34395,-0.2043,-0.23809,-0.19174,-0.16197,-0.31821,-0.17638,0.0076423,-0.078749,-0.39779,-0.081243,0.24223,0.086914,-0.14667,0.022319,-0.087041,-0.001173,0.041576,-0.12114,-0.27743,-0.013373,0.038908,-0.011174,-0.16414,0.14142,-0.02182,0.041672,0.092257,0.19544,0.13204,0.084112,-0.017427,-0.067591,-0.037047,0.089768,-0.015422,0.19513,0.097516,0.084864,-0.10593,0.066473,0.29187,0.1298,-0.052678,0.13157,0.047782,0.069068,0.13093,-0.011084,0.08841,-0.11762,-0.086656,-0.1291,0.061875,0.034293,0.28515,0.34184,0.069233,0.058316,0.0040457
11,0.70859,0.6769,0.72583,0.65082,0.70365,0.6228,0.63044,0.56768,0.66087,0.40827,0.52043,1,0.59041,0.58469,0.50685,0.41651,0.17249,0.18286,0.11088,0.39617,0.37029,0.28914,0.068401,-0.061922,0.15658,0.18457,-0.43176,0.10091,0.10036,-0.1235,-0.19803,-0.086883,-0.11615,0.20376,-0.34302,-0.1091,-0.13654,0.049883,-0.34137,-0.26232,0.0068508,-0.18559,-0.30096,-0.24514,-0.33764,-0.16048,0.023085,-0.1179,-0.21676,-0.10319,-0.05207,0.034746,-0.1887,-0.016124,0.072737,-0.094414,-0.14469,0.13227,-0.11329,0.023177,-0.10613,-0.119,-0.23293,-0.070173,0.18773,0.016991,-0.069885,0.075332,-0.011129,-0.030933,-0.1116,0.076023,0.061296,0.0084444,0.043525,-0.22689,-0.20392,-0.27364,-0.30931,0.22704,-0.053404,0.086432,-0.37815,0.083703,-0.048807,-0.028135,-0.070545,0.28923,-0.021819,0.20035,0.16089,-0.10476,0.11845,0.069227,0.046012,-0.065066,0.064504,-0.0105,0.3007,0.47823,-0.055645,0.26528,-0.050786
12,0.69325,0.66012,0.74539,0.74565,0.69936,0.57827,0.68414,0.67537,0.75702,0.53858,0.60142,0.59041,1,0.61954,0.42265,0.42235,0.22692,0.23098,0.29357,0.27587,0.17148,0.26376,-0.13853,0.14457,0.25983,0.15594,-0.33434,0.2734,0.010462,-0.13565,-0.30763,0.11163,-0.40846,-0.023707,-0.13731,-0.27186,-0.022002,-0.20594,-0.20882,-0.1463,0.0097179,-0.20593,-0.19087,-0.16124,-0.17533,-0.24728,-0.14874,-0.19457,-0.31351,-0.031976,-0.039242,-0.091514,-0.22192,-0.16448,0.22868,0.033857,-0.18953,0.11458,-0.056342,-0.12824,-0.031104,-0.2519,-0.18278,-0.090731,-0.12594,0.028325,-0.048825,0.29877,-0.043955,-0.042136,0.0045768,0.12433,0.0097507,-0.038198,0.0087704,-0.10421,-0.22643,-0.023903,-0.14111,0.11438,0.1124,-0.059749,0.099103,0.090921,0.22428,-0.097178,0.16419,0.1334,-0.018143,0.19807,0.13923,0.076042,0.037111,0.074139,0.019097,-0.28734,0.038508,-0.057457,0.34654,0.28629,-0.056334,0.033681,-0.049726
13,0.70291,0.71702,0.65158,0.65545,0.63818,0.69466,0.69157,0.72151,0.70576,0.3377,0.59103,0.58469,0.61954,1,0.49321,0.43031,0.23781,0.27534,0.10332,0.32221,0.30477,0.30025,-0.17114,-0.096251,0.078072,0.072265,-0.3337,0.095767,-0.046392,-0.090062,-0.243,0.11821,-0.11806,-0.055736,-0.23014,-0.31059,-0.40048,-0.14971,-0.24718,-0.23978,-0.096179,0.034373,-0.22453,-0.33526,-0.19638,-0.17446,-0.26708,-0.15123,-0.28988,-0.18344,-0.16018,-0.018509,-0.37844,0.04487,0.10098,0.059089,-0.0033399,0.0052504,-0.10711,-0.051208,0.013926,-0.15748,-0.062283,-0.031849,0.070401,-0.070839,-0.082675,0.073106,-0.021098,-0.062181,0.057234,0.2343,-0.038465,0.060837,-0.034455,-0.033314,-0.17983,-0.090819,-0.056586,0.048733,0.035389,-0.14867,-0.13073,-0.012338,0.085166,0.17688,-0.10026,0.18905,0.035797,0.20225,0.4068,0.091269,0.14571,0.10461,0.011881,-0.12062,0.048307,0.098105,0.31564,0.097803,0.19384,0.20022,-0.10676
14,0.52394,0.58737,0.51637,0.4241,0.63115,0.60777,0.5415,0.54254,0.56206,0.39108,0.33366,0.50685,0.42265,0.49321,1,0.42836,0.1944,0.0691,0.055859,0.23444,0.23313,0.30001,-0.076878,-0.153,0.041241,-0.0050889,-0.32621,0.051192,-0.10978,0.011583,-0.19228,0.28246,-0.083476,0.10063,-0.043459,-0.15384,-0.094863,-0.16838,-0.07256,-0.24606,-0.046176,-0.24483,0.022994,-0.012644,-0.3469,-0.076454,-0.17026,-0.12183,-0.061751,-0.00023422,-0.2697,0.14958,-0.163,-0.17849,0.19313,0.18946,0.073788,-0.27808,-0.18759,-0.054578,-0.075138,-0.1393,-0.091345,-0.11089,0.054967,0.13685,0.21369,-0.035496,-0.052079,-0.10813,0.01799,0.098226,-0.1279,-0.10526,0.18593,-0.021769,-0.10002,-0.27135,-0.26951,-0.13911,0.065337,0.12979,-0.056316,-0.025791,-0.0024783,-0.24819,-0.029913,-0.021463,0.098816,0.18096,0.029245,-0.15049,0.33309,0.14192,-0.15097,0.09514,0.038797,0.21398,-0.050535,0.3336,0.17456,0.16966,-0.29221
15,0.44783,0.45678,0.57177,0.46052,0.51345,0.39728,0.42473,0.36888,0.58327,0.41345,0.23639,0.41651,0.42235,0.43031,0.42836,1,0.14267,0.16936,-0.018595,0.18068,0.06895,0.17862,0.066851,-0.12242,0.093055,0.029863,-0.13074,0.11712,-0.093331,-0.25174,-0.065618,0.013867,-0.13112,-0.12924,-0.21903,-0.11386,0.012579,-0.22048,-0.10727,-0.32485,-0.12106,-0.22559,-0.12748,0.053784,-0.33823,-0.3775,-0.075936,-0.090527,-0.16895,-0.10363,-0.21686,0.27861,-0.21437,0.037145,0.21661,-0.25214,0.0727,0.10546,-0.19962,-0.03983,-0.11909,0.0075647,-0.0799,-0.30463,-0.093996,-0.082125,-0.0043204,0.072847,-0.016834,-0.050545,0.12963,0.23389,0.010098,-0.0086539,-0.096587,-0.19759,-0.056418,-0.0057763,0.014195,-0.093982,-0.048652,-0.058541,0.042107,0.21624,0.2692,-0.21102,0.014292,-0.036482,0.18311,0.19953,0.18427,-0.12375,-0.03104,0.1467,0.12054,0.0029002,0.024077,-0.021243,0.16908,0.13048,0.2284,0.21837,-0.085578
16,0.35585,0.4295,0.34074,0.40972,0.28584,0.46868,0.36083,0.37567,0.42276,0.51696,0.33927,0.17249,0.22692,0.23781,0.1944,0.14267,1,0.26304,0.12185,0.2004,0.16292,0.27402,0.11252,0.080265,-0.19655,0.069709,-0.032819,0.12657,0.027854,0.1106,-0.14842,-0.28168,-0.13961,0.044184,-0.16538,-0.15958,-0.17899,-0.004131,-0.22406,-0.2698,-0.0034056,-0.023967,-0.09589,0.16569,0.16307,-0.10604,-0.17832,-0.13627,0.079971,-0.21531,-0.23679,0.23563,-0.17162,0.0026278,0.14747,-0.072997,-0.24432,0.33088,-0.11251,-0.049762,-0.15556,-0.38012,-0.20176,-0.050177,0.035672,-0.09767,0.38456,-0.015221,0.015821,-0.051894,0.037812,0.15289,-0.24134,0.29746,-0.19424,-0.029473,-0.25359,0.15681,0.0086848,0.085131,0.063361,0.086657,-0.29388,0.012448,0.26964,0.034462,-0.063842,-0.042782,-0.01595,-0.077063,0.16223,0.10982,-0.011544,0.17097,0.019643,0.038316,-0.13103,-0.24681,0.043562,0.27156,-0.017689,0.29295,0.28376
17,0.213,0.29414,0.1529,0.32136,0.33988,0.13397,0.12674,0.27538,0.31947,0.24097,0.10601,0.18286,0.23098,0.27534,0.0691,0.16936,0.26304,1,0.14556,0.054706,0.17554,-0.1648,-0.048517,0.017615,0.063884,0.16901,-0.12245,0.1575,-0.094252,0.066304,0.019232,0.11732,0.18114,-0.15193,-0.11632,0.0057453,-0.2511,-0.054673,0.05617,-0.24166,0.082866,-0.25277,0.028889,-0.062403,0.16236,0.052214,-0.20297,-0.066912,-0.026375,-0.14644,-0.16948,0.01266,-0.044514,0.15692,0.10428,-0.070949,-0.069349,0.13193,-0.31611,-0.24347,0.10781,-0.035298,-0.16147,0.031004,0.11067,-0.20709,-0.024055,0.060547,0.20475,-0.29624,-0.0020546,0.16419,0.054948,0.19779,-0.21418,-0.28257,-0.153,0.053093,-0.1729,0.087174,0.24145,-0.010989,0.16796,0.24664,0.037772,0.18228,-0.13947,-0.039706,-0.10521,-0.10019,0.20554,-0.030734,-0.058636,0.070615,0.42713,-0.266,0.1802,-0.11177,0.011302,0.040799,0.14528,0.22791,-0.042049
18,0.23566,0.08546,0.046865,0.28271,0.19995,0.26558,0.27097,0.1424,0.19442,0.045335,0.31491,0.11088,0.29357,0.10332,0.055859,-0.018595,0.12185,0.14556,1,0.18258,0.0020599,-0.0046593,0.26579,-0.028425,0.22277,0.35585,0.060486,-0.087219,0.18774,0.03575,0.10361,0.22965,0.22928,-0.25616,0.2333,-0.023163,-0.034534,-0.31159,0.086587,0.19808,-0.027839,0.034096,-0.085073,0.20465,-0.048344,0.01793,-0.044798,-0.094109,0.034202,0.196,-0.15436,-0.044536,-0.033915,-0.15115,-0.12449,0.22361,-0.21851,0.15866,0.099604,0.25629,0.034856,-0.13403,-0.34101,0.22702,-0.053553,0.14209,0.11902,0.19128,-0.16519,0.31439,-0.057038,0.21063,0.11969,0.21916,-0.034175,0.10731,-0.32365,-0.022376,-0.1062,-0.062017,0.15948,0.04448,0.20339,-0.058669,0.12194,-0.024434,0.073918,0.26994,-0.14431,-0.094625,0.11799,-0.079389,0.033322,-0.20022,-0.023585,-0.12695,0.13744,-0.11218,0.060157,-0.0022543,-0.27207,-0.10753,0.13842
19,0.54949,0.32718,0.55653,0.4334,0.3942,0.41544,0.38959,0.32562,0.46524,0.35753,0.40386,0.39617,0.27587,0.32221,0.23444,0.18068,0.2004,0.054706,0.18258,1,0.2486,0.28389,0.065101,-0.33229,-0.019536,0.1265,-0.18297,-0.069353,0.088449,-0.2508,-0.093158,-0.10871,-0.030348,0.13233,-0.18794,0.01268,-0.13874,-0.074233,-0.29538,-0.076965,-0.060214,-0.24853,0.013061,0.11114,0.014942,-0.27665,-0.11809,-0.29671,-0.20571,-0.096606,-0.22554,0.026225,-0.31885,-0.023445,0.11795,0.050833,0.04388,-0.10452,0.18857,0.098249,-0.23155,-0.020596,-0.016157,0.073729,-0.037715,-0.16323,-0.087865,-0.1179,-0.22132,0.00011597,-0.26167,-0.026152,0.42262,-0.1305,-0.23,-0.063293,0.12474,-0.084484,0.097075,-0.11001,0.061185,-0.033705,-0.33831,-0.087454,0.051711,-0.099707,0.18016,0.079792,0.082386,0.17054,-0.15925,-0.16293,0.088794,-0.16676,-0.17489,-0.26283,0.10093,0.0643,-0.040136,0.37566,-0.015578,0.13179,-0.072549
20,0.42712,0.27912,0.34914,0.356,0.31585,0.42862,0.35574,0.35884,0.34139,0.33728,0.40848,0.37029,0.17148,0.30477,0.23313,0.06895,0.16292,0.17554,0.0020599,0.2486,1,0.35548,-0.16582,0.29751,0.095061,0.11357,-0.33326,0.12684,0.045519,0.05346,-0.31657,-0.1153,0.010395,0.061457,-0.29572,-0.18287,-0.28435,-0.08645,0.025039,-0.17331,-0.26548,0.07746,-0.16968,-0.34269,-0.12065,-0.043058,-0.3354,-0.14594,0.089267,-0.19198,0.18556,0.036191,-0.13687,-0.15593,0.26277,0.045022,0.13441,0.032452,-0.37533,-0.087256,0.20262,-0.15903,-0.28729,-0.013628,0.40757,-0.30078,-0.26321,-0.11725,0.16451,-0.31271,0.11885,0.12942,0.065915,0.15631,-0.020284,-0.11062,-0.083264,-0.065401,-0.2116,0.17886,0.03622,0.14408,-0.17161,0.18903,0.13883,0.12422,-0.22313,0.1049,-0.012988,-0.13153,0.18274,-0.17393,0.085965,0.049988,0.16742,-0.0057414,0.076604,0.041198,0.10945,0.3105,-0.034295,-0.022199,0.20846
21,0.38635,0.30839,0.51055,0.36067,0.29541,0.43222,0.44018,0.30764,0.3434,0.25403,0.47757,0.28914,0.26376,0.30025,0.30001,0.17862,0.27402,-0.1648,-0.0046593,0.28389,0.35548,1,0.063871,-0.020645,-0.27927,-0.028627,-0.29965,-0.12745,0.15991,-0.014247,-0.16967,-0.051987,0.055566,0.10482,-0.15797,-0.25747,-0.15696,-0.20267,-0.13937,-0.054122,-0.017434,-0.045032,-0.27848,-0.18785,-0.068975,-0.20227,-0.15894,-0.075833,-0.095531,-0.11643,0.085097,0.065349,-0.15579,-0.1899,0.0014008,-0.091435,0.17138,0.10968,0.029749,-0.091739,-0.052417,-0.10914,-0.08771,-0.16399,-0.10239,-0.12901,0.17254,0.11679,-0.19028,0.17827,-0.057322,0.12381,-0.04647,0.11719,-0.15278,0.17528,-0.010452,0.008236,-0.03368,0.078667,0.043323,-0.028947,-0.081172,0.087378,0.10563,-0.0080022,-0.20074,0.28246,0.012419,-0.1122,0.14359,-0.00086061,0.0074655,-0.018756,-0.27682,0.11563,-0.24999,0.2541,-0.1017,0.38901,-0.067945,0.21269,0.28148
22,-0.01204,-0.017613,-0.060013,-0.04304,-0.042293,-0.036222,-0.02742,-0.11486,-0.022172,0.087359,-0.092191,0.068401,-0.13853,-0.17114,-0.076878,0.066851,0.11252,-0.048517,0.26579,0.065101,-0.16582,0.063871,1,-0.097698,-0.10696,0.037837,-0.14252,-0.22293,0.14827,0.27685,0.0034871,-0.20042,0.1526,0.045436,-0.17019,0.03455,0.1691,-0.18744,-0.051383,-0.027163,-0.03218,0.021426,-0.26254,0.1287,-0.26133,-0.039095,0.082714,-0.13633,0.072224,0.10116,-0.48594,0.13689,-0.18692,-0.09577,-0.30155,-0.17611,-0.14174,0.22997,0.23104,0.018879,-0.16625,-0.012542,-0.014382,-0.042336,0.080751,0.090168,0.12648,0.18251,-0.11488,0.23054,-0.24141,0.055564,-0.11045,0.049979,0.026612,-0.065926,-0.28363,-0.033585,-0.025522,-0.15564,-0.24089,-0.012118,-0.14655,0.12223,-0.17057,-0.085306,-0.09979,0.20995,-0.045546,-0.082364,-0.04352,-0.072804,-0.24745,-0.28677,-0.14128,0.020158,-0.21575,-0.14275,-0.34511,0.18155,0.020826,0.31681,0.31376
23,-0.14954,-0.077034,-0.12451,0.020263,-0.050248,-0.18447,-0.15186,0.04307,-0.095385,0.0050943,0.054459,-0.061922,0.14457,-0.096251,-0.153,-0.12242,0.080265,0.017615,-0.028425,-0.33229,0.29751,-0.020645,-0.097698,1,0.26268,0.19871,-0.11367,0.53606,-0.19288,-0.0065321,0.11298,-0.14177,-0.29543,-0.10272,-0.12512,-0.10937,-0.12729,0.039397,0.20058,0.076657,-0.29431,0.050194,-0.19281,-0.17173,0.018677,0.17793,-0.091186,0.045945,0.25904,-0.21575,0.34427,-0.080432,0.15351,-0.0064025,0.14087,0.25068,-0.31567,0.21584,-0.19507,-0.01747,0.24172,-0.156,0.003156,-0.034,0.078739,0.087496,-0.27716,0.088334,0.21411,-0.058626,0.051933,-0.02612,-0.2272,-0.17132,0.042561,-0.099451,-0.10533,0.11377,-0.21962,0.063882,-0.13588,0.095746,0.102,0.1371,0.065342,0.0039219,0.096916,-0.0082376,-0.052957,-0.2654,0.058121,0.15217,-0.16489,0.20766,0.016769,-0.22899,-0.13396,-0.28482,0.19868,0.11048,-0.058049,-0.30663,0.20987
24,0.10156,0.1024,0.11621,0.1236,0.20293,0.012531,0.10954,0.0032516,0.12399,-0.14434,0.091785,0.15658,0.25983,0.078072,0.041241,0.093055,-0.19655,0.063884,0.22277,-0.019536,0.095061,-0.27927,-0.10696,0.26268,1,0.39217,0.011381,0.26374,-0.075494,-0.12802,0.050637,0.235,-0.046812,-0.032788,-0.11764,0.14808,0.04219,-0.053493,0.29148,-0.083032,-0.15335,0.20584,-0.18187,-0.032655,-0.014154,-0.0038108,0.16139,-0.037671,-0.039814,0.17938,0.00048791,-0.43521,0.20599,0.059345,0.40852,0.26344,-0.066735,-0.12594,0.043989,0.13475,0.032177,-0.255,0.27069,0.041009,0.092218,0.38355,-0.23883,0.083879,-0.09459,-0.020597,0.21116,0.097944,0.1151,-0.21079,0.24025,-0.084701,0.078582,0.087786,-0.019461,-0.079255,-0.072175,-0.06141,0.22434,0.25966,0.056747,-0.17759,0.25966,0.16722,-0.098919,0.16084,-0.22785,0.19611,0.31412,-0.15276,0.012745,-0.11476,0.24547,-0.14327,0.021441,0.1369,-0.01522,-0.1821,-0.039516
25,0.093155,0.088906,0.10341,0.18488,0.11515,0.11925,0.013802,0.11009,0.089501,-0.17212,0.30462,0.18457,0.15594,0.072265,-0.0050889,0.029863,0.069709,0.16901,0.35585,0.1265,0.11357,-0.028627,0.037837,0.19871,0.39217,1,0.056585,0.061856,0.37382,-0.49829,0.13262,0.0053719,0.052017,-0.050014,-0.1895,-0.13016,-0.00017623,-0.15464,0.30375,-0.10032,-0.10739,0.23772,-0.063283,0.11204,-0.22462,0.011116,0.088362,0.16158,0.094579,-0.051354,0.029932,-0.093665,0.10046,0.09336,0.11952,0.28477,0.050987,0.14961,0.0044615,0.14631,-0.17555,0.171,0.057102,0.27361,-0.17575,0.19633,-0.13711,-0.068164,0.16141,0.26406,-0.080244,0.027762,0.012374,-0.20691,-0.097013,-0.17566,-0.063353,0.23817,-0.016892,0.074907,0.29097,0.2591,0.072189,0.21201,-0.00029056,0.072451,0.036459,0.24457,0.061266,0.10415,-0.19838,0.076366,0.07038,0.19528,0.20678,0.038807,0.067426,-0.13676,0.33875,0.020212,-0.032651,-0.10857,-0.16386
26,-0.2007,-0.2302,-0.32553,-0.1717,-0.40935,-0.16472,-0.25681,-0.30848,-0.24781,-0.16105,-0.16908,-0.43176,-0.33434,-0.3337,-0.32621,-0.13074,-0.032819,-0.12245,0.060486,-0.18297,-0.33326,-0.29965,-0.14252,-0.11367,0.011381,0.056585,1,-0.14295,0.032086,-0.26487,0.21494,-0.019874,0.15268,-0.0029604,0.4791,0.077399,-0.011527,-0.032353,0.11985,0.15005,0.20589,0.10273,0.1498,0.23476,0.14865,0.04315,0.15335,0.22068,0.037944,-0.072025,0.12478,-0.049807,0.21014,0.27681,-0.071697,-0.067424,-0.10597,-0.0071949,0.012905,-0.029399,0.19899,0.11723,-0.068664,0.36492,-0.17776,0.20872,0.017063,-0.054226,-0.077114,0.03968,0.23555,-0.15319,0.070572,0.14982,-0.014699,0.0048614,0.12723,0.27645,0.11762,-0.1411,0.1154,0.19359,0.16967,-0.10933,0.12374,0.039502,-0.0097309,-0.1292,0.014478,0.043653,-0.29931,0.10092,0.084453,0.036334,-0.086513,0.23822,-0.033379,-0.032092,0.075455,-0.38631,-0.029836,0.024659,-0.13574
27,-0.033128,0.089911,0.052652,0.15528,0.20623,-0.076795,0.04519,0.057085,0.10247,0.21269,0.1023,0.10091,0.2734,0.095767,0.051192,0.11712,0.12657,0.1575,-0.087219,-0.069353,0.12684,-0.12745,-0.22293,0.53606,0.26374,0.061856,-0.14295,1,-0.33238,-0.029467,0.16503,-0.17407,-0.27322,-0.21923,-0.19518,-0.18324,-0.10898,0.16177,0.053783,-0.10538,0.10632,0.11601,-0.05773,-0.36829,0.2431,0.094206,0.026183,-0.010242,-0.073784,-0.13481,0.11549,0.32043,0.17263,-0.024891,0.36454,0.11499,-0.43489,0.030413,-0.16693,0.2375,-0.070804,-0.078175,-0.0025004,-0.061926,0.0333,0.15695,-0.3911,0.16342,0.18782,-0.24185,0.063785,0.080673,-0.12383,-0.20981,0.12293,-0.17589,-0.19488,-0.02397,-0.19555,0.074175,-0.12083,0.07635,0.0056254,-0.044058,0.06075,0.10396,0.012157,0.14381,0.1211,0.0010587,-0.080731,0.13754,0.050942,0.24782,0.12579,-0.28383,-0.059388,-0.30825,0.024882,0.12544,0.006053,-0.024825,-0.086905
28,0.054206,0.015093,0.093659,0.10466,0.073092,0.12631,0.07075,-0.016003,0.00016351,-0.041581,0.087534,0.10036,0.010462,-0.046392,-0.10978,-0.093331,0.027854,-0.094252,0.18774,0.088449,0.045519,0.15991,0.14827,-0.19288,-0.075494,0.37382,0.032086,-0.33238,1,-0.16624,-0.023055,0.06753,0.055942,0.14443,-0.017713,-0.18081,0.06527,0.063399,0.083684,0.064061,0.088371,0.22527,0.035635,0.088532,-0.01108,-0.13716,-0.0064795,0.029911,-0.12141,0.059289,0.089447,0.021996,-0.12733,0.047055,0.057748,-0.11042,0.086911,0.17702,0.18587,0.067281,-0.20762,-0.011554,0.065768,0.20674,0.036447,0.087438,0.0084156,-0.24501,0.083981,0.086328,-0.17134,0.093353,-0.064162,0.17869,-0.21195,0.066279,-0.024544,0.059272,0.095111,0.22323,0.38323,0.26371,0.01444,0.051836,-0.094412,0.093157,-0.075073,0.19789,0.16583,0.27933,-0.12925,-0.047339,-0.10086,-0.10625,0.088122,0.25033,-0.053298,0.21113,0.17859,0.057089,-0.35706,0.0067977,0.048668
29,-0.10349,-0.042795,-0.31022,-0.13158,-0.07095,-0.072484,-0.016467,-0.10641,-0.059853,0.056229,-0.098537,-0.1235,-0.13565,-0.090062,0.011583,-0.25174,0.1106,0.066304,0.03575,-0.2508,0.05346,-0.014247,0.27685,-0.0065321,-0.12802,-0.49829,-0.26487,-0.029467,-0.16624,1,-0.17092,-0.11931,0.22234,-0.17318,-0.033281,0.002285,0.059575,0.1402,-0.029654,-0.071059,-0.0048504,-0.011687,-0.12015,-0.30361,0.11324,0.12418,-0.11617,-0.063607,0.23664,0.1817,-0.33799,-0.052737,0.029622,-0.25955,-0.0048314,-0.055378,-0.19502,-0.15665,-0.12903,-0.073088,0.093172,-0.19798,-0.048414,-0.32208,0.28305,-0.052044,0.028963,0.050295,0.10421,-0.059605,0.14458,0.14862,-0.019072,0.31976,0.046538,0.23356,-0.15582,-0.15427,0.058741,0.021254,-0.21478,-0.082972,-0.047257,0.13109,-0.065734,0.10913,-0.2147,-0.13049,-0.019728,-0.36144,0.41507,0.14177,0.046085,-0.19354,-0.060213,0.06633,-0.13281,-0.1806,-0.416,0.074555,-0.0070262,0.12247,0.32076
30,-0.41011,-0.32192,-0.26308,-0.2152,-0.15012,-0.47119,-0.37002,-0.23576,-0.28509,-0.29746,-0.26303,-0.19803,-0.30763,-0.243,-0.19228,-0.065618,-0.14842,0.019232,0.10361,-0.093158,-0.31657,-0.16967,0.0034871,0.11298,0.050637,0.13262,0.21494,0.16503,-0.023055,-0.17092,1,0.032805,0.254,-0.13354,0.19277,0.14851,-0.065203,0.12337,0.0016874,0.19114,0.10122,0.14941,0.34146,0.046323,0.015924,-0.038717,0.22015,0.40695,0.12111,-0.16112,0.053592,0.087164,0.31534,0.15218,0.060231,0.24571,-0.23642,0.18587,-0.049482,0.24806,0.060341,-0.060492,0.29981,0.068158,-0.18003,0.032213,-0.11519,-0.23063,-0.13591,-0.045504,0.18283,0.015237,-0.20131,-0.11816,-0.21573,0.17341,0.064608,0.088515,0.10539,-0.043558,0.10593,-0.11196,0.2255,-0.17542,0.0010267,-0.13705,0.014485,0.24878,0.05945,0.0031157,-0.2104,0.052133,-0.016436,-0.027147,0.082085,-0.24647,-0.21962,-0.11447,-0.078447,-0.024069,-0.092951,0.0098501,-0.066789
31,0.01693,0.056978,0.00086799,0.0032215,0.16505,0.091184,0.11122,0.093823,0.10435,-0.16225,-0.02872,-0.086883,0.11163,0.11821,0.28246,0.013867,-0.28168,0.11732,0.22965,-0.10871,-0.1153,-0.051987,-0.20042,-0.14177,0.235,0.0053719,-0.019874,-0.17407,0.06753,-0.11931,0.032805,1,-0.04259,-0.080621,0.16232,0.25937,-0.083588,-0.1543,0.22658,0.2068,-0.014525,-0.16321,0.046865,0.35929,-0.033847,0.04891,-0.11087,0.061705,-0.055236,0.155,0.056395,-0.17922,0.074894,0.074477,-0.008942,0.16831,0.30826,-0.31552,0.21594,-0.048716,0.13132,-0.040774,0.056996,-0.0007771,-0.0025544,0.26736,0.10464,-0.025455,-0.00045353,-0.11556,-0.034405,0.086374,-0.061017,-0.11742,0.065536,-0.073122,0.04771,-0.025243,-0.15633,-0.26771,0.12027,-0.023585,0.36628,0.026799,-0.17173,-0.23299,0.10841,0.031236,-0.069961,0.19409,-0.012762,0.090108,0.3628,-0.23711,-0.069304,-0.089507,0.37683,0.56691,-0.01079,-0.13724,-0.066167,-0.091715,-0.2048
32,-0.088981,-0.15683,-0.25235,-0.14105,-0.1445,-0.069814,-0.0808,-0.2839,-0.24727,-0.3396,0.020165,-0.11615,-0.40846,-0.11806,-0.083476,-0.13112,-0.13961,0.18114,0.22928,-0.030348,0.010395,0.055566,0.1526,-0.29543,-0.046812,0.052017,0.15268,-0.27322,0.055942,0.22234,0.254,-0.04259,1,-0.24173,0.082829,-0.017689,-0.19969,-0.15108,0.040579,-0.026169,-0.0088364,0.080661,0.064132,-0.16331,0.021338,0.072775,0.13007,0.28157,-0.033817,0.2152,-0.099261,-0.016664,-0.11007,0.059932,-0.13424,-0.19089,0.0084428,-0.10758,-0.19509,0.02398,0.15714,0.063064,0.030263,-0.062039,0.13754,-0.06715,-0.030808,-0.062317,-0.14482,0.11169,0.080851,0.13723,0.21863,0.12624,-0.0065098,0.14705,0.13329,-0.091248,0.11595,-0.067331,0.051264,0.078484,0.14637,-0.091634,-0.10048,0.20173,-0.23755,0.15913,0.028939,-0.23925,0.02809,0.044055,0.12709,-0.23716,0.014605,0.21046,0.026785,-0.028912,-0.41375,0.10505,0.056571,0.11051,0.0013492
33,0.024442,-0.030574,0.094429,-0.11864,-0.068008,0.11976,-0.073434,0.0095704,0.0052878,0.13713,-0.23704,0.20376,-0.023707,-0.055736,0.10063,-0.12924,0.044184,-0.15193,-0.25616,0.13233,0.061457,0.10482,0.045436,-0.10272,-0.032788,-0.050014,-0.0029604,-0.21923,0.14443,-0.17318,-0.13354,-0.080621,-0.24173,1,0.03242,0.081201,0.38276,0.13303,0.20069,0.25972,0.36231,0.066494,-0.12155,0.16605,-0.075395,0.096447,0.23745,-0.027706,-0.030948,-0.14782,0.14245,-0.0095004,-0.041716,0.20046,-0.01161,-0.11334,0.2253,0.15514,0.17432,-0.23261,-0.16765,-0.14071,0.23812,-0.024207,0.10716,0.12417,0.013112,0.00075541,-0.076107,0.096845,-0.15505,0.054087,-0.10045,-0.063428,-0.18,0.024605,-0.038778,0.015098,-0.07168,0.25759,0.091585,-0.067885,-0.29346,-0.16603,-0.17301,0.032691,-0.066281,0.15553,-0.19189,0.076433,-0.1459,-0.036652,-0.084054,0.22902,-0.017828,0.11295,-0.19381,0.273,-0.055233,0.18001,-0.076207,0.28692,-0.047223
34,-0.18823,-0.20679,-0.23148,-0.19086,-0.24741,-0.19194,-0.17771,-0.17329,-0.26211,-0.016327,-0.24282,-0.34302,-0.13731,-0.23014,-0.043459,-0.21903,-0.16538,-0.11632,0.2333,-0.18794,-0.29572,-0.15797,-0.17019,-0.12512,-0.11764,-0.1895,0.4791,-0.19518,-0.017713,-0.033281,0.19277,0.16232,0.082829,0.03242,1,0.023708,0.058371,-0.027854,0.31866,0.37604,0.21226,-0.024546,0.34931,0.14682,0.15631,0.26671,-0.094105,0.013336,-0.067137,0.10756,0.026271,-0.1313,0.18539,-0.013644,-0.21323,0.096592,0.045296,-0.10789,0.13047,0.047128,0.1979,0.078925,-0.0071035,0.17893,-0.11399,0.13453,0.20551,-0.014179,-0.32009,0.13256,0.057247,-0.11872,0.20195,0.14531,0.043665,0.36264,0.078555,0.057161,0.081187,-0.18729,0.35085,-0.021649,0.32409,-0.27508,0.082079,0.051219,-0.14713,-0.0083424,0.015388,-0.054755,-0.19015,-0.071188,-0.078603,-0.10995,-0.11147,0.23454,0.12535,0.14937,0.0059719,-0.23678,-0.29842,-0.17542,0.0017171
35,-0.3186,-0.22932,-0.22633,-0.28348,-0.1944,-0.4062,-0.35355,-0.35683,-0.23087,-0.21807,-0.35964,-0.1091,-0.27186,-0.31059,-0.15384,-0.11386,-0.15958,0.0057453,-0.023163,0.01268,-0.18287,-0.25747,0.03455,-0.10937,0.14808,-0.13016,0.077399,-0.18324,-0.18081,0.002285,0.14851,0.25937,-0.017689,0.081201,0.023708,1,0.1816,0.24792,-0.044279,0.16929,-0.037308,-0.081025,0.045254,0.34901,-0.038738,0.1997,0.37735,0.10858,0.21402,0.15986,0.15569,-0.088215,0.33098,0.045578,-0.15207,0.23595,0.14284,0.03217,0.15752,0.061518,0.22157,0.014046,-0.045336,0.015773,0.031452,0.20414,-0.021001,-0.067409,-0.11665,-0.077868,0.027554,-0.2269,0.1247,0.0048313,0.0017683,-0.11483,0.018523,-0.0082506,-0.029758,-0.36665,-0.067954,0.21443,-0.15409,0.26857,-0.050105,-0.17991,0.13957,-0.17352,-0.10733,-0.0090997,-0.13437,0.029899,0.13546,-0.046637,-0.22534,-0.19659,0.013889,-0.088697,-0.032397,-0.1071,-0.10347,-0.15204,0.042702
36,-0.28597,-0.2962,-0.21747,-0.30293,-0.25545,-0.20037,-0.14984,-0.30819,-0.15874,-0.089042,-0.39253,-0.13654,-0.022002,-0.40048,-0.094863,0.012579,-0.17899,-0.2511,-0.034534,-0.13874,-0.28435,-0.15696,0.1691,-0.12729,0.04219,-0.00017623,-0.011527,-0.10898,0.06527,0.059575,-0.065203,-0.083588,-0.19969,0.38276,0.058371,0.1816,1,0.20705,0.34384,0.23515,0.26009,0.10552,0.18637,0.23884,-0.11774,0.166,0.2595,0.078825,0.25098,0.2709,-0.014178,0.060462,0.17566,0.096671,0.028249,-0.096156,0.18086,0.12043,0.02159,-0.054164,-0.35833,0.18004,0.041808,-0.23645,-0.24397,0.0074742,-0.018522,0.12419,-0.11147,0.24632,-0.033121,-0.049298,0.11079,-0.22639,-0.10382,0.06199,-0.12546,0.027837,0.091124,0.032405,0.16286,0.0053406,0.11365,0.14273,-0.13265,-0.17121,0.062879,-0.11858,0.1681,-0.018333,-0.035537,0.018003,-0.1175,0.21859,0.14865,0.18934,-0.37461,0.027617,-0.21047,-0.11819,-0.056608,0.026606,-0.16
37,-0.27236,-0.13418,-0.17846,-0.25729,-0.053291,-0.21777,-0.12379,-0.26282,-0.12951,-0.18098,-0.34244,0.049883,-0.20594,-0.14971,-0.16838,-0.22048,-0.004131,-0.054673,-0.31159,-0.074233,-0.08645,-0.20267,-0.18744,0.039397,-0.053493,-0.15464,-0.032353,0.16177,0.063399,0.1402,0.12337,-0.1543,-0.15108,0.13303,-0.027854,0.24792,0.20705,1,-0.014814,0.30568,0.12456,-0.0079595,0.19007,-0.052744,0.24115,0.39982,0.18141,0.21286,0.34811,0.096948,0.078868,0.24454,0.23375,0.13249,0.14473,0.020641,-0.1931,0.054,0.027688,0.11056,-0.019925,0.12539,0.1647,0.0074708,-0.15469,-0.022748,-0.084052,-0.12983,-0.065427,-0.18266,-0.11678,-0.0092359,0.14146,-0.23446,-0.042619,0.11551,0.17828,-0.23685,-0.096898,0.026958,-0.081349,0.27213,-0.18775,0.16482,-0.15107,0.056314,0.063278,-0.27721,0.19081,-0.10527,0.11609,0.14407,0.069161,0.27368,0.13801,0.14928,-0.16568,-0.095742,0.1139,-0.02437,-0.23646,0.10254,0.095995
38,-0.33857,-0.25746,-0.36905,-0.36527,-0.31721,-0.22258,-0.31059,-0.33877,-0.27084,-0.16188,-0.33726,-0.34137,-0.20882,-0.24718,-0.07256,-0.10727,-0.22406,0.05617,0.086587,-0.29538,0.025039,-0.13937,-0.051383,0.20058,0.29148,0.30375,0.11985,0.053783,0.083684,-0.029654,0.0016874,0.22658,0.040579,0.20069,0.31866,-0.044279,0.34384,-0.014814,1,0.25258,0.14346,0.27206,0.095596,0.089319,0.046251,0.3316,0.014104,-0.030142,0.254,0.086659,-0.016757,-0.070211,0.24896,0.098465,0.070753,0.13615,0.34526,-0.084128,-0.033574,-0.063698,-0.072558,0.29596,0.22911,-0.049425,0.048915,0.29565,-0.082192,0.0094178,0.1033,0.26109,-0.12457,0.21885,0.050703,-0.051377,-0.030521,0.033472,0.0058087,0.18878,0.10316,-0.074878,0.30734,0.072216,0.23662,0.1889,-0.10423,0.15298,-0.12865,0.071513,0.050433,-0.19702,-0.0012911,0.020215,0.10132,0.098008,0.17491,0.31273,0.11005,0.17387,-0.14769,-0.11858,-0.12159,-0.18056,-0.079338
39,-0.26024,-0.44133,-0.29924,-0.32128,-0.23138,-0.28274,-0.20629,-0.35678,-0.21721,-0.20336,-0.31368,-0.26232,-0.1463,-0.23978,-0.24606,-0.32485,-0.2698,-0.24166,0.19808,-0.076965,-0.17331,-0.054122,-0.027163,0.076657,-0.083032,-0.10032,0.15005,-0.10538,0.064061,-0.071059,0.19114,0.2068,-0.026169,0.25972,0.37604,0.16929,0.23515,0.30568,0.25258,1,0.22202,0.075072,0.23089,0.23671,0.12187,0.28002,0.092606,0.2329,0.16767,0.20349,0.1977,0.034309,0.014153,0.15906,-0.28736,-0.057395,0.08626,0.021692,0.31454,0.048366,0.1009,0.12216,0.159,0.14349,-0.11599,0.15129,-0.088851,-0.054267,-0.30636,0.23069,-0.33353,0.077874,0.10121,-0.16444,-0.0094812,0.14798,0.081203,0.015716,-0.044602,-0.12442,0.040707,0.063763,0.15776,-0.21334,-0.01117,0.065248,0.013237,0.0055254,-0.12186,-0.085747,0.072902,0.024956,-0.15617,0.11073,-0.14889,-0.057058,-0.053326,0.18517,0.0095473,-0.19929,-0.51773,-0.12545,0.099239
40,-0.16072,-0.21893,-0.094484,-0.16025,-0.23498,-0.093579,-0.1883,-0.27231,-0.021507,-0.0092491,-0.25348,0.0068508,0.0097179,-0.096179,-0.046176,-0.12106,-0.0034056,0.082866,-0.027839,-0.060214,-0.26548,-0.017434,-0.03218,-0.29431,-0.15335,-0.10739,0.20589,0.10632,0.088371,-0.0048504,0.10122,-0.014525,-0.0088364,0.36231,0.21226,-0.037308,0.26009,0.12456,0.14346,0.22202,1,0.17988,0.18861,-0.050926,0.1469,0.035883,0.35198,0.017997,-0.14804,0.11263,0.068206,0.12584,0.27704,0.19793,-0.13443,-0.11895,0.0049632,0.096712,0.0067214,-0.12392,-0.17576,0.17991,0.06012,0.22775,-0.20287,0.049126,0.004254,0.023694,-0.074208,0.16904,-0.11192,-0.044927,-0.18816,0.11931,0.12407,-0.0013615,-0.23198,0.13627,-0.071531,0.094269,0.22756,0.046104,-0.10101,-0.17291,-0.21374,0.039512,-0.38444,0.20455,-0.128,0.2321,-0.19467,0.15592,-0.02815,0.045843,-0.12402,0.19244,-0.22604,0.13658,-0.1794,-0.13865,-0.42491,0.26661,-0.31974
41,-0.26561,-0.16227,-0.24008,-0.18501,-0.28517,-0.13741,-0.17086,-0.22958,-0.21783,-0.25895,-0.065403,-0.18559,-0.20593,0.034373,-0.24483,-0.22559,-0.023967,-0.25277,0.034096,-0.24853,0.07746,-0.045032,0.021426,0.050194,0.20584,0.23772,0.10273,0.11601,0.22527,-0.011687,0.14941,-0.16321,0.080661,0.066494,-0.024546,-0.081025,0.10552,-0.0079595,0.27206,0.075072,0.17988,1,-0.0059738,-0.34265,-0.10173,0.080882,0.1833,0.0063001,-0.0052403,0.069378,-0.024662,-0.00073216,0.072469,0.15096,0.0089019,0.25778,0.15584,0.25297,-0.096239,0.19893,-0.1086,-0.016252,0.11442,0.19657,0.1675,0.12866,-0.16284,0.061977,-0.081023,0.14016,0.20328,0.094752,-0.32349,0.083256,0.10833,0.043536,-0.168,0.27997,0.19328,0.21661,0.092075,-0.015619,-0.029168,5.7804e-05,0.14437,0.19349,-0.20473,0.28332,0.049404,0.11173,-0.03446,0.24031,0.11689,0.072934,0.026813,0.157,-0.27171,-0.12427,0.041887,-0.20362,-0.12686,-0.12799,0.062544
42,-0.18869,-0.22204,-0.13892,-0.27645,-0.13144,-0.29295,-0.17931,-0.22267,-0.11665,-0.022463,-0.34939,-0.30096,-0.19087,-0.22453,0.022994,-0.12748,-0.09589,0.028889,-0.085073,0.013061,-0.16968,-0.27848,-0.26254,-0.19281,-0.18187,-0.063283,0.1498,-0.05773,0.035635,-0.12015,0.34146,0.046865,0.064132,-0.12155,0.34931,0.045254,0.18637,0.19007,0.095596,0.23089,0.18861,-0.0059738,1,0.148,0.05289,0.027695,-0.16903,0.10124,0.093244,0.23398,-0.042808,0.084549,0.021172,0.021303,-0.059251,0.044358,-0.0096306,-0.12393,-0.32055,-0.12631,-0.015909,0.22773,0.062009,0.16416,-0.082599,-0.21352,0.079562,-0.52986,-0.23546,-0.15538,-0.012601,-0.22659,-0.0082,-0.066094,0.097285,0.094597,0.082389,0.072036,0.12262,-0.26609,0.32317,0.089453,0.15787,-0.094739,-0.03078,-0.195,-0.012714,-0.18049,0.3157,0.10188,-0.18008,-0.20762,-0.044836,0.0316,0.03781,0.048863,-0.037005,-0.018128,-0.092329,-0.11158,-0.3023,-0.20327,-0.29972
