,0,1,2,3,4,5,6,7,8,9,10,11,12,13,14,15,16,17,18,19,20,21,22,23,24,25,26,27,28,29,30,31,32,33,34,35,36,37,38,39,40,41,42,43,44,45,46,47,48,49,50,51,52,53,54,55,56,57,58,59,60,61,62,63,64,65,66,67,68,69,70,71,72,73,74,75,76,77,78,79,80,81,82,83
0,1,0.027849,0.34563,0.29974,-0.14591,0.25828,-0.22476,-0.035004,-0.15506,-0.12637,-0.16545,-0.31741,-0.02385,-0.20012,-0.061407,-0.13036,-0.16388,-0.094683,-0.18523,-0.2268,-0.17442,-0.068087,-0.085143,-0.21282,-0.12067,-0.25862,-0.32654,-0.274,-0.27138,-0.025261,-0.15293,0.047514,-0.02844,0.054725,-0.31539,-0.064499,-0.016193,0.066398,-0.24478,-0.0623,-0.15074,-0.045048,0.026085,0.081366,0.23834,-0.30596,0.0062754,-0.18115,0.14115,0.1705,-0.0022052,0.067752,-0.0034587,-0.037914,0.32591,0.19824,-0.0010736,0.035641,-0.27598,0.33564,0.053455,0.39139,0.059609,-0.0069225,0.12378,-0.13746,0.06878,0.3865,-0.055408,0.085849,0.014372,-0.072878,0.060175,0.18448,0.29003,-0.0343,-0.096591,0.26109,0.21513,-0.055127,-0.00048903,0.28119,-0.070173,0.062468
1,0.027849,1,0.13037,-0.14358,-0.051283,0.052908,-0.25022,0.093443,0.066909,-0.077112,-0.31072,-0.17835,-0.22094,-0.23734,-0.041002,-0.095999,-0.35696,-0.34667,-0.10611,-0.17445,-0.052072,-0.33483,-0.20607,-0.21586,-0.35462,-0.088994,-0.29561,-0.055412,-0.15741,-0.057454,-0.24456,-0.32508,-0.080557,0.13959,0.23287,0.10583,-0.38734,0.038871,0.1865,-0.17364,-0.081652,0.16107,-0.17773,-0.10409,0.1257,-0.091632,0.064663,-0.03867,0.28448,0.10589,0.091463,0.14238,0.00066011,-0.10872,-0.17983,-0.30029,0.048381,-0.080795,-0.15266,-0.1137,0.061653,0.31289,0.28785,0.021575,0.12263,0.10564,0.14417,0.078614,0.097118,-0.00091632,0.27525,0.24952,0.093638,-0.065082,-0.07524,-0.0031665,-0.077819,0.11059,0.29459,0.068094,0.17994,0.20339,-0.11121,-0.17702
2,0.34563,0.13037,1,0.17223,0.07305,0.076414,-0.0051616,-0.098214,0.093152,0.21857,-0.041903,-0.13832,-0.16535,-0.10526,0.083416,0.01898,-0.052615,-0.13671,-0.081987,-0.29718,0.21013,0.02274,-0.050438,-0.002465,0.035767,-0.0096617,-0.073316,-0.05027,-0.2472,-0.11415,-0.012349,0.02643,0.10319,0.18859,0.18982,-0.11541,-0.13975,0.063689,-0.029224,-0.2219,-0.22792,0.06362,-0.031318,-0.27257,0.05781,-0.24034,0.042552,-0.18956,0.42084,0.059263,-0.061747,-0.050071,-0.14381,-0.23641,-0.04538,0.20121,-0.056711,-0.12551,-0.41215,0.2479,0.21828,0.080192,-0.022753,0.23697,-0.013302,-0.021527,-0.15957,-0.099892,0.020691,0.17623,-0.20977,0.19258,-0.36773,0.11893,-0.07832,-0.25292,0.068755,0.1268,-0.012755,0.25102,0.08956,0.33372,-0.069983,0.077135
3,0.29974,-0.14358,0.17223,1,0.22103,0.31283,0.095643,0.090723,-0.22625,0.039349,0.044179,-0.023811,-0.0076963,0.068834,-0.025505,0.065537,0.11603,0.21526,-0.20698,-0.218,0.15734,0.11879,0.14945,0.076313,0.045939,-0.0081173,-0.11757,0.0080849,0.064413,0.32239,0.1386,0.063692,0.090445,-0.033121,-0.047015,-0.13622,0.012768,0.28844,0.023457,-0.052437,-0.042327,0.21544,0.12684,-0.22385,-0.073138,-0.095576,0.14556,0.0029469,0.19327,0.14434,0.11746,-0.022129,-0.056946,-0.035751,0.14454,0.074282,0.064449,0.13308,-0.091048,0.17571,0.20414,-0.17969,-0.093647,-0.098386,-0.010213,0.18739,0.022146,0.10077,-0.14226,-0.038284,-0.016576,-0.11742,0.13375,0.096057,0.28257,0.11024,0.09763,0.13479,-0.03382,-0.24469,-0.23416,-0.067075,0.11525,-0.17856
4,-0.14591,-0.051283,0.07305,0.22103,1,0.059689,0.2202,0.079853,0.20825,0.13435,0.28885,0.38944,0.25434,0.14814,0.089765,0.01715,0.19265,0.17102,0.15185,0.1471,0.35263,0.33587,0.34152,0.10324,0.29239,0.098612,0.27791,0.59829,0.24611,0.43166,0.13062,0.19086,0.41872,0.10684,-0.060379,0.19962,0.033299,0.29783,0.18864,-0.053063,0.15894,0.19647,0.37406,0.11898,-0.0052929,0.057451,0.14749,0.11722,-0.018743,0.051766,0.17555,0.13821,0.060575,0.017264,0.22239,-0.020548,0.11188,-0.22371,0.066608,0.1922,0.16441,-0.25114,0.11957,0.20153,-0.074019,0.19132,0.14755,-0.015389,-0.16031,0.072606,0.028388,-0.15134,0.069635,0.10609,0.15619,0.13969,0.18114,0.30381,-0.087672,-0.090785,0.19274,-0.027854,-0.14242,-0.067114
5,0.25828,0.052908,0.076414,0.31283,0.059689,1,-0.25328,0.10108,-0.26619,0.030824,-0.11434,0.01698,0.14879,0.34184,-0.10611,0.088063,-0.0046281,-0.0099609,0.0039893,-0.01041,0.18664,0.11826,-0.17237,-0.071828,-0.0092717,-0.14553,-0.00087336,0.082192,0.23629,-0.040726,-0.20495,-0.068916,0.1054,0.10559,-0.1712,0.007305,-0.097487,0.49478,0.31794,-0.062282,0.064289,0.088134,-0.13657,-0.22552,0.097854,-0.25857,0.045822,0.2454,0.23358,0.22291,0.2256,0.35462,0.10647,0.033198,0.11539,-0.010448,0.0486,0.13756,0.16243,0.045532,0.15312,-0.082721,0.060941,-0.11705,0.072883,-0.33709,-0.077569,-0.030117,-0.18227,0.11428,0.11147,-0.18242,-0.037729,0.27999,0.16012,-0.17221,0.17682,0.17291,0.17411,-0.37188,0.15529,0.079735,-0.24145,0.093944
6,-0.22476,-0.25022,-0.0051616,0.095643,0.2202,-0.25328,1,0.13611,0.17849,0.50839,0.40259,0.056283,0.15872,0.24886,0.26644,-0.16043,0.050045,0.22567,-0.12423,0.062845,-0.053141,0.23451,0.23753,0.22735,0.19066,0.20682,0.17379,0.10892,0.023603,0.35085,-0.079935,0.045628,0.23965,0.27312,-0.0026103,-0.14273,0.21916,0.0086768,-0.033715,-0.02273,-0.085481,-0.054802,0.23939,0.14231,-0.36277,0.135,0.29206,0.063269,-0.18138,-0.22414,0.077469,-0.070303,-0.087836,0.051924,-0.11416,0.22372,0.15485,0.028737,0.036233,0.17882,0.12488,-0.34775,-0.058983,0.024628,0.091126,-0.099764,0.147,0.0016397,0.14459,-0.14843,-0.080287,0.23773,-0.21995,0.091817,-0.27124,0.11178,0.26713,-0.078255,-0.18566,0.11147,-0.2057,-0.030754,0.086803,-0.13058
7,-0.035004,0.093443,-0.098214,0.090723,0.079853,0.10108,0.13611,1,-0.0062738,0.15659,0.14017,0.23311,0.040033,0.10978,-0.19374,0.15467,0.12127,0.045102,-0.15902,0.24013,0.11892,0.22977,0.17662,0.29873,0.21441,-0.048578,0.16708,0.27209,0.020143,0.30023,0.14132,0.0081183,0.051414,0.15598,-0.011942,0.15282,0.15425,-0.099868,0.24297,0.012946,0.10882,-0.08484,0.11158,0.11809,-0.18679,-0.05649,0.16642,0.14381,-0.092423,-0.091713,0.13985,0.22292,0.12929,-0.36476,0.1311,-0.052814,-0.067797,-0.11118,-0.024538,-0.017882,-0.0078528,-0.11764,0.055353,-0.11891,0.12273,-0.070977,0.13983,-0.15074,-0.0051451,-0.16244,0.39933,-0.05045,-0.1296,0.019856,-0.11718,0.20601,0.25867,-0.083807,0.18901,0.19741,0.079425,-0.21669,0.0079146,-0.072054
8,-0.15506,0.066909,0.093152,-0.22625,0.20825,-0.26619,0.17849,-0.0062738,1,0.050698,0.19001,0.19965,0.45259,0.19062,0.19405,0.27198,0.12971,0.090792,0.39044,0.27497,0.10967,0.38673,0.26584,0.1022,0.15469,0.11922,0.2904,0.3549,0.18594,0.13778,0.090409,0.014325,0.34914,0.29475,0.061299,0.20685,0.13754,-0.069375,0.063052,0.26729,0.26479,0.26215,0.086096,0.022898,0.19957,-0.040413,-0.098698,-0.042546,0.14745,-0.031437,-0.12378,0.23611,0.02044,0.0049709,-0.032088,-0.033392,-0.18652,-0.043084,-0.1091,0.10357,-0.19352,-0.014228,0.055916,0.21152,-0.0033373,-0.15601,0.14286,-0.18167,0.14922,0.16973,0.00029997,0.047345,-0.19585,-0.064462,-0.092264,-0.32578,0.1185,-0.24573,-0.29888,0.17221,0.13495,-0.1563,-0.0041491,-0.16501
9,-0.12637,-0.077112,0.21857,0.039349,0.13435,0.030824,0.50839,0.15659,0.050698,1,0.13639,0.031469,0.12776,0.050726,0.021141,-0.14503,0.16626,-0.053877,-0.18264,-0.085008,-0.0086962,0.0094712,0.24654,0.114,0.10313,0.28129,0.036255,0.13507,0.063966,0.21282,-0.079331,0.10154,0.33809,-0.014104,0.10315,-0.17919,0.13765,0.14026,0.094164,-0.074944,0.0060759,-0.071179,0.17583,0.0082967,-0.3549,0.2676,0.17765,0.12257,-0.091273,-0.10104,0.023374,0.086664,-0.094158,-0.17206,-0.12701,0.11264,0.037248,0.12644,0.094727,-0.052323,0.2295,-0.28726,-0.029854,-0.067126,0.04351,-0.14198,-0.12164,-0.39369,0.059369,0.084005,-0.0011642,0.11038,-0.34138,0.005116,-0.13217,0.095605,0.16396,0.02484,0.019223,-0.1197,0.11164,0.063437,0.12319,-0.09407
10,-0.16545,-0.31072,-0.041903,0.044179,0.28885,-0.11434,0.40259,0.14017,0.19001,0.13639,1,0.23955,0.059457,0.1366,-0.011309,-0.042301,0.16441,0.16328,0.16426,0.38322,0.019374,0.39975,0.39119,0.36371,0.32705,0.03192,0.20176,0.17193,0.43871,0.16669,0.16486,0.28091,0.40728,0.1671,0.1449,-0.106,0.52195,0.1216,-0.044375,0.2203,-0.099498,-0.086021,0.2313,0.20915,-0.14274,-0.043804,-0.17468,0.35263,-0.15347,-0.096847,-0.049273,0.11698,0.32498,0.17887,0.030725,-0.042475,-0.055421,-0.078619,-0.021813,0.24688,0.09033,-0.077634,0.14495,-0.072464,0.209,0.2053,0.068915,-0.066389,0.034539,-0.08607,0.10504,0.0091864,-0.06429,0.076881,-0.030233,0.17205,0.21521,0.0036375,-0.28398,0.088996,0.076182,-0.072154,-0.12145,-0.17943
11,-0.31741,-0.17835,-0.13832,-0.023811,0.38944,0.01698,0.056283,0.23311,0.19965,0.031469,0.23955,1,0.14954,0.15531,0.1263,0.2835,0.32708,0.43706,0.27167,0.4191,0.26717,0.36075,0.16461,0.3281,0.18332,0.23205,0.41899,0.50262,0.21071,0.26189,0.28979,0.17211,0.21208,0.16322,0.20256,0.14952,0.23608,0.17218,0.25525,0.24935,0.28127,0.33497,0.17597,0.19148,-0.11417,0.16883,-0.13618,0.28681,0.083809,-0.057355,0.033301,0.077949,0.029042,-0.010155,0.005872,0.133,-0.0064919,-0.065921,-0.0065156,-0.034559,0.10823,-0.24735,-0.056151,0.13132,-0.32243,0.15862,-0.19051,-0.21002,-0.022662,-0.15299,0.067414,-0.059095,0.038988,-0.039746,0.090613,-0.23974,-0.19504,0.24861,-0.0071889,0.091579,0.052693,-0.24068,-0.2133,-0.18451
12,-0.02385,-0.22094,-0.16535,-0.0076963,0.25434,0.14879,0.15872,0.040033,0.45259,0.12776,0.059457,0.14954,1,0.26978,0.17488,0.31196,0.33203,0.35702,0.29269,0.34206,0.2112,0.45373,0.16281,0.0070012,0.14072,0.20704,0.36102,0.2971,0.42318,0.27562,0.22903,0.23953,0.027095,0.33951,-0.24381,0.35165,0.26984,0.084666,0.3095,0.18433,0.29149,0.15877,0.13801,0.027588,0.17569,0.1131,0.14725,-0.011822,0.098548,0.26402,-0.040015,0.19254,0.069454,0.066864,0.16444,0.013464,-0.13887,-0.041698,0.3001,-0.1049,-0.065945,-0.042182,0.078604,-0.073447,-0.1584,-0.23118,0.008474,-0.062734,-0.13485,0.17454,-0.055537,-0.17817,-0.22255,0.088549,0.20383,-0.097972,-0.029541,-0.078826,-0.13095,-0.085215,0.058442,-0.14142,-0.10166,-0.11909
13,-0.20012,-0.23734,-0.10526,0.068834,0.14814,0.34184,0.24886,0.10978,0.19062,0.050726,0.1366,0.15531,0.26978,1,0.27923,0.34456,0.1826,0.048905,0.40199,0.19191,0.29871,0.40507,0.13582,0.21142,0.33618,0.14955,0.45867,0.29793,0.29912,0.12951,0.12085,0.2628,0.16769,0.14032,-0.057538,0.051232,-0.030262,0.33211,0.18067,0.25263,0.24885,0.028864,-0.18717,-0.025168,-0.029663,-0.0069999,0.058985,0.0062498,0.13487,0.10978,-0.081752,0.26041,0.18012,-0.067989,-0.17224,0.22549,-0.14202,-0.030771,0.1795,0.24435,0.1223,-0.44239,0.0010047,0.2558,0.29409,-0.30633,0.078528,-0.20762,0.041371,-0.11046,-0.032745,-0.27723,-0.13036,0.15257,-0.07501,-0.037364,0.22398,-0.19622,-0.085243,-0.33169,-0.027209,-0.12025,-0.10781,-0.013691
14,-0.061407,-0.041002,0.083416,-0.025505,0.089765,-0.10611,0.26644,-0.19374,0.19405,0.021141,-0.011309,0.1263,0.17488,0.27923,1,0.11272,0.26364,0.12389,0.1129,0.098017,0.22367,0.30783,0.092408,-0.013797,0.1016,0.33552,0.37085,0.19297,-0.099296,0.2332,0.13154,0.2634,0.064429,0.23934,0.060127,0.32799,0.12173,-0.044737,0.20874,0.033695,0.13341,0.065679,0.10739,0.25882,0.031141,0.32623,0.1295,-0.15869,0.23687,0.28749,0.089648,0.14085,-0.13849,0.031728,-0.27709,0.30378,-0.19398,-0.16767,0.045174,0.078408,0.15562,-0.25028,0.12569,0.42742,-0.10021,0.041205,0.056169,0.046163,-0.25009,0.094782,0.060688,0.0013652,-0.24879,-0.030323,-0.084312,-0.31124,-0.2994,-0.047698,-0.1625,-0.10062,-0.10737,0.24301,-0.15027,0.026802
15,-0.13036,-0.095999,0.01898,0.065537,0.01715,0.088063,-0.16043,0.15467,0.27198,-0.14503,-0.042301,0.2835,0.31196,0.34456,0.11272,1,0.50891,0.26424,0.32701,0.18563,0.48487,0.35657,0.26275,0.28809,0.18872,0.11853,0.33144,0.2713,0.29456,-0.019684,0.33652,0.099415,0.011285,0.30921,0.1216,0.13868,0.069592,0.092178,0.2199,0.20637,0.44041,0.19316,-0.16891,-0.17147,0.13505,-0.035624,-0.20017,-0.054902,0.42339,0.2562,-0.18818,0.33598,0.0037752,-0.083019,-0.16875,-0.096069,-0.2053,-0.25352,-0.022073,-0.07239,0.041251,-0.24831,-0.11534,0.0058033,-0.15182,0.045151,-0.22071,-0.20258,-0.26341,-0.18573,-0.06799,-0.33867,-0.1424,-0.0034472,-0.02212,-0.27713,-0.13472,-0.10735,-0.10535,-0.17723,-0.079978,-0.15581,-0.090006,-0.23623
16,-0.16388,-0.35696,-0.052615,0.11603,0.19265,-0.0046281,0.050045,0.12127,0.12971,0.16626,0.16441,0.32708,0.33203,0.1826,0.26364,0.50891,1,0.28039,0.18133,0.36834,0.38229,0.29588,0.35564,0.24756,0.31474,0.38595,0.34757,0.3718,0.34262,0.21665,0.31033,0.36634,0.24241,-0.09804,0.099911,0.24365,0.28374,-0.011894,0.18765,0.22698,0.12529,0.21189,0.15173,-0.05103,-0.08736,0.081094,0.1004,0.1669,0.051732,0.24746,0.0096482,0.19981,0.015501,-0.064707,0.064948,-0.19274,-0.3151,-0.23698,0.18312,-0.15072,0.053481,-0.2839,-0.16235,0.0551,-0.31906,0.040077,-0.065066,-0.027506,-0.1828,-0.0030769,-0.16452,-0.28091,-0.15868,-0.094512,0.078782,0.00072274,-0.22603,-0.090168,-0.038624,-0.17336,0.049117,-0.33189,0.0012337,-0.098963
17,-0.094683,-0.34667,-0.13671,0.21526,0.17102,-0.0099609,0.22567,0.045102,0.090792,-0.053877,0.16328,0.43706,0.35702,0.048905,0.12389,0.26424,0.28039,1,0.25666,0.29788,0.20308,0.35963,0.11978,0.39999,0.083865,0.24122,0.29605,0.082599,0.087365,0.3785,0.26451,-0.060151,-0.12787,0.3232,-0.093937,0.16633,0.23641,0.055732,0.10707,0.17568,0.15668,0.077754,0.10601,-0.12751,-0.14616,0.027874,0.025667,0.046809,0.0091957,0.13996,0.12451,-0.0029191,-0.11476,-0.0096105,-0.031427,-0.0087511,0.24322,-0.36846,0.17378,-0.073571,-0.16986,-0.24141,-0.059888,-0.19875,-0.25186,-0.030951,-0.12331,-0.085665,-0.17084,-0.23976,-0.096401,0.12846,-0.061068,0.14277,0.21164,-0.10381,-0.18983,-0.015272,-0.20211,0.16782,-0.22983,-0.10019,-0.25965,-0.069078
18,-0.18523,-0.10611,-0.081987,-0.20698,0.15185,0.0039893,-0.12423,-0.15902,0.39044,-0.18264,0.16426,0.27167,0.29269,0.40199,0.1129,0.32701,0.18133,0.25666,1,0.2029,0.3384,0.34919,0.173,0.18128,0.28913,0.018955,0.40235,0.18006,0.20439,-0.065475,-0.048343,0.070379,0.10801,0.058687,0.048828,0.21852,0.12834,0.15614,0.13137,0.24957,0.098443,0.19526,-0.035981,0.011781,0.17245,-0.16996,0.029613,-0.0039358,0.092478,0.16511,-0.12918,0.12827,0.04146,-0.094874,-0.1834,-0.093518,-0.1572,-0.29431,0.081381,-0.056144,-0.099598,-0.2607,0.069589,0.091793,0.027698,-0.017393,-0.074719,-0.39164,-0.003357,0.041501,-0.17767,-0.01273,0.11261,0.20232,0.16584,-0.12674,0.031436,-0.1494,-0.23243,-0.095612,0.058086,-0.13935,-0.31163,-0.11746
19,-0.2268,-0.17445,-0.29718,-0.218,0.1471,-0.01041,0.062845,0.24013,0.27497,-0.085008,0.38322,0.4191,0.34206,0.19191,0.098017,0.18563,0.36834,0.29788,0.2029,1,0.052051,0.43011,0.21815,0.2837,0.17507,-0.04268,0.24043,0.27895,0.24861,0.28027,0.3482,0.18063,0.16108,0.26838,0.25648,0.42216,0.36532,0.066805,0.31306,0.31441,0.21265,0.043818,0.21028,0.14383,-0.0069137,0.037912,-0.067357,0.32286,-0.20741,0.15166,-0.081198,0.28111,0.065366,0.028319,0.17075,-0.084926,-0.14792,-0.12955,0.14659,0.11835,-0.17002,0.023049,0.15712,-0.078024,0.053225,-0.132,0.25706,0.013836,0.036734,-0.2933,0.076907,-0.020793,-0.24745,-0.079254,0.0071216,0.033352,-0.12656,-0.015674,-0.10879,-0.033504,0.13107,-0.17679,-0.12077,-0.079161
20,-0.17442,-0.052072,0.21013,0.15734,0.35263,0.18664,-0.053141,0.11892,0.10967,-0.0086962,0.019374,0.26717,0.2112,0.29871,0.22367,0.48487,0.38229,0.20308,0.3384,0.052051,1,0.26616,0.41344,0.41498,0.54872,0.22848,0.55674,0.44412,0.20496,0.23643,0.44587,0.1036,0.18268,0.1254,-0.021368,0.19422,-0.097668,0.096274,0.35401,0.08697,0.18852,0.077345,-0.090946,0.046218,0.18951,-0.22636,0.25095,-0.13581,0.32433,0.26929,0.13106,0.21117,-0.11648,0.0024924,-0.23371,-0.028338,-0.047399,-0.10654,0.20323,0.1208,0.30422,-0.39605,0.16156,0.11059,-0.090167,0.12523,-0.22812,-0.2585,-0.14124,-0.01546,-0.091643,-0.098129,-0.18975,0.13808,0.034907,0.072033,-0.10431,0.093918,-0.20371,-0.11439,0.24115,-0.27943,-0.13387,0.09002
21,-0.068087,-0.33483,0.02274,0.11879,0.33587,0.11826,0.23451,0.22977,0.38673,0.0094712,0.39975,0.36075,0.45373,0.40507,0.30783,0.35657,0.29588,0.35963,0.34919,0.43011,0.26616,1,0.32517,0.22521,0.45658,0.062648,0.43196,0.4339,0.29207,0.33643,0.29143,0.16411,0.20795,0.45368,0.13962,0.34202,0.33363,0.248,0.27908,0.12901,0.32259,0.073655,0.23103,0.042545,-0.076639,-0.067089,-0.15589,-0.09212,0.10452,0.051428,0.039191,0.39573,0.16192,0.029818,0.043455,0.1854,-0.10306,-0.20659,-0.062624,0.16289,0.10784,-0.15571,0.062577,0.048534,-0.16952,-0.12561,0.059105,-0.16935,-0.057946,0.12943,-0.11265,-0.1329,-0.30409,0.053515,-0.0042659,-0.23503,0.16389,-0.24866,-0.076418,-0.015055,-0.11482,-0.046282,-0.25089,-0.10972
22,-0.085143,-0.20607,-0.050438,0.14945,0.34152,-0.17237,0.23753,0.17662,0.26584,0.24654,0.39119,0.16461,0.16281,0.13582,0.092408,0.26275,0.35564,0.11978,0.173,0.21815,0.41344,0.32517,1,0.40788,0.43608,0.16996,0.30382,0.38495,0.35392,0.41983,0.3476,0.33409,0.45961,0.091821,0.042861,-0.021674,0.022502,0.1132,0.049949,0.33385,-0.0029631,0.061266,0.29547,0.077303,0.15849,-0.010591,-0.027172,0.018759,-0.1319,0.12786,0.060097,0.16168,0.17531,0.025837,0.09364,-0.13521,-0.079116,-0.085283,0.10059,0.0023944,0.21337,-0.17231,0.13528,0.019339,0.21815,0.15293,-0.0018963,-0.13278,-0.013581,-0.14753,-0.066948,-0.10758,-0.21851,-0.015372,0.070533,0.26898,0.022208,-0.19726,-0.24633,-0.07952,0.24361,-0.38793,0.11467,-0.001284
23,-0.21282,-0.21586,-0.002465,0.076313,0.10324,-0.071828,0.22735,0.29873,0.1022,0.114,0.36371,0.3281,0.0070012,0.21142,-0.013797,0.28809,0.24756,0.39999,0.18128,0.2837,0.41498,0.22521,0.40788,1,0.2411,0.24379,0.52917,0.044005,0.16984,0.13835,0.37888,0.094659,0.19528,0.095077,0.031217,-0.00028358,0.20823,0.034123,-0.13882,0.13841,-0.086952,-0.041088,0.14914,0.16907,0.06417,-0.025302,0.054592,-0.0018102,-0.027847,-0.10827,0.10017,0.22143,-0.04128,-0.084528,0.0024263,0.035746,0.049027,-0.1319,0.12884,0.086468,0.034209,-0.37899,0.018696,0.12095,0.073717,0.0096872,-0.080692,-0.12377,-0.083673,-0.26831,-0.0045402,0.1308,-0.18943,0.12137,0.11098,0.288,-0.040213,-0.022316,-0.27824,0.061924,-0.092664,-0.10841,-0.24166,-0.025434
24,-0.12067,-0.35462,0.035767,0.045939,0.29239,-0.0092717,0.19066,0.21441,0.15469,0.10313,0.32705,0.18332,0.14072,0.33618,0.1016,0.18872,0.31474,0.083865,0.28913,0.17507,0.54872,0.45658,0.43608,0.2411,1,0.27622,0.28963,0.43882,0.20394,0.37761,0.30449,0.25818,0.1764,0.17456,-0.013339,0.20682,0.06347,-0.045209,0.027473,0.086841,0.094818,-0.10844,0.055919,0.17629,-0.0095311,-0.073825,0.093776,0.10658,0.0068185,0.088333,0.18049,0.13088,0.083375,-0.12338,-0.062404,0.27421,-0.10942,0.064672,0.096497,0.36979,0.20621,-0.32839,0.18509,0.0080791,0.085773,-0.024765,-0.062004,-0.19466,0.017405,-0.010643,-0.22358,-0.21519,-0.16198,0.0066027,-0.19928,0.098693,-0.0050628,-0.20203,-0.0062775,-0.0087983,0.24372,-0.25153,0.17566,0.076592
25,-0.25862,-0.088994,-0.0096617,-0.0081173,0.098612,-0.14553,0.20682,-0.048578,0.11922,0.28129,0.03192,0.23205,0.20704,0.14955,0.33552,0.11853,0.38595,0.24122,0.018955,-0.04268,0.22848,0.062648,0.16996,0.24379,0.27622,1,0.15441,0.29068,0.37253,0.41592,0.27955,0.22652,-0.077537,0.056645,0.13137,0.12928,0.15838,0.0067499,-0.12206,0.051809,-0.0025727,0.15522,-0.10971,0.07746,0.05479,0.50348,0.0027081,-0.020345,0.23788,0.014618,-0.0011167,-0.070081,0.023912,-0.1709,-0.10792,0.06702,-0.067846,0.11973,0.15017,-0.052223,-0.10238,-0.11298,-0.049445,0.17726,-0.12194,0.057872,-0.31356,0.06243,0.028662,0.17123,-0.19231,-0.084313,-0.18749,-0.12185,0.077732,-0.03708,-0.41485,-0.097631,0.035509,0.031118,0.071083,-0.041774,0.23031,-0.13454
26,-0.32654,-0.29561,-0.073316,-0.11757,0.27791,-0.00087336,0.17379,0.16708,0.2904,0.036255,0.20176,0.41899,0.36102,0.45867,0.37085,0.33144,0.34757,0.29605,0.40235,0.24043,0.55674,0.43196,0.30382,0.52917,0.28963,0.15441,1,0.38601,0.11059,0.063137,0.27233,0.17577,0.25496,0.034724,-0.18666,0.23922,0.24418,-0.074569,0.17908,0.20022,0.075748,0.036033,0.13682,0.23602,0.071976,0.027989,0.13106,-0.063015,-0.064628,0.09665,0.22728,0.26432,0.10005,0.014838,-0.15152,0.11175,-0.033464,-0.21755,0.29915,-0.10063,0.16192,-0.4445,0.030057,0.38622,-0.13942,0.020269,-0.13251,-0.28309,-0.10575,-0.11404,0.1551,-0.12149,-0.12954,0.18568,0.15949,-0.026141,-0.0049909,-0.019308,-0.39369,-0.057223,0.006033,-0.20502,-0.34715,0.019828
27,-0.274,-0.055412,-0.05027,0.0080849,0.59829,0.082192,0.10892,0.27209,0.3549,0.13507,0.17193,0.50262,0.2971,0.29793,0.19297,0.2713,0.3718,0.082599,0.18006,0.27895,0.44412,0.4339,0.38495,0.044005,0.43882,0.29068,0.38601,1,0.23563,0.43715,0.33278,0.15739,0.29758,0.23214,0.21209,0.23705,0.080387,0.090961,0.44658,0.063928,0.36958,0.21491,0.24118,0.072304,-0.16002,0.097402,0.027485,0.057964,0.30328,0.20161,0.26447,0.2002,0.22719,-0.085487,0.077231,-0.047257,-0.08911,0.041264,0.16101,0.19389,0.041108,-0.2328,0.17661,0.20714,-0.0033967,0.1705,0.038691,-0.17519,0.064822,0.054666,0.010274,-0.19659,-0.11905,0.05212,-0.056456,-0.14242,0.0081603,0.15149,-0.089854,-0.092277,0.35953,-0.39042,-0.082051,0.071589
28,-0.27138,-0.15741,-0.2472,0.064413,0.24611,0.23629,0.023603,0.020143,0.18594,0.063966,0.43871,0.21071,0.42318,0.29912,-0.099296,0.29456,0.34262,0.087365,0.20439,0.24861,0.20496,0.29207,0.35392,0.16984,0.20394,0.37253,0.11059,0.23563,1,0.14827,0.21862,0.3431,0.23386,0.020731,0.025934,0.027009,0.27249,0.37977,0.03573,0.35132,0.092822,0.27336,-0.073157,-0.013068,0.15708,0.11403,-0.22984,0.19135,0.068982,0.011564,-0.23362,0.1234,0.29131,0.28756,0.16775,-0.22248,-0.16863,0.11381,0.11127,-0.11959,0.068021,0.063078,0.028784,-0.1808,0.012615,0.010509,-0.2231,0.033997,-0.039598,0.15592,0.0019998,-0.25355,-0.090558,-0.086276,0.13373,0.092467,0.072317,-0.17375,-0.03692,-0.13898,0.1379,-0.32283,0.18654,-0.25702
29,-0.025261,-0.057454,-0.11415,0.32239,0.43166,-0.040726,0.35085,0.30023,0.13778,0.21282,0.16669,0.26189,0.27562,0.12951,0.2332,-0.019684,0.21665,0.3785,-0.065475,0.28027,0.23643,0.33643,0.41983,0.13835,0.37761,0.41592,0.063137,0.43715,0.14827,1,0.38729,0.18679,0.20814,0.35966,-0.011436,0.39451,0.14861,0.20536,0.23401,0.21837,0.28327,0.059072,0.33355,0.16753,-0.064662,0.22663,0.10781,0.066803,0.051887,0.16245,0.20733,0.12612,-0.088804,-0.10406,-0.038302,0.1421,-0.076542,0.068159,0.23377,0.17873,-0.046562,-0.08977,0.05058,-0.20727,0.10733,0.0066112,0.28211,-0.015529,-0.1064,-0.051686,-0.062347,-0.044861,-0.081335,-0.030654,-0.076254,0.16881,-0.024939,0.051186,-0.16887,0.13,-0.06006,-0.14656,0.18403,-0.052191
30,-0.15293,-0.24456,-0.012349,0.1386,0.13062,-0.20495,-0.079935,0.14132,0.090409,-0.079331,0.16486,0.28979,0.22903,0.12085,0.13154,0.33652,0.31033,0.26451,-0.048343,0.3482,0.44587,0.29143,0.3476,0.37888,0.30449,0.27955,0.27233,0.33278,0.21862,0.38729,1,0.35176,-0.13091,0.1784,0.1258,0.16334,0.11323,-0.046737,0.24112,0.29264,0.27848,-0.1807,0.090864,0.13094,0.062251,0.23541,-0.22457,-0.11666,0.28326,0.036433,-0.075125,0.05148,0.042176,0.057608,-0.093924,0.049749,-0.19757,0.012014,0.22587,0.17444,0.1216,-0.040929,0.10213,-0.022181,-0.031464,0.24779,0.052869,-0.13561,-0.076249,-0.0072764,-0.16354,-0.01536,-0.24145,-0.0091421,0.090121,0.13963,-0.22563,-0.071978,-0.20407,0.084947,0.032751,-0.21822,0.012905,0.13423
31,0.047514,-0.32508,0.02643,0.063692,0.19086,-0.068916,0.045628,0.0081183,0.014325,0.10154,0.28091,0.17211,0.23953,0.2628,0.2634,0.099415,0.36634,-0.060151,0.070379,0.18063,0.1036,0.16411,0.33409,0.094659,0.25818,0.22652,0.17577,0.15739,0.3431,0.18679,0.35176,1,0.13795,0.064006,-0.08244,-0.053648,0.0531,-0.010879,-0.19869,0.12248,0.11432,0.11278,0.15715,0.24029,0.12533,0.16732,0.073711,0.072165,0.0073537,0.18597,-0.1084,-0.13757,0.32512,0.011701,0.29627,0.17923,-0.29817,-0.12207,-0.0078235,0.12024,0.066536,0.00032479,0.28624,0.19064,0.249,0.0085699,0.11626,-0.10216,-0.25133,-0.073974,-0.11501,-0.18633,-0.23269,-0.21614,-0.10201,0.086136,-0.23736,-0.023617,-0.050389,-0.074993,0.030665,-0.044059,0.056079,0.18829
32,-0.02844,-0.080557,0.10319,0.090445,0.41872,0.1054,0.23965,0.051414,0.34914,0.33809,0.40728,0.21208,0.027095,0.16769,0.064429,0.011285,0.24241,-0.12787,0.10801,0.16108,0.18268,0.20795,0.45961,0.19528,0.1764,-0.077537,0.25496,0.29758,0.23386,0.20814,-0.13091,0.13795,1,-0.015594,-0.048488,0.11899,0.090142,0.22565,0.018502,0.36844,0.10248,0.26792,0.34215,0.043605,-0.037443,-0.13421,-0.027641,0.1463,-0.15631,0.08821,0.11882,0.32533,0.0059549,0.17649,0.021216,-0.054246,-0.12274,0.040456,0.015459,0.10577,0.2123,-0.20625,-0.14048,-0.037593,0.055412,-0.15465,0.026936,-0.12199,-0.10004,-0.12935,0.092096,-0.19888,-0.034777,0.077676,-0.11322,0.033278,0.2571,0.16857,-0.36015,-0.13348,0.05338,-0.29107,-0.07059,-0.13389
33,0.054725,0.13959,0.18859,-0.033121,0.10684,0.10559,0.27312,0.15598,0.29475,-0.014104,0.1671,0.16322,0.33951,0.14032,0.23934,0.30921,-0.09804,0.3232,0.058687,0.26838,0.1254,0.45368,0.091821,0.095077,0.17456,0.056645,0.034724,0.23214,0.020731,0.35966,0.1784,0.064006,-0.015594,1,0.1559,0.23955,-0.020981,0.13088,0.27435,-0.072858,0.28882,0.046101,0.095077,0.017177,0.12466,0.024366,-0.053475,0.082757,0.4114,0.11019,0.11087,0.2273,0.1521,-0.049602,-0.17271,0.11705,0.025497,-0.11727,-0.034035,0.25507,-0.097314,0.10789,0.26233,-0.11066,0.15301,-0.14874,0.19388,-0.078147,-0.12584,-0.20929,-0.1461,0.1471,-0.39062,0.18588,-0.26533,-0.3629,-0.035527,-0.0039328,-0.060233,0.22994,-0.045891,0.20043,-0.23804,-0.049321
34,-0.31539,0.23287,0.18982,-0.047015,-0.060379,-0.1712,-0.0026103,-0.011942,0.061299,0.10315,0.1449,0.20256,-0.24381,-0.057538,0.060127,0.1216,0.099911,-0.093937,0.048828,0.25648,-0.021368,0.13962,0.042861,0.031217,-0.013339,0.13137,-0.18666,0.21209,0.025934,-0.011436,0.1258,-0.08244,-0.048488,0.1559,1,0.029074,0.035545,0.074936,0.24965,-0.21056,-0.0079237,0.17979,-0.0076413,-0.17858,-0.18333,0.12996,-0.23451,0.10543,0.229,-0.03963,-0.13309,0.053978,-0.017015,-0.23798,-0.10568,-0.12893,0.023598,0.082957,-0.29027,0.14229,0.094909,0.16529,0.14566,0.057652,0.045694,0.23142,-0.045037,-0.090198,0.24644,0.036712,-0.15934,0.10507,-0.11529,-0.30786,-0.15604,-0.15765,-0.18346,0.037113,0.16628,-0.062775,0.15381,-0.02137,-0.0186,-0.32155
35,-0.064499,0.10583,-0.11541,-0.13622,0.19962,0.007305,-0.14273,0.15282,0.20685,-0.17919,-0.106,0.14952,0.35165,0.051232,0.32799,0.13868,0.24365,0.16633,0.21852,0.42216,0.19422,0.34202,-0.021674,-0.00028358,0.20682,0.12928,0.23922,0.23705,0.027009,0.39451,0.16334,-0.053648,0.11899,0.23955,0.029074,1,0.18146,0.10443,0.28124,0.12489,0.20859,0.10847,0.28127,0.15026,0.12168,0.20423,0.025369,-0.10226,0.017085,0.28959,0.18734,0.35933,-0.17132,-0.21774,-0.091285,0.074085,-0.20471,-0.15459,0.21692,-0.056365,-0.12989,0.039799,0.050313,-0.15228,-0.20735,-0.1309,0.15685,0.037878,-0.27706,0.047895,0.045805,-0.139,-0.0059079,-0.04981,-0.0072984,-0.089531,-0.14401,-0.024524,-0.087971,0.12755,-0.038586,-0.034074,-0.1759,-0.14566
36,-0.016193,-0.38734,-0.13975,0.012768,0.033299,-0.097487,0.21916,0.15425,0.13754,0.13765,0.52195,0.23608,0.26984,-0.030262,0.12173,0.069592,0.28374,0.23641,0.12834,0.36532,-0.097668,0.33363,0.022502,0.20823,0.06347,0.15838,0.24418,0.080387,0.27249,0.14861,0.11323,0.0531,0.090142,-0.020981,0.035545,0.18146,1,-0.0030467,0.028908,0.16597,-0.022634,-0.031414,0.27748,0.34938,-0.10676,0.23117,-0.12675,0.15979,-0.027384,-0.09814,-0.086951,0.2378,-0.076757,-0.020518,0.030811,0.15855,-0.25455,0.12026,0.15097,-0.060868,-0.094706,-0.038347,-0.12108,-0.079772,-0.19812,0.28772,-0.042124,-0.052943,-0.027983,0.17138,0.13762,0.023581,0.012423,0.14894,0.14287,-0.00093922,0.088203,0.117,-0.34341,0.020122,-0.2089,0.074473,0.087064,-0.28642
37,0.066398,0.038871,0.063689,0.28844,0.29783,0.49478,0.0086768,-0.099868,-0.069375,0.14026,0.1216,0.17218,0.084666,0.33211,-0.044737,0.092178,-0.011894,0.055732,0.15614,0.066805,0.096274,0.248,0.1132,0.034123,-0.045209,0.0067499,-0.074569,0.090961,0.37977,0.20536,-0.046737,-0.010879,0.22565,0.13088,0.074936,0.10443,-0.0030467,1,0.17469,0.039444,0.23919,0.16583,-0.030312,0.040025,0.13141,-0.084336,-0.035911,-0.045549,0.17518,0.012421,-0.22193,0.13762,0.050802,0.075126,-0.029079,0.0080391,-0.11199,0.019833,-0.071188,0.03353,0.11444,-0.040752,-0.12265,-0.055261,0.10991,-0.1007,-0.073915,-0.04422,0.03655,0.064095,-0.10735,-0.0059909,0.020075,-0.027503,0.17212,-0.044293,0.18675,0.1706,0.15211,-0.18432,0.070714,0.086448,-0.10875,-0.17744
38,-0.24478,0.1865,-0.029224,0.023457,0.18864,0.31794,-0.033715,0.24297,0.063052,0.094164,-0.044375,0.25525,0.3095,0.18067,0.20874,0.2199,0.18765,0.10707,0.13137,0.31306,0.35401,0.27908,0.049949,-0.13882,0.027473,-0.12206,0.17908,0.44658,0.03573,0.23401,0.24112,-0.19869,0.018502,0.27435,0.24965,0.28124,0.028908,0.17469,1,0.047083,0.28924,-0.13105,0.097848,-0.16841,-0.1869,-0.016213,0.055477,0.14333,0.30284,0.15936,0.07075,0.23133,-0.14233,0.025415,-0.30433,-0.18304,-0.22214,0.014071,0.3743,-0.11283,0.21322,-0.18741,0.10018,-0.096653,-0.15257,0.14442,0.18134,-0.23469,0.051877,0.14665,0.10677,0.034112,-0.06546,0.25321,-0.008616,-0.043223,0.22331,0.10244,0.017085,-0.022592,0.24895,-0.15315,-0.19625,-0.0037069
39,-0.0623,-0.17364,-0.2219,-0.052437,-0.053063,-0.062282,-0.02273,0.012946,0.26729,-0.074944,0.2203,0.24935,0.18433,0.25263,0.033695,0.20637,0.22698,0.17568,0.24957,0.31441,0.08697,0.12901,0.33385,0.13841,0.086841,0.051809,0.20022,0.063928,0.35132,0.21837,0.29264,0.12248,0.36844,-0.072858,-0.21056,0.12489,0.16597,0.039444,0.047083,1,0.061016,0.1997,-0.07532,-0.0052915,0.014287,0.14344,-0.37068,0.10918,-0.051619,0.22061,-0.18689,0.13023,0.032838,0.21757,-0.14153,-0.057244,-0.25041,-0.052859,0.16651,-0.10551,0.14776,-0.023219,-0.36407,-0.2299,0.024058,-0.12544,-0.099736,-0.079895,-0.061395,-0.20381,0.086871,-0.1517,-0.019471,0.18366,0.10503,-0.060357,0.026176,-0.21381,-0.3835,0.028007,-0.085795,-0.35909,0.068739,-0.099773
40,-0.15074,-0.081652,-0.22792,-0.042327,0.15894,0.064289,-0.085481,0.10882,0.26479,0.0060759,-0.099498,0.28127,0.29149,0.24885,0.13341,0.44041,0.12529,0.15668,0.098443,0.21265,0.18852,0.32259,-0.0029631,-0.086952,0.094818,-0.0025727,0.075748,0.36958,0.092822,0.28327,0.27848,0.11432,0.10248,0.28882,-0.0079237,0.20859,-0.022634,0.23919,0.28924,0.061016,1,-0.018364,-0.060008,0.12774,-0.12333,0.0037377,-0.057673,-0.19002,0.23616,0.21234,-0.21055,0.12991,-0.11205,0.11954,-0.13312,0.083114,-0.20397,-0.03537,-0.014627,0.14431,-0.1735,-0.18353,-0.013668,-0.15328,0.00064569,-0.1749,0.015044,-0.2921,-0.23047,-0.072243,0.064156,-0.27117,-0.055299,-0.32653,-0.27271,-0.23789,-0.075581,0.15932,-0.060653,-0.11656,-0.07841,-0.11718,-0.033302,0.01432
41,-0.045048,0.16107,0.06362,0.21544,0.19647,0.088134,-0.054802,-0.08484,0.26215,-0.071179,-0.086021,0.33497,0.15877,0.028864,0.065679,0.19316,0.21189,0.077754,0.19526,0.043818,0.077345,0.073655,0.061266,-0.041088,-0.10844,0.15522,0.036033,0.21491,0.27336,0.059072,-0.1807,0.11278,0.26792,0.046101,0.17979,0.10847,-0.031414,0.16583,-0.13105,0.1997,-0.018364,1,0.023494,-0.063467,0.12507,0.03159,0.123,0.02864,0.15489,0.2816,-0.057677,0.10545,0.18729,0.032747,0.18141,-0.014912,0.16145,0.0083725,-0.34082,-0.076456,-0.047567,0.098678,-0.088659,0.095953,-0.13864,-0.026844,-0.18211,0.041152,-0.065287,-0.13127,0.00015817,-0.16442,-0.07619,-0.15145,0.076619,-0.32499,-0.16238,0.004314,-0.0022834,-0.19648,-0.12064,-0.2026,0.015633,-0.33137
42,0.026085,-0.17773,-0.031318,0.12684,0.37406,-0.13657,0.23939,0.11158,0.086096,0.17583,0.2313,0.17597,0.13801,-0.18717,0.10739,-0.16891,0.15173,0.10601,-0.035981,0.21028,-0.090946,0.23103,0.29547,0.14914,0.055919,-0.10971,0.13682,0.24118,-0.073157,0.33355,0.090864,0.15715,0.34215,0.095077,-0.0076413,0.28127,0.27748,-0.030312,0.097848,-0.07532,-0.060008,0.023494,1,0.10264,-0.17043,0.069336,0.0587,0.088765,-0.11788,-0.0080166,0.44841,0.20673,-0.069368,0.095875,0.19076,0.24552,-0.070133,0.080705,0.15146,-0.044291,0.015644,-0.18644,0.057534,-0.092482,-0.15748,0.15766,0.36196,-0.032275,-0.27882,0.071921,-0.084273,0.0040282,0.046368,0.081302,-0.042207,0.24366,0.19873,0.061402,-0.30429,0.10377,-0.30412,-0.11361,-0.10476,0.065688
43,0.081366,-0.10409,-0.27257,-0.22385,0.11898,-0.22552,0.14231,0.11809,0.022898,0.0082967,0.20915,0.19148,0.027588,-0.025168,0.25882,-0.17147,-0.05103,-0.12751,0.011781,0.14383,0.046218,0.042545,0.077303,0.16907,0.17629,0.07746,0.23602,0.072304,-0.013068,0.16753,0.13094,0.24029,0.043605,0.017177,-0.17858,0.15026,0.34938,0.040025,-0.16841,-0.0052915,0.12774,-0.063467,0.10264,1,0.25732,0.28788,0.14942,0.015319,-0.15707,-0.18068,-0.065674,0.076492,0.11374,0.094292,-0.028442,0.26966,-0.092614,0.15507,-0.020646,0.24947,-0.013814,0.08745,0.15849,0.23693,0.13135,0.14003,0.13004,0.094516,-0.0723,0.043089,0.26333,0.01823,0.018248,-0.10012,0.093139,0.094008,-0.15533,0.24783,-0.01592,-0.020353,0.069188,0.17143,-0.0034473,-0.030026
44,0.23834,0.1257,0.05781,-0.073138,-0.0052929,0.097854,-0.36277,-0.18679,0.19957,-0.3549,-0.14274,-0.11417,0.17569,-0.029663,0.031141,0.13505,-0.08736,-0.14616,0.17245,-0.0069137,0.18951,-0.076639,0.15849,0.06417,-0.0095311,0.05479,0.071976,-0.16002,0.15708,-0.064662,0.062251,0.12533,-0.037443,0.12466,-0.18333,0.12168,-0.10676,0.13141,-0.1869,0.014287,-0.12333,0.12507,-0.17043,0.25732,1,-0.016768,-0.051168,0.036164,0.029313,-0.1042,-0.10591,0.14155,0.14203,-0.029841,0.11099,-0.15746,-0.099982,0.029673,-0.01199,-0.10852,-0.10946,0.32577,0.023207,0.28179,0.12069,-0.066553,-0.033662,0.12568,-0.034973,0.14337,-0.14975,-0.04695,-0.016046,0.036621,0.3209,-0.1091,-0.2175,-0.063687,-0.016903,-0.11413,0.26399,0.14183,0.080889,-0.035433
45,-0.30596,-0.091632,-0.24034,-0.095576,0.057451,-0.25857,0.135,-0.05649,-0.040413,0.2676,-0.043804,0.16883,0.1131,-0.0069999,0.32623,-0.035624,0.081094,0.027874,-0.16996,0.037912,-0.22636,-0.067089,-0.010591,-0.025302,-0.073825,0.50348,0.027989,0.097402,0.11403,0.22663,0.23541,0.16732,-0.13421,0.024366,0.12996,0.20423,0.23117,-0.084336,-0.016213,0.14344,0.0037377,0.03159,0.069336,0.28788,-0.016768,1,-0.26944,0.1985,-0.0016809,-0.095113,-0.030527,0.020207,0.047336,-0.20568,-0.18644,0.1327,-0.032247,0.12487,0.2184,-0.13214,-0.020114,0.0028001,-0.12757,0.072716,-0.081087,0.16478,-0.043008,-0.029302,-0.24711,0.10303,0.11017,-0.10653,-0.079443,0.0042721,0.14769,-0.15433,-0.23788,-0.059525,-0.071942,-0.084714,-0.085201,0.24722,0.14542,-0.20658
46,0.0062754,0.064663,0.042552,0.14556,0.14749,0.045822,0.29206,0.16642,-0.098698,0.17765,-0.17468,-0.13618,0.14725,0.058985,0.1295,-0.20017,0.1004,0.025667,0.029613,-0.067357,0.25095,-0.15589,-0.027172,0.054592,0.093776,0.0027081,0.13106,0.027485,-0.22984,0.10781,-0.22457,0.073711,-0.027641,-0.053475,-0.23451,0.025369,-0.12675,-0.035911,0.055477,-0.37068,-0.057673,0.123,0.0587,0.14942,-0.051168,-0.26944,1,-0.15137,-0.082742,0.17664,0.12355,-0.14616,-0.092589,-0.17736,0.05718,0.033794,0.010169,-0.058811,0.13392,0.0099906,-0.09512,-0.25914,0.24562,0.11854,0.072693,-0.02151,0.15279,-0.014046,0.087092,-0.16101,-0.011689,0.26062,-0.16213,0.021575,-0.052839,0.3138,-0.0057987,0.15231,0.092241,-0.023515,0.033576,-0.10041,0.01552,0.17776
47,-0.18115,-0.03867,-0.18956,0.0029469,0.11722,0.2454,0.063269,0.14381,-0.042546,0.12257,0.35263,0.28681,-0.011822,0.0062498,-0.15869,-0.054902,0.1669,0.046809,-0.0039358,0.32286,-0.13581,-0.09212,0.018759,-0.0018102,0.10658,-0.020345,-0.063015,0.057964,0.19135,0.066803,-0.11666,0.072165,0.1463,0.082757,0.10543,-0.10226,0.15979,-0.045549,0.14333,0.10918,-0.19002,0.02864,0.088765,0.015319,0.036164,0.1985,-0.15137,1,-0.22864,-0.12784,0.15891,0.19025,0.18484,0.0051104,-0.06588,-0.20895,0.1116,0.10533,0.15168,0.0191,0.049393,0.0062385,0.031254,-0.17055,0.11306,-0.023899,0.15297,-0.062897,-0.16481,-0.079662,0.14959,-0.11181,0.14393,0.16171,0.12649,-0.11327,0.032054,0.047475,-0.005236,-0.13418,0.19995,0.022534,-0.018263,-0.2727
48,0.14115,0.28448,0.42084,0.19327,-0.018743,0.23358,-0.18138,-0.092423,0.14745,-0.091273,-0.15347,0.083809,0.098548,0.13487,0.23687,0.42339,0.051732,0.0091957,0.092478,-0.20741,0.32433,0.10452,-0.1319,-0.027847,0.0068185,0.23788,-0.064628,0.30328,0.068982,0.051887,0.28326,0.0073537,-0.15631,0.4114,0.229,0.017085,-0.027384,0.17518,0.30284,-0.051619,0.23616,0.15489,-0.11788,-0.15707,0.029313,-0.0016809,-0.082742,-0.22864,1,0.25399,0.031036,0.10865,-0.042925,-0.11409,-0.2209,0.11239,-0.34143,0.11465,-0.025138,0.18024,0.093725,-0.0033058,0.09698,0.085499,-0.060571,0.24618,-0.09122,-0.077545,-0.078423,0.20984,-0.1833,0.14321,-0.17213,0.20267,-0.080772,-0.36414,-0.1348,0.19845,-0.052386,0.073442,-0.030808,0.11236,-0.11649,0.060838
49,0.1705,0.10589,0.059263,0.14434,0.051766,0.22291,-0.22414,-0.091713,-0.031437,-0.10104,-0.096847,-0.057355,0.26402,0.10978,0.28749,0.2562,0.24746,0.13996,0.16511,0.15166,0.26929,0.051428,0.12786,-0.10827,0.088333,0.014618,0.09665,0.20161,0.011564,0.16245,0.036433,0.18597,0.08821,0.11019,-0.03963,0.28959,-0.09814,0.012421,0.15936,0.22061,0.21234,0.2816,-0.0080166,-0.18068,-0.1042,-0.095113,0.17664,-0.12784,0.25399,1,0.13757,0.096824,-0.0032922,-0.047058,0.094756,0.062283,-0.093395,-0.23918,-0.0042969,0.09568,0.079026,-0.098842,0.16813,-0.088634,0.16143,-0.082347,-0.17456,0.037419,-0.4058,-0.29301,0.1899,-0.31091,-0.12802,-0.12522,0.0073852,-0.11197,-0.39932,0.19174,-0.14631,-0.25101,0.05822,-0.050853,-0.1924,0.060601
50,-0.0022052,0.091463,-0.061747,0.11746,0.17555,0.2256,0.077469,0.13985,-0.12378,0.023374,-0.049273,0.033301,-0.040015,-0.081752,0.089648,-0.18818,0.0096482,0.12451,-0.12918,-0.081198,0.13106,0.039191,0.060097,0.10017,0.18049,-0.0011167,0.22728,0.26447,-0.23362,0.20733,-0.075125,-0.1084,0.11882,0.11087,-0.13309,0.18734,-0.086951,-0.22193,0.07075,-0.18689,-0.21055,-0.057677,0.44841,-0.065674,-0.10591,-0.030527,0.12355,0.15891,0.031036,0.13757,1,0.276,0.14027,-0.19128,0.069538,0.081329,0.18917,0.020925,0.34773,-0.061153,0.053815,-0.20111,0.23405,-0.065732,-0.16989,0.0060855,0.18674,-0.030383,-0.28053,-0.012639,0.079729,0.090904,-0.02263,0.18748,-0.0948,0.021424,-0.045295,0.083958,-0.19366,0.011345,-0.096686,-0.078948,-0.2662,0.36443
51,0.067752,0.14238,-0.050071,-0.022129,0.13821,0.35462,-0.070303,0.22292,0.23611,0.086664,0.11698,0.077949,0.19254,0.26041,0.14085,0.33598,0.19981,-0.0029191,0.12827,0.28111,0.21117,0.39573,0.16168,0.22143,0.13088,-0.070081,0.26432,0.2002,0.1234,0.12612,0.05148,-0.13757,0.32533,0.2273,0.053978,0.35933,0.2378,0.13762,0.23133,0.13023,0.12991,0.10545,0.20673,0.076492,0.14155,0.020207,-0.14616,0.19025,0.10865,0.096824,0.276,1,0.11042,-0.098226,-0.20945,0.042912,0.092885,-0.042981,0.22218,0.070793,0.13096,-0.077058,0.14888,-0.094383,-0.068004,-0.12366,0.22975,-0.18218,-0.3022,0.12318,0.14897,-0.20945,-0.16452,0.24499,0.014427,-0.095984,0.15456,-0.11171,-0.13583,-0.39103,-0.10008,0.16787,-0.32174,-0.1902
52,-0.0034587,0.00066011,-0.14381,-0.056946,0.060575,0.10647,-0.087836,0.12929,0.02044,-0.094158,0.32498,0.029042,0.069454,0.18012,-0.13849,0.0037752,0.015501,-0.11476,0.04146,0.065366,-0.11648,0.16192,0.17531,-0.04128,0.083375,0.023912,0.10005,0.22719,0.29131,-0.088804,0.042176,0.32512,0.0059549,0.1521,-0.017015,-0.17132,-0.076757,0.050802,-0.14233,0.032838,-0.11205,0.18729,-0.069368,0.11374,0.14203,0.047336,-0.092589,0.18484,-0.042925,-0.0032922,0.14027,0.11042,1,-0.014261,0.12065,-0.18137,0.15037,-0.099145,-0.074808,0.040571,-0.2267,0.25695,0.29898,0.12624,0.18347,0.048042,0.10589,-0.00050005,0.061734,-0.13818,0.19462,-0.21131,-0.27651,0.036886,0.13776,-0.017372,0.014418,-0.22032,0.13606,-0.10846,0.1448,-0.052417,-0.17664,0.1387
53,-0.037914,-0.10872,-0.23641,-0.035751,0.017264,0.033198,0.051924,-0.36476,0.0049709,-0.17206,0.17887,-0.010155,0.066864,-0.067989,0.031728,-0.083019,-0.064707,-0.0096105,-0.094874,0.028319,0.0024924,0.029818,0.025837,-0.084528,-0.12338,-0.1709,0.014838,-0.085487,0.28756,-0.10406,0.057608,0.011701,0.17649,-0.049602,-0.23798,-0.21774,-0.020518,0.075126,0.025415,0.21757,0.11954,0.032747,0.095875,0.094292,-0.029841,-0.20568,-0.17736,0.0051104,-0.11409,-0.047058,-0.19128,-0.098226,-0.014261,1,-0.051951,-0.035926,0.11416,0.20739,-0.034471,0.040983,0.17583,0.043664,-0.084542,-0.0879,-0.069008,-0.019939,-0.032493,0.24714,0.0012555,0.0040288,0.0018208,-0.14251,0.17438,-0.0049009,0.027834,0.080161,0.12021,-0.023516,-0.10535,-0.10596,-0.12986,-0.17766,0.025821,-0.041422
