,0,1,2,3,4,5,6,7,8,9,10,11,12,13,14,15,16,17,18,19,20,21,22,23,24,25,26,27,28,29,30,31,32,33,34,35,36,37,38,39,40,41,42,43,44,45,46,47,48,49,50,51,52,53,54,55,56,57,58,59,60,61,62,63,64,65,66,67,68,69,70,71,72,73,74,75,76,77,78,79,80,81,82,83,84,85,86,87,88,89,90,91,92,93,94,95,96,97,98,99,100,101,102,103,104
0,1,0.85123,0.84718,0.86563,0.75955,0.7856,0.78076,0.66721,0.75269,0.69232,0.60338,0.71896,0.55546,0.68558,0.53412,0.58733,0.51845,0.51595,0.40394,0.20487,0.40328,0.27832,0.0063284,0.093626,-0.14803,0.17214,0.14139,-0.079206,-0.18646,-0.2084,-0.14219,-0.069201,-0.17462,-0.20663,-0.10031,-0.12462,-0.19188,-0.33495,-0.39576,-0.28681,-0.30014,-0.43097,-0.020244,-0.26654,-0.38659,-0.33065,-0.35137,-0.26129,-0.17244,-0.32366,-0.43427,-0.18994,-0.1177,-0.11698,-0.32736,-0.35229,-0.065993,0.13433,-0.23356,-0.10508,0.12076,-0.053486,-0.16944,-0.28519,0.093597,-0.039937,-0.20314,0.015612,-0.41927,0.11623,-0.15351,0.065622,-0.054071,-0.068909,0.060862,-0.17771,-0.18198,-0.24143,-0.070929,-0.12806,0.016257,0.25295,-0.12775,0.28783,-0.044128,-0.048477,0.18462,0.078767,-0.097767,0.20822,0.036023,0.01873,0.013556,-0.031544,0.1689,0.37407,0.093708,0.017456,0.052979,0.12533,0.15027,0.10506,-0.12086,0.22602,-0.033766
1,0.85123,1,0.79148,0.85346,0.68896,0.79168,0.82802,0.64689,0.74112,0.69395,0.66249,0.61766,0.62997,0.68665,0.6084,0.49511,0.48702,0.39429,0.35559,0.2001,0.29554,0.21401,0.05377,0.074529,-0.12052,0.14594,0.087175,-0.066482,-0.032496,-0.27459,-0.12753,-0.069412,-0.11108,-0.17023,0.040656,-0.13632,-0.19024,-0.31798,-0.45723,-0.13758,-0.12211,-0.39409,-0.046953,-0.1821,-0.32252,-0.36973,-0.33394,-0.24543,-0.23978,-0.33961,-0.37112,-0.10321,-0.07523,-0.10022,-0.25731,-0.37187,-0.18181,0.11228,-0.16794,-0.089487,0.0024403,0.021062,-0.16378,-0.46716,-0.0069045,0.058785,-0.10849,-0.080482,-0.28385,0.034204,-0.061224,-0.0062639,-0.13891,-0.28015,0.057251,-0.023047,-0.022596,-0.26773,-0.18237,-0.13096,0.034035,0.29062,-0.16845,0.05295,-0.1569,-0.090764,0.27565,0.096064,-0.17651,0.090459,-0.096843,0.046947,0.016109,0.07504,0.26841,0.24186,0.072281,0.1251,0.13797,0.19617,0.05884,0.044785,-0.10976,0.32772,0.10461
2,0.84718,0.79148,1,0.79761,0.78415,0.70587,0.76001,0.63434,0.66279,0.61989,0.64819,0.64534,0.52998,0.7005,0.55304,0.56308,0.47368,0.44257,0.3183,0.10147,0.34863,0.22475,0.12462,0.10707,-0.13012,0.17011,0.065544,-0.097264,-0.044113,-0.2821,-0.17876,-0.012289,-0.01612,-0.13305,-0.14612,-0.29846,-0.2418,-0.27651,-0.45698,-0.23778,-0.23321,-0.51638,0.04843,-0.16729,-0.28863,-0.31289,-0.29634,-0.11663,-0.27885,-0.3423,-0.31801,-0.27633,-0.11672,-0.15242,-0.3217,-0.20179,-0.0095525,0.10452,-0.16644,-0.15088,0.044584,-0.171,-0.049496,-0.34206,0.04766,0.03427,-0.086163,-0.074124,-0.39907,-0.0032962,-0.14323,-0.10663,-0.13403,-0.15779,-0.015354,-0.22446,-0.14213,-0.18888,-0.10143,-0.054969,0.10342,0.19629,-0.1075,0.16161,0.013784,-0.10038,0.17112,-0.021214,-0.073913,0.19506,0.027958,0.050082,0.071249,-0.080297,0.16098,0.22511,0.092627,0.13321,0.21988,0.093646,0.1697,0.10638,-0.097647,0.25154,-0.050061
3,0.86563,0.85346,0.79761,1,0.77336,0.80689,0.77016,0.74269,0.76011,0.72776,0.62529,0.63391,0.6008,0.78063,0.60247,0.51754,0.46177,0.45362,0.39807,0.18722,0.31828,0.21693,0.066907,0.17918,-0.16933,0.042063,-0.0027209,-0.0095852,-0.056611,-0.27896,-0.21332,-0.15962,-0.029949,-0.27715,-0.098706,-0.22386,-0.22244,-0.25068,-0.3216,-0.12928,-0.17363,-0.37051,0.050826,-0.27732,-0.27418,-0.43208,-0.35594,-0.14662,-0.22824,-0.34353,-0.41157,-0.1554,-0.056042,-0.12892,-0.21151,-0.31192,-0.15725,0.14469,-0.1725,-0.03162,0.11702,-0.10479,-0.1661,-0.34132,0.088912,0.053322,-0.14699,-0.015483,-0.29076,0.074921,-0.10546,-0.0092128,-0.18426,-0.09996,0.068688,-0.1425,-0.12689,-0.25612,-0.11291,-0.096439,-0.12467,0.16366,-0.15686,0.15083,-0.085157,-0.12736,0.39505,0.0088651,-0.092127,0.12713,-0.13827,0.086662,0.11872,-0.060055,0.20567,0.26925,0.071308,-0.031822,0.15233,0.2299,0.21241,0.15344,-0.08253,0.29132,-0.038524
4,0.75955,0.68896,0.78415,0.77336,1,0.636,0.72601,0.73483,0.66455,0.56558,0.47483,0.63916,0.58271,0.69428,0.42602,0.57293,0.49334,0.41691,0.43487,0.18722,0.41107,0.39138,0.076175,0.19414,-0.15036,0.17725,0.11015,-0.065356,-0.069377,-0.054641,-0.20933,-0.266,-0.0040955,-0.1831,-0.23907,-0.15187,0.038485,-0.23044,-0.30077,-0.16187,-0.2915,-0.46112,0.11606,-0.3318,-0.19101,-0.28658,-0.24626,-0.024667,-0.28548,-0.19033,-0.27929,-0.14141,0.056298,-0.096087,-0.2614,-0.33689,-0.11871,0.068009,-0.32597,-0.10378,-0.03458,-0.068816,0.082483,-0.28314,0.058747,-0.037284,-0.01579,0.096373,-0.11988,-0.037556,-0.29972,0.032995,-0.065924,-0.21751,0.10951,-0.25905,-0.1521,-0.30554,-0.025856,-0.10555,0.060729,0.055247,-0.06669,0.11882,0.029354,-0.042477,0.28378,0.028846,-0.07796,0.08783,0.021507,0.16731,0.0054095,-0.18224,0.23025,0.28078,0.040978,-0.033073,0.30638,0.2585,0.19742,0.18619,-0.013721,0.29186,-0.071308
5,0.7856,0.79168,0.70587,0.80689,0.636,1,0.71646,0.71265,0.73,0.7749,0.60096,0.5229,0.59228,0.66879,0.53988,0.58806,0.46425,0.50349,0.3731,0.19964,0.45232,0.13974,0.061173,0.12187,-0.29883,0.016386,0.014457,-0.067053,-0.048433,-0.39018,-0.29655,-0.20321,-0.12151,-0.14777,-0.084966,0.050708,-0.11705,-0.38048,-0.39735,-0.30726,-0.23642,-0.48401,-0.06993,-0.26291,-0.31181,-0.31232,-0.27192,-0.21647,-0.10548,-0.21246,-0.48174,-0.1748,-0.056039,-0.28768,-0.075397,-0.33519,-0.14539,0.22332,-0.14819,-0.32155,0.017063,-0.14958,-0.26348,-0.32805,-0.048891,-0.024568,-0.12322,-0.15543,-0.24756,0.0098894,-0.25906,0.16427,-0.099467,-0.13794,-0.023159,-0.047515,-0.13313,-0.07928,-0.080645,-0.056801,-0.044181,0.30774,-0.085215,0.15413,-0.15966,-0.011425,0.19443,-0.026396,-0.18731,0.060292,-0.077272,0.037065,0.11943,-0.014022,0.075714,0.17937,-0.077483,-0.0098419,0.031094,0.10144,0.0072823,0.023442,0.10228,0.276,-0.0081984
6,0.78076,0.82802,0.76001,0.77016,0.72601,0.71646,1,0.69794,0.70833,0.62976,0.55551,0.63516,0.53,0.65929,0.6773,0.45955,0.50198,0.454,0.47296,0.068982,0.40698,0.083044,-0.001802,0.19214,-0.17473,0.02842,0.088747,0.04321,-0.095609,-0.13524,-0.070833,-0.28022,-0.018348,-0.25621,-0.0066804,-0.019715,-0.16412,-0.3686,-0.51698,-0.16916,-0.16529,-0.50451,0.018437,-0.3154,-0.19707,-0.31329,-0.34669,-0.15476,-0.32274,-0.32097,-0.4151,-0.2902,-0.15589,-0.17426,-0.17843,-0.26991,-0.13142,0.097762,-0.18914,-0.047798,-0.15367,0.10302,-0.15233,-0.3845,0.081513,-0.06491,-0.18166,0.0072114,-0.33027,0.0070784,-0.12133,0.060074,-0.028031,-0.11441,0.16343,-0.078476,-0.11222,-0.30316,-0.083633,-0.16862,-0.045819,0.16413,-0.11905,0.12818,-0.22683,-0.2131,0.2354,0.06912,-0.12054,0.11551,-0.021118,0.10688,0.0093624,0.015843,0.2145,0.15716,0.038564,-0.029411,0.17244,0.198,0.081097,0.039678,-0.1472,0.32635,-0.032992
7,0.66721,0.64689,0.63434,0.74269,0.73483,0.71265,0.69794,1,0.72749,0.73866,0.53464,0.52479,0.60021,0.61446,0.38205,0.50699,0.41304,0.47185,0.44767,0.19594,0.49114,0.18779,0.031617,0.25623,-0.25968,0.014443,-0.022112,0.1968,-0.15049,-0.052755,-0.043626,-0.21432,-0.031477,-0.17323,-0.084592,-0.12515,-0.11064,-0.38529,-0.2646,-0.21076,-0.18097,-0.28623,0.052221,-0.37083,-0.12463,-0.26555,-0.17933,0.091695,-0.1678,-0.2762,-0.34669,-0.21683,-0.082154,-0.21334,-0.095529,-0.34258,-0.14072,0.16398,-0.10677,0.029008,-0.0058747,-0.07926,-0.035572,-0.26859,0.052709,-0.078015,-0.13832,0.027702,-0.22569,-0.0057107,-0.14134,0.14046,-0.10841,-0.039764,0.12368,-0.18948,-0.14664,-0.24691,-0.10022,-0.084969,-0.048822,0.13041,0.0091107,0.073567,-0.14186,0.021498,0.44324,-0.033316,-0.14281,0.084232,-0.034405,0.1986,0.18481,-0.060948,0.16439,0.064645,0.0014758,0.021398,0.37907,0.15502,0.216,0.17356,-0.025654,0.3495,0.013003
8,0.75269,0.74112,0.66279,0.76011,0.66455,0.73,0.70833,0.72749,1,0.57898,0.423,0.62243,0.5474,0.58522,0.50185,0.5818,0.45427,0.35707,0.37768,0.16053,0.37988,0.21158,0.058366,0.031559,-0.1697,-0.030176,0.013617,0.060209,-0.067224,-0.11857,0.027959,-0.16654,-0.16406,-0.19674,-0.21419,-0.056915,-0.17003,-0.39912,-0.20393,-0.12926,-0.2967,-0.45255,-0.01839,-0.33707,-0.22725,-0.34588,-0.35156,-0.078316,-0.18864,-0.20597,-0.31881,-0.18248,0.077407,-0.095199,-0.1965,-0.31835,-0.02112,0.22677,-0.091001,0.10021,0.10351,0.064113,-0.1458,-0.19814,0.014853,-0.13725,0.021975,-0.038989,-0.2024,0.051435,-0.17205,0.054081,-0.041635,-0.0092575,0.15751,-0.15345,-0.21344,-0.30592,-0.038289,-0.13819,-0.17962,0.23549,-0.04061,0.20424,-0.15152,-0.027514,0.22765,-0.0002763,-0.11835,0.074598,0.022278,0.11755,0.081042,-0.08132,0.079482,0.29651,0.014175,-0.072611,0.25164,0.34629,0.29302,0.17918,-0.18049,0.25606,0.05423
9,0.69232,0.69395,0.61989,0.72776,0.56558,0.7749,0.62976,0.73866,0.57898,1,0.61641,0.5237,0.57621,0.63915,0.53444,0.45807,0.42799,0.31768,0.38518,0.36709,0.4045,0.12046,0.085678,0.2746,-0.065303,0.084063,-0.15772,-0.0064895,-0.17805,-0.20442,-0.12779,-0.13918,-0.018648,-0.22811,0.042928,0.047378,-0.12573,-0.1368,-0.31293,-0.17779,-0.093766,-0.21785,-0.10728,-0.20207,-0.14575,-0.30133,-0.13299,0.0075388,-0.068443,-0.14091,-0.31158,-0.056121,-0.044253,-0.10286,-0.048533,-0.17047,-0.054733,0.058117,-0.2523,-0.21522,0.028655,-0.18074,-0.046142,-0.24182,0.11283,-0.074207,-0.18238,-0.020606,-0.22317,0.098865,-0.17862,0.088859,-0.027551,-0.063606,0.047299,-0.1652,0.063405,-0.2323,-0.053796,0.046054,-0.043807,0.19058,-0.17795,-0.021405,-0.09064,0.043951,0.23696,-0.026982,-0.25033,0.26215,0.092671,0.16571,0.22013,0.13256,0.059879,0.21412,0.10687,0.082147,0.13272,0.11083,0.13386,-0.075912,0.091646,0.25324,0.0015765
10,0.60338,0.66249,0.64819,0.62529,0.47483,0.60096,0.55551,0.53464,0.423,0.61641,1,0.47623,0.4162,0.3574,0.41965,0.25585,0.16128,0.46428,0.1313,0.20485,0.16811,0.22331,0.26541,0.0098292,-0.096879,0.048657,-0.0063565,-0.13123,0.0001371,-0.27515,-0.28442,0.12255,-0.055735,-0.12694,0.087647,-0.18622,-0.20147,-0.23641,-0.29484,-0.21204,-0.19164,-0.36771,-0.074604,-0.17431,-0.31918,-0.15524,-0.24099,-0.13831,-0.24426,-0.30288,-0.24831,-0.28967,-0.25795,-0.37549,-0.33558,-0.25607,-0.10743,0.10368,-0.24779,-0.12742,-0.17735,-0.01453,0.059604,-0.45776,0.017394,0.10921,-0.23877,-0.031551,-0.077992,-0.041593,-0.18551,-0.03118,-0.11602,-0.15964,0.045599,0.055734,-0.067959,-0.036947,-0.089374,-0.074229,0.22834,0.29832,-0.015296,-0.12368,-0.17754,-0.25515,0.24768,-0.055809,-0.10862,0.17077,0.032645,0.047412,0.050877,0.047192,0.14762,0.23435,-0.012697,0.17583,0.18996,0.04163,0.019958,0.020188,-0.060052,0.17839,0.033748
11,0.71896,0.61766,0.64534,0.63391,0.63916,0.5229,0.63516,0.52479,0.62243,0.5237,0.47623,1,0.52557,0.51073,0.48629,0.50644,0.45765,0.31744,0.32133,-0.024313,0.29562,0.21805,0.1394,0.15287,0.11329,0.16495,0.0067618,-7.6456e-05,-0.15877,-0.10068,-0.088084,-0.037328,-0.089784,-0.13017,-0.12674,0.013207,-0.15013,-0.3501,-0.38002,-0.23255,-0.39602,-0.31806,-0.17194,-0.27797,-0.20764,-0.39799,-0.3816,-0.26047,-0.089048,-0.083696,-0.28639,0.0079917,0.023536,-0.18226,-0.21719,-0.064489,0.16653,0.14636,-0.083259,0.10759,-0.026362,0.10167,-0.085609,-0.18447,-0.020457,-0.21427,-0.14556,-0.022152,-0.33772,0.25579,-0.078147,0.11037,0.049428,0.030066,0.24998,-0.30006,-0.019289,-0.076884,0.0061753,-0.10536,0.20807,0.18839,-0.18117,0.31697,-0.038321,-0.1627,0.059093,0.11351,-0.15345,0.13816,0.0049578,0.17916,-0.0020048,-0.27584,0.052787,0.34376,0.16561,-0.0065825,0.1338,0.26914,0.22892,0.12308,-0.20278,0.038544,0.052297
12,0.55546,0.62997,0.52998,0.6008,0.58271,0.59228,0.53,0.60021,0.5474,0.57621,0.4162,0.52557,1,0.61178,0.4336,0.52192,0.24926,0.45328,0.29017,0.24994,0.22221,0.13694,0.089373,0.20554,-0.033747,0.045902,-0.019434,0.043598,-0.11243,-0.16716,-0.21323,-0.097045,-0.23413,-0.028253,-0.062725,-0.087807,-0.12038,-0.13728,-0.18952,-0.2114,-0.27335,-0.43106,-0.16505,-0.41994,-0.24744,-0.10923,-0.23298,-0.059311,-0.14177,-0.12598,-0.1164,0.01358,0.11898,-0.23621,-0.16778,-0.23347,0.033518,0.24489,-0.039982,-0.084428,0.042375,-0.068623,-0.085394,-0.48715,-0.038561,-0.13217,-0.16479,-0.11834,-0.10561,0.040328,-0.080183,-0.0037326,-0.22681,-0.09344,0.12718,-0.019975,-0.079018,-0.23006,-0.11356,-0.19738,0.069041,0.34941,-0.13022,-0.10151,-0.11461,0.019239,0.21805,-0.00089279,-0.28228,0.12888,-0.13644,0.047594,0.00083438,0.095085,0.24019,0.18122,0.061878,0.19303,-0.022516,0.16832,-0.044673,0.060864,0.13871,0.079945,0.017478
13,0.68558,0.68665,0.7005,0.78063,0.69428,0.66879,0.65929,0.61446,0.58522,0.63915,0.3574,0.51073,0.61178,1,0.45816,0.40729,0.41225,0.30972,0.27228,0.19001,0.28772,0.12819,0.11703,0.15299,-0.1208,0.11425,-0.1437,-0.095459,-0.052398,-0.12555,-0.20747,-0.26579,-0.078066,-0.11171,-0.07622,-0.055274,-0.21829,-0.16223,-0.35888,-0.199,-0.03201,-0.36066,0.13432,-0.33085,-0.12981,-0.34348,-0.22805,0.083403,-0.31507,-0.26386,-0.29739,-0.039471,-0.049644,-0.018789,-0.21483,-0.17899,0.0034021,0.16909,-0.096229,-0.21036,0.074006,-0.21416,-0.35869,-0.31254,-0.011588,-0.041802,-0.12024,-0.062321,-0.19766,0.089792,-0.077441,0.0051194,-0.27836,-0.20058,0.10011,-0.16626,-0.12237,-0.32638,-0.18574,-0.054254,-0.19607,0.11084,-0.15638,0.048086,0.066298,0.088684,0.17554,0.11407,-0.047706,0.13334,-0.022167,0.22259,-0.076034,-0.056699,0.19038,0.069418,-0.018958,0.015851,0.087244,0.27106,0.0062724,0.13394,0.030535,0.084951,-0.029077
14,0.53412,0.6084,0.55304,0.60247,0.42602,0.53988,0.6773,0.38205,0.50185,0.53444,0.41965,0.48629,0.4336,0.45816,1,0.3357,0.32658,0.23692,0.16973,0.12205,0.076052,-0.078867,0.101,0.086623,0.19332,0.20538,0.019966,0.067257,-0.0057579,-0.15344,-0.10557,-0.1706,-0.17913,-0.33465,-0.063107,0.0073456,-0.15667,-0.099503,-0.50583,-0.02483,-0.27342,-0.25989,-0.064427,-0.26072,-0.14363,-0.17658,-0.30589,-0.13288,-0.19087,-0.08846,-0.2552,-0.11906,-0.06307,0.090979,-0.011757,-0.19339,-0.047801,0.031319,-0.22371,0.01976,-0.25427,-0.034702,-0.2284,-0.32215,-0.013899,-0.043309,-0.15109,-0.13309,-0.11937,-0.13646,0.13997,-0.029912,0.017063,0.13515,0.30158,0.05471,0.076462,-0.22947,-0.088756,-0.14855,-0.047538,0.068774,-0.0090537,-0.013989,-0.044182,-0.20493,0.282,-0.016558,-0.079551,0.17304,-0.11191,0.024926,0.11977,0.054581,0.062222,0.15989,0.048947,0.0012387,-0.0094635,0.206,0.067857,0.048059,-0.11894,0.22236,-0.026827
15,0.58733,0.49511,0.56308,0.51754,0.57293,0.58806,0.45955,0.50699,0.5818,0.45807,0.25585,0.50644,0.52192,0.40729,0.3357,1,0.46566,0.22152,0.40043,0.19611,0.43166,0.097374,-0.013925,0.15241,-0.018875,0.048642,0.19998,-0.0415,-0.019413,-0.05565,-0.053452,-0.14136,-0.16365,-0.10862,-0.31508,0.08246,-0.036244,-0.25686,-0.15494,-0.16404,-0.3669,-0.47926,0.14083,-0.18734,-0.32166,-0.2051,-0.12373,-0.4314,0.078621,-0.0034771,-0.22938,0.016444,0.019444,-0.061909,-0.013594,-0.18909,0.058671,0.12575,-0.11251,-0.012302,0.10277,-0.23671,-0.11353,-0.31338,-0.060418,-0.21825,0.14265,-0.10748,-0.31812,0.0362,-0.23948,0.15786,0.057038,0.024098,0.16538,-0.069189,-0.078979,-0.076548,0.004801,0.040667,-0.030104,0.24379,-0.19703,0.30449,0.06152,0.046152,-0.1019,0.046658,0.056486,0.10346,0.055106,0.081057,0.080821,-0.045605,-0.02543,0.31918,0.070545,-0.0052824,0.031555,0.30101,0.13519,-0.02609,-0.053184,-0.047618,0.10803
16,0.51845,0.48702,0.47368,0.46177,0.49334,0.46425,0.50198,0.41304,0.45427,0.42799,0.16128,0.45765,0.24926,0.41225,0.32658,0.46566,1,0.2453,0.33471,-0.13767,0.38223,0.045172,-0.0027598,0.23588,-0.18516,0.055791,0.055301,-0.15323,-0.088915,-0.088436,-0.0083415,-0.17401,0.056033,-0.039069,-0.23663,0.10727,-0.0088826,-0.23834,-0.22554,-0.10369,-0.04745,-0.18969,-0.01451,-0.048772,-0.19737,-0.40591,-0.11067,-0.22358,-0.0014998,-0.28754,-0.24281,-0.03109,0.076054,-0.17633,0.012755,-0.067527,-0.13281,-0.002723,-0.13721,0.048085,0.27352,-0.17672,0.13005,-0.19752,-0.07942,-0.24746,0.078335,-0.10311,-0.4027,0.1438,0.06952,0.13711,-0.051214,-0.1917,-0.18109,-0.22819,0.037418,-0.18858,0.18619,0.19843,-0.12539,0.071681,-0.16035,0.36283,0.033969,0.20674,0.0068422,-0.0069386,-0.1276,0.0073212,-0.04784,0.053811,-0.0097618,-0.059888,-0.063852,0.051753,0.044953,0.062,0.0048462,0.17846,0.20176,-0.035378,-0.080537,0.12382,-0.037039
17,0.51595,0.39429,0.44257,0.45362,0.41691,0.50349,0.454,0.47185,0.35707,0.31768,0.46428,0.31744,0.45328,0.30972,0.23692,0.22152,0.2453,1,0.16372,0.050285,0.21801,0.12674,-0.068961,0.0086361,-0.4386,0.066394,0.14366,0.0052663,-0.1286,-0.24427,-0.3941,0.047986,-0.029775,-0.1819,-0.20156,-0.15528,-0.10367,-0.050952,-0.27639,-0.27693,-0.23017,-0.43344,0.045388,-0.38686,-0.28761,-0.13785,-0.04464,-0.036043,-0.13871,-0.30124,-0.11368,-0.20185,-0.0056147,-0.42975,-0.026776,-0.32702,-0.03398,0.16874,-0.10533,-0.090521,-0.025563,0.078838,-0.066159,-0.17024,0.098293,-0.19798,-0.32963,0.10928,-0.091519,0.27832,0.034112,0.21624,-0.13703,-0.029466,-0.30193,-0.085311,-0.31211,-0.066896,0.14999,-0.19691,-0.12644,0.48201,0.16017,0.05158,-0.18188,0.05712,0.19589,-0.093999,-0.17104,-0.041018,0.078169,-0.13373,0.1157,-0.099951,0.14413,-0.079916,-0.087513,0.22663,-0.10035,0.019576,0.00013739,-0.14662,0.26919,0.26367,-0.0944
18,0.40394,0.35559,0.3183,0.39807,0.43487,0.3731,0.47296,0.44767,0.37768,0.38518,0.1313,0.32133,0.29017,0.27228,0.16973,0.40043,0.33471,0.16372,1,0.13814,0.55354,0.06689,0.013047,0.35988,-0.099462,-0.01136,0.085761,0.063841,-0.07078,-0.3779,0.12323,-0.035238,-0.09709,-0.25453,-0.076399,-0.062728,0.22834,-0.28314,-0.023398,-0.0019731,-0.17099,-0.25724,-0.15545,-0.20888,0.24398,-0.10633,-0.1753,-0.12293,0.12397,-0.18585,-0.26281,-0.0075932,-0.10864,-0.1346,-0.14871,-0.040994,-0.028132,0.23096,-0.1869,0.0092982,0.075387,0.13835,0.086567,0.015691,0.048385,-0.19287,0.036461,0.13965,-0.36871,0.179,-0.20773,0.0088031,0.26604,0.18863,-0.011468,-0.18121,-0.1132,-0.10883,0.18645,0.14173,-0.079189,0.15173,-0.36782,0.11492,-0.28364,-0.083929,-0.03766,0.026771,-0.051807,0.076453,-0.11903,0.14017,0.17975,-0.011659,-0.058325,0.30105,0.32406,-0.21351,0.22029,0.084925,-0.011606,0.07022,-0.11052,0.24316,-0.043256
19,0.20487,0.2001,0.10147,0.18722,0.18722,0.19964,0.068982,0.19594,0.16053,0.36709,0.20485,-0.024313,0.24994,0.19001,0.12205,0.19611,-0.13767,0.050285,0.13814,1,0.11122,0.062602,-0.030717,-0.040143,0.01402,0.08303,-0.096511,0.028041,-0.092272,0.13379,-0.040298,0.036473,-0.29901,-0.16839,-0.0234,-0.031439,-0.022227,0.079191,0.22682,0.052533,0.015908,-0.11075,0.06098,-0.071831,-0.046665,0.41487,-0.019722,0.19397,-0.13276,-0.043063,-0.04306,0.12291,-0.034282,0.0016664,-0.037485,-0.3586,0.061751,-0.048097,-0.30343,-0.14521,0.14203,-0.0063298,-0.037479,-0.18182,0.056745,0.061588,-0.021294,0.02615,0.21945,0.044925,-0.13313,-0.022765,0.032418,-0.055307,0.29229,-0.032717,-0.065859,-0.15701,-0.067801,-0.057263,-0.10234,0.030906,-0.19244,-0.33657,0.24364,0.2254,0.065495,0.109,-0.0084603,0.066361,0.23869,0.3741,-0.10047,0.092564,-0.0037186,0.19957,0.055724,-0.040511,0.081211,-0.10163,0.0050595,-0.22623,0.20156,0.091195,0.015093
20,0.40328,0.29554,0.34863,0.31828,0.41107,0.45232,0.40698,0.49114,0.37988,0.4045,0.16811,0.29562,0.22221,0.28772,0.076052,0.43166,0.38223,0.21801,0.55354,0.11122,1,0.24742,0.057035,0.33138,-0.16369,-0.16234,0.27012,0.094404,-0.064727,-0.090901,-0.15845,-0.2125,0.082286,-0.06231,0.088217,-0.11097,0.078583,-0.39774,0.095536,-0.12747,0.020935,-0.26485,-0.11739,-0.098594,-0.12865,-0.030461,-0.069397,-0.066656,-0.0050634,-0.10295,-0.18874,0.066099,0.055642,-0.42391,-0.22821,-0.24539,-0.18412,0.32276,-0.022961,-0.17954,0.093845,-0.1677,0.16562,0.070553,-0.00027703,-0.12859,0.045711,0.10452,-0.24062,0.11909,-0.39689,0.033597,0.2736,-0.009214,0.0086327,0.0032511,-0.064985,-0.060772,0.31683,-0.055181,-0.030257,-0.034797,-0.11554,0.20813,-0.22427,0.23832,-0.20011,-0.058741,-0.017664,0.13026,0.04713,0.012102,0.065596,-0.10113,-0.14796,0.22599,-0.032484,-0.22544,0.19984,0.038083,0.063208,0.039361,-0.09804,0.097116,-0.26278
21,0.27832,0.21401,0.22475,0.21693,0.39138,0.13974,0.083044,0.18779,0.21158,0.12046,0.22331,0.21805,0.13694,0.12819,-0.078867,0.097374,0.045172,0.12674,0.06689,0.062602,0.24742,1,0.091019,0.020129,0.12632,0.17119,0.10693,-0.01704,0.010593,-0.063551,-0.060785,0.071473,-0.046877,-0.11664,0.092097,-0.053881,0.13355,-0.14044,-0.0044842,0.041498,-0.24937,-0.078275,0.26014,-0.083579,-0.10956,-0.1925,-0.11051,-0.017386,-0.083853,0.098813,0.16046,-0.015228,0.16153,-0.084561,-0.27331,-0.15866,0.065496,0.2788,-0.28286,-0.13009,-0.097525,-0.11283,0.35203,-0.023324,0.2057,0.024449,-0.10231,0.30609,0.11395,-0.018977,-0.10509,-0.024565,0.069919,-0.25426,-0.26383,-0.16283,-0.052471,0.0038591,0.24529,-0.19046,0.12103,-0.092414,0.22564,0.030272,0.025181,-0.02534,0.18876,0.082328,0.20196,0.062849,0.03042,0.029442,-0.041998,-0.094886,0.28961,0.26352,-0.14485,0.047646,0.14149,0.067766,0.085292,0.2058,0.034503,-0.017819,-0.13407
22,0.0063284,0.05377,0.12462,0.066907,0.076175,0.061173,-0.001802,0.031617,0.058366,0.085678,0.26541,0.1394,0.089373,0.11703,0.101,-0.013925,-0.0027598,-0.068961,0.013047,-0.030717,0.057035,0.091019,1,-0.23337,0.038262,0.1287,0.0024719,-0.061816,0.048005,-0.019419,-0.13906,-0.12615,-0.066772,0.26528,-0.05632,-0.10796,-0.1779,-0.092826,0.11576,-0.25419,0.017809,-0.23807,-0.17791,-0.017261,0.22595,-0.01952,-0.075293,-0.079191,-0.097059,0.055058,-0.059477,0.15638,-0.012954,0.00035657,-0.23086,-0.12867,-0.011712,0.15095,-0.15196,-0.073804,0.14638,-0.2462,0.10126,-0.11453,0.0034208,-0.11444,0.061668,-0.19911,0.081415,-0.021265,-0.033131,-0.16522,-0.024236,0.00079532,-0.032885,0.17015,0.314,0.090228,-0.022682,0.24672,0.02569,-0.02636,-0.3257,-0.20925,-0.20353,-0.13936,0.077615,-0.21924,-0.11805,0.15021,-0.17833,-0.0027306,-0.076952,-0.15785,-0.087968,-0.050125,-0.23875,0.10613,0.099905,0.060473,-0.23252,0.30121,0.057227,-0.050711,-0.082196
23,0.093626,0.074529,0.10707,0.17918,0.19414,0.12187,0.19214,0.25623,0.031559,0.2746,0.0098292,0.15287,0.20554,0.15299,0.086623,0.15241,0.23588,0.0086361,0.35988,-0.040143,0.33138,0.020129,-0.23337,1,-0.026627,0.041117,0.04227,0.21475,0.0036878,-0.0885,0.12057,-0.12373,0.14821,-0.088488,0.10144,0.029977,0.28661,-0.2126,0.026985,0.17433,0.0354,-0.015175,-0.22153,0.16468,0.17374,-0.04729,0.065015,0.023839,0.17191,0.0076564,-0.010523,0.068849,0.12066,-0.14992,0.23411,0.024602,-0.061496,0.15129,0.13786,0.087008,-0.024317,-0.060934,0.14186,0.018398,0.14809,0.086047,-0.12381,0.1403,-0.22696,0.0913,-0.18131,0.019974,0.0061351,0.1273,0.062765,-0.0075808,0.24088,-0.17499,0.26507,0.2707,0.16159,-0.03053,-0.021201,0.23313,-0.018173,8.5753e-05,0.17977,0.16608,0.1365,0.042159,-0.31076,0.18625,0.40073,0.17803,-0.18644,-0.039285,0.23949,-0.17389,0.20752,0.18374,-0.037057,-0.10646,-0.088114,-0.25735,-0.24317
24,-0.14803,-0.12052,-0.13012,-0.16933,-0.15036,-0.29883,-0.17473,-0.25968,-0.1697,-0.065303,-0.096879,0.11329,-0.033747,-0.1208,0.19332,-0.018875,-0.18516,-0.4386,-0.099462,0.01402,-0.16369,0.12632,0.038262,-0.026627,1,0.18979,-0.011004,-0.1176,0.17269,0.18149,0.073095,0.18069,-0.06674,-0.1461,0.17442,0.034039,0.086013,0.040157,-0.032301,0.041579,-0.32438,0.37798,-0.030484,0.0033207,0.014632,0.10052,0.044577,-0.064242,-0.054767,0.1514,0.13384,0.0085407,0.018599,0.25339,-0.083532,0.2366,0.22482,0.042865,-0.2512,0.13157,-0.048363,0.11227,-0.07626,0.068401,0.018075,-0.13244,0.089871,-0.003324,0.078867,-0.11269,0.095534,-0.12561,0.50836,0.14352,0.40155,0.075337,0.2308,-0.11389,0.08809,0.039021,0.33294,-0.14565,0.056502,-0.063626,0.24492,0.044852,-0.21385,0.039005,0.30545,0.12634,0.039317,-5.1879e-05,-0.006461,0.061802,0.013453,0.30643,0.06383,-0.091731,-0.094661,0.11327,0.067318,0.15109,-0.19821,-0.2668,0.081727
25,0.17214,0.14594,0.17011,0.042063,0.17725,0.016386,0.02842,0.014443,-0.030176,0.084063,0.048657,0.16495,0.045902,0.11425,0.20538,0.048642,0.055791,0.066394,-0.01136,0.08303,-0.16234,0.17119,0.1287,0.041117,0.18979,1,0.19917,-0.099431,-0.035853,0.095746,0.13649,0.18974,-0.11691,-0.070619,-0.13347,0.14621,-0.0088004,-0.12059,-0.33272,-0.018581,-0.26927,0.1861,-0.008976,-0.10756,0.067809,-0.15673,0.097443,-0.024856,0.1845,0.19311,-0.12269,0.15145,0.11843,0.26998,0.10484,-0.1621,0.0091752,-0.1615,-0.18355,-0.029523,-0.064234,0.033334,-0.084014,-0.124,0.037083,0.074997,-0.093949,0.0035758,-0.091053,-0.0065517,0.27424,0.010767,0.040581,0.12437,0.0414,0.057667,0.23849,-0.10012,0.04746,0.046703,0.19812,0.21885,0.14286,0.0092388,0.028325,0.037673,0.11921,0.12816,-0.043331,0.15942,0.090901,0.0015732,0.25906,-0.037733,0.022778,-0.1348,-0.05968,0.17307,0.15853,0.16805,-0.044409,-0.044806,-0.05825,0.13017,0.04568
26,0.14139,0.087175,0.065544,-0.0027209,0.11015,0.014457,0.088747,-0.022112,0.013617,-0.15772,-0.0063565,0.0067618,-0.019434,-0.1437,0.019966,0.19998,0.055301,0.14366,0.085761,-0.096511,0.27012,0.10693,0.0024719,0.04227,-0.011004,0.19917,1,0.18786,0.29241,0.18416,0.054867,-0.0089809,0.092035,-0.0062725,-0.14716,-0.13841,0.14821,-0.17544,-0.032963,0.051941,-0.13295,-0.049567,-0.010039,0.12078,-0.080582,0.20615,0.22355,-0.33844,0.22655,0.087431,-0.0019268,0.043473,0.056529,-0.055581,0.086649,-0.11906,-0.22919,-0.036076,0.18879,0.21595,0.050653,0.081073,0.052444,-0.23151,0.20062,-0.034283,-0.046376,0.41187,-0.020191,-0.031226,-0.098752,0.13231,0.20406,0.021138,0.15403,0.14283,0.20257,0.0007529,0.35877,-0.076346,0.19213,0.14861,0.10701,0.25602,-0.32497,0.00059004,0.043289,0.092106,0.17972,-0.22563,-0.063478,-0.36097,0.21007,-0.014092,0.22132,0.11154,-0.33029,-0.10606,0.043748,0.061027,0.021471,-0.036008,-0.092445,0.025531,-0.21391
27,-0.079206,-0.066482,-0.097264,-0.0095852,-0.065356,-0.067053,0.04321,0.1968,0.060209,-0.0064895,-0.13123,-7.6456e-05,0.043598,-0.095459,0.067257,-0.0415,-0.15323,0.0052663,0.063841,0.028041,0.094404,-0.01704,-0.061816,0.21475,-0.1176,-0.099431,0.18786,1,0.052174,0.035995,0.2343,-0.018996,-0.030286,-0.044956,-0.020132,-0.15255,-0.068137,-0.091027,0.011554,0.26397,0.038567,0.087734,-0.044638,0.12327,0.15721,0.043546,-0.059729,0.039551,0.22236,0.27221,-0.035189,0.1152,0.059128,-0.016667,0.19162,-0.06286,-0.029516,0.23234,0.33387,0.37587,-0.090122,0.036607,0.1095,-0.014262,0.19909,0.078796,-0.22321,0.16006,0.051923,0.14791,0.12404,0.19541,-0.24838,0.14365,0.19996,-0.031632,0.029002,-0.086899,0.042535,-0.011576,-0.18258,-0.10591,0.061308,0.011241,-0.1877,-0.013602,0.27252,0.20884,0.2637,-0.33802,-0.040192,0.23593,0.35252,0.053163,0.01574,-0.28419,-0.082587,0.038081,0.16134,-0.12911,-0.075788,0.038044,-0.11984,0.13498,-0.26796
28,-0.18646,-0.032496,-0.044113,-0.056611,-0.069377,-0.048433,-0.095609,-0.15049,-0.067224,-0.17805,0.0001371,-0.15877,-0.11243,-0.052398,-0.0057579,-0.019413,-0.088915,-0.1286,-0.07078,-0.092272,-0.064727,0.010593,0.048005,0.0036878,0.17269,-0.035853,0.29241,0.052174,1,-0.053174,-0.037607,0.025195,0.21342,-0.057935,-0.14738,0.060775,0.39966,-0.11242,0.0068897,0.44796,0.026536,0.094437,0.28042,0.01446,0.25876,0.2846,0.00038718,0.21691,0.023753,-0.0036604,0.16149,0.213,0.05304,-0.022314,-0.002416,0.19115,0.082917,0.2035,-0.0034331,0.071933,-0.15491,0.22142,0.041246,0.0035807,-0.2177,-0.089574,0.25057,-0.028825,0.042654,-0.047671,-0.098097,-0.13138,0.12213,-0.16451,-0.025434,0.16623,-0.036941,0.20807,0.18186,0.22923,-0.02439,0.14999,0.23871,0.080483,-0.010502,0.069959,-0.094672,0.16096,0.33915,-0.13928,-0.25756,0.089638,0.10157,0.19474,-0.17669,-0.060654,-0.1618,-0.40585,0.16793,0.2485,0.06678,-0.08015,0.02905,-0.26259,-0.036258
29,-0.2084,-0.27459,-0.2821,-0.27896,-0.054641,-0.39018,-0.13524,-0.052755,-0.11857,-0.20442,-0.27515,-0.10068,-0.16716,-0.12555,-0.15344,-0.05565,-0.088436,-0.24427,-0.3779,0.13379,-0.090901,-0.063551,-0.019419,-0.0885,0.18149,0.095746,0.18416,0.035995,-0.053174,1,0.17781,-0.29983,0.080542,0.098403,0.053769,0.19926,0.089016,0.1217,0.2252,0.061602,0.13413,0.21746,0.25064,-0.061969,-0.045638,0.2535,0.22835,0.1961,-0.14727,0.1462,0.13808,0.044951,0.10723,0.30023,0.082103,-0.072078,-0.032747,-0.14507,-0.042788,0.29035,0.00025274,-0.077882,0.0077499,-0.041027,-0.03268,0.0067141,0.1323,0.30643,0.16613,-0.13721,0.0036847,0.087635,0.026746,0.071955,0.36655,0.03247,0.27569,-0.055576,-0.20005,-0.071335,0.0095057,-0.21626,0.27572,0.044697,0.19011,0.20987,0.0043553,0.31187,0.13132,-0.045285,0.27667,-0.042997,-0.15734,-0.083749,0.13671,-0.060435,-0.27825,-0.186,0.131,0.12416,0.17934,0.12919,-0.055773,-0.19999,0.22512
30,-0.14219,-0.12753,-0.17876,-0.21332,-0.20933,-0.29655,-0.070833,-0.043626,0.027959,-0.12779,-0.28442,-0.088084,-0.21323,-0.20747,-0.10557,-0.053452,-0.0083415,-0.3941,0.12323,-0.040298,-0.15845,-0.060785,-0.13906,0.12057,0.073095,0.13649,0.054867,0.2343,-0.037607,0.17781,1,0.25934,-0.021073,0.040449,-0.0036299,0.13469,0.047705,-0.01417,0.066233,0.40578,0.18657,0.15237,0.086185,0.22959,0.31167,0.15805,-0.031164,-0.044491,0.266,0.17787,-0.04336,0.024184,-0.12981,0.30606,0.040344,0.20276,0.26542,-0.063509,0.22213,0.30698,-0.0079989,0.13657,0.11361,0.060351,0.15276,0.18366,0.12492,0.097572,-0.16409,-0.20858,0.36876,0.15153,-0.0041487,0.071208,0.14439,0.030577,0.17265,-0.10561,0.046061,0.05868,0.032217,-0.040506,-0.051694,0.28656,0.037558,-0.10503,0.13915,0.075064,-0.00421,0.14569,0.11131,0.090049,0.31467,0.20534,-0.099355,-0.048648,0.15945,-0.17024,0.03756,0.17024,0.27775,-0.0011785,-0.35713,-0.012098,-0.027202
31,-0.069201,-0.069412,-0.012289,-0.15962,-0.266,-0.20321,-0.28022,-0.21432,-0.16654,-0.13918,0.12255,-0.037328,-0.097045,-0.26579,-0.1706,-0.14136,-0.17401,0.047986,-0.035238,0.036473,-0.2125,0.071473,-0.12615,-0.12373,0.18069,0.18974,-0.0089809,-0.018996,0.025195,-0.29983,0.25934,1,-0.080581,0.010022,0.10324,-0.2598,-0.01218,0.22895,0.00033455,0.11349,-0.03503,0.18581,-0.007153,0.23292,-0.077537,0.1019,-0.16636,-0.12677,0.17615,-0.059594,-0.020692,0.011675,-0.3243,-0.1843,-0.17944,-0.028705,0.38444,0.082473,0.20049,0.036278,0.034839,0.063832,0.12271,0.016546,-0.033598,0.18016,-0.25884,0.029155,0.035992,0.13214,0.30497,0.059328,-0.016596,0.00033122,-0.15876,-0.12001,0.030846,0.011547,0.18313,-0.044629,0.15532,0.39068,0.096724,0.04048,0.2113,0.071449,-0.08457,-0.093071,0.14921,0.022331,0.14558,-0.11694,0.20746,0.27921,0.025428,-0.024975,0.12995,0.20223,-0.15991,0.023512,0.1268,-0.06866,-0.12164,0.045276,0.047148
32,-0.17462,-0.11108,-0.01612,-0.029949,-0.0040955,-0.12151,-0.018348,-0.031477,-0.16406,-0.018648,-0.055735,-0.089784,-0.23413,-0.078066,-0.17913,-0.16365,0.056033,-0.029775,-0.09709,-0.29901,0.082286,-0.046877,-0.066772,0.14821,-0.06674,-0.11691,0.092035,-0.030286,0.21342,0.080542,-0.021073,-0.080581,1,0.084066,-0.0061431,-0.034121,0.017479,0.21027,0.10513,0.22231,0.33316,0.16742,-0.0082898,0.25678,0.18067,-0.08882,0.36684,0.18492,0.052088,0.092446,-0.031779,-0.015049,-0.0094106,-0.1106,0.034853,0.25385,-0.16644,-0.19234,0.097043,-0.16945,0.042455,0.0070756,0.32767,0.18001,0.26851,0.10096,0.14894,0.078274,-0.0055555,0.13338,0.018136,-0.073799,0.15639,-0.29062,-0.26011,0.039619,0.20061,0.12119,0.19933,0.21871,-0.06542,-0.055279,0.14206,0.10351,-0.041056,-0.16289,-0.010844,-0.15984,-0.0072204,0.0041674,0.095465,-0.13772,0.2307,-0.12361,0.0129,-0.20023,-0.056071,-0.097287,0.15189,0.10409,0.29655,-0.31591,0.079673,0.23665,-0.11295
33,-0.20663,-0.17023,-0.13305,-0.27715,-0.1831,-0.14777,-0.25621,-0.17323,-0.19674,-0.22811,-0.12694,-0.13017,-0.028253,-0.11171,-0.33465,-0.10862,-0.039069,-0.1819,-0.25453,-0.16839,-0.06231,-0.11664,0.26528,-0.088488,-0.1461,-0.070619,-0.0062725,-0.044956,-0.057935,0.098403,0.040449,0.010022,0.084066,1,-0.09036,0.058249,0.061818,-0.10563,0.082286,-0.046404,0.19002,0.082852,-0.34502,0.25144,-0.020578,0.21095,0.19981,-0.15514,0.045818,0.21078,-0.0068317,0.034567,-0.071316,-0.026815,-0.12827,0.076779,-0.037958,0.12832,0.16306,-0.021199,0.14402,-0.303,-0.072892,0.026716,-0.20103,0.10917,0.1311,-0.27914,0.22397,0.070287,0.071614,0.33232,-0.23395,-0.41155,-0.15997,0.24401,0.17188,0.14905,-0.098899,0.18495,0.23278,0.19215,-0.073473,-0.047468,0.0071733,-0.045942,0.050713,-0.10274,-0.15357,-0.25779,-0.20844,-0.1908,-0.25239,-0.022123,0.05687,-0.2544,0.12812,0.14529,-0.027757,0.10703,-0.30494,0.20508,-0.17106,-0.17885,-0.086821
34,-0.10031,0.040656,-0.14612,-0.098706,-0.23907,-0.084966,-0.0066804,-0.084592,-0.21419,0.042928,0.087647,-0.12674,-0.062725,-0.07622,-0.063107,-0.31508,-0.23663,-0.20156,-0.076399,-0.0234,0.088217,0.092097,-0.05632,0.10144,0.17442,-0.13347,-0.14716,-0.020132,-0.14738,0.053769,-0.0036299,0.10324,-0.0061431,-0.09036,1,0.086687,0.0089066,0.027798,0.23557,-0.032932,0.44883,0.23082,-0.086282,0.085522,-0.2397,-0.005084,-0.11258,0.0030684,-0.15095,-0.049029,-0.02084,0.10615,-0.10057,0.072351,-0.10712,-0.020538,0.0025229,0.029928,-0.0031641,-0.16613,-0.13545,-0.010717,0.017426,-0.040902,-0.079115,0.36468,-0.2279,-0.026695,-0.077151,-0.1649,-0.17658,-0.17216,-0.025528,-0.05249,-0.0057565,0.19628,0.24785,0.11858,-0.24472,-0.36455,0.1727,-0.23266,-0.082537,-0.15996,-0.14807,0.1049,-0.058347,0.23293,0.094679,0.29378,-0.092275,-0.068771,-0.068894,0.14583,0.1934,0.20207,-0.049495,0.056304,-0.14028,-0.13891,-0.048322,0.19363,0.0090133,0.023329,0.019119
35,-0.12462,-0.13632,-0.29846,-0.22386,-0.15187,0.050708,-0.019715,-0.12515,-0.056915,0.047378,-0.18622,0.013207,-0.087807,-0.055274,0.0073456,0.08246,0.10727,-0.15528,-0.062728,-0.031439,-0.11097,-0.053881,-0.10796,0.029977,0.034039,0.14621,-0.13841,-0.15255,0.060775,0.19926,0.13469,-0.2598,-0.034121,0.058249,0.086687,1,0.3192,-0.080178,-0.036943,0.10986,-0.055706,0.14277,0.024626,-0.14861,0.028552,-0.033003,0.12812,0.0082203,0.26596,0.39071,-0.031093,0.15987,0.12218,0.18141,0.29247,0.19715,0.18122,-0.018303,-0.16601,-0.18163,-0.20017,0.093277,-0.13611,-0.055404,-0.10798,-0.25443,0.068543,-0.12171,-0.0056539,0.055712,-0.067336,0.31295,0.03995,0.025085,-0.0053347,0.21062,-0.0049999,0.21749,-0.0087551,-0.086331,-0.1326,0.15344,0.1223,0.15682,0.033615,-0.016368,-0.20154,0.26736,0.029195,0.15918,0.044254,0.17917,-0.17539,0.063808,-0.10289,0.092991,-0.0030773,-0.11002,-0.087151,0.24376,-0.17292,-0.18395,0.10682,-0.29997,0.046843
36,-0.19188,-0.19024,-0.2418,-0.22244,0.038485,-0.11705,-0.16412,-0.11064,-0.17003,-0.12573,-0.20147,-0.15013,-0.12038,-0.21829,-0.15667,-0.036244,-0.0088826,-0.10367,0.22834,-0.022227,0.078583,0.13355,-0.1779,0.28661,0.086013,-0.0088004,0.14821,-0.068137,0.39966,0.089016,0.047705,-0.01218,0.017479,0.061818,0.0089066,0.3192,1,0.16043,0.057685,0.43511,0.0098845,0.16332,0.0080979,0.018276,0.22907,0.32289,0.10365,0.17406,0.2197,0.12125,0.20277,0.2437,0.17871,0.14907,0.0048882,0.055593,0.054283,0.24432,-0.17135,-0.045326,-0.27737,0.12904,0.21729,0.19773,-0.20804,-0.1118,0.27677,0.33243,0.16771,0.01308,-0.25439,0.26165,0.12114,0.0049036,-0.19675,0.057992,0.097289,0.23725,0.056026,0.14153,0.098134,0.21627,0.28777,0.16389,0.16587,0.14842,-0.089275,0.27468,0.21532,-0.14771,-0.1659,-0.059014,0.051736,0.18664,-0.037991,0.16982,0.26573,-0.35302,0.10361,0.20802,-0.17334,0.077562,0.026834,-0.30033,0.12208
37,-0.33495,-0.31798,-0.27651,-0.25068,-0.23044,-0.38048,-0.3686,-0.38529,-0.39912,-0.1368,-0.23641,-0.3501,-0.13728,-0.16223,-0.099503,-0.25686,-0.23834,-0.050952,-0.28314,0.079191,-0.39774,-0.14044,-0.092826,-0.2126,0.040157,-0.12059,-0.17544,-0.091027,-0.11242,0.1217,-0.01417,0.22895,0.21027,-0.10563,0.027798,-0.080178,0.16043,1,0.13525,0.26852,0.36831,0.13428,0.19922,0.15262,0.053555,0.11602,0.19394,0.17563,0.033995,0.19771,0.29614,0.21001,0.049369,0.33775,0.029541,0.073729,0.18389,-0.22463,-0.0035097,-0.10555,-0.10577,-0.15611,0.21794,0.13208,0.12067,0.078992,0.049709,0.26824,0.3527,0.026289,0.20246,0.019047,-0.22097,-0.059841,-0.25106,-0.060532,0.15042,-0.041249,-0.14599,-0.059246,-0.27766,0.0088975,0.05513,-0.224,0.33992,0.093615,-0.075965,-0.083731,-0.042458,0.064412,0.3219,-0.18909,0.046883,0.17244,0.14989,-0.024562,0.12958,0.18391,-0.32096,0.0030584,0.0058874,-0.2207,0.27485,0.031736,0.16377
38,-0.39576,-0.45723,-0.45698,-0.3216,-0.30077,-0.39735,-0.51698,-0.2646,-0.20393,-0.31293,-0.29484,-0.38002,-0.18952,-0.35888,-0.50583,-0.15494,-0.22554,-0.27639,-0.023398,0.22682,0.095536,-0.0044842,0.11576,0.026985,-0.032301,-0.33272,-0.032963,0.011554,0.0068897,0.2252,0.066233,0.00033455,0.10513,0.082286,0.23557,-0.036943,0.057685,0.13525,1,0.14354,0.34197,0.11864,-0.10411,0.14522,0.056977,0.345,0.13614,0.16294,0.047743,0.12084,0.22538,0.23306,0.14629,-0.032308,-0.078038,0.059599,0.053934,0.051534,0.015449,0.10535,0.37549,-0.077899,0.36765,0.21769,-0.054171,0.11218,0.18805,-0.033187,0.1622,-0.016126,-0.26948,-0.24288,0.06887,0.056602,0.021042,0.1196,0.035558,0.13799,0.15183,-0.016168,-0.10794,-0.27891,-0.187,-0.084349,-0.028012,0.20402,-0.17346,0.041119,0.064583,0.13479,-0.0062752,0.035158,-0.065253,-0.10941,-0.20655,0.2212,-0.066735,-0.19367,-0.0071129,-0.026963,0.19025,0.093147,0.095644,-0.11034,-0.17646
39,-0.28681,-0.13758,-0.23778,-0.12928,-0.16187,-0.30726,-0.16916,-0.21076,-0.12926,-0.17779,-0.21204,-0.23255,-0.2114,-0.199,-0.02483,-0.16404,-0.10369,-0.27693,-0.0019731,0.052533,-0.12747,0.041498,-0.25419,0.17433,0.041579,-0.018581,0.051941,0.26397,0.44796,0.061602,0.40578,0.11349,0.22231,-0.046404,-0.032932,0.10986,0.43511,0.26852,0.14354,1,0.35226,0.28111,0.12874,0.056851,0.24485,0.16378,0.069428,0.28724,0.29925,0.21039,0.14256,0.33477,0.28526,0.19745,0.00043681,0.27696,-0.042665,0.13253,0.046557,0.2416,-0.20659,0.14614,0.28676,0.062439,0.06456,0.2023,0.25642,0.25319,0.14383,-0.053997,0.20851,0.11035,-0.14386,-0.099726,-0.10114,0.18312,0.11122,0.11207,0.13514,-0.04167,-0.28265,0.011861,0.20765,0.044881,0.094,0.044147,0.036216,0.095317,0.17765,-0.055796,0.0061059,0.13528,0.2618,0.23634,-0.12423,-0.0073665,0.32974,-0.33302,0.21032,0.27355,0.12853,-0.17396,-0.25018,-0.12429,-0.1138
40,-0.30014,-0.12211,-0.23321,-0.17363,-0.2915,-0.23642,-0.16529,-0.18097,-0.2967,-0.093766,-0.19164,-0.39602,-0.27335,-0.03201,-0.27342,-0.3669,-0.04745,-0.23017,-0.17099,0.015908,0.020935,-0.24937,0.017809,0.0354,-0.32438,-0.26927,-0.13295,0.038567,0.026536,0.13413,0.18657,-0.03503,0.33316,0.19002,0.44883,-0.055706,0.0098845,0.36831,0.34197,0.35226,1,0.19451,0.076988,0.27726,0.09524,0.13607,0.1549,0.20358,-0.062415,-0.0096073,0.0035621,0.28295,0.015632,0.17719,-0.0075321,0.029699,-0.032513,-0.17095,0.17686,-0.0087612,0.048758,-0.084158,0.13815,0.10635,-0.035693,0.3536,0.088466,-0.072484,-0.016334,-0.061436,0.087549,-0.0061922,-0.3667,-0.38882,-0.23211,0.19032,0.25024,0.077683,-0.18625,-0.041683,-0.21267,-0.22584,-0.25025,-0.15311,-0.027352,0.21936,-0.0083541,0.032002,-0.16558,0.15507,0.010022,0.092282,-0.034456,0.13579,0.0032678,-0.2066,0.083752,-0.019842,-0.0087425,0.0094938,-0.01533,-0.12307,-0.016954,0.078705,0.0056051
41,-0.43097,-0.39409,-0.51638,-0.37051,-0.46112,-0.48401,-0.50451,-0.28623,-0.45255,-0.21785,-0.36771,-0.31806,-0.43106,-0.36066,-0.25989,-0.47926,-0.18969,-0.43344,-0.25724,-0.11075,-0.26485,-0.078275,-0.23807,-0.015175,0.37798,0.1861,-0.049567,0.087734,0.094437,0.21746,0.15237,0.18581,0.16742,0.082852,0.23082,0.14277,0.16332,0.13428,0.11864,0.28111,0.19451,1,-0.06046,0.11441,0.089436,0.041989,0.29792,0.26696,0.21056,0.2512,0.14195,0.17762,0.15639,0.32486,0.26767,0.2207,-0.0065514,-0.26279,0.050832,0.29819,0.10165,0.16372,0.045965,0.28212,-0.029519,0.012023,0.086284,0.048354,0.075599,0.069614,0.30998,0.009813,0.05668,0.054072,0.0092542,0.092222,0.10065,0.0038812,-0.0048318,-0.037393,0.018809,-0.14702,0.19377,-0.11668,0.094814,0.15536,0.057273,0.012873,0.10604,-0.046918,-0.12902,-0.021284,0.04503,0.089854,0.088718,-0.018182,0.17766,0.026556,0.1291,-0.054414,0.056965,-0.043997,-0.19415,-0.046781,0.04404
42,-0.020244,-0.046953,0.04843,0.050826,0.11606,-0.06993,0.018437,0.052221,-0.01839,-0.10728,-0.074604,-0.17194,-0.16505,0.13432,-0.064427,0.14083,-0.01451,0.045388,-0.15545,0.06098,-0.11739,0.26014,-0.17791,-0.22153,-0.030484,-0.008976,-0.010039,-0.044638,0.28042,0.25064,0.086185,-0.007153,-0.0082898,-0.34502,-0.086282,0.024626,0.0080979,0.19922,-0.10411,0.12874,0.076988,-0.06046,1,-0.10486,-0.060672,-0.048111,0.01613,0.095871,-0.22066,-0.050411,0.18543,-0.026534,-0.10669,0.19669,0.10153,-0.095939,0.21512,-0.049555,-0.19454,0.024122,-0.17541,-0.15361,-0.077277,-0.019202,0.0084197,0.10056,0.050015,0.15172,-0.029865,-0.12476,0.13876,-0.040484,-0.10615,-0.14934,-0.11517,-0.1422,-0.26354,-0.012167,-0.034514,-0.081063,-0.25103,-0.17852,0.2187,0.037075,0.22879,0.20173,0.075837,0.1966,0.29283,0.072491,0.25419,0.20497,-0.099238,-0.049452,0.1286,-0.086788,-0.36176,-0.12852,0.00056256,0.10818,0.28707,0.035929,0.24433,-0.061958,0.17557
