1.1016e-10 9.1894e-11 7.8039e-11 9.0733e-11 8.1465e-11 8.5391e-11 1.0368e-10 7.8459e-11 9.836e-11 6.3179e-11 8.7738e-11 8.1684e-11 8.5117e-11 7.5337e-11 7.088e-11 6.7574e-11 6.9173e-11 6.5101e-11 4.6339e-11 6.5556e-11 5.8694e-11 7.073e-11 5.6907e-11 5.3967e-11 5.0464e-11 4.545e-11 3.1978e-11 5.0978e-11 3.4645e-11 4.0019e-11 3.5533e-11 3.9634e-11 3.6206e-11 3.5414e-11 2.055e-11 2.1737e-11 2.3806e-11 2.2058e-11 2.822e-11 1.867e-11 9.8287e-12 2.1484e-11 1.6524e-11 2.6461e-11 1.463e-11 1.1223e-11 1.7175e-11 8.8586e-12 -9.216e-12 -3.0425e-12 1.061e-11 8.4031e-12 1.4407e-11 5.1739e-12 -5.9397e-12 2.7115e-12 -2.1121e-12 1.2759e-12 -2.9587e-12 -1.038e-11 1.9176e-12 -6.5619e-12 2.3329e-12 -7.2524e-12 -5.4563e-12 -2.7385e-12 2.27e-12 -7.0748e-12 -2.4231e-13 -2.2339e-12 -4.4611e-12 6.2297e-13 -3.4944e-12 3.9319e-12 -6.8061e-12 5.3375e-13 -9.2413e-12 1.8422e-12 3.4179e-13 -4.3936e-12 -5.8986e-12 -6.6281e-12 1.7084e-12 -1.793e-12 -1.9241e-12 -4.1311e-13 -2.1297e-12 -5.1472e-12 3.7502e-12 1.6455e-13 1.412e-12 -4.3005e-13 5.4735e-13 7.0289e-13 7.3092e-13 -3.0481e-12 -2.6151e-12 -4.3334e-12 -1.6409e-12 -7.7405e-13 1.4108e-12 4.8943e-12 3.4436e-12 3.7753e-12 -2.734e-12 -5.951e-13 3.0546e-12 1.1075e-12 2.643e-12 1.6698e-12 1.457e-12 4.2887e-13 -6.9839e-14 -9.4228e-13 6.1382e-13 -1.7968e-13 -1.1203e-13 1.6957e-13 5.0829e-13 -1.0865e-13 1.8652e-13 7.5518e-14 2.3761e-14 2.1088e-14 -1.1227e-13
9.1894e-11 9.6117e-11 7.384e-11 8.7621e-11 7.6894e-11 7.8209e-11 9.3651e-11 7.2107e-11 8.7497e-11 5.7502e-11 8.179e-11 7.732e-11 7.7418e-11 6.9255e-11 7.0267e-11 6.3736e-11 6.65e-11 5.8807e-11 4.3057e-11 5.7721e-11 5.2577e-11 6.762e-11 5.4586e-11 5.3933e-11 4.3482e-11 4.4123e-11 2.8945e-11 4.8135e-11 3.5227e-11 3.7075e-11 3.2303e-11 3.6991e-11 3.4085e-11 3.1809e-11 1.8799e-11 2.4457e-11 2.6468e-11 2.3664e-11 2.4232e-11 1.8912e-11 1.0033e-11 2.3954e-11 1.1054e-11 2.4054e-11 1.3104e-11 1.2085e-11 1.573e-11 8.1226e-12 -6.4164e-12 -2.2039e-12 7.2528e-12 9.1024e-12 1.1324e-11 9.0714e-12 -5.2082e-12 5.1332e-12 6.1626e-13 2.1654e-12 -1.8918e-12 -8.9942e-12 -1.0389e-12 -5.8411e-12 3.7498e-12 -5.211e-12 -5.3669e-12 -5.184e-12 5.1042e-12 -2.671e-12 1.5436e-12 -1.5964e-12 -2.7364e-12 1.1159e-12 -2.6944e-12 2.3228e-12 -5.7956e-12 -9.3659e-13 -8.7226e-12 -2.0596e-12 7.3413e-13 -2.6519e-12 -4.6142e-12 -8.8712e-12 1.9945e-12 -1.2196e-12 4.3272e-13 -8.67e-13 -1.2745e-12 -4.4403e-12 2.6844e-12 -7.7965e-13 5.7475e-13 2.2223e-13 -3.0763e-13 -1.0307e-12 1.4634e-12 -1.7219e-12 -1.9949e-12 -3.2139e-12 -1.7927e-12 -1.346e-12 -2.1893e-14 3.922e-12 2.7373e-12 4.166e-12 -3.9025e-12 -1.4383e-12 3.4139e-12 2.2078e-12 2.5382e-12 4.6618e-13 1.1245e-12 -1.082e-12 -4.5861e-14 -1.2946e-12 -1.2301e-13 5.471e-13 -2.142e-13 3.9894e-13 4.1314e-13 -9.9865e-14 1.2916e-13 1.0367e-13 -1.2308e-14 5.9273e-14 -1.6062e-13
7.8039e-11 7.384e-11 7.7834e-11 6.8676e-11 6.4764e-11 6.7681e-11 8.1018e-11 6.8538e-11 7.4486e-11 5.3274e-11 7.0114e-11 6.7233e-11 6.8458e-11 6.1833e-11 6.3413e-11 6.0357e-11 6.1571e-11 5.2357e-11 3.3074e-11 5.4607e-11 4.5739e-11 5.9434e-11 4.972e-11 4.6739e-11 3.9349e-11 3.8002e-11 2.5674e-11 4.2111e-11 2.7546e-11 2.7838e-11 3.0574e-11 3.264e-11 2.8837e-11 2.6624e-11 1.684e-11 2.0482e-11 1.9509e-11 2.3182e-11 2.6316e-11 1.3698e-11 7.3004e-12 1.4092e-11 1.2017e-11 1.7595e-11 1.0013e-11 1.4365e-11 1.3162e-11 8.8169e-12 -6.0959e-12 3.3005e-12 4.0325e-12 4.2915e-12 1.0671e-11 7.6028e-12 -1.8888e-12 4.5526e-12 2.8568e-12 9.9365e-13 1.1296e-12 -5.3768e-12 -7.3496e-13 -2.1108e-12 3.3454e-12 -4.2416e-12 -6.7321e-12 1.1006e-12 4.3503e-12 -5.5278e-12 -1.1696e-12 -1.2486e-12 -4.7686e-12 -1.6745e-13 -4.47e-12 3.5518e-12 -8.5222e-12 -1.0616e-12 -4.5346e-12 -2.6589e-13 1.411e-12 -1.215e-12 -2.3473e-12 -4.9194e-12 1.945e-12 1.2674e-12 9.3671e-13 -3.6915e-12 -1.901e-12 -3.2142e-12 2.5979e-12 -1.0707e-12 -6.1474e-13 3.0532e-13 -1.8331e-12 -3.3492e-12 4.957e-13 -2.5401e-12 -2.3253e-12 -2.2707e-12 -2.2652e-12 1.4355e-12 1.9992e-12 4.0993e-12 2.9743e-12 3.3896e-12 -1.2936e-12 -6.0964e-13 2.7005e-12 1.6875e-12 1.016e-12 -8.5119e-13 1.4652e-12 7.3685e-14 7.8513e-13 -8.9504e-13 -1.3152e-13 7.4716e-13 5.1914e-14 4.3314e-13 1.8657e-13 -6.9843e-14 1.6426e-13 1.0175e-14 2.674e-14 3.0194e-14 -1.7197e-13
9.0733e-11 8.7621e-11 6.8676e-11 9.757e-11 7.4188e-11 7.5256e-11 9.8506e-11 6.8725e-11 8.4984e-11 5.7508e-11 8.3099e-11 7.3548e-11 7.2566e-11 6.9567e-11 6.9859e-11 6.1269e-11 6.597e-11 5.8891e-11 4.3262e-11 5.4802e-11 5.5733e-11 6.8547e-11 5.5756e-11 5.1807e-11 4.3331e-11 4.0856e-11 2.6662e-11 4.5145e-11 3.5277e-11 3.1878e-11 2.7975e-11 3.6218e-11 3.5036e-11 3.2519e-11 1.8142e-11 2.2164e-11 2.1287e-11 2.3229e-11 2.2875e-11 1.9714e-11 7.6184e-12 2.156e-11 1.2516e-11 2.4701e-11 1.4196e-11 1.0227e-11 1.6248e-11 8.965e-12 -3.1451e-12 2.5549e-13 1.0632e-11 1.0814e-11 1.0675e-11 6.8829e-12 -6.7921e-12 -5.1972e-13 2.9735e-12 3.998e-12 -3.2751e-12 -8.728e-12 2.7258e-13 -4.6956e-12 3.9806e-12 -5.5772e-12 -2.651e-12 -3.1654e-12 3.2592e-12 -3.3965e-12 5.3599e-13 -3.4098e-12 -8.0445e-13 3.8391e-12 -1.4976e-12 2.1732e-12 -3.5362e-12 -8.8508e-13 -5.4109e-12 -5.5673e-13 7.6802e-13 -2.3253e-12 -5.9534e-12 -7.8565e-12 -8.5931e-13 1.0065e-13 -1.7553e-12 -3.4952e-12 3.0241e-13 -5.6079e-12 4.1518e-12 1.6248e-12 1.4826e-12 8.6561e-14 1.5598e-12 1.202e-12 -3.4639e-13 -1.6612e-13 -8.7288e-13 -5.4028e-12 -1.1527e-12 -1.54e-12 -4.9495e-13 3.0932e-12 4.1847e-12 4.1375e-12 -5.2954e-12 3.1205e-13 3.0579e-12 1.3724e-12 4.7585e-12 2.1714e-13 1.8005e-12 -2.3161e-13 -4.0159e-13 -1.0534e-12 -6.8985e-13 7.5259e-13 9.4983e-14 4.34e-13 1.5674e-13 -2.7543e-13 1.0002e-13 2.2536e-14 1.2044e-14 9.9184e-14 -2.7803e-14
8.1465e-11 7.6894e-11 6.4764e-11 7.4188e-11 7.652e-11 6.7596e-11 8.011e-11 6.3134e-11 7.3029e-11 5.0679e-11 7.2248e-11 6.8236e-11 7.2457e-11 6.0245e-11 6.0434e-11 5.6368e-11 5.5796e-11 5.0409e-11 3.7989e-11 4.8142e-11 4.4163e-11 5.8789e-11 4.3525e-11 4.6706e-11 3.7811e-11 3.7456e-11 2.6396e-11 3.9225e-11 2.6419e-11 3.0732e-11 3.016e-11 3.2737e-11 3.1015e-11 2.8426e-11 1.6384e-11 1.6542e-11 2.0395e-11 1.8635e-11 2.3502e-11 1.4168e-11 7.3542e-12 1.7791e-11 9.0337e-12 2.152e-11 1.2152e-11 9.9909e-12 9.6375e-12 1.1423e-11 -5.4508e-12 -6.5691e-13 8.2707e-12 3.4349e-12 1.3636e-11 6.6514e-12 -2.3192e-12 1.3896e-12 3.519e-12 1.723e-12 1.0309e-12 -9.2505e-12 1.0056e-12 -3.9522e-12 1.5225e-12 -2.6996e-12 -4.6519e-12 -2.0587e-12 5.2954e-12 -2.2237e-12 -1.3096e-13 -2.8415e-12 -6.9556e-12 9.2529e-13 -2.1106e-12 1.6733e-12 -5.7315e-12 -1.7647e-12 -7.3448e-12 1.374e-13 1.3002e-12 -3.6509e-12 -4.0141e-12 -4.2191e-12 1.7775e-12 -2.5559e-12 6.0946e-13 -8.6525e-13 -5.1168e-13 -2.4229e-12 4.1507e-12 2.1575e-12 -4.7698e-13 -2.0293e-12 -1.3845e-12 -1.9662e-13 -1.3027e-13 -9.6418e-13 -7.1461e-13 -3.9014e-12 -1.8386e-12 4.9498e-13 -5.8754e-14 4.7693e-12 1.7066e-12 3.0993e-12 -3.7465e-12 -3.2175e-13 2.8308e-12 2.1196e-12 2.0479e-12 -2.7545e-13 9.6911e-13 5.074e-13 4.9685e-13 -1.1855e-12 5.9421e-13 3.5491e-14 4.1418e-14 3.4322e-13 3.343e-13 -1.7595e-13 9.3748e-14 1.6943e-14 -3.6339e-14 8.7681e-14 -5.0685e-14
8.5391e-11 7.8209e-11 6.7681e-11 7.5256e-11 6.7596e-11 8.5041e-11 8.5099e-11 6.746e-11 7.7062e-11 5.5539e-11 7.4607e-11 6.9397e-11 7.1654e-11 6.5778e-11 6.6179e-11 6.1322e-11 6.0464e-11 5.4263e-11 3.991e-11 5.5515e-11 4.6593e-11 6.1603e-11 4.9453e-11 4.6691e-11 4.3417e-11 3.4321e-11 2.9408e-11 4.003e-11 2.875e-11 3.5745e-11 3.3133e-11 3.2449e-11 3.113e-11 2.9266e-11 1.5049e-11 1.8329e-11 2.3575e-11 2.0176e-11 2.3939e-11 1.6598e-11 6.2939e-12 1.636e-11 1.6016e-11 1.8783e-11 9.5568e-12 1.5027e-11 1.1423e-11 2.9755e-12 -5.9389e-12 -3.6548e-13 8.411e-12 5.2697e-12 1.1417e-11 4.5795e-12 -7.7128e-12 3.8639e-12 4.0305e-13 3.2737e-12 -2.1674e-12 -1.0326e-11 9.2517e-13 -3.28e-12 3.3463e-12 -5.0103e-12 -2.6771e-12 -2.333e-12 1.823e-12 -6.4716e-12 -1.0096e-13 -6.4607e-14 2.3563e-12 -1.8361e-12 -3.2563e-13 6.2757e-13 -2.8234e-12 5.9384e-13 -4.4015e-12 7.024e-13 1.4076e-12 -1.4182e-12 -5.232e-12 -3.1105e-12 1.0225e-12 -9.4236e-13 -7.6673e-13 -3.3886e-12 -1.751e-12 -3.6448e-12 1.4355e-12 1.1594e-12 -1.8341e-13 7.4122e-14 9.5901e-14 -4.3576e-12 -1.4527e-13 -2.1103e-12 -9.0697e-13 -4.2588e-12 -8.1575e-13 1.9856e-12 1.8543e-12 4.6895e-12 2.9309e-12 2.7031e-12 -3.2036e-12 -1.3218e-12 1.4212e-12 1.0593e-13 2.2538e-12 -7.0455e-13 1.1378e-12 -5.4604e-13 7.0334e-13 -1.2946e-12 -7.5708e-13 2.0136e-13 -1.8202e-13 1.7811e-13 2.0931e-13 -3.254e-13 7.397e-14 9.0073e-14 2.9544e-14 2.2163e-14 -2.573e-13
1.0368e-10 9.3651e-11 8.1018e-11 9.8506e-11 8.011e-11 8.5099e-11 1.2066e-10 8.1517e-11 1.0023e-10 6.7959e-11 9.6911e-11 8.473e-11 8.468e-11 8.0043e-11 7.7971e-11 7.1e-11 7.5219e-11 6.7191e-11 4.7543e-11 6.5338e-11 5.9738e-11 7.2984e-11 6.3614e-11 5.9685e-11 5.4016e-11 4.6218e-11 2.9958e-11 5.1124e-11 3.7865e-11 3.9294e-11 3.4159e-11 4.3921e-11 3.4949e-11 3.7518e-11 2.4488e-11 2.3966e-11 2.3389e-11 2.2983e-11 2.7456e-11 2.103e-11 6.8055e-12 1.8613e-11 1.5771e-11 2.5895e-11 1.3066e-11 1.4218e-11 2.121e-11 1.0465e-11 -4.8458e-12 1.2537e-12 1.1004e-11 1.2448e-11 1.062e-11 8.4563e-12 -7.3187e-12 1.452e-12 3.3231e-12 3.4583e-12 -4.3716e-12 -8.2408e-12 1.1816e-12 -3.187e-12 2.2736e-12 -5.1806e-12 -6.3589e-12 -3.2822e-12 4.1254e-12 -6.8326e-13 -2.9732e-13 -3.4811e-12 -4.3976e-12 2.6002e-12 -1.8572e-12 2.5118e-12 -4.439e-12 -3.7194e-13 -7.4201e-12 2.4113e-12 1.0394e-12 -2.9178e-12 -5.3775e-12 -7.7332e-12 8.1551e-13 1.3274e-13 -3.1694e-12 -2.8286e-12 -2.8933e-12 -7.4958e-12 3.755e-12 3.8495e-13 4.4432e-13 6.6941e-13 5.5351e-13 -1.6975e-12 1.4859e-12 -1.3786e-12 -2.2588e-13 -4.2775e-12 3.3211e-13 -6.4178e-13 -3.4162e-14 3.0654e-12 2.1318e-12 4.7942e-12 -4.1356e-12 -4.7004e-13 2.0842e-12 1.8701e-12 3.6142e-12 1.8118e-12 9.7472e-13 -1.1964e-12 -5.2596e-13 -1.0558e-12 3.8079e-13 2.7956e-13 3.3269e-13 2.1819e-13 3.1699e-13 -2.7418e-13 1.8555e-13 1.6423e-13 7.0283e-14 6.2815e-14 -1.2497e-13
7.8459e-11 7.2107e-11 6.8538e-11 6.8725e-11 6.3134e-11 6.746e-11 8.1517e-11 7.5725e-11 7.3658e-11 5.137e-11 7.2687e-11 6.6378e-11 6.8839e-11 6.3242e-11 6.3273e-11 5.933e-11 6.0351e-11 5.2081e-11 3.5248e-11 5.1456e-11 4.5811e-11 5.4126e-11 5.1097e-11 4.5619e-11 4.3324e-11 3.6467e-11 2.9857e-11 4.1127e-11 2.531e-11 3.3182e-11 2.6396e-11 3.0621e-11 2.5349e-11 3.0627e-11 1.6572e-11 1.9554e-11 2.1798e-11 2.1765e-11 2.4886e-11 1.2377e-11 9.5916e-12 1.6509e-11 1.5165e-11 1.9469e-11 1.2335e-11 9.9374e-12 1.386e-11 1.0034e-11 -2.9064e-12 3.421e-12 8.4156e-12 6.5585e-12 1.1156e-11 6.1898e-12 -4.4639e-12 6.7827e-12 3.5722e-12 2.0669e-12 -6.6318e-14 -8.3826e-12 2.3032e-12 -1.7678e-12 -3.2479e-13 -4.5175e-12 -6.0195e-12 -2.2507e-12 3.6439e-12 -4.6159e-12 8.1526e-13 4.5017e-13 -1.7922e-12 1.5656e-12 -3.818e-12 4.0713e-12 -5.2739e-12 1.909e-12 -4.6381e-12 -2.2481e-13 1.4846e-12 -2.1685e-12 -3.7532e-12 -4.0149e-12 1.3562e-13 2.5924e-13 -8.6725e-13 -2.4969e-12 -4.0874e-12 -2.1085e-12 1.2488e-12 -8.327e-13 -1.5581e-13 -1.9257e-12 -1.3526e-12 -2.3666e-12 1.0616e-12 -3.309e-12 -1.6469e-12 -4.3848e-12 -1.2503e-12 4.762e-13 -8.3039e-14 3.6841e-12 1.973e-12 2.3272e-12 -1.4427e-12 -1.1106e-12 1.541e-12 1.4846e-12 2.1327e-12 -1.6036e-13 2.2118e-12 -3.5874e-13 1.1993e-12 -6.4789e-13 7.1275e-13 2.7522e-13 5.6426e-13 3.015e-13 1.186e-13 -1.4966e-13 8.8172e-14 1.3724e-14 1.1004e-13 4.5328e-14 -2.0853e-13
9.836e-11 8.7497e-11 7.4486e-11 8.4984e-11 7.3029e-11 7.7062e-11 1.0023e-10 7.3658e-11 1.051e-10 6.1142e-11 7.7997e-11 7.7117e-11 7.8715e-11 6.929e-11 7.1601e-11 6.5239e-11 6.645e-11 6.0156e-11 4.5204e-11 5.5769e-11 5.4877e-11 6.3672e-11 5.5357e-11 5.576e-11 4.737e-11 4.6835e-11 2.987e-11 5.1372e-11 3.3974e-11 3.3881e-11 3.5809e-11 3.9005e-11 3.3198e-11 3.3166e-11 2.0721e-11 1.9948e-11 2.4885e-11 1.8718e-11 2.9606e-11 1.7511e-11 7.1043e-12 1.6897e-11 1.449e-11 2.3955e-11 1.4305e-11 1.1672e-11 1.9849e-11 1.0071e-11 -1.1412e-11 -3.9724e-13 8.1577e-12 1.0663e-11 1.1614e-11 2.0712e-12 -6.9096e-12 2.4728e-12 1.3126e-12 1.5726e-13 -2.5026e-12 -6.7256e-12 -1.1299e-12 -4.627e-12 2.3332e-12 -6.0704e-12 -6.1872e-12 -2.4337e-12 2.5534e-12 -4.2444e-12 -2.5545e-12 -6.5379e-13 -3.9723e-12 -6.6215e-13 -2.7818e-12 2.2399e-12 -3.9875e-12 -3.862e-13 -1.0706e-11 3.0061e-12 7.9573e-13 -4.6774e-12 -4.0845e-12 -6.0108e-12 4.4297e-16 -2.8558e-13 -2.7533e-12 -1.9608e-12 -1.6509e-12 -5.6723e-12 1.9488e-12 -1.2044e-12 -2.6819e-12 1.2009e-12 -1.2192e-13 -1.4639e-12 3.7579e-13 -3.2215e-12 -1.0295e-12 -2.6362e-12 -5.7157e-13 -7.6873e-13 -7.5892e-14 3.6286e-12 2.0262e-12 3.0841e-12 -2.3801e-12 -1.4864e-12 2.0626e-12 1.8282e-12 2.0537e-12 2.7566e-12 1.3593e-13 -1.1828e-12 3.5867e-13 -1.0014e-12 3.2856e-13 8.2023e-14 -4.1022e-13 2.8797e-13 3.366e-13 -2.0375e-14 1.1677e-13 7.329e-14 -2.785e-14 3.1417e-14 -1.2156e-13
6.3179e-11 5.7502e-11 5.3274e-11 5.7508e-11 5.0679e-11 5.5539e-11 6.7959e-11 5.137e-11 6.1142e-11 4.7313e-11 5.5414e-11 5.235e-11 5.4914e-11 4.9755e-11 4.8761e-11 4.8217e-11 5.0068e-11 4.1025e-11 2.7868e-11 4.2015e-11 3.5079e-11 4.44e-11 4.0467e-11 3.7793e-11 3.0797e-11 2.858e-11 2.0157e-11 3.3688e-11 2.1184e-11 2.3275e-11 2.4525e-11 2.5275e-11 2.3508e-11 2.3367e-11 1.2743e-11 1.3378e-11 1.7081e-11 1.2071e-11 1.9457e-11 1.1714e-11 4.1754e-12 1.2013e-11 1.0622e-11 1.6797e-11 9.154e-12 8.38e-12 1.1978e-11 4.3074e-12 -5.3584e-12 2.3109e-12 7.7007e-12 3.5767e-12 8.2988e-12 4.9928e-12 -4.3845e-12 3.9517e-12 1.8139e-12 2.338e-12 -2.8128e-12 -4.7581e-12 8.659e-13 -7.6646e-13 1.8292e-12 -1.4461e-12 -3.3497e-12 -1.2013e-13 2.4984e-13 -2.8588e-12 5.3539e-13 -1.0852e-13 -2.0127e-12 2.8735e-13 -2.076e-12 2.0048e-12 -1.9279e-12 6.9641e-13 -1.4509e-12 8.0922e-13 1.4524e-12 -2.0395e-12 -1.3946e-12 -2.6087e-12 3.0633e-13 9.5653e-14 -1.092e-12 -2.368e-12 -4.9199e-13 -3.394e-12 1.6476e-12 8.2438e-13 -7.4462e-13 5.7984e-13 -3.1182e-13 -1.9733e-12 3.0792e-13 -1.8674e-12 -1.46e-12 -2.9847e-12 -2.3804e-13 8.8093e-13 8.1768e-13 2.8139e-12 1.659e-12 2.3637e-12 -1.6412e-12 -2.6009e-14 6.9237e-13 1.6348e-12 2.0697e-12 6.7764e-13 1.3764e-12 -5.3615e-13 -4.1633e-14 -7.8374e-13 -5.5007e-14 2.4708e-13 1.5033e-13 2.0635e-13 1.7727e-13 -1.2573e-13 6.8379e-14 6.0921e-14 2.4358e-14 3.0637e-14 -1.4989e-13
8.7738e-11 8.179e-11 7.0114e-11 8.3099e-11 7.2248e-11 7.4607e-11 9.6911e-11 7.2687e-11 7.7997e-11 5.5414e-11 9.2115e-11 7.3657e-11 7.3557e-11 6.8397e-11 6.6717e-11 6.0381e-11 6.6728e-11 5.9801e-11 3.8831e-11 5.8016e-11 5.1468e-11 6.5857e-11 5.5989e-11 5.0934e-11 4.6168e-11 3.8703e-11 2.9551e-11 4.7704e-11 3.1355e-11 3.5714e-11 2.9082e-11 3.5903e-11 3.1307e-11 3.3948e-11 1.4799e-11 2.3192e-11 1.9536e-11 2.3133e-11 2.5962e-11 1.6829e-11 9.3906e-12 1.6121e-11 1.451e-11 2.1682e-11 1.2498e-11 9.5286e-12 1.5361e-11 9.5979e-12 -5.4312e-13 -1.0302e-12 1.1343e-11 1.0194e-11 7.5443e-12 9.6796e-12 -4.3636e-12 2.5355e-13 1.7614e-12 2.8903e-12 -1.7422e-12 -1.0213e-11 5.1835e-13 -1.5777e-12 3.0592e-13 -3.6692e-12 -6.173e-12 -4.2174e-12 6.476e-12 -2.2446e-12 4.0792e-12 -3.561e-12 -3.3115e-12 2.8972e-12 -1.5507e-12 4.4975e-12 -5.585e-12 -1.1303e-12 -6.0081e-12 -9.5453e-13 1.4625e-12 -3.7046e-12 -5.9878e-12 -6.3349e-12 4.9601e-14 -1.6421e-12 7.4978e-13 -2.6289e-12 -2.9856e-12 -3.1333e-12 3.7945e-12 8.3585e-13 2.5208e-12 -1.2578e-12 -1.6169e-12 -2.1955e-12 9.6185e-14 -1.7635e-12 -2.8089e-13 -3.327e-12 5.0368e-13 -9.2633e-13 -3.2911e-13 2.1761e-12 1.1813e-12 5.2153e-12 -3.3973e-12 -6.9013e-13 2.7095e-12 1.4769e-12 4.314e-12 -7.844e-13 1.2935e-12 6.6385e-14 -2.3366e-13 -9.7692e-13 7.3397e-13 5.432e-13 6.4392e-13 3.732e-13 3.8986e-13 -1.9789e-13 1.1203e-13 5.7529e-14 9.4455e-14 5.5559e-14 -1.0847e-13
8.1684e-11 7.732e-11 6.7233e-11 7.3548e-11 6.8236e-11 6.9397e-11 8.473e-11 6.6378e-11 7.7117e-11 5.235e-11 7.3657e-11 7.977e-11 7.0817e-11 6.4515e-11 5.9456e-11 5.8767e-11 6.1564e-11 5.5489e-11 3.7386e-11 5.0712e-11 4.503e-11 5.9619e-11 4.6511e-11 4.8655e-11 3.8541e-11 3.7168e-11 2.5836e-11 4.0542e-11 2.9538e-11 3.2845e-11 3.1498e-11 3.3506e-11 3.0561e-11 2.9371e-11 1.5231e-11 2.3638e-11 2.3781e-11 2.0862e-11 2.4081e-11 1.3733e-11 7.259e-12 1.6533e-11 1.3907e-11 1.8599e-11 1.1595e-11 6.0777e-12 1.3117e-11 9.2026e-12 -4.0469e-12 4.8777e-13 7.0507e-12 5.8396e-12 7.038e-12 7.0508e-12 -1.1078e-12 3.4239e-12 1.481e-12 1.7078e-12 -8.3059e-13 -4.8043e-12 2.0178e-12 -5.7736e-12 8.3723e-13 -6.9515e-12 -5.1284e-12 -2.8054e-12 4.1166e-12 -4.1272e-12 6.5174e-13 1.9426e-12 -5.9235e-12 1.297e-12 8.5847e-13 4.8897e-12 -4.4594e-12 1.1933e-12 -6.4203e-12 -1.4156e-12 6.256e-13 -1.0714e-12 -5.7255e-12 -4.2765e-12 3.5463e-13 -2.1249e-12 1.2359e-12 -4.8025e-13 -1.0114e-12 -2.145e-12 1.1566e-12 5.8812e-13 2.3106e-12 -9.8105e-13 -1.4494e-12 -1.0335e-12 5.2013e-13 -7.0342e-13 -9.1424e-13 -3.0821e-12 -1.5804e-12 5.5478e-13 4.295e-13 2.8999e-12 3.9104e-13 3.9976e-12 -2.0044e-12 -1.1513e-12 1.6261e-12 1.7861e-12 2.3767e-12 7.573e-14 2.5366e-12 -2.6046e-13 -2.1636e-13 -5.9607e-13 1.1385e-13 -1.2417e-13 -3.4275e-16 3.2888e-13 2.763e-13 -9.0495e-14 1.1061e-13 2.757e-14 1.6784e-13 8.8229e-15 -5.4455e-14
8.5117e-11 7.7418e-11 6.8458e-11 7.2566e-11 7.2457e-11 7.1654e-11 8.468e-11 6.8839e-11 7.8715e-11 5.4914e-11 7.3557e-11 7.0817e-11 8.3066e-11 6.2636e-11 6.4452e-11 5.9412e-11 5.8146e-11 5.4185e-11 4.0388e-11 5.2335e-11 4.4265e-11 5.6041e-11 4.752e-11 4.7896e-11 3.9272e-11 3.7142e-11 2.7122e-11 4.0599e-11 2.3788e-11 3.4881e-11 3.5031e-11 3.1413e-11 3.1061e-11 2.7955e-11 1.7657e-11 1.6099e-11 2.1389e-11 1.9457e-11 2.2628e-11 1.6004e-11 7.9773e-12 1.9778e-11 1.3276e-11 2.4134e-11 1.2641e-11 1.1515e-11 1.2484e-11 9.609e-12 -4.9793e-12 7.9279e-13 9.6059e-12 3.8083e-12 1.1401e-11 6.143e-12 -8.0227e-12 3.2499e-12 2.1278e-12 2.6747e-12 -8.1953e-13 -9.0059e-12 3.7177e-12 -3.7788e-12 2.6792e-13 -2.9447e-12 -4.8494e-12 -4.1149e-12 4.1901e-12 -4.6043e-12 -8.3953e-14 -1.5344e-12 -4.7035e-12 -1.0279e-12 -2.1698e-12 3.2544e-12 -5.0926e-12 -1.8213e-12 -5.0896e-12 -1.5402e-12 1.4666e-13 -3.4938e-12 -5.453e-12 -4.5545e-12 1.1335e-13 -2.1285e-12 -1.263e-12 -1.2443e-12 -2.9644e-12 -2.2728e-12 2.1304e-12 6.4042e-13 -1.0959e-12 -2.7993e-12 9.0807e-14 -1.7619e-12 2.0887e-12 -1.9505e-12 -2.2981e-12 -4.0625e-12 -1.9308e-12 8.4082e-13 6.9267e-14 4.885e-12 1.0017e-12 2.2678e-12 -3.5675e-12 -1.3764e-12 2.3187e-12 1.8214e-12 1.625e-12 1.6903e-12 1.5317e-12 -5.5755e-13 -2.4759e-15 -9.2081e-13 5.5213e-13 -2.2117e-13 3.184e-13 3.9611e-13 1.1092e-13 -1.1729e-13 1.6303e-13 1.1472e-14 -5.6256e-15 5.666e-14 -1.5211e-13
7.5337e-11 6.9255e-11 6.1833e-11 6.9567e-11 6.0245e-11 6.5778e-11 8.0043e-11 6.3242e-11 6.929e-11 4.9755e-11 6.8397e-11 6.4515e-11 6.2636e-11 6.8064e-11 5.9693e-11 5.5098e-11 5.4764e-11 5.1572e-11 3.1376e-11 4.6282e-11 4.6558e-11 5.5485e-11 4.2558e-11 4.0473e-11 3.8564e-11 3.1223e-11 2.3751e-11 3.935e-11 2.375e-11 2.7841e-11 2.5168e-11 3.3045e-11 2.6769e-11 2.9167e-11 1.3253e-11 1.5749e-11 2.2574e-11 2.1413e-11 2.3011e-11 1.4077e-11 5.5662e-12 1.4389e-11 1.2655e-11 1.5966e-11 1.1889e-11 7.0939e-12 1.4288e-11 8.7326e-12 -5.8346e-12 2.6876e-12 4.1584e-12 6.7682e-12 9.4043e-12 5.4496e-12 -2.3989e-12 4.7494e-12 2.9762e-12 3.9842e-12 -2.0523e-12 -5.8953e-12 1.8618e-12 -3.2405e-12 2.9134e-12 -5.0905e-12 -3.1377e-12 -3.1185e-12 -9.8047e-13 -4.0167e-12 -1.1899e-12 -1.3746e-12 -2.1314e-12 3.2531e-12 -1.1821e-12 2.5669e-12 -1.9075e-13 3.4081e-13 -2.6516e-12 -4.2249e-13 4.091e-12 -2.5731e-12 -3.6206e-12 -3.9419e-12 1.0568e-12 -4.2583e-13 -2.1311e-12 -7.2944e-13 -1.4473e-12 -4.8652e-12 2.7041e-12 1.2604e-12 8.4536e-13 1.0199e-12 -5.1858e-13 -1.8159e-12 -5.0789e-13 -2.0839e-12 -6.2725e-13 -3.2084e-12 -1.6978e-12 2.3572e-12 5.6268e-13 2.0669e-12 2.5461e-12 2.9221e-12 -2.9751e-12 -2.9123e-13 1.0947e-12 5.5228e-13 2.5026e-12 -7.4926e-13 1.1161e-12 2.4148e-14 4.1369e-13 -1.0549e-12 2.6237e-13 -9.9781e-15 2.3891e-13 3.9411e-13 2.6097e-13 -1.5214e-13 8.6404e-14 5.1115e-14 8.6979e-14 9.2485e-14 -1.2638e-13
7.088e-11 7.0267e-11 6.3413e-11 6.9859e-11 6.0434e-11 6.6179e-11 7.7971e-11 6.3273e-11 7.1601e-11 4.8761e-11 6.6717e-11 5.9456e-11 6.4452e-11 5.9693e-11 7.4398e-11 5.3894e-11 5.2047e-11 4.8913e-11 3.6981e-11 4.2991e-11 4.3602e-11 5.3592e-11 4.6634e-11 4.1815e-11 3.6408e-11 3.5839e-11 2.6534e-11 4.108e-11 2.5532e-11 2.6096e-11 2.7042e-11 2.8948e-11 2.6929e-11 2.5278e-11 1.3929e-11 1.6481e-11 1.8121e-11 1.7585e-11 2.1838e-11 1.3562e-11 7.2777e-12 1.5955e-11 1.2061e-11 1.7066e-11 1.4996e-11 1.5434e-11 9.2213e-12 1.1222e-11 -3.9905e-12 2.4814e-12 4.0354e-12 6.5068e-12 1.0355e-11 5.8556e-12 -6.7932e-12 1.8847e-12 8.4078e-12 4.7287e-12 -1.596e-12 -6.4826e-12 -3.3552e-12 -6.8306e-13 1.9496e-12 -2.1336e-12 -5.4285e-12 -3.3221e-12 1.6652e-12 -5.958e-12 -2.5134e-12 3.6403e-13 9.5294e-13 1.7727e-12 -2.2745e-12 6.9922e-13 2.1518e-13 -9.896e-13 -6.5387e-12 -1.5551e-12 2.4975e-12 -3.0723e-12 -4.7275e-12 -6.2741e-12 -7.9281e-13 7.4275e-13 -5.5397e-13 -3.0263e-12 -2.0582e-12 -3.4077e-12 3.0966e-12 -1.6171e-12 -2.2752e-12 2.4704e-12 -1.2964e-12 -2.4267e-12 1.9611e-12 -2.5736e-12 -1.1329e-13 -2.8728e-12 -1.5818e-12 1.5579e-12 1.5498e-12 5.1517e-12 2.5904e-12 2.7294e-12 -2.5029e-12 -1.6639e-12 2.6774e-12 1.2754e-12 1.9795e-12 -1.1022e-12 9.3501e-13 -6.8077e-13 5.9397e-13 -1.7015e-12 -4.8715e-13 3.325e-13 1.7303e-13 5.6792e-13 6.6941e-15 -3.7655e-13 5.2262e-14 1.0757e-14 -7.2032e-14 5.2832e-14 -2.733e-13
6.7574e-11 6.3736e-11 6.0357e-11 6.1269e-11 5.6368e-11 6.1322e-11 7.1e-11 5.933e-11 6.5239e-11 4.8217e-11 6.0381e-11 5.8767e-11 5.9412e-11 5.5098e-11 5.3894e-11 5.9694e-11 5.4726e-11 4.7409e-11 3.0887e-11 4.5468e-11 3.7759e-11 4.987e-11 4.0879e-11 4.0716e-11 3.2022e-11 3.02e-11 2.5496e-11 3.6435e-11 2.1594e-11 2.7257e-11 2.3922e-11 2.8361e-11 2.3623e-11 2.6597e-11 1.5766e-11 1.4387e-11 1.8187e-11 1.7063e-11 2.4212e-11 1.5261e-11 5.3905e-12 1.2583e-11 1.1773e-11 1.7702e-11 1.0076e-11 9.397e-12 1.4798e-11 6.3293e-12 -5.908e-12 2.8843e-12 6.9242e-12 4.0052e-12 9.3424e-12 4.3531e-12 -2.7526e-12 2.73e-12 3.912e-12 2.4152e-12 -1.0289e-12 -5.0556e-12 2.9669e-12 1.432e-12 1.2577e-12 -2.8868e-12 -2.0591e-12 -2.3064e-13 2.9349e-12 -3.0165e-12 2.9879e-12 1.8025e-13 -2.5156e-12 2.7615e-12 -9.5884e-13 1.3056e-12 -5.4507e-12 1.398e-12 -2.3735e-12 1.7018e-12 1.208e-12 -6.9409e-13 -3.0336e-12 -2.182e-12 -3.8978e-13 1.4911e-12 8.2639e-13 -2.5173e-12 -1.9473e-12 -2.5668e-12 1.7673e-12 9.6428e-13 3.0998e-13 1.519e-12 -2.0273e-12 -3.06e-12 -1.4485e-12 -3.297e-12 -4.2338e-13 -3.1024e-12 -6.8986e-13 4.7327e-13 5.9612e-13 3.023e-12 1.6888e-12 2.1193e-12 -8.7486e-13 6.8741e-13 7.5885e-13 8.5079e-13 1.8343e-12 -3.7469e-13 1.1137e-12 -7.2548e-13 9.8012e-13 -1.2573e-12 -3.6853e-13 6.3472e-13 1.9161e-13 8.5082e-14 2.0198e-13 -9.5313e-14 8.8152e-14 5.326e-14 5.7913e-15 2.9112e-14 -1.6902e-13
6.9173e-11 6.65e-11 6.1571e-11 6.597e-11 5.5796e-11 6.0464e-11 7.5219e-11 6.0351e-11 6.645e-11 5.0068e-11 6.6728e-11 6.1564e-11 5.8146e-11 5.4764e-11 5.2047e-11 5.4726e-11 7.0156e-11 4.6789e-11 2.717e-11 4.7684e-11 4.1992e-11 4.999e-11 4.541e-11 4.649e-11 3.9661e-11 3.39e-11 2.4641e-11 3.9928e-11 2.5699e-11 2.4093e-11 2.6496e-11 3.0085e-11 2.4148e-11 2.6155e-11 1.3663e-11 1.9875e-11 2.0778e-11 1.6204e-11 2.4318e-11 1.3798e-11 5.4372e-12 1.1027e-11 1.4189e-11 1.751e-11 1.0758e-11 7.8256e-12 1.4829e-11 4.5255e-12 -1.591e-12 1.7127e-12 7.1702e-12 5.818e-12 6.5233e-12 8.3226e-12 -3.1224e-12 3.2202e-12 7.7293e-12 2.5386e-12 -2.5804e-12 -4.7028e-12 5.3855e-12 6.6264e-13 2.0492e-12 -3.701e-12 -5.176e-12 4.3267e-14 3.1775e-12 -1.7656e-12 5.6045e-12 -1.4284e-12 -2.5222e-12 -8.7622e-13 -1.0281e-12 1.7635e-12 -3.0526e-12 1.4732e-12 -2.8098e-12 3.3445e-12 1.0481e-12 -1.8152e-12 -3.4676e-12 -3.3296e-12 1.9216e-12 -2.3953e-13 6.3884e-13 -3.8753e-12 4.7905e-13 -2.3356e-12 2.3049e-12 7.8956e-13 1.1896e-13 -1.1706e-12 -1.0775e-12 -3.1465e-12 -4.6039e-13 -1.9264e-12 -7.5367e-13 -2.5588e-12 3.5114e-13 9.0177e-13 -1.5687e-12 1.9048e-12 3.1816e-12 3.76e-12 -2.0665e-12 1.1697e-13 1.3086e-12 2.2003e-12 4.5374e-12 -4.4934e-13 1.1402e-12 -5.3229e-13 -7.2597e-13 -4.8983e-13 4.5285e-14 8.8564e-13 -4.7824e-14 2.7041e-13 3.8051e-13 -4.8902e-14 8.8454e-14 4.8836e-14 9.7006e-14 -1.2854e-14 -1.622e-13
6.5101e-11 5.8807e-11 5.2357e-11 5.8891e-11 5.0409e-11 5.4263e-11 6.7191e-11 5.2081e-11 6.0156e-11 4.1025e-11 5.9801e-11 5.5489e-11 5.4185e-11 5.1572e-11 4.8913e-11 4.7409e-11 4.6789e-11 5.6092e-11 2.9727e-11 3.9288e-11 3.638e-11 4.9442e-11 3.778e-11 3.8386e-11 2.9191e-11 2.8281e-11 2.1744e-11 3.3544e-11 2.1624e-11 2.5053e-11 2.254e-11 2.8314e-11 2.3609e-11 2.3797e-11 1.2091e-11 1.6568e-11 1.5613e-11 1.5724e-11 1.9507e-11 1.4299e-11 6.0837e-12 1.2381e-11 1.2464e-11 1.7194e-11 8.5567e-12 7.242e-12 1.1897e-11 5.365e-12 -2.7053e-12 -8.0441e-13 4.9808e-12 7.8686e-12 6.7149e-12 7.0714e-12 -6.4668e-12 3.3211e-12 2.8064e-12 2.6932e-13 -1.4315e-12 -5.0381e-12 1.3082e-12 -1.1636e-12 1.1826e-12 -3.5961e-12 -3.5693e-12 -2.1972e-12 3.2962e-12 -2.7631e-12 1.3493e-12 -1.2002e-12 -4.5837e-13 1.8913e-12 -1.0422e-12 4.4869e-12 -2.3758e-12 2.4023e-12 -3.3107e-12 1.5222e-12 2.3154e-12 -3.3355e-12 -5.072e-12 -1.9669e-12 7.7715e-13 -1.6819e-12 -2.6115e-12 -1.2023e-12 -3.0453e-12 -2.8202e-12 1.8678e-12 -5.2893e-13 1.1526e-12 1.3009e-12 -7.7459e-13 5.2633e-13 -5.4946e-14 -2.8519e-12 -1.9726e-14 -1.5434e-12 1.6208e-12 -1.4426e-12 -3.8441e-14 2.7619e-12 2.6286e-12 4.4575e-12 -2.0583e-12 -1.5575e-13 1.2281e-12 1.1274e-12 1.908e-12 1.973e-13 4.4737e-13 -3.928e-13 5.4147e-14 -1.1155e-12 -1.3207e-13 -2.7341e-14 1.5484e-13 2.655e-13 1.1775e-13 -1.0425e-13 6.9979e-14 1.5632e-13 -1.1564e-14 3.5338e-14 -1.2171e-13
4.6339e-11 4.3057e-11 3.3074e-11 4.3262e-11 3.7989e-11 3.991e-11 4.7543e-11 3.5248e-11 4.5204e-11 2.7868e-11 3.8831e-11 3.7386e-11 4.0388e-11 3.1376e-11 3.6981e-11 3.0887e-11 2.717e-11 2.9727e-11 3.174e-11 2.7626e-11 2.5792e-11 3.2245e-11 2.9614e-11 2.566e-11 2.0164e-11 2.0912e-11 1.4519e-11 1.862e-11 1.4629e-11 1.8552e-11 1.7024e-11 1.395e-11 1.9026e-11 1.6136e-11 1.2118e-11 1.1952e-11 9.6972e-12 1.0473e-11 1.191e-11 8.8833e-12 4.2048e-12 9.6466e-12 5.6371e-12 1.328e-11 7.6673e-12 7.1797e-12 8.517e-12 5.151e-12 -1.8455e-12 -1.9858e-13 4.8767e-12 3.6375e-12 5.1076e-12 2.704e-12 -6.0715e-12 -2.5963e-13 8.0324e-13 3.5259e-13 4.356e-13 -5.2377e-12 -6.8918e-13 -1.9191e-12 -1.5557e-12 -2.8644e-12 -3.1671e-12 -3.2962e-12 3.9911e-12 -1.99e-12 -2.5693e-13 -7.8255e-13 -2.309e-12 -7.4156e-13 -1.7758e-12 3.8157e-13 -1.5766e-12 1.7729e-12 -6.5374e-12 2.1949e-14 -3.2265e-12 -1.4253e-12 -4.1416e-12 -2.9727e-12 -1.6637e-12 -4.1091e-13 -5.3585e-13 -1.4791e-12 -2.861e-12 -2.2475e-12 1.5827e-12 -1.6328e-12 3.4271e-13 6.8479e-13 1.6659e-12 1.2357e-12 6.6599e-13 -1.4065e-12 -3.8734e-13 -1.3455e-12 6.7026e-13 -8.0558e-13 3.3516e-14 2.6162e-12 -5.4596e-13 2.0235e-12 -2.5065e-12 -8.5625e-13 4.2157e-13 1.0568e-12 7.7484e-13 6.39e-13 1.4545e-12 -1.8438e-13 4.5691e-13 -3.2692e-13 -1.0756e-13 -3.1805e-13 -1.8627e-13 -4.8265e-14 -5.3864e-15 -1.8548e-13 -3.4732e-14 4.1499e-14 -9.0899e-14 -2.811e-14 -8.2137e-14
6.5556e-11 5.7721e-11 5.4607e-11 5.4802e-11 4.8142e-11 5.5515e-11 6.5338e-11 5.1456e-11 5.5769e-11 4.2015e-11 5.8016e-11 5.0712e-11 5.2335e-11 4.6282e-11 4.2991e-11 4.5468e-11 4.7684e-11 3.9288e-11 2.7626e-11 5.4238e-11 3.4223e-11 4.7512e-11 4.1972e-11 3.5888e-11 2.7565e-11 2.8302e-11 1.9833e-11 3.1677e-11 2.0772e-11 2.7437e-11 2.5409e-11 2.2866e-11 2.2955e-11 2.509e-11 1.1642e-11 1.7666e-11 1.278e-11 1.552e-11 1.9232e-11 1.2485e-11 7.8503e-12 1.5021e-11 1.1235e-11 1.8767e-11 7.1453e-12 1.0314e-11 1.3771e-11 3.3198e-12 -5.1641e-12 1.2694e-12 6.5434e-12 7.7096e-12 6.7162e-12 4.7823e-12 -1.9366e-12 3.0008e-12 -5.8737e-12 6.4149e-13 -1.1502e-12 -6.2822e-12 3.1325e-12 -1.4984e-12 -3.6435e-13 -3.0836e-12 -2.4178e-12 4.7518e-13 3.8456e-12 -4.4346e-12 3.6801e-12 -3.7702e-13 -1.6343e-12 1.1517e-12 -1.3962e-12 4.6342e-12 -5.2874e-12 -1.0673e-12 -2.62e-12 5.6828e-13 -2.769e-12 -7.486e-13 -4.3429e-12 -4.9215e-12 9.5594e-13 7.69e-13 3.1285e-12 -2.1636e-12 -1.3796e-12 -3.5244e-12 2.9684e-12 1.197e-12 2.6347e-12 3.5589e-13 7.3081e-13 -3.5395e-13 3.9303e-13 -2.4026e-12 -3.3752e-12 -3.0576e-12 -1.7154e-12 2.4544e-13 2.6417e-12 2.9667e-12 2.1545e-12 1.4141e-12 -1.2357e-12 1.6211e-13 2.7107e-12 9.8966e-13 1.6106e-12 -1.1845e-13 2.31e-12 4.7905e-13 -4.8226e-14 -5.1473e-13 -1.4542e-13 3.019e-13 1.9046e-13 -1.5348e-13 3.4634e-13 -9.2416e-14 1.3008e-13 1.1015e-13 4.7742e-14 -6.4557e-14 -1.5546e-13
5.8694e-11 5.2577e-11 4.5739e-11 5.5733e-11 4.4163e-11 4.6593e-11 5.9738e-11 4.5811e-11 5.4877e-11 3.5079e-11 5.1468e-11 4.503e-11 4.4265e-11 4.6558e-11 4.3602e-11 3.7759e-11 4.1992e-11 3.638e-11 2.5792e-11 3.4223e-11 4.3944e-11 3.9667e-11 3.4981e-11 2.978e-11 3.2217e-11 2.461e-11 1.504e-11 2.9092e-11 1.9687e-11 1.6864e-11 1.6792e-11 2.3388e-11 2.292e-11 1.9836e-11 1.2127e-11 1.7252e-11 1.4342e-11 1.7024e-11 1.7625e-11 1.0627e-11 3.6332e-12 1.1536e-11 6.8545e-12 1.2932e-11 1.0082e-11 5.7645e-12 8.3957e-12 5.7452e-12 -4.9202e-12 -3.2063e-13 5.0152e-12 6.5197e-12 7.0013e-12 3.3883e-12 -1.6465e-12 1.3162e-13 1.84e-13 2.7866e-13 -1.2144e-12 -6.5983e-12 4.2409e-13 -3.6188e-12 1.6944e-12 -5.4497e-12 -4.0304e-12 -2.3818e-12 -1.5147e-12 -5.5014e-12 -1.2913e-12 -1.3476e-12 -1.0906e-12 1.4282e-12 -1.5135e-12 1.2179e-12 -1.7396e-12 -7.7756e-13 -4.2523e-12 -8.6081e-13 1.1454e-12 -1.8236e-12 -2.6869e-12 -3.8571e-12 1.1704e-12 8.1562e-13 -9.3067e-13 -1.6583e-12 -2.7126e-13 -3.0757e-12 2.6886e-12 -9.4884e-13 1.5166e-12 2.1889e-12 8.9313e-13 6.1894e-13 -2.1038e-12 -1.0467e-12 -1.3457e-12 -1.7989e-12 -1.2078e-12 1.2788e-12 -7.4081e-13 1.0322e-12 2.0941e-12 2.9537e-12 -2.4329e-12 -1.26e-13 1.091e-12 -7.2578e-14 2.9514e-12 -1.483e-12 4.1063e-13 -1.0496e-14 -2.3018e-14 -6.5665e-13 1.4637e-13 5.5067e-13 -2.4629e-13 3.4203e-13 1.0997e-13 -3.7613e-14 -3.5438e-15 2.6875e-15 -9.8668e-16 6.6526e-14 -7.9503e-14
7.073e-11 6.762e-11 5.9434e-11 6.8547e-11 5.8789e-11 6.1603e-11 7.2984e-11 5.4126e-11 6.3672e-11 4.44e-11 6.5857e-11 5.9619e-11 5.6041e-11 5.5485e-11 5.3592e-11 4.987e-11 4.999e-11 4.9442e-11 3.2245e-11 4.7512e-11 3.9667e-11 6.6407e-11 4.2283e-11 3.8528e-11 2.8565e-11 3.1139e-11 2.225e-11 3.6312e-11 2.7214e-11 2.7064e-11 2.1732e-11 2.8743e-11 2.6412e-11 2.6794e-11 1.0897e-11 1.6954e-11 1.7291e-11 2.1264e-11 2.0288e-11 1.4542e-11 7.067e-12 1.5036e-11 1.0321e-11 1.6265e-11 8.3918e-12 7.5655e-12 1.3283e-11 6.8343e-12 -5.5539e-13 -2.423e-12 2.5906e-12 7.3087e-12 7.9149e-12 6.571e-12 -2.4874e-12 4.6571e-12 2.8009e-12 2.9348e-12 2.1104e-12 -4.8894e-12 -7.6286e-13 -1.9716e-12 2.7086e-12 -8.4985e-12 -1.9769e-12 5.112e-13 5.4674e-12 -1.9457e-12 -8.2425e-13 -6.5983e-13 -2.1969e-12 3.0034e-12 -3.2089e-12 3.4917e-12 -7.4714e-12 -6.9141e-13 -7.0068e-12 -4.7698e-13 2.3316e-12 -1.7738e-12 -3.6219e-12 -5.5554e-12 -1.8196e-12 -8.6317e-13 7.2714e-13 -2.0003e-12 -2.1292e-12 -4.4164e-12 4.3993e-12 -3.4252e-14 2.1223e-12 -2.1506e-13 -6.1807e-13 -1.8104e-12 -7.8924e-13 -1.0344e-12 -1.6774e-12 -2.3531e-12 -1.7868e-13 5.1618e-13 1.3274e-12 2.4888e-12 2.5276e-12 3.0099e-12 -2.1677e-12 3.6171e-13 2.3416e-12 8.7119e-13 2.304e-12 -7.2551e-13 9.1554e-13 1.0829e-12 4.4647e-13 -5.1846e-13 -3.9324e-13 4.0162e-13 -2.1536e-13 3.4796e-13 3.6147e-13 -1.8997e-13 1.5485e-14 9.0508e-14 6.3078e-14 -3.8882e-14 -7.57e-14
5.6907e-11 5.4586e-11 4.972e-11 5.5756e-11 4.3525e-11 4.9453e-11 6.3614e-11 5.1097e-11 5.5357e-11 4.0467e-11 5.5989e-11 4.6511e-11 4.752e-11 4.2558e-11 4.6634e-11 4.0879e-11 4.541e-11 3.778e-11 2.9614e-11 4.1972e-11 3.4981e-11 4.2283e-11 5.8186e-11 3.5527e-11 3.3414e-11 3.3169e-11 1.5521e-11 3.2853e-11 1.967e-11 2.1992e-11 1.6932e-11 2.0755e-11 2.4652e-11 2.1488e-11 1.3055e-11 2.0483e-11 1.3643e-11 1.32e-11 1.5337e-11 7.1884e-12 8.6918e-12 1.1563e-11 1.0067e-11 1.8327e-11 9.126e-12 9.1296e-12 1.5079e-11 1.2574e-11 -2.9402e-12 4.4402e-12 1.0472e-11 6.0829e-12 4.333e-12 6.0129e-12 -5.7354e-12 5.2969e-12 -6.8424e-13 9.7086e-13 1.4298e-13 -5.0976e-12 -4.3139e-12 -2.8502e-13 -4.6848e-13 -3.7648e-12 -5.6855e-12 -1.2942e-12 4.7802e-12 -3.5986e-12 -8.9214e-14 -3.7744e-13 5.5747e-13 4.8607e-13 -6.3227e-12 5.8683e-12 -4.1461e-12 2.3947e-12 -4.668e-12 3.9295e-13 -2.8313e-12 -9.5383e-13 -7.7504e-13 -4.0498e-12 -1.3537e-13 2.0549e-12 1.1004e-12 -1.9267e-12 -2.0671e-12 -2.6488e-12 3.0514e-12 -3.0835e-12 2.5992e-12 1.0814e-12 1.8896e-12 -2.5575e-13 -1.1527e-13 -1.479e-12 -3.6962e-13 -2.367e-12 -3.8118e-13 1.5542e-13 9.229e-13 1.2364e-12 2.2151e-13 3.052e-12 8.3195e-13 -1.2198e-12 2.3494e-13 3.2535e-12 2.0477e-12 -3.2725e-13 2.9689e-12 -4.955e-13 8.3243e-13 -2.7103e-13 -6.3754e-14 -6.5947e-14 -1.6448e-13 -5.9848e-14 1.4947e-13 -2.9854e-14 -2.6243e-15 3.558e-14 4.687e-14 -4.8545e-14 -7.0667e-14
5.3967e-11 5.3933e-11 4.6739e-11 5.1807e-11 4.6706e-11 4.6691e-11 5.9685e-11 4.5619e-11 5.576e-11 3.7793e-11 5.0934e-11 4.8655e-11 4.7896e-11 4.0473e-11 4.1815e-11 4.0716e-11 4.649e-11 3.8386e-11 2.566e-11 3.5888e-11 2.978e-11 3.8528e-11 3.5527e-11 4.3808e-11 2.9728e-11 2.8533e-11 1.7076e-11 2.9129e-11 2.2242e-11 2.1946e-11 2.3091e-11 2.3141e-11 1.8543e-11 2.275e-11 1.2155e-11 1.5204e-11 1.587e-11 9.1798e-12 1.9087e-11 1.0792e-11 3.5073e-12 9.6115e-12 8.3411e-12 1.7592e-11 9.7971e-12 8.2279e-12 7.1453e-12 5.1838e-12 -2.6505e-12 1.4339e-12 6.1292e-12 6.4721e-12 5.7576e-12 4.0168e-12 -3.8807e-12 3.6764e-12 1.9869e-12 -7.1806e-13 3.9895e-14 -4.7156e-12 -6.7141e-13 -3.987e-12 -4.9456e-13 2.3864e-13 -5.2189e-12 -1.3334e-12 5.1246e-12 -1.3846e-12 1.0536e-13 -9.5242e-13 -4.2772e-12 -1.4306e-12 -7.9859e-13 2.5822e-12 -2.1564e-12 4.166e-13 -3.3579e-12 3.5069e-12 -9.6701e-13 -1.9363e-12 -4.3383e-12 -2.1602e-12 1.4572e-12 -2.5567e-12 -1.6114e-12 -2.2632e-12 -7.0297e-13 -1.7645e-12 8.4184e-13 6.7133e-13 -1.5418e-12 -8.0487e-13 3.3897e-13 -2.882e-13 -7.676e-13 -4.2207e-13 -4.0054e-13 -2.1006e-12 1.0102e-12 -1.1934e-12 -1.7943e-12 1.9005e-12 1.3793e-12 3.2937e-12 -1.8833e-12 -7.6223e-13 2.0375e-12 2.4559e-12 3.1375e-12 1.5295e-12 3.2389e-13 -1.118e-12 -2.8758e-13 -4.2618e-14 -1.6625e-14 5.4249e-13 4.1747e-14 2.0693e-13 2.6696e-13 -1.8382e-14 8.6231e-14 9.5438e-14 -2.2824e-14 -2.624e-14 -5.8792e-14
5.0464e-11 4.3482e-11 3.9349e-11 4.3331e-11 3.7811e-11 4.3417e-11 5.4016e-11 4.3324e-11 4.737e-11 3.0797e-11 4.6168e-11 3.8541e-11 3.9272e-11 3.8564e-11 3.6408e-11 3.2022e-11 3.9661e-11 2.9191e-11 2.0164e-11 2.7565e-11 3.2217e-11 2.8565e-11 3.3414e-11 2.9728e-11 4.6137e-11 2.3722e-11 1.1891e-11 2.3659e-11 1.9808e-11 1.6711e-11 1.3894e-11 2.1961e-11 1.6697e-11 1.6375e-11 1.4385e-11 1.3821e-11 1.5787e-11 1.0431e-11 1.5717e-11 7.1498e-12 3.4541e-12 7.0047e-12 7.9965e-12 1.1234e-11 7.8119e-12 5.2689e-12 8.0418e-12 9.511e-12 3.2977e-12 2.6674e-12 6.5629e-12 6.2238e-12 6.5051e-12 3.3916e-12 -3.8341e-12 4.3273e-12 1.7162e-12 2.1102e-12 -2.7596e-12 -4.7944e-12 -1.0573e-12 -5.4234e-12 -2.969e-14 -2.6037e-12 -2.8678e-12 -2.2273e-12 -9.1178e-13 -3.2923e-12 3.3037e-13 -3.3666e-12 -1.2864e-12 -1.688e-12 -3.788e-12 1.1592e-12 -1.443e-12 2.2156e-12 -4.1269e-12 2.2809e-12 8.6614e-13 -1.5209e-12 -1.1609e-12 -2.2682e-12 2.2586e-13 1.0297e-12 -2.7171e-12 -8.729e-13 -2.627e-12 -3.3758e-12 8.6538e-13 -2.2788e-13 -3.8152e-13 -3.2466e-13 2.3481e-13 -2.2715e-12 2.7399e-12 -1.0833e-12 9.8743e-13 -2.118e-12 1.2069e-13 3.8114e-13 -2.142e-12 8.5954e-13 1.496e-12 2.1146e-12 -2.6141e-12 -4.7505e-13 8.4866e-13 8.9634e-13 2.2539e-12 -2.7992e-13 -5.7291e-14 -5.5461e-13 3.7766e-13 -2.3564e-13 1.4591e-12 6.249e-13 3.8497e-13 4.8267e-14 4.6935e-13 3.2064e-14 1.0334e-13 -6.7806e-14 1.4691e-13 4.3347e-14 -5.3958e-14
4.545e-11 4.4123e-11 3.8002e-11 4.0856e-11 3.7456e-11 3.4321e-11 4.6218e-11 3.6467e-11 4.6835e-11 2.858e-11 3.8703e-11 3.7168e-11 3.7142e-11 3.1223e-11 3.5839e-11 3.02e-11 3.39e-11 2.8281e-11 2.0912e-11 2.8302e-11 2.461e-11 3.1139e-11 3.3169e-11 2.8533e-11 2.3722e-11 2.9918e-11 1.5377e-11 2.523e-11 1.6391e-11 1.5961e-11 1.4101e-11 1.7824e-11 1.7602e-11 1.5175e-11 1.0005e-11 1.2025e-11 1.0885e-11 8.0441e-12 1.3453e-11 6.7179e-12 7.3247e-12 8.2346e-12 6.057e-12 1.1798e-11 8.5281e-12 7.1984e-12 1.1072e-11 1.0667e-11 -3.165e-12 -1.7093e-13 2.8794e-12 5.1467e-12 4.8889e-12 4.1996e-12 -4.5415e-12 2.655e-12 3.138e-12 8.6625e-13 4.4927e-13 -2.7403e-12 -3.5935e-12 -3.3222e-12 1.2185e-13 -2.6479e-12 -3.946e-12 -1.0696e-12 3.1959e-12 -1.8306e-12 9.4671e-13 -1.6811e-12 -2.7151e-12 9.6264e-13 -3.3327e-12 3.4312e-12 -3.972e-12 -7.1987e-13 -5.7906e-12 1.9556e-12 -2.1126e-12 -2.7828e-12 -1.855e-12 -5.5158e-12 1.8474e-12 5.5301e-13 6.4693e-13 -3.5755e-13 -7.571e-13 -2.5167e-12 1.3649e-12 -1.784e-12 2.2434e-13 2.9911e-13 -2.9115e-13 -6.0692e-14 1.5023e-13 -1.4722e-12 -2.5417e-13 -1.5438e-12 -8.2992e-13 -1.2034e-12 1.1247e-12 2.4361e-12 1.0705e-12 1.4914e-12 -3.9608e-13 1.0106e-13 2.3476e-12 2.1538e-12 1.0319e-12 1.1334e-12 5.6402e-13 -2.3666e-13 2.6579e-13 -6.0405e-13 3.9955e-13 -7.8702e-14 -3.2298e-13 1.5034e-13 3.2643e-13 1.4773e-15 9.4258e-14 6.8852e-14 2.9225e-14 -1.0725e-14 -6.7446e-14
3.1978e-11 2.8945e-11 2.5674e-11 2.6662e-11 2.6396e-11 2.9408e-11 2.9958e-11 2.9857e-11 2.987e-11 2.0157e-11 2.9551e-11 2.5836e-11 2.7122e-11 2.3751e-11 2.6534e-11 2.5496e-11 2.4641e-11 2.1744e-11 1.4519e-11 1.9833e-11 1.504e-11 2.225e-11 1.5521e-11 1.7076e-11 1.1891e-11 1.5377e-11 2.622e-11 1.727e-11 1.1415e-11 1.5222e-11 9.5227e-12 1.2388e-11 1.1074e-11 1.1107e-11 6.0621e-12 3.0449e-12 9.4688e-12 6.9426e-12 1.2467e-11 5.5621e-12 5.5436e-12 3.9031e-12 8.0649e-12 4.0728e-12 5.5168e-12 4.2907e-12 6.4737e-12 -3.8619e-13 -3.6054e-12 -3.1384e-12 2.9296e-12 8.7207e-13 5.2198e-12 2.9811e-12 -3.8382e-12 4.2679e-13 4.5475e-12 1.1523e-13 -3.724e-13 -4.8927e-12 3.4861e-12 2.7971e-12 -2.0588e-12 -2.0854e-13 -2.8568e-12 -1.8829e-12 4.836e-12 -2.3492e-12 4.5006e-12 -1.1055e-12 3.4334e-13 -3.345e-13 6.1913e-13 1.3129e-12 -3.6391e-12 -2.5261e-13 -1.4166e-12 1.26e-12 2.0595e-12 -8.3987e-13 -2.7513e-12 -1.7838e-12 -1.1526e-12 -7.5694e-13 2.4274e-13 -4.8539e-13 -7.6939e-13 -2.795e-13 -6.2856e-13 2.835e-14 1.2078e-13 -6.9552e-13 -1.8087e-12 -1.9529e-12 -9.2663e-13 -2.3142e-12 -8.4831e-13 -2.646e-12 4.5804e-14 -1.221e-12 5.6874e-13 3.4004e-12 3.6531e-13 3.8887e-13 -1.3123e-12 4.7784e-14 8.1043e-13 2.1114e-13 1.1468e-12 -9.1253e-13 2.2007e-13 8.988e-13 3.107e-13 -4.8019e-13 -5.2413e-13 -4.2105e-13 -3.9187e-14 2.5452e-13 8.4638e-14 -1.8404e-13 1.2745e-13 9.715e-14 -7.5918e-15 3.2758e-15 -1.8233e-13
5.0978e-11 4.8135e-11 4.2111e-11 4.5145e-11 3.9225e-11 4.003e-11 5.1124e-11 4.1127e-11 5.1372e-11 3.3688e-11 4.7704e-11 4.0542e-11 4.0599e-11 3.935e-11 4.108e-11 3.6435e-11 3.9928e-11 3.3544e-11 1.862e-11 3.1677e-11 2.9092e-11 3.6312e-11 3.2853e-11 2.9129e-11 2.3659e-11 2.523e-11 1.727e-11 3.974e-11 1.56e-11 1.707e-11 1.845e-11 2.1208e-11 1.8343e-11 1.8114e-11 5.7917e-12 1.1745e-11 1.3461e-11 1.0773e-11 1.8097e-11 9.5813e-12 3.3656e-12 8.2292e-12 6.9134e-12 1.3644e-11 8.5314e-12 5.4512e-12 1.0622e-11 6.9364e-12 -6.4941e-12 1.14e-12 4.5257e-12 3.8836e-12 7.4055e-12 4.8285e-12 -1.0902e-12 1.3853e-12 2.3558e-12 1.9237e-12 -2.3123e-12 -4.5272e-12 -1.8555e-12 1.975e-12 1.5751e-12 -5.5897e-13 -3.1437e-12 -2.8625e-12 1.1151e-12 -3.7538e-12 1.4528e-12 -1.7947e-13 -1.643e-12 2.1083e-12 -2.6917e-12 3.3358e-12 -1.8081e-12 -7.6357e-15 -4.8426e-12 -1.8816e-13 2.3579e-12 -3.0352e-12 -4.0339e-13 -4.1723e-12 -3.4319e-13 -2.5574e-12 8.8328e-13 -2.1856e-12 9.8444e-13 -1.3435e-12 1.4571e-12 -1.4847e-12 -2.1962e-13 -4.521e-15 -3.3297e-12 -1.0566e-12 -2.3979e-13 -4.2379e-12 4.9401e-13 -5.9245e-13 -3.693e-13 -8.77e-13 1.1811e-13 1.5864e-12 1.8267e-12 3.1738e-12 -5.5382e-13 -4.6053e-13 2.154e-12 1.6937e-12 2.1701e-12 1.0714e-13 7.3746e-13 7.0525e-14 9.0808e-14 -8.1454e-13 4.913e-13 7.5963e-14 4.3164e-13 3.5591e-13 3.5321e-13 6.7438e-14 -6.7303e-16 -1.9846e-15 -7.5469e-14 5.0087e-14 -1.6705e-13
