2.7613e-11 2.4971e-11 2.3363e-11 1.985e-11 2.1026e-11 2.1426e-11 2.586e-11 2.6115e-11 2.7305e-11 1.847e-11 2.8492e-11 2.4831e-11 2.4267e-11 2.4687e-11 2.472e-11 2.4423e-11 2.1016e-11 2.9405e-11 2.0125e-11 2.7551e-11 2.1663e-11 2.7876e-11 2.6108e-11 2.8482e-11 3.0692e-11 2.3955e-11 2.5766e-11 2.7508e-11 3.1413e-11 2.3977e-11 2.1103e-11 2.05e-11 2.3713e-11 2.3336e-11 1.9056e-11 2.6674e-11 2.1614e-11 2.1535e-11 2.2194e-11 2.7099e-11 2.3817e-11 2.3951e-11 2.3026e-11 1.758e-11 1.5227e-11 1.9264e-11 2.2726e-11 1.9522e-11 1.9112e-11 1.8381e-11 2.0715e-11 1.4744e-11 1.4891e-11 1.5834e-11 1.1502e-11 1.571e-11 1.1781e-11 1.6105e-11 1.4936e-11 1.1452e-11 8.9948e-12 3.7516e-12 3.5166e-12 6.8851e-12 1.3513e-11 1.2628e-11 6.1711e-12 6.8408e-12 6.741e-12 7.0309e-12 7.0323e-12 9.0755e-12 4.7085e-12 4.2198e-12 6.3333e-12 1.2753e-11 1.8585e-13 6.0428e-12 2.1268e-12 3.0499e-12 6.2228e-12 9.8346e-13 8.1072e-12 1.1989e-11 -2.7021e-13 2.5839e-12 2.283e-12 2.1119e-12 8.6467e-12 4.6766e-12 -3.763e-15 5.9653e-12 -6.6157e-13 9.0042e-14 -2.3976e-12 2.3461e-12 6.9279e-13 7.5458e-12 2.355e-12 -7.9153e-13 6.2098e-13 -7.6472e-13 -2.4036e-12 -1.7599e-12 -1.8651e-12 6.1866e-12 2.0664e-12 -1.247e-12 7.639e-12 -5.9718e-13 3.2568e-12 -1.6235e-12 -1.167e-13 -1.8456e-12 -2.087e-12 1.4495e-12 2.2947e-12 2.5008e-12 5.6677e-12 -1.7545e-12 3.531e-12 3.594e-13 -2.6111e-13 1.5867e-12 9.1778e-14 2.4954e-12 2.454e-12 3.9155e-12 -1.593e-13 2.3811e-12 -2.4581e-12 -1.2055e-12 1.403e-12 -2.4282e-12 3.0548e-12 -2.1856e-12 -4.0454e-12 -4.9378e-13 -3.3138e-12 1.4437e-13 -3.0876e-12 3.7008e-12 3.0903e-12 -1.78e-12 8.0405e-15 2.2583e-12 3.3652e-12 3.1769e-13 1.8278e-12 3.6578e-13 -2.5962e-12 -5.5963e-13 1.1605e-13 -4.5001e-13 1.07e-12 3.8006e-13 -2.4631e-14 5.8062e-13 -1.2153e-12 7.3999e-13 -6.2553e-13 -8.3848e-13 -3.5722e-13 -1.5448e-12 1.0032e-12 -1.5915e-12 1.5642e-12 -1.7983e-12 -8.7707e-13 1.1354e-12 1.5261e-12 8.2106e-13 -3.1237e-13 -1.0829e-12 -5.3931e-13 -6.7553e-13 1.1384e-13 3.8933e-13 -5.638e-13 8.8927e-13 -3.1967e-13 -5.5876e-13 -2.6445e-13 1.4659e-13
2.4971e-11 3.038e-11 2.4238e-11 2.1925e-11 2.1879e-11 2.1307e-11 2.6673e-11 2.6664e-11 2.6708e-11 1.9041e-11 2.8343e-11 2.5652e-11 2.5848e-11 2.5882e-11 2.5754e-11 2.5523e-11 2.2266e-11 3.2126e-11 2.0927e-11 2.7231e-11 2.3484e-11 2.7998e-11 2.5836e-11 3.0312e-11 3.0482e-11 2.422e-11 2.4372e-11 2.8085e-11 3.1114e-11 2.6602e-11 2.3446e-11 2.1485e-11 2.3382e-11 2.1045e-11 2.0211e-11 2.6498e-11 2.2984e-11 2.3058e-11 2.1696e-11 2.7214e-11 2.2709e-11 2.5893e-11 2.3996e-11 1.9426e-11 1.5192e-11 2.0187e-11 2.4837e-11 1.7369e-11 1.9158e-11 1.7939e-11 2.0877e-11 1.2762e-11 1.4191e-11 1.6091e-11 1.0332e-11 1.6314e-11 1.1841e-11 1.5982e-11 1.4806e-11 1.107e-11 8.9041e-12 4.9763e-12 3.6599e-12 9.3638e-12 1.2958e-11 1.2146e-11 6.2759e-12 7.7047e-12 4.4474e-12 1.0516e-11 7.8639e-12 7.37e-12 6.3725e-12 2.5275e-12 6.3988e-12 1.2152e-11 2.3042e-12 5.2732e-12 3.0184e-12 3.8539e-12 4.8753e-12 2.3965e-15 7.2404e-12 1.2428e-11 1.2321e-12 3.5615e-12 8.2593e-13 3.0506e-12 8.5973e-12 2.1389e-12 -7.8989e-13 4.6814e-12 -9.2434e-13 -1.3614e-12 -2.5582e-12 1.7555e-12 -2.6394e-12 4.0463e-12 3.5808e-12 -4.9423e-13 2.2659e-12 -1.6102e-12 -1.6337e-12 -8.6797e-13 -8.1783e-13 6.3198e-12 9.956e-13 -2.4888e-12 9.2508e-12 2.1826e-12 2.1885e-12 -1.3278e-12 9.6431e-13 -1.5614e-12 -1.7626e-12 3.7101e-13 2.7616e-12 2.6621e-12 4.3581e-12 -2.4654e-12 2.4088e-12 1.2924e-13 -6.5335e-13 4.7495e-14 -1.4292e-12 3.6446e-12 2.0226e-12 3.8528e-12 4.171e-13 2.3671e-12 -3.4971e-12 6.4864e-13 2.3574e-12 -2.02e-12 1.1758e-12 -4.0083e-13 -2.7046e-12 -2.2944e-13 -3.5441e-12 1.0291e-12 -4.3404e-12 3.3563e-12 3.5485e-12 -2.1364e-12 -7.2017e-13 2.3215e-12 2.1538e-12 -1.2025e-12 1.4937e-12 1.3494e-12 -3.3107e-12 -1.4714e-12 3.4298e-13 -3.2967e-13 7.8972e-13 3.0663e-13 9.0751e-13 -1.042e-13 -1.9865e-13 9.3928e-13 -2.3319e-12 -9.6018e-13 -7.0693e-13 -1.524e-12 3.1896e-13 -7.9219e-13 1.4317e-12 -2.2098e-12 -7.4633e-13 8.9987e-13 2.8473e-13 5.7612e-14 -6.1737e-15 -1.0568e-12 -3.1188e-13 -9.8533e-13 -1.9852e-13 8.8668e-13 -6.8703e-13 1.0735e-12 -2.7985e-13 -8.6224e-13 -2.464e-13 -9.3726e-14
2.3363e-11 2.4238e-11 2.5463e-11 2.0638e-11 2.1199e-11 1.9944e-11 2.4196e-11 2.5327e-11 2.4448e-11 1.6952e-11 2.7014e-11 2.4791e-11 2.4932e-11 2.196e-11 2.3461e-11 2.2377e-11 2.1099e-11 2.7926e-11 2.0953e-11 2.5746e-11 2.0848e-11 2.467e-11 2.4856e-11 2.77e-11 2.9109e-11 2.212e-11 2.4472e-11 2.771e-11 2.8766e-11 2.4026e-11 2.0739e-11 1.9807e-11 2.2235e-11 2.193e-11 1.8429e-11 2.4928e-11 2.1329e-11 2.1253e-11 2.0047e-11 2.424e-11 2.2737e-11 2.357e-11 2.153e-11 1.7308e-11 1.411e-11 1.8084e-11 2.2991e-11 1.8753e-11 1.7528e-11 1.8318e-11 2.0313e-11 1.214e-11 1.4566e-11 1.6056e-11 8.6447e-12 1.6067e-11 1.2537e-11 1.4301e-11 1.3085e-11 1.2102e-11 9.288e-12 6.7192e-12 3.8054e-12 4.9024e-12 1.3986e-11 1.0311e-11 6.6298e-12 6.8306e-12 6.9188e-12 7.4614e-12 6.8418e-12 6.8388e-12 5.9899e-12 3.0373e-12 6.9089e-12 1.09e-11 1.81e-12 5.4485e-12 3.8328e-12 3.2714e-12 5.0126e-12 -2.2769e-13 6.2246e-12 1.2335e-11 1.4779e-12 3.6016e-12 1.3087e-12 1.0522e-12 8.3717e-12 4.4155e-12 -5.6958e-13 4.6696e-12 -2.099e-12 2.6939e-14 -1.8153e-12 8.7884e-13 6.3095e-13 4.4544e-12 3.5767e-12 5.1028e-13 8.065e-13 -1.4734e-12 -1.7681e-12 -1.5319e-12 -1.8273e-12 7.1328e-12 1.3882e-12 -1.5979e-12 8.1309e-12 1.441e-13 2.1214e-12 -1.5541e-12 1.018e-13 -4.0875e-13 -1.6393e-12 3.4557e-13 2.1175e-12 2.2623e-12 3.947e-12 -2.9162e-12 3.2175e-12 4.5604e-13 -1.3088e-12 2.3525e-14 -2.3436e-12 2.5982e-12 1.3757e-12 3.137e-12 2.8325e-13 3.0579e-12 -1.3196e-12 -1.1124e-12 2.7453e-12 -1.3412e-12 1.0592e-12 -1.8243e-12 -1.9289e-12 1.9909e-13 -4.253e-12 9.9229e-13 -3.4383e-12 2.294e-12 3.1812e-12 -2.1407e-12 -8.0604e-13 1.5311e-12 2.4255e-12 -8.0388e-13 1.3723e-12 1.5957e-13 -2.0038e-12 -1.1014e-12 9.0791e-13 -1.2054e-12 5.0729e-13 -1.9024e-13 5.7584e-13 7.6346e-13 -1.0329e-13 2.5074e-13 -1.6365e-12 -9.7295e-13 -3.2504e-13 -1.2294e-12 1.1552e-12 -1.6087e-12 1.5862e-12 -2.0314e-12 -3.9887e-13 8.5744e-13 4.6846e-13 9.5338e-13 4.0059e-14 -1.2228e-12 -3.6217e-13 -9.3666e-13 -5.4274e-14 1.3959e-13 -4.9914e-13 6.2612e-13 6.5375e-14 -6.2542e-13 -1.2388e-13 -1.4328e-14
1.985e-11 2.1925e-11 2.0638e-11 2.1115e-11 1.7685e-11 1.8734e-11 2.2902e-11 2.2388e-11 2.1406e-11 1.4903e-11 2.4004e-11 2.2738e-11 2.21e-11 1.9782e-11 2.1631e-11 2.1241e-11 1.9168e-11 2.5757e-11 1.6889e-11 2.1367e-11 1.8673e-11 2.3082e-11 2.1783e-11 2.4691e-11 2.4808e-11 2.0192e-11 2.17e-11 2.3051e-11 2.5225e-11 2.103e-11 1.9079e-11 1.909e-11 1.9207e-11 1.961e-11 1.7262e-11 2.3712e-11 1.8162e-11 1.9129e-11 1.9231e-11 2.3197e-11 1.8692e-11 2.0559e-11 2.078e-11 1.7707e-11 1.1916e-11 1.6972e-11 2.0065e-11 1.7942e-11 1.5932e-11 1.4893e-11 1.6868e-11 1.1599e-11 1.2081e-11 1.4088e-11 9.4061e-12 1.4226e-11 1.2272e-11 1.2311e-11 1.1523e-11 9.7759e-12 8.0139e-12 5.8828e-12 3.2485e-12 6.9481e-12 1.2735e-11 8.3473e-12 6.1916e-12 7.8813e-12 5.5335e-12 7.9583e-12 6.2166e-12 5.8545e-12 5.8188e-12 4.2065e-12 6.5691e-12 1.0231e-11 2.5886e-12 5.2662e-12 5.3075e-12 3.5892e-12 2.9455e-12 1.1812e-12 6.5543e-12 1.0808e-11 2.3891e-12 1.6343e-12 -4.8294e-13 2.3062e-12 8.59e-12 6.3796e-12 1.413e-12 4.3269e-12 -1.2549e-12 -7.2243e-13 -1.4977e-12 1.3704e-12 -1.2765e-12 4.165e-12 3.5426e-12 5.308e-13 2.2148e-12 -3.9331e-13 -1.206e-12 -6.2118e-13 -1.0406e-12 6.3986e-12 5.501e-13 -7.8601e-13 5.9788e-12 1.8484e-13 1.2966e-12 -1.4616e-12 -3.6038e-14 -1.2353e-12 -1.5644e-12 -5.5961e-14 1.4108e-12 1.9226e-12 4.1618e-12 -2.0038e-12 2.6243e-12 -4.4846e-13 7.3373e-13 -5.6433e-13 -2.9502e-12 2.2955e-12 2.5969e-12 3.0818e-12 1.3415e-13 2.7218e-12 -1.4019e-12 -5.1984e-13 2.2394e-12 -2.9058e-12 1.7347e-13 -1.253e-12 -2.7736e-13 -4.723e-13 -3.3961e-12 2.063e-13 -3.706e-12 1.668e-12 2.2988e-12 -2.5817e-12 -8.5453e-13 1.9668e-12 2.7966e-12 -5.4194e-13 1.0314e-12 1.3942e-13 -2.3141e-12 -2.5256e-13 1.813e-13 -1.1266e-12 3.3924e-13 2.5483e-13 7.7182e-13 1.7729e-13 4.1078e-14 5.5495e-13 -1.1788e-12 -1.9028e-13 -2.4187e-14 -5.899e-13 1.6826e-12 -1.6774e-12 5.3614e-13 -2.231e-12 -2.8969e-13 8.4212e-13 2.195e-13 3.1095e-13 3.0493e-13 -7.3625e-13 9.4882e-15 -5.5136e-13 -4.5096e-13 4.5754e-13 -2.9406e-13 8.0153e-13 4.9467e-14 -8.4215e-13 -6.92e-14 -2.7258e-13
2.1026e-11 2.1879e-11 2.1199e-11 1.7685e-11 2.3949e-11 1.852e-11 2.4286e-11 2.378e-11 2.2093e-11 1.6886e-11 2.5723e-11 2.2525e-11 2.2964e-11 2.2843e-11 2.3343e-11 2.2201e-11 2.1803e-11 2.7671e-11 2.0699e-11 2.5898e-11 2.2807e-11 2.4718e-11 2.3675e-11 2.5243e-11 2.9056e-11 2.0771e-11 2.1338e-11 2.5942e-11 2.6105e-11 2.2739e-11 2.1001e-11 1.8137e-11 2.2274e-11 2.1402e-11 1.6211e-11 2.455e-11 2.035e-11 2.0219e-11 2.0395e-11 2.343e-11 2.1384e-11 2.2552e-11 2.0846e-11 1.8804e-11 1.5251e-11 1.8786e-11 2.0955e-11 1.9591e-11 1.5104e-11 1.8992e-11 1.9112e-11 1.2914e-11 1.4587e-11 1.7653e-11 9.2367e-12 1.5395e-11 1.1182e-11 1.4209e-11 1.1911e-11 1.0674e-11 1.0315e-11 6.5547e-12 3.4237e-12 5.4909e-12 1.2756e-11 1.2483e-11 7.195e-12 4.9301e-12 7.0019e-12 6.2673e-12 4.9265e-12 5.0205e-12 8.7212e-12 3.4331e-12 6.7296e-12 1.0506e-11 2.4729e-12 6.7501e-12 3.416e-12 3.915e-12 3.2024e-12 -1.2606e-12 4.2038e-12 1.0887e-11 6.9095e-13 3.6214e-12 2.2248e-12 -9.928e-14 6.3e-12 4.431e-12 2.3956e-12 4.5629e-12 -1.9656e-12 2.6897e-13 -2.3954e-12 1.3777e-12 2.468e-12 4.0524e-12 4.8625e-12 3.0769e-13 1.5785e-12 -2.5991e-12 -9.904e-13 -4.071e-13 -1.2169e-12 5.8202e-12 2.1352e-12 -1.1032e-12 7.1831e-12 -1.1924e-12 3.1385e-12 -6.5121e-13 5.3719e-13 -6.2999e-13 -1.2848e-12 -5.7803e-13 3.0733e-12 1.7027e-12 2.8869e-12 -1.7387e-12 3.5367e-12 1.1159e-12 -1.9164e-13 1.6245e-12 -7.9911e-13 3.4096e-12 1.0741e-12 3.0345e-12 1.4244e-13 3.522e-12 -2.4067e-12 -1.2924e-12 1.7803e-12 -1.691e-12 2.1147e-12 -2.9673e-12 -5.1955e-13 -1.0647e-12 -4.2301e-12 -4.9308e-13 -1.2624e-12 3.6324e-12 2.1837e-12 -1.5623e-12 -3.8652e-13 1.7761e-12 2.8908e-12 3.7001e-13 5.0917e-13 8.4373e-13 -1.3408e-12 -1.6382e-12 1.5486e-12 -1.3104e-12 6.3368e-13 -6.7917e-14 9.9757e-13 -6.957e-13 3.2461e-13 6.8767e-13 -1.3066e-12 1.1419e-13 -8.1886e-13 -1.9867e-12 1.3456e-12 -1.6846e-12 1.6379e-12 -1.8218e-12 2.5517e-13 1.0932e-12 -1.1337e-13 2.525e-13 5.3703e-14 -3.7435e-13 -7.5431e-13 -7.0631e-13 6.8066e-14 1.159e-13 -5.4769e-13 5.1921e-13 -1.6071e-14 -5.1428e-13 9.8095e-15 -2.5745e-13
2.1426e-11 2.1307e-11 1.9944e-11 1.8734e-11 1.852e-11 2.4204e-11 2.5726e-11 2.2613e-11 2.1863e-11 1.6931e-11 2.5359e-11 2.2158e-11 2.1484e-11 2.2387e-11 2.3064e-11 2.0726e-11 1.8993e-11 2.6331e-11 1.8591e-11 2.4566e-11 1.8486e-11 2.3366e-11 2.411e-11 2.4141e-11 2.536e-11 2.1287e-11 2.3547e-11 2.5299e-11 2.6152e-11 2.2636e-11 2.0812e-11 2.1632e-11 2.085e-11 2.1008e-11 1.7597e-11 2.319e-11 1.8494e-11 1.9297e-11 2.1371e-11 2.419e-11 2.1504e-11 2.3854e-11 2.1247e-11 1.9162e-11 1.3084e-11 1.7139e-11 2.1516e-11 1.9569e-11 1.5695e-11 1.6939e-11 1.6835e-11 1.2837e-11 1.3959e-11 1.4555e-11 9.6649e-12 1.4174e-11 1.0566e-11 1.3176e-11 1.3904e-11 1.3867e-11 8.9437e-12 6.6262e-12 4.6516e-12 6.1698e-12 1.3506e-11 9.3111e-12 9.1412e-12 9.6801e-12 8.0878e-12 9.7296e-12 4.6922e-12 7.8308e-12 5.6881e-12 4.0717e-12 4.9234e-12 1.157e-11 7.3077e-13 6.5192e-12 1.9551e-12 4.2492e-12 4.6722e-12 2.4871e-13 5.6756e-12 9.8621e-12 2.7205e-12 5.1011e-12 -9.2382e-13 1.1699e-12 8.2326e-12 6.0057e-12 6.6943e-13 5.0011e-12 5.4587e-13 -1.0251e-12 -1.0777e-13 1.4467e-12 -1.5475e-12 5.3007e-12 1.9448e-12 -6.5624e-13 1.9108e-12 3.8591e-13 -1.2173e-12 -1.2751e-12 -9.902e-13 6.6092e-12 -4.4012e-13 -1.5415e-12 5.7095e-12 1.3128e-12 2.6009e-12 -2.3255e-12 -7.7284e-13 -1.8318e-12 7.7641e-15 -4.0891e-13 6.8019e-13 2.7789e-12 3.7196e-12 -3.0334e-12 2.8424e-12 3.1358e-13 2.1993e-12 3.9499e-13 -1.7303e-12 1.6092e-12 1.661e-12 3.1383e-12 3.6613e-13 2.4113e-12 -3.0454e-12 7.9239e-14 1.5377e-12 -2.1016e-12 1.6983e-12 -4.0773e-13 -9.6431e-13 -3.3517e-13 -1.4492e-12 2.7318e-13 -2.185e-12 3.2534e-12 1.847e-12 -1.6489e-12 -1.6893e-12 1.1459e-12 2.7859e-12 -5.953e-13 1.7399e-12 -1.4181e-14 -2.7082e-12 -6.2765e-13 3.5571e-13 -1.1107e-12 -4.6118e-13 2.7679e-13 7.7194e-13 -6.7705e-13 -5.6603e-13 -1.6454e-13 -1.4031e-12 -3.4036e-13 -3.725e-13 -3.3157e-13 1.5689e-12 -1.7889e-12 2.9235e-13 -1.079e-12 -7.8482e-13 9.8521e-13 7.786e-13 5.0972e-13 4.868e-13 -9.019e-13 -3.428e-13 -5.0677e-13 1.5366e-13 1.0541e-13 -4.3111e-13 8.2111e-13 8.8586e-14 -4.0277e-13 -5.5569e-14 -3.8245e-13
2.586e-11 2.6673e-11 2.4196e-11 2.2902e-11 2.4286e-11 2.5726e-11 3.8217e-11 2.8898e-11 2.6298e-11 2.1134e-11 2.9197e-11 2.8189e-11 2.5974e-11 2.9393e-11 2.9763e-11 2.6769e-11 2.3949e-11 3.1502e-11 2.4382e-11 3.2017e-11 2.503e-11 3.0632e-11 3.0148e-11 3.1428e-11 3.2089e-11 2.6947e-11 2.8531e-11 2.8679e-11 3.0825e-11 2.9891e-11 2.4831e-11 2.5203e-11 2.7381e-11 2.4936e-11 2.3327e-11 3.0113e-11 2.4862e-11 2.5202e-11 2.4811e-11 2.822e-11 2.5993e-11 2.6574e-11 2.4049e-11 2.2808e-11 1.8842e-11 2.4226e-11 2.2942e-11 2.4172e-11 1.9363e-11 2.175e-11 2.0222e-11 1.6954e-11 1.4698e-11 1.9212e-11 1.3027e-11 1.8651e-11 1.2022e-11 1.5071e-11 1.6591e-11 1.2903e-11 1.427e-11 9.1823e-12 6.0543e-12 6.5074e-12 1.6475e-11 1.5622e-11 7.9135e-12 8.171e-12 9.4451e-12 1.332e-11 7.8665e-12 8.8673e-12 8.8186e-12 6.432e-12 8.3276e-12 1.361e-11 8.7109e-13 9.5126e-12 2.1947e-12 7.0282e-12 3.9882e-12 -5.7983e-13 7.3341e-12 1.2764e-11 3.9188e-12 2.5911e-12 1.5542e-12 3.9153e-13 1.0236e-11 5.4369e-12 1.0351e-12 4.1036e-12 -2.2114e-12 -1.1816e-12 -2.0481e-12 2.2866e-12 -1.5458e-12 6.0744e-12 4.5044e-12 -1.339e-12 2.5577e-12 1.5061e-15 -2.5974e-12 5.1274e-14 -2.2835e-12 5.6472e-12 8.181e-13 -2.3528e-12 5.6737e-12 4.4385e-13 1.4001e-12 -2.1787e-12 5.5083e-14 -2.6697e-12 -2.1306e-12 -1.5261e-13 2.1595e-12 1.2159e-12 4.7368e-12 -1.6302e-12 5.6753e-12 1.5494e-12 2.0069e-12 3.0532e-14 -9.3229e-13 3.2141e-12 4.828e-12 5.5842e-12 6.8514e-13 5.6586e-12 -4.2976e-12 9.2127e-13 4.7191e-12 -2.1731e-12 1.815e-12 5.4772e-13 -1.3225e-12 -1.7487e-13 -2.3521e-12 -1.657e-12 -1.406e-12 4.5844e-12 3.0832e-12 -2.0908e-12 -7.7221e-13 1.9285e-12 2.4108e-12 -2.9127e-13 2.1885e-12 1.1431e-12 -4.4317e-12 -1.2878e-12 1.249e-12 -2.4117e-12 8.9008e-13 9.8488e-13 5.2676e-13 -1.8685e-12 -3.7692e-13 1.2923e-12 -2.6205e-12 2.4343e-13 -9.927e-13 -6.4532e-13 1.5689e-12 -1.9645e-12 5.4692e-13 -1.0969e-12 -9.7586e-13 -1.7208e-13 6.1327e-13 4.6944e-14 -3.4325e-14 -6.5377e-13 -3.0687e-13 -4.8104e-13 -4.0105e-13 1.301e-13 -3.4519e-13 1.0007e-12 -2.4821e-13 -9.6579e-13 -2.1252e-13 -1.5547e-13
2.6115e-11 2.6664e-11 2.5327e-11 2.2388e-11 2.378e-11 2.2613e-11 2.8898e-11 3.233e-11 2.8039e-11 2.0866e-11 2.9849e-11 2.7567e-11 2.7214e-11 2.7185e-11 2.7071e-11 2.6933e-11 2.329e-11 3.1525e-11 2.104e-11 3.0591e-11 2.4873e-11 2.9332e-11 2.733e-11 3.1344e-11 3.292e-11 2.4591e-11 2.7676e-11 2.9442e-11 3.2108e-11 2.7727e-11 2.4192e-11 2.3864e-11 2.6484e-11 2.4841e-11 2.1398e-11 2.7635e-11 2.407e-11 2.4445e-11 2.2538e-11 2.5344e-11 2.3035e-11 2.5695e-11 2.4508e-11 2.2547e-11 1.5557e-11 2.2336e-11 2.605e-11 2.3502e-11 2.0254e-11 2.2403e-11 2.0671e-11 1.5456e-11 1.747e-11 1.8392e-11 1.2802e-11 1.8212e-11 1.2876e-11 1.5108e-11 1.5735e-11 1.2016e-11 9.9587e-12 9.2426e-12 3.0746e-12 5.8078e-12 1.2573e-11 1.2225e-11 7.8051e-12 9.9701e-12 8.2413e-12 8.1984e-12 7.3143e-12 8.1976e-12 8.8865e-12 4.8164e-12 5.1771e-12 1.4178e-11 1.8725e-12 5.8978e-12 4.1606e-12 3.0836e-12 4.537e-12 -6.6772e-13 5.884e-12 1.3854e-11 -5.6905e-14 3.334e-12 6.6022e-13 2.604e-12 7.9271e-12 4.4122e-12 -2.7966e-13 5.9515e-12 -5.8522e-13 4.3767e-13 -3.507e-12 1.9367e-12 2.7342e-14 6.9981e-12 3.6179e-12 -9.1416e-13 1.3201e-12 -1.3951e-12 -3.306e-12 -1.6398e-12 -2.6718e-12 6.5965e-12 1.1181e-12 -2.3895e-12 8.5156e-12 -7.9625e-13 2.1974e-12 -3.1318e-12 1.5371e-12 -1.3358e-12 -2.7524e-12 8.2751e-13 2.1493e-12 2.3694e-12 5.362e-12 -2.6722e-12 2.535e-12 -6.0301e-13 -1.3138e-12 -6.1135e-13 -1.0774e-12 3.0039e-12 2.0073e-12 4.8951e-12 -1.2288e-13 2.8408e-12 -1.9782e-12 -1.1049e-12 2.4066e-12 -3.2786e-12 2.766e-12 -2.4173e-12 -1.3289e-12 -4.7707e-13 -3.9014e-12 -8.98e-13 -3.1928e-12 3.6801e-12 3.4538e-12 -9.0573e-13 -9.7745e-13 3.6424e-12 2.3726e-12 1.3302e-13 1.4809e-12 3.6452e-13 -2.7048e-12 -1.5294e-12 5.7881e-13 -1.4261e-12 1.3963e-12 5.0443e-13 8.3006e-13 -6.2158e-13 -4.7498e-13 7.2421e-13 -1.6159e-12 -5.1095e-13 -9.0505e-13 -2.4189e-12 1.5621e-12 -1.3058e-12 1.7603e-12 -2.1257e-12 5.1408e-13 1.5118e-12 1.318e-12 6.6528e-16 3.3684e-13 -1.0781e-12 -8.6886e-13 -7.0755e-13 -1.6344e-13 1.0882e-14 -6.1937e-13 6.1482e-13 3.0796e-13 -5.9327e-13 -2.2937e-15 -3.735e-13
2.7305e-11 2.6708e-11 2.4448e-11 2.1406e-11 2.2093e-11 2.1863e-11 2.6298e-11 2.8039e-11 3.3572e-11 1.9528e-11 3.0278e-11 2.7004e-11 2.6625e-11 2.4992e-11 2.6267e-11 2.563e-11 2.0762e-11 3.0106e-11 2.2599e-11 2.9635e-11 2.3576e-11 2.8729e-11 2.5631e-11 3.0642e-11 3.2335e-11 2.486e-11 2.5826e-11 2.7417e-11 3.3114e-11 2.489e-11 2.2305e-11 2.1251e-11 2.409e-11 2.3315e-11 2.001e-11 2.6128e-11 2.1064e-11 2.2033e-11 2.2278e-11 2.6063e-11 2.3634e-11 2.4332e-11 2.5644e-11 1.9484e-11 1.664e-11 2.117e-11 2.246e-11 2.079e-11 2.1053e-11 1.9373e-11 2.0444e-11 1.4493e-11 1.4122e-11 1.8749e-11 1.4218e-11 1.58e-11 1.219e-11 1.4185e-11 1.5668e-11 1.1114e-11 9.6848e-12 9.5332e-12 2.9936e-12 6.2404e-12 1.3425e-11 1.0572e-11 7.7437e-12 6.9011e-12 6.106e-12 7.8233e-12 9.735e-12 8.1443e-12 7.0655e-12 3.3143e-12 8.3112e-12 1.2437e-11 2.0172e-12 4.6576e-12 3.6116e-12 3.0251e-12 4.8129e-12 1.2425e-12 6.3322e-12 1.3882e-11 -1.8621e-12 3.4211e-12 1.2302e-12 1.0783e-12 1.0752e-11 4.2078e-12 -2.9028e-12 6.3547e-12 8.5891e-14 1.0329e-12 -1.8937e-12 1.6512e-12 5.4855e-13 6.1368e-12 4.7722e-12 1.0196e-12 2.9876e-12 -1.44e-12 -1.5827e-12 -1.3372e-12 -2.5405e-12 4.6677e-12 1.866e-12 -4.3283e-12 8.9375e-12 8.4657e-13 4.5633e-12 -1.0642e-12 4.2157e-13 -2.0032e-12 -1.9104e-12 2.0934e-12 2.527e-12 1.4079e-12 6.6503e-12 -1.3167e-12 2.4329e-12 -1.1942e-12 -1.9532e-12 3.4708e-13 -1.524e-12 3.5325e-12 1.8759e-12 3.6879e-12 -1.8817e-13 1.6251e-12 -2.9647e-12 -1.389e-12 2.0581e-12 -1.6607e-12 2.4367e-12 -1.0319e-12 -2.6254e-12 -1.1068e-12 -3.6777e-12 -1.539e-13 -4.073e-12 3.5189e-12 2.6699e-12 -1.6245e-12 -4.0538e-13 2.7682e-12 3.6616e-12 4.2968e-14 1.5738e-12 -2.8962e-13 -2.6256e-12 -1.3543e-12 3.8249e-13 -3.4056e-13 3.9027e-13 7.5323e-13 2.4781e-13 1.1095e-12 -1.1773e-12 -1.1628e-13 -9.3484e-13 -1.4909e-12 5.2063e-13 -2.0045e-12 1.8643e-12 -1.1104e-12 1.2154e-12 -2.0003e-12 -1.4075e-12 8.8049e-13 1.0924e-12 3.0431e-13 1.6627e-13 -6.9475e-13 -6.7749e-13 -9.3126e-13 -1.638e-13 7.0885e-13 -8.4771e-13 7.8833e-13 -3.847e-13 -5.1999e-13 -2.597e-13 6.046e-14
1.847e-11 1.9041e-11 1.6952e-11 1.4903e-11 1.6886e-11 1.6931e-11 2.1134e-11 2.0866e-11 1.9528e-11 1.8932e-11 2.2744e-11 1.8981e-11 1.8112e-11 2.0424e-11 2.0217e-11 1.805e-11 1.7128e-11 2.3123e-11 1.6174e-11 2.2256e-11 1.6585e-11 2.0778e-11 2.062e-11 2.2413e-11 2.2573e-11 1.7925e-11 2.0796e-11 2.1979e-11 2.2823e-11 1.9454e-11 1.7224e-11 1.6869e-11 1.8524e-11 1.6855e-11 1.4154e-11 1.8682e-11 1.7912e-11 1.7456e-11 1.5861e-11 2.0944e-11 1.76e-11 2.0387e-11 1.6873e-11 1.4806e-11 1.3682e-11 1.6339e-11 1.952e-11 1.7997e-11 1.5387e-11 1.4519e-11 1.3869e-11 1.2284e-11 1.2273e-11 1.2023e-11 9.0757e-12 1.2585e-11 8.1108e-12 1.1636e-11 1.1211e-11 9.6463e-12 9.0565e-12 6.3282e-12 2.5775e-12 3.6372e-12 1.0978e-11 1.0159e-11 9.1343e-12 7.4629e-12 5.3675e-12 8.9252e-12 5.3777e-12 4.3948e-12 7.8259e-12 1.9261e-12 4.8625e-12 1.0854e-11 2.5525e-12 4.6942e-12 1.7188e-12 3.7939e-12 5.3265e-12 8.2491e-13 4.6648e-12 7.8248e-12 7.7381e-13 3.433e-12 5.7289e-13 1.4266e-12 6.5825e-12 5.2955e-12 -8.361e-14 4.065e-12 4.7033e-13 -2.5323e-12 -6.9769e-13 1.7059e-12 -8.1966e-14 2.9374e-12 1.961e-12 8.3659e-13 2.2331e-12 -1.1572e-12 -1.7236e-12 1.3249e-13 -2.108e-12 4.7385e-12 -6.2429e-13 -8.7027e-13 5.8251e-12 -6.7409e-14 9.6121e-13 -5.7886e-13 -4.6465e-13 -8.232e-13 -1.1583e-13 1.3771e-12 1.595e-12 7.8286e-13 2.6206e-12 -2.4388e-12 3.0282e-12 8.2249e-13 4.7828e-13 -4.8501e-13 5.1872e-14 2.6975e-12 2.1341e-12 3.4753e-12 -7.7116e-13 2.0372e-12 -1.8124e-12 7.4256e-13 1.6841e-12 -2.392e-12 1.4036e-12 -2.9851e-13 -2.1074e-12 -1.2188e-12 -2.0386e-12 1.0583e-12 -2.5735e-12 2.569e-12 1.0331e-12 -2.3504e-13 5.0562e-13 2.6917e-12 2.0014e-12 2.2577e-13 7.5076e-13 2.9491e-13 -1.9103e-12 -7.7511e-13 1.632e-13 -7.3006e-13 5.9865e-13 7.0061e-13 -2.6188e-13 -1.1271e-12 -1.2078e-13 3.4039e-13 -1.1467e-12 3.995e-15 -9.2323e-13 -1.8426e-12 4.8476e-13 -1.1566e-12 -5.7606e-14 -1.0968e-12 -7.6339e-13 9.8242e-13 9.6183e-13 -1.0255e-13 2.2072e-13 -8.1418e-13 -2.8437e-13 -1.6983e-13 2.7034e-13 6.3219e-14 -5.9806e-13 6.5152e-13 3.9109e-13 -2.7595e-13 9.5571e-14 -4.0608e-13
2.8492e-11 2.8343e-11 2.7014e-11 2.4004e-11 2.5723e-11 2.5359e-11 2.9197e-11 2.9849e-11 3.0278e-11 2.2744e-11 3.9433e-11 2.9285e-11 2.6678e-11 2.7702e-11 3.0262e-11 2.9102e-11 2.5649e-11 3.7578e-11 2.5353e-11 3.289e-11 2.7254e-11 3.0999e-11 3.1875e-11 3.268e-11 3.4808e-11 2.6345e-11 2.937e-11 3.1933e-11 3.841e-11 2.9966e-11 2.632e-11 2.2626e-11 2.6674e-11 2.6719e-11 2.0354e-11 2.991e-11 2.4637e-11 2.393e-11 2.5615e-11 3.1851e-11 2.8254e-11 2.9209e-11 2.8405e-11 2.1829e-11 1.9222e-11 2.1914e-11 2.6475e-11 2.6236e-11 2.3814e-11 2.2731e-11 2.4225e-11 1.9418e-11 2.044e-11 1.8683e-11 1.4056e-11 1.9048e-11 1.6572e-11 1.6061e-11 1.7745e-11 1.4229e-11 1.1538e-11 6.8463e-12 2.4406e-12 8.3501e-12 1.4602e-11 1.2139e-11 1.0905e-11 9.4277e-12 5.8064e-12 1.0317e-11 7.4667e-12 7.4816e-12 1.1476e-11 4.8722e-12 6.2554e-12 1.5808e-11 3.87e-12 6.6091e-12 3.4223e-12 7.2709e-12 6.6919e-12 1.1528e-12 3.8322e-12 1.4816e-11 2.0212e-12 5.4184e-12 2.9129e-12 3.7367e-12 1.0385e-11 8.0423e-12 -1.8854e-12 7.6573e-12 2.1634e-12 -1.0253e-12 1.2026e-12 2.0892e-12 6.0828e-13 3.7641e-12 5.6179e-12 1.0176e-12 1.5584e-12 -6.4652e-13 -1.7287e-12 1.878e-13 -3.2095e-12 9.1428e-12 1.2295e-12 -1.201e-12 9.0795e-12 -9.0481e-13 4.0135e-12 -6.4699e-13 -1.5382e-12 -4.9403e-13 -1.7228e-12 4.9146e-13 2.0277e-12 3.5052e-12 4.0835e-12 -2.5337e-12 3.9217e-12 9.4641e-13 1.4583e-13 4.1885e-13 -2.0593e-12 3.0184e-12 1.3601e-12 3.8335e-12 9.2024e-13 2.5837e-12 -2.2406e-12 -1.2184e-12 2.8338e-12 -3.0159e-12 2.2923e-12 -2.5704e-12 -2.9227e-12 -1.1898e-12 -4.5249e-12 5.1974e-13 -4.0997e-12 2.9896e-12 2.3355e-12 -2.7917e-12 -8.0686e-13 1.3127e-12 3.4841e-12 -7.2852e-13 1.0303e-12 -1.5774e-13 -2.8396e-12 -8.7213e-13 9.3365e-13 -8.1653e-13 1.5272e-13 7.0755e-13 -2.8944e-13 -4.6638e-13 -1.1326e-12 6.0975e-13 -3.6699e-13 2.1456e-13 -9.134e-13 -2.9184e-12 1.8198e-12 -1.7738e-12 1.7974e-13 -2.5902e-12 -5.4766e-13 1.7799e-12 1.1548e-12 9.0628e-13 -1.1686e-14 -8.0936e-13 -2.111e-14 -4.8775e-13 1.9181e-13 6.9376e-13 -7.8101e-13 8.6059e-13 -1.5004e-13 -3.4264e-13 6.077e-14 -6.7942e-13
2.4831e-11 2.5652e-11 2.4791e-11 2.2738e-11 2.2525e-11 2.2158e-11 2.8189e-11 2.7567e-11 2.7004e-11 1.8981e-11 2.9285e-11 2.9658e-11 2.4992e-11 2.3581e-11 2.6725e-11 2.5241e-11 2.2703e-11 3.1986e-11 2.1932e-11 2.8243e-11 2.4774e-11 2.8554e-11 2.7366e-11 3.0852e-11 3.085e-11 2.3381e-11 2.7405e-11 2.8929e-11 2.9831e-11 2.5387e-11 2.1703e-11 2.2027e-11 2.5199e-11 2.3017e-11 2.1392e-11 2.6926e-11 2.1621e-11 2.3514e-11 2.4021e-11 2.5072e-11 2.3154e-11 2.3347e-11 2.4383e-11 2.0361e-11 1.5101e-11 2.1105e-11 2.4716e-11 2.1506e-11 2.0469e-11 2.0127e-11 2.0603e-11 1.4626e-11 1.4718e-11 1.7907e-11 1.2069e-11 1.7635e-11 1.3472e-11 1.446e-11 1.4618e-11 1.1878e-11 8.8605e-12 7.4451e-12 2.3911e-12 7.0154e-12 1.5248e-11 1.0984e-11 8.4e-12 8.0764e-12 7.3681e-12 9.013e-12 8.2343e-12 8.1397e-12 7.5147e-12 4.5524e-12 7.6955e-12 1.2734e-11 2.0138e-12 7.0057e-12 5.0573e-12 3.2347e-12 3.8026e-12 -3.3906e-13 6.3613e-12 1.3281e-11 2.5479e-12 3.1089e-12 1.3873e-12 1.3117e-12 1.0072e-11 5.9068e-12 -8.5332e-14 6.0858e-12 1.6351e-14 1.0924e-12 -1.1824e-12 1.8443e-12 -1.9502e-14 5.5585e-12 3.9664e-12 4.252e-13 3.7284e-12 -1.0601e-12 -1.7964e-12 -2.133e-12 -3.3784e-13 8.2259e-12 1.669e-12 -2.513e-12 8.3607e-12 2.6663e-13 2.0857e-12 -2.301e-12 4.037e-13 8.4302e-14 -1.7513e-12 6.6258e-13 2.31e-12 3.2266e-12 4.7893e-12 -1.5903e-12 3.5495e-12 -8.924e-13 -5.973e-13 -5.5682e-13 -1.4988e-12 2.4497e-12 2.7758e-12 3.4028e-12 3.0114e-13 3.9772e-12 -1.5699e-12 -1.1972e-12 2.9432e-12 -3.0652e-12 1.2636e-12 -7.755e-13 -8.5578e-13 -1.2347e-12 -3.91e-12 2.3932e-13 -3.2897e-12 3.824e-12 2.9925e-12 -1.8453e-12 -1.2767e-12 2.3515e-12 2.7602e-12 -5.252e-13 2.3262e-12 4.2936e-14 -3.126e-12 -1.1778e-12 1.3055e-12 -1.3594e-12 1.1099e-13 -1.5489e-14 8.3935e-13 -4.7072e-13 -3.1875e-13 7.1715e-13 -1.2377e-12 -5.6661e-13 -3.9942e-14 -1.4854e-12 1.6668e-12 -1.9052e-12 1.4926e-12 -1.758e-12 -9.7355e-13 1.0402e-12 1.0633e-12 5.0497e-13 4.0286e-13 -9.8841e-13 -4.1142e-13 -9.2838e-13 -5.4301e-14 2.8696e-13 -5.4116e-13 8.8539e-13 -3.103e-13 -7.5679e-13 -1.7317e-13 -2.3105e-13
2.4267e-11 2.5848e-11 2.4932e-11 2.21e-11 2.2964e-11 2.1484e-11 2.5974e-11 2.7214e-11 2.6625e-11 1.8112e-11 2.6678e-11 2.4992e-11 3.1188e-11 2.63e-11 2.467e-11 2.4357e-11 2.2209e-11 2.8968e-11 2.0952e-11 2.8194e-11 2.1978e-11 2.7996e-11 2.4851e-11 2.8655e-11 3.1535e-11 2.4983e-11 2.5609e-11 2.8756e-11 3.0198e-11 2.3874e-11 2.3211e-11 2.2167e-11 2.4386e-11 2.3137e-11 2.0351e-11 2.7048e-11 2.2025e-11 2.3838e-11 2.1814e-11 2.612e-11 2.2435e-11 2.4791e-11 2.487e-11 1.9696e-11 1.52e-11 2.3153e-11 2.4787e-11 2.2147e-11 1.7423e-11 1.7768e-11 2.0114e-11 1.2369e-11 1.655e-11 1.8776e-11 9.5007e-12 1.5989e-11 1.254e-11 1.3416e-11 1.2997e-11 1.1057e-11 8.8758e-12 7.6966e-12 3.9516e-12 6.7222e-12 1.3432e-11 1.1806e-11 7.4933e-12 7.5438e-12 7.6853e-12 7.3146e-12 6.8759e-12 7.321e-12 7.2496e-12 4.4854e-12 8.1e-12 1.0799e-11 1.1932e-12 4.6206e-12 6.1571e-12 3.0246e-12 5.6977e-12 2.6809e-13 5.8984e-12 1.2174e-11 1.9293e-12 2.4633e-12 -1.3741e-13 1.2737e-12 1.0279e-11 4.3692e-12 9.296e-13 3.7449e-12 -1.1374e-12 -8.5012e-13 -3.4116e-12 1.247e-12 -3.9666e-13 6.2435e-12 3.7007e-12 1.7737e-12 1.6772e-12 -1.6455e-12 -1.3625e-12 -2.1731e-13 -2.9737e-12 4.7066e-12 1.0214e-12 -9.2831e-13 7.9656e-12 5.457e-13 2.3442e-12 -1.2098e-12 3.853e-13 3.8037e-13 -3.2435e-13 -9.8681e-13 2.031e-12 6.8472e-13 2.2889e-12 -3.5882e-12 3.6343e-12 7.1392e-13 -7.7555e-13 -2.2257e-13 -1.484e-12 4.2161e-12 2.1265e-12 3.4806e-12 -3.655e-13 3.1474e-12 -2.9937e-12 -1.6907e-12 1.6652e-12 -2.7758e-12 1.6344e-12 -1.8067e-12 -2.7027e-13 -3.8866e-13 -3.3118e-12 -1.1969e-12 -2.849e-12 2.5583e-12 2.3506e-12 -1.6051e-12 -4.4657e-13 2.6268e-12 3.9722e-12 -1.1112e-12 7.8999e-13 4.3071e-13 -1.3127e-12 -2.2572e-12 1.5719e-13 -1.2507e-12 1.1459e-12 -6.3754e-15 1.2271e-12 -5.7683e-14 7.8068e-13 1.3174e-12 -1.7389e-12 -8.1553e-13 1.4676e-13 -1.1431e-12 1.2956e-12 -1.6051e-12 1.0787e-12 -2.1498e-12 -6.3773e-13 1.253e-12 -1.733e-13 2.3421e-13 1.67e-13 -1.2385e-12 -9.2766e-13 -8.4158e-13 -7.9543e-14 2.5486e-13 -7.8491e-13 3.6048e-13 3.1385e-13 -7.4302e-13 -4.2635e-14 -4.3953e-14
2.4687e-11 2.5882e-11 2.196e-11 1.9782e-11 2.2843e-11 2.2387e-11 2.9393e-11 2.7185e-11 2.4992e-11 2.0424e-11 2.7702e-11 2.3581e-11 2.63e-11 3.4217e-11 2.6823e-11 2.4378e-11 2.1953e-11 2.9657e-11 2.0845e-11 3.006e-11 2.3009e-11 2.8808e-11 2.5716e-11 2.844e-11 3.0749e-11 2.2423e-11 2.5552e-11 2.8123e-11 3.0405e-11 2.6153e-11 2.6185e-11 2.3689e-11 2.6652e-11 2.3377e-11 1.8173e-11 2.8698e-11 2.2053e-11 2.3305e-11 2.2354e-11 2.6356e-11 2.4229e-11 2.6098e-11 2.1736e-11 2.2669e-11 1.6637e-11 2.2203e-11 2.6062e-11 2.352e-11 1.9357e-11 1.8387e-11 2.056e-11 1.4839e-11 1.53e-11 1.8104e-11 1.0114e-11 1.5984e-11 1.1606e-11 1.4654e-11 1.5529e-11 1.0103e-11 1.1414e-11 2.7105e-12 4.986e-12 6.0329e-12 1.1481e-11 1.3347e-11 8.0419e-12 7.3737e-12 7.77e-12 9.3213e-12 5.7418e-12 8.6929e-12 8.3738e-12 3.6771e-12 5.864e-12 1.1224e-11 1.3741e-12 7.1549e-12 5.3116e-12 3.3795e-12 6.4029e-12 -3.442e-13 6.226e-12 1.0969e-11 2.1162e-12 3.2577e-12 2.4054e-12 1.7302e-12 9.2029e-12 5.4159e-12 1.307e-12 5.3471e-12 1.2625e-12 -3.8306e-12 -4.5232e-12 3.1013e-12 -1.5118e-12 6.3109e-12 2.1002e-12 -9.3721e-13 8.96e-13 -1.4816e-12 -3.2546e-12 -2.6481e-13 -1.4781e-12 5.27e-12 1.6143e-13 2.7839e-13 7.1688e-12 9.7692e-13 2.4551e-12 -1.0235e-12 -7.7052e-13 -6.9548e-13 -1.5076e-12 -1.7015e-12 2.4407e-12 1.8407e-12 1.5629e-12 -2.3011e-12 4.4845e-12 1.4664e-12 2.0209e-12 2.152e-12 8.1506e-13 3.0826e-12 3.2895e-12 4.0202e-12 1.6183e-12 3.1594e-12 -6.0333e-12 -4.1641e-13 1.8444e-12 -4.0499e-12 2.6948e-12 -1.2927e-12 -3.1771e-12 7.4347e-13 -2.8371e-12 -2.0482e-12 -3.2815e-12 3.3785e-12 2.6747e-12 -1.5872e-12 4.3281e-13 3.2407e-12 4.3264e-12 8.4399e-14 7.5625e-13 1.1032e-12 -1.6575e-12 -1.7675e-12 -5.7656e-14 -1.8201e-12 9.6775e-13 -9.6413e-13 3.3238e-13 -9.2785e-13 3.0696e-13 1.1086e-12 -1.0012e-12 1.4845e-13 -1.3298e-12 -3.9997e-13 1.1818e-12 -9.6487e-13 2.1146e-13 -1.7092e-12 -1.3599e-12 1.2328e-12 -1.3813e-13 -1.3673e-13 -1.4876e-13 -6.8568e-13 -6.8775e-13 -3.7209e-13 -5.5285e-13 -2.3213e-13 -5.9822e-13 9.5736e-13 -2.8037e-13 -4.3804e-13 -4.6579e-14 -8.7821e-14
2.472e-11 2.5754e-11 2.3461e-11 2.1631e-11 2.3343e-11 2.3064e-11 2.9763e-11 2.7071e-11 2.6267e-11 2.0217e-11 3.0262e-11 2.6725e-11 2.467e-11 2.6823e-11 3.107e-11 2.5487e-11 2.3538e-11 3.1934e-11 2.1844e-11 2.9923e-11 2.402e-11 2.8547e-11 2.74e-11 2.9668e-11 3.0812e-11 2.4287e-11 2.6632e-11 2.9223e-11 3.2302e-11 2.5464e-11 2.2908e-11 2.1856e-11 2.6341e-11 2.2738e-11 1.9667e-11 2.7574e-11 2.3189e-11 2.1655e-11 2.5277e-11 2.6948e-11 2.4486e-11 2.7271e-11 2.33e-11 2.1706e-11 1.6173e-11 2.1319e-11 2.3356e-11 2.1213e-11 2.0852e-11 2.1463e-11 2.2106e-11 1.6033e-11 1.3297e-11 1.7802e-11 1.0359e-11 1.6564e-11 1.2453e-11 1.5102e-11 1.4669e-11 1.2529e-11 8.4202e-12 6.3995e-12 4.8109e-12 6.1973e-12 1.5105e-11 1.3584e-11 8.2613e-12 7.63e-12 6.5447e-12 1.0742e-11 7.4858e-12 7.3705e-12 8.6761e-12 3.5035e-12 8.1965e-12 1.3824e-11 2.0707e-12 8.8509e-12 2.9609e-12 3.215e-12 4.9747e-12 5.3147e-13 5.5855e-12 1.2065e-11 8.8238e-13 2.5569e-12 5.7019e-13 9.703e-13 9.2078e-12 6.0961e-12 -1.1217e-13 7.1195e-12 8.198e-13 1.6872e-12 -2.0438e-12 2.3476e-12 3.0016e-13 3.8526e-12 4.9979e-12 -1.0395e-12 2.8252e-12 -1.5026e-12 -1.5291e-12 -1.9438e-12 -1.1637e-12 7.3314e-12 2.1017e-12 -2.7807e-12 7.0437e-12 -3.6179e-13 1.4838e-12 -5.3739e-13 -6.1832e-13 -1.0218e-12 -1.4931e-12 9.1683e-14 1.9223e-12 2.2036e-12 3.5607e-12 -1.2443e-12 2.626e-12 -3.2339e-13 1.5269e-13 2.0874e-13 -2.0619e-12 4.5464e-12 3.1457e-12 4.5204e-12 1.2526e-12 3.9402e-12 -3.7797e-12 -1.3864e-12 3.0481e-12 -3.0828e-12 1.9725e-12 -2.0945e-13 -1.2302e-12 -6.2128e-13 -4.0903e-12 6.1842e-13 -3.9559e-12 3.3853e-12 2.4247e-12 -2.167e-12 -7.8874e-13 2.099e-12 3.8298e-12 -1.2463e-12 1.8083e-12 2.7413e-13 -2.7204e-12 -1.831e-12 7.926e-13 -1.4387e-12 6.7192e-13 2.7449e-13 -2.824e-13 -1.0825e-12 -1.0753e-13 3.793e-13 -1.5206e-12 -5.2268e-13 -8.1222e-13 -1.8921e-12 2.1861e-12 -1.6917e-12 1.1583e-12 -1.6272e-12 -1.118e-12 1.0962e-12 1.3488e-12 1.1668e-13 3.2274e-13 -2.7461e-13 7.4527e-14 -5.6469e-13 7.7612e-14 2.2243e-13 -5.3631e-13 9.1088e-13 -1.8803e-13 -8.6583e-13 -2.1195e-13 -4.9778e-13
2.4423e-11 2.5523e-11 2.2377e-11 2.1241e-11 2.2201e-11 2.0726e-11 2.6769e-11 2.6933e-11 2.563e-11 1.805e-11 2.9102e-11 2.5241e-11 2.4357e-11 2.4378e-11 2.5487e-11 2.9418e-11 2.3072e-11 3.1932e-11 2.0022e-11 2.7467e-11 2.2765e-11 2.7994e-11 2.6526e-11 2.9009e-11 3.1498e-11 2.3017e-11 2.3079e-11 2.6675e-11 2.9776e-11 2.6133e-11 2.27e-11 2.2005e-11 2.4303e-11 2.3333e-11 2.0252e-11 2.6415e-11 2.1511e-11 2.2827e-11 2.3853e-11 2.5607e-11 2.4789e-11 2.3339e-11 2.4459e-11 1.971e-11 1.5979e-11 2.0583e-11 2.4552e-11 2.0576e-11 1.7858e-11 1.9136e-11 1.9252e-11 1.4334e-11 1.6255e-11 1.6962e-11 1.175e-11 1.4627e-11 1.1113e-11 1.4039e-11 1.2924e-11 1.0873e-11 9.2147e-12 3.9587e-12 2.1848e-12 1.1139e-11 1.2004e-11 1.356e-11 8.0446e-12 7.4453e-12 4.8633e-12 8.3037e-12 5.8924e-12 6.9801e-12 8.1332e-12 3.8258e-12 5.2228e-12 1.3856e-11 1.6745e-12 6.4727e-12 2.7265e-12 4.8863e-12 3.5064e-12 -1.4492e-12 4.3171e-12 1.5022e-11 8.8667e-13 2.2497e-12 1.5495e-12 3.7488e-12 8.3523e-12 4.9255e-12 2.9994e-13 5.6907e-12 -1.2715e-12 6.5208e-13 -2.3307e-12 1.4913e-12 6.5687e-14 5.0552e-12 3.9396e-12 -8.4573e-13 4.6941e-13 -1.2742e-12 -1.1942e-12 1.0558e-12 -1.5329e-13 5.8641e-12 8.2262e-13 -1.1135e-12 6.2366e-12 -1.4951e-12 4.3251e-12 -1.2004e-12 -2.3183e-13 -1.5783e-12 -1.8232e-12 -2.0049e-13 2.5391e-12 4.9363e-12 5.0023e-12 -1.8399e-12 2.8338e-12 -9.1694e-13 3.7472e-13 6.6489e-13 -1.3319e-12 2.4217e-12 2.0597e-12 5.1757e-12 2.6638e-13 1.6932e-12 -2.4679e-12 -1.7373e-12 1.8408e-12 -1.8263e-12 1.9168e-12 -2.8064e-12 -2.1892e-12 -4.1121e-13 -4.0901e-12 -1.2995e-12 -3.2807e-12 3.5375e-12 2.8171e-12 -2.6799e-12 -1.9974e-13 1.5743e-12 2.7802e-12 -1.3173e-12 9.897e-13 7.1941e-13 -3.1748e-12 -1.1168e-12 -1.566e-13 -1.116e-12 4.6839e-13 5.6663e-13 3.3057e-13 -5.6415e-13 -1.9339e-13 1.3837e-12 -1.1131e-12 -7.9243e-13 -5.2789e-13 -2.4757e-12 1.7411e-12 -1.753e-12 1.3235e-12 -2.8977e-12 -1.1738e-13 1.3668e-12 8.6133e-13 6.103e-14 -1.6869e-13 -3.55e-13 -3.967e-13 -5.4913e-13 -7.6868e-14 9.8537e-13 -5.6721e-13 9.1312e-13 -5.4435e-14 -7.1039e-13 -2.293e-13 -3.1284e-13
2.1016e-11 2.2266e-11 2.1099e-11 1.9168e-11 2.1803e-11 1.8993e-11 2.3949e-11 2.329e-11 2.0762e-11 1.7128e-11 2.5649e-11 2.2703e-11 2.2209e-11 2.1953e-11 2.3538e-11 2.3072e-11 2.661e-11 2.7524e-11 1.9412e-11 2.5563e-11 2.0879e-11 2.4093e-11 2.3668e-11 2.7343e-11 2.8887e-11 2.1216e-11 2.1818e-11 2.549e-11 2.6178e-11 2.3274e-11 2.0754e-11 1.8317e-11 2.4859e-11 2.1318e-11 1.673e-11 2.4105e-11 1.9233e-11 2.0071e-11 2.0157e-11 2.5328e-11 2.1367e-11 2.3193e-11 2.425e-11 1.9767e-11 1.3658e-11 1.7026e-11 2.249e-11 1.7026e-11 1.7517e-11 1.6755e-11 1.965e-11 1.4676e-11 1.4153e-11 1.5587e-11 6.6403e-12 1.5325e-11 9.8535e-12 1.1861e-11 1.0194e-11 9.2112e-12 9.7525e-12 3.3165e-12 3.22e-12 7.0281e-12 1.3214e-11 1.2773e-11 7.3917e-12 6.5983e-12 5.8484e-12 6.2584e-12 4.243e-12 7.5048e-12 7.4095e-12 3.6809e-12 8.0004e-12 9.9449e-12 4.058e-12 5.4598e-12 4.3876e-12 4.0737e-12 5.1846e-12 1.4391e-12 4.7078e-12 1.2239e-11 3.5402e-12 2.7489e-12 1.3987e-12 4.5657e-13 6.8532e-12 7.2955e-12 2.3772e-12 4.0555e-12 -3.5422e-12 -2.2215e-12 -2.5626e-12 9.1579e-13 1.0625e-12 2.7889e-12 2.8089e-12 8.2761e-13 9.4566e-13 3.5683e-13 -1.2521e-12 -1.1239e-12 3.3919e-13 6.0275e-12 9.8619e-13 1.7991e-13 5.4432e-12 -1.3005e-12 3.0071e-12 -1.9548e-12 4.642e-13 -1.8724e-13 -1.5092e-12 -2.8627e-15 3.9972e-12 3.5701e-12 2.6732e-12 -1.2179e-12 3.523e-12 5.1081e-13 1.039e-12 1.3695e-12 -2.9724e-13 2.9155e-12 2.1422e-12 3.0389e-12 8.5271e-13 3.0156e-12 -2.0029e-12 -1.1525e-12 2.9372e-13 -2.4557e-12 1.1869e-12 -3.3889e-12 -1.2403e-12 -1.012e-12 -4.1991e-12 -1.0077e-12 -3.4875e-12 2.703e-12 2.5368e-12 -2.5241e-12 -6.3243e-13 3.02e-12 2.659e-12 1.0052e-12 7.6505e-13 -2.0876e-13 -1.8262e-12 -5.4392e-13 -2.9715e-14 -1.1288e-12 3.5009e-13 4.4555e-13 9.5094e-14 -3.2747e-13 1.3917e-12 1.0476e-12 -8.1721e-13 -1.7888e-13 -7.3142e-13 -2.4111e-12 1.9411e-12 -2.6448e-12 8.2287e-13 -1.5729e-12 -3.8602e-13 5.3567e-13 -1.6106e-13 1.5493e-13 -1.5619e-13 -5.7318e-13 -2.6245e-13 -4.6577e-13 1.5064e-15 5.1793e-13 -4.3074e-13 1.0469e-12 2.3304e-13 -5.4861e-13 -1.506e-13 -5.1293e-13
2.9405e-11 3.2126e-11 2.7926e-11 2.5757e-11 2.7671e-11 2.6331e-11 3.1502e-11 3.1525e-11 3.0106e-11 2.3123e-11 3.7578e-11 3.1986e-11 2.8968e-11 2.9657e-11 3.1934e-11 3.1932e-11 2.7524e-11 4.3717e-11 2.5902e-11 3.302e-11 2.9717e-11 3.3168e-11 3.3723e-11 3.4195e-11 3.6401e-11 2.5975e-11 3.0025e-11 3.399e-11 3.8108e-11 3.0924e-11 2.6389e-11 2.53e-11 2.8334e-11 2.7396e-11 2.3152e-11 3.0876e-11 2.6914e-11 2.7159e-11 2.7027e-11 3.2538e-11 2.9475e-11 3.1025e-11 2.9737e-11 2.3631e-11 1.8223e-11 2.4611e-11 2.9871e-11 2.7459e-11 2.2886e-11 2.2622e-11 2.4767e-11 1.7533e-11 1.9409e-11 1.933e-11 1.3751e-11 2.0407e-11 1.6582e-11 1.7736e-11 1.707e-11 1.4286e-11 9.843e-12 5.2807e-12 2.6014e-12 1.114e-11 1.5856e-11 1.4292e-11 9.2134e-12 1.1334e-11 6.5359e-12 1.1888e-11 8.5591e-12 8.6236e-12 9.2853e-12 3.4925e-12 4.9778e-12 1.7075e-11 2.759e-12 1.0085e-11 4.4211e-12 5.7457e-12 6.7145e-12 -1.2863e-12 5.6506e-12 1.4461e-11 3.9481e-12 5.8874e-12 1.903e-12 4.6334e-12 1.0553e-11 7.9471e-12 -3.1135e-13 6.5401e-12 1.4142e-12 -7.5816e-13 4.9502e-15 2.883e-12 -1.8382e-13 4.2356e-12 3.5824e-12 -7.8124e-13 1.7443e-12 -1.2136e-12 -2.6092e-12 -1.1789e-13 -1.0328e-13 9.0643e-12 1.7862e-12 -2.217e-12 1.0953e-11 -1.7273e-13 4.1329e-12 -1.1883e-12 -7.1599e-13 6.841e-13 -2.7797e-12 1.9995e-13 2.6137e-12 4.1743e-12 3.8971e-12 -1.9104e-12 3.7452e-12 4.5423e-13 -6.2044e-13 1.3009e-12 -1.4106e-12 4.2273e-12 2.8538e-12 3.593e-12 5.5989e-13 3.5534e-12 -2.3606e-12 5.6835e-13 1.523e-12 -3.7327e-12 2.4466e-12 -1.8012e-12 -2.5378e-12 -1.2476e-12 -5.1871e-12 1.5443e-13 -4.0038e-12 4.3766e-12 2.9785e-12 -2.6145e-12 -1.2995e-12 1.5856e-12 4.122e-12 -1.1832e-12 1.2528e-12 7.6973e-13 -3.4451e-12 -1.8244e-12 1.3397e-12 -1.1242e-12 -1.8204e-13 4.5274e-13 5.0518e-13 -1.7759e-12 -9.3435e-13 1.6565e-12 -6.8751e-13 6.1084e-13 -4.904e-13 -2.6208e-12 1.8124e-12 -1.7029e-12 1.4133e-12 -1.8237e-12 -1.3627e-13 2.0596e-12 1.0552e-12 2.9101e-13 3.5395e-13 -6.7577e-13 -5.341e-13 -4.1312e-13 4.6155e-13 6.5822e-13 -1.1756e-12 9.4662e-13 -1.6587e-13 -7.5332e-13 -9.1e-14 -5.4608e-13
2.0125e-11 2.0927e-11 2.0953e-11 1.6889e-11 2.0699e-11 1.8591e-11 2.4382e-11 2.104e-11 2.2599e-11 1.6174e-11 2.5353e-11 2.1932e-11 2.0952e-11 2.0845e-11 2.1844e-11 2.0022e-11 1.9412e-11 2.5902e-11 2.5079e-11 2.5273e-11 2.0321e-11 2.3379e-11 2.407e-11 2.376e-11 2.6652e-11 2.1555e-11 2.1238e-11 2.4906e-11 2.4717e-11 2.1674e-11 1.9837e-11 1.6725e-11 2.1287e-11 1.962e-11 1.5924e-11 2.2137e-11 1.7402e-11 1.87e-11 1.8805e-11 2.2675e-11 2.2166e-11 2.196e-11 2.0254e-11 1.6322e-11 1.4045e-11 1.7503e-11 1.8195e-11 1.9821e-11 1.5977e-11 1.7999e-11 1.8228e-11 1.2516e-11 1.2299e-11 1.4257e-11 1.1608e-11 1.5468e-11 1.0937e-11 1.2823e-11 1.1585e-11 1.1193e-11 1.2266e-11 6.4571e-12 4.3813e-12 3.1652e-12 1.3854e-11 9.0132e-12 6.8895e-12 4.7294e-12 6.9986e-12 8.137e-12 6.7898e-12 6.73e-12 7.5855e-12 1.8533e-12 8.0294e-12 9.0639e-12 2.0559e-12 6.1963e-12 1.881e-12 5.4112e-12 3.7629e-12 -4.5913e-13 5.1638e-12 9.7291e-12 1.3024e-12 4.4252e-12 1.6465e-12 8.2334e-13 7.9433e-12 5.7341e-12 -1.3297e-13 3.8484e-12 -3.4884e-12 -4.9317e-13 -6.3898e-13 1.1408e-12 7.5112e-13 2.7358e-12 5.7429e-12 1.6455e-12 2.2438e-12 -1.6653e-12 -2.1275e-12 1.3496e-12 -1.4321e-12 5.6447e-12 3.0336e-12 -2.8572e-12 7.6936e-12 8.0951e-13 3.8251e-12 -6.3097e-13 -6.5067e-13 5.0215e-13 -5.9123e-13 1.0046e-12 2.4862e-12 1.3972e-12 2.2931e-12 -2.2415e-12 3.7608e-12 1.8309e-12 -4.7212e-13 1.1578e-12 -1.2655e-12 3.0344e-12 1.1226e-12 3.8671e-12 1.0148e-12 4.1737e-12 -2.4017e-12 -3.1927e-14 2.6889e-12 -1.0189e-12 1.059e-12 1.0031e-13 -2.1084e-12 -3.7657e-13 -3.5175e-12 -1.0323e-12 -2.2447e-12 3.0017e-12 2.841e-12 -1.3128e-12 3.39e-13 4.5186e-13 2.8768e-12 -1.7935e-13 9.3906e-13 1.7174e-12 -2.8402e-12 -6.5914e-13 2.5585e-12 -1.3426e-12 -1.9746e-13 2.6675e-13 -5.7341e-13 -8.4234e-13 5.868e-13 9.3748e-13 -1.7807e-12 3.155e-14 -2.33e-13 -1.4289e-12 1.5377e-12 -1.4533e-12 1.1071e-13 -1.002e-12 -7.3492e-13 3.2042e-13 -2.5322e-13 4.0497e-13 2.2826e-13 -8.3192e-13 -4.9335e-13 -5.3172e-13 -8.3255e-14 5.9067e-13 -6.4609e-13 4.3408e-13 -3.9548e-13 -4.9659e-13 -2.549e-13 2.8618e-14
