,0,1,2,3,4,5,6,7,8,9,10,11,12,13,14,15,16,17,18,19,20,21,22,23,24,25,26,27,28,29,30,31,32,33,34,35,36,37,38,39,40,41,42,43,44,45,46,47,48,49,50,51,52,53,54,55,56,57,58,59,60,61,62,63,64,65,66,67,68,69,70,71,72,73,74,75,76,77,78,79,80,81,82,83,84,85,86,87,88,89,90,91,92,93,94,95,96,97,98,99,100,101,102,103,104,105,106,107,108,109,110,111,112,113,114,115,116,117,118,119,120,121,122,123,124
0,1,0.89304,0.84278,0.87516,0.88729,0.88223,0.89931,0.85903,0.91413,0.87512,0.87098,0.87136,0.8898,0.87003,0.78294,0.83329,0.78684,0.82817,0.78365,0.8481,0.84359,0.82695,0.71078,0.77685,0.70784,0.79169,0.59501,0.77046,0.62451,0.70515,0.60318,0.76629,0.70064,0.65694,0.47716,0.44785,0.4896,0.50084,0.60281,0.52337,0.28975,0.47599,0.41585,0.59736,0.42772,0.28602,0.3684,0.21593,-0.20528,-0.091591,0.25557,0.21365,0.39381,0.15933,-0.15219,0.075512,-0.043574,0.045604,-0.096156,-0.31109,0.053162,-0.19205,0.075164,-0.23832,-0.16047,-0.095739,0.067647,-0.1903,-0.0066817,-0.083572,-0.12263,0.020577,-0.11968,0.14127,-0.19211,0.019983,-0.29213,0.064056,0.012399,-0.23003,-0.23869,-0.26969,0.064063,-0.06869,-0.076128,-0.01631,-0.098553,-0.25065,0.17635,0.0070911,0.060744,-0.018315,0.028947,0.030966,0.030103,-0.14902,-0.15279,-0.22853,-0.089319,-0.040309,0.079589,0.31662,0.1942,0.22862,-0.14685,-0.041839,0.20427,0.086632,0.18229,0.1006,0.1101,0.042289,-0.0085032,-0.11775,0.075367,-0.027435,-0.02121,0.055385,0.19419,-0.063354,0.16578,0.077759,0.018223,0.029159,-0.096853
1,0.89304,1,0.8537,0.90479,0.89661,0.86505,0.86961,0.8452,0.87056,0.85269,0.86923,0.88302,0.86642,0.85623,0.83094,0.84143,0.80982,0.8009,0.77955,0.79943,0.809,0.84638,0.72991,0.83115,0.65296,0.82281,0.57658,0.77884,0.67982,0.69939,0.58705,0.76566,0.70615,0.63171,0.46731,0.53945,0.58276,0.57524,0.55415,0.56757,0.31665,0.56818,0.29782,0.58135,0.41014,0.32971,0.36122,0.21197,-0.153,-0.07103,0.18704,0.24776,0.3314,0.29907,-0.14287,0.15304,0.013611,0.082863,-0.065823,-0.28857,-0.030836,-0.18302,0.12934,-0.18332,-0.16898,-0.19403,0.16285,-0.076916,0.045569,-0.063939,-0.080529,0.03946,-0.098796,0.089347,-0.17513,-0.037539,-0.29519,-0.076666,0.028512,-0.14864,-0.19989,-0.38644,0.080068,-0.050019,0.018329,-0.036647,-0.063141,-0.23148,0.13514,-0.035969,0.026471,0.010133,-0.017417,-0.04861,0.064523,-0.090123,-0.12478,-0.18146,-0.10447,-0.075039,-0.0013222,0.27162,0.16527,0.27009,-0.22441,-0.10826,0.2444,0.18489,0.18742,0.030069,0.090971,-0.11423,-0.0059778,-0.1732,-0.01617,0.089428,-0.043417,0.1395,0.16898,-0.062343,0.12289,0.11427,-0.010106,0.087743,-0.14834
2,0.84278,0.8537,1,0.78807,0.8392,0.83189,0.83601,0.89275,0.82356,0.8779,0.82805,0.85325,0.85139,0.84953,0.83333,0.88548,0.83321,0.7924,0.66542,0.84045,0.78208,0.82668,0.73881,0.80043,0.65663,0.78752,0.56833,0.75717,0.59073,0.58356,0.61746,0.75078,0.66389,0.58757,0.46519,0.50205,0.47732,0.62621,0.66875,0.45682,0.25604,0.37144,0.35981,0.47256,0.34826,0.43553,0.33587,0.25568,-0.16153,0.11821,0.11556,0.12981,0.34702,0.27854,-0.057577,0.15083,0.070117,0.042254,0.043675,-0.1917,-0.024241,-0.073496,0.12823,-0.16582,-0.23554,0.045778,0.15423,-0.1769,-0.038368,-0.055572,-0.15595,-0.0065803,-0.18214,0.15182,-0.28617,-0.047283,-0.17054,-0.010999,0.060898,-0.075675,-0.113,-0.23814,0.086768,0.057767,0.044092,-0.17339,-0.10466,-0.18621,0.14534,-0.054893,-0.031462,0.01547,-0.11533,-0.17554,0.024288,-0.14774,-0.16162,-0.14247,-0.14669,0.088935,0.13417,0.31549,0.19955,0.2442,-0.082668,-0.050992,0.21484,0.15704,0.083364,-0.061012,0.13172,0.0086441,0.11372,-0.13306,-0.019212,0.13572,0.011693,0.16831,0.084799,-0.048453,0.17369,0.012464,0.024397,0.049669,-0.1765
3,0.87516,0.90479,0.78807,1,0.85859,0.82616,0.90786,0.79953,0.83923,0.8464,0.87654,0.83367,0.80605,0.85366,0.81995,0.80282,0.79736,0.79605,0.7774,0.75333,0.85115,0.85157,0.73999,0.79243,0.64583,0.75619,0.52714,0.72499,0.67569,0.59685,0.5046,0.74408,0.72042,0.64099,0.4476,0.48522,0.46519,0.56043,0.51921,0.58721,0.23864,0.50757,0.33471,0.59252,0.44099,0.27695,0.37034,0.2322,-0.074437,0.0081727,0.27213,0.29215,0.31006,0.22522,-0.18492,-0.015379,0.065183,0.15185,-0.1131,-0.27793,0.0080297,-0.14603,0.13627,-0.19474,-0.082843,-0.11759,0.1032,-0.097077,0.015705,-0.13555,-0.023497,0.13474,-0.054504,0.082969,-0.10606,-0.03521,-0.18175,-0.020569,0.029605,-0.12936,-0.25598,-0.33968,-0.034238,0.0040971,-0.073795,-0.14663,0.01487,-0.29017,0.20746,0.074398,0.067772,0.0039172,0.087654,0.056269,-0.015159,-0.0086294,-0.054189,-0.30276,-0.066671,-0.085213,-0.029669,0.21262,0.25077,0.26624,-0.30224,0.023312,0.21729,0.11407,0.34873,0.013901,0.14457,-0.024268,-0.051955,-0.13987,-0.090002,0.1221,0.019108,0.15062,0.063632,-0.17066,0.094465,0.024656,0.0098148,0.14573,-0.025486
4,0.88729,0.89661,0.8392,0.85859,1,0.83795,0.83371,0.82939,0.81436,0.84227,0.86055,0.87338,0.90883,0.83478,0.80097,0.83403,0.76152,0.76944,0.77085,0.74729,0.76159,0.82471,0.65229,0.80669,0.63636,0.78284,0.58929,0.71132,0.57142,0.64974,0.6143,0.75944,0.72014,0.6327,0.45647,0.40893,0.50326,0.50769,0.60235,0.47654,0.26013,0.47296,0.27279,0.58293,0.42627,0.3055,0.24804,0.33409,-0.14568,-0.023728,0.23904,0.10479,0.44722,0.24577,-0.071301,0.046433,0.087109,0.073894,0.0402,-0.33263,0.033452,-0.13879,0.058856,-0.10644,-0.16415,-0.086357,0.18935,-0.07177,-0.0043331,-0.12755,-0.22941,0.036672,-0.086736,0.072135,-0.19411,-0.079274,-0.27858,0.0057325,0.056594,-0.22934,-0.19489,-0.20598,0.079975,-0.11749,0.028933,-0.04099,-0.028411,-0.14157,0.2342,0.11156,-0.02462,-0.1037,-0.087857,-0.010393,-0.0064372,-0.056558,-0.050095,-0.24687,-0.12008,0.030928,-0.003977,0.37019,0.11548,0.2252,-0.24146,-0.027142,0.22713,0.19894,0.16948,-0.019913,0.087867,0.060033,0.072583,-0.17775,0.087541,0.0065018,0.009409,0.13451,0.15325,-0.1231,0.099976,0.020933,-0.033439,0.14547,-0.052464
5,0.88223,0.86505,0.83189,0.82616,0.83795,1,0.84009,0.84065,0.81514,0.87557,0.84295,0.84257,0.85254,0.86458,0.832,0.86067,0.7828,0.78566,0.76819,0.81742,0.76217,0.81974,0.70302,0.76497,0.69314,0.68043,0.62277,0.68857,0.58985,0.71686,0.64016,0.71406,0.68564,0.61789,0.39771,0.42981,0.55183,0.52141,0.582,0.52957,0.21118,0.41254,0.45877,0.48262,0.318,0.43586,0.27887,0.082549,-0.15056,-0.012523,0.2306,0.1525,0.35521,0.16051,-0.22492,0.12247,0.0094641,0.13318,-0.080173,-0.3522,0.029193,-0.10926,0.12271,-0.18739,-0.089611,-0.09283,0.061834,-0.19813,-0.0031687,-0.002751,0.073721,-0.069029,-0.012693,0.025663,-0.090703,0.025304,-0.15836,0.027797,0.058117,-0.084511,-0.24096,-0.14405,0.043641,-0.04109,-0.034528,-0.15227,-0.092222,-0.20201,0.076832,0.056868,-0.0089801,0.0035929,0.0057726,-0.2185,-0.0068093,-0.11742,-0.06031,-0.25563,-0.05054,0.11769,0.11906,0.34528,0.18813,0.18631,-0.19586,-0.10577,0.10817,0.0094306,0.17692,-0.048313,0.097859,-0.061283,0.097465,-0.18414,-0.1058,0.034991,-0.039223,0.066212,0.091017,-0.21596,0.074828,0.10556,0.025788,0.03488,-0.25264
6,0.89931,0.86961,0.83601,0.90786,0.83371,0.84009,1,0.85279,0.89005,0.89944,0.91923,0.86364,0.84584,0.88325,0.82294,0.83657,0.81754,0.81672,0.76824,0.80766,0.82039,0.81533,0.7592,0.82093,0.72395,0.76924,0.53261,0.73828,0.65218,0.66156,0.55405,0.8114,0.64621,0.665,0.5433,0.4718,0.45961,0.49863,0.56038,0.56328,0.1917,0.39403,0.37924,0.55857,0.365,0.34622,0.4347,0.24373,-0.10313,0.036063,0.25327,0.30242,0.27737,0.24883,-0.17918,0.038638,0.065507,0.11811,-0.13575,-0.23597,0.031299,-0.089123,0.069991,-0.16266,-0.17869,-0.10964,0.11747,-0.017561,-0.0078338,-0.12444,-0.11551,0.082065,-0.060777,0.086232,-0.11972,-0.013305,-0.22412,0.080112,0.036027,-0.14596,-0.20792,-0.30066,0.029219,0.0048589,-0.11982,-0.10671,-0.12793,-0.34877,0.16872,0.015851,0.018264,0.027241,0.02797,-0.071457,0.058472,-0.064398,-0.01261,-0.21555,0.017274,-0.031934,-0.0018414,0.18947,0.11487,0.27741,-0.21226,-0.031576,0.13317,0.13978,0.23818,0.1043,0.070378,-0.11273,-0.061187,-0.12606,0.044675,0.040784,0.060186,0.068093,0.11572,-0.15277,0.15758,0.16158,0.051503,0.082991,-0.10301
7,0.85903,0.8452,0.89275,0.79953,0.82939,0.84065,0.85279,1,0.82567,0.85823,0.87031,0.85405,0.86797,0.8809,0.84298,0.88244,0.828,0.79912,0.71897,0.80291,0.79415,0.76328,0.76977,0.79205,0.73296,0.76615,0.67007,0.7497,0.55028,0.70521,0.54044,0.71408,0.59166,0.68526,0.46412,0.48593,0.54071,0.59606,0.64117,0.41847,0.34105,0.44117,0.46034,0.53012,0.43496,0.30546,0.35859,0.295,-0.078082,0.12422,0.2445,0.20113,0.36782,0.22991,-0.13796,0.22783,0.08889,0.089109,-0.0025996,-0.303,0.077016,-0.062404,-0.012621,-0.17905,-0.21353,-0.094908,0.13098,-0.14976,0.027115,0.020313,-0.05942,0.062374,-0.15772,0.17643,-0.17954,0.086203,-0.17684,-0.009428,0.064961,-0.13694,-0.18318,-0.19704,0.0061338,0.011979,-0.041387,-0.1189,-0.22814,-0.12384,0.070828,-0.043281,-0.0080845,-0.098918,-0.086282,-0.12575,0.052735,-0.19512,-0.11605,-0.27891,-0.082086,0.029911,-0.0056502,0.28745,0.1342,0.16998,-0.093466,-0.094174,0.12429,0.14007,0.17742,-0.011653,0.20159,-0.042666,0.17611,-0.097652,0.10555,0.050683,0.12885,0.11877,0.054654,-0.10526,0.094521,0.017044,0.10179,0.075596,-0.21698
8,0.91413,0.87056,0.82356,0.83923,0.81436,0.81514,0.89005,0.82567,1,0.86708,0.79272,0.84224,0.84247,0.81925,0.80974,0.82366,0.77387,0.7835,0.78268,0.73867,0.80751,0.76216,0.7079,0.82177,0.68027,0.83525,0.56902,0.79491,0.62701,0.61123,0.62234,0.77211,0.65773,0.62989,0.49261,0.42079,0.52398,0.43513,0.64746,0.50255,0.21442,0.38329,0.37335,0.55366,0.42816,0.30453,0.43589,0.25133,-0.26024,-0.012243,0.20118,0.27756,0.32502,0.065304,-0.18126,0.070505,0.027725,0.0057551,-0.083271,-0.20636,-0.032072,-0.13865,0.076963,-0.20423,-0.1863,-0.08711,0.077907,-0.11689,-0.072118,-0.025042,-0.11179,-0.022393,-0.097546,0.082393,-0.11523,-0.014803,-0.3465,0.10701,0.029554,-0.25072,-0.16921,-0.2504,1.7006e-05,-0.011201,-0.11153,-0.079259,-0.078216,-0.2828,0.093826,-0.053139,-0.11812,0.052363,-0.0066016,-0.066029,0.015846,-0.16125,-0.06158,-0.14234,-0.031854,-0.040986,-0.0043833,0.24033,0.11699,0.19122,-0.13089,-0.10699,0.14121,0.14641,0.14502,0.17004,0.010516,-0.11941,0.044709,-0.12811,0.041302,0.012822,-0.079517,0.096298,0.13166,-0.012164,0.10626,0.077261,-0.021867,0.044476,-0.10736
9,0.87512,0.85269,0.8779,0.8464,0.84227,0.87557,0.89944,0.85823,0.86708,1,0.83939,0.85213,0.87596,0.87677,0.82187,0.90727,0.86904,0.79636,0.71913,0.82939,0.76932,0.79211,0.77126,0.83012,0.65916,0.75965,0.57231,0.7769,0.58268,0.62578,0.63527,0.74566,0.69414,0.66142,0.45149,0.42057,0.53601,0.41823,0.6342,0.50106,0.18782,0.40615,0.4079,0.57862,0.40836,0.32587,0.39205,0.16021,-0.18212,0.10615,0.28305,0.13876,0.34614,0.23461,-0.17142,0.16793,0.057103,0.12752,-0.13949,-0.21758,0.03663,-0.034229,0.089925,-0.07251,-0.15032,-0.0064083,0.011361,-0.11734,0.022527,-0.006195,-0.084425,0.014483,-0.10849,0.10991,-0.083031,0.039784,-0.069985,0.042935,0.080399,-0.16293,-0.086108,-0.16197,0.017527,0.0055917,-0.065925,-0.14266,-0.034741,-0.25219,0.11823,0.054208,-0.04888,0.037681,-0.025163,-0.13265,0.019351,-0.13931,-0.13016,-0.24018,-0.019772,0.070001,0.070387,0.27776,0.14276,0.21842,-0.13452,-0.0027903,0.070649,0.19513,0.21782,0.062298,0.1587,-0.080672,-0.0077346,-0.14945,-0.010306,0.057564,0.043431,0.10284,0.10334,-0.11188,0.092737,0.095717,0.028505,0.06464,-0.19731
10,0.87098,0.86923,0.82805,0.87654,0.86055,0.84295,0.91923,0.87031,0.79272,0.83939,1,0.85927,0.8409,0.86379,0.80592,0.81427,0.83007,0.83194,0.71815,0.82079,0.80895,0.84203,0.76476,0.8018,0.70819,0.73725,0.6013,0.78844,0.6181,0.6882,0.53988,0.75912,0.66253,0.68868,0.3758,0.52254,0.43937,0.57441,0.60648,0.5159,0.30274,0.3906,0.39936,0.53529,0.39959,0.26556,0.36032,0.25585,-0.01323,-0.033915,0.29881,0.28344,0.22552,0.32598,-0.12227,0.0077221,0.039741,0.11298,-0.061921,-0.33472,0.015715,-0.050497,0.010779,-0.13186,-0.19853,-0.16124,0.21105,-0.066027,0.12301,-0.14569,-0.099547,0.10466,-0.058083,0.17671,-0.17239,-0.046277,-0.2077,-0.036296,0.058021,-0.21211,-0.26497,-0.28189,0.002034,-0.068799,0.032442,-0.11351,-0.15109,-0.16686,0.19514,0.039391,0.11859,-0.058583,-0.093515,-0.10577,0.0043321,-0.094281,-0.017947,-0.19188,0.029983,-0.052754,-0.020304,0.15395,0.072857,0.34538,-0.19956,-0.053061,0.19814,0.12634,0.32539,-0.051682,0.10689,0.0071587,-0.031111,-0.1335,0.098553,0.090697,0.13332,0.1333,0.16289,-0.12619,0.10889,0.064779,0.079219,0.084012,-0.10233
11,0.87136,0.88302,0.85325,0.83367,0.87338,0.84257,0.86364,0.85405,0.84224,0.85213,0.85927,1,0.86997,0.87555,0.77178,0.85163,0.82295,0.82953,0.74299,0.77097,0.76056,0.81914,0.68269,0.82306,0.63529,0.76083,0.56492,0.72006,0.62572,0.68012,0.62835,0.76129,0.69499,0.64026,0.4156,0.57232,0.57473,0.55667,0.6045,0.4524,0.25148,0.43046,0.41131,0.49342,0.39836,0.18202,0.33065,0.26361,-0.10593,0.017256,0.19959,0.17448,0.22608,0.25516,-0.033357,0.11205,0.035906,0.071734,-0.031722,-0.1692,0.065739,-0.19858,0.031699,-0.26844,-0.17724,-0.11526,0.14417,-0.13046,0.02112,0.085403,-0.19135,0.050346,0.034553,0.20646,-0.14792,0.0525,-0.23851,-0.057844,0.02667,-0.065921,-0.27226,-0.20449,0.015627,-0.095665,0.057465,-0.022282,-0.054999,-0.12275,0.063917,0.029784,0.11681,-0.0491,-0.090078,-0.053508,0.025174,-0.040413,-0.06277,-0.19102,-0.1011,0.033951,0.028474,0.22046,0.025916,0.28449,-0.12652,-0.09512,0.12779,0.16419,0.19264,0.0053619,0.22525,-0.030182,-0.030957,-0.087534,0.016428,-0.02228,-7.6259e-05,0.12623,0.12405,-0.062013,0.11553,0.03336,0.15127,0.014336,-0.055206
12,0.8898,0.86642,0.85139,0.80605,0.90883,0.85254,0.84584,0.86797,0.84247,0.87596,0.8409,0.86997,1,0.83302,0.81987,0.84372,0.76169,0.79381,0.78657,0.7797,0.73266,0.75455,0.68352,0.79399,0.63437,0.74505,0.58117,0.70663,0.49381,0.70781,0.68483,0.69943,0.6922,0.5972,0.47215,0.38197,0.50658,0.50877,0.55664,0.51665,0.27082,0.50464,0.38476,0.62744,0.4256,0.33794,0.30837,0.26974,-0.12772,0.027485,0.26647,0.11151,0.35888,0.21786,-0.23673,0.10423,0.050552,0.1101,-0.030672,-0.31081,0.11869,-0.12736,0.0099405,-0.11143,-0.16424,-0.16567,0.1438,-0.14263,-0.002666,-0.066107,-0.1489,-0.039098,-0.085582,0.13465,-0.16553,-0.078525,-0.18528,-0.061673,0.0061271,-0.21065,-0.25411,-0.21341,0.0048948,-0.093907,-0.057548,-0.056574,-0.15798,-0.12746,0.11537,0.031782,-0.054295,-0.13729,0.0055305,-0.089386,0.099063,-0.10982,-0.15462,-0.24673,-0.12104,0.050425,0.0045001,0.36392,0.065056,0.15815,-0.22068,-0.11144,0.17856,0.16408,0.12907,0.11728,0.13329,-0.063314,-0.00034715,-0.13251,0.07807,-0.038888,0.069422,0.14899,0.0488,-0.078763,0.16687,0.013603,-0.0049685,0.090223,-0.15112
13,0.87003,0.85623,0.84953,0.85366,0.83478,0.86458,0.88325,0.8809,0.81925,0.87677,0.86379,0.87555,0.83302,1,0.83884,0.86439,0.79251,0.83464,0.67505,0.76174,0.85131,0.82529,0.67626,0.7412,0.68818,0.6919,0.56223,0.7566,0.54465,0.6241,0.54353,0.81282,0.65903,0.68833,0.39151,0.4128,0.59063,0.61855,0.62533,0.50202,0.20876,0.40558,0.4052,0.45855,0.44219,0.23,0.38991,0.27081,-0.16534,0.10293,0.12743,0.21893,0.32704,0.2135,-0.078198,0.16827,0.078114,0.18118,-0.084857,-0.22476,0.065664,-0.12066,0.11941,-0.21281,-0.1174,-0.1387,-0.037172,-0.13745,-0.041745,-0.065423,-0.074537,0.1367,-0.051508,0.11733,-0.0068495,0.016233,-0.10664,-0.018689,0.18881,-0.17139,-0.18639,-0.20405,0.050414,-0.020754,-0.10727,-0.036639,-0.085207,-0.30141,0.16178,0.0691,0.046266,0.055261,-0.034891,-0.10178,-0.026611,-0.12961,-0.046623,-0.21526,-0.11757,0.15617,0.040383,0.1701,0.18268,0.22513,-0.2033,-0.026049,0.09313,0.05496,0.21959,-0.057431,0.10729,0.0030294,0.064079,-0.16771,0.040983,-0.0019382,0.057545,0.16376,0.12685,-0.11287,0.097701,0.066958,0.084864,0.16269,-0.1387
14,0.78294,0.83094,0.83333,0.81995,0.80097,0.832,0.82294,0.84298,0.80974,0.82187,0.80592,0.77178,0.81987,0.83884,1,0.80872,0.72041,0.75718,0.76101,0.67678,0.76256,0.76245,0.70878,0.73245,0.62143,0.75964,0.60078,0.7555,0.56004,0.55954,0.55859,0.68107,0.6341,0.57059,0.39356,0.41319,0.45348,0.48588,0.56763,0.46262,0.26107,0.43015,0.36937,0.46883,0.53348,0.47861,0.24069,0.33285,-0.10816,0.0909,0.11828,0.20131,0.34442,0.21943,-0.2118,0.063868,0.21107,0.20568,-0.063119,-0.2364,-0.11319,-0.024326,0.076434,-0.085316,-0.19427,-0.14133,0.060385,-0.19502,-0.084337,0.016572,0.031876,0.071252,-0.094793,0.03057,0.0073907,-0.045083,-0.25152,-0.065798,0.11025,-0.19573,-0.23278,-0.31065,-0.036175,0.034626,-0.026671,-0.14539,-0.1159,-0.20192,0.1772,-0.0848,-0.1191,0.12803,-0.08343,-0.13009,0.098285,-0.15311,-0.008054,-0.18436,-0.10478,0.098725,0.10639,0.40553,0.17777,0.20113,-0.16359,-0.14235,0.21787,0.1214,0.16614,-0.080809,0.085976,-0.081686,0.088,-0.25873,-0.072785,0.061776,0.039863,0.22572,0.0031121,-0.26719,0.056523,0.013478,-0.067222,0.088894,-0.28689
15,0.83329,0.84143,0.88548,0.80282,0.83403,0.86067,0.83657,0.88244,0.82366,0.90727,0.81427,0.85163,0.84372,0.86439,0.80872,1,0.84565,0.81931,0.70959,0.79908,0.73724,0.79206,0.69362,0.79621,0.61018,0.71462,0.64446,0.74806,0.5288,0.65244,0.55166,0.7449,0.621,0.67024,0.49733,0.40267,0.50811,0.52632,0.70257,0.58115,0.21588,0.37873,0.40252,0.54287,0.40016,0.32533,0.43119,0.20958,-0.17877,0.11796,0.22658,0.13834,0.34691,0.18211,-0.095811,0.10328,0.10964,0.11727,-0.045425,-0.20582,0.11174,0.056935,0.055046,-0.12886,-0.082264,-0.010954,0.11882,-0.11023,0.11193,0.0091606,-0.093941,0.12391,-0.044612,0.063726,-0.209,0.071102,-0.10193,0.080386,0.059533,-0.049366,-0.16676,-0.12061,-0.019855,0.077603,0.044418,-0.13502,-0.12242,-0.1698,0.1129,0.05645,0.018115,0.08788,-0.14565,-0.18313,-0.08104,-0.21897,-0.033603,-0.22227,-0.051013,0.033481,0.045685,0.26566,0.12938,0.17435,-0.063838,0.065653,0.068936,0.090408,0.17186,-0.030667,0.11432,-0.097182,0.16211,-0.21344,-0.061469,0.13165,0.049282,0.037751,0.10483,-0.075502,0.10644,0.074499,0.0060337,0.054683,-0.19807
16,0.78684,0.80982,0.83321,0.79736,0.76152,0.7828,0.81754,0.828,0.77387,0.86904,0.83007,0.82295,0.76169,0.79251,0.72041,0.84565,1,0.74587,0.57577,0.77302,0.75629,0.73239,0.71074,0.83859,0.69712,0.73996,0.57454,0.75618,0.5805,0.53199,0.56362,0.7289,0.58557,0.60797,0.39756,0.51313,0.53548,0.46106,0.65093,0.48468,0.20086,0.30614,0.44747,0.49533,0.39412,0.24991,0.3986,0.13823,-0.044407,0.064611,0.21643,0.18536,0.22344,0.32117,-0.10025,0.11238,0.19982,0.11371,-0.10509,-0.17661,0.18709,0.024302,0.082732,-0.1524,-0.19075,0.0018955,0.11866,-0.059514,0.19366,-0.066964,-0.08688,-0.036268,-0.044126,0.079397,-0.10797,0.069114,-0.1113,0.14572,0.047647,-0.11909,-0.17583,-0.16977,0.090292,-0.011499,0.031674,-0.19173,0.027779,-0.14252,0.13582,0.042637,0.0064131,-0.062472,-0.07141,-0.1737,-0.02376,-0.11801,-0.055178,-0.1691,0.023951,0.058846,-0.11089,0.15441,0.22485,0.28533,-0.13909,0.010305,0.10965,0.21568,0.39215,-0.033925,0.10797,-0.065772,-0.11076,-0.076703,0.0069676,0.16945,-0.011346,0.11068,0.18217,-0.035734,0.098516,0.063011,0.093225,-0.022272,-0.17534
17,0.82817,0.8009,0.7924,0.79605,0.76944,0.78566,0.81672,0.79912,0.7835,0.79636,0.83194,0.82953,0.79381,0.83464,0.75718,0.81931,0.74587,1,0.70451,0.71229,0.73277,0.81009,0.66131,0.77436,0.57382,0.69035,0.56699,0.71047,0.54626,0.61864,0.53622,0.76718,0.64025,0.61864,0.39343,0.47837,0.45,0.50033,0.58395,0.56172,0.25134,0.38444,0.43959,0.54397,0.35057,0.25864,0.35762,0.18327,-0.084446,-0.033937,0.16814,0.28037,0.25723,0.30518,-0.23221,0.12961,0.081138,0.013491,-0.065199,-0.21159,0.050828,-0.047727,0.053395,-0.16561,-0.14711,-0.10765,0.13766,-0.10416,0.052141,-0.062927,-0.017658,0.087547,-0.050026,0.22592,-0.093978,0.12604,-0.14667,0.074173,0.11771,-0.24473,-0.28762,-0.11216,0.040839,-0.090297,-0.1448,-0.066523,-0.19749,-0.19246,0.12309,-0.031943,0.06949,0.077643,-0.057409,0.032495,-0.0031713,-0.1954,-0.0016151,-0.11407,0.12364,-0.10528,-0.0030391,0.25039,0.20775,0.3783,-0.15494,-0.015346,0.11509,0.12359,0.18442,0.016659,0.047376,-0.054281,0.0092389,-0.19535,-0.022725,-0.0058502,0.041083,0.12153,0.063043,-0.08519,0.087164,0.22557,-0.012429,0.068476,-0.14715
18,0.78365,0.77955,0.66542,0.7774,0.77085,0.76819,0.76824,0.71897,0.78268,0.71913,0.71815,0.74299,0.78657,0.67505,0.76101,0.70959,0.57577,0.70451,1,0.66583,0.69059,0.70234,0.6891,0.68813,0.52692,0.67861,0.50327,0.52428,0.49127,0.60901,0.53838,0.50247,0.68592,0.55763,0.5242,0.45875,0.37154,0.44301,0.47396,0.46392,0.23093,0.39818,0.2643,0.55852,0.4176,0.34088,0.34035,0.23391,-0.076581,-0.011137,0.21885,0.1723,0.2601,0.15513,-0.28982,-0.01347,0.030873,0.023479,0.026374,-0.29242,-0.035595,-0.10464,-0.093376,-0.17535,-0.17353,-0.21468,0.22158,-0.099726,-0.013199,-0.054541,-0.11825,-0.045633,-0.11331,0.025541,-0.082904,0.12366,-0.385,0.0014218,-0.21806,-0.13902,-0.31221,-0.22534,-0.11622,-0.029327,-0.039498,-0.10879,-0.24665,-0.20389,0.13866,-0.13108,0.027467,0.054333,0.16414,0.10142,0.0511,-0.1281,-0.04216,-0.1322,0.067971,-0.078155,0.0035224,0.3153,-0.057362,0.22829,-0.25082,-0.11215,0.05252,0.154,0.099561,0.071724,0.20476,-0.033872,0.10364,-0.076109,-0.024603,-0.090469,-0.0657,-0.029369,-0.0038339,-0.2015,-0.05751,0.079606,-0.12987,-0.072412,-0.13201
19,0.8481,0.79943,0.84045,0.75333,0.74729,0.81742,0.80766,0.80291,0.73867,0.82939,0.82079,0.77097,0.7797,0.76174,0.67678,0.79908,0.77302,0.71229,0.66583,1,0.701,0.79167,0.74714,0.73624,0.55104,0.7026,0.52592,0.68231,0.53365,0.68901,0.6147,0.63007,0.63308,0.66332,0.38525,0.51872,0.37459,0.50221,0.58549,0.49877,0.32982,0.4743,0.40296,0.60378,0.29771,0.37462,0.42096,0.11533,-0.16393,0.05446,0.22463,0.27936,0.26164,0.20989,-0.070717,0.1191,-0.1727,0.032678,-0.053276,-0.26831,0.12377,-0.062499,-0.016729,-0.14441,-0.10134,0.023676,0.16333,-0.17,0.14463,-0.020101,-0.064027,0.054214,-0.068149,0.2373,-0.21269,-0.056945,-0.11803,0.028161,-0.14316,-0.055857,-0.25045,-0.28539,0.051086,0.041986,0.17641,-0.12174,-0.090987,-0.24459,0.19894,0.073512,0.16154,0.021601,0.055083,-0.022223,0.023069,-0.1674,-0.28104,-0.22981,-0.13307,0.018216,0.21239,0.27351,0.17316,0.12205,-0.094597,0.016243,0.25834,0.11033,0.15832,-0.01017,0.24877,0.067322,-0.0083682,-0.091671,-0.025447,0.065693,0.051391,-0.071441,0.18858,-0.076802,0.16478,0.16163,0.052182,-0.12722,-0.19113
20,0.84359,0.809,0.78208,0.85115,0.76159,0.76217,0.82039,0.79415,0.80751,0.76932,0.80895,0.76056,0.73266,0.85131,0.76256,0.73724,0.75629,0.73277,0.69059,0.701,1,0.7343,0.69179,0.67872,0.71549,0.67872,0.44307,0.69615,0.56188,0.47048,0.45133,0.71595,0.70224,0.58261,0.44583,0.56277,0.46702,0.61203,0.5961,0.47168,0.16958,0.40467,0.27314,0.46223,0.46669,0.2326,0.28514,0.22173,-0.17352,-0.015283,0.19128,0.26246,0.30301,0.16521,-0.066795,0.0058037,0.0060103,0.01577,-0.06249,-0.31309,0.018616,-0.16769,0.086436,-0.28354,-0.18767,-0.13184,-0.071471,-0.2343,-0.056377,-0.079821,-0.047465,0.074694,-0.082073,0.069282,-0.077744,-0.046091,-0.21283,-0.04739,0.065787,-0.15116,-0.17214,-0.24849,0.069485,0.049473,-0.058302,-0.10367,-0.019875,-0.23714,0.20019,-0.06474,0.1033,0.1476,0.074787,0.043173,-0.13719,-0.081019,-0.12449,-0.15021,-0.10409,0.10544,-0.066169,0.10572,0.18699,0.28321,-0.20691,-0.014026,0.11551,-0.0089888,0.3223,-0.14147,0.049129,-0.0016387,-0.0044372,-0.12992,0.028456,0.13312,-0.073831,0.17688,0.066525,-0.034726,-0.004987,0.0043814,-0.0011981,0.14564,-0.10859
21,0.82695,0.84638,0.82668,0.85157,0.82471,0.81974,0.81533,0.76328,0.76216,0.79211,0.84203,0.81914,0.75455,0.82529,0.76245,0.79206,0.73239,0.81009,0.70234,0.79167,0.7343,1,0.68022,0.71432,0.51606,0.69861,0.53322,0.70684,0.63183,0.61421,0.47515,0.71575,0.65829,0.64017,0.32588,0.44989,0.45802,0.62185,0.55818,0.52502,0.26833,0.42906,0.33455,0.47293,0.31599,0.24833,0.36696,0.21456,-0.015933,-0.093947,0.080373,0.23934,0.27866,0.26063,-0.082087,0.16705,0.074425,0.13511,0.08834,-0.18872,-0.02724,-0.074319,0.1124,-0.35969,-0.074885,0.023019,0.20986,-0.067408,-0.029274,-0.031794,-0.077781,0.12777,-0.14155,0.16158,-0.27161,-0.03334,-0.28528,-0.021361,0.10894,-0.11961,-0.18877,-0.29114,-0.087881,-0.042591,0.037055,-0.10172,-0.12691,-0.27699,0.26646,-0.0019011,0.11759,-0.011797,-0.042101,-0.10273,-0.041865,-0.065132,-0.12622,-0.15983,-0.012527,0.034622,0.096451,0.20736,0.1836,0.23476,-0.14997,0.032754,0.20168,0.087772,0.20467,-0.0563,0.089107,0.13754,0.070013,-0.083446,-0.062188,0.078979,-0.052516,0.14638,0.17787,-0.14268,0.017726,0.12003,0.062307,-0.069246,-0.084111
22,0.71078,0.72991,0.73881,0.73999,0.65229,0.70302,0.7592,0.76977,0.7079,0.77126,0.76476,0.68269,0.68352,0.67626,0.70878,0.69362,0.71074,0.66131,0.6891,0.74714,0.69179,0.68022,1,0.70367,0.6449,0.79499,0.39737,0.68319,0.48787,0.5332,0.3955,0.55215,0.65639,0.54846,0.4171,0.58067,0.38608,0.41241,0.45077,0.27727,0.35257,0.35251,0.3486,0.56929,0.36711,0.32014,0.44504,0.42173,-0.090113,0.18392,0.34708,0.21281,0.16297,0.25479,-0.20221,0.20297,-0.019423,0.047749,0.0063938,-0.2102,-0.16456,-0.011478,-0.020768,-0.17022,-0.23007,-0.062257,0.19601,-0.13319,-0.003385,-0.019429,0.021085,0.022092,-0.29797,0.29011,-0.16102,0.12336,-0.20304,0.0188,-0.14133,-0.068712,-0.043153,-0.22674,-0.0069842,0.10832,0.059909,-0.10467,-0.13162,-0.17748,0.19744,-0.18284,0.15385,0.06337,0.13751,-0.015503,-0.0065324,-0.09949,-0.029714,-0.17176,-0.02855,0.011137,0.071639,0.11006,0.017189,0.25431,0.061489,-0.118,0.021618,0.35018,0.19433,-0.027129,0.30869,-0.06723,0.13946,-0.046603,-0.010771,-0.013854,-0.042848,-0.026897,0.078577,-0.023953,-0.0032094,0.050409,0.04946,-0.09236,-0.083882
23,0.77685,0.83115,0.80043,0.79243,0.80669,0.76497,0.82093,0.79205,0.82177,0.83012,0.8018,0.82306,0.79399,0.7412,0.73245,0.79621,0.83859,0.77436,0.68813,0.73624,0.67872,0.71432,0.70367,1,0.66126,0.78816,0.50385,0.69813,0.63581,0.61321,0.62159,0.7095,0.56904,0.66922,0.44756,0.49675,0.51757,0.33053,0.64655,0.47974,0.16396,0.33769,0.33289,0.62977,0.4542,0.33252,0.24305,0.20038,-0.09362,0.068451,0.23412,0.26095,0.24957,0.19616,-0.15768,0.16236,0.065003,-0.040701,0.0020561,-0.2241,-0.029518,-0.18504,-0.025267,0.012436,-0.2434,-0.073921,0.24218,-0.059061,0.0046072,-0.056503,-0.18645,-0.074935,-0.043374,0.14712,-0.09652,0.024733,-0.16833,0.19337,-0.05563,-0.16076,-0.27838,-0.13938,0.086651,-0.15532,-0.1011,-0.1417,-0.051586,-0.13625,0.062778,0.045877,-0.10518,-0.054358,0.028428,-0.020134,-0.050132,-0.032722,-0.037109,-0.17567,0.087199,-0.09855,-0.16051,0.19496,0.12336,0.3163,-0.16042,-0.08498,0.21606,0.30464,0.34316,0.14613,0.038812,-0.17482,-0.055524,-0.0084455,-0.003237,0.13135,0.012534,0.10718,0.16174,-0.016998,0.12154,0.15583,-0.027758,-0.057537,-0.080428
24,0.70784,0.65296,0.65663,0.64583,0.63636,0.69314,0.72395,0.73296,0.68027,0.65916,0.70819,0.63529,0.63437,0.68818,0.62143,0.61018,0.69712,0.57382,0.52692,0.55104,0.71549,0.51606,0.6449,0.66126,1,0.63851,0.34188,0.55252,0.55175,0.455,0.36444,0.65609,0.49928,0.46937,0.51612,0.44002,0.50168,0.36599,0.51876,0.3097,0.15734,0.23981,0.31098,0.3919,0.3529,0.20749,0.26655,0.35824,0.1135,0.12408,0.24428,0.24452,0.27477,0.16139,-0.1518,0.18622,0.054712,0.11655,-0.13858,-0.22202,-0.045294,-0.24527,-0.0014781,-0.13221,-0.13032,-0.12032,-0.041987,-0.13684,0.014077,-0.19462,-0.05464,-0.086158,-0.20047,0.064355,-0.062936,0.12818,-0.20158,0.12255,0.048553,-0.12304,-0.072586,-0.14261,0.013087,0.060958,-0.16612,-0.053254,-0.18785,-0.25402,0.062883,-0.015174,-0.025361,-0.021365,0.019189,-0.15463,0.17437,-0.081839,0.089145,-0.1726,0.010152,0.03067,-0.18672,0.08592,0.13037,0.19787,-0.21697,-0.051608,0.087693,0.10834,0.24021,-0.02606,-0.0066896,-0.084506,0.071051,-0.045501,0.27683,0.14743,0.11263,0.02436,0.27708,0.028892,0.14193,-0.10788,0.1741,0.092615,-0.071927
25,0.79169,0.82281,0.78752,0.75619,0.78284,0.68043,0.76924,0.76615,0.83525,0.75965,0.73725,0.76083,0.74505,0.6919,0.75964,0.71462,0.73996,0.69035,0.67861,0.7026,0.67872,0.69861,0.79499,0.78816,0.63851,1,0.54903,0.73169,0.56696,0.53968,0.45933,0.66129,0.65363,0.54017,0.44581,0.47543,0.42956,0.35049,0.55141,0.36137,0.41435,0.35009,0.29251,0.51109,0.47842,0.35202,0.45572,0.49893,-0.13528,-0.0098742,0.13309,0.2511,0.25644,0.24817,-0.22329,0.14188,0.12423,0.059415,0.028018,-0.15759,-0.19117,-0.18658,0.0075332,-0.16696,-0.22269,-0.071754,0.18276,-0.094489,0.050094,-0.12068,-0.14321,0.061015,-0.21903,0.23656,-0.21513,-0.051716,-0.35126,0.13048,-0.14707,-0.27957,-0.14403,-0.43066,0.13293,0.040654,0.049117,-0.027089,-0.067229,-0.23517,0.12316,-0.14752,0.018519,0.024444,-0.029547,-0.0051307,0.011873,-0.13811,-0.028496,-0.15623,-0.086688,-0.12025,0.12175,0.30241,0.11584,0.17331,-0.040825,0.013635,0.30125,0.32329,0.13657,0.13104,0.081785,-0.044779,0.062096,-0.14485,0.094137,-0.023058,-0.11734,0.094229,0.23932,0.001653,0.16076,0.13604,0.043009,-0.028457,-0.11165
26,0.59501,0.57658,0.56833,0.52714,0.58929,0.62277,0.53261,0.67007,0.56902,0.57231,0.6013,0.56492,0.58117,0.56223,0.60078,0.64446,0.57454,0.56699,0.50327,0.52592,0.44307,0.53322,0.39737,0.50385,0.34188,0.54903,1,0.535,0.42178,0.54978,0.33135,0.49093,0.43925,0.42233,0.28853,0.12859,0.39916,0.32312,0.54586,0.31959,0.33498,0.17726,0.41604,0.18846,0.3306,0.22414,0.28463,-0.019296,-0.16461,-0.19366,0.14465,0.045449,0.29247,0.18818,-0.20158,0.024363,0.1923,0.0084426,-0.024808,-0.30055,0.1981,0.1678,-0.13596,-0.014047,-0.17222,-0.13493,0.2954,-0.12952,0.25439,-0.084775,0.019346,-0.022648,0.043465,0.096689,-0.21054,-0.019385,-0.091792,0.089799,0.15314,-0.090131,-0.2282,-0.14877,-0.088587,-0.059441,0.019686,-0.039282,-0.072979,-0.027898,-0.060588,0.0025042,0.01065,-0.060716,-0.19607,-0.17635,-0.078226,-0.2319,-0.10159,-0.28603,0.0051107,-0.13034,0.065766,0.45089,0.042229,0.048271,-0.14448,0.0068862,0.11109,0.033854,0.16213,-0.11269,0.034087,0.18167,0.077541,-0.123,-0.13191,-0.13177,-0.015208,0.1704,0.066282,-0.21998,0.23218,0.20504,-0.011934,0.0092845,-0.32241
27,0.77046,0.77884,0.75717,0.72499,0.71132,0.68857,0.73828,0.7497,0.79491,0.7769,0.78844,0.72006,0.70663,0.7566,0.7555,0.74806,0.75618,0.71047,0.52428,0.68231,0.69615,0.70684,0.68319,0.69813,0.55252,0.73169,0.535,1,0.46818,0.50078,0.52147,0.68271,0.59099,0.55946,0.2239,0.40291,0.46093,0.40726,0.64362,0.44718,0.16519,0.30356,0.28968,0.51283,0.41527,0.2313,0.37935,0.28151,-0.24083,0.057137,0.18151,0.1644,0.33703,0.24757,-0.046508,0.064232,0.080921,0.11448,-0.12512,-0.22589,-0.085648,0.096238,0.084492,-0.030582,-0.15393,-0.16662,0.055327,-0.16811,0.066698,-0.011179,-0.075195,0.11595,-0.15349,0.19955,-0.08497,-0.00047596,-0.25487,-0.010893,0.14242,-0.26457,-0.027177,-0.28266,-0.021426,-0.16313,0.058186,-0.14367,0.075847,-0.10893,0.11409,-0.10652,-0.015731,-0.00032058,-0.29319,-0.077503,-0.016443,-0.34495,0.048055,-0.05202,-0.03347,-0.076039,0.011094,0.17087,0.17152,0.32,-0.049529,-0.053908,0.23982,0.22058,0.2492,0.010747,0.092781,0.011579,0.018408,-0.16947,0.10044,0.01931,0.13606,0.19354,0.22468,0.065473,-0.00099595,-0.0034023,-0.096366,0.11531,-0.23994
28,0.62451,0.67982,0.59073,0.67569,0.57142,0.58985,0.65218,0.55028,0.62701,0.58268,0.6181,0.62572,0.49381,0.54465,0.56004,0.5288,0.5805,0.54626,0.49127,0.53365,0.56188,0.63183,0.48787,0.63581,0.55175,0.56696,0.42178,0.46818,1,0.44396,0.32083,0.53054,0.55944,0.42499,0.42266,0.42058,0.42773,0.33659,0.39256,0.39139,0.16284,0.36019,0.33822,0.28233,0.37068,0.085741,0.17702,0.099576,-0.0154,-0.20601,0.20942,0.36044,-0.010838,0.20653,-0.207,0.15711,-0.022559,0.097004,0.014177,-0.15426,-0.1773,-0.27742,0.041999,-0.32718,-0.27761,-0.023636,0.16718,-0.059339,-0.12086,0.039152,-0.10575,0.013327,-0.14232,0.064918,-0.27031,0.12136,-0.28788,-0.02107,0.1714,-0.040987,-0.17772,-0.25811,-0.026255,0.13463,0.044017,0.14117,-0.00029919,-0.36464,0.034756,-0.06226,0.087566,-0.0094297,-0.039583,-0.11868,0.15495,0.16012,-0.20476,-0.17601,-0.033679,-0.13863,-0.11253,0.27976,0.10376,0.1746,-0.068468,-0.1855,0.15906,0.01736,0.17899,-0.018123,0.0052971,-0.097372,-0.067193,-0.12253,-0.10952,0.12883,-0.1604,0.15492,0.054225,-0.085929,0.38363,0.11736,0.31104,-0.063466,-0.070668
29,0.70515,0.69939,0.58356,0.59685,0.64974,0.71686,0.66156,0.70521,0.61123,0.62578,0.6882,0.68012,0.70781,0.6241,0.55954,0.65244,0.53199,0.61864,0.60901,0.68901,0.47048,0.61421,0.5332,0.61321,0.455,0.53968,0.54978,0.50078,0.44396,1,0.50533,0.49934,0.3461,0.62321,0.39633,0.31437,0.30014,0.43514,0.27572,0.41203,0.37252,0.45588,0.407,0.5433,0.29489,0.24915,0.25811,0.092075,-0.14139,-0.22613,0.36807,0.3185,0.24574,0.2456,-0.26008,0.13723,-0.22918,0.022272,-0.1671,-0.37391,-0.017424,0.008137,-0.070271,-0.10786,-0.031713,-0.13011,0.28445,-0.075145,-0.019267,0.081531,-0.086991,0.15292,0.062676,0.2379,-0.17407,0.12139,-0.192,0.041406,-0.16183,-0.01959,-0.15352,-0.17568,-0.08722,-0.11355,-0.06453,-0.027986,-0.1878,-0.037431,0.024919,0.043643,0.10152,-0.19921,-0.027482,-0.064646,0.017673,-0.010221,-0.11901,-0.28074,-0.049522,-0.14718,0.095147,0.25879,0.0092762,0.12148,-0.11778,-0.047289,0.19213,0.13736,0.18788,0.21241,0.017615,-0.11672,0.15597,-0.057703,0.11673,-0.04791,-0.010439,-0.085441,0.119,-0.051966,0.16718,0.17137,0.083357,-0.13117,-0.2474
30,0.60318,0.58705,0.61746,0.5046,0.6143,0.64016,0.55405,0.54044,0.62234,0.63527,0.53988,0.62835,0.68483,0.54353,0.55859,0.55166,0.56362,0.53622,0.53838,0.6147,0.45133,0.47515,0.3955,0.62159,0.36444,0.45933,0.33135,0.52147,0.32083,0.50533,1,0.53133,0.48091,0.38619,0.26952,0.35352,0.38137,0.28736,0.43188,0.31478,0.13906,0.23262,0.38901,0.51573,0.17807,0.35012,0.12156,0.016236,-0.26431,0.06783,0.16612,0.19761,0.26089,0.25993,-0.14171,-0.034066,-0.077744,-0.084721,-0.080899,-0.15139,0.070882,-0.040793,0.19491,0.090449,-0.2498,-0.040684,0.054919,-0.027337,0.065439,0.056912,-0.13021,-0.17001,-0.0095627,0.025932,0.098392,-0.10167,-0.20019,0.09534,-0.13713,-0.13871,-0.093899,-0.069714,0.12759,-0.17828,0.10745,-0.053629,0.25516,-0.11021,0.10427,0.1426,-0.29621,-0.096799,0.0014743,-0.030181,0.058717,0.060456,-0.11351,-0.072575,0.007579,0.143,0.013621,0.36264,0.19789,0.21371,-0.29497,-0.2364,-0.0052237,0.22345,-0.062833,0.16104,0.11991,0.042977,0.01579,-0.079817,0.089095,0.0046281,0.035581,-0.032651,-0.043275,-0.08447,-0.12171,-0.027704,-0.14962,-0.02819,-0.16612
31,0.76629,0.76566,0.75078,0.74408,0.75944,0.71406,0.8114,0.71408,0.77211,0.74566,0.75912,0.76129,0.69943,0.81282,0.68107,0.7449,0.7289,0.76718,0.50247,0.63007,0.71595,0.71575,0.55215,0.7095,0.65609,0.66129,0.49093,0.68271,0.53054,0.49934,0.53133,1,0.57368,0.5209,0.47532,0.333,0.64678,0.44038,0.58569,0.41924,0.11542,0.25602,0.23081,0.40087,0.28489,0.19064,0.34593,0.23688,-0.12331,0.044766,0.18733,0.3032,0.34458,0.25625,-0.026326,0.11949,0.17643,-0.038045,-0.22143,-0.21937,0.14769,-0.076726,0.26841,-0.1022,-0.21626,0.0076921,0.015964,0.12769,0.021473,-0.14618,-0.070818,0.067664,0.0528,0.042314,-0.046562,-0.18261,-0.20093,0.15466,0.13516,-0.13157,-0.039234,-0.091529,0.15947,-0.024538,-0.12665,0.08533,0.012849,-0.35592,0.29644,0.042103,-0.11887,0.12447,-0.041775,-0.053808,0.037922,-0.0047054,0.077815,-0.2207,0.04159,-0.0045471,-0.10391,0.17033,0.28536,0.17916,-0.20926,0.043756,0.10511,0.14152,0.094444,-0.0045548,-0.098291,-0.0056898,0.0348,-0.23545,0.077399,0.10618,-0.073658,0.10449,0.14125,-0.018567,0.15925,0.14524,-0.077832,0.15377,-0.087037
32,0.70064,0.70615,0.66389,0.72042,0.72014,0.68564,0.64621,0.59166,0.65773,0.69414,0.66253,0.69499,0.6922,0.65903,0.6341,0.621,0.58557,0.64025,0.68592,0.63308,0.70224,0.65829,0.65639,0.56904,0.49928,0.65363,0.43925,0.59099,0.55944,0.3461,0.48091,0.57368,1,0.41694,0.33976,0.414,0.50669,0.40904,0.55356,0.35396,0.20548,0.33689,0.13404,0.42283,0.42105,0.087785,0.39373,0.27097,-0.20126,0.059863,0.27613,0.22124,0.14351,0.26551,-0.27832,0.004617,-0.028382,0.079586,-0.012884,-0.37972,-0.022551,-0.17193,-0.072996,-0.19355,-0.11157,-0.1671,0.08536,-0.15003,0.040329,-0.09917,0.0058496,-0.037571,-0.073173,0.15108,-0.078564,-0.012171,-0.14067,-0.11904,-0.00058965,-0.11333,-0.18225,-0.19326,-0.016272,0.096549,0.11084,-0.02122,0.068688,-0.35149,0.027032,-0.062234,0.069198,0.049073,-0.03046,0.013964,-0.050492,-0.059063,-0.14349,-0.071769,-0.16343,0.052128,-0.027559,0.31422,0.089742,0.15164,-0.28909,-0.0064368,0.13842,0.066235,0.16603,-0.12402,0.19272,0.14919,0.011572,-0.31234,-0.0099539,-0.0895,-0.084155,0.17252,-0.068265,-0.0065221,0.1242,0.036647,0.077185,0.16024,-0.11204
33,0.65694,0.63171,0.58757,0.64099,0.6327,0.61789,0.665,0.68526,0.62989,0.66142,0.68868,0.64026,0.5972,0.68833,0.57059,0.67024,0.60797,0.61864,0.55763,0.66332,0.58261,0.64017,0.54846,0.66922,0.46937,0.54017,0.42233,0.55946,0.42499,0.62321,0.38619,0.5209,0.41694,1,0.12529,0.35096,0.22389,0.32368,0.59973,0.35021,0.22654,0.29368,0.27514,0.56178,0.42871,0.047043,0.27339,0.25236,-0.12039,0.080965,0.22103,0.23197,0.11605,0.035559,0.062422,0.15104,-0.089643,-0.038644,-0.071604,-0.1567,0.038066,-0.041631,-0.033671,-0.1095,-0.03393,0.059809,0.15296,0.052261,-0.029582,0.0089142,-0.0050149,0.29564,0.1094,0.20363,0.068424,0.067893,-0.043769,0.12503,0.099954,-0.15083,-0.16432,-0.10275,0.03993,-0.067111,-0.1199,-0.11878,-0.19793,-0.11955,0.052376,0.2033,0.055982,-0.053701,0.057411,-0.037255,-0.06699,-0.1383,-0.063444,-0.017085,-0.12847,0.019925,-0.082044,-0.019581,-0.023936,0.18384,-0.17255,0.15085,0.26731,0.22429,0.28146,-0.081666,-0.016333,-0.12885,0.094547,-0.096512,0.078923,0.11185,0.21406,-0.061673,0.031089,-0.29219,0.10359,0.10143,0.17447,-0.019558,0.040073
34,0.47716,0.46731,0.46519,0.4476,0.45647,0.39771,0.5433,0.46412,0.49261,0.45149,0.3758,0.4156,0.47215,0.39151,0.39356,0.49733,0.39756,0.39343,0.5242,0.38525,0.44583,0.32588,0.4171,0.44756,0.51612,0.44581,0.28853,0.2239,0.42266,0.39633,0.26952,0.47532,0.33976,0.12529,1,0.34185,0.3263,0.25855,0.24793,0.33405,0.01165,0.17055,0.069461,0.34651,0.12853,0.35084,0.26566,0.23965,0.026872,-0.075271,0.20256,0.22456,0.25523,0.26116,-0.23678,0.10158,0.048536,-0.032904,-0.1702,-0.073854,0.0057958,0.098351,-0.063703,-0.0014521,-0.14281,-0.069679,0.11089,0.13807,-0.0048836,-0.27934,-0.32604,-0.038445,-0.19273,-0.12673,-0.32635,0.18975,-0.34656,0.12601,-0.20788,0.16334,-0.010763,-0.10258,-0.053991,0.32202,-0.044935,0.13814,-0.076513,-0.21788,0.16434,-0.18263,-0.014938,0.026691,0.14388,0.057225,0.065724,0.16181,-0.017113,-0.1901,0.043311,-0.057196,-0.067526,0.27291,0.053139,0.16137,-0.067007,-0.052147,-0.16098,0.18732,-0.040559,0.12442,0.0085005,-0.087211,0.032786,-0.077044,-0.030305,0.12146,-0.10372,-0.17371,0.071006,0.082701,0.15045,0.15724,-0.21435,-0.10316,-0.14613
35,0.44785,0.53945,0.50205,0.48522,0.40893,0.42981,0.4718,0.48593,0.42079,0.42057,0.52254,0.57232,0.38197,0.4128,0.41319,0.40267,0.51313,0.47837,0.45875,0.51872,0.56277,0.44989,0.58067,0.49675,0.44002,0.47543,0.12859,0.40291,0.42058,0.31437,0.35352,0.333,0.414,0.35096,0.34185,1,0.15895,0.36429,0.31203,0.17601,0.24685,0.34784,0.15186,0.36109,0.060877,0.23887,0.095318,0.20725,0.074252,-0.042215,0.14975,0.19896,0.024183,0.37734,0.16714,0.066453,-0.093429,-0.11379,0.046632,0.13731,-0.090979,-0.069106,-0.054754,-0.14318,-0.17584,0.02823,0.15608,-0.13523,0.079519,0.13771,-0.098189,0.059706,-0.10039,0.16339,-0.15731,0.19545,-0.19737,-0.15982,-0.10135,0.1716,-0.24912,-0.29933,0.069718,0.14234,0.33779,0.035575,0.053872,0.086237,0.034674,-0.23573,0.33862,0.048845,0.056936,0.18507,0.046663,0.091818,-0.0027899,0.093384,0.017964,0.048814,0.064354,0.092619,-0.082774,0.45556,-0.011209,-0.18266,0.0080652,0.26667,0.091329,-0.20968,0.36295,-0.18322,-0.17591,0.036848,-0.096673,0.17935,0.072276,-0.095909,0.078077,-0.019548,-0.13495,0.1572,0.022887,-0.11901,-0.033815
36,0.4896,0.58276,0.47732,0.46519,0.50326,0.55183,0.45961,0.54071,0.52398,0.53601,0.43937,0.57473,0.50658,0.59063,0.45348,0.50811,0.53548,0.45,0.37154,0.37459,0.46702,0.45802,0.38608,0.51757,0.50168,0.42956,0.39916,0.46093,0.42773,0.30014,0.38137,0.64678,0.50669,0.22389,0.3263,0.15895,1,0.31134,0.42036,0.13986,-0.0011975,0.25761,0.15059,0.17133,0.33679,-0.081824,0.22209,0.05487,0.082298,0.069931,0.10085,0.088628,0.2727,0.16206,-0.12363,0.51984,0.18575,0.094032,-0.20172,-0.31752,0.16188,-0.28954,0.11856,-0.20086,-0.1827,-0.20654,-0.098391,0.11661,0.015763,0.018114,0.0041677,-0.15585,-0.020728,-0.001253,0.079964,-0.0050056,-0.19384,-0.13952,0.092907,-0.050336,-0.021206,0.011202,0.00092716,-0.098399,-0.042355,0.17166,0.064321,-0.26065,-0.021786,-0.12487,-0.12016,0.0046699,-0.053842,-0.13895,0.12284,-0.082647,-0.15396,-0.22597,0.087928,0.020641,-0.27045,0.13797,0.18221,-0.052498,-0.072281,-0.2233,-0.14479,0.11696,0.087647,-0.016389,0.075555,0.045919,0.083407,0.011587,0.084821,0.015604,-0.18142,0.32728,0.10636,0.17806,-0.014591,0.01117,0.010246,0.056641,-0.21792
