2.8642e-11 4.5119e-12 2.8418e-12 6.9833e-12 4.6836e-12 8.107e-12 -1.8211e-12 2.6914e-12 -5.7719e-14 1.9516e-12 -1.6697e-12 1.4882e-12 -6.2293e-12 1.9866e-13 -8.2894e-12 -4.0487e-12 -7.3664e-12 -6.484e-12 -6.3159e-12 -9.9495e-12 -9.9859e-13 -7.2981e-12 -1.0413e-11 -6.773e-12 -1.926e-12 -6.6863e-12 -4.807e-12 -5.1377e-12 -2.3037e-12 -3.6726e-12 -1.0016e-11 3.2412e-12 -3.4673e-12 -4.1387e-12 5.3288e-13 4.9368e-12 -1.2365e-12 1.4483e-12 6.8349e-13 2.203e-13 1.8752e-13 3.6569e-12 1.2767e-13 -1.2814e-12 2.0246e-13 2.3483e-13 -1.5341e-12 -9.0172e-13 -3.5934e-13 1.2103e-12 -1.484e-12 4.2849e-12 1.404e-12 -1.1412e-12 4.1794e-14 2.9809e-12 4.2899e-13 3.5572e-12 6.1296e-14 5.5543e-13 1.6845e-12 4.3036e-13 2.3925e-12 2.7394e-12 1.8843e-12 -1.1744e-12 3.9873e-13 4.1256e-13 3.6713e-12 2.4747e-12 -9.6708e-13 1.8528e-12 -3.2991e-13 -1.2775e-13 4.3742e-13 5.5362e-13 6.9438e-13 2.5039e-14 -6.1753e-14 2.294e-13 2.1464e-13 4.7654e-13 9.9091e-14 8.3929e-15 -2.6431e-14 -3.7938e-14
4.5119e-12 2.7724e-11 2.0015e-12 7.6643e-12 5.9739e-12 -6.5831e-12 5.5427e-13 3.9013e-12 -3.7326e-13 2.8277e-12 4.0102e-12 2.871e-14 3.4456e-12 -3.3807e-12 -5.3301e-12 -8.1066e-12 -4.5639e-12 -4.5842e-12 2.4907e-12 -1.088e-11 -3.0588e-12 5.7351e-13 -3.5984e-12 -8.579e-13 -2.3588e-12 -1.3723e-12 2.4945e-13 4.7526e-12 1.102e-12 1.2223e-13 -5.3602e-12 6.7874e-13 -1.8522e-12 -3.9329e-12 4.3709e-12 2.112e-12 -4.5021e-12 2.0379e-12 -3.3256e-12 -1.3435e-12 -5.0739e-12 5.9664e-13 -2.358e-12 -1.4493e-12 6.5224e-12 1.65e-12 7.4915e-13 -3.4156e-12 7.4054e-13 5.4052e-12 -1.8354e-12 1.4692e-12 -3.1411e-12 8.1965e-13 -2.0677e-13 -1.3965e-12 -1.1723e-12 -1.1965e-13 1.2126e-12 1.4143e-12 2.8807e-13 -5.9285e-13 -1.4926e-12 -1.7063e-12 4.145e-13 1.8414e-12 1.0971e-12 -6.6792e-13 1.1722e-12 -4.1614e-13 -7.4935e-13 1.0325e-12 -6.425e-13 5.8752e-13 -1.0836e-12 1.2617e-14 8.6559e-13 2.1706e-13 1.0285e-12 7.458e-14 1.0451e-12 3.2431e-13 2.9681e-13 7.2103e-14 3.0122e-14 9.6621e-15
2.8418e-12 2.0015e-12 2.3581e-11 -1.1506e-12 5.7462e-12 -2.4462e-12 3.5835e-12 1.7697e-12 6.0132e-12 -1.1729e-13 4.8823e-12 -4.5664e-12 5.2535e-12 7.7942e-13 5.2374e-13 -1.3012e-13 -3.6131e-12 2.9944e-12 8.6502e-13 -6.4443e-12 -3.4492e-12 -1.6421e-12 -7.705e-13 2.9177e-12 1.628e-12 2.4596e-13 -1.8541e-12 -8.3497e-13 1.2476e-12 2.3997e-12 -2.5638e-12 -1.2359e-12 5.9353e-12 -2.3805e-12 -5.5936e-13 5.0252e-12 9.7628e-13 -5.3802e-13 -3.7938e-12 -3.0179e-12 3.3031e-12 3.1796e-12 8.321e-13 1.3105e-12 -1.5716e-12 2.7427e-13 2.559e-12 1.1208e-12 -3.6003e-12 -6.0811e-13 -2.9733e-13 3.7898e-13 1.1937e-12 -1.767e-13 -2.2914e-12 3.3649e-12 -2.4767e-12 1.2449e-12 1.7393e-12 -1.2351e-12 1.2262e-12 -1.0614e-12 1.6768e-12 2.0916e-12 -1.0856e-12 -1.7315e-12 -1.5738e-12 3.393e-14 -2.758e-12 -2.5532e-13 9.8318e-13 7.3938e-13 2.7951e-13 1.0424e-12 9.2139e-14 3.3812e-13 -6.9451e-13 2.579e-13 1.1522e-13 -1.7837e-13 -9.8579e-16 1.3209e-13 2.9797e-15 1.2796e-14 1.6323e-14 2.2313e-14
6.9833e-12 7.6643e-12 -1.1506e-12 2.0596e-11 2.2858e-12 3.8205e-12 2.6271e-12 8.2457e-13 3.8003e-12 4.5255e-12 1.5056e-12 8.7034e-12 2.3909e-13 8.4889e-12 1.4193e-12 2.19e-12 -1.6401e-12 7.5148e-13 4.1922e-12 -2.3873e-12 3.6839e-12 4.0603e-12 1.0106e-13 1.8343e-13 3.4151e-12 5.5745e-13 2.4127e-12 5.2885e-12 4.6495e-12 5.0114e-12 -2.0091e-12 2.6005e-12 1.4849e-12 -1.4547e-12 4.9712e-12 8.1526e-12 1.3882e-12 1.0733e-12 3.3207e-12 3.6686e-12 5.8808e-12 4.7444e-12 -1.2262e-12 -1.5796e-12 -2.3976e-15 1.8021e-12 9.783e-13 -4.9712e-13 -1.8205e-12 3.7883e-12 -5.1137e-13 6.036e-12 -2.2955e-13 3.1024e-12 -8.0409e-13 1.9483e-12 -6.555e-13 -6.6202e-13 -5.7148e-14 3.4798e-13 -3.694e-13 -3.9127e-13 2.0438e-12 -1.676e-12 1.1012e-12 2.1824e-12 2.2556e-13 6.4446e-13 1.9706e-12 6.5942e-13 -3.5944e-13 4.2528e-13 -1.8839e-13 6.5468e-13 -9.8771e-13 7.5997e-13 -5.6038e-13 4.1565e-13 3.5616e-13 2.6436e-13 5.213e-13 1.2493e-13 2.0085e-13 4.3681e-14 2.745e-14 -1.0766e-14
4.6836e-12 5.9739e-12 5.7462e-12 2.2858e-12 3.9051e-11 8.0363e-12 1.0412e-12 1.4113e-12 2.1837e-12 6.8325e-12 9.0352e-12 2.5755e-12 2.5791e-12 7.0549e-12 -7.2706e-12 5.2678e-12 -4.9298e-12 -3.6944e-12 1.1285e-12 -6.0658e-12 -1.5491e-12 4.0023e-12 4.1562e-12 -9.0115e-12 -5.2377e-12 3.8775e-13 3.8069e-12 -1.5568e-12 -3.5798e-12 2.784e-12 -2.3548e-12 4.0972e-12 -4.0338e-13 4.5426e-13 5.1121e-13 -1.8316e-13 4.5106e-13 -3.6945e-12 -1.7815e-12 -1.2486e-13 3.5145e-12 3.5223e-12 -3.2422e-12 1.9077e-12 1.1219e-12 3.223e-12 -2.1841e-12 6.0291e-13 1.448e-14 3.0994e-12 6.7917e-13 -7.1872e-13 3.1197e-12 -1.0123e-12 -2.6794e-12 7.1527e-13 2.6852e-12 5.1305e-12 6.7594e-13 -1.0221e-12 1.4349e-12 3.9133e-13 -2.6842e-12 8.4735e-13 5.3654e-13 2.0771e-12 3.6294e-12 8.5037e-13 3.6672e-13 -2.0127e-12 -1.0129e-12 1.0697e-12 1.8526e-12 -2.0886e-12 -3.5328e-13 1.066e-12 -6.8068e-13 3.6146e-13 1.1721e-12 9.2117e-13 2.0881e-13 4.2002e-13 -2.0545e-14 3.9284e-14 4.5301e-14 1.9813e-14
8.107e-12 -6.5831e-12 -2.4462e-12 3.8205e-12 8.0363e-12 4.0025e-11 4.7434e-12 5.4566e-13 -2.3e-12 1.6589e-12 3.5532e-12 1.477e-11 -1.5398e-12 1.149e-11 5.4994e-12 6.0664e-12 -4.6346e-15 -2.7284e-12 -3.2851e-12 7.392e-12 3.8909e-12 1.2177e-11 4.3543e-12 6.8096e-12 5.8976e-12 -1.2202e-12 -5.2144e-13 2.5808e-12 1.9432e-12 2.5881e-12 1.9235e-12 -7.0055e-13 -4.7116e-13 5.9831e-12 1.9373e-12 2.9818e-12 6.8616e-14 -2.35e-12 2.2287e-12 2.2218e-12 1.9383e-12 1.0364e-12 3.0212e-13 7.8551e-13 -2.9591e-12 -2.7524e-12 2.7487e-12 2.1636e-12 6.6079e-13 -2.8571e-12 1.161e-13 1.496e-12 4.3148e-12 -2.2126e-12 3.5704e-12 1.5554e-13 2.4944e-12 3.5815e-13 -1.4672e-12 -4.8855e-13 2.1046e-12 -1.4828e-12 6.2717e-13 1.9627e-12 2.794e-12 4.734e-13 -3.2731e-13 -3.0738e-13 3.0702e-12 1.1245e-12 -1.3529e-12 7.989e-14 1.527e-12 -2.2551e-12 -9.864e-13 9.9219e-13 -2.6455e-13 1.8505e-15 -8.7822e-13 1.1318e-12 -1.7846e-13 5.3732e-13 -1.8827e-13 -3.4847e-14 4.9607e-15 -4.7359e-14
-1.8211e-12 5.5427e-13 3.5835e-12 2.6271e-12 1.0412e-12 4.7434e-12 3.3569e-11 2.0018e-12 6.4116e-12 8.8088e-12 1.1418e-11 1.1275e-11 1.3871e-11 7.4361e-12 7.9011e-12 8.6087e-12 -2.9111e-13 7.0854e-12 1.446e-12 1.2045e-11 5.8162e-12 7.1796e-12 8.2392e-12 1.2648e-11 1.3003e-11 3.6848e-12 1.0325e-12 8.6885e-12 6.9409e-12 3.2545e-12 6.8392e-12 2.104e-12 6.5998e-12 -1.0249e-13 6.1829e-12 5.7054e-12 -7.2319e-12 1.4185e-12 -6.0742e-14 5.3258e-12 -1.4568e-12 -2.7548e-13 1.0279e-12 -1.1011e-12 -1.6306e-12 3.0378e-12 2.8738e-12 2.7486e-12 -2.5071e-12 2.7042e-12 3.8662e-12 1.847e-12 3.3143e-12 8.0936e-13 -1.2893e-13 3.9249e-12 2.2946e-12 1.3526e-13 4.764e-12 -1.2254e-12 1.8737e-12 8.1319e-13 2.6373e-12 -5.9245e-13 1.0295e-13 2.03e-12 1.4707e-12 6.0758e-13 7.1444e-13 -2.0179e-12 -2.233e-12 2.2635e-12 2.2345e-12 9.5767e-13 9.3883e-13 1.2236e-12 -4.7774e-13 1.0267e-14 1.054e-12 -7.8248e-13 -2.2684e-13 4.2729e-13 -3.8151e-15 2.0444e-14 4.44e-14 -3.1253e-15
2.6914e-12 3.9013e-12 1.7697e-12 8.2457e-13 1.4113e-12 5.4566e-13 2.0018e-12 2.4664e-11 6.0851e-13 1.3183e-12 7.3598e-13 -1.1683e-12 2.9922e-13 2.0546e-12 4.4256e-12 4.3417e-12 -4.3809e-12 -4.5983e-12 -1.7273e-12 -3.3658e-12 1.7223e-12 1.5557e-12 6.0115e-13 3.7525e-12 -1.1406e-12 -6.4514e-12 -5.2076e-13 4.6505e-12 3.5812e-12 -6.3068e-12 -3.4914e-12 1.4087e-12 2.2353e-12 -4.2469e-12 -1.3994e-12 1.4871e-12 -7.1698e-12 -4.6115e-12 -1.4983e-12 -1.2736e-12 -3.6624e-12 -1.326e-12 -3.1444e-12 -1.2963e-13 -8.481e-13 8.5283e-13 -5.0811e-13 1.0449e-12 -1.3297e-12 2.6874e-12 -3.6091e-14 1.441e-12 -2.8961e-12 2.1578e-12 -1.1176e-13 -2.3662e-12 -9.6564e-13 -6.3123e-13 8.4293e-13 1.3265e-12 3.1958e-12 -1.877e-12 -1.454e-12 -1.3169e-12 5.8759e-13 -2.3491e-12 5.4977e-13 2.1787e-12 1.0982e-14 6.6028e-13 -7.0363e-13 1.0702e-12 -1.2129e-12 1.6604e-12 3.5568e-13 2.3791e-13 1.1218e-12 -4.5468e-13 3.9951e-13 2.1927e-13 -3.1991e-13 -3.8971e-13 -9.7575e-14 -4.1265e-14 3.796e-15 3.3254e-14
-5.7719e-14 -3.7326e-13 6.0132e-12 3.8003e-12 2.1837e-12 -2.3e-12 6.4116e-12 6.0851e-13 3.2244e-11 9.0675e-12 8.1452e-12 -1.7759e-12 3.585e-12 2.9326e-12 4.87e-12 7.2494e-12 6.5213e-12 5.6726e-12 4.3963e-12 1.8541e-12 -2.2832e-12 4.0596e-12 9.1572e-12 4.219e-12 1.295e-11 2.9898e-12 -3.6678e-12 6.6531e-12 2.5881e-12 3.2535e-12 3.2257e-12 1.1322e-12 4.3271e-12 6.4127e-13 1.2902e-12 3.7221e-12 -2.0934e-12 1.1816e-13 -3.8266e-13 5.4647e-13 2.3982e-12 1.3864e-12 1.5017e-13 2.2274e-12 -1.7818e-12 -4.277e-13 -1.0147e-13 4.7079e-13 -1.3999e-12 1.5326e-13 -9.6513e-13 2.5852e-12 -7.5606e-13 2.0886e-12 8.7384e-13 2.5489e-12 -1.8561e-12 2.1047e-12 2.1432e-13 -1.7644e-12 -6.6105e-13 7.7969e-13 3.069e-12 1.834e-12 1.0829e-12 3.1762e-13 3.6193e-12 -1.9571e-12 -1.5626e-12 -1.812e-12 1.8039e-13 3.0616e-13 8.9121e-14 1.1069e-12 -3.0117e-13 -6.541e-13 -1.2317e-12 7.2228e-14 5.245e-13 5.3097e-13 3.3399e-13 4.7054e-13 1.2589e-13 7.0334e-15 3.75e-14 4.6414e-14
1.9516e-12 2.8277e-12 -1.1729e-13 4.5255e-12 6.8325e-12 1.6589e-12 8.8088e-12 1.3183e-12 9.0675e-12 2.8876e-11 1.0153e-11 6.32e-12 1.0031e-12 4.6564e-12 5.0854e-13 7.2315e-12 5.9777e-12 2.0866e-12 4.5758e-12 -1.509e-12 3.8997e-12 9.5125e-12 6.1101e-12 4.339e-12 7.3879e-12 -2.8461e-12 -6.2087e-13 3.474e-12 3.0996e-13 6.2614e-12 2.7384e-12 7.472e-12 3.7586e-13 6.5342e-13 3.1895e-12 3.5854e-12 3.752e-12 -1.8835e-12 3.5785e-12 4.9596e-12 -1.4606e-12 2.3516e-14 -2.9982e-12 -4.271e-12 1.2367e-13 2.0914e-12 -1.0036e-12 -1.7945e-12 -1.0558e-12 1.4111e-12 -1.0685e-12 5.6545e-13 -1.8937e-12 -1.9093e-12 -1.1619e-12 1.6895e-13 -3.6668e-12 1.0007e-12 1.945e-12 -1.3046e-12 4.2402e-13 2.72e-12 1.1596e-12 -1.9455e-12 1.694e-12 2.7767e-12 3.2068e-12 3.8406e-13 2.6164e-12 -1.4067e-12 1.658e-12 2.2946e-12 -9.3236e-14 -1.3644e-13 -3.8374e-13 4.6881e-13 -1.1905e-12 4.1048e-13 2.9506e-13 3.5559e-13 1.9156e-13 1.8826e-13 1.5662e-13 -3.8285e-14 3.25e-14 -1.4733e-14
-1.6697e-12 4.0102e-12 4.8823e-12 1.5056e-12 9.0352e-12 3.5532e-12 1.1418e-11 7.3598e-13 8.1452e-12 1.0153e-11 3.2373e-11 1.0902e-12 1.2661e-11 5.8462e-12 2.1982e-14 8.8328e-12 1.3722e-12 3.098e-14 5.0708e-12 4.3286e-12 2.6321e-12 1.3792e-11 4.2717e-12 8.1415e-12 9.6586e-12 5.5893e-13 -1.1904e-13 3.6249e-12 6.8498e-12 5.5886e-12 2.3581e-12 2.2517e-12 6.7187e-12 4.3207e-12 4.9756e-12 6.1982e-12 -1.7205e-12 -2.7218e-12 -1.1487e-12 4.697e-12 -4.2593e-12 5.6754e-12 6.512e-13 7.7126e-14 9.1515e-13 -4.1821e-13 -2.5994e-13 2.3686e-12 3.0139e-13 2.4485e-12 2.174e-12 3.9913e-13 6.4949e-13 -4.5821e-13 -4.4555e-13 9.8414e-13 -9.0766e-13 1.0865e-12 2.0296e-12 2.6244e-12 -1.5444e-12 1.2338e-12 -5.9087e-13 -9.2064e-13 1.7888e-12 1.5606e-12 2.8529e-12 -6.9274e-14 -2.0066e-15 -1.1886e-12 -1.4246e-12 -2.1761e-13 3.3243e-12 -6.4085e-14 -6.7098e-13 4.5285e-13 -1.5713e-12 -8.4628e-14 1.1745e-12 -2.8769e-14 3.1343e-13 4.1206e-13 1.2556e-13 6.6693e-14 2.4024e-14 3.9704e-14
1.4882e-12 2.871e-14 -4.5664e-12 8.7034e-12 2.5755e-12 1.477e-11 1.1275e-11 -1.1683e-12 -1.7759e-12 6.32e-12 1.0902e-12 3.1596e-11 5.6711e-12 1.3194e-11 4.4621e-12 1.8197e-12 7.324e-13 4.9572e-12 3.2657e-12 7.5401e-12 4.4519e-12 1.1995e-11 6.1093e-12 8.6909e-12 1.0158e-11 2.3984e-12 3.3617e-12 6.7999e-12 4.0782e-12 6.3837e-12 5.3874e-12 4.5282e-12 4.4838e-12 6.4148e-13 9.7046e-12 5.5446e-12 5.3529e-12 -2.1434e-13 4.3444e-12 2.4261e-12 1.1234e-12 4.5735e-13 2.3177e-13 2.0356e-12 -1.7358e-12 -1.5787e-12 4.907e-12 6.2085e-13 -9.563e-13 2.163e-12 2.392e-12 2.9412e-12 1.2654e-12 -1.6731e-12 2.5743e-12 1.6315e-12 1.8701e-12 4.7989e-13 -1.9631e-12 -2.065e-12 -2.199e-13 -1.4426e-12 -1.1635e-12 -2.6835e-12 1.4404e-12 1.0057e-12 6.4954e-13 -2.8618e-13 7.8665e-13 5.6632e-13 -2.4542e-12 9.7592e-13 -1.1486e-12 -2.0515e-12 -7.6001e-13 1.0601e-12 -7.6888e-13 2.4339e-14 3.5637e-14 2.778e-13 -4.6495e-13 3.6918e-13 -8.2123e-15 2.553e-14 5.4237e-14 -5.4936e-14
-6.2293e-12 3.4456e-12 5.2535e-12 2.3909e-13 2.5791e-12 -1.5398e-12 1.3871e-11 2.9922e-13 3.585e-12 1.0031e-12 1.2661e-11 5.6711e-12 3.133e-11 8.2951e-12 4.8815e-12 9.8074e-12 2.5756e-12 1.0548e-11 9.7787e-12 1.3394e-11 2.0854e-12 1.3999e-11 9.0433e-12 1.9884e-11 1.1281e-11 7.3059e-12 7.0095e-12 4.88e-12 1.108e-11 7.752e-12 3.3728e-12 9.2029e-13 8.4848e-12 1.719e-12 5.2959e-12 3.6831e-12 -5.1033e-12 1.0618e-12 -2.9019e-13 -3.4121e-13 2.0187e-12 2.93e-12 3.3268e-12 1.3168e-12 3.3355e-12 3.8699e-12 3.0741e-12 3.9651e-12 1.0914e-12 3.2322e-12 1.986e-12 -5.8514e-13 -1.0931e-12 3.7574e-13 -4.3058e-13 9.2403e-13 1.7942e-12 -9.6937e-13 1.3397e-12 -1.7142e-12 -1.2957e-12 1.9495e-12 1.1396e-14 -2.3066e-12 -2.3368e-12 6.6303e-13 1.5633e-12 -1.0589e-12 -1.9638e-12 -2.7087e-13 -1.7205e-12 -1.2103e-12 -8.452e-13 8.5677e-13 -1.9884e-13 1.2481e-12 -1.5423e-12 -5.3756e-13 1.0541e-12 -7.8632e-13 4.8598e-13 -7.5109e-14 8.543e-14 6.4043e-14 3.1213e-14 4.266e-14
1.9866e-13 -3.3807e-12 7.7942e-13 8.4889e-12 7.0549e-12 1.149e-11 7.4361e-12 2.0546e-12 2.9326e-12 4.6564e-12 5.8462e-12 1.3194e-11 8.2951e-12 2.5302e-11 9.6967e-12 6.8354e-12 9.8696e-13 6.4165e-12 8.3784e-12 1.0576e-11 1.2184e-11 1.6469e-11 8.9055e-12 8.7308e-12 5.2707e-12 4.7839e-12 3.5048e-12 4.6185e-12 8.8186e-12 7.2129e-12 -1.7264e-12 4.4865e-12 1.4063e-12 1.2355e-12 6.0316e-12 4.9184e-12 6.0797e-12 7.72e-13 3.6558e-12 -9.041e-14 5.3207e-12 -1.1461e-13 -1.8962e-12 2.2033e-12 -3.0101e-12 2.7263e-12 3.6389e-12 3.2043e-12 -5.8409e-13 3.8518e-12 1.0837e-12 3.627e-12 -4.3266e-13 2.6465e-13 1.3018e-12 -1.0868e-12 -6.4086e-14 8.8666e-14 -8.4043e-13 -1.6058e-12 2.8661e-13 9.6787e-13 2.6336e-12 -3.005e-12 -1.116e-12 9.2844e-13 -7.6074e-13 7.4587e-13 -1.6791e-13 8.4965e-13 -2.0787e-12 2.2958e-13 -8.2364e-13 2.1939e-14 -6.3342e-13 1.4741e-12 -1.6041e-12 -2.145e-13 3.633e-14 4.1961e-13 -3.3256e-13 -2.8581e-13 -1.3835e-13 4.2792e-14 1.7313e-14 -1.0417e-14
-8.2894e-12 -5.3301e-12 5.2374e-13 1.4193e-12 -7.2706e-12 5.4994e-12 7.9011e-12 4.4256e-12 4.87e-12 5.0854e-13 2.1982e-14 4.4621e-12 4.8815e-12 9.6967e-12 2.8787e-11 8.8917e-13 1.1104e-12 6.3001e-12 3.5047e-12 4.9082e-12 4.7623e-12 6.2783e-12 1.3992e-11 1.0079e-11 1.0797e-11 1.5381e-12 4.9186e-12 5.7437e-12 2.1305e-12 4.5768e-12 7.0332e-12 1.5912e-12 -1.2183e-13 1.1624e-12 -2.6964e-12 -1.8212e-12 3.2854e-13 2.5043e-12 1.7716e-13 1.1988e-14 2.401e-12 -2.3719e-12 -8.6534e-14 3.9541e-12 -2.128e-12 -1.9212e-12 2.416e-12 3.0561e-12 -3.7359e-12 1.0769e-12 8.3699e-13 2.0457e-12 2.1502e-12 2.5475e-12 8.4288e-13 2.1777e-14 1.6245e-12 -4.7836e-12 -4.1202e-13 4.4795e-14 2.4139e-12 -1.2316e-12 5.0706e-12 -3.4744e-13 -1.6932e-12 9.2111e-13 -2.9377e-12 -1.945e-13 -9.067e-13 2.4264e-13 -3.3965e-13 3.5416e-13 5.8942e-13 1.6189e-13 9.8111e-13 4.3994e-13 -1.0147e-13 -2.7188e-13 -6.5258e-13 -4.7316e-13 -3.963e-13 -8.2052e-13 -2.0342e-13 7.2703e-15 8.1974e-15 1.7013e-14
-4.0487e-12 -8.1066e-12 -1.3012e-13 2.19e-12 5.2678e-12 6.0664e-12 8.6087e-12 4.3417e-12 7.2494e-12 7.2315e-12 8.8328e-12 1.8197e-12 9.8074e-12 6.8354e-12 8.8917e-13 2.7729e-11 4.5169e-12 2.2383e-12 7.0976e-12 1.3308e-11 3.3122e-12 9.5062e-12 9.871e-12 8.5737e-12 8.801e-12 4.4829e-12 1.5618e-12 1.7063e-12 7.8475e-12 3.4692e-12 7.3799e-12 1.7971e-13 9.0316e-12 3.1434e-12 1.7343e-12 3.4175e-12 -5.5999e-12 -4.4131e-12 -1.333e-12 6.3709e-12 4.8356e-12 8.5645e-13 -1.5331e-12 9.4686e-13 -9.6079e-13 1.7633e-12 -2.9502e-12 1.6479e-12 1.4803e-12 -2.6779e-12 -1.1527e-13 -1.2792e-12 1.3322e-12 1.3238e-12 -1.6004e-12 -1.6461e-12 -3.5566e-13 -5.7126e-13 5.1418e-13 -9.7212e-13 1.2347e-12 2.2885e-12 2.7179e-13 -2.5796e-13 -3.3143e-13 2.047e-12 2.5743e-12 1.6973e-12 -8.4687e-13 4.4453e-13 -2.0928e-12 -1.4651e-12 -5.9054e-13 1.1237e-12 -6.5074e-13 6.2305e-13 -1.507e-12 -3.5986e-13 3.7101e-13 -5.0871e-13 3.3128e-14 3.3351e-13 -3.4403e-15 -4.0046e-15 1.6483e-14 1.3398e-14
-7.3664e-12 -4.5639e-12 -3.6131e-12 -1.6401e-12 -4.9298e-12 -4.6346e-15 -2.9111e-13 -4.3809e-12 6.5213e-12 5.9777e-12 1.3722e-12 7.324e-13 2.5756e-12 9.8696e-13 1.1104e-12 4.5169e-12 1.3568e-11 5.3315e-12 5.7077e-12 4.327e-12 3.533e-12 7.7996e-12 2.7971e-12 2.6874e-12 5.3776e-12 4.9579e-12 1.2521e-12 2.6046e-12 2.7216e-12 4.9248e-12 5.5549e-12 2.8843e-13 -7.5835e-13 3.1966e-12 2.7045e-12 1.9824e-12 1.8454e-12 2.2721e-13 1.4457e-12 3.1842e-12 3.7182e-13 -5.2939e-13 -1.2442e-12 -4.4426e-13 -8.0406e-13 -2.0519e-12 -1.8881e-12 -5.9823e-14 1.5656e-12 -2.1131e-12 -2.5541e-12 3.09e-13 2.2287e-14 -3.287e-13 -1.8045e-14 -1.1821e-12 -1.6287e-12 -7.0293e-13 7.1658e-13 -1.1454e-12 -2.6715e-12 7.4268e-13 2.3039e-13 -2.6933e-13 7.8642e-13 1.9858e-13 7.5928e-13 -2.0261e-13 -1.2239e-12 -6.2051e-13 5.9195e-13 -1.5642e-12 -1.4718e-12 -1.535e-13 -9.7255e-13 -2.0054e-13 -1.0494e-12 -9.2827e-14 -4.7167e-13 -8.4596e-14 3.2315e-15 -1.3491e-13 2.6174e-14 -2.3677e-14 1.2892e-14 2.4155e-15
-6.484e-12 -4.5842e-12 2.9944e-12 7.5148e-13 -3.6944e-12 -2.7284e-12 7.0854e-12 -4.5983e-12 5.6726e-12 2.0866e-12 3.098e-14 4.9572e-12 1.0548e-11 6.4165e-12 6.3001e-12 2.2383e-12 5.3315e-12 2.8965e-11 6.2343e-12 6.5842e-12 3.9202e-12 7.5046e-12 9.0619e-12 7.452e-12 1.0858e-11 6.3545e-12 4.2826e-12 2.8558e-12 8.7664e-12 4.0628e-12 3.5501e-12 1.4102e-12 -3.0941e-13 -3.4753e-12 1.0815e-12 1.2328e-12 5.4708e-13 1.1423e-12 -4.5358e-13 9.7971e-13 8.6567e-13 -4.6457e-13 -1.6282e-12 1.9797e-12 -9.5858e-13 9.0879e-13 2.6586e-12 9.985e-14 -2.1145e-12 2.0564e-12 1.4853e-12 -1.3382e-12 5.1626e-13 -1.1663e-12 -8.1761e-14 2.2307e-12 -8.9898e-13 2.5306e-13 1.2413e-12 -3.0594e-12 -3.3189e-12 -1.3234e-13 2.3802e-12 -2.4195e-12 -1.5846e-12 -2.6477e-13 -1.5675e-12 -1.4688e-14 -3.8946e-12 4.4012e-13 3.3223e-13 -3.1037e-13 -1.081e-12 -9.7823e-13 -4.901e-13 8.8541e-14 -1.6668e-12 6.4997e-14 8.9254e-13 -3.7413e-13 3.164e-13 -5.1084e-13 -2.0537e-13 8.318e-14 3.3649e-14 -7.4385e-15
-6.3159e-12 2.4907e-12 8.6502e-13 4.1922e-12 1.1285e-12 -3.2851e-12 1.446e-12 -1.7273e-12 4.3963e-12 4.5758e-12 5.0708e-12 3.2657e-12 9.7787e-12 8.3784e-12 3.5047e-12 7.0976e-12 5.7077e-12 6.2343e-12 2.0697e-11 4.247e-12 5.1597e-12 1.2393e-11 6.3816e-12 6.4005e-12 8.4559e-12 7.0808e-12 7.8894e-12 6.8453e-12 5.0462e-12 7.3382e-12 3.1811e-12 2.0734e-12 3.2152e-12 2.5301e-13 3.4473e-12 2.339e-12 2.7504e-12 8.865e-13 3.0545e-13 2.9651e-12 2.0156e-12 2.0625e-12 -1.7437e-12 8.3241e-13 1.0814e-12 1.5304e-12 -1.9726e-12 2.7897e-12 4.2287e-14 1.2216e-12 -7.9004e-13 1.0773e-12 -2.6665e-12 -2.9394e-13 -8.6638e-13 -1.4324e-12 -6.8414e-13 -7.0579e-13 -1.0461e-13 -3.737e-12 -2.9171e-12 9.6744e-13 1.0498e-12 -1.0772e-12 -1.3344e-12 9.6903e-13 1.2917e-12 -3.1771e-13 -8.2025e-13 2.2023e-13 -1.1173e-12 -2.2682e-12 -1.1908e-12 -1.132e-12 -9.5449e-13 8.124e-13 -1.3461e-12 1.7648e-13 -4.0064e-15 -1.3602e-13 5.8526e-13 -2.1423e-13 1.2752e-13 5.1222e-14 1.7164e-15 3.4689e-14
-9.9495e-12 -1.088e-11 -6.4443e-12 -2.3873e-12 -6.0658e-12 7.392e-12 1.2045e-11 -3.3658e-12 1.8541e-12 -1.509e-12 4.3286e-12 7.5401e-12 1.3394e-11 1.0576e-11 4.9082e-12 1.3308e-11 4.327e-12 6.5842e-12 4.247e-12 3.6075e-11 5.173e-12 1.6122e-11 9.6386e-12 1.5134e-11 1.2533e-11 9.4226e-12 5.6689e-13 4.0404e-12 1.0611e-11 1.0374e-12 4.3689e-12 -8.9222e-13 6.6657e-12 3.0293e-12 6.6012e-12 -2.536e-14 -3.7197e-12 1.475e-12 1.3274e-13 5.7082e-13 4.7631e-12 -1.7165e-12 -6.2879e-14 2.5098e-12 9.0256e-13 5.2137e-14 -5.0441e-13 1.8005e-12 5.3841e-13 -3.7495e-12 3.613e-12 -3.3266e-12 2.0867e-12 1.1475e-13 1.2504e-12 -5.8511e-14 1.9998e-12 -6.9709e-13 -2.3253e-12 -3.3341e-12 -2.3123e-13 3.9609e-12 3.5902e-13 -2.6474e-12 -2.5364e-12 7.6488e-13 5.7438e-13 -2.2001e-12 -1.4554e-12 -1.1817e-12 -1.6183e-12 -3.2871e-12 7.9247e-13 2.7065e-13 -4.2365e-13 1.2785e-12 -9.0441e-13 -5.9773e-13 -1.893e-13 -1.0255e-12 -6.6967e-13 4.9147e-14 4.565e-14 -3.9467e-14 -6.4189e-15 2.1336e-14
-9.9859e-13 -3.0588e-12 -3.4492e-12 3.6839e-12 -1.5491e-12 3.8909e-12 5.8162e-12 1.7223e-12 -2.2832e-12 3.8997e-12 2.6321e-12 4.4519e-12 2.0854e-12 1.2184e-11 4.7623e-12 3.3122e-12 3.533e-12 3.9202e-12 5.1597e-12 5.173e-12 2.2331e-11 8.6844e-12 2.2504e-12 3.4449e-12 -8.7793e-13 3.3345e-12 1.8935e-12 2.6927e-12 7.06e-12 1.9107e-12 -2.5464e-12 3.4959e-12 -1.0094e-14 1.9113e-12 4.0674e-12 8.7146e-13 1.7968e-12 1.3086e-12 -6.852e-13 1.7633e-12 2.0594e-12 -1.9749e-12 -1.3197e-12 -2.4994e-12 -6.657e-13 3.0224e-12 -2.5782e-13 -9.5979e-13 -1.2128e-12 2.2891e-12 7.1208e-13 2.0207e-12 3.4026e-13 9.2353e-13 1.4017e-12 -1.4372e-12 -2.3612e-12 -2.5306e-12 1.275e-12 -3.22e-13 2.1364e-13 2.628e-13 3.0111e-12 -2.9579e-12 -1.1273e-12 6.7716e-13 -3.0646e-13 1.7395e-13 -2.5425e-13 4.7687e-13 -4.2409e-13 -2.1476e-13 -9.4161e-13 4.053e-13 -1.5117e-13 7.9242e-13 -7.9781e-13 -2.8803e-13 -9.1392e-13 -4.095e-13 -2.0492e-13 -3.4666e-13 -5.6404e-15 4.3511e-14 1.5398e-14 -2.1185e-15
-7.2981e-12 5.7351e-13 -1.6421e-12 4.0603e-12 4.0023e-12 1.2177e-11 7.1796e-12 1.5557e-12 4.0596e-12 9.5125e-12 1.3792e-11 1.1995e-11 1.3999e-11 1.6469e-11 6.2783e-12 9.5062e-12 7.7996e-12 7.5046e-12 1.2393e-11 1.6122e-11 8.6844e-12 3.2694e-11 1.1437e-11 1.7479e-11 1.2412e-11 4.0074e-12 5.5299e-12 8.2232e-12 1.193e-11 8.3689e-12 2.0363e-12 2.0363e-12 4.9897e-12 1.9309e-12 9.1073e-12 7.5157e-12 2.0099e-12 -1.2761e-12 4.7524e-12 4.5322e-13 -5.7533e-13 1.6492e-12 -2.8042e-12 1.0917e-12 3.309e-12 -4.6076e-13 3.0712e-13 1.6049e-12 3.8395e-13 1.74e-13 1.6583e-12 1.365e-12 -1.5803e-12 -1.5228e-13 1.1934e-12 -1.0928e-12 -4.6128e-13 1.103e-12 -2.5246e-13 -9.3531e-13 -2.5748e-12 1.7739e-12 3.7984e-13 -4.545e-12 3.4847e-13 4.973e-13 3.6393e-13 -1.5735e-12 -6.6866e-13 -3.1282e-13 -2.0406e-12 -1.8413e-12 -6.4167e-13 -5.5095e-13 -2.0042e-12 1.4604e-12 -1.801e-12 -2.5487e-13 1.6244e-14 4.2773e-13 -1.4532e-13 -1.6135e-13 -3.4942e-14 3.2179e-14 3.1746e-14 1.9735e-14
-1.0413e-11 -3.5984e-12 -7.705e-13 1.0106e-13 4.1562e-12 4.3543e-12 8.2392e-12 6.0115e-13 9.1572e-12 6.1101e-12 4.2717e-12 6.1093e-12 9.0433e-12 8.9055e-12 1.3992e-11 9.871e-12 2.7971e-12 9.0619e-12 6.3816e-12 9.6386e-12 2.2504e-12 1.1437e-11 2.3722e-11 1.154e-11 9.2001e-12 6.8546e-12 3.8196e-12 3.4979e-12 6.2026e-12 4.2598e-12 9.5196e-12 2.9384e-13 2.6686e-12 2.0893e-12 4.6668e-13 -2.1512e-12 1.3822e-12 6.5427e-13 -7.4172e-13 -1.9334e-13 3.5165e-12 -8.8511e-13 -2.7387e-12 4.1025e-12 2.9509e-13 -5.4058e-13 1.6379e-14 2.9561e-12 -1.2724e-12 2.2549e-12 2.3024e-12 -9.9327e-13 5.6044e-13 1.0004e-12 -4.134e-13 -1.9168e-12 8.2044e-13 -2.1305e-12 7.5249e-13 -2.6348e-12 6.5899e-13 -2.4222e-13 6.4251e-13 -2.4203e-12 -1.6149e-12 1.313e-12 4.1704e-13 -1.6853e-12 -8.0588e-13 -1.4818e-12 -1.9466e-12 -3.1731e-13 5.0705e-13 -7.4585e-13 4.6281e-13 1.788e-13 -1.04e-12 -2.4186e-13 4.0882e-13 9.0012e-14 -4.142e-14 -2.4999e-13 -1.0827e-13 1.5582e-14 1.7243e-14 7.5212e-15
-6.773e-12 -8.579e-13 2.9177e-12 1.8343e-13 -9.0115e-12 6.8096e-12 1.2648e-11 3.7525e-12 4.219e-12 4.339e-12 8.1415e-12 8.6909e-12 1.9884e-11 8.7308e-12 1.0079e-11 8.5737e-12 2.6874e-12 7.452e-12 6.4005e-12 1.5134e-11 3.4449e-12 1.7479e-11 1.154e-11 3.0739e-11 1.3772e-11 1.9221e-12 4.0374e-12 4.7852e-12 1.1652e-11 2.5703e-12 5.2631e-12 1.3168e-12 8.9838e-12 1.181e-12 3.0689e-12 4.6443e-12 -1.6703e-12 3.2802e-13 4.2467e-12 -1.6757e-12 -2.8785e-12 5.3715e-14 2.6329e-12 4.2041e-13 2.2825e-12 -1.0276e-12 4.1271e-12 1.6842e-12 -1.2097e-12 -4.507e-13 2.8726e-12 1.2772e-12 -4.6016e-13 2.065e-12 3.3114e-12 8.4488e-13 -2.1516e-13 -1.9399e-12 1.3262e-12 -1.6913e-12 2.3169e-13 1.7325e-12 2.5936e-13 -4.5395e-12 -8.7415e-13 -1.457e-12 -5.163e-13 -1.6656e-12 -2.8724e-13 1.0245e-12 -4.1371e-13 -8.2604e-13 -1.5177e-12 9.4368e-13 -8.3841e-13 1.2366e-12 -6.0648e-13 -4.069e-13 -3.6881e-13 -7.4609e-14 2.5445e-13 -1.3484e-13 -3.9535e-15 5.1771e-15 3.5325e-14 2.3551e-14
-1.926e-12 -2.3588e-12 1.628e-12 3.4151e-12 -5.2377e-12 5.8976e-12 1.3003e-11 -1.1406e-12 1.295e-11 7.3879e-12 9.6586e-12 1.0158e-11 1.1281e-11 5.2707e-12 1.0797e-11 8.801e-12 5.3776e-12 1.0858e-11 8.4559e-12 1.2533e-11 -8.7793e-13 1.2412e-11 9.2001e-12 1.3772e-11 2.7496e-11 2.6282e-12 3.0273e-12 8.6096e-12 4.941e-12 6.5695e-12 7.3484e-12 1.4034e-12 5.6182e-12 5.6988e-13 6.111e-12 4.9849e-12 -2.8293e-12 1.0973e-12 1.1437e-12 3.549e-12 -3.1322e-13 2.329e-12 -7.612e-13 3.5706e-12 -6.3472e-13 -2.8067e-12 -1.0844e-12 1.7948e-12 -9.1486e-13 -6.1744e-13 5.1301e-13 7.8329e-13 2.1289e-12 -1.4078e-12 3.2122e-12 5.1445e-12 9.3657e-13 -1.3637e-12 2.1628e-13 -2.6982e-12 -1.7174e-12 1.0957e-12 3.8236e-12 2.1298e-13 -1.7734e-13 1.656e-12 1.6407e-12 -1.1887e-12 -2.3951e-12 5.2195e-13 -1.2646e-12 -1.0183e-12 1.2001e-12 -6.9137e-13 -6.5342e-13 6.7259e-13 -8.7804e-13 -7.8728e-14 -1.3174e-13 -6.6123e-13 8.34e-14 5.4799e-14 3.8375e-14 1.1084e-14 3.6677e-14 2.7452e-14
-6.6863e-12 -1.3723e-12 2.4596e-13 5.5745e-13 3.8775e-13 -1.2202e-12 3.6848e-12 -6.4514e-12 2.9898e-12 -2.8461e-12 5.5893e-13 2.3984e-12 7.3059e-12 4.7839e-12 1.5381e-12 4.4829e-12 4.9579e-12 6.3545e-12 7.0808e-12 9.4226e-12 3.3345e-12 4.0074e-12 6.8546e-12 1.9221e-12 2.6282e-12 1.7504e-11 1.0022e-12 3.0219e-12 4.7087e-12 3.2762e-12 5.0621e-12 -2.2174e-12 -1.1073e-13 4.3272e-13 1.5525e-12 2.2467e-13 -2.1349e-12 3.6787e-12 -2.7984e-12 1.5871e-12 7.7684e-12 8.666e-13 6.6972e-13 4.3485e-12 4.3531e-13 3.2124e-13 -1.2668e-12 9.4218e-13 -9.4617e-13 -1.5852e-13 6.037e-13 2.9901e-13 -4.3236e-13 -1.527e-12 6.6813e-13 -1.4432e-12 7.5764e-13 -1.3424e-12 6.7614e-13 -2.8108e-12 -4.1388e-13 -1.1206e-12 1.8785e-13 -9.9438e-13 -1.8448e-12 1.792e-12 1.2417e-13 -7.0989e-13 -1.7037e-12 -3.7865e-13 -7.0167e-13 -2.2065e-12 -3.2189e-13 -1.1186e-13 -7.3386e-13 6.9105e-13 -6.7718e-13 -1.3731e-13 -6.4887e-13 -1.3753e-13 -5.2377e-14 -3.9922e-14 3.6459e-14 -3.0038e-14 3.404e-15 -5.2649e-15
-4.807e-12 2.4945e-13 -1.8541e-12 2.4127e-12 3.8069e-12 -5.2144e-13 1.0325e-12 -5.2076e-13 -3.6678e-12 -6.2087e-13 -1.1904e-13 3.3617e-12 7.0095e-12 3.5048e-12 4.9186e-12 1.5618e-12 1.2521e-12 4.2826e-12 7.8894e-12 5.6689e-13 1.8935e-12 5.5299e-12 3.8196e-12 4.0374e-12 3.0273e-12 1.0022e-12 1.5366e-11 2.4524e-12 1.7666e-12 6.9458e-12 4.1739e-12 -1.1731e-12 2.3981e-12 4.9099e-13 -8.8308e-13 -1.4481e-13 -1.8754e-13 1.1105e-12 3.9761e-12 2.5983e-12 -5.3949e-13 1.3966e-13 -1.194e-12 7.4846e-13 3.4389e-12 2.1585e-13 6.0209e-13 3.0133e-12 1.1681e-12 -1.6599e-12 4.9783e-13 1.6822e-12 -1.3862e-12 1.2446e-13 -2.1882e-12 1.4423e-12 2.0521e-12 6.509e-13 -8.0108e-13 -4.5384e-13 -2.3146e-12 -5.0625e-14 -2.7968e-13 -2.2848e-12 2.3851e-13 -1.0043e-13 8.2239e-13 5.8956e-13 2.0719e-13 5.8507e-13 -3.4712e-13 -2.9159e-13 -7.2843e-13 -1.0505e-12 -7.3092e-14 1.2739e-12 -9.369e-13 -2.5905e-14 3.301e-13 -9.9552e-14 4.3825e-13 -3.1673e-13 1.4814e-13 4.0734e-14 2.5853e-14 3.7986e-14
-5.1377e-12 4.7526e-12 -8.3497e-13 5.2885e-12 -1.5568e-12 2.5808e-12 8.6885e-12 4.6505e-12 6.6531e-12 3.474e-12 3.6249e-12 6.7999e-12 4.88e-12 4.6185e-12 5.7437e-12 1.7063e-12 2.6046e-12 2.8558e-12 6.8453e-12 4.0404e-12 2.6927e-12 8.2232e-12 3.4979e-12 4.7852e-12 8.6096e-12 3.0219e-12 2.4524e-12 1.9281e-11 3.2366e-12 4.4086e-12 1.6261e-12 -4.7326e-13 3.3895e-12 2.6043e-12 4.2467e-12 3.7542e-12 -3.8403e-12 -1.4222e-12 -7.4035e-13 -3.4987e-13 -2.5748e-12 1.4102e-13 5.5574e-13 -1.6679e-12 -1.179e-12 2.0105e-12 -2.3464e-13 -1.1586e-12 -2.0856e-12 3.3212e-12 -4.9848e-13 1.1094e-12 -1.0656e-12 -1.0626e-12 -7.2206e-13 -7.2149e-13 1.4256e-12 -1.3117e-12 1.1641e-12 -4.078e-14 9.3947e-13 -9.6431e-13 9.1136e-13 -7.8912e-13 7.4429e-13 1.341e-12 2.2993e-13 -1.8048e-13 -1.7447e-12 -9.4256e-13 5.255e-14 4.8756e-13 -4.144e-13 -1.0765e-12 -1.4067e-12 2.6534e-15 -3.8091e-13 -2.2541e-14 1.1299e-12 3.6682e-13 1.5648e-14 -7.7292e-14 1.9539e-13 3.5901e-14 2.0408e-14 1.8052e-14
-2.3037e-12 1.102e-12 1.2476e-12 4.6495e-12 -3.5798e-12 1.9432e-12 6.9409e-12 3.5812e-12 2.5881e-12 3.0996e-13 6.8498e-12 4.0782e-12 1.108e-11 8.8186e-12 2.1305e-12 7.8475e-12 2.7216e-12 8.7664e-12 5.0462e-12 1.0611e-11 7.06e-12 1.193e-11 6.2026e-12 1.1652e-11 4.941e-12 4.7087e-12 1.7666e-12 3.2366e-12 1.643e-11 3.4647e-12 5.305e-13 -1.7001e-12 4.95e-12 1.4495e-13 3.2376e-12 4.5661e-12 -1.1486e-12 3.2777e-12 -1.0888e-13 1.3151e-12 1.5854e-12 2.7367e-12 -8.3962e-13 -1.0151e-12 1.6089e-12 1.5396e-12 -7.296e-13 3.7748e-13 -3.9584e-13 4.8533e-13 1.9664e-12 1.8822e-12 2.7511e-13 4.6243e-13 -2.5731e-14 -2.591e-12 -9.1775e-13 -4.4394e-13 1.1579e-12 -7.1419e-13 -1.8454e-12 3.1089e-13 8.9356e-13 -4.4754e-12 -1.221e-12 -1.6633e-12 1.6299e-13 4.2823e-13 -7.7418e-13 6.3987e-15 -1.726e-12 -1.0964e-12 -8.676e-13 5.4617e-13 -1.0451e-12 8.8886e-13 -9.0431e-13 5.0542e-14 5.4307e-13 -2.5715e-13 1.881e-13 -1.6642e-13 2.2932e-14 4.0163e-14 2.5518e-14 -5.4088e-15
-3.6726e-12 1.2223e-13 2.3997e-12 5.0114e-12 2.784e-12 2.5881e-12 3.2545e-12 -6.3068e-12 3.2535e-12 6.2614e-12 5.5886e-12 6.3837e-12 7.752e-12 7.2129e-12 4.5768e-12 3.4692e-12 4.9248e-12 4.0628e-12 7.3382e-12 1.0374e-12 1.9107e-12 8.3689e-12 4.2598e-12 2.5703e-12 6.5695e-12 3.2762e-12 6.9458e-12 4.4086e-12 3.4647e-12 1.6672e-11 3.8012e-12 -3.5422e-13 3.0877e-12 1.6651e-12 4.2474e-12 3.1251e-12 4.6692e-12 2.6021e-12 3.697e-12 3.0909e-12 3.8148e-12 2.5241e-12 -5.0984e-13 -1.0624e-12 1.86e-12 1.9412e-12 2.482e-12 5.4032e-13 4.135e-13 -7.8544e-13 -2.4498e-12 8.5537e-13 1.0504e-12 -3.273e-12 -1.5411e-12 1.3427e-12 -1.7486e-12 1.2251e-13 -4.3168e-13 3.5373e-13 -2.352e-12 4.8942e-13 2.5141e-12 -7.8094e-13 -1.1402e-14 2.1495e-12 7.6917e-13 -4.2896e-15 4.0595e-13 -7.1324e-13 -4.8624e-13 1.3246e-13 -3.1591e-13 -2.3035e-13 -4.7001e-13 8.226e-13 -1.9215e-12 4.7608e-15 6.5751e-13 -1.7217e-13 -5.5816e-14 -8.1304e-14 1.1854e-13 4.8855e-14 3.6991e-14 -3.5104e-15
-1.0016e-11 -5.3602e-12 -2.5638e-12 -2.0091e-12 -2.3548e-12 1.9235e-12 6.8392e-12 -3.4914e-12 3.2257e-12 2.7384e-12 2.3581e-12 5.3874e-12 3.3728e-12 -1.7264e-12 7.0332e-12 7.3799e-12 5.5549e-12 3.5501e-12 3.1811e-12 4.3689e-12 -2.5464e-12 2.0363e-12 9.5196e-12 5.2631e-12 7.3484e-12 5.0621e-12 4.1739e-12 1.6261e-12 5.305e-13 3.8012e-12 1.5682e-11 -6.0827e-13 1.2771e-12 3.7001e-12 -1.411e-12 -4.2831e-13 4.1575e-13 1.7868e-12 2.0865e-12 4.6601e-12 1.2394e-12 -5.5023e-13 -4.8573e-13 1.774e-12 1.2752e-14 -2.4271e-12 -9.5331e-13 6.4025e-13 8.1065e-13 -2.2152e-12 4.7451e-13 -4.2345e-13 1.9868e-12 5.7017e-13 -4.3155e-13 6.4701e-13 1.6142e-12 -2.5631e-12 -2.0234e-13 -4.6033e-13 -1.6791e-12 -3.2757e-13 3.6661e-14 -2.445e-13 6.5224e-13 8.7121e-13 1.8084e-13 9.7447e-14 -1.6689e-13 -1.3506e-12 -7.3031e-13 -1.1794e-12 3.6121e-13 -7.8443e-13 -2.1742e-13 3.9158e-13 -4.8936e-13 -4.0541e-13 -2.9032e-13 -2.786e-13 4.3064e-14 -9.1844e-14 8.7071e-14 -3.1785e-16 2.4731e-14 -3.2405e-15
3.2412e-12 6.7874e-13 -1.2359e-12 2.6005e-12 4.0972e-12 -7.0055e-13 2.104e-12 1.4087e-12 1.1322e-12 7.472e-12 2.2517e-12 4.5282e-12 9.2029e-13 4.4865e-12 1.5912e-12 1.7971e-13 2.8843e-13 1.4102e-12 2.0734e-12 -8.9222e-13 3.4959e-12 2.0363e-12 2.9384e-13 1.3168e-12 1.4034e-12 -2.2174e-12 -1.1731e-12 -4.7326e-13 -1.7001e-12 -3.5422e-13 -6.0827e-13 1.2982e-11 3.742e-13 -2.4626e-12 1.977e-12 9.9941e-13 3.5013e-12 -4.2632e-12 9.6537e-13 -9.3555e-13 3.9051e-13 -8.1907e-13 -6.6612e-13 -2.701e-13 -4.6648e-13 -3.2713e-13 3.0132e-13 -1.8007e-13 -7.5476e-13 3.2779e-12 5.5504e-13 7.4751e-14 -3.5947e-14 3.2529e-13 2.0581e-12 7.7601e-13 3.262e-13 -2.3483e-14 -4.4629e-15 -1.7289e-12 4.449e-13 1.6852e-12 6.8938e-13 7.3489e-13 1.8039e-12 6.2879e-13 -3.0051e-13 -6.7168e-14 1.4796e-13 2.0935e-13 4.5056e-14 2.4088e-13 -1.2556e-12 -7.6451e-13 -1.6261e-13 2.4925e-13 -1.8108e-13 -1.8869e-13 2.4877e-13 -9.1997e-14 -1.9962e-13 -2.4722e-13 2.4694e-14 -6.0617e-15 1.5209e-14 2.5854e-14
-3.4673e-12 -1.8522e-12 5.9353e-12 1.4849e-12 -4.0338e-13 -4.7116e-13 6.5998e-12 2.2353e-12 4.3271e-12 3.7586e-13 6.7187e-12 4.4838e-12 8.4848e-12 1.4063e-12 -1.2183e-13 9.0316e-12 -7.5835e-13 -3.0941e-13 3.2152e-12 6.6657e-12 -1.0094e-14 4.9897e-12 2.6686e-12 8.9838e-12 5.6182e-12 -1.1073e-13 2.3981e-12 3.3895e-12 4.95e-12 3.0877e-12 1.2771e-12 3.742e-13 1.5943e-11 1.155e-12 3.7503e-12 6.2538e-12 -2.8044e-12 -4.8279e-12 -1.7971e-12 2.1027e-13 6.9859e-13 1.0016e-12 2.6131e-12 -9.8816e-13 -2.1226e-13 4.2453e-13 2.2448e-12 1.4426e-12 -1.7663e-12 -1.624e-12 1.7221e-12 2.2079e-13 -1.3178e-12 6.398e-13 -2.5674e-13 1.4718e-12 -7.9563e-13 3.9466e-13 -5.7528e-13 -4.4768e-13 1.1806e-12 7.6537e-13 -1.032e-12 -3.5033e-13 1.644e-12 -9.2609e-13 1.6181e-12 -2.9079e-13 -1.295e-12 -3.2772e-14 -2.078e-13 -2.5359e-13 -2.5565e-13 -6.0282e-13 -3.2346e-13 -1.855e-14 -5.7221e-13 -9.3296e-14 4.2012e-13 -1.1549e-13 3.7137e-14 2.1414e-13 1.4645e-14 2.3304e-15 3.5306e-14 3.6355e-14
-4.1387e-12 -3.9329e-12 -2.3805e-12 -1.4547e-12 4.5426e-13 5.9831e-12 -1.0249e-13 -4.2469e-12 6.4127e-13 6.5342e-13 4.3207e-12 6.4148e-13 1.719e-12 1.2355e-12 1.1624e-12 3.1434e-12 3.1966e-12 -3.4753e-12 2.5301e-13 3.0293e-12 1.9113e-12 1.9309e-12 2.0893e-12 1.181e-12 5.6988e-13 4.3272e-13 4.9099e-13 2.6043e-12 1.4495e-13 1.6651e-12 3.7001e-12 -2.4626e-12 1.155e-12 1.1496e-11 7.0811e-13 -3.591e-13 1.6151e-12 5.7332e-13 1.8995e-13 7.8261e-13 6.1432e-13 -1.8153e-13 1.6863e-12 -8.9583e-13 -1.7811e-12 -1.1553e-12 -1.0624e-12 9.8135e-13 1.885e-12 -9.1629e-13 -1.6522e-12 -2.0303e-13 3.464e-13 -1.4222e-12 -9.1054e-13 -2.5825e-12 1.7785e-12 -1.1877e-12 -7.3917e-13 1.1613e-12 9.5513e-14 3.0066e-13 -3.3028e-13 2.6508e-14 5.9992e-13 5.6333e-13 -3.075e-14 -2.9561e-13 -7.6451e-14 -9.5488e-13 3.1369e-13 -3.8864e-13 6.1962e-13 -8.8957e-13 -6.8044e-13 -3.3036e-13 -5.4709e-13 -2.9849e-13 -1.185e-13 3.0617e-13 2.8552e-13 5.8365e-14 1.579e-13 1.0524e-14 -1.7178e-15 4.4568e-15
5.3288e-13 4.3709e-12 -5.5936e-13 4.9712e-12 5.1121e-13 1.9373e-12 6.1829e-12 -1.3994e-12 1.2902e-12 3.1895e-12 4.9756e-12 9.7046e-12 5.2959e-12 6.0316e-12 -2.6964e-12 1.7343e-12 2.7045e-12 1.0815e-12 3.4473e-12 6.6012e-12 4.0674e-12 9.1073e-12 4.6668e-13 3.0689e-12 6.111e-12 1.5525e-12 -8.8308e-13 4.2467e-12 3.2376e-12 4.2474e-12 -1.411e-12 1.977e-12 3.7503e-12 7.0811e-13 1.2775e-11 5.5923e-12 2.5526e-15 -1.4049e-12 8.8447e-13 1.6014e-12 8.943e-13 1.6367e-12 -1.2671e-12 1.1543e-13 7.2235e-13 -8.5825e-14 1.483e-12 -6.5289e-13 -4.044e-13 2.0135e-12 -7.1355e-13 1.0257e-12 1.9301e-12 9.2763e-14 -1.0357e-13 1.1074e-12 -9.1297e-13 1.3748e-12 -3.0223e-13 -1.176e-12 -1.0355e-12 7.1808e-13 -3.2535e-13 -8.9585e-13 9.7605e-13 1.9313e-12 1.7879e-13 -1.1491e-12 -7.6771e-13 -4.4228e-14 -1.0952e-12 -1.4045e-13 -2.7782e-13 5.0527e-13 -6.9368e-13 1.6411e-13 -7.53e-13 -9.78e-14 3.3184e-13 -3.7017e-13 -1.9353e-13 3.291e-13 1.0745e-13 4.7595e-14 2.0877e-14 -2.9755e-15
4.9368e-12 2.112e-12 5.0252e-12 8.1526e-12 -1.8316e-13 2.9818e-12 5.7054e-12 1.4871e-12 3.7221e-12 3.5854e-12 6.1982e-12 5.5446e-12 3.6831e-12 4.9184e-12 -1.8212e-12 3.4175e-12 1.9824e-12 1.2328e-12 2.339e-12 -2.536e-14 8.7146e-13 7.5157e-12 -2.1512e-12 4.6443e-12 4.9849e-12 2.2467e-13 -1.4481e-13 3.7542e-12 4.5661e-12 3.1251e-12 -4.2831e-13 9.9941e-13 6.2538e-12 -3.591e-13 5.5923e-12 1.3199e-11 -1.1915e-12 -1.8223e-12 2.2164e-12 1.8346e-12 1.2845e-12 3.1846e-12 1.8225e-12 -2.2146e-12 -3.0158e-13 4.9724e-13 3.3064e-13 1.5796e-13 -7.1156e-13 4.7414e-13 -4.0126e-13 4.1257e-12 -3.6775e-13 1.1141e-12 1.8522e-13 2.3733e-12 4.6777e-14 8.3225e-13 1.3724e-12 9.5395e-13 -2.0569e-13 -2.0611e-13 8.5044e-13 -1.6861e-13 3.1386e-12 -9.6385e-13 -1.8847e-13 9.7178e-13 2.5941e-14 1.4104e-12 1.4826e-13 2.7891e-13 -1.0618e-12 -2.5426e-13 -1.109e-12 3.6277e-13 -6.464e-13 -2.9309e-13 2.1239e-13 3.3828e-13 3.1942e-13 7.1841e-14 5.0127e-14 2.6842e-14 1.7415e-14 6.5703e-15
-1.2365e-12 -4.5021e-12 9.7628e-13 1.3882e-12 4.5106e-13 6.8616e-14 -7.2319e-12 -7.1698e-12 -2.0934e-12 3.752e-12 -1.7205e-12 5.3529e-12 -5.1033e-12 6.0797e-12 3.2854e-13 -5.5999e-12 1.8454e-12 5.4708e-13 2.7504e-12 -3.7197e-12 1.7968e-12 2.0099e-12 1.3822e-12 -1.6703e-12 -2.8293e-12 -2.1349e-12 -1.8754e-13 -3.8403e-12 -1.1486e-12 4.6692e-12 4.1575e-13 3.5013e-12 -2.8044e-12 1.6151e-12 2.5526e-15 -1.1915e-12 1.5634e-11 2.0908e-12 4.5626e-12 -1.6961e-12 1.711e-12 9.5518e-13 -1.8727e-12 -7.3001e-13 -2.5606e-12 -8.8127e-13 1.6773e-12 2.8745e-13 5.0609e-13 1.5842e-12 -3.6156e-13 5.4402e-13 8.5609e-14 -7.5309e-13 -1.7116e-13 -3.6653e-13 -1.9587e-12 -7.343e-13 -1.9833e-12 -1.6714e-12 -2.4791e-12 4.4045e-13 5.1225e-13 -9.371e-13 -5.9779e-13 -7.4593e-13 -1.2147e-12 -7.2297e-13 3.655e-13 -1.045e-12 9.1628e-14 2.0542e-13 -2.9643e-13 -1.2043e-12 -1.1406e-13 -3.7993e-14 -6.7173e-13 3.0087e-13 -3.9486e-13 3.5725e-13 -2.3746e-13 -2.9746e-13 -5.1711e-14 1.0529e-14 -4.0311e-15 -3.5498e-14
1.4483e-12 2.0379e-12 -5.3802e-13 1.0733e-12 -3.6945e-12 -2.35e-12 1.4185e-12 -4.6115e-12 1.1816e-13 -1.8835e-12 -2.7218e-12 -2.1434e-13 1.0618e-12 7.72e-13 2.5043e-12 -4.4131e-12 2.2721e-13 1.1423e-12 8.865e-13 1.475e-12 1.3086e-12 -1.2761e-12 6.5427e-13 3.2802e-13 1.0973e-12 3.6787e-12 1.1105e-12 -1.4222e-12 3.2777e-12 2.6021e-12 1.7868e-12 -4.2632e-12 -4.8279e-12 5.7332e-13 -1.4049e-12 -1.8223e-12 2.0908e-12 9.993e-12 1.7655e-12 8.9742e-13 2.2019e-12 1.3131e-12 -3.5599e-13 6.7431e-14 6.1646e-13 8.7511e-13 -1.2985e-12 -6.2235e-13 1.464e-14 -4.8251e-13 2.3073e-14 1.5631e-12 6.7583e-13 -5.0848e-13 2.428e-14 -4.8693e-13 3.3535e-13 -1.2819e-12 2.7128e-13 -1.6453e-13 -1.8776e-12 -3.8729e-13 2.4529e-12 -1.8463e-12 -2.8581e-12 1.9815e-13 -6.4017e-13 -7.4701e-13 1.4239e-12 -1.0256e-12 -6.2704e-13 -6.4355e-13 8.9785e-13 7.2066e-13 1.4218e-13 8.0132e-13 1.5689e-13 1.9247e-13 -6.9323e-13 -4.2115e-13 1.4635e-13 -9.3177e-14 8.8872e-14 1.3738e-14 -3.181e-16 -3.1863e-14
6.8349e-13 -3.3256e-12 -3.7938e-12 3.3207e-12 -1.7815e-12 2.2287e-12 -6.0742e-14 -1.4983e-12 -3.8266e-13 3.5785e-12 -1.1487e-12 4.3444e-12 -2.9019e-13 3.6558e-12 1.7716e-13 -1.333e-12 1.4457e-12 -4.5358e-13 3.0545e-13 1.3274e-13 -6.852e-13 4.7524e-12 -7.4172e-13 4.2467e-12 1.1437e-12 -2.7984e-12 3.9761e-12 -7.4035e-13 -1.0888e-13 3.697e-12 2.0865e-12 9.6537e-13 -1.7971e-12 1.8995e-13 8.8447e-13 2.2164e-12 4.5626e-12 1.7655e-12 1.0567e-11 3.9178e-13 -7.9172e-13 1.5598e-12 8.5728e-13 -8.0771e-13 1.2689e-12 7.1761e-14 8.854e-13 1.087e-12 3.8444e-14 -4.5562e-13 3.397e-13 2.8374e-12 8.9635e-14 2.814e-14 4.5308e-13 1.8344e-12 3.2463e-13 8.7511e-13 -1.1807e-12 3.0519e-13 -2.8649e-12 9.5111e-13 6.2642e-13 -1.657e-12 1.3382e-12 2.1267e-13 -8.6335e-13 1.5142e-13 1.7934e-12 1.528e-14 5.9824e-13 3.9086e-13 -3.1591e-13 6.1548e-13 -4.5994e-13 7.2121e-13 -6.7236e-14 6.3661e-14 -2.3922e-13 5.1548e-13 -1.3393e-13 -6.8224e-14 9.6451e-14 1.0768e-14 9.739e-15 -1.2577e-14
2.203e-13 -1.3435e-12 -3.0179e-12 3.6686e-12 -1.2486e-13 2.2218e-12 5.3258e-12 -1.2736e-12 5.4647e-13 4.9596e-12 4.697e-12 2.4261e-12 -3.4121e-13 -9.041e-14 1.1988e-14 6.3709e-12 3.1842e-12 9.7971e-13 2.9651e-12 5.7082e-13 1.7633e-12 4.5322e-13 -1.9334e-13 -1.6757e-12 3.549e-12 1.5871e-12 2.5983e-12 -3.4987e-13 1.3151e-12 3.0909e-12 4.6601e-12 -9.3555e-13 2.1027e-13 7.8261e-13 1.6014e-12 1.8346e-12 -1.6961e-12 8.9742e-13 3.9178e-13 8.9851e-12 1.0828e-12 1.1068e-12 -1.8415e-12 -1.1126e-12 -1.3136e-12 -3.9977e-13 -7.2488e-13 2.0907e-13 9.3198e-13 -1.8138e-12 -5.0938e-13 1.3084e-12 1.2829e-12 1.3433e-12 -1.2444e-12 5.5601e-13 -4.6113e-14 6.3481e-13 8.0704e-13 2.2852e-14 -8.8654e-13 -6.825e-13 4.4441e-13 -2.9034e-13 8.4209e-13 1.662e-12 1.9438e-12 1.0496e-12 1.6393e-12 5.6466e-13 -7.4005e-13 1.2077e-13 9.0545e-13 3.2903e-13 -4.577e-14 5.0025e-13 -8.5422e-13 2.6665e-13 -7.1636e-14 -4.6634e-13 2.8402e-13 2.2184e-13 1.8911e-14 7.2388e-16 7.5044e-15 -1.9271e-14
1.8752e-13 -5.0739e-12 3.3031e-12 5.8808e-12 3.5145e-12 1.9383e-12 -1.4568e-12 -3.6624e-12 2.3982e-12 -1.4606e-12 -4.2593e-12 1.1234e-12 2.0187e-12 5.3207e-12 2.401e-12 4.8356e-12 3.7182e-13 8.6567e-13 2.0156e-12 4.7631e-12 2.0594e-12 -5.7533e-13 3.5165e-12 -2.8785e-12 -3.1322e-13 7.7684e-12 -5.3949e-13 -2.5748e-12 1.5854e-12 3.8148e-12 1.2394e-12 3.9051e-13 6.9859e-13 6.1432e-13 8.943e-13 1.2845e-12 1.711e-12 2.2019e-12 -7.9172e-13 1.0828e-12 1.3692e-11 2.4401e-12 9.3674e-13 2.1827e-12 -1.6978e-12 1.5823e-12 -6.3529e-13 1.0556e-12 -8.3765e-13 -1.1627e-12 -3.9788e-13 6.9435e-13 8.8473e-13 4.1994e-13 -6.1816e-13 3.4348e-13 2.5306e-13 -9.672e-13 -1.3632e-12 -2.5072e-12 5.6901e-13 -2.3796e-13 1.9401e-12 4.9167e-13 -1.6199e-12 1.4768e-12 -3.6406e-13 -5.1244e-13 -1.2642e-14 -7.3834e-14 4.1378e-13 -1.2278e-12 -1.6336e-13 7.4476e-13 1.6828e-13 4.7238e-13 -7.5636e-13 -1.3901e-13 -8.1154e-13 -2.4888e-13 -2.0892e-13 -7.6749e-14 9.2895e-15 -4.8712e-14 2.5943e-15 -6.1803e-16
