1.2468e-10 1.0152e-10 9.0795e-11 9.6684e-11 6.2218e-11 7.4038e-11 7.1192e-11 5.4058e-11 7.4952e-11 5.3079e-11 4.3104e-11 4.353e-11 4.019e-11 4.7253e-11 3.1148e-11 3.8126e-11 2.4672e-11 2.9416e-11 1.9789e-11 1.0758e-11 1.7636e-11 1.3416e-11 3.3632e-13 3.5208e-12 -9.1447e-12 8.7423e-12 5.6404e-12 -3.6738e-12 -8.3455e-12 -7.604e-12 -4.9089e-12 -2.8285e-12 -7.851e-12 -1.0533e-11 -3.5813e-12 -5.341e-12 -7.3194e-12 -1.2712e-11 -1.8882e-11 -1.6492e-11 -1.2085e-11 -1.992e-11 -7.2961e-13 -1.0578e-11 -1.5727e-11 -1.6093e-11 -1.5468e-11 -9.8597e-12 -7.2878e-12 -1.5234e-11 -1.5133e-11 -7.2048e-12 -3.3214e-12 -3.7587e-12 -1.176e-11 -9.9123e-12 -2.093e-12 4.3692e-12 -6.2971e-12 -3.2186e-12 3.1734e-12 -1.4243e-12 -4.7639e-12 -7.586e-12 2.5549e-12 -1.0691e-12 -4.3974e-12 3.9048e-13 -8.9637e-12 2.7316e-12 -3.6867e-12 1.6576e-12 -1.22e-12 -1.7043e-12 1.1569e-12 -4.4953e-12 -4.3195e-12 -5.1736e-12 -1.3958e-12 -2.5332e-12 2.7966e-13 4.1532e-12 -2.1678e-12 4.692e-12 -8.9545e-13 -7.8356e-13 3.1524e-12 1.1624e-12 -1.5476e-12 2.9981e-12 3.4836e-13 2.0517e-13 1.0345e-13 -2.8877e-13 1.2758e-12 2.5236e-12 5.4086e-13 8.5096e-14 2.118e-13 3.2876e-13 2.1202e-13 7.9873e-14 -8.2925e-14 1.4323e-13 -2.4722e-14
1.0152e-10 1.1408e-10 8.114e-11 9.1183e-11 5.3984e-11 7.137e-11 7.2222e-11 5.0135e-11 7.0593e-11 5.0892e-11 4.5271e-11 3.5772e-11 4.3601e-11 4.5271e-11 3.3939e-11 3.0744e-11 2.2169e-11 2.1503e-11 1.6663e-11 1.0052e-11 1.2363e-11 9.868e-12 2.7335e-12 2.6809e-12 -7.1217e-12 7.0896e-12 3.3266e-12 -2.9497e-12 -1.3913e-12 -9.5839e-12 -4.2114e-12 -2.7139e-12 -4.7772e-12 -8.3005e-12 1.3885e-12 -5.5888e-12 -6.9417e-12 -1.1544e-11 -2.0867e-11 -7.5672e-12 -4.7034e-12 -1.7424e-11 -1.6187e-12 -6.9127e-12 -1.2551e-11 -1.7214e-11 -1.4062e-11 -8.8591e-12 -9.6936e-12 -1.529e-11 -1.2371e-11 -3.7451e-12 -2.0308e-12 -3.0803e-12 -8.8423e-12 -1.0009e-11 -5.5157e-12 3.4933e-12 -4.3313e-12 -2.6219e-12 6.134e-14 5.3652e-13 -4.4047e-12 -1.1886e-11 -1.8028e-13 1.5053e-12 -2.2465e-12 -1.9255e-12 -5.8047e-12 7.6893e-13 -1.4065e-12 -1.5135e-13 -2.9979e-12 -6.6278e-12 1.041e-12 -5.5767e-13 -5.1303e-13 -5.488e-12 -3.4331e-12 -2.478e-12 5.6007e-13 4.5644e-12 -2.7342e-12 8.2563e-13 -3.0456e-12 -1.4033e-12 4.5024e-12 1.356e-12 -2.6725e-12 1.2459e-12 -8.9583e-13 4.9192e-13 1.1758e-13 6.5711e-13 1.9394e-12 1.5608e-12 3.9906e-13 5.8335e-13 5.2763e-13 4.9223e-13 7.9414e-14 3.2569e-14 -7.2035e-14 1.9865e-13 7.326e-14
9.0795e-11 8.114e-11 9.2124e-11 7.6577e-11 5.5212e-11 5.7182e-11 5.9569e-11 4.4179e-11 5.6732e-11 4.0852e-11 3.9803e-11 3.3586e-11 3.2962e-11 4.1502e-11 2.7723e-11 3.1419e-11 1.9376e-11 2.1689e-11 1.3404e-11 4.5803e-12 1.3105e-11 9.3124e-12 5.6929e-12 3.4609e-12 -6.9095e-12 7.4259e-12 2.2476e-12 -3.8779e-12 -1.6972e-12 -8.8476e-12 -5.3048e-12 -4.3177e-13 -6.23e-13 -5.8299e-12 -4.4846e-12 -1.0996e-11 -7.9286e-12 -9.0205e-12 -1.8741e-11 -1.1752e-11 -8.0719e-12 -2.0516e-11 1.5003e-12 -5.7067e-12 -1.0093e-11 -1.309e-11 -1.1213e-11 -3.7832e-12 -1.013e-11 -1.3849e-11 -9.5257e-12 -9.0099e-12 -2.8314e-12 -4.2099e-12 -9.934e-12 -4.8803e-12 -2.6042e-13 2.9223e-12 -3.8575e-12 -3.9724e-12 1.007e-12 -3.9142e-12 -1.1962e-12 -7.821e-12 1.1183e-12 7.8856e-13 -1.6032e-12 -1.5936e-12 -7.3337e-12 -6.6589e-14 -2.9569e-12 -2.3153e-12 -2.5993e-12 -3.3546e-12 -2.5088e-13 -4.8807e-12 -2.8998e-12 -3.4792e-12 -1.7158e-12 -9.3465e-13 1.5292e-12 2.7703e-12 -1.568e-12 2.2644e-12 2.4042e-13 -1.3947e-12 2.5117e-12 -2.6909e-13 -1.0057e-12 2.4142e-12 2.324e-13 4.7157e-13 4.6735e-13 -6.3185e-13 1.0452e-12 1.3054e-12 4.5955e-13 5.5818e-13 7.5561e-13 2.1115e-13 2.0581e-13 6.952e-14 -5.759e-14 1.3702e-13 -3.1505e-14
9.6684e-11 9.1183e-11 7.6577e-11 1.0006e-10 5.6749e-11 6.8121e-11 6.2909e-11 5.3905e-11 6.7805e-11 4.9983e-11 4.0016e-11 3.4382e-11 3.8942e-11 4.8199e-11 3.1474e-11 3.0096e-11 1.9685e-11 2.3168e-11 1.747e-11 8.8073e-12 1.2468e-11 9.3675e-12 3.1853e-12 6.0362e-12 -9.3704e-12 1.9136e-12 -9.7237e-14 -3.9827e-13 -2.2699e-12 -9.1182e-12 -6.5974e-12 -5.8448e-12 -1.2063e-12 -1.2656e-11 -3.157e-12 -8.5947e-12 -7.6013e-12 -8.5227e-12 -1.3745e-11 -6.659e-12 -6.263e-12 -1.5341e-11 1.6409e-12 -9.859e-12 -9.9918e-12 -1.8839e-11 -1.4036e-11 -4.9562e-12 -8.6412e-12 -1.4485e-11 -1.2848e-11 -5.2806e-12 -1.4167e-12 -3.7111e-12 -6.8068e-12 -7.8621e-12 -4.4676e-12 4.2159e-12 -4.1663e-12 -8.6762e-13 2.7548e-12 -2.4998e-12 -4.1836e-12 -8.1331e-12 2.1742e-12 1.2787e-12 -2.8504e-12 -3.469e-13 -5.5686e-12 1.5774e-12 -2.2689e-12 -2.0847e-13 -3.7242e-12 -2.2147e-12 1.1696e-12 -3.2291e-12 -2.698e-12 -4.9166e-12 -1.9905e-12 -1.7089e-12 -1.9213e-12 2.4072e-12 -2.3844e-12 2.2025e-12 -1.548e-12 -1.8442e-12 6.0429e-12 1.1719e-13 -1.3064e-12 1.6398e-12 -1.1979e-12 8.5041e-13 8.1156e-13 -4.9249e-13 1.3917e-12 1.6272e-12 3.687e-13 -1.3896e-13 5.4553e-13 5.4024e-13 2.6847e-13 1.045e-13 -5.0726e-14 1.6538e-13 -2.5267e-14
6.2218e-11 5.3984e-11 5.5212e-11 5.6749e-11 5.3816e-11 3.9379e-11 4.3492e-11 3.9115e-11 4.3476e-11 2.8488e-11 2.2285e-11 2.5424e-11 2.7699e-11 3.1439e-11 1.6322e-11 2.4434e-11 1.5424e-11 1.5616e-11 1.3996e-11 6.4593e-12 1.181e-11 1.2394e-11 2.6597e-12 4.7964e-12 -6.1022e-12 5.9141e-12 2.8868e-12 -1.9916e-12 -2.0401e-12 -1.3098e-12 -4.7478e-12 -7.1429e-12 -1.2097e-13 -6.1319e-12 -5.6079e-12 -4.2761e-12 9.6448e-13 -5.7457e-12 -9.4274e-12 -6.1151e-12 -7.7115e-12 -1.4003e-11 2.748e-12 -8.6508e-12 -5.1051e-12 -9.1636e-12 -7.122e-12 -6.1152e-13 -7.9264e-12 -5.8857e-12 -6.3941e-12 -3.5242e-12 1.0438e-12 -2.0284e-12 -6.1694e-12 -6.2275e-12 -2.4735e-12 1.4533e-12 -5.7741e-12 -2.0883e-12 -5.9699e-13 -1.204e-12 1.5236e-12 -4.9479e-12 1.0535e-12 -6.557e-13 -2.2456e-13 1.5836e-12 -1.6838e-12 -5.7988e-13 -4.7291e-12 5.4757e-13 -9.7718e-13 -3.5342e-12 1.3677e-12 -4.3051e-12 -2.3719e-12 -4.3016e-12 -3.3429e-13 -1.3717e-12 6.8636e-13 5.9595e-13 -7.4347e-13 1.2724e-12 3.9132e-13 -4.5107e-13 3.1835e-12 2.7966e-13 -8.1074e-13 8.3085e-13 1.3664e-13 1.2041e-12 2.712e-14 -1.096e-12 1.1426e-12 1.2445e-12 1.5539e-13 -1.0592e-13 8.0471e-13 4.4549e-13 1.83e-13 9.2999e-14 -6.1848e-15 1.2151e-13 -3.43e-14
7.4038e-11 7.137e-11 5.7182e-11 6.8121e-11 3.9379e-11 7.1236e-11 4.938e-11 4.3645e-11 5.4946e-11 4.4906e-11 3.2451e-11 2.393e-11 3.2393e-11 3.4843e-11 2.3799e-11 2.8855e-11 1.6699e-11 2.1698e-11 1.3816e-11 7.9244e-12 1.4952e-11 5.0916e-12 2.4574e-12 3.4641e-12 -1.3954e-11 6.29e-13 4.3593e-13 -2.3509e-12 -1.6386e-12 -1.0761e-11 -7.7385e-12 -6.2782e-12 -4.1295e-12 -5.6938e-12 -2.293e-12 1.6427e-12 -3.3749e-12 -1.0915e-11 -1.433e-11 -1.3355e-11 -7.1959e-12 -1.691e-11 -1.905e-12 -7.8864e-12 -9.5882e-12 -1.149e-11 -9.048e-12 -6.1744e-12 -3.3696e-12 -7.5589e-12 -1.2689e-11 -5.012e-12 -1.1954e-12 -6.9873e-12 -2.0474e-12 -7.1288e-12 -3.4853e-12 5.4906e-12 -3.0201e-12 -7.4448e-12 3.3892e-13 -3.0108e-12 -5.5994e-12 -6.5957e-12 -1.0088e-12 -4.971e-13 -2.0162e-12 -2.9383e-12 -4.0006e-12 1.7568e-13 -4.7029e-12 3.1365e-12 -1.6963e-12 -2.5788e-12 -3.3275e-13 -9.0852e-13 -2.3885e-12 -1.2842e-12 -1.1996e-12 -8.4928e-13 -5.745e-13 3.8193e-12 -1.093e-12 1.8991e-12 -2.4489e-12 -1.3958e-13 2.5095e-12 -2.9444e-13 -2.2411e-12 6.562e-13 -5.6483e-13 3.069e-13 6.8886e-13 -9.7027e-14 4.3229e-13 9.1466e-13 -3.3804e-13 -3.6265e-14 9.396e-14 2.0114e-13 7.7665e-15 1.3471e-14 5.3043e-14 1.322e-13 -4.5371e-15
7.1192e-11 7.2222e-11 5.9569e-11 6.2909e-11 4.3492e-11 4.938e-11 6.6685e-11 4.1356e-11 5.1584e-11 3.5311e-11 2.9022e-11 2.8124e-11 2.8045e-11 3.3233e-11 2.8887e-11 2.1817e-11 1.747e-11 1.893e-11 1.6945e-11 2.6493e-12 1.3016e-11 2.9275e-12 -7.0039e-14 5.2841e-12 -7.8937e-12 1.0555e-12 2.5892e-12 1.4657e-12 -3.1296e-12 -3.6087e-12 -1.7884e-12 -8.3765e-12 -6.0329e-13 -9.5512e-12 -1.7444e-13 -6.1796e-13 -4.5785e-12 -1.0231e-11 -1.8038e-11 -7.1134e-12 -4.8675e-12 -1.7054e-11 4.8595e-13 -9.1538e-12 -5.8631e-12 -1.1151e-11 -1.1161e-11 -4.271e-12 -9.9752e-12 -1.1049e-11 -1.0579e-11 -8.0507e-12 -3.2173e-12 -4.095e-12 -4.6878e-12 -5.554e-12 -3.0482e-12 2.3255e-12 -3.7294e-12 -1.0707e-12 -2.9532e-12 2.0063e-12 -3.1322e-12 -7.4796e-12 1.6272e-12 -1.2707e-12 -2.8759e-12 1.319e-13 -5.1639e-12 1.2166e-13 -2.131e-12 1.1098e-12 -4.6252e-13 -2.0693e-12 2.272e-12 -1.4518e-12 -1.948e-12 -4.751e-12 -1.2037e-12 -2.4393e-12 -5.7646e-13 1.9708e-12 -1.4774e-12 1.528e-12 -3.3661e-12 -2.519e-12 2.9397e-12 7.4596e-13 -1.3954e-12 1.2164e-12 -1.4935e-13 8.562e-13 5.2249e-14 1.0607e-13 1.1849e-12 7.7541e-13 1.6278e-13 -1.0485e-13 5.0416e-13 3.7985e-13 8.3682e-14 2.2061e-14 -7.3862e-14 1.5124e-13 -1.7666e-14
5.4058e-11 5.0135e-11 4.4179e-11 5.3905e-11 3.9115e-11 4.3645e-11 4.1356e-11 5.265e-11 4.7075e-11 3.6801e-11 2.4819e-11 2.0647e-11 2.8221e-11 2.7521e-11 1.4478e-11 2.1386e-11 1.2773e-11 1.7482e-11 1.4252e-11 6.6864e-12 1.3957e-11 5.8823e-12 1.0919e-12 6.2614e-12 -1.0424e-11 4.7665e-13 -5.7322e-13 5.9316e-12 -4.377e-12 -1.2508e-12 -9.7872e-13 -5.6925e-12 -9.1966e-13 -5.7382e-12 -1.9627e-12 -3.4856e-12 -2.7427e-12 -9.5019e-12 -8.2034e-12 -7.8753e-12 -4.7352e-12 -8.5972e-12 1.223e-12 -9.5633e-12 -3.2948e-12 -8.3988e-12 -5.1301e-12 2.2485e-12 -4.6082e-12 -8.448e-12 -7.8508e-12 -5.3449e-12 -1.5066e-12 -4.4546e-12 -2.2301e-12 -6.2637e-12 -2.9002e-12 3.466e-12 -1.8707e-12 5.7738e-13 -1.0032e-13 -1.3716e-12 -6.4991e-13 -4.6427e-12 9.3496e-13 -1.3571e-12 -1.9457e-12 4.5024e-13 -3.1355e-12 -8.7215e-14 -2.2058e-12 2.3056e-12 -1.5895e-12 -6.3907e-13 1.5277e-12 -3.1146e-12 -2.2618e-12 -3.4383e-12 -1.2816e-12 -1.0922e-12 -5.4578e-13 1.3914e-12 1.0046e-13 7.7928e-13 -1.8706e-12 2.258e-13 4.9183e-12 -3.1949e-13 -1.4689e-12 7.8814e-13 -2.162e-13 1.4137e-12 9.1645e-13 -3.6257e-13 8.0691e-13 2.834e-13 5.5353e-15 6.7785e-14 9.8478e-13 2.6424e-13 1.9805e-13 8.5748e-14 -1.1438e-14 1.4392e-13 6.1866e-15
7.4952e-11 7.0593e-11 5.6732e-11 6.7805e-11 4.3476e-11 5.4946e-11 5.1584e-11 4.7075e-11 7.9529e-11 3.5452e-11 2.4134e-11 3.0098e-11 3.1632e-11 3.2215e-11 2.3374e-11 3.0163e-11 1.7265e-11 1.6259e-11 1.4777e-11 6.7329e-12 1.3268e-11 8.1455e-12 2.4773e-12 9.4782e-13 -8.3723e-12 -1.2239e-12 4.3386e-13 2.2304e-12 -2.403e-12 -3.4552e-12 7.709e-13 -5.4367e-12 -5.8911e-12 -8.0096e-12 -6.1076e-12 -1.9482e-12 -5.18e-12 -1.2098e-11 -7.7707e-12 -5.9359e-12 -9.5416e-12 -1.6706e-11 -5.2933e-13 -1.0684e-11 -7.3837e-12 -1.3445e-11 -1.236e-11 -2.3602e-12 -6.3672e-12 -7.7429e-12 -8.873e-12 -5.5283e-12 1.7446e-12 -2.4431e-12 -5.6379e-12 -7.1538e-12 -5.3497e-13 5.8909e-12 -1.9596e-12 2.4514e-12 2.1724e-12 1.3636e-12 -3.2739e-12 -4.2093e-12 3.238e-13 -2.9343e-12 3.7991e-13 -7.7881e-13 -3.4559e-12 9.6543e-13 -3.3002e-12 1.0911e-12 -7.5024e-13 -1.8286e-13 2.3913e-12 -3.1001e-12 -4.0461e-12 -5.2357e-12 -6.0179e-13 -2.1831e-12 -2.4679e-12 3.088e-12 -5.5036e-13 2.659e-12 -2.4556e-12 -3.5518e-13 3.1046e-12 -3.2564e-15 -1.4962e-12 8.5786e-13 1.7206e-13 1.0284e-12 4.9391e-13 -5.9456e-13 4.7949e-13 1.5976e-12 6.5344e-14 -2.827e-13 8.0345e-13 7.2547e-13 3.3019e-13 1.088e-13 -9.8904e-14 1.2959e-13 3.1711e-14
5.3079e-11 5.0892e-11 4.0852e-11 4.9983e-11 2.8488e-11 4.4906e-11 3.5311e-11 3.6801e-11 3.5452e-11 4.7144e-11 2.7078e-11 1.9497e-11 2.5637e-11 2.7089e-11 1.9165e-11 1.8285e-11 1.2524e-11 1.1137e-11 1.1603e-11 1.1854e-11 1.0877e-11 3.5707e-12 2.7999e-12 6.3498e-12 -2.4806e-12 2.6252e-12 -3.8691e-12 -1.8509e-13 -4.9005e-12 -4.5865e-12 -2.7127e-12 -3.4982e-12 -5.1555e-13 -7.1502e-12 9.4246e-13 1.2486e-12 -2.9492e-12 -3.1926e-12 -9.1806e-12 -6.2863e-12 -2.3217e-12 -6.1916e-12 -2.3774e-12 -4.9311e-12 -3.646e-12 -9.0182e-12 -3.5998e-12 1.7493e-13 -1.7787e-12 -4.0783e-12 -6.6765e-12 -1.309e-12 -7.6791e-13 -2.0324e-12 -1.0721e-12 -2.9495e-12 -1.0674e-12 1.1624e-12 -4.183e-12 -4.0536e-12 4.6302e-13 -2.9597e-12 -7.9774e-13 -3.9553e-12 1.8939e-12 -1.2215e-12 -2.4276e-12 -3.169e-13 -2.9338e-12 1.4288e-12 -2.6379e-12 1.3802e-12 -3.8223e-13 -9.6732e-13 5.5287e-13 -2.5697e-12 9.2543e-13 -3.061e-12 -6.51e-13 5.6018e-13 -4.6341e-13 1.9241e-12 -1.8568e-12 -2.1455e-13 -1.131e-12 4.3684e-13 2.4881e-12 -2.4484e-13 -2.4366e-12 2.3211e-12 5.5106e-13 1.1162e-12 1.0329e-12 7.4619e-13 2.7812e-13 8.8825e-13 3.7931e-13 2.4624e-13 3.2626e-13 1.7877e-13 1.1614e-13 -3.5488e-14 3.8666e-14 9.868e-14 7.0976e-16
4.3104e-11 4.5271e-11 3.9803e-11 4.0016e-11 2.2285e-11 3.2451e-11 2.9022e-11 2.4819e-11 2.4134e-11 2.7078e-11 4.0931e-11 1.652e-11 1.7254e-11 1.4114e-11 1.4022e-11 9.5159e-12 4.3975e-12 1.5166e-11 3.6854e-12 6.1637e-12 4.2122e-12 6.1676e-12 8.0818e-12 2.1178e-13 -3.429e-12 1.4158e-12 -1.4529e-13 -3.4876e-12 3.5161e-15 -5.7523e-12 -5.626e-12 2.87e-12 -1.4358e-12 -3.7076e-12 1.793e-12 -4.5729e-12 -4.4034e-12 -5.1407e-12 -8.0598e-12 -6.986e-12 -4.4213e-12 -9.7382e-12 -1.5406e-12 -3.9635e-12 -7.4398e-12 -4.3293e-12 -6.0783e-12 -2.9904e-12 -5.9147e-12 -8.1684e-12 -4.9578e-12 -6.2958e-12 -4.1709e-12 -6.913e-12 -6.9073e-12 -4.1283e-12 -1.9523e-12 1.9323e-12 -3.8278e-12 -2.2362e-12 -2.6702e-12 -2.2171e-13 9.6019e-13 -6.9765e-12 2.7204e-13 1.675e-12 -2.9615e-12 -4.5214e-13 -9.5535e-13 -5.6008e-13 -2.5527e-12 -4.5127e-13 -1.4998e-12 -2.2623e-12 4.9664e-13 8.078e-13 -9.2423e-13 -4.5364e-13 -1.0078e-12 -8.4129e-13 2.2507e-12 2.8064e-12 -1.4872e-13 -1.1552e-12 -2.0641e-12 -2.363e-12 2.4232e-12 -4.7188e-13 -9.8514e-13 1.4088e-12 1.8088e-13 2.9757e-13 2.2245e-13 2.4753e-13 6.3889e-13 9.0588e-13 -4.199e-14 4.911e-13 4.3512e-13 6.2568e-14 1.6134e-14 8.7938e-15 -2.3608e-14 6.4772e-14 1.4157e-14
4.353e-11 3.5772e-11 3.3586e-11 3.4382e-11 2.5424e-11 2.393e-11 2.8124e-11 2.0647e-11 3.0098e-11 1.9497e-11 1.652e-11 2.9401e-11 1.8466e-11 1.7094e-11 1.3771e-11 1.5964e-11 1.0575e-11 8.7885e-12 7.6443e-12 -6.2001e-13 6.2777e-12 5.1041e-12 3.5974e-12 2.7916e-12 3.3986e-12 4.0679e-12 1.3099e-13 -1.722e-15 -3.4509e-12 -1.7839e-12 -1.4767e-12 -7.4091e-13 -1.9602e-12 -3.2222e-12 -2.1974e-12 2.7486e-13 -2.7809e-12 -6.452e-12 -8.8044e-12 -6.4934e-12 -7.7435e-12 -7.139e-12 -3.0091e-12 -5.3568e-12 -4.102e-12 -9.4063e-12 -8.1573e-12 -4.7728e-12 -1.8275e-12 -1.913e-12 -4.8463e-12 1.4721e-13 3.2252e-13 -2.8439e-12 -3.7888e-12 -8.8113e-13 2.5646e-12 2.3118e-12 -1.0901e-12 1.6002e-12 -3.3638e-13 1.3147e-12 -1.1688e-12 -2.3827e-12 -2.7117e-13 -2.7854e-12 -1.5301e-12 -2.6905e-13 -3.5061e-12 2.9192e-12 -9.1139e-13 1.3538e-12 5.4154e-13 3.6109e-13 2.3075e-12 -3.6859e-12 -2.2233e-13 -8.0005e-13 5.9013e-14 -1.012e-12 1.7382e-12 1.5021e-12 -1.4929e-12 2.509e-12 -3.776e-13 -1.277e-12 4.8999e-13 8.1338e-13 -1.1795e-12 9.6605e-13 2.3282e-14 9.5299e-13 -7.4288e-15 -1.2262e-12 1.9362e-13 1.1262e-12 4.6416e-13 -1.5582e-14 2.5974e-13 3.4283e-13 1.5684e-13 4.544e-14 -6.7561e-14 1.1861e-14 1.8593e-14
4.019e-11 4.3601e-11 3.2962e-11 3.8942e-11 2.7699e-11 3.2393e-11 2.8045e-11 2.8221e-11 3.1632e-11 2.5637e-11 1.7254e-11 1.8466e-11 4.1989e-11 2.447e-11 1.4674e-11 1.9661e-11 6.8834e-12 1.4997e-11 8.2493e-12 7.617e-12 5.6392e-12 3.8306e-12 2.7563e-12 4.4855e-12 -1.2098e-12 1.3528e-12 -4.4991e-13 1.1735e-12 -2.9201e-12 -3.5394e-12 -4.2719e-12 -2.3019e-12 -6.1087e-12 -8.3578e-13 -1.2996e-12 -2.1839e-12 -2.6649e-12 -3.0235e-12 -5.2472e-12 -7.0541e-12 -6.3874e-12 -1.1562e-11 -3.4519e-12 -9.6712e-12 -5.8415e-12 -3.0851e-12 -5.9517e-12 -1.2988e-12 -3.4771e-12 -3.441e-12 -2.354e-12 2.9894e-13 1.9484e-12 -4.4047e-12 -3.4977e-12 -3.8122e-12 6.1689e-13 4.6224e-12 -6.2558e-13 -1.5007e-12 6.462e-13 -1.0605e-12 -1.3933e-12 -7.5198e-12 -6.1083e-13 -2.0532e-12 -2.0701e-12 -1.7176e-12 -1.3103e-12 5.5002e-13 -1.1175e-12 -5.4716e-14 -2.9696e-12 -1.3411e-12 1.403e-12 -2.9323e-13 -1.0884e-12 -2.861e-12 -1.2969e-12 -2.2657e-12 6.8925e-13 3.3292e-12 -1.2823e-12 -9.6029e-13 -1.3496e-12 1.8046e-13 2.1607e-12 -7.6456e-15 -2.593e-12 1.0769e-12 -7.6567e-13 3.0255e-13 3.6949e-15 5.0514e-13 1.0528e-12 7.0947e-13 2.0726e-13 5.4606e-13 -5.2236e-14 2.5622e-13 -3.6578e-14 2.6853e-14 5.523e-14 2.9399e-14 7.4262e-15
4.7253e-11 4.5271e-11 4.1502e-11 4.8199e-11 3.1439e-11 3.4843e-11 3.3233e-11 2.7521e-11 3.2215e-11 2.7089e-11 1.4114e-11 1.7094e-11 2.447e-11 3.8102e-11 1.477e-11 1.4616e-11 1.0845e-11 9.7616e-12 7.3737e-12 5.5161e-12 6.9555e-12 3.4159e-12 3.4382e-12 3.1804e-12 -4.1252e-12 3.2075e-12 -3.1691e-12 -2.4476e-12 -1.2965e-12 -2.5323e-12 -3.9596e-12 -6.0057e-12 -1.9403e-12 -3.1478e-12 -1.5044e-12 -1.3096e-12 -4.6032e-12 -3.4035e-12 -9.4653e-12 -6.3256e-12 -7.1253e-13 -9.2153e-12 2.6761e-12 -7.2583e-12 -2.9193e-12 -9.2417e-12 -5.5497e-12 1.7398e-12 -7.3609e-12 -6.8655e-12 -5.729e-12 -8.2768e-13 -7.7446e-13 -3.3375e-13 -4.2664e-12 -2.784e-12 5.9646e-14 3.0404e-12 -1.4343e-12 -3.5619e-12 1.075e-12 -3.1527e-12 -5.575e-12 -4.5958e-12 -1.7486e-13 -6.1859e-13 -1.4388e-12 -8.6167e-13 -2.3361e-12 1.1666e-12 -1.0282e-12 7.1488e-14 -3.4718e-12 -2.7423e-12 1.052e-12 -2.3249e-12 -1.6057e-12 -3.8664e-12 -2.0207e-12 -5.9327e-13 -1.8646e-12 1.0061e-12 -1.4669e-12 4.3331e-13 7.437e-13 7.9242e-13 1.657e-12 9.3053e-13 -4.1745e-13 1.0613e-12 -1.185e-13 1.3479e-12 -3.2074e-13 -2.8694e-13 7.9494e-13 2.5889e-13 -6.049e-14 4.2715e-14 1.9281e-13 3.9307e-13 4.8924e-15 5.6293e-14 1.1582e-14 2.976e-14 -1.1769e-14
3.1148e-11 3.3939e-11 2.7723e-11 3.1474e-11 1.6322e-11 2.3799e-11 2.8887e-11 1.4478e-11 2.3374e-11 1.9165e-11 1.4022e-11 1.3771e-11 1.4674e-11 1.477e-11 2.7277e-11 1.0193e-11 7.269e-12 6.3181e-12 3.8893e-12 2.9979e-12 1.5556e-12 -1.7782e-12 2.5107e-12 1.5236e-12 5.5857e-12 4.8787e-12 3.7255e-13 1.4591e-12 -1.2054e-13 -2.6187e-12 -1.7048e-12 -3.2616e-12 -3.7671e-12 -7.9789e-12 -1.0539e-12 1.4725e-13 -2.7953e-12 -1.7663e-12 -1.1288e-11 -6.6781e-13 -5.1495e-12 -5.6187e-12 -1.0861e-12 -4.8394e-12 -2.733e-12 -4.0198e-12 -6.2982e-12 -2.3454e-12 -3.7731e-12 -1.9475e-12 -4.1596e-12 -2.1124e-12 -8.3249e-13 1.3674e-12 -1.9755e-13 -2.5451e-12 -7.0909e-13 4.7647e-13 -2.8212e-12 2.831e-13 -3.1251e-12 -4.3224e-13 -3.0036e-12 -4.008e-12 -1.7745e-13 -5.4226e-13 -1.5298e-12 -1.5569e-12 -1.1936e-12 -1.5001e-12 1.5723e-12 -3.5341e-13 1.8006e-13 1.5634e-12 2.6813e-12 6.4732e-13 8.4888e-13 -2.3e-12 -8.1697e-13 -1.3744e-12 -3.8251e-13 5.2816e-13 -7.1858e-14 -1.0666e-13 -4.1934e-13 -1.5493e-12 2.2522e-12 -1.1429e-13 -5.8898e-13 1.1654e-12 -5.062e-13 1.2771e-13 4.2748e-13 2.3371e-13 2.1983e-13 5.0452e-13 1.3214e-13 2.8245e-15 -1.7696e-14 2.5274e-13 4.4782e-14 1.709e-14 -3.8171e-14 6.5908e-14 -9.1869e-15
3.8126e-11 3.0744e-11 3.1419e-11 3.0096e-11 2.4434e-11 2.8855e-11 2.1817e-11 2.1386e-11 3.0163e-11 1.8285e-11 9.5159e-12 1.5964e-11 1.9661e-11 1.4616e-11 1.0193e-11 3.3798e-11 1.1537e-11 6.5755e-12 1.0213e-11 5.362e-12 9.8282e-12 2.4438e-12 -3.8529e-13 2.9841e-12 -6.0708e-13 1.2862e-12 4.1536e-12 -1.0022e-12 -4.524e-13 -1.0572e-12 -9.6078e-13 -3.0083e-12 -3.8308e-12 -2.8828e-12 -5.857e-12 1.84e-12 -7.1984e-13 -5.0753e-12 -3.8487e-12 -4.9109e-12 -7.6918e-12 -1.1533e-11 2.6425e-12 -3.8708e-12 -6.8129e-12 -5.1972e-12 -2.8359e-12 -8.4756e-12 1.73e-12 -8.521e-14 -4.1617e-12 3.2477e-13 2.8569e-13 -1.0357e-12 -2.5427e-13 -2.7701e-12 9.688e-13 2.1295e-12 -1.5794e-12 -1.9619e-13 1.406e-12 -3.282e-12 -1.662e-12 -4.3399e-12 -8.5865e-13 -3.0418e-12 1.6077e-12 -1.3995e-12 -3.541e-12 4.4295e-13 -2.9945e-12 2.0761e-12 6.7002e-13 3.103e-13 1.6368e-12 -9.1123e-13 -9.7601e-13 -8.5405e-13 4.9192e-14 4.1882e-13 -2.6963e-13 2.084e-12 -1.7407e-12 2.5842e-12 6.4995e-13 3.8839e-13 -9.0594e-13 3.5848e-13 4.6552e-13 7.7559e-13 2.7745e-13 4.6228e-13 3.211e-13 -2.1737e-13 -1.0001e-13 1.1211e-12 2.1199e-13 -1.3407e-14 6.568e-14 4.111e-13 9.9312e-14 -1.0327e-14 -1.8999e-14 -1.5711e-14 4.118e-14
2.4672e-11 2.2169e-11 1.9376e-11 1.9685e-11 1.5424e-11 1.6699e-11 1.747e-11 1.2773e-11 1.7265e-11 1.2524e-11 4.3975e-12 1.0575e-11 6.8834e-12 1.0845e-11 7.269e-12 1.1537e-11 1.8163e-11 5.3378e-12 6.2583e-12 -2.7593e-12 6.3797e-12 8.3106e-13 -5.598e-14 3.3855e-12 -4.3656e-12 1.0814e-12 8.4202e-13 -2.7126e-12 -1.5189e-12 -1.2316e-12 -1.0991e-13 -2.7146e-12 9.6153e-13 -7.601e-13 -3.2246e-12 1.7547e-12 -1.2932e-13 -3.4524e-12 -4.107e-12 -2.2756e-12 -7.2922e-13 -3.3463e-12 -1.996e-13 -7.3874e-13 -3.0645e-12 -7.5403e-12 -1.8594e-12 -3.2201e-12 -2.4192e-14 -5.1656e-12 -3.2294e-12 -4.5012e-13 8.1915e-13 -2.1625e-12 1.7489e-13 -7.2517e-13 -1.6076e-12 -3.3804e-14 -1.4119e-12 5.6214e-13 2.7433e-12 -1.7961e-12 1.3956e-12 -2.0053e-12 -8.2742e-13 -2.5283e-12 6.472e-13 -9.8429e-13 -3.286e-12 1.2899e-12 6.3725e-13 1.3219e-12 -4.4102e-13 -1.8096e-12 -1.3139e-12 -2.2031e-12 3.3898e-13 -1.5424e-12 1.3985e-12 1.4981e-12 -8.2331e-13 4.492e-13 -1.0385e-12 2.2574e-12 2.6308e-13 1.2754e-12 4.4592e-14 -3.908e-14 -7.7088e-13 4.0234e-14 -1.7657e-13 2.2498e-13 -2.8431e-14 -2.0925e-13 -1.8408e-13 1.3326e-13 9.9027e-14 1.1536e-13 7.3946e-15 1.7867e-13 1.0865e-13 -1.0266e-14 -2.109e-14 2.9948e-14 -1.035e-14
2.9416e-11 2.1503e-11 2.1689e-11 2.3168e-11 1.5616e-11 2.1698e-11 1.893e-11 1.7482e-11 1.6259e-11 1.1137e-11 1.5166e-11 8.7885e-12 1.4997e-11 9.7616e-12 6.3181e-12 6.5755e-12 5.3378e-12 2.6071e-11 3.6676e-12 1.2075e-12 4.3596e-12 2.7937e-12 -1.6759e-12 1.485e-13 -1.2389e-11 1.5419e-12 2.6206e-12 1.1169e-13 -2.632e-12 -4.0755e-12 -6.2215e-12 8.9688e-13 -6.1215e-13 -4.24e-12 -3.2907e-12 -3.0433e-12 -1.8083e-12 -8.8423e-13 -6.03e-12 -7.2814e-12 -4.2381e-12 -9.1611e-12 7.4801e-13 -7.0204e-12 -5.3502e-12 -3.0679e-12 -8.9859e-13 -6.2193e-13 -2.6807e-12 -6.4837e-12 -1.8115e-12 -3.5012e-12 -7.2453e-14 -6.3145e-12 -4.3986e-13 -4.2075e-12 -4.9279e-13 2.5097e-12 -1.2986e-12 -1.2679e-12 -3.0717e-13 9.6002e-13 -8.5059e-13 -2.0707e-12 1.2269e-12 -2.4234e-12 -3.2628e-12 1.2498e-12 -8.947e-13 2.9911e-12 3.7462e-13 2.4978e-12 -1.4137e-12 -3.3325e-13 -2.6244e-12 -9.8681e-13 -3.3875e-12 -6.5551e-13 1.3497e-12 -1.7811e-12 -9.946e-13 3.6189e-12 1.2428e-12 3.8447e-13 -1.6876e-12 4.2218e-13 1.5295e-12 -6.343e-13 -1.238e-12 -2.7007e-13 3.4566e-13 -6.6985e-13 4.0371e-13 -4.184e-13 4.9784e-13 -2.4653e-13 -2.3097e-13 5.052e-13 -1.8345e-13 2.3481e-14 8.8644e-17 -5.0973e-14 8.4457e-14 7.6405e-14 -3.1604e-14
1.9789e-11 1.6663e-11 1.3404e-11 1.747e-11 1.3996e-11 1.3816e-11 1.6945e-11 1.4252e-11 1.4777e-11 1.1603e-11 3.6854e-12 7.6443e-12 8.2493e-12 7.3737e-12 3.8893e-12 1.0213e-11 6.2583e-12 3.6676e-12 1.9249e-11 2.8504e-12 9.5112e-12 1.2669e-12 2.7244e-13 5.3175e-12 -2.4142e-12 -2.2668e-13 1.3443e-12 1.1635e-12 -1.2448e-12 -5.4177e-12 1.6716e-12 -5.6592e-13 -1.7152e-12 -5.0979e-12 -1.0718e-12 -1.0563e-12 3.4225e-12 -4.2221e-12 -4.3863e-13 -4.4579e-14 -2.7053e-12 -4.6718e-12 -2.2013e-12 -3.257e-12 3.8999e-12 -2.0334e-12 -3.0321e-12 -1.8226e-12 2.0586e-12 -3.4371e-12 -3.5984e-12 -1.1317e-13 -1.2046e-12 -1.6994e-12 -2.099e-12 -4.5321e-13 -3.5056e-13 2.9517e-12 -1.98e-12 1.119e-13 7.7836e-13 1.4476e-12 9.5633e-13 1.6399e-13 5.1894e-13 -2.0286e-12 3.1012e-13 1.3724e-12 -3.0972e-12 1.653e-12 -1.9602e-12 8.7373e-14 2.3584e-12 1.8331e-12 -8.5652e-14 -1.8011e-12 -1.0557e-12 -9.1637e-13 1.4417e-12 1.1015e-12 -5.3527e-13 9.7887e-13 -2.4523e-12 7.3605e-13 -2.2614e-12 -5.3303e-13 -2.5267e-13 1.5522e-13 -3.2221e-13 4.3254e-13 -4.5227e-13 6.0328e-13 5.3896e-13 -4.1935e-14 -1.731e-13 7.9801e-13 7.3491e-13 -4.0895e-13 3.4604e-13 8.753e-14 -6.4341e-15 2.0976e-14 -2.9795e-14 6.0544e-14 -1.2444e-14
1.0758e-11 1.0052e-11 4.5803e-12 8.8073e-12 6.4593e-12 7.9244e-12 2.6493e-12 6.6864e-12 6.7329e-12 1.1854e-11 6.1637e-12 -6.2001e-13 7.617e-12 5.5161e-12 2.9979e-12 5.362e-12 -2.7593e-12 1.2075e-12 2.8504e-12 2.2118e-11 2.0485e-12 1.271e-12 -6.8757e-13 -6.3582e-13 3.6478e-13 1.776e-12 -1.6216e-12 5.478e-13 -1.7395e-12 2.0561e-12 -5.8597e-13 6.279e-13 -5.6624e-12 -3.6152e-12 -3.5188e-13 -5.6752e-13 -3.5712e-13 1.2658e-12 4.558e-12 1.2723e-12 2.698e-13 -2.1561e-12 9.2565e-13 -1.2007e-12 -7.9958e-13 8.5047e-12 -3.6567e-13 3.0829e-12 -2.3632e-12 -8.5372e-13 -6.32e-13 1.9636e-12 -4.0748e-13 2.2553e-14 -5.6718e-13 -4.2497e-12 8.2487e-13 -6.5891e-13 -3.4458e-12 -1.8733e-12 1.5719e-12 -7.0997e-14 -4.4383e-13 -2.037e-12 6.524e-13 6.944e-13 -1.9415e-13 2.7548e-13 1.9761e-12 4.447e-13 -1.3466e-12 -2.422e-13 3.0807e-13 -5.7613e-13 2.3401e-12 -3.4858e-13 -6.584e-13 -1.4171e-12 -5.6199e-13 -4.7708e-13 -7.4151e-13 2.1373e-13 -1.3754e-12 -2.3108e-12 2.0823e-12 1.5345e-12 4.7104e-13 6.7748e-13 -5.6405e-14 4.0245e-13 9.7221e-13 1.726e-12 -3.2292e-13 3.569e-13 -1.1831e-14 5.6707e-13 1.3547e-13 -8.3177e-14 1.3675e-13 -1.1228e-13 3.0067e-15 -7.2441e-14 5.8248e-14 2.434e-14 4.6544e-15
1.7636e-11 1.2363e-11 1.3105e-11 1.2468e-11 1.181e-11 1.4952e-11 1.3016e-11 1.3957e-11 1.3268e-11 1.0877e-11 4.2122e-12 6.2777e-12 5.6392e-12 6.9555e-12 1.5556e-12 9.8282e-12 6.3797e-12 4.3596e-12 9.5112e-12 2.0485e-12 1.5338e-11 4.1832e-12 1.0631e-12 4.3708e-12 -3.5466e-12 -2.8918e-12 3.7796e-12 1.5358e-12 -1.0161e-12 -1.1633e-12 -1.9187e-12 -3.0465e-12 1.2976e-12 -1.114e-12 1.1047e-12 -1.6681e-12 1.0514e-12 -5.2944e-12 1.5987e-12 -2.5708e-12 2.9566e-13 -4.2936e-12 -1.4838e-12 -1.3724e-12 -1.8356e-12 -5.1999e-13 -1.0715e-12 -8.8221e-13 -7.5055e-14 -1.6995e-12 -2.3069e-12 8.7942e-13 5.5074e-13 -4.7775e-12 -2.8755e-12 -2.4216e-12 -2.0481e-12 3.6822e-12 -2.1714e-13 -1.9288e-12 8.6493e-13 -1.5664e-12 1.6332e-12 6.5823e-13 -2.6523e-15 -1.2073e-12 3.4705e-13 9.169e-13 -1.8043e-12 9.8164e-13 -3.3433e-12 2.9766e-13 2.1651e-12 -7.9928e-14 5.7556e-14 2.8845e-14 -5.41e-13 -4.5677e-13 2.1869e-12 -3.8284e-13 -1.8256e-13 -2.0039e-13 -6.8763e-13 1.1899e-12 -1.5962e-12 1.3511e-12 -1.1985e-12 -3.0404e-13 -9.8071e-14 6.5785e-13 1.5986e-13 4.6496e-14 1.7557e-13 -3.247e-13 -3.92e-13 5.3475e-13 -6.5761e-14 -3.8545e-13 2.8022e-13 3.5038e-14 3.128e-14 1.0496e-14 -2.3593e-14 2.1585e-14 -6.748e-14
1.3416e-11 9.868e-12 9.3124e-12 9.3675e-12 1.2394e-11 5.0916e-12 2.9275e-12 5.8823e-12 8.1455e-12 3.5707e-12 6.1676e-12 5.1041e-12 3.8306e-12 3.4159e-12 -1.7782e-12 2.4438e-12 8.3106e-13 2.7937e-12 1.2669e-12 1.271e-12 4.1832e-12 1.8636e-11 1.8701e-12 2.9264e-13 3.0168e-12 3.3611e-12 1.6493e-12 -3.0556e-13 1.833e-13 -8.9648e-13 -8.1131e-13 1.1295e-12 -8.1484e-13 -2.2987e-12 1.2713e-12 -8.928e-13 1.9696e-12 -2.0607e-12 -8.2713e-14 9.2252e-13 -3.8821e-12 -1.3988e-12 3.6247e-12 -1.2823e-12 -1.7232e-12 -3.6223e-12 -1.8808e-12 -2.5364e-13 -1.3701e-12 1.7982e-12 2.1618e-12 -2.2332e-13 1.7623e-12 -1.0505e-12 -3.7959e-12 -1.7259e-12 8.0307e-13 3.506e-12 -2.9485e-12 -1.5405e-12 -9.9079e-13 -1.1616e-12 3.8265e-12 -2.3986e-13 2.1708e-12 2.5303e-13 -8.5621e-13 2.9598e-12 9.4188e-13 -1.7243e-13 -9.7575e-13 -2.3991e-13 6.0989e-13 -2.4312e-12 -1.9389e-12 -1.5925e-12 -4.815e-13 3.1972e-14 1.8662e-12 -1.4566e-12 8.0499e-13 -5.8662e-13 1.4802e-12 1.9078e-13 1.9755e-13 -1.5835e-13 1.2461e-12 4.697e-13 1.2359e-12 3.4987e-13 1.1373e-13 1.2469e-13 -1.239e-13 -3.3583e-13 8.4574e-13 6.8733e-13 -3.2323e-13 8.9797e-14 2.1869e-13 6.8724e-14 4.6526e-14 6.0491e-14 9.1524e-15 -4.3655e-15 -3.7949e-14
3.3632e-13 2.7335e-12 5.6929e-12 3.1853e-12 2.6597e-12 2.4574e-12 -7.0039e-14 1.0919e-12 2.4773e-12 2.7999e-12 8.0818e-12 3.5974e-12 2.7563e-12 3.4382e-12 2.5107e-12 -3.8529e-13 -5.598e-14 -1.6759e-12 2.7244e-13 -6.8757e-13 1.0631e-12 1.8701e-12 2.2653e-11 -3.7407e-12 1.0075e-12 2.786e-12 4.2032e-14 -1.2221e-12 9.1584e-13 -3.0201e-13 -2.0463e-12 -2.1978e-12 -1.2796e-12 5.7639e-12 -8.571e-13 -1.9723e-12 -2.8926e-12 -1.5016e-12 2.3541e-12 -6.2302e-12 3.0565e-13 -4.6904e-12 -2.733e-12 -2.9198e-13 3.9181e-12 -4.0497e-13 -1.4128e-12 -1.2737e-12 -1.7484e-12 1.1046e-12 -8.8344e-13 2.5284e-12 -1.5582e-13 4.8837e-15 -3.5351e-12 -1.5432e-12 -1.5833e-13 2.0929e-12 -1.7464e-12 -9.6357e-13 1.6396e-12 -2.7946e-12 1.2135e-12 -1.2985e-12 3.9801e-14 -1.3058e-12 5.6899e-13 -2.1226e-12 7.4191e-13 -2.1302e-13 -3.3916e-13 -1.7789e-12 -2.3308e-13 8.3843e-15 -2.6645e-13 1.8346e-12 3.1768e-12 8.2414e-13 -1.9026e-13 2.0802e-12 1.8838e-13 -1.8448e-13 -2.3557e-12 -1.4539e-12 -1.7604e-12 -9.6014e-13 5.6491e-13 -1.379e-12 -7.9648e-13 9.2191e-13 -7.3506e-13 -1.2749e-14 -2.503e-13 -6.1595e-13 -2.8323e-13 -1.4414e-13 -5.8736e-13 2.2052e-13 1.7024e-13 6.7614e-14 -1.3984e-13 9.7608e-14 1.6736e-14 -1.3698e-14 -2.5651e-14
3.5208e-12 2.6809e-12 3.4609e-12 6.0362e-12 4.7964e-12 3.4641e-12 5.2841e-12 6.2614e-12 9.4782e-13 6.3498e-12 2.1178e-13 2.7916e-12 4.4855e-12 3.1804e-12 1.5236e-12 2.9841e-12 3.3855e-12 1.485e-13 5.3175e-12 -6.3582e-13 4.3708e-12 2.9264e-13 -3.7407e-12 1.1342e-11 -4.9611e-13 6.2981e-13 5.0859e-13 3.0042e-12 4.9784e-14 -9.7393e-13 1.2554e-12 -1.5253e-12 2.0097e-12 -1.3604e-12 1.0923e-12 3.875e-13 3.2976e-12 -2.4335e-12 3.8832e-13 3.0233e-12 4.2992e-13 -2.1154e-13 -2.4081e-12 1.9712e-12 2.1318e-12 -6.942e-13 8.6322e-13 2.7132e-13 2.1913e-12 1.0869e-13 -1.106e-13 7.8769e-13 1.027e-12 -1.4529e-12 2.5366e-12 2.0878e-13 -5.8824e-13 1.4842e-12 1.121e-12 8.0381e-13 -1.9273e-13 -4.8941e-13 1.203e-12 1.476e-13 1.2192e-12 6.9472e-13 -8.0832e-13 1.0583e-12 -1.4635e-12 6.4718e-13 -1.3133e-12 1.5218e-13 4.1749e-14 9.4963e-13 3.5985e-13 -5.7838e-14 1.7245e-12 -1.131e-12 1.5733e-12 1.615e-12 8.384e-13 -1.5119e-13 -1.0851e-13 1.1462e-12 -1.1122e-13 4.1805e-16 9.2582e-13 7.3917e-13 6.5167e-13 1.8309e-13 -9.0638e-13 6.1534e-13 9.223e-13 4.9156e-13 -4.2475e-13 -7.9936e-14 4.1691e-13 -2.5567e-13 2.5023e-13 1.4537e-13 -1.577e-14 -2.4412e-14 -1.8234e-14 -4.9188e-14 -5.3699e-14
-9.1447e-12 -7.1217e-12 -6.9095e-12 -9.3704e-12 -6.1022e-12 -1.3954e-11 -7.8937e-12 -1.0424e-11 -8.3723e-12 -2.4806e-12 -3.429e-12 3.3986e-12 -1.2098e-12 -4.1252e-12 5.5857e-12 -6.0708e-13 -4.3656e-12 -1.2389e-11 -2.4142e-12 3.6478e-13 -3.5466e-12 3.0168e-12 1.0075e-12 -4.9611e-13 3.0607e-11 4.7755e-12 -2.175e-13 -2.7025e-12 3.8296e-12 3.281e-12 1.2503e-12 3.6592e-12 -1.4867e-12 -3.69e-12 3.0854e-12 7.2281e-13 1.6256e-12 7.5509e-13 -7.6354e-13 1.1846e-12 -6.4715e-12 8.6559e-12 -5.4434e-13 6.5293e-14 2.9493e-13 2.4241e-12 9.7225e-13 -1.2011e-12 -1.1468e-12 3.5307e-12 2.3108e-12 1.6051e-13 2.6004e-13 4.034e-12 -1.4868e-12 3.2984e-12 3.5328e-12 6.9079e-13 -3.3557e-12 1.9967e-12 -6.2966e-13 1.4813e-12 -1.0623e-12 9.0146e-13 2.4446e-13 -1.7565e-12 9.6387e-13 -4.119e-14 8.354e-13 -1.3122e-12 1.1368e-12 -1.5721e-12 5.6828e-12 1.7586e-12 3.7818e-12 9.4421e-13 2.7142e-12 -1.2092e-12 8.5891e-13 3.8243e-13 2.8378e-12 -1.1849e-12 4.7503e-13 -5.1387e-13 2.4624e-12 3.5919e-13 -1.8092e-12 2.8519e-13 2.3956e-12 9.0133e-13 1.8838e-13 -2.8156e-16 -2.4428e-14 2.8031e-13 5.0349e-14 1.0243e-12 1.8253e-13 -2.2156e-13 -1.875e-13 1.4722e-13 4.706e-14 5.6911e-14 -6.7382e-14 -8.3769e-14 2.9647e-14
8.7423e-12 7.0896e-12 7.4259e-12 1.9136e-12 5.9141e-12 6.29e-13 1.0555e-12 4.7665e-13 -1.2239e-12 2.6252e-12 1.4158e-12 4.0679e-12 1.3528e-12 3.2075e-12 4.8787e-12 1.2862e-12 1.0814e-12 1.5419e-12 -2.2668e-13 1.776e-12 -2.8918e-12 3.3611e-12 2.786e-12 6.2981e-13 4.7755e-12 2.0686e-11 3.2364e-12 -1.8785e-12 -6.5364e-13 1.423e-12 1.9193e-12 3.1589e-12 -2.1411e-12 -1.4663e-12 -1.941e-12 2.5525e-12 -1.3674e-13 -1.8642e-12 -6.4659e-12 -4.3519e-13 -4.4164e-12 3.5037e-12 -1.3177e-13 -1.7387e-12 1.1236e-12 -3.1072e-12 1.7472e-12 -3.8205e-13 3.176e-12 3.7023e-12 -1.7415e-12 2.34e-12 1.3613e-12 3.5335e-12 1.5341e-12 -1.8578e-12 1.1853e-13 -2.1397e-12 -2.0157e-12 -3.6833e-13 -6.8752e-13 3.6157e-13 -9.6215e-13 -1.3435e-12 4.1231e-13 8.1774e-13 -8.2837e-13 3.6429e-14 -7.929e-13 -6.2719e-14 2.6828e-12 1.1078e-13 3.7294e-13 1.2529e-12 3.2055e-13 5.9418e-13 2.3057e-12 -8.7391e-13 3.8043e-13 3.7629e-13 1.3882e-12 1.4636e-12 9.8738e-13 6.1343e-14 2.3412e-13 2.4803e-13 8.2916e-13 7.7033e-13 -2.7938e-13 9.3499e-13 3.5806e-13 7.0194e-15 8.0522e-13 -1.407e-13 7.008e-14 -3.7043e-13 -1.4031e-13 3.4364e-13 2.5816e-13 1.7955e-13 -2.5522e-14 -1.3875e-14 -1.6279e-14 3.3599e-14 1.3623e-14
5.6404e-12 3.3266e-12 2.2476e-12 -9.7237e-14 2.8868e-12 4.3593e-13 2.5892e-12 -5.7322e-13 4.3386e-13 -3.8691e-12 -1.4529e-13 1.3099e-13 -4.4991e-13 -3.1691e-12 3.7255e-13 4.1536e-12 8.4202e-13 2.6206e-12 1.3443e-12 -1.6216e-12 3.7796e-12 1.6493e-12 4.2032e-14 5.0859e-13 -2.175e-13 3.2364e-12 1.2764e-11 2.788e-12 4.1876e-12 2.1499e-12 6.0607e-13 -1.1745e-13 1.324e-12 -1.023e-13 -1.6811e-12 -1.898e-12 1.8089e-12 -2.1304e-12 -5.0319e-13 9.5562e-13 -1.7129e-12 -7.3304e-13 -1.1576e-13 1.5336e-12 -1.0489e-12 3.2103e-12 3.1487e-12 -4.0863e-12 3.0635e-12 1.3167e-12 -2.1484e-14 5.2763e-13 5.1042e-13 -5.7144e-13 9.9599e-13 -1.0719e-12 -2.3257e-12 -3.7545e-13 1.6287e-12 2.1164e-12 4.2588e-13 6.9079e-13 4.7178e-13 -1.9703e-12 1.7522e-12 -2.9363e-13 -3.2121e-13 3.296e-12 -1.3812e-13 -2.3481e-13 -7.5884e-13 1.0694e-12 1.4731e-12 1.6727e-13 9.368e-13 1.156e-12 1.5385e-12 5.1622e-15 2.259e-12 -4.832e-13 1.0575e-12 7.8071e-13 5.8099e-13 1.3353e-12 -2.1099e-12 3.0515e-15 2.3651e-13 4.3489e-13 9.1024e-13 -1.0395e-12 -1.9641e-13 -1.2652e-12 5.1289e-13 -4.1278e-14 5.3489e-13 2.4076e-13 -6.0995e-13 -1.6543e-13 5.596e-14 5.122e-14 9.6932e-15 -8.759e-15 -2.0295e-14 5.1766e-15 -5.0111e-14
-3.6738e-12 -2.9497e-12 -3.8779e-12 -3.9827e-13 -1.9916e-12 -2.3509e-12 1.4657e-12 5.9316e-12 2.2304e-12 -1.8509e-13 -3.4876e-12 -1.722e-15 1.1735e-12 -2.4476e-12 1.4591e-12 -1.0022e-12 -2.7126e-12 1.1169e-13 1.1635e-12 5.478e-13 1.5358e-12 -3.0556e-13 -1.2221e-12 3.0042e-12 -2.7025e-12 -1.8785e-12 2.788e-12 1.7255e-11 8.6872e-13 4.8858e-13 3.0091e-12 -2.8884e-13 -5.0656e-13 -8.5249e-13 -2.674e-13 -2.4322e-12 -9.6692e-13 -1.2852e-12 2.0507e-13 5.6465e-12 5.7771e-13 1.5086e-12 -5.9847e-13 1.8199e-12 2.3792e-12 7.8846e-13 -9.7813e-13 5.552e-13 3.4959e-12 4.7664e-12 -4.5618e-13 1.6257e-12 6.2073e-13 -1.9924e-13 2.5608e-12 -6.5796e-13 -3.4823e-13 2.8113e-12 3.3487e-12 4.2829e-12 -8.8099e-13 3.6265e-13 1.1453e-12 -1.4112e-13 2.0217e-12 7.8468e-13 -1.7974e-12 1.4893e-12 4.1296e-13 1.2932e-12 1.1082e-12 1.8362e-12 -2.0847e-12 1.3217e-12 1.414e-12 -2.9767e-13 2.5608e-13 -6.9274e-13 3.1139e-13 -8.5184e-14 -1.1684e-12 -6.4691e-13 3.8701e-13 6.8163e-14 -1.4169e-12 -8.1791e-14 1.7311e-12 1.1464e-12 1.5528e-12 -1.8106e-12 -1.4459e-13 9.6143e-13 1.0007e-12 1.8105e-13 4.423e-14 -7.1322e-13 -1.7733e-13 6.906e-14 2.3995e-13 -1.2599e-13 -3.978e-14 1.076e-14 -3.0588e-14 3.182e-14 -7.2982e-14
-8.3455e-12 -1.3913e-12 -1.6972e-12 -2.2699e-12 -2.0401e-12 -1.6386e-12 -3.1296e-12 -4.377e-12 -2.403e-12 -4.9005e-12 3.5161e-15 -3.4509e-12 -2.9201e-12 -1.2965e-12 -1.2054e-13 -4.524e-13 -1.5189e-12 -2.632e-12 -1.2448e-12 -1.7395e-12 -1.0161e-12 1.833e-13 9.1584e-13 4.9784e-14 3.8296e-12 -6.5364e-13 4.1876e-12 8.6872e-13 1.6068e-11 -6.9648e-13 -4.6607e-13 3.6969e-13 3.4447e-12 -1.0602e-12 -1.889e-12 9.3506e-13 5.4729e-12 -1.5316e-12 1.18e-13 9.2468e-12 3.8358e-13 1.567e-12 3.628e-12 2.06e-13 3.779e-12 4.9725e-12 6.1185e-15 2.9383e-12 3.6038e-13 -6.1849e-14 2.0202e-12 2.9005e-12 5.3733e-13 -2.5739e-13 -3.1157e-14 1.9308e-12 9.4403e-13 2.3762e-12 -3.3228e-14 7.9095e-13 -1.4613e-12 2.1167e-12 4.1631e-13 3.4192e-14 -2.1333e-12 -8.6078e-13 1.9471e-12 -2.5881e-13 3.2736e-13 -4.0219e-13 -8.4575e-13 -1.1914e-12 9.8915e-13 -1.4606e-12 -1.7356e-13 1.5095e-12 -3.1476e-13 1.6006e-12 1.2848e-12 1.6278e-12 -1.5063e-13 8.8407e-13 1.4541e-12 4.7097e-13 -7.6501e-14 4.0593e-13 -5.8032e-13 8.5268e-13 1.9272e-12 -7.1992e-13 -8.9413e-13 3.5249e-13 2.7823e-13 6.3998e-13 -4.791e-13 -1.4689e-13 -3.3525e-13 -7.1023e-13 2.4101e-13 2.34e-13 3.3824e-14 -2.1874e-14 7.1551e-15 -5.9737e-14 -9.5297e-15
-7.604e-12 -9.5839e-12 -8.8476e-12 -9.1182e-12 -1.3098e-12 -1.0761e-11 -3.6087e-12 -1.2508e-12 -3.4552e-12 -4.5865e-12 -5.7523e-12 -1.7839e-12 -3.5394e-12 -2.5323e-12 -2.6187e-12 -1.0572e-12 -1.2316e-12 -4.0755e-12 -5.4177e-12 2.0561e-12 -1.1633e-12 -8.9648e-13 -3.0201e-13 -9.7393e-13 3.281e-12 1.423e-12 2.1499e-12 4.8858e-13 -6.9648e-13 1.0678e-11 1.7964e-12 -3.5864e-12 1.0597e-12 1.4679e-12 5.6181e-13 2.4992e-12 9.9371e-13 1.3517e-12 3.1442e-12 1.0366e-12 1.5806e-12 2.9414e-12 2.6435e-12 -7.1968e-13 -5.4332e-13 3.6107e-12 2.9417e-12 2.1655e-12 -1.8214e-12 2.0137e-12 1.4082e-12 4.9899e-13 8.8554e-13 2.8232e-12 8.6315e-13 -5.9349e-13 -3.0393e-13 -1.3808e-12 -3.376e-13 2.6026e-12 1.9435e-15 -6.0694e-13 6.3765e-14 -3.1936e-13 -2.6105e-13 5.2597e-14 8.3807e-13 2.2429e-12 1.0394e-12 -9.4365e-13 2.5897e-14 6.4782e-13 1.7659e-13 5.2079e-13 2.0391e-12 2.4037e-13 1.9149e-12 -3.4852e-13 -1.1521e-12 -4.1294e-13 4.7855e-14 -1.0391e-12 1.3692e-12 2.1322e-13 1.1289e-12 9.927e-13 2.1764e-14 1.3468e-12 6.0831e-13 -1.9082e-13 7.8298e-13 -1.3783e-13 -3.5135e-13 -2.2436e-13 3.0219e-13 -1.1931e-13 -4.6997e-13 -2.6535e-13 1.5326e-13 9.5313e-14 7.4052e-14 2.8743e-14 -1.1199e-14 -3.7087e-14 4.8233e-14
-4.9089e-12 -4.2114e-12 -5.3048e-12 -6.5974e-12 -4.7478e-12 -7.7385e-12 -1.7884e-12 -9.7872e-13 7.709e-13 -2.7127e-12 -5.626e-12 -1.4767e-12 -4.2719e-12 -3.9596e-12 -1.7048e-12 -9.6078e-13 -1.0991e-13 -6.2215e-12 1.6716e-12 -5.8597e-13 -1.9187e-12 -8.1131e-13 -2.0463e-12 1.2554e-12 1.2503e-12 1.9193e-12 6.0607e-13 3.0091e-12 -4.6607e-13 1.7964e-12 9.5592e-12 2.9351e-12 -2.6235e-13 5.7092e-13 -3.5886e-14 1.5984e-12 5.0388e-13 -1.489e-13 8.7497e-13 6.4607e-12 2.0801e-12 1.95e-12 8.6006e-13 2.5228e-12 3.5108e-12 2.13e-12 -3.7987e-13 -4.6487e-13 3.1127e-12 2.3181e-12 -4.1838e-13 2.5401e-13 -1.0143e-12 2.7231e-12 4.0131e-13 1.5797e-12 2.3308e-12 -5.7198e-13 1.6583e-12 2.6036e-12 -5.82e-14 1.007e-12 8.8447e-13 4.445e-13 1.1546e-12 1.3613e-12 7.4875e-13 6.7571e-13 -9.7135e-13 -1.3573e-12 2.4523e-12 1.0599e-12 -2.5918e-14 4.8764e-13 7.5998e-13 2.1417e-13 1.1347e-12 -6.2665e-13 2.5099e-13 3.214e-13 1.5346e-13 -1.8415e-13 -2.4289e-13 1.2934e-12 2.1103e-13 -4.7005e-13 6.5793e-13 3.0672e-13 -1.8452e-14 5.8086e-13 2.9805e-13 2.7313e-13 6.6488e-13 5.205e-13 -2.078e-13 -9.0874e-14 2.5483e-13 -2.2979e-13 4.1577e-14 1.2365e-13 1.0851e-13 -2.4808e-16 -6.7848e-14 -2.1228e-15 -5.5146e-15
-2.8285e-12 -2.7139e-12 -4.3177e-13 -5.8448e-12 -7.1429e-12 -6.2782e-12 -8.3765e-12 -5.6925e-12 -5.4367e-12 -3.4982e-12 2.87e-12 -7.4091e-13 -2.3019e-12 -6.0057e-12 -3.2616e-12 -3.0083e-12 -2.7146e-12 8.9688e-13 -5.6592e-13 6.279e-13 -3.0465e-12 1.1295e-12 -2.1978e-12 -1.5253e-12 3.6592e-12 3.1589e-12 -1.1745e-13 -2.8884e-13 3.6969e-13 -3.5864e-12 2.9351e-12 1.34e-11 -1.1877e-12 1.6747e-13 1.2084e-12 -3.6503e-12 -1.5232e-13 2.8485e-12 5.2326e-15 2.1393e-12 -4.6241e-13 2.8154e-12 -8.4513e-14 3.0302e-12 -1.0341e-12 1.6259e-12 -2.4008e-12 -1.5682e-12 2.4405e-12 -9.1956e-13 -2.3639e-13 1.4518e-13 -3.0002e-12 -1.9414e-12 -2.1133e-12 -2.6477e-13 3.997e-12 8.7941e-13 1.7721e-12 3.6429e-13 3.0012e-13 5.5726e-13 1.1311e-12 1.4428e-13 -3.0065e-13 1.581e-12 -1.8368e-12 2.3905e-13 2.5225e-13 1.0181e-12 2.4011e-12 4.913e-13 -1.2275e-13 2.6855e-15 -9.8936e-13 -9.952e-13 2.4002e-13 8.1117e-14 1.1815e-12 -2.8941e-13 8.7596e-13 2.1028e-12 5.3806e-13 2.1632e-13 1.4056e-12 3.786e-13 -4.7341e-13 -4.5025e-13 7.7429e-13 1.0541e-13 4.6152e-13 -4.1994e-13 5.1899e-13 8.3793e-13 6.2966e-14 -5.5237e-14 2.4587e-13 3.2318e-13 -2.0958e-13 2.0219e-14 5.8653e-14 -1.7112e-14 -2.736e-14 9.4057e-15 1.1317e-14
-7.851e-12 -4.7772e-12 -6.23e-13 -1.2063e-12 -1.2097e-13 -4.1295e-12 -6.0329e-13 -9.1966e-13 -5.8911e-12 -5.1555e-13 -1.4358e-12 -1.9602e-12 -6.1087e-12 -1.9403e-12 -3.7671e-12 -3.8308e-12 9.6153e-13 -6.1215e-13 -1.7152e-12 -5.6624e-12 1.2976e-12 -8.1484e-13 -1.2796e-12 2.0097e-12 -1.4867e-12 -2.1411e-12 1.324e-12 -5.0656e-13 3.4447e-12 1.0597e-12 -2.6235e-13 -1.1877e-12 1.6213e-11 1.5453e-12 -7.9092e-14 -5.2733e-13 2.4043e-13 2.8776e-12 1.8087e-12 4.6097e-12 4.8376e-12 2.7905e-12 -1.0774e-13 3.6746e-12 2.6503e-12 -1.5589e-12 5.8232e-12 2.5163e-12 7.9382e-13 1.5691e-12 -3.9934e-13 -2.0585e-13 -9.5764e-14 -1.2815e-12 4.5151e-13 2.5756e-12 -1.9035e-12 -2.256e-12 9.435e-13 -1.8717e-12 4.0229e-13 6.7946e-14 3.3222e-12 1.7266e-12 2.6431e-12 9.7454e-13 1.1626e-12 7.0595e-13 -4.2829e-14 1.1304e-12 1.5707e-13 -6.7224e-13 1.2724e-12 -2.5919e-12 -1.783e-12 3.614e-13 1.717e-12 9.3646e-13 1.4145e-12 1.56e-12 -4.0583e-13 -3.2729e-13 8.6929e-13 6.0847e-13 -3.0042e-13 -9.494e-13 -6.6769e-14 -8.5057e-13 -4.1214e-14 2.1638e-14 3.329e-13 -5.4401e-13 6.3481e-13 -4.0806e-13 3.5137e-14 -4.871e-13 -1.167e-13 -1.7102e-13 2.1897e-13 9.8461e-14 1.5088e-13 -8.6608e-14 1.9713e-14 5.4078e-14 -2.982e-14
