1.133e-10 1.0176e-10 8.619e-11 7.9624e-11 6.4094e-11 5.9052e-11 8.9698e-11 5.8384e-11 6.8996e-11 2.7865e-11 5.5541e-11 7.1007e-11 4.5367e-11 3.7204e-11 3.1989e-11 3.4689e-11 2.0676e-11 1.695e-11 1.4688e-11 1.9271e-11 1.7492e-11 1.2707e-11 -2.8942e-12 6.693e-12 -3.4276e-12 -1.4918e-12 4.0138e-12 -1.0548e-11 -8.9899e-13 -1.2918e-11 -4.7516e-12 -4.615e-12 -4.8578e-12 -3.0303e-12 -1.1066e-11 1.5026e-13 -7.2816e-12 -1.87e-11 -1.2302e-11 -1.8559e-11 -1.7413e-11 -1.0459e-11 -6.5615e-12 -1.5448e-11 -6.2055e-12 -1.5083e-11 -1.2812e-11 -5.304e-12 -1.2125e-11 -1.255e-11 -2.1186e-11 -4.3339e-12 2.8656e-12 -9.6972e-12 -1.2606e-11 -9.923e-13 -1.012e-11 -1.5262e-12 -1.1589e-11 -3.8824e-12 -5.3893e-14 -3.8693e-12 7.624e-14 1.7651e-12 6.0523e-12 -4.5653e-12 -1.7364e-12 -2.9978e-12 -7.7108e-12 6.0309e-12 -2.3419e-12 3.9294e-13 2.2682e-12 -1.7235e-12 2.404e-12 2.6137e-12 -5.3288e-12 1.7433e-12 2.4842e-12 -4.3769e-12 6.4993e-13 -1.4736e-12 1.7638e-12 1.295e-12 2.8246e-12 -1.4581e-12 4.2579e-12 -9.9146e-14 1.1195e-12 5.7951e-13 3.9999e-12 -1.3704e-12 6.9837e-13 2.2676e-12 -1.1488e-12 1.0954e-12 -8.2219e-13 1.2286e-12 1.4285e-12 9.9026e-13 -6.1127e-13 2.5297e-13 1.4313e-13 1.1066e-13 7.4424e-14 -2.5405e-14
1.0176e-10 1.1661e-10 8.4701e-11 8.1873e-11 6.4508e-11 6.2301e-11 8.6787e-11 5.659e-11 6.946e-11 3.137e-11 5.3781e-11 5.9848e-11 4.166e-11 3.6803e-11 3.0192e-11 3.6135e-11 2.3012e-11 1.304e-11 1.6158e-11 1.1746e-11 1.6624e-11 7.2513e-12 -1.2244e-12 7.3196e-12 -5.9712e-12 1.9341e-12 6.743e-12 -8.2282e-12 -9.4336e-14 -9.7948e-12 -4.217e-13 -5.3558e-12 -4.663e-12 -2.4823e-12 -9.8046e-12 -1.6028e-12 -8.3936e-12 -2.0178e-11 -1.3967e-11 -1.765e-11 -1.0311e-11 -7.1082e-12 -5.2761e-12 -9.6975e-12 -6.8364e-12 -1.5443e-11 -1.288e-11 -3.3266e-12 -1.1747e-11 -1.3208e-11 -1.8055e-11 -4.9815e-12 2.9016e-12 -6.4986e-12 -1.0197e-11 -9.7978e-13 -7.933e-12 -3.2862e-12 -1.1334e-11 -1.1712e-12 -3.1877e-12 -5.2052e-12 -2.9878e-14 -3.2126e-14 5.3336e-12 -6.3522e-12 -9.8699e-13 -1.8544e-12 -8.4103e-12 3.6982e-12 -5.4463e-13 3.1801e-12 1.9768e-13 1.6781e-12 -1.9056e-13 1.708e-12 -5.7063e-12 2.436e-12 -6.3885e-13 -2.8971e-12 6.0815e-13 -1.3001e-12 1.9208e-12 -1.913e-13 3.7886e-12 6.5791e-13 4.2393e-12 -1.4077e-12 4.265e-13 -6.8621e-14 3.7417e-12 -1.4981e-12 1.5664e-12 2.2046e-12 -5.846e-13 7.5285e-13 -8.5831e-13 1.3131e-12 2.0092e-12 6.1142e-13 -1.0517e-12 3.6274e-13 7.3844e-14 1.4284e-13 1.3352e-13 -3.2711e-14
8.619e-11 8.4701e-11 8.9276e-11 6.8845e-11 5.4828e-11 4.5394e-11 6.6694e-11 4.618e-11 5.9183e-11 2.2583e-11 4.78e-11 5.586e-11 3.5869e-11 3.3894e-11 2.5283e-11 2.9258e-11 9.2939e-12 1.7554e-11 1.7017e-11 1.313e-11 1.2906e-11 9.1513e-12 -7.6287e-13 1.7191e-12 -3.1171e-12 -1.6866e-12 6.1256e-12 -2.5234e-13 4.4112e-12 -8.4169e-12 -3.4313e-12 -6.6546e-12 -6.9142e-12 -6.7877e-13 -7.7788e-12 -4.2805e-13 -6.6833e-12 -1.3648e-11 -1.0525e-11 -9.747e-12 -9.9861e-12 -7.9307e-12 -5.7559e-12 -1.2181e-11 -4.5506e-12 -1.3298e-11 -8.5567e-12 -1.6095e-12 -6.6478e-12 -1.3068e-11 -1.5192e-11 -6.193e-12 4.1944e-12 -5.6194e-12 -1.1991e-11 1.302e-12 -9.5417e-12 -4.3731e-12 -8.775e-12 -3.9344e-12 -4.6013e-13 1.0832e-12 -1.0077e-12 1.3427e-12 5.7597e-12 -1.6137e-12 -2.8812e-12 -1.0029e-12 -3.9377e-12 7.0477e-12 -1.9232e-12 3.1424e-12 1.4266e-12 -5.7266e-13 1.711e-12 2.0088e-12 -6.4026e-12 2.5364e-12 1.7136e-13 -3.0595e-12 -5.055e-13 -6.0603e-13 -5.1889e-13 8.1163e-14 4.9047e-12 -2.3364e-12 4.9699e-12 -1.1489e-12 1.0796e-12 6.6008e-13 5.4675e-12 -1.7438e-12 4.496e-13 1.8902e-12 -5.0316e-14 1.2104e-13 1.2508e-13 9.2052e-13 1.8787e-12 8.8901e-13 -8.7307e-13 2.9772e-13 1.0788e-13 6.8649e-14 -1.3465e-14 -2.5123e-14
7.9624e-11 8.1873e-11 6.8845e-11 8.1878e-11 4.8225e-11 5.1276e-11 6.9418e-11 4.1462e-11 4.5735e-11 2.0418e-11 4.7645e-11 4.8455e-11 3.0641e-11 3.1646e-11 2.1607e-11 3.0211e-11 1.7736e-11 1.5964e-11 6.2544e-12 1.2726e-11 1.5922e-11 9.6934e-12 9.443e-13 1.6903e-13 -4.5512e-12 2.8135e-13 1.4199e-12 -2.8567e-12 -3.0319e-12 -8.8053e-12 -1.4503e-12 -1.0018e-11 -1.8787e-12 -3.1227e-12 -8.8681e-12 -5.812e-12 -8.7393e-12 -1.0977e-11 -9.3513e-12 -1.1978e-11 -6.1701e-12 -4.5555e-12 -3.1272e-12 -9.1369e-12 -5.3609e-12 -1.4014e-11 -1.1909e-11 -2.4098e-12 -9.3526e-12 -1.0594e-11 -1.1479e-11 -1.7751e-12 4.9668e-12 -5.9697e-12 -1.0101e-11 -2.4791e-12 -6.7035e-12 -6.4328e-12 -7.0196e-12 -4.9211e-12 -8.444e-13 -1.4977e-12 -2.5873e-12 6.3945e-13 1.467e-12 -1.7611e-12 -2.4545e-12 -1.0533e-12 -6.3944e-12 3.909e-12 -3.9419e-13 2.0717e-12 2.5234e-12 -1.0157e-12 -1.6986e-12 4.7183e-13 -6.4462e-12 2.4746e-12 1.3795e-13 -1.7737e-12 1.1099e-12 6.3913e-13 1.1044e-12 6.6208e-13 2.8991e-12 7.1603e-13 3.9254e-12 -1.1382e-12 3.259e-13 1.1226e-12 5.1509e-12 -5.8178e-13 5.733e-13 1.4198e-12 -1.4497e-12 9.2286e-14 -7.6488e-13 7.5194e-13 1.7315e-12 4.2197e-13 -7.5277e-13 1.7732e-13 8.4788e-14 7.2582e-14 8.6282e-14 5.2484e-14
6.4094e-11 6.4508e-11 5.4828e-11 4.8225e-11 5.5085e-11 3.7433e-11 5.125e-11 4.1177e-11 4.277e-11 2.2354e-11 3.8029e-11 4.0901e-11 2.658e-11 2.8665e-11 2.3629e-11 2.0419e-11 1.2291e-11 1.6414e-11 9.6658e-12 1.0747e-11 1.192e-11 5.4847e-12 -6.6984e-12 6.0234e-12 -6.1666e-12 -5.8797e-13 4.9577e-12 -2.7793e-12 -3.6423e-12 -4.5541e-12 -2.9662e-12 -4.983e-12 -4.4451e-12 -8.8363e-13 -7.3346e-12 5.1323e-14 -5.8282e-12 -1.0668e-11 -8.562e-12 -9.7292e-12 -7.3081e-12 -7.1756e-12 -2.8261e-12 -8.1304e-12 -2.2937e-12 -8.5833e-12 -7.4208e-12 -5.3078e-12 -9.2698e-12 -7.2573e-12 -1.2914e-11 -3.4129e-12 1.2814e-12 -6.7173e-12 -8.778e-12 2.2786e-12 -6.2802e-12 -2.5937e-12 -6.0735e-12 2.3426e-13 -3.1857e-12 -2.874e-12 -1.9064e-12 1.4789e-12 2.661e-12 -3.8017e-12 -5.5062e-12 -1.0667e-12 -4.87e-12 3.7423e-12 -6.9184e-13 3.468e-12 -1.5978e-13 5.8534e-13 -2.0614e-13 2.0137e-13 -2.1652e-12 1.3759e-12 5.1226e-13 -2.3618e-12 2.6237e-13 -3.1006e-13 9.9243e-13 -1.6766e-13 1.572e-12 -1.1645e-12 2.2541e-12 -6.898e-13 9.3451e-13 1.6793e-12 2.2354e-12 -4.5428e-13 5.0233e-13 1.8263e-12 3.6263e-14 6.1196e-13 -8.5126e-14 5.2365e-13 9.6186e-13 4.4439e-13 -6.9357e-13 1.4191e-13 4.9557e-14 3.2437e-15 5.8387e-14 -1.0974e-14
5.9052e-11 6.2301e-11 4.5394e-11 5.1276e-11 3.7433e-11 5.2996e-11 5.0948e-11 2.8279e-11 3.6063e-11 2.0868e-11 3.7871e-11 3.5979e-11 1.8723e-11 2.0883e-11 1.8654e-11 1.3583e-11 1.4363e-11 1.2202e-11 1.0554e-11 7.6377e-12 1.3389e-11 8.8946e-12 -4.7884e-13 5.0772e-12 -2.2237e-13 -9.0746e-13 7.2267e-13 -3.4887e-12 1.0957e-12 -6.5514e-12 1.4228e-12 -2.1338e-12 7.5358e-13 -1.9521e-12 -7.0373e-13 -1.9847e-13 -7.6752e-12 -1.0479e-11 -7.6645e-12 -9.4233e-12 -4.5785e-12 -3.5517e-13 -3.3816e-12 -4.8494e-12 -2.5733e-12 -1.0492e-11 -3.6483e-12 -4.3727e-12 -3.05e-12 -3.8546e-12 -1.3016e-11 -2.4019e-12 2.8383e-12 -2.4047e-12 -9.2412e-12 -3.0156e-13 -3.8253e-12 -5.6072e-12 -5.0875e-12 -2.0847e-12 -1.1205e-12 -4.3091e-12 -1.4435e-12 7.623e-13 5.0058e-12 -2.4864e-12 -1.4646e-13 -1.4089e-12 -6.4107e-12 1.737e-12 9.0457e-13 1.4893e-12 2.3556e-12 9.8983e-13 -4.9622e-13 2.7517e-12 -5.0425e-12 1.234e-12 3.4943e-12 -1.3823e-12 3.8334e-13 -1.6755e-12 1.4102e-12 1.954e-14 3.0493e-12 7.3841e-13 2.0577e-12 -1.2495e-12 1.1455e-12 2.2455e-12 2.6454e-12 -1.3937e-12 3.4172e-13 6.2538e-13 -3.9401e-13 5.0011e-13 -5.2579e-13 9.7615e-13 9.2964e-13 4.7892e-13 -4.2119e-13 2.6849e-13 9.4802e-14 8.5663e-14 6.9035e-14 -1.6072e-14
8.9698e-11 8.6787e-11 6.6694e-11 6.9418e-11 5.125e-11 5.0948e-11 1.0109e-10 4.5412e-11 5.3243e-11 2.7959e-11 4.6953e-11 5.7433e-11 3.7758e-11 3.3974e-11 2.8456e-11 2.9234e-11 2.415e-11 9.0547e-12 1.6095e-11 1.8116e-11 1.4561e-11 7.9596e-12 -2.886e-12 1.2157e-11 -6.26e-13 -4.6967e-12 3.5394e-13 -1.1979e-11 -1.0422e-12 -7.8133e-12 -6.3081e-12 -5.3584e-12 -2.4325e-12 3.4282e-12 -1.3694e-11 8.7884e-13 -4.596e-12 -1.2217e-11 -1.3629e-11 -1.507e-11 -9.9191e-12 -5.797e-12 -7.7411e-12 -8.1125e-12 -4.7231e-12 -1.1948e-11 -8.9791e-12 -4.6145e-12 -4.4311e-12 -1.2019e-11 -1.6353e-11 -1.1915e-12 -2.0767e-12 -4.9414e-12 -6.2081e-12 -4.2891e-12 -3.0454e-12 -3.4169e-12 -1.2311e-11 9.4707e-14 1.7507e-12 -1.828e-12 9.4703e-13 2.5929e-12 3.7145e-12 -1.4377e-12 -8.3604e-13 -3.2127e-12 -7.5865e-12 5.7106e-12 5.6656e-13 3.0997e-12 5.5776e-12 -8.7476e-13 -1.0213e-12 3.2421e-12 -5.8007e-12 -1.5267e-12 3.4865e-12 -2.1617e-12 2.0155e-13 1.2995e-12 1.1266e-13 3.2878e-12 2.794e-12 9.5853e-13 3.1545e-12 -1.6e-12 2.7362e-13 -9.9212e-13 2.8754e-12 -8.4524e-13 1.2261e-12 2.836e-12 -9.2168e-13 1.1145e-12 -2.1989e-12 9.8625e-13 1.3092e-12 6.4946e-13 -2.8244e-13 -6.4288e-14 1.4822e-13 1.2735e-13 8.9589e-14 -9.4652e-16
5.8384e-11 5.659e-11 4.618e-11 4.1462e-11 4.1177e-11 2.8279e-11 4.5412e-11 5.2132e-11 3.4425e-11 2.1231e-11 3.2386e-11 3.7393e-11 2.4644e-11 2.2054e-11 1.8411e-11 2.3844e-11 1.3868e-11 1.4688e-11 1.2831e-11 8.6173e-12 9.0272e-12 5.6611e-12 -8.8868e-12 8.4541e-13 -4.1693e-13 -8.1841e-13 3.7632e-12 -8.1135e-12 -1.1359e-13 -9.4639e-12 -2.9972e-12 -5.0487e-12 -1.7169e-12 -4.1371e-12 -9.4078e-12 -2.8771e-14 -1.5251e-12 -1.088e-11 -8.9342e-12 -8.9648e-12 -1.0805e-11 -3.8644e-12 -1.7236e-12 -1.0704e-11 -5.6125e-12 -4.5696e-12 -6.8492e-12 -1.716e-12 -7.7569e-12 -7.167e-12 -7.9826e-12 -4.8484e-13 1.2846e-12 -6.7506e-12 -6.0659e-12 1.931e-12 -3.1622e-12 -1.9243e-12 -5.4697e-12 5.6183e-13 -2.0562e-12 -1.1798e-12 -4e-12 8.4255e-13 2.8343e-12 -4.3465e-12 -4.674e-12 2.0184e-13 -4.3876e-12 4.4417e-12 1.6805e-14 2.1067e-12 2.4556e-12 -3.6466e-13 2.3642e-12 3.7344e-12 -1.9817e-13 -1.1305e-12 -4.2103e-13 -3.2312e-12 -1.3687e-12 -7.0542e-13 1.0106e-12 -2.8124e-12 7.8018e-13 -5.7356e-13 4.3128e-12 -3.1009e-13 -8.3176e-13 2.6779e-12 9.9361e-13 -4.5865e-13 3.7579e-14 1.1969e-12 -3.1722e-14 4.9493e-13 3.1727e-13 4.3817e-14 3.0169e-13 2.5696e-13 -3.7885e-13 1.5019e-13 3.1929e-15 1.555e-14 7.2037e-14 1.4076e-14
6.8996e-11 6.946e-11 5.9183e-11 4.5735e-11 4.277e-11 3.6063e-11 5.3243e-11 3.4425e-11 6.1538e-11 1.9209e-11 3.627e-11 4.7164e-11 3.1408e-11 2.0767e-11 2.4351e-11 2.1348e-11 1.0329e-11 1.0818e-11 1.0598e-11 1.1211e-11 1.2331e-11 5.2009e-12 -5.7734e-12 4.4301e-12 -3.1309e-12 -1.3358e-13 5.7982e-12 -4.3152e-12 3.8791e-12 -6.8225e-12 -1.2978e-12 -2.5414e-13 -3.8355e-12 -1.6633e-12 -6.9493e-12 1.4058e-12 -4.1043e-12 -9.3708e-12 -7.4415e-12 -1.1602e-11 -7.6599e-12 -8.5677e-12 -2.8266e-12 -6.4897e-12 -2.6081e-12 -7.1232e-12 -8.4948e-12 -2.5924e-12 -6.1649e-12 -7.1736e-12 -1.2846e-11 -3.4244e-12 2.0459e-12 -1.0802e-12 -5.6191e-12 1.3865e-12 -7.2959e-12 7.2082e-14 -8.1176e-12 -2.4298e-13 1.7011e-12 -2.4565e-12 1.821e-12 7.457e-13 3.7556e-12 -5.4208e-12 -1.6456e-12 -1.8781e-12 -3.9979e-12 3.7112e-12 -1.2987e-12 2.3048e-12 1.982e-12 1.8417e-12 1.5563e-12 -7.2614e-13 -2.9147e-12 2.2327e-12 3.1866e-12 -1.6997e-12 4.5963e-13 -1.0769e-12 2.3882e-12 5.4729e-13 3.4697e-12 -5.7146e-13 1.4038e-12 -2.1462e-13 -5.6002e-13 -4.9491e-14 3.1648e-12 -1.4057e-12 1.0321e-12 1.189e-12 1.112e-13 2.3179e-13 -5.1665e-13 9.811e-13 1.2421e-12 9.4323e-13 -5.3397e-13 1.1414e-13 5.8011e-14 8.3056e-14 -4.8048e-15 -4.2114e-14
2.7865e-11 3.137e-11 2.2583e-11 2.0418e-11 2.2354e-11 2.0868e-11 2.7959e-11 2.1231e-11 1.9209e-11 2.48e-11 1.8265e-11 1.8678e-11 8.8435e-12 1.029e-11 1.0093e-11 1.0047e-11 9.4329e-12 7.6686e-12 8.5788e-12 -2.4391e-14 6.9262e-12 1.2138e-13 -1.1487e-12 3.3368e-12 2.9261e-12 -4.4407e-12 1.5553e-12 -6.6896e-12 1.5968e-12 -9.6772e-14 -8.0174e-13 -3.0821e-12 -5.4613e-13 -2.5753e-12 -4.9851e-12 3.4694e-12 -3.1697e-12 -7.4624e-12 -4.5479e-12 -4.5487e-12 4.0574e-13 -3.5962e-12 3.6608e-13 -5.4007e-12 9.9544e-13 -4.2249e-12 -4.1779e-12 -2.1875e-12 -3.2309e-13 -1.8048e-12 -6.0397e-12 4.6638e-13 1.1286e-12 -1.035e-12 -5.5008e-12 -1.7112e-12 1.0639e-12 -3.0535e-12 -3.6705e-12 3.0457e-12 -4.1233e-13 -1.3901e-12 2.4806e-13 7.2051e-13 4.2924e-12 -2.9981e-12 -2.0711e-12 4.3998e-13 -3.1104e-12 1.1375e-12 1.0067e-12 3.2918e-12 2.2647e-12 6.1503e-13 -1.2624e-12 1.7003e-12 -5.2823e-13 -1.0457e-12 1.0686e-12 -1.7115e-12 8.4276e-14 -1.6306e-12 -1.3722e-13 -1.0631e-12 1.0189e-12 5.4221e-13 8.7914e-13 -6.7284e-13 -6.3315e-13 1.1905e-12 -9.4862e-14 1.0305e-12 5.7132e-14 9.3566e-13 -1.6575e-13 -1.9214e-13 6.7731e-13 1.0052e-13 3.0144e-13 2.437e-13 -3.8223e-14 8.626e-14 8.0262e-14 6.3953e-14 -7.4449e-15 -9.5649e-15
5.5541e-11 5.3781e-11 4.78e-11 4.7645e-11 3.8029e-11 3.7871e-11 4.6953e-11 3.2386e-11 3.627e-11 1.8265e-11 5.9322e-11 3.7898e-11 2.1364e-11 1.8994e-11 2.3044e-11 2.1191e-11 8.2679e-12 1.5132e-11 7.0512e-12 1.0981e-11 1.1006e-11 6.4488e-12 -5.8812e-12 4.0829e-12 -7.756e-12 1.1136e-12 5.1395e-12 -2.5833e-12 2.6157e-12 -3.4267e-12 2.9057e-12 -1.1417e-12 -4.4274e-12 -4.4762e-12 -9.8914e-12 1.7505e-12 -6.5238e-14 -1.0043e-11 -1.0005e-11 -9.5076e-12 -9.7769e-12 -3.6112e-12 -2.5552e-12 -7.4957e-12 -8.7619e-12 -2.8176e-12 -5.3345e-12 -3.464e-12 -6.6124e-12 -1.1424e-11 -1.1364e-11 -4.0114e-12 1.6864e-12 -2.116e-12 -1.3027e-11 -3.7112e-12 -5.914e-12 -3.1438e-12 -3.5079e-12 -1.6221e-12 -2.7533e-12 -2.8314e-12 -3.404e-12 1.4755e-12 2.1579e-12 -2.7169e-12 -3.7617e-12 -3.0088e-12 -5.7605e-12 2.5417e-12 2.7007e-12 3.2657e-12 5.9072e-12 -1.7457e-12 1.7514e-12 1.9729e-12 -4.1815e-12 1.9572e-12 2.7483e-12 -2.4458e-12 1.2073e-12 1.3408e-12 -5.969e-14 2.6093e-12 3.4998e-12 -2.2611e-12 1.9401e-12 -9.4362e-13 -7.381e-15 -8.1829e-13 2.4844e-12 -1.4171e-13 -3.326e-13 5.2148e-13 7.5542e-13 5.5351e-13 -1.2111e-12 4.4364e-13 1.0068e-12 1.6399e-13 -2.8071e-13 1.2905e-13 -4.6917e-15 1.6626e-14 3.8849e-14 -3.5776e-14
7.1007e-11 5.9848e-11 5.586e-11 4.8455e-11 4.0901e-11 3.5979e-11 5.7433e-11 3.7393e-11 4.7164e-11 1.8678e-11 3.7898e-11 6.1997e-11 3.3716e-11 2.2024e-11 1.811e-11 1.8086e-11 9.1065e-12 1.4258e-11 1.5271e-11 1.4692e-11 1.6298e-11 1.088e-11 -7.1622e-12 2.4212e-12 -2.4171e-12 -1.359e-12 5.0947e-12 -6.5742e-12 1.9531e-12 -1.1134e-11 -4.209e-12 -3.0299e-12 -6.2808e-12 -2.3371e-12 -6.2864e-12 -2.2385e-12 -5.5345e-12 -1.3151e-11 -6.4022e-12 -1.2463e-11 -1.4222e-11 -7.0657e-12 -6.2307e-12 -8.3464e-12 -7.0865e-13 -7.8933e-12 -4.9782e-12 -2.3504e-12 -8.8564e-12 -5.7154e-12 -1.4932e-11 -3.457e-12 3.0861e-12 -3.9606e-12 -9.9913e-12 -5.7828e-13 -4.4712e-12 -7.9553e-13 -7.2102e-12 -8.0581e-13 1.0825e-14 -5.3006e-12 1.5076e-12 2.4622e-12 3.4597e-12 -3.0446e-12 -2.1962e-12 -7.5623e-13 -5.1382e-12 4.8036e-12 8.5848e-13 1.3289e-12 9.6657e-13 1.0065e-12 -3.2384e-13 1.6777e-12 -3.7188e-12 -3.6702e-14 2.4264e-12 -2.1347e-12 4.1843e-13 1.5909e-13 2.284e-13 9.2496e-14 2.6463e-12 -1.3785e-12 3.105e-12 -6.2416e-13 1.9839e-13 8.1067e-13 2.7278e-12 -1.2889e-12 9.7416e-13 1.7706e-12 -2.0273e-13 7.1101e-13 2.8689e-13 8.7728e-13 9.6773e-13 6.936e-13 -2.4881e-13 2.3599e-13 6.1282e-14 9.0578e-14 -6.3504e-14 -1.3534e-14
4.5367e-11 4.166e-11 3.5869e-11 3.0641e-11 2.658e-11 1.8723e-11 3.7758e-11 2.4644e-11 3.1408e-11 8.8435e-12 2.1364e-11 3.3716e-11 4.0243e-11 1.1906e-11 1.4139e-11 1.4361e-11 7.497e-12 9.9985e-12 7.5392e-12 6.7115e-12 5.8049e-12 6.8236e-12 -4.3779e-12 5.4698e-12 -7.2358e-12 4.9637e-12 -6.6916e-13 -4.4213e-12 4.9446e-14 -2.5709e-12 -4.6071e-12 -3.703e-12 -1.7681e-12 -1.9344e-12 -5.0558e-12 -4.0357e-12 1.5501e-13 -9.5315e-12 -5.7578e-12 -1.0169e-11 -9.1279e-12 -7.1419e-12 -3.4476e-13 -4.133e-12 -6.4192e-12 -4.8429e-12 -8.642e-12 -2.5363e-13 -7.9216e-12 -4.0765e-12 -9.4841e-12 -2.2565e-12 3.8964e-13 -1.0522e-12 -5.3755e-12 2.0411e-12 -5.2664e-12 5.9379e-13 -7.2678e-12 -4.3686e-12 5.4631e-13 -2.7029e-13 -3.0493e-12 -2.0592e-12 9.3268e-13 -1.5329e-12 -2.7136e-12 -1.8677e-12 -4.0027e-12 2.8049e-12 1.1763e-12 1.7746e-12 -2.6865e-13 2.6538e-12 1.9246e-13 -5.2079e-14 -1.5244e-12 1.8263e-12 -3.5216e-13 9.3939e-13 -8.2826e-13 8.6347e-14 -7.7055e-13 1.0605e-12 3.718e-13 -4.1873e-13 2.7855e-12 -9.124e-13 3.9003e-13 4.3868e-13 1.1618e-12 -1.6694e-12 1.2167e-12 2.2433e-13 5.7619e-13 1.1913e-12 -4.4342e-13 1.1747e-12 8.9903e-13 4.5339e-13 -5.631e-13 2.2888e-13 1.3544e-13 2.9835e-14 -1.7981e-14 -1.1351e-14
3.7204e-11 3.6803e-11 3.3894e-11 3.1646e-11 2.8665e-11 2.0883e-11 3.3974e-11 2.2054e-11 2.0767e-11 1.029e-11 1.8994e-11 2.2024e-11 1.1906e-11 3.4109e-11 1.0587e-11 8.7145e-12 9.7565e-12 1.0756e-11 7.2608e-12 9.8079e-12 7.7068e-12 5.9106e-12 1.2915e-12 1.7497e-12 -4.9603e-12 -1.2297e-12 4.9109e-12 6.7101e-13 4.5681e-13 -8.3826e-12 -2.9271e-12 -3.0798e-12 -7.3528e-12 -3.4652e-12 -1.1468e-12 -9.1085e-13 -6.3584e-12 -5.6089e-12 -4.1244e-12 -4.8275e-12 -4.2276e-12 -1.7694e-12 -2.5124e-12 -6.0453e-12 -3.9899e-12 -6.8615e-12 -1.1251e-12 -3.9429e-12 -3.3097e-12 -2.46e-12 -5.1347e-12 9.0931e-13 3.0455e-13 -6.9689e-12 -3.3354e-12 9.2477e-13 -3.4872e-12 -1.878e-12 -2.7755e-12 -6.2545e-13 -2.319e-12 -7.586e-13 -8.7649e-13 -7.9227e-13 1.4921e-12 -7.1331e-13 -2.329e-12 6.6671e-13 -1.7657e-12 1.8589e-12 2.5371e-12 9.7685e-13 1.8055e-12 1.1409e-12 -1.1472e-12 -9.47e-14 -2.2689e-12 5.8507e-14 2.4377e-13 -2.0897e-12 1.9526e-12 1.3959e-12 2.9225e-15 -6.6962e-13 1.1659e-12 -1.1381e-12 2.0434e-12 -1.4412e-14 -4.2056e-13 1.084e-12 2.2246e-12 -3.3482e-13 6.0046e-13 7.3357e-13 2.0082e-14 1.4436e-12 -4.2211e-13 3.2158e-13 5.5632e-13 -9.4898e-14 -1.619e-13 1.4269e-13 8.1779e-14 4.5972e-14 -2.2078e-14 -5.4104e-15
3.1989e-11 3.0192e-11 2.5283e-11 2.1607e-11 2.3629e-11 1.8654e-11 2.8456e-11 1.8411e-11 2.4351e-11 1.0093e-11 2.3044e-11 1.811e-11 1.4139e-11 1.0587e-11 2.881e-11 1.3521e-11 2.8265e-12 1.3318e-11 3.6468e-12 3.1033e-12 4.8554e-12 3.4326e-12 -1.3753e-12 9.3765e-12 4.7099e-14 -9.1811e-14 -1.4881e-12 -2.1948e-12 -1.1698e-12 -6.3284e-13 2.6127e-12 -2.5345e-12 -5.3526e-13 -3.7198e-13 -4.3472e-12 3.2346e-12 2.7738e-12 -2.7101e-12 -4.8215e-13 2.1132e-13 -9.7259e-13 -1.1069e-12 6.0599e-12 -6.3415e-12 -1.9634e-12 -1.0942e-12 -2.0639e-12 2.2889e-12 -2.3358e-12 -5.3851e-12 -3.1705e-12 2.1988e-14 2.1477e-12 -1.5427e-12 -2.8087e-12 2.2646e-13 -3.7983e-12 -1.0429e-12 -4.2918e-12 3.9484e-13 -4.3517e-13 -5.4677e-13 -3.8721e-12 -1.2014e-13 5.0687e-13 1.0553e-12 -3.3513e-12 -2.9589e-12 -1.6302e-12 1.9009e-12 -1.3591e-13 2.7242e-12 2.5493e-12 -9.727e-13 -4.0625e-13 1.8833e-13 2.4941e-13 4.6997e-13 1.5179e-12 -5.3698e-13 1.7217e-12 -5.078e-13 9.7589e-13 1.4051e-12 1.5799e-12 -5.8633e-13 2.2672e-12 3.4031e-13 -4.419e-13 2.3503e-13 -2.5575e-13 -7.3601e-13 1.1313e-12 7.7498e-13 3.2384e-13 4.0657e-13 -7.3061e-13 7.6207e-13 5.7859e-13 3.2053e-13 -4.0303e-13 7.4636e-14 -4.9378e-15 -1.7471e-14 5.0932e-14 -5.8112e-14
3.4689e-11 3.6135e-11 2.9258e-11 3.0211e-11 2.0419e-11 1.3583e-11 2.9234e-11 2.3844e-11 2.1348e-11 1.0047e-11 2.1191e-11 1.8086e-11 1.4361e-11 8.7145e-12 1.3521e-11 2.9605e-11 7.2686e-12 3.7644e-12 1.7431e-12 8.2052e-12 3.6512e-12 6.8939e-13 1.8678e-12 2.7657e-12 2.7253e-12 6.3569e-13 1.1719e-12 -4.1123e-12 -9.0039e-13 -2.371e-12 -3.4945e-14 -1.6959e-12 -1.0217e-12 -7.1204e-13 -9.2544e-12 2.3677e-12 -8.5692e-14 -5.2154e-12 -3.9539e-12 -6.4349e-12 -3.1101e-12 -3.2259e-12 -1.2117e-12 -3.7867e-12 -3.0116e-13 -1.7404e-13 -4.9169e-12 2.0132e-12 -6.0396e-12 -1.1844e-11 -2.6596e-12 -2.0279e-12 4.4738e-13 -1.439e-12 -1.7651e-12 -2.0963e-12 -2.7775e-12 6.9997e-13 -1.8712e-12 -1.9565e-12 3.8595e-13 1.227e-12 3.7257e-13 9.414e-13 -1.2023e-12 -1.896e-12 -1.6388e-12 -2.9411e-12 -9.781e-13 2.3865e-12 3.9002e-13 2.477e-12 7.9048e-13 -1.9977e-12 6.997e-13 9.4413e-14 -1.0811e-12 1.7401e-12 -1.155e-13 -1.5996e-12 -7.5901e-14 2.4855e-13 1.1351e-12 1.216e-12 1.798e-12 -1.1854e-12 3.0404e-12 -4.0752e-13 2.2414e-15 -2.5458e-12 1.0961e-12 1.4017e-12 2.2636e-13 2.5998e-13 -2.3987e-13 9.0131e-14 -3.1498e-13 5.5675e-13 6.2994e-13 -8.2942e-14 -1.4422e-13 -5.9401e-14 6.1654e-14 -2.153e-14 1.2716e-14 1.2039e-14
2.0676e-11 2.3012e-11 9.2939e-12 1.7736e-11 1.2291e-11 1.4363e-11 2.415e-11 1.3868e-11 1.0329e-11 9.4329e-12 8.2679e-12 9.1065e-12 7.497e-12 9.7565e-12 2.8265e-12 7.2686e-12 1.8268e-11 -1.3331e-12 2.076e-12 3.9191e-12 2.1292e-12 4.3759e-12 -6.4917e-14 4.1554e-12 6.2878e-13 6.7223e-13 -1.2712e-12 -8.2423e-12 -7.2122e-13 -1.3789e-12 -1.0002e-12 -5.2715e-13 3.4415e-13 -3.2097e-12 -6.0331e-12 -4.5025e-13 -1.9828e-12 -3.4326e-12 -1.4424e-12 -7.744e-12 -3.1679e-12 2.031e-14 -1.5548e-12 -1.9595e-12 -3.5225e-12 -4.0341e-12 -2.9908e-12 -2.4549e-12 -1.7298e-12 -5.5607e-13 -2.0932e-12 2.3407e-12 -1.1217e-12 -1.4015e-12 1.3259e-12 -6.3372e-14 5.567e-14 -1.8726e-12 -3.7126e-12 1.0155e-12 3.1102e-12 -7.6179e-13 -8.2491e-13 -9.3324e-13 1.5529e-12 -2.4412e-12 1.196e-12 -1.0181e-12 -2.627e-12 3.3647e-13 7.2547e-13 -4.0971e-13 4.9705e-13 2.1918e-12 -1.2297e-12 9.3578e-13 -1.0747e-12 -8.9018e-13 9.6897e-13 -1.4701e-12 -1.5239e-14 -6.0068e-13 7.9772e-13 -2.9591e-13 -9.0732e-13 3.0873e-13 4.8969e-13 2.452e-13 8.5459e-13 1.024e-13 1.1621e-14 1.2102e-12 8.9328e-14 6.8994e-13 -6.473e-13 1.9027e-13 -1.0892e-12 1.2136e-13 -1.4702e-13 2.7834e-14 -3.2118e-14 -1.1883e-13 4.2299e-14 1.0446e-13 -1.4571e-14 3.0601e-14
1.695e-11 1.304e-11 1.7554e-11 1.5964e-11 1.6414e-11 1.2202e-11 9.0547e-12 1.4688e-11 1.0818e-11 7.6686e-12 1.5132e-11 1.4258e-11 9.9985e-12 1.0756e-11 1.3318e-11 3.7644e-12 -1.3331e-12 2.9616e-11 5.3395e-12 -4.1613e-12 7.5851e-12 2.6587e-12 -3.2447e-12 4.7083e-12 2.1755e-12 -2.3977e-12 -1.5581e-13 7.4369e-14 -1.5169e-12 -5.7389e-12 8.2763e-14 -3.4801e-12 -4.2276e-12 -9.2316e-12 1.5422e-12 -3.2478e-12 1.6287e-12 -2.1204e-12 -6.9726e-13 -2.4779e-12 -2.6028e-12 2.9599e-12 4.7116e-12 -1.0945e-11 -3.0728e-12 -3.0834e-12 -3.6175e-12 2.4285e-12 2.3424e-13 -1.2174e-12 3.1894e-14 -1.0182e-12 4.5791e-12 -3.9868e-12 -5.2138e-12 2.1593e-12 -3.4739e-12 -4.805e-12 -2.6014e-12 -2.5555e-13 -2.3193e-12 7.2828e-13 -4.5659e-12 -9.0507e-13 3.4403e-13 6.0516e-13 -5.983e-12 1.8564e-12 -2.389e-12 1.0806e-12 3.6823e-12 2.9943e-12 1.6172e-12 9.5848e-13 -2.0892e-12 -3.2731e-13 -9.2863e-13 -8.5886e-13 6.5331e-13 -1.555e-12 2.4243e-12 -8.7475e-13 -8.7195e-13 1.1216e-12 -1.4867e-12 3.4416e-14 2.4697e-12 -6.5402e-13 -6.5262e-13 1.8999e-12 1.387e-12 -2.012e-12 -8.1516e-14 5.9099e-13 -4.9449e-14 1.571e-13 2.6757e-13 1.4396e-13 3.7693e-13 2.307e-13 -2.8041e-13 1.1914e-13 4.6533e-14 -2.3329e-15 -4.3032e-14 -1.9966e-14
1.4688e-11 1.6158e-11 1.7017e-11 6.2544e-12 9.6658e-12 1.0554e-11 1.6095e-11 1.2831e-11 1.0598e-11 8.5788e-12 7.0512e-12 1.5271e-11 7.5392e-12 7.2608e-12 3.6468e-12 1.7431e-12 2.076e-12 5.3395e-12 2.4137e-11 5.2617e-12 3.8767e-12 3.3575e-12 6.8987e-14 1.4317e-12 1.7358e-12 -2.6953e-12 1.2219e-12 1.2326e-12 3.2965e-12 -5.3762e-12 7.184e-13 5.4045e-13 -1.0214e-12 -1.4414e-12 4.9498e-13 2.6811e-12 -6.375e-13 -3.0735e-12 -1.1916e-12 -4.5671e-12 -5.4764e-12 1.192e-12 -3.3978e-12 -4.233e-12 -1.0252e-12 -4.0937e-12 3.4455e-12 1.7877e-12 3.6033e-12 1.5592e-12 -4.924e-12 1.2297e-13 2.7806e-12 -1.2371e-12 -2.9757e-12 2.1474e-12 1.7003e-12 -6.5183e-14 -4.1066e-12 6.5225e-13 -1.8163e-12 4.1749e-13 -1.3774e-12 2.7873e-12 3.1985e-12 -9.8227e-13 6.0351e-13 2.6371e-12 -1.3461e-12 3.1012e-12 2.3176e-12 9.2523e-13 2.3974e-12 1.9048e-12 -1.1759e-12 3.2187e-12 -2.3509e-13 -3.561e-12 2.9874e-12 -3.8992e-14 -2.9987e-12 1.2655e-13 -1.2428e-12 -2.565e-12 1.6989e-12 -1.2502e-12 4.9856e-13 -1.056e-12 3.8095e-13 -7.2314e-13 -1.788e-13 -1.1875e-12 3.0851e-13 8.8317e-13 7.6313e-13 2.7967e-13 -2.9335e-13 5.2488e-13 5.9683e-14 2.828e-13 4.302e-14 2.3076e-13 2.6438e-14 4.3787e-14 -8.8186e-14 -6.0489e-14
1.9271e-11 1.1746e-11 1.313e-11 1.2726e-11 1.0747e-11 7.6377e-12 1.8116e-11 8.6173e-12 1.1211e-11 -2.4391e-14 1.0981e-11 1.4692e-11 6.7115e-12 9.8079e-12 3.1033e-12 8.2052e-12 3.9191e-12 -4.1613e-12 5.2617e-12 2.7684e-11 1.6307e-13 5.7451e-12 7.102e-13 2.7504e-13 -5.4007e-13 -1.8612e-12 -1.4017e-12 2.5638e-12 3.8192e-12 -4.7325e-12 -1.5719e-13 1.988e-12 -1.4698e-12 9.8821e-14 -3.7928e-12 6.1702e-13 -1.053e-12 1.9297e-12 4.6821e-13 -6.7402e-12 -5.6995e-12 -6.4468e-13 -7.7073e-12 1.7304e-12 2.5024e-12 1.0519e-12 1.8209e-12 -5.7773e-12 -2.0251e-13 -5.7894e-12 -4.5436e-12 1.6143e-12 3.651e-13 -1.3288e-12 -9.6341e-13 5.441e-13 3.1523e-13 4.4085e-12 2.5516e-12 -1.3295e-12 -3.7966e-13 8.1699e-13 -1.1835e-12 2.976e-12 -4.0434e-13 -3.5409e-12 2.6281e-12 -4.4399e-13 -8.7109e-13 2.3343e-12 -1.5789e-12 2.3523e-13 3.2137e-13 -1.1568e-12 2.1133e-12 1.2551e-12 -3.1129e-13 2.5814e-13 3.8466e-12 7.6255e-13 -1.5509e-12 3.2502e-13 1.2544e-12 -1.8557e-13 3.3487e-12 -1.6942e-12 -6.0383e-13 3.8174e-13 -4.332e-13 -1.6133e-12 1.6413e-12 4.3611e-13 9.3292e-13 -4.3185e-13 2.1881e-14 8.2386e-13 -4.528e-13 -8.6143e-14 -2.9016e-13 -2.8253e-13 -4.6154e-14 -6.8211e-14 9.6264e-14 -5.3209e-14 -3.0132e-14 3.1759e-14
1.7492e-11 1.6624e-11 1.2906e-11 1.5922e-11 1.192e-11 1.3389e-11 1.4561e-11 9.0272e-12 1.2331e-11 6.9262e-12 1.1006e-11 1.6298e-11 5.8049e-12 7.7068e-12 4.8554e-12 3.6512e-12 2.1292e-12 7.5851e-12 3.8767e-12 1.6307e-13 1.6622e-11 4.4199e-12 -1.7354e-12 -8.3292e-13 -3.058e-12 -8.3687e-13 6.6515e-12 1.4207e-12 3.0061e-13 -4.8265e-12 -7.1316e-13 -1.0688e-12 -9.6338e-13 -1.4117e-12 1.6954e-13 -2.2766e-12 -2.8466e-12 -2.435e-12 -1.6663e-12 -1.9638e-12 5.3805e-13 -2.9704e-12 2.6647e-12 -4.9784e-12 1.229e-12 -3.2048e-12 -1.1327e-12 1.8816e-12 -2.0754e-12 -3.2368e-13 -1.5531e-12 -7.1654e-13 1.3351e-12 -7.2694e-13 -3.3883e-12 -1.2091e-12 -9.374e-13 -5.0696e-13 -3.8627e-13 2.6346e-13 1.2806e-12 -2.6599e-12 1.9483e-12 2.2674e-12 -1.7972e-13 -8.713e-13 -6.6803e-13 5.6508e-13 -2.3985e-13 -7.2903e-13 3.6424e-12 1.3719e-12 2.2929e-12 8.1956e-13 -2.8905e-13 -2.5874e-12 -4.6324e-13 3.2385e-13 1.7712e-12 -1.212e-13 1.6052e-12 2.2669e-13 -5.2618e-14 -6.3822e-13 -9.5212e-13 -6.7198e-14 1.3485e-12 -4.3714e-13 -6.9254e-13 5.3269e-13 6.8654e-13 8.2971e-14 1.1242e-14 1.1061e-12 -1.6541e-13 -2.7212e-13 3.2052e-13 2.9401e-13 5.3025e-13 1.83e-13 1.0524e-15 2.5469e-13 4.1375e-14 3.5734e-14 1.7898e-14 -1.1351e-14
1.2707e-11 7.2513e-12 9.1513e-12 9.6934e-12 5.4847e-12 8.8946e-12 7.9596e-12 5.6611e-12 5.2009e-12 1.2138e-13 6.4488e-12 1.088e-11 6.8236e-12 5.9106e-12 3.4326e-12 6.8939e-13 4.3759e-12 2.6587e-12 3.3575e-12 5.7451e-12 4.4199e-12 1.5198e-11 1.9041e-13 2.7822e-12 -2.8095e-12 1.2289e-12 -1.1589e-12 -9.4127e-13 9.2478e-13 -1.9566e-12 -1.5011e-12 -2.2728e-12 -1.6721e-12 -1.5103e-12 -6.1008e-13 -8.1861e-13 1.7894e-13 -3.476e-12 1.9654e-12 -2.7804e-13 -3.411e-12 1.7378e-12 1.4248e-12 -3.3708e-12 -1.8603e-12 -4.0898e-13 8.5279e-13 5.6529e-13 -2.0635e-12 3.1915e-12 -2.7674e-12 -1.0275e-12 1.9531e-12 9.8302e-13 -2.9651e-12 7.3475e-13 -7.9325e-13 3.5075e-13 5.7351e-13 -3.9864e-12 1.8207e-12 -1.6392e-12 -3.7972e-12 9.7388e-13 9.6049e-13 6.477e-13 -8.8435e-13 -1.1833e-12 -7.5509e-14 7.3206e-13 8.8986e-13 -1.3504e-12 -1.0241e-12 2.087e-12 -3.4873e-14 6.8898e-13 -1.7085e-12 -1.3816e-12 3.7091e-13 -5.7176e-14 -1.8111e-12 -7.1408e-13 5.0774e-13 -7.1725e-13 1.0712e-12 -2.5386e-12 1.6472e-12 3.3348e-13 9.5073e-13 2.2267e-13 7.0494e-13 -1.8276e-13 6.5162e-13 1.9153e-13 9.6806e-14 5.5599e-13 -4.578e-13 3.0812e-13 9.6718e-14 2.2857e-13 -2.4732e-14 1.342e-13 5.2363e-14 1.4031e-15 -3.3931e-14 7.2995e-15
-2.8942e-12 -1.2244e-12 -7.6287e-13 9.443e-13 -6.6984e-12 -4.7884e-13 -2.886e-12 -8.8868e-12 -5.7734e-12 -1.1487e-12 -5.8812e-12 -7.1622e-12 -4.3779e-12 1.2915e-12 -1.3753e-12 1.8678e-12 -6.4917e-14 -3.2447e-12 6.8987e-14 7.102e-13 -1.7354e-12 1.9041e-13 1.7678e-11 8.6102e-13 6.0066e-12 5.4137e-13 -7.0287e-13 6.1229e-12 3.263e-12 -1.581e-12 4.7465e-13 -1.4379e-12 6.7545e-13 -1.6373e-12 4.5925e-12 -8.2165e-14 -2.6565e-12 2.9873e-12 1.768e-12 6.3153e-13 4.5235e-12 5.0252e-13 1.3455e-12 -1.0019e-12 3.8377e-12 -4.5683e-13 4.9482e-13 3.2855e-12 -4.1606e-13 -5.8453e-13 4.2128e-12 6.5123e-13 3.5291e-12 -3.1133e-12 2.5861e-12 -1.103e-14 1.0828e-12 9.5736e-14 -5.3538e-14 -1.8307e-12 4.7984e-13 3.1471e-12 6.359e-13 5.9994e-13 2.5567e-12 1.0169e-12 1.6469e-13 -5.7337e-13 2.3787e-12 1.4087e-12 6.5166e-13 6.194e-13 1.5629e-12 4.3981e-13 -8.9579e-13 -2.5672e-13 -1.5583e-12 1.4699e-12 -6.2278e-13 6.8674e-13 4.994e-13 -6.3607e-13 1.8559e-13 7.8099e-13 -5.6051e-13 -9.7282e-13 1.1252e-12 1.2531e-12 4.009e-13 -5.2584e-13 -1.3136e-12 7.3812e-13 -1.8099e-13 -6.8226e-13 9.8192e-15 6.105e-13 -4.7273e-13 3.261e-13 3.5089e-13 -5.6028e-14 6.6673e-14 1.1991e-13 5.9239e-14 9.654e-15 -6.9997e-14 -2.9328e-14
6.693e-12 7.3196e-12 1.7191e-12 1.6903e-13 6.0234e-12 5.0772e-12 1.2157e-11 8.4541e-13 4.4301e-12 3.3368e-12 4.0829e-12 2.4212e-12 5.4698e-12 1.7497e-12 9.3765e-12 2.7657e-12 4.1554e-12 4.7083e-12 1.4317e-12 2.7504e-13 -8.3292e-13 2.7822e-12 8.6102e-13 2.209e-11 9.1767e-13 -9.8446e-13 -2.1257e-12 -6.3815e-12 -9.7804e-13 3.2291e-12 -1.8611e-12 4.681e-12 1.4715e-12 -2.0787e-12 2.4039e-13 -1.2169e-12 3.4087e-12 1.3989e-12 -3.6545e-12 -1.8746e-12 9.9125e-14 4.6303e-12 8.5112e-13 -2.7315e-12 3.3942e-12 3.0755e-13 -1.0189e-12 1.7564e-12 2.8206e-12 -3.6688e-12 4.9455e-13 2.6452e-12 -2.8365e-13 -1.647e-12 5.9153e-13 -9.2754e-13 8.0176e-13 4.6406e-14 -3.4243e-12 -1.746e-12 9.0754e-13 7.5072e-13 1.2303e-12 -6.6542e-13 1.7835e-12 -2.4885e-13 -1.7716e-12 -1.8259e-13 -2.1289e-12 6.4539e-13 7.7453e-13 2.3917e-13 -5.9449e-13 5.6624e-13 -1.7751e-13 1.39e-12 -1.3269e-12 -2.9168e-12 2.7509e-12 -7.3402e-13 7.1081e-13 -1.9517e-12 -8.8797e-13 2.4703e-12 -1.0584e-12 -2.8147e-13 1.1752e-12 6.5295e-13 1.6467e-12 -2.017e-12 -3.7031e-13 -6.3845e-13 1.2149e-12 1.0159e-12 -4.4277e-13 -3.7738e-15 -1.5878e-12 5.2364e-13 -7.2761e-14 -8.0312e-14 -5.7975e-14 -5.7696e-14 1.0451e-13 -6.125e-14 -1.7022e-14 -5.4898e-15
-3.4276e-12 -5.9712e-12 -3.1171e-12 -4.5512e-12 -6.1666e-12 -2.2237e-13 -6.26e-13 -4.1693e-13 -3.1309e-12 2.9261e-12 -7.756e-12 -2.4171e-12 -7.2358e-12 -4.9603e-12 4.7099e-14 2.7253e-12 6.2878e-13 2.1755e-12 1.7358e-12 -5.4007e-13 -3.058e-12 -2.8095e-12 6.0066e-12 9.1767e-13 2.607e-11 -3.8689e-12 -2.6844e-12 8.1457e-13 -5.5578e-13 7.9589e-13 8.3837e-13 1.4932e-12 1.4646e-12 -2.1971e-12 1.2293e-12 -2.2817e-12 -2.5084e-13 2.923e-12 2.4524e-12 1.1687e-13 3.227e-12 3.3718e-12 -2.2995e-12 3.2594e-13 6.2047e-12 2.5534e-12 8.3514e-13 2.4642e-12 6.0439e-12 3.1397e-13 3.7737e-12 1.1237e-12 2.1316e-12 -1.9413e-12 6.7455e-12 3.0582e-12 3.62e-12 -5.463e-12 8.2832e-13 4.1651e-12 3.2812e-12 4.2314e-12 1.3983e-12 3.1368e-12 1.1735e-12 3.507e-12 1.0216e-12 -1.595e-12 1.3997e-13 2.2091e-12 -1.6268e-12 3.2174e-12 2.9387e-12 6.0782e-13 1.6714e-13 3.401e-12 1.1046e-12 6.5529e-13 8.26e-13 -1.5038e-12 9.5521e-13 -1.6428e-12 -4.7021e-13 1.1229e-12 4.217e-13 9.026e-15 1.2903e-12 9.8559e-13 5.3518e-13 1.9961e-13 -1.4565e-12 2.0931e-12 -5.2131e-13 -5.2275e-14 -1.0869e-12 4.0275e-13 7.4867e-13 1.5939e-13 -4.5427e-13 -2.4907e-14 3.1361e-13 -8.4029e-14 8.3009e-14 5.2767e-14 -8.3889e-14 -6.7753e-15
-1.4918e-12 1.9341e-12 -1.6866e-12 2.8135e-13 -5.8797e-13 -9.0746e-13 -4.6967e-12 -8.1841e-13 -1.3358e-13 -4.4407e-12 1.1136e-12 -1.359e-12 4.9637e-12 -1.2297e-12 -9.1811e-14 6.3569e-13 6.7223e-13 -2.3977e-12 -2.6953e-12 -1.8612e-12 -8.3687e-13 1.2289e-12 5.4137e-13 -9.8446e-13 -3.8689e-12 1.0631e-11 3.4907e-12 1.3583e-12 1.092e-12 5.955e-13 -3.9208e-13 3.3957e-12 -7.9614e-13 2.6046e-13 8.6355e-13 -1.8553e-13 2.9811e-12 -6.7282e-13 -9.0326e-13 3.2154e-14 2.1433e-13 -7.075e-13 2.1829e-12 1.3544e-12 -2.0833e-12 -1.1937e-12 6.2575e-13 1.8244e-12 -3.1486e-12 6.8606e-13 -2.1617e-14 1.1837e-12 -1.4663e-12 7.5503e-13 1.9298e-12 2.255e-12 -7.626e-13 1.681e-12 2.0461e-13 3.394e-13 -5.0563e-13 5.7153e-13 -1.9829e-12 6.1497e-13 -9.8004e-13 -2.056e-13 -1.9585e-14 -3.3104e-13 1.8176e-13 1.3213e-13 4.3212e-13 -4.3168e-13 -7.6416e-13 1.8439e-12 3.1921e-15 -4.6366e-13 5.685e-13 2.2864e-12 -1.4966e-12 2.2454e-12 -4.997e-13 7.0469e-13 2.1048e-13 5.3231e-13 3.6354e-13 -4.3668e-13 5.0463e-13 -7.0848e-13 5.0083e-13 4.9212e-13 -7.6206e-13 -7.3426e-13 -1.8718e-13 -3.4838e-13 7.8002e-13 2.0487e-13 -1.0724e-13 1.3675e-13 1.6484e-13 -5.9834e-14 -2.3066e-13 8.4341e-14 -1.6881e-14 6.7309e-14 1.7293e-14 -3.3986e-14
4.0138e-12 6.743e-12 6.1256e-12 1.4199e-12 4.9577e-12 7.2267e-13 3.5394e-13 3.7632e-12 5.7982e-12 1.5553e-12 5.1395e-12 5.0947e-12 -6.6916e-13 4.9109e-12 -1.4881e-12 1.1719e-12 -1.2712e-12 -1.5581e-13 1.2219e-12 -1.4017e-12 6.6515e-12 -1.1589e-12 -7.0287e-13 -2.1257e-12 -2.6844e-12 3.4907e-12 1.3751e-11 1.913e-12 3.5553e-12 -1.5061e-14 -3.0042e-13 4.8429e-12 -1.7427e-12 5.3915e-14 2.762e-12 -3.5354e-13 -1.0181e-12 -3.1518e-12 -2.9475e-12 -1.1885e-12 -2.7536e-13 -8.1188e-13 -2.2921e-12 -1.5846e-12 1.9307e-12 -2.8393e-12 2.0193e-12 1.122e-12 -2.4839e-12 -1.0089e-12 -1.2532e-13 -2.6413e-12 -3.0105e-12 -2.2354e-13 1.0073e-12 -2.1558e-12 1.0585e-13 1.855e-12 1.2754e-12 4.5926e-12 -8.8477e-13 2.537e-13 1.9785e-12 3.2254e-12 -9.9988e-13 -3.2679e-12 -7.1287e-13 2.041e-13 1.7238e-13 1.5891e-13 1.2386e-12 6.6364e-13 1.3875e-12 4.3324e-13 8.8782e-13 -1.341e-12 4.9004e-13 1.3944e-12 -1.0694e-12 1.0794e-13 1.7931e-12 8.0946e-13 -2.8053e-13 1.6837e-13 -2.7822e-13 -8.7847e-13 2.5565e-13 -3.3207e-14 -1.7102e-13 5.7196e-13 -2.8246e-13 -4.9205e-13 -4.7167e-13 6.8657e-13 5.5884e-13 1.6202e-14 5.5226e-13 -1.3721e-13 3.4467e-13 -2.5113e-13 4.431e-14 6.6684e-14 2.7935e-14 2.3785e-14 2.6109e-14 -4.4171e-14
-1.0548e-11 -8.2282e-12 -2.5234e-13 -2.8567e-12 -2.7793e-12 -3.4887e-12 -1.1979e-11 -8.1135e-12 -4.3152e-12 -6.6896e-12 -2.5833e-12 -6.5742e-12 -4.4213e-12 6.7101e-13 -2.1948e-12 -4.1123e-12 -8.2423e-12 7.4369e-14 1.2326e-12 2.5638e-12 1.4207e-12 -9.4127e-13 6.1229e-12 -6.3815e-12 8.1457e-13 1.3583e-12 1.913e-12 1.5853e-11 1.4403e-12 -7.0166e-13 1.27e-12 -3.0897e-12 -9.1523e-14 3.2201e-12 3.9396e-12 -1.2165e-12 -1.8642e-12 5.3425e-12 1.8916e-12 2.9241e-12 4.5915e-12 -2.4542e-13 2.9705e-13 2.9721e-12 2.0964e-12 1.5423e-12 2.1738e-12 8.166e-13 -3.4561e-13 2.1549e-12 1.8282e-12 -6.5399e-13 2.9077e-12 -8.2141e-13 6.0285e-13 3.8162e-12 -9.4396e-14 -1.07e-12 2.3106e-12 -1.0726e-12 -3.3761e-12 3.4964e-12 -2.6599e-12 1.6962e-12 -1.1534e-12 2.5617e-12 -1.6887e-12 -5.4659e-13 2.7462e-12 1.3087e-12 3.7201e-13 1.8016e-12 1.5893e-12 3.289e-13 2.4747e-13 -2.0749e-12 -9.0758e-13 1.9958e-12 -2.8464e-14 1.9161e-12 2.8664e-13 7.2014e-13 -1.7703e-14 -3.0127e-13 1.2129e-12 -1.0599e-12 -3.6033e-13 9.1184e-13 -8.7524e-13 3.8986e-13 2.7546e-13 1.9438e-13 -3.2385e-13 -9.4444e-13 5.6284e-13 3.8123e-13 4.3073e-14 -4.1847e-14 3.6982e-13 -1.5977e-13 -2.8387e-13 1.594e-13 4.4619e-14 -5.0446e-14 5.2407e-15 -2.417e-14
-8.9899e-13 -9.4336e-14 4.4112e-12 -3.0319e-12 -3.6423e-12 1.0957e-12 -1.0422e-12 -1.1359e-13 3.8791e-12 1.5968e-12 2.6157e-12 1.9531e-12 4.9446e-14 4.5681e-13 -1.1698e-12 -9.0039e-13 -7.2122e-13 -1.5169e-12 3.2965e-12 3.8192e-12 3.0061e-13 9.2478e-13 3.263e-12 -9.7804e-13 -5.5578e-13 1.092e-12 3.5553e-12 1.4403e-12 1.72e-11 -3.5401e-12 -5.3829e-13 8.3032e-13 9.3414e-13 -7.8998e-14 -3.6971e-13 1.0945e-13 3.0292e-12 4.0077e-12 2.474e-13 -7.3146e-13 1.0068e-12 3.5059e-13 1.8482e-13 -1.2233e-12 9.9752e-13 1.5993e-12 9.2728e-13 -1.1891e-12 4.1184e-12 -2.772e-12 2.7791e-12 1.9787e-12 2.035e-12 2.273e-12 5.6224e-14 1.4351e-12 1.0226e-12 8.8436e-13 2.1676e-12 6.4229e-13 2.214e-12 1.8326e-13 6.8573e-13 -1.513e-12 2.7918e-12 -3.9139e-12 8.4161e-13 -8.557e-13 1.9957e-12 2.4055e-12 1.5582e-12 8.7312e-14 1.2219e-12 4.8046e-13 1.7601e-12 -4.2622e-13 -1.1904e-12 5.5029e-13 6.3776e-13 4.4869e-13 -1.275e-12 -5.6508e-13 1.2296e-12 -9.1939e-13 4.4763e-13 -6.276e-14 9.6069e-13 -6.7318e-13 -8.737e-13 1.2221e-12 4.6973e-13 -1.5807e-12 -1.4357e-13 -5.771e-13 1.0273e-12 -4.2052e-13 1.6499e-13 -5.4344e-13 3.5006e-14 5.9486e-14 -1.9455e-15 9.6474e-14 4.7724e-14 6.1656e-14 -6.2347e-14 -5.2912e-14
-1.2918e-11 -9.7948e-12 -8.4169e-12 -8.8053e-12 -4.5541e-12 -6.5514e-12 -7.8133e-12 -9.4639e-12 -6.8225e-12 -9.6772e-14 -3.4267e-12 -1.1134e-11 -2.5709e-12 -8.3826e-12 -6.3284e-13 -2.371e-12 -1.3789e-12 -5.7389e-12 -5.3762e-12 -4.7325e-12 -4.8265e-12 -1.9566e-12 -1.581e-12 3.2291e-12 7.9589e-13 5.955e-13 -1.5061e-14 -7.0166e-13 -3.5401e-12 1.5254e-11 2.2085e-12 3.5923e-12 8.752e-13 3.7533e-12 -3.6213e-13 8.1154e-13 3.9398e-12 -2.1861e-12 2.7468e-12 6.9888e-13 3.0896e-12 6.3793e-13 3.029e-13 4.1985e-12 2.7531e-12 6.3134e-14 -2.1764e-13 -1.3668e-12 1.9544e-12 2.0044e-12 4.9068e-13 -1.7081e-12 -2.1375e-12 4.3185e-12 1.5721e-12 -1.8588e-12 1.0703e-14 7.3217e-14 6.9137e-13 1.7102e-12 1.8939e-13 1.3787e-12 -1.3828e-12 1.6115e-12 -1.8731e-12 1.8817e-12 -2.5385e-13 -1.5126e-12 -1.5657e-13 -2.4714e-12 -1.5043e-12 9.5066e-13 -7.3001e-13 2.9205e-13 3.7148e-13 -4.912e-13 1.1851e-12 5.2276e-13 -1.0223e-12 1.446e-12 1.0585e-12 -3.6603e-13 -9.2647e-13 1.3785e-12 1.0782e-12 -6.0179e-14 -1.6376e-12 1.0348e-13 1.149e-12 -1.6286e-12 2.7898e-13 1.2055e-12 5.289e-13 5.7697e-14 1.3064e-13 -5.8252e-13 6.2268e-14 2.4761e-14 -3.4495e-14 -2.7378e-13 -2.0187e-14 -6.0706e-14 5.6711e-14 -2.1744e-14 3.0775e-14 -1.3345e-15
-4.7516e-12 -4.217e-13 -3.4313e-12 -1.4503e-12 -2.9662e-12 1.4228e-12 -6.3081e-12 -2.9972e-12 -1.2978e-12 -8.0174e-13 2.9057e-12 -4.209e-12 -4.6071e-12 -2.9271e-12 2.6127e-12 -3.4945e-14 -1.0002e-12 8.2763e-14 7.184e-13 -1.5719e-13 -7.1316e-13 -1.5011e-12 4.7465e-13 -1.8611e-12 8.3837e-13 -3.9208e-13 -3.0042e-13 1.27e-12 -5.3829e-13 2.2085e-12 1.005e-11 7.3744e-13 -7.1415e-13 -1.5478e-12 -4.9878e-13 -1.1166e-12 8.5233e-14 -1.2282e-12 3.2199e-12 -2.3229e-12 1.8663e-12 2.1252e-12 1.6856e-12 1.6507e-13 -1.8298e-12 1.4387e-12 3.6028e-12 -7.8164e-13 -4.9421e-13 -1.3652e-12 9.7681e-13 -1.589e-12 1.5077e-12 -1.7364e-13 -9.0164e-13 -2.7822e-12 -1.5622e-12 -2.8487e-13 1.2793e-13 1.706e-12 -2.1899e-12 5.1741e-13 -1.2002e-12 -5.5886e-14 -1.2294e-12 1.2181e-12 2.198e-12 -9.2841e-13 -1.0111e-12 -2.7214e-12 -3.2852e-13 2.424e-13 2.2152e-13 -8.0605e-13 -1.154e-12 -3.8419e-13 1.6471e-12 6.0918e-13 4.0669e-13 3.5529e-13 1.6083e-12 1.0368e-13 1.715e-13 -1.2281e-13 7.3232e-13 -3.0718e-13 -1.0917e-12 8.2472e-13 -3.3954e-13 -1.0021e-12 1.0211e-12 6.1179e-14 4.7011e-13 -6.0379e-13 2.0407e-13 4.6631e-14 -2.1391e-13 2.6368e-13 1.7525e-15 -1.3876e-13 -3.0123e-14 3.2037e-14 -4.342e-14 3.4372e-14 -6.3552e-15 -1.5194e-14
-4.615e-12 -5.3558e-12 -6.6546e-12 -1.0018e-11 -4.983e-12 -2.1338e-12 -5.3584e-12 -5.0487e-12 -2.5414e-13 -3.0821e-12 -1.1417e-12 -3.0299e-12 -3.703e-12 -3.0798e-12 -2.5345e-12 -1.6959e-12 -5.2715e-13 -3.4801e-12 5.4045e-13 1.988e-12 -1.0688e-12 -2.2728e-12 -1.4379e-12 4.681e-12 1.4932e-12 3.3957e-12 4.8429e-12 -3.0897e-12 8.3032e-13 3.5923e-12 7.3744e-13 1.944e-11 -5.7555e-13 6.9915e-13 2.6715e-12 1.6169e-12 3.3895e-12 5.9317e-13 -1.2054e-12 6.6993e-14 -6.1074e-14 2.04e-12 -3.1417e-12 2.4204e-12 3.8562e-12 -7.0142e-13 4.2429e-12 4.8465e-13 2.6571e-12 -7.8844e-13 -3.4341e-13 1.6733e-12 -2.1436e-12 2.2055e-12 4.0656e-12 -1.0601e-12 6.4489e-13 4.174e-12 4.6805e-13 2.5352e-12 1.5629e-12 -9.2059e-13 9.6472e-13 3.2676e-12 -4.9559e-13 -2.0467e-12 2.5848e-12 2.3334e-12 -9.4834e-13 -1.6732e-12 -3.957e-13 -2.9499e-14 1.8439e-13 1.3106e-12 3.7746e-12 6.7901e-13 8.1928e-13 6.7544e-13 3.7243e-12 1.1212e-12 1.1333e-12 -1.1715e-12 -7.1291e-13 1.5241e-12 8.7495e-13 -3.6639e-13 -8.2059e-13 -4.4135e-13 8.3415e-13 -1.6377e-12 8.1176e-13 -1.3415e-13 2.5667e-13 -8.2195e-14 6.9186e-13 -1.4871e-13 -1.712e-13 1.3813e-13 -4.3386e-13 -1.9934e-13 2.3623e-13 2.3185e-14 3.1157e-15 3.6013e-14 -2.4194e-14 -4.1042e-14
-4.8578e-12 -4.663e-12 -6.9142e-12 -1.8787e-12 -4.4451e-12 7.5358e-13 -2.4325e-12 -1.7169e-12 -3.8355e-12 -5.4613e-13 -4.4274e-12 -6.2808e-12 -1.7681e-12 -7.3528e-12 -5.3526e-13 -1.0217e-12 3.4415e-13 -4.2276e-12 -1.0214e-12 -1.4698e-12 -9.6338e-13 -1.6721e-12 6.7545e-13 1.4715e-12 1.4646e-12 -7.9614e-13 -1.7427e-12 -9.1523e-14 9.3414e-13 8.752e-13 -7.1415e-13 -5.7555e-13 1.009e-11 2.284e-12 -8.3343e-13 2.2318e-13 -3.7375e-13 5.8691e-12 -1.1633e-12 2.1055e-12 4.4078e-12 1.5648e-13 1.1269e-12 2.5745e-12 1.8421e-12 5.6027e-13 -2.0212e-12 9.8401e-13 1.474e-12 1.6114e-12 2.4886e-12 3.2341e-12 -2.5133e-14 1.0033e-12 9.0525e-13 -4.0364e-13 2.8082e-12 -1.7167e-12 5.6976e-13 -1.2902e-12 1.5922e-12 1.5878e-12 -4.5111e-14 -5.1424e-13 2.9245e-13 -1.4268e-12 1.0957e-12 -7.9118e-13 -2.3609e-13 1.1982e-12 -2.3453e-12 -5.5718e-13 9.9029e-13 -1.6537e-12 1.0851e-12 9.2646e-13 -1.5811e-13 -5.165e-13 1.1587e-12 6.1151e-13 -9.8718e-13 -9.6391e-13 5.5854e-13 -4.0856e-13 -6.2059e-13 1.1678e-12 -7.5357e-13 7.3795e-13 3.0058e-13 1.5874e-12 -1.0223e-12 -2.5589e-13 -2.2361e-13 -3.3071e-13 -4.4202e-13 -3.8336e-13 -4.4576e-14 -5.1372e-14 -3.2864e-13 -7.1413e-14 -3.6473e-14 -5.318e-14 1.805e-14 -6.9472e-14 7.9161e-14 -4.4487e-16
