2.7135e-11 2.4148e-12 3.5285e-12 -1.0381e-12 5.5482e-12 -2.2618e-12 7.3189e-12 -3.3574e-12 -3.3357e-12 -1.5621e-12 -1.1209e-11 -1.9321e-12 3.2611e-12 -6.6094e-12 -2.6786e-13 -4.5908e-12 -5.2949e-12 -3.2287e-13 -7.8798e-12 -1.4214e-11 5.6811e-15 1.8213e-12 -4.0371e-12 -6.8286e-12 -3.746e-12 -2.3253e-12 -3.1257e-13 -1.5894e-12 -1.7756e-12 -1.8761e-13 -5.3769e-12 1.5482e-12 -2.8064e-12 3.6602e-13 2.0027e-13 -1.1089e-12 -2.8295e-15 -2.8997e-13 -1.7197e-12 1.6261e-13 -2.0029e-12 -2.3258e-12 3.5486e-12 -2.6613e-12 8.5226e-13 -2.8621e-13 -8.8133e-13 2.26e-12 -2.7004e-12 -2.3805e-12 2.7317e-12 -1.9664e-12 4.7355e-12 -1.9578e-12 -1.7409e-12 -1.4497e-12 3.0664e-12 4.5356e-12 -4.5385e-13 -8.2129e-14 9.8118e-13 7.4236e-15 1.539e-12 -1.9987e-12 6.5012e-13 1.2047e-12 -1.9945e-13 2.221e-13 1.6904e-12 -2.6341e-13 -5.949e-14 5.6267e-13 3.5105e-13 -3.7945e-13 -1.9372e-14 -1.1965e-12 1.6759e-12 1.1156e-12 9.9125e-13 1.9109e-13 5.6151e-13 2.7118e-13 3.0279e-13 4.7844e-14 -7.0455e-14 -1.1604e-14 1.0718e-14
2.4148e-12 2.5145e-11 9.5878e-12 3.1168e-12 -8.0649e-12 2.5454e-12 -4.5952e-13 -8.608e-12 -6.9653e-12 -6.4505e-12 4.9753e-13 -9.4529e-13 8.2266e-13 8.1458e-13 -3.5098e-12 -8.0194e-12 -2.8723e-12 -5.0278e-12 2.0589e-13 -2.7257e-12 -1.4009e-12 -5.7074e-12 1.1412e-12 -1.0221e-11 -3.4948e-13 -1.1322e-12 3.4294e-12 -2.8679e-12 1.0222e-12 1.9997e-12 3.585e-13 2.4275e-13 2.8913e-13 -4.4817e-14 -2.574e-12 4.3759e-12 5.8525e-13 5.6843e-12 -2.6937e-13 5.7699e-13 -6.7187e-14 8.758e-13 1.5181e-12 6.0228e-12 -4.0736e-13 -1.6891e-12 -8.4151e-13 9.878e-13 3.5725e-13 -1.2951e-12 1.9768e-12 1.961e-12 1.5932e-12 3.044e-12 1.7895e-12 5.3246e-13 4.801e-13 -9.4014e-13 1.6358e-12 1.7501e-13 2.1375e-12 3.5639e-12 1.1443e-12 8.0629e-13 8.6821e-13 1.7213e-13 -8.3326e-13 5.0137e-13 1.4947e-12 1.7959e-12 4.9275e-13 1.4246e-12 -2.2767e-13 -6.9656e-13 4.0972e-14 9.6283e-13 -2.744e-13 1.1398e-12 8.771e-13 -4.2934e-13 2.6802e-13 6.4746e-14 -4.7562e-15 -2.2531e-14 -7.3232e-15 1.6016e-14 -1.6682e-16
3.5285e-12 9.5878e-12 3.1973e-11 1.0091e-11 -1.7686e-12 7.5755e-12 -3.9127e-12 3.242e-12 2.3295e-12 -4.2836e-12 1.7212e-12 1.867e-12 3.0909e-12 -3.9903e-12 -5.9169e-12 -1.0123e-12 -2.2966e-12 7.3897e-12 -1.2127e-12 -2.3799e-12 -5.1002e-14 -3.0292e-12 1.5886e-12 -1.4746e-12 1.7056e-12 2.7447e-12 1.3686e-13 9.9546e-14 1.3554e-12 -2.9158e-12 6.9859e-12 -4.8524e-12 -3.9536e-12 2.3867e-13 -5.0972e-12 1.4869e-12 4.6973e-12 6.7183e-13 -6.808e-13 1.1907e-12 -2.0649e-12 1.3556e-13 -2.2037e-13 -9.5107e-13 -1.998e-12 -2.995e-12 -5.3437e-13 1.9925e-13 -1.9554e-12 -8.0591e-13 -7.8631e-13 -5.8905e-13 -1.2352e-12 -4.959e-13 -2.1821e-13 -2.651e-12 5.1345e-12 2.7549e-13 2.497e-13 -3.2133e-12 2.7116e-12 2.8208e-12 2.7977e-12 5.3878e-13 1.4607e-12 2.9589e-12 -1.5443e-12 1.6637e-12 3.7086e-12 1.0947e-12 2.2663e-13 8.085e-13 5.3595e-13 -2.6291e-13 1.5165e-13 8.636e-13 -8.2866e-13 -9.1997e-13 4.4596e-14 1.5586e-13 2.1596e-13 5.6473e-13 2.8354e-13 -1.8483e-14 -6.3604e-14 7.4279e-15 -9.0002e-15
-1.0381e-12 3.1168e-12 1.0091e-11 2.9368e-11 4.8786e-12 5.8358e-12 -1.6098e-12 6.9027e-12 -1.6474e-12 1.0375e-12 9.1754e-12 7.5938e-12 4.526e-12 8.5288e-12 9.3295e-12 9.3275e-12 2.9136e-12 1.1258e-11 2.5572e-12 3.4009e-12 5.107e-12 2.8089e-12 5.2154e-12 5.7811e-12 4.3631e-12 1.7308e-12 6.6689e-12 7.5916e-12 8.118e-12 6.7188e-12 5.9475e-12 -1.4278e-12 2.0414e-13 4.9574e-12 -3.077e-12 4.2095e-12 3.9947e-12 3.454e-12 2.6142e-12 3.0843e-12 2.7719e-12 3.9455e-12 -6.576e-13 1.4764e-12 -1.327e-12 4.9272e-12 -1.5727e-12 -2.6223e-12 3.5516e-13 2.2061e-12 -2.7809e-13 -1.6174e-12 -6.2835e-14 2.0737e-12 7.0698e-14 -4.9147e-12 -2.2859e-13 -6.155e-13 2.1539e-12 2.8758e-13 1.0325e-12 1.2228e-12 1.2625e-12 4.3522e-13 -1.3358e-12 -9.5929e-13 6.7012e-13 1.8811e-12 -1.6086e-12 1.2264e-12 1.0797e-12 -3.584e-13 -1.8421e-13 -9.6735e-14 3.5845e-13 9.8478e-13 -9.4107e-13 -4.9877e-13 4.1477e-13 -1.3631e-13 2.7077e-14 -3.6961e-14 -3.2663e-13 -2.311e-13 -8.1327e-14 2.6147e-14 -4.0354e-14
5.5482e-12 -8.0649e-12 -1.7686e-12 4.8786e-12 2.8359e-11 1.1996e-11 4.4494e-12 9.0249e-12 6.988e-12 8.7447e-12 6.4454e-12 3.6646e-12 -2.4111e-12 -1.9623e-12 3.979e-12 3.0072e-12 1.5335e-12 1.3252e-11 -3.8024e-12 -2.8177e-12 -5.113e-14 3.6611e-12 5.0235e-12 8.1701e-12 4.5179e-12 -1.2346e-12 1.7772e-12 3.447e-12 2.4526e-12 3.0833e-12 -2.298e-12 3.1957e-12 4.7984e-12 7.9527e-12 -2.8631e-12 -2.8793e-12 -1.8821e-14 -8.3787e-13 2.0293e-14 -2.6766e-12 -8.2124e-13 3.7178e-12 -1.9145e-12 -8.1787e-13 1.8787e-12 -8.5171e-13 2.6246e-14 -1.261e-12 9.662e-13 -1.0819e-12 2.561e-12 -8.2952e-13 1.4986e-12 -7.0387e-13 4.3638e-13 -3.3926e-13 7.1517e-13 -4.6911e-13 -2.5556e-12 -2.8141e-12 1.6205e-12 -1.0477e-12 -7.5844e-13 -5.3613e-13 -5.2358e-13 1.4217e-12 1.0428e-12 3.992e-13 -2.2838e-12 -4.6546e-13 -4.6954e-13 -2.3429e-13 6.5904e-13 1.0426e-12 -5.6758e-13 3.9225e-13 5.6994e-13 3.6625e-13 -3.8196e-13 2.679e-13 1.7909e-13 4.6013e-14 -2.8626e-13 -1.1896e-14 -4.7623e-14 2.4549e-14 -1.8297e-14
-2.2618e-12 2.5454e-12 7.5755e-12 5.8358e-12 1.1996e-11 3.4122e-11 4.4173e-12 8.5698e-12 3.9796e-12 4.0755e-13 6.4846e-12 2.8922e-12 8.2917e-13 -2.9745e-12 -2.7381e-14 6.5232e-12 9.5735e-13 6.0816e-12 -1.3152e-12 1.7135e-12 6.6352e-12 1.6284e-12 4.0919e-12 1.2527e-11 1.033e-11 2.2665e-12 2.1457e-12 3.1544e-12 1.3013e-12 5.3356e-12 1.9633e-12 2.1212e-12 -2.1262e-15 5.9967e-12 -9.5201e-12 4.4071e-12 4.7271e-13 6.4604e-13 1.6084e-12 2.0242e-12 -1.4529e-12 3.0157e-12 -2.2473e-12 2.7073e-12 3.0019e-12 -2.708e-12 -8.0449e-13 2.2086e-12 2.0823e-12 -6.2906e-13 4.1963e-13 3.8871e-12 -1.2089e-12 1.0033e-12 2.8737e-12 1.6095e-12 -2.1849e-14 -6.8447e-13 -9.6248e-13 -3.4503e-12 2.4166e-12 1.4334e-12 6.6895e-13 6.083e-13 1.5904e-12 1.6496e-12 -3.6294e-13 8.4864e-13 8.0757e-13 -5.718e-13 -7.1304e-13 5.7677e-13 2.4915e-13 -1.7627e-14 1.2077e-13 2.8452e-13 -3.5155e-13 -2.9916e-13 -2.7618e-13 1.3227e-14 -5.9517e-13 1.0821e-12 -5.7376e-13 1.5984e-13 -4.7081e-14 3.1213e-14 1.8582e-15
7.3189e-12 -4.5952e-13 -3.9127e-12 -1.6098e-12 4.4494e-12 4.4173e-12 3.2937e-11 -2.1528e-12 5.4795e-12 3.1481e-12 5.1323e-12 8.3753e-12 6.1915e-12 -7.7063e-12 3.4567e-12 2.8642e-12 -1.2893e-13 1.821e-12 -1.2196e-12 -4.6655e-12 2.7064e-12 1.3003e-12 -2.9e-12 4.1497e-12 -1.5166e-12 4.8499e-12 -7.8078e-13 1.3351e-12 3.9262e-12 3.7831e-12 -4.5452e-13 7.2649e-12 1.9683e-12 -1.3278e-13 5.5721e-13 4.865e-12 2.6289e-12 1.5441e-12 -7.8131e-13 -4.0803e-13 -4.0456e-13 1.7642e-12 4.185e-12 7.0951e-13 -6.4736e-13 2.4075e-12 -2.293e-12 2.6701e-12 4.9913e-13 -4.5756e-13 6.0049e-13 2.1721e-12 3.4305e-12 6.0766e-13 -7.9027e-13 1.8959e-12 -2.865e-12 1.9819e-12 -3.3695e-12 6.8944e-13 1.506e-13 -4.4937e-12 2.5763e-13 1.1225e-12 -6.8787e-13 1.2804e-12 9.0711e-13 -1.5444e-12 1.1667e-12 -1.0575e-12 -2.8842e-13 1.3521e-12 -1.9585e-13 1.6728e-12 -1.1764e-12 -1.9684e-13 2.6265e-13 6.6162e-13 -3.955e-14 -3.9533e-13 -1.0868e-12 5.2313e-13 2.4309e-13 -9.8612e-14 -1.9461e-14 2.8501e-14 1.3909e-15
-3.3574e-12 -8.608e-12 3.242e-12 6.9027e-12 9.0249e-12 8.5698e-12 -2.1528e-12 2.8911e-11 1.291e-12 3.7623e-12 9.187e-12 4.5666e-12 -2.8557e-12 -1.264e-12 5.4169e-12 2.0814e-12 3.682e-12 6.4754e-12 -1.083e-12 1.0118e-12 -4.2564e-12 7.7556e-12 -1.0917e-12 4.9229e-12 1.3096e-12 2.5353e-12 4.7921e-12 3.2079e-12 -5.5428e-13 7.4492e-13 8.8013e-13 -8.0065e-12 4.1204e-12 3.2714e-12 -3.2502e-12 6.722e-15 -1.8752e-12 -2.9559e-12 -7.8073e-16 -7.0293e-13 2.5658e-13 1.0066e-14 -1.0259e-12 -4.3796e-12 -2.7935e-14 4.7584e-12 9.8446e-13 -1.7668e-12 1.2279e-12 1.5569e-12 -1.5074e-12 -1.5067e-12 -3.0282e-12 -1.4881e-12 9.5563e-13 4.702e-13 2.7044e-12 2.0863e-12 -1.2219e-13 -7.9664e-13 4.3615e-13 -9.995e-13 -5.8755e-13 -6.4408e-13 -9.6297e-13 8.2432e-13 4.8488e-13 2.7064e-12 -1.4839e-12 8.6168e-13 -9.0935e-14 -1.521e-12 1.409e-12 -8.9269e-14 -8.2612e-13 2.1815e-13 -1.2985e-12 -6.7663e-13 4.1829e-13 2.0662e-13 1.9665e-13 -1.3173e-13 -2.3498e-15 -1.1515e-13 -1.8283e-14 -8.0497e-15 -1.0476e-14
-3.3357e-12 -6.9653e-12 2.3295e-12 -1.6474e-12 6.988e-12 3.9796e-12 5.4795e-12 1.291e-12 3.7996e-11 1.0762e-11 1.0867e-11 1.0866e-11 4.0098e-12 2.7367e-12 6.1726e-12 1.5953e-11 5.4842e-12 1.2036e-11 8.8692e-13 1.1016e-11 1.0318e-11 5.4133e-12 5.6568e-12 1.1348e-11 4.1645e-12 9.2233e-12 6.6841e-12 3.8388e-12 8.2068e-12 4.3151e-12 1.7456e-12 7.878e-12 7.0569e-12 5.2095e-12 1.4577e-12 2.5237e-12 -3.0952e-12 4.7909e-13 5.5419e-12 3.5523e-12 1.1129e-12 4.6357e-12 -9.5532e-14 1.0414e-12 -3.0348e-12 -1.5562e-12 5.6962e-12 1.7335e-13 1.5925e-12 1.5859e-12 1.8824e-12 -1.4331e-12 -1.3745e-12 -4.0752e-13 1.4439e-12 1.8793e-12 -4.0072e-13 -3.4988e-12 -2.3044e-13 1.403e-12 -5.3656e-13 -2.8439e-12 2.5193e-12 1.1609e-12 4.8529e-13 1.6856e-12 -1.248e-13 1.374e-12 1.2642e-12 -1.2352e-12 -1.7666e-13 4.9442e-14 -1.638e-12 -1.0551e-13 1.67e-13 -2.184e-13 -9.9546e-13 4.7109e-13 -1.2828e-12 1.3243e-12 7.3914e-14 3.8151e-13 -2.3029e-13 2.184e-13 -3.8986e-14 2.408e-14 5.2576e-15
-1.5621e-12 -6.4505e-12 -4.2836e-12 1.0375e-12 8.7447e-12 4.0755e-13 3.1481e-12 3.7623e-12 1.0762e-11 2.7555e-11 6.4332e-12 -2.2767e-13 -2.0209e-12 -3.074e-12 3.356e-12 7.5621e-12 2.2729e-12 8.1941e-12 3.2613e-13 5.0395e-12 1.2481e-12 -2.0395e-12 2.1121e-12 7.7617e-12 6.7205e-12 5.5589e-13 8.0239e-12 2.7071e-12 3.1424e-12 1.6195e-12 -3.3198e-13 3.2927e-12 2.8034e-12 5.9823e-12 -9.5522e-13 -4.1717e-14 -2.5786e-12 5.4181e-12 1.2792e-12 -3.2872e-13 1.8647e-12 2.5701e-12 8.0743e-13 -4.3343e-13 2.5019e-12 -2.6458e-13 -9.0151e-13 -1.1355e-12 3.2225e-12 -2.7508e-13 3.6962e-13 -3.6219e-12 7.4186e-14 4.9545e-13 2.3331e-12 -7.1683e-13 6.4462e-13 -1.4514e-13 -2.5107e-13 3.5938e-12 -2.444e-12 -2.634e-12 2.0152e-13 1.155e-12 -2.3306e-12 7.8046e-13 2.0985e-12 -1.5036e-12 -7.7131e-13 -6.9624e-13 -2.2047e-12 -1.5061e-12 -1.9886e-12 -8.4649e-13 2.2516e-13 9.5678e-13 -1.7592e-13 -2.1934e-13 -9.8046e-13 4.5878e-14 -1.3323e-13 -7.4062e-13 1.2167e-13 9.4019e-15 -4.3598e-14 -1.9269e-15 6.9185e-15
-1.1209e-11 4.9753e-13 1.7212e-12 9.1754e-12 6.4454e-12 6.4846e-12 5.1323e-12 9.187e-12 1.0867e-11 6.4332e-12 2.9032e-11 1.474e-11 6.2152e-12 8.3743e-12 6.8005e-12 5.727e-12 5.1207e-12 1.6683e-11 6.9333e-12 8.2037e-12 2.9554e-12 3.5626e-12 3.7094e-12 1.3427e-11 9.0799e-12 1.0132e-11 6.8298e-12 8.8005e-12 9.9492e-12 4.2532e-12 3.1063e-12 3.638e-12 7.4755e-12 5.1259e-12 -3.5947e-12 1.7473e-12 -1.7425e-13 1.2262e-12 2.9153e-12 8.137e-13 1.3917e-12 4.5159e-12 9.9518e-13 4.0745e-12 -1.6498e-12 2.7433e-12 7.5623e-13 -1.2233e-12 4.6622e-12 -2.0155e-12 -2.3851e-13 2.2331e-12 -1.0212e-12 7.22e-13 3.2817e-12 -2.9712e-13 6.2137e-14 -2.2031e-12 -1.709e-12 3.5585e-13 1.0824e-12 -9.1286e-13 -7.7386e-13 1.3302e-12 -6.7343e-13 4.0808e-13 1.3965e-12 1.8293e-12 -3.0116e-13 -9.0403e-14 -8.334e-13 -8.1332e-13 -4.8265e-13 -3.7308e-13 -1.9572e-13 5.7863e-13 -1.5234e-12 -2.8622e-13 -2.798e-13 -1.1336e-14 -4.7374e-13 -8.5121e-14 -2.9971e-13 1.9777e-14 -1.4123e-14 3.7535e-14 -2.9394e-14
-1.9321e-12 -9.4529e-13 1.867e-12 7.5938e-12 3.6646e-12 2.8922e-12 8.3753e-12 4.5666e-12 1.0866e-11 -2.2767e-13 1.474e-11 3.167e-11 1.4125e-11 6.3713e-12 2.6898e-12 1.0906e-11 9.2531e-12 2.0067e-11 8.1927e-12 8.7272e-12 5.5113e-12 9.1739e-12 1.1413e-12 9.5561e-12 5.2728e-12 3.817e-12 4.0366e-12 9.2961e-12 1.1772e-11 3.5718e-12 1.234e-12 7.2101e-12 6.5806e-12 1.3052e-12 2.1138e-12 3.5143e-12 -2.5334e-13 5.8571e-13 2.7479e-12 3.8234e-12 4.5581e-13 3.021e-14 7.4348e-13 3.8296e-12 -5.0433e-12 1.9918e-12 -7.3878e-13 3.3806e-12 3.3689e-12 2.0634e-12 -1.5087e-12 1.4095e-13 1.1274e-12 -1.7278e-12 -2.5073e-12 -3.2734e-12 -1.7746e-12 1.0973e-13 -1.2269e-12 9.7616e-14 -1.753e-12 -5.1347e-13 3.4088e-12 -8.2447e-13 -1.7837e-13 3.0136e-12 -8.1271e-13 1.4318e-12 1.1746e-12 -1.1577e-12 2.2876e-13 -5.7473e-13 7.0929e-13 6.886e-13 3.2461e-13 6.3153e-14 -1.6402e-12 2.0411e-14 -1.416e-13 -4.7701e-13 -8.937e-13 -6.4049e-13 -1.8289e-13 -1.6996e-13 -1.1282e-13 3.8707e-15 -2.5545e-14
3.2611e-12 8.2266e-13 3.0909e-12 4.526e-12 -2.4111e-12 8.2917e-13 6.1915e-12 -2.8557e-12 4.0098e-12 -2.0209e-12 6.2152e-12 1.4125e-11 3.3933e-11 3.8399e-12 7.4188e-12 1.0405e-11 7.5185e-12 1.2821e-11 3.2216e-12 3.3094e-12 7.0073e-12 1.1353e-11 9.948e-13 4.5862e-12 6.9579e-12 2.02e-12 4.3722e-12 7.6315e-12 8.8613e-12 3.7501e-13 5.7208e-12 3.4251e-12 -2.6073e-12 -1.6759e-12 5.006e-12 1.6954e-12 1.9319e-12 1.2441e-12 -1.1875e-12 6.7233e-12 -3.2907e-12 9.6038e-13 1.0307e-12 7.7492e-13 -5.0465e-13 5.8355e-13 -1.4368e-12 1.7526e-12 1.8689e-12 -4.1308e-12 -3.0192e-12 1.874e-12 -1.4256e-12 -1.5026e-12 -3.869e-12 -3.1733e-12 -3.6936e-13 6.785e-13 -5.4147e-13 -6.7987e-13 2.5632e-13 -2.0217e-12 2.6285e-12 -1.9511e-12 -2.6726e-12 2.888e-13 3.6506e-14 2.5679e-12 1.3885e-12 -1.7484e-12 6.6308e-13 2.4853e-13 -1.374e-13 -7.4729e-13 -1.1489e-12 -1.6169e-12 -2.3121e-13 -8.0744e-13 -4.5513e-13 -3.7713e-13 -6.6248e-13 -2.8846e-13 -4.821e-14 -5.7565e-14 -7.0197e-14 1.8452e-15 -1.5182e-14
-6.6094e-12 8.1458e-13 -3.9903e-12 8.5288e-12 -1.9623e-12 -2.9745e-12 -7.7063e-12 -1.264e-12 2.7367e-12 -3.074e-12 8.3743e-12 6.3713e-12 3.8399e-12 2.2581e-11 2.58e-12 4.6121e-12 5.4741e-12 1.3612e-11 8.4275e-12 8.7225e-12 3.9149e-12 9.0197e-12 2.0873e-12 7.8991e-12 6.2396e-12 2.0873e-12 6.392e-12 4.9879e-12 5.7862e-12 5.2749e-12 3.9382e-12 1.982e-12 3.5911e-12 -2.028e-13 1.61e-12 7.9284e-13 -1.3279e-12 2.7452e-12 1.4209e-12 3.6495e-12 4.0344e-12 2.5034e-12 -2.2366e-12 2.1187e-12 -7.6531e-13 2.6128e-12 5.9381e-12 -4.1819e-13 -1.1194e-12 2.2097e-12 1.903e-12 -5.4619e-13 9.2586e-14 1.1967e-13 1.3292e-12 -3.0494e-12 -3.0295e-12 -1.6471e-12 3.9932e-13 1.1452e-12 -4.1858e-12 1.8136e-12 3.5815e-13 -1.3765e-12 -2.7898e-12 -1.6777e-12 1.0388e-12 -4.0412e-13 -1.9636e-12 4.3347e-13 -8.2203e-13 -3.4341e-13 1.4933e-12 -7.6346e-13 5.016e-13 -1.7011e-13 -1.4016e-12 -4.8336e-13 5.6192e-14 8.7801e-14 -2.6996e-13 -6.282e-14 -4.6553e-13 1.2374e-13 -5.5391e-14 9.1729e-15 -1.6174e-14
-2.6786e-13 -3.5098e-12 -5.9169e-12 9.3295e-12 3.979e-12 -2.7381e-14 3.4567e-12 5.4169e-12 6.1726e-12 3.356e-12 6.8005e-12 2.6898e-12 7.4188e-12 2.58e-12 2.5672e-11 6.4974e-12 -7.9286e-14 -2.1786e-13 1.7102e-12 -3.0862e-12 6.8521e-12 5.0205e-12 2.2283e-12 2.8426e-12 3.2852e-12 4.805e-12 5.746e-12 3.1226e-12 8.7167e-13 3.6352e-12 -5.9214e-13 2.9557e-12 -3.5167e-13 6.2774e-12 4.9571e-13 -7.0286e-13 -5.9143e-13 2.764e-12 1.1602e-12 3.8455e-12 -6.8262e-13 1.5836e-12 9.0524e-13 5.8095e-14 -1.0579e-12 4.0229e-12 1.6774e-12 -4.6e-13 9.8095e-13 5.9262e-13 2.55e-13 2.3762e-13 -1.2607e-12 2.92e-12 -7.969e-13 -3.6905e-13 -2.561e-12 -8.581e-13 4.2857e-13 1.1529e-12 3.9095e-12 -3.8888e-13 8.8324e-13 2.0893e-13 -8.986e-13 -2.3154e-12 3.1317e-13 2.2535e-12 -1.5756e-12 1.164e-13 1.4918e-12 1.5595e-14 5.7881e-14 -2.4481e-13 -1.3881e-12 3.2471e-13 1.373e-13 4.8543e-13 -3.7123e-13 8.4405e-15 -1.0188e-13 -3.4044e-13 -5.3376e-14 2.7144e-14 1.7484e-14 3.7982e-15 -2.8968e-14
-4.5908e-12 -8.0194e-12 -1.0123e-12 9.3275e-12 3.0072e-12 6.5232e-12 2.8642e-12 2.0814e-12 1.5953e-11 7.5621e-12 5.727e-12 1.0906e-11 1.0405e-11 4.6121e-12 6.4974e-12 3.2938e-11 6.1916e-12 1.9359e-11 5.3577e-12 7.52e-12 7.1417e-12 5.3677e-12 8.5586e-12 1.4824e-11 7.5491e-12 8.5622e-12 3.5853e-12 9.0134e-12 1.0382e-11 7.3425e-12 3.8926e-12 7.5805e-12 2.5957e-12 8.2324e-12 7.1303e-12 5.0081e-12 2.7341e-12 5.3351e-12 5.8338e-12 5.9394e-12 1.8156e-12 3.9464e-12 -6.1064e-13 4.0623e-12 -6.4139e-13 2.7745e-13 1.6179e-12 1.8394e-12 2.8304e-12 2.5808e-13 -3.3418e-13 -4.5995e-12 -2.5403e-12 1.4857e-12 6.9349e-13 -2.5252e-12 -3.3897e-12 -9.4614e-13 -9.1628e-13 -8.6781e-13 -8.88e-13 -4.8466e-12 1.196e-12 -5.7187e-13 -1.4833e-12 1.1489e-12 3.9108e-13 1.3678e-12 -5.2586e-13 -1.2017e-12 -3.0714e-13 -8.0123e-13 -2.5619e-12 -1.076e-13 4.6692e-13 -3.448e-13 -1.4013e-12 -3.8444e-13 -1.5842e-14 4.3419e-13 -2.5887e-13 3.8343e-13 -3.4971e-13 -6.6746e-14 -2.999e-14 7.2776e-15 -5.2987e-16
-5.2949e-12 -2.8723e-12 -2.2966e-12 2.9136e-12 1.5335e-12 9.5735e-13 -1.2893e-13 3.682e-12 5.4842e-12 2.2729e-12 5.1207e-12 9.2531e-12 7.5185e-12 5.4741e-12 -7.9286e-14 6.1916e-12 1.9271e-11 1.038e-11 2.262e-12 1.0141e-11 5.0678e-12 6.3872e-12 3.2082e-12 1.1119e-11 4.4667e-12 1.1732e-12 3.3455e-12 3.5822e-12 5.5631e-12 6.5903e-13 1.8856e-12 -6.722e-15 6.9829e-12 1.035e-12 1.9482e-12 2.5472e-12 1.7208e-12 -3.5059e-13 4.696e-13 1.8424e-12 2.3507e-12 1.2499e-12 8.3478e-13 1.4375e-12 1.5452e-12 -6.6086e-13 -2.9278e-13 1.1429e-12 2.6229e-12 -2.6456e-13 8.4707e-13 7.3738e-13 -1.9146e-12 5.2701e-13 -1.8848e-12 -2.1669e-12 -1.5192e-12 -1.538e-12 1.5795e-12 3.6846e-12 -4.3768e-12 -2.6076e-12 2.9952e-13 3.7743e-13 -3.9251e-13 -4.6523e-13 1.9156e-12 1.2735e-12 -9.9141e-13 -4.5256e-13 -1.7449e-13 -1.1323e-12 -1.1023e-12 1.0417e-12 -1.7382e-13 1.0639e-13 -4.5681e-13 -1.1227e-12 9.811e-14 -6.0806e-13 -4.9044e-13 -8.1764e-13 -4.7037e-13 -2.4589e-13 -1.1531e-14 -2.1281e-14 -5.3642e-15
-3.2287e-13 -5.0278e-12 7.3897e-12 1.1258e-11 1.3252e-11 6.0816e-12 1.821e-12 6.4754e-12 1.2036e-11 8.1941e-12 1.6683e-11 2.0067e-11 1.2821e-11 1.3612e-11 -2.1786e-13 1.9359e-11 1.038e-11 5.683e-11 9.7505e-12 9.581e-12 2.1741e-12 9.3915e-12 7.874e-12 2.0577e-11 1.4686e-11 3.7976e-12 8.1133e-12 1.0673e-11 1.6762e-11 7.363e-12 5.258e-13 3.5406e-12 7.0178e-12 9.6196e-12 2.1321e-12 6.1916e-13 4.899e-12 4.9671e-12 6.1638e-13 4.9739e-12 -1.2039e-12 3.8324e-12 -2.6564e-12 4.1515e-12 -1.9595e-12 -1.1274e-12 3.0864e-12 2.0745e-12 -8.9248e-13 1.4253e-12 2.9778e-12 -3.6926e-12 -1.3477e-13 -3.9241e-12 -2.0982e-13 -8.1829e-12 -8.3523e-13 -5.6095e-13 -1.1355e-12 -4.1299e-12 -2.1794e-12 -4.8352e-12 5.5955e-13 -1.0793e-12 -5.0777e-12 4.9118e-12 1.8252e-12 1.6667e-12 -3.1898e-13 -2.505e-12 -1.113e-12 -3.7406e-13 1.8449e-13 -3.0816e-13 8.3791e-13 8.9875e-13 -1.4933e-12 -6.8287e-13 3.6133e-13 5.5559e-13 -5.848e-13 2.0618e-13 -4.8429e-13 8.099e-14 -1.2396e-13 -1.4643e-15 -2.5754e-14
-7.8798e-12 2.0589e-13 -1.2127e-12 2.5572e-12 -3.8024e-12 -1.3152e-12 -1.2196e-12 -1.083e-12 8.8692e-13 3.2613e-13 6.9333e-12 8.1927e-12 3.2216e-12 8.4275e-12 1.7102e-12 5.3577e-12 2.262e-12 9.7505e-12 1.7268e-11 5.3847e-12 2.6557e-12 -3.3423e-13 5.2267e-13 5.3023e-12 1.8849e-12 1.2421e-12 3.5069e-12 1.1836e-12 4.1433e-12 1.222e-12 3.0302e-12 3.8607e-12 2.2216e-12 3.0389e-12 3.5683e-12 1.4348e-12 -7.5651e-13 2.9587e-12 1.6618e-12 3.4786e-12 1.8346e-13 -1.5756e-12 -2.4918e-12 1.0703e-13 -8.3375e-13 3.5493e-12 5.8007e-14 3.402e-13 -2.8734e-13 1.6296e-12 -9.6488e-13 9.7738e-13 -1.1679e-12 -9.9138e-13 -7.6606e-13 -1.2591e-12 -3.0498e-12 -3.7285e-13 -1.8355e-12 -1.2655e-12 -3.6128e-12 1.5537e-12 -5.327e-13 4.6475e-14 -1.9307e-12 -8.5996e-14 -1.1249e-12 -1.7536e-12 -5.4448e-13 -1.0284e-13 -1.0001e-13 2.9416e-13 4.1378e-14 9.2617e-14 1.3743e-13 -1.9077e-13 -1.1788e-12 -4.7889e-13 -5.49e-13 -5.5459e-14 -7.1278e-13 -8.2412e-13 9.553e-15 -8.0063e-14 -1.3423e-14 1.6026e-15 -3.0293e-15
-1.4214e-11 -2.7257e-12 -2.3799e-12 3.4009e-12 -2.8177e-12 1.7135e-12 -4.6655e-12 1.0118e-12 1.1016e-11 5.0395e-12 8.2037e-12 8.7272e-12 3.3094e-12 8.7225e-12 -3.0862e-12 7.52e-12 1.0141e-11 9.581e-12 5.3847e-12 2.7551e-11 3.375e-12 6.2038e-12 1.8805e-12 1.4722e-11 1.3972e-12 3.4975e-12 4.8933e-12 3.6156e-12 8.9039e-12 2.4809e-12 2.1405e-12 -1.4763e-12 5.3914e-12 3.1194e-12 1.4796e-12 7.5193e-13 -2.5916e-12 2.9477e-12 2.6799e-12 1.3946e-12 3.6964e-12 1.3382e-12 -4.2504e-12 7.0189e-13 -1.2152e-12 -6.4725e-13 3.9345e-13 -1.3899e-12 4.5365e-13 3.2667e-12 1.7388e-12 6.8571e-13 -3.5985e-12 2.2218e-13 6.9259e-13 -1.9546e-12 -3.3203e-12 -4.116e-12 3.7657e-12 1.8796e-12 -3.6622e-12 1.7091e-13 1.9788e-12 1.8089e-12 -5.1661e-13 4.1615e-13 6.0106e-14 1.727e-12 2.5583e-13 3.2747e-13 1.0877e-13 3.812e-13 2.4023e-13 -2.3842e-13 1.1971e-12 6.4108e-13 -1.3591e-12 -8.5189e-13 -6.0256e-13 -4.1747e-15 -4.9874e-13 -3.7676e-14 -7.5296e-13 -1.5627e-13 3.7006e-14 3.6617e-14 9.8221e-16
5.6811e-15 -1.4009e-12 -5.1002e-14 5.107e-12 -5.113e-14 6.6352e-12 2.7064e-12 -4.2564e-12 1.0318e-11 1.2481e-12 2.9554e-12 5.5113e-12 7.0073e-12 3.9149e-12 6.8521e-12 7.1417e-12 5.0678e-12 2.1741e-12 2.6557e-12 3.375e-12 2.1168e-11 7.1008e-13 4.0607e-12 7.9593e-12 8.1297e-12 3.4607e-12 2.3004e-12 3.056e-12 1.5488e-12 4.2525e-12 4.0619e-12 7.6486e-12 6.2874e-13 1.0585e-12 -1.3458e-12 4.6992e-12 3.9523e-12 2.5441e-13 4.8511e-13 1.962e-12 -8.0969e-13 1.6097e-12 7.2017e-13 2.6738e-12 3.9818e-13 -7.5076e-13 1.707e-12 1.6338e-12 2.0137e-12 -9.1708e-13 -5.9945e-14 2.29e-12 1.2124e-12 -7.4957e-13 3.5055e-13 -6.0673e-13 9.3859e-13 -2.4257e-12 -8.9819e-13 8.3006e-13 3.497e-14 -6.6452e-13 -4.2668e-13 -8.0411e-13 1.8587e-12 -2.4518e-12 7.3446e-13 1.4307e-12 5.8111e-13 -2.7737e-12 -4.383e-13 1.377e-13 -7.7597e-13 -9.1599e-13 -3.5235e-14 -1.2871e-12 -5.5641e-13 2.3426e-13 -2.345e-13 -1.8456e-13 9.4036e-14 -2.0101e-13 -2.4269e-13 9.7336e-14 -6.1328e-14 -1.2153e-14 -1.0612e-14
1.8213e-12 -5.7074e-12 -3.0292e-12 2.8089e-12 3.6611e-12 1.6284e-12 1.3003e-12 7.7556e-12 5.4133e-12 -2.0395e-12 3.5626e-12 9.1739e-12 1.1353e-11 9.0197e-12 5.0205e-12 5.3677e-12 6.3872e-12 9.3915e-12 -3.3423e-13 6.2038e-12 7.1008e-13 2.5214e-11 -3.1913e-13 9.4779e-12 3.8747e-12 4.5753e-12 4.9512e-12 3.4513e-12 6.6269e-12 5.0625e-12 1.0107e-12 -8.5509e-13 1.5274e-12 1.2784e-12 1.4338e-13 -2.2344e-12 4.5481e-13 -3.6424e-13 4.3523e-13 2.2336e-12 2.0725e-13 -1.2402e-12 4.8513e-13 1.9138e-12 1.1153e-12 5.2913e-14 3.4852e-12 4.2967e-12 -4.3014e-13 -2.0355e-12 3.0869e-12 1.336e-12 -5.822e-13 -7.4032e-13 -1.0785e-12 -2.4798e-12 -1.144e-12 6.6149e-13 1.088e-12 -2.2206e-12 -1.7301e-13 -7.6264e-13 2.6959e-12 -2.322e-12 -3.2935e-12 9.0832e-13 5.8123e-13 1.1162e-12 -1.0012e-12 2.9879e-13 -2.2345e-13 5.3607e-13 1.6752e-13 -2.0979e-12 3.0751e-13 -1.8169e-13 7.5233e-15 -6.0307e-13 -1.8606e-13 -9.1151e-14 -4.0113e-13 -4.9888e-14 -6.8272e-13 4.6612e-14 -9.0347e-14 -1.1443e-14 -1.8851e-14
-4.0371e-12 1.1412e-12 1.5886e-12 5.2154e-12 5.0235e-12 4.0919e-12 -2.9e-12 -1.0917e-12 5.6568e-12 2.1121e-12 3.7094e-12 1.1413e-12 9.948e-13 2.0873e-12 2.2283e-12 8.5586e-12 3.2082e-12 7.874e-12 5.2267e-13 1.8805e-12 4.0607e-12 -3.1913e-13 1.8286e-11 7.1061e-12 4.8465e-12 8.6029e-13 2.807e-12 4.2754e-12 5.7314e-12 3.0852e-12 1.0369e-12 2.2659e-12 4.5603e-12 5.1413e-12 6.4464e-13 1.2032e-14 2.4418e-12 7.0345e-13 -2.0343e-14 5.5681e-13 -1.847e-12 1.7387e-12 3.4936e-13 3.7458e-12 1.8578e-12 4.1838e-13 -1.832e-13 -8.8114e-13 3.2451e-12 -2.6054e-13 2.0773e-12 -2.3755e-12 5.3597e-13 7.2433e-13 1.4795e-12 -2.2033e-12 -3.9073e-13 -2.2833e-12 -3.4133e-13 -1.7336e-12 -4.4754e-13 -1.5257e-12 -1.5188e-12 1.7182e-12 6.4531e-13 1.3808e-13 6.3359e-13 -6.149e-13 -1.6558e-12 7.2391e-13 5.2478e-13 -2.9722e-13 -4.6722e-13 -5.4891e-13 -7.5162e-13 8.0952e-13 -3.8141e-13 1.8449e-13 -1.7239e-14 -8.8531e-14 3.8061e-13 -2.5876e-13 8.5636e-14 1.8395e-13 -4.9316e-14 7.8833e-15 -8.0604e-15
-6.8286e-12 -1.0221e-11 -1.4746e-12 5.7811e-12 8.1701e-12 1.2527e-11 4.1497e-12 4.9229e-12 1.1348e-11 7.7617e-12 1.3427e-11 9.5561e-12 4.5862e-12 7.8991e-12 2.8426e-12 1.4824e-11 1.1119e-11 2.0577e-11 5.3023e-12 1.4722e-11 7.9593e-12 9.4779e-12 7.1061e-12 3.4223e-11 9.6656e-12 7.3676e-12 3.3361e-12 1.0318e-11 1.2662e-11 6.417e-12 -1.8212e-12 5.0139e-12 6.5021e-12 7.8504e-12 -2.8868e-12 1.3108e-12 2.3104e-12 3.7539e-12 3.4753e-12 8.1509e-13 1.896e-12 1.5294e-12 -9.5507e-13 2.4497e-12 1.8472e-12 1.2064e-12 7.1034e-13 4.1971e-13 3.5585e-12 -5.7827e-13 3.1962e-12 9.2857e-13 -8.624e-13 -3.9647e-13 1.307e-12 -1.2624e-12 -3.2321e-12 -1.6981e-12 -1.1413e-12 -8.6732e-13 -3.0266e-12 -1.054e-12 -1.0003e-12 2.6456e-13 -3.0793e-13 1.1658e-12 -1.0521e-13 9.0919e-13 -4.212e-13 -1.0901e-12 -2.1042e-12 -3.3421e-14 -8.1625e-13 2.9462e-14 1.3225e-12 3.454e-13 -1.0463e-12 -8.6739e-13 -6.9788e-13 -2.5743e-14 -1.2179e-12 3.9251e-13 -4.6411e-13 -4.7637e-14 -8.0943e-14 3.4193e-14 -3.8521e-15
-3.746e-12 -3.4948e-13 1.7056e-12 4.3631e-12 4.5179e-12 1.033e-11 -1.5166e-12 1.3096e-12 4.1645e-12 6.7205e-12 9.0799e-12 5.2728e-12 6.9579e-12 6.2396e-12 3.2852e-12 7.5491e-12 4.4667e-12 1.4686e-11 1.8849e-12 1.3972e-12 8.1297e-12 3.8747e-12 4.8465e-12 9.6656e-12 2.12e-11 2.5208e-12 5.8567e-12 3.8064e-12 6.2123e-12 2.6981e-12 3.9019e-12 4.4789e-12 -4.893e-13 2.6932e-12 -2.8844e-12 2.7135e-12 3.9144e-12 2.2503e-12 -9.7359e-13 1.7777e-12 -1.2455e-12 3.0862e-12 9.305e-13 3.5694e-12 7.9085e-13 -4.6342e-12 2.0897e-12 -4.9651e-14 4.4654e-12 -1.6533e-12 -2.2085e-12 2.2445e-12 1.2756e-12 -2.149e-12 2.2352e-12 -2.905e-12 1.8916e-12 -2.0132e-12 -1.7124e-12 -8.1055e-13 -2.2821e-12 -2.6067e-12 3.9325e-13 -1.5657e-12 -1.8811e-12 4.2973e-13 1.9129e-12 8.6461e-13 6.1044e-13 -2.3733e-12 -2.3111e-12 -1.107e-12 -2.0365e-13 -1.0301e-12 3.1105e-13 4.4584e-14 -2.8957e-13 -9.8777e-13 1.7451e-13 -5.7695e-14 -4.1912e-13 -2.0087e-13 -3.2373e-13 1.2296e-13 -1.0571e-13 -1.4075e-14 2.5254e-15
-2.3253e-12 -1.1322e-12 2.7447e-12 1.7308e-12 -1.2346e-12 2.2665e-12 4.8499e-12 2.5353e-12 9.2233e-12 5.5589e-13 1.0132e-11 3.817e-12 2.02e-12 2.0873e-12 4.805e-12 8.5622e-12 1.1732e-12 3.7976e-12 1.2421e-12 3.4975e-12 3.4607e-12 4.5753e-12 8.6029e-13 7.3676e-12 2.5208e-12 1.626e-11 1.0657e-12 3.7917e-12 4.5785e-12 1.4547e-12 7.5042e-13 3.5871e-12 2.7952e-12 6.0572e-12 9.773e-13 4.2857e-13 2.3016e-13 -2.3293e-13 5.4773e-12 -2.2692e-13 1.7989e-13 2.2482e-12 2.8889e-12 2.1563e-12 -1.7866e-12 -8.3122e-13 2.7656e-12 2.77e-12 2.3022e-12 -7.2162e-13 1.9406e-12 1.079e-12 -5.4882e-13 2.137e-12 3.1708e-12 -1.7933e-13 5.1573e-13 1.962e-13 9.1362e-14 1.7865e-13 1.8443e-12 -9.8616e-13 1.7209e-12 3.7969e-13 -1.2519e-13 -6.1312e-13 -1.1157e-13 2.107e-12 1.3045e-12 7.5207e-13 -8.6604e-14 -2.9429e-13 -7.6946e-13 -1.5949e-12 3.6381e-13 -1.8714e-13 -2.7262e-13 -2.3244e-14 -7.1011e-14 1.1109e-13 -1.7507e-13 6.151e-13 -1.0496e-13 -2.9959e-15 1.5574e-14 1.5193e-14 -1.182e-14
-3.1257e-13 3.4294e-12 1.3686e-13 6.6689e-12 1.7772e-12 2.1457e-12 -7.8078e-13 4.7921e-12 6.6841e-12 8.0239e-12 6.8298e-12 4.0366e-12 4.3722e-12 6.392e-12 5.746e-12 3.5853e-12 3.3455e-12 8.1133e-12 3.5069e-12 4.8933e-12 2.3004e-12 4.9512e-12 2.807e-12 3.3361e-12 5.8567e-12 1.0657e-12 2.0195e-11 2.7471e-13 5.1026e-12 2.371e-12 4.3889e-13 1.5462e-12 2.0313e-12 5.2851e-12 -1.5249e-12 2.5439e-12 -1.0278e-12 2.351e-12 1.7262e-12 2.0414e-12 3.0357e-12 1.0932e-13 -1.886e-12 8.7389e-13 -3.9905e-13 5.9507e-12 4.1054e-12 -5.3671e-13 8.6473e-13 -1.42e-13 2.4749e-12 -5.3071e-13 -8.1628e-13 -2.6898e-13 2.6007e-12 -1.3492e-12 -2.6491e-13 -3.6919e-13 4.9249e-12 7.6158e-13 -3.5188e-12 -1.0213e-13 1.7179e-12 -5.5684e-13 -2.546e-12 -2.6307e-13 2.0961e-12 5.6405e-13 5.0164e-13 -3.1822e-13 1.1307e-13 3.3487e-13 -3.1546e-13 -6.9424e-13 1.4e-13 2.9443e-13 -6.4269e-13 4.2957e-13 -3.9216e-13 -2.6326e-13 -1.1143e-13 -6.0088e-13 -3.7752e-13 -4.0496e-14 -9.8884e-14 1.7037e-14 -1.1053e-16
-1.5894e-12 -2.8679e-12 9.9546e-14 7.5916e-12 3.447e-12 3.1544e-12 1.3351e-12 3.2079e-12 3.8388e-12 2.7071e-12 8.8005e-12 9.2961e-12 7.6315e-12 4.9879e-12 3.1226e-12 9.0134e-12 3.5822e-12 1.0673e-11 1.1836e-12 3.6156e-12 3.056e-12 3.4513e-12 4.2754e-12 1.0318e-11 3.8064e-12 3.7917e-12 2.7471e-13 1.3365e-11 7.5411e-12 4.2943e-12 -3.5766e-13 1.0677e-12 1.4838e-12 8.6124e-14 1.2759e-13 4.427e-13 -6.8336e-13 4.9283e-13 2.3959e-12 1.0683e-12 2.5233e-14 3.0061e-12 9.1953e-13 1.6641e-12 3.6512e-13 3.52e-12 2.9186e-14 -5.9403e-13 1.9718e-12 -4.4447e-13 3.1587e-13 -5.5476e-13 -3.3007e-13 -8.6003e-13 -6.7286e-13 -2.5086e-12 -3.7445e-13 -1.4659e-13 -5.9448e-13 6.9487e-13 4.9954e-13 -6.3778e-13 2.5749e-13 -1.0141e-12 -2.1714e-13 -3.6401e-13 -4.956e-13 4.9188e-13 -4.2456e-13 5.0557e-13 -9.8563e-13 -1.3132e-12 3.4992e-13 -1.9738e-13 1.1514e-14 -7.3672e-13 -8.9353e-13 4.7901e-14 4.1349e-14 1.1556e-13 -3.7346e-13 9.3759e-14 2.1054e-13 -8.4521e-14 -3.9301e-15 1.9188e-14 -1.0588e-14
-1.7756e-12 1.0222e-12 1.3554e-12 8.118e-12 2.4526e-12 1.3013e-12 3.9262e-12 -5.5428e-13 8.2068e-12 3.1424e-12 9.9492e-12 1.1772e-11 8.8613e-12 5.7862e-12 8.7167e-13 1.0382e-11 5.5631e-12 1.6762e-11 4.1433e-12 8.9039e-12 1.5488e-12 6.6269e-12 5.7314e-12 1.2662e-11 6.2123e-12 4.5785e-12 5.1026e-12 7.5411e-12 1.9688e-11 3.9527e-12 3.315e-13 4.0852e-12 2.3308e-13 3.8762e-12 2.0771e-12 4.9262e-12 -7.189e-13 2.6699e-12 8.2378e-13 1.2679e-12 9.2984e-13 2.5869e-12 1.0861e-12 2.5239e-12 -2.465e-12 2.098e-12 -1.9207e-12 3.0398e-13 1.8781e-12 -2.6167e-12 1.8204e-13 1.1098e-12 -1.0256e-13 1.7189e-13 -2.8564e-13 -4.1603e-12 3.609e-13 -2.0851e-12 5.0771e-13 -1.3987e-12 -6.0314e-13 -2.5361e-12 1.2712e-12 -4.0252e-13 -1.6838e-12 1.1082e-12 -1.1652e-12 3.6438e-13 -8.5531e-13 -1.1465e-12 -5.9255e-13 -8.3724e-14 -1.3219e-12 -9.5294e-13 1.1341e-12 2.6088e-13 -6.6761e-13 3.4928e-13 2.1728e-13 -1.2642e-13 -3.5472e-13 1.87e-14 -4.5264e-13 -2.2961e-13 -9.043e-14 2.7651e-14 -2.4203e-14
-1.8761e-13 1.9997e-12 -2.9158e-12 6.7188e-12 3.0833e-12 5.3356e-12 3.7831e-12 7.4492e-13 4.3151e-12 1.6195e-12 4.2532e-12 3.5718e-12 3.7501e-13 5.2749e-12 3.6352e-12 7.3425e-12 6.5903e-13 7.363e-12 1.222e-12 2.4809e-12 4.2525e-12 5.0625e-12 3.0852e-12 6.417e-12 2.6981e-12 1.4547e-12 2.371e-12 4.2943e-12 3.9527e-12 1.5119e-11 -2.5048e-12 1.4083e-12 2.16e-12 8.6795e-13 -6.0391e-13 4.476e-12 2.773e-12 9.13e-13 2.9145e-13 2.839e-12 -1.5183e-12 -5.8832e-14 -2.505e-13 2.9539e-12 -9.4966e-13 1.2106e-12 2.8829e-12 8.5965e-13 -1.0309e-12 -3.5596e-13 3.6151e-12 -3.0714e-13 -1.7735e-14 8.035e-13 -2.8378e-13 2.2154e-14 -6.5393e-13 -9.7965e-13 -3.2879e-13 -2.2298e-12 -2.1269e-13 -4.7715e-14 -1.5022e-12 1.153e-13 -1.4588e-12 -5.1233e-13 1.0317e-13 1.0214e-12 7.1401e-13 -5.3951e-13 -7.1021e-13 1.5313e-12 -1.4783e-12 -9.1393e-13 -3.5501e-14 1.4331e-13 -3.755e-13 9.9101e-13 1.6403e-13 7.365e-13 3.5632e-14 6.7449e-15 -3.2563e-13 6.5662e-14 8.8883e-15 1.6547e-14 6.0613e-16
-5.3769e-12 3.585e-13 6.9859e-12 5.9475e-12 -2.298e-12 1.9633e-12 -4.5452e-13 8.8013e-13 1.7456e-12 -3.3198e-13 3.1063e-12 1.234e-12 5.7208e-12 3.9382e-12 -5.9214e-13 3.8926e-12 1.8856e-12 5.258e-13 3.0302e-12 2.1405e-12 4.0619e-12 1.0107e-12 1.0369e-12 -1.8212e-12 3.9019e-12 7.5042e-13 4.3889e-13 -3.5766e-13 3.315e-13 -2.5048e-12 1.2203e-11 -2.7606e-13 -1.3414e-12 -1.7751e-12 1.2174e-12 2.119e-12 1.3214e-12 2.5172e-12 -2.0917e-12 8.9914e-13 1.3233e-12 2.9503e-12 -7.0519e-13 -5.889e-13 1.2074e-12 -3.3744e-13 -1.3094e-12 -8.6149e-13 -1.1911e-12 -1.3967e-12 -3.6273e-12 -1.181e-13 -8.12e-13 5.145e-13 5.5615e-13 -1.5411e-12 6.1558e-13 -1.4461e-12 -1.8673e-12 6.0667e-13 1.1101e-13 -9.5936e-13 8.4718e-13 5.0151e-13 -4.8411e-14 -1.5618e-13 9.3717e-13 -8.4075e-13 -5.2867e-13 1.2826e-13 -8.7437e-14 -8.8936e-13 6.124e-13 9.058e-14 -6.2448e-13 1.2909e-14 -6.5618e-13 -9.5832e-13 4.6886e-14 -2.7841e-13 -5.0539e-14 6.7064e-14 -1.676e-13 8.9605e-14 -1.7956e-14 -6.3221e-15 -5.7637e-15
1.5482e-12 2.4275e-13 -4.8524e-12 -1.4278e-12 3.1957e-12 2.1212e-12 7.2649e-12 -8.0065e-12 7.878e-12 3.2927e-12 3.638e-12 7.2101e-12 3.4251e-12 1.982e-12 2.9557e-12 7.5805e-12 -6.722e-15 3.5406e-12 3.8607e-12 -1.4763e-12 7.6486e-12 -8.5509e-13 2.2659e-12 5.0139e-12 4.4789e-12 3.5871e-12 1.5462e-12 1.0677e-12 4.0852e-12 1.4083e-12 -2.7606e-13 1.5355e-11 2.0124e-12 4.0996e-12 1.6502e-12 2.656e-12 -6.3096e-13 1.9526e-12 1.7262e-12 3.5132e-12 1.7857e-12 6.1611e-14 7.7505e-13 3.3652e-12 -1.5556e-12 -1.9555e-12 1.6722e-14 2.9666e-12 3.0417e-12 -3.2622e-13 -6.007e-13 4.4762e-13 2.0327e-12 4.2684e-13 6.9114e-13 2.2472e-12 -1.5822e-12 -6.9697e-13 -1.7489e-12 6.0654e-13 -5.0298e-13 -6.3593e-13 1.0923e-12 -3.8523e-13 6.2758e-14 5.6826e-13 -2.0439e-13 -7.9253e-14 2.2839e-13 -2.1754e-12 -3.1338e-13 6.8921e-13 -9.6977e-13 -7.73e-14 2.0444e-13 -5.9979e-14 -5.8649e-13 8.6187e-13 -3.1234e-13 -5.8722e-13 -5.1499e-13 1.2745e-13 7.6615e-14 1.0577e-13 -1.0662e-13 -3.4047e-15 -1.1528e-14
-2.8064e-12 2.8913e-13 -3.9536e-12 2.0414e-13 4.7984e-12 -2.1262e-15 1.9683e-12 4.1204e-12 7.0569e-12 2.8034e-12 7.4755e-12 6.5806e-12 -2.6073e-12 3.5911e-12 -3.5167e-13 2.5957e-12 6.9829e-12 7.0178e-12 2.2216e-12 5.3914e-12 6.2874e-13 1.5274e-12 4.5603e-12 6.5021e-12 -4.893e-13 2.7952e-12 2.0313e-12 1.4838e-12 2.3308e-13 2.16e-12 -1.3414e-12 2.0124e-12 1.267e-11 4.4989e-12 1.1279e-12 -3.0088e-13 -1.3471e-13 1.9398e-12 3.9045e-12 -7.774e-13 1.4576e-12 1.3436e-12 1.0328e-12 2.2013e-12 7.8976e-13 7.3289e-14 9.6329e-13 -3.01e-13 2.8412e-12 2.9218e-12 3.0816e-12 -1.9936e-12 7.8824e-13 4.7816e-13 1.6512e-12 1.2563e-12 -1.5028e-12 3.6047e-14 -4.2985e-13 2.413e-12 -2.5344e-12 -2.8499e-13 -2.873e-13 1.2931e-12 2.2064e-13 1.4506e-12 1.1217e-12 9.4831e-13 -3.3109e-13 1.5238e-12 -1.5218e-14 -7.0389e-13 1.5439e-13 8.3635e-13 -5.6398e-13 6.7035e-13 -5.8557e-13 1.8027e-13 7.1952e-15 1.647e-13 -7.8927e-14 -2.7951e-13 7.3721e-14 7.4487e-14 2.3929e-15 6.5796e-15 2.9479e-15
3.6602e-13 -4.4817e-14 2.3867e-13 4.9574e-12 7.9527e-12 5.9967e-12 -1.3278e-13 3.2714e-12 5.2095e-12 5.9823e-12 5.1259e-12 1.3052e-12 -1.6759e-12 -2.028e-13 6.2774e-12 8.2324e-12 1.035e-12 9.6196e-12 3.0389e-12 3.1194e-12 1.0585e-12 1.2784e-12 5.1413e-12 7.8504e-12 2.6932e-12 6.0572e-12 5.2851e-12 8.6124e-14 3.8762e-12 8.6795e-13 -1.7751e-12 4.0996e-12 4.4989e-12 1.4716e-11 -7.712e-13 -2.2914e-12 7.6618e-13 5.1136e-12 3.71e-12 9.4981e-13 6.8081e-13 1.4783e-12 -4.6414e-13 9.3535e-13 1.031e-12 1.8558e-13 6.2074e-13 1.2518e-12 2.0456e-12 1.7296e-13 3.1758e-12 -8.6119e-13 -8.0235e-13 1.9301e-12 1.9675e-12 -1.8153e-13 -4.398e-13 -1.5075e-13 9.7306e-13 -1.3535e-12 1.1873e-12 6.2751e-13 6.8599e-13 1.9592e-12 4.9977e-13 9.9018e-13 -1.3171e-13 1.8017e-12 -9.0308e-13 6.6406e-13 1.1651e-12 4.5103e-13 -7.2371e-13 -1.0647e-13 4.1564e-13 1.2064e-12 2.8005e-13 2.133e-13 -1.4464e-13 -2.1799e-13 8.0889e-14 1.798e-13 -3.3166e-13 1.9952e-14 -4.7246e-14 1.5537e-14 -6.7378e-15
2.0027e-13 -2.574e-12 -5.0972e-12 -3.077e-12 -2.8631e-12 -9.5201e-12 5.5721e-13 -3.2502e-12 1.4577e-12 -9.5522e-13 -3.5947e-12 2.1138e-12 5.006e-12 1.61e-12 4.9571e-13 7.1303e-12 1.9482e-12 2.1321e-12 3.5683e-12 1.4796e-12 -1.3458e-12 1.4338e-13 6.4464e-13 -2.8868e-12 -2.8844e-12 9.773e-13 -1.5249e-12 1.2759e-13 2.0771e-12 -6.0391e-13 1.2174e-12 1.6502e-12 1.1279e-12 -7.712e-13 1.0513e-11 7.0959e-13 -2.1219e-12 1.8019e-12 -6.8584e-13 1.6283e-12 -1.057e-12 -2.5273e-13 -3.9895e-13 -1.2248e-12 -1.2885e-12 -7.3411e-14 -5.2394e-13 -2.977e-13 -1.1209e-12 -5.9982e-13 -8.3378e-13 -2.4117e-12 -1.0984e-12 -3.3536e-13 -1.678e-12 -1.9723e-12 -1.2199e-12 1.5534e-13 -1.118e-12 1.589e-12 -2.2565e-12 -2.1104e-12 2.1761e-14 -1.0886e-12 -1.3306e-12 -7.5737e-14 -7.0837e-13 -3.8677e-13 -3.0693e-13 -5.3317e-13 3.1687e-13 -8.0644e-13 2.0634e-13 2.1728e-13 -7.0181e-13 -4.5836e-13 -1.7558e-13 3.0503e-13 1.5224e-13 3.9442e-13 8.7309e-14 -2.7885e-13 7.7339e-14 -1.1017e-13 5.3208e-14 -6.0597e-15 5.3714e-15
-1.1089e-12 4.3759e-12 1.4869e-12 4.2095e-12 -2.8793e-12 4.4071e-12 4.865e-12 6.722e-15 2.5237e-12 -4.1717e-14 1.7473e-12 3.5143e-12 1.6954e-12 7.9284e-13 -7.0286e-13 5.0081e-12 2.5472e-12 6.1916e-13 1.4348e-12 7.5193e-13 4.6992e-12 -2.2344e-12 1.2032e-14 1.3108e-12 2.7135e-12 4.2857e-13 2.5439e-12 4.427e-13 4.9262e-12 4.476e-12 2.119e-12 2.656e-12 -3.0088e-13 -2.2914e-12 7.0959e-13 1.2156e-11 6.2388e-13 1.3179e-12 5.5014e-13 1.427e-12 1.4351e-12 7.1771e-13 8.3732e-13 1.3118e-12 -7.2301e-13 1.0476e-12 -2.6343e-13 7.5047e-13 6.1872e-14 -2.6596e-12 -7.1605e-13 -4.6524e-13 6.6008e-13 -8.7492e-14 7.8435e-13 -3.0642e-14 5.9135e-13 -1.1939e-12 -3.0334e-13 6.7134e-13 -1.7348e-12 -1.0519e-12 1.5979e-13 -3.753e-13 2.0562e-13 -6.5027e-13 -1.1715e-13 5.5207e-13 5.8154e-13 -1.7597e-12 -7.9246e-13 3.1197e-13 -1.4605e-12 5.9464e-14 1.4248e-13 -2.2113e-13 -6.2215e-13 7.7371e-13 2.9967e-13 3.0237e-13 6.4217e-14 7.5977e-14 -2.8263e-13 -1.2606e-13 1.0952e-14 1.7973e-15 2.9295e-15
-2.8295e-15 5.8525e-13 4.6973e-12 3.9947e-12 -1.8821e-14 4.7271e-13 2.6289e-12 -1.8752e-12 -3.0952e-12 -2.5786e-12 -1.7425e-13 -2.5334e-13 1.9319e-12 -1.3279e-12 -5.9143e-13 2.7341e-12 1.7208e-12 4.899e-12 -7.5651e-13 -2.5916e-12 3.9523e-12 4.5481e-13 2.4418e-12 2.3104e-12 3.9144e-12 2.3016e-13 -1.0278e-12 -6.8336e-13 -7.189e-13 2.773e-12 1.3214e-12 -6.3096e-13 -1.3471e-13 7.6618e-13 -2.1219e-12 6.2388e-13 1.0429e-11 -6.024e-13 1.2392e-13 -1.2915e-12 -7.8558e-13 1.056e-13 1.1953e-12 2.7009e-12 4.9957e-13 -1.686e-12 1.1851e-12 6.7349e-13 1.566e-12 -2.2958e-13 6.5051e-13 8.7143e-13 5.9347e-13 -8.3455e-14 -5.1915e-13 -4.978e-13 1.1951e-12 -3.7966e-13 -2.2516e-13 -3.3929e-12 6.7124e-13 -2.0181e-12 -1.3947e-12 -1.8686e-13 -1.9465e-13 5.3045e-13 1.1916e-12 1.0848e-12 7.544e-13 -6.1686e-13 9.7773e-14 9.9818e-13 -1.1715e-12 4.8921e-13 -4.7931e-14 -2.3613e-14 2.0392e-13 -7.3369e-13 3.1784e-13 -3.2504e-13 4.6452e-14 -1.7312e-13 -3.6218e-14 -6.3807e-14 -3.0644e-14 -1.208e-14 -5.7672e-15
-2.8997e-13 5.6843e-12 6.7183e-13 3.454e-12 -8.3787e-13 6.4604e-13 1.5441e-12 -2.9559e-12 4.7909e-13 5.4181e-12 1.2262e-12 5.8571e-13 1.2441e-12 2.7452e-12 2.764e-12 5.3351e-12 -3.5059e-13 4.9671e-12 2.9587e-12 2.9477e-12 2.5441e-13 -3.6424e-13 7.0345e-13 3.7539e-12 2.2503e-12 -2.3293e-13 2.351e-12 4.9283e-13 2.6699e-12 9.13e-13 2.5172e-12 1.9526e-12 1.9398e-12 5.1136e-12 1.8019e-12 1.3179e-12 -6.024e-13 1.2385e-11 6.6702e-13 1.3512e-12 1.4747e-12 2.5704e-12 -4.0252e-13 1.4314e-12 3.1812e-12 -8.2079e-13 -1.8077e-12 -1.4603e-13 -1.1157e-12 -1.2986e-12 1.5274e-12 -1.8629e-12 -2.7725e-13 2.1587e-12 1.2306e-12 -8.1923e-13 -2.4828e-12 -7.6085e-14 -1.4849e-13 1.5456e-12 7.3229e-13 9.8271e-13 9.3724e-13 3.5521e-13 3.7504e-13 1.3416e-12 -6.3025e-13 -8.5241e-13 -5.7677e-13 5.8518e-13 -6.8913e-13 -6.4828e-13 4.6784e-13 4.7416e-13 -2.8843e-13 1.456e-12 -5.4005e-13 5.6281e-13 3.3027e-13 -3.3846e-14 -7.1207e-14 3.4315e-13 -1.807e-13 7.431e-14 -1.057e-15 9.2884e-15 2.4907e-15
-1.7197e-12 -2.6937e-13 -6.808e-13 2.6142e-12 2.0293e-14 1.6084e-12 -7.8131e-13 -7.8073e-16 5.5419e-12 1.2792e-12 2.9153e-12 2.7479e-12 -1.1875e-12 1.4209e-12 1.1602e-12 5.8338e-12 4.696e-13 6.1638e-13 1.6618e-12 2.6799e-12 4.8511e-13 4.3523e-13 -2.0343e-14 3.4753e-12 -9.7359e-13 5.4773e-12 1.7262e-12 2.3959e-12 8.2378e-13 2.9145e-13 -2.0917e-12 1.7262e-12 3.9045e-12 3.71e-12 -6.8584e-13 5.5014e-13 1.2392e-13 6.6702e-13 9.2137e-12 -3.1004e-13 2.3122e-12 1.3977e-12 8.8593e-13 2.0523e-12 4.6404e-13 3.3658e-13 1.484e-12 2.1205e-13 2.3735e-12 3.5569e-12 2.3132e-12 -3.731e-13 -2.1662e-13 1.9985e-12 2.2769e-12 1.2392e-12 -1.96e-12 1.2292e-12 1.8629e-12 6.0065e-13 -9.1006e-14 1.2822e-12 1.8461e-12 -5.5277e-13 -4.0553e-13 1.5797e-13 -7.6681e-13 9.3146e-13 -2.3166e-14 1.6633e-12 3.1014e-13 -4.0881e-13 -7.0364e-13 3.6192e-13 5.9511e-13 -9.1758e-14 -3.6177e-13 -2.0371e-13 -4.0682e-13 1.8973e-13 -5.7219e-14 1.9446e-13 1.6435e-13 -5.5597e-14 1.2437e-15 1.3262e-14 -4.3256e-15
1.6261e-13 5.7699e-13 1.1907e-12 3.0843e-12 -2.6766e-12 2.0242e-12 -4.0803e-13 -7.0293e-13 3.5523e-12 -3.2872e-13 8.137e-13 3.8234e-12 6.7233e-12 3.6495e-12 3.8455e-12 5.9394e-12 1.8424e-12 4.9739e-12 3.4786e-12 1.3946e-12 1.962e-12 2.2336e-12 5.5681e-13 8.1509e-13 1.7777e-12 -2.2692e-13 2.0414e-12 1.0683e-12 1.2679e-12 2.839e-12 8.9914e-13 3.5132e-12 -7.774e-13 9.4981e-13 1.6283e-12 1.427e-12 -1.2915e-12 1.3512e-12 -3.1004e-13 8.122e-12 -8.6722e-14 -1.23e-12 -1.198e-12 -7.6756e-13 -9.7783e-13 -8.8287e-13 5.8638e-13 1.1671e-12 -5.051e-13 6.1193e-13 -8.1958e-13 -1.0155e-12 -2.0405e-12 -1.8462e-13 -1.6839e-12 1.3569e-13 -1.385e-12 1.8643e-13 4.714e-13 8.1022e-13 -1.4571e-12 7.8365e-13 1.3532e-12 1.2696e-13 -9.9674e-13 7.1156e-13 -3.5551e-13 7.546e-13 7.3616e-13 -8.3162e-13 5.4088e-13 4.3101e-13 -2.6085e-14 1.023e-13 -6.9155e-13 2.6944e-13 -6.9904e-13 -1.2023e-13 -4.0654e-14 1.2441e-13 -1.9014e-13 6.7986e-14 -3.0062e-15 1.1487e-13 -1.5279e-14 -1.0987e-14 -5.0064e-15
