9.5936e-11 8.8146e-11 8.5561e-11 7.9247e-11 6.8259e-11 7.8594e-11 9.8206e-11 6.7638e-11 8.6525e-11 6.9002e-11 8.2334e-11 8.1861e-11 7.9434e-11 7.1621e-11 6.7951e-11 6.6624e-11 6.4303e-11 6.8742e-11 5.4842e-11 6.7031e-11 4.9556e-11 5.6992e-11 6.1851e-11 5.5738e-11 5.1203e-11 4.3439e-11 3.5066e-11 4.5592e-11 3.6702e-11 2.9393e-11 2.2541e-11 4.6262e-11 2.4599e-11 2.93e-11 1.7945e-11 3.4806e-11 2.9916e-11 2.0857e-11 1.1039e-11 1.5618e-11 7.1141e-12 2.1881e-11 1.4648e-11 1.7877e-11 2.1007e-11 5.4508e-12 8.349e-12 1.3138e-11 9.4376e-12 2.6111e-12 4.3032e-12 4.4632e-12 6.007e-12 7.5913e-12 4.2072e-12 6.2499e-12 -9.8897e-12 7.4762e-12 1.3454e-12 -3.6477e-12 -4.5101e-12 -3.9451e-12 -2.3119e-12 -5.4277e-12 -3.7092e-12 2.6846e-13 -9.5965e-13 1.7232e-13 -7.12e-12 3.6456e-12 -4.2549e-12 2.6129e-12 -4.8212e-12 -8.0511e-12 -5.2825e-12 6.8564e-12 -7.2802e-12 -3.3954e-12 -1.0349e-12 -2.2456e-12 -5.2389e-12 -4.3934e-12 -5.9191e-12 5.5023e-12 -3.2553e-12 -3.907e-12 3.3487e-13 -2.9915e-12 2.7286e-12 1.0964e-12 2.255e-13 -4.959e-14 -1.8389e-12 -2.2523e-12 1.5101e-12 -1.0439e-12 -2.0874e-12 -1.9447e-13 -1.9928e-12 -3.1539e-12 2.8691e-13 -3.9331e-12 -8.4961e-13 5.8478e-12 6.5079e-12 -1.1542e-12 4.0027e-12 -2.1091e-12 3.9788e-13 2.1727e-12 -4.6991e-13 -3.0166e-12 3.3675e-13 3.5784e-12 3.6665e-13 -1.2023e-12 4.8509e-14 -2.3571e-13 1.318e-12 5.7788e-13 3.0754e-13 3.4319e-13 -1.5497e-13 1.8777e-13 -5.5477e-14 -3.7454e-14
8.8146e-11 1.0249e-10 8.4531e-11 7.9455e-11 7.043e-11 7.9396e-11 9.8043e-11 6.8141e-11 8.8599e-11 6.5277e-11 8.3854e-11 7.615e-11 8.47e-11 7.1805e-11 7.3604e-11 6.7669e-11 6.3931e-11 6.4824e-11 5.5026e-11 6.7924e-11 5.3036e-11 5.5375e-11 6.0166e-11 5.3241e-11 5.0852e-11 4.5733e-11 3.6444e-11 4.5056e-11 3.8804e-11 2.9088e-11 2.4664e-11 4.553e-11 2.4066e-11 3.0091e-11 1.9898e-11 3.7726e-11 2.955e-11 2.2169e-11 1.2496e-11 1.8562e-11 1.2695e-11 2.5578e-11 7.1472e-12 2.0577e-11 2.2657e-11 5.5221e-12 4.3825e-12 9.2558e-12 1.3999e-11 4.2316e-13 3.7796e-12 2.1494e-12 2.9275e-14 5.1772e-12 1.045e-12 7.0366e-13 -4.4842e-12 1.4687e-12 2.6959e-12 -9.7777e-12 2.4391e-14 -5.1722e-12 -5.4209e-12 -8.2589e-12 -4.7082e-12 -2.4226e-12 -4.1974e-12 1.1707e-13 -1.1687e-11 3.2396e-13 -4.4972e-12 1.2383e-12 -5.8505e-12 -6.1496e-12 -3.6953e-12 8.5769e-12 -3.0581e-12 -3.7296e-12 -2.3571e-12 -2.2506e-12 -4.2333e-12 -6.5536e-12 -6.1172e-12 5.9983e-12 -2.0427e-12 -6.0032e-12 -1.0427e-13 -3.8955e-12 5.0048e-13 8.0119e-13 7.4029e-13 4.7961e-13 -1.1535e-12 -2.9458e-12 1.7688e-12 -1.236e-12 -1.4574e-12 1.8911e-13 -3.2681e-12 -1.441e-12 3.2657e-13 -1.4985e-12 7.4121e-13 5.5184e-12 5.6822e-12 -6.7427e-13 4.4023e-12 -1.4624e-12 3.6479e-13 5.4462e-13 -3.5721e-13 -3.8867e-12 5.6085e-13 3.2377e-12 -1.9336e-13 -9.9627e-13 -1.942e-13 -1.5374e-13 1.8309e-12 5.5727e-13 5.315e-13 2.8555e-13 -1.4283e-13 3.5488e-13 -5.6872e-14 -1.6e-13
8.5561e-11 8.4531e-11 9.42e-11 7.2525e-11 6.7622e-11 7.4426e-11 9.0807e-11 6.4412e-11 8.4979e-11 6.6383e-11 8.1619e-11 7.6201e-11 7.9312e-11 7.2841e-11 6.7875e-11 6.1362e-11 6.4664e-11 6.6183e-11 5.222e-11 6.0696e-11 4.5397e-11 5.3999e-11 5.9697e-11 5.3747e-11 4.7031e-11 3.816e-11 3.3755e-11 4.3603e-11 3.4099e-11 2.6945e-11 2.2848e-11 4.351e-11 2.6753e-11 3.0134e-11 1.6866e-11 3.8784e-11 3.0421e-11 2.0771e-11 1.0776e-11 1.9489e-11 5.7917e-12 2.2835e-11 1.6917e-11 2.0471e-11 1.8231e-11 5.8982e-12 7.8227e-12 7.5022e-12 1.0174e-11 1.1499e-12 -1.493e-12 6.5324e-12 4.8259e-12 6.7264e-12 2.8498e-13 8.9436e-12 -5.5978e-12 5.5884e-12 3.8642e-12 -2.0596e-12 -3.5536e-12 -3.0883e-12 -3.0635e-12 -8.1941e-12 -3.3601e-12 -1.8891e-12 3.6346e-12 1.8616e-13 -6.3482e-12 1.9827e-12 -2.1453e-12 9.3546e-13 -5.5629e-12 -6.7143e-12 -2.6573e-12 6.319e-12 -4.8103e-12 -2.6063e-12 -4.0758e-13 -7.2245e-13 -4.3293e-12 -2.6228e-12 -5.1729e-12 5.7586e-12 -2.8087e-12 -3.896e-12 -1.9935e-12 -3.2347e-12 5.1429e-13 2.3321e-12 2.126e-12 3.6263e-12 -3.292e-13 -3.8796e-12 -7.0868e-13 7.5395e-13 -2.6325e-12 -4.6576e-14 -4.2214e-12 -1.1821e-12 4.6485e-13 -3.2534e-12 -1.3399e-12 5.0589e-12 4.3914e-12 4.9563e-13 4.0763e-12 3.1494e-13 1.5105e-12 7.0834e-13 4.2317e-14 -2.0578e-12 1.1566e-12 2.6923e-12 8.9368e-13 -3.2466e-13 3.2012e-13 3.1483e-13 1.1804e-12 7.8992e-13 4.8118e-13 3.1549e-13 -1.4993e-13 2.0726e-13 5.4362e-14 -1.5543e-13
7.9247e-11 7.9455e-11 7.2525e-11 8.5831e-11 6.2105e-11 6.9647e-11 8.9196e-11 6.5052e-11 7.6906e-11 6.035e-11 7.2553e-11 6.7762e-11 7.0678e-11 6.9e-11 5.888e-11 5.5622e-11 5.5501e-11 6.1956e-11 5.2767e-11 6.1095e-11 4.3927e-11 4.4732e-11 5.5244e-11 5.1588e-11 4.199e-11 4.0443e-11 3.095e-11 3.7123e-11 3.0032e-11 2.8989e-11 2.0261e-11 4.2185e-11 1.9782e-11 2.6233e-11 1.7587e-11 3.0805e-11 2.7033e-11 1.8074e-11 1.2004e-11 1.597e-11 1.1357e-11 1.7081e-11 1.2865e-11 1.9617e-11 1.7962e-11 7.5358e-12 4.772e-12 1.2948e-11 1.013e-11 2.5394e-12 2.5768e-12 8.0277e-12 3.0762e-12 6.1245e-12 2.1548e-12 6.7103e-12 -5.0627e-12 4.4943e-12 -2.6227e-12 -6.5568e-12 -5.5211e-12 4.643e-13 -2.8363e-12 -1.9941e-12 -3.8964e-12 2.88e-12 6.7807e-14 2.6406e-12 -7.6611e-12 -8.5213e-13 -2.1184e-12 8.1506e-15 -3.2404e-12 -9.2668e-12 -1.2913e-12 6.2177e-12 -6.4449e-12 -2.4694e-13 3.6379e-14 -1.1034e-12 -6.5878e-12 -5.7121e-12 -6.0254e-12 5.8479e-12 -3.1572e-12 -5.9485e-12 -2.0219e-13 -4.9974e-12 8.931e-13 1.881e-14 -2.2477e-12 1.8008e-12 -2.6789e-12 -1.5226e-12 1.0745e-12 -9.5501e-13 -1.0255e-12 2.3517e-14 -4.6197e-12 -3.0379e-12 -2.1697e-12 -1.3699e-12 -4.1114e-14 6.1636e-12 5.6053e-12 -1.7537e-12 4.881e-12 -8.2209e-13 1.5419e-13 2.1133e-12 -1.8213e-13 -3.1892e-12 3.5502e-13 2.641e-12 -4.7395e-13 -1.8408e-12 -2.1734e-14 7.0339e-14 1.4989e-12 3.3213e-13 3.0002e-13 2.226e-13 -1.7217e-13 2.3272e-13 -3.2657e-14 2.8663e-14
6.8259e-11 7.043e-11 6.7622e-11 6.2105e-11 6.6312e-11 6.1233e-11 7.6187e-11 5.37e-11 7.0327e-11 5.7922e-11 6.6512e-11 5.8526e-11 6.3643e-11 5.6205e-11 5.4118e-11 5.1529e-11 4.8181e-11 5.2751e-11 4.1829e-11 5.2246e-11 3.6244e-11 4.1099e-11 5.1628e-11 4.7933e-11 4.1866e-11 3.2511e-11 3.0407e-11 3.648e-11 2.7108e-11 2.2678e-11 2.0095e-11 3.4207e-11 1.5468e-11 2.2573e-11 1.3741e-11 2.9202e-11 2.1935e-11 1.4596e-11 9.4633e-12 1.4407e-11 8.8364e-12 1.9409e-11 1.1369e-11 1.3984e-11 1.8131e-11 4.9226e-12 4.4683e-12 1.0152e-11 9.9357e-12 -2.681e-12 -7.0071e-13 4.6533e-12 2.804e-12 1.5848e-12 3.0595e-13 3.0567e-12 -3.9686e-12 2.2733e-12 -7.9452e-13 -7.3064e-12 -3.4481e-12 -6.3198e-12 -4.8019e-12 -5.789e-12 -4.1986e-12 -1.1502e-12 3.7474e-12 1.0024e-13 -8.5983e-12 7.0524e-13 -4.5567e-12 -5.1143e-13 -6.0933e-12 -5.0093e-12 1.6538e-12 5.0488e-12 -3.126e-12 -3.2217e-12 1.6133e-12 -1.7471e-12 -5.3631e-12 -9.7048e-13 -6.2926e-12 6.7198e-12 -2.844e-12 -4.2031e-12 -1.0638e-12 -6.0921e-12 -8.069e-13 -3.7524e-13 2.5524e-13 2.1431e-12 -1.6384e-12 -3.8741e-12 9.4643e-13 3.4643e-14 -1.0701e-12 -5.7093e-13 -2.7688e-12 -4.909e-13 -1.0236e-12 -1.9181e-12 2.3417e-13 2.5193e-12 5.0844e-12 -1.6867e-12 3.4346e-12 -9.6071e-14 7.2424e-13 4.8545e-13 -7.6152e-13 -2.55e-12 8.2895e-13 2.6186e-12 2.0271e-13 -3.9433e-13 7.479e-13 -2.6405e-14 1.1998e-12 6.3121e-13 2.8916e-13 2.6824e-13 -1.2386e-13 1.276e-13 -6.9877e-14 -5.7718e-14
7.8594e-11 7.9396e-11 7.4426e-11 6.9647e-11 6.1233e-11 8.0186e-11 8.4007e-11 6.141e-11 7.9686e-11 6.1334e-11 7.1075e-11 6.5511e-11 6.904e-11 6.4584e-11 6.1452e-11 5.6341e-11 5.394e-11 5.8239e-11 4.6048e-11 5.4468e-11 4.4859e-11 4.5316e-11 5.0446e-11 4.8699e-11 4.2624e-11 4.007e-11 3.2514e-11 4.0494e-11 3.5265e-11 2.5209e-11 2.2015e-11 4.0043e-11 2.3313e-11 2.4342e-11 1.6629e-11 3.3679e-11 2.5246e-11 1.8626e-11 7.2432e-12 1.289e-11 1.1399e-11 2.0027e-11 1.1962e-11 1.3877e-11 2.0112e-11 7.5988e-12 4.0844e-12 7.9951e-12 1.0992e-11 2.6225e-12 -3.189e-13 6.1092e-12 3.7694e-12 5.4691e-12 1.6221e-12 1.2101e-12 -8.5368e-12 4.1024e-13 4.939e-13 -6.2633e-12 -7.8558e-13 7.2559e-13 -5.0665e-13 -8.3904e-12 -4.461e-12 -1.2608e-13 -1.1939e-12 -1.8787e-12 -7.4814e-12 -1.1223e-12 -5.9425e-12 -1.2468e-12 -2.9452e-12 -5.5674e-12 -9.3514e-13 3.3753e-12 -5.7179e-12 -2.2915e-12 -1.3611e-12 -1.5698e-12 -4.2018e-12 -2.564e-12 -3.9362e-12 5.3903e-12 -1.7478e-12 -5.1337e-12 -9.8011e-13 -1.6709e-12 3.3343e-12 1.2667e-12 1.1959e-12 9.165e-13 -9.0087e-14 -2.4196e-12 1.1728e-12 -3.6946e-13 -3.7183e-13 -1.868e-12 -1.1914e-12 -7.0447e-13 6.7524e-13 -6.1601e-13 -2.1848e-12 4.288e-12 4.3446e-12 -1.3352e-12 2.973e-12 -2.0175e-12 -5.4595e-14 1.539e-12 -1.1835e-12 -2.6828e-12 5.5647e-13 3.0327e-12 -6.5438e-14 -4.5784e-13 1.3632e-13 -4.1197e-13 1.021e-12 2.4505e-13 3.9604e-13 3.5897e-13 -1.3615e-13 3.0792e-13 -6.146e-15 -7.2075e-15
9.8206e-11 9.8043e-11 9.0807e-11 8.9196e-11 7.6187e-11 8.4007e-11 1.2353e-10 7.9658e-11 9.8623e-11 7.7525e-11 9.2831e-11 8.6734e-11 8.9148e-11 8.0651e-11 7.6608e-11 7.6448e-11 7.2346e-11 7.7513e-11 6.3137e-11 7.6847e-11 5.6843e-11 5.9672e-11 6.5249e-11 6.8503e-11 5.9765e-11 4.9548e-11 4.1174e-11 5.0012e-11 4.3907e-11 3.4455e-11 2.9962e-11 4.7111e-11 2.6192e-11 3.5335e-11 2.1005e-11 3.8088e-11 3.0567e-11 2.1901e-11 1.7399e-11 1.9989e-11 1.2702e-11 2.2761e-11 1.4525e-11 2.0713e-11 2.1204e-11 7.1271e-12 1.0864e-11 1.1338e-11 1.0974e-11 2.7714e-12 9.2521e-13 9.5273e-13 2.9089e-12 1.0294e-11 2.7703e-12 4.0345e-12 -5.6816e-12 6.2649e-12 1.9488e-12 -8.867e-12 -4.1349e-12 -2.9146e-12 -1.758e-12 -4.9435e-12 -7.1879e-12 8.3937e-13 1.3578e-12 -3.4975e-12 -4.1708e-12 5.3647e-12 -1.9643e-12 -2.7017e-13 -5.351e-12 -8.7071e-12 -1.1283e-13 5.5959e-12 -3.1027e-12 -5.9146e-12 -9.8295e-13 -3.2407e-12 -5.7458e-12 -6.5272e-12 -8.4151e-12 6.7638e-12 -4.2045e-12 -6.961e-12 -6.8556e-13 -3.3031e-12 -6.6405e-13 -5.8929e-13 -1.4897e-13 -5.4952e-13 -1.8611e-12 -4.6725e-12 1.4175e-12 -6.3029e-13 -1.7407e-12 -1.2951e-12 -2.1039e-12 -1.3044e-12 -5.681e-13 -2.268e-12 -1.2825e-12 3.193e-12 6.7367e-12 -9.1767e-13 4.71e-12 -2.6759e-12 1.8111e-12 3.0293e-12 -3.8387e-13 -3.2694e-12 1.3239e-12 4.5328e-12 -3.2716e-13 -1.5674e-12 -3.7796e-13 -8.3673e-13 1.9909e-12 5.7928e-13 4.4716e-13 3.6919e-13 -1.9808e-13 1.9256e-13 -3.2095e-14 -9.7526e-14
6.7638e-11 6.8141e-11 6.4412e-11 6.5052e-11 5.37e-11 6.141e-11 7.9658e-11 6.4392e-11 6.5163e-11 5.4365e-11 6.5868e-11 6.2342e-11 5.9601e-11 5.8138e-11 5.0391e-11 5.2546e-11 4.8073e-11 5.2741e-11 4.2992e-11 5.3898e-11 3.9616e-11 4.1254e-11 4.7839e-11 4.5802e-11 4.2681e-11 3.4088e-11 3.0298e-11 3.4658e-11 2.9391e-11 2.1323e-11 1.9244e-11 3.408e-11 2.0291e-11 2.3781e-11 1.5456e-11 3.059e-11 1.9918e-11 2.1738e-11 1.3802e-11 1.3632e-11 1.0398e-11 1.3198e-11 1.3038e-11 1.3362e-11 1.323e-11 6.508e-12 6.6612e-12 9.7894e-12 6.4081e-12 2.1954e-12 -6.0937e-13 3.2703e-12 2.8076e-12 8.076e-12 2.1236e-12 4.5216e-13 -4.7061e-12 4.8584e-12 -8.6492e-13 -1.4615e-12 -3.353e-12 -4.342e-13 3.5161e-15 -2.7455e-12 -4.6262e-12 4.3622e-13 -5.555e-13 5.6281e-13 -5.7807e-12 2.8613e-12 -3.7471e-12 -8.2121e-13 -4.3179e-12 -5.7525e-12 -4.5825e-13 4.4493e-12 -3.9973e-12 -3.0825e-12 -1.9476e-12 -7.8216e-13 -4.6616e-12 -2.5406e-12 -5.3843e-12 2.5978e-12 -3.9338e-12 -4.9122e-12 -1.4862e-12 -1.9468e-12 -1.3652e-12 -1.721e-12 -4.5286e-13 1.9933e-12 2.3031e-13 -3.6673e-12 8.7497e-13 -6.1348e-13 -8.2152e-13 -1.014e-12 -1.8254e-12 -1.708e-12 -3.7504e-13 -1.9749e-12 -5.2188e-14 2.4967e-12 4.29e-12 -1.1059e-12 3.6929e-12 -1.5053e-12 6.2762e-13 1.1568e-12 5.6702e-13 -2.7961e-12 5.9148e-13 2.9257e-12 -6.1968e-13 -1.0597e-12 -1.4139e-13 -5.11e-13 1.0928e-12 3.7673e-13 3.5796e-13 2.1054e-13 -1.3457e-13 1.4049e-13 1.4905e-14 -7.6357e-14
8.6525e-11 8.8599e-11 8.4979e-11 7.6906e-11 7.0327e-11 7.9686e-11 9.8623e-11 6.5163e-11 9.9433e-11 7.1839e-11 8.3008e-11 7.427e-11 8.1216e-11 7.424e-11 7.5971e-11 6.4339e-11 6.47e-11 7.1676e-11 5.6423e-11 6.4331e-11 4.7204e-11 5.163e-11 5.9944e-11 5.9175e-11 4.7363e-11 4.2828e-11 3.7917e-11 4.6554e-11 3.9074e-11 2.8967e-11 2.3987e-11 4.4656e-11 2.1886e-11 2.8868e-11 2.0099e-11 3.6724e-11 2.8415e-11 2.0328e-11 1.1635e-11 1.4169e-11 1.0174e-11 1.8417e-11 1.2693e-11 2.2527e-11 2.4956e-11 9.62e-12 8.9056e-12 7.2488e-12 9.9207e-12 1.9458e-12 -1.8875e-13 4.1367e-12 3.7359e-12 6.5903e-12 1.3814e-12 4.4165e-12 -5.7488e-12 6.0663e-12 5.9256e-13 -8.4571e-12 -3.8733e-12 -3.2051e-13 -2.6569e-12 -6.6447e-12 -3.1367e-12 -9.6891e-13 1.8891e-12 -2.4769e-12 -8.7509e-12 -2.0456e-13 -2.4441e-12 -7.9868e-13 -6.2666e-12 -7.9106e-12 8.0177e-14 5.7448e-12 -2.7152e-12 -1.2256e-12 -1.5006e-12 -4.1872e-12 -5.666e-12 -2.8745e-12 -6.7564e-12 6.93e-12 -4.8e-12 -6.8588e-12 -2.6649e-12 -3.8534e-12 2.4221e-12 2.8429e-13 3.3473e-13 1.6475e-12 -7.2533e-13 -1.3552e-12 3.8328e-13 -6.1475e-13 2.0182e-13 -1.4133e-12 -4.7395e-12 -5.2739e-13 7.8236e-13 -1.5015e-14 -1.4915e-12 4.6348e-12 4.1693e-12 -1.378e-12 3.8282e-12 -9.0466e-13 1.8469e-12 2.232e-12 -6.6253e-13 -3.2207e-12 8.9469e-13 3.6412e-12 2.9444e-13 -3.3761e-13 -1.7511e-13 -1.076e-13 1.6133e-12 4.8337e-13 4.6432e-13 1.9164e-13 -1.7918e-13 2.4222e-13 -7.0915e-15 -1.7539e-13
6.9002e-11 6.5277e-11 6.6383e-11 6.035e-11 5.7922e-11 6.1334e-11 7.7525e-11 5.4365e-11 7.1839e-11 6.7578e-11 6.6763e-11 5.9927e-11 6.3136e-11 5.3419e-11 5.3304e-11 5.5573e-11 5.1595e-11 5.29e-11 4.4682e-11 5.2378e-11 3.616e-11 4.1884e-11 4.8123e-11 4.9743e-11 4.3618e-11 3.5321e-11 3.1461e-11 3.5888e-11 2.6995e-11 2.4141e-11 1.8337e-11 3.5679e-11 1.6483e-11 2.5257e-11 1.4708e-11 2.5367e-11 2.2882e-11 1.2354e-11 1.21e-11 9.9245e-12 7.0511e-12 1.2371e-11 1.3078e-11 1.4631e-11 1.8538e-11 5.9314e-12 8.5109e-12 8.2139e-12 6.6279e-12 1.0626e-12 -1.0372e-12 3.4151e-12 6.0388e-12 8.1959e-12 -5.805e-13 5.9237e-12 -7.3872e-12 5.286e-12 -2.8554e-12 -4.2664e-12 -2.9287e-12 -2.9521e-12 -1.555e-12 -2.5108e-12 -1.1984e-12 1.3882e-13 1.3978e-12 -2.1161e-12 -6.1888e-12 9.0961e-13 -3.9216e-12 -1.2238e-12 -5.1078e-12 -7.6666e-12 -1.0264e-12 6.1091e-12 -3.7362e-12 -3.1814e-12 6.6951e-13 -2.409e-12 -4.1091e-12 9.4103e-14 -4.005e-12 7.3024e-12 -3.4789e-12 -5.898e-12 -1.6076e-12 -3.6635e-12 5.3262e-13 -4.7833e-13 1.5354e-12 -3.4747e-13 3.4013e-14 -2.9849e-12 1.7389e-12 -1.5948e-12 5.6454e-13 -8.2632e-13 -2.0835e-12 -1.1383e-12 9.1974e-13 -6.7117e-13 -2.474e-12 1.1315e-12 5.3316e-12 -2.3633e-12 3.4986e-12 -2.9727e-13 8.9448e-13 2.0413e-12 1.2528e-13 -2.6496e-12 9.3926e-13 2.955e-12 2.0517e-13 -3.8043e-13 -2.6683e-14 -5.4153e-14 1.2353e-12 4.7301e-13 3.558e-13 3.0838e-13 -1.4848e-13 1.2709e-13 -9.1755e-14 -2.9922e-14
8.2334e-11 8.3854e-11 8.1619e-11 7.2553e-11 6.6512e-11 7.1075e-11 9.2831e-11 6.5868e-11 8.3008e-11 6.6763e-11 9.2029e-11 7.3488e-11 7.7758e-11 6.7151e-11 6.6621e-11 6.1818e-11 6.0229e-11 6.5328e-11 5.3168e-11 6.1455e-11 4.4184e-11 5.3264e-11 5.8879e-11 5.6757e-11 4.9895e-11 4.0088e-11 3.672e-11 4.407e-11 3.2834e-11 2.8597e-11 2.6457e-11 4.0962e-11 2.3418e-11 3.0984e-11 1.8078e-11 3.5334e-11 2.4756e-11 2.0376e-11 1.3835e-11 1.7498e-11 8.216e-12 1.7526e-11 1.1198e-11 1.8262e-11 2.2295e-11 6.8618e-12 1.0668e-11 1.2113e-11 7.6917e-12 2.939e-13 -1.7736e-12 4.6398e-12 6.1552e-12 6.013e-12 8.4368e-13 2.0157e-12 -6.8635e-12 4.7228e-12 9.8406e-13 -5.4378e-12 -3.534e-12 -5.4198e-12 -2.9964e-12 -7.0241e-12 -3.7877e-12 1.7567e-12 -5.7691e-13 1.298e-13 -6.5055e-12 7.5492e-13 -1.1337e-12 -1.3608e-12 -5.5527e-12 -8.2266e-12 1.4811e-13 5.987e-12 -4.0887e-12 -2.9702e-12 -5.5429e-13 -4.6561e-12 -5.0801e-12 -2.6028e-12 -6.8651e-12 6.3017e-12 -4.9196e-12 -5.4292e-12 -8.4096e-13 -4.969e-12 -2.641e-12 -1.2417e-12 1.121e-12 -9.5243e-13 2.939e-13 -5.3133e-12 2.7534e-12 4.8068e-13 -1.7125e-12 8.0899e-14 -3.2013e-12 -2.4285e-14 -1.0657e-12 -2.5852e-12 -1.5134e-12 3.8989e-12 6.2184e-12 -2.0432e-13 4.0775e-12 -3.3544e-13 1.2242e-12 1.5856e-12 2.729e-13 -1.9783e-12 1.3326e-12 3.3526e-12 -2.7621e-13 -1.5467e-13 -5.6461e-13 -3.0612e-14 1.2539e-12 5.6405e-13 5.2112e-13 3.3753e-13 -1.6852e-13 1.2803e-13 3.0356e-14 -1.0565e-13
8.1861e-11 7.615e-11 7.6201e-11 6.7762e-11 5.8526e-11 6.5511e-11 8.6734e-11 6.2342e-11 7.427e-11 5.9927e-11 7.3488e-11 8.482e-11 6.7462e-11 6.4297e-11 5.9757e-11 5.6181e-11 5.7591e-11 5.735e-11 5.2479e-11 6.2049e-11 4.4159e-11 5.4911e-11 5.4127e-11 5.0727e-11 5.0642e-11 3.8219e-11 3.2959e-11 4.0325e-11 3.2616e-11 2.2038e-11 2.2298e-11 4.3049e-11 2.1586e-11 2.6859e-11 1.2803e-11 3.5038e-11 2.8866e-11 2.2575e-11 1.2312e-11 1.3925e-11 7.3208e-12 1.804e-11 1.4172e-11 1.7743e-11 1.672e-11 6.3606e-12 6.5923e-12 1.081e-11 8.7069e-12 1.9213e-13 4.157e-12 3.0359e-12 5.0085e-12 6.59e-12 3.9987e-12 6.3363e-12 -3.777e-12 7.8063e-12 2.5428e-12 -1.8312e-13 -3.1172e-12 -6.4435e-12 -3.8503e-13 -5.393e-12 -3.8424e-12 1.6316e-12 -1.3294e-12 1.4014e-12 -7.3233e-12 3.2955e-12 -1.1195e-12 5.3493e-12 -3.6465e-12 -6.0249e-12 -6.0706e-12 4.4237e-12 -8.5682e-12 -4.0992e-12 -1.9744e-12 -7.7894e-13 -2.4902e-12 -1.666e-12 -7.1773e-12 3.9421e-12 -5.7009e-12 -1.6103e-12 6.7677e-13 -3.3884e-12 8.0238e-13 6.8714e-13 -1.6001e-12 -1.2277e-12 3.5637e-13 -2.7978e-12 -2.5184e-14 -2.143e-12 -3.5735e-12 2.4678e-13 -2.1658e-12 -1.3215e-12 -8.8633e-13 -3.7326e-12 -1.0402e-12 4.2047e-12 6.4178e-12 -3.2685e-13 4.0543e-12 -5.9381e-13 1.7816e-12 3.2396e-12 1.206e-12 -1.8393e-12 1.093e-12 3.3778e-12 7.1248e-13 -5.4903e-13 2.4789e-13 -3.6025e-13 1.4219e-12 8.9395e-13 3.149e-13 3.0696e-13 -1.865e-13 1.941e-13 -2.2628e-14 -8.1014e-14
7.9434e-11 8.47e-11 7.9312e-11 7.0678e-11 6.3643e-11 6.904e-11 8.9148e-11 5.9601e-11 8.1216e-11 6.3136e-11 7.7758e-11 6.7462e-11 8.699e-11 6.4748e-11 6.6885e-11 6.0378e-11 6.1768e-11 6.3244e-11 5.1837e-11 6.0456e-11 4.3525e-11 5.0855e-11 5.6041e-11 5.1961e-11 4.6846e-11 4.0867e-11 3.2228e-11 4.0312e-11 3.1147e-11 2.8396e-11 2.5071e-11 4.4573e-11 2.1133e-11 2.902e-11 2.0314e-11 3.2863e-11 2.6565e-11 1.9573e-11 1.2088e-11 1.3501e-11 7.5383e-12 1.9214e-11 9.7256e-12 1.8706e-11 2.0293e-11 6.3749e-12 6.8123e-12 1.1628e-11 1.144e-11 6.5292e-12 -7.8512e-13 3.6371e-12 2.4041e-12 7.3971e-12 -3.7262e-12 8.4135e-12 -3.4081e-12 -9.4249e-13 3.7844e-12 -6.4543e-12 -2.8802e-12 -5.6258e-12 -1.6491e-12 -7.0723e-12 -3.6049e-12 -3.7726e-12 1.655e-12 3.0813e-13 -3.6273e-12 2.2914e-12 -2.4559e-12 1.2503e-12 -6.6499e-12 -9.4929e-12 -3.1458e-12 7.8915e-12 -3.0792e-12 -2.4279e-12 7.6258e-13 -4.8723e-12 -5.8992e-12 -3.7893e-12 -3.9947e-12 6.6395e-12 -2.3311e-12 -4.82e-12 1.3638e-12 -6.3874e-12 -2.331e-13 1.0312e-12 3.6609e-12 9.8588e-13 8.191e-13 -3.5861e-12 2.4034e-12 4.5672e-13 -4.5796e-13 2.1748e-12 -3.5526e-12 -5.3985e-13 8.4851e-13 -1.516e-12 -1.2853e-12 4.1494e-12 5.152e-12 -6.7596e-13 3.4013e-12 4.7213e-13 2.914e-13 4.7402e-13 -1.2186e-12 -2.7206e-12 9.8935e-13 3.3087e-12 2.6507e-14 -9.1771e-13 3.5728e-13 -1.2994e-13 1.2085e-12 5.5658e-13 4.5908e-13 4.1609e-13 -1.9046e-13 1.9579e-13 -7.416e-14 -1.7412e-13
7.1621e-11 7.1805e-11 7.2841e-11 6.9e-11 5.6205e-11 6.4584e-11 8.0651e-11 5.8138e-11 7.424e-11 5.3419e-11 6.7151e-11 6.4297e-11 6.4748e-11 7.6166e-11 5.7909e-11 5.0082e-11 5.4306e-11 5.7889e-11 4.6295e-11 5.3672e-11 3.8076e-11 4.3369e-11 4.7833e-11 4.9066e-11 3.5254e-11 3.4072e-11 2.8481e-11 3.4919e-11 2.8734e-11 2.34e-11 2.058e-11 3.9176e-11 1.8483e-11 2.0294e-11 1.4492e-11 3.0467e-11 2.3777e-11 2.1762e-11 1.1077e-11 1.4808e-11 5.298e-12 1.992e-11 1.2965e-11 1.8118e-11 1.3225e-11 9.1185e-12 7.6608e-12 5.7256e-12 9.594e-12 -8.9264e-13 2.8125e-12 4.209e-12 3.382e-12 5.7341e-12 1.3878e-12 4.5118e-12 -5.2636e-12 5.6451e-12 3.6349e-13 -8.2407e-13 -2.9086e-12 -3.9115e-13 -2.1984e-12 -4.7439e-12 -2.8905e-12 9.1751e-13 3.922e-12 -7.5812e-13 -6.0395e-12 -1.6571e-12 -3.8455e-12 -2.6476e-12 -4.2842e-12 -6.4547e-12 -2.5175e-12 3.1537e-12 -7.4215e-12 -1.6135e-12 -2.6208e-12 -8.756e-13 -4.4104e-12 -4.51e-12 -6.588e-12 3.1738e-12 -4.7856e-12 -5.3643e-12 -2.4687e-12 -5.3003e-12 4.5595e-13 1.7162e-12 -8.1893e-13 3.0089e-12 -1.51e-12 -3.2749e-12 1.7769e-12 1.2373e-12 -2.0637e-12 -4.5074e-13 -3.3532e-12 -2.1158e-12 -8.1735e-13 -2.1114e-12 1.1475e-12 4.2499e-12 2.834e-12 -3.8526e-13 4.2927e-12 -1.2255e-12 9.1112e-13 3.7072e-13 9.4819e-13 -2.8599e-12 3.0991e-13 1.0558e-12 -2.1008e-13 -1.5112e-12 6.9858e-13 3.6666e-13 1.4515e-12 2.6879e-13 3.2093e-13 1.6679e-13 -1.2032e-13 2.3367e-13 2.5207e-14 -6.4097e-14
6.7951e-11 7.3604e-11 6.7875e-11 5.888e-11 5.4118e-11 6.1452e-11 7.6608e-11 5.0391e-11 7.5971e-11 5.3304e-11 6.6621e-11 5.9757e-11 6.6885e-11 5.7909e-11 6.8301e-11 4.8873e-11 5.2954e-11 5.5392e-11 4.2806e-11 5.0174e-11 3.9911e-11 4.4187e-11 5.0743e-11 4.6335e-11 3.8544e-11 3.5585e-11 2.778e-11 3.7699e-11 3.3031e-11 2.2728e-11 2.1115e-11 3.6248e-11 1.833e-11 2.2663e-11 1.7084e-11 2.8532e-11 2.4362e-11 1.6373e-11 7.7704e-12 1.4021e-11 8.8296e-12 1.6377e-11 9.0699e-12 1.891e-11 1.7659e-11 1.0353e-11 5.2183e-12 7.6835e-12 1.0329e-11 3.4125e-13 6.3014e-13 4.2087e-12 2.7031e-12 5.1744e-12 1.0383e-12 1.4138e-12 -1.2674e-13 2.8535e-12 3.0587e-12 -5.5379e-12 -1.4317e-12 -2.2269e-12 -2.2132e-12 -8.9244e-12 -2.4751e-12 -1.8902e-12 3.164e-13 -3.2029e-12 -7.0035e-12 -1.1578e-12 -2.0382e-12 9.4345e-13 -4.4441e-12 -8.1238e-12 -3.1061e-13 7.3001e-12 -1.5517e-12 -4.7627e-12 -2.8146e-13 -3.7612e-12 -4.2855e-12 -3.2694e-12 -6.2006e-12 6.1778e-12 -4.9406e-12 -4.0664e-12 -2.7224e-12 -2.3332e-12 7.6286e-13 1.8502e-12 4.839e-13 9.7045e-13 1.9357e-12 -5.7982e-13 -8.2808e-14 -7.6318e-15 -6.826e-13 -9.0497e-13 -2.844e-12 -3.65e-13 3.2001e-13 -1.1218e-12 -4.2052e-13 3.7891e-12 3.7784e-12 7.3238e-13 2.7677e-12 -1.9733e-13 1.76e-12 1.2555e-12 2.8697e-13 -2.1884e-12 1.1472e-12 2.995e-12 5.1019e-13 -2.195e-13 -4.3901e-13 3.8007e-13 1.1422e-12 5.5566e-13 3.9149e-13 2.2086e-13 -1.4925e-13 2.0662e-13 9.6777e-15 -1.2697e-13
6.6624e-11 6.7669e-11 6.1362e-11 5.5622e-11 5.1529e-11 5.6341e-11 7.6448e-11 5.2546e-11 6.4339e-11 5.5573e-11 6.1818e-11 5.6181e-11 6.0378e-11 5.0082e-11 4.8873e-11 6.2467e-11 4.7512e-11 4.5619e-11 4.1624e-11 5.0103e-11 3.6047e-11 3.9295e-11 4.2561e-11 4.3047e-11 4.156e-11 3.2128e-11 2.9129e-11 3.8196e-11 2.4256e-11 2.3414e-11 1.4184e-11 3.509e-11 1.7139e-11 2.0868e-11 1.3363e-11 2.1948e-11 1.7342e-11 1.4319e-11 1.2474e-11 1.169e-11 9.5175e-12 1.8655e-11 8.3072e-12 1.1955e-11 1.4556e-11 4.7676e-12 8.1886e-12 7.2169e-12 4.858e-12 3.0404e-12 -1.342e-12 -2.1447e-12 1.1693e-13 9.9285e-12 -4.9341e-14 2.653e-13 -7.8469e-12 5.2497e-12 -4.7589e-13 -5.2558e-12 -1.8531e-12 -2.7136e-12 -2.2322e-12 -3.2062e-12 -3.6447e-12 -1.2576e-12 -1.7138e-12 -6.7651e-13 -6.4376e-12 5.5704e-12 -1.1844e-12 -1.764e-12 -6.4149e-12 -5.6656e-12 -2.9206e-12 5.6808e-12 -9.6453e-13 -2.6849e-12 -1.0776e-12 -1.831e-12 -2.8077e-12 -2.4149e-12 -5.3123e-12 4.8873e-12 2.4906e-13 -4.9334e-12 2.6855e-13 -2.9608e-12 7.0143e-13 -1.8076e-12 -2.7581e-13 -4.3946e-13 -2.7375e-12 -5.2144e-12 1.236e-12 -1.3743e-12 1.2829e-13 -3.045e-13 -2.1978e-12 -1.6116e-12 2.4666e-12 -1.9999e-12 1.0669e-14 2.1404e-12 4.721e-12 -6.4596e-13 2.4769e-12 -6.9116e-13 6.6302e-13 1.2766e-12 -6.9496e-13 -1.8675e-12 1.5193e-13 2.6804e-12 -3.9367e-13 -1.3046e-12 -1.9259e-14 -2.7891e-13 1.3217e-12 2.7205e-13 4.7814e-13 2.2708e-13 -1.9357e-13 1.7579e-13 -8.6701e-14 -7.0328e-14
6.4303e-11 6.3931e-11 6.4664e-11 5.5501e-11 4.8181e-11 5.394e-11 7.2346e-11 4.8073e-11 6.47e-11 5.1595e-11 6.0229e-11 5.7591e-11 6.1768e-11 5.4306e-11 5.2954e-11 4.7512e-11 6.3701e-11 5.0839e-11 3.9836e-11 5.0081e-11 3.5932e-11 4.136e-11 4.4888e-11 4.8889e-11 3.4212e-11 3.7171e-11 2.5639e-11 3.0498e-11 2.8869e-11 2.0245e-11 2.0772e-11 3.1466e-11 1.6863e-11 2.0323e-11 1.7116e-11 2.6857e-11 2.0303e-11 1.5206e-11 1.1358e-11 8.0048e-12 3.8977e-12 1.651e-11 1.0241e-11 1.5088e-11 1.6965e-11 4.2724e-12 5.4658e-12 4.8862e-12 7.222e-12 4.4019e-12 2.0787e-12 3.8082e-12 3.0759e-14 7.5701e-12 -7.7492e-14 7.4327e-12 -2.3342e-12 8.9886e-12 5.0966e-13 -1.5207e-13 3.3172e-13 -4.0351e-12 -2.6953e-12 -3.8709e-12 -2.9483e-12 -2.9052e-12 4.3472e-13 -1.8654e-12 -5.1423e-12 -1.7562e-13 -2.0771e-12 2.7533e-12 -6.0291e-12 -6.8731e-12 -4.0437e-12 3.7581e-12 -2.5641e-12 -4.1965e-12 -8.1433e-13 -1.4411e-12 -3.2027e-12 -4.4619e-12 -6.7248e-12 4.3952e-12 -3.6171e-12 -3.1804e-12 -1.8619e-12 -3.5119e-12 2.2905e-13 3.3712e-12 2.5555e-12 9.9798e-13 -1.3589e-12 7.7366e-13 -3.915e-13 -7.8452e-13 -1.2442e-12 -9.3641e-13 -3.7414e-12 -2.8501e-12 1.7787e-12 -4.0856e-13 -2.8473e-12 3.7437e-12 3.8322e-12 -7.6232e-13 2.708e-12 -4.5895e-13 9.9321e-13 1.2175e-12 3.4467e-14 -2.4091e-12 8.6983e-13 1.2423e-12 3.5074e-13 -7.3536e-13 1.5458e-14 1.0285e-14 1.1859e-12 4.2243e-13 3.0095e-13 2.2617e-13 -1.3028e-13 1.267e-13 -4.0881e-14 -6.6039e-14
6.8742e-11 6.4824e-11 6.6183e-11 6.1956e-11 5.2751e-11 5.8239e-11 7.7513e-11 5.2741e-11 7.1676e-11 5.29e-11 6.5328e-11 5.735e-11 6.3244e-11 5.7889e-11 5.5392e-11 4.5619e-11 5.0839e-11 6.8784e-11 4.1322e-11 5.1872e-11 3.7473e-11 4.1131e-11 4.9852e-11 4.6844e-11 3.6649e-11 3.3932e-11 2.988e-11 3.335e-11 3.0588e-11 2.0523e-11 2.2595e-11 3.1793e-11 1.6897e-11 2.4693e-11 1.8618e-11 2.7346e-11 2.018e-11 1.7339e-11 8.9449e-12 1.2487e-11 8.6832e-12 1.2269e-11 1.3985e-11 1.8581e-11 1.903e-11 7.9271e-12 8.9788e-12 9.731e-12 6.6486e-12 8.1587e-13 7.9957e-13 5.7146e-12 6.674e-12 4.3185e-12 2.2484e-12 4.8198e-12 -5.8404e-12 3.4712e-12 -7.7814e-13 -4.9761e-12 -3.7242e-12 6.4132e-13 -2.3177e-12 -3.9386e-12 -1.6532e-12 3.2287e-14 2.5791e-12 5.0363e-13 -4.9257e-12 2.6099e-12 -3.2859e-12 2.3598e-13 -6.0882e-12 -7.5615e-12 -6.8195e-13 6.8835e-12 1.1625e-12 -8.9204e-13 4.0152e-13 -4.2553e-12 -5.9705e-12 -1.819e-12 -3.4636e-12 5.5469e-12 -5.1305e-12 -3.3618e-12 -2.588e-12 -3.7836e-12 -4.0452e-13 1.0519e-12 1.8301e-12 2.3903e-12 5.6107e-13 -9.8322e-15 5.1027e-13 1.7124e-12 -7.6909e-13 -3.7418e-13 -1.2435e-12 -2.3143e-12 -2.1796e-12 -2.5231e-12 -1.0466e-12 4.537e-12 3.1438e-12 -1.9932e-13 3.0061e-12 -1.4022e-12 -8.7714e-14 2.9342e-13 -1.2163e-12 -2.8995e-12 6.0542e-13 3.2329e-12 -4.4345e-13 -8.0684e-13 4.2576e-13 8.0495e-14 6.9136e-13 7.0935e-13 3.2645e-13 2.4957e-13 -8.6584e-14 9.4718e-14 1.3695e-14 -1.7839e-13
5.4842e-11 5.5026e-11 5.222e-11 5.2767e-11 4.1829e-11 4.6048e-11 6.3137e-11 4.2992e-11 5.6423e-11 4.4682e-11 5.3168e-11 5.2479e-11 5.1837e-11 4.6295e-11 4.2806e-11 4.1624e-11 3.9836e-11 4.1322e-11 4.6292e-11 4.2732e-11 2.9191e-11 3.316e-11 3.899e-11 3.6446e-11 3.2327e-11 2.636e-11 2.302e-11 2.8966e-11 2.1186e-11 1.9342e-11 1.3573e-11 3.4372e-11 1.4545e-11 2.3168e-11 1.0995e-11 2.2107e-11 1.8808e-11 1.5662e-11 1.0723e-11 1.0405e-11 8.0644e-12 9.0796e-12 6.295e-12 1.504e-11 1.3825e-11 5.0826e-12 4.9973e-12 6.8033e-12 6.8177e-12 1.1127e-12 -3.3493e-13 9.0831e-13 1.3319e-12 6.5917e-12 2.3429e-12 4.8761e-12 -2.5924e-12 3.6813e-12 3.8184e-13 -5.5921e-12 -1.6515e-12 -2.538e-12 -7.4638e-13 -5.3383e-13 -2.6846e-12 1.6385e-12 -1.5047e-12 1.1589e-12 -6.3543e-12 1.0155e-12 9.8916e-13 -7.5793e-13 -4.3572e-12 -7.0466e-12 -3.9808e-12 4.1728e-12 -5.9367e-12 -5.408e-13 -6.1683e-15 -2.4495e-12 -2.6326e-12 -2.1532e-12 -5.1022e-12 4.3156e-12 -3.5131e-12 -4.4149e-12 1.4593e-12 -3.2542e-12 -3.0238e-13 -1.5e-14 -2.0654e-12 -1.5598e-12 -1.0198e-12 -2.2414e-12 1.4935e-12 -2.4977e-12 -3.0629e-13 5.8269e-13 -2.4841e-12 -6.6834e-13 1.2806e-12 -5.8098e-13 -9.3231e-13 2.8877e-12 3.7497e-12 -4.2707e-14 2.7669e-12 6.4808e-13 7.8379e-13 2.1069e-12 9.8934e-13 -2.0711e-12 4.3238e-13 1.982e-12 -1.0771e-13 -3.5913e-13 -5.8112e-13 -1.499e-13 9.5952e-13 1.5618e-13 1.2708e-13 1.0641e-13 -1.9149e-13 1.4047e-13 -3.9025e-14 -1.0713e-13
6.7031e-11 6.7924e-11 6.0696e-11 6.1095e-11 5.2246e-11 5.4468e-11 7.6847e-11 5.3898e-11 6.4331e-11 5.2378e-11 6.1455e-11 6.2049e-11 6.0456e-11 5.3672e-11 5.0174e-11 5.0103e-11 5.0081e-11 5.1872e-11 4.2732e-11 5.9337e-11 3.9058e-11 4.1966e-11 4.6655e-11 4.5745e-11 4.0193e-11 3.3569e-11 2.7984e-11 2.9901e-11 2.7613e-11 2.0934e-11 1.9037e-11 3.111e-11 1.3235e-11 2.4316e-11 1.6354e-11 2.7044e-11 1.7834e-11 1.9748e-11 1.1053e-11 1.3425e-11 7.5938e-12 1.5603e-11 8.6805e-12 1.5949e-11 1.5381e-11 2.8016e-12 4.1838e-12 1.1044e-11 5.8343e-12 9.7051e-13 2.8853e-12 4.9492e-12 3.4847e-12 4.3912e-12 1.1245e-12 4.7967e-12 -4.0663e-12 2.8973e-12 2.9111e-13 -3.7735e-12 -2.6613e-12 -2.8987e-12 -3.7371e-12 -3.7609e-12 -3.0881e-12 -1.3455e-13 -4.7735e-13 1.3862e-12 -7.9224e-12 4.0728e-12 -2.7629e-12 2.5348e-12 -4.4867e-12 -6.3464e-12 -4.5015e-12 6.1012e-12 -3.2796e-12 -1.7323e-12 -1.7247e-12 -1.4876e-12 -2.7886e-12 -2.722e-12 -4.9036e-12 5.4111e-12 -5.5292e-12 -2.2007e-12 -3.1163e-14 -4.122e-12 -8.0286e-13 -1.7445e-12 1.0069e-12 9.9983e-14 -3.7378e-13 -9.8198e-13 7.2218e-13 -1.4189e-12 -1.7985e-12 -3.0621e-13 -3.0938e-12 -2.5468e-12 -6.0493e-13 -2.7017e-12 -1.808e-12 3.2211e-12 4.4367e-12 -8.4303e-13 3.7631e-12 -1.124e-12 7.6902e-13 1.3996e-12 -1.5323e-13 -2.3363e-12 1.1778e-12 2.6242e-12 -2.4534e-13 -1.0901e-12 1.4576e-13 -4.8295e-13 1.3733e-12 2.9346e-13 5.246e-13 1.8864e-13 -1.2903e-13 1.707e-13 -7.2786e-14 -9.9827e-14
4.9556e-11 5.3036e-11 4.5397e-11 4.3927e-11 3.6244e-11 4.4859e-11 5.6843e-11 3.9616e-11 4.7204e-11 3.616e-11 4.4184e-11 4.4159e-11 4.3525e-11 3.8076e-11 3.9911e-11 3.6047e-11 3.5932e-11 3.7473e-11 2.9191e-11 3.9058e-11 3.8927e-11 2.9448e-11 3.1053e-11 3.0513e-11 3.0862e-11 2.473e-11 1.8981e-11 2.3265e-11 2.2904e-11 1.712e-11 1.6263e-11 2.5319e-11 1.3358e-11 1.6692e-11 1.3149e-11 2.0955e-11 2.1769e-11 1.6239e-11 7.0897e-12 8.4084e-12 7.7227e-12 1.1663e-11 6.2585e-12 1.1852e-11 1.0777e-11 6.807e-13 2.5285e-12 4.9587e-12 8.4445e-12 7.4791e-13 2.5754e-12 3.8754e-12 2.4367e-12 5.4404e-12 2.1852e-12 -1.0162e-12 -9.1722e-13 2.6283e-13 5.3677e-13 -5.57e-12 -2.1601e-12 -5.3975e-13 -5.6136e-12 -3.8606e-12 -3.3413e-12 -2.1604e-12 -2.2281e-12 -3.4138e-12 -4.9102e-12 3.055e-12 -1.9829e-12 2.9115e-12 -4.1529e-12 -2.9248e-12 -2.9073e-12 4.1159e-12 -2.1462e-12 -3.913e-12 -5.498e-13 2.7527e-13 -3.3667e-12 -3.3844e-12 -2.4179e-12 3.6021e-12 -6.0486e-13 -2.2674e-12 -2.1391e-12 -1.1789e-12 1.1924e-12 6.4452e-13 4.0771e-13 -4.979e-14 2.0084e-12 -3.2197e-13 8.6441e-13 -3.5658e-13 -1.6903e-12 1.9039e-13 -4.9309e-13 -1.363e-12 -1.0369e-12 -1.454e-12 -9.6778e-13 2.8051e-12 3.3804e-12 -7.8959e-13 2.2806e-12 -1.2067e-12 7.7476e-14 2.8832e-13 -2.3005e-13 -1.5962e-12 8.2922e-13 2.7852e-12 -3.4106e-13 -5.6787e-13 -3.1257e-13 -5.8316e-14 7.6277e-13 4.2172e-13 3.4365e-13 2.0013e-13 -8.7477e-14 2.0808e-13 -2.4867e-14 -5.7515e-14
5.6992e-11 5.5375e-11 5.3999e-11 4.4732e-11 4.1099e-11 4.5316e-11 5.9672e-11 4.1254e-11 5.163e-11 4.1884e-11 5.3264e-11 5.4911e-11 5.0855e-11 4.3369e-11 4.4187e-11 3.9295e-11 4.136e-11 4.1131e-11 3.316e-11 4.1966e-11 2.9448e-11 4.4506e-11 3.9981e-11 3.4504e-11 3.4658e-11 2.8916e-11 2.3468e-11 2.6813e-11 2.1653e-11 1.8118e-11 1.5112e-11 2.9929e-11 1.5737e-11 1.5934e-11 1.0124e-11 2.4122e-11 2.0046e-11 1.3002e-11 1.0244e-11 8.2096e-12 3.5468e-12 1.6451e-11 1.0383e-11 1.0711e-11 1.3097e-11 3.7667e-12 7.1114e-12 9.4383e-12 7.6421e-12 2.7601e-13 2.5211e-12 1.3309e-12 3.9746e-12 2.2496e-12 -1.1972e-12 7.1226e-12 -2.6401e-12 4.0288e-12 4.651e-13 -2.9239e-13 -1.462e-12 -5.21e-12 -3.8888e-13 -5.2589e-12 -8.5792e-13 1.2098e-12 -2.2503e-13 2.3371e-12 -3.0309e-12 1.5186e-12 -1.3665e-12 2.9811e-12 -3.4982e-12 -4.5041e-12 -3.8625e-12 5.9394e-12 -5.4219e-12 -3.8949e-12 -1.2577e-12 -8.0212e-13 -2.2441e-12 -3.6551e-12 -4.4651e-12 3.1654e-12 -3.597e-12 -1.0545e-12 8.4449e-13 -1.2184e-12 -4.5786e-13 1.5752e-12 6.3033e-13 3.3212e-13 6.3751e-13 -2.8443e-12 1.4033e-12 -9.6465e-14 -1.0132e-12 1.4948e-12 -2.593e-12 -5.964e-13 1.2041e-13 -2.7452e-12 -6.5923e-13 2.6243e-12 3.7815e-12 4.166e-13 2.1067e-12 -9.008e-13 7.8671e-13 2.2361e-12 -2.6617e-13 -7.4233e-13 6.1527e-13 2.7511e-12 7.7877e-13 -9.3206e-14 6.5022e-13 -6.1872e-14 9.5888e-13 9.5543e-13 1.8284e-13 3.2782e-13 -7.8917e-14 6.6044e-14 -9.0679e-14 -9.9652e-14
6.1851e-11 6.0166e-11 5.9697e-11 5.5244e-11 5.1628e-11 5.0446e-11 6.5249e-11 4.7839e-11 5.9944e-11 4.8123e-11 5.8879e-11 5.4127e-11 5.6041e-11 4.7833e-11 5.0743e-11 4.2561e-11 4.4888e-11 4.9852e-11 3.899e-11 4.6655e-11 3.1053e-11 3.9981e-11 5.4925e-11 3.9792e-11 3.3305e-11 2.8241e-11 2.5612e-11 2.9293e-11 2.7326e-11 1.8938e-11 1.656e-11 3.1156e-11 1.7359e-11 2.1917e-11 1.5145e-11 2.0609e-11 1.8611e-11 1.4096e-11 9.6812e-12 1.0826e-11 7.6895e-12 1.5223e-11 1.0619e-11 1.4438e-11 1.5463e-11 7.2088e-12 4.488e-12 1.3228e-11 7.279e-12 -9.7095e-13 9.268e-13 6.829e-12 6.7092e-12 2.0499e-12 3.6606e-13 4.9489e-12 -2.8843e-12 4.0342e-12 -2.0297e-12 -1.8063e-12 -3.1105e-12 -2.7246e-12 -1.6616e-12 -4.125e-12 -1.5965e-12 -7.0957e-13 1.085e-12 3.2625e-12 -7.3041e-12 1.6061e-12 -1.8038e-12 1.6658e-12 -6.605e-12 -7.411e-12 -2.5982e-12 7.3834e-12 -1.1421e-12 -1.7359e-12 9.3623e-13 -2.898e-12 -5.4402e-12 -1.2712e-12 -5.8997e-12 4.5072e-12 -5.3636e-12 -1.8108e-12 -8.8281e-13 -2.8495e-12 -7.369e-13 -1.4214e-13 6.2901e-13 8.3154e-13 -4.6246e-13 -1.502e-12 4.2012e-13 -5.1878e-13 -6.2575e-13 -8.7507e-13 -3.0809e-12 -1.5045e-12 4.3744e-13 -2.1919e-12 -1.3316e-12 3.8725e-12 4.8691e-12 2.6987e-13 1.9972e-12 -9.7817e-13 7.2833e-13 9.5799e-13 4.8627e-13 -2.3637e-12 9.0579e-13 2.6784e-12 2.157e-13 -2.4715e-13 -6.8054e-14 -5.3769e-14 8.3428e-13 5.6233e-13 3.016e-13 2.3933e-13 -6.611e-14 6.1036e-14 -4.8522e-14 -4.2248e-14
5.5738e-11 5.3241e-11 5.3747e-11 5.1588e-11 4.7933e-11 4.8699e-11 6.8503e-11 4.5802e-11 5.9175e-11 4.9743e-11 5.6757e-11 5.0727e-11 5.1961e-11 4.9066e-11 4.6335e-11 4.3047e-11 4.8889e-11 4.6844e-11 3.6446e-11 4.5745e-11 3.0513e-11 3.4504e-11 3.9792e-11 5.2142e-11 3.7514e-11 3.3061e-11 2.5963e-11 2.8585e-11 2.5032e-11 1.6878e-11 1.9607e-11 2.6686e-11 1.4321e-11 1.786e-11 1.233e-11 2.4894e-11 1.4952e-11 1.2692e-11 8.5767e-12 9.1682e-12 4.875e-12 1.1185e-11 7.9625e-12 1.2698e-11 1.4293e-11 5.9593e-12 7.0784e-12 6.2882e-12 4.679e-12 -2.8089e-13 -2.7116e-12 6.3956e-12 1.4821e-12 5.0234e-12 9.9455e-13 3.3294e-12 -1.8151e-12 5.8645e-12 -2.4307e-12 -2.0248e-12 -1.3737e-12 -5.1327e-12 -2.6505e-12 -4.6306e-12 -2.7016e-12 1.3102e-12 1.4243e-12 -1.5579e-12 -3.9607e-12 7.9849e-13 -2.702e-12 -5.5171e-13 -5.0331e-12 -7.9015e-12 1.6735e-13 2.3345e-12 -3.2533e-12 -5.4927e-12 -2.5023e-13 -1.9037e-12 -3.43e-12 -2.2365e-12 -5.9453e-12 4.4314e-12 -3.5604e-12 -3.6944e-12 -1.3748e-12 -4.4815e-12 -1.295e-12 -1.8214e-13 1.3581e-12 3.0271e-13 4.1596e-13 -2.2707e-12 1.8477e-12 -3.0013e-13 -4.3692e-13 -2.0069e-12 -2.287e-12 -1.4188e-12 1.3405e-13 -1.6067e-12 -1.5922e-12 1.8419e-12 2.3649e-12 -1.0278e-12 2.7861e-12 8.4197e-14 1.1092e-12 2.1854e-12 -4.4216e-13 -2.3467e-12 1.0468e-12 1.4559e-12 1.3408e-13 -8.5853e-13 4.1623e-13 -2.1759e-13 1.2863e-12 3.6387e-13 3.2714e-13 3.5672e-13 -1.0841e-13 1.2835e-13 -6.7166e-14 -5.1e-14
5.1203e-11 5.0852e-11 4.7031e-11 4.199e-11 4.1866e-11 4.2624e-11 5.9765e-11 4.2681e-11 4.7363e-11 4.3618e-11 4.9895e-11 5.0642e-11 4.6846e-11 3.5254e-11 3.8544e-11 4.156e-11 3.4212e-11 3.6649e-11 3.2327e-11 4.0193e-11 3.0862e-11 3.4658e-11 3.3305e-11 3.7514e-11 4.7691e-11 2.94e-11 2.3202e-11 2.868e-11 2.0103e-11 1.6746e-11 1.4931e-11 2.7694e-11 1.5605e-11 1.5804e-11 9.1998e-12 2.4838e-11 1.7843e-11 1.3843e-11 8.6805e-12 8.7975e-12 7.5072e-12 9.3903e-12 7.7935e-12 9.0036e-12 1.1551e-11 5.4596e-13 6.5461e-12 9.5457e-12 3.6882e-12 2.2156e-12 1.7126e-13 2.0635e-12 1.5593e-13 4.9648e-12 2.2127e-12 7.0803e-13 -1.6296e-12 3.8003e-12 -1.0774e-12 -3.4668e-12 -3.3193e-12 -5.9756e-12 -1.3228e-12 -2.6995e-12 -2.5467e-12 -1.3303e-12 -3.0476e-12 -3.9016e-13 -1.7791e-12 4.8917e-12 -2.2701e-12 1.3964e-12 -5.2627e-12 -4.3366e-12 -5.1745e-13 4.1561e-12 -3.0807e-12 -4.8622e-12 -9.7807e-13 8.7435e-13 -1.1185e-12 -2.4987e-13 -3.7758e-12 3.4135e-12 -1.6676e-12 -1.7028e-12 -4.7236e-13 -1.3368e-13 -5.1714e-13 -1.9774e-12 5.3891e-13 -5.4673e-13 3.5744e-12 -3.8395e-12 1.4049e-12 -8.5933e-13 -1.0855e-13 1.8657e-13 3.837e-13 -6.6441e-13 -6.5282e-15 -3.0806e-12 9.4305e-13 2.1352e-14 3.5425e-12 -3.3533e-13 2.1734e-12 -2.8496e-13 7.3964e-13 2.0166e-12 -8.3711e-13 -1.8016e-12 1.0342e-12 2.7699e-12 3.8044e-13 -4.1994e-13 2.03e-13 -2.2984e-13 1.052e-12 8.4199e-13 3.0951e-13 3.7088e-13 -1.3484e-13 6.7179e-14 -9.0979e-14 -1.249e-13
4.3439e-11 4.5733e-11 3.816e-11 4.0443e-11 3.2511e-11 4.007e-11 4.9548e-11 3.4088e-11 4.2828e-11 3.5321e-11 4.0088e-11 3.8219e-11 4.0867e-11 3.4072e-11 3.5585e-11 3.2128e-11 3.7171e-11 3.3932e-11 2.636e-11 3.3569e-11 2.473e-11 2.8916e-11 2.8241e-11 3.3061e-11 2.94e-11 3.6831e-11 2.0219e-11 2.1291e-11 1.7082e-11 1.1963e-11 1.221e-11 2.0077e-11 1.2578e-11 1.3141e-11 1.0254e-11 1.7713e-11 1.2977e-11 8.6172e-12 5.3347e-12 3.8052e-12 6.8879e-12 1.1344e-11 4.0344e-12 7.6964e-12 1.3848e-11 1.7289e-12 5.1661e-12 4.6525e-12 7.0996e-12 2.6931e-12 -1.2164e-13 2.5075e-12 -9.4707e-13 1.3094e-12 1.2442e-12 2.1332e-12 -1.1437e-12 3.443e-12 -1.2474e-12 -3.78e-12 1.5411e-12 -2.0355e-12 -1.1276e-13 -4.4557e-12 -2.5742e-12 -3.7136e-13 -4.236e-12 -1.6433e-12 -3.0175e-12 -3.7244e-13 -3.7971e-12 2.9989e-13 -4.5041e-12 -4.9036e-12 -2.661e-12 2.449e-12 -2.2283e-12 -2.0333e-12 -2.1277e-12 -3.699e-13 -1.4169e-12 -4.0682e-12 -1.875e-12 1.8592e-12 -9.381e-13 -4.5247e-12 -3.1412e-13 -1.6918e-12 1.1086e-12 3.3198e-12 1.015e-12 8.0776e-13 -1.7279e-13 -8.549e-13 -3.7134e-13 -1.3844e-13 2.5189e-13 -4.6582e-13 -1.4158e-12 -2.4985e-12 1.1887e-12 -5.144e-15 -8.8898e-14 1.2372e-12 1.1001e-12 -5.4924e-13 2.6189e-12 -4.1708e-13 -2.3105e-13 1.8684e-12 -1.232e-13 -1.5593e-12 7.6455e-14 1.9471e-12 5.8809e-13 -6.4795e-13 1.2634e-13 1.5401e-13 1.0519e-12 4.1094e-13 1.1743e-13 1.7639e-13 -7.746e-14 2.1541e-13 -7.1058e-14 -5.7308e-14
3.5066e-11 3.6444e-11 3.3755e-11 3.095e-11 3.0407e-11 3.2514e-11 4.1174e-11 3.0298e-11 3.7917e-11 3.1461e-11 3.672e-11 3.2959e-11 3.2228e-11 2.8481e-11 2.778e-11 2.9129e-11 2.5639e-11 2.988e-11 2.302e-11 2.7984e-11 1.8981e-11 2.3468e-11 2.5612e-11 2.5963e-11 2.3202e-11 2.0219e-11 2.2945e-11 2.0756e-11 1.5994e-11 9.6895e-12 1.1219e-11 1.9238e-11 1.1457e-11 1.4689e-11 6.6679e-12 1.5359e-11 9.316e-12 7.5307e-12 8.0367e-12 5.0291e-12 7.8229e-12 6.4771e-12 4.4727e-12 8.5993e-12 1.0807e-11 3.8792e-12 5.6668e-12 4.3959e-12 3.8811e-12 -6.4045e-13 -3.6291e-12 2.9139e-13 1.125e-12 5.5775e-14 -3.0349e-13 6.201e-14 -2.751e-12 5.0975e-13 -2.73e-12 -3.4082e-12 -1.3841e-12 -3.6452e-12 4.2401e-13 -2.9345e-12 -2.4832e-12 -1.2959e-12 -1.7657e-12 4.275e-13 -4.6147e-12 9.7453e-13 -2.4519e-12 -1.0886e-12 -3.601e-12 -2.9842e-12 -1.1e-12 3.4381e-12 1.6654e-13 -4.9779e-13 -2.993e-13 -7.8487e-13 -9.1324e-13 -6.1277e-13 -1.8379e-12 3.2448e-12 -1.4828e-12 -2.9911e-12 8.0786e-15 -2.7642e-12 -4.5905e-13 -1.6738e-12 -2.1638e-13 -6.2942e-13 -2.718e-13 -2.3977e-12 1.356e-14 -3.2764e-13 -4.3899e-13 -1.1777e-12 -7.3329e-13 -3.7952e-13 2.9215e-13 6.163e-13 8.9573e-14 1.1333e-12 3.1127e-12 -8.2702e-13 2.2918e-12 1.8248e-13 5.7279e-13 1.3845e-12 1.9247e-13 -1.5973e-12 3.0586e-13 1.806e-12 -2.9671e-13 -1.2354e-13 1.5674e-13 -3.1011e-13 7.521e-13 5.77e-13 1.7921e-13 8.6739e-14 -1.8273e-14 1.1438e-13 -4.1916e-14 -8.1079e-14
4.5592e-11 4.5056e-11 4.3603e-11 3.7123e-11 3.648e-11 4.0494e-11 5.0012e-11 3.4658e-11 4.6554e-11 3.5888e-11 4.407e-11 4.0325e-11 4.0312e-11 3.4919e-11 3.7699e-11 3.8196e-11 3.0498e-11 3.335e-11 2.8966e-11 2.9901e-11 2.3265e-11 2.6813e-11 2.9293e-11 2.8585e-11 2.868e-11 2.1291e-11 2.0756e-11 3.5294e-11 2.0045e-11 1.5125e-11 1.2373e-11 2.6754e-11 1.4148e-11 1.5851e-11 6.9413e-12 1.7067e-11 1.2452e-11 9.3206e-12 4.1304e-12 9.1443e-12 8.0281e-12 1.2514e-11 7.1658e-12 7.6402e-12 9.7703e-12 6.4645e-12 8.3896e-12 5.8536e-12 2.6055e-12 9.0404e-13 -1.1494e-12 -2.583e-12 -2.029e-12 3.6453e-12 2.5316e-12 -9.4164e-14 -3.8161e-12 1.9203e-12 2.697e-12 -3.0545e-12 -1.5818e-12 -1.377e-12 -4.8342e-13 -2.5962e-12 -2.8328e-12 7.379e-13 -3.1314e-13 -2.8692e-12 -2.7551e-12 2.0682e-12 5.4767e-14 -1.9094e-12 -3.1393e-12 -3.639e-12 3.037e-13 2.0912e-12 -1.4543e-12 -2.6132e-12 1.1888e-12 -1.912e-12 -1.9565e-12 3.8236e-13 -3.1024e-12 4.6031e-12 -4.0878e-13 -3.1123e-12 4.0067e-13 7.6412e-14 4.1929e-13 -8.4738e-13 -2.1481e-12 -7.7021e-14 -4.6964e-13 -2.858e-12 2.1695e-13 -4.0269e-13 -1.6869e-12 -9.4976e-13 -8.8142e-13 -3.0864e-13 1.3443e-12 -1.5826e-12 5.3653e-13 1.1432e-12 3.3428e-12 -3.1935e-13 1.6296e-12 8.1785e-14 1.4228e-12 1.9922e-12 -5.7263e-13 -6.2337e-13 -3.389e-13 1.8976e-12 -3.2592e-13 -8.4905e-13 -6.2122e-13 1.1646e-13 1.7116e-13 4.9563e-13 1.9011e-13 6.8047e-14 -1.8799e-13 1.3698e-13 2.364e-14 -2.2662e-14
