2.5224e-11 1.9955e-11 1.9302e-11 1.9304e-11 2.1345e-11 1.9565e-11 2.305e-11 1.8684e-11 2.4825e-11 1.2886e-11 2.2815e-11 2.3554e-11 2.2858e-11 1.9231e-11 2.5064e-11 2.3368e-11 1.9268e-11 2.2903e-11 2.1122e-11 2.893e-11 1.4467e-11 2.5453e-11 2.3227e-11 2.0385e-11 2.814e-11 2.1817e-11 1.984e-11 2.0689e-11 1.9724e-11 1.8882e-11 2.0875e-11 1.8882e-11 1.9446e-11 2.7034e-11 1.7816e-11 1.9104e-11 1.7635e-11 1.9244e-11 1.757e-11 2.0596e-11 1.9863e-11 1.969e-11 1.951e-11 1.7883e-11 1.6922e-11 1.7534e-11 1.9345e-11 1.735e-11 1.8373e-11 1.8634e-11 1.9026e-11 1.3798e-11 1.5207e-11 1.5115e-11 1.1862e-11 2.0054e-11 1.3315e-11 7.529e-12 1.3788e-11 1.1214e-11 1.0256e-11 1.0485e-11 9.1596e-12 4.9325e-12 6.6362e-12 8.3865e-12 1.034e-11 5.0583e-12 5.581e-12 4.5783e-12 5.69e-12 1.0595e-11 7.3036e-12 7.6506e-12 2.9752e-12 7.7015e-12 1.5878e-12 4.0318e-12 2.4048e-12 5.5806e-12 5.0714e-12 6.3002e-12 1.9368e-12 2.0002e-12 8.0103e-12 5.492e-12 3.6933e-12 1.8129e-12 8.1183e-13 5.1792e-12 4.4499e-12 4.0948e-12 3.5358e-12 -1.2236e-12 8.8321e-13 -6.5068e-13 1.771e-12 9.8821e-14 6.8588e-12 2.6401e-12 8.6038e-13 2.9915e-12 1.6419e-12 -3.7512e-12 -2.6279e-12 -1.6693e-13 4.1379e-12 1.8292e-12 3.2938e-13 3.5376e-12 2.7936e-12 3.5101e-13 3.4918e-12 -4.7142e-13 2.0466e-12 -1.4738e-12 -1.8396e-13 4.0349e-14 -4.8991e-13 -1.4947e-12 -1.5095e-13 1.6373e-12 2.8704e-12 -2.018e-13 3.4387e-13 -1.2872e-12 -1.7752e-13 1.4762e-12 -5.1596e-13 1.685e-12 1.2302e-12 1.0654e-12 1.7125e-12 -1.3328e-12 -3.6605e-13 1.3344e-12 -2.145e-12 -9.0329e-13 -2.5682e-12 -6.8854e-13 2.0353e-13 -1.8307e-12 -2.1487e-12 -9.5889e-13 -1.287e-13 3.0574e-12 1.6716e-12 2.0443e-12 3.4167e-12 1.1453e-12 1.5258e-12 1.8638e-12 -4.5932e-13 1.0426e-12 -3.0204e-13 -8.0613e-13 -5.4075e-13 -8.3484e-14 1.1058e-12 4.4955e-14 -1.5477e-12 1.3401e-13 3.9892e-13 -1.1898e-12 1.5876e-13 -1.89e-12 -2.0803e-12 -6.4487e-14 7.5578e-13 -1.2928e-13 9.8463e-13 4.5351e-13 -2.037e-13 -9.491e-13 -9.9395e-14 -1.145e-12 -1.0217e-12 -5.1915e-13 -1.9511e-14 -1.8118e-13 1.3117e-13 7.4945e-13 -5.867e-13 -1.8066e-13 -3.0793e-13 0
1.9955e-11 2.4937e-11 2.117e-11 2.02e-11 1.9765e-11 1.8936e-11 2.4572e-11 1.8256e-11 2.5514e-11 1.6205e-11 2.4893e-11 2.4104e-11 2.2536e-11 2.012e-11 2.3938e-11 2.1836e-11 1.8262e-11 2.5246e-11 2.3428e-11 2.7323e-11 1.5026e-11 2.5513e-11 2.1407e-11 2.1848e-11 3.0442e-11 2.233e-11 1.9753e-11 2.0573e-11 2.087e-11 2.201e-11 2.3423e-11 2.0626e-11 2.0136e-11 2.6534e-11 1.849e-11 2.012e-11 1.6435e-11 2.0703e-11 1.6827e-11 2.3183e-11 1.9853e-11 2.0713e-11 1.9874e-11 1.7657e-11 1.799e-11 1.7219e-11 2.0585e-11 1.7389e-11 1.8128e-11 1.8741e-11 2.0211e-11 1.4903e-11 1.5747e-11 1.6472e-11 9.6541e-12 2.0378e-11 1.1759e-11 7.5765e-12 1.5862e-11 1.1487e-11 1.1776e-11 1.1897e-11 1.0283e-11 4.7241e-12 9.0431e-12 9.0727e-12 1.2891e-11 6.4705e-12 5.0268e-12 6.3908e-12 5.4971e-12 1.1184e-11 5.6149e-12 6.1711e-12 5.3159e-12 7.9565e-12 2.447e-12 5.11e-12 2.1662e-12 3.5814e-12 5.2746e-12 5.9544e-12 6.1413e-13 1.662e-12 7.3355e-12 5.4787e-12 4.4108e-12 8.4747e-13 6.1655e-13 3.3089e-12 4.5547e-12 3.8114e-12 3.59e-12 -1.9124e-12 1.0337e-12 -2.3367e-14 3.6773e-12 -1.9447e-14 6.1664e-12 2.1559e-12 1.4894e-12 1.1064e-12 1.5874e-12 -5.3131e-12 -3.1058e-12 2.7877e-13 2.1345e-12 2.2377e-12 1.101e-12 1.8046e-12 2.5489e-12 -1.7058e-13 7.8581e-13 -7.1464e-13 1.2236e-12 -1.3255e-12 -2.7267e-13 -2.2031e-12 -3.0734e-13 -1.6478e-12 -1.8019e-12 -2.5474e-13 1.8822e-12 -1.4816e-12 -7.8537e-13 -1.7914e-12 -2.9178e-12 2.335e-12 -3.0196e-12 2.0026e-12 -4.1168e-13 -3.9115e-13 1.5726e-12 -1.6852e-12 -8.8686e-13 4.207e-13 -2.1238e-12 1.3424e-12 -2.6655e-12 6.009e-13 -3.7332e-13 -3.5804e-13 -1.9251e-12 -1.7521e-12 -5.1276e-13 8.7277e-13 1.2157e-12 1.0307e-12 3.6711e-12 5.7152e-13 1.188e-12 1.3211e-12 3.0337e-13 1.302e-12 -5.8913e-13 -3.0415e-13 3.4992e-13 -5.4265e-13 4.0137e-13 -7.8286e-15 -2.6862e-12 -6.9683e-13 -1.6651e-14 -1.1382e-12 -6.6924e-13 -1.8626e-12 -1.0355e-13 7.4623e-13 8.799e-13 -3.6581e-13 7.7432e-13 6.8742e-13 4.4845e-13 -5.6993e-13 -1.0883e-13 -1.0288e-12 -1.3166e-12 -8.8425e-13 -2.4288e-13 4.2198e-13 2.2326e-13 3.7411e-13 -3.4933e-13 -1.4153e-13 -7.106e-13 0
1.9302e-11 2.117e-11 2.5474e-11 1.9943e-11 1.9089e-11 1.9909e-11 2.3565e-11 1.7957e-11 2.4614e-11 1.5337e-11 2.4735e-11 2.2809e-11 2.2187e-11 2.0149e-11 2.3882e-11 2.1305e-11 1.7512e-11 2.2296e-11 2.3544e-11 2.6623e-11 1.4796e-11 2.5071e-11 2.0718e-11 2.0106e-11 2.5795e-11 2.0865e-11 2.0651e-11 1.9571e-11 1.9273e-11 2.0536e-11 2.1398e-11 2.0278e-11 2.0033e-11 2.6405e-11 1.9111e-11 1.8018e-11 1.7598e-11 1.9363e-11 1.8045e-11 2.312e-11 1.8733e-11 1.7928e-11 2.0817e-11 1.6378e-11 1.7397e-11 1.817e-11 2.0292e-11 1.7126e-11 1.9302e-11 1.6811e-11 1.9804e-11 1.3247e-11 1.4155e-11 1.5567e-11 1.11e-11 2.0887e-11 1.2515e-11 5.7518e-12 1.3914e-11 1.1907e-11 1.0368e-11 1.2144e-11 9.8405e-12 4.6684e-12 9.3473e-12 9.1117e-12 1.3524e-11 5.4751e-12 5.4433e-12 6.4718e-12 5.3849e-12 1.2042e-11 5.0805e-12 7.8805e-12 3.779e-12 6.938e-12 1.1821e-12 4.2302e-12 1.6744e-13 3.2542e-12 4.7016e-12 4.9655e-12 3.2505e-13 1.9408e-12 7.414e-12 6.6522e-12 5.6039e-12 3.042e-12 1.2216e-12 3.945e-12 3.241e-12 3.6496e-12 2.4152e-12 -1.4596e-12 1.5091e-12 1.6696e-12 3.7784e-12 -2.7261e-13 5.0534e-12 2.2373e-13 -2.8346e-13 3.5179e-12 7.3089e-13 -3.2804e-12 -2.5311e-12 1.2937e-12 2.603e-12 3.645e-12 1.853e-12 9.0947e-13 3.7947e-12 -4.2213e-13 1.0667e-12 1.0906e-12 8.5185e-13 -2.1331e-12 -7.1117e-13 -4.2983e-13 1.0026e-13 -3.6149e-13 -1.0925e-12 9.4097e-13 3.2987e-12 -1.207e-12 -1.6231e-12 -2.8486e-12 -1.8197e-12 1.238e-12 -2.8991e-12 2.5631e-12 8.4961e-13 5.0054e-14 3.0782e-12 -3.8836e-13 -6.2023e-13 -1.9911e-13 -1.6184e-12 7.9142e-13 -3.8589e-12 3.901e-13 -5.6746e-13 -1.6282e-12 -1.9829e-12 -7.2842e-13 -7.356e-14 8.898e-13 1.469e-12 2.2454e-12 3.6982e-12 7.8322e-13 1.3526e-12 1.1046e-12 -2.7201e-13 1.4491e-12 -4.3698e-13 -4.6294e-13 -1.3883e-12 -5.4294e-13 5.807e-13 2.0292e-13 -2.9679e-12 -1.2436e-12 1.049e-12 -7.8841e-13 -7.0544e-13 -2.2652e-12 -7.3423e-13 -5.6955e-13 8.7125e-13 -3.1282e-13 8.009e-13 -1.5388e-13 -9.0446e-13 -4.6596e-14 -3.2773e-14 -1.6873e-12 -1.3184e-12 -6.3677e-13 2.6533e-13 2.2164e-13 1.682e-13 1.7796e-13 -1.5251e-13 1.3081e-13 -4.3267e-13 0
1.9304e-11 2.02e-11 1.9943e-11 2.2449e-11 1.952e-11 1.8575e-11 2.3382e-11 1.7339e-11 2.3933e-11 1.4818e-11 2.2679e-11 2.2436e-11 2.1356e-11 1.8279e-11 2.2187e-11 2.0667e-11 1.7229e-11 2.4391e-11 2.1686e-11 2.5788e-11 1.3373e-11 2.4264e-11 2.0581e-11 1.9637e-11 2.6812e-11 2.0915e-11 1.8295e-11 2.001e-11 1.8557e-11 1.85e-11 2.2294e-11 1.8506e-11 1.9504e-11 2.8061e-11 1.7623e-11 1.8883e-11 1.6361e-11 1.776e-11 1.7612e-11 2.1559e-11 1.9779e-11 1.8362e-11 2.0799e-11 1.7396e-11 1.5854e-11 1.8227e-11 1.8696e-11 1.8783e-11 1.8403e-11 1.6819e-11 1.8662e-11 1.3489e-11 1.4444e-11 1.7689e-11 9.5269e-12 2.0828e-11 1.0787e-11 9.6371e-12 1.5637e-11 1.0986e-11 1.1529e-11 1.1695e-11 8.6123e-12 4.6986e-12 7.5158e-12 1.0257e-11 1.0519e-11 5.7226e-12 6.4111e-12 6.424e-12 4.4589e-12 1.1101e-11 4.4551e-12 8.5846e-12 1.2997e-12 6.3605e-12 2.5681e-12 5.709e-12 1.3239e-12 4.8555e-12 6.8279e-12 5.8469e-12 1.1185e-12 2.1925e-12 7.3526e-12 6.2306e-12 4.0014e-12 1.579e-12 1.8336e-12 4.2831e-12 3.5311e-12 4.7452e-12 2.7179e-12 -2.0107e-12 4.4381e-13 2.7416e-12 1.1264e-12 3.213e-13 5.686e-12 7.752e-13 4.2273e-13 2.4209e-12 2.0051e-12 -2.95e-12 -2.0374e-12 1.4492e-12 3.5541e-12 2.3406e-12 1.686e-12 1.2028e-12 3.201e-12 -1.3219e-13 1.8745e-12 2.2774e-13 1.8766e-12 -8.7335e-13 1.9582e-13 -1.9364e-12 -1.0307e-12 -8.3026e-13 -2.3892e-12 2.3263e-13 2.8656e-12 -1.2625e-12 5.9232e-13 -9.1646e-13 -2.4731e-12 2.6781e-12 -2.953e-12 2.6511e-12 4.3209e-13 1.4179e-12 2.238e-12 -9.3247e-13 -4.6111e-13 -1.0227e-12 -2.3773e-12 1.991e-12 -2.574e-12 1.3206e-12 -1.2514e-13 -1.9e-12 -1.1766e-12 -3.4188e-13 -1.4939e-12 1.6181e-12 2.187e-12 1.8627e-12 3.9441e-12 1.2463e-12 3.6898e-13 9.2355e-13 -6.5658e-13 7.3763e-13 -4.3632e-13 -6.3322e-13 -2.7927e-13 -5.458e-13 1.4666e-13 2.528e-13 -2.9143e-12 -2.1525e-13 4.4462e-13 -4.3428e-13 -1.1175e-14 -1.5653e-12 -7.2903e-13 -7.0685e-14 5.5267e-13 -6.0245e-14 7.4357e-13 7.1087e-13 -1.0083e-12 -7.592e-13 1.3429e-13 -1.1198e-12 -9.0589e-13 -5.7945e-13 9.7587e-14 1.9858e-13 1.5553e-13 4.9488e-13 -3.9438e-13 1.7434e-13 -6.8636e-13 0
2.1345e-11 1.9765e-11 1.9089e-11 1.952e-11 2.2091e-11 1.9089e-11 2.2778e-11 1.7513e-11 2.3768e-11 1.4353e-11 2.09e-11 2.255e-11 2.0056e-11 1.8896e-11 2.2855e-11 2.2314e-11 1.8222e-11 2.2894e-11 2.1209e-11 2.6179e-11 1.4004e-11 2.4579e-11 2.0546e-11 1.9557e-11 2.7361e-11 2.168e-11 1.8591e-11 2.0851e-11 2.0241e-11 1.9148e-11 2.1723e-11 1.9053e-11 1.9225e-11 2.6902e-11 1.7065e-11 1.7528e-11 1.5709e-11 2.0056e-11 1.7106e-11 2.0237e-11 1.917e-11 1.9244e-11 1.971e-11 1.6535e-11 1.4876e-11 1.6295e-11 1.8769e-11 1.6356e-11 1.7737e-11 1.8791e-11 1.9669e-11 1.4472e-11 1.4736e-11 1.6056e-11 1.0699e-11 2.0278e-11 1.0536e-11 7.6985e-12 1.4721e-11 9.8144e-12 1.094e-11 1.0649e-11 1.0421e-11 4.8404e-12 7.8582e-12 9.0601e-12 9.9809e-12 6.7738e-12 5.9159e-12 4.9804e-12 4.8563e-12 9.2306e-12 7.1131e-12 8.5465e-12 2.3219e-12 8.0367e-12 1.228e-13 3.8407e-12 2.238e-12 4.6166e-12 4.5475e-12 6.2835e-12 6.2955e-13 1.1356e-12 7.716e-12 5.6315e-12 4.8664e-12 5.6786e-13 2.3281e-12 3.3666e-12 3.7947e-12 5.2518e-12 2.768e-12 -1.4255e-12 3.3362e-13 -7.0321e-13 1.3987e-12 3.8753e-13 6.4868e-12 1.9942e-12 1.7442e-12 3.9346e-12 2.7484e-13 -2.922e-12 -2.2499e-12 8.5938e-13 4.0095e-12 1.7353e-12 3.356e-13 1.3937e-12 3.033e-12 1.7042e-13 2.0799e-12 3.6469e-13 1.1006e-12 -1.1684e-12 7.8446e-14 -1.4494e-12 -1.7857e-12 -1.7987e-12 -6.021e-13 1.3675e-13 2.3261e-12 -4.4442e-13 1.1725e-13 -1.2537e-12 -1.6624e-12 1.576e-12 -2.9846e-12 1.7064e-12 5.7139e-13 1.12e-12 1.2989e-12 -1.2117e-12 -3.6942e-13 1.1421e-12 -2.6633e-12 -1.5601e-13 -3.2069e-12 -2.2285e-13 -2.0097e-13 -1.8757e-12 -1.122e-12 -9.0044e-13 -6.0387e-13 1.7759e-12 1.9153e-12 1.9533e-12 3.3727e-12 7.3009e-13 1.5428e-12 1.058e-12 -3.5e-13 1.0077e-12 1.7852e-13 -1.1701e-12 -9.5537e-14 -5.9253e-13 1.0063e-12 8.5921e-13 -2.2711e-12 1.0613e-12 -4.6886e-13 -8.3935e-13 3.5694e-13 -1.8926e-12 -1.0072e-12 -2.0939e-13 8.9311e-13 -4.0606e-13 6.5298e-13 8.7154e-13 -5.2831e-13 -6.7783e-13 -1.4732e-13 -7.7741e-13 -5.3637e-13 -6.8919e-13 1.8404e-13 1.4246e-14 -8.4434e-14 3.9082e-13 -4.1681e-13 1.4893e-13 -3.8892e-13 0
1.9565e-11 1.8936e-11 1.9909e-11 1.8575e-11 1.9089e-11 2.2456e-11 2.2755e-11 1.6403e-11 2.5149e-11 1.4517e-11 2.1115e-11 2.1968e-11 2.0869e-11 1.8773e-11 2.3198e-11 2.1352e-11 1.7187e-11 2.4467e-11 2.2068e-11 2.6574e-11 1.4228e-11 2.514e-11 2.0086e-11 1.9862e-11 2.4639e-11 2.0844e-11 1.8675e-11 1.9748e-11 1.7087e-11 1.7816e-11 1.9811e-11 1.7977e-11 1.8289e-11 2.5993e-11 1.7366e-11 1.8522e-11 1.7756e-11 1.9037e-11 1.7406e-11 2.1323e-11 1.8924e-11 1.8943e-11 1.9468e-11 1.636e-11 1.676e-11 1.5537e-11 1.9437e-11 1.63e-11 1.8239e-11 1.8014e-11 1.8823e-11 1.2943e-11 1.2439e-11 1.5997e-11 1.082e-11 2.0085e-11 1.1324e-11 6.9078e-12 1.4256e-11 1.2448e-11 8.8522e-12 9.807e-12 1.0005e-11 4.9118e-12 9.9376e-12 1.0734e-11 1.0903e-11 5.7784e-12 7.826e-12 5.5007e-12 5.6187e-12 1.1906e-11 6.7701e-12 8.1511e-12 1.7537e-12 6.7775e-12 1.6901e-12 3.9301e-12 1.258e-12 5.2754e-12 5.8082e-12 6.356e-12 1.1273e-12 1.4893e-12 7.8854e-12 5.4272e-12 2.4306e-12 2.7423e-12 1.7764e-12 5.4064e-12 4.3664e-12 4.1382e-12 2.2909e-12 -1.4532e-12 1.2978e-12 1.497e-12 3.6018e-12 -1.4625e-12 6.5079e-12 6.2694e-13 5.4478e-13 4.409e-12 8.9296e-13 -2.5794e-12 -3.7175e-12 4.5645e-13 3.0131e-12 4.316e-12 2.1468e-12 2.3137e-12 2.5402e-12 4.3253e-13 -2.0877e-13 1.1359e-12 9.6629e-13 -2.3496e-12 -1.379e-12 -1.2645e-12 -1.4733e-12 -8.8926e-13 -5.6413e-13 4.5962e-13 3.4341e-12 3.2042e-13 1.3392e-12 -2.076e-12 -1.8043e-12 2.465e-12 -1.69e-12 3.0429e-12 1.3329e-12 1.4555e-12 1.753e-12 -4.7091e-13 1.3763e-13 1.5246e-13 -2.5321e-12 7.2694e-13 -2.2924e-12 2.7723e-13 7.2665e-13 -1.3047e-12 -9.15e-13 -1.6626e-12 2.7134e-13 2.1401e-12 1.6924e-12 2.0472e-12 3.1248e-12 -7.5584e-13 1.5255e-13 1.6936e-12 -4.1044e-14 1.3487e-12 -6.8485e-13 -4.1566e-13 -7.7004e-13 -6.8939e-13 9.116e-13 5.3102e-14 -2.5064e-12 -5.9062e-13 -2.5599e-13 -8.5513e-13 3.5219e-13 -7.6565e-13 -5.5554e-13 -4.5645e-13 1.0888e-12 -4.8453e-13 1.8352e-13 5.8458e-14 -7.3984e-13 -1.4257e-13 5.3071e-13 -1.3139e-12 -6.1309e-13 -9.8357e-13 -2.8769e-15 6.7425e-14 -5.133e-14 5.2865e-13 -4.2256e-13 3.3383e-13 -6.7228e-13 0
2.305e-11 2.4572e-11 2.3565e-11 2.3382e-11 2.2778e-11 2.2755e-11 3.1644e-11 2.0843e-11 2.9407e-11 1.6642e-11 2.7215e-11 2.7732e-11 2.5261e-11 2.1832e-11 2.8089e-11 2.4865e-11 2.0815e-11 2.8654e-11 2.5671e-11 3.1023e-11 1.7614e-11 2.8761e-11 2.4497e-11 2.4949e-11 3.3413e-11 2.4929e-11 2.1578e-11 2.3774e-11 2.2677e-11 2.1295e-11 2.5176e-11 2.338e-11 2.2837e-11 3.1715e-11 2.0048e-11 2.321e-11 1.9719e-11 2.2301e-11 2.0141e-11 2.6296e-11 2.2929e-11 2.306e-11 2.2532e-11 1.991e-11 2.0139e-11 1.9716e-11 2.3192e-11 2.0662e-11 1.98e-11 2.15e-11 2.1927e-11 1.6017e-11 1.6022e-11 1.9782e-11 1.2475e-11 2.203e-11 1.2929e-11 9.4232e-12 1.8514e-11 1.3528e-11 1.3448e-11 1.2396e-11 1.0897e-11 5.425e-12 1.0259e-11 1.1802e-11 1.3855e-11 7.1952e-12 5.7536e-12 7.133e-12 4.7284e-12 1.3421e-11 7.2125e-12 9.3031e-12 3.8934e-12 9.0146e-12 1.8376e-12 4.6481e-12 2.284e-12 3.3762e-12 7.5792e-12 4.5733e-12 8.4188e-13 2.5712e-12 8.5921e-12 5.067e-12 5.9973e-12 3.5685e-12 2.7486e-12 6.053e-12 3.5279e-12 5.6884e-12 4.3763e-12 -1.3329e-12 1.086e-12 1.2694e-12 2.6225e-12 -6.8089e-13 6.6652e-12 2.5012e-12 1.2334e-12 1.8101e-12 1.7453e-12 -2.4832e-12 -2.635e-12 -3.361e-13 2.1713e-12 2.3706e-12 4.6326e-13 2.2015e-12 4.6039e-12 6.5659e-14 1.6514e-12 -1.7612e-13 1.4832e-12 -2.1394e-12 -4.3023e-13 -1.4825e-12 -1.3138e-12 -1.7206e-12 -9.629e-13 3.5146e-13 3.3511e-12 1.1145e-13 1.026e-12 -1.3054e-12 -2.417e-12 1.9055e-12 -1.7564e-12 2.7612e-12 -4.1839e-13 2.2333e-12 2.5034e-12 -1.3968e-12 -1.9904e-12 -7.8217e-14 -3.2264e-12 1.1986e-13 -3.463e-12 1.0049e-12 6.3665e-13 -1.9824e-12 -1.8587e-12 -4.8222e-13 2.3274e-13 2.5563e-12 1.4013e-12 2.229e-12 4.5583e-12 6.9276e-13 1.1051e-12 1.9284e-12 2.1154e-13 8.2785e-13 -9.6823e-13 -9.3293e-13 7.833e-13 2.6064e-13 3.5704e-13 2.106e-13 -2.9239e-12 -1.0547e-13 -4.3763e-13 -6.2706e-13 4.7913e-14 -8.872e-13 -1.0809e-12 -5.8224e-13 1.7103e-12 -1.039e-12 5.6127e-13 6.7565e-13 -8.8055e-13 -7.5648e-13 2.7918e-13 -1.0999e-12 -7.1979e-13 -8.665e-13 -2.4486e-14 -1.6115e-13 5.2226e-15 4.8274e-13 -3.5067e-13 2.9349e-13 -8.5973e-13 0
1.8684e-11 1.8256e-11 1.7957e-11 1.7339e-11 1.7513e-11 1.6403e-11 2.0843e-11 1.9825e-11 2.1906e-11 1.2076e-11 1.9379e-11 1.9611e-11 1.8827e-11 1.6649e-11 2.1625e-11 1.9596e-11 1.6292e-11 2.0865e-11 1.912e-11 2.3439e-11 1.1286e-11 2.076e-11 1.7636e-11 1.7633e-11 2.4644e-11 1.9298e-11 1.6816e-11 1.6161e-11 1.8091e-11 1.7877e-11 1.8709e-11 1.6615e-11 1.7755e-11 2.4664e-11 1.5792e-11 1.6226e-11 1.4836e-11 1.7105e-11 1.602e-11 1.7104e-11 1.807e-11 1.6807e-11 1.669e-11 1.7294e-11 1.4788e-11 1.4714e-11 1.6882e-11 1.5623e-11 1.4578e-11 1.5622e-11 1.5543e-11 1.2055e-11 1.2651e-11 1.4482e-11 8.4805e-12 1.6438e-11 7.3163e-12 6.9368e-12 1.1655e-11 7.7073e-12 9.1612e-12 9.0402e-12 7.1763e-12 2.605e-12 8.5146e-12 7.9554e-12 9.1993e-12 3.7891e-12 6.6381e-12 5.1839e-12 6.312e-12 9.1752e-12 4.8095e-12 6.1578e-12 2.316e-12 7.3696e-12 2.002e-12 2.66e-12 2.0079e-12 4.0481e-12 5.1085e-12 3.5917e-12 5.8013e-13 2.0162e-12 7.2306e-12 3.2171e-12 3.3387e-12 1.1386e-12 5.0388e-13 4.0925e-12 1.3472e-12 2.994e-12 2.9883e-12 -4.3337e-13 3.3645e-13 2.9523e-13 2.8909e-12 -1.0541e-12 5.7751e-12 5.571e-13 7.4115e-13 1.2445e-12 -9.1067e-13 -2.5722e-12 -2.8844e-12 -3.7283e-13 1.7702e-12 1.4526e-12 2.3911e-13 1.1792e-12 2.1965e-12 -4.4121e-13 1.1497e-12 1.3908e-12 1.2392e-13 -1.2665e-12 -1.3463e-12 -2.6066e-14 1.0788e-13 -4.8733e-13 -1.74e-12 5.2115e-13 1.2504e-12 -1.0389e-12 4.1012e-13 -1.0519e-12 -2.775e-12 1.0495e-12 -2.5232e-12 1.6681e-12 7.5786e-13 1.269e-12 1.4301e-12 -2.2243e-12 -1.3886e-12 -2.9153e-15 -1.5629e-12 -2.929e-13 -3.3443e-12 -2.5229e-13 -1.8583e-13 -1.7148e-12 -1.7727e-12 -1.5352e-12 -8.5477e-14 1.7971e-12 7.2327e-13 1.4683e-12 2.8345e-12 1.165e-12 1.0313e-12 1.0801e-12 -4.9726e-13 6.1603e-13 -7.6307e-13 -9.1556e-13 6.0991e-14 -5.2684e-13 1.5137e-12 8.5432e-13 -2.4718e-12 -6.3127e-13 6.0417e-13 -1.3408e-12 -3.6734e-13 -9.6322e-13 -1.3317e-12 5.621e-14 6.4283e-13 -1.0526e-13 1.3781e-12 5.8589e-13 -7.1299e-13 -1.5948e-13 1.1332e-13 -8.6032e-13 -9.9938e-13 -7.1494e-13 -2.3559e-13 -8.2164e-14 1.8787e-13 4.6448e-14 -2.9359e-13 -3.9487e-13 -2.8763e-13 0
2.4825e-11 2.5514e-11 2.4614e-11 2.3933e-11 2.3768e-11 2.5149e-11 2.9407e-11 2.1906e-11 3.7838e-11 2.0005e-11 2.7963e-11 2.8786e-11 2.672e-11 2.476e-11 3.0277e-11 2.5889e-11 2.3799e-11 3.1517e-11 2.8583e-11 3.4739e-11 1.8846e-11 3.2079e-11 2.5464e-11 2.6805e-11 3.6404e-11 2.5168e-11 2.2581e-11 2.4206e-11 2.5698e-11 2.48e-11 2.5593e-11 2.5468e-11 2.3414e-11 3.18e-11 2.2856e-11 2.3826e-11 2.4639e-11 2.349e-11 2.1383e-11 2.7535e-11 2.7061e-11 2.5015e-11 2.358e-11 2.3782e-11 2.1654e-11 2.1115e-11 2.1387e-11 2.0241e-11 2.094e-11 2.4424e-11 2.5244e-11 2.128e-11 1.5416e-11 2.1246e-11 1.2602e-11 2.4675e-11 1.0706e-11 7.5292e-12 1.6043e-11 1.4156e-11 1.2354e-11 1.1885e-11 1.1508e-11 6.2027e-12 1.3048e-11 1.4465e-11 1.5006e-11 8.3373e-12 8.7489e-12 8.0135e-12 8.2252e-12 1.4178e-11 8.1552e-12 8.578e-12 6.2819e-12 8.8548e-12 2.9475e-12 5.7924e-12 2.9562e-12 6.0396e-12 8.2427e-12 4.9559e-12 7.6189e-13 6.2939e-13 7.3392e-12 8.4053e-12 3.1088e-12 2.7878e-12 -8.1357e-13 6.4186e-12 5.5586e-12 5.4035e-12 5.1836e-12 -3.1995e-12 1.5514e-12 2.0807e-12 4.7416e-12 6.8967e-13 7.4962e-12 1.6456e-12 -6.7591e-13 2.7123e-12 8.2563e-13 -2.3278e-12 -2.9036e-12 6.1957e-13 3.9038e-12 4.0521e-12 3.8239e-12 1.4026e-12 2.8275e-12 2.4971e-12 5.87e-13 -3.864e-13 1.7073e-12 -4.9474e-12 -2.0351e-12 -2.2802e-12 -7.8321e-13 -1.6934e-13 2.6462e-13 2.2176e-12 4.7938e-12 -4.4821e-13 2.4006e-12 -2.2047e-12 -6.3705e-13 3.768e-12 -2.7874e-12 1.4481e-12 1.3764e-12 1.1674e-12 2.4993e-12 -2.3469e-12 -1.6099e-12 2.1368e-14 -2.6644e-12 1.7378e-12 -3.2962e-12 -1.0166e-14 6.0344e-13 -1.4492e-12 -1.1993e-12 -2.4856e-12 4.7882e-14 2.3629e-12 1.1039e-12 1.3177e-12 4.2694e-12 5.4374e-13 7.815e-13 1.9447e-12 -6.3061e-13 1.5175e-12 -5.6759e-14 -1.2411e-12 -2.4891e-13 -2.1326e-13 4.4408e-13 -5.7379e-13 -2.1355e-12 -5.6072e-13 -6.2739e-13 -1.0188e-12 3.3398e-13 -1.5821e-12 -8.6765e-13 1.8323e-13 2.2746e-12 -9.9733e-13 6.8742e-13 2.0504e-13 4.7706e-13 -3.419e-13 9.8461e-13 -1.4328e-12 -1.1088e-12 -1.589e-12 -2.8411e-13 -1.5388e-13 1.5216e-13 7.8957e-13 -3.1577e-14 1.9431e-13 -8.8256e-13 0
1.2886e-11 1.6205e-11 1.5337e-11 1.4818e-11 1.4353e-11 1.4517e-11 1.6642e-11 1.2076e-11 2.0005e-11 1.6805e-11 1.7347e-11 1.758e-11 1.5581e-11 1.5282e-11 1.6164e-11 1.4982e-11 1.2805e-11 1.8923e-11 1.8392e-11 1.8774e-11 1.1228e-11 1.8622e-11 1.3567e-11 1.6285e-11 2.0456e-11 1.4527e-11 1.3582e-11 1.3885e-11 1.5542e-11 1.6904e-11 1.736e-11 1.5887e-11 1.2544e-11 1.6103e-11 1.2845e-11 1.41e-11 1.2235e-11 1.3712e-11 1.0269e-11 1.5438e-11 1.5116e-11 1.4048e-11 1.419e-11 1.0883e-11 1.2322e-11 1.2916e-11 1.3726e-11 1.0677e-11 1.2968e-11 1.2708e-11 1.628e-11 1.2133e-11 1.0473e-11 1.3386e-11 5.4792e-12 1.5769e-11 7.0118e-12 5.1865e-12 1.0551e-11 8.7509e-12 6.2617e-12 8.3797e-12 5.6042e-12 4.1898e-12 7.8001e-12 7.4346e-12 9.0407e-12 4.4932e-12 5.8768e-12 4.4572e-12 3.36e-12 7.71e-12 5.0312e-12 4.9663e-12 5.1127e-12 5.2379e-12 2.1929e-12 3.476e-12 1.763e-12 4.4032e-12 4.7759e-12 4.169e-12 2.8684e-13 -7.3451e-14 4.9312e-12 5.628e-12 2.8588e-12 7.6541e-13 4.696e-13 2.5226e-12 3.2338e-12 4.3631e-12 2.0697e-12 -2.5015e-12 1.7661e-12 1.2899e-12 3.4568e-12 6.8378e-13 4.3485e-12 7.9819e-13 -5.0179e-13 1.5965e-12 1.3677e-12 -1.2713e-12 -1.9791e-12 2.201e-12 3.1444e-12 2.4889e-12 2.0808e-12 -1.523e-13 1.1446e-12 3.3095e-13 -1.1302e-12 7.3293e-13 1.0541e-12 -1.6634e-12 -1.7997e-12 -1.6168e-12 -1.5567e-12 -1.9118e-12 -2.8163e-12 1.6327e-13 2.2904e-12 -1.5603e-12 4.0818e-13 -2.4366e-12 -2.1725e-12 2.665e-12 -3.1796e-12 1.2933e-12 5.4561e-13 -2.3252e-13 2.1523e-13 8.5914e-13 6.365e-13 1.824e-13 -2.2519e-12 5.0303e-13 -1.9108e-12 1.4275e-12 -1.2106e-12 3.5235e-13 -5.8996e-13 -1.8205e-12 -7.5527e-13 4.1518e-13 1.9994e-12 1.7114e-12 2.2642e-12 -4.8749e-13 6.3766e-14 -2.9088e-13 2.4345e-13 8.877e-13 -2.9342e-13 -4.069e-13 1.5225e-13 -3.8339e-13 1.38e-13 -1.4754e-13 -1.7218e-12 9.5159e-13 -3.0548e-13 5.3354e-13 -3.0389e-13 -1.7934e-12 -3.6976e-13 7.5414e-14 1.4339e-12 -1.1515e-12 1.823e-13 6.7416e-13 7.0209e-14 -1.477e-13 7.6213e-13 -7.461e-13 -5.2301e-13 -7.9801e-13 -8.8951e-14 7.7321e-13 7.9759e-14 9.5046e-15 2.8894e-15 2.8993e-13 -5.8524e-13 0
2.2815e-11 2.4893e-11 2.4735e-11 2.2679e-11 2.09e-11 2.1115e-11 2.7215e-11 1.9379e-11 2.7963e-11 1.7347e-11 3.2853e-11 2.7024e-11 2.5599e-11 2.2132e-11 2.6198e-11 2.2564e-11 1.8063e-11 2.5214e-11 2.4312e-11 3.0122e-11 1.5602e-11 2.872e-11 2.37e-11 2.3415e-11 3.185e-11 2.4066e-11 2.0904e-11 2.3257e-11 2.2554e-11 2.1606e-11 2.3927e-11 2.486e-11 2.2765e-11 2.7924e-11 2.0985e-11 2.2443e-11 1.9236e-11 2.0298e-11 2.0154e-11 2.5841e-11 2.209e-11 2.1696e-11 2.134e-11 1.8889e-11 2.021e-11 2.1001e-11 2.2988e-11 2.12e-11 2.1342e-11 1.9959e-11 2.1799e-11 1.5439e-11 1.6924e-11 1.8855e-11 1.1293e-11 2.2366e-11 1.4106e-11 1.0243e-11 1.6311e-11 1.4003e-11 1.2066e-11 1.4407e-11 1.0917e-11 4.9981e-12 9.0658e-12 9.0972e-12 1.3559e-11 6.8373e-12 7.2023e-12 5.2905e-12 4.158e-12 1.4199e-11 7.2715e-12 7.4343e-12 6.1336e-12 8.0356e-12 5.0956e-13 4.3338e-12 1.7402e-12 3.9235e-12 7.705e-12 6.6698e-12 6.1854e-13 3.1243e-12 6.9919e-12 7.6514e-12 5.4894e-12 3.5154e-12 4.7357e-13 5.6798e-12 3.5564e-12 4.3135e-12 5.0317e-12 -2.6286e-12 1.6419e-12 1.8282e-12 2.6447e-12 1.3633e-12 6.77e-12 1.9021e-12 -2.1727e-13 1.5277e-12 3.1648e-12 -3.9051e-12 -3.1849e-12 -7.9894e-13 2.9429e-12 2.3817e-12 1.6439e-12 2.9171e-12 3.0821e-12 6.941e-13 2.71e-12 1.5865e-13 2.3951e-12 -8.9731e-13 6.715e-13 -6.2602e-13 -1.4311e-12 -1.0521e-12 -9.007e-13 1.0506e-12 2.9924e-12 -2.3717e-12 -2.0427e-12 -1.45e-12 -1.023e-12 2.492e-12 -1.7058e-13 1.8804e-12 -5.9971e-13 -7.7171e-14 2.3209e-12 -5.7978e-13 -3.2834e-13 -4.2932e-13 -3.1355e-12 3.8684e-13 -2.6168e-12 1.2386e-12 2.8277e-14 -1.7753e-12 -3.0566e-12 -8.5296e-13 -1.0907e-12 1.8338e-12 1.2155e-12 1.3857e-12 4.3563e-12 1.2125e-12 2.1011e-12 2.3697e-12 -1.2968e-12 2.1213e-12 -5.2068e-13 3.8354e-13 2.3921e-13 7.2188e-14 9.8625e-13 -1.4895e-12 -2.3179e-12 -3.5472e-13 1.4325e-12 -1.5097e-12 -5.125e-13 -1.3634e-12 -1.1568e-12 3.3486e-13 4.8498e-13 -5.0599e-13 1.1515e-12 2.7964e-13 -4.5818e-13 -4.9074e-13 -2.4052e-13 -2.0312e-12 -9.9738e-13 -8.6567e-13 2.2042e-14 4.9745e-13 -1.621e-14 6.1538e-13 -6.875e-13 -9.6918e-15 -3.7328e-13 0
2.3554e-11 2.4104e-11 2.2809e-11 2.2436e-11 2.255e-11 2.1968e-11 2.7732e-11 1.9611e-11 2.8786e-11 1.758e-11 2.7024e-11 3.1007e-11 2.4304e-11 2.3996e-11 2.7133e-11 2.5072e-11 2.193e-11 2.7827e-11 2.425e-11 3.2252e-11 1.7145e-11 2.8927e-11 2.3473e-11 2.3767e-11 3.3286e-11 2.3669e-11 2.1464e-11 2.4336e-11 2.4405e-11 2.2449e-11 2.448e-11 2.3901e-11 2.1171e-11 3.0213e-11 2.0564e-11 2.2501e-11 1.809e-11 2.203e-11 1.8172e-11 2.5699e-11 2.3304e-11 2.2633e-11 2.0024e-11 2.0161e-11 1.9801e-11 1.8581e-11 2.3506e-11 1.9048e-11 1.9705e-11 2.1226e-11 2.2516e-11 1.7041e-11 1.8301e-11 1.8301e-11 1.232e-11 2.324e-11 1.4445e-11 8.2081e-12 1.7145e-11 1.2278e-11 1.2686e-11 1.1978e-11 1.1254e-11 6.892e-12 8.3495e-12 9.0296e-12 1.2748e-11 6.9455e-12 7.2786e-12 6.8239e-12 6.2563e-12 1.2193e-11 7.3642e-12 1.0371e-11 3.9179e-12 6.9526e-12 3.2942e-12 4.2226e-12 4.5197e-12 6.1234e-12 7.2895e-12 5.9982e-12 1.1661e-12 2.9915e-12 7.9935e-12 4.7632e-12 5.5143e-12 2.2269e-12 2.7398e-12 5.0952e-12 5.3767e-12 5.5344e-12 3.4083e-12 -2.8758e-12 1.5202e-12 1.5259e-12 2.9057e-12 1.62e-12 6.2504e-12 2.4318e-12 -6.3595e-13 3.8946e-12 2.064e-12 -4.3526e-12 -2.3458e-12 5.1953e-13 2.814e-12 3.8661e-12 1.1413e-12 1.9569e-12 2.9375e-12 5.2806e-13 2.9682e-12 -1.1484e-12 3.9265e-12 -1.5647e-12 1.4073e-12 -8.2535e-13 -1.26e-13 -1.6275e-12 -2.6345e-12 -3.7146e-13 3.4669e-12 -1.2918e-12 1.1246e-13 -2.1029e-12 -2.1501e-12 3.2378e-12 -9.008e-13 2.2464e-12 -4.3837e-13 9.4637e-13 8.4354e-13 4.2951e-14 -9.9388e-13 -9.645e-13 -1.3252e-12 -1.0462e-12 -2.3041e-12 9.9885e-13 8.5304e-13 -1.2564e-12 -2.7806e-12 -6.5118e-13 -6.0747e-14 2.4644e-12 1.8778e-12 1.6502e-12 3.9177e-12 5.2551e-13 8.7682e-13 1.6274e-12 -1.8469e-13 4.6729e-13 -4.6577e-13 -8.9107e-14 -2.7494e-13 4.3033e-13 2.9003e-13 -1.0889e-12 -2.7407e-12 -2.7896e-13 -1.3598e-12 -8.654e-13 -6.3449e-13 -2.3617e-12 -2.296e-13 8.4192e-13 1.8596e-12 -9.1006e-13 6.5827e-13 5.795e-13 -7.2157e-13 -1.0305e-12 5.0549e-13 -1.069e-12 -8.6942e-13 -9.1638e-13 5.0099e-14 1.5625e-14 2.4899e-13 9.7875e-13 -2.318e-13 4.9218e-14 -3.5491e-13 0
2.2858e-11 2.2536e-11 2.2187e-11 2.1356e-11 2.0056e-11 2.0869e-11 2.5261e-11 1.8827e-11 2.672e-11 1.5581e-11 2.5599e-11 2.4304e-11 2.9074e-11 2.0312e-11 2.4968e-11 2.2775e-11 1.9741e-11 2.5244e-11 2.3651e-11 2.9768e-11 1.5053e-11 2.8101e-11 2.4026e-11 2.215e-11 3.0234e-11 2.1516e-11 2.3131e-11 2.0888e-11 1.9507e-11 2.0485e-11 2.1645e-11 1.8743e-11 2.2123e-11 2.6627e-11 2.0656e-11 2.1819e-11 1.803e-11 1.9673e-11 2.0896e-11 2.351e-11 2.192e-11 2.0995e-11 2.0753e-11 1.9613e-11 1.8609e-11 1.9135e-11 2.0766e-11 1.9072e-11 1.8925e-11 1.8954e-11 1.9639e-11 1.3609e-11 1.4521e-11 1.6644e-11 9.0967e-12 2.1447e-11 1.299e-11 6.9297e-12 1.4839e-11 1.1984e-11 1.1196e-11 1.1005e-11 7.5623e-12 5.8545e-12 7.9685e-12 1.1191e-11 1.4224e-11 5.8193e-12 5.7899e-12 5.5172e-12 4.8398e-12 1.2071e-11 4.3791e-12 8.2359e-12 4.3444e-12 6.3678e-12 1.566e-12 4.0686e-12 1.3356e-12 5.6444e-12 7.3251e-12 4.4906e-12 8.804e-13 2.8806e-12 8.3453e-12 5.3732e-12 4.6572e-12 3.1733e-12 1.2507e-12 5.9978e-12 4.6476e-12 3.5751e-12 3.5467e-12 -2.3482e-12 1.0355e-12 1.0857e-12 3.4845e-12 -1.27e-13 6.7563e-12 4.6292e-13 -1.5919e-12 2.2014e-12 5.3228e-13 -3.2501e-12 -5.5934e-12 1.4177e-12 3.8188e-12 4.0025e-12 1.7633e-12 4.0467e-12 3.2946e-12 1.4803e-13 5.6136e-13 -1.0262e-12 1.1096e-12 -1.4973e-12 -1.0266e-12 9.3829e-13 2.0332e-12 -1.0044e-13 -2.4917e-12 7.807e-13 3.4768e-12 -9.9334e-13 -8.7978e-13 -1.7162e-12 -1.1178e-12 3.2782e-12 -1.8596e-12 2.8352e-12 9.5542e-13 1.7387e-12 2.0019e-12 -6.2058e-13 -6.7803e-13 5.4187e-13 -3.5172e-12 5.3179e-13 -3.5216e-12 1.1137e-12 6.4748e-13 -9.2912e-13 -3.4893e-12 -1.0893e-12 -4.4022e-13 1.835e-12 1.4901e-12 1.6849e-12 3.7769e-12 8.3565e-13 -9.4707e-14 1.5773e-12 -2.8032e-13 1.7348e-12 -1.2988e-12 -4.347e-13 -4.4931e-13 8.2921e-14 2.9564e-13 -1.9093e-13 -2.4399e-12 -1.1461e-12 1.3255e-12 -8.9262e-13 5.6751e-14 -8.4503e-13 -1.3216e-12 -4.7598e-13 3.9127e-13 -5.6498e-13 6.6167e-13 6.7204e-13 9.0199e-14 -1.1263e-12 1.0281e-12 -1.7521e-12 -1.1756e-12 -4.3805e-13 7.6059e-14 -4.207e-13 6.1962e-14 5.8359e-13 -6.8724e-13 -1.0925e-13 -3.8295e-13 0
1.9231e-11 2.012e-11 2.0149e-11 1.8279e-11 1.8896e-11 1.8773e-11 2.1832e-11 1.6649e-11 2.476e-11 1.5282e-11 2.2132e-11 2.3996e-11 2.0312e-11 2.6109e-11 2.3557e-11 2.1899e-11 1.8384e-11 2.3782e-11 2.2156e-11 2.7733e-11 1.3709e-11 2.3924e-11 1.902e-11 1.8123e-11 2.741e-11 2.0954e-11 1.9541e-11 2.1003e-11 1.9544e-11 1.9625e-11 2.1187e-11 1.9787e-11 1.8429e-11 2.5572e-11 1.7684e-11 2.0752e-11 1.5935e-11 1.9172e-11 1.6058e-11 2.1771e-11 2.0893e-11 1.9267e-11 1.722e-11 1.6338e-11 1.4501e-11 1.4989e-11 1.9539e-11 1.7576e-11 1.7021e-11 1.7102e-11 2.2138e-11 1.5178e-11 1.5205e-11 1.6184e-11 1.0274e-11 1.918e-11 1.1422e-11 5.333e-12 1.5168e-11 1.0307e-11 8.9994e-12 1.149e-11 1.19e-11 4.6323e-12 9.4589e-12 8.6716e-12 1.065e-11 5.5299e-12 5.1132e-12 6.5849e-12 5.8309e-12 1.0391e-11 5.8056e-12 8.454e-12 5.3158e-12 6.8177e-12 3.6279e-12 5.2931e-12 2.6732e-12 8.2225e-12 5.5477e-12 6.3073e-12 4.2466e-13 1.8704e-12 6.7716e-12 5.5618e-12 2.0325e-12 4.0913e-13 4.9833e-13 4.4004e-12 2.5607e-12 2.999e-12 3.7286e-12 -1.4789e-12 1.0683e-12 1.4627e-13 2.0404e-12 -2.9151e-13 6.6832e-12 -2.1375e-13 -1.7015e-12 4.1164e-12 2.1346e-14 -2.3666e-12 -3.6766e-12 2.5397e-13 2.6503e-12 4.802e-12 -1.1364e-12 -4.4556e-13 2.2588e-12 5.3332e-13 1.864e-12 1.7768e-13 2.157e-12 -2.9651e-12 -6.7533e-13 -5.2583e-13 3.2392e-15 -6.9045e-13 -2.7558e-12 1.914e-12 2.8424e-12 -9.8433e-13 -5.2513e-13 -2.3241e-12 -8.2177e-13 2.1206e-12 -2.1123e-12 1.5949e-12 1.2848e-12 2.8466e-13 1.4363e-12 -1.2794e-12 3.0006e-13 1.2249e-12 -2.2328e-12 -1.5946e-13 -2.5791e-12 -2.6855e-15 1.2675e-12 -2.1918e-12 -1.0869e-12 -2.1713e-12 1.6243e-13 2.2875e-12 6.6275e-13 1.719e-13 3.0466e-12 -1.1707e-12 1.0173e-12 6.3826e-13 -1.0179e-12 7.6033e-13 1.3264e-12 -9.1216e-13 -1.2399e-12 -1.7139e-13 1.1803e-13 -2.0277e-12 -2.1698e-12 5.617e-13 -2.5121e-13 -4.6205e-13 -3.2606e-13 -2.5666e-12 4.0643e-13 9.1731e-13 1.2553e-12 -8.2545e-13 2.8244e-13 8.1509e-13 -5.525e-13 -6.2254e-13 7.6705e-13 -1.2842e-12 -7.0512e-13 -8.4597e-13 5.3165e-13 2.0349e-13 4.7073e-14 7.5423e-13 -5.3306e-13 1.6506e-14 -2.1989e-13 0
2.5064e-11 2.3938e-11 2.3882e-11 2.2187e-11 2.2855e-11 2.3198e-11 2.8089e-11 2.1625e-11 3.0277e-11 1.6164e-11 2.6198e-11 2.7133e-11 2.4968e-11 2.3557e-11 3.275e-11 2.5222e-11 2.1856e-11 2.7344e-11 2.6537e-11 3.2576e-11 1.7234e-11 2.8729e-11 2.5729e-11 2.2891e-11 3.1867e-11 2.47e-11 2.3375e-11 2.3092e-11 2.2483e-11 2.2955e-11 2.4151e-11 2.3061e-11 2.2376e-11 3.0662e-11 1.9962e-11 2.1951e-11 2.1674e-11 2.2553e-11 1.9114e-11 2.4895e-11 2.4652e-11 2.3764e-11 2.1821e-11 2.0922e-11 2.1603e-11 2.0425e-11 2.4617e-11 2.0809e-11 2.172e-11 2.1056e-11 2.1608e-11 1.6689e-11 1.5134e-11 1.6832e-11 1.4136e-11 2.2086e-11 1.3496e-11 7.8891e-12 1.6426e-11 1.4802e-11 1.1721e-11 1.1549e-11 1.2033e-11 5.2099e-12 1.1145e-11 1.1627e-11 1.3086e-11 5.6813e-12 7.6777e-12 6.4955e-12 7.3422e-12 1.3973e-11 6.2905e-12 8.5325e-12 4.2139e-12 8.7113e-12 4.5169e-12 5.1798e-12 2.9784e-12 6.4572e-12 7.8622e-12 5.377e-12 1.4234e-12 2.0968e-12 1.019e-11 6.5402e-12 3.1424e-12 1.9717e-12 -4.7619e-15 4.8282e-12 4.3495e-12 6.1631e-12 4.1159e-12 -2.0546e-12 1.2212e-12 4.9785e-13 3.8896e-12 -1.7579e-12 6.7105e-12 2.8649e-12 3.6001e-13 1.8687e-12 5.7164e-13 -2.6151e-12 -4.0516e-12 8.2144e-13 1.4525e-12 2.6481e-12 2.0778e-12 1.3149e-12 3.5638e-12 2.0422e-13 1.3954e-12 1.0513e-13 1.5919e-12 -3.0912e-12 -5.7176e-13 -1.9921e-12 -9.5152e-13 -1.7151e-12 -6.089e-13 2.5861e-12 4.1887e-12 2.4592e-13 6.0658e-13 -2.904e-12 -1.3552e-12 1.4501e-12 -1.6113e-13 2.7385e-12 1.4606e-12 3.8559e-13 1.9292e-12 -1.6615e-12 -3.5681e-13 5.4457e-13 -1.1749e-12 -1.096e-13 -2.7061e-12 -1.5161e-14 1.0242e-12 -1.1506e-12 -9.1377e-13 -1.0397e-12 1.5246e-12 2.8091e-12 1.6196e-12 1.9709e-12 3.8571e-12 7.5928e-13 7.8801e-13 3.0247e-12 4.6231e-13 6.7186e-13 -9.5006e-13 -1.781e-12 -5.1153e-13 -5.6944e-13 1.9407e-12 1.3183e-13 -1.7657e-12 -5.592e-13 -3.3076e-13 -6.5773e-13 -5.1896e-13 -2.1662e-12 -1.8721e-12 4.5438e-13 1.1858e-12 -4.8237e-13 2.8249e-13 9.552e-15 3.6663e-14 -3.6958e-13 -6.4156e-15 -1.5157e-12 -1.2145e-12 -1.0641e-12 5.6734e-14 1.2694e-13 -1.5381e-13 5.2421e-13 -3.3946e-13 -1.1858e-13 -4.2024e-13 0
2.3368e-11 2.1836e-11 2.1305e-11 2.0667e-11 2.2314e-11 2.1352e-11 2.4865e-11 1.9596e-11 2.5889e-11 1.4982e-11 2.2564e-11 2.5072e-11 2.2775e-11 2.1899e-11 2.5222e-11 2.8605e-11 2.0501e-11 2.7142e-11 2.3453e-11 2.8084e-11 1.5221e-11 2.6405e-11 2.206e-11 2.2051e-11 2.8457e-11 2.3993e-11 2.1512e-11 2.2252e-11 2.2338e-11 2.0133e-11 2.346e-11 2.0153e-11 2.2222e-11 3.005e-11 1.9692e-11 2.2026e-11 1.7405e-11 2.1839e-11 2.0771e-11 2.2767e-11 2.0238e-11 1.8975e-11 2.2179e-11 1.9065e-11 1.6338e-11 1.7056e-11 2.1611e-11 1.6587e-11 1.8661e-11 2.0271e-11 2.334e-11 1.3296e-11 1.5511e-11 1.5856e-11 1.2563e-11 2.0476e-11 1.2763e-11 7.4975e-12 1.7462e-11 7.8625e-12 1.1329e-11 1.1171e-11 1.1313e-11 4.6115e-12 7.4479e-12 9.2939e-12 1.1938e-11 4.964e-12 6.9419e-12 6.3579e-12 5.2816e-12 1.2328e-11 7.0793e-12 6.7191e-12 3.3975e-12 5.9706e-12 3.3356e-12 6.279e-12 2.9501e-12 5.1143e-12 4.8423e-12 7.2739e-12 8.227e-14 1.9417e-12 9.042e-12 4.8301e-12 5.2608e-12 2.1767e-12 1.7048e-12 6.0688e-12 4.7579e-12 5.4866e-12 3.5292e-12 -6.9535e-13 -3.9405e-13 -7.133e-13 2.5184e-12 9.0983e-13 6.3784e-12 1.4533e-12 9.3711e-13 3.6285e-12 7.2721e-13 -3.5364e-12 -2.0749e-12 -3.2718e-13 3.3572e-12 3.3715e-12 2.4512e-13 2.2725e-12 2.8849e-12 -9.3266e-13 2.8519e-12 2.0113e-12 3.13e-12 -1.0238e-12 -2.2512e-12 -2.4858e-12 -1.8374e-12 -3.755e-13 -2.034e-12 -3.5221e-13 1.7847e-12 -3.2635e-13 1.3738e-12 -1.7331e-13 -1.2705e-12 2.4215e-12 -3.4542e-12 1.6878e-12 -1.0123e-13 2.2147e-12 1.378e-12 -1.0665e-12 -1.1189e-12 1.9294e-12 -2.2824e-12 -4.5405e-13 -2.036e-12 -9.0261e-13 -9.5237e-13 -1.7862e-12 -1.9421e-12 -1.6907e-12 4.3339e-14 1.9962e-12 2.2601e-12 1.8969e-12 4.5815e-12 -3.3298e-13 1.0528e-12 1.7738e-12 1.3518e-13 3.2948e-13 -1.6368e-13 -2.419e-13 -1.6098e-12 -7.1049e-13 4.7982e-13 1.2502e-12 -2.0451e-12 2.4588e-13 5.9405e-13 -7.0048e-13 -5.8256e-13 -2.0021e-12 -7.2727e-13 2.309e-13 1.8349e-12 -1.4005e-12 2.9438e-13 2.2868e-14 -1.114e-12 -1.0086e-12 5.5324e-15 -1.4914e-12 -8.8427e-13 -7.4886e-13 1.4016e-13 -3.488e-13 -4.697e-14 3.597e-13 -6.7547e-13 -4.3204e-14 -7.3783e-13 0
1.9268e-11 1.8262e-11 1.7512e-11 1.7229e-11 1.8222e-11 1.7187e-11 2.0815e-11 1.6292e-11 2.3799e-11 1.2805e-11 1.8063e-11 2.193e-11 1.9741e-11 1.8384e-11 2.1856e-11 2.0501e-11 2.2955e-11 2.3215e-11 2.0696e-11 2.666e-11 1.4556e-11 2.123e-11 1.9345e-11 1.9453e-11 2.4805e-11 1.7442e-11 1.7311e-11 1.796e-11 1.9342e-11 1.8233e-11 1.9911e-11 1.7529e-11 1.7906e-11 2.5232e-11 1.6086e-11 1.6833e-11 1.6194e-11 1.911e-11 1.5583e-11 2.0758e-11 1.84e-11 1.8973e-11 1.8085e-11 1.54e-11 1.5415e-11 1.4669e-11 1.6449e-11 1.4903e-11 1.5356e-11 1.7804e-11 1.8064e-11 1.5742e-11 1.2633e-11 1.575e-11 1.0836e-11 1.733e-11 9.9261e-12 6.4797e-12 1.3227e-11 7.2775e-12 8.6947e-12 9.7341e-12 9.2271e-12 6.2514e-12 6.5763e-12 8.5433e-12 1.1838e-11 3.724e-12 4.3903e-12 7.2184e-12 4.9726e-12 7.6755e-12 7.2008e-12 8.0504e-12 4.9358e-12 3.7153e-12 3.5677e-12 4.6269e-12 2.6409e-12 5.6832e-12 3.2539e-12 2.7744e-12 6.3371e-13 2.8271e-12 6.5375e-12 5.9211e-12 3.3972e-12 -7.9683e-13 1.9802e-12 2.9181e-12 4.5036e-12 4.635e-12 4.5472e-12 -2.9356e-12 4.7976e-13 1.271e-12 3.4195e-12 5.9111e-13 4.5085e-12 2.8622e-12 -1.0022e-12 4.4433e-12 -4.2865e-13 -4.174e-12 -2.9852e-12 -2.1889e-13 3.4743e-12 4.4166e-12 1.5503e-12 1.2663e-12 1.4921e-12 1.6785e-13 3.7375e-13 -4.1899e-13 2.5256e-12 -1.872e-12 -4.9105e-13 -1.9251e-12 2.4211e-12 -7.5569e-13 -9.072e-13 1.4856e-12 3.3619e-12 -1.1379e-12 2.8296e-13 1.3712e-13 -7.9177e-13 2.162e-12 -1.5533e-12 1.1421e-12 -7.4059e-14 1.1054e-12 2.0092e-12 -6.887e-13 -8.4923e-13 5.9088e-13 -1.1792e-12 -1.0402e-12 -2.41e-12 -9.6959e-13 1.0799e-12 -1.1327e-12 -1.8963e-12 -1.9411e-12 -2.0352e-13 8.5705e-13 1.2256e-12 5.2689e-14 4.9617e-12 5.0211e-13 7.7299e-13 1.1499e-12 -4.0418e-13 9.2636e-14 -1.2221e-12 -8.4531e-13 -2.1819e-13 -5.5656e-13 4.2241e-14 -2.1843e-13 -2.6538e-12 -4.1416e-13 -4.3818e-13 -8.8395e-13 -2.3494e-13 -2.143e-12 -3.1317e-13 -4.821e-14 9.5166e-13 -7.3535e-13 -2.0266e-13 1.6459e-13 3.9479e-13 -4.5493e-13 4.4094e-13 -4.1398e-13 -6.7288e-13 -5.5711e-13 2.5262e-13 -5.3984e-13 2.3157e-13 7.0416e-13 -2.5076e-13 5.6808e-14 -3.4379e-13 0
2.2903e-11 2.5246e-11 2.2296e-11 2.4391e-11 2.2894e-11 2.4467e-11 2.8654e-11 2.0865e-11 3.1517e-11 1.8923e-11 2.5214e-11 2.7827e-11 2.5244e-11 2.3782e-11 2.7344e-11 2.7142e-11 2.3215e-11 3.6826e-11 2.7157e-11 3.1558e-11 1.8138e-11 2.9479e-11 2.3054e-11 2.655e-11 3.2256e-11 2.6734e-11 2.2065e-11 2.2961e-11 2.4691e-11 2.1902e-11 2.7219e-11 2.3388e-11 2.3841e-11 3.3342e-11 2.2456e-11 2.7242e-11 2.0522e-11 2.1246e-11 1.9682e-11 2.8007e-11 2.4172e-11 2.2361e-11 2.4329e-11 2.2709e-11 1.9741e-11 1.9067e-11 2.2015e-11 2.1149e-11 1.9875e-11 2.34e-11 2.3755e-11 1.7244e-11 1.5924e-11 2.1162e-11 1.3383e-11 2.3341e-11 1.0369e-11 9.1861e-12 1.8486e-11 1.2609e-11 1.0877e-11 1.3378e-11 1.1131e-11 7.0404e-12 1.1641e-11 1.3625e-11 1.3658e-11 6.31e-12 7.2213e-12 9.4003e-12 5.5683e-12 1.3126e-11 7.3741e-12 7.3111e-12 1.8479e-12 7.2312e-12 4.6759e-12 7.0876e-12 4.5452e-12 7.0803e-12 6.0111e-12 8.4766e-12 3.0715e-13 3.554e-12 9.2099e-12 5.453e-12 3.313e-12 2.3876e-12 2.0476e-14 7.5746e-12 5.4757e-12 6.3328e-12 4.5415e-12 -1.4719e-12 7.8214e-13 1.9093e-12 1.8151e-12 1.1853e-12 6.9347e-12 -1.19e-13 6.895e-13 4.0567e-12 1.0177e-12 -4.7803e-12 -4.4589e-12 8.6069e-13 3.3574e-12 4.8137e-12 1.6703e-12 1.6832e-12 2.8311e-12 2.0389e-12 -1.3e-12 -1.0454e-13 3.5931e-12 -2.1819e-12 -1.9496e-12 -3.6669e-12 -1.0482e-13 -3.789e-13 -3.0615e-12 -3.1679e-13 3.8166e-12 1.122e-13 1.7221e-12 -4.2895e-13 -2.0799e-12 2.9261e-12 -2.1239e-12 2.6542e-12 -7.4725e-13 2.3319e-12 2.382e-12 -1.7978e-12 -1.1397e-12 -1.476e-12 -2.0299e-12 1.6049e-12 -2.5038e-12 1.2653e-12 7.1223e-13 -1.6357e-12 -1.5476e-12 -2.1103e-12 -2.9404e-13 1.7552e-12 1.9908e-12 1.0052e-12 5.8657e-12 -3.9834e-13 6.9076e-13 2.0458e-12 -5.2269e-13 1.3658e-12 4.8522e-14 -6.2267e-13 4.9606e-13 -1.055e-12 4.7482e-13 -5.9657e-13 -3.272e-12 1.3535e-13 1.0215e-13 -1.0554e-12 3.0994e-13 -1.4136e-12 1.6269e-13 2.9709e-14 1.8348e-12 -9.6106e-13 2.6068e-13 4.3213e-13 -6.1961e-13 -9.447e-13 6.1744e-13 -1.7329e-12 -6.2311e-13 -1.3085e-12 -4.7903e-13 -1.1737e-13 2.8635e-13 6.5868e-13 -4.0117e-13 2.815e-13 -7.9721e-13 0
2.1122e-11 2.3428e-11 2.3544e-11 2.1686e-11 2.1209e-11 2.2068e-11 2.5671e-11 1.912e-11 2.8583e-11 1.8392e-11 2.4312e-11 2.425e-11 2.3651e-11 2.2156e-11 2.6537e-11 2.3453e-11 2.0696e-11 2.7157e-11 2.8886e-11 2.9224e-11 1.6918e-11 2.773e-11 2.3148e-11 2.2905e-11 2.9724e-11 2.3414e-11 2.097e-11 2.137e-11 2.0799e-11 2.3564e-11 2.5097e-11 2.2087e-11 2.0694e-11 2.7495e-11 1.9635e-11 2.1261e-11 2.0814e-11 2.1242e-11 1.8335e-11 2.5521e-11 2.1234e-11 2.2221e-11 2.3469e-11 1.874e-11 1.831e-11 1.7694e-11 2.1932e-11 1.8403e-11 2.0175e-11 2.0112e-11 2.1337e-11 1.7645e-11 1.3922e-11 1.9205e-11 1.1715e-11 2.253e-11 1.2998e-11 6.7908e-12 1.6495e-11 1.2457e-11 8.7911e-12 1.2892e-11 1.0826e-11 5.1962e-12 1.0546e-11 1.207e-11 1.5005e-11 6.4517e-12 5.6033e-12 8.5725e-12 5.1433e-12 1.2814e-11 6.4013e-12 8.7579e-12 5.1438e-12 7.8795e-12 2.9267e-12 5.0193e-12 2.261e-12 6.9036e-12 6.6524e-12 6.632e-12 8.4002e-13 1.4917e-12 9.4882e-12 8.3042e-12 4.6457e-12 2.2134e-12 8.8095e-14 4.5954e-12 4.7269e-12 4.7533e-12 3.532e-12 -7.8474e-13 2.0714e-12 3.6652e-13 3.5813e-12 -9.7197e-13 5.3763e-12 9.9544e-13 -5.6318e-13 2.8311e-12 1.7768e-12 -3.4513e-12 -3.8862e-12 1.1811e-12 2.5926e-12 4.7739e-12 1.8729e-12 1.6733e-12 2.8714e-12 5.1839e-13 4.0623e-13 1.0564e-12 1.4123e-12 -3.517e-12 -1.7855e-12 -2.2401e-12 -1.381e-13 -1.1151e-12 -2.0935e-12 1.845e-12 3.2001e-12 1.0141e-13 8.6947e-13 -2.8646e-12 -2.0954e-12 2.2386e-12 -4.315e-12 2.4564e-12 8.3577e-13 -4.1903e-13 2.5178e-12 -8.8317e-13 -1.5456e-13 8.7265e-14 -2.8498e-12 3.2991e-13 -2.5677e-12 -5.3821e-15 -4.0146e-13 -1.2056e-12 -2.5569e-13 -2.1578e-12 -3.8833e-13 3.9348e-13 2.5156e-12 1.353e-12 4.5675e-12 -2.5328e-13 -1.9669e-14 1.4147e-12 3.4046e-13 1.1292e-12 -4.3263e-13 -1.4495e-12 -5.5249e-13 -4.9581e-13 6.1455e-13 6.499e-13 -3.1025e-12 4.0144e-13 1.3279e-13 9.6396e-14 -2.8167e-13 -1.7244e-12 -1.061e-12 -6.6181e-13 1.4721e-12 -6.1848e-13 -4.7148e-13 3.9893e-14 -1.4657e-13 -7.8272e-14 2.1121e-13 -8.8858e-13 -1.1065e-12 -1.0158e-12 9.2356e-15 2.7677e-13 1.8715e-13 4.2876e-13 -1.8969e-13 2.4536e-13 -9.0338e-13 0
