1.0119e-10 9.4089e-11 8.3785e-11 8.1477e-11 7.815e-11 8.0524e-11 9.0397e-11 7.8998e-11 9.9545e-11 6.5225e-11 7.5493e-11 8.3151e-11 6.6518e-11 7.6558e-11 7.8741e-11 7.3866e-11 6.5824e-11 7.0213e-11 6.3503e-11 7.0152e-11 4.7186e-11 6.0054e-11 5.7427e-11 4.2141e-11 6.0614e-11 4.2967e-11 3.8167e-11 4.2221e-11 4.0292e-11 3.4609e-11 3.971e-11 1.8849e-11 3.6001e-11 2.9343e-11 2.9012e-11 2.5938e-11 2.8804e-11 2.4619e-11 1.9318e-11 2.2817e-11 1.2426e-11 1.4013e-11 1.6924e-11 2.1394e-11 1.6835e-11 7.2038e-12 1.3581e-11 1.1894e-11 1.5973e-11 9.871e-12 3.7666e-12 5.9033e-13 3.7034e-12 -5.7993e-13 3.9523e-12 -6.1407e-12 -2.4636e-12 1.201e-12 3.1029e-12 1.1296e-11 -7.0203e-12 -8.0457e-12 -3.7331e-12 9.037e-13 -1.8269e-12 -3.7855e-12 -8.9682e-12 1.6226e-12 -6.5033e-13 -6.6668e-12 8.1102e-14 1.9627e-12 -6.4148e-12 -3.7706e-12 -4.8183e-12 4.7857e-12 -1.8019e-12 -6.3446e-12 3.8718e-12 -5.0224e-12 -5.888e-12 -4.6493e-12 -5.6881e-12 -1.616e-12 6.3497e-12 -1.4278e-13 -2.1051e-12 2.5642e-12 1.5527e-12 1.847e-12 -5.2337e-12 -1.6723e-12 -9.7901e-14 -3.4805e-12 -7.0743e-12 4.4085e-13 -2.534e-13 3.0332e-12 -9.8297e-13 -5.1903e-12 -1.7468e-12 -9.2129e-12 4.5313e-12 -1.9243e-13 1.6376e-12 1.4138e-13 -8.8563e-13 1.7569e-12 -2.2541e-12 8.9494e-13 4.4511e-12 1.2564e-12 2.2303e-12 -8.6435e-13 1.2158e-12 -3.1068e-13 2.0152e-12 -2.8042e-13 7.3856e-13 7.0631e-13 8.1624e-13 6.6876e-14 3.2171e-13 1.4031e-13 3.51e-13 2.6105e-13 2.1987e-13
9.4089e-11 1.022e-10 8.5423e-11 8.0998e-11 8.0902e-11 7.9693e-11 9.3391e-11 7.6633e-11 9.6129e-11 6.3988e-11 7.7302e-11 8.4872e-11 7.0398e-11 7.5508e-11 8.0671e-11 7.3386e-11 6.4398e-11 7.0904e-11 5.9051e-11 6.7275e-11 4.4718e-11 6.2156e-11 5.7588e-11 4.3487e-11 6.1155e-11 4.1264e-11 3.8006e-11 4.4662e-11 3.7713e-11 3.2402e-11 3.9801e-11 1.8858e-11 3.5499e-11 2.798e-11 2.7082e-11 2.299e-11 2.5198e-11 2.6005e-11 2.214e-11 2.0678e-11 9.9697e-12 1.4213e-11 1.944e-11 2.505e-11 1.8174e-11 4.6798e-12 1.3584e-11 1.2669e-11 1.3158e-11 1.1375e-11 4.2968e-12 2.7528e-12 3.7378e-12 1.5634e-12 4.8151e-12 -6.8682e-12 -4.17e-12 -8.2143e-13 -1.5527e-13 6.9156e-12 -9.1081e-12 -4.5011e-12 -2.8453e-12 -1.561e-13 -1.273e-12 -7.0405e-13 -8.6607e-12 -9.8571e-14 -2.4842e-12 -7.0529e-12 -1.7183e-12 -3.2009e-12 -9.926e-12 -4.8333e-12 -3.3282e-12 6.0384e-12 -3.9437e-12 -3.6823e-12 2.758e-12 -4.345e-12 -5.2139e-12 -2.9093e-12 -5.9818e-12 -4.1478e-12 4.9507e-12 -1.6012e-12 -2.6504e-13 2.0581e-12 1.0044e-12 1.7436e-12 -6.3084e-12 -2.5854e-12 -2.9373e-13 -5.0158e-12 -5.5858e-12 1.9226e-14 6.7386e-13 3.0161e-12 -6.7891e-13 -4.8589e-12 -2.5399e-12 -7.6745e-12 4.5094e-12 9.6195e-13 9.6478e-13 7.5291e-14 2.4716e-13 1.3923e-12 -3.2619e-12 5.3959e-13 4.5062e-12 2.0812e-12 2.1539e-12 -1.2726e-12 1.7428e-12 3.1364e-14 1.4271e-12 -2.7776e-13 1.3747e-12 5.6548e-13 7.4482e-13 4.2234e-13 2.4439e-13 3.7724e-14 3.4101e-13 2.3706e-13 2.2579e-13
8.3785e-11 8.5423e-11 8.6362e-11 7.4238e-11 7.1096e-11 7.0053e-11 8.0767e-11 7.0037e-11 8.9247e-11 5.9487e-11 7.0068e-11 8.0269e-11 6.2354e-11 6.9911e-11 7.6495e-11 6.7109e-11 5.9656e-11 6.1094e-11 5.7517e-11 5.7555e-11 3.8535e-11 5.6874e-11 5.247e-11 3.8756e-11 5.6064e-11 4.0216e-11 3.7816e-11 3.9958e-11 3.5874e-11 3.085e-11 3.7977e-11 1.8717e-11 2.9668e-11 2.7844e-11 2.632e-11 2.2907e-11 2.2743e-11 2.3886e-11 1.7647e-11 1.985e-11 1.1491e-11 1.7456e-11 1.9448e-11 2.0159e-11 1.7354e-11 6.9512e-12 1.5016e-11 1.0625e-11 1.3067e-11 7.8981e-12 -9.7332e-13 2.2134e-12 7.3438e-12 2.6548e-12 1.8094e-12 -7.4118e-12 -1.8141e-12 -3.405e-12 2.6933e-13 7.814e-12 -9.1677e-12 -4.8413e-12 -5.2481e-12 8.1285e-15 -2.9351e-12 -5.6548e-13 -9.7794e-12 1.4624e-12 -3.5147e-12 -4.4937e-12 -4.4142e-12 -3.4386e-12 -7.3883e-12 -5.4119e-12 -3.4668e-12 2.4523e-12 -1.0518e-12 -5.5487e-12 3.4562e-12 -2.4446e-12 -2.5543e-12 -1.984e-12 -6.4604e-12 -3.996e-12 5.12e-12 -1.643e-12 -1.2885e-14 1.2875e-12 2.6474e-12 2.1029e-12 -3.0934e-12 -9.8435e-13 6.5656e-13 -2.3015e-12 -4.6426e-12 -2.6873e-14 -1.9758e-12 2.7292e-12 -1.3e-13 -4.5934e-12 -2.1716e-12 -5.8766e-12 4.0011e-12 -6.0648e-13 1.2602e-12 5.3761e-13 1.2965e-12 7.1481e-13 -3.505e-12 1.2121e-12 3.3198e-12 8.6837e-13 1.8851e-12 -2.1036e-13 1.2642e-12 -3.3956e-13 1.1645e-12 -3.8323e-13 1.5875e-12 3.2024e-13 7.4249e-13 3.4431e-13 2.1028e-13 2.4781e-14 3.1687e-13 2.1008e-13 2.5944e-13
8.1477e-11 8.0998e-11 7.4238e-11 8.0744e-11 7.156e-11 6.8873e-11 7.9759e-11 6.7079e-11 8.4494e-11 5.5414e-11 6.6542e-11 7.073e-11 6.1038e-11 6.5643e-11 6.4553e-11 6.5774e-11 5.7714e-11 6.1244e-11 5.2545e-11 5.9167e-11 4.1929e-11 5.5636e-11 5.3423e-11 3.574e-11 5.3764e-11 3.7241e-11 3.4826e-11 3.8043e-11 3.1256e-11 2.6851e-11 3.4902e-11 1.5397e-11 3.2742e-11 2.4139e-11 2.3348e-11 2.2931e-11 2.3506e-11 2.3448e-11 1.5662e-11 1.8142e-11 1.2647e-11 1.2779e-11 1.7597e-11 1.4471e-11 1.3544e-11 5.3438e-12 1.4018e-11 1.3289e-11 1.1546e-11 3.239e-12 -1.4765e-12 -1.6947e-12 2.9404e-12 -1.5919e-12 1.9748e-12 -4.6619e-12 -2.8978e-12 -1.7257e-12 -2.0674e-13 9.0097e-12 -5.2739e-12 -6.6201e-12 -3.3341e-12 -1.3565e-13 -2.4736e-12 -3.9514e-12 -6.1316e-12 8.8071e-13 -2.1253e-12 -7.9506e-12 -2.2291e-12 -2.5142e-12 -7.5563e-12 -5.2453e-12 -3.6092e-12 7.0751e-12 -1.7202e-12 -6.7567e-12 5.5256e-13 -4.5902e-12 -4.6645e-12 -2.9918e-12 -8.1995e-12 5.9171e-13 5.8315e-12 -2.6129e-12 -4.0793e-12 5.6375e-13 4.1609e-13 1.4642e-12 -4.2588e-12 -2.5029e-12 -6.7055e-13 -3.6233e-12 -6.5451e-12 -1.0364e-12 -2.6406e-12 2.1039e-12 1.4176e-13 -4.2164e-12 -1.2216e-12 -6.2351e-12 4.4691e-12 9.8767e-13 5.9227e-13 -1.4387e-13 -3.0619e-13 7.2589e-13 -1.1921e-12 -3.8829e-13 3.2758e-12 6.8394e-13 1.2754e-12 -6.8181e-13 1.7086e-12 -4.4749e-13 1.7349e-12 -6.3443e-13 1.9346e-12 3.2658e-13 7.6476e-13 2.4342e-13 1.4174e-13 1.1508e-13 3.6041e-13 1.9338e-13 1.6901e-13
7.815e-11 8.0902e-11 7.1096e-11 7.156e-11 8.0667e-11 6.7538e-11 7.7079e-11 6.6067e-11 7.5994e-11 5.4205e-11 6.8265e-11 6.6107e-11 5.8017e-11 6.3768e-11 6.6003e-11 6.1827e-11 5.2469e-11 6.2068e-11 4.8392e-11 5.1688e-11 3.9642e-11 4.8628e-11 4.8396e-11 3.4007e-11 5.0417e-11 3.2317e-11 3.2656e-11 3.5571e-11 3.3318e-11 2.8384e-11 3.7945e-11 1.6686e-11 2.8588e-11 2.4839e-11 2.2323e-11 2.0924e-11 2.447e-11 2.2342e-11 1.6033e-11 2.0636e-11 1.0132e-11 1.2877e-11 1.4966e-11 1.7985e-11 1.2953e-11 5.9776e-12 1.4019e-11 1.0944e-11 1.2318e-11 4.8674e-12 -1.9744e-12 1.9614e-12 2.4432e-12 -2.4607e-12 3.5953e-12 -2.6575e-12 -5.0664e-12 -1.5702e-12 -1.0072e-12 4.8156e-12 -8.5983e-12 -5.8635e-12 -4.145e-12 4.4128e-13 -2.0868e-12 -9.4714e-13 -5.7136e-12 -4.419e-13 -1.8331e-12 -6.5881e-12 -4.2828e-12 -4.6375e-12 -5.2658e-12 -2.8176e-12 -3.5684e-12 5.6388e-12 -3.8984e-12 -5.0337e-12 1.7118e-12 -5.2719e-12 -4.7401e-12 -1.0379e-12 -5.2377e-12 1.0712e-12 6.3733e-12 -2.8045e-12 9.9009e-14 2.2741e-12 -5.1202e-13 -9.5238e-13 -5.6613e-12 -2.2428e-12 -1.0499e-12 -4.9384e-12 -4.7502e-12 -9.1768e-13 -1.9328e-12 2.6381e-12 -2.2237e-13 -4.8337e-12 -1.082e-12 -6.9111e-12 2.5581e-12 1.5209e-12 -2.3127e-14 1.3821e-12 1.2721e-12 8.8532e-13 -2.72e-12 -6.6063e-13 2.564e-12 1.2945e-12 4.375e-13 -9.8642e-13 1.0189e-12 -5.3698e-13 2.1748e-12 -5.7504e-13 1.6354e-12 3.9578e-13 2.9894e-13 2.9708e-13 6.1261e-14 2.797e-14 2.884e-13 1.4123e-13 1.8863e-13
8.0524e-11 7.9693e-11 7.0053e-11 6.8873e-11 6.7538e-11 7.5743e-11 7.6754e-11 6.4868e-11 8.1438e-11 5.3661e-11 6.529e-11 7.0035e-11 5.6417e-11 6.6732e-11 6.8223e-11 6.3277e-11 5.1252e-11 5.9527e-11 5.1506e-11 5.4829e-11 3.9597e-11 5.0276e-11 4.7849e-11 3.7814e-11 5.096e-11 3.3981e-11 3.2269e-11 3.8348e-11 3.1672e-11 2.9145e-11 3.3812e-11 1.4269e-11 3.1951e-11 2.4986e-11 2.3669e-11 2.258e-11 2.1731e-11 2.2661e-11 1.5742e-11 1.9472e-11 1.4604e-11 1.1476e-11 1.8422e-11 1.9018e-11 1.5133e-11 7.684e-12 1.3369e-11 8.8706e-12 1.3257e-11 4.344e-12 5.3479e-12 1.5532e-12 5.0115e-12 8.6476e-13 4.6808e-12 -3.9542e-12 -4.0637e-12 -4.3762e-13 -5.9249e-13 8.2763e-12 -8.0763e-12 -6.7479e-12 -2.0473e-12 3.204e-12 -2.3456e-12 -5.8476e-13 -6.6064e-12 5.1452e-13 -2.4088e-12 -5.5737e-12 -3.2791e-12 3.3712e-13 -7.5316e-12 -2.9024e-12 -4.069e-12 7.0925e-12 -7.7194e-13 -4.5982e-12 1.2994e-12 -6.0825e-12 -5.4825e-12 -1.834e-12 -4.8896e-12 -2.8276e-12 5.1045e-12 -6.2601e-13 2.6519e-13 2.7095e-12 8.9193e-13 -3.6411e-13 -5.0793e-12 -3.0676e-12 -1.5459e-12 -2.8318e-12 -6.072e-12 1.1972e-12 -1.202e-12 2.103e-12 -1.0054e-12 -4.4219e-12 -2.3287e-12 -5.7709e-12 4.1394e-12 1.3737e-12 4.7792e-13 -7.1144e-13 7.262e-13 2.4434e-12 -2.033e-12 5.4435e-13 2.4147e-12 2.3248e-12 1.9185e-12 -1.0959e-12 1.2599e-12 -9.5237e-13 2.1571e-12 -5.2552e-13 9.439e-13 3.3668e-13 6.1705e-13 3.4265e-13 1.7194e-13 3.9803e-14 2.8454e-13 2.3994e-13 1.9281e-13
9.0397e-11 9.3391e-11 8.0767e-11 7.9759e-11 7.7079e-11 7.6754e-11 1.0476e-10 7.372e-11 9.4211e-11 6.3052e-11 7.7462e-11 8.3117e-11 6.4118e-11 7.2129e-11 7.7693e-11 7.0483e-11 6.1785e-11 7.1671e-11 6.034e-11 6.6455e-11 4.8405e-11 6.1997e-11 5.6706e-11 4.2284e-11 5.8702e-11 4.021e-11 3.9306e-11 4.3056e-11 3.2783e-11 3.1083e-11 4.0363e-11 1.7229e-11 3.833e-11 2.8251e-11 2.3878e-11 1.9039e-11 2.377e-11 2.6117e-11 1.7888e-11 1.9191e-11 9.9028e-12 1.1914e-11 1.4183e-11 2.3891e-11 1.6481e-11 1.9305e-12 1.7195e-11 8.9203e-12 1.2359e-11 9.156e-12 -2.9082e-12 2.199e-12 2.1037e-12 -2.2612e-12 8.0168e-12 -8.9113e-12 -9.2321e-12 2.4302e-12 -4.9705e-12 6.1099e-12 -1.1713e-11 -3.9885e-12 -1.5955e-12 -1.617e-12 -3.2166e-12 -3.1036e-12 -9.4948e-12 -3.3333e-13 -5.7719e-12 -4.2512e-12 -1.7352e-12 2.9295e-13 -1.0301e-11 -3.3107e-12 -6.7898e-12 6.4057e-12 -3.8606e-12 -3.683e-12 2.5059e-12 -3.6423e-12 -4.7289e-12 -3.2581e-12 -4.6896e-12 -3.2907e-12 8.1455e-12 -1.7874e-12 1.6401e-13 1.9512e-12 2.2925e-12 4.2024e-13 -1.0081e-11 -3.523e-12 1.4308e-12 -4.4736e-12 -7.2298e-12 -1.1356e-12 6.6225e-13 3.9284e-12 -1.1337e-12 -6.1355e-12 -2.9604e-13 -8.0039e-12 5.7477e-12 -4.7264e-13 1.4991e-12 -3.3971e-13 1.6544e-12 2.0355e-12 -3.4241e-12 8.7425e-13 3.8698e-12 1.5412e-12 3.1991e-12 -8.3135e-13 1.7527e-12 -4.8886e-14 2.5825e-12 -7.5922e-13 1.6186e-12 9.9543e-13 7.0467e-13 2.3883e-13 2.0279e-13 4.3557e-14 3.0761e-13 3.0582e-13 2.4058e-13
7.8998e-11 7.6633e-11 7.0037e-11 6.7079e-11 6.6067e-11 6.4868e-11 7.372e-11 7.656e-11 8.2143e-11 5.5015e-11 6.5603e-11 7.0626e-11 5.6206e-11 6.3753e-11 6.7516e-11 6.0153e-11 5.5487e-11 5.7125e-11 5.1268e-11 5.8183e-11 3.9492e-11 4.5982e-11 5.0056e-11 3.5774e-11 5.2583e-11 3.4853e-11 3.4922e-11 3.5549e-11 3.7081e-11 2.7678e-11 3.2693e-11 1.6867e-11 2.9581e-11 2.4415e-11 2.4923e-11 1.9285e-11 2.0851e-11 2.0973e-11 1.6826e-11 2.2149e-11 1.3168e-11 1.3575e-11 1.4197e-11 1.8401e-11 1.5085e-11 6.2762e-12 1.5187e-11 1.5087e-11 1.2481e-11 5.4129e-12 -2.3535e-12 2.5664e-12 4.3969e-12 -2.579e-12 4.7175e-12 -3.7458e-12 -9.871e-13 6.2762e-13 4.3591e-12 1.0904e-11 -1.0659e-11 -3.9643e-12 -5.6416e-12 1.63e-12 -8.4913e-13 -2.0174e-12 -7.2779e-12 8.7548e-13 4.5465e-13 -6.699e-12 -4.3427e-13 -6.019e-13 -6.4129e-12 -4.7349e-12 -5.1897e-12 5.0407e-12 -2.5565e-12 -3.977e-12 1.6855e-12 -4.1405e-12 -4.0368e-12 -3.5682e-12 -4.8092e-12 -1.9428e-12 5.044e-12 -2.0998e-12 -3.6123e-12 8.556e-13 6.8803e-13 2.7281e-13 -5.7283e-12 -2.2727e-12 -3.7931e-14 -2.0375e-12 -3.4219e-12 -8.0276e-13 -1.6331e-12 2.4788e-12 -2.9226e-13 -4.3306e-12 -2.0771e-12 -7.505e-12 4.8823e-12 4.7345e-13 -5.7767e-14 6.5565e-13 -4.0875e-13 9.8355e-13 -7.0283e-13 1.2154e-12 4.559e-12 8.0141e-13 1.7649e-12 -3.5351e-13 1.5992e-12 1.3884e-13 1.3901e-12 6.0105e-14 1.3276e-12 3.0527e-13 6.3106e-13 1.4149e-13 3.1987e-13 6.1267e-15 2.7379e-13 2.3785e-13 1.3102e-13
9.9545e-11 9.6129e-11 8.9247e-11 8.4494e-11 7.5994e-11 8.1438e-11 9.4211e-11 8.2143e-11 1.143e-10 6.4958e-11 7.9244e-11 9.171e-11 7.3783e-11 7.7942e-11 8.6443e-11 7.8472e-11 6.9909e-11 7.1373e-11 6.3515e-11 7.4897e-11 4.5438e-11 6.1776e-11 6.287e-11 4.4305e-11 7.1501e-11 4.4822e-11 4.0249e-11 4.4413e-11 4.3759e-11 3.2709e-11 4.2473e-11 2.0081e-11 3.5956e-11 3.4055e-11 2.9148e-11 3.1696e-11 2.3433e-11 2.6153e-11 1.7609e-11 2.3081e-11 1.2569e-11 1.5449e-11 1.9241e-11 2.2649e-11 1.9681e-11 8.9221e-12 1.9123e-11 1.4103e-11 1.7988e-11 8.0214e-12 2.0709e-12 3.9568e-13 9.7944e-12 2.447e-12 3.6846e-12 -8.2761e-12 -5.7151e-12 -1.9233e-12 5.1484e-14 1.1815e-11 -9.1147e-12 -9.2175e-12 -5.3747e-12 2.0235e-12 -3.5918e-12 -3.0736e-12 -1.3238e-11 2.3207e-12 -5.4005e-12 -4.9515e-12 6.3075e-13 3.9876e-12 -8.4979e-12 -6.012e-12 -5.2354e-12 4.494e-12 8.199e-13 -7.5597e-12 2.4603e-12 -3.136e-12 -5.0857e-12 -6.1637e-12 -7.6505e-12 -3.9234e-12 6.9549e-12 -1.9637e-12 -2.8056e-12 -2.8904e-13 2.2511e-12 1.388e-12 -4.0121e-12 -1.6372e-12 1.4522e-12 -1.9384e-12 -5.1248e-12 1.4666e-12 -1.4768e-12 3.3352e-12 -5.7852e-13 -5.9389e-12 -2.2334e-12 -8.7296e-12 4.3377e-12 -2.1124e-12 5.8339e-13 -8.1172e-13 2.8965e-13 7.0321e-13 -4.0596e-12 2.2506e-12 5.5366e-12 1.0232e-12 2.3259e-12 -3.5499e-13 1.63e-12 1.6026e-13 1.1424e-12 -2.1909e-13 1.4944e-12 5.921e-13 1.1009e-12 -9.0864e-14 4.1408e-13 5.1208e-14 3.1282e-13 2.3449e-13 3.5739e-13
6.5225e-11 6.3988e-11 5.9487e-11 5.5414e-11 5.4205e-11 5.3661e-11 6.3052e-11 5.5015e-11 6.4958e-11 5.2869e-11 5.2442e-11 5.7258e-11 4.7227e-11 5.4567e-11 5.202e-11 4.6742e-11 4.7051e-11 4.4642e-11 4.4073e-11 4.6912e-11 3.2242e-11 4.0101e-11 3.8561e-11 2.8925e-11 4.3431e-11 3.2559e-11 2.7753e-11 3.0527e-11 2.6299e-11 2.3618e-11 2.6904e-11 1.351e-11 2.4047e-11 2.1486e-11 1.8436e-11 1.8923e-11 2.0296e-11 1.8674e-11 1.3662e-11 1.5103e-11 8.2696e-12 1.0685e-11 1.1417e-11 1.6552e-11 1.364e-11 4.0364e-12 1.051e-11 8.4467e-12 1.0427e-11 9.0471e-12 6.6162e-13 1.3544e-12 3.363e-12 -7.942e-13 3.3752e-12 -5.5191e-12 -8.4002e-13 -3.1445e-12 4.3177e-13 5.5525e-12 -8.3282e-12 -2.5824e-12 -2.9142e-12 1.6439e-12 -1.2751e-12 -1.295e-12 -4.9789e-12 1.8381e-12 5.4946e-13 -2.9665e-12 -1.1875e-12 -2.4637e-12 -6.9113e-12 -4.7247e-12 -3.7646e-12 1.6235e-12 9.6573e-14 -2.7398e-12 4.2539e-12 -2.7246e-12 -2.3453e-12 -2.5507e-12 -4.0233e-12 -2.6009e-12 6.8942e-12 -6.9164e-13 -1.689e-12 1.5483e-12 1.9669e-12 7.4788e-13 -4.4748e-12 -8.9529e-13 -6.807e-14 -2.2264e-12 -3.6951e-12 5.7998e-13 -1.9611e-12 1.6321e-12 1.9367e-14 -2.4433e-12 -1.7999e-12 -5.6257e-12 4.3727e-12 -2.3719e-13 1.1259e-12 4.7409e-13 1.1392e-12 5.7387e-13 -3.4708e-13 8.3623e-13 3.0365e-12 3.8528e-13 1.5285e-12 -3.9375e-13 7.8821e-13 -6.8259e-13 2.2774e-12 -6.724e-13 9.0048e-13 4.8613e-13 4.5576e-13 1.8721e-13 1.7218e-13 1.0142e-13 2.5972e-13 1.8232e-13 1.3267e-13
7.5493e-11 7.7302e-11 7.0068e-11 6.6542e-11 6.8265e-11 6.529e-11 7.7462e-11 6.5603e-11 7.9244e-11 5.2442e-11 8.2596e-11 7.0605e-11 5.9749e-11 6.3922e-11 6.5409e-11 6.2212e-11 5.2102e-11 6.0419e-11 5.0594e-11 5.6285e-11 3.888e-11 4.9875e-11 5.2163e-11 3.2177e-11 5.2619e-11 3.3522e-11 3.0362e-11 3.7339e-11 3.3834e-11 2.9592e-11 4.0021e-11 1.2623e-11 3.1857e-11 2.4123e-11 2.4474e-11 1.6138e-11 2.3484e-11 1.9374e-11 1.1865e-11 1.9818e-11 1.1603e-11 1.1485e-11 1.6457e-11 2.2284e-11 1.4877e-11 6.3626e-12 1.7223e-11 1.4934e-11 1.3181e-11 4.3679e-12 -2.8547e-12 4.2786e-12 5.8831e-12 6.7078e-13 5.0959e-12 4.5754e-13 -3.0035e-12 -1.3012e-12 -9.7592e-13 1.0142e-11 -7.4233e-12 -7.2422e-12 -4.0919e-12 3.33e-12 -5.9246e-13 -2.5119e-13 -4.3716e-13 -2.1612e-12 -4.4013e-12 -2.7556e-12 -3.2028e-12 -3.4976e-13 -8.4298e-12 -2.4095e-12 -3.7638e-12 4.2888e-12 -2.947e-12 -1.586e-12 3.9746e-12 -2.6419e-12 -6.7134e-12 -1.8929e-12 -3.217e-12 -1.1651e-12 7.2059e-12 -2.7093e-12 2.2239e-12 -8.9726e-13 3.9255e-13 6.19e-13 -4.6438e-12 -2.8958e-12 1.4117e-12 -7.1409e-12 -4.2063e-12 -3.042e-12 -3.2605e-14 6.221e-13 1.4925e-12 -5.8348e-12 -2.8353e-12 -5.9903e-12 3.4701e-12 1.7047e-12 -5.1127e-13 1.8019e-12 2.7128e-12 2.0785e-14 -2.3101e-12 -8.1634e-13 1.9655e-12 2.1705e-13 2.1052e-12 -9.0439e-13 2.2941e-12 -7.1949e-13 1.9924e-12 -4.9028e-13 1.0653e-12 5.5768e-13 6.2713e-13 3.1229e-13 3.1551e-13 -8.4867e-14 2.2281e-13 1.9025e-13 1.261e-13
8.3151e-11 8.4872e-11 8.0269e-11 7.073e-11 6.6107e-11 7.0035e-11 8.3117e-11 7.0626e-11 9.171e-11 5.7258e-11 7.0605e-11 8.9343e-11 6.4614e-11 6.8492e-11 7.7088e-11 6.3395e-11 6.1284e-11 6.4397e-11 5.7016e-11 6.2215e-11 3.7555e-11 5.612e-11 5.0267e-11 3.7529e-11 5.9468e-11 3.7175e-11 3.5054e-11 3.9969e-11 3.4812e-11 2.9335e-11 3.8205e-11 1.9528e-11 3.3917e-11 2.7695e-11 2.4484e-11 2.2326e-11 2.0558e-11 2.2988e-11 1.7126e-11 1.7541e-11 1.2119e-11 1.5302e-11 1.7809e-11 2.4682e-11 1.7174e-11 7.9964e-12 1.694e-11 1.073e-11 1.4164e-11 1.022e-11 5.9086e-13 1.9117e-12 7.5138e-12 2.9419e-12 2.3577e-12 -6.2426e-12 -3.4548e-12 -2.99e-12 -1.7133e-12 1.0069e-11 -1.3314e-11 -6.8728e-12 -3.0335e-12 1.6648e-12 -1.6216e-12 -9.0238e-13 -1.1559e-11 3.1095e-12 -4.5013e-12 -4.1076e-12 -1.9403e-12 1.8601e-12 -9.8079e-12 -2.8677e-12 -4.3027e-12 4.1964e-12 1.0604e-12 -5.2226e-12 1.5416e-12 -3.1672e-12 -3.9601e-12 -2.8237e-12 -5.6396e-12 -6.9496e-12 5.4672e-12 -2.2964e-12 1.9341e-13 -4.6517e-14 3.0076e-12 1.6074e-12 -5.3596e-12 -1.9952e-12 2.0637e-12 -3.2665e-12 -3.0361e-12 4.5719e-13 -1.3085e-12 2.028e-12 2.5711e-13 -4.7818e-12 -1.6889e-12 -5.7462e-12 4.1139e-12 -1.406e-13 4.5452e-13 2.6449e-13 1.7313e-12 2.347e-12 -3.4179e-12 1.8525e-12 3.5222e-12 -2.7721e-13 1.7367e-12 -4.4866e-13 2.2346e-12 -3.276e-13 1.7338e-12 3.369e-13 1.1888e-12 3.3972e-13 1.0846e-12 1.8113e-13 3.9784e-13 -6.4052e-14 2.582e-13 2.3411e-13 1.2623e-13
6.6518e-11 7.0398e-11 6.2354e-11 6.1038e-11 5.8017e-11 5.6417e-11 6.4118e-11 5.6206e-11 7.3783e-11 4.7227e-11 5.9749e-11 6.4614e-11 6.5426e-11 5.1091e-11 5.1654e-11 5.4872e-11 5.1178e-11 5.1879e-11 4.1927e-11 5.0833e-11 2.8913e-11 4.6378e-11 4.4889e-11 3.1741e-11 5.1218e-11 3.0798e-11 2.6832e-11 3.163e-11 2.9273e-11 2.1242e-11 3.1619e-11 1.2139e-11 2.7565e-11 2.2347e-11 1.9265e-11 2.0033e-11 2.1417e-11 2.0939e-11 1.1048e-11 1.3691e-11 8.9423e-12 1.0858e-11 1.6009e-11 2.0335e-11 1.409e-11 8.3502e-12 1.4383e-11 1.3593e-11 1.4779e-11 4.9548e-12 3.4004e-12 8.1462e-13 6.1387e-12 2.7893e-12 3.994e-12 -1.0162e-12 -3.516e-13 -4.8867e-12 -5.496e-13 7.9564e-12 -8.3701e-12 -7.2229e-12 -3.1398e-12 4.4424e-12 -1.1791e-12 9.4833e-13 -5.5556e-12 -5.8714e-13 -1.9677e-12 -4.8742e-12 -9.6843e-13 1.5744e-12 -7.142e-12 -1.8146e-12 -2.0992e-12 2.2779e-12 -2.1928e-12 -2.2636e-12 2.604e-12 -1.9725e-12 -4.815e-12 -2.3056e-12 -8.0133e-12 -3.3342e-12 5.1179e-12 -2.092e-12 -1.9024e-12 -4.7863e-13 1.8361e-12 1.7142e-12 -1.93e-12 -3.3929e-12 1.59e-12 -2.8476e-12 -3.7276e-12 -6.719e-13 -1.8411e-12 9.7709e-13 4.3216e-13 -3.1253e-12 -1.7441e-12 -5.5406e-12 1.9307e-12 -1.9905e-14 1.3084e-12 -7.0723e-13 1.9719e-12 5.5518e-13 -1.9461e-12 -1.0884e-13 3.5482e-12 -5.1541e-14 1.4645e-12 8.9298e-14 1.8756e-12 -2.503e-13 1.3153e-12 -1.8824e-14 1.4546e-12 1.5319e-13 7.1962e-13 1.5316e-13 1.4953e-13 -7.9518e-14 2.9936e-13 1.0455e-13 2.9283e-13
7.6558e-11 7.5508e-11 6.9911e-11 6.5643e-11 6.3768e-11 6.6732e-11 7.2129e-11 6.3753e-11 7.7942e-11 5.4567e-11 6.3922e-11 6.8492e-11 5.1091e-11 7.2743e-11 6.5101e-11 5.7124e-11 5.0354e-11 5.184e-11 5.1541e-11 5.4389e-11 3.742e-11 4.7849e-11 4.5848e-11 3.3783e-11 4.9626e-11 3.6828e-11 3.0788e-11 3.8956e-11 3.0943e-11 2.7493e-11 3.1535e-11 1.6969e-11 3.0269e-11 2.3453e-11 2.3002e-11 2.3608e-11 2.0292e-11 2.0158e-11 1.6751e-11 2.0145e-11 9.461e-12 1.2071e-11 1.2383e-11 1.8442e-11 1.4101e-11 5.0729e-12 1.0384e-11 1.0999e-11 1.0654e-11 6.6886e-12 3.8687e-12 2.6726e-12 7.1502e-12 -1.9634e-12 1.6113e-12 -2.323e-13 -4.6069e-12 -2.8655e-12 1.8664e-12 7.6654e-12 -7.5938e-12 -7.5866e-12 -2.2331e-12 2.3093e-12 -1.4944e-12 -3.789e-12 -4.8162e-12 2.5586e-12 -2.742e-12 -4.7479e-12 -3.6198e-12 -1.9093e-12 -7.0759e-12 -5.2139e-12 -5.2096e-12 4.14e-12 6.9574e-14 -4.243e-12 3.8904e-12 -3.8059e-12 -3.7173e-12 -2.9864e-12 -4.0639e-12 -3.6375e-12 4.626e-12 -1.8978e-12 -1.7986e-12 1.5718e-12 7.3054e-13 1.1179e-12 -5.6102e-12 -9.4678e-13 -2.0838e-12 -4.3832e-12 -3.6187e-12 1.8433e-12 -1.1459e-12 5.6342e-13 -1.1455e-12 -2.6641e-12 -3.4771e-12 -5.1132e-12 4.3769e-12 1.3622e-12 3.372e-13 5.5033e-13 -6.5554e-13 1.9537e-12 -1.5452e-12 8.997e-13 2.6271e-12 2.6929e-12 1.5394e-12 -1.399e-12 5.8358e-13 -3.9338e-13 2.6515e-12 -9.8157e-13 5.2059e-13 4.6971e-13 6.5321e-13 3.8257e-13 1.7083e-13 1.0282e-13 3.0565e-13 2.1043e-13 1.1851e-13
7.8741e-11 8.0671e-11 7.6495e-11 6.4553e-11 6.6003e-11 6.8223e-11 7.7693e-11 6.7516e-11 8.6443e-11 5.202e-11 6.5409e-11 7.7088e-11 5.1654e-11 6.5101e-11 8.2639e-11 6.4427e-11 5.369e-11 6.0078e-11 5.111e-11 5.4258e-11 3.6202e-11 4.8686e-11 4.6516e-11 3.6787e-11 5.307e-11 3.4374e-11 3.4831e-11 3.7077e-11 3.5257e-11 2.9022e-11 3.7492e-11 1.9321e-11 2.7528e-11 2.6978e-11 2.3398e-11 1.9564e-11 1.6622e-11 2.1304e-11 1.9533e-11 1.9754e-11 1.1891e-11 1.4451e-11 1.6704e-11 2.1094e-11 1.6425e-11 6.001e-12 1.5466e-11 5.6512e-12 1.0622e-11 8.85e-12 1.8074e-13 3.244e-12 7.0754e-12 1.996e-12 3.556e-12 -9.1642e-12 -5.2543e-12 1.869e-13 3.1133e-13 6.5497e-12 -1.1023e-11 -4.7029e-12 -5.4491e-12 -1.8714e-12 -2.6549e-12 5.6786e-13 -1.1847e-11 1.2471e-12 -6.042e-12 -5.1591e-12 -3.5671e-12 -1.0233e-12 -7.43e-12 -5.4056e-12 -4.6923e-12 4.1939e-12 -1.0986e-12 -5.8897e-12 2.7973e-12 -4.9025e-12 -3.8169e-12 -3.8435e-12 -4.1091e-12 -4.9404e-12 5.4045e-12 -1.9864e-12 2.7842e-12 8.0394e-13 8.9705e-13 -2.1951e-13 -3.2659e-12 -8.6135e-13 3.2532e-13 -1.9756e-12 -3.8017e-12 1.1338e-12 1.5043e-13 4.1149e-12 -2.2948e-13 -6.341e-12 -2.427e-12 -6.5475e-12 3.6881e-12 -5.6579e-13 -8.2331e-13 -1.6956e-13 8.9919e-13 1.487e-12 -5.1035e-12 2.3087e-12 2.8541e-12 7.45e-13 1.1078e-12 -7.5801e-13 1.2071e-12 -2.2118e-13 1.0287e-12 -1.0432e-13 7.4601e-13 3.9456e-13 5.5049e-13 1.9993e-13 3.3897e-13 -1.5311e-14 1.981e-13 2.1941e-13 2.0488e-13
7.3866e-11 7.3386e-11 6.7109e-11 6.5774e-11 6.1827e-11 6.3277e-11 7.0483e-11 6.0153e-11 7.8472e-11 4.6742e-11 6.2212e-11 6.3395e-11 5.4872e-11 5.7124e-11 6.4427e-11 7.4953e-11 4.8763e-11 5.4542e-11 4.3258e-11 5.3883e-11 3.6458e-11 4.4868e-11 4.7438e-11 3.2644e-11 4.6798e-11 3.178e-11 2.8813e-11 3.4099e-11 3.2161e-11 2.2206e-11 3.8371e-11 1.6476e-11 2.6434e-11 2.468e-11 1.9857e-11 1.9621e-11 1.9758e-11 1.8705e-11 1.8137e-11 2.0604e-11 1.2127e-11 1.1338e-11 1.3763e-11 1.6736e-11 1.6039e-11 5.5048e-12 1.5759e-11 9.2517e-12 1.0875e-11 1.5271e-12 2.2914e-12 -2.5261e-13 5.5454e-12 -1.3978e-12 1.931e-12 -5.7504e-12 -1.66e-12 8.4071e-13 2.8991e-12 1.1534e-11 -7.8005e-12 -8.1051e-12 -5.9559e-12 -2.7044e-12 -1.6928e-12 -5.0833e-13 -6.5381e-12 -2.5731e-12 -2.309e-12 -9.2875e-12 -3.195e-12 -3.8654e-14 -6.573e-12 -3.6935e-12 -4.1304e-12 2.7445e-12 -4.6357e-12 -3.4568e-12 9.8799e-13 -8.011e-12 -2.2953e-12 -2.3715e-12 -6.316e-12 -2.2768e-12 5.8971e-12 -9.4695e-13 1.5482e-12 7.7484e-13 1.1796e-12 -1.3281e-12 -4.7398e-13 -2.0248e-12 1.2627e-13 -2.3601e-12 -6.8526e-12 2.0011e-13 3.7746e-13 1.3337e-12 9.0211e-13 -4.4595e-12 -1.9311e-12 -5.8735e-12 2.8745e-12 1.3676e-12 -6.0026e-13 -9.0431e-13 7.9193e-13 6.3079e-13 -3.5403e-12 9.3402e-13 3.0991e-12 2.0267e-12 8.6714e-13 -1.1091e-12 1.4566e-12 -3.1343e-14 6.1899e-13 -2.5028e-13 7.1057e-13 2.238e-13 4.2714e-13 8.1407e-14 1.7793e-13 8.9589e-14 2.3066e-13 2.5767e-13 3.0814e-13
6.5824e-11 6.4398e-11 5.9656e-11 5.7714e-11 5.2469e-11 5.1252e-11 6.1785e-11 5.5487e-11 6.9909e-11 4.7051e-11 5.2102e-11 6.1284e-11 5.1178e-11 5.0354e-11 5.369e-11 4.8763e-11 5.529e-11 4.8629e-11 4.3387e-11 5.1133e-11 3.1763e-11 4.4027e-11 3.9996e-11 2.9336e-11 4.5875e-11 2.9999e-11 2.9703e-11 2.7716e-11 2.8845e-11 2.3005e-11 2.7822e-11 1.3627e-11 2.3451e-11 2.0488e-11 2.0633e-11 1.9298e-11 2.0794e-11 1.8765e-11 1.2566e-11 1.7089e-11 6.6253e-12 9.7523e-12 1.261e-11 1.5677e-11 1.4527e-11 4.9202e-12 1.1482e-11 8.7556e-12 1.1662e-11 6.33e-12 -1.2802e-12 6.0241e-13 3.8132e-12 1.829e-12 1.8409e-12 -4.8641e-12 -2.2424e-12 -2.1067e-12 2.8953e-12 8.2877e-12 -7.5715e-12 -4.5179e-12 -2.1666e-12 1.8423e-12 -1.7744e-12 2.0233e-12 -8.4266e-12 2.2876e-12 -2.3008e-12 -3.5376e-12 -8.5646e-13 3.1182e-13 -5.1063e-12 -5.4834e-12 -4.548e-12 1.5262e-12 -8.6444e-13 -5.1827e-12 3.448e-12 -1.9898e-12 -5.0933e-12 -2.6054e-12 -6.0111e-12 -1.4519e-12 4.7298e-12 -1.0643e-13 -4.984e-12 -6.6473e-14 1.4375e-12 2.2826e-12 -3.1345e-12 -5.0344e-13 -3.9965e-14 -2.1461e-12 -4.5745e-12 1.5656e-13 -1.5365e-12 2.0346e-12 7.5272e-13 -3.9858e-12 -1.7979e-12 -5.6206e-12 3.7276e-12 2.269e-14 3.9796e-13 5.1702e-13 7.7408e-13 1.1111e-12 -1.9229e-12 7.8715e-13 3.7825e-12 1.3655e-13 5.1488e-13 2.2216e-13 1.2636e-12 -1.7866e-13 1.1251e-12 -2.3249e-13 1.2265e-12 1.1366e-13 5.6387e-13 -5.9e-14 2.6858e-13 5.3948e-15 2.6003e-13 9.6722e-14 1.8107e-13
7.0213e-11 7.0904e-11 6.1094e-11 6.1244e-11 6.2068e-11 5.9527e-11 7.1671e-11 5.7125e-11 7.1373e-11 4.4642e-11 6.0419e-11 6.4397e-11 5.1879e-11 5.184e-11 6.0078e-11 5.4542e-11 4.8629e-11 7.249e-11 4.5101e-11 5.0401e-11 3.5199e-11 4.7972e-11 4.5344e-11 3.0543e-11 4.4541e-11 2.8598e-11 2.984e-11 2.8653e-11 3.1997e-11 2.6479e-11 2.5685e-11 1.2316e-11 2.4966e-11 2.174e-11 2.1423e-11 1.7573e-11 2.2876e-11 1.5096e-11 1.1607e-11 1.641e-11 1.0691e-11 1.4573e-11 1.0688e-11 1.7564e-11 1.2416e-11 2.22e-12 1.3132e-11 6.515e-12 1.3561e-11 5.4171e-12 -1.0406e-12 -3.1722e-12 1.8382e-12 -2.3884e-12 5.5985e-12 -4.7489e-12 -3.9097e-14 -4.2857e-13 -1.0693e-12 6.3368e-12 -6.9552e-12 -8.4965e-12 1.089e-12 -1.318e-12 -2.5029e-13 1.8662e-12 -7.5033e-12 8.6929e-13 -3.202e-12 -5.6503e-12 -2.707e-13 1.4667e-12 -6.0948e-12 -8.4051e-13 -3.6073e-12 7.1913e-12 -1.9957e-12 -6.1117e-12 2.1165e-12 -5.3859e-12 -3.0043e-12 -3e-12 -6.2729e-12 6.8539e-13 3.7331e-12 -1.8788e-12 2.5394e-13 1.0094e-12 1.1619e-12 1.1453e-12 -5.9779e-12 -3.7269e-12 9.7549e-13 -5.1058e-12 -4.3693e-12 -1.888e-12 -9.0455e-13 4.2134e-12 -1.0982e-12 -5.7363e-12 9.6359e-13 -5.662e-12 9.0123e-13 1.2403e-12 -8.0238e-13 -4.2388e-13 1.214e-12 9.6161e-13 -2.1165e-12 1.5077e-12 3.3297e-12 1.9458e-12 6.3838e-13 -1.6083e-13 2.0008e-12 -5.4002e-14 8.134e-13 -3.4222e-13 1.4076e-12 3.9614e-13 4.27e-13 1.2035e-13 2.9662e-13 3.7875e-14 1.7043e-13 1.4797e-13 2.1535e-13
6.3503e-11 5.9051e-11 5.7517e-11 5.2545e-11 4.8392e-11 5.1506e-11 6.034e-11 5.1268e-11 6.3515e-11 4.4073e-11 5.0594e-11 5.7016e-11 4.1927e-11 5.1541e-11 5.111e-11 4.3258e-11 4.3387e-11 4.5101e-11 4.7305e-11 4.3304e-11 2.9915e-11 4.095e-11 3.7634e-11 2.7107e-11 3.8606e-11 2.9663e-11 2.615e-11 2.8577e-11 2.4164e-11 2.5901e-11 2.5844e-11 1.1954e-11 2.2637e-11 1.8346e-11 2.0789e-11 1.5243e-11 1.8833e-11 1.6535e-11 1.1599e-11 1.422e-11 9.908e-12 1.1504e-11 1.158e-11 1.3155e-11 1.1907e-11 3.3076e-12 8.6722e-12 7.3818e-12 9.51e-12 6.0271e-12 -4.8843e-14 1.3445e-12 3.5648e-12 8.4718e-15 3.92e-12 -5.4528e-12 -1.366e-12 -1.831e-13 5.8848e-13 7.5508e-12 -5.3498e-12 -6.0003e-12 3.3444e-13 1.9268e-12 -6.745e-13 -3.4986e-12 -6.6298e-12 2.7452e-12 -2.1564e-12 -1.2116e-12 -4.4739e-13 1.1596e-12 -6.5501e-12 -2.6715e-12 -3.3945e-12 3.8089e-12 1.1881e-12 -3.0557e-12 3.2141e-12 -8.2229e-13 -1.6277e-12 -1.2554e-12 -3.5432e-12 -1.4242e-12 4.757e-12 -1.1348e-13 -1.3023e-12 4.8123e-13 1.9326e-12 1.5408e-12 -4.9827e-12 -8.2893e-13 -6.5736e-13 -2.4104e-12 -4.6246e-12 -2.5649e-13 -2.034e-12 1.9197e-12 -4.4273e-13 -3.1966e-12 -9.6254e-13 -5.7244e-12 3.2784e-12 -8.4931e-13 4.7867e-13 1.0475e-12 3.547e-13 8.479e-13 -1.152e-12 9.6661e-13 1.8338e-12 6.6116e-13 2.467e-12 -2.8406e-13 1.1895e-12 2.0584e-14 1.606e-12 -3.7679e-13 7.1985e-13 4.2276e-13 6.3958e-13 2.8977e-13 2.0902e-13 7.3001e-14 2.5452e-13 1.6556e-13 1.0612e-13
7.0152e-11 6.7275e-11 5.7555e-11 5.9167e-11 5.1688e-11 5.4829e-11 6.6455e-11 5.8183e-11 7.4897e-11 4.6912e-11 5.6285e-11 6.2215e-11 5.0833e-11 5.4389e-11 5.4258e-11 5.3883e-11 5.1133e-11 5.0401e-11 4.3304e-11 6.8369e-11 3.7257e-11 4.3577e-11 4.6127e-11 2.5149e-11 5.1557e-11 2.9291e-11 2.9563e-11 2.8316e-11 2.999e-11 2.3747e-11 2.8166e-11 1.6159e-11 2.6589e-11 1.9118e-11 1.9e-11 1.9746e-11 2.2999e-11 1.732e-11 1.1336e-11 2.0019e-11 8.7412e-12 1.1105e-11 9.3748e-12 1.745e-11 1.2064e-11 4.2974e-12 1.4782e-11 1.1307e-11 1.2433e-11 1.1247e-11 2.2342e-12 4.0968e-12 3.8182e-12 2.1201e-12 1.3656e-12 -4.5894e-12 -2.8329e-12 -3.7131e-12 -4.8085e-13 1.1245e-11 -1.0108e-11 -4.4064e-12 -9.7918e-13 -1.1724e-13 -3.3322e-12 -1.819e-12 -7.438e-12 5.6738e-13 -2.2843e-12 -4.4067e-12 2.6349e-12 4.7115e-12 -3.7718e-12 -4.279e-12 -4.2524e-12 1.148e-12 -2.8182e-12 -5.6748e-12 2.3887e-12 -1.317e-12 -5.6755e-12 -3.9554e-12 -7.4992e-12 -1.7756e-12 5.5228e-12 5.4859e-13 -4.9585e-12 -1.3054e-13 -1.0662e-12 2.6319e-12 -4.5414e-12 6.0183e-14 8.1607e-13 -3.3492e-12 -3.5202e-12 -5.8212e-13 4.7429e-13 3.4707e-12 1.9111e-12 -4.3366e-12 -3.0768e-12 -5.984e-12 4.0533e-12 -6.954e-13 3.8473e-13 -1.3101e-12 9.3837e-13 1.0018e-12 -1.9773e-12 3.9097e-13 4.2006e-12 6.3157e-13 1.527e-12 6.3131e-14 9.9544e-13 -1.0988e-13 1.7289e-12 -3.1386e-13 7.5349e-13 3.1153e-13 7.5847e-13 -2.4092e-13 3.2261e-13 1.5039e-13 1.5978e-13 2.5908e-13 1.5824e-13
4.7186e-11 4.4718e-11 3.8535e-11 4.1929e-11 3.9642e-11 3.9597e-11 4.8405e-11 3.9492e-11 4.5438e-11 3.2242e-11 3.888e-11 3.7555e-11 2.8913e-11 3.742e-11 3.6202e-11 3.6458e-11 3.1763e-11 3.5199e-11 2.9915e-11 3.7257e-11 3.2989e-11 2.954e-11 2.7627e-11 1.972e-11 2.8312e-11 2.0041e-11 2.1239e-11 1.7371e-11 1.7402e-11 1.5774e-11 1.6993e-11 8.9171e-12 1.9678e-11 1.3317e-11 1.225e-11 1.0741e-11 1.5998e-11 1.1772e-11 8.9222e-12 1.5167e-11 4.5422e-12 5.0207e-12 6.1356e-12 9.7055e-12 7.0035e-12 -1.3117e-12 8.4474e-12 8.5178e-12 9.2156e-12 4.334e-12 -7.535e-13 2.1259e-12 1.3111e-12 -1.1655e-12 2.9349e-12 -2.0303e-12 -3.1522e-12 6.8262e-13 -7.0173e-13 6.0677e-12 -4.0895e-12 -1.5869e-13 -1.6508e-12 7.9109e-13 -7.2744e-13 -1.4776e-12 -3.9464e-12 8.4214e-13 -7.9246e-13 -3.7477e-12 1.4133e-12 -1.2021e-12 -2.3927e-12 -2.1153e-12 -2.5246e-12 3.9155e-12 -2.3767e-12 -3.1562e-12 -2.1323e-13 -3.5811e-12 -4.1614e-12 -1.2107e-12 -3.89e-12 1.3485e-12 3.515e-12 -5.0543e-13 -2.4561e-12 1.5218e-12 -1.2462e-12 -8.0733e-13 -4.8158e-12 -4.2524e-13 8.3061e-13 -3.0249e-12 -4.7994e-12 1.9527e-13 -2.971e-13 1.9389e-12 -7.8251e-13 -3.6809e-12 -7.94e-13 -3.8984e-12 3.9793e-12 1.9668e-12 1.0645e-12 -1.8693e-14 4.1143e-13 4.6444e-13 -3.9549e-13 -1.8686e-13 2.8304e-12 2.1175e-12 7.1564e-13 -8.6158e-13 6.6507e-13 -7.5895e-14 1.2019e-12 -4.6201e-13 7.0614e-13 1.7753e-13 4.7614e-13 7.9328e-14 9.8096e-14 1.3106e-13 1.4015e-13 2.2482e-13 5.716e-14
6.0054e-11 6.2156e-11 5.6874e-11 5.5636e-11 4.8628e-11 5.0276e-11 6.1997e-11 4.5982e-11 6.1776e-11 4.0101e-11 4.9875e-11 5.612e-11 4.6378e-11 4.7849e-11 4.8686e-11 4.4868e-11 4.4027e-11 4.7972e-11 4.095e-11 4.3577e-11 2.954e-11 5.5379e-11 3.8246e-11 2.6955e-11 3.8108e-11 2.5465e-11 2.5261e-11 2.3392e-11 1.8856e-11 2.2609e-11 2.55e-11 1.0767e-11 2.322e-11 1.505e-11 1.8762e-11 1.4117e-11 1.6709e-11 1.5429e-11 1.0917e-11 1.2317e-11 7.7578e-12 1.1413e-11 1.0525e-11 1.5954e-11 1.1087e-11 4.6267e-12 1.1041e-11 7.871e-12 1.2318e-11 5.184e-12 2.0887e-12 1.0676e-12 3.3168e-12 3.2705e-12 2.5994e-12 -8.48e-13 -3.3743e-12 -3.6048e-13 3.2616e-13 7.8304e-12 -2.8912e-12 -3.8656e-12 -3.1122e-13 8.6557e-13 -2.1492e-12 -3.09e-12 -6.2193e-12 1.6002e-12 -1.764e-12 -6.2238e-12 -5.3402e-12 9.8295e-13 -5.9156e-12 -2.4088e-12 -3.6808e-12 5.8907e-12 -5.508e-13 -5.0509e-12 4.8737e-12 -3.0709e-12 -4.9884e-12 -1.9217e-12 -6.0882e-12 -3.7438e-12 3.5243e-12 -1.9776e-12 -2.7231e-12 1.606e-12 2.8875e-12 2.8805e-12 -5.2724e-12 -1.7201e-12 4.2366e-13 -4.1838e-12 -5.6672e-12 7.8382e-13 -1.358e-12 1.8747e-12 4.9894e-13 -3.3854e-12 -7.5747e-13 -6.28e-12 2.9102e-12 -4.069e-14 1.5638e-12 -1.7869e-13 6.0618e-13 1.4236e-12 -2.0177e-12 3.0899e-13 2.567e-12 2.3199e-12 1.5081e-12 -3.2824e-13 1.3249e-12 -1.0819e-12 1.1707e-12 -2.1865e-13 1.6014e-12 2.2518e-13 5.0795e-13 2.1184e-13 1.0175e-13 -6.5967e-14 1.9815e-13 1.3199e-13 1.7996e-13
5.7427e-11 5.7588e-11 5.247e-11 5.3423e-11 4.8396e-11 4.7849e-11 5.6706e-11 5.0056e-11 6.287e-11 3.8561e-11 5.2163e-11 5.0267e-11 4.4889e-11 4.5848e-11 4.6516e-11 4.7438e-11 3.9996e-11 4.5344e-11 3.7634e-11 4.6127e-11 2.7627e-11 3.8246e-11 5.025e-11 2.2189e-11 4.1181e-11 2.1738e-11 2.2733e-11 2.6628e-11 2.5193e-11 2.1687e-11 2.6063e-11 1.3261e-11 2.0493e-11 1.8951e-11 1.5624e-11 1.4956e-11 1.8834e-11 1.5048e-11 7.8497e-12 1.2392e-11 7.646e-12 1.0458e-11 1.213e-11 1.0054e-11 1.0886e-11 1.8419e-12 1.3056e-11 7.1867e-12 8.2903e-12 5.1545e-12 -3.5667e-12 4.3583e-13 4.4933e-12 -2.159e-12 5.4815e-12 -2.6404e-12 -1.2182e-12 9.2357e-13 7.6457e-13 1.0057e-11 -6.6768e-12 -7.1676e-13 -3.1602e-12 4.3646e-13 -4.4178e-12 8.9738e-13 -3.2473e-12 1.2545e-12 -1.7559e-12 -2.5035e-12 7.1298e-13 -3.9837e-13 -4.4862e-12 -5.4369e-12 -4.2285e-12 3.1547e-12 -3.4216e-12 -3.9118e-12 9.8354e-13 -1.765e-12 -2.2284e-12 -3.0354e-12 -5.6995e-12 -7.4978e-13 4.0733e-12 -1.928e-12 -1.4353e-12 1.1137e-12 1.2298e-12 7.3102e-13 -4.0765e-12 -1.3258e-12 1.7075e-12 -2.333e-12 -2.8332e-12 -1.4833e-12 4.415e-13 2.8473e-12 1.9236e-12 -4.0183e-12 -1.9926e-12 -5.9128e-12 2.0651e-12 3.1455e-13 -3.4225e-13 4.9356e-13 -7.9351e-13 -2.1392e-13 -2.4228e-12 2.9161e-14 3.505e-12 5.1371e-13 2.31e-12 5.5232e-13 1.603e-12 -6.5405e-14 9.3254e-13 -2.5367e-13 9.6367e-13 2.2089e-13 3.7279e-13 -2.0745e-15 7.4145e-14 4.3742e-14 1.602e-13 2.322e-13 1.9836e-13
4.2141e-11 4.3487e-11 3.8756e-11 3.574e-11 3.4007e-11 3.7814e-11 4.2284e-11 3.5774e-11 4.4305e-11 2.8925e-11 3.2177e-11 3.7529e-11 3.1741e-11 3.3783e-11 3.6787e-11 3.2644e-11 2.9336e-11 3.0543e-11 2.7107e-11 2.5149e-11 1.972e-11 2.6955e-11 2.2189e-11 3.2307e-11 2.8908e-11 2.1461e-11 1.939e-11 2.2319e-11 1.623e-11 1.3883e-11 1.6103e-11 7.1571e-12 1.6342e-11 1.4365e-11 1.296e-11 1.0083e-11 9.4956e-12 1.4071e-11 6.4972e-12 1.0506e-11 6.2093e-12 4.9454e-12 1.0329e-11 1.0756e-11 7.7129e-12 4.1036e-12 3.469e-12 1.9685e-12 3.8702e-12 1.3619e-13 2.5349e-12 -1.5028e-12 3.572e-12 -2.3064e-13 3.1438e-12 -3.3755e-12 -1.7953e-12 1.3452e-12 -6.407e-13 1.6294e-12 -3.4634e-12 -3.7745e-12 -5.9975e-13 -1.2351e-12 7.3116e-13 -4.4048e-14 -2.7659e-12 4.0714e-13 -2.4463e-12 -4.8585e-12 -1.5734e-12 -1.2688e-12 -5.286e-12 -2.579e-12 -2.3512e-12 4.6248e-12 -2.5226e-12 -2.3567e-12 1.2115e-12 -1.1757e-12 -4.5028e-12 -3.4819e-12 -3.7103e-12 -2.2005e-12 3.1588e-13 1.5139e-12 -3.3036e-12 9.4419e-13 1.5834e-12 -1.0635e-13 -1.9216e-12 -4.0447e-12 -2.2339e-12 1.6602e-12 -4.2926e-12 1.5959e-13 -4.1447e-13 8.4127e-13 -1.1478e-12 -3.009e-12 -7.4692e-13 -2.8778e-12 2.3557e-12 4.1471e-13 2.6757e-12 -5.7621e-14 3.9708e-13 1.5266e-12 -1.0464e-12 1.0571e-12 1.9024e-12 1.6727e-12 1.1354e-12 -1.0721e-12 1.1688e-12 3.1958e-13 4.8468e-13 -6.2041e-13 6.037e-13 2.4292e-13 3.2268e-13 2.1714e-13 9.7079e-14 -6.8359e-14 2.2455e-13 3.5945e-14 1.3029e-13
6.0614e-11 6.1155e-11 5.6064e-11 5.3764e-11 5.0417e-11 5.096e-11 5.8702e-11 5.2583e-11 7.1501e-11 4.3431e-11 5.2619e-11 5.9468e-11 5.1218e-11 4.9626e-11 5.307e-11 4.6798e-11 4.5875e-11 4.4541e-11 3.8606e-11 5.1557e-11 2.8312e-11 3.8108e-11 4.1181e-11 2.8908e-11 5.6193e-11 2.7792e-11 2.5647e-11 2.7987e-11 2.921e-11 1.9854e-11 2.7847e-11 1.43e-11 2.4683e-11 2.1378e-11 1.5691e-11 2.0459e-11 1.5762e-11 1.7882e-11 8.3126e-12 1.5419e-11 7.7651e-12 1.1782e-11 1.3636e-11 1.6676e-11 1.3259e-11 7.6098e-12 1.2408e-11 9.7071e-12 8.9516e-12 5.5367e-12 -1.3826e-12 4.1147e-12 6.3821e-12 2.4034e-12 1.2955e-12 -4.1152e-12 -3.3426e-12 -6.4874e-12 -6.4129e-13 7.4219e-12 -8.4037e-12 -3.5834e-12 -2.7718e-12 1.5134e-12 -3.1861e-12 -1.3902e-12 -5.5813e-12 1.6952e-13 -4.9634e-12 -3.5579e-12 1.5415e-12 1.5105e-12 -4.8191e-12 -4.5709e-12 -3.1638e-12 3.2739e-12 -1.0938e-12 -5.2911e-12 1.5528e-12 1.4318e-12 -4.5352e-12 -4.6032e-12 -8.3039e-12 -3.0807e-12 4.7685e-12 -1.7567e-12 -1.7777e-12 -1.4608e-12 1.4349e-12 1.3595e-12 -2.7152e-12 -1.8552e-12 -1.9063e-13 -2.04e-12 -1.6766e-12 -1.7389e-13 -2.4073e-12 2.6902e-12 8.7609e-13 -4.4315e-12 -2.6358e-12 -5.3118e-12 2.2702e-12 -1.8704e-12 1.1059e-12 -8.0651e-13 2.2882e-12 2.4476e-13 -1.9761e-12 1.1757e-12 4.0148e-12 -1.0665e-12 1.0737e-12 1.69e-13 1.4692e-12 -2.0854e-13 1.7114e-12 -3.502e-13 1.1651e-12 1.4439e-13 6.3586e-13 -7.387e-14 2.2927e-13 4.565e-15 1.447e-13 1.2932e-13 1.7046e-13
4.2967e-11 4.1264e-11 4.0216e-11 3.7241e-11 3.2317e-11 3.3981e-11 4.021e-11 3.4853e-11 4.4822e-11 3.2559e-11 3.3522e-11 3.7175e-11 3.0798e-11 3.6828e-11 3.4374e-11 3.178e-11 2.9999e-11 2.8598e-11 2.9663e-11 2.9291e-11 2.0041e-11 2.5465e-11 2.1738e-11 2.1461e-11 2.7792e-11 3.3002e-11 1.8486e-11 1.9758e-11 1.7327e-11 1.2379e-11 1.6479e-11 6.3982e-12 1.5672e-11 1.3533e-11 1.4579e-11 1.3907e-11 1.2855e-11 1.194e-11 1.1713e-11 8.3998e-12 5.1688e-12 7.8847e-12 9.9455e-12 9.6897e-12 1.0142e-11 8.1167e-13 3.5169e-12 6.492e-12 6.0474e-12 5.3736e-12 2.0545e-12 -8.6622e-13 6.3276e-13 1.9526e-12 1.3644e-12 -5.027e-12 -6.0244e-14 -3.2576e-12 2.5009e-12 3.9459e-12 1.786e-13 -7.9128e-12 5.9806e-13 -6.0181e-13 1.3984e-12 -3.2864e-12 -1.6172e-12 -1.0271e-12 -2.6142e-12 -3.1091e-12 4.8599e-14 -7.1944e-13 -6.0825e-12 -3.0235e-12 -8.4364e-13 1.6127e-12 1.6704e-12 -2.1661e-12 1.2875e-12 -2.3371e-12 -1.6746e-13 -2.8991e-12 -1.7168e-12 -4.7998e-13 2.9959e-12 6.1477e-13 -1.4536e-12 5.7076e-13 -1.1535e-13 2.0074e-12 -7.9101e-13 -1.8247e-12 -2.1202e-14 -2.4392e-12 -1.6844e-12 1.8846e-13 -1.3421e-12 -1.0374e-12 -1.5272e-12 -1.2383e-12 -1.8242e-12 -2.9307e-12 3.6705e-12 -2.2629e-13 3.3652e-13 -4.7864e-13 3.0673e-13 -1.2279e-13 -9.7372e-14 1.5823e-12 1.0806e-12 -4.6155e-13 1.6682e-12 -5.3269e-13 1.7937e-13 1.4221e-14 1.6715e-12 -6.9463e-13 1.5793e-13 1.0447e-14 5.261e-13 2.3069e-13 1.9045e-13 8.1504e-14 2.1845e-13 9.6443e-14 1.2019e-13
3.8167e-11 3.8006e-11 3.7816e-11 3.4826e-11 3.2656e-11 3.2269e-11 3.9306e-11 3.4922e-11 4.0249e-11 2.7753e-11 3.0362e-11 3.5054e-11 2.6832e-11 3.0788e-11 3.4831e-11 2.8813e-11 2.9703e-11 2.984e-11 2.615e-11 2.9563e-11 2.1239e-11 2.5261e-11 2.2733e-11 1.939e-11 2.5647e-11 1.8486e-11 2.513e-11 1.6979e-11 1.7522e-11 1.3435e-11 1.5252e-11 8.3228e-12 1.3381e-11 1.044e-11 1.1278e-11 1.0647e-11 1.0268e-11 1.2817e-11 7.5578e-12 1.2217e-11 5.7767e-12 6.2283e-12 4.1046e-12 7.7815e-12 7.6729e-12 3.2293e-12 7.1083e-12 4.8048e-12 6.4076e-12 1.7981e-12 -4.7083e-13 2.0804e-12 2.9502e-12 -2.5771e-13 1.9487e-12 -4.1796e-12 -3.4206e-13 -9.0476e-15 1.0245e-12 4.4269e-12 -6.3533e-12 -7.7433e-13 -2.0238e-12 -8.4736e-13 -3.284e-13 2.4095e-13 -5.5048e-12 -1.9786e-13 -1.0966e-12 -1.6465e-12 -1.6135e-12 -1.8823e-12 -1.9446e-12 -3.4337e-12 -3.6273e-12 1.7519e-12 -2.0597e-12 -3.0367e-12 3.5141e-13 -1.005e-13 -3.1067e-12 -3.3683e-12 -2.9896e-12 8.8084e-14 2.7432e-12 2.3873e-13 -3.4635e-12 1.9097e-14 2.1661e-14 7.9039e-13 -2.9846e-12 -4.061e-13 -1.9021e-13 -6.1559e-14 -3.3652e-12 -7.1386e-13 -1.4582e-12 2.1446e-12 4.7189e-14 -2.4281e-12 -1.7159e-12 -2.1894e-12 3.1407e-12 -3.539e-13 8.2565e-13 1.9202e-13 5.91e-13 1.7795e-12 -6.6001e-13 5.8021e-14 2.2299e-12 1.0525e-12 5.2776e-13 -4.2664e-13 4.2098e-13 -9.9408e-15 5.9586e-13 -2.0784e-13 1.2222e-12 6.921e-14 1.2238e-13 7.4048e-14 8.3953e-14 3.8185e-14 1.471e-13 7.3495e-14 1.2492e-13
4.2221e-11 4.4662e-11 3.9958e-11 3.8043e-11 3.5571e-11 3.8348e-11 4.3056e-11 3.5549e-11 4.4413e-11 3.0527e-11 3.7339e-11 3.9969e-11 3.163e-11 3.8956e-11 3.7077e-11 3.4099e-11 2.7716e-11 2.8653e-11 2.8577e-11 2.8316e-11 1.7371e-11 2.3392e-11 2.6628e-11 2.2319e-11 2.7987e-11 1.9758e-11 1.6979e-11 3.192e-11 1.869e-11 1.2886e-11 1.9879e-11 6.2908e-12 1.9344e-11 1.1343e-11 1.4633e-11 1.2196e-11 9.205e-12 1.6156e-11 9.2922e-12 8.539e-12 6.767e-12 3.5777e-12 1.1266e-11 9.4344e-12 8.7488e-12 5.0531e-12 3.8987e-12 7.015e-12 1.4858e-12 1.4214e-12 1.0199e-12 1.9514e-13 1.0541e-12 -1.6138e-12 1.3717e-12 -2.5109e-12 -2.7248e-12 -2.1183e-12 -3.7992e-13 2.6208e-12 -6.5649e-12 -2.8828e-12 -2.698e-12 -1.253e-13 2.531e-13 -7.4143e-13 -2.7153e-12 -1.9976e-13 -2.3011e-12 -2.9109e-13 -1.4437e-12 -1.3216e-12 -6.9894e-12 -3.849e-12 -2.4413e-12 9.7849e-13 -1.7543e-12 1.7953e-13 8.0149e-13 -1.6786e-12 -1.7224e-12 -5.536e-14 -1.0836e-12 -3.2377e-12 3.4207e-12 9.0781e-14 3.7573e-13 6.3744e-13 7.6915e-13 1.3877e-12 -1.6429e-12 -2.3247e-12 -1.793e-12 1.3176e-14 -2.0496e-12 -7.5815e-13 6.5359e-13 1.5505e-13 -1.7565e-14 -4.026e-13 -2.1764e-12 -2.0265e-12 2.2346e-12 6.4193e-13 -1.5986e-13 2.1861e-13 -5.2771e-13 5.6013e-13 -8.253e-13 5.2693e-13 5.474e-13 2.3811e-13 8.9695e-13 -6.6019e-13 1.4042e-12 4.17e-13 1.4728e-12 -8.3483e-13 2.7152e-13 4.6196e-13 3.2448e-13 3.9678e-13 1.3577e-13 3.7653e-14 2.6148e-13 6.3218e-14 2.2935e-14
