1.1553e-10 7.0485e-11 8.9164e-11 7.7414e-11 7.1041e-11 5.7241e-11 6.6407e-11 5.6411e-11 5.9022e-11 5.0801e-11 5.3564e-11 4.7366e-11 3.7297e-11 3.9257e-11 4.2651e-11 2.9931e-11 3.0508e-11 2.9086e-11 2.2064e-11 9.4007e-12 8.5432e-12 1.2632e-11 9.1636e-12 6.7844e-13 9.9117e-12 6.1522e-12 -9.4759e-12 -4.3593e-12 -2.0008e-12 -7.0437e-12 -9.0493e-12 1.386e-12 -1.6496e-11 -1.0782e-11 -6.0323e-12 -5.0087e-12 2.5073e-12 -4.1076e-12 -2.9741e-11 -1.6541e-11 -4.6138e-12 -1.2527e-11 -8.0021e-12 -8.0009e-12 6.0287e-12 -6.7549e-12 -1.4168e-11 -1.055e-11 1.9077e-12 -1.1016e-11 -1.8368e-11 -9.3116e-12 -9.5317e-12 -4.0768e-12 -7.8633e-12 -7.5903e-12 -1.0841e-11 -4.9063e-12 -3.8594e-12 1.1484e-12 -2.2054e-12 -1.3982e-12 -5.3316e-13 4.5478e-12 -6.063e-12 -5.9869e-12 -9.0657e-12 2.7468e-12 2.1768e-12 -3.1833e-13 1.4145e-12 -1.5181e-12 7.0329e-12 3.3125e-12 -4.9867e-12 -6.1006e-12 1.5174e-12 -1.946e-12 3.2838e-12 3.4861e-13 -1.6289e-12 1.6699e-12 -1.4655e-12 -1.7458e-12 1.9041e-12 6.1962e-12 -1.9197e-12 9.7426e-13 1.5691e-12 -4.3423e-12 3.5217e-12 -7.5688e-13 6.1839e-13 -1.0698e-12 7.3784e-13 2.25e-12 8.3487e-13 -4.376e-13 9.7112e-13 1.1692e-12 2.2414e-13 6.759e-13 1.4159e-14 5.174e-14 -5.2874e-14 1.561e-14 -1.9452e-13
7.0485e-11 6.7334e-11 6.5753e-11 5.7711e-11 5.1329e-11 4.1052e-11 5.6049e-11 4.3036e-11 4.6632e-11 3.7936e-11 3.9133e-11 3.2557e-11 3.6436e-11 2.5927e-11 2.5264e-11 1.9523e-11 2.3237e-11 2.1863e-11 1.0437e-11 1.1035e-11 4.9383e-12 1.1428e-11 3.8242e-12 5.3068e-13 9.4518e-12 5.243e-12 -4.9971e-12 -6.4541e-12 -5.4582e-12 -2.4605e-12 -6.2794e-12 2.1123e-12 -8.3793e-12 -6.6587e-12 -3.4972e-12 -1.4581e-12 2.6463e-12 -2.1587e-12 -2.522e-11 -1.1558e-11 -5.7262e-12 -1.1505e-11 -6.9173e-12 -9.1746e-12 8.4056e-13 -2.2916e-12 -1.0894e-11 -8.1651e-12 -3.8931e-12 -5.5245e-12 -1.2776e-11 -7.192e-12 -6.8168e-12 -5.8785e-12 -5.1546e-12 -7.8676e-12 -5.5859e-12 -2.3165e-12 -4.1562e-12 -5.5392e-13 -2.2691e-12 -1.8331e-12 -1.4455e-12 1.4192e-12 -3.0348e-12 -4.7139e-12 -4.2111e-12 4.5545e-13 4.9655e-12 -2.6414e-12 -1.3439e-12 -2.6728e-12 2.5369e-12 1.4808e-12 -3.6647e-12 -2.7395e-12 3.7311e-12 -2.0471e-12 2.767e-12 -1.5904e-13 -1.5736e-12 6.1364e-13 -1.6774e-12 -1.5884e-12 1.7914e-12 4.6562e-12 3.4874e-13 4.2645e-13 5.9198e-13 -2.3071e-12 7.1534e-14 -1.242e-12 6.3163e-13 5.0665e-13 9.2383e-13 1.2018e-12 1.6838e-12 4.5738e-13 5.6613e-13 9.5234e-13 4.1269e-13 3.4348e-13 8.82e-14 9.0846e-14 -7.2158e-14 5.3682e-14 -4.672e-14
8.9164e-11 6.5753e-11 9.504e-11 6.9462e-11 6.4434e-11 4.766e-11 6.3881e-11 5.0135e-11 5.4484e-11 4.8361e-11 4.7321e-11 4.0663e-11 3.2941e-11 3.3306e-11 3.7233e-11 2.4373e-11 2.2494e-11 2.6333e-11 1.7521e-11 1.0614e-11 4.2443e-12 2.1687e-11 1.0202e-11 2.3123e-12 1.1035e-11 1.0938e-11 -8.3346e-12 -8.2325e-12 -6.1728e-12 -1.3663e-12 -5.6203e-12 4.5592e-12 -1.4988e-11 -6.6203e-12 -1.1577e-12 -5.107e-12 2.379e-12 -3.1672e-12 -2.6267e-11 -1.5776e-11 -6.9048e-12 -8.6153e-12 -7.3979e-12 -9.4263e-12 1.4e-12 -1.5258e-12 -1.1032e-11 -8.3761e-12 -4.5686e-12 -8.5973e-12 -1.6361e-11 -8.5896e-12 -8.9803e-12 -2.363e-12 -4.514e-12 -7.2365e-12 -8.3333e-12 -4.9187e-12 -2.642e-12 -2.1984e-12 -4.5204e-12 4.4096e-13 8.8601e-13 8.3893e-12 -2.8026e-12 -6.6238e-12 -6.0853e-12 3.5479e-12 1.6876e-13 -2.1193e-12 -1.7981e-12 -1.8555e-12 7.0576e-12 4.016e-12 -5.8965e-12 -8.0356e-12 2.9056e-12 -2.0132e-12 3.909e-12 1.41e-12 -2.6611e-12 4.1675e-13 -2.6121e-12 -5.8105e-13 3.3056e-12 6.0594e-12 -7.2859e-13 3.3174e-12 1.6913e-13 -2.16e-12 1.2171e-12 -8.005e-13 6.801e-13 -8.2735e-13 1.0133e-12 2.871e-12 1.8475e-12 1.131e-13 1.226e-12 1.5911e-12 3.0267e-13 1.9915e-13 9.0976e-14 -1.3855e-14 -3.1106e-14 1.8342e-14 -1.7238e-13
7.7414e-11 5.7711e-11 6.9462e-11 7.8451e-11 5.1641e-11 4.4568e-11 6.3216e-11 4.2183e-11 4.449e-11 3.5239e-11 3.9525e-11 3.387e-11 3.1752e-11 3.0565e-11 3.182e-11 2.1366e-11 1.9753e-11 1.9513e-11 1.7874e-11 6.4795e-12 4.9658e-12 1.6265e-11 2.8227e-12 2.0221e-13 8.7652e-12 3.1657e-12 -5.3267e-12 -1.1844e-11 -3.5808e-12 -7.2854e-12 -3.4232e-12 5.9791e-12 -1.0008e-11 -6.23e-12 -1.7956e-12 -1.0711e-12 2.3487e-12 -4.4636e-12 -2.3208e-11 -1.4084e-11 -7.0712e-12 -1.0999e-11 -8.8052e-12 -4.7401e-12 4.1251e-14 -3.0829e-12 -1.0816e-11 -4.9946e-12 -3.3756e-12 -1.1343e-11 -1.4295e-11 -7.7643e-12 -9.3851e-12 -6.1188e-12 -4.1143e-12 -6.8963e-12 -7.812e-12 -7.3331e-12 -1.9085e-12 -1.1531e-12 -1.5643e-12 -1.2317e-12 2.3786e-12 4.2022e-12 -5.8282e-12 -1.7608e-12 -7.6574e-12 3.1465e-12 5.2945e-13 -1.3089e-12 -5.3297e-13 -1.7473e-12 5.6621e-12 3.042e-12 -2.4533e-12 -3.217e-12 2.7242e-12 -2.9642e-12 3.9506e-13 -1.1004e-13 -4.7214e-12 3.1881e-13 -1.709e-12 -5.9567e-13 2.1063e-12 4.1101e-12 -1.2849e-12 2.6671e-12 -1.1388e-12 -2.8703e-12 2.2952e-12 9.3169e-13 1.1307e-13 4.5445e-13 -1.0379e-13 1.9578e-12 1.1783e-12 6.4963e-13 6.5899e-13 8.6162e-13 3.1451e-13 1.5053e-13 9.3871e-14 4.2325e-14 -6.7855e-14 2.5977e-14 -2.1046e-14
7.1041e-11 5.1329e-11 6.4434e-11 5.1641e-11 6.4444e-11 4.267e-11 4.7978e-11 4.5502e-11 4.4998e-11 4.0786e-11 4.1221e-11 3.2271e-11 2.9062e-11 2.8334e-11 2.7195e-11 2.0462e-11 1.5815e-11 2.0831e-11 1.3929e-11 1.3386e-11 9.7045e-12 1.0029e-11 5.9599e-12 -3.4396e-12 6.2202e-12 6.0164e-12 -7.0497e-12 -5.3525e-12 -4.054e-12 -4.9721e-12 -5.0617e-12 -3.1302e-13 -7.7658e-12 -9.2104e-12 -3.7236e-12 -7.0133e-12 2.9633e-12 7.0736e-14 -1.9537e-11 -1.3585e-11 -3.4224e-12 -9.8998e-12 -6.6457e-12 -3.3457e-12 2.1481e-12 -4.8885e-12 -8.6378e-12 -8.7824e-12 -3.6306e-12 -7.9982e-12 -1.0106e-11 -8.1628e-12 -5.3302e-12 -2.2095e-12 -2.5793e-12 -4.5652e-12 -9.2122e-12 -2.5472e-12 -2.6457e-12 -2.9368e-12 -4.7901e-12 -4.6078e-13 -4.5763e-12 4.0168e-12 -3.1745e-12 -8.0146e-12 -4.0797e-12 4.703e-13 7.9245e-13 -2.2324e-12 1.455e-12 -1.1598e-12 6.2578e-12 1.0135e-12 -5.7883e-12 -6.8755e-12 2.0568e-12 3.82e-13 3.2917e-12 1.0001e-12 -1.4148e-12 1.9573e-12 -9.3552e-13 -1.1579e-13 1.7242e-13 5.0736e-12 -6.5894e-13 5.9383e-13 1.43e-12 -1.6412e-12 2.6735e-13 -6.4289e-13 1.0825e-12 4.2651e-13 3.4384e-13 2.3324e-12 2.9217e-13 4.9949e-14 9.7636e-13 8.4954e-13 4.146e-13 2.7828e-13 1.9819e-13 3.7855e-14 -3.2102e-14 2.5934e-14 -5.5297e-14
5.7241e-11 4.1052e-11 4.766e-11 4.4568e-11 4.267e-11 4.8432e-11 4.4672e-11 2.8942e-11 3.8971e-11 2.8378e-11 2.8808e-11 2.5407e-11 2.392e-11 1.7828e-11 2.603e-11 1.2307e-11 1.0413e-11 1.8787e-11 1.218e-11 6.4943e-12 7.9215e-12 6.9891e-12 2.7766e-12 9.1097e-13 2.3767e-12 4.73e-12 -8.5321e-12 -2.7753e-12 -4.6367e-12 -4.3724e-12 -5.8978e-12 -2.6645e-12 -4.6834e-12 -2.1265e-12 -6.9069e-12 -4.5289e-12 6.6347e-13 -2.9399e-12 -1.5222e-11 -1.173e-11 -3.6794e-12 -7.7713e-12 -8.063e-12 -2.1323e-12 4.3415e-13 -4.7238e-12 -1.0086e-11 -5.9115e-12 -6.0943e-12 -5.6812e-12 -1.1568e-11 -7.6376e-12 -8.2721e-12 -2.7895e-12 -4.3667e-12 -6.9265e-12 -7.9073e-12 -2.4426e-12 -3.1889e-12 -3.0171e-12 -8.985e-13 -7.9628e-13 -2.9371e-12 9.7286e-13 -4.4295e-12 -3.0545e-12 -4.6417e-12 1.1199e-12 4.7013e-13 -2.9135e-12 2.3097e-12 2.5313e-13 4.6455e-12 1.7329e-13 -4.1548e-12 -3.6157e-12 1.2769e-12 -5.0271e-13 2.4232e-12 -5.3181e-14 -3.1443e-12 -8.5441e-13 -1.9834e-12 -1.0462e-12 -1.0314e-12 3.2899e-12 4.0085e-13 -1.9592e-13 -4.6117e-13 -7.8191e-13 1.5746e-12 -5.857e-13 -5.8462e-13 4.882e-13 2.7723e-13 3.5598e-13 4.6267e-13 2.6821e-13 6.1836e-13 6.2797e-13 2.6383e-14 2.4553e-13 1.2994e-13 8.2683e-14 -7.3071e-14 -1.4481e-14 2.64e-14
6.6407e-11 5.6049e-11 6.3881e-11 6.3216e-11 4.7978e-11 4.4672e-11 7.9916e-11 4.2987e-11 4.6138e-11 3.3051e-11 4.0824e-11 3.0307e-11 3.4145e-11 2.7014e-11 2.5934e-11 2.5794e-11 1.8749e-11 2.1602e-11 9.7984e-12 4.965e-12 4.6499e-12 2.1479e-11 5.707e-12 5.8791e-13 1.2149e-12 1.6738e-12 -7.8993e-12 -1.1034e-11 -5.2042e-12 -7.9556e-12 4.4939e-13 3.155e-12 -9.0126e-12 -1.0928e-12 -7.863e-12 -2.2863e-12 1.2989e-12 -6.3323e-12 -2.0696e-11 -1.6437e-11 -3.4042e-12 -7.8206e-12 -4.1538e-12 -9.4099e-12 -1.1004e-12 -1.5577e-12 -1.0519e-11 -5.4865e-12 -1.7191e-12 -8.6601e-12 -9.345e-12 -1.164e-11 -1.0503e-11 -3.7565e-12 -5.3327e-12 -6.6246e-12 -1.2537e-11 -4.2885e-12 -5.1394e-12 -4.9734e-12 -3.1079e-12 -8.1837e-13 -6.1224e-13 2.7377e-12 -5.5702e-12 -4.6647e-12 -4.5355e-12 2.9115e-12 2.917e-12 -1.1e-12 -2.9551e-14 -1.7014e-12 5.1075e-12 3.1664e-12 -3.9969e-12 -1.6239e-12 9.0236e-13 -3.1044e-12 2.7783e-12 1.4482e-12 -2.9405e-12 1.2502e-12 -1.5419e-12 -1.5731e-12 3.0945e-12 4.5596e-12 6.6591e-13 3.314e-12 -8.842e-13 -1.2226e-12 -5.9296e-13 -1.0571e-12 1.1251e-12 -9.2671e-14 4.1132e-13 1.058e-12 1.1893e-12 9.6968e-13 7.1656e-13 8.3164e-13 9.5783e-14 5.7115e-14 2.3431e-13 -4.4745e-15 -1.0041e-13 2.8009e-14 1.2286e-14
5.6411e-11 4.3036e-11 5.0135e-11 4.2183e-11 4.5502e-11 2.8942e-11 4.2987e-11 5.6509e-11 3.7763e-11 3.3008e-11 3.7417e-11 2.8304e-11 2.8965e-11 2.7106e-11 2.4184e-11 1.9345e-11 1.7532e-11 1.917e-11 1.213e-11 1.306e-11 1.1759e-11 1.311e-11 7.2421e-12 -5.38e-12 8.5711e-12 7.5037e-12 -7.9483e-12 -5.0282e-12 -4.7767e-12 -4.1671e-12 -4.3075e-12 -6.2197e-13 -5.3329e-12 -4.9951e-12 -3.1276e-12 -1.4399e-12 1.1092e-12 -7.4189e-13 -1.7486e-11 -9.4219e-12 -2.6898e-12 -8.7967e-12 -1.7895e-12 -7.5387e-12 -3.6423e-13 -9.2075e-13 -3.7895e-12 -8.0089e-12 8.478e-13 -9.2539e-12 -8.1732e-12 -3.4723e-12 -4.387e-12 1.0914e-13 -4.3874e-12 -3.6569e-12 -7.6403e-12 1.7875e-12 -1.3709e-12 -2.6257e-12 -2.3013e-12 -3.5987e-13 -3.7541e-12 2.5295e-12 -3.806e-12 -6.5594e-12 -4.8992e-12 2.2653e-13 2.9126e-12 -1.4661e-12 1.2437e-12 -1.8008e-12 2.3463e-12 -1.9174e-13 -3.6563e-12 -1.0209e-12 -1.3816e-12 9.8717e-13 1.7238e-12 -1.527e-12 -2.4773e-12 -4.1986e-13 -1.2918e-12 -1.4622e-12 -1.161e-13 3.011e-12 -1.4759e-12 1.5211e-12 2.4081e-12 -1.9864e-12 -9.845e-16 -1.5173e-12 1.4057e-12 -5.3843e-13 6.6336e-14 1.7635e-12 8.1638e-13 2.7156e-13 5.9318e-13 3.1512e-13 2.6511e-13 2.0112e-13 3.3949e-13 -3.4556e-14 1.2011e-14 -3.041e-16 -6.6976e-14
5.9022e-11 4.6632e-11 5.4484e-11 4.449e-11 4.4998e-11 3.8971e-11 4.6138e-11 3.7763e-11 5.7657e-11 3.3027e-11 3.2735e-11 2.7557e-11 2.5643e-11 2.2121e-11 2.8927e-11 1.7511e-11 1.5602e-11 2.179e-11 1.3865e-11 4.7964e-12 4.7845e-12 1.1986e-11 1.8177e-12 3.5158e-12 6.3438e-12 3.3923e-12 -6.1136e-12 -5.3304e-12 -5.5076e-13 -1.7522e-12 -3.0055e-12 2.8119e-12 -8.5402e-12 -4.7052e-12 -9.8106e-12 -7.106e-12 2.9605e-12 1.7785e-12 -1.8892e-11 -5.6249e-12 -5.4165e-12 -1.0141e-11 -5.6646e-12 -2.8691e-12 1.036e-12 -8.9651e-13 -1.0625e-11 -7.1319e-12 -3.5498e-12 -4.8936e-12 -1.217e-11 -4.3912e-12 -8.2605e-12 -5.6142e-12 -1.0047e-12 -7.8729e-12 -8.6173e-12 1.125e-13 -3.4396e-12 -1.1783e-12 -3.7631e-12 3.3637e-13 -2.5689e-12 -1.2246e-12 -5.4449e-12 -1.8253e-12 -4.8173e-12 -3.1566e-13 2.0734e-12 -3.0265e-12 2.4141e-12 3.8259e-13 3.532e-12 1.8806e-12 -6.1323e-12 -4.6366e-12 5.707e-13 4.4408e-13 2.4289e-12 -1.5175e-12 -2.8758e-12 1.2134e-12 -5.5915e-13 -1.0679e-12 -4.7883e-13 2.6053e-12 -1.421e-12 7.2421e-13 1.593e-13 7.6324e-14 8.432e-13 -6.2953e-13 2.9318e-13 4.5389e-14 8.3694e-14 1.9558e-12 4.6864e-13 7.5809e-14 9.6678e-13 1.2889e-12 2.9241e-13 2.6243e-13 5.1124e-14 -1.0194e-14 -2.8807e-14 -2.5347e-14 -1.7467e-14
5.0801e-11 3.7936e-11 4.8361e-11 3.5239e-11 4.0786e-11 2.8378e-11 3.3051e-11 3.3008e-11 3.3027e-11 4.3636e-11 2.7012e-11 1.8912e-11 2.3358e-11 2.1493e-11 1.9356e-11 1.5939e-11 1.5223e-11 1.4384e-11 1.2305e-11 8.6612e-12 3.3976e-12 1.1629e-11 8.5914e-12 -1.4746e-12 2.8687e-12 5.0277e-12 -3.8194e-12 -3.9218e-12 -2.4472e-12 -4.0071e-12 -3.4767e-12 1.016e-12 -9.8911e-12 -6.5625e-12 -7.2273e-13 -3.4792e-12 3.7281e-12 -3.7292e-14 -1.2838e-11 -8.7178e-12 -3.6545e-12 -7.0978e-12 -8.4832e-12 -4.3263e-12 1.5193e-12 -2.9858e-12 -7.2115e-12 -2.2331e-12 -3.0566e-12 -3.6512e-12 -5.969e-12 -3.3752e-12 -1.0183e-12 -1.251e-12 -2.8072e-12 2.8511e-13 -3.8686e-12 1.0965e-12 -1.4192e-12 -1.8274e-12 -1.211e-12 -4.072e-14 -3.3732e-12 4.7035e-12 -1.7608e-12 -4.5183e-12 -6.7759e-13 -3.9518e-14 3.3908e-12 -1.3045e-12 3.4115e-13 1.6853e-12 4.311e-12 3.606e-12 -5.1398e-12 -4.9379e-12 1.2959e-12 -2.0173e-13 9.6599e-13 2.9035e-13 -3.9298e-13 6.9039e-13 3.2468e-13 5.2785e-14 2.1553e-13 3.6827e-12 -5.6102e-14 -1.4723e-12 4.307e-13 -2.0531e-12 6.3484e-13 -8.0969e-13 7.6543e-13 4.8927e-13 -3.007e-13 1.799e-12 7.859e-13 2.7726e-13 3.8837e-13 1.0388e-12 2.4653e-13 4.111e-13 1.4124e-13 9.2097e-14 -4.0884e-14 2.0528e-14 -1.2186e-13
5.3564e-11 3.9133e-11 4.7321e-11 3.9525e-11 4.1221e-11 2.8808e-11 4.0824e-11 3.7417e-11 3.2735e-11 2.7012e-11 4.7348e-11 2.333e-11 2.7073e-11 1.9637e-11 2.2473e-11 1.7512e-11 1.4046e-11 1.4664e-11 1.2025e-11 9.89e-12 7.3212e-12 1.4172e-11 8.255e-12 4.2208e-12 2.7702e-12 6.6779e-12 -5.2935e-12 -3.3801e-12 -1.4104e-12 -1.6863e-12 -6.2389e-12 1.9352e-12 -4.6093e-12 -6.0588e-12 -3.4759e-12 -3.3199e-12 1.3599e-13 -1.6511e-13 -1.8684e-11 -1.0842e-11 -1.2122e-12 -7.3146e-12 -3.2751e-12 -1.9562e-12 7.164e-13 -1.1889e-12 -5.4478e-12 -5.3408e-12 -2.3202e-12 -5.3877e-12 -6.9021e-12 -6.2741e-12 -6.5921e-12 1.8852e-12 -4.8849e-12 -4.5646e-12 -3.8544e-12 8.3143e-13 -2.3239e-12 -9.7365e-13 -3.755e-12 -8.3656e-13 2.7611e-13 2.452e-12 -3.0335e-12 -6.2984e-12 -2.1675e-12 2.7287e-12 2.0033e-12 -3.7779e-13 -2.0963e-12 -1.7716e-12 4.706e-12 1.4329e-12 -2.9993e-12 -3.8692e-13 -5.1457e-14 -6.4614e-13 3.6118e-12 1.0505e-12 -1.3084e-12 -6.0696e-14 -1.8065e-12 -2.1726e-12 7.9497e-13 4.2502e-12 7.9448e-13 7.6923e-13 1.3591e-12 -6.7208e-13 -1.1846e-12 -8.3991e-13 1.1858e-12 -3.9173e-13 4.6496e-13 2.0564e-12 6.9339e-13 3.6705e-13 1.002e-12 8.0252e-13 5.7178e-13 3.145e-13 9.4484e-14 3.4431e-14 -4.0015e-14 -1.7268e-14 -6.4768e-14
4.7366e-11 3.2557e-11 4.0663e-11 3.387e-11 3.2271e-11 2.5407e-11 3.0307e-11 2.8304e-11 2.7557e-11 1.8912e-11 2.333e-11 3.6864e-11 1.5613e-11 1.7729e-11 2.14e-11 9.1153e-12 1.0231e-11 1.8195e-11 7.0214e-12 4.3486e-12 7.9354e-12 6.4842e-12 3.3249e-12 -3.7901e-12 5.3455e-12 5.3919e-12 -8.7327e-12 -1.4271e-12 5.5618e-13 -4.6849e-13 -6.7055e-12 7.6777e-13 -6.1307e-12 -6.8717e-12 -5.53e-13 -6.0206e-12 -1.26e-12 -3.2661e-12 -1.235e-11 -4.7398e-12 -5.4903e-13 -7.6869e-12 -3.8625e-12 -4.8644e-12 2.6564e-12 -2.2487e-12 -5.4988e-12 -5.0112e-12 -1.3065e-12 -7.2116e-12 -8.6926e-12 -3.967e-12 -4.6607e-12 2.0245e-12 -5.2046e-12 -6.8889e-12 -4.5487e-12 -2.8573e-12 -1.1304e-12 -1.3182e-12 -2.2871e-12 6.0374e-13 -8.3638e-13 6.88e-13 -4.7499e-13 -2.9427e-12 -3.6532e-12 -7.8398e-13 1.1718e-12 5.2913e-14 2.3716e-12 -3.3004e-12 2.8228e-12 4.7835e-14 -1.3857e-12 -2.7691e-12 2.8589e-12 -7.5014e-14 4.5254e-12 2.2502e-13 -5.7525e-13 3.0936e-13 -1.3419e-12 -1.1882e-12 4.691e-13 3.426e-12 -1.3997e-12 7.7466e-13 9.1368e-13 -1.6294e-12 1.386e-12 -6.194e-13 -7.2756e-14 -1.0929e-12 3.5563e-13 1.761e-12 6.2466e-13 9.0981e-14 6.9791e-13 3.9372e-13 9.0432e-14 1.2966e-13 -2.953e-14 3.8956e-14 -3.2906e-14 -2.5829e-14 -2.1896e-15
3.7297e-11 3.6436e-11 3.2941e-11 3.1752e-11 2.9062e-11 2.392e-11 3.4145e-11 2.8965e-11 2.5643e-11 2.3358e-11 2.7073e-11 1.5613e-11 3.3284e-11 1.3466e-11 1.5975e-11 1.3082e-11 1.2956e-11 1.0714e-11 6.2387e-12 7.2893e-12 3.8791e-12 7.7829e-12 4.5337e-13 -4.3176e-13 2.8288e-12 8.0334e-13 -1.7151e-12 -5.5761e-12 -6.037e-12 -4.5022e-12 -4.1588e-12 -3.5931e-13 -4.1925e-12 -2.7385e-12 -1.3741e-12 -2.6653e-12 2.7129e-12 -1.4869e-12 -1.4426e-11 -9.4752e-12 -6.2967e-12 -1.0771e-11 -4.9659e-12 -5.5334e-12 -6.103e-13 -1.619e-12 -7.5685e-12 -6.2861e-12 -6.7888e-12 -6.4378e-12 -7.5888e-12 -6.1199e-12 -3.9846e-12 -1.5214e-12 -4.3119e-12 -3.0523e-12 -2.7571e-12 -4.6713e-13 -1.8788e-12 -9.6777e-13 -3.2796e-12 -1.0357e-12 -2.4295e-12 1.5597e-12 -3.4187e-12 -6.1676e-12 -1.464e-12 7.3976e-15 3.5006e-12 -2.9156e-12 -2.5354e-12 -1.6606e-12 1.4806e-12 -1.5426e-12 -3.9959e-12 -1.4298e-13 2.8302e-12 -3.5958e-13 1.4427e-12 -1.3958e-13 -2.002e-12 1.2217e-12 -3.9246e-13 -4.9517e-13 1.216e-13 2.8457e-12 -2.4666e-13 -3.8947e-14 4.8713e-13 -1.4183e-12 -8.4306e-13 -2.8418e-12 8.6826e-13 4.5086e-13 -1.2323e-13 6.9527e-13 1.5408e-12 1.0741e-12 2.2736e-13 2.0849e-13 2.1702e-13 9.3725e-14 1.3706e-13 7.4799e-14 -6.4772e-14 -2.2234e-14 5.3167e-14
3.9257e-11 2.5927e-11 3.3306e-11 3.0565e-11 2.8334e-11 1.7828e-11 2.7014e-11 2.7106e-11 2.2121e-11 2.1493e-11 1.9637e-11 1.7729e-11 1.3466e-11 3.1484e-11 1.796e-11 1.0754e-11 6.3222e-12 1.5745e-11 1.1642e-11 5.8086e-12 6.9099e-12 7.8697e-12 -1.7276e-15 -2.7594e-12 2.0642e-12 2.2863e-12 -8.16e-12 -3.9933e-12 -2.1247e-12 4.2934e-12 -2.9473e-13 3.2728e-12 -8.2371e-12 -5.3349e-12 -2.0175e-12 -2.3616e-12 3.3274e-13 1.745e-12 -1.0213e-11 -1.0917e-11 -3.6088e-12 -3.0469e-12 -1.6093e-12 -7.8998e-12 3.7082e-12 -3.4804e-12 -2.4546e-14 -1.4969e-12 3.0769e-12 -7.2171e-12 -8.043e-12 -3.1238e-12 -1.3707e-12 -3.4432e-12 -1.0488e-12 -2.0842e-12 -4.5908e-12 -2.0415e-12 -2.0466e-12 -9.386e-13 -1.0417e-12 -1.741e-12 2.134e-13 1.0427e-12 -2.958e-12 -1.9821e-12 -2.7179e-12 3.1044e-12 -1.0549e-12 1.0371e-12 1.0479e-12 -1.1255e-12 1.9678e-12 8.5874e-13 -1.675e-12 -3.2988e-12 -1.4327e-12 -9.7242e-13 2.3342e-13 2.0337e-13 -2.8482e-14 2.8563e-12 -1.11e-13 5.9028e-13 2.875e-12 3.5698e-12 -7.7119e-13 8.0943e-13 1.035e-12 -2.1283e-12 1.4247e-12 2.0047e-12 4.4243e-13 -8.2341e-13 6.1488e-13 1.7484e-12 1.1659e-13 7.1204e-14 6.0228e-14 1.313e-13 2.2417e-13 1.5435e-13 2.5695e-13 -8.5614e-14 -3.4659e-14 5.1581e-14 -8.4697e-14
4.2651e-11 2.5264e-11 3.7233e-11 3.182e-11 2.7195e-11 2.603e-11 2.5934e-11 2.4184e-11 2.8927e-11 1.9356e-11 2.2473e-11 2.14e-11 1.5975e-11 1.796e-11 3.7332e-11 9.3245e-12 7.9812e-12 1.9416e-11 1.1308e-11 6.8371e-12 5.9392e-12 8.4579e-12 8.1266e-13 -1.7109e-12 7.9548e-12 6.703e-12 -4.8123e-12 -1.9648e-12 -2.5558e-12 2.2033e-12 -5.2696e-12 2.5385e-12 -5.5e-12 -5.0088e-12 -3.9761e-12 -4.8476e-12 1.0963e-12 1.8082e-12 -1.3431e-11 -2.5671e-12 -7.1249e-12 -7.0701e-12 -4.2178e-12 3.907e-13 1.9849e-13 -1.107e-12 -4.2341e-12 -1.3149e-12 -1.7253e-12 -6.9573e-12 -7.0308e-12 -3.1279e-12 -4.7008e-12 -3.6083e-12 -1.4565e-12 -4.2968e-12 -4.0643e-12 -1.3626e-13 -3.885e-12 6.0522e-13 -4.6014e-12 4.3671e-14 1.6846e-12 1.7097e-13 -1.77e-12 -3.4489e-12 -4.4198e-12 1.5573e-12 2.7565e-12 -2.1129e-12 3.6534e-12 -2.8922e-12 4.0521e-12 1.1271e-12 -3.7068e-12 -2.6784e-12 -1.163e-13 8.3472e-13 2.8778e-12 1.2185e-13 2.062e-13 3.1519e-13 -2.4487e-12 -7.2832e-13 6.2984e-13 1.4973e-12 -9.3747e-13 2.3747e-12 6.5737e-13 -2.6669e-12 1.9811e-12 1.2083e-12 -1.0552e-12 -7.7371e-13 9.4281e-13 1.8473e-12 6.4109e-13 -1.9367e-13 3.4324e-13 3.6925e-13 1.8824e-14 5.4007e-14 3.8919e-15 -6.0199e-14 -6.609e-14 -3.9448e-14 2.4645e-14
2.9931e-11 1.9523e-11 2.4373e-11 2.1366e-11 2.0462e-11 1.2307e-11 2.5794e-11 1.9345e-11 1.7511e-11 1.5939e-11 1.7512e-11 9.1153e-12 1.3082e-11 1.0754e-11 9.3245e-12 2.1263e-11 1.2518e-11 5.7622e-12 7.0367e-12 3.17e-12 4.7249e-12 5.1934e-12 4.1449e-12 -3.8763e-12 1.4004e-13 1.761e-12 -3.1943e-12 -3.0329e-12 3.1151e-13 -4.2789e-12 -5.7299e-13 4.8773e-12 -4.8338e-12 -3.7908e-12 -1.2086e-12 -1.176e-12 2.2182e-12 2.9739e-13 -8.2149e-12 -3.468e-12 -2.1336e-12 -5.291e-12 -2.6498e-12 -3.7182e-12 1.3102e-12 1.1039e-12 -6.3609e-12 -1.5666e-12 2.6368e-12 -2.7255e-12 -2.359e-12 -2.6233e-12 -3.6763e-12 -2.587e-12 -5.7858e-13 6.4221e-13 -4.3783e-12 -4.2495e-13 -9.5029e-13 1.4883e-12 -1.8885e-12 -2.9664e-12 -2.4741e-12 3.3845e-12 -2.9287e-12 -2.5932e-12 -1.1771e-12 5.8051e-14 9.8198e-13 5.1536e-13 -7.2265e-14 6.0012e-13 2.3717e-12 1.9236e-12 -7.3644e-13 -1.3666e-12 1.0949e-12 -2.1016e-12 -3.3118e-13 1.4261e-12 -3.0288e-13 3.1493e-13 -8.1083e-14 -6.7542e-13 8.3406e-13 1.8105e-12 -6.2056e-13 1.677e-12 3.1696e-13 -2.2626e-12 1.0352e-13 -1.4169e-12 1.544e-12 2.2653e-13 1.7302e-13 6.544e-13 -3.4515e-13 2.969e-13 4.6117e-13 5.6931e-13 4.7066e-14 9.2256e-14 7.5685e-14 2.4923e-14 2.1835e-14 1.3112e-14 -1.2648e-13
3.0508e-11 2.3237e-11 2.2494e-11 1.9753e-11 1.5815e-11 1.0413e-11 1.8749e-11 1.7532e-11 1.5602e-11 1.5223e-11 1.4046e-11 1.0231e-11 1.2956e-11 6.3222e-12 7.9812e-12 1.2518e-11 2.8522e-11 7.0933e-12 6.8059e-12 -2.1621e-12 -2.2762e-12 -4.0204e-13 5.524e-12 -2.6555e-13 4.4626e-12 4.1512e-12 2.348e-12 -8.5994e-13 6.0156e-12 -8.8439e-13 -4.2675e-12 5.3344e-14 -3.1049e-12 -4.0362e-12 -2.5758e-12 2.33e-13 1.3545e-12 -3.2489e-12 -9.926e-12 7.5369e-13 8.0431e-13 -5.6247e-12 -1.0213e-12 -2.2802e-12 -2.1044e-13 -2.3161e-12 -8.5253e-12 -3.3233e-12 1.6231e-12 -2.7163e-12 -1.7371e-12 -1.7083e-12 -1.4358e-12 -1.3624e-12 -3.6261e-12 5.0436e-13 -3.0975e-12 -1.8548e-12 -3.5146e-12 2.0213e-12 2.2367e-12 -2.0392e-12 -1.6475e-12 1.4742e-12 -1.9927e-12 -2.552e-12 -3.8544e-12 -1.6047e-12 5.6222e-12 7.6231e-13 -1.7422e-13 -2.8613e-12 2.1277e-13 1.3215e-12 -1.414e-12 -2.4292e-12 5.1539e-13 -2.4741e-13 -7.5925e-13 -5.7312e-13 -6.8519e-14 1.2385e-12 -7.2231e-13 -2.6549e-13 3.7491e-13 1.8537e-12 -6.2707e-13 9.8799e-13 8.9617e-13 -2.9599e-12 8.6469e-13 2.617e-13 6.8061e-13 -1.096e-13 -1.6011e-13 4.7699e-14 6.0624e-13 -1.0763e-13 5.4656e-13 3.3079e-13 -4.1515e-14 2.2697e-13 1.6416e-15 3.6619e-14 -2.5986e-14 5.2126e-14 -9.2342e-14
2.9086e-11 2.1863e-11 2.6333e-11 1.9513e-11 2.0831e-11 1.8787e-11 2.1602e-11 1.917e-11 2.179e-11 1.4384e-11 1.4664e-11 1.8195e-11 1.0714e-11 1.5745e-11 1.9416e-11 5.7622e-12 7.0933e-12 2.4208e-11 3.7138e-12 6.6214e-12 4.1523e-12 5.4424e-12 2.9032e-13 -6.5339e-13 5.0758e-12 4.538e-12 -6.1794e-12 -2.3232e-12 -1.9128e-12 4.1419e-12 -1.8623e-12 -4.325e-12 -6.6013e-12 -4.3822e-12 -4.8141e-12 -4.3393e-12 -1.3527e-12 1.1351e-12 -7.344e-12 -2.6787e-12 -3.1441e-12 1.6757e-13 -3.6991e-12 -1.995e-12 1.9091e-12 -5.5256e-13 -3.5828e-13 -3.3258e-12 2.8907e-12 -3.8313e-12 -4.6516e-12 -1.5524e-12 -2.0325e-12 -2.8394e-12 -1.4547e-12 -3.0035e-12 -4.5428e-12 1.732e-12 -3.4676e-12 -1.5219e-12 2.5172e-13 -1.54e-12 -1.1278e-12 -1.1681e-12 -1.6677e-12 -4.6942e-12 -2.1896e-12 6.4218e-13 1.8103e-12 1.7658e-12 3.6137e-12 -2.1345e-12 1.4099e-12 -2.5608e-13 -1.9916e-12 -2.8249e-12 3.1683e-13 1.4543e-12 2.5065e-12 -1.3156e-13 -7.8483e-13 1.7719e-12 -4.9886e-13 -8.3872e-13 1.3196e-12 1.4771e-12 -1.1892e-12 7.467e-13 1.7601e-14 -6.8138e-13 1.4931e-12 -2.2664e-13 -2.8727e-13 -4.9165e-13 1.0369e-12 1.3051e-12 2.6684e-13 9.4344e-14 6.8141e-13 3.3205e-13 -3.6117e-14 2.3304e-13 7.9755e-14 -5.3939e-14 -4.1385e-15 7.2588e-15 -6.2468e-14
2.2064e-11 1.0437e-11 1.7521e-11 1.7874e-11 1.3929e-11 1.218e-11 9.7984e-12 1.213e-11 1.3865e-11 1.2305e-11 1.2025e-11 7.0214e-12 6.2387e-12 1.1642e-11 1.1308e-11 7.0367e-12 6.8059e-12 3.7138e-12 1.9567e-11 5.9243e-12 1.9989e-12 4.9759e-12 3.9399e-12 6.9519e-13 9.6937e-13 3.1635e-12 -5.7364e-12 1.4405e-12 1.8918e-12 2.3417e-12 -1.282e-12 3.5153e-12 -5.6764e-13 -1.6844e-12 7.6709e-13 -1.1528e-12 1.1701e-13 -2.5174e-12 -8.923e-12 -8.6666e-13 -1.7506e-12 -4.7106e-12 -2.1829e-12 8.1135e-13 5.6228e-13 8.8767e-13 -4.1437e-12 2.6222e-12 -2.1147e-12 -8.1324e-13 -4.426e-12 -1.285e-13 -1.1496e-12 1.0212e-12 1.3222e-12 -1.4192e-12 -7.6506e-14 -1.3084e-12 1.0967e-12 6.0548e-14 -6.8015e-13 -2.0543e-12 1.5868e-12 6.3564e-13 -2.5555e-12 7.5442e-13 -3.6159e-12 1.2019e-12 -1.872e-13 -1.8361e-14 8.6074e-13 -5.9765e-13 7.7752e-13 1.622e-12 -1.3571e-12 -1.4604e-12 6.2757e-13 -6.6108e-13 -1.0815e-12 3.8025e-13 -1.3734e-12 -4.4355e-13 -7.0182e-13 -4.3592e-14 1.2424e-12 6.237e-13 6.7419e-13 6.0175e-13 8.5217e-13 -2.7533e-13 7.1281e-13 2.1564e-12 2.7104e-13 -3.186e-13 4.7867e-13 9.4951e-13 1.544e-13 8.801e-14 2.6522e-13 4.2594e-13 3.2896e-13 -6.2479e-14 1.4956e-13 2.4096e-14 -5.6011e-14 8.3358e-15 -2.0919e-14
9.4007e-12 1.1035e-11 1.0614e-11 6.4795e-12 1.3386e-11 6.4943e-12 4.965e-12 1.306e-11 4.7964e-12 8.6612e-12 9.89e-12 4.3486e-12 7.2893e-12 5.8086e-12 6.8371e-12 3.17e-12 -2.1621e-12 6.6214e-12 5.9243e-12 2.572e-11 7.2214e-12 6.3381e-12 1.0348e-12 -4.8676e-12 2.2021e-12 3.4169e-12 -5.039e-12 4.5845e-12 -1.6838e-12 -1.3029e-12 -7.2786e-13 9.5952e-13 -2.4452e-13 -4.7174e-12 9.4143e-13 9.6286e-13 1.1331e-12 5.2857e-13 -3.5876e-12 -2.6686e-12 -3.2081e-12 -4.0314e-12 -2.7879e-12 4.2833e-13 -4.7643e-13 3.8707e-12 1.5014e-12 -5.1036e-12 1.3098e-12 8.7762e-13 1.0136e-12 -1.4929e-13 3.1864e-12 -8.5e-13 -1.9071e-12 -4.0233e-12 3.046e-12 2.0821e-12 1.6336e-12 -2.3262e-12 -2.0643e-12 -1.754e-12 -5.4476e-13 -2.3338e-12 1.6205e-12 -3.5686e-12 -2.0262e-13 2.5381e-13 -1.1088e-12 -5.1595e-13 1.9581e-12 -6.6738e-13 6.2548e-13 -1.5762e-13 1.4754e-12 1.4555e-12 1.894e-12 -9.2148e-13 1.8554e-12 2.8971e-13 2.3795e-13 -8.7986e-13 -4.8519e-13 -2.8795e-12 1.7255e-12 -3.2298e-13 -2.9433e-13 -1.3225e-12 1.1633e-13 1.1757e-13 -1.346e-13 -1.1736e-13 3.2457e-13 7.9167e-15 6.6632e-13 8.4719e-13 2.7143e-15 -1.0095e-14 1.0317e-16 -7.981e-14 7.327e-13 1.7572e-13 3.091e-13 -1.8985e-14 3.5306e-14 -1.6522e-14 5.1108e-15
8.5432e-12 4.9383e-12 4.2443e-12 4.9658e-12 9.7045e-12 7.9215e-12 4.6499e-12 1.1759e-11 4.7845e-12 3.3976e-12 7.3212e-12 7.9354e-12 3.8791e-12 6.9099e-12 5.9392e-12 4.7249e-12 -2.2762e-12 4.1523e-12 1.9989e-12 7.2214e-12 1.5767e-11 -3.6909e-13 2.2449e-13 -4.0744e-12 -2.1466e-12 2.38e-12 -5.6423e-12 3.2042e-12 6.3887e-13 -8.6628e-14 -6.8148e-13 2.0831e-12 1.4035e-13 -2.316e-12 -1.7394e-12 1.6123e-13 -3.3292e-13 -1.0504e-14 -2.8103e-13 -3.3133e-12 -8.6518e-13 -4.0002e-12 -1.4715e-12 -3.7302e-13 1.5463e-12 -4.5771e-13 3.059e-13 -1.5649e-12 1.3105e-12 -4.4813e-12 -1.4607e-12 4.2206e-13 -2.2249e-12 7.1739e-13 -2.5588e-12 -1.4163e-12 1.3076e-12 -3.6787e-13 1.3367e-12 7.6706e-13 -1.2829e-13 -1.1665e-13 -1.4832e-12 -1.6299e-12 1.443e-12 -1.8531e-12 6.0539e-13 -6.7002e-13 -1.3947e-12 -2.2218e-12 2.4301e-12 1.2368e-13 7.1293e-13 -1.9691e-12 2.2671e-12 1.1283e-13 1.4822e-12 -2.3994e-13 -8.3976e-13 3.3455e-13 -4.6237e-13 -5.3051e-13 -8.4602e-13 -4.7988e-13 -1.9746e-13 9.434e-13 -1.5023e-12 -1.1839e-12 9.6216e-13 -8.8742e-13 4.103e-13 2.5344e-13 -2.0414e-13 -3.8973e-13 8.9417e-14 4.029e-13 -3.9755e-13 3.6456e-13 5.6762e-14 3.6974e-14 1.5956e-13 7.4415e-14 1.4613e-13 -4.2224e-15 9.2364e-14 -1.6723e-14 -6.6495e-15
1.2632e-11 1.1428e-11 2.1687e-11 1.6265e-11 1.0029e-11 6.9891e-12 2.1479e-11 1.311e-11 1.1986e-11 1.1629e-11 1.4172e-11 6.4842e-12 7.7829e-12 7.8697e-12 8.4579e-12 5.1934e-12 -4.0204e-13 5.4424e-12 4.9759e-12 6.3381e-12 -3.6909e-13 2.3731e-11 4.3585e-12 2.8426e-12 1.462e-12 3.3477e-14 -7.2126e-12 -2.9629e-12 -4.1748e-12 -1.8838e-12 2.5166e-12 1.6271e-12 -5.3926e-12 -2.1454e-12 9.4473e-13 -7.055e-13 -3.5115e-12 -2.2587e-12 -6.499e-12 -1.7322e-12 -5.3429e-13 -9.8882e-13 -1.4058e-12 -3.7555e-12 -1.3132e-12 1.7181e-12 -1.9321e-12 -1.6691e-12 -2.306e-12 -1.5731e-12 1.5023e-12 -5.1925e-12 -4.5728e-12 2.4503e-12 -1.8822e-13 -2.8857e-12 8.9241e-13 7.6514e-13 -1.6329e-12 -3.0844e-13 -3.7022e-12 -2.3081e-12 1.7924e-12 -1.0406e-12 -1.7103e-12 -1.9148e-12 -1.9968e-12 1.0545e-12 -8.571e-13 4.1244e-13 -1.1384e-12 -4.7946e-13 -1.5221e-14 2.9641e-12 -2.3925e-12 3.9598e-13 -1.4361e-12 -2.6027e-12 4.8367e-13 5.4096e-13 -2.174e-12 6.9189e-14 -1.2e-12 -1.5358e-12 2.2312e-12 -7.6238e-13 5.2198e-13 1.4705e-12 -1.5455e-12 4.1532e-14 -7.5551e-13 3.2673e-13 3.838e-13 -7.3458e-13 3.2867e-13 1.4529e-12 7.026e-13 6.7211e-13 4.9129e-14 7.9078e-13 2.9744e-13 -4.0191e-14 1.4111e-13 7.1033e-15 -4.0103e-14 -3.9358e-14 -2.713e-14
9.1636e-12 3.8242e-12 1.0202e-11 2.8227e-12 5.9599e-12 2.7766e-12 5.707e-12 7.2421e-12 1.8177e-12 8.5914e-12 8.255e-12 3.3249e-12 4.5337e-13 -1.7276e-15 8.1266e-13 4.1449e-12 5.524e-12 2.9032e-13 3.9399e-12 1.0348e-12 2.2449e-13 4.3585e-12 1.7156e-11 2.8905e-13 -4.876e-13 3.691e-12 -5.8707e-13 4.6373e-12 -4.8638e-14 -1.9426e-12 -1.0233e-12 -1.532e-12 -2.1598e-12 -8.2636e-14 2.0317e-12 7.5219e-13 -4.062e-14 -2.8377e-12 -2.8049e-12 3.6854e-13 2.8645e-12 1.5578e-12 -1.1263e-12 7.1176e-13 1.1038e-13 3.8174e-12 9.0456e-13 3.8e-12 1.2373e-12 2.6075e-12 1.3251e-12 4.6803e-13 -1.2639e-12 2.8197e-12 -5.8061e-13 1.0674e-12 1.6543e-13 1.0601e-13 2.5512e-12 -1.616e-12 1.3188e-12 5.3968e-13 1.3287e-12 3.8784e-12 2.4223e-12 -3.6983e-12 4.347e-13 -1.4323e-12 1.5927e-12 9.7828e-13 -9.4376e-13 5.9876e-13 4.1726e-13 2.7874e-12 -7.8403e-13 -9.7746e-13 4.914e-13 6.9971e-13 6.7255e-13 2.0125e-13 2.0426e-13 -6.4444e-13 7.4822e-13 1.5568e-13 -1.2223e-13 1.455e-12 2.8358e-13 4.1167e-13 1.1442e-12 6.2325e-13 -2.1264e-13 -1.1012e-12 6.6974e-15 3.1313e-13 1.059e-12 4.3567e-13 -2.2242e-13 4.3086e-13 1.6462e-13 4.067e-13 -1.3301e-13 3.9604e-14 3.4346e-14 5.9394e-14 1.7724e-14 -1.917e-14 -1.1767e-13
6.7844e-13 5.3068e-13 2.3123e-12 2.0221e-13 -3.4396e-12 9.1097e-13 5.8791e-13 -5.38e-12 3.5158e-12 -1.4746e-12 4.2208e-12 -3.7901e-12 -4.3176e-13 -2.7594e-12 -1.7109e-12 -3.8763e-12 -2.6555e-13 -6.5339e-13 6.9519e-13 -4.8676e-12 -4.0744e-12 2.8426e-12 2.8905e-13 1.6041e-11 1.8165e-12 -2.4748e-12 2.3708e-13 -1.2435e-12 1.8876e-13 2.6813e-13 2.8875e-12 -5.9532e-13 1.722e-13 3.4147e-12 -2.097e-12 7.0551e-13 5.7001e-13 7.21e-13 -1.1539e-12 -7.1139e-13 3.5482e-12 2.7863e-12 8.3266e-13 2.6939e-12 -1.2807e-12 -1.0857e-12 -4.2872e-13 1.6219e-12 1.2866e-12 3.485e-12 -3.4048e-12 -7.2582e-13 2.9764e-13 -1.0211e-12 4.54e-13 -9.1135e-14 8.2854e-13 -3.9722e-13 -6.552e-13 -6.063e-13 6.6483e-13 1.2154e-12 4.0266e-12 -1.6847e-13 6.2004e-14 5.9608e-13 8.168e-13 9.3131e-13 -8.2475e-14 2.0169e-13 -2.9374e-12 2.9288e-13 7.6218e-14 5.2278e-13 -3.0814e-13 -1.7582e-13 -5.8612e-13 -3.0686e-13 -1.5585e-12 3.8833e-13 -2.4169e-12 6.9215e-13 -8.8208e-14 -3.8949e-13 1.9729e-13 -3.5518e-14 9.606e-13 -1.052e-12 -5.5671e-13 1.3346e-12 -9.6678e-13 9.3978e-13 6.2776e-14 -2.7918e-14 -1.9076e-13 -3.6062e-14 4.3812e-13 -2.9689e-13 6.4427e-14 1.9947e-13 3.5334e-13 1.3447e-13 -1.6612e-13 -2.3868e-15 -7.83e-16 -7.6684e-15 9.6586e-14
9.9117e-12 9.4518e-12 1.1035e-11 8.7652e-12 6.2202e-12 2.3767e-12 1.2149e-12 8.5711e-12 6.3438e-12 2.8687e-12 2.7702e-12 5.3455e-12 2.8288e-12 2.0642e-12 7.9548e-12 1.4004e-13 4.4626e-12 5.0758e-12 9.6937e-13 2.2021e-12 -2.1466e-12 1.462e-12 -4.876e-13 1.8165e-12 1.5717e-11 6.1983e-12 6.5529e-13 1.0399e-13 -3.2156e-12 2.9582e-12 1.1681e-13 -2.4836e-12 -9.9934e-13 -1.6407e-12 3.1246e-12 6.8748e-13 1.8012e-12 -1.5749e-13 -2.1828e-12 5.4432e-12 -1.4979e-12 -1.205e-13 4.4656e-13 5.4972e-13 -2.3127e-12 1.1704e-12 1.2055e-12 -1.9889e-12 1.8026e-12 3.6396e-13 -3.4581e-12 2.0761e-12 -2.0364e-12 -1.7219e-12 1.1263e-12 -3.7269e-13 -1.2206e-12 1.0958e-14 -7.7942e-13 3.5397e-13 -1.631e-12 -2.0349e-12 -3.758e-13 6.5174e-13 -8.1137e-13 -2.3401e-12 -3.0986e-12 -4.3225e-13 2.6809e-12 -3.9422e-13 3.7922e-13 -1.9018e-12 -1.4123e-12 2.6866e-13 -3.7917e-13 -4.8806e-13 -1.4481e-12 9.4786e-13 -7.6535e-14 -7.5188e-13 -8.375e-13 4.3018e-14 -2.3208e-13 -3.108e-13 -4.5432e-13 -5.281e-13 -6.5864e-13 7.7556e-13 4.6754e-13 -7.6227e-13 1.2936e-13 -9.6815e-14 4.4329e-13 1.0163e-13 1.1672e-13 3.8361e-14 6.7224e-13 -5.8981e-13 5.0702e-14 -2.4857e-13 3.5873e-14 2.3255e-14 -8.8597e-14 1.709e-14 -2.9794e-14 5.5017e-16 -8.1679e-14
6.1522e-12 5.243e-12 1.0938e-11 3.1657e-12 6.0164e-12 4.73e-12 1.6738e-12 7.5037e-12 3.3923e-12 5.0277e-12 6.6779e-12 5.3919e-12 8.0334e-13 2.2863e-12 6.703e-12 1.761e-12 4.1512e-12 4.538e-12 3.1635e-12 3.4169e-12 2.38e-12 3.3477e-14 3.691e-12 -2.4748e-12 6.1983e-12 1.6442e-11 -2.6397e-12 1.6563e-12 -2.1167e-12 5.5253e-12 -2.9733e-12 -2.4202e-13 -9.9153e-13 -1.105e-12 3.7399e-12 -2.7324e-13 1.6661e-12 -3.2338e-12 1.0719e-13 1.4304e-12 -4.2704e-12 1.4979e-12 4.1092e-13 -3.8859e-14 -3.6661e-12 1.4291e-12 5.3267e-14 -1.5109e-12 -8.5369e-13 -4.7171e-13 1.4676e-12 4.732e-12 -2.2264e-12 3.8729e-12 -1.2897e-12 -1.2783e-12 1.262e-12 1.2128e-12 1.1887e-12 -1.538e-12 5.0958e-14 -6.6384e-13 -2.5905e-12 2.5949e-12 1.0624e-12 -2.358e-12 8.5061e-13 2.2626e-12 3.5757e-12 -7.3287e-13 8.2359e-13 -3.5502e-13 -4.258e-14 3.103e-14 4.6982e-14 -9.655e-13 -1.9229e-12 1.5029e-12 1.547e-12 -3.0149e-13 5.6863e-13 -1.8902e-12 -2.7079e-12 4.2695e-13 -6.285e-13 4.3184e-13 1.3557e-12 1.291e-12 8.9677e-13 5.1569e-13 -5.707e-13 -2.1778e-13 2.8172e-13 -7.173e-13 9.539e-13 -1.2166e-13 9.1349e-13 1.5532e-13 2.493e-13 -2.6855e-13 -5.9255e-14 -5.3932e-14 1.166e-13 -1.5896e-14 1.5704e-14 1.3597e-14 -1.4908e-13
-9.4759e-12 -4.9971e-12 -8.3346e-12 -5.3267e-12 -7.0497e-12 -8.5321e-12 -7.8993e-12 -7.9483e-12 -6.1136e-12 -3.8194e-12 -5.2935e-12 -8.7327e-12 -1.7151e-12 -8.16e-12 -4.8123e-12 -3.1943e-12 2.348e-12 -6.1794e-12 -5.7364e-12 -5.039e-12 -5.6423e-12 -7.2126e-12 -5.8707e-13 2.3708e-13 6.5529e-13 -2.6397e-12 1.5778e-11 -1.6189e-12 2.7755e-12 -1.8879e-12 -3.6346e-13 3.341e-12 -1.4377e-12 2.0552e-12 -9.4339e-13 8.1094e-13 1.8111e-12 1.1049e-12 2.9531e-12 1.5684e-12 -2.5655e-12 -3.0712e-12 1.8491e-13 2.2174e-12 7.0699e-13 2.1455e-12 8.0624e-13 2.6521e-12 -1.1785e-12 -8.0896e-13 1.3422e-12 1.6734e-13 1.3063e-12 -1.0877e-12 -9.5538e-13 2.4605e-12 -7.2094e-13 -5.0775e-13 5.1975e-13 -1.1086e-12 1.9141e-12 3.044e-12 1.8342e-13 2.7422e-12 -3.517e-13 4.7607e-13 2.0252e-12 -8.1329e-13 1.543e-12 -2.4304e-12 -1.4015e-12 4.3936e-13 1.6249e-12 -3.8074e-13 -1.1159e-14 5.1112e-13 6.9812e-13 6.4785e-13 -5.6144e-13 -5.0571e-13 2.246e-12 6.5139e-13 1.4679e-12 7.2292e-13 -2.7255e-13 1.9822e-13 -7.5081e-13 -4.2713e-13 -4.713e-13 4.9003e-13 4.6993e-13 -6.7671e-13 -3.8449e-13 5.3946e-13 -3.9406e-13 -2.5596e-13 -2.4719e-14 -5.1526e-13 2.7164e-13 5.4293e-15 -2.5802e-13 -1.3908e-13 -2.0549e-13 9.6065e-15 -8.5703e-15 -6.9175e-15 -2.0205e-14
-4.3593e-12 -6.4541e-12 -8.2325e-12 -1.1844e-11 -5.3525e-12 -2.7753e-12 -1.1034e-11 -5.0282e-12 -5.3304e-12 -3.9218e-12 -3.3801e-12 -1.4271e-12 -5.5761e-12 -3.9933e-12 -1.9648e-12 -3.0329e-12 -8.5994e-13 -2.3232e-12 1.4405e-12 4.5845e-12 3.2042e-12 -2.9629e-12 4.6373e-12 -1.2435e-12 1.0399e-13 1.6563e-12 -1.6189e-12 2.2142e-11 5.4183e-12 4.2493e-12 -2.5744e-12 2.9645e-12 1.0465e-12 -6.7209e-13 -1.9904e-12 3.1168e-13 -9.3965e-14 -2.0042e-12 4.0005e-12 5.0926e-12 2.5762e-12 2.5053e-12 1.2037e-12 1.0429e-12 5.7087e-13 1.8218e-12 9.9502e-15 2.6179e-12 3.6045e-13 1.7732e-12 1.5966e-13 1.3504e-13 -1.8046e-12 3.728e-12 -1.5581e-13 -1.7911e-13 6.7652e-12 -1.0844e-12 4.0888e-12 1.0765e-12 7.5971e-13 -1.5828e-12 1.0149e-12 -2.4872e-12 3.3555e-12 7.3488e-13 -2.7345e-12 -3.4481e-12 1.2168e-12 -1.7158e-12 2.4755e-12 -4.2079e-13 -4.1372e-13 6.8338e-14 2.6351e-12 1.568e-12 -6.4886e-13 -1.3497e-13 -6.6366e-13 -5.1363e-13 2.3505e-12 -3.6442e-13 8.9265e-13 -2.5488e-13 7.54e-13 -8.4101e-14 4.761e-13 -2.3716e-12 1.5414e-12 5.6443e-13 3.9857e-13 -9.5729e-13 -2.2308e-13 -1.3157e-12 4.3978e-13 -7.3677e-13 -1.6186e-14 1.5319e-13 1.34e-13 -1.8522e-13 2.8648e-13 -2.5781e-14 2.0076e-14 4.2421e-14 3.386e-14 8.6732e-15 -8.583e-14
-2.0008e-12 -5.4582e-12 -6.1728e-12 -3.5808e-12 -4.054e-12 -4.6367e-12 -5.2042e-12 -4.7767e-12 -5.5076e-13 -2.4472e-12 -1.4104e-12 5.5618e-13 -6.037e-12 -2.1247e-12 -2.5558e-12 3.1151e-13 6.0156e-12 -1.9128e-12 1.8918e-12 -1.6838e-12 6.3887e-13 -4.1748e-12 -4.8638e-14 1.8876e-13 -3.2156e-12 -2.1167e-12 2.7755e-12 5.4183e-12 1.3824e-11 4.1436e-13 -1.9234e-12 3.7867e-12 -5.4383e-13 -4.5723e-13 -2.0941e-12 1.7884e-12 8.8653e-13 -5.772e-13 3.1689e-12 2.5912e-12 5.9301e-12 -7.0441e-13 -2.4625e-13 3.7802e-12 -1.8915e-12 -2.0783e-12 -1.8035e-13 1.5472e-12 2.4081e-12 7.0271e-13 1.6283e-13 4.6126e-13 1.5669e-12 5.424e-13 -2.1388e-12 5.5005e-13 8.1016e-13 -1.1755e-12 1.0556e-12 3.1531e-13 1.6972e-12 7.1789e-13 3.312e-12 -2.2951e-12 1.7414e-12 3.3039e-12 -9.8017e-13 -1.0217e-12 -6.9649e-13 7.1997e-13 2.4738e-12 -7.3693e-13 1.0735e-12 1.2706e-12 1.8009e-12 2.6646e-13 1.0404e-12 -9.6539e-13 -7.1762e-13 -2.9656e-13 1.6172e-12 5.1633e-13 1.5231e-12 -8.8345e-13 1.3763e-13 8.1765e-13 -1.5578e-12 -1.5458e-12 4.1076e-14 -4.3324e-13 3.0715e-13 1.4287e-12 -9.9277e-14 -5.8927e-13 -1.1918e-12 1.8164e-13 -4.9893e-13 -5.4961e-13 7.4712e-13 1.8584e-13 2.2056e-13 1.6361e-13 -9.5975e-14 1.3418e-14 2.0954e-14 -8.6911e-15 1.9835e-14
-7.0437e-12 -2.4605e-12 -1.3663e-12 -7.2854e-12 -4.9721e-12 -4.3724e-12 -7.9556e-12 -4.1671e-12 -1.7522e-12 -4.0071e-12 -1.6863e-12 -4.6849e-13 -4.5022e-12 4.2934e-12 2.2033e-12 -4.2789e-12 -8.8439e-13 4.1419e-12 2.3417e-12 -1.3029e-12 -8.6628e-14 -1.8838e-12 -1.9426e-12 2.6813e-13 2.9582e-12 5.5253e-12 -1.8879e-12 4.2493e-12 4.1436e-13 1.8224e-11 -1.6017e-13 1.437e-12 1.6512e-12 -9.1581e-13 -1.0938e-12 -9.6259e-13 -6.6658e-13 -1.4135e-12 4.1328e-13 4.4503e-12 -2.3543e-12 1.0786e-12 4.1432e-12 -1.383e-12 2.2368e-12 1.2438e-12 1.7243e-12 2.1943e-12 -2.9971e-13 5.9787e-13 -8.3443e-13 3.3618e-12 -1.2629e-12 2.2316e-12 1.5966e-12 1.5235e-13 1.0319e-12 1.1891e-12 -1.8359e-12 1.9244e-12 -7.7575e-15 -5.3026e-13 1.5524e-12 -2.0508e-12 6.9746e-13 -2.147e-13 -1.4868e-12 1.2748e-12 7.4234e-13 4.1827e-13 -1.7256e-13 -1.8089e-12 -2.0524e-12 -1.0011e-12 1.3156e-12 -2.7145e-13 -1.4338e-12 1.893e-12 3.2835e-13 1.4525e-13 1.7354e-12 5.0491e-13 6.7217e-13 5.2731e-13 1.6689e-12 -5.7872e-13 1.2079e-12 9.6284e-13 2.4401e-14 2.6761e-13 -6.3615e-13 1.8887e-12 -2.9378e-13 -1.0778e-12 5.8633e-13 2.3625e-13 3.2241e-13 -3.9031e-13 5.9331e-14 6.83e-14 2.7993e-13 -2.5882e-13 5.4924e-14 -5.5939e-14 -1.2485e-14 3.4572e-14 -5.8313e-14
-9.0493e-12 -6.2794e-12 -5.6203e-12 -3.4232e-12 -5.0617e-12 -5.8978e-12 4.4939e-13 -4.3075e-12 -3.0055e-12 -3.4767e-12 -6.2389e-12 -6.7055e-12 -4.1588e-12 -2.9473e-13 -5.2696e-12 -5.7299e-13 -4.2675e-12 -1.8623e-12 -1.282e-12 -7.2786e-13 -6.8148e-13 2.5166e-12 -1.0233e-12 2.8875e-12 1.1681e-13 -2.9733e-12 -3.6346e-13 -2.5744e-12 -1.9234e-12 -1.6017e-13 1.0702e-11 -9.0898e-13 1.1046e-12 3.7422e-12 -1.3668e-12 4.8935e-13 2.0495e-12 -1.063e-12 4.8746e-12 -9.3254e-13 3.7125e-13 2.8022e-12 2.0803e-12 2.5032e-12 3.2498e-13 -1.7894e-13 1.9097e-12 1.1019e-13 4.3786e-12 1.9992e-12 -2.273e-13 2.855e-13 6.6576e-13 -3.1532e-13 1.4016e-12 2.0287e-12 -1.4277e-12 -7.2682e-13 -6.0017e-13 -9.2259e-13 -1.4515e-12 1.9404e-13 5.228e-13 -1.5824e-12 -1.5298e-12 -1.0427e-13 8.1229e-15 -1.2833e-13 -5.9025e-15 3.7981e-13 5.2638e-13 1.86e-13 -1.609e-12 1.1019e-12 2.4143e-13 -9.9288e-13 3.2133e-13 3.7192e-13 -2.838e-12 -7.3832e-15 -7.9838e-13 9.9275e-13 9.9458e-13 1.7118e-12 1.488e-12 -1.1855e-12 3.3976e-15 -4.5245e-13 -5.8904e-13 3.7488e-13 -5.8643e-13 8.2971e-13 2.8235e-13 3.4984e-13 -2.0541e-13 8.509e-14 -3.2626e-13 -1.3247e-13 -3.4169e-13 1.484e-13 -2.1824e-13 -4.5327e-15 9.0458e-14 -9.6645e-14 3.2647e-14 1.9882e-14 -4.2029e-14
1.386e-12 2.1123e-12 4.5592e-12 5.9791e-12 -3.1302e-13 -2.6645e-12 3.155e-12 -6.2197e-13 2.8119e-12 1.016e-12 1.9352e-12 7.6777e-13 -3.5931e-13 3.2728e-12 2.5385e-12 4.8773e-12 5.3344e-14 -4.325e-12 3.5153e-12 9.5952e-13 2.0831e-12 1.6271e-12 -1.532e-12 -5.9532e-13 -2.4836e-12 -2.4202e-13 3.341e-12 2.9645e-12 3.7867e-12 1.437e-12 -9.0898e-13 1.8225e-11 -3.4598e-12 9.7715e-13 1.4592e-12 -5.9185e-13 1.8348e-12 -1.5223e-12 -1.0389e-12 6.9684e-13 -2.8756e-12 -7.582e-12 -1.9654e-12 -3.0789e-12 -1.0264e-13 4.0429e-12 -3.2853e-12 3.7788e-12 1.3326e-12 -9.0492e-13 8.6798e-13 -8.9563e-14 -1.2662e-12 7.4202e-13 4.3398e-13 -1.6937e-12 2.8002e-12 -2.4327e-12 3.42e-12 5.2972e-13 -1.8419e-12 9.2053e-13 6.0293e-13 7.7361e-13 2.2359e-12 3.3429e-12 -7.5528e-13 -2.5625e-13 -4.4478e-13 -2.7683e-12 -4.4313e-13 5.267e-13 2.1935e-12 -1.9356e-13 2.0744e-12 1.5517e-12 1.7114e-12 -1.8584e-12 -1.6374e-12 3.9002e-13 2.3577e-12 -9.2084e-13 4.6939e-13 -1.5359e-13 1.9657e-12 2.8837e-13 -3.6993e-13 6.0677e-13 -2.6437e-13 -1.0496e-12 -7.0676e-14 9.1367e-14 -2.9668e-13 -5.469e-13 -1.9194e-13 4.9257e-13 3.6144e-13 2.1752e-13 3.6435e-13 1.0573e-13 3.5543e-13 -4.5544e-13 1.9433e-14 -3.2829e-14 2.3101e-14 -7.223e-15 8.6947e-15
