,0,1,2,3,4,5,6,7,8,9,10,11,12,13,14,15,16,17,18,19,20,21,22,23,24,25,26,27,28,29,30,31,32,33,34,35,36,37,38,39,40,41,42,43,44,45,46,47,48,49,50,51,52,53,54,55,56,57,58,59,60,61,62,63,64,65,66,67,68,69,70,71,72,73,74,75,76,77,78,79,80,81,82,83,84,85,86,87,88,89,90,91,92,93,94,95,96,97,98,99,100,101,102,103,104,105,106,107,108,109,110,111,112,113,114,115,116,117,118,119,120,121,122,123,124,125,126,127,128,129,130,131,132,133,134,135,136,137,138,139,140,141,142,143,144,145,146,147,148,149,150,151,152,153,154,155,156,157,158,159,160,161,162,163,164,165,166,167,168,169,170,171,172,173,174,175,176,177,178,179,180,181,182,183,184,185
0,1,0.79566,0.76147,0.81124,0.90422,0.82207,0.81587,0.83554,0.80357,0.6259,0.79257,0.84222,0.84408,0.7494,0.87204,0.86996,0.80073,0.75148,0.78249,0.86413,0.70432,0.85504,0.89717,0.77789,0.7936,0.83109,0.82014,0.80859,0.75712,0.73935,0.76644,0.76598,0.77188,0.79311,0.75833,0.72129,0.71363,0.76867,0.70694,0.74196,0.74816,0.73332,0.69866,0.71018,0.71207,0.74579,0.69495,0.71828,0.77273,0.72569,0.69454,0.63306,0.7222,0.63233,0.64047,0.71946,0.60757,0.38589,0.60792,0.49481,0.51292,0.59423,0.51976,0.35959,0.40056,0.44642,0.517,0.35225,0.26675,0.31995,0.30098,0.55561,0.46428,0.43235,0.1598,0.43264,0.097967,0.27593,0.17748,0.33738,0.32348,0.38556,0.18128,0.14515,0.59536,0.32877,0.23327,0.12055,0.058832,0.3319,0.27298,0.29851,0.24119,-0.090536,0.066957,-0.036588,0.12732,0.0067991,0.46906,0.19359,0.062398,0.18001,0.1129,-0.26553,-0.18094,-0.013374,0.29254,0.11494,0.026522,0.31169,0.23412,0.028854,0.23413,-0.036872,0.17054,-0.12352,-0.012322,0.0028351,-0.031945,-0.13576,-0.011034,0.1343,0.22224,-0.020321,0.028441,-0.10732,-0.015348,0.14947,-0.037023,0.13715,0.10431,0.092433,0.14274,-0.1251,-0.034505,0.12789,-0.18922,-0.080865,-0.25136,-0.060897,0.019059,-0.20016,-0.21602,-0.089542,-0.013054,0.2793,0.16829,0.17089,0.3454,0.11852,0.19469,0.20256,-0.057167,0.14761,-0.035413,-0.10037,-0.06302,-0.011759,0.13778,0.0051994,-0.20608,0.014096,0.046184,-0.18065,0.026556,-0.26556,-0.27044,-0.0080927,0.11018,-0.019558,0.15842,0.070607,-0.03188,-0.20633,-0.020419,-0.245,-0.23941,-0.15788,-0.006129,-0.04387,0.039441,0.21693,-0.18547,-0.078956,-0.090668,
1,0.79566,1,0.83993,0.85376,0.84208,0.80021,0.87473,0.82106,0.8306,0.79159,0.86968,0.86685,0.83697,0.78854,0.83764,0.81758,0.76331,0.8331,0.87291,0.8208,0.73574,0.86198,0.83163,0.83852,0.86345,0.85552,0.82123,0.80866,0.80568,0.86674,0.86494,0.84151,0.80386,0.78293,0.79153,0.76402,0.66888,0.83168,0.68096,0.83993,0.75205,0.77582,0.71579,0.70522,0.76136,0.73659,0.74375,0.72402,0.76681,0.73405,0.74203,0.68767,0.75214,0.69302,0.52423,0.73529,0.53965,0.39055,0.70336,0.5098,0.59234,0.67813,0.58683,0.34638,0.54896,0.48571,0.64821,0.45317,0.24164,0.44918,0.29244,0.58984,0.35898,0.35074,0.28714,0.44953,0.15184,0.35172,0.16079,0.21776,0.33837,0.36649,0.057813,0.1213,0.54833,0.32986,0.28017,0.056677,0.044936,0.21326,0.28101,0.27945,0.24629,-0.14231,0.078818,-0.0013214,0.26589,-0.0013457,0.42413,0.15899,0.10863,0.066961,0.10977,-0.37825,-0.21507,0.022461,0.15177,0.14141,0.089164,0.15992,0.21484,-0.014103,0.052991,-0.056216,0.10255,-0.11173,-0.01837,-0.15568,-0.020155,-0.15052,-0.13247,-0.021015,0.14657,-0.15005,-0.065327,-0.15021,-0.25371,0.23778,-0.21791,0.16394,-0.035105,-0.03413,0.13183,-0.15908,-0.084079,0.040551,-0.18843,0.12086,-0.26238,0.05345,-0.03516,-0.039371,-0.19465,-0.16455,-0.052306,0.080185,0.12309,0.086656,0.37324,0.059486,0.15246,0.1444,0.037973,0.18538,-0.069468,-0.038086,0.041014,-0.076875,0.050297,-0.00091064,-0.35974,-0.073716,-0.0019388,-0.17381,-0.11259,-0.26321,-0.013539,0.094184,0.12902,-0.055661,0.1253,0.10764,0.070587,-0.12461,-0.022485,-0.22139,-0.31028,-0.27045,-0.076733,0.10276,0.067515,0.10891,-0.11106,-0.062211,-0.21043,
2,0.76147,0.83993,1,0.83394,0.80467,0.83242,0.82999,0.79905,0.79282,0.74129,0.85502,0.81157,0.81526,0.78127,0.82684,0.78925,0.72419,0.72794,0.86792,0.79132,0.71676,0.83806,0.79631,0.76347,0.72387,0.7909,0.84949,0.76112,0.73617,0.80013,0.78178,0.81853,0.79127,0.77086,0.80948,0.67694,0.70861,0.76961,0.72248,0.82877,0.70212,0.66441,0.74181,0.64719,0.72848,0.76907,0.72539,0.70552,0.80781,0.65148,0.71938,0.60477,0.66895,0.64803,0.59636,0.74566,0.56826,0.29335,0.61045,0.52282,0.516,0.68485,0.55564,0.33867,0.56142,0.48263,0.67284,0.37939,0.25889,0.45006,0.28344,0.62839,0.32137,0.44315,0.20196,0.38783,0.072576,0.28808,0.012296,0.19577,0.29841,0.30239,0.030275,0.14015,0.54832,0.39627,0.35219,0.20129,0.088093,0.25157,0.19784,0.26475,0.16394,-0.10746,0.11384,0.093418,0.2703,-0.018664,0.34389,0.016324,-0.020456,0.21065,0.050006,-0.23107,-0.17342,0.10313,0.18312,0.22791,0.14847,0.079738,0.31645,-0.034529,0.071171,0.08488,0.070636,-0.1779,-0.047403,-0.030052,0.0065054,-0.03267,-0.079465,0.076803,0.25415,-0.12094,-0.13358,-0.23632,-0.15655,0.12474,-0.20701,0.2076,0.071682,0.0043212,0.25531,-0.036272,-0.058178,-0.018988,-0.14206,0.070501,-0.37582,0.034332,-0.052878,-0.17714,-0.19837,-0.067685,-0.0074244,0.080884,0.14717,0.18677,0.37202,0.080656,0.17175,0.11946,-0.033687,0.20415,-0.050981,-0.057357,-0.161,-0.076101,0.071998,0.023354,-0.39324,-0.13016,0.12084,-0.11912,-0.11742,-0.31672,-0.094982,-0.071123,0.12639,-0.047094,0.12823,-0.023839,-0.14086,-0.01008,-0.0066994,-0.35925,-0.30742,-0.1927,0.082939,0.053405,0.050325,0.051255,-0.047973,0.05689,-0.12677,
3,0.81124,0.85376,0.83394,1,0.87655,0.82732,0.87729,0.82188,0.82118,0.76293,0.83509,0.85041,0.83594,0.75505,0.81828,0.81558,0.75898,0.84831,0.8516,0.81651,0.69013,0.86403,0.84266,0.79434,0.80152,0.84453,0.80168,0.829,0.75507,0.76783,0.86768,0.79575,0.82065,0.87267,0.79513,0.75572,0.7018,0.75197,0.75117,0.82325,0.78968,0.72491,0.78951,0.7323,0.70718,0.82183,0.71196,0.82428,0.82048,0.69432,0.72212,0.65603,0.72715,0.7844,0.54524,0.79207,0.52173,0.52358,0.73083,0.51384,0.61122,0.70258,0.51802,0.3631,0.48087,0.57876,0.55752,0.42242,0.32482,0.47589,0.25001,0.6171,0.3002,0.51425,0.073995,0.37875,0.16796,0.41416,0.10357,0.31116,0.46165,0.37929,0.11098,0.16865,0.57927,0.39537,0.26789,0.1113,0.14085,0.29095,0.22961,0.36669,0.19653,-0.1577,0.035665,0.16341,0.085841,0.023433,0.41219,0.060253,0.032498,0.15442,0.14614,-0.22135,-0.1487,0.12307,0.26634,0.1559,0.1439,0.11234,0.28435,-0.011519,0.13323,0.018882,0.16576,-0.077588,0.013904,-0.14423,-0.071242,-0.079932,-0.18512,0.020227,0.23519,-0.13477,0.051928,-0.080991,-0.22664,0.28744,-0.22461,0.22874,0.038835,0.1304,0.19774,-0.092773,-0.046075,-0.10389,-0.22229,0.18894,-0.26704,0.12381,-0.012422,-0.22021,-0.12539,-0.03384,-0.16062,0.15669,0.2334,0.16505,0.42264,0.13672,0.049908,0.10639,-0.086623,0.11069,-0.054225,-0.083573,-0.0345,-0.081493,0.01937,0.030993,-0.41133,-0.024,0.054563,-0.069897,-0.0019815,-0.23314,-0.10046,-0.0094028,0.085408,-0.0096614,0.12682,0.11732,-0.16727,-0.17495,0.029242,-0.25399,-0.22501,-0.18679,0.032495,0.05097,0.04957,0.15184,-0.13215,0.080769,-0.21422,
4,0.90422,0.84208,0.80467,0.87655,1,0.85703,0.86149,0.83685,0.82209,0.74493,0.77579,0.86158,0.79138,0.78681,0.8497,0.88765,0.80919,0.80266,0.83959,0.83558,0.72851,0.88229,0.848,0.79747,0.82452,0.8825,0.82118,0.87081,0.83021,0.80115,0.85224,0.82589,0.81543,0.84335,0.77618,0.70715,0.67927,0.85601,0.73547,0.77896,0.77155,0.76583,0.7542,0.70164,0.6689,0.74064,0.72048,0.72356,0.79714,0.78197,0.76722,0.70949,0.74782,0.71774,0.61724,0.77736,0.51372,0.42162,0.69355,0.46276,0.58464,0.64486,0.63187,0.37707,0.50683,0.51533,0.53324,0.50404,0.30214,0.37192,0.27448,0.51724,0.48317,0.51608,0.13325,0.48241,0.0080963,0.28087,0.17648,0.29824,0.30994,0.4109,0.062965,0.088054,0.6128,0.36023,0.32842,0.040349,0.18028,0.23053,0.24874,0.40911,0.20176,-0.1127,0.027026,-0.042252,0.10745,0.02849,0.47403,0.15625,0.13517,0.25299,0.020192,-0.22101,-0.16553,0.073567,0.30289,0.11651,0.028876,0.13122,0.2716,0.014969,0.14901,0.030479,0.098,-0.10464,0.0056149,-0.10882,-0.12442,-0.17456,-0.047029,0.011986,0.19245,-0.047821,0.010362,-0.11169,-0.15358,0.17052,-0.22885,0.14842,0.051768,0.10383,0.11569,-0.12153,-0.037211,0.11696,-0.25105,-0.014924,-0.33538,-0.021061,-0.020109,-0.21914,-0.12054,-0.089847,-0.065448,0.17335,0.20604,0.17448,0.36432,0.080737,0.21036,0.12286,-0.046547,0.15244,0.022365,-0.15567,-0.011897,-0.089182,0.13397,0.10619,-0.32314,0.11928,-0.058002,-0.13618,0.0638,-0.28416,-0.13992,-0.028078,0.13913,-0.065644,0.11226,0.14499,-0.08835,-0.15746,-0.032338,-0.17775,-0.1343,-0.22396,0.061774,0.0036861,-0.027128,0.12088,-0.14079,0.069552,-0.12236,
5,0.82207,0.80021,0.83242,0.82732,0.85703,1,0.85364,0.77741,0.86279,0.74731,0.77738,0.83253,0.81675,0.77533,0.85542,0.84247,0.75699,0.85081,0.86647,0.84127,0.7341,0.89508,0.82226,0.80332,0.73646,0.84157,0.8182,0.818,0.69513,0.73933,0.77091,0.77291,0.76941,0.80823,0.78342,0.74117,0.76153,0.80592,0.74225,0.8141,0.75544,0.74773,0.73887,0.68855,0.74749,0.70043,0.74004,0.71519,0.81301,0.74351,0.72824,0.62937,0.62609,0.70928,0.61914,0.7637,0.54762,0.37524,0.66618,0.58216,0.46922,0.58906,0.6017,0.37951,0.63572,0.6056,0.57776,0.42647,0.39644,0.40742,0.31499,0.6617,0.45612,0.4882,0.099824,0.40352,0.11052,0.28506,0.098399,0.33802,0.39264,0.41226,0.11183,0.11454,0.62115,0.34434,0.1627,0.19327,0.13644,0.36719,0.28389,0.31974,0.16562,-0.11396,0.10428,0.08921,0.27444,-0.10664,0.47169,0.048722,0.041874,0.28119,0.065072,-0.19351,-0.27129,0.038756,0.22577,0.28743,0.18321,0.21606,0.22562,0.037683,-0.014836,0.094162,0.085341,-0.20871,-0.097902,-0.094164,-0.10182,-0.085599,-0.043704,0.039956,0.2818,0.034197,0.11739,-0.18344,-0.16533,0.26453,-0.12853,0.2625,0.11978,0.13383,0.15487,-0.046845,0.01375,0.015486,-0.23674,0.068972,-0.2378,0.025987,0.072119,-0.15119,-0.097495,-0.16454,0.029169,0.2072,0.18059,0.18137,0.3348,-0.082903,0.020631,0.19508,-0.005414,0.20236,-0.085101,-0.054852,-0.095114,-0.10292,0.12038,0.0065094,-0.35371,-0.065841,-0.031411,-0.13761,0.06244,-0.11402,-0.076544,-0.060709,0.16824,-0.077691,0.031295,0.0096459,-0.12272,-0.032849,0.11555,-0.29796,-0.15226,-0.31702,-0.00095781,0.017303,-0.016358,0.16218,-0.14157,0.15463,-0.20979,
6,0.81587,0.87473,0.82999,0.87729,0.86149,0.85364,1,0.83213,0.84983,0.72167,0.84405,0.88533,0.8328,0.75955,0.87253,0.82645,0.7723,0.83939,0.8491,0.82732,0.76561,0.86258,0.84481,0.85002,0.8413,0.84785,0.79637,0.82956,0.77715,0.74443,0.82528,0.84677,0.80933,0.83073,0.76187,0.78239,0.71242,0.79527,0.72351,0.84574,0.77107,0.76677,0.72041,0.70592,0.75661,0.74873,0.74386,0.7637,0.7435,0.74754,0.71464,0.65609,0.67937,0.73883,0.60132,0.70563,0.52669,0.4312,0.72878,0.53294,0.60046,0.62723,0.55205,0.3531,0.55283,0.5609,0.61845,0.44734,0.24552,0.44505,0.2233,0.62838,0.40934,0.46938,0.18669,0.45212,0.10123,0.28401,0.15049,0.18223,0.43161,0.24987,0.070353,0.16658,0.57014,0.27082,0.33818,0.21186,0.17783,0.34632,0.19322,0.37024,0.26653,-0.088047,0.073502,0.063728,0.16833,-0.041825,0.40695,0.16374,0.079863,0.097247,0.10714,-0.15694,-0.16198,-0.02404,0.13705,0.13299,0.033304,0.17318,0.34447,0.0048188,0.098857,-0.012299,0.11035,-0.16009,-0.02573,-0.092999,-0.076485,-0.13952,-0.06284,0.025738,0.23165,0.01002,0.07576,-0.097164,-0.18656,0.17226,-0.11252,0.20066,-0.031672,0.17299,0.18629,-0.11705,-0.16752,-0.0066927,-0.25411,0.0095796,-0.3026,0.07935,0.053228,-0.19352,-0.16683,-0.040203,0.021076,0.20849,0.12595,0.16636,0.41141,0.064008,0.12589,0.18712,0.023506,0.10464,-0.10135,-0.10371,0.081502,0.032778,0.039718,0.021746,-0.3476,-0.0099043,-0.045234,-0.085006,0.0071555,-0.1113,-0.12546,-0.065235,0.22262,-0.14034,0.080625,0.093916,-0.12304,-0.14683,0.051203,-0.21011,-0.15059,-0.23527,-0.0068671,-0.034838,0.001402,0.12475,-0.098968,0.11452,-0.226,
7,0.83554,0.82106,0.79905,0.82188,0.83685,0.77741,0.83213,1,0.79983,0.66163,0.75935,0.79099,0.7842,0.73177,0.84866,0.82288,0.76369,0.7722,0.79896,0.78969,0.61975,0.78663,0.76836,0.75901,0.78393,0.82922,0.78409,0.71247,0.78329,0.78955,0.77481,0.76025,0.79495,0.81618,0.75823,0.69103,0.67716,0.77065,0.72708,0.69497,0.7677,0.70602,0.67417,0.77467,0.70193,0.70594,0.68408,0.72954,0.69157,0.68625,0.63997,0.62387,0.67772,0.68339,0.51646,0.66522,0.37656,0.40103,0.57962,0.38361,0.51681,0.57791,0.45932,0.21422,0.5797,0.47766,0.51881,0.29762,0.35788,0.40863,0.37661,0.54273,0.34486,0.39252,0.1403,0.46697,0.13933,0.20534,0.16714,0.27605,0.36754,0.24793,0.061249,0.16503,0.60618,0.21723,0.23785,0.0854,0.041188,0.29582,0.093223,0.24619,0.22993,-0.036168,0.028771,0.018725,0.23443,-0.081801,0.44548,0.046077,0.060629,0.084472,-0.070628,-0.20537,-0.22402,-0.033691,0.14116,0.10295,0.021717,0.11719,0.20763,-0.04091,0.086953,0.1227,0.011648,-0.11973,-0.10172,-0.0020659,0.0079345,-0.049925,-0.14347,0.048218,0.1092,-0.118,0.03826,-0.098919,-0.27061,0.11987,-0.20422,0.15315,0.07248,0.12418,0.13445,-0.23549,-0.14764,-0.00031515,-0.15552,-0.029577,-0.3692,-0.025168,-0.019629,-0.21148,-0.20102,-0.16171,-0.0097792,0.18518,0.082134,0.13845,0.32322,0.13599,0.14843,0.13241,-0.069809,0.098372,-0.10091,-0.12858,0.0080176,-0.083706,0.21274,0.11145,-0.37124,-0.074896,0.078896,-0.22964,-0.06931,-0.15266,-0.19528,0.0079567,0.10571,-0.017963,0.25011,0.10289,-0.12586,-0.039108,0.026258,-0.20764,-0.26414,-0.24525,-0.083476,-0.022441,0.063719,0.015165,-0.10469,-0.19466,-0.095525,
8,0.80357,0.8306,0.79282,0.82118,0.82209,0.86279,0.84983,0.79983,1,0.79333,0.79312,0.84041,0.8056,0.78776,0.86009,0.78693,0.80755,0.84432,0.86458,0.84721,0.74912,0.87986,0.80306,0.83515,0.83823,0.78279,0.76214,0.77242,0.8054,0.79283,0.76723,0.84353,0.75882,0.76172,0.79431,0.73449,0.81406,0.76607,0.70247,0.80987,0.8322,0.76064,0.68946,0.77109,0.74399,0.73331,0.62733,0.68416,0.71909,0.77661,0.75239,0.79715,0.59776,0.7257,0.55554,0.72277,0.39886,0.31508,0.57752,0.51001,0.50447,0.54994,0.53315,0.36921,0.64303,0.62868,0.61259,0.47403,0.34143,0.45725,0.35523,0.60705,0.42327,0.39579,0.27547,0.40613,0.14848,0.32367,0.17813,0.29812,0.42927,0.24763,0.058225,0.03729,0.44537,0.41083,0.16031,0.15136,-0.048138,0.33584,0.27841,0.32163,0.2887,-0.19329,0.096029,0.095523,0.27832,0.038743,0.41856,0.098521,-0.040023,0.13326,0.046349,-0.13454,-0.16323,0.040526,0.22534,0.20789,0.2514,0.1009,0.19347,0.1676,0.032136,-0.024675,0.11616,-0.33855,-0.1113,-0.13081,-0.041698,-0.012557,0.015793,0.14852,0.30305,-0.036851,0.16211,-0.15008,-0.044969,0.3115,-0.1633,0.096238,0.095284,0.082691,0.17009,-0.17985,-0.1239,0.001672,-0.1919,0.12702,-0.26341,-0.00073411,0.046138,-0.12937,-0.098442,-0.18951,0.0039653,0.17624,0.090738,0.089932,0.3524,0.045944,0.08142,0.17256,-0.064082,0.17541,-0.0054333,-0.12617,-0.023685,-0.024527,0.045176,-0.054184,-0.23216,-0.048155,-0.059304,-0.1263,0.045614,-0.1815,-0.092096,0.018774,0.27076,-0.12319,0.090305,0.026064,0.060959,-0.060688,0.16515,-0.25031,-0.21214,-0.39454,-0.072869,-0.030422,0.037355,0.1866,-0.00815,0.069338,-0.21217,
9,0.6259,0.79159,0.74129,0.76293,0.74493,0.74731,0.72167,0.66163,0.79333,1,0.73827,0.77017,0.70491,0.7296,0.68904,0.68335,0.65198,0.76068,0.83479,0.68703,0.66968,0.76641,0.64201,0.76135,0.70679,0.67801,0.68788,0.66487,0.73089,0.81091,0.78089,0.78955,0.61004,0.5788,0.66986,0.65221,0.6066,0.67104,0.50623,0.68134,0.69754,0.64098,0.62256,0.52948,0.63525,0.67306,0.60415,0.54152,0.66825,0.60634,0.72811,0.682,0.60938,0.68609,0.36244,0.69313,0.39199,0.32568,0.56993,0.47308,0.38367,0.58184,0.38961,0.37423,0.57681,0.48485,0.55379,0.38334,0.34414,0.38163,0.21775,0.49535,0.39184,0.34385,0.33642,0.36049,0.16576,0.29146,0.1594,0.32614,0.37322,0.31258,0.032893,-0.0065301,0.44902,0.41277,0.22121,0.062358,0.041693,0.19806,0.24304,0.38969,0.17297,-0.22676,0.16403,0.08886,0.30447,0.057638,0.36434,0.071706,-0.044586,0.1177,0.11521,-0.11025,-0.16695,0.21603,0.27235,0.1916,0.20528,-0.01644,0.11752,0.03333,-0.092846,0.070232,0.10761,-0.1708,-0.14769,-0.13918,-0.12436,-0.21273,-0.25222,0.016408,0.21726,-0.19249,0.04136,-0.24888,-0.23012,0.3306,-0.27953,0.12897,0.056678,-0.024715,0.021979,0.098795,0.073508,0.021417,-0.24338,0.055171,-0.22913,0.15468,-0.13889,0.047198,-0.072666,-0.20827,-0.093854,0.046466,0.24662,0.17527,0.28043,-0.06181,0.0099686,-0.038731,0.037122,0.15397,-0.042147,-0.06207,0.021739,-0.066162,0.021066,-0.020907,-0.28088,0.12263,-0.043328,0.099251,-0.062278,-0.30872,-0.058892,0.011595,0.25611,-0.21344,0.035936,0.12859,0.013462,-0.03934,0.19181,-0.19559,-0.15015,-0.29733,-0.034234,0.22938,0.029382,0.0033705,0.001119,0.15524,-0.21112,
10,0.79257,0.86968,0.85502,0.83509,0.77579,0.77738,0.84405,0.75935,0.79312,0.73827,1,0.84671,0.82829,0.75568,0.79869,0.73604,0.65774,0.72491,0.78919,0.78837,0.66556,0.84539,0.80213,0.78294,0.78704,0.80332,0.75717,0.79647,0.75858,0.74128,0.76976,0.88366,0.79181,0.71784,0.78266,0.74248,0.68206,0.7104,0.71054,0.81568,0.72905,0.70801,0.66963,0.65727,0.74517,0.78273,0.72361,0.76903,0.78654,0.68106,0.69725,0.62068,0.70429,0.69115,0.53426,0.70311,0.564,0.45999,0.63015,0.54143,0.52875,0.71545,0.54279,0.31928,0.47948,0.42431,0.59401,0.4172,0.30164,0.32397,0.19272,0.65247,0.40503,0.36813,0.28865,0.39553,0.027548,0.25989,0.11253,0.20784,0.43063,0.35766,0.05073,0.19866,0.45535,0.40135,0.30379,0.20483,0.030071,0.31893,0.19117,0.27554,0.30075,-0.17042,0.10907,0.090076,0.1666,0.082191,0.40568,0.12221,-0.013807,0.08055,0.19067,-0.24221,-0.19215,-0.056083,0.18231,0.13113,0.11599,0.22521,0.22632,0.049994,0.15922,0.010873,0.17488,-0.065896,0.039413,-0.038542,-0.081769,-0.083732,-0.05769,0.075512,0.20302,-0.20927,-0.14804,-0.10593,-0.077496,0.22109,-0.010725,0.13411,-0.044555,-0.0058665,0.16951,-0.047683,-0.02712,-0.036053,-0.24237,0.030345,-0.22441,0.09599,0.0023202,-0.17008,-0.26926,-0.069791,-0.09694,0.14679,0.10723,0.1015,0.38588,0.10995,0.23492,0.22567,-0.14143,0.26315,-0.053491,0.041844,0.024428,0.0089096,0.10767,-0.15095,-0.27044,-0.032693,0.14532,-0.20086,-0.075119,-0.16785,-0.13178,0.036822,0.061953,-0.067076,0.16234,0.038148,-0.062831,-0.093481,-0.043295,-0.38083,-0.20478,-0.23068,0.006067,0.10554,-0.0042707,0.15607,-0.19043,-0.0037115,-0.096305,
11,0.84222,0.86685,0.81157,0.85041,0.86158,0.83253,0.88533,0.79099,0.84041,0.77017,0.84671,1,0.80945,0.84337,0.85148,0.84188,0.82199,0.8235,0.8103,0.86889,0.75283,0.87646,0.81777,0.81802,0.84666,0.81324,0.80029,0.85786,0.84491,0.79281,0.81067,0.87449,0.75794,0.79946,0.78948,0.76625,0.66025,0.79365,0.65946,0.83499,0.79169,0.76027,0.64675,0.72212,0.75154,0.71284,0.76162,0.71123,0.74752,0.74558,0.74133,0.70517,0.78392,0.69054,0.59994,0.752,0.59449,0.37944,0.68181,0.48866,0.57226,0.61225,0.57598,0.45318,0.45455,0.43352,0.57488,0.43624,0.31378,0.43013,0.29848,0.57669,0.42223,0.52861,0.18979,0.35226,0.18332,0.26065,0.30085,0.33389,0.41936,0.33109,0.098446,0.19579,0.53585,0.25718,0.31412,0.13356,0.17908,0.2945,0.29749,0.3639,0.2097,-0.19191,0.10395,0.077389,0.18841,0.10053,0.38553,0.16083,-0.041598,0.21138,0.128,-0.27789,-0.14568,0.03754,0.17943,0.21911,0.082887,0.15551,0.22204,0.039151,0.1795,-0.081012,0.29511,-0.11828,0.085026,-0.052305,-0.0074102,-0.13332,-0.17369,-0.027481,0.2421,-0.11733,0.0083889,-0.15813,-0.16766,0.29569,-0.0583,0.16492,-0.033523,0.074053,0.063417,0.0036361,-0.084501,-0.083372,-0.10544,-0.084476,-0.2034,0.079679,0.072049,-0.1239,-0.25213,-0.054844,-0.0055573,0.20304,0.17051,0.12442,0.35721,0.049052,0.10091,0.15952,-0.020732,0.059668,-0.049254,-0.010007,-0.028901,0.054671,0.032594,-0.11359,-0.32915,-0.026465,-0.14199,-0.11852,-0.095728,-0.2993,-0.026922,0.095294,0.24452,-0.12418,0.095527,0.081375,-0.10185,-0.20207,0.093659,-0.20631,-0.18375,-0.25135,0.014194,0.0034125,0.067526,0.25552,-0.066089,0.019401,-0.094252,
12,0.84408,0.83697,0.81526,0.83594,0.79138,0.81675,0.8328,0.7842,0.8056,0.70491,0.82829,0.80945,1,0.73725,0.80914,0.78974,0.76413,0.77147,0.8161,0.8282,0.68259,0.87928,0.86441,0.78729,0.79418,0.76341,0.89064,0.76039,0.69744,0.74712,0.74022,0.70818,0.81795,0.72761,0.81892,0.7673,0.67958,0.7319,0.78312,0.78883,0.76903,0.72828,0.69222,0.72547,0.72936,0.75809,0.69487,0.73543,0.74139,0.68753,0.66774,0.58156,0.64237,0.64853,0.45746,0.71669,0.55208,0.33082,0.60941,0.49253,0.52154,0.58095,0.39969,0.39754,0.44799,0.55485,0.6624,0.37745,0.25776,0.35913,0.23845,0.58962,0.25929,0.43351,0.21733,0.33319,0.089993,0.25935,0.091812,0.31784,0.43519,0.25597,0.076755,0.1947,0.57773,0.29961,0.27397,0.19655,0.084422,0.35801,0.26556,0.24275,0.22535,-0.16183,0.073117,0.05686,0.23333,-0.008139,0.43036,0.031617,-0.10753,0.12339,0.034089,-0.21429,-0.35872,0.10579,0.25146,0.23425,0.13225,0.3321,0.25717,0.011334,0.035059,-0.074761,0.086121,-0.11689,-0.064051,0.061407,0.12349,-0.008497,-0.16965,0.059646,0.25074,-0.093171,-0.067774,-0.13327,-0.090017,0.30917,-0.12429,0.21495,0.075453,0.14051,0.15542,-0.054254,-0.059532,0.048371,-0.289,0.044343,-0.32103,0.091744,0.056475,-0.094621,-0.32674,-0.094748,-0.041589,0.15614,0.13973,0.13119,0.35564,0.080551,-0.011256,0.15967,-0.032497,0.22876,-0.14184,-0.050414,-0.048773,0.010879,0.03431,-0.020568,-0.3026,-0.11228,0.14294,-0.12624,0.0088422,-0.11059,-0.16003,-0.055636,0.053132,-0.079615,0.099159,0.097455,0.013149,-0.22807,0.19673,-0.3492,-0.25658,-0.12408,0.022254,-0.094884,0.017353,0.15734,-0.20235,-0.044475,-0.10502,
13,0.7494,0.78854,0.78127,0.75505,0.78681,0.77533,0.75955,0.73177,0.78776,0.7296,0.75568,0.84337,0.73725,1,0.80559,0.80132,0.75096,0.76697,0.8068,0.81423,0.65599,0.78995,0.72211,0.67976,0.75979,0.78457,0.794,0.80685,0.73737,0.75531,0.76463,0.78895,0.71902,0.7374,0.73986,0.77014,0.63381,0.75271,0.63507,0.77086,0.77349,0.70528,0.60611,0.63773,0.59979,0.62664,0.68993,0.7152,0.70366,0.65462,0.79431,0.68446,0.7098,0.66547,0.54525,0.67633,0.51228,0.26866,0.65733,0.44702,0.44239,0.64003,0.66371,0.33194,0.56117,0.4537,0.52336,0.37851,0.24022,0.45232,0.30316,0.5356,0.36275,0.46958,0.28062,0.37644,0.22001,0.35606,0.19391,0.4886,0.34781,0.3794,0.039069,0.13341,0.49468,0.32726,0.12617,0.026741,0.035496,0.27718,0.1544,0.21489,0.25,-0.10755,0.079607,0.008084,0.14418,-0.019714,0.44924,-0.015406,-0.12129,0.24348,0.0014426,-0.16466,-0.24882,0.019999,0.18417,0.29658,-0.089941,-0.038588,0.18606,0.043091,0.12285,0.01366,0.17667,-0.24426,-0.044464,-0.036315,0.00020761,-0.061637,-0.198,0.15431,0.21631,-0.097428,-0.042689,-0.19045,-0.069833,0.21105,-0.14898,0.1276,0.10707,0.024275,0.11768,-0.11803,0.027801,0.11539,-0.1936,-0.014031,-0.24811,-0.00023345,0.11667,-0.23555,-0.10741,-0.19929,0.016194,0.20539,0.065583,0.014124,0.30272,-0.11908,0.12759,0.06818,-0.12452,0.1058,0.15286,-0.11163,-0.14203,-0.023729,0.014454,-0.23052,-0.28398,0.058072,-0.028586,-0.068957,-0.05361,-0.35447,0.051933,0.11315,0.17987,-0.12275,0.044667,0.12473,-0.08499,-0.13303,0.15488,-0.27009,-0.1624,-0.25287,0.16415,0.048432,0.013912,0.21458,-0.16563,0.0070908,-0.063638,
14,0.87204,0.83764,0.82684,0.81828,0.8497,0.85542,0.87253,0.84866,0.86009,0.68904,0.79869,0.85148,0.80914,0.80559,1,0.82405,0.79711,0.78736,0.86278,0.85394,0.73635,0.84696,0.87218,0.76661,0.7887,0.82575,0.84802,0.79205,0.75739,0.78882,0.77821,0.82098,0.77948,0.78947,0.74569,0.72736,0.76971,0.79057,0.67493,0.78704,0.81487,0.77671,0.6858,0.72919,0.79781,0.76245,0.77613,0.75605,0.80171,0.71965,0.69225,0.67199,0.63079,0.61799,0.6698,0.6954,0.54046,0.35485,0.63557,0.57322,0.51447,0.5744,0.59924,0.33333,0.59035,0.54314,0.57422,0.34721,0.32206,0.39838,0.34084,0.64307,0.35094,0.42317,0.19862,0.42947,0.24458,0.31111,0.19291,0.3426,0.44011,0.28879,0.11693,0.13353,0.66464,0.3436,0.17418,0.11506,-0.00030285,0.27154,0.23417,0.39431,0.2464,-0.13342,0.081248,0.024567,0.24541,-0.10614,0.40275,0.18436,0.022914,0.098686,0.034494,-0.16246,-0.24482,0.057754,0.09012,0.14603,0.14683,0.10168,0.26211,0.014733,0.08211,0.0072161,0.11642,-0.22737,-0.033612,-0.12284,-0.054452,-0.1367,-0.039062,0.18617,0.28462,0.021734,0.044028,-0.21248,-0.10282,0.12886,-0.010147,0.19562,0.10869,0.029359,0.14113,-0.13686,-0.029518,0.045803,-0.09096,-0.0086109,-0.23244,-0.0011767,0.08417,-0.1104,-0.080622,-0.085206,0.13571,0.2252,0.1431,0.14459,0.3422,0.068961,0.088245,0.28849,0.050497,0.083476,-0.097756,-0.19462,-0.052319,-0.070393,0.21221,0.013382,-0.20634,-0.05162,-0.033606,-0.087645,-0.076185,-0.26712,-0.21359,0.050043,0.15172,-0.064047,0.039889,0.0013051,0.0050357,-0.070512,-0.0011566,-0.28463,-0.24975,-0.28399,0.015641,0.026976,-0.040588,0.13316,-0.094176,-0.045482,-0.10859,
15,0.86996,0.81758,0.78925,0.81558,0.88765,0.84247,0.82645,0.82288,0.78693,0.68335,0.73604,0.84188,0.78974,0.80132,0.82405,1,0.80007,0.83626,0.81591,0.78772,0.69583,0.83295,0.80014,0.7902,0.75363,0.85827,0.83508,0.81667,0.80518,0.74027,0.80886,0.76768,0.82831,0.82788,0.78711,0.78094,0.66137,0.81913,0.78481,0.77017,0.71581,0.66361,0.74583,0.71096,0.6456,0.68126,0.72904,0.64483,0.73704,0.74131,0.80007,0.57283,0.69177,0.62289,0.63695,0.68981,0.54689,0.36085,0.72298,0.32579,0.53206,0.59453,0.60283,0.3157,0.42215,0.46456,0.56049,0.32461,0.31158,0.41724,0.26234,0.60711,0.4226,0.35656,0.17135,0.31496,0.19326,0.40353,0.20445,0.29034,0.29004,0.41802,0.0072311,0.13231,0.63107,0.27153,0.31201,0.13592,0.11601,0.36521,0.27408,0.3756,0.22607,-0.048313,-0.028052,-0.037664,0.17002,0.058783,0.40962,0.10007,0.06382,0.20504,0.046953,-0.23507,-0.13416,-0.024613,0.22288,0.19894,0.018534,0.18803,0.22703,-0.071994,0.17957,0.14772,0.24493,-0.080572,-0.1416,-0.16401,-0.11251,-0.032025,-0.13962,-0.02713,0.12976,-0.03086,0.1067,-0.013568,-0.10315,0.23024,-0.23275,0.12901,-0.0080599,0.18043,0.10786,-0.094002,-0.09904,0.17364,-0.18907,-0.03817,-0.18713,-0.074965,-0.083748,-0.18339,-0.18335,-0.14825,0.0041279,0.17124,0.21367,0.1489,0.43493,-0.03236,0.12616,0.18103,0.015799,0.043802,-0.018021,-0.028283,-0.17617,-0.093977,0.05614,0.13579,-0.25572,0.024286,0.064583,-0.099877,-0.091509,-0.26417,-0.088784,0.02721,0.2512,-0.19896,0.044478,0.0033432,-0.16372,-0.20591,0.0010672,-0.29966,-0.19458,-0.21386,0.041343,-0.079311,-0.013262,0.097768,-0.20051,-0.017731,-0.204,
16,0.80073,0.76331,0.72419,0.75898,0.80919,0.75699,0.7723,0.76369,0.80755,0.65198,0.65774,0.82199,0.76413,0.75096,0.79711,0.80007,1,0.79847,0.80372,0.83476,0.74282,0.7476,0.7833,0.77815,0.73331,0.69651,0.75016,0.73581,0.77829,0.74839,0.76632,0.74538,0.74506,0.77596,0.71776,0.66622,0.68693,0.80015,0.65724,0.78386,0.72649,0.74072,0.67888,0.64109,0.67998,0.65405,0.61943,0.64676,0.67703,0.72681,0.69122,0.75709,0.62893,0.69069,0.61331,0.65172,0.47478,0.34813,0.6113,0.33662,0.45583,0.57829,0.54885,0.47774,0.41609,0.47671,0.62042,0.27184,0.21997,0.52881,0.27572,0.42193,0.47984,0.4769,0.27789,0.21878,0.23074,0.33194,0.2043,0.36016,0.21756,0.17798,0.062178,0.21505,0.50934,0.37156,0.22492,-0.055544,0.15043,0.19602,0.28961,0.3542,0.32515,-0.22768,0.038126,0.074918,0.25769,0.042632,0.3232,0.22,-0.076192,0.28028,-0.030895,-0.30972,-0.21546,-0.018382,0.25748,0.29091,0.13086,0.11696,0.13108,0.014463,0.02627,-0.034352,0.22061,-0.16447,-0.03448,-0.14179,0.16549,-0.071946,-0.069514,0.12774,0.27286,-0.12012,0.024532,0.011983,-0.071757,0.22948,-0.11684,0.097445,-0.0065823,0.10053,0.17555,-0.06776,-0.083916,0.059362,-0.10904,-0.097612,-0.24726,-0.089892,0.106,-0.12982,-0.19984,-0.19,-0.021639,0.08207,0.12934,0.0046169,0.5258,0.054471,0.10339,0.131,-0.052732,0.013748,-0.15019,-0.11033,-0.026655,-0.082178,0.0055171,-0.026482,-0.37042,-0.045665,-0.053177,-0.14069,-0.041197,-0.31565,-0.042677,-0.006342,0.14544,-0.11662,-0.03418,0.026861,0.064767,-0.10367,0.094954,-0.092854,-0.16528,-0.1776,0.083186,-0.13702,0.072989,0.21365,-0.083095,0.026026,-0.10611,
17,0.75148,0.8331,0.72794,0.84831,0.80266,0.85081,0.83939,0.7722,0.84432,0.76068,0.72491,0.8235,0.77147,0.76697,0.78736,0.83626,0.79847,1,0.83266,0.78013,0.7308,0.81956,0.73699,0.83852,0.75286,0.84285,0.75489,0.74268,0.78438,0.70974,0.82709,0.78519,0.78322,0.80957,0.79108,0.85123,0.6873,0.70234,0.65542,0.83499,0.75349,0.68923,0.72105,0.74635,0.68752,0.67119,0.65456,0.72463,0.69182,0.7542,0.71769,0.65479,0.6259,0.73267,0.59802,0.69305,0.39157,0.38966,0.67455,0.46047,0.45022,0.62748,0.52271,0.42479,0.58153,0.60023,0.56516,0.36366,0.28565,0.5437,0.24376,0.56968,0.38795,0.34194,0.082137,0.33619,0.23877,0.40145,0.27762,0.35426,0.31732,0.42933,0.023793,0.21344,0.56651,0.27016,0.17317,0.1314,0.0012281,0.40173,0.278,0.38208,0.25639,-0.090131,0.049073,0.088852,0.108,0.067492,0.39249,-0.0072215,0.041385,0.20203,0.05791,-0.28005,-0.25409,0.057066,0.19644,0.25033,0.11131,0.12274,0.19636,0.13871,-0.072143,-0.006767,0.2478,-0.15134,-0.10808,-0.21324,-0.0056569,-0.028481,-0.18521,-0.021506,0.24456,0.0093507,0.11787,-0.029597,-0.14882,0.24521,-0.12613,0.1788,-0.052436,0.16744,0.16432,-0.13965,-0.088915,-0.11708,-0.1482,0.11891,-0.20281,0.092618,0.055199,-0.14801,-0.12877,-0.16309,-0.024683,0.1327,0.16588,0.069543,0.49076,-0.034118,0.072948,0.18401,-0.05384,0.16002,0.0047083,-0.064163,0.047846,-0.12299,0.048962,-0.057105,-0.36058,0.011782,0.009787,-0.13262,0.042908,-0.16438,0.017505,0.0030856,0.22138,-0.12033,0.034713,0.055681,-0.080255,-0.16997,0.10497,-0.30687,-0.12084,-0.32934,-0.12454,-0.023521,0.071257,0.15779,-0.10495,0.10182,-0.19427,
18,0.78249,0.87291,0.86792,0.8516,0.83959,0.86647,0.8491,0.79896,0.86458,0.83479,0.78919,0.8103,0.8161,0.8068,0.86278,0.81591,0.80372,0.83266,1,0.81572,0.76964,0.87049,0.83554,0.81679,0.78332,0.83347,0.81004,0.78046,0.74607,0.86218,0.86109,0.83726,0.76759,0.7538,0.78099,0.75013,0.78708,0.79288,0.68939,0.8591,0.74737,0.77333,0.78537,0.69544,0.71999,0.70327,0.73628,0.71195,0.79292,0.73192,0.72783,0.75649,0.61784,0.75076,0.59106,0.75533,0.55424,0.32524,0.6796,0.51366,0.41085,0.68278,0.57406,0.354,0.59485,0.6004,0.70107,0.41984,0.25027,0.55983,0.25423,0.62792,0.38026,0.46249,0.25816,0.41362,0.16874,0.321,0.15593,0.39001,0.39651,0.37927,0.073473,0.10115,0.65898,0.46454,0.27419,0.13754,0.0059657,0.27519,0.27097,0.32381,0.22514,-0.054257,0.14674,0.019258,0.24059,-0.062491,0.34357,0.068208,-0.038167,0.1592,0.11416,-0.22829,-0.25004,0.08842,0.17127,0.28031,0.14093,0.13777,0.22486,0.03982,0.025453,0.077208,0.10997,-0.27545,-0.11176,-0.14708,-0.0084149,-0.094643,-0.143,0.14142,0.23153,0.009543,0.067198,-0.22317,-0.16929,0.21181,-0.28934,0.18684,0.066219,-0.033971,0.19611,-0.077462,-0.013615,0.0078152,-0.23492,0.027598,-0.23484,-0.00044481,-0.035131,-0.12318,-0.024021,-0.18829,-0.036807,0.033589,0.23667,0.10569,0.43148,-0.024495,-0.0023453,0.14368,0.039597,0.14938,-0.047399,-0.16865,-0.060169,-0.065261,0.071554,0.070241,-0.38603,0.039458,0.014366,0.013677,-0.04403,-0.22642,-0.12889,-0.07761,0.20056,-0.087437,-0.070888,0.0058039,-0.021435,-0.015901,0.040544,-0.17767,-0.24228,-0.28868,0.002711,0.062625,0.052583,0.11597,-0.056035,0.1002,-0.24856,
19,0.86413,0.8208,0.79132,0.81651,0.83558,0.84127,0.82732,0.78969,0.84721,0.68703,0.78837,0.86889,0.8282,0.81423,0.85394,0.78772,0.83476,0.78013,0.81572,1,0.76884,0.83301,0.84131,0.7447,0.77419,0.7531,0.80644,0.77286,0.71758,0.76836,0.77831,0.7794,0.71126,0.77045,0.75382,0.73242,0.69539,0.79634,0.7043,0.78829,0.83306,0.78533,0.70135,0.68197,0.65651,0.70468,0.74702,0.70158,0.75223,0.7429,0.71568,0.73154,0.69689,0.8183,0.52167,0.69721,0.53293,0.30824,0.59052,0.5563,0.54687,0.60241,0.58498,0.43963,0.43893,0.46287,0.50596,0.38336,0.2691,0.42133,0.32319,0.53042,0.4256,0.55316,0.18655,0.45101,0.16988,0.23396,0.17472,0.35927,0.32329,0.34817,0.22637,0.21109,0.5686,0.42177,0.12601,0.12415,0.066781,0.23112,0.3109,0.33636,0.10311,-0.22262,0.14732,0.11419,0.3107,-0.023604,0.48934,0.14167,0.01071,0.2279,0.065983,-0.20169,-0.21043,-0.042047,0.22515,0.28361,0.10263,0.23099,0.14747,0.12122,0.089871,-0.039007,0.26473,-0.26507,0.0203,-0.033593,-0.03448,-0.095277,0.044593,0.15787,0.28462,-0.089799,-0.063664,-0.21353,-0.14648,0.15202,-0.13071,0.16507,0.10621,0.0075279,0.13853,-0.13752,-0.00038421,0.047895,-0.1742,0.012487,-0.26502,0.00372,0.11701,-0.13262,-0.27535,-0.021937,-0.057288,0.15216,0.12832,-0.037492,0.34095,-0.05362,0.066646,0.061282,-0.049453,0.14114,-0.01099,0.0018212,-0.01551,-0.0091655,0.19502,-0.11281,-0.31418,-0.069316,0.0131,-0.1841,0.023537,-0.27874,-0.16266,0.041843,0.01891,-0.030487,0.12765,0.03936,0.0078901,-0.15663,0.17791,-0.17548,-0.24484,-0.11795,0.21724,-0.017597,0.025461,0.30541,-0.1157,-0.015445,-0.1161,
20,0.70432,0.73574,0.71676,0.69013,0.72851,0.7341,0.76561,0.61975,0.74912,0.66968,0.66556,0.75283,0.68259,0.65599,0.73635,0.69583,0.74282,0.7308,0.76964,0.76884,1,0.67651,0.78826,0.70251,0.65395,0.70326,0.69423,0.6653,0.68666,0.73231,0.76014,0.73969,0.64313,0.60581,0.53848,0.67819,0.63949,0.73133,0.56018,0.79936,0.68844,0.60504,0.62617,0.53571,0.53516,0.62777,0.59822,0.51644,0.66901,0.69438,0.67409,0.57373,0.63536,0.65749,0.63205,0.57597,0.52575,0.26234,0.50085,0.46933,0.27615,0.51999,0.39706,0.45805,0.30366,0.52864,0.65929,0.32064,0.091066,0.32516,0.3119,0.47722,0.37919,0.47422,0.25769,0.30096,0.089355,0.24712,0.087168,0.2033,0.29437,0.12373,0.079357,0.081326,0.51437,0.353,0.22149,0.13275,-0.013878,0.24545,0.39947,0.39428,0.18445,-0.16206,0.25796,0.0082541,0.38072,-0.018927,0.15588,0.21346,0.1352,0.068482,0.18791,-0.27511,-0.020048,-0.081515,0.31348,0.14352,0.08562,0.24768,0.12551,-0.057936,-0.097293,-0.023835,0.26897,-0.22351,0.012447,-0.15717,-0.16198,-0.16268,0.083567,0.012911,0.26387,0.011974,-0.038811,-0.22528,-0.12692,0.18534,-0.28428,-0.071958,0.018777,0.067696,0.14177,-0.015702,0.044839,-0.030915,-0.12152,0.073484,-0.16827,-0.05504,0.1394,-0.10027,-0.081606,-0.20336,0.034042,0.058289,0.14744,0.041101,0.33606,-0.15179,0.057395,-0.0013794,0.1466,0.12982,0.09918,-0.046635,-0.054577,-0.010186,0.08492,-0.12504,-0.356,-0.0048145,0.025495,0.0061724,-0.0072197,-0.29485,-0.27477,-0.12075,0.19832,-0.1351,0.09409,-0.10126,0.092936,-0.13614,0.054302,-0.105,-0.21315,-0.1776,-0.041064,0.074756,-0.14245,0.3042,0.095169,0.089727,-0.20764,
21,0.85504,0.86198,0.83806,0.86403,0.88229,0.89508,0.86258,0.78663,0.87986,0.76641,0.84539,0.87646,0.87928,0.78995,0.84696,0.83295,0.7476,0.81956,0.87049,0.83301,0.67651,1,0.83008,0.87292,0.81794,0.86032,0.82749,0.84309,0.74698,0.78854,0.75223,0.83296,0.79945,0.77455,0.84792,0.77319,0.77918,0.77708,0.75869,0.82979,0.78163,0.76547,0.7476,0.73409,0.72626,0.75763,0.72233,0.72416,0.79434,0.81336,0.7197,0.67945,0.65201,0.66642,0.50348,0.83958,0.54038,0.31271,0.66209,0.55991,0.55549,0.65789,0.57792,0.36559,0.55747,0.62352,0.62235,0.53884,0.2991,0.42018,0.28571,0.72601,0.32946,0.445,0.19151,0.43068,0.051629,0.26836,0.16604,0.32442,0.38134,0.36041,0.081702,0.15924,0.56933,0.37583,0.30947,0.12668,0.079461,0.28129,0.26694,0.26428,0.14833,-0.14583,0.10374,-0.0054621,0.12505,0.099997,0.47064,0.063044,0.029753,0.23662,0.095354,-0.21362,-0.31632,0.16939,0.26491,0.2759,0.1245,0.21062,0.20825,0.13075,0.14346,-0.023494,0.10394,-0.19811,0.027313,-0.044735,0.0028428,-0.073361,-0.12316,0.056721,0.33056,0.053193,0.026644,-0.20874,-0.069854,0.29984,-0.15857,0.23223,0.16198,0.087404,0.26554,-0.11711,-0.074765,-0.0059562,-0.25765,0.035464,-0.26601,-0.010806,0.065903,-0.15564,-0.21042,-0.11616,-0.0495,0.12799,0.15732,0.18916,0.38077,0.081527,0.11975,0.23379,-0.10418,0.27229,-0.072806,-0.025375,-0.076442,5.2936e-05,0.067023,-0.0052898,-0.22606,-0.021587,-0.033021,-0.15377,0.023321,-0.16762,-0.063403,0.0031159,0.17514,-0.05439,0.028032,0.061667,-0.041932,-0.17327,0.027596,-0.32532,-0.18245,-0.32324,-0.0094719,-0.052683,0.052326,0.10449,-0.16634,0.064858,-0.16324,
22,0.89717,0.83163,0.79631,0.84266,0.848,0.82226,0.84481,0.76836,0.80306,0.64201,0.80213,0.81777,0.86441,0.72211,0.87218,0.80014,0.7833,0.73699,0.83554,0.84131,0.78826,0.83008,1,0.76853,0.75534,0.79645,0.82566,0.81435,0.6925,0.79873,0.78211,0.74391,0.78929,0.75808,0.72234,0.70305,0.7217,0.7824,0.68625,0.81534,0.7401,0.79029,0.72119,0.73369,0.71925,0.75438,0.72267,0.74654,0.77369,0.6882,0.68721,0.6055,0.72344,0.67025,0.60983,0.70067,0.68091,0.4272,0.68719,0.55129,0.5292,0.62362,0.52464,0.36829,0.40635,0.55248,0.62072,0.38822,0.28974,0.36687,0.29092,0.5589,0.36157,0.50146,0.24107,0.4166,0.11762,0.28134,0.096539,0.32178,0.43964,0.27788,0.12548,0.14062,0.63949,0.39842,0.25963,0.17473,0.033487,0.30202,0.3905,0.28033,0.21711,-0.08702,0.1371,-0.010408,0.21741,-0.023571,0.32713,0.24995,0.044447,0.096084,0.1403,-0.30676,-0.13405,-0.029606,0.29277,0.087787,0.094187,0.34989,0.30754,-0.006797,0.099932,-0.014444,0.12863,-0.096546,0.035907,-0.10701,-0.027004,-0.12453,-0.010449,0.092522,0.23318,0.0062426,-0.074907,-0.13526,-0.098247,0.27915,-0.10989,0.095759,0.05174,0.0084331,0.207,-0.10219,0.0013166,0.0040825,-0.18308,0.0027963,-0.2287,0.0081113,0.061893,-0.11003,-0.19697,-0.12564,0.033888,0.22361,0.16692,0.15226,0.36211,0.0696,0.057517,0.21105,0.011462,0.16842,-0.064709,-0.10727,-0.084275,-0.060783,0.11994,-0.023814,-0.27618,-0.046852,0.070463,-0.14299,0.012458,-0.20537,-0.2838,-0.04956,0.13422,0.00088612,0.16965,0.10066,0.020198,-0.10925,0.050053,-0.21173,-0.21995,-0.19013,-0.029761,0.062815,0.062902,0.19962,-0.18058,-0.078538,-0.1636,
23,0.77789,0.83852,0.76347,0.79434,0.79747,0.80332,0.85002,0.75901,0.83515,0.76135,0.78294,0.81802,0.78729,0.67976,0.76661,0.7902,0.77815,0.83852,0.81679,0.7447,0.70251,0.87292,0.76853,1,0.74441,0.81982,0.74002,0.74036,0.73942,0.74969,0.775,0.80138,0.71273,0.73679,0.75733,0.7487,0.73299,0.74936,0.67334,0.7999,0.69592,0.69335,0.75264,0.6753,0.72933,0.76562,0.56227,0.64396,0.65634,0.72387,0.65047,0.6575,0.6059,0.64986,0.56711,0.69176,0.50998,0.34083,0.65169,0.53871,0.54907,0.59234,0.48686,0.40052,0.5469,0.58354,0.60078,0.36201,0.23954,0.44285,0.21874,0.64064,0.35883,0.3073,0.30607,0.345,0.14074,0.29892,0.080415,0.29476,0.26858,0.20776,-0.0164,0.089649,0.40608,0.31847,0.2978,0.14612,0.12558,0.29606,0.2869,0.27793,0.17229,-0.12556,0.095993,0.042229,0.20177,0.12893,0.31834,0.065966,0.049731,0.15853,0.1211,-0.24502,-0.2318,0.14508,0.29455,0.14016,0.10784,0.1471,0.10157,0.043513,0.044957,0.0073768,0.098676,-0.12902,-0.046306,-0.076971,0.062431,-0.13272,-0.035153,0.074287,0.33448,0.024738,-0.0021674,-0.065378,-0.064409,0.24736,-0.13292,0.16716,0.02718,0.073637,0.26254,-0.053846,-0.15657,0.056145,-0.26615,-0.040178,-0.30036,-0.076328,0.10704,-0.082709,-0.23375,-0.15745,-0.0013941,0.058371,0.091863,0.26786,0.40662,0.086688,0.17227,0.16714,-0.026618,0.21678,-0.11983,0.067834,0.0091872,0.019348,0.039166,0.013418,-0.27538,-0.084136,0.065265,-0.11921,-0.074174,-0.13175,-0.15792,-0.02608,0.24153,-0.11988,0.033772,0.10098,0.018199,-0.12394,-0.038657,-0.18886,-0.18785,-0.38792,-0.13956,-0.031332,0.097931,-0.027304,-0.12609,-0.0054592,-0.25572,
24,0.7936,0.86345,0.72387,0.80152,0.82452,0.73646,0.8413,0.78393,0.83823,0.70679,0.78704,0.84666,0.79418,0.75979,0.7887,0.75363,0.73331,0.75286,0.78332,0.77419,0.65395,0.81794,0.75534,0.74441,1,0.77349,0.73247,0.73591,0.81071,0.74763,0.76154,0.77947,0.76304,0.71364,0.76052,0.66207,0.6555,0.74561,0.6979,0.73421,0.7958,0.73614,0.67876,0.68363,0.71931,0.70153,0.71047,0.6813,0.65217,0.66146,0.65764,0.71392,0.69608,0.64615,0.52381,0.69957,0.48924,0.28594,0.53605,0.39274,0.49807,0.47433,0.46017,0.27932,0.52287,0.49101,0.63426,0.52984,0.23995,0.39126,0.24376,0.53989,0.37999,0.41192,0.15813,0.40331,0.064615,0.22305,0.28648,0.16349,0.40751,0.27975,0.077209,0.053691,0.42901,0.21774,0.26709,0.015454,0.13652,0.33369,0.16742,0.28441,0.37952,-0.097041,-0.049986,0.13677,0.047787,-0.078014,0.37462,0.12478,-0.09914,-0.007889,-0.011817,-0.20468,-0.14723,0.0047339,0.17006,0.17852,0.055219,0.15197,0.35813,0.13545,0.24191,-0.13367,0.086738,-0.11822,0.07245,-0.0089215,0.029266,-0.081002,-0.12063,0.010164,0.066469,-0.12059,0.094447,-0.13637,-0.16164,0.27003,-0.14344,0.16667,-0.020985,0.14227,0.0013352,-0.11931,-0.25477,0.10984,-0.18288,0.088591,-0.26789,0.11142,-0.061212,-0.15056,-0.10462,-0.15671,-0.10957,0.15034,0.091223,0.090533,0.21116,0.14219,0.14558,0.021737,0.046211,0.14687,-0.056169,-0.1578,0.13893,0.086227,-0.079763,0.054233,-0.28297,-0.030165,-0.15684,-0.10952,0.037137,-0.21366,-0.038063,0.039979,0.14921,-0.052076,0.17034,0.19967,0.014622,-0.20877,0.10892,-0.20479,-0.25818,-0.23553,-0.033826,-0.02875,0.12947,0.25825,-0.18957,0.027911,-0.17554,
