,0,1,2,3,4,5,6,7,8,9,10,11,12,13,14,15,16,17,18,19,20,21,22,23,24,25,26,27,28,29,30,31,32,33,34,35,36,37,38,39,40,41,42,43,44,45,46,47,48,49,50,51,52,53,54,55,56,57,58,59,60,61,62,63,64,65,66,67,68,69,70,71,72,73,74,75,76,77,78,79,80,81,82,83,84,85,86,87
0,1,0.13746,0.26205,0.14142,0.052853,0.079246,0.013942,-0.052659,-0.17821,0.025012,-0.24578,-0.058936,-0.12184,-0.15199,-0.088613,-0.21976,-0.24265,-0.19042,-0.27108,-0.37615,0.026694,-0.10769,-0.23289,-0.10161,-0.0025833,-0.30585,0.041634,-0.097097,-0.084125,-0.14173,-0.32509,-0.17893,-0.32672,-0.12666,-0.026912,-0.079249,0.089962,0.047027,-0.049859,-0.082015,-0.071677,0.14467,-0.10017,0.21284,-0.18176,0.10987,-0.2004,0.04066,0.10098,-0.20573,0.12817,0.068985,0.23513,0.19326,-0.16201,-0.0030963,-0.1748,0.36039,-0.19395,-0.19575,-0.081413,0.22189,0.038827,0.19657,-0.012685,-0.024162,0.2818,0.032242,-0.088522,0.28097,-0.053207,0.23189,-0.1862,0.032184,0.023098,0.28785,-0.17956,0.11593,-0.23921,-0.0030987,-0.29951,0.040111,-0.10801,0.034482,0.20184,0.21308,0.31332,0.17487
1,0.13746,1,0.14971,0.072032,0.1732,-0.031551,0.16788,0.099449,0.072095,0.22747,-0.13031,0.035313,-0.19164,-0.24178,-0.028908,0.066307,0.0061165,0.068849,-0.17979,0.031851,0.018218,0.060681,-0.22593,-0.16431,-0.024469,0.044074,0.13344,0.022548,0.18097,0.004108,0.0067589,0.18262,-0.14796,0.16432,0.032488,-0.20237,-0.0075162,-0.027971,0.10556,-0.19606,0.112,-0.20476,0.23405,0.28851,-0.033246,-0.076613,-0.01629,0.27965,0.20475,0.1236,-0.0053108,0.088849,0.073431,0.21995,0.31744,0.24352,-0.038954,-0.16076,0.0075747,-0.015871,-0.054552,-0.04838,0.4234,0.10428,0.17652,0.1924,0.083824,0.29308,-0.13628,0.20251,0.011024,0.059544,0.0067699,-0.0084011,0.025521,-0.025366,0.018557,0.12211,0.083334,0.19838,-0.030977,0.10214,-0.054457,0.10866,0.14186,0.15477,-0.31261,0.14154
2,0.26205,0.14971,1,0.11891,0.18552,-0.14594,-0.021157,-0.10187,-0.28989,0.091664,-0.25747,-0.13845,-0.2525,-0.30284,-0.23688,-0.11183,-0.032015,-0.11466,-0.41878,-0.13241,0.073486,-0.11218,-0.089619,-0.3322,-0.078734,-0.01012,0.21354,-0.17491,0.069634,-0.10638,-0.028362,-0.22659,-0.23881,-0.087765,0.11992,0.064559,0.19193,-0.067774,-0.026678,0.15849,0.1447,-0.17376,-0.069514,0.00013188,-0.26563,-0.16815,-0.15494,-0.25058,0.089033,-0.0062408,0.15444,-0.22323,0.20303,-0.20043,0.0071886,0.24014,0.087653,0.025138,-0.2397,0.16299,0.3734,0.065405,0.13219,0.16742,0.079259,0.14776,0.18836,-0.0054205,-0.085238,0.23775,0.057934,-0.14741,-0.16069,-0.1315,0.20911,0.14173,-0.20288,0.19039,-0.10131,0.21342,-0.26061,-0.039062,0.17559,0.05763,-0.14418,0.087137,0.18461,-0.036476
3,0.14142,0.072032,0.11891,1,-0.0548,0.28546,0.091943,0.045537,-0.067107,0.042076,0.2793,0.052813,0.13615,0.026084,0.27285,-0.030809,0.01811,0.22237,0.01676,-0.12546,-0.0030918,0.025341,0.2467,0.021835,0.049225,-0.10697,0.31072,0.038471,0.26043,-0.048836,0.091412,0.043266,0.16163,-0.38516,0.31024,-0.026166,0.19568,-0.24852,0.34115,0.0035139,0.15971,0.035555,-0.083586,0.078528,-0.056274,-0.0030194,0.072348,-0.090149,-0.12634,0.12778,0.14787,0.16902,0.21239,0.050309,-0.078843,0.19899,-0.15313,-0.17375,-0.20909,0.081129,0.29262,0.21147,0.030752,0.199,0.12074,0.043247,0.1507,0.29821,0.23423,-0.058063,0.016491,0.16198,-0.22818,-0.25429,-0.05663,0.078807,-0.024,-0.015681,0.014354,-0.16621,0.21832,-0.058837,0.13041,-0.093408,0.16038,0.15234,-0.1198,0.052675
4,0.052853,0.1732,0.18552,-0.0548,1,-0.18227,0.015576,-0.062624,-0.068782,-0.10884,0.10167,0.16251,0.077893,0.13822,0.19682,0.23439,0.042789,0.22891,-0.014611,0.14681,-0.10087,0.30265,-0.10878,0.23741,0.15136,0.33291,0.0018147,0.0094003,0.25788,0.089193,0.16764,-0.04832,-0.0083091,0.098839,-0.076483,0.088266,0.11061,0.092206,-0.11656,-0.10462,-0.20783,0.099182,0.31149,-0.056245,-0.36607,0.18698,0.16232,0.15622,0.20021,0.046043,0.029948,-0.10042,0.015929,-0.0040148,-0.27544,0.22139,0.032377,-0.0033427,-0.37621,-0.29722,-0.041356,0.068102,-0.048802,0.089862,0.22233,0.2228,0.090166,-0.096256,-0.095908,0.15817,0.15715,0.11453,0.066725,0.11683,-0.13215,0.031196,0.10565,-0.13913,-0.14576,0.077907,-0.22284,-0.25462,-0.047575,0.027769,-0.23279,0.099695,-0.031996,0.068531
5,0.079246,-0.031551,-0.14594,0.28546,-0.18227,1,0.050094,-0.22929,0.14585,-0.069561,0.16574,0.088374,0.14096,0.04629,0.30288,-0.14741,-0.048931,-0.2102,0.14244,-0.11984,-0.0087175,0.065882,0.19057,-0.056446,-0.0043705,0.10136,0.25592,0.021719,0.022625,-0.0070037,0.084934,-0.027372,0.28116,-0.046805,-0.05114,-0.30819,-0.17453,-0.095263,0.091462,-0.13707,0.31792,0.1715,0.13527,-0.11302,0.14908,0.14478,-0.30366,-0.15478,-0.13645,-0.066281,-0.087935,0.059417,0.085951,-0.0049791,0.022226,0.032973,-0.053343,0.090193,-0.11403,-0.078934,-0.02702,0.20935,-0.029386,0.19054,0.11243,-0.12086,0.11906,0.18835,0.024629,-0.18729,0.089839,-0.10443,0.014273,0.06627,0.014272,0.18315,0.14771,0.08221,0.017327,-0.14049,0.08565,0.067576,0.048557,0.063445,0.13919,0.083198,0.12536,0.14925
6,0.013942,0.16788,-0.021157,0.091943,0.015576,0.050094,1,-0.48513,-0.1639,-0.28153,-0.11863,-0.052159,0.078721,-0.22982,0.11096,0.14921,-0.46918,-0.27502,-0.16204,-0.013644,-0.14163,-0.12278,-0.072571,0.090383,-0.16913,0.030967,-0.088434,-0.14933,-0.088158,-0.0043045,-0.30771,0.0070908,0.13826,-0.035123,-0.25739,-0.07357,-0.28233,-0.41254,-0.15495,-0.18133,-0.20328,0.17774,-0.10011,-0.17462,0.10481,0.067446,-0.091477,0.074309,-0.017769,-0.0045411,0.0071607,0.22791,-0.062723,-0.1185,-0.079381,0.018728,-0.073625,0.063687,-0.013225,-0.000945,0.15295,-0.27428,0.26974,0.051006,0.19989,0.15233,-0.095023,0.1701,0.19011,0.036215,0.28532,0.25009,0.16531,0.022848,-0.076475,-0.1635,-0.058348,0.0023128,-0.050293,0.076322,0.048302,0.11079,0.092808,0.15489,0.048127,0.31451,0.34605,0.17847
7,-0.052659,0.099449,-0.10187,0.045537,-0.062624,-0.22929,-0.48513,1,0.3985,0.3598,0.14643,0.073169,0.11861,0.34068,0.080129,0.11716,0.47638,0.40239,0.1898,0.20277,0.25681,0.18102,-0.01409,0.04923,0.43509,-0.013142,0.3046,0.27989,0.49907,0.030242,0.21257,0.25013,-0.10412,0.25993,0.28166,0.42616,0.30299,0.099988,0.25162,0.2144,0.16054,-0.20188,-0.035825,0.24609,-0.083893,0.085047,0.19173,0.35149,-0.18945,0.1035,-0.11177,-0.38269,0.15132,0.011602,0.20182,-0.0017973,-0.15702,-0.12712,0.13333,-0.030303,-0.14687,0.17932,-0.24176,-0.085384,-0.27319,-0.040525,-0.0956,-0.085584,-0.1719,-0.056626,-0.1317,-0.14774,-0.31759,-0.3458,-0.012368,0.025206,-0.1239,-0.0071598,0.054723,-0.013048,-0.024329,-0.1244,0.051093,-0.20711,-0.0055664,-0.20406,-0.42781,-0.0086384
8,-0.17821,0.072095,-0.28989,-0.067107,-0.068782,0.14585,-0.1639,0.3985,1,0.15017,-0.039539,0.23514,0.40989,0.23867,0.060834,0.14329,0.42435,0.11571,0.18137,0.39111,0.18101,0.18705,0.24049,0.15057,0.35399,0.3918,0.18685,-0.13295,0.36722,0.026631,0.080246,0.40744,0.22167,0.25745,0.10998,0.31708,0.16587,-0.021825,0.24929,-0.12707,0.14072,0.087421,0.030563,0.046078,0.027582,0.12696,-0.045389,0.20842,-0.23513,0.18129,-0.19086,-0.10238,0.24766,-0.020278,0.15585,-0.13869,-0.085534,0.06231,0.037005,-0.14166,-0.17016,0.21421,-0.16039,-0.13396,-0.047812,-0.039369,0.10259,0.17812,-0.0074086,-0.13592,0.14763,-0.29009,0.016994,-0.12595,0.11608,0.028293,0.052766,-0.1959,0.082199,0.15908,-0.1375,-0.12315,-0.21065,-0.24627,-0.15567,-0.1744,-0.30126,0.10188
9,0.025012,0.22747,0.091664,0.042076,-0.10884,-0.069561,-0.28153,0.3598,0.15017,1,0.2779,0.1561,0.18051,0.1658,-0.00805,-0.064805,0.20524,0.25801,-0.11634,0.15329,0.086608,0.087803,-0.10552,-0.012584,0.39203,0.055199,0.35738,0.03951,0.23711,0.13046,0.16397,0.31604,0.13375,0.12737,0.12047,-0.058678,-0.021874,0.41952,0.15681,0.057662,0.26512,-0.012083,-0.1604,0.36831,0.22246,-0.031409,0.11938,0.22217,-0.012848,0.014719,-0.06226,0.034726,0.24894,0.0041593,0.2805,0.2313,-0.11158,0.15084,-0.0098504,-0.19213,0.1171,0.066482,0.13556,-0.041435,0.022914,0.18619,-0.014867,0.2508,-0.043963,-0.18463,-0.095194,-0.16206,0.056297,-0.17784,0.1911,0.21057,-0.17984,-0.18732,0.1603,-0.073477,-0.1274,-0.13663,0.16327,-0.061755,0.1554,-0.13056,-0.42168,-0.16935
10,-0.24578,-0.13031,-0.25747,0.2793,0.10167,0.16574,-0.11863,0.14643,-0.039539,0.2779,1,0.11446,0.43084,0.44446,0.40875,0.27451,0.35134,0.35122,0.36005,0.20371,0.09607,0.29759,0.14118,0.30721,0.26639,0.016232,0.26102,0.31466,0.19201,0.37877,0.40612,0.35825,0.25537,-0.051887,0.13665,-0.0057212,-0.099837,0.36138,0.25242,0.16666,0.066745,0.15183,-0.055672,0.17288,0.24388,0.20251,0.30067,0.1718,0.096083,-0.20446,-0.078878,0.0068373,-0.081264,-0.30941,-0.07872,0.1011,-0.15835,-0.13501,-0.12678,-0.12769,-0.015782,0.10691,-0.15098,0.075831,-0.22739,0.19974,-0.21798,-0.0048747,0.056187,-0.063818,-0.12176,0.13239,0.084817,-0.013691,-0.030427,0.21248,0.027814,-0.24771,-0.06346,-0.17601,0.19217,-0.12388,0.17054,-0.040361,0.21871,-0.051563,-0.35518,-0.04083
11,-0.058936,0.035313,-0.13845,0.052813,0.16251,0.088374,-0.052159,0.073169,0.23514,0.1561,0.11446,1,0.31886,0.37397,0.25938,0.042951,0.19897,0.17853,0.07301,0.08768,-0.041078,0.069318,0.27722,0.40919,0.27322,0.34585,0.28,0.11858,0.22763,0.42264,-0.054813,0.082965,0.3092,0.15177,0.038008,-0.12884,0.18182,0.015973,0.1472,-0.14714,-0.030808,-0.10742,0.0011127,0.33765,0.089623,0.27503,-0.1368,0.022144,0.1194,-0.11796,0.060154,-0.20103,0.084671,0.077641,0.10078,0.04756,0.31636,-0.10255,-0.0652,-0.11971,0.10724,0.22338,-0.18323,-0.13396,0.31433,0.15418,0.27144,0.080997,-0.16621,0.10772,-0.12844,-0.1428,-0.1977,0.22419,-0.049134,0.21148,0.1168,0.015958,-0.11747,-0.23105,-0.040716,0.039818,0.087734,0.043227,-0.32511,-0.35334,-0.028375,0.038631
12,-0.12184,-0.19164,-0.2525,0.13615,0.077893,0.14096,0.078721,0.11861,0.40989,0.18051,0.43084,0.31886,1,0.51263,0.34382,0.25484,0.25561,0.33149,0.32661,0.44767,0.086674,0.28801,0.30195,0.39995,0.41673,0.36792,0.25804,0.080823,0.15987,0.35293,0.18606,0.34799,0.26978,0.15747,0.012662,0.068609,-0.026984,0.12531,0.26708,0.15163,0.025526,0.38887,-0.14873,0.11198,0.080361,0.36997,0.043126,0.34955,-0.077382,0.22042,-0.079671,0.00089373,0.1812,-0.2481,-0.19808,-0.080727,-0.10266,0.11901,-0.089292,-0.12731,-0.0090252,0.06655,-0.37348,0.064686,0.025683,0.18462,-0.0013434,0.0079212,0.2086,-0.16997,0.11528,0.13179,0.22612,0.06238,-0.022394,0.37156,-0.084173,-0.25459,-0.029694,-0.082741,-0.010989,-0.14788,0.11361,-0.17181,-0.013544,-0.0095169,-0.077278,-0.10952
13,-0.15199,-0.24178,-0.30284,0.026084,0.13822,0.04629,-0.22982,0.34068,0.23867,0.1658,0.44446,0.37397,0.51263,1,0.28462,0.21499,0.43781,0.35526,0.47043,0.17882,-0.059346,0.1527,0.17001,0.50621,0.49524,0.23527,0.089071,0.21282,0.17586,0.46698,0.22274,-0.046557,0.24386,0.070492,0.21867,0.1138,0.101,0.19232,0.19135,0.076939,-0.098703,0.31139,-0.015443,0.096031,0.06102,0.40903,0.25652,0.1271,0.042168,0.17757,-0.053201,-0.07317,0.06815,-0.080401,-0.14822,-0.036648,-0.093955,-0.17105,-0.067765,-0.31149,-0.12346,0.16293,-0.45072,0.004641,-0.089987,-0.049475,0.010468,-0.17994,0.094305,-0.02735,-0.081775,0.027665,0.0046853,0.03956,-0.08281,0.26525,-0.072429,-0.027947,-0.22073,-0.14571,-0.18009,-0.10079,0.17459,-0.27862,-0.034653,-0.10526,-0.1655,0.021962
14,-0.088613,-0.028908,-0.23688,0.27285,0.19682,0.30288,0.11096,0.080129,0.060834,-0.00805,0.40875,0.25938,0.34382,0.28462,1,0.14537,0.029183,0.17408,0.34905,0.16721,0.035078,0.37045,0.12743,0.1681,0.31748,0.079397,0.096584,0.1181,0.2718,0.2449,0.31296,0.074143,0.19565,-0.0064748,0.1005,-0.075397,0.14029,0.052639,0.25876,-0.13989,0.31317,-0.16638,-0.094913,0.23518,0.13135,0.30016,0.022907,0.17874,0.074244,-0.13128,0.14239,-0.10565,-0.0058392,-0.19172,-0.010675,0.18208,0.079311,0.050985,0.0099962,-0.097448,-0.080875,0.041239,-0.20835,-0.048955,0.054247,0.22874,-0.078743,0.01714,-0.074223,-0.10638,0.12446,0.069073,-0.037967,-0.13528,-0.15957,-0.024786,0.039038,-0.29442,-0.093064,-0.23682,0.1902,0.019183,-0.10475,0.20199,-0.049953,-0.24441,-0.079369,0.032452
15,-0.21976,0.066307,-0.11183,-0.030809,0.23439,-0.14741,0.14921,0.11716,0.14329,-0.064805,0.27451,0.042951,0.25484,0.21499,0.14537,1,0.32133,0.49362,0.24976,0.37461,0.14617,0.34444,0.32321,0.20685,0.11054,0.34007,0.1054,0.39212,0.10882,0.37236,0.11537,0.28989,0.10625,0.36374,-0.044874,0.049197,0.051504,0.28712,0.0928,0.0063837,-0.05132,0.13963,0.19621,0.088238,-0.22173,0.21214,0.21896,0.34845,0.23764,-0.13335,0.029074,-0.13615,-0.049126,-0.11665,-0.055681,-0.026035,-0.053858,-0.095188,-0.011678,-0.12547,-0.16164,0.036686,0.022372,0.08226,0.027197,0.14677,-0.29165,-0.099613,0.056324,-0.090583,-0.067242,0.25143,0.063964,-0.13687,-0.26468,0.18559,0.11053,-0.11522,-0.13737,0.080659,0.080878,-0.11688,0.19162,-0.09674,-0.11431,-0.045991,-0.36239,0.31632
16,-0.24265,0.0061165,-0.032015,0.01811,0.042789,-0.048931,-0.46918,0.47638,0.42435,0.20524,0.35134,0.19897,0.25561,0.43781,0.029183,0.32133,1,0.36638,0.29047,0.41626,0.065515,0.32858,0.16389,0.22347,0.34901,0.15115,0.16712,0.16478,0.33693,0.33876,0.19909,0.29845,0.019557,-0.015732,0.17102,0.36339,0.28314,0.34593,0.29082,0.18494,0.18595,0.12484,-0.031973,0.20303,0.01485,0.02641,0.12848,0.11765,0.042343,0.029896,0.012141,-0.045673,0.13187,-0.12765,0.2532,0.033733,-0.047291,-0.29654,0.069242,0.13094,-0.21302,0.32938,-0.37737,0.054256,-0.34726,-0.036181,-0.002072,0.080489,-0.07186,0.077112,-0.10616,-0.29328,-0.10783,0.0077313,-0.10955,0.19713,0.17948,-0.14181,0.10269,0.076713,0.087738,-0.18092,-0.097913,-0.17691,0.021488,-0.19579,-0.35239,-0.042681
17,-0.19042,0.068849,-0.11466,0.22237,0.22891,-0.2102,-0.27502,0.40239,0.11571,0.25801,0.35122,0.17853,0.33149,0.35526,0.17408,0.49362,0.36638,1,0.32678,0.42876,0.27162,0.36936,0.35984,0.26246,0.42796,0.29391,0.17562,0.41775,0.37904,0.35615,0.4858,0.27644,0.19047,0.030057,0.2305,0.18541,0.26377,0.19853,0.42448,-0.029245,0.14244,-0.012386,0.14714,0.17941,-0.21897,0.3135,0.32754,0.30094,0.10333,-0.002427,-0.015193,-0.21386,0.020362,0.024519,-0.086667,0.17574,-0.064437,-0.080137,-0.10498,-0.20713,0.068997,0.1646,0.00063612,0.019282,-0.095095,0.15619,-0.2051,-0.20461,-0.020208,-0.077814,-0.075067,0.10328,-0.13291,-0.20327,-0.27725,0.070227,0.04844,-0.18387,0.056508,-0.24045,0.14412,-0.30838,0.17526,0.023459,0.19398,-0.20908,-0.4183,-0.011607
18,-0.27108,-0.17979,-0.41878,0.01676,-0.014611,0.14244,-0.16204,0.1898,0.18137,-0.11634,0.36005,0.07301,0.32661,0.47043,0.34905,0.24976,0.29047,0.32678,1,0.28139,0.22474,0.25429,0.087371,0.34026,0.14839,0.096316,0.11736,0.37596,0.084696,0.43163,0.3569,-0.00071851,-0.0033658,0.056241,0.20089,0.13286,0.083281,0.19515,-0.090895,0.10821,0.21815,0.16899,0.20912,-0.0012095,0.075038,0.23058,0.026199,0.16406,0.028969,-0.15537,0.023384,-0.24583,0.017588,-0.14086,-0.25853,-0.041811,-0.071512,-0.1662,-0.17681,0.033584,-0.19956,-0.1184,-0.15871,-0.037323,-0.26035,0.21575,-0.22642,-0.076537,0.13787,-0.23263,-0.17611,-0.093563,-0.027328,-0.099351,-0.18812,0.0086701,0.11294,-0.11976,-0.075359,-0.083722,-0.052949,-0.029447,-0.31017,-0.1981,0.21425,-0.33096,-0.38634,0.14954
19,-0.37615,0.031851,-0.13241,-0.12546,0.14681,-0.11984,-0.013644,0.20277,0.39111,0.15329,0.20371,0.08768,0.44767,0.17882,0.16721,0.37461,0.41626,0.42876,0.28139,1,0.29011,0.32962,0.16568,0.3077,0.19533,0.41236,0.32661,0.17374,0.27825,0.26834,0.34289,0.30455,0.32956,0.22594,0.21078,0.16745,0.19793,0.12942,0.17563,-0.095313,0.050031,0.089863,-0.12177,0.06354,-0.1741,0.18085,0.19549,0.34685,-0.046296,0.024897,-0.07846,-0.038843,0.1279,-0.17833,0.049815,0.41967,0.011476,0.01369,0.19188,-0.11628,-0.18462,-0.10478,-0.18412,0.069258,-0.12011,0.25428,-0.25943,-0.0076281,-0.1574,-0.033964,0.083249,-0.16079,0.24326,-0.03075,-0.12388,-0.02512,0.092409,-0.11916,0.083454,0.01036,-0.010504,-0.28066,-0.12382,-0.031852,0.07701,-0.09352,-0.34516,-0.024696
20,0.026694,0.018218,0.073486,-0.0030918,-0.10087,-0.0087175,-0.14163,0.25681,0.18101,0.086608,0.09607,-0.041078,0.086674,-0.059346,0.035078,0.14617,0.065515,0.27162,0.22474,0.29011,1,0.26199,0.18744,-0.017193,0.26475,0.22168,0.346,0.25377,0.10573,0.13084,0.1518,0.13696,0.1131,0.24023,0.077252,0.1761,0.32336,0.022462,0.31208,-0.077791,0.1273,-0.031197,0.18792,0.23162,-0.13012,0.12115,-0.018736,0.15368,0.0546,-0.3051,0.072448,-0.2783,0.12851,-0.057279,-0.068354,0.21421,-0.16323,0.14482,-0.039243,0.12077,-0.0057551,-0.075813,0.13345,-0.17344,-0.17285,0.3024,-0.36545,-0.064978,-0.29204,-0.034084,-0.055529,-0.10674,-0.3179,0.045081,-0.00046822,0.032436,-0.021105,0.23936,-0.12406,0.034953,-0.27201,-0.2983,-0.061259,-0.10185,0.25836,-0.25863,-0.18348,0.19314
21,-0.10769,0.060681,-0.11218,0.025341,0.30265,0.065882,-0.12278,0.18102,0.18705,0.087803,0.29759,0.069318,0.28801,0.1527,0.37045,0.34444,0.32858,0.36936,0.25429,0.32962,0.26199,1,0.14462,0.020875,0.32089,0.19921,0.17512,0.038902,0.30686,0.13979,0.33613,0.31213,-0.11752,0.027756,-0.089957,0.12668,0.21237,0.22959,0.12886,-0.032353,0.20938,0.074498,0.19146,-0.010909,-0.16607,0.47437,-0.19453,0.098362,-0.045181,-0.18484,-0.15225,-0.070485,0.14791,-0.17557,-0.054487,0.0087127,-0.053721,-0.066458,-0.079273,-0.16352,-0.33685,-0.051285,-0.19279,0.17148,0.019471,0.22979,-0.31102,0.18484,-0.028706,-0.15575,-0.022872,-0.070246,-0.0057463,-0.0032131,-0.18533,0.061145,0.19397,0.042636,0.13728,-0.20187,-0.072934,-0.27572,-0.20968,0.084048,0.04702,-0.18769,-0.20778,0.16548
22,-0.23289,-0.22593,-0.089619,0.2467,-0.10878,0.19057,-0.072571,-0.01409,0.24049,-0.10552,0.14118,0.27722,0.30195,0.17001,0.12743,0.32321,0.16389,0.35984,0.087371,0.16568,0.18744,0.14462,1,0.11348,0.050441,0.35532,0.20858,0.020338,0.10551,0.28541,0.079854,0.036097,0.17959,0.087481,0.18414,-0.18841,0.079429,0.017259,0.28355,0.051954,0.0039823,-0.060531,0.18818,-0.072451,-0.092195,0.1536,0.01178,-0.013294,-0.14109,-0.057558,0.14115,-0.18119,0.167,-0.010162,-0.025513,-0.22039,0.13154,-0.092844,0.10962,-0.081571,0.25366,0.39786,-0.14177,0.12018,0.0629,-0.06036,-0.15638,-0.018054,-0.03639,-0.31777,0.2727,-0.03373,-0.1175,-0.05899,-0.14627,0.20067,0.14492,0.029161,-0.089025,-0.21716,0.18848,-0.2919,0.28938,-0.023183,-0.20257,-0.21313,-0.014993,-0.11582
23,-0.10161,-0.16431,-0.3322,0.021835,0.23741,-0.056446,0.090383,0.04923,0.15057,-0.012584,0.30721,0.40919,0.39995,0.50621,0.1681,0.20685,0.22347,0.26246,0.34026,0.3077,-0.017193,0.020875,0.11348,1,0.19881,0.14006,0.067203,0.043973,-0.031347,0.47852,0.058136,0.027577,0.16967,-0.032098,0.071753,0.1983,-0.052098,-0.032745,0.086036,-0.20825,-0.31742,0.16897,0.024508,0.27237,0.013813,0.18918,0.23618,0.22454,0.13946,-0.082791,-0.16762,0.0036187,0.075507,0.19797,-0.047175,0.064241,-0.017339,-0.11988,-0.19601,-0.2729,-0.30527,0.20109,-0.12721,-0.016762,0.082704,0.0090064,-0.02033,-0.056818,0.05827,0.028173,-0.053947,-0.11086,0.16355,0.067466,-0.29512,0.18779,0.024714,-0.15592,0.031497,-0.0042916,-0.068654,-0.0935,-0.19988,-0.25475,-0.1004,-0.022735,-0.096511,-0.1284
24,-0.0025833,-0.024469,-0.078734,0.049225,0.15136,-0.0043705,-0.16913,0.43509,0.35399,0.39203,0.26639,0.27322,0.41673,0.49524,0.31748,0.11054,0.34901,0.42796,0.14839,0.19533,0.26475,0.32089,0.050441,0.19881,1,0.30775,0.1153,0.1927,0.35759,0.2208,0.26774,0.26544,0.26629,0.11606,0.014575,0.28816,0.31271,0.10502,0.35073,-0.10286,0.097625,-0.005238,-0.013009,0.20723,0.021792,0.27124,0.061728,0.20205,-0.10336,0.17881,-0.015544,-0.13567,0.079088,-0.0080407,0.10623,0.082262,-0.040727,0.008455,-0.09757,-0.10464,-0.05516,0.17095,-0.20049,-0.18472,0.025853,0.050546,0.075487,-0.074896,0.016806,0.12075,-0.052909,-0.073554,-0.17533,-0.24947,-0.12834,0.34025,0.038585,-0.13393,-0.015438,-0.14923,-0.18205,-0.27786,0.10079,-0.031176,0.0080862,-0.15126,-0.22747,0.045003
25,-0.30585,0.044074,-0.01012,-0.10697,0.33291,0.10136,0.030967,-0.013142,0.3918,0.055199,0.016232,0.34585,0.36792,0.23527,0.079397,0.34007,0.15115,0.29391,0.096316,0.41236,0.22168,0.19921,0.35532,0.14006,0.30775,1,0.26368,0.054469,0.13964,0.39109,0.28602,0.20146,0.33894,0.41083,0.029954,-0.014819,0.31576,0.021437,0.082844,0.019864,0.078148,0.086958,0.2964,-0.12607,-0.18911,0.21586,0.084325,0.14757,0.087096,0.18754,0.10721,-0.20327,7.2967e-05,-0.21363,-0.064048,0.16626,0.14635,0.13717,-0.094761,-0.18025,0.015318,-0.14602,-0.063547,-0.067263,0.15028,0.03452,0.085963,-0.10572,0.044159,-0.10938,0.031494,-0.060664,-0.019974,0.18747,-0.061653,0.13354,0.19526,-0.066714,0.11836,0.031651,-0.17094,-0.27144,0.25532,0.012483,-0.18637,-0.14428,-0.19176,0.18229
26,0.041634,0.13344,0.21354,0.31072,0.0018147,0.25592,-0.088434,0.3046,0.18685,0.35738,0.26102,0.28,0.25804,0.089071,0.096584,0.1054,0.16712,0.17562,0.11736,0.32661,0.346,0.17512,0.20858,0.067203,0.1153,0.26368,1,0.19394,0.37332,0.191,0.2371,0.10504,0.060407,0.22875,0.26838,-0.15572,0.15617,-0.018356,0.073752,0.10298,0.15625,-0.026127,-0.090665,0.1316,-0.0061958,0.021616,-0.070176,0.084224,-0.044944,-0.14242,-0.17575,-0.27378,0.29832,-0.24511,-0.091101,0.29203,-0.082154,-0.030563,-0.22367,-0.10416,0.13302,0.08624,-0.028298,0.17786,0.018474,0.25429,0.032496,0.24752,-0.083908,-0.13121,-0.11503,-0.16379,-0.10345,-0.17116,0.34226,0.23952,0.095938,0.10353,0.055616,0.019559,-0.095917,0.090448,0.1184,-0.19264,-0.054036,0.023147,-0.28035,0.1478
27,-0.097097,0.022548,-0.17491,0.038471,0.0094003,0.021719,-0.14933,0.27989,-0.13295,0.03951,0.31466,0.11858,0.080823,0.21282,0.1181,0.39212,0.16478,0.41775,0.37596,0.17374,0.25377,0.038902,0.020338,0.043973,0.1927,0.054469,0.19394,1,0.066702,0.33485,-0.013314,0.26589,0.24863,0.41158,0.10086,-0.078036,0.27646,0.16858,0.18916,0.14985,0.065262,-0.029501,0.19581,0.15488,0.0030254,-0.01547,0.2669,0.38968,-0.054735,-0.097836,0.16089,-0.26254,-0.2013,0.022883,0.0032915,0.26734,0.16806,-0.15391,-0.19977,0.04151,-0.050021,-0.045142,-0.00915,-0.035856,-0.12963,-0.035226,-0.04394,-0.20849,-0.26331,0.26812,-0.29538,0.24537,-0.10986,-0.1903,-0.22576,0.29168,0.041307,0.14687,-0.16458,-0.0055862,0.053736,0.044705,0.19146,0.083521,0.25305,-0.074101,-0.31107,0.085372
28,-0.084125,0.18097,0.069634,0.26043,0.25788,0.022625,-0.088158,0.49907,0.36722,0.23711,0.19201,0.22763,0.15987,0.17586,0.2718,0.10882,0.33693,0.37904,0.084696,0.27825,0.10573,0.30686,0.10551,-0.031347,0.35759,0.13964,0.37332,0.066702,1,0.040826,0.27921,0.12987,0.065935,0.08472,0.36157,0.15379,0.22041,0.0089408,0.2971,-0.040302,0.27495,0.021336,-0.071413,0.078574,-0.03281,0.27185,0.074143,0.32374,-0.18339,-0.040558,-0.099471,-0.13937,0.043183,-0.087454,0.06428,0.20714,-0.17737,0.028399,-0.019361,-0.14443,0.18645,0.30648,-0.059207,0.024967,-0.14516,0.26272,0.080829,-0.027213,-0.16622,-0.11722,0.26174,-0.14877,-0.1866,-0.23239,0.070225,-0.085319,0.29259,-0.091294,0.018832,-0.1553,0.14455,-0.11458,0.041406,0.13705,-0.028406,-0.14618,-0.18682,0.039224
29,-0.14173,0.004108,-0.10638,-0.048836,0.089193,-0.0070037,-0.0043045,0.030242,0.026631,0.13046,0.37877,0.42264,0.35293,0.46698,0.2449,0.37236,0.33876,0.35615,0.43163,0.26834,0.13084,0.13979,0.28541,0.47852,0.2208,0.39109,0.191,0.33485,0.040826,1,0.060237,0.011113,0.10771,0.29617,0.11112,-0.036135,0.17111,0.35802,0.06275,0.18518,0.20613,0.087196,0.070405,0.24662,0.057172,0.30882,0.25725,0.25183,0.19878,-0.17556,0.10098,-0.12079,0.055346,-0.21522,0.040963,0.061496,0.062924,-0.01407,-0.14349,-0.0014895,-0.077482,0.085649,0.085868,0.067099,0.0073756,0.038747,-0.063529,0.0039096,0.045592,0.14193,-0.10831,-0.076298,-0.065326,0.11822,-0.1542,0.35036,0.038562,-0.096894,-0.090508,-0.14717,-0.055289,-0.026601,0.053093,0.17245,0.0015926,-0.20215,-0.090522,-0.066298
30,-0.32509,0.0067589,-0.028362,0.091412,0.16764,0.084934,-0.30771,0.21257,0.080246,0.16397,0.40612,-0.054813,0.18606,0.22274,0.31296,0.11537,0.19909,0.4858,0.3569,0.34289,0.1518,0.33613,0.079854,0.058136,0.26774,0.28602,0.2371,-0.013314,0.27921,0.060237,1,0.010072,0.11283,-0.062078,0.40348,0.017858,0.056022,0.16654,0.17502,-0.14164,0.2762,-0.12145,0.10605,-0.10527,-0.063917,0.28435,0.14382,0.01436,0.065625,0.031864,-0.20085,-0.19077,-0.017595,-0.27157,0.060518,0.20353,-0.080794,-0.14683,0.10105,-0.24765,-0.0017977,0.042233,-0.073483,-0.13324,-0.11655,0.27649,-0.23344,-0.26487,0.10046,-0.28183,-0.01077,-0.2778,0.1033,-0.11936,0.041474,-0.060541,0.24954,-0.20833,0.22045,-0.20072,0.26648,-0.2576,-0.053327,-0.11555,0.11323,-0.23306,-0.43597,-0.016247
31,-0.17893,0.18262,-0.22659,0.043266,-0.04832,-0.027372,0.0070908,0.25013,0.40744,0.31604,0.35825,0.082965,0.34799,-0.046557,0.074143,0.28989,0.29845,0.27644,-0.00071851,0.30455,0.13696,0.31213,0.036097,0.027577,0.26544,0.20146,0.10504,0.26589,0.12987,0.011113,0.010072,1,0.19208,0.15017,-0.19448,0.21777,0.14076,0.14358,0.29549,0.13489,0.16679,-0.06307,-0.023303,0.2939,0.017754,-0.18969,0.13545,0.38935,0.034801,-0.024432,-0.021565,0.0071755,-0.05324,-0.12416,0.129,-0.0077609,0.19371,-0.014877,-0.077318,0.010374,-0.085602,-0.070313,-0.12873,0.018118,-0.16746,0.027393,-0.056301,0.13238,-0.0031693,0.081952,-0.12942,0.088849,0.060809,-0.099396,-0.078351,0.14849,-0.04635,-0.21984,0.31024,0.032625,-0.00024777,-0.050314,0.010712,0.014798,0.13151,-0.078234,-0.40063,0.14805
32,-0.32672,-0.14796,-0.23881,0.16163,-0.0083091,0.28116,0.13826,-0.10412,0.22167,0.13375,0.25537,0.3092,0.26978,0.24386,0.19565,0.10625,0.019557,0.19047,-0.0033658,0.32956,0.1131,-0.11752,0.17959,0.16967,0.26629,0.33894,0.060407,0.24863,0.065935,0.10771,0.11283,0.19208,1,0.056371,0.080784,-0.034261,0.056762,-0.046168,0.28826,-0.19692,-0.056107,0.15137,0.0087558,0.044789,0.037256,0.17964,0.29647,-0.082963,-0.14998,0.1249,0.037427,0.076551,0.078844,-0.023351,0.17896,0.31794,-0.0084085,0.04187,0.11434,-0.17342,0.21869,0.024027,-0.00014272,-0.21582,0.18388,0.11976,0.044399,0.039402,-0.11073,0.025846,0.14276,-0.047603,0.15487,0.086202,0.048259,-0.04927,-0.052024,-0.08066,-0.1611,-0.070372,0.052418,-0.15746,0.23178,-0.032981,0.18382,-0.011526,-0.10447,-0.059346
33,-0.12666,0.16432,-0.087765,-0.38516,0.098839,-0.046805,-0.035123,0.25993,0.25745,0.12737,-0.051887,0.15177,0.15747,0.070492,-0.0064748,0.36374,-0.015732,0.030057,0.056241,0.22594,0.24023,0.027756,0.087481,-0.032098,0.11606,0.41083,0.22875,0.41158,0.08472,0.29617,-0.062078,0.15017,0.056371,1,-0.061892,-0.18343,0.054548,0.1995,-0.07076,0.12586,-0.006023,0.0048508,0.22386,-0.031546,-0.088245,0.09722,0.042423,0.56513,-0.030171,0.0033503,-0.042361,-0.2215,-0.076196,-0.16436,0.19565,0.072755,0.098362,0.063876,0.058154,-0.18645,-0.14926,-0.095705,0.00048486,-0.084096,0.23773,0.021065,-0.046514,-0.18717,-0.22766,-0.013423,0.008318,-0.043385,-0.016599,-0.036086,-0.071466,0.33037,0.089426,0.11012,-0.1469,-0.01593,-0.15852,-0.078024,0.21078,-0.03412,-0.271,-0.19836,-0.15741,0.13926
34,-0.026912,0.032488,0.11992,0.31024,-0.076483,-0.05114,-0.25739,0.28166,0.10998,0.12047,0.13665,0.038008,0.012662,0.21867,0.1005,-0.044874,0.17102,0.2305,0.20089,0.21078,0.077252,-0.089957,0.18414,0.071753,0.014575,0.029954,0.26838,0.10086,0.36157,0.11112,0.40348,-0.19448,0.080784,-0.061892,1,-0.03096,0.23724,-0.068592,0.14216,-0.021912,0.10815,-0.11578,-0.022727,0.14278,0.015727,0.13553,0.18287,0.092675,-0.26,0.097923,0.17142,-0.1892,0.21538,-0.0030355,0.16583,0.3348,-0.15831,-0.15588,0.22789,-0.2047,0.16282,0.33143,-0.060299,0.076592,-0.21501,0.029525,0.037356,-0.14943,-0.026952,0.011079,0.10349,-0.081717,0.12072,-0.24619,0.16736,-0.037105,0.096379,0.022847,-0.018114,0.11889,0.088255,-0.17488,-0.1364,-0.063953,0.10222,-0.14048,-0.41968,-0.17634
35,-0.079249,-0.20237,0.064559,-0.026166,0.088266,-0.30819,-0.07357,0.42616,0.31708,-0.058678,-0.0057212,-0.12884,0.068609,0.1138,-0.075397,0.049197,0.36339,0.18541,0.13286,0.16745,0.1761,0.12668,-0.18841,0.1983,0.28816,-0.014819,-0.15572,-0.078036,0.15379,-0.036135,0.017858,0.21777,-0.034261,-0.18343,-0.03096,1,0.21803,-0.23033,-0.021201,0.018091,0.080288,0.039192,-0.1463,-0.069684,-0.19583,0.048467,0.081318,-0.011819,-0.11882,-0.0090116,0.014865,-0.24823,0.10949,-0.14454,-0.089981,0.022346,-0.14744,0.0068058,-0.13381,0.21278,-0.13923,0.026134,-0.12091,-0.072256,-0.32441,-0.019657,-0.21017,-0.044744,0.24781,0.2012,0.025883,-0.14511,-0.34507,-0.11107,-0.11141,-0.21135,-0.37986,-0.26913,0.10603,0.079021,-0.20268,-0.25538,-0.18905,-0.10626,0.047721,-0.11613,-0.039633,0.046153
36,0.089962,-0.0075162,0.19193,0.19568,0.11061,-0.17453,-0.28233,0.30299,0.16587,-0.021874,-0.099837,0.18182,-0.026984,0.101,0.14029,0.051504,0.28314,0.26377,0.083281,0.19793,0.32336,0.21237,0.079429,-0.052098,0.31271,0.31576,0.15617,0.27646,0.22041,0.17111,0.056022,0.14076,0.056762,0.054548,0.23724,0.21803,1,-0.0081691,0.24826,-0.052966,0.28401,-0.14767,-0.095423,0.19883,-0.20459,0.063341,0.12681,0.045979,-0.0021796,-0.11251,0.22493,-0.25099,0.1143,0.0095081,0.034957,0.37575,0.16979,0.14156,-0.12287,0.085882,-0.053098,-0.070513,-0.21277,-0.10321,-0.2133,-0.08222,0.25899,0.038737,-0.22061,0.3787,-0.26527,-0.085064,-0.40564,-0.16758,-0.17645,0.1711,0.0094167,0.1954,0.095329,-0.076797,-0.20094,-0.1791,0.05047,-0.021432,0.01666,-0.12227,-0.11644,0.066318
37,0.047027,-0.027971,-0.067774,-0.24852,0.092206,-0.095263,-0.41254,0.099988,-0.021825,0.41952,0.36138,0.015973,0.12531,0.19232,0.052639,0.28712,0.34593,0.19853,0.19515,0.12942,0.022462,0.22959,0.017259,-0.032745,0.10502,0.021437,-0.018356,0.16858,0.0089408,0.35802,0.16654,0.14358,-0.046168,0.1995,-0.068592,-0.23033,-0.0081691,1,0.022795,0.24664,0.24231,0.096146,0.059923,0.2317,-0.072172,0.12604,0.21713,0.26072,0.13266,-0.20417,-0.038684,0.07817,-0.019298,-0.10779,0.16518,-0.15241,-0.075013,0.1974,0.070196,-0.0612,-0.063077,0.13022,-0.059255,-0.01633,-0.139,0.1352,-0.12601,-0.061266,-0.19064,-0.11661,-0.15286,-0.14153,0.079082,0.041168,-0.014039,0.3572,0.082403,-0.23529,-0.095452,-0.17221,0.039158,-0.1581,-0.02434,-0.050209,0.10009,-0.13977,-0.21307,-0.095123
38,-0.049859,0.10556,-0.026678,0.34115,-0.11656,0.091462,-0.15495,0.25162,0.24929,0.15681,0.25242,0.1472,0.26708,0.19135,0.25876,0.0928,0.29082,0.42448,-0.090895,0.17563,0.31208,0.12886,0.28355,0.086036,0.35073,0.082844,0.073752,0.18916,0.2971,0.06275,0.17502,0.29549,0.28826,-0.07076,0.14216,-0.021201,0.24826,0.022795,1,-0.094093,0.11995,-0.075738,0.077988,0.32355,0.14555,0.056875,0.22664,0.19315,-0.050286,0.10699,-0.031809,0.068426,-0.15093,0.13206,0.26997,0.1299,0.053971,-0.071442,0.041192,0.014664,0.091092,0.2849,-0.0070922,-0.28123,-0.054918,-0.094509,0.042151,-0.11468,-0.34767,-0.0065503,0.14614,-0.00077729,-0.061407,-0.038421,-0.093369,0.050702,0.1011,0.032624,-0.063338,-0.044495,0.29254,-0.070573,0.13814,0.0097908,0.18935,-0.048711,-0.024589,-0.22929
39,-0.082015,-0.19606,0.15849,0.0035139,-0.10462,-0.13707,-0.18133,0.2144,-0.12707,0.057662,0.16666,-0.14714,0.15163,0.076939,-0.13989,0.0063837,0.18494,-0.029245,0.10821,-0.095313,-0.077791,-0.032353,0.051954,-0.20825,-0.10286,0.019864,0.10298,0.14985,-0.040302,0.18518,-0.14164,0.13489,-0.19692,0.12586,-0.021912,0.018091,-0.052966,0.24664,-0.094093,1,-0.0088478,0.025783,0.090927,-0.051739,0.025924,-0.14457,0.013585,-0.017693,-0.098506,0.18574,0.18284,-0.16607,0.012322,-0.44455,-0.11724,-0.33019,-0.074564,-0.093391,-0.047721,0.20933,0.12055,-0.19937,-0.25808,0.17391,-0.17499,-0.097444,0.15575,-0.040193,0.0073846,-0.17062,-0.088585,0.126,0.0021253,-0.045459,0.16372,-0.0080513,-0.066822,-0.067115,-0.046152,0.19423,-0.047101,0.16045,0.15861,0.031024,0.053384,-0.054905,-0.011329,-0.12705
40,-0.071677,0.112,0.1447,0.15971,-0.20783,0.31792,-0.20328,0.16054,0.14072,0.26512,0.066745,-0.030808,0.025526,-0.098703,0.31317,-0.05132,0.18595,0.14244,0.21815,0.050031,0.1273,0.20938,0.0039823,-0.31742,0.097625,0.078148,0.15625,0.065262,0.27495,0.20613,0.2762,0.16679,-0.056107,-0.006023,0.10815,0.080288,0.28401,0.24231,0.11995,-0.0088478,1,-0.23532,-0.1902,0.13731,0.036882,0.013197,0.044273,0.13947,-0.051572,-0.17227,0.013451,-0.14764,0.089108,-0.21241,0.14673,0.11409,0.11169,0.26022,-0.041154,0.28437,0.19451,0.074319,0.089273,-0.074023,-0.23561,-0.021022,-0.14501,0.11685,0.1457,-0.057425,-0.10562,-0.31035,-0.30208,-0.10438,0.00267,0.076442,-0.097443,-0.10488,0.21474,-0.29764,0.081762,-0.0078773,-0.085416,0.16127,0.17304,-0.31501,-0.069709,0.08307
41,0.14467,-0.20476,-0.17376,0.035555,0.099182,0.1715,0.17774,-0.20188,0.087421,-0.012083,0.15183,-0.10742,0.38887,0.31139,-0.16638,0.13963,0.12484,-0.012386,0.16899,0.089863,-0.031197,0.074498,-0.060531,0.16897,-0.005238,0.086958,-0.026127,-0.029501,0.021336,0.087196,-0.12145,-0.06307,0.15137,0.0048508,-0.11578,0.039192,-0.14767,0.096146,-0.075738,0.025783,-0.23532,1,0.035784,-0.23836,0.034864,0.29961,-0.028706,0.043575,0.0219,0.021822,-0.12367,0.3855,0.069578,-0.0487,-0.22949,0.024495,-0.46376,0.17166,-0.098972,-0.21357,-0.065147,-0.0020789,-0.082709,0.26787,-0.071743,0.11192,0.015139,0.082362,0.17653,-0.13064,0.27708,0.14852,0.27805,0.28878,0.041803,0.16153,0.035932,-0.051791,-0.13522,-0.026157,-0.11648,-0.17849,0.14961,-0.16874,0.20084,0.37122,0.17462,-0.013894
42,-0.10017,0.23405,-0.069514,-0.083586,0.31149,0.13527,-0.10011,-0.035825,0.030563,-0.1604,-0.055672,0.0011127,-0.14873,-0.015443,-0.094913,0.19621,-0.031973,0.14714,0.20912,-0.12177,0.18792,0.19146,0.18818,0.024508,-0.013009,0.2964,-0.090665,0.19581,-0.071413,0.070405,0.10605,-0.023303,0.0087558,0.22386,-0.022727,-0.1463,-0.095423,0.059923,0.077988,0.090927,-0.1902,0.035784,1,-0.15005,-0.17991,0.060473,-0.047834,-0.0059746,-0.078888,0.048919,0.046332,-0.24163,-0.097166,0.27122,0.12087,-0.11357,0.10537,-0.28362,-0.1656,-0.12408,-0.068851,0.029923,0.25216,-0.047633,0.23564,0.016923,-0.11141,-0.10087,-0.20213,-0.26935,0.18247,-0.054402,0.10659,0.13825,-0.19219,-0.068074,0.21152,0.19819,-0.20214,0.16745,-0.12837,-0.22023,-0.060823,-0.059362,0.054602,-0.089634,-0.23585,-0.030356
43,0.21284,0.28851,0.00013188,0.078528,-0.056245,-0.11302,-0.17462,0.24609,0.046078,0.36831,0.17288,0.33765,0.11198,0.096031,0.23518,0.088238,0.20303,0.17941,-0.0012095,0.06354,0.23162,-0.010909,-0.072451,0.27237,0.20723,-0.12607,0.1316,0.15488,0.078574,0.24662,-0.10527,0.2939,0.044789,-0.031546,0.14278,-0.069684,0.19883,0.2317,0.32355,-0.051739,0.13731,-0.23836,-0.15005,1,0.13813,-0.12277,0.13277,0.25302,0.44426,-0.22904,0.20082,-0.053831,0.15947,0.25659,0.19116,0.17741,0.049132,0.045174,0.13217,0.13629,-0.054497,0.25066,0.05408,-0.12418,-0.0035485,0.18324,0.11057,0.16102,-0.17071,0.20848,-0.19516,0.12884,-0.0069709,-0.0051781,0.040919,0.14743,-0.047237,-0.023732,0.061232,0.086335,-0.10626,0.17778,-0.15772,-0.035761,0.020785,-0.13767,-0.3006,-0.061159
44,-0.18176,-0.033246,-0.26563,-0.056274,-0.36607,0.14908,0.10481,-0.083893,0.027582,0.22246,0.24388,0.089623,0.080361,0.06102,0.13135,-0.22173,0.01485,-0.21897,0.075038,-0.1741,-0.13012,-0.16607,-0.092195,0.013813,0.021792,-0.18911,-0.0061958,0.0030254,-0.03281,0.057172,-0.063917,0.017754,0.037256,-0.088245,0.015727,-0.19583,-0.20459,-0.072172,0.14555,0.025924,0.036882,0.034864,-0.17991,0.13813,1,-0.085296,-0.20193,-0.09256,-0.031794,-0.11193,0.077482,0.12759,-0.044033,-0.048675,0.092578,-0.060826,-0.14819,-0.039683,0.088702,0.06927,-0.075441,-0.048351,0.18543,-0.42494,-0.087445,-0.10199,0.19287,0.31877,0.00063008,-0.19505,0.012841,0.08781,0.2011,-0.090451,0.18829,-0.17517,0.19284,-0.099446,0.12554,0.19123,0.30444,0.27466,0.012552,0.10482,0.16932,-0.097133,0.0028576,-0.2914
45,0.10987,-0.076613,-0.16815,-0.0030194,0.18698,0.14478,0.067446,0.085047,0.12696,-0.031409,0.20251,0.27503,0.36997,0.40903,0.30016,0.21214,0.02641,0.3135,0.23058,0.18085,0.12115,0.47437,0.1536,0.18918,0.27124,0.21586,0.021616,-0.01547,0.27185,0.30882,0.28435,-0.18969,0.17964,0.09722,0.13553,0.048467,0.063341,0.12604,0.056875,-0.14457,0.013197,0.29961,0.060473,-0.12277,-0.085296,1,-0.20081,0.024453,-0.12665,-0.14148,-0.18622,-0.16344,0.20495,-0.17909,-0.064627,0.0097774,-0.38325,0.2033,0.10068,-0.44159,-0.14588,0.034312,-0.083994,0.085391,0.13015,0.20874,-0.11941,-0.049183,-0.067945,-0.059296,0.042631,0.060145,-0.052563,0.066805,-0.2129,0.02955,-0.039245,0.090746,-0.25664,-0.31689,-0.08558,-0.3597,0.12079,0.11721,0.10789,-0.11378,0.098739,0.093663
46,-0.2004,-0.01629,-0.15494,0.072348,0.16232,-0.30366,-0.091477,0.19173,-0.045389,0.11938,0.30067,-0.1368,0.043126,0.25652,0.022907,0.21896,0.12848,0.32754,0.026199,0.19549,-0.018736,-0.19453,0.01178,0.23618,0.061728,0.084325,-0.070176,0.2669,0.074143,0.25725,0.14382,0.13545,0.29647,0.042423,0.18287,0.081318,0.12681,0.21713,0.22664,0.013585,0.044273,-0.028706,-0.047834,0.13277,-0.20193,-0.20081,1,0.33947,0.046079,0.15829,-0.06922,0.078683,-0.13046,0.063438,0.071013,0.14947,0.095948,0.040071,-0.053854,-0.080502,0.13666,0.066795,0.030757,-0.14648,-0.28756,-0.079069,-0.18964,-0.27517,0.036855,0.11176,0.0026201,0.028257,0.10836,0.10798,-0.016815,0.051998,-0.17486,-0.13059,-0.071583,0.004128,0.094336,-0.0036602,0.11201,-0.18761,0.18966,0.11891,-0.18085,-0.1832
47,0.04066,0.27965,-0.25058,-0.090149,0.15622,-0.15478,0.074309,0.35149,0.20842,0.22217,0.1718,0.022144,0.34955,0.1271,0.17874,0.34845,0.11765,0.30094,0.16406,0.34685,0.15368,0.098362,-0.013294,0.22454,0.20205,0.14757,0.084224,0.38968,0.32374,0.25183,0.01436,0.38935,-0.082963,0.56513,0.092675,-0.011819,0.045979,0.26072,0.19315,-0.017693,0.13947,0.043575,-0.0059746,0.25302,-0.09256,0.024453,0.33947,1,-0.023354,0.010209,0.030253,0.0094062,-0.17174,0.039563,0.11878,0.17131,0.0024088,0.18639,0.0041723,-0.14054,-0.14828,0.087816,-0.099644,-0.031634,-0.16602,0.0723,-0.16939,-0.28778,-0.096469,0.020707,0.057412,0.14407,-0.017959,-0.052125,-0.33186,0.324,0.060984,-0.15834,0.07526,-0.090177,0.063079,-0.16326,-0.023524,-0.053712,0.10662,-0.11174,-0.21437,0.044979
48,0.10098,0.20475,0.089033,-0.12634,0.20021,-0.13645,-0.017769,-0.18945,-0.23513,-0.012848,0.096083,0.1194,-0.077382,0.042168,0.074244,0.23764,0.042343,0.10333,0.028969,-0.046296,0.0546,-0.045181,-0.14109,0.13946,-0.10336,0.087096,-0.044944,-0.054735,-0.18339,0.19878,0.065625,0.034801,-0.14998,-0.030171,-0.26,-0.11882,-0.0021796,0.13266,-0.050286,-0.098506,-0.051572,0.0219,-0.078888,0.44426,-0.031794,-0.12665,0.046079,-0.023354,1,-0.28094,0.22026,0.070538,-0.080694,-0.083684,-0.23649,0.13667,0.15425,-0.048955,-0.048644,0.055022,-0.14555,-0.12641,0.095648,-0.028685,0.078848,0.36215,0.04146,-0.024747,0.098193,0.11384,-0.22311,0.24237,-0.07872,0.30498,-0.04515,0.0052957,0.10724,-0.042422,0.10028,-0.020121,-0.095056,0.23577,0.058942,-0.0052032,-0.11294,-0.10281,-0.099994,0.30505
49,-0.20573,0.1236,-0.0062408,0.12778,0.046043,-0.066281,-0.0045411,0.1035,0.18129,0.014719,-0.20446,-0.11796,0.22042,0.17757,-0.13128,-0.13335,0.029896,-0.002427,-0.15537,0.024897,-0.3051,-0.18484,-0.057558,-0.082791,0.17881,0.18754,-0.14242,-0.097836,-0.040558,-0.17556,0.031864,-0.024432,0.1249,0.0033503,0.097923,-0.0090116,-0.11251,-0.20417,0.10699,0.18574,-0.17227,0.021822,0.048919,-0.22904,-0.11193,-0.14148,0.15829,0.010209,-0.28094,1,-0.044209,0.25527,0.078052,0.034459,0.11048,-0.1547,-0.017472,-0.30219,0.090682,0.043866,0.11107,-0.036451,-0.1208,0.078998,0.26543,-0.27934,0.22617,-0.0085793,0.1858,0.032782,0.079945,0.086583,0.29348,-0.10243,0.10085,0.031105,-0.017971,-0.012443,0.12766,0.31942,0.069271,-0.026392,0.073185,-0.088779,-0.15762,0.32525,-0.09794,-0.11879
50,0.12817,-0.0053108,0.15444,0.14787,0.029948,-0.087935,0.0071607,-0.11177,-0.19086,-0.06226,-0.078878,0.060154,-0.079671,-0.053201,0.14239,0.029074,0.012141,-0.015193,0.023384,-0.07846,0.072448,-0.15225,0.14115,-0.16762,-0.015544,0.10721,-0.17575,0.16089,-0.099471,0.10098,-0.20085,-0.021565,0.037427,-0.042361,0.17142,0.014865,0.22493,-0.038684,-0.031809,0.18284,0.013451,-0.12367,0.046332,0.20082,0.077482,-0.18622,-0.06922,0.030253,0.22026,-0.044209,1,-0.012916,0.10858,-0.0065462,-0.16167,0.2093,0.19936,-0.045601,0.070265,0.25799,-0.01515,-0.012314,-0.016807,-0.13207,-0.025984,0.14379,0.15429,0.0029179,0.086689,0.054799,0.11902,0.33653,-0.26164,0.055162,-0.14432,-0.035822,0.049505,-0.072609,-0.030194,0.12305,0.0084037,-0.089559,-0.0017521,0.2493,0.16866,-0.33365,-0.069211,0.034443
