2.5232e-11 4.0312e-12 6.7462e-12 3.3169e-12 1.4224e-12 2.1693e-12 3.881e-13 -1.2414e-12 -5.4202e-12 5.7119e-13 -7.311e-12 -1.5221e-12 -3.8779e-12 -4.0417e-12 -2.4674e-12 -5.3586e-12 -6.5836e-12 -5.6519e-12 -7.6664e-12 -1.0774e-11 6.6714e-13 -2.6612e-12 -5.2693e-12 -2.5886e-12 -6.3571e-14 -6.7171e-12 7.5381e-13 -1.915e-12 -1.8352e-12 -2.7057e-12 -7.071e-12 -3.51e-12 -5.7548e-12 -2.5145e-12 -4.8738e-13 -1.4845e-12 1.6486e-12 8.0714e-13 -8.6214e-13 -1.2581e-12 -1.1783e-12 2.0936e-12 -1.6948e-12 3.0393e-12 -2.4543e-12 1.3545e-12 -2.419e-12 6.1738e-13 1.3412e-12 -2.8614e-12 1.7014e-12 9.281e-13 3.1774e-12 2.3979e-12 -2.0631e-12 -3.1905e-14 -1.8957e-12 3.6667e-12 -1.8302e-12 -2.1574e-12 -8.8667e-13 2.0557e-12 3.5455e-13 1.851e-12 -1.2717e-13 -2.3012e-13 2.26e-12 2.2131e-13 -7.4557e-13 2.3331e-12 -4.5229e-13 1.7989e-12 -1.3364e-12 2.1207e-13 1.2479e-13 1.8913e-12 -6.5383e-13 4.418e-13 -8.1902e-13 -1.1131e-14 -8.6487e-13 1.0571e-13 -2.2554e-13 5.4785e-14 1.8967e-13 1.0137e-13 3.754e-14 2.4167e-14
4.0312e-12 3.4085e-11 4.4795e-12 1.9636e-12 5.4175e-12 -1.0038e-12 5.4313e-12 2.7249e-12 2.5486e-12 6.0375e-12 -4.5051e-12 1.06e-12 -7.0888e-12 -7.4725e-12 -9.3553e-13 1.8791e-12 1.9287e-13 2.375e-12 -5.9097e-12 1.0603e-12 5.2919e-13 1.7429e-12 -5.9411e-12 -4.8651e-12 -6.9986e-13 1.125e-12 2.8081e-12 5.1686e-13 4.5884e-12 9.1146e-14 1.7086e-13 4.1637e-12 -3.0289e-12 3.7913e-12 6.8384e-13 -4.4059e-12 -1.6008e-13 -5.5797e-13 2.1215e-12 -3.4955e-12 2.1399e-12 -3.4439e-12 4.6024e-12 4.7884e-12 -5.2177e-13 -1.0978e-12 -2.2854e-13 4.9351e-12 3.1607e-12 1.9981e-12 -8.1938e-14 1.3893e-12 1.1533e-12 3.1717e-12 4.6983e-12 2.9164e-12 -4.9099e-13 -1.9011e-12 8.3079e-14 -2.0329e-13 -6.9053e-13 -5.2093e-13 4.4936e-12 1.1413e-12 2.0568e-12 2.1297e-12 7.8132e-13 2.3381e-12 -1.3341e-12 1.9544e-12 1.0891e-13 5.3688e-13 5.6471e-14 -6.434e-14 1.6025e-13 -1.9371e-13 7.8534e-14 5.4087e-13 3.3162e-13 8.2821e-13 -1.0396e-13 3.1284e-13 -1.3217e-13 2.0066e-13 1.5494e-13 8.5575e-14 -4.3532e-14 2.2734e-14
6.7462e-12 4.4795e-12 2.6266e-11 2.8456e-12 5.094e-12 -4.0761e-12 -6.0087e-13 -2.4503e-12 -8.996e-12 2.1358e-12 -7.8138e-12 -3.6481e-12 -8.1991e-12 -8.2162e-12 -6.7296e-12 -2.7821e-12 -8.8623e-13 -3.4721e-12 -1.2083e-11 -3.8693e-12 1.8738e-12 -2.8284e-12 -2.0688e-12 -8.6345e-12 -1.9768e-12 -2.2677e-13 3.9446e-12 -3.5196e-12 1.5499e-12 -2.072e-12 -6.294e-13 -4.5349e-12 -4.2916e-12 -1.7776e-12 2.2159e-12 1.2339e-12 3.5885e-12 -1.1868e-12 -4.7066e-13 2.4806e-12 2.427e-12 -2.5655e-12 -1.2e-12 1.9214e-15 -3.6595e-12 -2.115e-12 -1.9082e-12 -3.8819e-12 1.2065e-12 -8.856e-14 2.0917e-12 -3.0641e-12 2.7993e-12 -2.5372e-12 9.34e-14 2.5246e-12 9.6984e-13 2.6095e-13 -2.3078e-12 1.8327e-12 4.1492e-12 6.1822e-13 1.2316e-12 1.6085e-12 8.107e-13 1.4358e-12 1.5412e-12 -3.7961e-14 -7.3247e-13 2.0142e-12 5.0245e-13 -1.1668e-12 -1.1766e-12 -8.8406e-13 1.1526e-12 9.5013e-13 -7.5374e-13 7.4028e-13 -3.539e-13 7.8216e-13 -7.6778e-13 -1.0503e-13 3.7409e-13 9.342e-14 -1.3824e-13 4.2294e-14 2.2567e-14 -5.143e-15
3.3169e-12 1.9636e-12 2.8456e-12 2.1803e-11 -1.3709e-12 7.2638e-12 2.3791e-12 9.9791e-13 -1.8973e-12 8.9319e-13 7.7225e-12 1.2679e-12 4.0278e-12 6.4475e-13 7.0622e-12 -6.9831e-13 4.5673e-13 6.1352e-12 4.4059e-13 -3.3404e-12 -7.1827e-14 5.8213e-13 5.1886e-12 5.1707e-13 1.1261e-12 -2.1838e-12 5.2295e-12 7.053e-13 5.2812e-12 -8.6661e-13 1.8482e-12 7.8893e-13 2.6464e-12 -7.1075e-12 5.2228e-12 -4.5562e-13 3.3332e-12 -3.965e-12 5.4835e-12 5.0105e-14 2.4407e-12 4.7826e-13 -1.3146e-12 1.0424e-12 -7.0635e-13 -3.4601e-14 8.118e-13 -1.2724e-12 -1.5599e-12 1.652e-12 1.8246e-12 2.1138e-12 2.668e-12 5.8022e-13 -9.3331e-13 1.906e-12 -1.5437e-12 -1.6433e-12 -1.8341e-12 8.3113e-13 2.9624e-12 1.8211e-12 2.6103e-13 1.7419e-12 1.1252e-12 3.8287e-13 1.1234e-12 1.9027e-12 1.8338e-12 -4.4817e-13 1.3031e-13 1.1681e-12 -1.5223e-12 -1.5576e-12 -2.8439e-13 4.8132e-13 -8.1234e-14 -5.555e-14 4.5684e-14 -5.5499e-13 5.8601e-13 -1.4413e-13 2.5314e-13 -1.3795e-13 1.401e-13 6.7367e-14 -1.3343e-14 6.7666e-15
1.4224e-12 5.4175e-12 5.094e-12 -1.3709e-12 2.8704e-11 -5.3218e-12 4.6244e-13 -1.5747e-12 -2.2313e-12 -2.651e-12 3.2256e-12 4.4766e-12 2.6441e-12 3.9202e-12 5.8451e-12 6.0958e-12 1.2382e-12 7.2465e-12 -4.4072e-13 4.4849e-12 -2.6889e-12 7.9773e-12 -2.625e-12 6.4508e-12 3.9728e-12 7.7982e-12 3.5044e-14 1.9774e-13 6.0004e-12 1.8161e-12 3.8891e-12 -1.011e-12 -1.561e-13 2.0928e-12 -1.4774e-12 1.7635e-12 2.162e-12 1.6879e-12 -2.1496e-12 -1.7117e-12 -3.6441e-12 1.5308e-12 5.6211e-12 -8.5666e-13 -5.2722e-12 2.4587e-12 2.0898e-12 2.53e-12 2.8362e-12 6.8302e-13 4.2402e-13 -1.441e-12 2.2958e-13 -5.3128e-14 -3.7411e-12 2.4332e-12 3.745e-13 -3.6274e-14 -3.7866e-12 -3.4937e-12 -4.804e-13 6.7292e-13 -4.7531e-13 9.0253e-13 2.3773e-12 2.2632e-12 7.7125e-13 -7.047e-13 -8.6156e-13 1.4008e-12 1.4248e-12 9.4763e-13 5.1077e-13 8.2109e-13 -7.6148e-13 2.1862e-13 4.1033e-13 -5.6552e-13 -5.3231e-13 2.9848e-13 -6.8629e-13 -7.1568e-13 -1.0596e-13 4.7057e-14 -2.3332e-13 5.0585e-14 -4.0888e-15 1.0101e-14
2.1693e-12 -1.0038e-12 -4.0761e-12 7.2638e-12 -5.3218e-12 2.9698e-11 1.5128e-12 -5.8644e-12 4.8126e-12 -1.7234e-12 5.3485e-12 2.4762e-12 4.867e-12 1.3354e-12 9.1493e-12 -3.8993e-12 -1.4402e-12 -6.7685e-12 4.3703e-12 -3.724e-12 -2.3636e-13 1.7663e-12 4.6777e-12 -1.56e-12 -1.1668e-13 2.4151e-12 5.0268e-12 4.6471e-13 5.3548e-13 -1.4505e-13 2.0042e-12 -5.8252e-13 5.3726e-12 -1.008e-12 -1.0048e-12 -6.2632e-12 -3.4697e-12 -1.7738e-12 1.7158e-12 -2.2812e-12 5.6701e-12 2.6924e-12 2.4829e-12 -1.7509e-12 2.1839e-12 1.9364e-12 -3.9767e-12 -2.5496e-12 -1.9662e-12 -1.0001e-12 -1.2664e-12 8.6723e-13 1.2601e-12 -6.7021e-14 3.0706e-13 3.686e-13 -6.276e-13 9.9554e-13 -1.1674e-12 -9.4376e-13 -3.1925e-13 2.1042e-12 -2.9111e-13 1.9465e-12 1.2228e-12 -1.2488e-12 1.0359e-12 1.4026e-12 2.2504e-13 -1.6872e-12 8.285e-13 -8.7895e-13 1.1113e-13 4.7374e-13 8.3653e-14 1.3055e-12 5.8349e-13 3.3989e-13 6.4362e-14 -5.4747e-13 2.6832e-13 1.932e-13 1.1e-13 1.0936e-13 1.419e-13 4.2939e-14 1.6294e-14 2.2377e-14
3.881e-13 5.4313e-12 -6.0087e-13 2.3791e-12 4.6244e-13 1.5128e-12 3.0709e-11 -1.2617e-11 -5.4997e-12 -7.0928e-12 -3.8929e-12 -1.4861e-12 2.764e-12 -6.7419e-12 3.4086e-12 4.0136e-12 -1.4043e-11 -9.0053e-12 -5.0556e-12 -4.3112e-13 -3.9049e-12 -3.3474e-12 -1.8114e-12 2.5402e-12 -4.5916e-12 7.5028e-13 -1.7664e-12 -3.2492e-12 -2.1217e-12 -9.0653e-14 -7.3837e-12 1.5345e-13 2.6866e-12 -7.6921e-13 -5.1425e-12 -1.5204e-12 -5.7077e-12 -7.8114e-12 -2.9558e-12 -3.0687e-12 -3.6867e-12 2.8375e-12 -1.8686e-12 -2.7509e-12 1.5613e-12 9.173e-13 -1.2182e-12 1.2448e-12 -2.6037e-13 -6.9679e-14 1.0487e-13 3.3826e-12 -9.3509e-13 -1.6219e-12 -1.1152e-12 2.129e-13 -8.8085e-13 7.1484e-13 -1.3769e-13 -1.1489e-14 1.8377e-12 -2.8033e-12 2.7173e-12 5.2987e-13 2.2107e-12 1.6005e-12 -8.4071e-13 1.2881e-12 1.7664e-12 3.3175e-13 2.6757e-12 2.1403e-12 1.3089e-12 1.6609e-13 -4.558e-13 -1.1851e-12 -2.3439e-13 9.7237e-15 -1.8997e-13 3.0245e-13 1.5387e-13 3.2211e-13 2.138e-13 2.715e-13 4.9895e-14 1.6506e-13 4.5741e-14 2.7209e-14
-1.2414e-12 2.7249e-12 -2.4503e-12 9.9791e-13 -1.5747e-12 -5.8644e-12 -1.2617e-11 2.2026e-11 1.1324e-11 7.6769e-12 4.0694e-12 1.7656e-12 3.527e-12 8.464e-12 2.0846e-12 2.6691e-12 1.2076e-11 1.1159e-11 5.015e-12 5.4263e-12 5.9966e-12 4.1797e-12 -2.9785e-13 1.1718e-12 1.0004e-11 -2.6967e-13 5.1527e-12 5.1575e-12 1.0172e-11 5.3941e-13 4.3198e-12 4.5843e-12 -1.7135e-12 4.8211e-12 4.766e-12 7.4585e-12 5.1877e-12 1.6034e-12 4.0651e-12 3.0728e-12 2.4659e-12 -2.7294e-12 -5.6632e-13 3.2833e-12 -1.0584e-12 9.7961e-13 2.1624e-12 4.9864e-12 -2.351e-12 1.3449e-12 -1.3862e-12 -4.8103e-12 1.9105e-12 1.3449e-13 2.4012e-12 -1.7303e-14 -1.591e-12 -1.2084e-12 1.1756e-12 -3.1203e-13 -1.4944e-12 1.5522e-12 -2.0626e-12 -7.5121e-13 -2.5589e-12 -3.6061e-13 -7.1632e-13 -5.4886e-13 -1.3527e-12 -4.3932e-13 -1.046e-12 -1.0708e-12 -2.1296e-12 -2.1289e-12 -6.2429e-14 1.5474e-13 -4.2152e-13 -2.5493e-14 1.7506e-13 -4.3791e-14 -6.5638e-14 -3.0632e-13 9.9684e-14 -3.0745e-13 -4.8873e-15 -9.0698e-14 -4.789e-14 -1.1154e-15
-5.4202e-12 2.5486e-12 -8.996e-12 -1.8973e-12 -2.2313e-12 4.8126e-12 -5.4997e-12 1.1324e-11 3.6663e-11 4.1339e-12 -1.4177e-12 7.3205e-12 1.5725e-11 7.6504e-12 2.0419e-12 4.2115e-12 1.3878e-11 4.1398e-12 6.1829e-12 1.3503e-11 5.4532e-12 5.572e-12 6.5589e-12 4.6237e-12 1.0501e-11 1.0372e-11 4.0779e-12 -3.1608e-12 9.6568e-12 6.1281e-13 2.104e-12 9.6341e-12 4.7064e-12 6.1606e-12 2.401e-12 7.1598e-12 3.664e-12 -4.5154e-13 5.196e-12 -2.3496e-12 2.7885e-12 1.5249e-12 6.2332e-13 7.9316e-13 4.4895e-13 1.8868e-12 -6.6044e-13 3.8146e-12 -3.7646e-12 3.0395e-12 -3.0541e-12 -1.6602e-12 4.0343e-12 -3.0328e-13 2.3924e-12 -1.7227e-12 -1.1181e-12 7.6419e-13 4.2094e-13 -1.8819e-12 -2.2339e-12 2.3922e-12 -1.7654e-12 -1.5206e-12 -5.7779e-13 -4.5198e-13 9.9178e-13 1.4738e-12 -7.5215e-14 -1.3605e-12 1.5127e-12 -2.7128e-12 1.4702e-13 -1.0004e-12 7.5594e-13 2.2408e-13 2.3161e-13 -8.999e-13 3.3925e-13 6.888e-13 -4.7859e-13 -3.9121e-13 -5.3024e-13 -4.7166e-13 -1.7634e-13 -1.0001e-13 -4.3509e-14 1.6972e-14
5.7119e-13 6.0375e-12 2.1358e-12 8.9319e-13 -2.651e-12 -1.7234e-12 -7.0928e-12 7.6769e-12 4.1339e-12 2.0669e-11 7.4815e-12 3.6489e-12 5.1997e-12 3.9903e-12 -2.0287e-13 -1.4301e-12 5.0398e-12 6.9309e-12 -2.9779e-12 3.9737e-12 1.959e-12 1.9638e-12 -2.1609e-12 -2.9015e-13 8.7314e-12 1.0972e-12 5.8562e-12 7.0525e-13 4.6815e-12 2.2541e-12 3.2279e-12 5.6109e-12 2.1322e-12 2.2885e-12 1.9747e-12 -9.9482e-13 -3.628e-13 6.5168e-12 2.454e-12 8.0055e-13 3.9446e-12 -1.5824e-13 -2.4563e-12 4.7601e-12 2.7188e-12 -3.5045e-13 1.3042e-12 3.0532e-12 -1.5445e-13 1.8528e-13 -7.4802e-13 4.2283e-13 3.0447e-12 4.6705e-14 3.2329e-12 2.1571e-12 -1.0952e-12 1.389e-12 -8.4131e-14 -1.9164e-12 1.1543e-12 5.5743e-13 1.1204e-12 -3.5313e-13 2.0791e-13 1.6049e-12 -1.0791e-13 1.558e-12 -3.3512e-13 -1.3876e-12 -7.3237e-13 -1.1379e-12 3.6569e-13 -1.0606e-12 9.3443e-13 1.2522e-12 -5.9269e-13 -6.4609e-13 4.9675e-13 -2.3888e-13 -3.3295e-13 -3.2588e-13 3.0856e-13 -8.8802e-14 1.3217e-13 -5.6213e-14 -4.5726e-14 -2.1182e-14
-7.311e-12 -4.5051e-12 -7.8138e-12 7.7225e-12 3.2256e-12 5.3485e-12 -3.8929e-12 4.0694e-12 -1.4177e-12 7.4815e-12 3.5066e-11 3.4849e-12 1.6165e-11 1.3933e-11 1.3417e-11 7.8906e-12 1.1237e-11 1.2289e-11 1.2004e-11 6.8783e-12 2.8305e-12 8.6697e-12 3.7655e-12 9.226e-12 7.728e-12 4.2027e-13 5.5713e-12 7.3158e-12 4.9379e-12 8.5242e-12 1.0413e-11 8.2845e-12 5.3024e-12 -1.2143e-12 2.9175e-12 -1.2634e-13 -2.1568e-12 7.3119e-12 5.1453e-12 3.0137e-12 1.2935e-12 2.59e-12 -1.1104e-12 2.9103e-12 3.8821e-12 2.9431e-12 4.2787e-12 3.0752e-12 1.5044e-12 -3.3524e-12 -1.2344e-12 1.0844e-13 -1.2946e-12 -4.5256e-12 -1.1818e-12 1.2281e-12 -2.0244e-12 -1.6193e-12 -1.4104e-12 -1.6589e-12 -2.0262e-13 1.1676e-12 -1.6252e-12 8.4178e-13 -2.6874e-12 2.2426e-12 -2.0608e-12 -3.9445e-14 5.5788e-13 -6.2471e-13 -1.2202e-12 1.2108e-12 7.1761e-13 -1.0635e-13 -1.9379e-13 1.6458e-12 1.1939e-13 -1.1128e-12 -2.5614e-13 -7.4535e-13 6.5416e-13 -3.8485e-13 4.198e-13 -7.5597e-14 2.4229e-13 -2.8917e-14 -5.0167e-14 -6.6518e-15
-1.5221e-12 1.06e-12 -3.6481e-12 1.2679e-12 4.4766e-12 2.4762e-12 -1.4861e-12 1.7656e-12 7.3205e-12 3.6489e-12 3.4849e-12 2.6435e-11 1.0387e-11 1.0179e-11 7.3926e-12 1.072e-12 5.5255e-12 5.4239e-12 2.1134e-12 2.5706e-12 -1.0508e-12 1.7534e-12 6.4201e-12 1.067e-11 6.882e-12 7.7745e-12 5.1891e-12 2.3938e-12 5.083e-12 8.2583e-12 -1.2203e-12 1.6658e-12 5.5744e-12 3.0839e-12 7.0456e-13 -2.4704e-12 3.4104e-12 2.806e-13 2.6053e-12 -2.3103e-12 -5.1841e-13 -1.591e-12 1.9269e-14 4.9353e-12 1.2387e-12 3.4706e-12 -1.6902e-12 3.4416e-13 1.6233e-12 -1.6793e-12 8.1735e-13 -2.7683e-12 1.1712e-12 9.8601e-13 1.3136e-12 5.0162e-13 3.5116e-12 -1.068e-12 -6.2978e-13 -1.3504e-12 1.1954e-12 2.1183e-12 -1.7126e-12 -1.2911e-12 3.2255e-12 1.5031e-12 2.2282e-12 5.6906e-13 -1.4329e-12 9.1552e-13 -1.1176e-12 -1.1339e-12 -1.4523e-12 1.5121e-12 -2.7171e-13 1.4222e-12 4.3532e-13 6.2246e-14 -4.1167e-13 -8.4949e-13 -1.2034e-13 1.0741e-13 1.8752e-13 7.0299e-14 -3.1272e-13 -1.7205e-13 -3.4798e-15 5.4644e-15
-3.8779e-12 -7.0888e-12 -8.1991e-12 4.0278e-12 2.6441e-12 4.867e-12 2.764e-12 3.527e-12 1.5725e-11 5.1997e-12 1.6165e-11 1.0387e-11 4.0144e-11 1.7194e-11 1.2075e-11 7.8375e-12 8.7474e-12 1.241e-11 1.1651e-11 1.6173e-11 2.7323e-12 8.9774e-12 8.6172e-12 1.2851e-11 1.2935e-11 1.0192e-11 5.8929e-12 2.0106e-12 4.3991e-12 8.4982e-12 5.1046e-12 8.6102e-12 5.9935e-12 3.943e-12 2.8924e-13 1.6211e-12 -6.237e-13 2.7128e-12 5.8251e-12 2.9339e-12 5.293e-13 7.0978e-12 -3.174e-12 2.017e-12 1.3687e-12 5.753e-12 6.5662e-13 6.6946e-12 -1.2964e-12 3.8669e-12 -1.334e-12 1.5166e-14 3.0885e-12 -3.8826e-12 -3.1816e-12 -1.0492e-12 -1.4042e-12 1.5273e-12 -1.0628e-12 -1.7697e-12 -1.2398e-13 7.7766e-13 -4.3017e-12 7.683e-13 3.2477e-13 2.2178e-12 -1.3589e-14 6.858e-14 2.216e-12 -1.7802e-12 1.2361e-12 1.2896e-12 2.047e-12 5.1846e-13 -1.526e-13 3.0793e-12 -3.866e-13 -1.2237e-12 -1.2824e-13 -3.7488e-13 -4.0025e-14 -4.9155e-13 2.9925e-13 -3.443e-13 -1.6054e-14 -5.7105e-15 -1.1679e-14 -1.909e-14
-4.0417e-12 -7.4725e-12 -8.2162e-12 6.4475e-13 3.9202e-12 1.3354e-12 -6.7419e-12 8.464e-12 7.6504e-12 3.9903e-12 1.3933e-11 1.0179e-11 1.7194e-11 2.8024e-11 8.352e-12 5.5245e-12 1.2518e-11 1.1112e-11 1.4021e-11 5.3977e-12 -1.5631e-12 3.9768e-12 4.0538e-12 1.359e-11 1.2844e-11 5.4453e-12 1.6996e-12 4.4235e-12 4.0432e-12 9.3949e-12 5.1058e-12 -9.6248e-13 4.5266e-12 1.4748e-12 4.1736e-12 2.2465e-12 1.9506e-12 3.4787e-12 3.487e-12 1.2438e-12 -1.71e-12 4.7487e-12 -2.7535e-13 1.4452e-12 8.6835e-13 5.3143e-12 3.2633e-12 2.0339e-12 5.9024e-13 2.6028e-12 -7.4428e-13 -1.0374e-12 9.7056e-13 -1.0513e-12 -1.9892e-12 -3.9797e-13 -1.0738e-12 -1.834e-12 -6.7393e-13 -3.6178e-12 -1.417e-12 1.5908e-12 -4.3375e-12 4.6056e-14 -9.5073e-13 -4.9658e-13 8.8474e-14 -1.3017e-12 8.3706e-13 -2.3934e-13 -7.3258e-13 2.2618e-13 3.5437e-14 2.7472e-13 -4.7149e-13 1.8367e-12 -2.7794e-13 -1.1224e-13 -7.9647e-13 -5.5161e-13 -5.4802e-13 -2.7994e-13 3.8422e-13 -4.6653e-13 -3.4319e-14 -5.2774e-14 -2.0897e-14 3.1986e-15
-2.4674e-12 -9.3553e-13 -6.7296e-12 7.0622e-12 5.8451e-12 9.1493e-12 3.4086e-12 2.0846e-12 2.0419e-12 -2.0287e-13 1.3417e-11 7.3926e-12 1.2075e-11 8.352e-12 3.0727e-11 3.9115e-12 8.7376e-13 5.7018e-12 1.0893e-11 5.2852e-12 9.6744e-13 1.0102e-11 3.1817e-12 4.7257e-12 8.6217e-12 1.9243e-12 1.9297e-12 2.5704e-12 6.5432e-12 5.1592e-12 7.5119e-12 1.605e-12 3.8029e-12 -1.4184e-13 2.0085e-12 -1.5586e-12 2.8369e-12 9.97e-13 4.9375e-12 -2.368e-12 5.6814e-12 -2.6569e-12 -1.7721e-12 3.706e-12 1.9572e-12 4.0835e-12 3.0514e-13 2.9949e-12 1.0882e-12 -2.0149e-12 2.0858e-12 -1.5686e-12 -8.7076e-14 -2.6249e-12 -1.5002e-13 2.0704e-12 9.4915e-13 5.7244e-13 1.041e-13 -1.1851e-12 -9.7199e-13 4.2161e-13 -2.0996e-12 -5.0871e-13 6.0014e-13 2.404e-12 -6.9687e-13 1.2983e-13 -6.8985e-13 -9.7479e-13 1.1675e-12 5.9132e-13 -3.007e-13 -9.8372e-13 -9.5134e-13 -1.7972e-13 1.5686e-13 -1.2382e-12 -3.5163e-13 -9.3875e-13 6.0607e-13 5.5787e-14 -2.4139e-13 3.5416e-13 -5.1802e-14 -1.2831e-13 -1.0494e-14 4.9491e-15
-5.3586e-12 1.8791e-12 -2.7821e-12 -6.9831e-13 6.0958e-12 -3.8993e-12 4.0136e-12 2.6691e-12 4.2115e-12 -1.4301e-12 7.8906e-12 1.072e-12 7.8375e-12 5.5245e-12 3.9115e-12 2.3563e-11 8.4248e-12 1.4158e-11 6.8256e-12 1.0369e-11 3.5301e-12 8.2255e-12 7.0667e-12 5.0923e-12 2.6287e-12 7.2174e-12 1.8441e-12 7.4734e-12 2.294e-12 6.8691e-12 2.4249e-12 5.4951e-12 1.8085e-12 6.9779e-12 -7.8534e-13 8.9057e-13 9.1205e-13 4.7622e-12 1.5507e-12 9.4629e-14 -8.1529e-13 1.9525e-12 3.208e-12 1.2176e-12 -2.8933e-12 2.5273e-12 2.5542e-12 5.1128e-12 3.0501e-12 -1.7923e-12 3.7296e-13 -1.77e-12 -6.4152e-13 -1.3986e-12 -6.8522e-13 -2.5925e-13 -5.6442e-13 -9.3587e-13 -1.065e-13 -1.3363e-12 -1.7012e-12 3.2844e-13 1.9742e-13 7.4854e-13 2.6348e-13 1.3508e-12 -2.2602e-12 -6.6074e-13 4.5842e-13 -7.2686e-13 -5.5236e-13 1.8849e-12 4.4362e-13 -8.7153e-13 -1.3818e-12 1.1783e-12 3.8894e-13 -4.2431e-13 -4.5452e-13 2.7999e-13 2.2568e-13 -2.9766e-13 3.8668e-13 -1.4853e-13 -1.038e-13 -2.1143e-14 -4.1958e-14 4.2242e-14
-6.5836e-12 1.9287e-13 -8.8623e-13 4.5673e-13 1.2382e-12 -1.4402e-12 -1.4043e-11 1.2076e-11 1.3878e-11 5.0398e-12 1.1237e-11 5.5255e-12 8.7474e-12 1.2518e-11 8.7376e-13 8.4248e-12 2.9174e-11 1.1693e-11 8.8329e-12 1.282e-11 1.7606e-12 8.7312e-12 3.9872e-12 6.1214e-12 9.2351e-12 3.5695e-12 3.2536e-12 3.4945e-12 7.9034e-12 6.9538e-12 4.6563e-12 6.2951e-12 3.704e-13 -3.3581e-13 3.3303e-12 7.3196e-12 5.5792e-12 6.3842e-12 5.4072e-12 3.0504e-12 3.2871e-12 1.9425e-12 -5.8168e-13 3.1174e-12 2.1561e-13 3.501e-13 1.6677e-12 1.9208e-12 6.0473e-13 4.471e-13 1.733e-13 -6.6072e-13 1.9162e-12 -1.703e-12 3.4671e-12 3.7376e-13 -5.5146e-13 -3.2441e-12 7.026e-13 1.5517e-12 -2.4946e-12 3.2812e-12 -3.7054e-12 5.4935e-13 -3.7434e-12 -3.7053e-13 -1.7868e-14 5.9406e-13 -6.5079e-13 6.8852e-13 -9.7035e-13 -2.4465e-12 -8.3217e-13 5.4779e-14 -6.3637e-13 1.3927e-12 7.0272e-13 -5.811e-13 3.7805e-13 2.963e-13 2.7242e-13 -5.1267e-13 -2.1985e-13 -3.0223e-13 2.1713e-14 -1.0015e-13 -4.5398e-14 -6.3422e-15
-5.6519e-12 2.375e-12 -3.4721e-12 6.1352e-12 7.2465e-12 -6.7685e-12 -9.0053e-12 1.1159e-11 4.1398e-12 6.9309e-12 1.2289e-11 5.4239e-12 1.241e-11 1.1112e-11 5.7018e-12 1.4158e-11 1.1693e-11 3.4913e-11 1.0871e-11 1.4446e-11 7.9852e-12 1.0737e-11 9.577e-12 7.8649e-12 1.2388e-11 7.5928e-12 3.7403e-12 9.6916e-12 9.7266e-12 7.9976e-12 1.2429e-11 6.3786e-12 3.9463e-12 7.0188e-13 4.9103e-12 4.0855e-12 5.6857e-12 4.0081e-12 8.6338e-12 -5.2771e-13 2.7545e-12 -2.1084e-13 2.9283e-12 3.0137e-12 -3.4781e-12 4.5462e-12 4.6508e-12 5.3751e-12 1.6144e-12 -3.9707e-14 -2.3723e-13 -3.3844e-12 3.2367e-13 3.5785e-13 -1.2982e-12 2.1301e-12 -8.2199e-13 -9.5908e-13 -1.1653e-12 -2.6852e-12 8.8391e-13 1.7938e-12 6.8328e-15 2.1358e-13 -1.1214e-12 1.7499e-12 -1.9348e-12 -1.652e-12 -2.0021e-13 -7.6006e-13 -7.5061e-13 9.4251e-13 -1.122e-12 -1.5756e-12 -1.7619e-12 5.4277e-13 2.0748e-13 -8.2426e-13 2.2759e-13 -1.016e-12 4.8953e-13 -9.5597e-13 4.305e-13 4.3844e-14 2.1443e-13 -1.17e-13 -5.8953e-14 -1.8867e-15
-7.6664e-12 -5.9097e-12 -1.2083e-11 4.4059e-13 -4.4072e-13 4.3703e-12 -5.0556e-12 5.015e-12 6.1829e-12 -2.9779e-12 1.2004e-11 2.1134e-12 1.1651e-11 1.4021e-11 1.0893e-11 6.8256e-12 8.8329e-12 1.0871e-11 3.1697e-11 9.0333e-12 6.2954e-12 7.0433e-12 2.2156e-12 9.7155e-12 4.0928e-12 2.3709e-12 2.3816e-12 8.3106e-12 2.0709e-12 9.2354e-12 8.7008e-12 -1.5797e-14 -6.6445e-14 1.2514e-12 4.0778e-12 2.7895e-12 1.7105e-12 3.7541e-12 -1.7616e-12 1.8605e-12 4.0195e-12 2.7409e-12 3.9656e-12 -1.9358e-14 1.1357e-12 3.186e-12 3.5446e-13 2.792e-12 4.3125e-13 -2.422e-12 3.4792e-13 -3.7069e-12 2.6639e-13 -1.9588e-12 -3.69e-12 -4.8288e-13 -8.6922e-13 -1.8953e-12 -1.8701e-12 4.1484e-13 -2.436e-12 -1.2294e-12 -1.6244e-12 -3.9391e-13 -2.9254e-12 2.3031e-12 -2.0352e-12 -5.8882e-13 1.3014e-12 -2.1651e-12 -1.6779e-12 -8.1353e-13 -2.1983e-13 -7.3375e-13 -1.1391e-12 6.3849e-14 4.6092e-13 -5.1152e-13 -2.8919e-13 -3.3707e-13 -1.7137e-13 -8.698e-14 -7.2594e-13 -3.5276e-13 2.2566e-13 -1.7647e-13 -5.1882e-14 2.3163e-14
-1.0774e-11 1.0603e-12 -3.8693e-12 -3.3404e-12 4.4849e-12 -3.724e-12 -4.3112e-13 5.4263e-12 1.3503e-11 3.9737e-12 6.8783e-12 2.5706e-12 1.6173e-11 5.3977e-12 5.2852e-12 1.0369e-11 1.282e-11 1.4446e-11 9.0333e-12 3.2513e-11 8.2302e-12 9.2468e-12 4.2552e-12 8.8981e-12 5.4565e-12 1.028e-11 6.7127e-12 3.8896e-12 6.8904e-12 5.8149e-12 8.4662e-12 6.7814e-12 6.5892e-12 5.0914e-12 4.3333e-12 3.5606e-12 4.1172e-12 2.5215e-12 3.4473e-12 -1.6597e-12 9.3363e-13 1.4761e-12 -2.3386e-12 1.03e-12 -2.6686e-12 2.5309e-12 2.6787e-12 5.9784e-12 -6.9801e-13 3.9307e-13 -1.1823e-12 -5.932e-13 1.962e-12 -2.5116e-12 7.2011e-13 4.9088e-12 1.4127e-13 1.5811e-13 2.0554e-12 -1.4546e-12 -2.2824e-12 -1.1019e-12 -1.9085e-12 7.4032e-13 -1.3668e-12 2.749e-12 -2.3617e-12 -5.9436e-14 -1.5048e-12 -3.2015e-13 8.0331e-13 -1.416e-12 1.9818e-12 -2.3001e-13 -7.5969e-13 -1.8736e-13 3.8196e-13 -5.1547e-13 3.2436e-13 4.2243e-14 -3.4432e-14 -8.3962e-13 -2.935e-13 -5.7447e-14 8.215e-14 -5.0502e-14 -4.6944e-14 -3.8741e-15
6.6714e-13 5.2919e-13 1.8738e-12 -7.1827e-14 -2.6889e-12 -2.3636e-13 -3.9049e-12 5.9966e-12 5.4532e-12 1.959e-12 2.8305e-12 -1.0508e-12 2.7323e-12 -1.5631e-12 9.6744e-13 3.5301e-12 1.7606e-12 7.9852e-12 6.2954e-12 8.2302e-12 2.4754e-11 6.4128e-12 4.2006e-12 -4.3382e-13 6.4532e-12 4.8223e-12 6.205e-12 4.9574e-12 2.2846e-12 2.4741e-12 3.2703e-12 2.6611e-12 1.9731e-12 4.7237e-12 1.3858e-12 3.2674e-12 5.8693e-12 3.8185e-13 5.345e-12 -1.1819e-12 2.0728e-12 -4.4715e-13 3.1491e-12 3.2761e-12 -1.7404e-12 1.4794e-12 -2.2401e-13 2.3112e-12 7.1829e-13 -4.2031e-12 9.5258e-13 -3.7085e-12 1.7201e-12 -7.039e-13 -8.6218e-13 2.1863e-12 -1.7534e-12 1.4594e-12 -3.6681e-13 1.3183e-12 -6.2082e-14 -6.9567e-13 1.207e-12 -1.6177e-12 -1.7163e-12 2.8526e-12 -2.9029e-12 -4.4177e-13 -2.4363e-12 -2.8033e-13 -4.6754e-13 -8.2021e-13 -2.2598e-12 2.9423e-13 -2.5055e-15 2.1109e-13 -7.6119e-14 9.0351e-13 -4.2074e-13 1.2436e-13 -7.7796e-13 -7.7864e-13 -1.267e-13 -1.6028e-13 2.4048e-13 -1.2187e-13 -2.1774e-14 2.6437e-14
-2.6612e-12 1.7429e-12 -2.8284e-12 5.8213e-13 7.9773e-12 1.7663e-12 -3.3474e-12 4.1797e-12 5.572e-12 1.9638e-12 8.6697e-12 1.7534e-12 8.9774e-12 3.9768e-12 1.0102e-11 8.2255e-12 8.7312e-12 1.0737e-11 7.0433e-12 9.2468e-12 6.4128e-12 2.4204e-11 3.2048e-12 5.2085e-13 7.7341e-12 4.2849e-12 3.1054e-12 7.5144e-13 6.5564e-12 2.6136e-12 7.1605e-12 5.9966e-12 -2.0272e-12 5.3967e-13 -1.5956e-12 2.3241e-12 3.8116e-12 3.8593e-12 2.1824e-12 -4.8606e-13 3.3713e-12 1.0559e-12 3.1726e-12 -1.5257e-13 -2.1963e-12 5.7277e-12 -2.2999e-12 1.4628e-12 -5.8773e-13 -2.5179e-12 -1.9794e-12 -9.2875e-13 1.9576e-12 -2.1335e-12 -6.7958e-13 8.7929e-14 -5.7059e-13 -6.6224e-13 -7.3267e-13 -1.765e-12 -3.593e-12 -4.6534e-13 -1.7242e-12 1.5815e-12 1.9118e-13 2.1434e-12 -2.443e-12 1.2426e-12 -2.368e-13 -1.2667e-12 -1.9042e-13 -5.3373e-13 -4.0391e-14 -2.0736e-14 -9.8062e-13 3.9347e-13 6.9175e-13 1.5913e-13 4.6036e-13 -7.102e-13 -2.0627e-13 -7.1167e-13 -4.2883e-13 1.3079e-13 4.3277e-14 -8.745e-14 -2.4382e-14 2.2397e-14
-5.2693e-12 -5.9411e-12 -2.0688e-12 5.1886e-12 -2.625e-12 4.6777e-12 -1.8114e-12 -2.9785e-13 6.5589e-12 -2.1609e-12 3.7655e-12 6.4201e-12 8.6172e-12 4.0538e-12 3.1817e-12 7.0667e-12 3.9872e-12 9.577e-12 2.2156e-12 4.2552e-12 4.2006e-12 3.2048e-12 2.0288e-11 2.5922e-12 1.1131e-12 6.9973e-12 3.3863e-12 3.5968e-13 2.0639e-12 4.8856e-12 1.5575e-12 6.3493e-13 2.8365e-12 1.5573e-12 2.9904e-12 -3.1647e-12 1.3052e-12 2.6563e-13 4.3965e-12 7.1464e-13 5.8704e-14 -7.8544e-13 2.8549e-12 -9.2771e-13 -1.1163e-12 1.698e-12 1.275e-13 -1.81e-13 -1.6804e-12 -7.1784e-13 1.6801e-12 -2.1858e-12 2.0236e-12 -1.1305e-13 -2.9133e-13 -2.0364e-12 1.2792e-12 -8.4703e-13 9.2756e-13 -8.0611e-13 2.4772e-12 3.3051e-12 -1.1608e-12 1.0148e-12 5.6544e-13 -5.1548e-13 -1.1245e-12 -1.1112e-13 -2.7483e-13 -2.3661e-12 2.0786e-12 -2.3464e-13 -7.5619e-13 -3.4855e-13 -7.086e-13 1.1823e-12 4.7318e-13 9.965e-14 -2.7333e-13 -6.9946e-13 4.8803e-13 -6.8979e-13 5.4185e-13 -3.3028e-14 -1.7069e-13 -9.0917e-14 -1.6107e-15 -1.4352e-14
-2.5886e-12 -4.8651e-12 -8.6345e-12 5.1707e-13 6.4508e-12 -1.56e-12 2.5402e-12 1.1718e-12 4.6237e-12 -2.9015e-13 9.226e-12 1.067e-11 1.2851e-11 1.359e-11 4.7257e-12 5.0923e-12 6.1214e-12 7.8649e-12 9.7155e-12 8.8981e-12 -4.3382e-13 5.2085e-13 2.5922e-12 2.5721e-11 4.9396e-12 3.1057e-12 1.2285e-12 8.756e-13 -6.9044e-13 9.223e-12 1.2767e-12 5.4617e-13 3.0172e-12 -6.4334e-13 1.312e-12 3.7503e-12 -9.639e-13 -5.6742e-13 1.502e-12 -3.2253e-12 -5.2684e-12 2.4686e-12 4.1865e-13 3.9269e-12 1.8832e-13 2.3548e-12 2.8784e-12 3.4423e-12 1.8702e-12 -1.1626e-12 -2.2465e-12 4.9153e-14 1.0302e-12 2.4799e-12 -6.0653e-13 6.6833e-13 -1.8984e-13 -1.2314e-12 -1.8675e-12 -3.0366e-12 -3.3567e-12 1.8809e-12 -1.1728e-12 -1.5936e-13 8.3711e-13 8.6603e-14 -1.6461e-13 -3.9375e-13 4.955e-13 2.3619e-13 -4.63e-13 -8.6833e-13 1.1851e-12 4.4884e-13 -1.6098e-12 1.2457e-12 9.0858e-14 -5.9993e-13 1.0888e-13 -1.5564e-14 -2.0015e-13 -2.4878e-13 -4.2142e-13 -4.0865e-13 -9.5258e-14 -1.092e-14 -1.1675e-14 -1.7915e-14
-6.3571e-14 -6.9986e-13 -1.9768e-12 1.1261e-12 3.9728e-12 -1.1668e-13 -4.5916e-12 1.0004e-11 1.0501e-11 8.7314e-12 7.728e-12 6.882e-12 1.2935e-11 1.2844e-11 8.6217e-12 2.6287e-12 9.2351e-12 1.2388e-11 4.0928e-12 5.4565e-12 6.4532e-12 7.7341e-12 1.1131e-12 4.9396e-12 2.4001e-11 6.5919e-12 2.0361e-12 3.7066e-12 7.6083e-12 4.1109e-12 5.6796e-12 5.0782e-12 4.5744e-12 2.247e-12 2.5743e-13 5.2645e-12 5.5888e-12 1.7579e-12 5.9148e-12 -1.5389e-12 1.5652e-12 -7.3926e-14 -2.1467e-13 2.8862e-12 2.8699e-13 3.2613e-12 7.2672e-13 2.9922e-12 -1.3389e-12 2.4255e-12 -2.0124e-13 -1.7801e-12 1.0423e-12 -9.7298e-14 1.3194e-12 8.2671e-13 -4.3076e-13 8.3898e-14 -8.98e-13 -1.1247e-12 -5.8591e-13 1.5446e-12 -1.7856e-12 -1.6964e-12 2.5277e-13 4.6951e-13 5.9042e-13 -5.0139e-13 1.3805e-13 9.7789e-13 -4.3865e-13 -5.5652e-13 -1.2272e-12 -1.6032e-12 -6.7625e-13 2.1804e-12 1.3703e-13 -4.9777e-13 -5.1553e-14 -5.2281e-13 -5.1269e-13 -7.1417e-13 2.0528e-13 -4.8309e-14 7.4112e-15 -7.0182e-14 -2.658e-14 6.0656e-15
-6.7171e-12 1.125e-12 -2.2677e-13 -2.1838e-12 7.7982e-12 2.4151e-12 7.5028e-13 -2.6967e-13 1.0372e-11 1.0972e-12 4.2027e-13 7.7745e-12 1.0192e-11 5.4453e-12 1.9243e-12 7.2174e-12 3.5695e-12 7.5928e-12 2.3709e-12 1.028e-11 4.8223e-12 4.2849e-12 6.9973e-12 3.1057e-12 6.5919e-12 1.9116e-11 4.1553e-12 9.3505e-13 2.6514e-12 6.4984e-12 5.4149e-12 3.4397e-12 5.1962e-12 7.0987e-12 4.7217e-13 -2.4161e-13 5.0364e-12 3.2024e-13 1.2469e-12 2.6522e-13 1.1182e-12 1.0953e-12 4.365e-12 -1.5669e-12 -2.2227e-12 2.3163e-12 8.8597e-13 1.9503e-12 1.0069e-12 2.2704e-12 1.2388e-12 -2.3803e-12 8.5825e-16 -2.307e-12 -7.0992e-13 1.4912e-12 1.3814e-12 1.2147e-12 -7.7834e-13 -1.7291e-12 1.452e-13 -1.1774e-12 -5.0508e-13 -5.513e-13 1.3113e-12 2.8617e-13 6.0006e-13 -6.3165e-13 3.2372e-13 -7.9057e-13 2.3302e-13 -4.0962e-13 -1.2477e-13 1.0752e-12 -2.8991e-13 7.6373e-13 6.1884e-13 -2.2129e-13 3.5275e-13 9.896e-14 -4.2964e-13 -6.2263e-13 4.6405e-13 1.7263e-14 -1.5244e-13 -5.9742e-14 -1.9998e-14 2.1926e-14
7.5381e-13 2.8081e-12 3.9446e-12 5.2295e-12 3.5044e-14 5.0268e-12 -1.7664e-12 5.1527e-12 4.0779e-12 5.8562e-12 5.5713e-12 5.1891e-12 5.8929e-12 1.6996e-12 1.9297e-12 1.8441e-12 3.2536e-12 3.7403e-12 2.3816e-12 6.7127e-12 6.205e-12 3.1054e-12 3.3863e-12 1.2285e-12 2.0361e-12 4.1553e-12 1.2992e-11 2.7447e-12 5.8439e-12 2.6163e-12 3.7005e-12 1.4785e-12 7.6347e-13 3.2585e-12 3.4876e-12 -2.0931e-12 2.0535e-12 -2.2607e-13 9.1509e-13 1.1336e-12 1.8432e-12 -2.713e-13 -1.1007e-12 1.3484e-12 -6.0033e-14 1.9122e-13 -6.0785e-13 9.1766e-13 -4.2834e-13 -1.4214e-12 -1.6741e-12 -2.643e-12 2.8927e-12 -2.1822e-12 -8.3246e-13 2.1593e-12 -6.393e-13 -2.2313e-13 -1.5145e-12 -8.2372e-13 1.0395e-12 5.7329e-13 -1.8542e-13 1.2018e-12 1.329e-13 1.7378e-12 1.87e-13 1.2191e-12 -5.071e-13 -7.8177e-13 -7.0166e-13 -9.1179e-13 -5.3276e-13 -8.0929e-13 1.3268e-12 1.1292e-12 2.5067e-13 2.8311e-13 1.3664e-13 5.0414e-14 -1.9874e-13 1.7104e-13 1.7741e-13 -2.1962e-13 -3.6437e-14 7.9016e-15 -2.4102e-14 1.4657e-14
-1.915e-12 5.1686e-13 -3.5196e-12 7.053e-13 1.9774e-13 4.6471e-13 -3.2492e-12 5.1575e-12 -3.1608e-12 7.0525e-13 7.3158e-12 2.3938e-12 2.0106e-12 4.4235e-12 2.5704e-12 7.4734e-12 3.4945e-12 9.6916e-12 8.3106e-12 3.8896e-12 4.9574e-12 7.5144e-13 3.5968e-13 8.756e-13 3.7066e-12 9.3505e-13 2.7447e-12 1.5416e-11 1.1374e-12 4.9965e-12 -2.2635e-13 4.0768e-12 3.423e-12 6.3865e-12 1.4278e-12 -1.1426e-12 3.96e-12 2.2616e-12 2.5566e-12 1.7968e-12 8.386e-13 -3.3368e-13 2.5896e-12 1.7287e-12 3.1932e-14 -1.4908e-13 2.5182e-12 4.6249e-12 -5.6824e-13 -1.0636e-12 1.6694e-12 -2.7609e-12 -2.1263e-12 2.2192e-13 3.2763e-14 2.1532e-12 1.4246e-12 -1.224e-12 -1.4735e-12 3.5758e-13 -4.2582e-13 -3.2689e-13 -6.5309e-14 -2.6391e-13 -1.0158e-12 -2.6223e-13 -2.7544e-13 -1.1186e-12 -1.7335e-12 1.7403e-12 -1.9626e-12 1.4879e-12 -6.1631e-13 -9.8015e-13 -9.5334e-13 1.498e-12 1.1757e-13 4.3748e-13 -4.4047e-13 -1.5685e-14 1.2128e-13 9.2089e-14 3.1251e-13 1.0372e-13 1.8587e-13 -2.7554e-14 -2.9132e-14 9.2219e-15
-1.8352e-12 4.5884e-12 1.5499e-12 5.2812e-12 6.0004e-12 5.3548e-13 -2.1217e-12 1.0172e-11 9.6568e-12 4.6815e-12 4.9379e-12 5.083e-12 4.3991e-12 4.0432e-12 6.5432e-12 2.294e-12 7.9034e-12 9.7266e-12 2.0709e-12 6.8904e-12 2.2846e-12 6.5564e-12 2.0639e-12 -6.9044e-13 7.6083e-12 2.6514e-12 5.8439e-12 1.1374e-12 1.8861e-11 6.7383e-13 5.2508e-12 2.2026e-12 1.0041e-12 1.4541e-12 5.6614e-12 2.4908e-12 3.4921e-12 1.3267e-13 4.4416e-12 -5.3451e-13 3.908e-12 2.6694e-13 -1.0446e-12 9.7009e-13 -3.8305e-13 2.8976e-12 7.7379e-13 4.2501e-12 -2.1059e-12 -4.8772e-13 -1.1417e-12 -1.6211e-12 5.0453e-13 -9.3812e-13 7.0774e-13 1.8454e-12 -1.6631e-12 2.4981e-13 -1.5797e-13 -1.3762e-12 1.7556e-12 2.4548e-12 -4.6744e-13 2.0326e-13 -1.2582e-12 2.1634e-12 5.6045e-13 -1.615e-13 -1.2104e-12 -8.4157e-13 1.9237e-12 -9.9787e-13 -1.1579e-12 -1.3239e-12 3.2802e-13 -4.8467e-13 9.2113e-13 -3.008e-13 5.5748e-14 -4.8231e-13 3.6087e-13 -2.6106e-13 7.4755e-14 1.8826e-13 -2.3079e-14 -6.0125e-14 -1.9352e-14 4.6865e-15
-2.7057e-12 9.1146e-14 -2.072e-12 -8.6661e-13 1.8161e-12 -1.4505e-13 -9.0653e-14 5.3941e-13 6.1281e-13 2.2541e-12 8.5242e-12 8.2583e-12 8.4982e-12 9.3949e-12 5.1592e-12 6.8691e-12 6.9538e-12 7.9976e-12 9.2354e-12 5.8149e-12 2.4741e-12 2.6136e-12 4.8856e-12 9.223e-12 4.1109e-12 6.4984e-12 2.6163e-12 4.9965e-12 6.7383e-13 1.4443e-11 9.9127e-13 1.6492e-13 1.4354e-12 4.4484e-12 1.5225e-12 -5.1213e-13 2.3724e-12 4.649e-12 8.2091e-13 2.1491e-12 2.5638e-12 9.5465e-13 9.0123e-13 2.6644e-12 5.8408e-13 2.8804e-12 2.3494e-12 2.893e-12 1.9975e-12 -1.8474e-12 1.0141e-12 -1.2294e-12 5.6585e-13 -2.0202e-12 3.9467e-13 4.7942e-13 5.1628e-13 -1.0831e-13 -1.0245e-12 -1.242e-14 -6.3844e-13 6.0033e-13 5.9324e-13 4.7804e-13 5.5943e-14 2.7919e-13 -3.8546e-13 2.0303e-14 2.9052e-13 8.9166e-13 -6.966e-13 -4.4782e-13 -3.5472e-13 5.8937e-13 -6.3029e-13 1.7417e-12 1.0624e-13 -2.7937e-13 -2.3446e-13 -3.9996e-13 -1.2079e-13 -5.3038e-14 8.3881e-14 2.073e-13 1.1323e-15 -7.2757e-14 -8.2057e-15 -6.9319e-15
-7.071e-12 1.7086e-13 -6.294e-13 1.8482e-12 3.8891e-12 2.0042e-12 -7.3837e-12 4.3198e-12 2.104e-12 3.2279e-12 1.0413e-11 -1.2203e-12 5.1046e-12 5.1058e-12 7.5119e-12 2.4249e-12 4.6563e-12 1.2429e-11 8.7008e-12 8.4662e-12 3.2703e-12 7.1605e-12 1.5575e-12 1.2767e-12 5.6796e-12 5.4149e-12 3.7005e-12 -2.2635e-13 5.2508e-12 9.9127e-13 1.875e-11 1.7032e-13 1.7131e-12 -1.0623e-12 6.2989e-12 2.8837e-13 8.8497e-13 2.464e-12 2.6087e-12 -1.8729e-12 3.9141e-12 -1.515e-12 1.5468e-12 -1.2959e-12 -7.4399e-13 3.0218e-12 1.4965e-12 1.8795e-13 7.5137e-13 3.8203e-13 -2.2984e-12 -2.2124e-12 -2.0496e-13 -2.9045e-12 6.6434e-13 1.8079e-12 -7.553e-13 -1.2878e-12 8.2199e-13 -2.3527e-12 -1.6877e-14 3.3727e-13 -5.7843e-13 -1.0816e-12 -1.0073e-12 2.27e-12 -1.6138e-12 -1.5672e-12 7.2937e-13 -2.0174e-12 -7.8921e-14 -1.8578e-12 6.3912e-13 -6.7799e-13 1.9315e-13 -3.429e-13 7.8328e-13 -6.8437e-13 6.5066e-13 -6.2154e-13 6.6332e-13 -5.852e-13 -9.5993e-14 -1.5826e-13 9.1728e-14 -9.5576e-14 -4.5028e-14 -1.9355e-15
-3.51e-12 4.1637e-12 -4.5349e-12 7.8893e-13 -1.011e-12 -5.8252e-13 1.5345e-13 4.5843e-12 9.6341e-12 5.6109e-12 8.2845e-12 1.6658e-12 8.6102e-12 -9.6248e-13 1.605e-12 5.4951e-12 6.2951e-12 6.3786e-12 -1.5797e-14 6.7814e-12 2.6611e-12 5.9966e-12 6.3493e-13 5.4617e-13 5.0782e-12 3.4397e-12 1.4785e-12 4.0768e-12 2.2026e-12 1.6492e-13 1.7032e-13 1.525e-11 2.6302e-12 2.3176e-12 -2.7382e-12 3.1714e-12 2.0053e-12 1.9158e-12 3.9722e-12 1.6086e-12 2.1316e-12 -7.0954e-13 -3.0652e-13 3.2628e-12 1.8637e-13 -1.818e-12 1.2711e-12 4.5961e-12 3.5935e-13 -2.6417e-13 -2.2256e-13 7.505e-14 -5.5932e-13 -1.1976e-12 1.2771e-12 -6.2171e-14 1.6332e-12 -1.1767e-13 -5.6723e-13 8.8887e-14 -7.2479e-13 -5.0642e-13 -9.1388e-13 1.3264e-13 -1.3052e-12 2.0282e-13 -3.5102e-13 7.0642e-13 -2.0752e-14 5.2905e-13 -8.5527e-13 5.3585e-13 3.3929e-13 -5.0918e-13 -3.2908e-13 7.5852e-13 -1.3121e-13 -6.5132e-13 8.2581e-13 9.1107e-14 -5.562e-16 -1.0308e-13 1.739e-14 1.8278e-14 9.6079e-14 -2.8934e-14 -3.7317e-14 1.5906e-14
-5.7548e-12 -3.0289e-12 -4.2916e-12 2.6464e-12 -1.561e-13 5.3726e-12 2.6866e-12 -1.7135e-12 4.7064e-12 2.1322e-12 5.3024e-12 5.5744e-12 5.9935e-12 4.5266e-12 3.8029e-12 1.8085e-12 3.704e-13 3.9463e-12 -6.6445e-14 6.5892e-12 1.9731e-12 -2.0272e-12 2.8365e-12 3.0172e-12 4.5744e-12 5.1962e-12 7.6347e-13 3.423e-12 1.0041e-12 1.4354e-12 1.7131e-12 2.6302e-12 1.2295e-11 7.8118e-13 1.0213e-12 -4.4801e-13 7.261e-13 -5.5313e-13 3.4794e-12 -2.1087e-12 -6.4387e-13 1.5291e-12 1.0341e-13 4.4646e-13 3.5118e-13 1.546e-12 2.4982e-12 -8.7935e-13 -1.3906e-12 1.2126e-12 3.4682e-13 7.1891e-13 7.4375e-13 -2.0224e-13 1.5908e-12 2.2869e-12 -6.3654e-14 2.9737e-13 7.5317e-13 -1.3342e-12 1.6626e-12 1.5538e-13 -9.0975e-16 -1.4186e-12 1.2868e-12 7.9617e-13 2.4856e-13 1.8879e-13 -6.5103e-13 1.4981e-13 8.4715e-13 -2.5779e-13 7.7587e-13 3.9651e-13 1.82e-13 -2.2598e-13 -1.3224e-13 -2.1457e-13 -3.8504e-13 -1.7646e-13 1.0566e-13 -2.8967e-13 3.3786e-13 -3.6579e-14 1.2059e-13 -3.8276e-15 -8.7372e-15 -5.7251e-15
-2.5145e-12 3.7913e-12 -1.7776e-12 -7.1075e-12 2.0928e-12 -1.008e-12 -7.6921e-13 4.8211e-12 6.1606e-12 2.2885e-12 -1.2143e-12 3.0839e-12 3.943e-12 1.4748e-12 -1.4184e-13 6.9779e-12 -3.3581e-13 7.0188e-13 1.2514e-12 5.0914e-12 4.7237e-12 5.3967e-13 1.5573e-12 -6.4334e-13 2.247e-12 7.0987e-12 3.2585e-12 6.3865e-12 1.4541e-12 4.4484e-12 -1.0623e-12 2.3176e-12 7.8118e-13 1.5619e-11 -8.8187e-13 -2.7034e-12 7.8645e-13 2.694e-12 -9.6265e-13 1.519e-12 -7.7901e-14 5.5227e-14 2.9799e-12 -3.5441e-13 -9.375e-13 9.4297e-13 4.029e-13 6.7512e-12 -3.1528e-13 3.6661e-14 -4.4242e-13 -2.3445e-12 -8.1011e-13 -1.6044e-12 1.9602e-12 5.8982e-13 8.3925e-13 5.1131e-13 4.3177e-13 -1.6167e-12 -1.279e-12 -6.9757e-13 3.4834e-15 -6.2303e-13 1.8751e-12 1.5784e-13 -2.9348e-13 -1.0108e-12 -1.5086e-12 -8.7692e-14 5.563e-14 -2.648e-13 -9.3729e-14 -1.8708e-13 -3.0377e-13 1.7078e-12 2.5619e-13 3.3016e-13 -3.9573e-13 -4.502e-14 -3.6013e-13 -1.6178e-13 3.463e-13 -4.2651e-14 -2.0036e-13 -7.4243e-14 -1.4838e-14 1.5141e-14
-4.8738e-13 6.8384e-13 2.2159e-12 5.2228e-12 -1.4774e-12 -1.0048e-12 -5.1425e-12 4.766e-12 2.401e-12 1.9747e-12 2.9175e-12 7.0456e-13 2.8924e-13 4.1736e-12 2.0085e-12 -7.8534e-13 3.3303e-12 4.9103e-12 4.0778e-12 4.3333e-12 1.3858e-12 -1.5956e-12 2.9904e-12 1.312e-12 2.5743e-13 4.7217e-13 3.4876e-12 1.4278e-12 5.6614e-12 1.5225e-12 6.2989e-12 -2.7382e-12 1.0213e-12 -8.8187e-13 1.2999e-11 -4.1626e-13 3.1203e-12 -8.4498e-13 1.7644e-12 -2.4126e-13 1.276e-12 -1.2025e-12 -2.7599e-13 1.4635e-12 1.5242e-13 1.1992e-12 1.5844e-12 1.01e-12 -2.4786e-12 9.7754e-13 1.6333e-12 -1.8269e-12 2.089e-12 -2.7032e-14 1.5157e-12 2.4761e-12 -1.2322e-12 -1.1383e-12 1.5435e-12 -1.6192e-12 1.2728e-12 2.2038e-12 -3.9521e-13 5.1766e-13 -1.5471e-12 2.0183e-13 2.1503e-13 -7.362e-13 -1.6293e-13 6.6032e-14 6.3142e-13 -4.5501e-13 6.2185e-13 -1.1643e-12 6.4897e-13 -1.7498e-13 2.5189e-13 6.2493e-14 -4.4515e-14 3.0652e-13 1.8291e-13 -3.3079e-13 -2.0443e-13 -7.293e-14 6.8944e-14 -4.7968e-14 -3.6091e-14 -1.7491e-14
-1.4845e-12 -4.4059e-12 1.2339e-12 -4.5562e-13 1.7635e-12 -6.2632e-12 -1.5204e-12 7.4585e-12 7.1598e-12 -9.9482e-13 -1.2634e-13 -2.4704e-12 1.6211e-12 2.2465e-12 -1.5586e-12 8.9057e-13 7.3196e-12 4.0855e-12 2.7895e-12 3.5606e-12 3.2674e-12 2.3241e-12 -3.1647e-12 3.7503e-12 5.2645e-12 -2.4161e-13 -2.0931e-12 -1.1426e-12 2.4908e-12 -5.1213e-13 2.8837e-13 3.1714e-12 -4.4801e-13 -2.7034e-12 -4.1626e-13 1.3907e-11 2.9663e-12 -2.9348e-12 -2.7216e-13 2.0602e-13 9.7988e-13 4.2104e-13 -1.8377e-12 -7.3874e-13 -1.9631e-12 4.4359e-13 7.2874e-13 -1.3323e-13 -1.1716e-12 -9.3051e-14 1.465e-13 -2.4793e-12 1.0985e-12 -1.3314e-12 -8.5069e-13 1.7094e-13 -1.1871e-12 5.1406e-14 -9.3746e-13 1.7409e-12 -1.1257e-12 1.7974e-13 -8.197e-13 -5.0513e-13 -2.4145e-12 -1.3898e-13 -1.2513e-12 -2.2801e-13 1.5495e-12 1.2403e-12 1.6334e-13 -8.3572e-13 -1.8386e-12 -5.4334e-13 -4.4686e-13 -1.0309e-12 -1.0269e-12 -7.6141e-13 2.6951e-13 2.1073e-13 -4.3448e-13 -4.9965e-13 -2.9307e-13 -1.2534e-13 3.3293e-14 -4.1015e-14 -3.5253e-15 4.7351e-15
1.6486e-12 -1.6008e-13 3.5885e-12 3.3332e-12 2.162e-12 -3.4697e-12 -5.7077e-12 5.1877e-12 3.664e-12 -3.628e-13 -2.1568e-12 3.4104e-12 -6.237e-13 1.9506e-12 2.8369e-12 9.1205e-13 5.5792e-12 5.6857e-12 1.7105e-12 4.1172e-12 5.8693e-12 3.8116e-12 1.3052e-12 -9.639e-13 5.5888e-12 5.0364e-12 2.0535e-12 3.96e-12 3.4921e-12 2.3724e-12 8.8497e-13 2.0053e-12 7.261e-13 7.8645e-13 3.1203e-12 2.9663e-12 1.3309e-11 -1.0183e-13 3.1176e-12 -5.9007e-13 3.3908e-12 -1.552e-12 -1.1725e-12 2.0621e-12 -2.0064e-12 5.6712e-13 1.1117e-12 5.0704e-13 -2.1024e-14 -1.1365e-12 2.1685e-12 -2.4524e-12 1.1218e-12 8.5676e-14 3.2331e-13 2.8119e-12 1.3373e-12 1.046e-12 -8.4206e-13 6.874e-13 -4.1999e-13 -4.7443e-13 -1.4111e-12 -7.0582e-13 -1.553e-12 -5.6871e-13 1.5085e-12 1.931e-13 -1.3494e-12 2.2838e-12 -1.6377e-12 -4.7926e-13 -2.1143e-12 -8.0194e-13 -6.9233e-13 8.1646e-13 2.4903e-14 5.408e-13 2.3705e-13 -2.0035e-13 -4.214e-13 -3.4278e-13 7.6541e-14 -2.473e-14 1.137e-14 -4.2242e-14 -1.0132e-14 6.6561e-15
8.0714e-13 -5.5797e-13 -1.1868e-12 -3.965e-12 1.6879e-12 -1.7738e-12 -7.8114e-12 1.6034e-12 -4.5154e-13 6.5168e-12 7.3119e-12 2.806e-13 2.7128e-12 3.4787e-12 9.97e-13 4.7622e-12 6.3842e-12 4.0081e-12 3.7541e-12 2.5215e-12 3.8185e-13 3.8593e-12 2.6563e-13 -5.6742e-13 1.7579e-12 3.2024e-13 -2.2607e-13 2.2616e-12 1.3267e-13 4.649e-12 2.464e-12 1.9158e-12 -5.5313e-13 2.694e-12 -8.4498e-13 -2.9348e-12 -1.0183e-13 1.1675e-11 2.6812e-13 2.5736e-12 2.7096e-12 9.4639e-13 6.8963e-13 2.2506e-12 -6.6291e-13 1.057e-12 1.7829e-12 2.6928e-12 1.1986e-12 -1.9316e-12 -3.493e-13 7.1535e-13 -1.7739e-13 -9.0973e-13 1.4308e-12 -1.0682e-12 -5.5335e-13 1.3661e-12 4.5059e-13 -4.5879e-13 -4.6729e-13 8.2063e-13 -3.6806e-13 -1.046e-13 -9.4789e-13 8.7587e-13 -6.8737e-13 -2.8605e-13 -1.0922e-12 -6.5862e-13 -8.8384e-13 -7.4682e-13 3.8607e-13 1.8452e-13 -5.1591e-14 1.5964e-12 2.041e-13 -6.0992e-13 -2.2231e-13 -4.2078e-13 7.6913e-14 -2.834e-13 -3.4572e-14 -5.4263e-14 6.3978e-14 -4.523e-14 -1.7365e-14 -8.9418e-15
-8.6214e-13 2.1215e-12 -4.7066e-13 5.4835e-12 -2.1496e-12 1.7158e-12 -2.9558e-12 4.0651e-12 5.196e-12 2.454e-12 5.1453e-12 2.6053e-12 5.8251e-12 3.487e-12 4.9375e-12 1.5507e-12 5.4072e-12 8.6338e-12 -1.7616e-12 3.4473e-12 5.345e-12 2.1824e-12 4.3965e-12 1.502e-12 5.9148e-12 1.2469e-12 9.1509e-13 2.5566e-12 4.4416e-12 8.2091e-13 2.6087e-12 3.9722e-12 3.4794e-12 -9.6265e-13 1.7644e-12 -2.7216e-13 3.1176e-12 2.6812e-13 1.185e-11 -9.8914e-13 1.3514e-12 -7.5108e-13 9.0424e-13 3.1663e-12 1.3469e-12 4.805e-13 1.8749e-12 2.0098e-12 -4.5771e-13 1.0198e-12 -2.8937e-13 6.3086e-13 -1.3978e-12 1.1228e-12 2.356e-12 9.1725e-13 4.011e-13 -4.9812e-13 2.6638e-13 1.1075e-13 6.7987e-13 1.8088e-12 -4.4382e-14 -1.8148e-12 -3.773e-13 -6.1684e-13 2.3165e-13 -5.3945e-13 -2.0067e-12 -3.7275e-14 8.5134e-13 -4.1323e-15 -3.0202e-13 -1.7349e-13 -3.4568e-13 2.2829e-13 2.5229e-13 8.5201e-14 -1.4862e-13 -1.0953e-13 5.7888e-13 -1.2745e-13 1.9767e-13 1.066e-14 1.2194e-13 -1.588e-14 -2.019e-15 -2.1715e-14
-1.2581e-12 -3.4955e-12 2.4806e-12 5.0105e-14 -1.7117e-12 -2.2812e-12 -3.0687e-12 3.0728e-12 -2.3496e-12 8.0055e-13 3.0137e-12 -2.3103e-12 2.9339e-12 1.2438e-12 -2.368e-12 9.4629e-14 3.0504e-12 -5.2771e-13 1.8605e-12 -1.6597e-12 -1.1819e-12 -4.8606e-13 7.1464e-13 -3.2253e-12 -1.5389e-12 2.6522e-13 1.1336e-12 1.7968e-12 -5.3451e-13 2.1491e-12 -1.8729e-12 1.6086e-12 -2.1087e-12 1.519e-12 -2.4126e-13 2.0602e-13 -5.9007e-13 2.5736e-12 -9.8914e-13 9.3258e-12 -8.8427e-14 2.2682e-13 9.3527e-13 -4.4917e-13 2.1282e-13 -1.0835e-12 9.9695e-14 -1.6333e-13 -7.9541e-13 1.5706e-12 1.4755e-12 -1.3583e-12 1.0123e-13 -3.3532e-12 -9.0763e-13 -2.0685e-12 -4.916e-13 -5.7766e-13 -2.7378e-13 1.4025e-12 7.9819e-13 -1.1229e-12 -1.4327e-12 9.9558e-13 -1.0665e-12 -5.6421e-13 7.5935e-13 -1.6772e-13 3.7812e-14 -8.6134e-13 -4.578e-13 5.9427e-13 9.273e-15 -1.8211e-13 5.3774e-13 -3.2161e-14 -1.4792e-13 -1.5549e-13 -9.6068e-14 4.2417e-13 -8.2686e-14 2.5707e-13 2.0135e-13 2.9966e-14 3.0499e-14 -1.5879e-14 -8.2523e-16 -1.0674e-14
