1.1509e-10 8.3063e-11 8.1692e-11 8.2437e-11 6.6413e-11 6.2542e-11 8.5382e-11 5.1187e-11 6.5135e-11 4.4573e-11 5.0234e-11 4.7171e-11 5.2451e-11 3.6125e-11 3.54e-11 3.6085e-11 1.2097e-11 4.2742e-11 8.1179e-12 1.9592e-11 -9.5231e-13 8.4362e-12 2.3515e-11 3.7008e-13 6.878e-12 -9.622e-12 2.3965e-13 -2.3303e-12 -8.1267e-12 -5.835e-12 7.8529e-13 3.6324e-12 -6.196e-12 -1.5119e-11 -7.4652e-12 -1.3977e-11 -1.6012e-11 -8.3966e-12 -1.8785e-11 -1.7575e-11 -6.5163e-12 -1.1439e-11 -1.9317e-11 -1.5841e-11 -2.6239e-12 -6.9155e-12 -7.5126e-12 -1.6733e-12 -1.5729e-11 -1.2688e-11 -1.1685e-11 -2.0695e-11 -5.2191e-12 -7.9165e-12 -1.4247e-11 4.3524e-12 -2.4257e-12 -1.1013e-11 -5.156e-12 -1.219e-11 -1.1661e-11 -1.724e-12 -6.1513e-13 -3.5759e-13 5.3491e-12 8.122e-13 3.1217e-12 1.6995e-12 -2.582e-12 -3.6912e-12 -2.1158e-12 3.3597e-12 5.0585e-12 3.6138e-12 -2.3482e-12 -1.8118e-12 -5.0832e-12 7.4981e-13 1.927e-12 3.4025e-12 -1.3036e-12 6.0283e-13 3.7376e-12 -2.6782e-12 7.8468e-12 2.5729e-12 1.9406e-12 1.5343e-12 -2.8322e-12 2.2066e-12 1.3835e-12 -4.4488e-12 -1.6016e-12 -8.2692e-13 -2.8661e-14 1.7613e-12 3.545e-13 1.4379e-12 -4.6607e-13 -1.2264e-13 1.314e-12 1.3764e-12 -2.1141e-13 6.6162e-13 4.2166e-13 -7.2293e-14 6.2206e-14 6.5455e-14 -5.2254e-14
8.3063e-11 9.8321e-11 7.1931e-11 6.6145e-11 6.1566e-11 5.3374e-11 7.8259e-11 4.5994e-11 6.5522e-11 3.4314e-11 4.3196e-11 4.7335e-11 4.42e-11 2.5784e-11 3.077e-11 3.0938e-11 1.655e-11 3.1212e-11 1.2145e-11 9.8669e-12 1.22e-12 1.2263e-11 1.8184e-11 -5.1281e-13 2.3861e-12 -8.1082e-12 -2.5871e-12 -8.7094e-13 -1.1815e-11 -4.6766e-12 2.9751e-12 -4.1241e-12 -3.4569e-12 -1.2105e-11 -5.469e-12 -1.4181e-11 -1.2813e-11 -1.045e-11 -1.6103e-11 -7.9375e-12 -4.8481e-13 -1.1056e-11 -1.4742e-11 -9.1314e-12 -6.5017e-14 -2.5963e-12 -4.1641e-12 -1.8895e-12 -1.3769e-11 -8.0532e-12 -9.7154e-12 -1.9828e-11 -6.6635e-12 -1.0928e-11 -1.1741e-11 -1.8111e-12 1.6469e-12 -9.0138e-12 -7.1685e-12 -1.1627e-11 -1.2581e-11 -3.6301e-13 -1.0487e-12 -2.4733e-12 3.9141e-12 -2.8093e-13 2.1157e-12 4.4147e-13 -4.5215e-12 -1.8882e-12 -1.2936e-12 2.9567e-12 1.6825e-12 -5.7046e-13 1.5298e-12 -6.9399e-13 -5.6246e-12 2.2424e-12 1.3246e-12 2.9055e-12 -1.1333e-12 5.5829e-13 4.6504e-12 2.5692e-13 5.6957e-12 1.9315e-12 1.0341e-12 -2.043e-12 -3.185e-12 1.3324e-12 1.8859e-12 -4.6661e-12 -2.0037e-12 -1.5504e-12 1.7984e-13 1.8817e-12 -3.5705e-13 1.5273e-12 -1.8993e-13 2.0337e-12 1.4629e-12 1.5084e-12 -8.3754e-14 4.8316e-13 5.8014e-13 2.8651e-14 2.9231e-14 6.3996e-14 -2.2499e-13
8.1692e-11 7.1931e-11 8.7253e-11 7.0346e-11 5.708e-11 5.5142e-11 7.6105e-11 4.5918e-11 6.181e-11 3.0705e-11 4.2207e-11 3.8774e-11 4.5256e-11 2.8684e-11 2.6303e-11 3.3042e-11 8.8829e-12 3.2655e-11 1.3116e-11 1.5552e-11 -7.3731e-12 9.982e-12 2.512e-11 -5.813e-13 5.7627e-12 -3.4459e-12 1.9125e-12 -2.8793e-13 -1.3275e-11 -3.0509e-12 1.1573e-12 -1.5039e-12 -4.9781e-12 -1.1364e-11 -5.9985e-12 -1.1141e-11 -9.0304e-12 -4.9741e-12 -1.2993e-11 -1.3991e-11 -1.0011e-12 -7.8466e-12 -1.2084e-11 -1.3169e-11 -2.2218e-12 -4.8776e-12 -2.6552e-12 -1.048e-12 -1.0784e-11 -6.9685e-12 -1.0824e-11 -1.6979e-11 -5.3681e-12 -7.1786e-12 -1.4229e-11 3.2674e-12 -1.7334e-12 -7.4291e-12 -5.4943e-12 -6.3326e-12 -1.2845e-11 2.7794e-12 -1.4434e-12 6.0327e-14 6.8751e-13 -3.1373e-13 3.6055e-12 1.0178e-12 -4.759e-12 -4.3085e-12 -2.9487e-12 3.6885e-12 2.6169e-12 1.8747e-12 -1.1748e-12 -3.523e-13 -4.3056e-12 9.6115e-14 3.153e-12 1.7682e-12 -1.4206e-12 -1.5966e-12 1.7221e-12 -4.1146e-13 5.0387e-12 1.9492e-12 8.3473e-13 -7.2617e-13 -2.6385e-12 2.2223e-12 1.4024e-12 -3.4755e-12 -4.4683e-13 -4.8652e-13 4.1949e-13 7.6055e-14 7.9228e-14 8.5782e-13 2.8421e-13 9.2967e-13 6.8829e-13 8.9645e-13 -1.0758e-13 3.9861e-13 4.6655e-13 -2.7727e-14 7.8187e-15 -1.0756e-14 4.3744e-14
8.2437e-11 6.6145e-11 7.0346e-11 8.9018e-11 5.8287e-11 5.2426e-11 6.7874e-11 4.3028e-11 5.398e-11 3.1902e-11 4.3675e-11 3.6225e-11 4.2894e-11 2.9423e-11 2.0698e-11 2.9114e-11 9.2032e-12 3.5683e-11 1.6687e-11 1.3214e-11 -6.6632e-12 6.0336e-12 1.6573e-11 -3.5694e-12 8.2554e-12 -4.2117e-12 -8.0096e-13 2.4642e-12 -1.1166e-11 -3.3207e-12 3.2789e-12 -2.3212e-12 -2.5359e-12 -1.0759e-11 -7.0192e-12 -8.7835e-12 -1.2052e-11 -4.1765e-12 -1.9047e-11 -1.3825e-11 -5.0536e-12 -8.9456e-12 -1.2168e-11 -1.3625e-11 -6.605e-13 -4.062e-12 -3.9215e-12 -1.4966e-12 -1.7342e-11 -8.0971e-12 -1.2251e-11 -1.8424e-11 -3.783e-12 -5.9706e-12 -1.2292e-11 -1.1278e-12 -4.8804e-12 -8.7992e-12 -7.2139e-12 -1.1826e-11 -1.2573e-11 -1.8217e-12 2.4443e-12 -1.9979e-12 2.1906e-12 3.8845e-13 4.938e-12 3.6824e-13 -2.2067e-12 -2.6364e-12 -1.9982e-12 2.8157e-12 3.054e-12 7.7655e-13 -1.7698e-12 -4.7634e-13 -1.2286e-12 -1.1889e-12 4.4223e-12 1.8731e-12 -1.2703e-12 -2.3554e-12 1.9683e-12 -3.945e-12 5.9875e-12 1.1991e-12 1.4579e-12 2.9111e-12 -2.6852e-12 1.3278e-12 1.3681e-12 -3.2217e-12 -9.4816e-13 -1.8311e-13 -9.5327e-13 7.013e-13 1.1276e-12 5.0905e-13 -9.6172e-14 5.4444e-13 1.0918e-12 9.4405e-13 -1.2468e-13 2.5095e-13 2.0217e-13 1.2178e-14 2.9493e-14 5.1546e-14 6.0459e-14
6.6413e-11 6.1566e-11 5.708e-11 5.8287e-11 5.8042e-11 4.2992e-11 5.5403e-11 3.8318e-11 4.2203e-11 2.577e-11 3.0586e-11 2.8559e-11 3.7906e-11 2.1987e-11 2.0311e-11 2.3763e-11 8.7274e-12 2.7161e-11 9.1975e-12 1.5009e-11 -5.6276e-13 7.2271e-12 1.4335e-11 -1.6787e-12 2.8933e-12 -6.2561e-12 1.3179e-12 -1.649e-12 -8.7954e-12 -3.4112e-12 1.0216e-12 -2.7642e-12 -2.2316e-12 -8.3625e-12 -6.8981e-12 -8.4338e-12 -1.0455e-11 -3.412e-12 -1.2336e-11 -8.7271e-12 -3.8029e-12 -5.8447e-12 -9.8007e-12 -1.3072e-11 -1.423e-12 -5.8979e-12 -3.6451e-12 2.1158e-13 -1.079e-11 -4.4111e-12 -8.6493e-12 -1.4422e-11 -4.473e-12 -4.122e-12 -6.2622e-12 -1.6913e-12 -2.9299e-13 -6.708e-12 -4.9793e-12 -7.8085e-12 -7.5671e-12 -1.3654e-12 4.3981e-14 1.875e-12 4.3394e-12 -3.2737e-13 5.6934e-12 7.7966e-13 -2.6111e-12 -1.7018e-12 -1.0942e-12 3.3185e-12 3.4063e-12 6.1842e-14 6.0975e-14 -3.0636e-13 -2.7284e-12 1.5025e-12 2.7567e-13 1.998e-12 -2.2255e-12 -5.7706e-13 2.5177e-12 -1.7091e-12 5.6532e-12 9.9273e-13 -1.3913e-12 2.2905e-12 -1.8104e-12 1.1391e-12 1.0185e-12 -2.3604e-12 -6.851e-13 -4.149e-13 -6.87e-13 1.3729e-12 -3.5233e-13 7.3093e-13 -4.1909e-13 7.0335e-13 1.1582e-12 6.0539e-13 -2.7698e-13 2.451e-13 1.6798e-13 3.9396e-14 3.9959e-14 4.1629e-15 -9.0864e-14
6.2542e-11 5.3374e-11 5.5142e-11 5.2426e-11 4.2992e-11 5.4537e-11 5.2047e-11 3.3397e-11 3.9295e-11 2.2586e-11 2.8042e-11 2.8065e-11 3.0206e-11 2.4006e-11 2.249e-11 2.0561e-11 9.3933e-12 2.6168e-11 4.895e-12 1.532e-11 -6.6833e-12 7.3338e-12 1.8627e-11 -2.346e-12 1.3155e-12 -8.6755e-12 1.9105e-12 1.6395e-12 -4.48e-12 -5.4524e-13 -1.1231e-12 -3.8969e-12 -5.0062e-12 -9.9624e-12 -2.44e-12 -1.004e-11 -9.1126e-12 -3.779e-12 -1.041e-11 -1.3217e-11 -2.0757e-12 -4.1381e-12 -1.0109e-11 -1.2538e-11 2.019e-13 -3.3464e-12 -2.769e-13 -3.8502e-12 -6.7269e-12 -6.435e-12 -8.0917e-12 -1.4003e-11 -5.4257e-12 -4.2862e-12 -8.85e-12 -9.5286e-13 -4.7143e-14 -7.004e-12 -1.5564e-12 -5.9983e-12 -1.0065e-11 -2.1038e-12 -2.6024e-13 -2.0155e-12 5.0238e-14 -3.0095e-13 1.4076e-12 1.839e-12 -2.8374e-12 -4.5933e-12 -5.2667e-13 1.524e-12 4.2974e-12 7.06e-13 9.4524e-14 -1.2633e-12 -1.941e-12 3.9781e-13 6.0964e-13 2.1791e-12 -1.9858e-12 -1.3504e-12 2.2794e-12 -2.2398e-12 3.0989e-12 -3.7143e-15 4.1183e-13 8.741e-13 -1.5688e-12 3.159e-12 1.5181e-12 -2.7686e-12 -2.7679e-13 1.3881e-13 1.563e-13 7.0968e-13 -4.5489e-13 -3.9069e-13 -6.6339e-13 1.3786e-13 9.6756e-13 7.3654e-13 1.4675e-13 4.2817e-13 2.3541e-13 -8.1688e-14 1.5919e-14 3.2735e-14 -1.5757e-13
8.5382e-11 7.8259e-11 7.6105e-11 6.7874e-11 5.5403e-11 5.2047e-11 9.4765e-11 4.3753e-11 6.5747e-11 3.4706e-11 4.2637e-11 3.8287e-11 4.6837e-11 2.9039e-11 2.9087e-11 3.4151e-11 5.5879e-12 3.1006e-11 8.6376e-12 1.0726e-11 -2.1448e-12 1.3001e-11 1.8858e-11 -1.6622e-12 8.9872e-12 -3.4089e-12 -1.692e-12 -1.899e-12 -1.0604e-11 -4.785e-12 3.0395e-12 -3.0614e-12 -2.2759e-12 -1.2233e-11 -3.0798e-12 -1.441e-11 -1.7446e-11 -5.5776e-12 -1.6434e-11 -1.4265e-11 -2.1973e-12 -1.1977e-11 -1.248e-11 -1.135e-11 -1.3601e-12 -5.9042e-12 -1.8991e-12 1.425e-12 -1.2707e-11 -9.6422e-12 -9.6193e-12 -2.1505e-11 -4.8833e-12 -9.9126e-12 -1.2237e-11 2.1148e-12 -8.1808e-13 -9.1259e-12 -1.1876e-12 -7.0127e-12 -1.3801e-11 6.0023e-13 -4.0225e-13 8.1354e-13 5.1964e-12 6.9018e-13 2.613e-12 3.3132e-12 -5.2911e-12 -4.4676e-12 -2.2075e-12 2.463e-12 2.3834e-12 4.2911e-12 -1.7001e-12 -9.603e-13 -6.4503e-12 1.0405e-12 1.6846e-12 1.9939e-12 3.5156e-13 -1.2498e-12 2.5763e-12 9.1905e-14 5.4289e-12 2.0286e-12 4.0869e-12 -3.0429e-12 -3.3578e-12 2.8214e-12 1.3188e-12 -3.2548e-12 -4.2077e-13 -1.2977e-12 9.8032e-13 1.6141e-12 -2.1045e-13 8.4979e-13 -7.1318e-14 5.8671e-13 6.6638e-13 1.0976e-12 7.5386e-14 4.791e-13 2.4911e-13 -7.0107e-14 -3.2862e-14 -3.8963e-14 -1.0066e-13
5.1187e-11 4.5994e-11 4.5918e-11 4.3028e-11 3.8318e-11 3.3397e-11 4.3753e-11 3.8675e-11 3.6909e-11 2.4189e-11 2.7048e-11 2.6173e-11 2.9163e-11 2.1453e-11 1.5931e-11 1.8292e-11 7.8709e-12 2.36e-11 6.4281e-12 7.8933e-12 1.2582e-12 5.2516e-12 1.3764e-11 -3.6855e-13 5.414e-12 -1.803e-12 9.9729e-14 -9.2917e-13 -3.7911e-12 -1.0287e-12 -1.0818e-12 -1.7598e-12 -1.1927e-12 -5.7064e-12 -1.6638e-12 -6.3303e-12 -4.1669e-12 -4.3779e-12 -8.1688e-12 -1.0557e-11 -3.3443e-12 -4.9523e-12 -6.6771e-12 -8.806e-12 -1.5321e-12 -5.3375e-12 -7.2053e-13 -8.9391e-14 -8.2942e-12 -7.1595e-12 -4.164e-12 -1.3313e-11 -2.2651e-12 -2.7621e-12 -7.9787e-12 2.2101e-12 -3.2337e-13 -5.8149e-12 -4.972e-12 -5.5658e-12 -8.6053e-12 -4.4935e-13 -2.8038e-13 -1.3468e-13 7.344e-13 -1.1019e-12 2.0129e-12 1.8753e-13 -9.0391e-13 -2.3728e-12 -1.2438e-12 3.3469e-12 1.1812e-12 -3.4136e-13 -1.8469e-12 4.7277e-13 -3.5987e-12 -3.298e-14 4.0117e-13 1.3069e-12 -7.7607e-13 1.1117e-12 4.2688e-13 -1.6754e-12 3.5544e-12 1.8522e-12 5.9793e-13 1.5423e-12 -5.1337e-13 7.7503e-13 3.1827e-12 -1.2057e-12 -1.0226e-12 -8.351e-13 -6.8886e-13 1.8235e-12 3.1349e-13 2.7436e-13 -1.6594e-13 5.7691e-13 5.2202e-13 3.9822e-13 -9.4317e-14 2.2304e-13 1.2072e-13 8.7483e-15 2.2157e-14 2.7651e-15 -8.6955e-14
6.5135e-11 6.5522e-11 6.181e-11 5.398e-11 4.2203e-11 3.9295e-11 6.5747e-11 3.6909e-11 8.5946e-11 3.2063e-11 4.2458e-11 3.4196e-11 3.5862e-11 2.2479e-11 2.7911e-11 2.1078e-11 1.1774e-11 2.2161e-11 1.0111e-11 6.7944e-12 1.0869e-12 1.5496e-11 2.1834e-11 2.997e-12 9.1616e-12 -1.6145e-13 -1.4097e-12 1.6644e-12 -6.1381e-12 -3.341e-12 7.0787e-12 -1.3873e-12 -3.8877e-13 -1.0052e-11 2.0799e-12 -9.2151e-12 -9.2872e-12 -7.5554e-12 -1.342e-11 -4.609e-12 -4.4889e-12 6.5775e-13 -9.9693e-12 -7.4869e-12 1.7265e-14 -1.2435e-13 -5.8898e-12 -1.1253e-12 -1.2814e-11 -4.4515e-12 -4.5884e-12 -1.3349e-11 3.7746e-12 -9.7495e-12 -5.0654e-12 4.7504e-12 -8.6519e-13 -6.6464e-12 -5.9026e-12 -7.8334e-12 -1.0223e-11 -5.57e-13 -5.43e-12 -7.4223e-13 1.427e-12 2.7213e-12 8.8949e-13 2.7043e-12 -1.791e-12 4.4085e-13 -4.5339e-12 1.8565e-12 1.3638e-12 8.2921e-13 1.3643e-14 -1.1701e-12 -6.7079e-12 1.3277e-12 3.4988e-12 4.5743e-12 1.8683e-12 -2.4924e-12 3.7182e-12 1.658e-12 5.2606e-12 2.9919e-12 1.9369e-12 -2.4671e-12 -3.0584e-12 1.0709e-12 2.2132e-12 -1.8559e-12 -1.7028e-13 -1.7953e-12 5.6254e-13 8.2809e-13 8.0647e-13 -8.8785e-13 9.2223e-14 2.365e-12 1.3247e-12 5.3244e-13 1.8518e-14 2.8614e-13 4.0262e-13 7.8154e-14 -7.0549e-14 -3.3682e-14 -8.057e-14
4.4573e-11 3.4314e-11 3.0705e-11 3.1902e-11 2.577e-11 2.2586e-11 3.4706e-11 2.4189e-11 3.2063e-11 3.2679e-11 1.9851e-11 1.8611e-11 1.8709e-11 1.1796e-11 1.1698e-11 1.4945e-11 5.0608e-12 1.7229e-11 2.235e-12 6.2656e-12 -5.3643e-14 4.1917e-12 1.5038e-11 7.5087e-13 4.5084e-12 -5.2858e-12 8.1107e-13 4.5247e-13 -3.1561e-12 -9.7735e-13 5.7305e-13 5.0026e-12 3.5924e-12 -8.5561e-12 -2.7479e-12 -5.395e-12 -1.0553e-11 -4.566e-12 -7.8564e-12 -2.0841e-12 -4.7894e-12 -6.6542e-12 -6.8205e-12 -4.5852e-12 -2.0332e-12 -5.9323e-12 -1.445e-12 2.312e-13 -8.6987e-12 -5.4049e-12 -5.1743e-12 -6.7788e-12 -7.8969e-13 -5.1516e-12 -5.069e-12 4.0088e-12 -1.7388e-12 -4.0626e-12 -4.014e-12 -5.037e-12 -4.7789e-12 -1.4393e-12 -3.5475e-12 1.9473e-12 2.0857e-12 7.2994e-13 2.8683e-13 -8.0642e-14 -2.343e-12 -3.593e-14 -2.6826e-13 2.4211e-12 3.8939e-13 3.6443e-12 -1.6439e-12 -2.1296e-12 -3.6284e-12 -6.9405e-13 9.5415e-13 5.7672e-13 -4.9468e-13 1.6741e-12 1.6718e-12 -4.0486e-13 2.5265e-12 2.9042e-12 7.7105e-13 2.0162e-13 1.2433e-12 1.3899e-12 2.1376e-12 -2.7676e-12 2.2849e-14 -1.48e-12 -8.4803e-14 1.6223e-12 1.3422e-13 4.13e-13 -5.9588e-13 1.1691e-13 6.4603e-13 5.1112e-13 -1.1364e-13 2.5936e-13 1.1668e-13 -2.3097e-14 5.0088e-14 1.1016e-14 -1.2203e-13
5.0234e-11 4.3196e-11 4.2207e-11 4.3675e-11 3.0586e-11 2.8042e-11 4.2637e-11 2.7048e-11 4.2458e-11 1.9851e-11 3.8819e-11 2.3705e-11 2.6371e-11 1.7646e-11 1.7398e-11 1.8108e-11 7.5982e-12 2.1729e-11 6.2378e-12 4.0648e-12 -2.2998e-12 5.576e-12 1.3022e-11 -1.4113e-12 2.9846e-12 9.9606e-13 2.9192e-12 1.7553e-15 -6.9109e-12 -7.214e-13 9.0876e-13 -1.659e-12 -3.6864e-12 -1.1025e-11 -3.0905e-12 -7.0207e-12 -5.9348e-12 -2.9762e-12 -7.4681e-12 -9.1172e-12 -2.0423e-12 -4.5721e-12 -6.5326e-12 -5.1899e-12 -1.0225e-12 -2.1783e-12 -3.7691e-12 -9.3332e-13 -8.3432e-12 -5.3003e-12 -4.5998e-12 -9.7914e-12 1.422e-12 -5.1261e-12 -6.7129e-12 1.6462e-12 -1.9202e-12 -6.6809e-12 -4.8599e-12 -5.8618e-12 -6.0596e-12 -6.9953e-13 -7.6063e-14 -2.256e-12 1.9726e-12 5.5208e-13 -1.4341e-13 -9.0898e-13 -4.7441e-13 -5.7379e-13 -3.0254e-13 1.5156e-12 9.5058e-13 8.0366e-13 4.2154e-13 -6.3252e-13 -3.1363e-12 9.0276e-13 2.362e-12 1.7505e-12 9.7774e-14 -6.5357e-13 2.4547e-12 -2.166e-12 3.2718e-12 7.531e-13 1.7616e-12 1.3016e-12 6.3812e-13 1.4052e-13 7.1403e-13 -1.5116e-12 -8.2937e-13 -1.1724e-12 -1.4408e-12 1.1081e-12 1.1556e-12 8.1136e-13 -7.5425e-14 1.155e-12 6.9293e-13 9.6682e-13 2.0916e-13 3.043e-13 1.7872e-13 2.0912e-14 -1.7457e-15 5.2027e-14 -9.389e-15
4.7171e-11 4.7335e-11 3.8774e-11 3.6225e-11 2.8559e-11 2.8065e-11 3.8287e-11 2.6173e-11 3.4196e-11 1.8611e-11 2.3705e-11 3.8907e-11 2.0815e-11 2.219e-11 1.4607e-11 1.9575e-11 8.9532e-12 1.8913e-11 9.1177e-12 7.2436e-12 -9.7862e-13 3.9906e-12 8.6168e-12 9.5308e-13 -1.3271e-13 -1.2814e-12 -1.4464e-12 1.0099e-12 -5.7038e-12 -1.2654e-12 -1.5177e-14 1.8549e-12 -2.4956e-12 -1.3218e-12 -5.0953e-12 -4.8983e-12 -4.7111e-12 -1.0663e-11 -8.0776e-12 -7.8432e-12 -1.4183e-12 -5.5022e-12 -1.002e-11 -5.7477e-12 -8.1777e-13 -3.9842e-12 -4.169e-12 8.1089e-13 -9.0961e-12 -6.613e-12 -5.7234e-12 -1.0282e-11 -5.8333e-12 -6.845e-12 -9.4236e-12 -1.4846e-12 -2.8072e-12 -4.3629e-12 -2.3613e-12 -9.2697e-12 -5.0326e-12 -4.9473e-13 1.2852e-13 -2.9067e-12 1.3179e-12 3.9413e-14 5.5615e-13 -3.5162e-13 -2.1e-12 -2.6608e-12 -1.9657e-12 1.1889e-12 1.0692e-12 1.2314e-12 -1.7545e-12 6.6551e-13 -2.9938e-12 1.1022e-12 1.6329e-12 2.0725e-12 -7.3872e-13 7.7018e-13 1.5158e-13 7.0214e-13 3.8377e-12 3.5334e-13 8.0861e-13 -1.2403e-12 -2.1141e-12 4.1204e-13 9.2356e-13 -3.7359e-12 -1.0351e-12 -1.5469e-12 5.5995e-13 1.1107e-12 -7.3244e-14 2.0159e-13 7.1694e-14 3.9237e-13 1.6986e-13 2.6061e-13 -1.5601e-13 6.9577e-14 2.8401e-13 -3.4898e-14 2.2291e-14 9.5487e-14 -1.8763e-13
5.2451e-11 4.42e-11 4.5256e-11 4.2894e-11 3.7906e-11 3.0206e-11 4.6837e-11 2.9163e-11 3.5862e-11 1.8709e-11 2.6371e-11 2.0815e-11 4.7047e-11 1.8466e-11 1.8118e-11 1.7592e-11 4.3623e-12 2.375e-11 4.032e-12 1.0619e-11 -3.1324e-12 6.211e-12 8.8328e-12 -3.1913e-12 3.6092e-12 -2.299e-12 6.151e-13 -1.767e-12 -3.6556e-12 -4.1239e-12 1.8375e-12 -8.3454e-12 -7.8703e-13 -5.4633e-12 -1.1845e-12 -6.015e-12 -5.8195e-12 -1.3663e-12 -6.8566e-12 -9.6667e-12 -5.0724e-13 -1.4135e-12 -5.7607e-12 -9.7258e-12 6.8526e-13 -4.7052e-12 -3.5689e-12 1.6186e-12 -4.5593e-12 -2.7433e-12 -5.0379e-12 -1.0081e-11 -3.1524e-12 -3.454e-13 -7.0542e-12 2.5039e-12 -9.1298e-13 -5.213e-12 -3.6641e-12 -4.0404e-12 -7.3763e-12 1.1152e-14 -5.5006e-13 2.2202e-12 1.3806e-12 -2.0816e-12 3.9976e-12 1.315e-12 -2.173e-12 -1.958e-13 -1.1799e-12 3.6647e-12 2.9095e-12 8.8255e-13 -2.1328e-12 -1.0344e-12 -1.3106e-12 1.6944e-12 1.6755e-12 1.8586e-12 -4.9882e-13 -1.0566e-12 1.4944e-12 -3.3057e-12 2.7691e-12 1.4798e-12 1.2491e-13 1.9852e-12 -1.1496e-14 3.3514e-13 1.3837e-12 -1.6329e-12 -7.7225e-13 5.9691e-13 -6.1433e-13 7.468e-13 1.0178e-12 6.9842e-13 1.4714e-14 8.8444e-13 4.0523e-13 9.2163e-13 -6.8479e-14 -2.3676e-13 2.3193e-13 -4.9006e-14 5.1626e-14 -4.906e-14 -7.4684e-14
3.6125e-11 2.5784e-11 2.8684e-11 2.9423e-11 2.1987e-11 2.4006e-11 2.9039e-11 2.1453e-11 2.2479e-11 1.1796e-11 1.7646e-11 2.219e-11 1.8466e-11 3.6137e-11 1.5383e-11 9.1064e-12 1.7642e-12 1.2079e-11 3.6798e-12 6.0956e-12 1.6886e-13 -1.0342e-12 1.1099e-11 -8.8511e-13 2.6892e-12 -1.3444e-12 2.59e-12 3.4497e-12 -4.959e-12 -1.9271e-12 -8.8359e-13 1.3291e-12 -1.1045e-12 -3.1576e-13 -7.1081e-13 -3.7755e-12 -4.0794e-12 -3.7947e-12 -8.5215e-12 -7.5479e-12 -2.5336e-12 -1.3781e-12 -1.0019e-11 -8.0593e-12 2.7731e-12 -2.72e-12 3.9062e-13 -1.6973e-12 -5.875e-12 -3.0605e-12 -1.5652e-12 -6.2369e-12 -5.4827e-12 -1.8049e-12 -1.0214e-11 -3.573e-13 -7.9499e-13 -7.0205e-13 -5.1839e-13 -4.5782e-12 -7.1178e-12 -1.5306e-12 1.6011e-12 -1.5807e-12 1.2919e-12 -1.8363e-12 3.0879e-12 2.2457e-12 1.3644e-12 -1.316e-12 -5.9868e-12 1.7753e-12 2.3786e-12 -4.8843e-13 -1.5281e-12 1.4757e-12 -2.5751e-12 2.0372e-12 8.5803e-13 1.4752e-12 -7.12e-13 -7.1479e-13 4.0099e-13 -1.3376e-12 1.4508e-12 6.364e-13 1.0397e-12 1.6598e-12 -1.7466e-12 -1.0967e-13 1.1043e-14 -7.7249e-13 -1.3929e-12 -4.8287e-13 -6.5538e-14 -2.7206e-13 -7.5968e-13 1.1369e-14 3.6885e-13 4.6222e-13 1.469e-13 -1.2587e-13 1.9335e-13 5.788e-14 6.712e-14 -7.6021e-14 2.4862e-14 4.915e-14 -6.5337e-15
3.54e-11 3.077e-11 2.6303e-11 2.0698e-11 2.0311e-11 2.249e-11 2.9087e-11 1.5931e-11 2.7911e-11 1.1698e-11 1.7398e-11 1.4607e-11 1.8118e-11 1.5383e-11 2.825e-11 9.1969e-12 5.1955e-12 8.3632e-12 1.1635e-12 4.8442e-12 -2.0917e-13 4.4165e-12 7.0029e-12 1.2515e-12 2.1995e-12 -4.4825e-12 3.6565e-12 -2.5138e-12 -2.5834e-12 2.1297e-12 9.6094e-13 9.5246e-13 -2.2787e-12 -4.8035e-12 7.8981e-14 -6.0217e-12 -3.1801e-12 -4.6839e-12 -6.7767e-12 -5.3808e-12 -1.1999e-12 -3.6731e-12 -6.7729e-12 -3.2559e-12 -5.5426e-14 -4.1967e-13 -2.4951e-13 -3.7723e-12 -4.6071e-12 -1.7734e-12 -1.9542e-12 -4.7703e-12 -2.8297e-13 -6.1957e-12 -5.5038e-12 2.4829e-12 6.1008e-13 -5.7033e-12 -2.7321e-12 1.8674e-13 -6.2081e-12 -2.4086e-15 4.073e-13 3.8643e-14 1.1383e-12 1.4768e-12 -5.9941e-13 4.1273e-12 -1.4487e-12 -4.6965e-13 -1.956e-12 -1.1522e-13 2.2191e-12 1.5229e-12 -8.8513e-13 -3.7416e-13 -3.8152e-13 9.2713e-13 6.3518e-14 1.9016e-12 5.1537e-14 1.4456e-13 1.9162e-12 -9.2335e-13 2.3265e-12 1.3901e-12 1.1223e-12 -9.4296e-14 -7.082e-13 -1.853e-13 1.84e-13 -1.3936e-12 -1.277e-12 -1.1732e-12 -3.3354e-13 2.862e-13 -4.7177e-13 3.4769e-13 5.8767e-13 5.1913e-13 5.0762e-13 3.3855e-13 9.2788e-14 4.4468e-13 1.8898e-13 -7.474e-14 -6.8779e-16 -1.4693e-15 -1.6646e-14
3.6085e-11 3.0938e-11 3.3042e-11 2.9114e-11 2.3763e-11 2.0561e-11 3.4151e-11 1.8292e-11 2.1078e-11 1.4945e-11 1.8108e-11 1.9575e-11 1.7592e-11 9.1064e-12 9.1969e-12 3.4757e-11 2.8209e-12 1.4486e-11 8.4787e-12 5.1742e-12 -4.8762e-12 1.7838e-12 9.1255e-12 -4.7965e-13 -1.0017e-12 1.2644e-12 2.9214e-12 -1.1056e-12 -5.1743e-12 -6.323e-13 -9.2743e-13 -5.4014e-13 -6.669e-12 -4.3091e-12 -4.2612e-12 -6.2443e-12 -5.1567e-12 -3.5633e-12 -1.2497e-12 -5.7718e-12 -1.8738e-12 -6.2126e-12 -3.3395e-12 -5.0622e-12 -3.4891e-12 -3.1499e-12 -2.6773e-12 -6.3617e-12 -7.1246e-12 -5.2913e-12 -6.7066e-12 -7.6391e-12 -3.1545e-12 -2.5732e-12 -5.9768e-12 2.209e-12 -2.9925e-12 -3.2427e-12 8.1635e-13 -7.7406e-12 -5.788e-12 9.1179e-13 1.8661e-12 1.92e-12 3.035e-12 3.1473e-13 8.1475e-13 -4.5808e-13 -1.8595e-12 -1.9736e-12 6.5346e-13 1.139e-13 2.0339e-12 4.5827e-12 -1.6651e-12 2.7492e-13 2.3331e-13 -3.711e-14 6.3748e-13 9.5695e-13 -1.0989e-12 -6.9991e-13 -5.146e-13 9.0889e-13 3.7383e-12 2.1386e-12 1.6569e-12 -4.9604e-13 9.399e-13 1.8591e-13 2.1619e-13 -3.7016e-13 -1.8649e-12 -5.6117e-13 1.2744e-13 8.953e-13 2.3983e-13 -1.8936e-13 -2.738e-13 4.5776e-13 5.387e-13 7.7736e-13 -1.2896e-13 1.7026e-14 -4.7483e-14 -2.5062e-14 -3.2809e-15 4.1535e-14 -4.6049e-14
1.2097e-11 1.655e-11 8.8829e-12 9.2032e-12 8.7274e-12 9.3933e-12 5.5879e-12 7.8709e-12 1.1774e-11 5.0608e-12 7.5982e-12 8.9532e-12 4.3623e-12 1.7642e-12 5.1955e-12 2.8209e-12 1.3545e-11 8.6916e-12 1.005e-12 3.735e-12 3.5823e-12 2.9624e-12 4.3443e-12 -5.6066e-13 1.0623e-12 -2.4544e-12 -7.3527e-14 4.6874e-12 1.0075e-12 1.57e-12 2.0134e-12 5.9521e-13 -1.4341e-12 -3.2207e-12 2.6669e-12 -2.0053e-13 -1.3055e-12 -2.3382e-12 -2.6723e-12 -2.6787e-12 2.0353e-13 -1.3996e-12 -4.506e-12 -1.8364e-12 4.6736e-13 1.9423e-12 -5.3024e-13 -5.2371e-12 2.4546e-13 -6.7793e-13 9.0196e-13 -2.3359e-12 2.1615e-12 -2.9195e-12 1.2253e-13 2.777e-12 2.0319e-12 -7.6142e-13 -9.3398e-13 -3.6411e-12 -4.4691e-12 -2.0235e-12 2.1384e-12 -3.8942e-12 -1.0099e-12 1.2955e-12 -3.8909e-13 3.9409e-13 1.7204e-13 -2.3321e-13 -7.7767e-13 -1.044e-12 6.2317e-13 -2.1765e-13 1.0189e-12 8.632e-13 -3.8805e-13 1.5894e-12 2.0544e-13 2.9671e-12 -7.7748e-13 1.0167e-12 9.1901e-13 -4.7532e-13 1.3387e-12 2.876e-13 -9.0644e-13 -4.4764e-13 -7.0977e-13 -6.0264e-13 1.2736e-14 -1.8953e-12 -1.3587e-12 -5.839e-13 2.084e-13 2.2678e-13 9.3178e-15 -7.6775e-14 -1.0573e-13 5.3934e-13 2.8275e-13 1.3319e-13 -1.64e-13 1.8729e-13 1.2136e-13 2.7768e-14 -6.6531e-15 7.233e-14 -6.8565e-14
4.2742e-11 3.1212e-11 3.2655e-11 3.5683e-11 2.7161e-11 2.6168e-11 3.1006e-11 2.36e-11 2.2161e-11 1.7229e-11 2.1729e-11 1.8913e-11 2.375e-11 1.2079e-11 8.3632e-12 1.4486e-11 8.6916e-12 3.8174e-11 4.392e-12 3.8e-12 6.5827e-13 -2.9759e-13 9.8724e-12 -4.155e-12 -3.0941e-13 -3.7128e-12 5.3589e-13 5.6909e-12 -1.8916e-12 -1.537e-12 4.4595e-13 1.9744e-12 -4.8829e-12 -4.4668e-12 -3.6488e-12 -1.2552e-12 -7.0453e-12 -9.4267e-13 -3.1562e-12 -1.3905e-11 -1.4749e-12 -6.3957e-12 -1.0528e-11 -7.842e-12 -4.4248e-13 -4.3282e-12 -3.6884e-12 -9.1759e-13 -1.5594e-12 -4.1502e-12 1.4423e-12 -9.3037e-12 -4.2333e-12 1.0225e-13 -3.253e-12 -1.5093e-12 -1.667e-12 -4.3839e-12 -1.2944e-12 -2.8952e-12 -3.8476e-12 -9.6513e-13 1.4459e-12 -5.5389e-13 2.4007e-12 -1.3307e-12 2.1811e-12 -1.0778e-12 -7.2496e-13 -2.4578e-12 6.5781e-13 3.1581e-12 1.2119e-12 9.6543e-13 -5.2316e-13 -6.7694e-13 -2.8938e-14 7.7609e-13 -8.6421e-13 9.9177e-13 9.0936e-13 1.7715e-12 5.3979e-13 -2.374e-12 1.9348e-12 -2.498e-13 -1.6557e-12 -4.2698e-13 2.7755e-13 1.1347e-12 4.7466e-13 -1.7263e-12 -1.0514e-12 9.7735e-14 -7.2798e-13 1.4582e-12 3.678e-13 -1.5246e-13 -9.6386e-13 -9.2529e-14 4.4672e-13 1.088e-12 2.5188e-13 3.303e-13 1.6287e-13 2.0659e-14 -6.2339e-14 4.703e-14 -1.044e-13
8.1179e-12 1.2145e-11 1.3116e-11 1.6687e-11 9.1975e-12 4.895e-12 8.6376e-12 6.4281e-12 1.0111e-11 2.235e-12 6.2378e-12 9.1177e-12 4.032e-12 3.6798e-12 1.1635e-12 8.4787e-12 1.005e-12 4.392e-12 1.5674e-11 1.2123e-13 9.4032e-13 -1.869e-13 7.0658e-13 -2.3575e-13 -1.717e-12 1.2422e-12 -3.0605e-12 1.3909e-13 -5.8634e-12 7.0537e-13 2.0549e-12 -1.4634e-12 2.0346e-13 1.2766e-12 -2.5299e-12 1.2491e-12 -2.6253e-13 -7.0311e-13 -3.6763e-12 1.5585e-12 -1.1983e-12 -9.0652e-13 -2.4119e-12 -1.3566e-12 -3.2041e-12 1.4065e-12 -1.1903e-12 5.4529e-14 -4.4808e-12 2.0764e-12 -1.46e-12 -4.787e-13 -1.4651e-13 -2.1424e-12 -6.5559e-13 -5.4904e-13 -2.2894e-12 -1.6631e-12 -3.3554e-12 -2.8857e-12 -9.4806e-14 1.1432e-12 -7.8339e-13 1.2478e-12 6.8462e-13 -1.2211e-12 1.447e-12 7.6346e-14 -1.053e-12 -4.5975e-13 -1.3419e-12 6.0219e-13 -1.1233e-13 -1.5444e-12 1.2699e-12 1.1486e-12 1.1732e-12 -1.5453e-12 1.2986e-12 -1.3759e-12 -2.6773e-13 -3.0225e-13 -7.6774e-13 -2.0204e-13 2.8817e-13 1.1392e-12 9.0433e-13 7.7375e-13 -5.8101e-13 2.9057e-13 -2.8777e-13 -1.3926e-13 4.8051e-13 3.8441e-13 -4.1982e-13 -4.6951e-13 9.8368e-13 -1.5467e-13 -3.9355e-14 3.4184e-13 -4.3542e-14 -6.9489e-14 -3.1117e-13 -2.7827e-14 5.5158e-14 6.9366e-14 -1.9222e-14 -1.3301e-14 7.1116e-14
1.9592e-11 9.8669e-12 1.5552e-11 1.3214e-11 1.5009e-11 1.532e-11 1.0726e-11 7.8933e-12 6.7944e-12 6.2656e-12 4.0648e-12 7.2436e-12 1.0619e-11 6.0956e-12 4.8442e-12 5.1742e-12 3.735e-12 3.8e-12 1.2123e-13 2.3806e-11 -2.0225e-12 7.6675e-12 4.6374e-12 -3.3522e-13 -2.5079e-12 -3.5144e-12 -3.3146e-13 -3.9789e-12 7.8076e-13 3.3522e-12 1.3689e-12 -5.8623e-13 5.0902e-12 -3.0206e-12 -6.5573e-13 -8.8055e-13 -8.8883e-13 2.6319e-12 -6.2929e-12 -3.157e-12 -2.8238e-12 1.5251e-12 -2.5255e-12 -3.7912e-12 -8.6493e-13 -2.7392e-12 -1.6815e-12 -2.3182e-12 -1.4123e-12 1.9662e-12 -5.2847e-12 -1.4973e-12 9.2444e-13 2.8863e-13 -2.6006e-12 2.8139e-12 -9.898e-13 -1.1238e-12 1.8924e-13 -1.9811e-12 2.7956e-12 4.3589e-13 -3.2078e-12 8.3817e-13 1.8737e-12 2.9519e-12 3.7103e-12 1.434e-12 -8.57e-13 -2.595e-12 1.5976e-12 7.9167e-13 2.1564e-12 1.1368e-12 -1.5634e-12 1.2367e-12 -1.0712e-12 2.5343e-12 4.7815e-13 3.8808e-12 -3.082e-12 3.8288e-13 -1.4896e-12 -1.1065e-12 2.6677e-12 9.049e-13 1.4514e-13 1.4988e-12 -1.4606e-12 1.6738e-12 -9.6071e-13 -1.1255e-12 7.5857e-13 8.0308e-14 4.0031e-13 -1.257e-12 -7.0314e-13 1.3511e-13 6.8826e-14 -5.5312e-13 -6.4427e-14 -1.095e-13 -2.7696e-13 -7.0262e-15 7.9453e-14 2.7017e-14 8.6228e-14 -9.1314e-15 -4.7827e-16
-9.5231e-13 1.22e-12 -7.3731e-12 -6.6632e-12 -5.6276e-13 -6.6833e-12 -2.1448e-12 1.2582e-12 1.0869e-12 -5.3643e-14 -2.2998e-12 -9.7862e-13 -3.1324e-12 1.6886e-13 -2.0917e-13 -4.8762e-12 3.5823e-12 6.5827e-13 9.4032e-13 -2.0225e-12 1.8009e-11 8.3518e-13 -3.9158e-12 7.3634e-13 1.6429e-13 -1.9044e-12 -7.3358e-12 -3.97e-12 3.5136e-12 -1.1694e-12 8.3906e-13 1.5304e-12 1.7468e-12 2.8173e-12 2.072e-12 5.896e-13 3.1377e-12 1.7592e-12 -1.6016e-12 -1.9354e-12 -6.9418e-13 1.5237e-13 -4.8286e-12 -2.3743e-12 -1.7907e-14 2.7251e-12 7.4689e-13 2.004e-12 9.7781e-13 -9.8736e-13 3.7506e-12 1.8984e-13 1.2054e-12 -3.8594e-13 1.9293e-12 1.5971e-12 2.8387e-12 1.1107e-12 3.5163e-13 -6.1268e-14 2.1816e-12 -2.0283e-12 -1.5044e-12 -4.5364e-13 1.2636e-12 -2.5541e-13 8.475e-13 2.6549e-12 3.3735e-12 4.6156e-13 -2.3086e-13 -8.3621e-13 3.8787e-14 5.311e-13 9.9585e-13 1.8689e-12 -1.5699e-12 3.0368e-13 -1.1299e-12 1.2787e-12 -6.6513e-14 1.3713e-12 3.0251e-13 6.8795e-13 5.0251e-13 1.3009e-12 -3.1611e-13 2.0949e-13 -1.1305e-12 -6.9691e-13 -1.0923e-12 1.8653e-13 -2.1698e-13 -8.3861e-13 2.0071e-13 4.3313e-14 -6.5186e-13 5.3603e-13 6.4912e-14 -2.0067e-13 3.8319e-14 -2.7928e-13 -5.4546e-13 -1.7277e-14 -1.2317e-13 1.0267e-13 -3.9855e-14 -2.6557e-14 -5.0255e-14
8.4362e-12 1.2263e-11 9.982e-12 6.0336e-12 7.2271e-12 7.3338e-12 1.3001e-11 5.2516e-12 1.5496e-11 4.1917e-12 5.576e-12 3.9906e-12 6.211e-12 -1.0342e-12 4.4165e-12 1.7838e-12 2.9624e-12 -2.9759e-13 -1.869e-13 7.6675e-12 8.3518e-13 1.7593e-11 2.7425e-12 1.3549e-12 -3.172e-12 3.2155e-13 -2.8005e-12 -4.0945e-12 9.2616e-13 2.518e-12 5.3541e-12 -3.0757e-12 1.8045e-12 -4.3638e-12 1.2422e-12 -1.1198e-12 2.6818e-12 -3.9944e-12 -2.7985e-12 -7.4783e-13 7.2004e-13 4.8141e-13 2.4693e-12 -2.6359e-12 -1.0631e-12 -7.5498e-14 -1.373e-12 -6.1512e-14 -8.9543e-13 1.8653e-12 -1.6524e-12 -1.6964e-12 4.6927e-12 -1.1534e-12 -5.554e-13 9.523e-13 -2.4967e-12 6.2038e-13 -1.8435e-12 -5.8306e-15 9.0733e-13 6.2849e-13 -3.0104e-12 -3.2367e-12 1.4448e-12 2.9768e-12 -1.8512e-12 3.8732e-12 -1.1739e-12 -2.273e-12 1.1408e-12 -2.1619e-12 9.3616e-13 -1.1345e-12 -3.9171e-13 1.7097e-12 -4.1732e-12 1.395e-12 1.2546e-12 2.1516e-12 -8.3921e-13 3.1262e-13 -1.6244e-12 5.0196e-13 1.1424e-12 -5.6633e-13 8.4406e-13 1.5544e-13 -9.748e-13 2.7053e-12 2.9455e-13 3.5621e-13 6.7153e-13 -2.7276e-14 3.7431e-13 -6.4394e-13 2.3273e-13 1.7557e-13 3.208e-13 2.0188e-13 2.5391e-13 1.4142e-13 -1.6466e-14 1.0887e-13 2.6664e-14 3.4977e-14 -2.9215e-14 -3.1829e-14 -9.3476e-14
2.3515e-11 1.8184e-11 2.512e-11 1.6573e-11 1.4335e-11 1.8627e-11 1.8858e-11 1.3764e-11 2.1834e-11 1.5038e-11 1.3022e-11 8.6168e-12 8.8328e-12 1.1099e-11 7.0029e-12 9.1255e-12 4.3443e-12 9.8724e-12 7.0658e-13 4.6374e-12 -3.9158e-12 2.7425e-12 2.1587e-11 -1.6086e-12 1.2425e-12 -9.9957e-13 4.5904e-12 4.4297e-12 -1.9784e-12 6.3166e-13 -4.8836e-13 3.3572e-12 -1.8661e-12 -7.1867e-12 1.0017e-12 -2.637e-12 -4.049e-12 6.0091e-13 -1.393e-12 6.036e-14 -2.1925e-12 -1.9697e-12 -3.515e-12 -3.886e-12 -2.8166e-13 -2.2235e-12 8.4968e-13 -2.0599e-12 -9.0571e-13 2.1399e-13 -2.2916e-12 -2.7796e-12 -4.1993e-13 -8.973e-13 -1.4639e-12 5.9054e-12 1.9956e-12 9.8651e-13 -1.5498e-14 -3.6567e-12 -4.5602e-12 -7.69e-13 -2.1238e-12 -4.4225e-14 -6.8812e-13 2.2674e-13 1.618e-12 -1.0868e-12 -9.2195e-13 -1.8047e-12 -2.984e-12 2.6177e-12 -2.7971e-13 7.8204e-13 -3.5081e-13 3.7361e-13 -2.364e-12 7.2599e-13 7.6012e-13 -2.1724e-13 -8.2542e-13 4.8392e-13 1.346e-13 4.5211e-13 -3.85e-13 1.6041e-12 4.3652e-13 -1.0684e-12 8.3402e-13 1.7642e-12 9.6191e-13 -1.0742e-12 4.1605e-13 -2.1954e-13 -6.196e-14 -2.4307e-13 1.7222e-13 -3.3569e-13 -2.8101e-13 8.7526e-13 6.7598e-13 1.3029e-13 2.5406e-13 2.5969e-13 9.3186e-14 -4.2939e-14 9.6203e-15 -8.0343e-15 5.2097e-15
3.7008e-13 -5.1281e-13 -5.813e-13 -3.5694e-12 -1.6787e-12 -2.346e-12 -1.6622e-12 -3.6855e-13 2.997e-12 7.5087e-13 -1.4113e-12 9.5308e-13 -3.1913e-12 -8.8511e-13 1.2515e-12 -4.7965e-13 -5.6066e-13 -4.155e-12 -2.3575e-13 -3.3522e-13 7.3634e-13 1.3549e-12 -1.6086e-12 1.5081e-11 -2.2518e-13 1.8356e-12 7.7932e-13 -3.9177e-12 -1.6774e-12 1.5932e-12 -4.1821e-13 9.0039e-14 -2.7021e-12 2.1887e-12 3.9633e-12 -3.628e-12 -1.0821e-12 -6.8321e-12 5.3263e-13 -6.5444e-13 2.2687e-13 -4.8866e-12 1.635e-12 -8.0662e-13 -8.6698e-13 -6.4889e-13 -4.1445e-12 1.9368e-13 -3.2896e-12 1.131e-13 3.154e-13 7.8056e-14 3.2915e-12 -4.7439e-12 -2.3308e-12 6.3415e-13 -5.8734e-13 1.5818e-12 -1.0509e-12 -1.5099e-12 1.443e-12 1.6589e-12 -8.8534e-13 -7.9347e-15 -1.6934e-12 -4.9379e-13 -2.592e-12 -1.1397e-12 1.332e-12 9.7402e-13 -1.89e-12 -1.2219e-12 -5.6596e-13 -1.4537e-12 -2.9806e-13 -4.3567e-13 3.3259e-13 -8.6181e-13 -7.929e-14 -9.1826e-14 -7.2884e-13 -1.4811e-12 -8.1412e-13 1.1153e-12 1.4744e-12 -7.9006e-13 5.1536e-13 2.0615e-12 4.996e-13 -4.9646e-13 -3.1344e-13 -2.9576e-14 -5.2252e-13 7.3272e-13 2.8958e-13 3.131e-13 6.7351e-13 -8.2838e-15 1.8129e-13 -1.4197e-13 3.2919e-13 -1.1582e-13 3.9338e-14 -4.9995e-14 1.1876e-13 4.5436e-14 -5.2603e-14 4.1969e-15 1.5457e-13
6.878e-12 2.3861e-12 5.7627e-12 8.2554e-12 2.8933e-12 1.3155e-12 8.9872e-12 5.414e-12 9.1616e-12 4.5084e-12 2.9846e-12 -1.3271e-13 3.6092e-12 2.6892e-12 2.1995e-12 -1.0017e-12 1.0623e-12 -3.0941e-13 -1.717e-12 -2.5079e-12 1.6429e-13 -3.172e-12 1.2425e-12 -2.2518e-13 1.5431e-11 7.9984e-13 7.6717e-13 5.0794e-12 -4.844e-13 3.3234e-13 -2.7947e-12 2.3575e-12 8.0174e-13 -1.7627e-12 4.3354e-12 -7.4795e-13 -1.3101e-12 3.0769e-12 -3.3011e-12 -8.2195e-13 -1.9167e-12 1.104e-12 -1.5536e-12 -4.2984e-13 1.7063e-12 1.2996e-12 2.2407e-12 2.6275e-13 -3.8682e-12 -1.9038e-12 -3.5419e-13 -2.0105e-12 1.9529e-12 1.3789e-13 4.909e-13 4.1927e-12 2.4184e-12 -3.1806e-13 -3.8817e-13 9.8532e-13 -6.9032e-12 -3.8375e-13 3.3111e-12 8.7295e-13 -2.4893e-12 5.8728e-13 1.0614e-12 7.7476e-13 -2.4917e-14 1.0822e-12 -2.0391e-12 1.199e-12 4.4305e-13 8.0705e-13 -1.0045e-12 -1.259e-12 -3.5338e-15 -9.158e-13 7.9154e-13 1.2236e-12 2.5703e-12 -1.248e-12 1.6183e-12 2.9404e-13 1.9778e-12 7.4979e-13 1.7966e-12 -6.6362e-13 -9.4973e-13 -9.6901e-13 1.4857e-12 4.2836e-13 -4.1466e-13 -6.5753e-13 5.6427e-13 1.1335e-12 -5.2088e-13 2.7813e-14 8.3681e-14 1.5236e-13 3.7324e-13 -7.596e-14 -5.0162e-15 -7.4056e-14 -2.0153e-14 -4.1312e-14 5.3903e-15 -4.8198e-15 8.2213e-14
-9.622e-12 -8.1082e-12 -3.4459e-12 -4.2117e-12 -6.2561e-12 -8.6755e-12 -3.4089e-12 -1.803e-12 -1.6145e-13 -5.2858e-12 9.9606e-13 -1.2814e-12 -2.299e-12 -1.3444e-12 -4.4825e-12 1.2644e-12 -2.4544e-12 -3.7128e-12 1.2422e-12 -3.5144e-12 -1.9044e-12 3.2155e-13 -9.9957e-13 1.8356e-12 7.9984e-13 1.1951e-11 -9.1277e-13 -2.4169e-12 -7.9432e-13 6.1007e-13 -2.2479e-12 -6.4958e-13 -1.647e-12 3.9304e-12 2.4865e-12 1.6804e-12 2.1319e-12 -1.9857e-12 1.9123e-12 -7.9145e-13 -1.2491e-12 -1.059e-12 4.9181e-12 1.6782e-12 -9.0599e-13 7.843e-13 -2.4079e-12 8.7274e-13 7.9235e-13 3.9676e-13 1.6542e-12 -1.5518e-13 8.796e-13 -7.4975e-13 1.1579e-12 1.7739e-12 -5.6553e-13 5.2311e-13 2.0606e-12 3.5312e-13 3.3112e-15 3.7796e-14 -2.7527e-13 3.7321e-13 -1.271e-12 -9.2575e-14 8.5161e-14 -5.8968e-13 -4.1473e-13 3.9358e-13 -6.951e-13 4.1014e-13 -1.7584e-12 -3.0578e-13 -2.0013e-12 8.6493e-13 1.2381e-13 -7.1598e-13 1.6899e-12 -5.322e-13 2.7213e-13 -1.8526e-12 -2.2536e-12 4.9291e-13 -2.7405e-13 1.021e-13 1.9061e-12 1.3243e-12 -1.7108e-13 -1.2041e-12 4.219e-13 1.4133e-12 -1.8735e-13 -2.0845e-13 -3.4143e-13 5.6505e-13 7.9405e-13 -2.8657e-13 2.0824e-13 5.3895e-13 -7.5739e-14 -3.8626e-13 6.6135e-14 -1.7926e-13 -7.6557e-14 1.489e-14 -1.8795e-14 -4.1764e-14 7.762e-14
2.3965e-13 -2.5871e-12 1.9125e-12 -8.0096e-13 1.3179e-12 1.9105e-12 -1.692e-12 9.9729e-14 -1.4097e-12 8.1107e-13 2.9192e-12 -1.4464e-12 6.151e-13 2.59e-12 3.6565e-12 2.9214e-12 -7.3527e-14 5.3589e-13 -3.0605e-12 -3.3146e-13 -7.3358e-12 -2.8005e-12 4.5904e-12 7.7932e-13 7.6717e-13 -9.1277e-13 1.3057e-11 2.9109e-12 -1.5009e-12 -3.5493e-15 -3.0875e-13 -2.2826e-12 -3.3285e-12 -2.48e-12 2.4438e-13 -1.4582e-12 -1.7275e-12 -2.9111e-13 3.1112e-12 2.5755e-12 -1.2197e-12 -2.7451e-12 1.6548e-12 3.9838e-13 1.5702e-12 -2.1952e-12 1.0194e-12 -4.8358e-12 -3.3858e-13 3.2154e-13 -1.2111e-12 9.0177e-14 8.3749e-13 6.5675e-13 5.0153e-13 -1.0266e-13 1.3822e-12 4.5294e-13 -3.948e-14 5.4247e-13 -3.6378e-12 1.2011e-12 3.3347e-12 -2.0339e-12 5.8482e-13 -1.3711e-12 -6.5725e-13 -1.277e-12 -1.0694e-12 5.8778e-13 -9.5622e-13 1.9037e-12 -3.3678e-13 5.0154e-14 4.1543e-13 1.8262e-13 1.3446e-12 4.7405e-13 -1.3073e-12 -7.8294e-13 6.9417e-13 9.3303e-14 4.5956e-13 -1.0977e-12 6.4466e-13 -1.1181e-12 -1.2152e-12 9.9264e-14 2.8244e-12 3.6163e-13 -1.9695e-13 -3.7515e-13 3.4811e-13 -2.1356e-13 -7.6724e-13 -2.4622e-13 -5.2191e-13 -3.1285e-13 1.102e-13 1.9756e-13 4.6055e-13 -2.9988e-14 5.0801e-13 1.6405e-13 -1.054e-14 -2.3788e-14 2.4153e-14 4.2773e-14 8.8943e-14
-2.3303e-12 -8.7094e-13 -2.8793e-13 2.4642e-12 -1.649e-12 1.6395e-12 -1.899e-12 -9.2917e-13 1.6644e-12 4.5247e-13 1.7553e-15 1.0099e-12 -1.767e-12 3.4497e-12 -2.5138e-12 -1.1056e-12 4.6874e-12 5.6909e-12 1.3909e-13 -3.9789e-12 -3.97e-12 -4.0945e-12 4.4297e-12 -3.9177e-12 5.0794e-12 -2.4169e-12 2.9109e-12 2.1872e-11 -2.0812e-12 2.0229e-12 -7.482e-13 9.1805e-13 -1.1036e-12 -2.113e-12 4.1625e-12 3.2459e-12 1.3893e-14 -5.4081e-13 3.8627e-14 6.5518e-13 1.3517e-12 2.1646e-12 -1.5017e-12 -3.6308e-13 3.4107e-13 3.0753e-12 2.4793e-12 -3.234e-12 1.9544e-12 1.7053e-12 2.6044e-12 3.0441e-12 2.5757e-12 2.0892e-12 1.2325e-12 3.3505e-12 -3.4243e-13 3.715e-12 -1.4567e-12 -7.5454e-14 -5.2864e-12 9.8771e-13 4.42e-12 3.8723e-13 -1.9689e-12 -8.2563e-13 -1.0259e-13 -5.6337e-13 -5.4307e-13 2.87e-13 -2.3625e-12 -1.7281e-12 1.0064e-12 3.4831e-13 4.2636e-13 -6.1823e-13 2.2818e-12 1.5561e-12 6.3464e-13 1.7928e-13 1.4746e-12 2.4781e-13 7.5825e-13 -2.7091e-13 9.1401e-13 -1.3311e-12 -2.982e-13 -2.8135e-12 -6.3174e-13 3.236e-13 -5.4977e-13 -1.1527e-12 -1.2112e-12 2.932e-13 5.0278e-13 2.2082e-13 -5.7078e-13 -7.7024e-13 -9.6276e-13 -7.0447e-14 -1.7268e-13 8.6374e-14 7.025e-13 -2.0558e-13 -5.7236e-15 -1.0513e-13 4.6474e-15 7.8526e-14 1.8176e-14
-8.1267e-12 -1.1815e-11 -1.3275e-11 -1.1166e-11 -8.7954e-12 -4.48e-12 -1.0604e-11 -3.7911e-12 -6.1381e-12 -3.1561e-12 -6.9109e-12 -5.7038e-12 -3.6556e-12 -4.959e-12 -2.5834e-12 -5.1743e-12 1.0075e-12 -1.8916e-12 -5.8634e-12 7.8076e-13 3.5136e-12 9.2616e-13 -1.9784e-12 -1.6774e-12 -4.844e-13 -7.9432e-13 -1.5009e-12 -2.0812e-12 1.1938e-11 -1.4269e-12 2.531e-13 -1.1918e-12 6.0865e-13 1.3506e-12 4.0048e-12 2.6584e-14 3.2974e-12 1.6622e-12 2.626e-12 -1.312e-12 4.697e-13 4.9945e-12 1.3424e-12 9.8343e-13 3.2946e-12 1.6951e-12 8.8559e-13 -1.161e-12 3.8375e-12 -9.2094e-13 3.6856e-12 1.8094e-12 1.4711e-12 3.3966e-12 3.0813e-12 1.2895e-12 2.111e-12 -2.2821e-13 3.1918e-12 -1.1481e-12 7.5736e-13 -1.6301e-12 -1.5676e-14 -4.1039e-13 -9.688e-13 7.0908e-13 1.5649e-13 3.728e-13 1.7135e-12 -1.1048e-12 1.5219e-12 -4.0501e-13 7.0356e-13 1.542e-12 -2.1256e-12 2.053e-12 -2.679e-13 1.6485e-12 -8.2199e-13 1.2323e-12 -6.9078e-14 1.0526e-12 -7.0539e-13 2.0553e-13 -7.0617e-13 9.5864e-13 -3.5654e-13 -7.6857e-13 6.3619e-13 -3.7992e-14 1.6199e-13 5.348e-13 -3.6777e-14 -4.1362e-13 3.9534e-13 -1.4721e-13 -1.9168e-13 -6.1526e-13 -1.765e-13 -4.1126e-13 -2.3622e-13 -1.8444e-13 -2.0827e-14 -1.8478e-14 -1.4868e-13 -2.0981e-14 -5.905e-15 -1.3133e-14 -1.0691e-13
-5.835e-12 -4.6766e-12 -3.0509e-12 -3.3207e-12 -3.4112e-12 -5.4524e-13 -4.785e-12 -1.0287e-12 -3.341e-12 -9.7735e-13 -7.214e-13 -1.2654e-12 -4.1239e-12 -1.9271e-12 2.1297e-12 -6.323e-13 1.57e-12 -1.537e-12 7.0537e-13 3.3522e-12 -1.1694e-12 2.518e-12 6.3166e-13 1.5932e-12 3.3234e-13 6.1007e-13 -3.5493e-15 2.0229e-12 -1.4269e-12 1.1616e-11 -1.4129e-12 2.1289e-12 2.607e-12 -4.5489e-13 2.6379e-12 1.9633e-12 3.2474e-12 1.7261e-12 1.5725e-12 -1.4828e-12 5.9879e-13 -5.3732e-14 4.619e-13 5.8432e-13 -8.1156e-13 -1.1339e-12 6.594e-13 -1.6499e-12 -4.8584e-13 5.1237e-12 6.6669e-13 3.1713e-12 3.2575e-12 -2.2201e-12 -6.2528e-13 3.5092e-12 3.6511e-13 1.7685e-12 -4.1663e-13 3.0167e-12 1.7857e-12 1.9191e-12 4.2315e-14 2.3837e-14 -3.7389e-13 2.0748e-12 -1.7999e-12 1.3778e-12 3.8816e-13 -1.3378e-12 5.8271e-13 -1.2684e-12 -6.8484e-13 2.1089e-13 -1.5164e-13 5.759e-14 1.4778e-12 -3.3199e-13 9.1174e-13 6.5104e-13 5.4641e-14 6.5189e-13 -2.1013e-12 3.7476e-13 6.9186e-13 3.9694e-13 1.3542e-12 5.3657e-13 1.0609e-12 4.7891e-13 2.6551e-13 1.1464e-12 1.6452e-13 -5.4726e-13 -4.3555e-13 2.7427e-14 1.3267e-13 -2.4199e-13 -1.7272e-13 -1.7398e-13 -6.6221e-14 3.4478e-15 4.0575e-14 3.5782e-15 -7.8806e-14 -1.8596e-14 -1.643e-14 -1.4849e-14 -1.5494e-14
7.8529e-13 2.9751e-12 1.1573e-12 3.2789e-12 1.0216e-12 -1.1231e-12 3.0395e-12 -1.0818e-12 7.0787e-12 5.7305e-13 9.0876e-13 -1.5177e-14 1.8375e-12 -8.8359e-13 9.6094e-13 -9.2743e-13 2.0134e-12 4.4595e-13 2.0549e-12 1.3689e-12 8.3906e-13 5.3541e-12 -4.8836e-13 -4.1821e-13 -2.7947e-12 -2.2479e-12 -3.0875e-13 -7.482e-13 2.531e-13 -1.4129e-12 1.0032e-11 -1.2122e-12 1.5549e-12 -1.8871e-12 -2.3e-12 -1.0538e-12 -2.41e-12 -1.3829e-12 -2.0253e-12 2.6663e-12 -8.2172e-13 8.74e-13 -3.1738e-13 1.582e-12 1.22e-12 -7.8919e-13 2.5493e-13 -1.194e-12 -2.0835e-12 6.4342e-13 4.1376e-13 -5.0752e-13 2.7719e-12 -3.816e-13 6.2013e-13 -9.2213e-13 -3.7277e-12 8.2721e-13 -1.9944e-12 -3.4977e-12 1.0715e-12 4.4321e-13 -3.1279e-13 -2.6703e-12 1.3655e-12 6.7146e-13 -1.2419e-12 -4.1916e-14 -1.3284e-12 -6.6568e-13 -2.2465e-13 -5.9437e-13 1.042e-13 -1.4056e-12 3.7267e-13 1.104e-12 -1.1012e-12 1.6622e-12 -4.4488e-13 1.4368e-12 5.2045e-13 1.5739e-13 -9.3687e-14 1.9941e-14 -4.6509e-13 -7.775e-13 -1.9979e-13 -1.6038e-12 -1.7319e-12 1.1224e-12 2.6615e-13 -7.7089e-13 6.4719e-13 -6.2235e-14 1.564e-13 -1.5897e-12 3.6839e-13 -1.1298e-13 4.1385e-13 2.2119e-13 -8.7325e-14 3.7167e-14 5.4706e-14 1.0858e-13 1.3134e-14 6.5588e-14 -2.9678e-14 1.0901e-14 -1.4681e-14
3.6324e-12 -4.1241e-12 -1.5039e-12 -2.3212e-12 -2.7642e-12 -3.8969e-12 -3.0614e-12 -1.7598e-12 -1.3873e-12 5.0026e-12 -1.659e-12 1.8549e-12 -8.3454e-12 1.3291e-12 9.5246e-13 -5.4014e-13 5.9521e-13 1.9744e-12 -1.4634e-12 -5.8623e-13 1.5304e-12 -3.0757e-12 3.3572e-12 9.0039e-14 2.3575e-12 -6.4958e-13 -2.2826e-12 9.1805e-13 -1.1918e-12 2.1289e-12 -1.2122e-12 1.5985e-11 -6.2965e-13 -1.0152e-12 -3.4163e-12 4.0126e-12 -1.6087e-12 -3.3427e-13 1.1129e-13 -8.814e-13 -1.1174e-12 -1.5247e-12 -3.4505e-12 1.2204e-12 -2.1437e-12 -1.1812e-12 -3.7664e-13 2.2333e-12 -1.2818e-12 -2.1617e-14 3.4049e-13 2.6735e-12 -2.9928e-12 -1.5565e-12 -2.575e-13 8.4261e-13 -9.2751e-13 -1.5359e-13 -2.1836e-13 7.6423e-13 2.7115e-12 -1.338e-12 -1.0614e-13 2.5762e-12 1.0737e-12 1.4299e-12 7.0373e-13 -4.6873e-13 5.3256e-13 -6.1192e-13 -1.9919e-12 -2.9719e-13 5.8947e-13 1.6372e-12 -8.2137e-13 -1.7888e-12 -1.1339e-12 -5.9675e-13 -9.1535e-13 -2.2431e-13 2.1844e-15 1.4946e-12 3.8237e-14 1.7008e-12 -2.9086e-13 1.1484e-12 -2.3828e-13 -9.5987e-13 -9.8872e-13 2.0493e-15 7.5408e-13 -3.3031e-13 -2.5813e-13 -4.3539e-13 6.0457e-13 4.765e-13 -4.3307e-13 1.1473e-13 6.6736e-14 -3.2745e-13 -1.7774e-13 -6.1615e-15 -1.725e-13 2.6234e-13 8.6073e-15 -9.3649e-15 -2.2303e-14 2.6481e-14 -1.5154e-15
