2.1599e-11 1.7045e-11 1.532e-11 1.6255e-11 1.3626e-11 1.7395e-11 2.3201e-11 1.4474e-11 2.1539e-11 1.334e-11 2.0564e-11 2.0504e-11 2.0427e-11 1.7588e-11 2.0283e-11 1.9928e-11 1.7832e-11 2.1824e-11 1.5023e-11 2.0521e-11 1.6815e-11 2.2769e-11 1.9829e-11 1.9987e-11 2.2567e-11 1.5629e-11 1.8432e-11 2.14e-11 1.7035e-11 1.8495e-11 1.8252e-11 1.7998e-11 1.718e-11 1.8662e-11 1.7248e-11 1.9362e-11 2.0334e-11 1.711e-11 1.7326e-11 1.5079e-11 1.8472e-11 1.7443e-11 1.5359e-11 1.6543e-11 1.4161e-11 2.0361e-11 1.724e-11 2.0936e-11 1.4162e-11 1.8257e-11 1.5688e-11 1.4957e-11 1.2376e-11 1.4235e-11 1.2742e-11 1.0442e-11 1.2082e-11 1.1119e-11 9.2341e-12 1.185e-11 8.2225e-12 1.0823e-11 9.5143e-12 8.5701e-12 9.3713e-12 8.9853e-12 4.7997e-12 6.8838e-12 1.1151e-11 4.9799e-12 7.2833e-12 3.0524e-12 8.8791e-12 3.6349e-12 5.7426e-12 5.6656e-12 7.1025e-12 -6.5812e-14 -7.0066e-13 2.7041e-12 2.2633e-12 4.9177e-12 2.9544e-12 -4.7724e-14 4.6689e-12 5.137e-12 3.9075e-12 3.3629e-12 4.4346e-12 5.3525e-13 1.7639e-12 5.0037e-12 1.3458e-12 9.1296e-13 -1.1351e-13 -1.3155e-12 3.2557e-12 7.4701e-14 2.7027e-13 -1.0128e-12 3.2204e-12 -1.0598e-15 2.4692e-12 1.776e-13 1.4532e-12 -4.4305e-13 7.3398e-13 8.9736e-13 -9.4029e-13 3.254e-12 1.4874e-12 2.6861e-12 -2.213e-12 1.1623e-12 1.3188e-12 6.4456e-13 2.908e-12 -2.6308e-12 -2.4651e-12 -3.7939e-14 1.0912e-12 -7.6528e-13 -7.1227e-13 6.7916e-13 2.1657e-12 3.235e-12 -3.1199e-12 2.1774e-13 -2.7813e-12 -1.0816e-12 9.778e-13 4.1559e-12 -3.647e-13 3.8919e-13 2.6996e-13 -7.9785e-13 -1.0974e-12 3.2341e-14 -1.402e-12 3.9439e-12 -1.4583e-12 -3.8245e-13 1.7555e-12 -1.1731e-12 -1.6327e-12 -3.13e-12 2.4882e-13 2.7034e-12 3.4804e-12 -2.528e-13 1.1186e-12 2.9178e-12 8.2284e-13 3.9248e-13 4.3892e-13 7.7576e-13 -2.469e-13 -1.9045e-12 -3.7228e-13 -3.7808e-13 -8.5585e-13 -1.3384e-12 -2.603e-13 -1.5016e-12 -1.7538e-12 -1.452e-13 -9.0819e-13 2.4437e-13 -7.065e-13 1.359e-13 -2.2219e-13 -1.9343e-13 8.6566e-13 -4.8719e-13 5.0076e-13 -1.0152e-13 -7.8581e-14 -7.9518e-13 -3.4728e-14 -1.3202e-13 -4.374e-13 6.9818e-13 4.5213e-13 4.2956e-13 -2.8371e-13 -1.9516e-13
1.7045e-11 1.9776e-11 1.6383e-11 1.5658e-11 1.2716e-11 1.6379e-11 2.091e-11 1.2693e-11 2.0209e-11 1.2058e-11 1.9278e-11 2.0068e-11 1.8916e-11 1.5485e-11 1.8562e-11 1.8151e-11 1.503e-11 1.9371e-11 1.4614e-11 1.9879e-11 1.563e-11 2.1968e-11 1.7821e-11 1.8106e-11 2.1068e-11 1.5997e-11 1.8157e-11 1.9715e-11 1.5887e-11 1.7596e-11 1.7361e-11 1.7784e-11 1.669e-11 1.8779e-11 1.5927e-11 1.8657e-11 1.9167e-11 1.4101e-11 1.593e-11 1.4696e-11 1.6812e-11 1.5346e-11 1.2739e-11 1.3575e-11 1.0052e-11 1.8859e-11 1.321e-11 1.7931e-11 1.4211e-11 1.5408e-11 1.7143e-11 1.4574e-11 1.0282e-11 1.532e-11 1.2035e-11 9.1916e-12 1.0739e-11 1.1294e-11 6.7364e-12 1.1265e-11 7.4265e-12 9.426e-12 8.7981e-12 7.6319e-12 9.4317e-12 8.9845e-12 2.2772e-12 5.958e-12 1.0914e-11 5.9385e-12 5.6959e-12 2.7184e-12 8.1978e-12 2.7148e-12 7.0186e-12 7.2902e-12 6.58e-12 -8.5176e-13 7.0214e-14 1.8225e-12 8.785e-13 5.1891e-12 3.6336e-12 5.3729e-13 4.9639e-12 4.0564e-12 2.7289e-12 2.9082e-12 4.0171e-12 1.2973e-12 8.4274e-13 5.7397e-12 1.9525e-12 -3.801e-13 -4.716e-13 6.9512e-13 1.1763e-12 1.4894e-12 8.2614e-13 -6.2524e-14 2.573e-12 -2.4652e-13 2.887e-12 -1.5197e-12 1.1518e-12 -1.1924e-12 1.9378e-12 -7.5248e-13 1.1735e-12 2.2631e-12 2.546e-12 1.7096e-12 -2.522e-12 9.2838e-13 -3.8043e-13 3.5167e-14 9.8198e-13 -3.4053e-12 -9.9976e-13 5.4138e-13 1.001e-12 -2.2315e-12 -2.2495e-12 4.1529e-13 1.7446e-12 1.1994e-12 -3.7144e-12 -4.636e-13 -3.2195e-12 -8.4595e-13 4.2569e-13 3.3629e-12 -9.8307e-13 2.7421e-13 1.6258e-12 -1.9988e-13 -2.6371e-12 6.8674e-13 -8.3433e-13 2.4357e-12 -6.1262e-13 -6.9357e-13 1.6367e-12 -1.1638e-12 -1.2697e-12 -3.562e-12 -1.1747e-12 2.0886e-12 3.0527e-12 1.0724e-12 -3.391e-14 9.4416e-13 1.2156e-13 6.5405e-13 3.7636e-14 1.1076e-12 -1.1317e-13 -2.2922e-13 2.3538e-14 -1.6641e-12 -4.1525e-13 -1.5735e-12 -1.1555e-12 -1.2958e-12 -1.7395e-12 -2.2476e-13 -9.0475e-13 9.7852e-13 -2.5953e-13 2.8169e-14 -1.3844e-13 1.1158e-12 5.7018e-13 4.3257e-14 4.7085e-13 -2.5378e-13 -1.7108e-13 -5.8078e-13 5.493e-14 2.806e-15 -1.769e-15 1.1356e-12 8.4948e-13 -2.2505e-14 -1.7366e-13 -2.9017e-13
1.532e-11 1.6383e-11 1.8601e-11 1.5154e-11 1.1796e-11 1.532e-11 1.9948e-11 1.195e-11 1.8668e-11 1.2295e-11 1.8865e-11 1.8113e-11 1.9385e-11 1.4772e-11 1.8608e-11 1.8559e-11 1.495e-11 1.9596e-11 1.4783e-11 1.9208e-11 1.494e-11 1.9873e-11 1.6595e-11 1.7099e-11 2.0742e-11 1.5531e-11 1.6648e-11 1.8562e-11 1.6572e-11 1.658e-11 1.7748e-11 1.8494e-11 1.7273e-11 1.6329e-11 1.6032e-11 2.0127e-11 1.7778e-11 1.3768e-11 1.6904e-11 1.3497e-11 1.5647e-11 1.5608e-11 1.1414e-11 1.416e-11 1.2185e-11 1.9401e-11 1.4244e-11 1.7177e-11 1.5139e-11 1.6054e-11 1.8152e-11 1.4742e-11 8.9661e-12 1.5836e-11 1.3811e-11 1.0179e-11 1.08e-11 8.923e-12 7.2768e-12 9.4254e-12 6.8604e-12 1.0101e-11 8.0455e-12 6.0382e-12 8.6455e-12 8.5129e-12 4.1937e-12 4.5266e-12 1.1785e-11 5.2699e-12 4.2545e-12 5.4563e-12 6.9461e-12 1.3901e-12 6.4675e-12 6.5217e-12 7.1852e-12 3.4482e-13 1.1181e-12 2.4439e-12 9.962e-13 6.3656e-12 2.2213e-12 1.7958e-12 2.5403e-12 6.1638e-12 2.442e-12 2.088e-12 3.3946e-12 1.6793e-12 2.6349e-12 3.669e-12 2.6525e-12 2.6921e-12 -7.0041e-13 1.7084e-12 2.335e-12 1.2896e-12 9.5492e-13 1.051e-12 3.2386e-12 -2.0485e-12 2.4471e-12 -1.2989e-12 2.7287e-12 -2.1762e-12 2.549e-12 3.5193e-13 1.35e-12 3.1418e-12 2.6825e-12 1.5989e-12 -1.3573e-12 8.2584e-13 1.7956e-12 9.7836e-13 1.7633e-12 -2.2582e-12 -1.8792e-12 7.6879e-13 -2.9118e-13 -1.9616e-12 -1.0095e-12 2.2099e-13 2.6777e-12 9.4567e-13 -3.7226e-12 -1.9142e-13 -2.1487e-12 -5.952e-13 -1.0622e-13 3.1735e-12 -2.7109e-13 4.7413e-13 -9.9656e-13 1.5782e-14 -2.6927e-12 4.9922e-13 8.6162e-14 1.6514e-12 -4.4342e-13 -1.335e-12 1.3903e-12 -1.4326e-12 -1.7826e-12 -3.8399e-12 2.1755e-13 1.8805e-12 2.4531e-12 7.2752e-13 2.8843e-15 1.2702e-12 5.1651e-14 6.4263e-13 6.0882e-13 3.761e-15 -3.6437e-13 -8.1021e-13 1.0797e-12 -1.6211e-12 -7.0087e-13 -4.1378e-13 -2.8712e-13 -6.8616e-13 -2.0777e-12 -1.2109e-13 -9.3657e-13 1.0386e-12 -8.5195e-13 3.6171e-13 -8.8638e-13 3.8951e-13 2.1205e-13 -4.7408e-13 3.933e-13 4.0545e-13 4.4429e-13 -3.6372e-13 1.4089e-13 -5.9751e-13 7.52e-14 1.1194e-12 5.9532e-13 6.1859e-14 -4.0024e-13 -4.2206e-13
1.6255e-11 1.5658e-11 1.5154e-11 1.84e-11 1.2052e-11 1.5508e-11 2.0619e-11 1.2181e-11 1.8404e-11 1.2015e-11 1.9002e-11 1.9297e-11 1.8399e-11 1.453e-11 1.7996e-11 1.6265e-11 1.5325e-11 1.8601e-11 1.3762e-11 1.8582e-11 1.4837e-11 1.9865e-11 1.7656e-11 1.7353e-11 1.8674e-11 1.398e-11 1.8274e-11 1.9439e-11 1.637e-11 1.5145e-11 1.5733e-11 1.7566e-11 1.7357e-11 1.7221e-11 1.5882e-11 1.7206e-11 1.9058e-11 1.4282e-11 1.7086e-11 1.3999e-11 1.6717e-11 1.5035e-11 1.1912e-11 1.5486e-11 1.1772e-11 1.9588e-11 1.5082e-11 1.8353e-11 1.252e-11 1.4224e-11 1.6136e-11 1.5119e-11 9.9205e-12 1.5795e-11 1.2771e-11 1.0751e-11 1.0604e-11 1.0478e-11 7.7136e-12 1.0003e-11 7.5847e-12 8.9393e-12 9.679e-12 6.7549e-12 9.272e-12 8.5276e-12 1.5311e-12 4.7271e-12 9.5085e-12 4.1422e-12 6.4644e-12 4.0283e-12 7.2916e-12 -1.2978e-13 6.239e-12 6.5116e-12 7.0223e-12 -6.2884e-13 2.117e-12 1.5506e-12 3.6229e-12 5.482e-12 1.8681e-12 6.426e-13 3.336e-12 5.2669e-12 4.3012e-12 2.1812e-12 3.1216e-12 3.4118e-12 8.9713e-13 3.6895e-12 3.428e-12 1.1729e-12 3.8875e-13 -6.1769e-13 3.4343e-12 9.0031e-14 9.4998e-13 -3.3986e-13 2.2541e-12 -2.4868e-12 2.6005e-12 -1.7869e-12 1.5709e-12 -1.2909e-12 1.236e-12 -2.8788e-13 1.1478e-12 1.6413e-12 3.038e-12 6.756e-13 -1.7994e-12 2.0166e-12 2.6502e-12 6.7923e-13 6.7533e-13 -2.2147e-12 -2.3326e-12 -4.4238e-13 1.4125e-12 -1.6249e-12 -1.1299e-12 1.5541e-12 3.2695e-12 -1.317e-13 -3.7503e-12 4.3248e-13 -1.3573e-12 -8.788e-13 1.5123e-12 3.0943e-12 -6.4387e-13 1.2819e-12 -1.083e-12 -5.9788e-14 -2.0552e-12 1.1719e-12 -6.7566e-13 4.6036e-12 -6.6899e-13 -1.091e-13 2.5916e-12 -1.7424e-12 -1.0727e-12 -3.959e-12 7.4413e-13 2.753e-13 3.0041e-12 9.8168e-14 1.2429e-13 8.8214e-13 1.0759e-13 1.1594e-12 4.2313e-14 1.6378e-13 9.6986e-14 -1.2342e-12 5.6688e-13 -1.1478e-12 -6.0421e-13 -1.0363e-12 -8.643e-13 -1.2943e-12 -1.5865e-12 -3.2727e-13 -1.3263e-12 -2.5588e-13 -1.4187e-12 7.1899e-13 -7.1848e-13 2.1837e-13 3.5223e-13 2.4988e-13 -1.095e-13 1.2402e-13 -2.3555e-13 -1.1275e-13 -2.2894e-13 -5.0573e-13 -1.2885e-14 9.4182e-13 6.1475e-13 4.2207e-13 -2.5512e-13 -3.3162e-13
1.3626e-11 1.2716e-11 1.1796e-11 1.2052e-11 1.3246e-11 1.3308e-11 1.8e-11 9.95e-12 1.5873e-11 1.0122e-11 1.5582e-11 1.6494e-11 1.5367e-11 1.2224e-11 1.4916e-11 1.4518e-11 1.2584e-11 1.6509e-11 1.1808e-11 1.4115e-11 1.3566e-11 1.6421e-11 1.5351e-11 1.3991e-11 1.7583e-11 1.0756e-11 1.4049e-11 1.5272e-11 1.393e-11 1.5377e-11 1.28e-11 1.3813e-11 1.4278e-11 1.6077e-11 1.2913e-11 1.6206e-11 1.714e-11 1.1442e-11 1.2221e-11 1.1301e-11 1.3761e-11 1.1824e-11 1.0756e-11 1.1563e-11 1.0615e-11 1.4213e-11 1.2053e-11 1.5994e-11 1.0477e-11 1.2042e-11 1.1973e-11 1.1546e-11 9.5631e-12 1.0899e-11 1.1361e-11 6.4367e-12 1.0221e-11 8.824e-12 7.1018e-12 7.5745e-12 5.7316e-12 8.3069e-12 8.1901e-12 6.6727e-12 7.0976e-12 6.3667e-12 2.5123e-12 5.6027e-12 7.6606e-12 4.9962e-12 4.9999e-12 3.1556e-12 5.9584e-12 2.5613e-12 3.9998e-12 4.7659e-12 4.8232e-12 -2.002e-13 -2.0624e-13 2.5198e-12 3.231e-12 5.1125e-12 3.1345e-12 1.7378e-12 3.2434e-12 4.484e-12 5.7272e-12 2.9697e-12 3.8868e-12 1.7164e-12 -5.7926e-13 4.5841e-12 -1.4793e-14 1.3527e-12 -1.1917e-12 1.4044e-12 2.3049e-12 1.4604e-12 5.8692e-13 -3.9637e-13 1.5623e-12 -7.518e-13 2.8408e-12 7.4053e-13 -4.8355e-13 4.4439e-13 1.6829e-12 -2.089e-13 1.4792e-12 4.6142e-13 2.2066e-12 2.7494e-12 -1.5596e-12 -1.3449e-13 9.713e-13 9.433e-13 1.1311e-12 -1.9007e-12 -1.2823e-12 -2.9062e-13 5.7436e-13 -1.0913e-12 -1.131e-12 -3.4364e-13 1.5335e-12 1.1613e-12 -2.2563e-12 2.563e-14 -8.5647e-13 -1.2104e-12 -5.4432e-13 3.3724e-12 -1.9357e-12 8.6903e-13 -5.0153e-13 -1.2419e-12 -3.1734e-13 3.7023e-13 -3.9193e-13 2.0508e-12 -6.3061e-13 -4.0239e-13 8.3462e-13 -1.4526e-12 -1.4941e-12 -1.8842e-12 -2.6908e-14 1.298e-12 1.5211e-12 3.5165e-13 5.0293e-13 1.6709e-12 1.0984e-12 7.4362e-13 6.1489e-13 6.63e-13 -3.0515e-14 -9.7102e-13 -2.4875e-13 -1.0932e-12 1.1604e-13 -5.9468e-14 -2.6666e-13 -9.8545e-13 -1.4215e-12 8.9861e-13 -7.7224e-13 4.907e-13 -1.376e-12 -3.7126e-13 -2.9429e-13 -6.8527e-13 4.5045e-13 3.388e-13 -6.6314e-14 -5.796e-13 -3.6702e-13 -2.3764e-13 -2.2939e-13 -2.9709e-13 -2.0941e-13 7.0043e-13 4.6668e-13 7.882e-14 -1.5764e-13 -2.6082e-13
1.7395e-11 1.6379e-11 1.532e-11 1.5508e-11 1.3308e-11 1.9012e-11 2.1205e-11 1.3379e-11 2.1242e-11 1.2701e-11 1.8488e-11 1.9806e-11 1.9791e-11 1.4715e-11 1.8703e-11 1.7418e-11 1.5736e-11 2.0535e-11 1.4871e-11 2.0253e-11 1.6028e-11 2.2052e-11 1.7367e-11 1.8534e-11 2.1422e-11 1.4803e-11 1.6654e-11 1.9829e-11 1.6083e-11 1.8706e-11 1.813e-11 1.9165e-11 1.6925e-11 1.9727e-11 1.7492e-11 1.8851e-11 1.869e-11 1.545e-11 1.6259e-11 1.403e-11 1.7679e-11 1.6622e-11 1.4404e-11 1.4848e-11 1.1349e-11 1.9014e-11 1.499e-11 2.0393e-11 1.3601e-11 1.6396e-11 1.5793e-11 1.401e-11 1.0838e-11 1.6244e-11 1.4879e-11 9.7521e-12 1.0464e-11 1.1873e-11 7.6985e-12 8.7569e-12 7.8112e-12 1.0278e-11 8.0776e-12 7.6704e-12 9.2521e-12 7.795e-12 3.9702e-12 7.7538e-12 1.0659e-11 4.4697e-12 6.898e-12 2.8612e-12 8.0229e-12 9.9092e-13 7.3399e-12 6.0632e-12 5.1077e-12 5.4565e-13 1.2602e-15 2.9218e-12 1.7697e-12 5.7156e-12 2.4113e-12 1.6075e-12 3.1815e-12 4.8595e-12 4.1375e-12 4.6337e-12 3.6296e-12 7.1304e-13 -2.6998e-13 4.25e-12 2.4507e-12 1.3661e-12 -1.7003e-12 1.2982e-13 2.5322e-12 1.2863e-12 5.8738e-13 -1.6029e-13 1.9956e-12 -1.6891e-12 1.3382e-12 -1.3295e-12 1.4085e-12 -1.1216e-12 3.6293e-13 -1.5452e-13 2.2874e-13 2.6077e-12 1.5752e-12 2.6611e-12 -2.1544e-12 2.3201e-13 1.6371e-12 1.0621e-14 1.7353e-12 -2.6006e-12 -2.5746e-12 3.4067e-13 9.6385e-13 -1.251e-12 -7.503e-13 8.1942e-13 2.3789e-12 2.5933e-12 -3.1619e-12 -1.3366e-13 -2.9205e-12 -2.4904e-12 3.5638e-13 3.8808e-12 -1.8976e-12 8.3063e-13 -1.8186e-12 7.8728e-14 -2.022e-12 1.7784e-13 -1.6269e-12 3.9469e-12 -1.7209e-12 -1.1294e-12 1.8998e-12 -9.5197e-13 -8.4163e-13 -2.9926e-12 2.5506e-13 1.8587e-12 2.5258e-12 7.7272e-13 1.0053e-12 1.5979e-12 -2.5424e-14 1.0218e-12 2.7624e-13 2.1744e-14 -3.858e-13 -7.0879e-13 3.3085e-13 -4.163e-13 -8.601e-14 -1.1691e-12 -8.2113e-13 -4.0455e-13 -2.5272e-12 1.2945e-13 -9.1324e-13 4.9495e-13 -1.2278e-12 -1.5099e-13 -6.314e-13 1.2143e-13 5.3552e-13 -8.8439e-14 -5.0461e-14 -1.5604e-13 1.6294e-14 -2.2123e-13 3.6808e-14 -1.687e-13 -6.1881e-13 6.2575e-13 9.6823e-13 1.0605e-13 -1.328e-13 -2.5072e-13
2.3201e-11 2.091e-11 1.9948e-11 2.0619e-11 1.8e-11 2.1205e-11 3.7815e-11 1.8526e-11 2.7017e-11 1.9195e-11 2.642e-11 2.7686e-11 2.634e-11 2.2399e-11 2.7029e-11 2.6195e-11 2.1378e-11 2.7945e-11 2.1633e-11 2.5897e-11 2.1989e-11 2.9756e-11 2.5974e-11 2.7083e-11 2.673e-11 1.9861e-11 2.4419e-11 2.7916e-11 2.3691e-11 2.437e-11 2.2853e-11 2.5427e-11 2.3794e-11 2.5225e-11 2.2093e-11 2.7757e-11 2.773e-11 2.0246e-11 1.9265e-11 1.6878e-11 2.7174e-11 2.1334e-11 1.9055e-11 2.4385e-11 1.5542e-11 2.7435e-11 2.1625e-11 2.4954e-11 1.9358e-11 2.3416e-11 2.1778e-11 1.7009e-11 1.4783e-11 2.3539e-11 1.7919e-11 1.2473e-11 1.5922e-11 1.3731e-11 1.5313e-11 1.4045e-11 1.1959e-11 1.3303e-11 1.2374e-11 1.2298e-11 1.13e-11 1.2954e-11 2.9465e-12 8.0813e-12 1.4715e-11 6.6877e-12 7.6544e-12 4.5546e-12 1.0198e-11 4.9007e-12 6.6799e-12 8.9825e-12 1.1064e-11 3.7608e-13 -2.2671e-13 3.3866e-12 3.4078e-12 9.1043e-12 2.2792e-12 1.7841e-12 7.3538e-12 6.113e-12 7.1074e-12 5.8258e-12 7.0083e-12 2.8752e-12 1.8891e-12 5.6412e-12 3.2266e-12 1.5876e-12 -5.0576e-13 9.5929e-13 3.5347e-12 1.0821e-12 2.2893e-12 -1.9978e-12 4.32e-12 -2.0692e-13 1.2181e-12 -6.4496e-14 2.0692e-12 -1.5658e-12 1.5015e-12 5.7405e-13 3.4609e-12 2.0863e-12 1.7132e-12 2.1137e-12 -2.6184e-13 2.4348e-12 3.2176e-13 3.0128e-12 4.7416e-12 -2.8983e-12 -2.5882e-12 4.1506e-14 7.507e-13 -1.3108e-13 -4.2292e-12 1.7114e-12 3.0763e-12 2.8194e-12 -2.1407e-12 1.4926e-12 -2.4754e-12 -1.7556e-12 -1.295e-12 4.6515e-12 -1.1454e-12 1.693e-12 -2.098e-12 -1.8418e-12 -2.3266e-12 1.3719e-13 8.6535e-13 4.8628e-12 -8.0053e-13 -1.1615e-12 1.9576e-12 -1.1909e-12 -1.6193e-12 -2.271e-12 1.5051e-13 2.9195e-12 4.0551e-12 -2.4222e-13 2.3532e-12 2.2696e-12 6.0732e-13 1.5114e-12 7.7427e-13 1.9219e-12 -5.7793e-13 -2.3047e-12 -7.4877e-13 -2.4243e-12 -7.0501e-13 -5.3319e-13 -8.9708e-13 -2.3871e-12 -1.8179e-12 1.6847e-12 3.3189e-13 5.5552e-13 -2.0962e-12 6.6571e-13 -7.5314e-13 -4.4064e-14 8.408e-13 1.5684e-13 3.6663e-13 -3.2728e-13 1.2591e-13 -4.255e-14 -2.0329e-13 1.9461e-13 -5.3545e-13 1.9402e-12 8.3181e-13 3.1493e-13 -4.7092e-13 -7.175e-13
1.4474e-11 1.2693e-11 1.195e-11 1.2181e-11 9.95e-12 1.3379e-11 1.8526e-11 1.3739e-11 1.6689e-11 1.0639e-11 1.5295e-11 1.5826e-11 1.5121e-11 1.307e-11 1.6117e-11 1.5126e-11 1.296e-11 1.7687e-11 1.1694e-11 1.6187e-11 1.2964e-11 1.7811e-11 1.4487e-11 1.5499e-11 1.7162e-11 1.1455e-11 1.4883e-11 1.6931e-11 1.3966e-11 1.526e-11 1.3557e-11 1.3951e-11 1.4241e-11 1.5843e-11 1.3921e-11 1.5162e-11 1.4185e-11 1.2294e-11 1.1732e-11 9.8475e-12 1.4855e-11 1.2761e-11 1.0945e-11 1.2615e-11 8.5985e-12 1.5318e-11 1.1069e-11 1.6199e-11 1.2225e-11 1.3626e-11 1.2902e-11 1.1561e-11 9.208e-12 1.2647e-11 1.0618e-11 7.0039e-12 8.0623e-12 6.9247e-12 6.353e-12 7.6034e-12 7.7878e-12 9.0109e-12 6.8514e-12 7.0893e-12 6.435e-12 6.782e-12 1.8132e-12 5.4537e-12 8.808e-12 4.5138e-12 5.1317e-12 2.7221e-12 4.6408e-12 2.908e-12 5.1233e-12 5.1081e-12 5.8561e-12 -4.5969e-15 1.1436e-12 1.7778e-12 1.9494e-13 4.3357e-12 1.0973e-12 3.2824e-13 3.7578e-12 3.4217e-12 3.724e-12 3.5661e-12 2.3767e-12 2.3243e-12 2.6109e-13 1.3268e-12 1.6195e-12 2.0266e-13 -1.9105e-12 -9.8086e-13 2.2145e-12 3.8134e-13 5.1903e-14 -1.1712e-12 2.0391e-12 8.3629e-13 2.6723e-12 8.0661e-14 7.0822e-13 -8.1444e-13 1.7992e-13 3.9831e-13 1.9558e-12 3.4707e-12 1.3554e-12 1.6286e-12 -1.8004e-12 1.4714e-12 -5.6466e-13 -3.4692e-13 2.308e-12 -9.1439e-13 -2.4279e-12 3.7529e-13 -6.6166e-13 -5.1355e-13 -1.3344e-12 1.9438e-12 1.4495e-12 1.8191e-12 -3.1601e-12 9.2545e-13 -4.0417e-12 8.3638e-13 -6.91e-13 3.0315e-12 -5.7944e-13 7.5821e-13 6.5747e-13 -1.0465e-12 -6.2757e-13 2.1444e-13 2.9102e-13 3.1373e-12 -1.7815e-12 -1.1471e-12 2.2479e-12 -1.4242e-12 -1.3319e-12 -1.9703e-12 -1.5771e-13 2.0758e-12 2.4883e-12 -2.801e-13 5.5255e-13 1.1516e-12 -3.4278e-13 6.7077e-13 -9.0338e-14 -7.3451e-15 -9.993e-13 -1.0076e-12 -5.5872e-13 -6.3708e-13 -1.6793e-12 -9.7455e-13 -5.0359e-13 -8.7454e-13 -1.2654e-12 2.5546e-13 -8.6896e-13 3.5549e-13 -6.4684e-13 -1.9554e-13 -9.7242e-13 4.9908e-14 1.6081e-13 -4.3573e-13 5.687e-13 -1.0547e-14 -6.2887e-14 -4.8026e-13 2.8494e-13 1.2742e-13 -8.1005e-13 1.2747e-12 4.0101e-13 2.8642e-13 -7.838e-14 -2.4746e-14
2.1539e-11 2.0209e-11 1.8668e-11 1.8404e-11 1.5873e-11 2.1242e-11 2.7017e-11 1.6689e-11 2.9518e-11 1.5385e-11 2.3283e-11 2.583e-11 2.3181e-11 1.9616e-11 2.3701e-11 2.2065e-11 2.076e-11 2.5373e-11 1.9793e-11 2.5612e-11 1.791e-11 2.7992e-11 2.2679e-11 2.3468e-11 2.5561e-11 1.9769e-11 2.2074e-11 2.4132e-11 1.9637e-11 2.3445e-11 2.2408e-11 2.3914e-11 2.0116e-11 2.312e-11 2.0284e-11 2.3477e-11 2.4228e-11 1.7852e-11 2.0174e-11 1.714e-11 2.1936e-11 1.9718e-11 1.6873e-11 1.9211e-11 1.2499e-11 2.2647e-11 1.8085e-11 2.3462e-11 1.7594e-11 2.2059e-11 1.9301e-11 1.6611e-11 1.3208e-11 2.1706e-11 1.651e-11 1.2642e-11 1.2556e-11 1.2699e-11 9.6426e-12 1.1211e-11 1.1213e-11 1.3328e-11 1.0258e-11 9.6677e-12 1.0075e-11 8.9914e-12 3.9077e-12 7.589e-12 1.3369e-11 5.6388e-12 6.4496e-12 3.2093e-12 9.1131e-12 2.5513e-12 7.5364e-12 6.9884e-12 8.3856e-12 7.7988e-13 -3.0697e-13 3.4675e-12 1.6235e-12 6.3929e-12 2.8032e-12 1.4283e-12 5.2693e-12 5.8842e-12 5.4454e-12 4.6454e-12 6.478e-12 -1.2285e-13 1.583e-12 5.7751e-12 2.1945e-12 2.7113e-12 -5.5698e-14 -2.1787e-12 9.0168e-13 1.503e-12 1.2228e-12 1.3379e-13 2.4036e-12 -2.8804e-12 3.1633e-12 -1.3996e-12 1.2799e-12 -1.4455e-12 4.0651e-12 -8.4833e-13 1.8924e-12 4.657e-12 6.6647e-13 3.4336e-12 -2.9377e-12 1.7708e-12 2.3737e-12 -1.1705e-13 2.7835e-12 -2.7668e-12 -2.3305e-12 7.3704e-14 3.758e-13 -1.4277e-12 -2.3296e-12 5.0359e-13 3.1193e-12 3.0579e-12 -4.3537e-12 1.6977e-14 -4.9941e-12 -2.1673e-12 -6.7342e-13 5.1159e-12 -1.0426e-12 9.5266e-14 -2.6303e-12 -1.9233e-13 -1.3911e-12 -1.5607e-12 -1.6696e-12 4.6167e-12 -3.6982e-13 -6.9079e-13 1.3168e-12 -8.5434e-13 -1.846e-12 -3.3853e-12 8.8004e-13 2.6806e-12 3.3265e-12 6.5054e-13 1.5887e-12 1.7915e-12 7.5128e-13 1.4159e-12 3.1525e-13 7.9202e-13 -9.1182e-13 -1.3845e-12 4.2599e-14 -7.4654e-13 1.4394e-14 -1.7657e-12 -3.3178e-13 -1.0766e-12 -2.9587e-12 1.092e-12 -4.0403e-13 6.3314e-13 -4.5885e-13 4.1041e-15 -6.5268e-13 1.5732e-13 3.8627e-13 2.6887e-14 6.1757e-13 -3.8473e-13 -1.5673e-13 5.7747e-14 -2.2386e-14 -1.1623e-14 -8.4904e-13 9.4946e-13 8.1439e-13 6.3725e-14 -8.3076e-14 -1.1434e-13
1.334e-11 1.2058e-11 1.2295e-11 1.2015e-11 1.0122e-11 1.2701e-11 1.9195e-11 1.0639e-11 1.5385e-11 1.3952e-11 1.7337e-11 1.5901e-11 1.5736e-11 1.2699e-11 1.5867e-11 1.626e-11 1.2971e-11 1.7017e-11 1.2092e-11 1.5499e-11 1.2531e-11 1.7166e-11 1.5501e-11 1.4278e-11 1.7587e-11 1.27e-11 1.336e-11 1.5594e-11 1.3236e-11 1.4709e-11 1.1947e-11 1.4605e-11 1.385e-11 1.4416e-11 1.4266e-11 1.6105e-11 1.5394e-11 1.2495e-11 1.234e-11 1.0738e-11 1.3801e-11 1.3879e-11 1.0573e-11 1.379e-11 1.0067e-11 1.7231e-11 1.2844e-11 1.668e-11 1.1639e-11 1.4156e-11 1.3085e-11 1.1381e-11 8.5761e-12 1.3908e-11 1.0303e-11 7.4085e-12 9.9723e-12 8.2932e-12 7.2782e-12 7.9128e-12 6.8739e-12 7.6446e-12 7.0364e-12 6.6435e-12 6.3584e-12 5.5898e-12 3.2237e-12 5.4271e-12 8.8783e-12 3.643e-12 5.4646e-12 3.42e-12 4.8941e-12 2.9035e-12 6.1292e-12 4.0811e-12 6.4855e-12 -1.7389e-12 9.0452e-13 1.6017e-12 3.4536e-13 5.1174e-12 1.226e-12 6.9623e-13 1.1849e-12 4.1712e-12 3.237e-12 3.1129e-12 3.0811e-12 2.2037e-12 2.2129e-12 2.9335e-12 2.6332e-12 8.4896e-13 -4.5043e-13 1.736e-13 2.9579e-12 9.2249e-13 9.372e-13 3.1716e-13 2.4913e-12 -1.8632e-12 1.9663e-14 3.4964e-13 7.85e-13 2.8878e-13 -1.8455e-13 8.7921e-13 1.3307e-12 2.7544e-12 2.1385e-12 1.8372e-12 4.9201e-13 1.5134e-12 1.5329e-12 1.1005e-12 3.7715e-12 -1.7714e-12 -1.1425e-12 5.5571e-13 5.8235e-13 -5.2427e-13 -1.8422e-12 1.2082e-12 2.2525e-12 3.3735e-12 -7.5757e-13 4.8654e-13 -3.3168e-12 -9.6505e-13 -3.0299e-13 3.2127e-12 -1.5624e-13 3.2069e-14 -8.804e-13 -5.3189e-13 -9.5116e-13 -1.3993e-12 5.9359e-13 3.0496e-12 -1.7683e-12 -1.3599e-12 1.2977e-12 1.8842e-13 -1.4388e-12 -1.4704e-12 9.8605e-13 2.0343e-12 2.6418e-12 1.7233e-13 8.3316e-13 1.216e-12 -6.1617e-15 7.7588e-13 6.2017e-13 -2.8333e-13 -3.7785e-13 -1.2412e-12 3.5629e-14 -1.3673e-12 1.6491e-13 -5.7249e-13 -1.7043e-13 -1.5788e-12 -1.2987e-12 2.7488e-13 -2.1632e-14 4.6347e-13 -1.0577e-12 3.8844e-13 -7.2228e-13 -9.6686e-14 2.6411e-13 1.4328e-13 -3.4721e-14 -6.144e-14 -7.1771e-14 -3.743e-13 -2.0704e-13 1.8019e-13 -1.3926e-13 8.2481e-13 5.7796e-13 3.8506e-13 -4.22e-13 -3.4813e-13
2.0564e-11 1.9278e-11 1.8865e-11 1.9002e-11 1.5582e-11 1.8488e-11 2.642e-11 1.5295e-11 2.3283e-11 1.7337e-11 2.9308e-11 2.3688e-11 2.1919e-11 1.8857e-11 2.2763e-11 2.1876e-11 2.0879e-11 2.6514e-11 1.8668e-11 2.3535e-11 1.826e-11 2.5997e-11 2.2024e-11 2.2078e-11 2.6246e-11 1.9695e-11 2.0547e-11 2.3212e-11 2.0341e-11 2.1444e-11 1.9416e-11 2.1188e-11 1.9245e-11 2.1063e-11 2.007e-11 2.2573e-11 2.2532e-11 1.8618e-11 2.1489e-11 1.747e-11 2.1623e-11 1.8648e-11 1.6148e-11 1.9394e-11 1.7368e-11 2.4783e-11 2.0004e-11 2.3542e-11 1.7661e-11 1.8117e-11 1.9166e-11 1.8246e-11 1.2549e-11 1.8824e-11 1.5508e-11 1.1631e-11 1.6784e-11 1.1957e-11 9.9601e-12 1.3234e-11 9.2586e-12 1.1285e-11 1.1115e-11 1.0217e-11 9.4805e-12 8.7511e-12 6.1544e-12 6.8354e-12 1.2912e-11 5.9671e-12 5.8948e-12 5.0272e-12 9.0857e-12 4.9337e-12 7.4228e-12 8.4519e-12 1.0777e-11 -1.6035e-12 1.4897e-12 1.2578e-12 1.7888e-12 6.0665e-12 4.2978e-12 -4.2919e-13 2.4196e-12 6.5442e-12 5.3605e-12 3.7136e-12 5.3562e-12 4.5916e-12 4.6624e-12 6.0705e-12 1.7769e-12 7.1035e-13 3.9055e-13 1.4526e-12 5.4504e-12 1.6597e-12 2.0384e-12 1.2021e-12 3.5663e-12 -1.3001e-12 3.6701e-12 -5.2126e-13 1.153e-12 -6.2088e-13 5.9803e-13 4.5286e-13 2.0314e-12 3.7247e-12 4.4024e-12 2.1443e-12 -8.5115e-13 1.7995e-12 1.7506e-12 5.4173e-13 3.5412e-12 -3.1919e-12 -1.5125e-12 6.2319e-13 -4.6964e-13 -3.9646e-13 -1.2878e-12 -5.2564e-13 3.522e-12 2.3782e-12 -2.394e-12 4.9952e-13 -3.3837e-12 -1.1562e-12 -1.5631e-13 2.9253e-12 -8.4156e-13 1.0571e-12 -1.1955e-12 -1.2744e-12 -1.4589e-12 -1.2615e-12 8.1102e-14 4.5273e-12 -2.5082e-13 -5.9547e-13 2.0009e-12 -1.9214e-12 -2.3785e-12 -3.6604e-12 -1.1305e-13 2.5651e-12 2.6406e-12 -1.2398e-13 4.4504e-13 1.5068e-12 7.9555e-13 1.1194e-12 1.0364e-12 -5.4799e-13 -1.2163e-13 -3.8643e-13 1.1244e-12 -1.8394e-12 -3.7013e-13 -8.4809e-13 -4.9994e-13 -1.3138e-12 -2.1658e-12 -8.7267e-13 -6.7207e-13 7.6466e-13 -8.7597e-13 1.5673e-14 -4.4789e-13 3.2482e-13 8.3356e-13 7.7832e-13 2.0881e-13 1.1165e-13 -4.461e-14 -6.114e-13 -4.7013e-13 -2.0179e-13 1.7869e-13 9.5878e-13 7.0246e-13 7.8303e-13 -4.3074e-13 -2.3451e-13
2.0504e-11 2.0068e-11 1.8113e-11 1.9297e-11 1.6494e-11 1.9806e-11 2.7686e-11 1.5826e-11 2.583e-11 1.5901e-11 2.3688e-11 2.9203e-11 2.2358e-11 1.8466e-11 2.3253e-11 2.2432e-11 2.0683e-11 2.3817e-11 1.9737e-11 2.4947e-11 1.8664e-11 2.7378e-11 2.2727e-11 2.1234e-11 2.5374e-11 2.0263e-11 2.3082e-11 2.2515e-11 2.0023e-11 2.2149e-11 2.0582e-11 2.2123e-11 2.0183e-11 2.3068e-11 1.9518e-11 2.3652e-11 2.3586e-11 1.7698e-11 1.8175e-11 1.6135e-11 2.0125e-11 1.9283e-11 1.7329e-11 1.9469e-11 1.4896e-11 2.2761e-11 1.6932e-11 2.4129e-11 1.6403e-11 1.9632e-11 2.1196e-11 1.5679e-11 1.3453e-11 2.0605e-11 1.5551e-11 1.1344e-11 1.5002e-11 1.3941e-11 9.2522e-12 1.2212e-11 1.1513e-11 1.1631e-11 1.1913e-11 9.3985e-12 9.9705e-12 1.136e-11 3.1902e-12 6.9826e-12 1.2891e-11 6.7663e-12 8.6287e-12 2.6873e-12 8.2325e-12 4.4909e-12 7.6595e-12 7.4151e-12 1.0293e-11 4.263e-13 -5.0486e-13 2.9534e-12 1.6647e-12 6.1925e-12 3.3919e-12 2.9293e-13 5.4158e-12 7.9467e-12 5.9828e-12 4.2842e-12 4.2807e-12 2.377e-12 1.0886e-12 6.0571e-12 1.9927e-12 1.6563e-12 -1.0155e-14 -8.9612e-14 1.546e-12 1.8611e-12 1.9803e-12 -7.7035e-13 3.5433e-12 -1.4772e-12 3.2687e-12 -9.583e-13 5.7229e-13 4.2389e-13 2.6638e-12 -2.1045e-12 7.3892e-13 3.7055e-12 4.1171e-12 2.8371e-12 -2.23e-12 1.1796e-12 1.2302e-12 4.9735e-13 1.4086e-12 -2.83e-12 -1.6387e-12 -6.8815e-13 7.378e-13 -1.0375e-12 -2.87e-12 4.0627e-13 3.4021e-12 1.3302e-12 -5.4397e-12 1.4261e-12 -3.9388e-12 -3.5153e-13 -2.1327e-13 5.473e-12 -2.2724e-12 9.1091e-14 -7.4556e-13 -1.1923e-12 -1.5836e-12 -1.2294e-12 -1.89e-13 5.2877e-12 -4.0388e-13 -7.375e-13 2.1216e-12 -1.8913e-12 -1.1248e-12 -3.5261e-12 8.7586e-13 8.2924e-13 3.6587e-12 9.203e-13 1.731e-12 1.1269e-12 1.2782e-12 2.7348e-12 -4.1868e-14 8.2739e-13 -4.3849e-13 -2.686e-12 -2.8229e-13 -8.2954e-13 -1.163e-12 -1.5246e-12 -6.0022e-13 -1.5757e-12 -2.5108e-12 8.7269e-13 -9.7517e-13 6.387e-13 -1.2293e-12 -1.9236e-13 -3.8788e-13 8.4509e-13 5.212e-13 8.515e-14 1.798e-13 -4.7919e-13 -6.3674e-15 -2.6018e-13 -3.1588e-13 3.5241e-13 -7.0531e-13 1.3205e-12 7.5019e-13 1.7114e-13 -2.6907e-13 -3.6321e-13
2.0427e-11 1.8916e-11 1.9385e-11 1.8399e-11 1.5367e-11 1.9791e-11 2.634e-11 1.5121e-11 2.3181e-11 1.5736e-11 2.1919e-11 2.2358e-11 3.007e-11 1.8938e-11 2.355e-11 2.257e-11 1.8323e-11 2.4193e-11 1.8058e-11 2.2096e-11 1.9685e-11 2.5268e-11 2.2904e-11 2.3035e-11 2.4835e-11 1.6179e-11 2.1193e-11 2.4518e-11 2.0452e-11 2.105e-11 2.0165e-11 2.3364e-11 2.2011e-11 2.0047e-11 1.9818e-11 2.4506e-11 2.2171e-11 1.7701e-11 1.7692e-11 1.6765e-11 1.975e-11 1.9175e-11 1.5262e-11 1.7697e-11 1.3953e-11 2.4018e-11 1.7813e-11 2.4563e-11 1.7647e-11 1.809e-11 2.0473e-11 1.9173e-11 1.2849e-11 1.872e-11 1.7516e-11 1.2268e-11 1.2421e-11 1.2154e-11 9.7089e-12 1.4629e-11 9.2601e-12 1.3908e-11 1.087e-11 7.7112e-12 1.0151e-11 9.0947e-12 3.9109e-12 7.7491e-12 1.1435e-11 5.2225e-12 5.4147e-12 4.2436e-12 8.3015e-12 1.9199e-12 7.2517e-12 6.5721e-12 7.4433e-12 1.7778e-12 2.7613e-13 5.1894e-12 2.8347e-12 7.4113e-12 2.5897e-12 1.9577e-12 1.3881e-12 5.0106e-12 5.526e-12 5.0318e-12 2.7977e-12 7.2886e-13 1.3959e-12 1.843e-12 4.208e-12 1.7281e-12 -4.8123e-13 1.7894e-12 4.1334e-12 2.8056e-13 6.0046e-13 1.1747e-12 3.8602e-12 -1.7088e-12 2.8654e-12 -4.0207e-13 1.0187e-12 -2.421e-12 2.5029e-12 1.5007e-12 -1.043e-12 9.1772e-13 1.4514e-12 3.0883e-12 -2.4019e-12 2.7163e-13 1.5074e-12 -1.0034e-12 3.0282e-12 -1.2882e-12 -4.2861e-12 1.2092e-12 1.7264e-12 -2.8325e-12 -4.4547e-12 8.6781e-13 4.4303e-12 3.3835e-12 -1.9554e-12 -3.9319e-14 -1.1458e-12 -2.3959e-12 1.0093e-12 4.3183e-12 -1.6586e-12 1.4967e-12 -1.1281e-12 1.193e-13 -2.9793e-12 -4.421e-13 -1.1027e-12 3.98e-12 -1.7344e-12 -1.4095e-12 2.7336e-12 -1.2549e-12 -2.8079e-12 -5.1099e-12 -1.1025e-12 1.9653e-12 4.8221e-12 8.7621e-13 -3.6605e-13 1.1326e-12 8.479e-13 5.4668e-13 1.7658e-12 6.9987e-13 -1.6719e-12 -3.4444e-12 -4.3218e-13 -1.8383e-12 -1.1994e-12 6.1477e-13 -7.2147e-13 -2.0239e-12 -2.6058e-12 -1.9154e-13 1.4475e-12 1.0228e-12 -9.4177e-13 -9.5872e-13 -1.3776e-12 -1.682e-13 5.2145e-13 -3.9889e-14 9.332e-13 -5.2058e-14 -6.0115e-14 -7.6909e-13 1.3708e-14 -2.2624e-13 -1.3944e-14 1.1252e-12 2.6337e-13 1.9125e-13 -4.8921e-13 -2.2468e-13
1.7588e-11 1.5485e-11 1.4772e-11 1.453e-11 1.2224e-11 1.4715e-11 2.2399e-11 1.307e-11 1.9616e-11 1.2699e-11 1.8857e-11 1.8466e-11 1.8938e-11 2.0718e-11 1.7777e-11 1.7968e-11 1.494e-11 2.0747e-11 1.3756e-11 1.7487e-11 1.2799e-11 2.0969e-11 1.9217e-11 1.7045e-11 2.02e-11 1.376e-11 1.7591e-11 1.8518e-11 1.5487e-11 1.5558e-11 1.7896e-11 1.6839e-11 1.6426e-11 1.7717e-11 1.5231e-11 1.8046e-11 1.9048e-11 1.2567e-11 1.5531e-11 1.337e-11 1.7481e-11 1.3856e-11 1.2014e-11 1.3775e-11 1.0312e-11 1.8779e-11 1.7424e-11 1.7449e-11 1.5536e-11 1.6078e-11 1.4932e-11 1.3801e-11 9.7374e-12 1.5789e-11 9.5204e-12 1.0284e-11 1.0368e-11 7.7588e-12 9.2137e-12 1.2726e-11 6.5478e-12 1.0923e-11 7.2788e-12 9.6207e-12 8.844e-12 8.9905e-12 1.4042e-12 6.8275e-12 1.0312e-11 4.0882e-12 5.7473e-12 3.5845e-12 6.8499e-12 3.525e-12 4.2675e-12 4.6128e-12 5.5247e-12 3.9209e-13 7.869e-13 1.0378e-12 1.0069e-12 6.1636e-12 2.0256e-12 9.5107e-13 5.8182e-12 5.7564e-12 3.2744e-12 3.3802e-12 7.4998e-12 1.0092e-12 1.8462e-12 2.9271e-12 1.8883e-12 -2.6126e-13 -1.0415e-14 1.1711e-13 3.9873e-12 3.7486e-13 5.2493e-13 6.0698e-13 2.4848e-12 -1.4718e-12 3.1869e-12 4.4769e-13 2.0809e-13 -1.1061e-12 2.6282e-12 7.8286e-13 -2.996e-13 2.6771e-12 2.3179e-12 3.0308e-12 -1.2085e-12 2.6732e-12 1.1882e-12 -5.4936e-13 1.9555e-12 -4.9765e-13 -2.0332e-12 -1.0478e-12 5.484e-13 6.8743e-13 -1.7273e-12 1.0465e-12 3.1438e-12 2.3032e-12 -2.404e-12 -1.3811e-12 -1.6855e-12 -1.8695e-12 -3.5388e-13 3.684e-12 -9.652e-13 2.7074e-13 5.5303e-13 -1.3897e-12 2.5467e-13 1.5137e-13 -7.5784e-13 2.174e-12 4.7628e-13 -9.5272e-13 1.614e-12 -3.8056e-14 -1.8921e-12 -1.4124e-12 -2.886e-13 3.2442e-12 2.8378e-12 -6.0198e-13 5.3118e-14 2.2631e-12 1.7513e-12 -4.4694e-13 1.6669e-12 1.1441e-12 -5.034e-14 -1.2692e-12 -1.2033e-12 -1.6841e-12 -2.1658e-13 -1.0377e-12 -4.7788e-13 -1.0758e-12 -1.8766e-13 1.6311e-12 -6.2901e-13 -2.4703e-13 -9.7175e-13 -8.4967e-13 -8.6457e-13 4.2593e-13 3.7884e-13 -9.6203e-13 5.9574e-13 1.5019e-13 -3.5889e-13 -2.4773e-13 1.7518e-13 -1.027e-13 -5.0691e-14 1.1791e-12 3.6966e-13 1.4674e-13 -1.8599e-13 -9.3298e-14
2.0283e-11 1.8562e-11 1.8608e-11 1.7996e-11 1.4916e-11 1.8703e-11 2.7029e-11 1.6117e-11 2.3701e-11 1.5867e-11 2.2763e-11 2.3253e-11 2.355e-11 1.7777e-11 2.8182e-11 2.0853e-11 1.8629e-11 2.2236e-11 1.8698e-11 2.2212e-11 1.971e-11 2.4666e-11 2.0923e-11 2.1625e-11 2.3654e-11 1.8655e-11 2.0237e-11 2.3883e-11 2.1267e-11 2.0432e-11 1.8569e-11 2.0515e-11 2.015e-11 2.2325e-11 2.125e-11 2.3787e-11 2.0736e-11 2.0019e-11 1.7341e-11 1.5303e-11 2.0959e-11 1.8504e-11 1.5804e-11 1.961e-11 1.378e-11 2.3355e-11 1.7577e-11 2.1217e-11 1.4802e-11 2.0714e-11 2.09e-11 1.7761e-11 1.2398e-11 1.9404e-11 1.5731e-11 1.1505e-11 1.1579e-11 1.0312e-11 9.0273e-12 1.1724e-11 1.0148e-11 1.2538e-11 1.2081e-11 8.9437e-12 7.9224e-12 9.8563e-12 3.1442e-12 7.7863e-12 1.2992e-11 7.1574e-12 6.4658e-12 5.7651e-12 9.7571e-12 1.8236e-12 7.3203e-12 7.4108e-12 9.5892e-12 -8.7824e-13 2.138e-12 1.89e-12 2.9573e-12 6.5577e-12 1.519e-12 1.0192e-12 3.6261e-12 5.9859e-12 4.0991e-12 3.8313e-12 3.4304e-12 2.452e-12 8.5368e-13 4.7656e-12 3.16e-12 1.1995e-12 -1.1682e-12 -5.1621e-13 1.9399e-12 1.5761e-12 1.8219e-12 -5.258e-14 3.1435e-12 -2.0545e-12 2.8692e-13 -1.0677e-12 2.0837e-12 -1.0551e-12 1.0821e-12 1.2776e-12 1.099e-12 3.5609e-12 8.4421e-13 2.0399e-12 -5.5923e-13 9.0684e-13 5.1757e-13 4.2246e-13 4.2172e-12 -1.7058e-12 -2.2391e-12 1.7288e-12 -2.914e-13 -9.3962e-13 -1.6571e-12 2.3515e-13 3.3392e-12 2.5727e-12 -4.2539e-12 3.6803e-13 -4.022e-12 -5.3557e-13 6.5997e-13 5.0233e-12 -1.3303e-12 1.7148e-12 -2.1461e-12 -1.3971e-12 -6.5528e-13 -4.2729e-13 1.7285e-12 4.4172e-12 -2.291e-12 -1.2899e-12 2.5007e-12 -2.5906e-13 -1.7461e-12 -3.8403e-12 2.3636e-13 2.8878e-12 3.3833e-12 -4.3512e-14 1.558e-13 2.1495e-12 6.175e-13 8.517e-13 1.7347e-13 1.0727e-12 -3.9218e-14 -2.0416e-12 -4.8058e-13 -1.2655e-12 -5.6277e-13 -1.5584e-13 -1.1668e-12 -1.2538e-12 -2.7957e-12 -5.7622e-13 -8.3923e-14 1.2682e-13 -3.346e-13 1.0279e-12 -1.0669e-12 -3.5431e-13 -5.4109e-13 2.0936e-14 -5.0164e-14 -1.8628e-13 -1.7516e-13 -4.6676e-13 -1.9304e-13 -4.2314e-13 -1.1096e-13 1.4037e-12 4.3377e-14 7.3923e-15 -4.2852e-13 -1.4501e-13
1.9928e-11 1.8151e-11 1.8559e-11 1.6265e-11 1.4518e-11 1.7418e-11 2.6195e-11 1.5126e-11 2.2065e-11 1.626e-11 2.1876e-11 2.2432e-11 2.257e-11 1.7968e-11 2.0853e-11 2.6259e-11 1.7829e-11 2.4171e-11 1.7282e-11 2.2938e-11 1.8568e-11 2.5109e-11 2.1686e-11 2.1521e-11 2.4929e-11 1.7902e-11 2.0279e-11 2.2134e-11 2.043e-11 2.1598e-11 1.9632e-11 2.1145e-11 1.8373e-11 1.8804e-11 1.8746e-11 2.2774e-11 2.1448e-11 1.7657e-11 1.7097e-11 1.536e-11 1.8827e-11 1.9068e-11 1.5426e-11 1.849e-11 1.4804e-11 2.2806e-11 1.8149e-11 2.241e-11 1.7895e-11 2.0241e-11 1.9461e-11 1.5475e-11 1.2654e-11 1.6656e-11 1.3972e-11 9.0177e-12 1.4528e-11 1.0763e-11 9.9554e-12 1.2281e-11 9.2298e-12 1.3077e-11 9.1234e-12 7.4079e-12 1.0434e-11 9.7028e-12 6.0927e-12 5.3828e-12 1.2443e-11 5.9676e-12 6.2306e-12 3.8824e-12 6.4448e-12 7.7482e-12 6.7497e-12 5.4215e-12 7.7608e-12 5.7559e-13 -1.2832e-12 5.463e-12 7.9493e-13 7.8563e-12 2.497e-12 9.6568e-13 3.6155e-12 5.8018e-12 4.0989e-12 4.1606e-12 5.291e-12 2.644e-14 3.8635e-12 4.5482e-12 2.1374e-12 2.6833e-12 -1.3141e-13 1.0198e-13 3.4024e-12 -8.1244e-13 1.0375e-12 -2.5022e-14 4.2231e-12 -1.214e-12 3.4337e-12 6.2444e-13 2.0116e-12 6.7002e-13 1.7963e-12 6.3714e-13 2.2757e-12 3.8224e-12 3.1215e-12 1.7605e-12 -1.7934e-12 8.0817e-13 1.3382e-12 2.3396e-12 2.6866e-12 -2.2284e-12 -2.2115e-12 1.0432e-12 1.2013e-12 -9.5988e-13 -3.3946e-12 1.7776e-12 2.2936e-12 4.6338e-12 -2.1016e-12 6.7174e-13 -3.7696e-12 -8.2107e-13 -1.1127e-13 4.0021e-12 8.8404e-13 -3.914e-13 2.7641e-13 -1.4849e-12 -2.9442e-12 -5.6906e-13 -7.7658e-14 2.4769e-12 -1.8827e-12 -1.0967e-12 1.0356e-12 -2.0374e-12 -2.7264e-12 -2.5554e-12 -1.7181e-13 2.6913e-12 3.7361e-12 1.2876e-13 1.0188e-12 2.4359e-12 9.6297e-13 6.7867e-13 4.7061e-13 9.4921e-14 -7.7077e-13 -2.3408e-12 3.9767e-13 -1.7695e-12 -1.3847e-12 -7.5367e-13 -1.8845e-13 -1.6095e-12 -1.6945e-12 3.8066e-13 -5.6977e-13 1.8967e-12 -1.2889e-12 8.2231e-15 -1.7568e-13 -6.4484e-13 4.2582e-13 -4.3511e-13 1.092e-12 -3.0268e-14 3.7871e-13 -1.1406e-12 -1.2448e-13 5.5318e-14 -1.2682e-14 1.1976e-12 6.2239e-13 4.8632e-13 -3.6563e-13 -5.7498e-13
1.7832e-11 1.503e-11 1.495e-11 1.5325e-11 1.2584e-11 1.5736e-11 2.1378e-11 1.296e-11 2.076e-11 1.2971e-11 2.0879e-11 2.0683e-11 1.8323e-11 1.494e-11 1.8629e-11 1.7829e-11 2.0984e-11 2.032e-11 1.4986e-11 1.8171e-11 1.4369e-11 2.1417e-11 1.6283e-11 1.7289e-11 2.1078e-11 1.5447e-11 1.6748e-11 1.9167e-11 1.5932e-11 1.8237e-11 1.5833e-11 1.6216e-11 1.5985e-11 1.7165e-11 1.5147e-11 1.9472e-11 1.8652e-11 1.4045e-11 1.6011e-11 1.3867e-11 1.6637e-11 1.5924e-11 1.3231e-11 1.6057e-11 1.3947e-11 2.0859e-11 1.5586e-11 1.8711e-11 1.4891e-11 1.5829e-11 1.553e-11 1.4371e-11 1.0953e-11 1.5398e-11 1.2806e-11 1.0078e-11 1.2075e-11 8.9635e-12 7.6136e-12 8.6917e-12 7.5662e-12 1.0474e-11 8.7263e-12 8.0381e-12 7.5214e-12 9.6578e-12 4.9524e-12 5.7402e-12 1.0361e-11 6.4632e-12 6.8464e-12 3.0971e-12 7.1023e-12 2.0719e-12 4.9819e-12 4.5871e-12 8.9212e-12 1.2355e-12 2.8508e-13 2.7194e-12 9.396e-13 4.659e-12 1.9639e-12 1.636e-12 3.2032e-12 4.9635e-12 4.2042e-12 2.6309e-12 2.4822e-12 2.026e-12 3.4175e-12 4.348e-12 1.4813e-12 5.9736e-13 7.2425e-15 -1.486e-12 1.8329e-12 1.1456e-12 3.3403e-13 3.8368e-13 3.3804e-12 -1.0895e-12 3.5748e-12 1.1018e-12 1.6513e-12 -7.6347e-13 3.5185e-13 -1.4857e-13 4.9085e-13 2.0503e-12 9.2527e-13 2.2891e-12 -2.268e-12 9.8996e-13 2.4643e-12 6.196e-14 2.1778e-12 -3.2629e-12 -2.6095e-12 -4.3087e-13 9.2526e-13 -1.7386e-12 -2.2201e-12 -1.4735e-12 2.17e-12 1.5402e-12 -3.9463e-12 1.74e-13 -3.3329e-12 -5.6403e-13 6.7569e-13 3.8465e-12 -1.782e-12 1.2664e-12 -1.2127e-12 -1.6523e-12 -8.6138e-13 -2.8671e-14 -1.2317e-12 4.4555e-12 -5.7394e-13 9.1504e-13 1.7479e-12 -1.2706e-12 -2.0921e-12 -4.4204e-12 1.478e-12 1.3106e-12 1.8502e-12 4.6982e-15 1.6017e-12 7.5665e-13 3.2336e-13 1.3449e-12 3.7131e-13 -2.8893e-13 -9.99e-13 -1.1843e-12 3.5207e-13 -7.6659e-13 -1.2773e-12 -8.4369e-13 4.8609e-13 -1.5171e-12 -2.2318e-12 5.2328e-14 -5.4035e-13 4.5274e-13 -4.7126e-13 1.4522e-13 -4.2842e-13 1.0394e-13 7.49e-13 5.3125e-13 5.9389e-13 -2.065e-13 4.3366e-14 9.1325e-14 1.0431e-13 -3.0163e-13 -4.6113e-13 5.9071e-13 5.7511e-13 2.148e-14 -3.8172e-13 -1.8701e-13
2.1824e-11 1.9371e-11 1.9596e-11 1.8601e-11 1.6509e-11 2.0535e-11 2.7945e-11 1.7687e-11 2.5373e-11 1.7017e-11 2.6514e-11 2.3817e-11 2.4193e-11 2.0747e-11 2.2236e-11 2.4171e-11 2.032e-11 3.1235e-11 1.9341e-11 2.5027e-11 1.8945e-11 2.7208e-11 2.2695e-11 2.3432e-11 2.7145e-11 1.869e-11 2.1167e-11 2.397e-11 2.2154e-11 2.3176e-11 2.1467e-11 2.3854e-11 2.019e-11 2.2149e-11 1.9385e-11 2.4171e-11 2.445e-11 1.8034e-11 2.0075e-11 1.7246e-11 2.2268e-11 1.9115e-11 1.7161e-11 2.0067e-11 1.6222e-11 2.397e-11 1.9919e-11 2.5759e-11 1.9748e-11 2.0564e-11 1.9214e-11 1.7482e-11 1.2522e-11 1.9108e-11 1.5189e-11 1.2096e-11 1.5555e-11 1.1092e-11 1.1398e-11 1.2062e-11 1.0313e-11 1.2987e-11 1.0393e-11 9.544e-12 1.077e-11 9.1908e-12 5.4315e-12 7.6469e-12 1.3516e-11 6.33e-12 6.7754e-12 4.1168e-12 8.3852e-12 4.932e-12 6.7746e-12 6.7871e-12 9.7782e-12 -5.7955e-13 -4.2424e-13 3.618e-12 2.1377e-12 6.3873e-12 3.8169e-12 2.1994e-12 3.7985e-12 6.7403e-12 5.7397e-12 6.1645e-12 6.0257e-12 2.7425e-12 3.4091e-12 3.125e-12 2.5083e-12 1.5785e-12 -9.3626e-13 6.9554e-13 5.2273e-12 1.6272e-12 3.3417e-13 7.9335e-13 3.2675e-12 7.1512e-13 3.5449e-12 6.9554e-13 3.7172e-13 -1.2594e-12 2.2934e-12 3.9405e-13 2.4447e-12 2.9653e-12 3.1638e-12 3.1957e-12 -1.585e-12 1.7907e-12 1.2837e-12 7.3589e-13 3.5345e-12 -2.3312e-12 -4.6537e-12 -2.2986e-13 7.4972e-15 6.886e-13 -1.8105e-12 5.585e-13 2.6666e-12 3.0982e-12 -2.462e-12 5.0667e-13 -4.0023e-12 -2.0657e-12 -1.2987e-12 2.6283e-12 3.1917e-13 4.129e-13 -4.6707e-13 -1.2587e-13 -2.5009e-12 -8.3088e-13 -4.0277e-13 3.0137e-12 -1.0089e-12 -5.5048e-13 2.421e-12 -2.8298e-12 -3.5054e-12 -3.0465e-12 -1.2469e-12 2.4162e-12 2.7768e-12 -1.515e-13 1.1094e-12 2.4052e-12 1.1441e-12 1.4886e-12 1.3653e-12 -1.2396e-12 -9.9794e-13 -2.4083e-13 1.2747e-12 -1.9042e-12 -7.8294e-13 -5.8153e-13 -5.1485e-14 -9.4155e-13 -2.2333e-12 2.1591e-13 -1.0815e-12 1.1768e-12 -1.4627e-12 5.288e-13 -8.3499e-13 -7.7244e-13 1.2468e-12 2.6649e-13 1.2145e-12 2.634e-13 8.4956e-14 -7.5989e-13 -1.7392e-13 -9.625e-14 -7.8553e-13 1.1807e-12 8.5195e-13 1.1831e-13 -1.3838e-13 -3.0622e-13
1.5023e-11 1.4614e-11 1.4783e-11 1.3762e-11 1.1808e-11 1.4871e-11 2.1633e-11 1.1694e-11 1.9793e-11 1.2092e-11 1.8668e-11 1.9737e-11 1.8058e-11 1.3756e-11 1.8698e-11 1.7282e-11 1.4986e-11 1.9341e-11 1.8937e-11 1.8092e-11 1.4233e-11 2.0596e-11 1.6229e-11 1.703e-11 1.7344e-11 1.5278e-11 1.5983e-11 1.7145e-11 1.5442e-11 1.6244e-11 1.6625e-11 1.833e-11 1.5881e-11 1.6135e-11 1.4811e-11 1.8682e-11 1.6819e-11 1.3975e-11 1.3534e-11 1.2696e-11 1.6875e-11 1.388e-11 1.2634e-11 1.7465e-11 1.1549e-11 1.743e-11 1.4954e-11 1.7117e-11 1.2452e-11 1.4617e-11 1.6004e-11 1.2154e-11 9.0895e-12 1.4658e-11 1.3255e-11 9.199e-12 1.0981e-11 1.0271e-11 6.9158e-12 9.2137e-12 8.7993e-12 9.3911e-12 7.863e-12 6.7151e-12 5.8633e-12 8.4144e-12 4.515e-12 5.3528e-12 1.1147e-11 3.8652e-12 4.2863e-12 4.6132e-13 7.7155e-12 3.3345e-12 5.1514e-12 6.1451e-12 9.5703e-12 1.3775e-12 -1.8561e-12 2.5583e-12 3.3965e-13 6.1127e-12 3.0396e-12 6.7268e-13 2.1846e-12 6.0798e-12 3.8845e-12 5.4418e-12 4.1108e-12 1.6232e-12 1.0963e-12 4.5042e-12 3.0484e-12 1.2905e-12 3.6152e-13 -5.7641e-13 1.0392e-12 2.6365e-12 1.585e-12 4.102e-13 1.1541e-12 -1.0313e-13 1.1269e-12 -1.4356e-12 2.1654e-12 -1.6749e-12 4.0577e-12 3.9524e-14 1.691e-12 2.7226e-12 1.1251e-12 1.8701e-12 -1.141e-12 9.4721e-13 8.41e-13 -1.0003e-12 3.0095e-12 -2.3996e-12 -2.9292e-12 -4.1286e-13 1.4238e-12 -9.4872e-13 -1.8179e-12 -1.6461e-12 3.1785e-12 2.3018e-12 -1.8942e-12 2.3221e-13 -2.8139e-12 -1.573e-12 2.5908e-13 3.321e-12 -1.8109e-13 7.9523e-13 -2.242e-12 -2.3193e-13 -2.6776e-12 -1.8879e-12 5.4273e-13 2.7601e-12 -5.2921e-13 1.4208e-13 8.2888e-13 -1.3971e-12 -2.2575e-12 -2.4006e-12 -8.8579e-14 2.227e-12 2.9084e-12 8.467e-13 7.3213e-13 1.038e-12 1.3363e-12 1.5875e-12 6.8581e-14 4.1626e-13 -7.5252e-13 -1.7684e-12 7.8211e-13 -8.2512e-13 -1.0518e-12 -1.1107e-13 -9.6911e-13 -6.2796e-13 -2.8726e-12 3.5675e-14 5.1804e-14 1.0175e-12 -7.9068e-13 4.6128e-13 -5.6007e-13 -1.5548e-14 3.4602e-13 3.8202e-13 8.2475e-13 3.3083e-13 4.7766e-13 -5.1718e-13 -4.9985e-13 4.2985e-14 1.3174e-13 5.3898e-13 3.2038e-13 3.5893e-13 -1.1385e-13 -3.363e-15
