,0,1,2,3,4,5,6,7,8,9,10,11,12,13,14,15,16,17,18,19,20,21,22,23,24,25,26,27,28,29,30,31,32,33,34,35,36,37,38,39,40,41,42,43,44,45,46,47,48,49,50,51,52,53,54,55,56,57,58,59,60,61,62,63,64,65,66,67,68,69,70,71,72,73,74,75,76,77,78,79,80,81,82,83,84,85,86,87,88,89,90,91,92,93,94,95,96,97,98,99,100,101,102,103,104,105,106,107,108
0,1,0.78085,0.81523,0.81446,0.81259,0.78943,0.81758,0.76724,0.65492,0.72681,0.75155,0.70494,0.71281,0.56016,0.62085,0.57056,0.30639,0.64484,0.19113,0.37431,-0.020918,0.18748,0.47177,0.008883,0.16321,-0.25945,0.006182,-0.046447,-0.21925,-0.15959,0.023111,0.084688,-0.15117,-0.38911,-0.18021,-0.37438,-0.35195,-0.21115,-0.49282,-0.38398,-0.20253,-0.25846,-0.50149,-0.43152,-0.084132,-0.20248,-0.20451,-0.039801,-0.45517,-0.31847,-0.31618,-0.54783,-0.13928,-0.23468,-0.40884,0.11797,-0.070811,-0.36775,-0.16985,-0.3408,-0.28904,-0.069521,-0.021343,-0.01162,0.1937,0.031229,0.12609,0.072244,-0.093448,-0.19067,-0.095481,0.14316,0.26445,0.14011,-0.12281,-0.089785,-0.23511,0.03529,0.11563,0.17533,-0.077993,0.036211,0.20174,-0.14708,0.40136,0.14602,0.11007,0.072549,-0.15617,0.12391,0.082489,-0.26747,-0.12562,-0.072993,-0.0034835,0.17134,0.036334,0.18975,-0.071409,-0.016105,0.24634,0.29593,-0.054206,0.2399,0.25928,-0.097247,0.11335,0.12979,-0.043064
1,0.78085,1,0.77661,0.70702,0.81497,0.72888,0.81075,0.74586,0.71277,0.60536,0.69918,0.76532,0.64988,0.43257,0.58385,0.52924,0.4535,0.50946,0.30937,0.20395,0.028992,0.29485,0.39469,-0.013317,0.061259,-0.23653,-0.072204,-0.018781,-0.34486,-0.13838,0.094729,-0.10403,-0.091248,-0.33705,-0.14283,-0.41097,-0.3047,-0.2843,-0.45705,-0.18763,-0.016302,-0.27029,-0.41405,-0.26912,-0.0022554,-0.082244,-0.12264,-0.048622,-0.43109,-0.21869,-0.28441,-0.56786,-0.19239,-0.35048,-0.3645,-0.053111,0.052012,-0.32564,-0.25549,-0.35168,-0.33736,-0.015837,-0.039368,-0.086956,0.15334,-0.011687,0.092451,0.020304,-0.17705,-0.10553,-0.06316,0.13631,0.095161,-0.023928,0.086559,-0.037208,-0.28145,0.11418,0.085994,0.16199,-0.073357,0.036282,0.27157,0.015265,0.31519,0.1186,0.063455,-0.10451,-0.19001,0.080948,0.12166,-0.30352,-0.17003,-0.14806,0.023648,0.19805,-0.039592,0.21806,-0.031484,0.28895,0.29671,0.35088,-0.023234,0.18954,0.38595,0.041696,0.057626,0.13729,-0.2006
2,0.81523,0.77661,1,0.7982,0.80209,0.79938,0.83695,0.79045,0.71377,0.57502,0.72522,0.66548,0.70635,0.51083,0.5298,0.60001,0.25839,0.56582,0.35465,0.34124,-0.186,0.25477,0.57881,-0.016025,0.15705,-0.10671,0.056662,-0.0065912,-0.41131,-0.095832,0.039116,-0.040268,-0.13949,-0.33592,-0.1663,-0.34272,-0.22797,-0.14366,-0.39148,-0.35106,-0.035735,-0.20362,-0.36029,-0.412,-0.081816,-0.16402,-0.083014,-0.028629,-0.35839,-0.20088,-0.33638,-0.51621,-0.16452,-0.2444,-0.46893,0.10171,-0.058113,-0.2849,-0.20787,-0.20333,-0.36564,0.12872,-0.057517,0.0022515,0.028592,-0.013854,0.16725,0.049693,-0.19781,-0.2556,-0.15283,0.18051,0.15712,0.083473,-0.070565,-0.020051,-0.22871,0.0051953,0.21729,0.10464,-0.097618,-0.11014,0.10675,-0.025952,0.29599,0.12705,0.054373,-0.039434,-0.16709,0.14332,0.096035,-0.23998,-0.04025,-0.049321,0.058555,0.0084972,0.0093259,0.13001,0.050009,0.14022,0.14819,0.22136,-0.031681,0.16599,0.32948,-0.042835,0.016363,-0.024495,0.041404
3,0.81446,0.70702,0.7982,1,0.8109,0.75243,0.739,0.73332,0.61713,0.59148,0.74297,0.61555,0.66281,0.51876,0.41275,0.52342,0.26504,0.61212,0.44673,0.28705,-0.16642,0.15246,0.37806,-0.097418,0.22274,-0.12913,-0.023493,0.055847,-0.34253,-0.10326,0.10972,-0.061533,-0.070348,-0.31486,-0.19266,-0.26752,-0.30121,-0.11942,-0.56816,-0.34345,-0.17859,-0.22983,-0.35917,-0.422,-0.02408,-0.13523,-0.12138,-0.040476,-0.57062,-0.23108,-0.3769,-0.55455,-0.11478,-0.20125,-0.40108,-0.034759,-0.16199,-0.33408,-0.27021,-0.37593,-0.35434,-0.083525,0.096433,-0.073823,0.090194,0.016983,0.22677,0.017799,-0.090809,-0.15485,-0.10253,0.13642,0.18154,0.034233,-0.10524,-0.026841,-0.064612,-0.063621,0.30173,0.10974,-0.08642,-0.16087,0.1208,-0.24634,0.34823,0.077379,0.094022,0.15651,-0.16836,0.08478,0.092752,-0.22024,-0.084557,-0.018378,-0.13174,0.077572,0.13141,0.076382,-0.016754,0.081295,0.23272,0.23079,-0.036351,0.10346,0.14135,0.018627,0.061107,0.11622,0.056654
4,0.81259,0.81497,0.80209,0.8109,1,0.76414,0.74703,0.80875,0.59753,0.5917,0.64435,0.60098,0.72538,0.48007,0.5016,0.52907,0.31126,0.57702,0.30493,0.40378,-0.017406,0.22616,0.40497,-0.056738,0.096678,-0.23754,0.047872,-0.046283,-0.33413,-0.13137,0.042336,-0.090749,-0.076665,-0.30307,-0.23448,-0.31811,-0.32358,-0.12082,-0.45571,-0.2685,-0.16643,-0.18596,-0.35828,-0.50143,-0.064247,-0.24317,-0.13973,0.0070862,-0.43969,-0.1559,-0.32955,-0.53758,-0.16808,-0.17206,-0.25304,-0.064551,-0.012043,-0.31541,-0.23098,-0.3074,-0.26411,-0.077532,0.0021489,0.0858,0.22127,-0.017725,0.32381,0.046671,-0.13307,-0.12379,-0.069531,0.19912,0.25076,0.0033761,0.0044903,-0.021379,-0.1777,0.099577,0.023293,0.14498,-0.1875,-0.048809,0.19136,-0.13217,0.40717,0.079336,-0.11112,0.15251,-0.14057,0.090072,0.085516,-0.19983,-0.075664,-0.051571,-0.11758,0.18807,-0.050849,0.13582,-0.090415,0.13006,0.30574,0.18329,-0.10001,0.12515,0.14545,0.074623,0.10253,0.011624,-0.10545
5,0.78943,0.72888,0.79938,0.75243,0.76414,1,0.72398,0.72718,0.57395,0.535,0.60945,0.60927,0.59632,0.54075,0.57299,0.47226,0.34561,0.5735,0.16742,0.42517,-0.21326,0.23676,0.54288,-0.0818,0.045346,-0.33982,0.071593,0.047471,-0.17557,-0.021662,-0.048015,-0.13198,-0.17743,-0.37247,-0.085564,-0.39067,-0.29097,-0.13805,-0.39674,-0.41948,-0.093718,-0.13583,-0.38123,-0.49615,0.0094043,-0.14234,-0.01095,-0.13303,-0.28278,-0.23463,-0.31806,-0.53849,-0.21033,-0.18458,-0.36892,-0.037518,-0.0019991,-0.33975,-0.074483,-0.24361,-0.36239,-0.12324,-0.013117,-0.095145,0.0026427,-0.01681,0.08259,0.11357,-0.14918,-0.34468,-0.034526,0.09434,0.32636,0.039762,0.0071812,-0.090946,-0.13042,0.027198,0.053143,0.16312,-0.1726,-0.11784,0.17873,-0.17868,0.23026,-0.00030623,0.033932,0.060039,-0.12566,0.25769,0.13149,-0.2418,-0.031536,0.017799,0.027596,0.10029,-0.067728,-0.074896,-0.14765,0.026299,0.2635,0.23005,0.05466,0.22553,0.21028,-0.15963,0.042138,0.094297,-0.18864
6,0.81758,0.81075,0.83695,0.739,0.74703,0.72398,1,0.72271,0.72852,0.62367,0.70297,0.63055,0.70146,0.49622,0.56216,0.59507,0.15597,0.51552,0.22412,0.22582,-0.051919,0.31841,0.41694,-0.043969,0.23502,-0.1013,-0.048101,-0.041711,-0.31526,-0.14422,0.098579,-0.078658,-0.061192,-0.34696,-0.081931,-0.42537,-0.42259,-0.15457,-0.47511,-0.34346,-0.075259,-0.29823,-0.35703,-0.34072,-0.04806,-0.19051,-0.056973,0.037352,-0.40523,-0.26671,-0.28683,-0.62735,-0.14361,-0.32383,-0.38696,0.063168,-0.026317,-0.33582,-0.043113,-0.21606,-0.37698,0.026673,-0.015381,0.029134,0.20736,0.029245,0.11631,0.15521,-0.21103,-0.25432,-0.10978,0.11566,0.13732,0.18334,-0.097985,-0.052444,-0.32877,0.053968,0.1114,0.11323,0.02318,-0.082729,0.15325,0.0055621,0.30601,0.12688,0.25544,-0.15856,-0.20404,0.1746,0.086654,-0.21565,-0.036369,-0.12623,0.1313,0.17304,-0.02377,0.12358,-0.012042,0.084909,0.13767,0.26006,0.021302,0.19144,0.16881,-0.10393,-0.06599,-0.085144,-0.091421
7,0.76724,0.74586,0.79045,0.73332,0.80875,0.72718,0.72271,1,0.64018,0.68039,0.69807,0.67471,0.68368,0.57384,0.48197,0.49891,0.34389,0.61419,0.26108,0.26014,0.047674,0.20133,0.47636,-0.01526,0.22162,-0.083862,0.0044379,-0.031948,-0.17643,-0.048534,-0.05492,-0.070777,-0.050195,-0.25335,-0.069285,-0.2925,-0.158,-0.18991,-0.36968,-0.39789,-0.1793,-0.19303,-0.29903,-0.4138,-0.08474,-0.26959,-0.033836,-0.0036677,-0.41404,-0.30999,-0.19436,-0.60793,-0.10427,-0.14124,-0.39495,0.10334,-0.016284,-0.33495,-0.28254,-0.26842,-0.36793,-0.031257,-0.016782,-0.0075501,0.045874,-0.073088,0.14025,0.013752,-0.056433,-0.21144,-0.096828,0.24602,0.10652,-0.02283,-0.16662,0.040415,-0.28712,-0.0026776,0.041526,0.11617,-0.080097,0.11519,0.039747,-0.15872,0.31362,0.18133,0.0585,0.1258,-0.048832,0.075076,0.32736,-0.12504,-0.13835,-0.12716,-0.14443,0.306,0.055425,0.062455,-0.043856,0.13069,0.16882,0.14769,-0.041717,0.13951,0.12805,0.0203,0.069647,0.0094585,-0.12362
8,0.65492,0.71277,0.71377,0.61713,0.59753,0.57395,0.72852,0.64018,1,0.605,0.73505,0.59136,0.56398,0.40336,0.56645,0.38565,0.34508,0.3869,0.27547,0.15021,0.027626,0.39851,0.5069,0.083244,0.25157,-0.0050376,-0.042081,0.038388,-0.19162,-0.10574,0.24107,-0.03743,-0.010976,-0.29937,0.0581,-0.28563,-0.23622,-0.21986,-0.40739,-0.11653,-0.16145,0.017198,-0.29949,-0.236,0.00064057,-0.004213,-0.18554,-0.030972,-0.42911,-0.12929,-0.14367,-0.40891,0.11656,-0.33444,-0.1682,0.149,-0.029226,-0.25682,-0.22501,-0.25342,-0.29321,-0.025991,-0.21802,-0.027911,0.059795,0.12108,0.041573,0.13303,-0.075007,0.026352,-0.23677,0.09154,0.082507,0.037201,0.00082568,-0.067103,-0.35902,0.072312,0.24295,0.27276,0.12935,-0.17325,0.23224,0.10537,0.31137,0.19649,0.12712,-0.13499,-0.19515,0.069586,0.15271,-0.12912,-0.015455,-0.18338,0.079118,0.093218,0.095649,-0.13558,0.016351,0.35939,0.28738,0.13247,0.0054946,0.12006,0.28649,0.12165,-0.14876,-0.077287,-0.076836
9,0.72681,0.60536,0.57502,0.59148,0.5917,0.535,0.62367,0.68039,0.605,1,0.55735,0.52194,0.47715,0.34327,0.385,0.44345,0.24054,0.4878,0.098752,0.22464,-0.0022112,0.17482,0.56617,0.033823,0.20077,-0.26747,0.039264,0.016924,-0.15979,-0.050163,0.031649,0.21888,0.16448,-0.41325,-0.12448,-0.27119,-0.43532,-0.21547,-0.38679,-0.085452,-0.27935,-0.28216,-0.33229,-0.2344,-0.12234,-0.32596,-0.073823,0.01032,-0.47239,-0.25458,-0.26274,-0.33676,-0.039547,-0.28659,-0.27297,0.20391,-0.095254,-0.25458,-0.24815,-0.26427,-0.22229,-0.10892,-0.23099,0.11876,0.14173,0.05267,0.021741,-0.0064333,-0.15913,-0.0034831,-0.022718,0.1936,0.038202,0.26515,-0.16134,-0.19805,-0.31493,-0.061301,0.10745,0.05577,-0.055542,0.18871,0.16935,-0.041725,0.24251,0.30932,0.082068,0.017891,0.12866,0.14647,0.23918,-0.31226,0.0033631,-0.24516,-0.019342,0.29616,0.025816,0.10228,-0.17133,0.028812,0.22728,0.20623,-0.05468,0.17648,0.13464,-0.058306,0.17128,0.040995,-0.18873
10,0.75155,0.69918,0.72522,0.74297,0.64435,0.60945,0.70297,0.69807,0.73505,0.55735,1,0.60997,0.61707,0.47113,0.52538,0.49297,0.33136,0.56447,0.25288,0.13371,-0.086981,0.21337,0.44985,-0.058326,0.12195,0.046244,0.12966,6.0238e-05,-0.32102,-0.033972,0.04605,-0.0666,-0.15486,-0.48856,-0.12846,-0.3238,-0.22461,-0.12887,-0.33734,-0.34298,-0.10929,-0.17788,-0.29201,-0.24343,-0.056451,-0.10982,-0.17667,-0.038223,-0.41571,-0.22906,-0.2143,-0.44629,0.065337,-0.26165,-0.33167,0.076827,-0.096515,-0.38411,-0.27566,-0.28217,-0.25861,-0.04857,-0.0045442,-0.12623,0.12299,0.03655,-0.009973,-0.066533,-0.029564,-0.051034,-0.023508,0.1112,0.085566,0.053648,0.037959,-0.053971,-0.24976,0.073158,0.24404,0.15531,0.010072,-0.067596,0.22813,-0.20481,0.28815,0.073594,0.17203,0.10596,0.060585,0.013587,0.073305,-0.15649,-0.112,-0.17819,-0.30152,0.18561,0.20392,0.18436,-0.019898,0.26117,0.22367,0.35791,0.092341,0.18998,0.18922,0.048436,-0.005477,0.17764,-0.013323
11,0.70494,0.76532,0.66548,0.61555,0.60098,0.60927,0.63055,0.67471,0.59136,0.52194,0.60997,1,0.48653,0.59179,0.44061,0.53231,0.39001,0.49076,0.36921,0.23801,-0.03697,0.15253,0.29733,0.039346,-0.0054161,-0.059423,-0.064173,0.034621,-0.26465,-0.059522,-0.00076822,0.074379,-0.10472,-0.05851,-0.21155,-0.22566,-0.1781,-0.46119,-0.36446,-0.29472,-0.075818,-0.21383,-0.44739,-0.26928,-0.045097,-0.20063,-0.19519,0.033171,-0.45271,-0.28547,-0.26635,-0.46814,-0.26773,-0.34899,-0.46509,-0.069207,-0.14094,-0.25056,-0.13378,-0.44572,-0.21453,-0.034311,0.0076696,-0.16246,0.082078,0.0026064,0.038633,-0.025708,-0.13071,-0.2364,-0.15257,0.087133,0.096133,0.082109,-0.15781,0.056722,-0.23815,0.089217,0.16852,0.18368,-0.076015,0.079566,0.014072,0.066319,0.3376,0.03449,0.078877,-0.10086,-0.20049,0.039795,0.094709,-0.38631,-0.13963,-0.23485,0.11705,0.18583,-0.012911,0.045754,0.018892,0.088622,0.054769,0.096369,-0.068798,0.04339,0.30036,-0.080738,0.06986,0.32566,-0.26595
12,0.71281,0.64988,0.70635,0.66281,0.72538,0.59632,0.70146,0.68368,0.56398,0.47715,0.61707,0.48653,1,0.44784,0.49699,0.43505,0.17281,0.56042,0.14848,0.31732,-0.10761,0.21589,0.27716,-0.11981,0.13395,-0.096954,0.024817,-0.055084,-0.15425,-0.1764,0.084581,-0.30432,-0.030032,-0.21992,-0.04472,-0.25199,-0.20006,-0.053739,-0.28134,-0.33033,-0.024658,-0.049952,-0.23391,-0.41437,0.034365,-0.21547,-0.15195,0.060215,-0.20635,-0.10769,-0.2132,-0.41737,-0.13157,-0.016015,-0.3166,0.10615,-0.041683,-0.27225,-0.18879,-0.17667,-0.28595,0.00070333,-0.029851,0.11285,0.078191,-0.12518,0.25253,0.087433,-0.12301,-0.015819,-0.083282,0.24424,0.2379,0.053516,-0.17445,-0.080175,-0.094807,0.12473,0.15725,0.1498,-0.046678,-0.099268,0.12616,-0.28394,0.22153,0.13136,0.011081,0.14681,-0.00099141,0.029435,0.12904,-0.15355,-0.094732,0.082408,-0.11678,0.11363,0.16316,0.14415,0.0035259,0.18166,0.11882,0.30992,-0.027462,-0.13427,0.22305,-0.1031,0.14713,-0.15216,-0.096265
13,0.56016,0.43257,0.51083,0.51876,0.48007,0.54075,0.49622,0.57384,0.40336,0.34327,0.47113,0.59179,0.44784,1,0.48146,0.25695,0.079742,0.32522,0.15461,0.20782,0.0066193,-0.041016,0.39737,-0.037914,0.11388,-0.064691,0.11923,0.12271,-0.23875,-0.094054,-0.046407,0.055298,-0.04809,-0.014503,-0.030621,-0.18047,-0.16002,-0.17029,-0.39895,-0.2943,-0.14053,-0.055569,-0.46418,-0.39179,0.15867,-0.14212,0.018977,-0.072044,-0.3034,-0.13709,-0.075582,-0.29464,-0.2611,-0.095484,-0.52304,-0.017283,-0.041415,-0.041835,-0.030476,-0.22842,-0.31484,-0.11015,0.099139,-0.091671,0.083483,-0.126,0.22257,0.17036,0.088123,-0.12132,-0.48214,0.135,0.22191,-0.033794,-0.14261,0.1305,-0.21255,0.17111,0.091883,0.13566,-0.076022,-0.076621,0.038625,-0.13109,0.13243,0.064456,0.10523,0.14005,-0.17187,-0.01099,0.0011751,-0.082883,-0.19495,-0.076064,-0.014215,-0.047231,-0.13895,0.0026775,0.10085,0.10833,0.049146,-0.048296,0.088474,0.037453,0.073653,-0.18249,0.080847,0.17393,-0.0096092
14,0.62085,0.58385,0.5298,0.41275,0.5016,0.57299,0.56216,0.48197,0.56645,0.385,0.52538,0.44061,0.49699,0.48146,1,0.29351,0.2656,0.25467,0.055292,0.1868,-0.0092735,0.19811,0.28358,0.060633,0.10535,-0.24396,0.19039,-0.10113,-0.14067,0.11756,0.057082,0.044822,-0.11221,-0.24953,0.0038482,-0.32556,-0.14109,-0.23774,-0.35884,-0.23729,-0.075271,-0.16752,-0.35489,-0.17902,-0.003587,-0.024801,-0.01371,-0.1811,-0.26909,-0.089839,-0.10673,-0.25488,-0.015242,-0.37071,-0.31877,0.13584,0.035946,-0.38439,-0.18166,0.010538,-0.31058,-0.00019604,0.028525,0.0025347,0.083197,0.11461,-0.048866,0.35413,-0.10583,-0.048967,-0.17817,-0.0099094,0.23416,0.11917,-0.093434,-0.037425,-0.035616,0.088073,0.0076931,0.19778,0.0062237,0.017527,0.20877,-0.10235,0.24019,0.15924,0.12848,-0.0089993,-0.078821,-0.021003,0.022144,-0.16911,-0.20216,-0.20903,-0.081823,0.056195,-0.097596,0.092611,0.18173,0.1376,0.19208,0.14692,0.048021,0.32544,0.23454,-0.20293,-0.0025296,-0.0058808,-0.027689
15,0.57056,0.52924,0.60001,0.52342,0.52907,0.47226,0.59507,0.49891,0.38565,0.44345,0.49297,0.53231,0.43505,0.25695,0.29351,1,0.13001,0.39768,0.36326,0.17988,-0.1949,0.072136,0.33315,-0.02095,-0.043253,0.062036,0.13713,-0.0401,-0.25401,-0.031468,-0.049667,-0.022916,-0.29607,-0.20181,-0.18718,-0.30436,-0.20625,-0.16305,-0.059658,-0.22947,-0.10597,-0.25544,-0.15776,-0.25093,-0.20357,-0.16782,-0.13263,-0.27534,-0.37516,-0.24167,-0.33021,-0.36798,-0.15318,-0.1388,-0.31209,0.10895,-0.15896,-0.19703,0.048936,-0.39379,-0.26105,0.066905,0.11782,0.11354,0.19998,0.022021,0.059881,-0.035435,-0.12246,-0.18551,0.05366,0.0088316,0.19349,0.3233,-0.15846,0.024791,0.019636,-0.0031782,0.069608,0.089731,-0.11964,-0.076503,-0.050543,0.090828,0.34795,0.22087,0.171,-0.04268,0.094308,0.018997,0.023456,-0.040496,-0.26616,-0.090137,0.028186,0.15848,0.044729,-0.045472,-0.076335,0.10939,0.18377,0.30413,-0.060169,0.011234,-0.05313,-0.061347,-0.010879,0.14987,-0.069057
16,0.30639,0.4535,0.25839,0.26504,0.31126,0.34561,0.15597,0.34389,0.34508,0.24054,0.33136,0.39001,0.17281,0.079742,0.2656,0.13001,1,0.38223,0.068976,0.208,0.22937,0.19191,0.25406,-0.039228,0.073479,-0.19291,-0.0055288,0.27233,0.079227,0.12517,0.17272,0.040451,-0.10199,-0.24162,0.18766,-0.015657,-0.083642,-0.17139,-0.20435,-0.1706,0.018439,-0.092184,-0.34098,-0.14581,0.043681,0.16577,-0.042076,-0.36309,0.020705,-0.049599,0.071139,-0.18025,0.16813,-0.25228,0.010249,0.2194,0.17289,-0.074112,-0.089686,-0.29672,-0.32288,-0.23785,0.21628,-0.36888,-0.1066,0.1452,-0.045808,0.048833,0.018149,-0.035115,-0.1023,-0.12967,0.094964,-0.024597,0.15532,0.12469,-0.052317,0.21805,0.035934,0.44567,-0.13559,0.17802,0.14459,-0.076089,0.1996,0.047579,-0.14986,-0.061697,-0.11408,-0.098643,0.0022136,-0.33216,-0.31063,-0.15024,0.073833,0.064308,0.0027838,-0.029533,-0.04722,0.20646,0.15451,0.083473,-0.12258,0.19796,0.21753,0.10888,-0.035338,0.41808,-0.16471
17,0.64484,0.50946,0.56582,0.61212,0.57702,0.5735,0.51552,0.61419,0.3869,0.4878,0.56447,0.49076,0.56042,0.32522,0.25467,0.39768,0.38223,1,0.17955,0.12605,0.025106,-0.011483,0.34391,-0.17317,-0.012748,-0.17383,0.024003,0.19695,-0.088606,-0.072986,0.022788,0.079929,-0.20685,-0.19961,-0.15294,-0.058376,-0.26888,-0.04116,-0.14377,-0.52752,-0.079595,-0.25092,-0.47455,-0.37091,-0.024634,-0.22004,-0.17434,-0.037895,-0.078352,-0.18087,0.067761,-0.42763,-0.19615,0.0052631,-0.16208,-0.071029,-0.084492,-0.25417,-0.074037,-0.14054,-0.16559,-0.067575,0.08711,-0.031253,0.15094,-0.088843,0.15296,-0.079554,-0.045557,-0.22044,0.051544,0.23366,0.11001,0.064989,-0.047506,-0.058247,-0.0023239,0.063421,-0.090042,0.088736,0.094469,0.18476,0.050589,-0.22637,0.17183,-0.024616,-0.16305,-0.035055,0.026574,0.11064,0.04914,-0.18021,-0.14318,0.014979,-0.15363,0.2463,0.065453,-0.034933,-0.25641,-0.021098,0.14541,0.40617,0.11214,0.20795,0.17389,0.048253,-0.19723,0.16193,-0.1494
18,0.19113,0.30937,0.35465,0.44673,0.30493,0.16742,0.22412,0.26108,0.27547,0.098752,0.25288,0.36921,0.14848,0.15461,0.055292,0.36326,0.068976,0.17955,1,0.0062758,0.055967,-0.011255,0.038412,-0.015333,-0.1104,0.090759,-0.21393,0.0075121,-0.42863,0.052274,0.16387,-0.092454,0.013451,0.089029,-0.16548,0.090659,-0.015636,-0.04791,-0.26134,0.09227,-0.10092,-0.055504,-0.16967,-0.10014,-0.27838,0.11159,-0.0878,0.0035144,-0.35135,0.14122,-0.10705,-0.034337,-0.010594,-0.17209,-0.050976,-0.040324,-0.18109,-0.15048,-0.29952,-0.2186,-0.0063674,0.12491,-0.073653,0.10988,0.067174,-0.12722,0.15836,0.0087942,-0.10327,-0.064352,-0.16409,0.069531,-0.015913,-0.16224,0.17997,0.15424,0.14704,-0.19708,0.21116,-0.19212,-0.043405,-0.049195,-0.11229,-0.030065,0.039939,0.1752,0.13898,0.099135,-0.086812,0.044213,-0.046493,-0.022688,0.10212,0.091945,-0.13826,-0.12376,0.27319,-0.055308,-0.016339,0.12164,-0.022119,-0.040484,-0.2162,-0.02734,0.091904,0.25284,-0.094912,-0.071469,0.15881
19,0.37431,0.20395,0.34124,0.28705,0.40378,0.42517,0.22582,0.26014,0.15021,0.22464,0.13371,0.23801,0.31732,0.20782,0.1868,0.17988,0.208,0.12605,0.0062758,1,-0.09768,0.37467,0.20457,-0.017691,-0.13085,-0.20835,-0.0188,-0.17437,0.046313,0.20158,0.088582,-0.030052,0.27306,-0.17094,-0.034804,-0.05186,-0.042956,0.14552,-0.36299,-0.15166,-0.19297,0.075771,-0.14416,-0.22708,-0.060977,-0.17634,-0.10065,-0.12123,-0.089861,0.10851,-0.3144,-0.087152,0.054241,0.018813,-0.16409,0.1677,-0.06353,-0.082505,0.013707,-0.12178,0.15235,0.038647,-0.24472,0.059889,0.14918,0.24956,0.3295,0.13403,-0.068197,-0.29473,0.15852,0.074173,0.24788,0.096909,-0.17977,0.13475,-0.10893,0.26226,0.063086,0.43969,-0.40544,0.050568,-0.17678,-0.13361,0.30002,0.11292,0.0181,0.15582,-0.17708,0.20666,-0.12595,-0.14879,0.13082,0.015586,0.10698,-0.26886,-0.15846,0.039201,0.023186,-0.15971,-0.026557,-0.051763,-0.15614,-0.0056016,0.10742,0.079908,0.34547,-0.039813,-0.00086665
20,-0.020918,0.028992,-0.186,-0.16642,-0.017406,-0.21326,-0.051919,0.047674,0.027626,-0.0022112,-0.086981,-0.03697,-0.10761,0.0066193,-0.0092735,-0.1949,0.22937,0.025106,0.055967,-0.09768,1,0.046921,-0.1986,0.04468,0.0098553,-0.12981,-0.47838,-0.20003,0.23963,-0.080852,0.062424,0.090199,0.10774,0.1833,0.12644,0.039923,0.17435,0.11183,-0.10622,-0.10689,-0.054541,0.0087034,-0.31689,-0.1635,-0.0014514,0.20171,0.051399,0.12049,0.07153,-0.062648,0.25655,0.012704,0.081313,-0.028921,0.13995,0.10943,0.20948,0.093759,0.029283,-0.0043301,0.1367,-0.20676,-0.13196,-0.037267,0.11567,-0.024826,0.086533,0.2853,0.30864,0.060272,-0.026337,-0.090076,0.0051261,0.052052,0.13166,0.23413,-0.18356,0.036131,-0.1714,0.16658,-0.01006,0.20823,0.041277,0.095507,0.064976,0.18664,-0.045323,0.02504,-0.15758,-0.09893,-0.16464,0.028349,-0.043021,-0.18713,0.061667,0.010652,-0.16889,0.17882,0.025141,-0.066618,0.01816,-0.15179,-0.35356,-0.015836,-0.19146,0.34914,-0.18359,-0.13312,-0.1047
21,0.18748,0.29485,0.25477,0.15246,0.22616,0.23676,0.31841,0.20133,0.39851,0.17482,0.21337,0.15253,0.21589,-0.041016,0.19811,0.072136,0.19191,-0.011483,-0.011255,0.37467,0.046921,1,0.14073,0.083177,-0.19252,0.022175,-0.18477,-0.20873,0.063906,0.17614,0.40301,-0.18341,0.1126,-0.28725,0.076697,-0.076715,0.15077,-0.25691,-0.18778,-0.04179,0.057238,0.027822,0.16396,-0.18365,-0.087178,-0.0056538,-0.095598,-0.003742,-0.066274,0.11974,-0.11435,-0.11486,0.32029,-0.087452,-0.040763,0.066018,-0.18641,0.052983,-0.15533,-0.00041692,0.057519,0.064821,-0.26715,-0.26902,0.13381,0.29274,-0.19124,0.42112,-0.10867,-0.30031,0.13168,-0.23562,0.12518,-0.1125,-0.052395,0.21671,-0.49367,0.16793,0.19255,0.28357,-0.12842,0.048028,-0.22426,0.070506,0.14946,-0.082207,0.12244,0.018799,-0.13748,0.38854,0.044919,0.054775,0.13471,-0.0061579,0.11636,-0.16022,0.061007,0.059259,0.12571,0.067809,0.12175,0.077768,-0.010798,0.10097,0.041934,0.12034,-0.13616,-0.16143,-0.19703
22,0.47177,0.39469,0.57881,0.37806,0.40497,0.54288,0.41694,0.47636,0.5069,0.56617,0.44985,0.29733,0.27716,0.39737,0.28358,0.33315,0.25406,0.34391,0.038412,0.20457,-0.1986,0.14073,1,-0.089151,0.068076,-0.062231,0.27342,0.20386,-0.12323,0.039888,-0.033186,0.18073,-0.10512,-0.42707,0.055834,-0.16309,-0.20549,0.034891,-0.084377,0.003045,-0.15734,-0.10277,-0.2107,-0.24442,-0.020852,-0.15032,0.053408,-0.11312,-0.060516,0.012402,-0.14317,-0.16989,-0.025875,-0.061417,-0.09699,0.36958,0.1345,0.076059,-0.0011788,-0.23605,-0.26097,-0.071599,-0.17014,-0.0033183,-0.057533,0.02013,0.15089,-0.10668,-0.077043,-0.21525,-0.31093,0.25755,-0.033763,0.070006,-0.042362,0.042749,-0.25246,0.078893,0.10532,-0.025848,-0.11403,0.067116,0.016775,0.057329,-0.045468,0.21021,0.057165,-0.11664,0.10619,0.22874,0.13243,-0.14912,0.075345,-0.044745,-0.017388,-0.054598,0.040757,-0.10228,-0.099409,0.2654,0.2926,0.064681,0.15041,0.21741,0.1323,-0.13337,0.040476,-0.036786,0.0099134
23,0.008883,-0.013317,-0.016025,-0.097418,-0.056738,-0.0818,-0.043969,-0.01526,0.083244,0.033823,-0.058326,0.039346,-0.11981,-0.037914,0.060633,-0.02095,-0.039228,-0.17317,-0.015333,-0.017691,0.04468,0.083177,-0.089151,1,-0.014761,0.13672,0.055535,-0.21571,-0.12501,0.12037,-0.034,0.005799,-0.18211,0.15561,0.26429,-0.26845,-0.065707,-0.4746,0.0386,-0.039499,0.019479,-0.30501,0.11725,-0.060698,-0.076791,-0.052484,-0.31167,0.012725,-0.26297,0.0078419,0.023575,0.005708,0.24264,-0.38848,-0.18476,0.047482,-0.047363,0.14591,-0.095634,-0.11661,0.098799,0.18479,-0.084859,-0.00071229,-0.1694,-0.052449,-0.2892,-0.13383,0.13317,0.13899,-0.23561,-0.14383,-0.081734,-0.15569,-0.043061,-0.059642,0.042494,-0.11205,-0.013143,-0.013071,-0.12046,-0.24576,-0.12139,0.1692,0.20832,-0.12387,0.080745,0.26926,0.076102,-0.077013,-0.051626,-0.0049122,-0.11321,0.17867,0.097226,0.084139,0.19069,-0.0030198,0.076731,-0.051502,0.17048,-0.06879,0.027864,-0.050077,0.20173,0.16884,-0.26479,0.02299,0.3519
24,0.16321,0.061259,0.15705,0.22274,0.096678,0.045346,0.23502,0.22162,0.25157,0.20077,0.12195,-0.0054161,0.13395,0.11388,0.10535,-0.043253,0.073479,-0.012748,-0.1104,-0.13085,0.0098553,-0.19252,0.068076,-0.014761,1,0.058898,0.054047,0.27648,-0.035689,0.024823,-0.22462,0.1501,0.053419,-0.1239,0.28581,-0.054714,-0.078643,0.21131,-0.23651,-0.049044,-0.16269,0.068127,-0.11015,-0.031977,0.14941,0.10392,0.16658,0.017067,-0.3057,-0.1305,-0.026173,-0.14535,0.14232,0.011163,0.03847,0.31036,0.1928,-0.029004,-0.034922,0.07523,-0.46727,-0.042261,0.31375,0.077472,-0.24616,0.061667,0.11708,0.089945,-0.0024628,0.15266,-0.2513,0.13953,0.063255,0.08545,-0.14347,-0.17038,-0.00044636,-0.11771,0.12971,0.17219,0.41997,-0.20472,0.23855,0.0441,0.27627,0.11621,0.27828,-0.085693,-0.14302,-0.1486,0.24192,0.070334,-0.088817,-0.15851,0.18729,0.30114,-0.1458,0.010024,0.035014,0.054644,0.19109,-0.044602,-0.0035125,-0.073333,-0.033843,-0.15176,0.026824,-0.026101,0.18504
25,-0.25945,-0.23653,-0.10671,-0.12913,-0.23754,-0.33982,-0.1013,-0.083862,-0.0050376,-0.26747,0.046244,-0.059423,-0.096954,-0.064691,-0.24396,0.062036,-0.19291,-0.17383,0.090759,-0.20835,-0.12981,0.022175,-0.062231,0.13672,0.058898,1,-0.073068,-0.14949,-0.066499,0.051777,-0.2053,-0.046997,-0.12469,0.31391,0.18626,0.13967,0.14542,-0.15496,0.15568,-0.05366,-0.12048,-0.074254,0.39621,0.14186,-0.090145,0.071261,-0.20341,0.064416,0.071153,0.030903,0.13889,-0.012748,0.07284,-0.06897,0.10311,0.14921,-0.051229,0.054204,0.21065,0.030636,0.00025468,0.0047296,-0.029638,0.037635,-0.14282,-0.011046,0.010674,-0.07779,-0.046579,0.06309,-0.097341,0.054234,-0.28527,-0.036788,-0.3248,0.13301,0.01777,-0.10457,0.31468,-0.085103,0.050526,-0.34532,-0.37748,0.084002,-0.043498,0.017982,0.33548,0.19432,-0.029274,-0.20983,0.078063,0.26367,-0.045599,-0.057098,-0.12878,0.17058,0.25255,-0.11735,0.099006,0.21963,-0.044062,-0.25772,0.052622,-0.20171,-0.14608,0.062155,-0.10628,-0.25699,0.19851
26,0.006182,-0.072204,0.056662,-0.023493,0.047872,0.071593,-0.048101,0.0044379,-0.042081,0.039264,0.12966,-0.064173,0.024817,0.11923,0.19039,0.13713,-0.0055288,0.024003,-0.21393,-0.0188,-0.47838,-0.18477,0.27342,0.055535,0.054047,-0.073068,1,0.17225,-0.12021,-0.00028819,-0.026977,-0.15799,-0.24109,-0.1895,0.017514,-0.11596,-0.11273,-0.021734,0.24232,0.16706,-0.11255,-0.18415,0.12754,0.032218,0.14947,-0.19082,0.082391,-0.34147,-0.029088,0.02396,-0.097287,0.007087,0.06635,0.0578,0.042726,-0.0082608,0.11979,0.044902,-0.0038612,0.045025,-0.26769,0.14379,0.34351,-0.19623,0.06287,-0.15651,-0.078811,-0.16117,-0.11491,0.090141,-0.12811,0.24083,-0.05227,0.0057728,0.064501,0.026868,0.18463,0.066239,-0.2329,-0.11978,0.1233,0.016639,0.073643,-0.17898,0.097894,-0.1884,-0.20462,0.013934,0.46236,0.060289,-0.034864,-0.066961,0.081058,-0.055966,-0.27684,-0.071111,-0.15881,-0.12257,0.050127,0.077024,0.25633,-0.019142,0.38671,0.17659,-0.019241,-0.095001,0.13066,0.25181,0.21762
27,-0.046447,-0.018781,-0.0065912,0.055847,-0.046283,0.047471,-0.041711,-0.031948,0.038388,0.016924,6.0238e-05,0.034621,-0.055084,0.12271,-0.10113,-0.0401,0.27233,0.19695,0.0075121,-0.17437,-0.20003,-0.20873,0.20386,-0.21571,0.27648,-0.14949,0.17225,1,-0.12879,0.12691,-0.050511,0.049099,-0.061764,-0.12475,0.23049,0.19944,0.00070047,-0.031196,0.0023245,0.032836,0.096372,0.1122,-0.089426,-0.022688,0.025086,0.20655,0.15482,-0.17645,0.12973,0.098181,0.16165,0.18485,0.15767,0.14207,0.08113,0.20832,-0.022929,0.28455,-0.11007,-0.0048389,-0.30056,0.091363,0.35179,0.028866,-0.16354,-0.072821,-0.0095045,-0.054936,-0.045086,0.034008,-0.24456,-0.16892,0.12069,0.030977,0.051148,-0.070278,0.24209,0.16799,0.087357,0.021191,0.20237,0.034146,0.093882,-0.034128,0.10724,-0.17329,-0.038796,-0.30516,-0.079907,0.041684,-0.075194,-0.15897,-0.21791,0.059367,0.14017,0.049275,-0.13419,-0.23316,-0.33836,-0.021221,-0.074259,0.042599,0.41319,-0.17099,-0.0080733,-0.32438,0.019426,0.35719,0.034362
28,-0.21925,-0.34486,-0.41131,-0.34253,-0.33413,-0.17557,-0.31526,-0.17643,-0.19162,-0.15979,-0.32102,-0.26465,-0.15425,-0.23875,-0.14067,-0.25401,0.079227,-0.088606,-0.42863,0.046313,0.23963,0.063906,-0.12323,-0.12501,-0.035689,-0.066499,-0.12021,-0.12879,1,-0.12116,0.023127,-0.086275,0.046105,0.10792,0.30016,0.0022109,0.22504,0.12978,0.21389,-0.089,0.045325,0.35039,0.1082,0.083176,0.32799,0.1541,0.074852,-0.085737,0.34479,-0.071769,0.30963,0.14872,0.12189,0.31262,0.27453,0.10852,0.19133,-0.023659,0.32646,-0.099661,0.058284,-0.20409,-0.0016887,-0.041407,-0.10892,0.084651,0.019624,0.049205,0.19255,-0.17719,0.21325,-0.053584,0.1142,0.18561,-0.34516,0.31588,-0.038471,0.24089,-0.15314,0.19716,-0.012832,0.1963,-0.11821,0.035046,-0.11215,0.16892,-0.062786,-0.11283,0.10892,-0.0066239,0.029988,0.099831,-0.0089558,-0.11336,0.14919,-0.044462,-0.060996,-0.25209,-0.083959,-0.16768,-0.13749,-0.12313,-0.016581,-0.020803,-0.28386,-0.087626,-0.033408,-0.080859,-0.27355
29,-0.15959,-0.13838,-0.095832,-0.10326,-0.13137,-0.021662,-0.14422,-0.048534,-0.10574,-0.050163,-0.033972,-0.059522,-0.1764,-0.094054,0.11756,-0.031468,0.12517,-0.072986,0.052274,0.20158,-0.080852,0.17614,0.039888,0.12037,0.024823,0.051777,-0.00028819,0.12691,-0.12116,1,-0.13089,0.15623,0.2002,-0.03685,0.20043,0.16553,0.22467,0.13663,0.12985,-0.10197,0.058578,-0.0038215,0.037744,0.050101,-0.081904,-0.1045,0.056501,-0.12352,-0.044253,0.40478,0.056781,0.26424,0.27362,-0.20715,-0.056477,0.29938,0.033547,0.18587,-0.043201,0.26547,0.13931,0.24358,0.0046213,0.0024382,-0.042614,0.2511,-0.22882,0.18435,0.044218,-0.21751,0.08277,-0.17012,-0.11269,0.025735,-0.024963,0.008983,0.21514,-0.049181,0.17221,0.1056,0.01029,0.12325,-0.35699,0.06478,0.11139,0.070909,0.24175,0.079857,0.18412,0.084647,0.04983,0.21695,0.040615,-0.15205,-0.16662,0.0083981,0.0428,-0.10052,-0.083293,-0.071916,-0.039075,0.0023333,0.032747,0.0040838,-0.15253,-0.078738,-0.094236,-0.092682,-0.040191
30,0.023111,0.094729,0.039116,0.10972,0.042336,-0.048015,0.098579,-0.05492,0.24107,0.031649,0.04605,-0.00076822,0.084581,-0.046407,0.057082,-0.049667,0.17272,0.022788,0.16387,0.088582,0.062424,0.40301,-0.033186,-0.034,-0.22462,-0.2053,-0.026977,-0.050511,0.023127,-0.13089,1,-0.095728,0.12849,-0.1645,-0.18805,-0.095602,-0.17942,-0.11779,-0.17996,0.19731,-0.086503,0.06689,-0.027908,0.14596,0.1325,-0.078264,0.023506,-0.096192,-0.20422,0.054699,0.03792,-0.045505,0.25054,-0.038315,0.060272,-0.084655,-0.36857,0.093556,-0.22254,-0.3312,0.089956,0.060533,-0.036759,-0.29391,0.16748,0.087445,-0.16989,-0.0060352,-0.16284,-0.11647,-0.034337,-0.085784,0.01845,-0.18458,0.066014,0.1853,-0.17251,0.26497,-0.09042,0.25076,0.10547,0.032021,-0.017128,0.0037093,-0.080575,-0.14946,-0.03838,-0.25686,-0.32345,0.21348,0.053749,-0.15698,0.17193,-0.018607,0.064385,-0.52381,0.12788,-0.050499,0.21476,0.098386,-0.055449,0.027066,0.04751,0.13335,0.027355,0.29883,-0.18317,0.073215,-0.040981
31,0.084688,-0.10403,-0.040268,-0.061533,-0.090749,-0.13198,-0.078658,-0.070777,-0.03743,0.21888,-0.0666,0.074379,-0.30432,0.055298,0.044822,-0.022916,0.040451,0.079929,-0.092454,-0.030052,0.090199,-0.18341,0.18073,0.005799,0.1501,-0.046997,-0.15799,0.049099,-0.086275,0.15623,-0.095728,1,-0.04122,-0.070107,-0.22128,0.2884,-0.094877,-0.022555,0.0078341,-0.051672,-0.09319,-0.09244,-0.24036,0.089206,-0.18443,-0.092801,-0.027512,0.14253,-0.099532,-0.0014558,0.024721,0.1899,-0.21429,-0.1238,-0.019827,0.061282,-0.072649,-0.013762,-0.019302,0.057329,0.18033,-0.14477,-0.0098813,0.22463,0.10432,0.14752,0.076267,-0.053465,0.051718,-0.084815,-0.2412,-0.03398,0.082689,0.17032,-0.11526,-0.23786,-0.14072,-0.075361,-0.14738,-0.031015,0.00035068,0.24089,0.0055379,0.25062,-0.039919,0.17488,-0.036263,-0.12178,-0.14629,0.00030878,0.12064,-0.053286,-0.054323,-0.10312,0.19716,0.12438,-0.1191,0.040626,0.027436,-0.11538,-0.089406,-0.0035546,-0.11868,0.25524,0.014201,-0.033802,-0.10905,0.1409,-0.0033511
32,-0.15117,-0.091248,-0.13949,-0.070348,-0.076665,-0.17743,-0.061192,-0.050195,-0.010976,0.16448,-0.15486,-0.10472,-0.030032,-0.04809,-0.11221,-0.29607,-0.10199,-0.20685,0.013451,0.27306,0.10774,0.1126,-0.10512,-0.18211,0.053419,-0.12469,-0.24109,-0.061764,0.046105,0.2002,0.12849,-0.04122,1,-0.026527,0.11591,0.035939,-0.085029,0.26527,-0.38538,0.2308,-0.11713,0.21067,-0.072946,0.26805,0.070872,-0.21604,0.095784,-0.011433,-0.058748,0.12157,0.018,0.16256,0.13993,-0.009891,0.037993,-0.043996,-0.054653,-0.050207,-0.13034,0.21848,0.25596,0.14216,-0.24059,0.084924,0.091569,0.28637,0.078539,0.097858,-0.036033,0.12156,0.23981,0.07916,-0.2399,0.16788,-0.039744,0.069055,-0.029745,0.1395,0.2085,0.10782,0.043529,0.19259,-0.16247,-0.04194,-0.16286,0.33042,-0.018864,-0.16773,0.052518,-0.011247,-0.06561,0.040395,0.13657,-0.31145,0.034804,-0.24467,-0.11913,0.096936,-0.10277,-0.073302,-0.26546,-0.24629,-0.1171,-0.18548,-0.11159,-0.039601,0.20564,-0.23776,-0.082585
33,-0.38911,-0.33705,-0.33592,-0.31486,-0.30307,-0.37247,-0.34696,-0.25335,-0.29937,-0.41325,-0.48856,-0.05851,-0.21992,-0.014503,-0.24953,-0.20181,-0.24162,-0.19961,0.089029,-0.17094,0.1833,-0.28725,-0.42707,0.15561,-0.1239,0.31391,-0.1895,-0.12475,0.10792,-0.03685,-0.1645,-0.070107,-0.026527,1,0.17598,0.20724,0.19462,-0.094621,0.16976,-0.033546,-0.011024,0.039995,0.082462,0.074653,-0.057237,0.17222,-0.11273,0.065372,0.14698,0.016061,0.24655,0.1453,-0.22911,-0.097826,0.064599,-0.1776,0.1259,0.1354,0.25971,0.13845,0.22117,0.12134,-0.087917,-0.010945,-0.11568,-0.13648,0.057248,0.17803,0.012171,0.090141,-0.19432,0.051318,-0.30367,-0.11728,-0.17258,0.2348,0.25743,-0.36159,-0.035762,-0.053452,0.089976,-0.13215,-0.25861,0.1525,0.10701,0.019445,-0.11695,0.064396,-0.19401,-0.26426,0.026545,0.22847,0.016924,0.067723,0.16216,0.026542,-0.025973,-0.26395,0.1391,0.0070098,-0.34484,-0.32063,-0.25223,-0.30015,-0.004678,0.16753,0.028791,-0.30896,0.10701
34,-0.18021,-0.14283,-0.1663,-0.19266,-0.23448,-0.085564,-0.081931,-0.069285,0.0581,-0.12448,-0.12846,-0.21155,-0.04472,-0.030621,0.0038482,-0.18718,0.18766,-0.15294,-0.16548,-0.034804,0.12644,0.076697,0.055834,0.26429,0.28581,0.18626,0.017514,0.23049,0.30016,0.20043,-0.18805,-0.22128,0.11591,0.17598,1,-0.024358,0.10372,0.063145,0.11721,-0.06299,0.14592,0.043881,0.12503,-0.063298,0.15366,0.33656,0.10681,-0.21766,0.27719,0.11987,0.38305,0.20812,0.28484,-0.076833,0.13375,0.23497,0.45405,0.10292,0.15256,0.1296,-0.19634,0.12517,0.038462,-0.08717,-0.34891,-0.0082736,-0.099859,0.13586,0.13629,-0.027614,-0.11678,-0.16509,-0.049044,0.020963,-0.059418,0.15663,0.067389,-0.10432,0.085839,0.16759,0.17173,-0.1501,-0.16382,-0.1154,0.028609,0.34705,0.25371,0.069581,0.13538,0.014682,0.0172,0.31862,-0.13978,0.04435,0.2951,0.065616,-0.089265,-0.24818,-0.20397,0.055329,-0.046353,-0.055232,0.23504,-0.05957,0.012344,-0.16798,-0.043569,-0.18699,0.14263
35,-0.37438,-0.41097,-0.34272,-0.26752,-0.31811,-0.39067,-0.42537,-0.2925,-0.28563,-0.27119,-0.3238,-0.22566,-0.25199,-0.18047,-0.32556,-0.30436,-0.015657,-0.058376,0.090659,-0.05186,0.039923,-0.076715,-0.16309,-0.26845,-0.054714,0.13967,-0.11596,0.19944,0.0022109,0.16553,-0.095602,0.2884,0.035939,0.20724,-0.024358,1,0.244,0.2257,0.22182,0.26669,0.083254,0.19301,0.19413,-0.011601,-0.17466,0.010223,-0.1438,0.18852,0.46128,0.43426,0.23934,0.34626,0.042732,0.33218,0.17233,0.079019,0.11289,0.1618,0.17242,0.35304,0.092679,-0.070944,0.066583,0.24689,0.27573,0.073948,0.31721,0.16336,0.15345,0.1029,-0.14506,0.023037,0.022777,-0.055244,0.13395,-0.020366,0.092842,-0.17318,-0.027172,-0.1406,-0.073844,0.22328,-0.22393,0.0043008,-0.35288,0.095096,-0.25005,0.074126,0.031796,-0.079947,-0.21089,0.15367,0.10304,0.22648,0.0053145,0.061341,0.18684,-0.11915,0.050508,0.016982,-0.10838,-0.25364,-0.10393,0.033107,-0.046498,0.10912,0.051084,-0.034791,-0.074955
36,-0.35195,-0.3047,-0.22797,-0.30121,-0.32358,-0.29097,-0.42259,-0.158,-0.23622,-0.43532,-0.22461,-0.1781,-0.20006,-0.16002,-0.14109,-0.20625,-0.083642,-0.26888,-0.015636,-0.042956,0.17435,0.15077,-0.20549,-0.065707,-0.078643,0.14542,-0.11273,0.00070047,0.22504,0.22467,-0.17942,-0.094877,-0.085029,0.19462,0.10372,0.244,1,0.038655,0.34136,-0.12265,0.20059,0.24361,0.17969,0.15935,0.042138,0.26864,0.23511,0.079313,0.19087,0.12778,0.073056,0.18837,0.10396,0.2395,0.1082,0.15728,0.020371,0.35044,-0.16381,0.18563,0.14979,0.31027,-0.059355,-0.11633,-0.22809,0.00015511,0.049561,0.16724,0.45782,-0.053581,0.074636,-0.12738,0.06555,-0.13409,-0.2391,0.22716,0.041505,-0.068579,0.081949,-0.036216,0.069418,0.23013,-0.18801,-0.040638,0.05719,-0.083224,-0.11219,0.068199,0.018784,0.1271,0.039565,0.24267,0.027871,0.050346,-0.097506,-0.19992,-0.10069,0.072777,0.31682,-0.16785,-0.1238,-0.16059,0.06982,-0.2651,0.028994,-0.020833,0.10411,-0.083882,0.14507
37,-0.21115,-0.2843,-0.14366,-0.11942,-0.12082,-0.13805,-0.15457,-0.18991,-0.21986,-0.21547,-0.12887,-0.46119,-0.053739,-0.17029,-0.23774,-0.16305,-0.17139,-0.04116,-0.04791,0.14552,0.11183,-0.25691,0.034891,-0.4746,0.21131,-0.15496,-0.021734,-0.031196,0.12978,0.13663,-0.11779,-0.022555,0.26527,-0.094621,0.063145,0.2257,0.038655,1,0.050534,0.18069,0.05589,0.29353,-0.059641,0.025556,0.15659,0.095393,0.19834,0.026595,0.24992,0.20555,0.061992,0.2323,0.023142,0.36284,0.30712,0.081164,0.29215,-0.020161,0.19107,0.28436,0.102,-0.012986,-0.096734,0.23071,0.03675,0.097929,0.37468,-0.0020348,0.16447,0.010052,0.20243,0.34651,-0.06667,0.016114,0.2686,0.034797,0.12034,-0.032924,-0.11049,0.11613,0.10455,0.072859,0.15368,-0.070755,-0.22586,0.29291,-0.002835,-0.13376,0.14885,-0.034585,-0.13757,0.38296,0.19192,0.0043742,-0.048475,-0.12588,-0.033756,0.087227,-0.050674,0.14845,0.04719,0.090212,-0.057048,0.048225,-0.19411,0.19854,0.14061,-0.23852,0.047186
38,-0.49282,-0.45705,-0.39148,-0.56816,-0.45571,-0.39674,-0.47511,-0.36968,-0.40739,-0.38679,-0.33734,-0.36446,-0.28134,-0.39895,-0.35884,-0.059658,-0.20435,-0.14377,-0.26134,-0.36299,-0.10622,-0.18778,-0.084377,0.0386,-0.23651,0.15568,0.24232,0.0023245,0.21389,0.12985,-0.17996,0.0078341,-0.38538,0.16976,0.11721,0.22182,0.34136,0.050534,1,-0.011131,0.25044,0.17847,0.32157,0.11719,0.059021,-0.080515,0.1301,0.161,0.42451,0.24857,0.30646,0.31379,-0.12978,0.31951,0.23628,0.051094,0.18627,0.38558,0.25544,0.13618,0.12155,0.14149,0.014846,0.020328,-0.078906,-0.18222,-0.10159,-0.27666,0.14915,-0.068269,0.094142,-0.1529,-0.031737,-0.03708,0.050563,-0.21198,0.022435,-0.09436,-0.28199,-0.24049,0.11434,0.056025,-0.16583,0.070932,-0.23235,-0.044688,-0.11099,0.0878,0.44566,0.012515,0.094952,0.28488,0.098476,0.11367,-0.099682,0.081938,-0.0078928,-0.23587,-0.10577,-0.11675,-0.11062,0.12005,0.10982,-0.06277,-0.03905,-0.080455,-0.20691,-0.066105,-0.15791
39,-0.38398,-0.18763,-0.35106,-0.34345,-0.2685,-0.41948,-0.34346,-0.39789,-0.11653,-0.085452,-0.34298,-0.29472,-0.33033,-0.2943,-0.23729,-0.22947,-0.1706,-0.52752,0.09227,-0.15166,-0.10689,-0.04179,0.003045,-0.039499,-0.049044,-0.05366,0.16706,0.032836,-0.089,-0.10197,0.19731,-0.051672,0.2308,-0.033546,-0.06299,0.26669,-0.12265,0.18069,-0.011131,1,0.083641,0.17185,0.27439,0.22177,0.040002,0.10433,0.043493,0.019553,0.046862,0.31877,-0.031788,0.40993,0.2124,0.084592,0.26074,0.016034,0.17569,0.090107,-0.084324,0.065996,0.091961,-0.044495,-0.18764,0.082446,0.075759,0.062441,-0.023857,-0.15638,-0.088948,0.43145,-0.085601,0.17913,-0.28454,-0.19764,0.35988,0.04317,0.0077807,0.049147,0.061284,-0.223,0.020908,0.078759,0.1354,0.29962,-0.27914,0.18842,-0.028232,-0.1793,0.098218,0.035655,-0.064262,0.10622,0.17309,-0.00054174,-0.015051,-0.13506,0.11782,-0.023784,0.02586,0.29952,0.24871,-0.13754,-0.018792,0.075157,0.0075816,0.20397,0.2246,0.022877,0.0036781
40,-0.20253,-0.016302,-0.035735,-0.17859,-0.16643,-0.093718,-0.075259,-0.1793,-0.16145,-0.27935,-0.10929,-0.075818,-0.024658,-0.14053,-0.075271,-0.10597,0.018439,-0.079595,-0.10092,-0.19297,-0.054541,0.057238,-0.15734,0.019479,-0.16269,-0.12048,-0.11255,0.096372,0.045325,0.058578,-0.086503,-0.09319,-0.11713,-0.011024,0.14592,0.083254,0.20059,0.05589,0.25044,0.083641,1,-0.050587,-0.10465,-0.17201,0.35224,0.26253,0.16993,0.18849,0.417,0.3204,0.25377,0.29428,-0.079146,-0.099026,-0.1878,-0.15159,0.29547,-0.044231,0.095076,0.17433,-0.0071835,0.13608,-0.10554,-0.034027,-0.23719,0.0047025,-0.070742,-0.069782,0.21378,-0.047498,0.075873,-0.22593,-0.081101,-0.13048,0.17407,0.040348,-0.046685,0.17837,0.080479,-0.15031,-0.04582,0.09855,0.077101,0.26079,-0.25177,0.16923,-0.055343,-0.18982,0.16555,0.14736,-0.15591,0.063744,-0.31242,-0.029502,0.22281,0.0043723,0.024709,0.15691,0.14508,-0.054691,-0.25003,0.22553,0.18325,0.1663,0.24022,-0.17984,-0.093362,0.2208,-0.20215
