2.3448e-11 3.8954e-12 4.3892e-13 2.2237e-12 4.9873e-12 -9.6229e-13 -2.3117e-14 -5.3589e-12 1.3086e-12 -9.3905e-12 -2.9113e-12 -5.1373e-13 2.2348e-12 1.9722e-12 -4.83e-12 -5.2635e-12 -4.5024e-12 -8.563e-13 -1.6725e-12 1.1021e-12 -1.4899e-12 -6.8119e-12 3.3678e-12 -2.0203e-12 -4.964e-12 1.2466e-13 -4.4764e-12 1.0661e-13 -8.2552e-13 -5.272e-12 -4.1399e-12 -1.4011e-13 4.3147e-13 -3.7577e-12 3.937e-12 -3.2782e-12 -2.5352e-13 -3.6018e-12 2.2085e-12 3.6729e-12 5.4411e-13 6.3848e-13 -1.8761e-12 -3.929e-12 7.1466e-13 -1.2665e-12 2.0263e-12 2.3797e-12 5.2942e-13 -6.8281e-13 7.479e-14 4.3424e-12 1.5462e-12 5.9795e-13 1.23e-12 -1.8052e-12 3.1029e-12 -1.415e-12 -1.1565e-13 -1.2462e-13 2.8246e-12 -9.1697e-13 5.834e-13 7.3307e-13 -3.3722e-13 1.764e-12 3.1584e-13 1.1698e-12 4.6382e-13 8.9567e-13 -1.0312e-12 -1.1686e-12 1.5691e-13 1.3218e-12 -4.9528e-13 -6.8057e-13 4.6138e-13 -1.3891e-12 5.9913e-13 4.9392e-13 1.1655e-12 1.7372e-13 -6.2071e-13 5.5877e-13 -2.1409e-13 -3.9412e-13 1.5983e-13 -8.1736e-14 -3.3746e-14 2.7543e-15 1.3945e-14
3.8954e-12 2.7929e-11 2.6584e-13 -3.8863e-12 1.0679e-12 -8.9339e-12 3.2545e-12 -3.4397e-12 -2.9293e-12 -3.8533e-14 -5.913e-12 -1.0803e-12 9.2377e-13 -1.3008e-12 -5.9479e-12 -5.8813e-12 -6.1997e-13 -1.9844e-12 -5.6782e-12 -8.5652e-12 -1.6672e-12 -3.6588e-12 -1.2008e-11 -3.6926e-12 -1.098e-11 -3.7399e-12 4.6095e-13 4.522e-13 1.7605e-12 -1.422e-12 -2.6206e-12 -4.4135e-12 -3.5496e-12 -5.1519e-13 4.499e-13 6.3468e-12 -2.5529e-13 -3.6382e-12 -5.8571e-12 1.2838e-12 -1.122e-13 6.0866e-13 -1.132e-12 -2.4005e-12 -1.8418e-12 -7.2259e-13 -2.7785e-12 4.3146e-13 -1.3594e-12 -4.6846e-12 9.3402e-13 2.1467e-12 1.6236e-12 1.7604e-12 3.771e-13 3.4235e-12 1.2441e-12 1.235e-12 3.797e-13 8.6986e-13 5.1566e-13 1.8322e-12 1.8366e-12 1.3233e-12 -4.3141e-14 2.1415e-12 9.9701e-13 -8.6939e-13 -8.1732e-13 1.1038e-13 4.6771e-13 1.3751e-12 -2.9384e-12 8.4867e-13 2.0841e-12 4.5719e-13 2.4378e-12 -7.1348e-14 -1.5218e-12 -2.9365e-13 8.9502e-13 -3.9676e-13 -3.1942e-13 6.9486e-13 -7.1402e-13 -1.9623e-13 8.0813e-14 -2.737e-13 -2.4832e-14 -4.9882e-15 1.3977e-14
4.3892e-13 2.6584e-13 2.5262e-11 -1.9206e-12 6.0449e-12 1.6864e-12 -3.9587e-12 -1.7029e-12 1.6553e-12 6.6893e-13 2.5765e-12 -3.8436e-12 -5.4608e-12 -2.6172e-12 -1.1024e-11 -4.2104e-14 -6.8501e-12 -7.7159e-12 -3.6726e-12 -6.7199e-12 -6.8455e-12 -5.6591e-12 -1.6825e-12 -3.4954e-12 -4.8184e-12 -2.7383e-12 7.6665e-13 -3.5729e-12 -1.5649e-12 -2.0241e-12 -1.0285e-11 -4.8859e-12 2.5282e-12 -4.5439e-13 -4.1117e-12 -1.3473e-12 -3.7325e-12 9.1205e-13 -2.1903e-12 2.6099e-12 -2.8368e-12 -2.4109e-12 2.4617e-12 -2.0827e-12 6.7079e-13 1.0151e-12 3.8391e-12 -1.884e-12 -2.0378e-12 -2.008e-12 -1.1925e-12 -1.8164e-12 1.1294e-12 -1.7186e-12 1.9303e-12 1.9626e-12 1.2019e-12 -1.4202e-12 2.23e-12 1.5814e-13 6.1341e-13 1.6994e-13 1.77e-12 4.1775e-12 1.9423e-12 4.1411e-13 7.5032e-13 2.8895e-12 3.4235e-13 -1.1267e-12 -2.6684e-13 1.1368e-12 5.7876e-13 1.2339e-12 -1.0239e-12 2.9953e-12 -4.7012e-13 3.3338e-13 -4.2176e-13 6.2105e-13 -3.7193e-13 2.3255e-13 3.7093e-13 -5.9521e-13 -2.9407e-13 3.7981e-13 1.3339e-13 1.7082e-13 3.8219e-14 3.9309e-15 -1.6477e-14
2.2237e-12 -3.8863e-12 -1.9206e-12 2.1663e-11 -2.0131e-12 1.5168e-12 4.7831e-13 -2.1673e-13 -2.4531e-12 -3.5e-12 -2.7415e-12 6.3451e-12 1.8303e-12 -4.1537e-13 6.4718e-13 -1.7778e-12 -3.3003e-12 -5.8416e-13 1.4956e-12 -3.5374e-12 -4.1587e-12 -3.3736e-13 -2.0862e-12 5.4878e-12 2.8572e-12 3.353e-12 1.9007e-12 3.739e-12 -1.3522e-12 -2.2991e-13 -2.9344e-12 4.0263e-12 4.8266e-13 4.0985e-12 -4.8301e-12 -1.2213e-12 2.8465e-12 -1.1004e-12 3.2114e-12 -1.4095e-12 1.4655e-12 -4.3056e-13 -1.9833e-12 8.2788e-13 -2.3008e-12 2.0604e-12 3.4809e-12 2.7307e-13 1.4506e-12 1.3222e-12 1.3712e-12 1.544e-12 -9.436e-13 -7.1801e-13 1.8378e-14 -3.0726e-12 -1.245e-12 2.6143e-13 1.157e-12 -5.3189e-14 2.2179e-12 -1.3489e-12 1.9978e-13 -5.7393e-13 2.79e-13 1.0043e-12 7.6277e-13 2.7904e-13 2.9237e-12 4.675e-13 2.3736e-13 -1.5101e-12 4.9539e-13 -3.7355e-13 1.2028e-12 -1.7069e-12 1.1823e-12 -5.2046e-13 1.3773e-12 5.3017e-13 -2.3548e-13 2.1612e-13 3.4892e-13 2.9951e-13 5.9999e-13 2.687e-13 4.6253e-13 7.5344e-14 -4.0652e-14 -1.5547e-14 4.3996e-15
4.9873e-12 1.0679e-12 6.0449e-12 -2.0131e-12 2.1493e-11 1.5271e-12 3.2131e-13 -3.1218e-12 7.9969e-12 1.9518e-12 4.1213e-12 -8.9403e-12 4.7627e-12 -4.7324e-12 -6.2749e-12 7.5275e-13 -4.9114e-13 -1.2289e-12 2.6459e-12 -7.7307e-12 -3.3472e-12 -3.0704e-12 1.1575e-12 -8.7248e-13 -4.9039e-12 2.4211e-12 -4.3366e-13 2.4445e-12 6.5999e-13 -1.0594e-12 -4.1556e-12 -2.3611e-12 1.8568e-12 -4.3762e-13 -7.7136e-13 1.1736e-12 -4.2771e-12 1.4347e-13 1.5905e-12 4.0522e-12 5.5498e-13 -5.3025e-13 7.5471e-13 -4.2437e-12 9.0969e-14 8.0205e-14 2.0625e-12 -1.3229e-12 -4.015e-13 -6.0285e-13 2.965e-12 -1.9999e-12 5.4306e-13 4.3981e-12 -1.4559e-12 -3.644e-13 3.8425e-12 9.3643e-13 4.6584e-13 4.4601e-14 4.1221e-13 -1.6406e-14 1.5143e-12 -7.7685e-13 1.7061e-12 1.848e-12 -2.692e-13 1.5985e-12 1.2257e-12 1.1958e-12 -2.3111e-13 1.3276e-13 1.7142e-12 7.7559e-13 -8.0411e-13 8.223e-13 3.4588e-13 -7.8074e-13 -3.6406e-13 -3.1825e-14 1.5929e-13 5.8509e-13 1.2625e-13 -3.3382e-13 9.0763e-14 -8.6458e-13 -1.6991e-13 2.1609e-13 -8.1331e-15 1.071e-14 -2.6319e-14
-9.6229e-13 -8.9339e-12 1.6864e-12 1.5168e-12 1.5271e-12 2.3028e-11 4.3919e-12 6.6312e-14 -4.2353e-12 -1.7461e-12 5.237e-12 -2.9055e-12 3.0325e-12 5.7e-12 -6.0215e-12 -2.1858e-12 3.581e-12 -4.9292e-12 5.0399e-13 -1.0849e-12 -2.9997e-12 3.5977e-12 7.024e-12 9.3773e-13 -4.3795e-12 -2.3148e-13 5.509e-13 1.6191e-12 -3.3365e-13 -2.3356e-12 -1.4184e-12 3.7374e-12 2.1649e-12 2.1428e-12 -1.1449e-12 -3.7237e-12 3.3671e-12 2.83e-12 -1.4684e-12 -2.2748e-12 9.1921e-13 -2.439e-12 1.8683e-12 -2.3752e-12 1.8776e-12 -9.5127e-15 2.5981e-12 -6.3856e-13 1.9707e-14 2.8077e-12 -2.0407e-12 -2.4629e-12 -8.9118e-13 -5.708e-13 6.177e-13 -3.2969e-12 2.6267e-12 -1.5738e-13 -8.3774e-13 8.5775e-13 -2.2034e-12 -1.3397e-12 -5.658e-14 2.4602e-12 3.3233e-12 -5.7834e-13 2.5741e-12 7.054e-13 -1.3438e-12 7.9006e-13 -4.0922e-13 -2.3935e-12 1.6394e-12 -7.0767e-13 -2.7161e-13 2.3191e-13 1.112e-13 7.2858e-13 -1.7501e-13 8.1242e-13 2.1971e-13 3.2237e-13 -6.947e-14 1.2119e-13 -6.7675e-14 -6.1935e-14 -5.8264e-16 1.2563e-14 6.9814e-14 1.5714e-14 -2.4159e-14
-2.3117e-14 3.2545e-12 -3.9587e-12 4.7831e-13 3.2131e-13 4.3919e-12 2.9605e-11 -7.5161e-13 9.9937e-12 6.437e-12 1.1659e-11 3.391e-12 1.1705e-11 9.9646e-12 3.2636e-13 6.6399e-13 1.7536e-12 9.8654e-12 2.9848e-12 6.7076e-12 3.8299e-12 1.0895e-11 5.7542e-12 8.8217e-12 2.9991e-12 8.8294e-13 7.3388e-12 5.5102e-12 1.0597e-11 5.7016e-12 2.9646e-12 4.6118e-12 -5.2875e-12 3.1163e-12 6.0344e-12 1.5755e-12 2.9741e-12 3.2877e-12 5.9464e-13 9.1716e-13 5.9859e-12 -2.6495e-12 1.7925e-12 -2.6351e-13 -2.1532e-12 -8.8859e-13 2.4642e-12 3.1074e-12 -9.0444e-13 7.8304e-12 1.111e-12 -2.3563e-12 2.574e-12 7.8215e-13 1.673e-12 -2.4997e-12 5.029e-13 -2.3786e-13 -8.491e-13 -1.2102e-12 1.2289e-13 4.9263e-13 8.5406e-13 -2.7686e-12 -1.2391e-12 -6.2541e-14 2.994e-12 -1.4148e-12 5.2502e-13 -7.2769e-15 -1.0937e-12 6.3983e-13 -5.1875e-13 7.4208e-13 1.1987e-12 -3.1518e-13 -7.2575e-13 -5.876e-13 -8.7609e-13 1.8027e-13 -3.7326e-13 1.9907e-12 -9.2358e-13 4.3422e-14 -7.9347e-13 4.901e-14 -1.9278e-13 -3.5426e-13 9.8504e-14 -3.499e-15 6.1867e-14
-5.3589e-12 -3.4397e-12 -1.7029e-12 -2.1673e-13 -3.1218e-12 6.6312e-14 -7.5161e-13 1.9024e-11 5.6209e-12 7.3688e-12 3.8604e-12 -3.299e-12 -3.959e-12 1.896e-12 7.7507e-12 1.0217e-12 3.6198e-12 2.9015e-12 -1.5142e-13 -3.0706e-13 1.5362e-13 4.1516e-12 1.9812e-12 -1.681e-12 7.823e-12 2.7229e-12 6.9153e-14 -2.7793e-12 2.5875e-12 3.1256e-12 -6.5837e-13 5.8409e-13 -1.469e-12 -4.3251e-13 1.6517e-12 1.7291e-12 3.1849e-12 -1.8327e-12 1.7239e-12 -3.5323e-12 2.4104e-12 1.2569e-12 -1.1283e-12 2.0292e-12 2.5199e-12 -2.626e-12 4.4139e-12 -1.6517e-12 -1.0759e-12 1.427e-12 -1.1711e-12 -1.0011e-12 2.5345e-12 -1.5228e-12 -1.0849e-12 1.208e-12 -1.5082e-12 1.1286e-12 -4.2779e-13 -4.2027e-14 -2.0147e-12 -2.0862e-12 -9.2982e-13 -4.3116e-13 4.0462e-13 -1.2956e-12 -2.1984e-12 4.5601e-13 1.4986e-12 -1.7708e-12 -8.6096e-13 -1.0083e-13 1.5188e-12 -6.9195e-13 9.7666e-14 -1.4422e-12 2.3832e-13 1.9977e-12 -1.8401e-13 -1.6887e-13 -7.4423e-13 -3.4239e-13 5.1421e-13 8.3718e-13 1.6365e-13 4.7934e-13 5.5331e-14 -5.0306e-14 5.1388e-14 -1.3695e-15 2.4193e-14
1.3086e-12 -2.9293e-12 1.6553e-12 -2.4531e-12 7.9969e-12 -4.2353e-12 9.9937e-12 5.6209e-12 4.2876e-11 1.4745e-11 1.6633e-11 -6.0788e-12 9.2383e-12 2.4987e-12 1.2387e-11 9.441e-12 5.0009e-12 1.0907e-11 9.5877e-12 1.0581e-11 1.2769e-11 1.2206e-11 1.5255e-11 3.855e-12 2.0212e-11 1.2177e-11 8.7211e-13 2.1651e-12 9.9365e-12 4.2754e-12 4.6405e-12 6.1547e-12 7.4562e-12 3.6055e-12 1.0668e-11 3.0862e-12 -1.3482e-12 7.74e-12 3.6274e-12 8.4253e-12 6.8065e-12 9.2363e-13 2.2114e-12 -4.003e-12 5.4883e-12 -2.7772e-12 6.8238e-12 1.9042e-12 -2.4963e-12 4.9209e-12 4.6665e-12 6.9466e-13 -9.9936e-13 3.0971e-12 2.7771e-12 -7.2823e-13 3.7908e-13 2.2207e-12 4.3467e-12 -1.4967e-13 2.0101e-12 -1.8842e-12 1.4046e-12 -7.8263e-13 1.0036e-12 8.7408e-13 -2.2123e-12 8.9652e-13 3.156e-12 -4.2897e-13 -1.5942e-12 1.8782e-12 1.9223e-12 1.1723e-12 8.567e-13 1.7587e-12 -3.177e-12 1.9166e-12 -1.8421e-13 -2.1991e-13 -1.6412e-12 1.1024e-12 2.7312e-13 -1.62e-13 -3.8275e-14 -1.3281e-13 -2.4528e-13 -6.1586e-14 6.5611e-14 -6.4403e-15 2.3694e-14
-9.3905e-12 -3.8533e-14 6.6893e-13 -3.5e-12 1.9518e-12 -1.7461e-12 6.437e-12 7.3688e-12 1.4745e-11 2.3203e-11 1.2915e-11 -5.1147e-12 3.4554e-12 -2.0915e-12 8.0197e-12 3.331e-12 8.9567e-12 7.192e-12 2.8443e-12 2.2655e-12 7.463e-12 9.5318e-12 4.6826e-12 3.392e-12 5.1487e-12 2.0854e-12 6.4361e-12 -1.3753e-12 7.8201e-12 2.5589e-12 4.8475e-12 -2.8008e-12 5.1636e-13 3.8116e-12 1.5022e-12 3.4241e-12 -1.3424e-12 4.2573e-12 8.3467e-13 2.627e-12 4.8139e-12 -1.1135e-12 1.1982e-12 8.8302e-13 2.6258e-12 -3.8208e-12 1.749e-12 3.8753e-13 1.6085e-12 1.957e-12 1.5715e-12 -2.3014e-12 1.4275e-12 1.0269e-12 -7.9252e-13 -3.0698e-13 -2.7268e-12 4.3286e-13 1.4934e-12 4.8489e-13 -7.4697e-13 6.4157e-13 -2.0319e-13 -1.4366e-12 5.6775e-13 -1.5433e-12 -8.7196e-13 -7.3759e-13 5.3844e-13 -1.8407e-12 -2.2518e-13 -5.6849e-13 -3.1464e-13 -5.2961e-13 -1.7735e-13 1.3995e-12 2.3538e-13 3.182e-13 -9.6044e-13 -2.3358e-13 -7.8181e-13 4.5824e-13 7.1767e-13 -7.3125e-13 -7.7635e-13 2.5566e-13 -8.6301e-14 5.4639e-14 8.8005e-14 2.1258e-15 1.8122e-14
-2.9113e-12 -5.913e-12 2.5765e-12 -2.7415e-12 4.1213e-12 5.237e-12 1.1659e-11 3.8604e-12 1.6633e-11 1.2915e-11 3.4166e-11 -2.1553e-12 1.1829e-11 9.0076e-12 4.9092e-12 4.2413e-12 1.1171e-11 9.0283e-12 2.5867e-12 7.338e-12 7.1776e-12 1.157e-11 8.1536e-12 6.4201e-12 3.3923e-12 3.2286e-12 7.3641e-12 2.0809e-12 1.2284e-11 1.0523e-11 4.7896e-12 4.6742e-12 2.082e-12 8.4777e-12 2.0342e-12 3.2472e-12 1.0324e-12 8.0658e-12 2.1341e-12 -1.9464e-12 5.0408e-12 -6.4556e-13 3.0193e-12 -2.6958e-12 3.5598e-12 -7.1287e-13 -9.4765e-13 1.5343e-12 -1.9988e-12 1.4192e-12 -8.2142e-13 -4.344e-12 1.7338e-12 1.3729e-12 1.043e-12 -3.6788e-12 -1.8859e-14 -7.2667e-13 1.9037e-12 -2.3132e-13 -8.9688e-13 -2.676e-12 -1.087e-12 -2.2104e-12 1.425e-12 -9.3728e-13 2.6326e-12 -1.1931e-12 7.1775e-13 -1.9905e-12 -6.1275e-13 -1.4184e-12 3.6688e-13 -1.6993e-14 -1.0317e-12 1.9845e-13 -1.5639e-12 -2.3946e-13 4.2794e-13 -7.6795e-13 -1.0665e-12 9.3734e-13 -3.8574e-13 -9.943e-13 -5.5414e-13 6.0411e-14 3.4788e-13 -1.3696e-13 9.911e-14 2.1662e-14 1.6931e-15
-5.1373e-13 -1.0803e-12 -3.8436e-12 6.3451e-12 -8.9403e-12 -2.9055e-12 3.391e-12 -3.299e-12 -6.0788e-12 -5.1147e-12 -2.1553e-12 3.4779e-11 1.2299e-11 5.2539e-12 8.8804e-12 2.8907e-12 -2.6974e-13 1.7024e-11 2.0629e-12 1.0265e-11 3.746e-12 8.8532e-12 2.036e-13 7.2849e-12 2.6411e-12 5.6232e-12 6.7635e-12 4.5397e-12 -1.4624e-13 8.5793e-12 1.0483e-12 4.4509e-12 3.383e-12 -2.0141e-12 -2.5208e-12 1.1921e-12 4.2611e-12 3.4136e-12 3.9397e-12 2.7379e-12 1.4738e-12 7.8442e-13 6.2574e-13 5.6538e-13 -1.0541e-12 2.338e-12 -1.6566e-13 -5.5768e-13 1.6998e-12 3.4234e-12 2.1546e-12 1.0046e-12 1.7837e-12 -3.3032e-12 1.7486e-12 1.7366e-12 -1.8687e-12 -2.0688e-12 6.9115e-13 -9.9692e-13 2.6417e-13 -2.2123e-13 -2.5354e-12 3.9382e-13 -2.2467e-12 -4.6559e-13 9.2645e-13 -7.3756e-13 -3.0945e-13 1.3254e-13 2.5385e-12 -3.5748e-13 -4.736e-13 1.4391e-12 3.5175e-12 -4.1069e-12 2.5238e-13 2.4044e-13 8.4743e-13 -1.8139e-13 6.5191e-13 4.453e-13 -5.4683e-13 8.2222e-13 -2.2129e-13 -3.6025e-13 -2.5482e-14 -2.9825e-13 2.6547e-14 -2.2358e-14 3.824e-14
2.2348e-12 9.2377e-13 -5.4608e-12 1.8303e-12 4.7627e-12 3.0325e-12 1.1705e-11 -3.959e-12 9.2383e-12 3.4554e-12 1.1829e-11 1.2299e-11 3.2445e-11 8.716e-12 1.322e-11 7.2819e-12 9.3831e-12 1.155e-11 3.9962e-12 7.9872e-12 9.332e-12 6.5803e-12 1.2305e-11 7.5033e-12 4.626e-12 9.245e-12 6.3103e-12 8.2094e-12 6.7468e-12 5.7811e-12 4.1344e-12 3.7346e-12 5.0494e-12 2.267e-12 -3.4575e-13 5.0812e-12 -5.8684e-13 8.2239e-12 4.281e-12 5.3678e-12 5.9782e-12 4.3771e-12 -2.3149e-12 -3.9816e-12 -1.4933e-13 4.5689e-12 1.0115e-12 1.8037e-12 2.5803e-12 2.5397e-12 3.1901e-12 -3.2977e-12 1.5699e-13 5.7229e-12 -1.1882e-12 -5.4874e-13 -9.0079e-13 -8.9929e-13 -7.1927e-14 1.708e-12 9.2768e-13 -4.2609e-13 -9.5679e-13 -1.7301e-12 2.3875e-13 8.1016e-13 1.75e-12 -1.8677e-12 -1.0294e-13 -9.7656e-13 5.8083e-13 7.5246e-13 3.6264e-13 -7.5148e-13 1.7712e-12 -2.0756e-13 -6.5626e-13 -8.3148e-14 -8.9558e-13 -8.0453e-13 7.1872e-13 1.5008e-12 -7.2003e-13 -4.1509e-13 -5.8467e-13 -7.4915e-13 -6.844e-14 -5.7949e-15 7.0118e-14 -2.9839e-14 -3.6345e-15
1.9722e-12 -1.3008e-12 -2.6172e-12 -4.1537e-13 -4.7324e-12 5.7e-12 9.9646e-12 1.896e-12 2.4987e-12 -2.0915e-12 9.0076e-12 5.2539e-12 8.716e-12 2.807e-11 6.7565e-12 -1.4049e-12 6.3878e-12 9.2165e-12 3.1062e-12 9.849e-12 5.1194e-12 8.3913e-12 1.2097e-11 9.6186e-13 6.3563e-12 3.3565e-12 7.1012e-12 8.9503e-12 7.689e-12 7.4888e-12 1.4902e-12 6.1294e-12 5.4779e-12 -1.9079e-12 5.7038e-12 -4.8344e-13 5.4307e-12 2.7852e-12 1.0238e-12 -6.6157e-13 3.0523e-12 1.2812e-12 3.336e-12 -2.5518e-12 -9.9474e-14 -4.2629e-13 1.529e-12 2.828e-12 -2.1997e-12 1.8881e-12 -1.8535e-12 1.6915e-12 -8.4843e-13 7.3128e-14 6.4954e-13 -1.833e-12 -1.9652e-12 -1.2533e-12 -2.8486e-13 8.3452e-13 8.1877e-13 -3.7273e-12 -2.5778e-12 -2.3892e-12 4.5192e-13 2.8385e-13 3.2838e-12 -3.3557e-13 -8.4181e-13 -1.9648e-12 -1.5103e-12 3.9586e-13 4.3266e-13 1.9877e-13 -2.1376e-13 -6.7968e-15 -6.586e-13 1.2942e-12 1.159e-12 -1.131e-12 -7.5259e-13 4.8647e-13 3.8178e-14 -2.1612e-13 -2.2528e-13 -1.9788e-13 3.0009e-14 -1.3281e-13 1.4681e-15 4.7746e-15 4.3818e-15
-4.83e-12 -5.9479e-12 -1.1024e-11 6.4718e-13 -6.2749e-12 -6.0215e-12 3.2636e-13 7.7507e-12 1.2387e-11 8.0197e-12 4.9092e-12 8.8804e-12 1.322e-11 6.7565e-12 3.8104e-11 1.2425e-11 1.1655e-11 1.5147e-11 8.6579e-12 1.6044e-11 1.18e-11 1.1108e-11 1.8291e-11 9.4256e-12 2.0954e-11 1.0472e-11 6.3041e-12 -1.5568e-12 5.0472e-12 1.2376e-11 8.308e-12 3.9763e-12 6.4391e-12 3.2177e-12 6.2423e-12 5.9692e-12 2.1953e-12 1.3235e-12 5.8056e-12 3.9863e-12 5.2104e-12 7.759e-12 -2.887e-12 3.3522e-12 1.5353e-13 -7.1991e-13 1.725e-12 5.6461e-13 5.3805e-12 4.0899e-12 1.8068e-12 1.8511e-12 5.2604e-13 9.8117e-15 -1.7908e-12 -3.0121e-12 -3.3636e-12 4.2048e-13 -1.4079e-12 1.4453e-12 2.0386e-12 -2.0213e-12 -2.0939e-12 -3.4349e-12 -2.4811e-12 -1.6427e-12 -4.7054e-13 -7.6598e-13 3.8816e-13 -1.789e-12 1.3486e-12 5.353e-13 6.5443e-13 -7.2812e-13 1.7446e-12 -1.8109e-12 -2.7922e-12 2.0003e-12 -6.4263e-13 -1.4364e-12 -1.652e-12 3.8109e-13 1.7271e-13 -6.2569e-14 -3.6442e-13 -1.4877e-13 -1.424e-13 1.6936e-13 7.1463e-14 -3.756e-14 4.2545e-14
-5.2635e-12 -5.8813e-12 -4.2104e-14 -1.7778e-12 7.5275e-13 -2.1858e-12 6.6399e-13 1.0217e-12 9.441e-12 3.331e-12 4.2413e-12 2.8907e-12 7.2819e-12 -1.4049e-12 1.2425e-11 2.4166e-11 4.2478e-12 7.7978e-12 5.6174e-12 1.0529e-11 1.7211e-12 6.7162e-12 8.429e-12 7.7343e-12 7.8032e-12 3.6957e-12 2.7485e-12 2.5283e-12 -9.5654e-13 5.7611e-12 1.1729e-12 -7.3766e-13 2.026e-13 6.2835e-12 5.6007e-12 3.8361e-12 3.5704e-13 1.5279e-12 4.4342e-12 4.6809e-12 2.2075e-13 6.8764e-13 -1.0993e-12 3.907e-12 -2.1916e-12 9.7957e-13 2.1102e-14 6.7862e-13 8.2737e-13 4.2592e-12 1.3402e-12 8.9707e-14 -1.5133e-12 -1.3536e-12 7.8487e-13 8.5363e-13 -1.2401e-12 1.2948e-12 7.0469e-13 -4.5321e-13 8.4424e-14 -1.3051e-13 9.6015e-13 -2.072e-12 -2.7493e-12 9.6665e-13 -1.6395e-13 9.7994e-13 -5.8822e-14 -8.0057e-13 -2.2914e-13 8.3654e-13 1.5413e-12 -1.1906e-12 1.875e-13 -6.2614e-14 -1.7902e-12 -1.4234e-12 -1.6701e-13 -4.4816e-13 -9.8537e-13 2.2619e-13 3.4328e-14 -6.8242e-13 -6.8208e-14 -4.6059e-13 4.9954e-15 -1.2484e-13 -1.1912e-13 -5.2396e-15 5.2142e-15
-4.5024e-12 -6.1997e-13 -6.8501e-12 -3.3003e-12 -4.9114e-13 3.581e-12 1.7536e-12 3.6198e-12 5.0009e-12 8.9567e-12 1.1171e-11 -2.6974e-13 9.3831e-12 6.3878e-12 1.1655e-11 4.2478e-12 1.7272e-11 8.7006e-12 4.2891e-12 6.6073e-12 6.7817e-12 1.1451e-11 6.9387e-12 5.4538e-12 3.3226e-12 4.9171e-12 5.2504e-12 3.8622e-12 2.2801e-12 6.1036e-12 8.3391e-12 1.6875e-12 5.6155e-12 5.937e-12 2.8036e-12 4.0462e-12 1.6112e-12 3.1611e-12 -1.4875e-13 -2.4032e-12 2.5847e-12 1.0699e-12 4.4621e-13 1.2021e-13 2.1746e-12 -1.3651e-12 5.1623e-13 3.1761e-14 1.0117e-12 -1.0474e-12 6.5276e-13 -1.745e-13 -6.9633e-13 1.7208e-12 -2.5177e-12 -1.9224e-12 -1.7823e-12 1.8869e-12 -7.4127e-13 2.1637e-12 5.7193e-14 -7.2498e-13 -1.6888e-12 -1.2601e-12 5.1688e-13 -6.6554e-13 2.1347e-12 -1.0933e-12 -3.3033e-13 -1.3999e-12 5.8368e-14 -1.7585e-12 2.6795e-13 -1.1972e-12 -3.2072e-14 -6.3529e-13 -5.1523e-13 5.3573e-13 -5.8646e-13 -1.3688e-12 -3.478e-13 1.4538e-13 -4.6455e-14 -1.2502e-13 -5.8825e-13 -1.5967e-13 8.7762e-14 -4.1995e-14 5.5446e-14 8.8034e-16 -1.2741e-14
-8.563e-13 -1.9844e-12 -7.7159e-12 -5.8416e-13 -1.2289e-12 -4.9292e-12 9.8654e-12 2.9015e-12 1.0907e-11 7.192e-12 9.0283e-12 1.7024e-11 1.155e-11 9.2165e-12 1.5147e-11 7.7978e-12 8.7006e-12 4.0324e-11 8.0614e-12 2.1391e-11 8.4424e-12 2.2956e-11 9.1713e-12 1.1569e-11 8.7563e-12 9.7816e-12 8.6814e-12 5.4858e-12 1.2151e-11 1.2238e-11 4.5249e-12 4.012e-12 -4.7774e-13 2.0906e-12 3.4679e-12 3.9563e-12 7.3612e-13 2.2949e-12 1.9863e-12 6.1972e-12 5.2388e-12 -2.2322e-12 8.8809e-13 2.9086e-12 7.4922e-14 -4.9607e-14 -1.3168e-13 -9.0413e-13 1.6185e-12 5.128e-12 -5.3539e-13 -1.4605e-12 3.0992e-12 -7.0616e-13 1.6306e-12 2.647e-12 -8.6073e-13 2.381e-13 -1.4558e-12 -1.5122e-12 -3.3793e-13 -1.7821e-12 -2.7574e-12 -1.6377e-12 -4.1841e-12 -2.4159e-13 1.7099e-12 -7.9253e-13 -7.365e-13 -1.1261e-12 1.3721e-12 -7.959e-13 1.1824e-12 -3.71e-13 1.4338e-12 -4.1421e-12 -1.3706e-12 4.0074e-13 7.149e-13 -7.2256e-13 -2.698e-13 1.5808e-12 -1.3917e-12 9.8409e-14 -6.332e-13 -5.9312e-13 1.1481e-13 -3.6983e-13 -3.4885e-16 -1.5955e-14 5.3573e-14
-1.6725e-12 -5.6782e-12 -3.6726e-12 1.4956e-12 2.6459e-12 5.0399e-13 2.9848e-12 -1.5142e-13 9.5877e-12 2.8443e-12 2.5867e-12 2.0629e-12 3.9962e-12 3.1062e-12 8.6579e-12 5.6174e-12 4.2891e-12 8.0614e-12 1.9052e-11 3.5936e-12 1.6986e-12 7.3687e-12 6.5318e-12 5.8197e-12 9.2783e-12 3.4524e-12 5.7748e-12 3.0605e-12 -5.7198e-13 4.7442e-12 3.1432e-12 3.3268e-12 1.8527e-12 3.1542e-12 6.8427e-13 2.1296e-13 2.4478e-12 2.7529e-12 3.3883e-12 1.5257e-12 -1.1362e-12 -9.5372e-13 2.5301e-12 2.1896e-13 -3.0884e-12 1.4512e-12 6.7775e-13 2.6839e-12 1.8826e-14 4.6548e-12 2.5526e-12 9.2342e-13 -7.8924e-13 -1.6215e-12 -2.4302e-12 -1.1687e-12 9.2377e-13 2.3238e-13 -1.6062e-12 -9.7065e-15 1.1599e-12 7.6053e-13 1.0327e-12 -1.1273e-12 -1.4488e-12 -1.2405e-12 5.6677e-13 2.1835e-12 2.3294e-12 2.8511e-13 1.8571e-12 -3.3642e-13 2.1672e-12 -1.7313e-12 8.1083e-13 5.9087e-14 -2.6989e-12 4.8665e-13 4.6201e-13 -8.6636e-13 -1.406e-12 4.945e-13 3.8354e-13 6.9955e-13 1.926e-13 -8.7201e-14 8.2819e-14 1.8855e-13 -1.5931e-13 -1.5519e-14 -1.3034e-14
1.1021e-12 -8.5652e-12 -6.7199e-12 -3.5374e-12 -7.7307e-12 -1.0849e-12 6.7076e-12 -3.0706e-13 1.0581e-11 2.2655e-12 7.338e-12 1.0265e-11 7.9872e-12 9.849e-12 1.6044e-11 1.0529e-11 6.6073e-12 2.1391e-11 3.5936e-12 3.3715e-11 1.06e-11 1.5944e-11 1.5232e-11 1.222e-11 1.5877e-11 9.761e-12 3.0354e-12 -8.0165e-13 6.2596e-12 9.1896e-12 6.2877e-12 4.3339e-12 2.2779e-12 4.4393e-12 5.2631e-12 1.7662e-12 2.4148e-12 5.2503e-12 7.7101e-13 3.6943e-13 1.9971e-12 4.2559e-13 2.68e-12 2.3116e-12 2.957e-12 2.421e-12 1.1315e-12 1.3494e-12 4.5279e-12 5.5349e-12 -2.3587e-12 2.3034e-12 -1.0399e-12 2.387e-13 -5.1934e-13 -2.7431e-13 -6.2684e-13 6.0238e-14 -1.6884e-12 -1.0274e-12 1.2362e-13 -3.2281e-12 -2.6422e-12 -1.3538e-12 -1.1459e-12 -1.5916e-12 6.1577e-13 -8.7459e-13 -1.4513e-12 -1.3487e-14 2.4218e-13 -4.9207e-13 -2.0736e-13 7.873e-13 -5.4617e-13 -2.2057e-12 -2.6654e-12 8.0534e-13 -1.6686e-13 -9.2166e-13 -9.5946e-13 8.5181e-13 -8.1075e-13 -4.3112e-13 5.6035e-16 -2.8279e-13 -1.3841e-13 -3.7834e-13 8.1882e-14 -8.7206e-15 4.5183e-14
-1.4899e-12 -1.6672e-12 -6.8455e-12 -4.1587e-12 -3.3472e-12 -2.9997e-12 3.8299e-12 1.5362e-13 1.2769e-11 7.463e-12 7.1776e-12 3.746e-12 9.332e-12 5.1194e-12 1.18e-11 1.7211e-12 6.7817e-12 8.4424e-12 1.6986e-12 1.06e-11 2.0256e-11 8.554e-12 1.0585e-11 -6.0489e-13 1.3153e-11 6.5101e-12 2.7902e-12 -7.9147e-13 5.1642e-12 3.2472e-12 8.9548e-12 -2.7358e-13 7.3094e-12 -3.7267e-13 3.9456e-12 1.5456e-12 8.4965e-13 4.8476e-12 -8.3859e-14 5.4613e-12 3.5303e-12 4.0778e-12 1.1741e-13 -1.4446e-12 3.7287e-12 -1.2965e-12 8.1553e-13 -3.7697e-13 8.7102e-13 4.0148e-13 -4.4701e-14 7.8819e-13 2.0518e-13 2.9827e-12 -9.7805e-13 8.211e-13 -3.5494e-12 3.1333e-13 -3.4623e-13 6.007e-13 -5.5964e-13 -9.8742e-13 -3.5932e-12 -2.3927e-12 -2.9943e-14 -3.1005e-13 -2.7026e-13 -2.388e-12 5.1319e-13 8.3568e-13 -6.2068e-13 4.0773e-13 -1.2334e-12 1.217e-12 -3.1682e-13 2.8318e-13 -1.1703e-12 1.5448e-12 -1.3237e-12 -4.8038e-13 -1.5573e-13 1.5248e-13 -2.8195e-13 -2.6486e-13 -2.5811e-13 -3.1945e-13 -3.1969e-13 -2.2624e-14 1.0705e-13 -1.3361e-14 2.9556e-14
-6.8119e-12 -3.6588e-12 -5.6591e-12 -3.3736e-13 -3.0704e-12 3.5977e-12 1.0895e-11 4.1516e-12 1.2206e-11 9.5318e-12 1.157e-11 8.8532e-12 6.5803e-12 8.3913e-12 1.1108e-11 6.7162e-12 1.1451e-11 2.2956e-11 7.3687e-12 1.5944e-11 8.554e-12 3.1445e-11 7.897e-12 1.1351e-11 9.3852e-12 8.3675e-12 5.3058e-12 5.419e-12 4.3296e-12 5.845e-12 7.3604e-12 5.1332e-12 6.6463e-12 6.3925e-12 4.3441e-12 -6.0669e-13 3.569e-12 4.6861e-12 -1.5742e-12 4.7546e-13 5.0772e-12 -3.519e-12 3.2125e-12 1.694e-12 6.6797e-13 -1.1476e-12 3.327e-12 1.8883e-13 -3.5083e-14 2.7284e-12 8.8317e-14 -3.2452e-12 1.5707e-12 -7.9858e-13 5.1726e-13 6.5653e-14 1.5823e-12 3.0581e-12 2.4506e-13 -5.7409e-13 6.2378e-13 -1.8224e-12 -1.8736e-12 4.4405e-13 4.6105e-13 -5.332e-13 3.4462e-12 -2.1606e-13 -6.9662e-13 -8.5758e-13 4.4349e-13 -1.2922e-12 5.9867e-13 -7.6401e-13 1.9542e-12 -2.5526e-12 -1.9501e-12 1.7154e-12 1.6623e-13 1.4142e-13 -8.5594e-13 1.0627e-12 -3.4121e-14 7.1667e-13 -7.4391e-13 6.3506e-14 -2.1692e-13 -2.5608e-13 3.9151e-14 6.7971e-15 4.3608e-14
3.3678e-12 -1.2008e-11 -1.6825e-12 -2.0862e-12 1.1575e-12 7.024e-12 5.7542e-12 1.9812e-12 1.5255e-11 4.6826e-12 8.1536e-12 2.036e-13 1.2305e-11 1.2097e-11 1.8291e-11 8.429e-12 6.9387e-12 9.1713e-12 6.5318e-12 1.5232e-11 1.0585e-11 7.897e-12 3.3749e-11 6.7145e-12 1.7524e-11 1.1817e-11 5.563e-12 2.0775e-12 9.0977e-12 6.9933e-12 3.9594e-12 1.7168e-12 7.3929e-12 2.8413e-13 9.5025e-12 -1.5757e-12 2.634e-12 3.2299e-12 8.267e-12 4.9771e-12 6.5499e-12 1.6404e-12 9.648e-13 -2.0873e-12 2.2864e-12 -2.4545e-12 4.2196e-12 1.8691e-12 1.7251e-13 3.6659e-12 -9.9002e-13 3.5299e-12 -5.5974e-13 2.4475e-12 -6.3818e-13 -4.4078e-12 -3.2823e-13 -8.5571e-13 -2.1476e-12 7.0431e-13 3.2204e-12 -2.5382e-12 -2.347e-12 -1.9827e-12 4.2437e-13 -1.1976e-12 8.6809e-13 5.0662e-13 6.8971e-13 -2.357e-12 -6.7533e-13 -6.4415e-13 9.5046e-13 -1.0687e-13 -1.7753e-12 4.7389e-13 -3.511e-12 5.919e-13 -9.6043e-13 -1.2441e-12 -1.3697e-12 1.1469e-12 5.1016e-13 -9.312e-13 -1.0972e-13 9.8534e-14 -2.6629e-13 3.3585e-13 1.0469e-13 -5.6482e-15 2.7073e-14
-2.0203e-12 -3.6926e-12 -3.4954e-12 5.4878e-12 -8.7248e-13 9.3773e-13 8.8217e-12 -1.681e-12 3.855e-12 3.392e-12 6.4201e-12 7.2849e-12 7.5033e-12 9.6186e-13 9.4256e-12 7.7343e-12 5.4538e-12 1.1569e-11 5.8197e-12 1.222e-11 -6.0489e-13 1.1351e-11 6.7145e-12 2.3794e-11 4.5068e-12 7.8869e-12 4.4609e-12 4.5887e-12 3.2967e-13 7.373e-12 4.3654e-12 4.7151e-12 1.3523e-12 5.8404e-12 2.8377e-12 2.7712e-12 3.6897e-12 1.402e-12 2.3866e-12 -4.6021e-12 1.9975e-12 -6.9823e-12 -1.2794e-12 2.6606e-12 -2.3585e-12 1.6099e-12 2.2807e-12 1.7666e-12 2.3631e-12 6.1432e-12 5.2056e-13 -2.7255e-13 2.1406e-12 2.0704e-12 -6.4157e-13 -3.7048e-12 1.6598e-12 1.1293e-12 2.5431e-13 8.3703e-13 5.6399e-13 -4.6962e-13 2.2779e-13 -7.1387e-13 3.5946e-13 -1.4867e-12 1.7018e-12 8.9865e-13 1.9574e-12 -1.3034e-12 7.561e-13 -1.7707e-12 2.6272e-13 -1.4698e-12 9.4841e-13 -2.5713e-12 -8.9598e-13 -6.2061e-13 -3.1392e-14 -1.5557e-13 -9.014e-13 5.471e-13 2.4382e-13 -1.7906e-13 -2.897e-13 -1.1464e-13 2.5157e-13 -2.2198e-14 -1.9453e-15 -2.0212e-15 6.2375e-15
-4.964e-12 -1.098e-11 -4.8184e-12 2.8572e-12 -4.9039e-12 -4.3795e-12 2.9991e-12 7.823e-12 2.0212e-11 5.1487e-12 3.3923e-12 2.6411e-12 4.626e-12 6.3563e-12 2.0954e-11 7.8032e-12 3.3226e-12 8.7563e-12 9.2783e-12 1.5877e-11 1.3153e-11 9.3852e-12 1.7524e-11 4.5068e-12 3.5967e-11 1.1642e-11 4.3872e-12 1.6999e-13 2.8194e-12 4.2143e-12 5.919e-12 4.4739e-12 7.3639e-12 2.1863e-12 8.0223e-13 3.7659e-12 6.9711e-13 4.0371e-12 4.8287e-12 1.5717e-12 4.7826e-12 1.6057e-12 2.5538e-13 6.8827e-13 1.3237e-12 -2.9141e-13 6.5781e-12 -9.0022e-13 1.9613e-12 2.2132e-12 5.3975e-13 2.9846e-12 -2.0512e-12 5.7547e-13 -3.6499e-12 -5.5744e-13 -3.9065e-12 4.8357e-13 -1.5073e-12 9.9068e-13 2.44e-12 -2.1107e-12 -1.6958e-12 -2.6427e-12 1.6651e-13 -2.0731e-12 -3.569e-12 -8.1306e-13 3.5912e-12 -7.9777e-13 -7.3406e-13 1.7633e-12 3.8501e-13 -1.2541e-13 -5.2002e-13 2.5854e-13 -2.6867e-12 1.2864e-12 -1.0984e-12 -5.5696e-13 -2.3289e-12 5.0179e-13 8.588e-13 2.2041e-13 6.027e-13 8.2247e-13 -3.303e-13 3.6438e-13 7.7203e-15 -5.4677e-14 4.9381e-14
1.2466e-13 -3.7399e-12 -2.7383e-12 3.353e-12 2.4211e-12 -2.3148e-13 8.8294e-13 2.7229e-12 1.2177e-11 2.0854e-12 3.2286e-12 5.6232e-12 9.245e-12 3.3565e-12 1.0472e-11 3.6957e-12 4.9171e-12 9.7816e-12 3.4524e-12 9.761e-12 6.5101e-12 8.3675e-12 1.1817e-11 7.8869e-12 1.1642e-11 2.0145e-11 1.6599e-13 4.0234e-12 3.3437e-12 6.254e-12 1.4277e-12 4.2652e-12 6.495e-12 4.8279e-13 1.8064e-12 2.5741e-12 -1.5771e-13 2.6817e-12 2.374e-12 7.4424e-13 3.0423e-12 1.293e-12 -1.3897e-12 -9.3437e-13 1.855e-12 -6.9829e-13 5.2528e-12 -1.7954e-12 1.0169e-12 2.0031e-13 -3.0759e-14 6.9627e-13 -2.2714e-12 2.9992e-12 -1.1456e-12 -1.0984e-13 -1.1051e-13 2.0236e-12 -1.105e-12 -3.278e-15 7.4872e-13 -1.5933e-12 -1.4915e-12 -1.1025e-12 1.8285e-12 5.2198e-13 -8.4271e-13 1.6785e-13 3.4223e-12 -3.596e-13 1.2617e-13 -3.538e-13 1.5507e-12 -3.1536e-13 7.1133e-13 -8.2461e-14 -2.6009e-12 8.898e-13 3.5612e-13 -1.2876e-12 -5.4757e-13 2.3556e-13 8.6315e-13 2.3369e-13 4.7031e-13 -1.4128e-13 -4.98e-13 1.3829e-14 -1.3796e-14 -1.4929e-14 1.5767e-14
-4.4764e-12 4.6095e-13 7.6665e-13 1.9007e-12 -4.3366e-13 5.509e-13 7.3388e-12 6.9153e-14 8.7211e-13 6.4361e-12 7.3641e-12 6.7635e-12 6.3103e-12 7.1012e-12 6.3041e-12 2.7485e-12 5.2504e-12 8.6814e-12 5.7748e-12 3.0354e-12 2.7902e-12 5.3058e-12 5.563e-12 4.4609e-12 4.3872e-12 1.6599e-13 1.4556e-11 3.7542e-12 4.8737e-12 7.3833e-12 2.1617e-12 -2.3809e-12 9.6532e-13 3.9059e-12 -2.5269e-12 4.0709e-12 2.1203e-12 2.565e-12 2.3259e-12 1.8746e-12 1.9044e-12 -4.9494e-13 2.9892e-12 8.2814e-13 -1.6802e-12 -8.1315e-13 9.0293e-13 1.2961e-12 4.4147e-13 2.432e-12 -1.4233e-13 5.1938e-15 1.463e-12 -1.2396e-12 -1.1623e-12 -1.2978e-12 -2.2902e-12 -1.0648e-12 -1.6901e-12 -2.4474e-14 1.2703e-12 2.7845e-13 -6.5327e-13 -1.8941e-12 -2.0703e-12 -1.2611e-12 1.4219e-12 -7.034e-13 1.6576e-12 -8.4879e-13 1.1335e-12 -1.2006e-12 -4.4684e-13 5.2103e-13 6.8758e-14 -7.0502e-13 1.6803e-13 -2.8878e-13 -1.2436e-12 -4.5428e-13 -1.2886e-12 3.8105e-13 3.0603e-13 2.1951e-14 -4.6624e-13 1.6499e-13 9.9054e-14 -2.2372e-14 2.5303e-14 -1.7996e-14 2.96e-14
1.0661e-13 4.522e-13 -3.5729e-12 3.739e-12 2.4445e-12 1.6191e-12 5.5102e-12 -2.7793e-12 2.1651e-12 -1.3753e-12 2.0809e-12 4.5397e-12 8.2094e-12 8.9503e-12 -1.5568e-12 2.5283e-12 3.8622e-12 5.4858e-12 3.0605e-12 -8.0165e-13 -7.9147e-13 5.419e-12 2.0775e-12 4.5887e-12 1.6999e-13 4.0234e-12 3.7542e-12 1.7614e-11 1.5712e-12 6.8793e-13 2.0042e-12 4.5051e-12 4.252e-12 -5.4569e-13 2.9619e-12 9.7435e-13 7.9235e-13 5.2971e-13 2.3172e-12 4.1915e-13 1.4468e-12 -3.2192e-12 -3.0753e-14 -1.4424e-12 -9.9792e-13 1.3018e-12 1.9428e-12 1.9156e-12 -1.6152e-12 6.1883e-14 5.0891e-13 -1.7578e-12 1.5704e-13 1.8633e-12 1.3214e-12 -3.8834e-13 2.5631e-13 1.3214e-13 1.2883e-12 2.9112e-13 1.7081e-12 -5.866e-14 -2.902e-13 -1.4831e-12 2.0453e-14 1.9814e-12 1.5705e-12 -5.3974e-13 1.3136e-12 -6.0617e-13 -1.7981e-12 7.6811e-13 -7.1446e-13 -1.206e-12 6.4235e-13 -3.5867e-13 -1.5061e-13 -6.3271e-13 1.2854e-12 -3.8826e-13 8.8342e-13 5.285e-13 5.3809e-13 -1.9714e-13 -2.1343e-13 -2.0044e-13 9.7605e-14 -8.8945e-14 -1.096e-13 1.7658e-15 -8.3534e-15
-8.2552e-13 1.7605e-12 -1.5649e-12 -1.3522e-12 6.5999e-13 -3.3365e-13 1.0597e-11 2.5875e-12 9.9365e-12 7.8201e-12 1.2284e-11 -1.4624e-13 6.7468e-12 7.689e-12 5.0472e-12 -9.5654e-13 2.2801e-12 1.2151e-11 -5.7198e-13 6.2596e-12 5.1642e-12 4.3296e-12 9.0977e-12 3.2967e-13 2.8194e-12 3.3437e-12 4.8737e-12 1.5712e-12 2.2428e-11 6.613e-12 2.3982e-12 1.5161e-12 -5.7661e-12 1.1359e-12 2.502e-12 1.6286e-12 -4.3303e-13 7.0847e-13 1.0795e-12 6.02e-12 7.4866e-12 1.6009e-12 1.243e-12 -2.9956e-12 6.9002e-13 9.7163e-13 -1.5746e-12 6.7806e-13 -2.7613e-12 2.765e-12 -2.3976e-12 -1.8925e-12 9.4735e-13 -5.7832e-13 1.5791e-12 8.6512e-13 -1.6511e-12 -1.3069e-12 2.5127e-14 -1.4859e-12 -8.4374e-13 -1.4338e-12 -1.0596e-12 -1.4955e-12 -1.9924e-12 -2.8372e-13 3.4847e-13 -4.8188e-13 -3.3325e-13 -2.3189e-12 -3.2208e-14 1.2812e-14 -9.9216e-13 7.5533e-13 -1.9525e-13 2.4318e-13 -1.9788e-13 5.6598e-13 -4.4394e-13 -5.8735e-13 3.1291e-13 1.3049e-12 -3.5132e-13 -9.3079e-13 -4.4618e-14 7.9139e-14 9.7896e-14 -1.0025e-13 1.0571e-13 -5.72e-16 2.0466e-14
-5.272e-12 -1.422e-12 -2.0241e-12 -2.2991e-13 -1.0594e-12 -2.3356e-12 5.7016e-12 3.1256e-12 4.2754e-12 2.5589e-12 1.0523e-11 8.5793e-12 5.7811e-12 7.4888e-12 1.2376e-11 5.7611e-12 6.1036e-12 1.2238e-11 4.7442e-12 9.1896e-12 3.2472e-12 5.845e-12 6.9933e-12 7.373e-12 4.2143e-12 6.254e-12 7.3833e-12 6.8793e-13 6.613e-12 1.9562e-11 2.2021e-12 4.8019e-12 -3.4059e-13 3.2135e-12 4.1274e-12 4.0947e-12 3.1964e-12 3.3219e-12 3.8575e-12 -3.443e-13 1.9016e-12 3.1994e-12 2.5136e-12 2.0791e-12 -2.3262e-13 -1.1712e-12 -1.9581e-12 1.0919e-12 -1.082e-12 2.8398e-12 -2.2215e-13 1.4576e-12 3.5525e-13 -4.4794e-13 -4.2082e-15 -3.6126e-12 -1.2059e-12 -3.6429e-14 -3.7536e-13 -2.0503e-12 -6.5407e-13 -1.9297e-12 -1.7104e-12 -2.5352e-12 -1.3431e-12 -6.0408e-13 1.3925e-12 2.2362e-13 1.742e-12 -1.3988e-12 8.7513e-13 -3.5004e-13 7.3986e-13 1.0344e-12 3.1667e-13 -1.5154e-12 -2.5181e-12 6.2551e-13 9.6037e-14 -1.4737e-12 -1.6905e-12 2.7069e-13 -5.8221e-13 -3.0165e-13 -2.8519e-13 -3.8875e-13 1.5129e-13 -2.0561e-13 2.6954e-14 1.1189e-14 2.0667e-14
-4.1399e-12 -2.6206e-12 -1.0285e-11 -2.9344e-12 -4.1556e-12 -1.4184e-12 2.9646e-12 -6.5837e-13 4.6405e-12 4.8475e-12 4.7896e-12 1.0483e-12 4.1344e-12 1.4902e-12 8.308e-12 1.1729e-12 8.3391e-12 4.5249e-12 3.1432e-12 6.2877e-12 8.9548e-12 7.3604e-12 3.9594e-12 4.3654e-12 5.919e-12 1.4277e-12 2.1617e-12 2.0042e-12 2.3982e-12 2.2021e-12 1.3363e-11 2.7334e-12 2.9927e-12 3.3092e-12 2.6049e-12 9.3537e-13 1.9079e-12 2.2894e-12 1.2856e-12 -1.5925e-12 1.9841e-12 -5.0616e-13 1.7572e-13 3.4517e-13 1.1136e-12 -9.0158e-13 -2.4633e-12 2.7818e-13 1.9197e-13 1.6168e-12 4.892e-13 -7.6398e-13 -2.3492e-13 5.9402e-13 -1.9944e-12 -1.3836e-12 -1.9295e-12 1.9619e-13 -9.4485e-14 3.2052e-13 1.6198e-13 4.7114e-13 -2.4781e-12 -1.3012e-12 -7.9209e-13 -4.1932e-13 2.5919e-14 -1.0146e-12 -4.3669e-13 -7.9716e-13 -1.7484e-13 -8.8248e-13 -1.0748e-12 -2.0638e-13 -4.1882e-13 -1.2521e-12 -6.9081e-13 4.9098e-14 -8.2209e-13 -6.0299e-13 -5.3053e-14 1.3719e-13 -2.2771e-13 -1.5946e-13 -1.7792e-13 2.3586e-13 -1.0251e-13 -5.3679e-14 8.6786e-14 6.3166e-15 -1.5334e-14
-1.4011e-13 -4.4135e-12 -4.8859e-12 4.0263e-12 -2.3611e-12 3.7374e-12 4.6118e-12 5.8409e-13 6.1547e-12 -2.8008e-12 4.6742e-12 4.4509e-12 3.7346e-12 6.1294e-12 3.9763e-12 -7.3766e-13 1.6875e-12 4.012e-12 3.3268e-12 4.3339e-12 -2.7358e-13 5.1332e-12 1.7168e-12 4.7151e-12 4.4739e-12 4.2652e-12 -2.3809e-12 4.5051e-12 1.5161e-12 4.8019e-12 2.7334e-12 1.5393e-11 1.9744e-12 9.8677e-14 3.5291e-12 -2.2744e-12 3.4609e-12 3.7625e-12 3.1518e-12 -3.7394e-12 2.588e-12 7.8902e-13 -1.4464e-12 -6.6922e-13 1.124e-12 -2.7021e-15 1.0352e-12 2.2985e-12 7.8184e-13 2.9023e-12 1.1927e-12 3.0303e-13 -3.6604e-13 8.1456e-14 6.1275e-13 -3.4687e-12 1.3721e-12 -6.2476e-13 2.9771e-12 -2.9481e-13 -1.2189e-12 -1.6992e-12 4.1316e-13 5.2802e-13 1.4438e-12 9.0803e-13 -7.4954e-13 -3.8177e-13 2.7558e-13 -1.9834e-13 -4.6004e-13 2.7105e-13 1.5502e-12 -7.5178e-13 1.551e-12 -2.7097e-13 -1.9354e-12 1.2525e-12 1.1682e-12 4.2759e-13 -1.7999e-13 7.8307e-14 -3.9431e-13 1.0159e-13 3.2826e-13 2.0132e-13 3.7383e-14 -2.198e-15 2.7004e-14 5.8909e-15 -2.4402e-14
4.3147e-13 -3.5496e-12 2.5282e-12 4.8266e-13 1.8568e-12 2.1649e-12 -5.2875e-12 -1.469e-12 7.4562e-12 5.1636e-13 2.082e-12 3.383e-12 5.0494e-12 5.4779e-12 6.4391e-12 2.026e-13 5.6155e-12 -4.7774e-13 1.8527e-12 2.2779e-12 7.3094e-12 6.6463e-12 7.3929e-12 1.3523e-12 7.3639e-12 6.495e-12 9.6532e-13 4.252e-12 -5.7661e-12 -3.4059e-13 2.9927e-12 1.9744e-12 1.9139e-11 -6.6562e-13 1.9014e-14 -1.5517e-12 1.7258e-12 4.1975e-12 -6.5133e-13 1.8311e-12 -1.2391e-12 1.6764e-12 2.6923e-12 -1.5228e-12 4.5628e-12 -5.6753e-13 3.661e-12 -8.7896e-13 -2.6687e-13 -4.5949e-12 1.6678e-12 5.3826e-13 -9.8039e-13 1.6474e-12 -8.77e-13 -1.414e-12 -1.021e-12 9.6214e-13 1.374e-12 2.3918e-12 2.4753e-12 -2.1906e-12 -1.5481e-12 1.6461e-13 2.3546e-12 7.2173e-13 9.7649e-13 -1.2203e-13 4.3727e-13 -1.2247e-13 -4.1475e-13 3.9458e-13 -6.5099e-14 2.2702e-13 4.4504e-13 5.2225e-13 -2.4036e-13 1.2598e-12 -2.5739e-13 -3.422e-13 -4.783e-13 -5.3543e-13 5.8657e-13 -4.201e-13 -4.7217e-14 5.6772e-14 -3.066e-13 2.29e-13 6.2221e-14 -4.427e-15 -2.9647e-15
-3.7577e-12 -5.1519e-13 -4.5439e-13 4.0985e-12 -4.3762e-13 2.1428e-12 3.1163e-12 -4.3251e-13 3.6055e-12 3.8116e-12 8.4777e-12 -2.0141e-12 2.267e-12 -1.9079e-12 3.2177e-12 6.2835e-12 5.937e-12 2.0906e-12 3.1542e-12 4.4393e-12 -3.7267e-13 6.3925e-12 2.8413e-13 5.8404e-12 2.1863e-12 4.8279e-13 3.9059e-12 -5.4569e-13 1.1359e-12 3.2135e-12 3.3092e-12 9.8677e-14 -6.6562e-13 1.7269e-11 -1.9033e-12 2.7141e-12 1.7401e-12 -9.1606e-13 -3.6852e-12 -1.5828e-12 -8.0193e-13 -1.9241e-12 2.1904e-12 -3.0631e-13 5.4787e-13 6.2235e-13 -9.6581e-13 5.2735e-13 -5.3769e-13 6.5262e-13 1.5784e-12 -1.4825e-12 -1.775e-12 -4.5427e-13 -1.875e-12 -7.7774e-13 3.6556e-13 2.9738e-13 -1.3782e-12 -9.1827e-14 8.2888e-13 1.2526e-13 6.0326e-13 -1.7495e-12 -1.1914e-12 8.7506e-13 2.1262e-12 7.4597e-14 1.7772e-12 1.2353e-12 7.3089e-13 -1.0036e-12 -7.1755e-14 -9.2429e-13 -9.0521e-13 -4.1804e-13 -2.8315e-13 -4.8579e-13 -6.4456e-13 -6.1786e-13 -6.9149e-13 1.9298e-13 -8.1341e-14 4.0174e-13 -5.434e-14 2.5962e-13 3.9791e-13 -1.9825e-13 3.2144e-14 -6.6162e-15 2.57e-15
3.937e-12 4.499e-13 -4.1117e-12 -4.8301e-12 -7.7136e-13 -1.1449e-12 6.0344e-12 1.6517e-12 1.0668e-11 1.5022e-12 2.0342e-12 -2.5208e-12 -3.4575e-13 5.7038e-12 6.2423e-12 5.6007e-12 2.8036e-12 3.4679e-12 6.8427e-13 5.2631e-12 3.9456e-12 4.3441e-12 9.5025e-12 2.8377e-12 8.0223e-13 1.8064e-12 -2.5269e-12 2.9619e-12 2.502e-12 4.1274e-12 2.6049e-12 3.5291e-12 1.9014e-14 -1.9033e-12 1.6615e-11 -8.1891e-13 2.7718e-12 -2.3167e-12 3.4358e-12 2.8258e-12 3.3267e-12 4.0443e-13 -5.1554e-13 -1.9635e-13 1.4567e-12 -4.4493e-12 2.2515e-12 2.6785e-12 -2.2176e-12 3.8983e-12 1.0424e-12 4.1716e-12 7.2234e-13 7.8795e-13 3.2747e-12 -1.833e-12 9.9337e-13 1.4148e-12 2.2448e-12 -7.7744e-13 9.9771e-13 -1.3931e-12 -3.6599e-13 -1.229e-12 -9.3696e-13 1.5155e-12 1.1897e-12 9.0705e-13 -7.3883e-13 -5.8102e-13 -2.2448e-12 5.8583e-13 9.2914e-13 4.6767e-13 9.674e-14 -1.1323e-13 -1.6257e-12 4.433e-13 4.5971e-13 -6.4842e-14 -5.0279e-14 3.5506e-13 -9.7848e-14 -1.8462e-13 -4.3103e-13 -5.6978e-13 7.1211e-16 -1.9689e-13 2.5734e-14 2.9533e-14 1.4983e-14
-3.2782e-12 6.3468e-12 -1.3473e-12 -1.2213e-12 1.1736e-12 -3.7237e-12 1.5755e-12 1.7291e-12 3.0862e-12 3.4241e-12 3.2472e-12 1.1921e-12 5.0812e-12 -4.8344e-13 5.9692e-12 3.8361e-12 4.0462e-12 3.9563e-12 2.1296e-13 1.7662e-12 1.5456e-12 -6.0669e-13 -1.5757e-12 2.7712e-12 3.7659e-12 2.5741e-12 4.0709e-12 9.7435e-13 1.6286e-12 4.0947e-12 9.3537e-13 -2.2744e-12 -1.5517e-12 2.7141e-12 -8.1891e-13 9.5149e-12 -1.3124e-12 -2.2702e-13 -5.1138e-13 -1.9217e-13 5.8915e-15 1.0572e-12 -1.5329e-12 2.1645e-14 -4.2442e-13 -4.7115e-14 9.3365e-13 -2.0624e-12 7.8177e-13 -2.9933e-13 2.8854e-13 1.6145e-13 2.9955e-13 1.1347e-12 -1.2458e-12 1.3071e-12 -1.5998e-12 3.4048e-13 -9.8792e-13 5.4819e-13 -5.7125e-13 8.9347e-14 -3.7276e-13 -1.4526e-12 -7.7512e-13 3.3263e-13 1.6156e-14 -3.6454e-13 5.1004e-13 -3.7586e-13 -1.7154e-15 5.266e-13 -4.8403e-13 5.1775e-13 3.907e-13 -7.4917e-13 3.89e-13 -4.904e-13 -1.0902e-12 -7.1848e-13 -3.3354e-13 1.7164e-13 5.3826e-14 1.7224e-13 -2.1519e-13 -3.2504e-13 7.6803e-14 -8.9968e-14 -2.8803e-14 -2.0329e-14 1.3377e-14
-2.5352e-13 -2.5529e-13 -3.7325e-12 2.8465e-12 -4.2771e-12 3.3671e-12 2.9741e-12 3.1849e-12 -1.3482e-12 -1.3424e-12 1.0324e-12 4.2611e-12 -5.8684e-13 5.4307e-12 2.1953e-12 3.5704e-13 1.6112e-12 7.3612e-13 2.4478e-12 2.4148e-12 8.4965e-13 3.569e-12 2.634e-12 3.6897e-12 6.9711e-13 -1.5771e-13 2.1203e-12 7.9235e-13 -4.3303e-13 3.1964e-12 1.9079e-12 3.4609e-12 1.7258e-12 1.7401e-12 2.7718e-12 -1.3124e-12 9.1854e-12 -5.9469e-13 1.5236e-12 -2.9066e-12 -1.6881e-12 -5.9796e-13 9.2155e-13 -2.867e-13 3.1944e-14 -3.7603e-13 2.6215e-13 1.2225e-12 -8.5628e-13 3.5099e-12 -6.4254e-13 2.4172e-12 2.0416e-12 -2.4437e-12 9.9695e-14 -4.9003e-13 -3.1368e-13 2.5667e-13 -7.5915e-13 5.3907e-13 -1.2563e-12 -5.1479e-13 -1.3073e-12 -4.3888e-13 -1.2385e-13 -1.0278e-12 8.9479e-13 1.9648e-13 1.8395e-13 1.1954e-14 7.0069e-13 -6.4069e-13 2.137e-13 -5.5426e-13 7.4632e-13 -1.6442e-12 -3.211e-14 3.4078e-13 -3.185e-13 -3.5682e-13 -5.8778e-13 -3.1614e-13 -2.6098e-13 5.5201e-13 2.7864e-13 1.3667e-13 2.776e-13 -1.9693e-13 1.2354e-14 1.3297e-14 1.271e-14
-3.6018e-12 -3.6382e-12 9.1205e-13 -1.1004e-12 1.4347e-13 2.83e-12 3.2877e-12 -1.8327e-12 7.74e-12 4.2573e-12 8.0658e-12 3.4136e-12 8.2239e-12 2.7852e-12 1.3235e-12 1.5279e-12 3.1611e-12 2.2949e-12 2.7529e-12 5.2503e-12 4.8476e-12 4.6861e-12 3.2299e-12 1.402e-12 4.0371e-12 2.6817e-12 2.565e-12 5.2971e-13 7.0847e-13 3.3219e-12 2.2894e-12 3.7625e-12 4.1975e-12 -9.1606e-13 -2.3167e-12 -2.2702e-13 -5.9469e-13 1.0834e-11 1.3489e-12 3.5635e-13 5.622e-13 1.3619e-12 2.0574e-12 -1.3446e-12 1.302e-12 1.4977e-12 1.0739e-13 1.9925e-12 1.107e-12 6.1463e-13 8.5325e-13 -7.5136e-13 -1.3142e-12 1.2016e-12 4.1106e-13 -1.9615e-12 -2.9236e-13 -5.45e-13 2.1679e-12 -2.3186e-13 -1.054e-13 4.7709e-13 -1.2159e-13 1.1583e-12 2.0478e-12 -1.3392e-12 -4.583e-13 -1.3802e-12 1.4433e-13 -2.4528e-13 4.1914e-13 -6.6982e-14 5.3049e-13 7.5959e-13 8.1078e-13 9.2306e-13 -9.4024e-13 4.5448e-13 1.6427e-13 1.0037e-13 -5.9583e-13 2.7272e-13 -2.7762e-13 -4.8398e-13 -6.3273e-14 9.1252e-14 -1.3374e-13 6.3829e-14 4.0703e-14 5.4721e-16 -4.6912e-15
